Frameno_fix,lineno_fix,Tokenname_fix,tokens_id,gaze_X_fix,gaze_Y_fix,timestamp_fix_start,timestamp_fix_end,time_duration
100,0,blank,0,432.46082,64.20584,3971,4158,187
100,0,blank,0,526.78768,82.95914,4158,4336,178
100,0,blank,0,779.735725,92.3193,4370,4514,144
100,0,blank,0,760.1723,100.50255,4514,4669,155
100,0,blank,0,577.09826,128.06286,4711,4896,185
100,0,blank,0,495.73784,148.61712,4896,5075,179
100,0,blank,0,424.74788,148.00524,5075,5255,180
100,0,blank,0,464.10106,117.59728,5255,5431,176
100,0,blank,0,540.41282,115.55974,5431,5602,171
100,0,blank,0,441.00096,121.7597,5602,5778,176
100,6,"Enterthesizeofthelist:",37,403.99274,121.1183,5778,5960,182
100,6,"Enterthesizeofthelist:",37,379.618375,121.02245,5960,6108,148
100,0,blank,0,496.716733333333,133.6268,6146,6258,112
100,0,blank,0,0,0,6293,6434,141
100,0,blank,0,449.6936,141.7968,6464,6503,39
100,0,blank,0,447.0805,156.80464,6578,6755,177
100,0,blank,0,495.60808,212.9387,6755,6943,188
100,0,blank,0,455.65916,227.00072,6943,7134,191
100,0,blank,0,439.65628,232.71898,7134,7317,183
100,0,blank,0,400.33574,202.97162,7317,7501,184
100,0,blank,0,394.61258,187.9848,7501,7689,188
100,0,blank,0,388.45606,530.80164,7726,7919,193
100,0,blank,0,374.72814,540.59854,7919,8112,193
100,0,blank,0,374.61434,550.62162,8112,8303,191
100,0,blank,0,407.82708,150.79932,8340,8528,188
100,0,blank,0,433.83325,226.633,8528,8711,183
100,0,blank,0,435.03288,221.34194,8711,8905,194
100,0,blank,0,559.56156,211.60286,8945,9140,195
100,0,blank,0,481.824325,209.675925,9140,9300,160
100,0,blank,0,482.7103,242.256833333333,9300,9412,112
100,0,blank,0,0,0,9479,9670,191
100,0,blank,0,0,0,9670,9853,183
100,0,blank,0,0,0,9853,10021,168
100,0,blank,0,0,0,10021,10159,138
100,0,blank,0,0,0,10159,10338,179
100,0,blank,0,0,0,10338,10516,178
100,0,blank,0,0,0,10516,10694,178
100,0,blank,0,0,0,10694,10750,56
100,0,blank,0,645.4437,457.6279,11914,11955,41
100,0,blank,0,0,0,12246,12424,178
100,0,blank,0,0,0,12424,12535,111
100,0,blank,0,0,0,12857,12942,85
100,0,blank,0,0,0,12942,13226,284
100,0,blank,0,0,0,13226,13340,114
100,0,blank,0,0,0,13340,13701,361
100,0,blank,0,0,0,13701,13914,213
100,0,blank,0,0,0,13914,14095,181
100,0,blank,0,0,0,14095,14285,190
100,0,blank,0,0,0,14285,14468,183
100,0,blank,0,0,0,14468,14617,149
100,0,blank,0,0,0,14617,14814,197
100,0,blank,0,0,0,14814,14974,160
100,0,blank,0,623.7346,192.7992,15119,15233,114
100,0,blank,0,0,0,15316,15499,183
100,0,blank,0,0,0,15499,15690,191
100,0,blank,0,0,0,15690,15873,183
100,0,blank,0,415.22556,215.6862,15943,16131,188
100,0,blank,0,481.518866666667,210.106566666667,16131,16249,118
100,0,blank,0,574.72845,215.1108,16249,16411,162
100,0,blank,0,521.404666666667,222.7808,16411,16600,189
100,0,blank,0,534.671733333333,219.727833333333,16600,16758,158
100,0,blank,0,523.7747,220.4005,16758,16814,56
100,0,blank,0,668.688466666667,220.712533333333,16867,17020,153
100,0,blank,0,652.620333333333,227.133633333333,17020,17180,160
100,0,blank,0,608.893466666667,224.842,17180,17338,158
100,0,blank,0,605.0458,224.4128,17338,17391,53
100,0,blank,0,459.7986,248.57745,17444,17552,108
100,0,blank,0,505.00315,252.05145,17552,17732,180
100,0,blank,0,502.2083,268.7909,17732,17763,31
100,0,blank,0,415.9827,276.5843,18138,18234,96
100,0,blank,0,493.0776,319.3249,18234,18443,209
100,14,"Thesortedlistinascendingorderis\n",94,507.93055,300.6812,18443,18597,154
100,0,blank,0,517.3894,323.963075,18597,18794,197
100,0,blank,0,513.725733333333,323.682333333333,18794,18946,152
100,0,blank,0,449.712033333333,280.284566666667,18946,19128,182
100,0,blank,0,447.0995,240.0323,19128,19233,105
100,0,blank,0,477.096,273.2835,19233,19408,175
100,0,blank,0,494.23182,265.2573,19408,19599,191
100,0,blank,0,511.70825,324.5878,19599,19748,149
100,0,blank,0,491.8416,267.8552,19748,19821,73
100,0,blank,0,482.68665,270.81565,19821,19999,178
100,0,blank,0,491.19552,268.42616,19999,20180,181
100,0,blank,0,502.87408,243.37732,20180,20367,187
100,0,blank,0,493.9352,240.639666666667,20367,20551,184
100,0,blank,0,519.2661,202.85205,20551,20727,176
100,0,blank,0,534.1946,213.2663,20727,20896,169
100,0,blank,0,521.616875,249.94395,20896,21074,178
100,0,blank,0,506.639633333333,269.093366666667,21074,21226,152
100,0,blank,0,490.31735,264.9572,21226,21413,187
100,0,blank,0,467.01485,259.6304,21413,21606,193
100,0,blank,0,472.84705,257.27635,21606,21790,184
100,0,blank,0,656.855525,238.21945,21929,22075,146
100,0,blank,0,560.7504,255.2735,22075,22295,220
100,0,blank,0,562.6157,252.5991,22295,22328,33
100,0,blank,0,479.0669,237.7208,22328,22535,207
100,0,blank,0,475.0668,230.6927,22535,22571,36
100,0,blank,0,596.17955,231.6299,22639,22820,181
100,0,blank,0,470.265525,268.713925,22857,23035,178
100,0,blank,0,499.32462,264.81604,23035,23226,191
100,0,blank,0,470.48288,286.64456,23226,23414,188
100,14,"Thesortedlistinascendingorderis\n",94,483.10304,294.06294,23414,23603,189
100,0,blank,0,555.44628,272.12102,23603,23794,191
100,0,blank,0,657.09142,276.60556,23794,23984,190
100,0,blank,0,500.8932,275.72046,24018,24200,182
100,0,blank,0,495.9071,285.89026,24200,24385,185
100,0,blank,0,619.1994,278.8994,24385,24576,191
100,0,blank,0,658.13096,283.63256,24576,24761,185
100,0,blank,0,462.362,310.53878,24800,24987,187
100,0,blank,0,477.75608,331.92006,24987,25170,183
100,0,blank,0,503.53422,357.99138,25170,25361,191
100,0,blank,0,498.8205,356.38408,25361,25549,188
100,0,blank,0,462.83265,392.670425,25549,25697,148
100,0,blank,0,0,0,25770,25946,176
100,0,blank,0,0,0,25946,26141,195
100,0,blank,0,460.7392,391.82428,26179,26352,173
100,0,blank,0,500.27974,393.3255,26352,26543,191
100,0,blank,0,512.6039,403.80056,26543,26724,181
100,0,blank,0,497.941775,423.6087,26724,26905,181
100,0,blank,0,579.39618,411.77962,26905,27083,178
100,0,blank,0,556.10092,406.70602,27083,27270,187
100,0,blank,0,545.4916,398.6909,27270,27306,36
100,0,blank,0,494.96515,403.5998,27691,27876,185
100,0,blank,0,485.2188,399.88442,27876,28054,178
100,0,blank,0,508.9534,358.8503,28054,28091,37
100,0,blank,0,517.681875,220.279075,28165,28313,148
100,0,blank,0,474.2193,205.73005,28313,28477,164
100,0,blank,0,460.67805,217.316725,28477,28645,168
100,0,blank,0,434.37984,208.2838,28645,28844,199
100,0,blank,0,438.09084,207.30572,28844,29041,197
100,0,blank,0,440.4629,218.831966666667,29041,29172,131
100,0,blank,0,471.67138,408.05114,29211,29409,198
100,0,blank,0,519.91716,400.25388,29409,29602,193
100,0,blank,0,553.17696,394.54068,29602,29792,190
100,0,blank,0,545.5396,395.30882,29792,29978,186
100,0,blank,0,592.74972,408.31332,29978,30160,182
100,0,blank,0,605.30382,424.5145,30160,30342,182
100,0,blank,0,598.17226,394.78148,30342,30525,183
100,0,blank,0,0,0,30563,30700,137
100,0,blank,0,0,0,30700,30860,160
100,0,blank,0,567.8836,208.982266666667,30895,31042,147
100,0,blank,0,525.25795,198.60815,31042,31237,195
100,0,blank,0,528.243766666667,201.337466666667,31237,31407,170
100,0,blank,0,572.197,413.5944,31543,31666,123
100,0,blank,0,569.1119,417.9572,31666,31802,136
100,0,blank,0,447.76955,422.336,31873,32041,168
100,21,size,141,469.8608,463.8961,32041,32078,37
100,0,blank,0,533.73394,556.29412,32118,32301,183
100,0,blank,0,595.54204,559.7683,32301,32480,179
100,0,blank,0,627.688466666667,597.391166666667,32480,32585,105
100,0,blank,0,688.50348,564.30944,32661,32836,175
100,0,blank,0,765.8947,575.098266666667,32836,32940,104
100,0,blank,0,770.894416666667,592.124433333333,33006,33204,198
100,0,blank,0,753.618,620.2753,33204,33302,98
100,0,blank,0,523.27,807.1837,33437,33497,60
100,0,blank,0,657.13765,412.8607,33564,33719,155
100,0,blank,0,595.3382,390.569033333333,33719,33875,156
100,0,blank,0,636.866066666667,412.9781,33875,34026,151
100,0,blank,0,667.976433333333,421.776566666667,34026,34193,167
100,0,blank,0,900.3045,558.7876,34246,34399,153
100,0,blank,0,863.5844,569.50145,34399,34549,150
100,0,blank,0,535.72356,385.39852,34655,34829,174
100,0,blank,0,480.61438,404.52464,34829,35006,177
100,0,blank,0,488.69976,412.1033,35006,35188,182
100,0,blank,0,552.66762,404.97962,35188,35365,177
100,0,blank,0,638.213233333333,401.458233333333,35365,35470,105
100,0,blank,0,807.85128,397.48774,35506,35683,177
100,0,blank,0,827.24815,410.83465,35683,35751,68
100,0,blank,0,571.42618,440.32186,35821,35992,171
100,0,blank,0,626.04388,409.89096,35992,36178,186
100,0,blank,0,740.2206,397.72875,36178,36338,160
100,0,blank,0,738.7719,400.2016,36338,36380,42
100,0,blank,0,558.29505,432.85935,36422,36586,164
100,0,blank,0,687.0484,441.927,36624,36700,76
100,0,blank,0,1373.56466666667,456.890566666667,36983,37095,112
100,0,blank,0,605.17364,524.75256,37173,37362,189
100,0,blank,0,651.15,514.47705,37362,37484,122
100,0,blank,0,522.7807,512.440433333333,37536,37712,176
100,0,blank,0,524.587,521.6415,37712,37892,180
100,0,blank,0,523.548033333333,523.2693,37892,38089,197
100,0,blank,0,590.17605,506.99265,38089,38234,145
100,0,blank,0,637.7487,502.158033333333,38234,38418,184
100,0,blank,0,0,0,38479,38641,162
100,0,blank,0,1345.08,389.163075,38727,38913,186
100,0,blank,0,1355.5145,399.097425,38913,39082,169
100,0,blank,0,1353.1485,397.527175,39082,39248,166
100,0,blank,0,1356.4315,397.49805,39248,39415,167
100,0,blank,0,1357.38325,396.8791,39415,39590,175
100,0,blank,0,1361.38,404.7701,39590,39632,42
100,0,blank,0,667.782425,617.566075,39780,39940,160
100,0,blank,0,603.426075,586.51855,39940,40104,164
101,0,blank,0,644.8094,532.22804,40302,40489,187
101,0,blank,0,512.24868,736.54626,40527,40715,188
101,0,blank,0,511.9503,738.0336,40715,40751,36
101,0,blank,0,518.8193,332.5997,40826,40992,166
101,0,blank,0,0,0,41732,41928,196
101,0,blank,0,0,0,41928,42126,198
101,0,blank,0,0,0,42126,42313,187
101,0,blank,0,0,0,42313,42480,167
101,0,blank,0,0,0,42480,42517,37
101,0,blank,0,0,0,43060,43238,178
101,0,blank,0,0,0,43238,43290,52
101,0,blank,0,322.58604,823.45444,43400,43585,185
101,0,blank,0,312.6319,823.8354,43585,43622,37
101,0,blank,0,0,0,44144,44339,195
101,0,blank,0,0,0,44339,44519,180
101,0,blank,0,0,0,44519,44698,179
101,0,blank,0,0,0,44698,44880,182
101,0,blank,0,0,0,44880,45063,183
101,0,blank,0,0,0,45063,45253,190
101,0,blank,0,0,0,45253,45447,194
101,0,blank,0,0,0,45447,45646,199
101,0,blank,0,577.1245,747.23495,45736,45839,103
101,0,blank,0,504.5122,432.4915,47285,47403,118
101,0,blank,0,1013.51766666667,1.1036,47791,47935,144
101,0,blank,0,0,0,48004,48122,118
101,0,blank,0,448.558575,421.5805,48266,48461,195
101,0,blank,0,525.109666666667,433.956466666667,48461,48613,152
101,0,blank,0,525.8638,414.0631,48613,48777,164
101,0,blank,0,559.6035,414.433,48777,48937,160
101,0,blank,0,481.998933333333,417.880166666667,48985,49150,165
101,0,blank,0,418.9608,420.2057,49150,49199,49
101,0,blank,0,0,0,49250,49379,129
101,0,blank,0,491.8968,404.41376,49450,49628,178
101,0,blank,0,590.4013,404.21868,49628,49818,190
101,0,blank,0,585.16015,402.8698,49818,49897,79
101,0,blank,0,466.460425,397.33575,49937,50096,159
101,0,blank,0,0,0,50365,50478,113
101,0,blank,0,0,0,50478,50636,158
101,0,blank,0,0,0,50636,50828,192
101,0,blank,0,0,0,50828,50998,170
101,0,blank,0,0,0,50998,51101,103
101,0,blank,0,0,0,51101,51259,158
101,0,blank,0,0,0,51259,51434,175
101,0,blank,0,0,0,51434,51606,172
101,0,blank,0,0,0,51606,51805,199
101,0,blank,0,0,0,51805,51957,152
101,0,blank,0,0,0,51957,52144,187
101,0,blank,0,0,0,52144,52216,72
101,0,blank,0,0,0,52216,52409,193
101,0,blank,0,0,0,52409,52584,175
101,0,blank,0,0,0,52584,52771,187
101,0,blank,0,0,0,52771,52952,181
101,0,blank,0,0,0,52952,53139,187
101,0,blank,0,0,0,53139,53305,166
101,0,blank,0,0,0,53305,53396,91
101,0,blank,0,444.1747,497.5171,53496,53560,64
101,0,blank,0,492.2579,463.1777,53560,53865,305
101,0,blank,0,0,0,53903,54071,168
101,0,blank,0,0,0,54071,54230,159
101,0,blank,0,0,0,54230,54413,183
101,0,blank,0,0,0,54413,54531,118
101,0,blank,0,404.2786,414.2543,54857,54892,35
101,0,blank,0,391.3836,485.1347,55135,55241,106
101,0,blank,0,408.22215,567.612,55241,55439,198
101,0,blank,0,628.320433333333,356.526266666667,55798,55966,168
101,0,blank,0,517.46984,438.96538,56160,56344,184
101,0,blank,0,542.56302,423.12878,56344,56524,180
101,0,blank,0,563.023,483.17215,56524,56681,157
101,0,blank,0,539.242225,486.198875,56681,56852,171
101,0,blank,0,0,0,56937,57121,184
101,0,blank,0,0,0,57121,57299,178
101,0,blank,0,0,0,57299,57483,184
101,0,blank,0,0,0,57483,57535,52
101,0,blank,0,607.8697,393.5773,57584,57678,94
101,0,blank,0,483.4633,527.18155,57710,57880,170
101,0,blank,0,533.109866666667,519.460233333333,57880,58071,191
101,0,blank,0,508.797775,500.7489,58688,58866,178
101,0,blank,0,523.10975,499.21635,58866,59028,162
101,0,blank,0,495.503325,512.885075,59028,59188,160
101,0,blank,0,496.23575,513.2888,59188,59349,161
101,0,blank,0,520.283675,528.143125,59349,59523,174
101,0,blank,0,533.59002,545.22066,59523,59718,195
101,0,blank,0,498.3548,549.96588,59718,59915,197
101,0,blank,0,546.08236,544.348,59915,60112,197
101,0,blank,0,545.27814,541.40998,60112,60309,197
101,0,blank,0,538.36178,541.70176,60309,60503,194
101,0,blank,0,501.20992,544.50844,60503,60696,193
101,0,blank,0,495.41254,517.74732,60696,60892,196
101,0,blank,0,509.65038,485.37144,60892,61085,193
101,0,blank,0,515.08976,486.53488,61085,61279,194
101,0,blank,0,568.76672,507.67702,61279,61473,194
101,0,blank,0,551.7015,495.48748,61473,61664,191
101,0,blank,0,511.37106,465.56094,61664,61856,192
101,0,blank,0,495.55198,457.49408,61856,62050,194
101,0,blank,0,510.94978,439.11774,62050,62246,196
101,0,blank,0,536.26896,407.11966,62246,62443,197
101,0,blank,0,526.44014,401.29574,62443,62635,192
101,0,blank,0,607.27562,404.20622,62635,62831,196
101,0,blank,0,617.5199,403.69704,62831,63027,196
101,0,blank,0,868.112,349.7851,63067,63262,195
101,0,blank,0,909.06092,346.02982,63262,63452,190
101,0,blank,0,658.91778,257.1273,63529,63713,184
101,0,blank,0,661.10548,259.21802,63713,63906,193
101,0,blank,0,602.5798,342.7286,63906,63945,39
101,0,blank,0,545.80388,506.15828,63983,64179,196
101,0,blank,0,546.2115,501.462675,64179,64335,156
101,0,blank,0,0,0,64413,64576,163
101,0,blank,0,892.08142,353.6963,64732,64920,188
101,0,blank,0,888.84655,359.91565,64920,64999,79
101,0,blank,0,714.804825,236.645625,65040,65204,164
101,0,blank,0,823.66468,190.50672,65204,65402,198
101,0,blank,0,522.58354,493.70628,65440,65635,195
101,0,blank,0,523.92654,479.48974,65635,65826,191
101,0,blank,0,499.59034,462.82684,65826,66014,188
101,0,blank,0,490.0628,512.06892,66014,66202,188
101,0,blank,0,486.8664,549.5117,66202,66390,188
101,0,blank,0,518.80032,544.74022,66390,66581,191
101,0,blank,0,539.09498,551.37844,66581,66773,192
101,0,blank,0,563.91756,548.46508,66773,66963,190
101,0,blank,0,587.28362,557.82294,66963,67151,188
101,0,blank,0,564.32518,543.47608,67151,67340,189
101,0,blank,0,529.59424,536.86388,67340,67531,191
101,0,blank,0,527.12534,532.1951,67531,67722,191
101,0,blank,0,516.47318,541.9518,67722,67915,193
101,0,blank,0,529.52182,472.73032,67915,68110,195
101,0,blank,0,552.17352,486.64806,68110,68302,192
101,0,blank,0,550.545,497.88856,68302,68495,193
101,0,blank,0,550.91334,483.9866,68495,68688,193
101,0,blank,0,546.23574,501.9496,68688,68880,192
101,0,blank,0,556.26504,518.5166,68880,69073,193
101,0,blank,0,560.86296,542.859,69073,69263,190
101,0,blank,0,550.08904,553.43248,69263,69454,191
101,0,blank,0,575.51764,550.42294,69454,69648,194
101,0,blank,0,563.17986,531.65104,69648,69841,193
101,0,blank,0,528.30868,517.0874,69841,70033,192
101,0,blank,0,568.15418,541.9882,70033,70227,194
101,0,blank,0,571.54035,532.8824,70227,70305,78
101,0,blank,0,847.8586,359.7697,70381,70577,196
101,0,blank,0,887.5422,364.26284,70577,70772,195
101,0,blank,0,582.54334,585.68068,70810,71005,195
101,0,blank,0,584.77476,574.03556,71005,71194,189
101,0,blank,0,539.43436,545.47386,71194,71384,190
101,0,blank,0,508.71452,515.38528,71384,71571,187
101,0,blank,0,513.77474,456.63888,71571,71758,187
101,0,blank,0,549.57314,434.34264,71758,71946,188
101,0,blank,0,554.2126,425.32356,71946,72135,189
101,0,blank,0,528.15716,437.3476,72135,72324,189
101,0,blank,0,525.1996,467.8146,72324,72389,65
101,0,blank,0,528.835666666667,715.373633333333,72635,72812,177
101,0,blank,0,496.468625,791.671925,72812,73002,190
101,0,blank,0,477.34264,780.56446,73002,73191,189
101,0,blank,0,472.562,794.0812,73191,73267,76
101,0,blank,0,495.95054,509.73014,73306,73500,194
101,0,blank,0,497.86274,484.8442,73500,73694,194
101,0,blank,0,499.890475,442.89075,73694,73854,160
101,0,blank,0,489.436625,428.7297,73854,74018,164
101,0,blank,0,479.150375,436.15395,74018,74188,170
101,0,blank,0,507.91156,433.2615,74188,74387,199
101,0,blank,0,504.66528,545.1927,74387,74585,198
101,0,blank,0,546.5308,549.38658,74585,74783,198
101,0,blank,0,534.227766666667,554.703866666667,74783,74904,121
101,0,blank,0,0,0,74984,75118,134
101,0,blank,0,835.5806,350.4365,75153,75191,38
101,0,blank,0,780.85698,339.39928,75274,75465,191
101,0,blank,0,749.268275,341.632925,75465,75628,163
101,0,blank,0,743.5209,279.3072,75628,75668,40
101,0,blank,0,0,0,75707,75825,118
101,0,blank,0,489.6841,361.1385,75851,75871,20
101,0,blank,0,511.64224,452.6913,75907,76097,190
101,0,blank,0,525.95066,441.51156,76097,76284,187
101,0,blank,0,576.20014,473.52928,76284,76468,184
101,0,blank,0,566.15836,475.70602,76468,76647,179
101,0,blank,0,547.10514,487.98598,76647,76827,180
101,0,blank,0,558.4148,506.65335,76827,76900,73
101,0,blank,0,831.39264,314.95332,76936,77117,181
101,0,blank,0,895.480633333333,331.0342,77117,77226,109
101,0,blank,0,0,0,77300,77495,195
101,0,blank,0,0,0,77495,77673,178
101,0,blank,0,0,0,77673,77852,179
101,0,blank,0,0,0,77852,78043,191
101,0,blank,0,0,0,78043,78242,199
101,0,blank,0,0,0,78242,78431,189
101,0,blank,0,0,0,78431,78578,147
101,0,blank,0,0,0,78578,78678,100
101,0,blank,0,573.173025,599.642875,79631,79806,175
101,0,blank,0,646.45004,600.20414,79806,80001,195
101,0,blank,0,514.22448,595.25544,80040,80232,192
101,0,blank,0,559.4395,555.39336,80232,80430,198
101,0,blank,0,560.96422,546.68908,80430,80627,197
101,0,blank,0,566.52295,552.5982,80627,80708,81
101,0,blank,0,0,0,80794,80965,171
101,0,blank,0,0,0,80965,81011,46
101,0,blank,0,536.37865,459.67345,81347,81511,164
101,0,blank,0,514.708275,480.263725,81511,81689,178
101,0,blank,0,527.393725,527.637875,81689,81858,169
101,0,blank,0,540.856125,547.6733,81858,82034,176
101,0,blank,0,570.137575,577.2359,82034,82202,168
101,0,blank,0,573.0791,587.359625,82202,82383,181
101,0,blank,0,601.0295,591.118775,82383,82563,180
101,0,blank,0,659.377825,600.161725,82563,82740,177
101,0,blank,0,650.636275,603.56635,82740,82912,172
101,0,blank,0,633.71655,597.4043,82912,83081,169
101,0,blank,0,609.827,604.13565,83081,83248,167
101,0,blank,0,647.53695,611.092775,83248,83412,164
101,0,blank,0,651.303125,619.705475,83412,83572,160
101,0,blank,0,606.51624,651.01728,83572,83770,198
101,0,blank,0,646.261925,644.180075,83770,83932,162
101,0,blank,0,648.5583,623.406425,83932,84093,161
101,0,blank,0,635.96175,603.0058,84093,84255,162
101,0,blank,0,639.37294,594.15936,84255,84451,196
101,0,blank,0,688.48862,597.29824,84451,84650,199
101,0,blank,0,590.94966,597.61368,84650,84848,198
101,0,blank,0,592.6689,602.83854,84848,85043,195
101,0,blank,0,555.79394,576.82464,85043,85240,197
101,0,blank,0,546.25545,535.7335,85240,85319,79
101,0,blank,0,571.01995,361.765825,85359,85519,160
101,0,blank,0,567.1017,383.1108,85519,85559,40
101,0,blank,0,592.80646,594.01232,85599,85798,199
101,0,blank,0,592.812725,597.7387,85798,85960,162
101,0,blank,0,556.032225,580.056175,85960,86121,161
101,0,blank,0,541.4691,563.831775,86121,86282,161
101,0,blank,0,603.98364,594.86192,86282,86480,198
101,0,blank,0,659.34356,605.93892,86480,86679,199
101,0,blank,0,636.00512,630.68936,86679,86878,199
101,0,blank,0,613.6995,644.67988,86878,87075,197
101,0,blank,0,655.85858,646.3839,87075,87272,197
101,0,blank,0,592.39616,669.14544,87272,87464,192
101,0,blank,0,620.8279,671.7389,87464,87658,194
101,0,blank,0,627.34232,670.16988,87658,87851,193
101,0,blank,0,630.60204,676.7762,87851,88047,196
101,0,blank,0,686.84314,673.06402,88047,88243,196
101,0,blank,0,670.72058,680.91078,88243,88442,199
101,0,blank,0,651.51096,696.29752,88442,88638,196
101,0,blank,0,571.41432,738.59054,88638,88834,196
101,0,blank,0,572.42552,734.28928,88834,89028,194
101,0,blank,0,640.55774,745.76332,89028,89222,194
101,0,blank,0,655.65104,745.97912,89222,89417,195
101,0,blank,0,669.5457,744.0909,89417,89456,39
101,0,blank,0,767.12382,734.85564,89495,89687,192
101,0,blank,0,714.0086,738.574375,89687,89848,161
101,0,blank,0,683.2443,741.84158,89848,90043,195
101,0,blank,0,701.30152,733.59788,90043,90241,198
101,0,blank,0,721.37612,739.4724,90241,90436,195
101,0,blank,0,727.13074,742.62412,90436,90629,193
101,0,blank,0,729.8997,742.926,90629,90668,39
101,0,blank,0,603.294975,741.0688,90706,90865,159
101,0,blank,0,599.9453,739.6294,90865,91024,159
101,0,blank,0,800.54388,735.36072,91063,91259,196
101,0,blank,0,797.7051,739.67372,91259,91454,195
101,0,blank,0,804.26882,738.84272,91454,91649,195
101,0,blank,0,800.37282,734.57472,91649,91840,191
101,0,blank,0,719.27676,745.08,91840,92034,194
101,0,blank,0,596.26998,752.89226,92034,92226,192
101,0,blank,0,608.05638,745.21416,92226,92418,192
101,0,blank,0,695.45024,744.8748,92418,92610,192
101,0,blank,0,701.883775,736.90225,92610,92803,193
101,0,blank,0,605.9655,785.438,92944,93078,134
101,0,blank,0,548.261375,794.569975,93078,93272,194
101,0,blank,0,526.68776,802.20816,93272,93471,199
101,0,blank,0,539.98685,792.0253,93471,93550,79
101,0,blank,0,660.02628,780.031,93589,93784,195
101,0,blank,0,696.61192,749.70524,93784,93976,192
101,0,blank,0,704.01868,744.11142,93976,94170,194
101,0,blank,0,716.0204,747.82928,94170,94369,199
101,0,blank,0,671.204125,746.052475,94369,94531,162
101,0,blank,0,673.123575,746.8135,94531,94692,161
101,0,blank,0,620.72565,713.432625,94692,94851,159
101,0,blank,0,612.2139,677.2144,94851,94892,41
101,0,blank,0,636.773433333333,379.6,94932,95104,172
101,0,blank,0,696.3018,334.386,95104,95187,83
101,0,blank,0,0,0,95302,95493,191
101,0,blank,0,0,0,95493,95689,196
101,0,blank,0,0,0,95689,95881,192
101,0,blank,0,0,0,95881,96071,190
101,0,blank,0,0,0,96071,96253,182
101,0,blank,0,0,0,96253,96433,180
101,0,blank,0,0,0,96433,96618,185
101,0,blank,0,0,0,96618,96811,193
101,0,blank,0,0,0,96811,96936,125
101,0,blank,0,622.04036,653.82974,96980,97178,198
101,0,blank,0,665.23124,668.41918,97178,97362,184
101,0,blank,0,697.528225,720.52175,97362,97523,161
101,0,blank,0,709.234075,732.4667,97523,97692,169
101,0,blank,0,687.509625,735.72345,97692,97868,176
101,0,blank,0,637.73255,704.29575,97868,98031,163
101,0,blank,0,637.43512,712.49616,98031,98226,195
101,0,blank,0,615.14645,741.086725,98226,98391,165
101,0,blank,0,548.41738,745.21816,98391,98584,193
101,0,blank,0,524.39856,766.94082,98584,98779,195
101,0,blank,0,606.22388,777.73136,98779,98976,197
101,0,blank,0,637.27722,779.91052,98976,99171,195
101,0,blank,0,667.1826,787.95162,99171,99367,196
101,0,blank,0,718.56922,758.8968,99367,99565,198
101,0,blank,0,758.99605,744.4751,99565,99644,79
101,0,blank,0,505.427275,745.331375,99682,99848,166
101,0,blank,0,504.26885,749.4065,99848,99927,79
101,0,blank,0,380.8352,756.24696,99967,100166,199
101,0,blank,0,388.3903,762.19675,100166,100245,79
101,0,blank,0,629.69816,736.3492,100286,100481,195
101,0,blank,0,597.00252,691.65928,100481,100673,192
101,0,blank,0,654.58922,690.57734,100673,100865,192
101,0,blank,0,620.45518,680.1465,100865,101059,194
101,0,blank,0,602.4145,702.86988,101059,101253,194
101,0,blank,0,569.3086,763.6307,101253,101450,197
101,0,blank,0,553.56176,784.72548,101450,101642,192
101,0,blank,0,592.92948,790.31838,101642,101836,194
101,0,blank,0,524.0118,689.19448,101836,102032,196
101,0,blank,0,514.51546,629.20862,102032,102230,198
101,0,blank,0,508.98778,583.19312,102230,102425,195
101,0,blank,0,507.42442,611.95126,102425,102622,197
101,0,blank,0,513.27662,572.97952,102622,102818,196
101,0,blank,0,556.5667,545.55814,102818,103015,197
101,0,blank,0,542.30232,549.70186,103015,103212,197
101,0,blank,0,528.16865,553.73865,103212,103291,79
101,0,blank,0,564.69488,761.86802,103331,103530,199
101,0,blank,0,568.134466666667,747.6291,103530,103645,115
101,0,blank,0,543.33836,558.01184,103683,103875,192
101,0,blank,0,572.55676,551.67338,103875,104068,193
101,0,blank,0,578.81124,554.37342,104068,104259,191
101,0,blank,0,570.42135,530.3486,104259,104336,77
101,0,blank,0,0,0,104374,104571,197
101,0,blank,0,0,0,104571,104754,183
101,0,blank,0,0,0,104754,104941,187
101,0,blank,0,0,0,104941,104981,40
101,0,blank,0,444.1943,695.3086,105012,105029,17
101,0,blank,0,592.87482,752.55816,105088,105278,190
101,0,blank,0,592.0014,747.577,105278,105317,39
101,0,blank,0,715.7247,734.5081,105356,105547,191
101,0,blank,0,685.36354,746.07406,105547,105739,192
101,0,blank,0,678.2858,749.57342,105739,105927,188
101,0,blank,0,662.95638,746.55888,105927,106112,185
101,0,blank,0,663.0721,738.563225,106112,106290,178
101,0,blank,0,720.4191,738.1442,106290,106474,184
101,0,blank,0,776.0017,745.46134,106474,106662,188
101,0,blank,0,817.0879,760.993033333333,106662,106776,114
101,0,blank,0,1069.596,1.0041,106816,106856,40
101,0,blank,0,955.88935,1.01345,106897,106984,87
101,0,blank,0,948.9593,899.5395,107023,107062,39
101,0,blank,0,1041.533,893.9057,107102,107140,38
101,0,blank,0,1045.549,1.0081,107180,107224,44
101,0,blank,0,1074.0095,1.02065,107302,107381,79
101,0,blank,0,1093.2395,875.04685,107421,107534,113
101,0,blank,0,1069.124,1.02946666666667,107573,107727,154
101,0,blank,0,1090.745,887.8712,107765,107803,38
101,0,blank,0,0,0,107842,108018,176
101,0,blank,0,0,0,108018,108078,60
101,0,blank,0,735.7688,745.684433333333,108095,108266,171
101,0,blank,0,737.111933333333,708.412866666667,108266,108416,150
101,0,blank,0,0,0,108455,108632,177
101,0,blank,0,730.179175,736.55355,108759,108910,151
101,0,blank,0,1036.763,1.0288,108992,109034,42
101,0,blank,0,930.187625,1.03255,109077,109242,165
101,0,blank,0,943.1694,1.0064,109242,109281,39
101,0,blank,0,948.9745,1.037,109365,109402,37
101,0,blank,0,0,0,109479,109675,196
101,0,blank,0,535.6063,683.99544,109879,110068,189
101,0,blank,0,566.27375,695.114525,110068,110233,165
101,0,blank,0,640.282575,718.97545,110233,110397,164
101,0,blank,0,0,0,110439,110612,173
101,0,blank,0,655.7473,752.5841,110797,110820,23
101,0,blank,0,1074.6975,1.0195,110958,111041,83
101,0,blank,0,1084.9225,887.9256,111084,111167,83
101,0,blank,0,566.9845,738.9089,111294,111462,168
101,0,blank,0,566.524825,732.87325,111462,111638,176
101,0,blank,0,608.218475,743.63,111638,111815,177
101,0,blank,0,632.1205,762.589,111815,111862,47
101,0,blank,0,595.3194,711.5096,111862,112063,201
101,0,blank,0,612.6644,752.3825,112063,112097,34
101,0,blank,0,1101.44766666667,1.20116666666667,112217,112375,158
101,0,blank,0,1102.229,1.2085,112375,112419,44
101,0,blank,0,503.0948,895.6868,112505,112551,46
101,0,blank,0,570.6689,795.900975,112643,112826,183
101,0,blank,0,570.3172,765.1774,112826,112961,135
101,0,blank,0,691.217266666667,721.000566666667,113008,113154,146
101,0,blank,0,687.968,730.6315,113154,113251,97
101,0,blank,0,0,0,113432,113589,157
101,0,blank,0,0,0,113589,113722,133
101,0,blank,0,643.136025,782.412425,113797,113978,181
101,0,blank,0,532.982675,800.548175,113978,114139,161
101,0,blank,0,472.507975,795.98835,114139,114302,163
101,0,blank,0,477.1613,799.5219,114302,114344,42
101,0,blank,0,589.8815,793.5607,114384,114548,164
101,0,blank,0,717.225575,781.676025,114548,114715,167
101,0,blank,0,691.42155,790.344475,114715,114889,174
101,0,blank,0,683.383533333333,790.7204,114889,115066,177
101,0,blank,0,686.550325,779.650875,115066,115250,184
101,0,blank,0,700.132325,773.0981,115250,115431,181
101,0,blank,0,736.995275,789.590875,115431,115601,170
101,0,blank,0,719.2202,756.4579,115601,115780,179
101,0,blank,0,694.459,703.9616,115780,115820,40
101,0,blank,0,590.916875,289.613075,115904,116074,170
101,0,blank,0,599.5259,318.333875,116074,116247,173
101,0,blank,0,625.99965,350.64015,116247,116334,87
101,0,blank,0,596.028975,149.8308,116373,116543,170
101,21,),145,601.796375,229.421025,116543,116707,164
101,0,blank,0,557.085866666667,199.584566666667,116707,116834,127
101,0,blank,0,590.6923,107.43735,116875,116960,85
101,0,blank,0,578.2592,138.4866,116960,117144,184
101,0,blank,0,574.409625,120.444775,117144,117304,160
101,0,blank,0,578.3,117.641066666667,117304,117432,128
101,0,blank,0,632.166025,807.7785,117914,118086,172
101,0,blank,0,631.143075,805.65515,118086,118261,175
101,0,blank,0,706.82715,788.31485,118261,118428,167
101,0,blank,0,731.77765,793.1994,118428,118591,163
101,0,blank,0,697.9874,788.968725,118591,118759,168
101,0,blank,0,673.292175,781.043625,118759,118925,166
101,0,blank,0,672.659775,782.6108,118925,119085,160
101,0,blank,0,669.475575,786.849775,119085,119257,172
101,0,blank,0,673.101825,786.930975,119257,119430,173
101,0,blank,0,0,0,119515,119712,197
101,0,blank,0,0,0,119712,119886,174
101,0,blank,0,0,0,119886,120043,157
101,0,blank,0,0,0,120043,120217,174
101,0,blank,0,0,0,120217,120409,192
101,0,blank,0,0,0,120409,120931,522
101,0,blank,0,0,0,120931,121051,120
101,0,blank,0,666.7755,744.900975,121667,121838,171
101,0,blank,0,665.2155,747.402875,121838,122001,163
101,0,blank,0,665.2786,741.0291,122001,122042,41
101,0,blank,0,0,0,122121,122312,191
101,0,blank,0,0,0,122312,122493,181
101,0,blank,0,0,0,122493,122687,194
101,0,blank,0,0,0,122687,122860,173
101,0,blank,0,0,0,122860,123035,175
101,0,blank,0,0,0,123035,123230,195
101,0,blank,0,0,0,123230,123348,118
101,0,blank,0,0,0,123348,123562,214
101,0,blank,0,645.73274,687.5101,124131,124319,188
101,0,blank,0,630.086225,632.495975,124319,124479,160
101,0,blank,0,638.0262,622.72975,124479,124644,165
101,0,blank,0,659.92865,602.220025,124644,124808,164
101,0,blank,0,579.336775,589.985525,124808,124971,163
101,0,blank,0,563.54688,557.5204,124971,125166,195
101,0,blank,0,564.892933333333,546.709,125166,125291,125
101,0,blank,0,566.858975,437.748075,125333,125512,179
101,0,blank,0,784.968,345.26475,125556,125725,169
101,0,blank,0,798.9947,357.4852,125725,125765,40
101,0,blank,0,621.5223,732.81565,125847,126013,166
101,0,blank,0,623.0531,758.5305,126013,126054,41
101,0,blank,0,0,0,126444,126624,180
101,0,blank,0,0,0,126624,126814,190
101,0,blank,0,0,0,126814,126993,179
101,0,blank,0,0,0,126993,127157,164
101,0,blank,0,0,0,127157,127324,167
101,0,blank,0,0,0,127324,127500,176
101,0,blank,0,0,0,127500,127680,180
101,0,blank,0,0,0,127680,127845,165
101,0,blank,0,0,0,127845,128013,168
101,0,blank,0,0,0,128013,128178,165
101,0,blank,0,0,0,128178,128346,168
101,0,blank,0,0,0,128346,128525,179
101,0,blank,0,0,0,128525,128715,190
101,0,blank,0,0,0,128715,128889,174
101,0,blank,0,0,0,128889,129072,183
101,0,blank,0,0,0,129072,129249,177
101,0,blank,0,0,0,129249,129445,196
101,0,blank,0,0,0,129445,129620,175
101,0,blank,0,0,0,129620,129735,115
101,0,blank,0,0,0,129735,129904,169
101,0,blank,0,0,0,129904,130054,150
101,0,blank,0,0,0,130054,130238,184
101,0,blank,0,0,0,130238,130363,125
101,0,blank,0,0,0,130363,130486,123
101,0,blank,0,0,0,130486,130639,153
101,0,blank,0,0,0,130639,130824,185
101,0,blank,0,0,0,130824,131000,176
101,0,blank,0,0,0,131000,131180,180
101,0,blank,0,0,0,131180,131431,251
101,0,blank,0,0,0,131634,131793,159
101,0,blank,0,0,0,131793,131980,187
101,0,blank,0,0,0,131980,132179,199
101,0,blank,0,0,0,132179,132352,173
101,0,blank,0,0,0,132352,132529,177
101,0,blank,0,0,0,132529,132692,163
101,0,blank,0,0,0,132692,132800,108
101,0,blank,0,0,0,132800,132916,116
101,0,blank,0,0,0,132916,133053,137
101,0,blank,0,0,0,133053,133117,64
101,0,blank,0,0,0,133117,133253,136
101,0,blank,0,0,0,133253,133475,222
101,0,blank,0,0,0,133475,133571,96
101,0,blank,0,0,0,133571,133718,147
101,0,blank,0,0,0,133718,133864,146
101,0,blank,0,0,0,133864,133962,98
101,0,blank,0,0,0,133962,134088,126
101,0,blank,0,0,0,134088,134199,111
101,0,blank,0,0,0,134199,134390,191
101,0,blank,0,0,0,134390,134565,175
101,0,blank,0,0,0,134565,134759,194
101,0,blank,0,0,0,134759,134810,51
101,0,blank,0,0,0,134810,135006,196
101,0,blank,0,0,0,135006,135208,202
101,0,blank,0,0,0,135208,135392,184
101,0,blank,0,0,0,135392,135560,168
101,0,blank,0,0,0,135560,135597,37
101,0,blank,0,887.81585,823.96685,135804,135940,136
101,0,blank,0,962.8089,867.964433333333,136082,136259,177
101,0,blank,0,0,0,136297,136333,36
101,0,blank,0,0,0,136520,136656,136
101,0,blank,0,1010.6576,1.0262,136887,137039,152
101,0,blank,0,1023.4395,1.0144,137039,137165,126
101,0,blank,0,674.2486,784.595866666667,137298,137496,198
101,0,blank,0,674.807133333333,751.729433333333,137496,137684,188
101,0,blank,0,641.505566666667,757.559466666667,137684,137880,196
101,0,blank,0,654.734333333333,737.0527,137880,138061,181
101,0,blank,0,679.7937,745.553133333333,138061,138179,118
101,0,blank,0,523.1074,742.58854,138216,138409,193
101,0,blank,0,527.49054,746.70606,138409,138604,195
101,0,blank,0,517.1622,706.58576,138604,138802,198
101,0,blank,0,591.82532,575.65454,138843,139038,195
101,0,blank,0,537.40758,536.97174,139038,139232,194
101,0,blank,0,503.451325,531.449075,139232,139385,153
101,0,blank,0,555.063025,549.09615,139385,139566,181
101,0,blank,0,560.369875,548.898375,139566,139735,169
101,0,blank,0,558.97928,550.8583,139735,139932,197
101,0,blank,0,560.48732,550.0694,139932,140129,197
101,0,blank,0,0,0,140169,140351,182
101,0,blank,0,0,0,140351,140535,184
101,0,blank,0,0,0,140535,140723,188
101,0,blank,0,0,0,140723,140897,174
101,0,blank,0,0,0,140897,141074,177
101,0,blank,0,0,0,141074,141111,37
101,0,blank,0,565.58055,602.214375,141169,141342,173
101,0,blank,0,650.86932,589.91924,141342,141537,195
101,0,blank,0,555.29044,597.16494,141537,141730,193
101,0,blank,0,596.69554,586.70592,141730,141916,186
101,0,blank,0,603.7219,596.15412,141916,142100,184
101,0,blank,0,546.73612,734.05144,142100,142286,186
101,0,blank,0,543.44286,744.3913,142286,142471,185
101,0,blank,0,518.31106,736.66994,142471,142660,189
101,0,blank,0,514.5356,657.87662,142660,142857,197
101,0,blank,0,511.2694,624.9544,142857,143055,198
101,0,blank,0,518.054775,629.7723,143055,143217,162
101,0,blank,0,589.00308,644.29708,143217,143412,195
101,0,blank,0,630.0453,659.61792,143412,143604,192
101,0,blank,0,658.05385,675.54425,143604,143681,77
101,0,blank,0,527.89135,764.636075,143720,143883,163
101,0,blank,0,568.997075,746.790575,143883,144046,163
101,0,blank,0,647.54988,740.12552,144046,144242,196
101,0,blank,0,663.56548,741.12316,144242,144435,193
101,0,blank,0,702.35064,740.32366,144435,144630,195
101,0,blank,0,0,0,144669,144866,197
101,0,blank,0,0,0,144866,145048,182
101,0,blank,0,0,0,145048,145235,187
101,0,blank,0,0,0,145235,145408,173
101,0,blank,0,0,0,145408,145596,188
101,0,blank,0,0,0,145596,145728,132
101,0,blank,0,0,0,145728,145845,117
101,0,blank,0,0,0,145845,146007,162
101,0,blank,0,0,0,146007,146196,189
101,0,blank,0,0,0,146196,146268,72
101,0,blank,0,1081.5808,1.02748,146361,146535,174
101,0,blank,0,1055.77466666667,1.04166666666667,146535,146642,107
101,0,blank,0,1299.45166666667,1.0418,146715,146825,110
101,0,blank,0,1260.6772,1.02952,146899,147085,186
101,0,blank,0,1185.48175,1.033725,147085,147234,149
101,0,blank,0,582.754075,723.187325,147308,147470,162
101,0,blank,0,617.05105,735.680775,147470,147633,163
101,0,blank,0,646.80705,751.37395,147633,147798,165
101,0,blank,0,654.940575,757.041675,147798,147960,162
101,0,blank,0,656.829866666667,763.7513,147960,148081,121
101,0,blank,0,538.450825,789.029,148122,148283,161
101,0,blank,0,605.1055,764.520175,148283,148445,162
101,0,blank,0,597.9625,759.3534,148445,148528,83
101,0,blank,0,526.044025,755.144875,148570,148743,173
101,0,blank,0,545.39392,752.46222,148743,148939,196
101,0,blank,0,563.23496,768.15782,148939,149133,194
101,0,blank,0,666.31506,779.58554,149133,149329,196
101,0,blank,0,680.51114,783.58516,149329,149524,195
101,0,blank,0,662.06005,787.1433,149524,149683,159
101,0,blank,0,683.4775,743.952,149683,149882,199
101,0,blank,0,719.778733333333,739.824866666667,149882,150073,191
101,0,blank,0,720.15744,736.04292,150073,150268,195
101,0,blank,0,0,0,150346,150533,187
101,0,blank,0,0,0,150533,150718,185
101,0,blank,0,0,0,150718,150879,161
101,0,blank,0,0,0,150879,151058,179
101,0,blank,0,0,0,151058,151237,179
101,0,blank,0,0,0,151237,151298,61
101,0,blank,0,682.59705,711.818325,151325,151502,177
101,0,blank,0,654.645325,718.35635,151502,151669,167
101,0,blank,0,655.93634,729.2882,151669,151862,193
101,0,blank,0,757.2078,738.654333333333,151862,151977,115
101,0,blank,0,782.391766666667,721.027433333333,151977,152150,173
101,0,blank,0,815.7634,749.52645,152150,152293,143
101,0,blank,0,1223.773,1.0415,152332,152369,37
101,0,blank,0,1100.54425,1.050975,152409,152559,150
101,0,blank,0,1288.2358,1.03288,152598,152779,181
101,0,blank,0,1241.747,1.0321,152779,152854,75
101,0,blank,0,867.9447,837.96922,152890,153085,195
101,0,blank,0,934.7162,897.3467,153085,153120,35
101,0,blank,0,940.8311,1.0126,153159,153197,38
101,0,blank,0,935.2803,1.00323333333333,153275,153390,115
101,0,blank,0,1093.7806,1.03248,153461,153655,194
101,0,blank,0,1141.808,1.03335,153655,153729,74
101,0,blank,0,1271.531,1.0323,153769,153807,38
101,0,blank,0,1265.937,1.0282,153887,153922,35
101,0,blank,0,863.1761,826.9291,154001,154118,117
101,0,blank,0,592.8079,731.9866,154257,154378,121
101,0,blank,0,583.357066666667,768.988066666667,154378,154569,191
101,0,blank,0,546.79812,777.74098,154569,154761,192
101,0,blank,0,517.3587,776.95532,154761,154944,183
101,0,blank,0,520.54138,779.79688,154944,155134,190
101,0,blank,0,606.05522,753.35904,155134,155317,183
101,0,blank,0,610.91262,758.93858,155317,155505,188
101,0,blank,0,633.35164,768.58948,155505,155689,184
101,0,blank,0,626.53168,787.30834,155689,155884,195
101,0,blank,0,600.1765,726.7817,155884,155922,38
101,0,blank,0,0,0,155963,156137,174
101,0,blank,0,0,0,156137,156298,161
101,0,blank,0,0,0,156298,156469,171
101,0,blank,0,0,0,156469,156648,179
101,0,blank,0,0,0,156648,156843,195
101,0,blank,0,0,0,156843,157035,192
101,0,blank,0,0,0,157035,157219,184
101,0,blank,0,0,0,157219,157394,175
101,0,blank,0,0,0,157394,157570,176
101,0,blank,0,0,0,157570,157769,199
101,0,blank,0,0,0,157769,157955,186
101,0,blank,0,0,0,157955,158138,183
101,0,blank,0,0,0,158138,158290,152
101,0,blank,0,0,0,158290,158465,175
101,0,blank,0,0,0,158465,158661,196
101,0,blank,0,0,0,158661,158837,176
101,0,blank,0,0,0,158837,158993,156
101,0,blank,0,0,0,158993,159113,120
101,0,blank,0,0,0,159113,159308,195
101,0,blank,0,0,0,159308,159466,158
101,0,blank,0,0,0,159466,159658,192
101,0,blank,0,0,0,159658,159831,173
101,0,blank,0,0,0,159831,159870,39
101,0,blank,0,644.4754,735.6754,159958,160127,169
101,0,blank,0,599.9555,681.9202,160127,160278,151
101,0,blank,0,634.568425,696.6269,160278,160476,198
101,0,blank,0,642.058666666667,702.2346,160476,160632,156
101,0,blank,0,1005.37,897.9273,160682,160735,53
101,0,blank,0,1021.9961,1.02875,160788,160957,169
101,0,blank,0,1078.2928,1.0465,160957,161135,178
101,0,blank,0,1078.063,1.05095,161135,161207,72
101,0,blank,0,1.05942,1.07424,161277,161450,173
101,0,blank,0,1.06276,1.06266,161450,161623,173
101,0,blank,0,1.04653333333333,1.07946666666667,161623,161726,103
101,0,blank,0,883.6149,1.00915,161901,161973,72
101,0,blank,0,877.535,880.2504,162008,162046,38
101,0,blank,0,891.3354,1.0271,162081,162118,37
101,0,blank,0,881.087633333333,891.523366666667,162155,162262,107
101,0,blank,0,921.969025,1.037625,162299,162445,146
101,0,blank,0,662.71228,779.65476,162590,162772,182
101,0,blank,0,582.8084,760.21214,162772,162955,183
101,0,blank,0,588.67324,746.38684,162955,163137,182
101,0,blank,0,618.423775,744.603175,163137,163280,143
101,0,blank,0,0,0,163319,163490,171
101,0,blank,0,0,0,163490,163524,34
101,0,blank,0,647.24705,769.07145,163735,163914,179
101,0,blank,0,621.37764,770.54198,163914,164097,183
101,0,blank,0,613.97376,757.58976,164097,164281,184
101,0,blank,0,638.5182,753.28916,164281,164469,188
101,0,blank,0,654.04106,751.35598,164469,164660,191
101,0,blank,0,698.04296,757.83728,164660,164845,185
101,0,blank,0,698.08618,768.18084,164845,165028,183
101,0,blank,0,707.84714,764.67442,165028,165212,184
101,0,blank,0,676.20666,744.39132,165212,165397,185
101,0,blank,0,667.93655,755.061125,165397,165543,146
101,0,blank,0,0,0,165616,165771,155
101,0,blank,0,589.4017,384.8428,165840,165913,73
101,0,blank,0,517.98654,594.21624,166009,166186,177
101,0,blank,0,475.33678,563.51276,166186,166376,190
101,0,blank,0,433.53058,566.77474,166376,166559,183
101,0,blank,0,683.34484,764.19796,166629,166811,182
101,0,blank,0,685.9279,778.7008,166811,166846,35
101,0,blank,0,0,0,166917,167110,193
101,0,blank,0,0,0,167110,167286,176
101,0,blank,0,0,0,167286,167479,193
101,0,blank,0,0,0,167479,167632,153
101,0,blank,0,0,0,167632,167815,183
101,0,blank,0,0,0,167815,167999,184
101,0,blank,0,0,0,167999,168189,190
101,0,blank,0,0,0,168189,168309,120
101,0,blank,0,0,0,168309,168499,190
101,0,blank,0,0,0,168499,168669,170
101,0,blank,0,0,0,168669,168807,138
101,0,blank,0,0,0,168807,168965,158
101,0,blank,0,0,0,168965,169161,196
101,0,blank,0,0,0,169161,169347,186
101,0,blank,0,0,0,169347,169519,172
101,0,blank,0,0,0,169519,169716,197
101,0,blank,0,0,0,169716,169903,187
101,0,blank,0,0,0,169903,170147,244
101,0,blank,0,0,0,170147,170342,195
101,0,blank,0,0,0,170342,170521,179
101,0,blank,0,0,0,170521,170708,187
101,0,blank,0,0,0,170708,170873,165
101,0,blank,0,0,0,170873,170950,77
101,0,blank,0,0,0,170950,171105,155
101,0,blank,0,0,0,171105,171305,200
101,0,blank,0,0,0,171305,171395,90
101,0,blank,0,0,0,171395,171548,153
101,0,blank,0,0,0,171548,171680,132
101,0,blank,0,0,0,171680,171861,181
101,0,blank,0,0,0,171861,171977,116
101,0,blank,0,0,0,171977,172161,184
101,0,blank,0,0,0,172161,172313,152
101,0,blank,0,0,0,172313,172399,86
101,0,blank,0,0,0,172399,172592,193
101,0,blank,0,0,0,172592,172742,150
101,0,blank,0,0,0,172742,172793,51
101,0,blank,0,0,0,172793,173236,443
101,0,blank,0,0,0,173236,173401,165
101,0,blank,0,0,0,173401,173585,184
101,0,blank,0,486.6712,355.7387,173696,173739,43
101,0,blank,0,558.16578,679.12828,173852,174049,197
101,0,blank,0,620.7872,736.5978,174049,174179,130
101,0,blank,0,654.5902,703.79135,174179,174303,124
101,0,blank,0,0,0,174499,174631,132
101,0,blank,0,0,0,174631,174794,163
101,0,blank,0,444.33742,410.82784,174844,175037,193
101,0,blank,0,454.3704,433.30725,175037,175129,92
101,0,blank,0,477.1335,393.3315,175823,175989,166
101,0,blank,0,460.6792,479.7159,175989,176548,559
101,0,blank,0,508.498233333333,500.242166666667,176548,176699,151
101,0,blank,0,491.717033333333,514.724766666667,176699,176876,177
101,0,blank,0,501.523625,521.966775,176876,177075,199
101,0,blank,0,494.3922,523.8576,177075,177120,45
101,0,blank,0,0,0,177688,177740,52
101,0,blank,0,463.41755,1.0773,177867,177983,116
101,0,blank,0,503.424166666667,476.966733333333,178063,178216,153
101,0,blank,0,536.65325,482.73065,178216,178396,180
101,0,blank,0,488.367666666667,508.5338,178569,178748,179
101,0,blank,0,454.6654,537.335833333333,178748,178925,177
101,0,blank,0,459.594566666667,553.7382,178925,179113,188
101,0,blank,0,516.712775,536.945475,179113,179295,182
101,0,blank,0,499.29386,528.0289,179295,179483,188
101,0,blank,0,483.50054,508.12788,179483,179670,187
101,0,blank,0,477.7096,500.2855,179670,179823,153
101,0,blank,0,486.7862,532.91775,179823,179936,113
101,0,blank,0,515.8025,556.2428,179936,180052,116
101,0,blank,0,502.527533333333,563.505866666667,180052,180239,187
101,0,blank,0,467.174875,549.0763,180239,180422,183
101,0,blank,0,439.36205,545.27375,180422,180499,77
101,0,blank,0,522.526433333333,816.2791,180544,180683,139
101,0,blank,0,623.5569,341.5341,180714,180750,36
101,0,blank,0,438.0006,398.2332,180881,180924,43
101,0,blank,0,505.13025,537.8961,181258,181438,180
101,0,blank,0,527.97255,559.6689,181438,181563,125
101,0,blank,0,484.637033333333,419.660933333333,181687,181851,164
101,0,blank,0,521.2452,405.208633333333,181851,182016,165
101,0,blank,0,599.57372,407.73424,182016,182204,188
101,0,blank,0,605.0539,417.41,182204,182311,107
101,0,blank,0,870.73778,351.1958,182346,182535,189
101,0,blank,0,870.8455,341.4864,182535,182690,155
101,0,blank,0,734.7394,330.569225,182729,182888,159
101,0,blank,0,681.05362,334.68264,182888,183083,195
101,0,blank,0,648.1557,350.7444,183083,183121,38
101,0,blank,0,534.763125,595.204975,183161,183324,163
101,0,blank,0,608.11615,591.6769,183324,183485,161
101,0,blank,0,616.06848,588.97234,183485,183681,196
101,0,blank,0,588.29896,587.63236,183681,183873,192
101,0,blank,0,647.39162,584.45106,183873,184065,192
101,0,blank,0,649.06166,612.27384,184065,184261,196
101,0,blank,0,602.70662,645.89356,184261,184453,192
101,0,blank,0,623.38396,647.01126,184453,184645,192
101,0,blank,0,621.6778,641.6478,184645,184684,39
101,0,blank,0,955.36565,894.9501,184758,184927,169
101,0,blank,0,985.988333333333,836.903966666667,184927,185041,114
101,0,blank,0,1004.10265,858.1843,185078,185150,72
101,0,blank,0,494.1861,590.57738,185226,185423,197
101,0,blank,0,549.457966666667,596.5868,185423,185593,170
101,0,blank,0,566.577675,611.6848,185593,185758,165
101,0,blank,0,523.29445,607.7894,185758,185921,163
101,0,blank,0,548.18274,610.18146,185921,186114,193
101,0,blank,0,590.4944,613.45435,186114,186268,154
101,0,blank,0,0,0,186307,186501,194
101,0,blank,0,0,0,186501,186700,199
101,0,blank,0,0,0,186700,186820,120
101,0,blank,0,614.5768,512.9899,186886,186926,40
101,0,blank,0,0,0,187001,187195,194
101,0,blank,0,0,0,187195,187384,189
101,0,blank,0,0,0,187384,187568,184
101,0,blank,0,0,0,187568,187734,166
101,0,blank,0,0,0,187734,187919,185
101,0,blank,0,0,0,187919,188108,189
101,0,blank,0,0,0,188108,188145,37
101,0,blank,0,491.36428,539.08812,188242,188423,181
101,0,blank,0,574.9638,537.22986,188423,188617,194
101,0,blank,0,596.03022,545.6856,188617,188792,175
101,0,blank,0,585.7963,519.26224,188792,188973,181
101,0,blank,0,1197.6874,728.07102,189124,189307,183
101,0,blank,0,1190.884,713.3899,189307,189342,35
101,0,blank,0,508.6251,608.84225,189452,189534,82
101,0,blank,0,0,0,189662,189837,175
101,0,blank,0,0,0,189837,190011,174
101,0,blank,0,0,0,190011,190199,188
101,0,blank,0,0,0,190199,190395,196
101,0,blank,0,0,0,190395,190581,186
101,0,blank,0,0,0,190581,190752,171
101,0,blank,0,0,0,190752,190883,131
101,0,blank,0,0,0,190883,190982,99
101,0,blank,0,0,0,190982,191128,146
101,0,blank,0,0,0,191128,191364,236
101,0,blank,0,0,0,191364,191546,182
101,0,blank,0,0,0,191546,191737,191
101,0,blank,0,0,0,191737,191911,174
101,0,blank,0,0,0,191911,192098,187
101,0,blank,0,0,0,192098,192278,180
101,0,blank,0,0,0,192278,192469,191
101,0,blank,0,0,0,192469,192668,199
101,0,blank,0,0,0,192668,192866,198
101,0,blank,0,0,0,192866,193057,191
101,0,blank,0,0,0,193057,193237,180
101,0,blank,0,0,0,193237,193380,143
101,0,blank,0,0,0,193380,193538,158
101,0,blank,0,0,0,193538,193735,197
101,0,blank,0,0,0,193735,193906,171
101,0,blank,0,0,0,193906,194092,186
101,0,blank,0,0,0,194092,194284,192
101,0,blank,0,0,0,194284,194457,173
101,0,blank,0,0,0,194457,194653,196
101,0,blank,0,0,0,194653,194827,174
101,0,blank,0,0,0,194827,195026,199
101,0,blank,0,0,0,195026,195145,119
101,0,blank,0,0,0,195145,195316,171
101,0,blank,0,0,0,195316,195560,244
101,0,blank,0,0,0,195560,195718,158
101,0,blank,0,0,0,195718,195901,183
101,0,blank,0,0,0,195901,196080,179
101,0,blank,0,0,0,196080,196140,60
101,0,blank,0,0,0,196140,196324,184
101,0,blank,0,0,0,196324,196512,188
101,0,blank,0,0,0,196512,196695,183
101,0,blank,0,0,0,196695,196762,67
101,0,blank,0,0,0,196762,197073,311
101,0,blank,0,0,0,197073,197241,168
101,0,blank,0,0,0,197241,197285,44
101,0,blank,0,591.55155,675.2845,197593,197758,165
101,0,blank,0,584.3314,683.2658,197758,197793,35
101,0,blank,0,582.9553,694.3748,197898,197924,26
101,0,blank,0,660.3228,677.112,197924,198129,205
101,0,blank,0,663.7005,677.6754,198129,198155,26
101,0,blank,0,0,0,198547,198721,174
101,0,blank,0,0,0,198721,198905,184
101,0,blank,0,0,0,198905,199083,178
101,0,blank,0,0,0,199083,199273,190
101,0,blank,0,0,0,199273,199454,181
101,0,blank,0,0,0,199454,199640,186
101,0,blank,0,0,0,199640,199773,133
101,0,blank,0,0,0,199773,199965,192
101,0,blank,0,0,0,199965,200150,185
101,0,blank,0,0,0,200150,200346,196
101,0,blank,0,0,0,200346,200536,190
101,0,blank,0,0,0,200536,200702,166
101,0,blank,0,0,0,200702,200898,196
101,0,blank,0,0,0,200898,201088,190
101,0,blank,0,0,0,201088,201284,196
101,0,blank,0,0,0,201284,201448,164
101,0,blank,0,0,0,201448,201635,187
101,0,blank,0,0,0,201635,201823,188
101,0,blank,0,0,0,201823,202017,194
101,0,blank,0,0,0,202017,202193,176
101,0,blank,0,0,0,202193,202363,170
101,0,blank,0,0,0,202363,202542,179
101,0,blank,0,0,0,202542,202717,175
101,0,blank,0,0,0,202717,202893,176
101,0,blank,0,0,0,202893,203069,176
101,0,blank,0,0,0,203069,203248,179
101,0,blank,0,0,0,203248,203351,103
101,0,blank,0,0,0,203351,203494,143
101,0,blank,0,0,0,203494,203662,168
101,0,blank,0,0,0,203662,203859,197
101,0,blank,0,0,0,203859,203981,122
101,0,blank,0,0,0,203981,204103,122
101,0,blank,0,0,0,204103,204277,174
101,0,blank,0,0,0,204277,204471,194
101,0,blank,0,0,0,204471,204577,106
101,0,blank,0,0,0,204577,204712,135
101,0,blank,0,0,0,204712,204823,111
101,0,blank,0,0,0,204823,205011,188
101,0,blank,0,0,0,205011,205201,190
101,0,blank,0,0,0,205201,205394,193
101,0,blank,0,0,0,205394,205547,153
101,0,blank,0,0,0,205547,205649,102
101,0,blank,0,0,0,205649,205754,105
101,0,blank,0,0,0,205754,205878,124
101,0,blank,0,0,0,205878,206021,143
101,0,blank,0,0,0,206021,206163,142
101,0,blank,0,0,0,206163,206363,200
101,0,blank,0,0,0,206363,206538,175
101,0,blank,0,0,0,206538,206716,178
101,0,blank,0,0,0,206716,206887,171
101,0,blank,0,0,0,206887,207073,186
101,0,blank,0,0,0,207073,207248,175
101,0,blank,0,0,0,207248,207436,188
101,0,blank,0,0,0,207436,207611,175
101,0,blank,0,0,0,207611,207791,180
101,0,blank,0,0,0,207791,207978,187
101,0,blank,0,0,0,207978,208101,123
101,0,blank,0,0,0,208101,208272,171
101,0,blank,0,0,0,208272,208409,137
101,0,blank,0,0,0,208409,208473,64
101,0,blank,0,0,0,208473,208647,174
101,0,blank,0,0,0,208647,208832,185
101,0,blank,0,0,0,208832,209008,176
101,0,blank,0,0,0,209008,209187,179
101,0,blank,0,0,0,209187,209366,179
101,0,blank,0,0,0,209366,209560,194
101,0,blank,0,0,0,209560,209625,65
101,0,blank,0,0,0,209625,209851,226
101,0,blank,0,0,0,209851,210079,228
101,0,blank,0,0,0,210079,210274,195
101,0,blank,0,0,0,210274,210430,156
101,0,blank,0,0,0,210430,210666,236
101,0,blank,0,0,0,210666,210691,25
101,0,blank,0,0,0,210691,211067,376
101,0,blank,0,0,0,211067,211496,429
101,0,blank,0,0,0,211496,211672,176
101,0,blank,0,0,0,211672,211735,63
101,0,blank,0,0,0,211735,211874,139
101,0,blank,0,0,0,211874,212012,138
101,0,blank,0,0,0,212012,212208,196
101,0,blank,0,0,0,212208,212432,224
101,0,blank,0,0,0,212432,212607,175
101,0,blank,0,0,0,212607,212781,174
101,0,blank,0,0,0,212781,212960,179
101,0,blank,0,0,0,212960,213011,51
101,0,blank,0,0,0,213011,213306,295
101,0,blank,0,0,0,213306,213331,25
101,0,blank,0,0,0,213331,213692,361
101,0,blank,0,0,0,213692,214049,357
101,0,blank,0,0,0,214049,214195,146
101,0,blank,0,0,0,214195,214450,255
101,0,blank,0,0,0,214450,214704,254
101,0,blank,0,0,0,214704,214959,255
101,0,blank,0,0,0,214959,215137,178
101,0,blank,0,0,0,215137,215291,154
101,0,blank,0,0,0,215291,215664,373
101,0,blank,0,0,0,215664,215768,104
101,0,blank,0,0,0,215768,215947,179
101,0,blank,0,0,0,215947,216114,167
101,0,blank,0,0,0,216114,216291,177
101,0,blank,0,0,0,216291,216434,143
101,0,blank,0,0,0,216434,216603,169
101,0,blank,0,0,0,216603,216861,258
101,0,blank,0,0,0,216861,217019,158
101,0,blank,0,0,0,217019,217196,177
101,0,blank,0,0,0,217196,217371,175
101,0,blank,0,0,0,217371,217565,194
101,0,blank,0,0,0,217565,217745,180
101,0,blank,0,0,0,217745,217850,105
101,0,blank,0,-0.0533666666666667,743.674566666667,217893,218002,109
101,0,blank,0,549.742733333333,481.6314,218146,218249,103
101,0,blank,0,0,0,218286,218322,36
101,0,blank,0,571.6063,372.789025,218465,218597,132
101,0,blank,0,829.770725,363.64205,218672,218820,148
101,0,blank,0,875.583566666667,403.7443,218820,219001,181
101,0,blank,0,544.815966666667,254.137333333333,219075,219189,114
101,0,blank,0,559.1254,344.262533333333,219460,219639,179
101,0,blank,0,559.767633333333,343.370766666667,219639,219822,183
101,0,blank,0,0,0,219884,219996,112
101,0,blank,0,550.2596,607.55445,220068,220221,153
101,0,blank,0,572.635633333333,621.407766666667,220221,220398,177
101,0,blank,0,612.871633333333,651.269533333333,220398,220576,178
101,0,blank,0,608.54315,645.39045,220576,220698,122
101,0,blank,0,481.22805,1.05605,220879,220949,70
101,0,blank,0,533.9273,832.5123,220982,221013,31
101,21,flag,144,563.8905,234.7274,221164,221354,190
101,0,blank,0,0,0,221809,221990,181
101,0,blank,0,0,0,221990,222145,155
101,0,blank,0,704.57042,344.31656,222255,222449,194
101,0,blank,0,758.513575,344.07545,222449,222605,156
101,0,blank,0,872.35586,350.50626,222644,222830,186
101,0,blank,0,917.0096,359.12285,222830,222903,73
101,0,blank,0,605.46952,487.0546,222979,223163,184
101,0,blank,0,589.2762,457.624233333333,223163,223277,114
101,0,blank,0,589.0803,421.3059,223277,223394,117
101,0,blank,0,1012.4354,1.0837,223796,223861,65
101,0,blank,0,547.009833333333,551.2323,223977,224156,179
101,0,blank,0,558.7781,548.924333333333,224156,224320,164
101,0,blank,0,537.00425,569.29635,224320,224431,111
101,0,blank,0,547.108,563.1623,224431,224537,106
101,0,blank,0,563.6342,576.2571,224537,224709,172
101,0,blank,0,599.891933333333,597.644466666667,224709,224882,173
101,0,blank,0,578.7934,605.963366666667,224882,225052,170
101,0,blank,0,546.962625,651.708325,225052,225230,178
101,0,blank,0,478.23734,641.26162,225230,225417,187
101,0,blank,0,495.94852,597.10764,225417,225608,191
101,0,blank,0,459.6301,577.30635,225608,225766,158
101,0,blank,0,523.22176,509.88722,225766,225963,197
101,0,blank,0,520.5059,517.6129,225963,226001,38
101,0,blank,0,546.5895,408.6297,226038,226077,39
101,0,blank,0,0,0,226151,226318,167
101,0,blank,0,0,0,226318,226507,189
101,0,blank,0,0,0,226507,226700,193
101,0,blank,0,0,0,226700,226853,153
101,0,blank,0,0,0,226853,227021,168
101,0,blank,0,0,0,227021,227194,173
101,0,blank,0,0,0,227194,227377,183
101,0,blank,0,0,0,227377,227567,190
101,0,blank,0,0,0,227567,227735,168
101,0,blank,0,0,0,227735,227921,186
101,0,blank,0,0,0,227921,227960,39
101,0,blank,0,0,0,228024,229618,1594
101,0,blank,0,0,0,229618,229808,190
101,0,blank,0,0,0,229808,229980,172
101,0,blank,0,0,0,229980,230150,170
101,0,blank,0,0,0,230150,230327,177
101,0,blank,0,0,0,230327,230497,170
101,0,blank,0,0,0,230497,230636,139
101,0,blank,0,0,0,230636,230798,162
101,0,blank,0,0,0,230798,230973,175
101,0,blank,0,0,0,230973,231153,180
101,0,blank,0,0,0,231153,231307,154
101,0,blank,0,0,0,231307,231586,279
101,0,blank,0,0,0,231586,231727,141
101,0,blank,0,0,0,231727,231907,180
101,0,blank,0,0,0,231907,232058,151
101,0,blank,0,529.3713,421.40875,232096,232278,182
101,0,blank,0,583.70654,400.26398,232278,232462,184
101,0,blank,0,598.71736,406.75296,232462,232648,186
101,0,blank,0,598.52042,413.95058,232648,232832,184
101,0,blank,0,537.31726,479.00002,232832,233017,185
101,0,blank,0,537.74748,489.17552,233017,233204,187
101,0,blank,0,535.67376,485.36608,233204,233390,186
101,0,blank,0,534.25764,495.2225,233390,233576,186
101,0,blank,0,555.66352,533.16378,233576,233762,186
101,0,blank,0,563.62926,506.4489,233762,233942,180
101,0,blank,0,578.5024,505.376033333333,233942,234054,112
101,0,blank,0,888.4874,527.68964,234090,234286,196
101,0,blank,0,833.3162,517.523233333333,234286,234395,109
101,0,blank,0,511.0823,574.84526,234433,234622,189
101,0,blank,0,486.11042,563.58588,234622,234811,189
101,0,blank,0,476.03778,558.71806,234811,235002,191
101,0,blank,0,561.2301,535.9106,235002,235186,184
101,0,blank,0,573.15466,545.45804,235186,235369,183
101,0,blank,0,579.54122,537.91258,235369,235556,187
101,0,blank,0,0,0,235592,235772,180
101,0,blank,0,484.199725,547.364675,236092,236258,166
101,0,blank,0,482.41768,568.80164,236258,236444,186
101,0,blank,0,498.1378,552.8769,236444,236556,112
101,0,blank,0,0,0,236595,236773,178
101,0,blank,0,0,0,236773,236969,196
101,0,blank,0,0,0,236969,237155,186
101,0,blank,0,0,0,237155,237342,187
101,0,blank,0,0,0,237342,237517,175
101,0,blank,0,0,0,237517,237693,176
101,0,blank,0,0,0,237693,237884,191
101,0,blank,0,0,0,237884,238064,180
101,0,blank,0,0,0,238064,238241,177
101,0,blank,0,0,0,238241,238418,177
101,0,blank,0,0,0,238418,238597,179
101,0,blank,0,0,0,238597,238618,21
101,0,blank,0,566.4887,637.703066666667,238650,238839,189
101,0,blank,0,612.2604,655.813333333333,238839,239020,181
101,0,blank,0,631.6205,679.6484,239020,239080,60
101,0,blank,0,676.2716,594.57942,239890,240070,180
101,0,blank,0,657.06778,638.34666,240070,240260,190
101,0,blank,0,637.71218,634.20524,240260,240449,189
101,0,blank,0,589.31304,650.06406,240449,240641,192
101,0,blank,0,574.43992,662.19264,240641,240831,190
101,0,blank,0,638.45444,657.09026,240831,241023,192
101,0,blank,0,667.799225,656.57705,241023,241189,166
101,0,blank,0,633.75825,642.1493,241189,241377,188
101,0,blank,0,610.52576,635.5077,241377,241575,198
101,0,blank,0,640.44432,639.1118,241575,241772,197
101,0,blank,0,645.748125,671.77065,241772,241963,191
101,0,blank,0,618.16206,652.80116,241963,242159,196
101,0,blank,0,657.01346,633.8822,242159,242353,194
101,0,blank,0,651.05875,659.4948,242353,242529,176
101,0,blank,0,665.79266,670.36022,242529,242716,187
101,0,blank,0,661.54466,664.49766,242716,242913,197
101,0,blank,0,595.84406,677.59048,242913,243108,195
101,0,blank,0,599.14154,676.89242,243108,243301,193
101,0,blank,0,659.4406,673.97588,243301,243497,196
101,0,blank,0,572.85438,634.62998,243497,243691,194
101,0,blank,0,612.59852,639.17758,243691,243884,193
101,0,blank,0,639.34405,629.14605,243884,243964,80
101,0,blank,0,0,0,244003,244180,177
101,0,blank,0,0,0,244180,244362,182
101,0,blank,0,0,0,244362,244551,189
101,0,blank,0,0,0,244551,244725,174
101,0,blank,0,0,0,244725,244905,180
101,0,blank,0,0,0,244905,245086,181
101,0,blank,0,0,0,245086,245270,184
101,0,blank,0,0,0,245270,245464,194
101,0,blank,0,0,0,245464,245568,104
101,0,blank,0,575.148,751.84995,245594,245787,193
101,0,blank,0,578.3438,746.424,245787,245827,40
101,0,blank,0,0,0,245865,246041,176
101,0,blank,0,0,0,246041,246229,188
101,0,blank,0,0,0,246229,246417,188
101,0,blank,0,0,0,246417,246595,178
101,0,blank,0,0,0,246595,246772,177
101,0,blank,0,0,0,246772,246948,176
101,0,blank,0,0,0,246948,247126,178
101,0,blank,0,0,0,247126,247302,176
101,0,blank,0,0,0,247302,247478,176
101,0,blank,0,0,0,247478,247650,172
101,0,blank,0,0,0,247650,247831,181
101,0,blank,0,0,0,247831,247952,121
101,0,blank,0,572.353875,549.81905,248504,248676,172
101,0,blank,0,587.10375,515.86875,248676,248749,73
101,0,blank,0,0,0,248786,248978,192
101,0,blank,0,0,0,248978,249158,180
101,0,blank,0,0,0,249158,249344,186
101,0,blank,0,0,0,249344,249518,174
101,0,blank,0,0,0,249518,249661,143
101,0,blank,0,479.875,745.3782,249684,249797,113
101,0,blank,0,682.04148,727.13128,249828,250018,190
101,0,blank,0,681.38722,735.47576,250018,250205,187
101,0,blank,0,677.8718,730.8989,250205,250242,37
101,0,blank,0,555.92106,742.03474,250284,250474,190
101,0,blank,0,771.16275,711.351025,250511,250685,174
101,0,blank,0,588.81114,653.45372,250722,250907,185
101,0,blank,0,614.07962,710.96168,250907,251095,188
101,0,blank,0,758.78948,733.50894,251095,251289,194
101,0,blank,0,794.3442,730.02012,251289,251483,194
101,0,blank,0,719.314,755.1914,251483,251520,37
101,0,blank,0,541.6508,731.58932,251559,251750,191
101,0,blank,0,526.79652,734.64816,251750,251941,191
101,0,blank,0,518.9066,710.7751,251941,252017,76
101,0,blank,0,524.04594,513.10226,252055,252243,188
101,0,blank,0,521.37304,508.36362,252243,252433,190
101,0,blank,0,515.1426,425.38096,252433,252623,190
101,0,blank,0,546.32785,423.57915,252623,252695,72
101,0,blank,0,0,0,253226,253403,177
101,0,blank,0,0,0,253403,253583,180
101,0,blank,0,0,0,253583,253770,187
101,0,blank,0,0,0,253770,253944,174
101,0,blank,0,0,0,253944,254118,174
101,0,blank,0,0,0,254118,254292,174
101,0,blank,0,0,0,254292,254468,176
101,0,blank,0,0,0,254468,254644,176
101,0,blank,0,0,0,254644,254818,174
101,0,blank,0,0,0,254818,255015,197
101,0,blank,0,0,0,255015,255195,180
101,0,blank,0,0,0,255195,255388,193
101,0,blank,0,0,0,255388,255562,174
101,0,blank,0,0,0,255562,255741,179
101,0,blank,0,0,0,255741,255922,181
101,0,blank,0,0,0,255922,256106,184
101,0,blank,0,0,0,256106,256269,163
101,0,blank,0,0,0,256269,256419,150
101,0,blank,0,0,0,256419,256612,193
101,0,blank,0,0,0,256612,256794,182
101,0,blank,0,0,0,256794,256985,191
101,0,blank,0,0,0,256985,257166,181
101,0,blank,0,0,0,257166,257342,176
101,0,blank,0,0,0,257342,257537,195
101,0,blank,0,0,0,257537,257715,178
101,0,blank,0,0,0,257715,257888,173
101,0,blank,0,0,0,257888,258085,197
101,0,blank,0,0,0,258085,258274,189
101,0,blank,0,0,0,258274,258425,151
101,0,blank,0,0,0,258425,258566,141
101,0,blank,0,0,0,258566,258744,178
101,0,blank,0,0,0,258744,258951,207
101,0,blank,0,0,0,258951,259137,186
101,0,blank,0,0,0,259137,259326,189
101,0,blank,0,0,0,259326,259456,130
101,0,blank,0,611.10735,733.8038,259477,259653,176
101,0,blank,0,672.369733333333,739.7799,259653,259839,186
101,0,blank,0,660.7365,738.00075,259839,260030,191
101,0,blank,0,645.8239,743.2534,260030,260130,100
101,0,blank,0,518.0138,769.30525,260170,260297,127
101,0,blank,0,807.428625,738.969425,260356,260544,188
101,0,blank,0,529.7128,627.84846,260582,260779,197
101,0,blank,0,520.0028,585.12898,260779,260976,197
101,0,blank,0,575.37525,562.028225,260976,261144,168
101,0,blank,0,523.898733333333,758.3232,261223,261344,121
101,0,blank,0,422.3365,765.7133,261344,261501,157
101,0,blank,0,428.2036,753.8185,261501,261582,81
101,0,blank,0,588.0125,779.3273,261620,261817,197
101,0,blank,0,676.0128,781.896075,261817,261978,161
101,0,blank,0,635.46056,767.40236,261978,262176,198
101,0,blank,0,609.42202,781.40766,262176,262374,198
101,0,blank,0,621.5696,785.3827,262374,262454,80
101,0,blank,0,857.20435,872.63545,262494,262656,162
101,0,blank,0,863.08892,859.3749,262656,262852,196
101,0,blank,0,968.42305,1.029325,262933,263096,163
101,0,blank,0,957.6444,1.0209,263096,263139,43
101,0,blank,0,0,0,263222,263405,183
101,0,blank,0,0,0,263405,263457,52
101,0,blank,0,1034.995,1.1068,263483,263573,90
101,0,blank,0,944.875,885.207666666667,263745,263872,127
101,0,blank,0,636.0624,767.2921,263956,263998,42
101,0,blank,0,0,0,264041,264236,195
101,0,blank,0,0,0,264236,264416,180
101,0,blank,0,0,0,264416,264602,186
101,0,blank,0,0,0,264602,264778,176
101,0,blank,0,0,0,264778,264977,199
101,0,blank,0,0,0,264977,265151,174
101,0,blank,0,0,0,265151,265378,227
101,0,blank,0,0,0,265378,265561,183
101,0,blank,0,0,0,265561,265667,106
101,0,blank,0,0,0,265667,265879,212
101,0,blank,0,0,0,265879,266056,177
101,0,blank,0,0,0,266056,266235,179
101,0,blank,0,0,0,266235,266423,188
101,0,blank,0,0,0,266423,266588,165
101,0,blank,0,0,0,266588,266767,179
101,0,blank,0,0,0,266767,266950,183
101,0,blank,0,0,0,266950,267084,134
101,0,blank,0,0,0,267084,267282,198
101,0,blank,0,0,0,267282,267458,176
101,0,blank,0,0,0,267458,267640,182
101,0,blank,0,0,0,267640,267824,184
101,0,blank,0,0,0,267824,267996,172
101,0,blank,0,0,0,267996,268175,179
101,0,blank,0,0,0,268175,268352,177
101,0,blank,0,0,0,268352,268537,185
101,0,blank,0,0,0,268537,268654,117
101,0,blank,0,0,0,268654,268756,102
101,0,blank,0,0,0,268756,268879,123
101,0,blank,0,0,0,268879,269064,185
101,0,blank,0,0,0,269064,269213,149
101,0,blank,0,1010.391,1.0924,269243,269270,27
101,0,blank,0,603.5011,398.8585,269502,269599,97
101,0,blank,0,522.887933333333,620.969133333333,269955,270134,179
101,0,blank,0,518.2419,615.0056,270134,270186,52
101,0,blank,0,614.36215,596.92625,270295,270467,172
101,0,blank,0,589.28325,611.9082,270467,270633,166
101,0,blank,0,550.159633333333,630.776966666667,270633,270821,188
101,0,blank,0,553.74862,669.3056,270821,271011,190
101,0,blank,0,548.50424,678.08626,271011,271201,190
101,0,blank,0,485.02966,705.10862,271201,271392,191
101,0,blank,0,536.96214,704.41986,271392,271585,193
101,0,blank,0,551.317333333333,701.8928,271585,271701,116
101,0,blank,0,654.79762,740.45332,271740,271927,187
101,0,blank,0,585.05132,750.22576,271927,272119,192
101,0,blank,0,592.3867,742.5524,272119,272272,153
101,0,blank,0,0,0,272311,272489,178
101,0,blank,0,0,0,272489,272671,182
101,0,blank,0,0,0,272671,272858,187
101,0,blank,0,0,0,272858,273038,180
101,0,blank,0,0,0,273038,273184,146
101,0,blank,0,0,0,273184,273377,193
101,0,blank,0,0,0,273377,273536,159
101,0,blank,0,0,0,273536,273715,179
101,0,blank,0,0,0,273715,273895,180
101,0,blank,0,0,0,274177,274364,187
101,0,blank,0,0,0,274364,274536,172
101,0,blank,0,0,0,274536,274735,199
101,0,blank,0,0,0,274735,274909,174
101,0,blank,0,0,0,274909,275106,197
101,0,blank,0,0,0,275106,275239,133
101,0,blank,0,0,0,275239,275397,158
101,0,blank,0,0,0,275397,275540,143
101,0,blank,0,0,0,275540,275729,189
101,0,blank,0,0,0,275729,275910,181
101,0,blank,0,0,0,275910,276099,189
101,0,blank,0,0,0,276099,276283,184
101,0,blank,0,0,0,276283,276466,183
101,0,blank,0,0,0,276466,276618,152
101,0,blank,0,0,0,276618,276795,177
101,0,blank,0,0,0,276795,276957,162
101,0,blank,0,0,0,276957,277122,165
101,0,blank,0,0,0,277122,277312,190
101,0,blank,0,0,0,277312,277490,178
101,0,blank,0,0,0,277490,277658,168
101,0,blank,0,0,0,277658,277832,174
101,0,blank,0,0,0,277832,278008,176
101,0,blank,0,0,0,278008,278193,185
101,0,blank,0,0,0,278193,278374,181
101,0,blank,0,0,0,278374,278550,176
101,0,blank,0,0,0,278550,278726,176
101,0,blank,0,0,0,278726,278919,193
101,0,blank,0,0,0,278919,279100,181
101,0,blank,0,0,0,279100,279276,176
101,0,blank,0,0,0,279276,279418,142
101,0,blank,0,0,0,279418,279597,179
101,0,blank,0,0,0,279597,279756,159
101,0,blank,0,0,0,279756,279950,194
101,0,blank,0,0,0,279950,280092,142
101,0,blank,0,0,0,280092,280289,197
101,0,blank,0,0,0,280289,280466,177
101,0,blank,0,0,0,280466,280664,198
101,0,blank,0,0,0,280664,280844,180
101,0,blank,0,0,0,280844,281018,174
101,0,blank,0,0,0,281018,281177,159
101,0,blank,0,677.67075,724.9136,281241,281391,150
101,0,blank,0,684.99,720.9602,281391,281549,158
101,0,blank,0,700.783466666667,739.634633333333,281549,281707,158
101,0,blank,0,464.0744,1.10234,281922,282077,155
101,0,blank,0,611.9146,810.7208,282330,282393,63
101,0,blank,0,671.75885,747.27195,282446,282575,129
101,0,blank,0,681.76115,746.83985,282575,282756,181
101,0,blank,0,663.3511,731.3381,282756,282878,122
101,0,blank,0,0,0,282939,283138,199
101,0,blank,0,0,0,283138,283327,189
101,0,blank,0,0,0,283327,283525,198
101,0,blank,0,0,0,283525,283708,183
101,0,blank,0,0,0,283708,283883,175
101,0,blank,0,0,0,283883,284055,172
101,0,blank,0,0,0,284055,284235,180
101,0,blank,0,0,0,284235,284362,127
101,0,blank,0,0,0,284362,284498,136
101,0,blank,0,0,0,284498,284689,191
101,0,blank,0,0,0,284689,284876,187
101,0,blank,0,0,0,284876,285049,173
101,0,blank,0,0,0,285049,285234,185
101,0,blank,0,0,0,285234,285421,187
101,0,blank,0,0,0,285421,285601,180
101,0,blank,0,0,0,285601,285770,169
101,0,blank,0,0,0,285770,285938,168
101,0,blank,0,0,0,285938,286135,197
101,0,blank,0,0,0,286135,286333,198
101,0,blank,0,0,0,286333,286512,179
101,0,blank,0,0,0,286512,286709,197
101,0,blank,0,0,0,286709,286824,115
101,0,blank,0,0,0,286824,287023,199
101,0,blank,0,0,0,287023,287111,88
101,0,blank,0,0,0,287111,287326,215
101,0,blank,0,0,0,287326,287431,105
101,0,blank,0,0,0,287431,287698,267
101,0,blank,0,0,0,287698,287877,179
101,0,blank,0,0,0,287877,288072,195
101,0,blank,0,893.0618,1.13825,288130,288226,96
101,0,blank,0,0,0,288303,288477,174
101,0,blank,0,0,0,288477,288663,186
101,0,blank,0,0,0,288663,288860,197
101,0,blank,0,0,0,288860,289036,176
101,0,blank,0,0,0,289036,289256,220
101,0,blank,0,0,0,289256,289438,182
101,0,blank,0,0,0,289438,289531,93
101,0,blank,0,518.24952,1.06566,289559,289735,176
101,0,blank,0,0,0,289973,290162,189
101,0,blank,0,0,0,290162,290345,183
101,0,blank,0,0,0,290345,290539,194
101,0,blank,0,0,0,290539,290719,180
101,0,blank,0,0,0,290719,290897,178
101,0,blank,0,0,0,290897,291059,162
101,0,blank,0,621.8277,765.0154,291213,291507,294
101,0,blank,0,597.4521,774.60975,291507,291658,151
101,0,blank,0,620.04635,736.59585,291713,291880,167
101,0,blank,0,688.5603,715.33495,291880,292041,161
101,0,blank,0,602.87985,739.5646,292041,292147,106
101,0,blank,0,0,0,292221,292395,174
101,0,blank,0,604.23364,742.60036,292533,292708,175
101,0,blank,0,636.21945,753.62575,292708,292784,76
101,0,blank,0,1237.3294,1.09454,292863,293047,184
101,0,blank,0,1240.023,1.11215,293047,293119,72
101,0,blank,0,0,0,293153,293331,178
101,0,blank,0,0,0,293331,293513,182
101,0,blank,0,0,0,293513,293598,85
101,0,blank,0,509.903,718.2311,293710,293904,194
101,0,blank,0,535.08795,539.6054,293977,294117,140
101,0,blank,0,596.0072,464.3503,294117,294180,63
101,0,blank,0,0,0,294379,294517,138
101,0,blank,0,0,0,294517,294696,179
101,0,blank,0,0,0,294696,294891,195
101,0,blank,0,0,0,294891,295085,194
101,0,blank,0,0,0,295085,295279,194
101,0,blank,0,0,0,295279,295453,174
101,0,blank,0,0,0,295453,295630,177
101,0,blank,0,0,0,295630,295807,177
101,0,blank,0,0,0,295807,295986,179
101,0,blank,0,0,0,295986,296162,176
101,0,blank,0,0,0,296162,296344,182
101,0,blank,0,0,0,296344,296524,180
101,0,blank,0,0,0,296524,296667,143
101,0,blank,0,668.2264,769.9628,296696,296725,29
101,0,blank,0,0,0,296863,297041,178
101,0,blank,0,0,0,297041,297223,182
101,0,blank,0,0,0,297223,297410,187
101,0,blank,0,0,0,297410,297593,183
101,0,blank,0,0,0,297593,297656,63
101,0,blank,0,0,0,297656,297832,176
101,0,blank,0,0,0,297832,298026,194
101,0,blank,0,0,0,298026,298201,175
101,0,blank,0,0,0,298201,298381,180
101,0,blank,0,0,0,298381,298564,183
101,0,blank,0,0,0,298564,298737,173
101,0,blank,0,0,0,298737,298912,175
101,0,blank,0,0,0,298912,299089,177
101,0,blank,0,0,0,299089,299264,175
101,0,blank,0,0,0,299264,299448,184
101,0,blank,0,0,0,299448,299625,177
101,0,blank,0,0,0,299625,299810,185
101,0,blank,0,0,0,299810,299996,186
101,0,blank,0,0,0,299996,300051,55
101,0,blank,0,0,0,300051,300233,182
101,0,blank,0,0,0,300233,300408,175
101,0,blank,0,0,0,300408,300587,179
101,0,blank,0,0,0,300587,300762,175
101,0,blank,0,0,0,300762,300912,150
101,0,blank,0,0,0,300912,301074,162
101,0,blank,0,0,0,301074,301266,192
101,0,blank,0,0,0,301266,301440,174
101,0,blank,0,0,0,301440,301571,131
101,0,blank,0,0,0,301571,301703,132
101,0,blank,0,0,0,301703,301925,222
101,0,blank,0,0,0,301925,302097,172
101,0,blank,0,0,0,302097,302274,177
101,0,blank,0,0,0,302274,302361,87
101,0,blank,0,0,0,302361,302501,140
101,0,blank,0,0,0,302501,302720,219
101,0,blank,0,0,0,302720,302928,208
101,0,blank,0,0,0,302928,303107,179
101,0,blank,0,0,0,303107,303257,150
101,0,blank,0,0,0,303257,303445,188
101,0,blank,0,0,0,303445,303470,25
101,0,blank,0,0,0,303470,303720,250
101,0,blank,0,0,0,303720,303914,194
101,0,blank,0,0,0,303914,304083,169
101,0,blank,0,0,0,304083,304155,72
101,0,blank,0,1028.393,1.0958,304187,304276,89
101,0,blank,0,0,0,304532,304720,188
101,0,blank,0,0,0,304720,304914,194
101,0,blank,0,0,0,304914,305089,175
101,0,blank,0,0,0,305089,305285,196
101,0,blank,0,0,0,305285,305411,126
101,0,blank,0,482.4993,1.08204,305436,305612,176
101,0,blank,0,501.062783333333,1.0667,305612,305797,185
101,0,blank,0,480.79855,1.1002,305797,305890,93
101,0,blank,0,601.00352,699.60134,305951,306142,191
101,0,blank,0,588.4814,703.9625,306142,306183,41
101,0,blank,0,472.6442,1.07734,306386,306559,173
101,0,blank,0,481.87275,1.07998333333333,306559,306746,187
101,0,blank,0,673.3466,784.4387,306778,306810,32
101,0,blank,0,641.2826,807.55664,306877,307040,163
101,0,blank,0,545.339975,753.64845,307040,307217,177
101,0,blank,0,601.28048,784.4606,307217,307400,183
101,0,blank,0,704.62966,816.45788,307400,307582,182
101,0,blank,0,716.23214,774.34176,307582,307769,187
101,0,blank,0,713.76225,785.1447,307769,307845,76
101,0,blank,0,0,0,307921,308107,186
101,0,blank,0,0,0,308107,308269,162
101,0,blank,0,0,0,308269,308315,46
101,0,blank,0,490.25715,1.07925,308362,308425,63
101,0,blank,0,451.524,1.1008,308425,308617,192
101,0,blank,0,452.5392,1.0924,308617,308904,287
101,0,blank,0,0,0,309067,309266,199
101,0,blank,0,0,0,309266,309443,177
101,0,blank,0,0,0,309443,309631,188
101,0,blank,0,0,0,309631,309809,178
101,0,blank,0,0,0,309809,309988,179
101,0,blank,0,0,0,309988,310163,175
101,0,blank,0,0,0,310163,310340,177
101,0,blank,0,0,0,310340,310517,177
101,0,blank,0,0,0,310517,310716,199
101,0,blank,0,0,0,310716,310875,159
101,0,blank,0,0,0,310875,311032,157
101,0,blank,0,0,0,311032,311176,144
101,0,blank,0,0,0,311176,311286,110
101,0,blank,0,0,0,311286,311474,188
101,0,blank,0,0,0,311474,311648,174
101,0,blank,0,0,0,311648,311844,196
101,0,blank,0,0,0,311844,312030,186
101,0,blank,0,0,0,312030,312052,22
101,0,blank,0,0,0,312052,312256,204
101,0,blank,0,0,0,312256,312302,46
101,0,blank,0,0,0,312302,312619,317
101,0,blank,0,0,0,312619,312874,255
101,0,blank,0,0,0,312874,313128,254
101,0,blank,0,0,0,313128,313300,172
101,0,blank,0,0,0,313300,313474,174
101,0,blank,0,0,0,313474,313659,185
101,0,blank,0,0,0,313659,313837,178
101,0,blank,0,0,0,313837,314012,175
101,0,blank,0,0,0,314012,314191,179
101,0,blank,0,0,0,314191,314370,179
101,0,blank,0,0,0,314370,314559,189
101,0,blank,0,0,0,314559,314677,118
101,0,blank,0,0,0,314677,314802,125
101,0,blank,0,0,0,314802,315018,216
101,0,blank,0,0,0,315018,315206,188
101,0,blank,0,0,0,315206,315339,133
101,0,blank,0,0,0,315404,315584,180
101,0,blank,0,0,0,315584,315763,179
101,0,blank,0,0,0,315763,315802,39
101,0,blank,0,749.2522,797.0661,315875,315994,119
101,0,blank,0,746.1058,812.0598,315994,316079,85
101,0,blank,0,0,0,316202,316357,155
101,0,blank,0,0,0,316357,316546,189
101,0,blank,0,0,0,316546,316668,122
101,0,blank,0,0,0,316668,316838,170
101,0,blank,0,0,0,316838,317006,168
101,0,blank,0,0,0,317006,317166,160
101,0,blank,0,0,0,317166,317208,42
101,0,blank,0,653.015166666667,711.4196,317423,317531,108
101,0,blank,0,599.3372,729.2507,317531,317673,142
101,0,blank,0,568.435175,571.7969,318042,318208,166
101,0,blank,0,582.97225,580.231925,318208,318395,187
101,0,blank,0,598.2381,612.72758,318395,318580,185
101,0,blank,0,597.3289,597.299,318580,318617,37
101,0,blank,0,0,0,318655,318728,73
101,0,blank,0,502.21755,727.85035,318761,318908,147
101,0,blank,0,770.287933333333,742.579333333333,319030,319189,159
101,0,blank,0,676.710266666667,739.6859,319189,319363,174
101,0,blank,0,627.593366666667,762.801333333333,319363,319554,191
101,0,blank,0,567.256833333333,786.645633333333,319554,319731,177
101,0,blank,0,647.681633333333,767.517466666667,319731,319907,176
101,0,blank,0,638.044933333333,756.7685,319907,320092,185
101,0,blank,0,633.07724,748.60484,320092,320289,197
101,0,blank,0,533.18712,765.13896,320289,320484,195
101,0,blank,0,538.96275,762.4493,320484,320644,160
101,0,blank,0,551.62835,784.4507,320644,320724,80
101,0,blank,0,0,0,320805,320990,185
101,0,blank,0,0,0,320990,321071,81
101,0,blank,0,520.12246,778.0333,321106,321299,193
101,0,blank,0,449.822625,772.506475,321299,321483,184
101,0,blank,0,566.39395,754.927875,321483,321654,171
101,0,blank,0,569.506925,753.2912,321654,321828,174
101,0,blank,0,499.272875,735.1441,321868,322033,165
101,0,blank,0,533.082525,761.6922,322033,322196,163
101,0,blank,0,584.422166666667,799.332333333333,322196,322319,123
101,0,blank,0,0,0,322360,322558,198
101,0,blank,0,0,0,322558,322736,178
101,0,blank,0,0,0,322736,322872,136
101,0,blank,0,0,0,322872,323059,187
101,0,blank,0,0,0,323059,323144,85
101,0,blank,0,0,0,323144,323335,191
101,0,blank,0,0,0,323335,323512,177
101,0,blank,0,0,0,323512,323695,183
101,0,blank,0,0,0,323695,323879,184
101,0,blank,0,0,0,323879,324053,174
101,0,blank,0,0,0,324053,324227,174
101,0,blank,0,0,0,324227,324404,177
101,0,blank,0,0,0,324404,324584,180
101,0,blank,0,0,0,324584,324745,161
101,0,blank,0,0,0,324745,324930,185
101,0,blank,0,0,0,324930,325089,159
101,0,blank,0,0,0,325089,325236,147
101,0,blank,0,0,0,325236,325416,180
101,0,blank,0,0,0,325416,325555,139
101,0,blank,0,0,0,325555,325723,168
101,0,blank,0,0,0,325723,325901,178
101,0,blank,0,0,0,325901,326008,107
101,0,blank,0,0,0,326008,326197,189
101,0,blank,0,0,0,326197,326378,181
101,0,blank,0,0,0,326378,326560,182
101,0,blank,0,0,0,326560,326749,189
101,0,blank,0,0,0,326749,326923,174
101,0,blank,0,0,0,326923,327100,177
101,0,blank,0,0,0,327100,327180,80
101,0,blank,0,0,0,327180,327404,224
101,0,blank,0,0,0,327404,327442,38
101,0,blank,0,0,0,327442,327633,191
101,0,blank,0,0,0,327633,327790,157
101,0,blank,0,0,0,327790,327979,189
101,0,blank,0,0,0,327979,328152,173
101,0,blank,0,0,0,328152,328309,157
101,0,blank,0,0,0,328309,328368,59
101,0,blank,0,1.02965,1.1577,329325,329518,193
101,0,blank,0,1.026,1.1288,329518,329566,48
101,0,blank,0,1.0341,1.1206,329566,329758,192
101,0,blank,0,1.0238,1.1355,329758,329822,64
101,0,blank,0,1.1876,1.0613,329822,329976,154
101,0,blank,0,500.46795,822.10015,330390,330577,187
101,0,blank,0,541.0869,788.463075,330577,330761,184
101,0,blank,0,561.4581,771.549975,330761,330936,175
101,0,blank,0,504.597975,806.297275,330936,331099,163
101,0,blank,0,474.77168,814.01958,331099,331297,198
101,0,blank,0,512.906,780.111725,331297,331462,165
101,0,blank,0,600.48534,763.05316,331462,331649,187
101,0,blank,0,685.0674,768.30658,331649,331839,190
101,0,blank,0,723.84438,766.6114,331839,332032,193
101,0,blank,0,0,0,332070,332215,145
101,0,blank,0,568.6389,558.0811,332271,332327,56
101,0,blank,0,678.023975,789.4362,332441,332611,170
101,0,blank,0,685.223233333333,780.460933333333,332611,332732,121
101,0,blank,0,0,0,332812,333001,189
101,0,blank,0,0,0,333001,333184,183
101,0,blank,0,0,0,333184,333373,189
101,0,blank,0,0,0,333373,333570,197
101,0,blank,0,0,0,333570,333738,168
101,0,blank,0,0,0,333738,333928,190
101,0,blank,0,0,0,333928,334116,188
101,0,blank,0,0,0,334116,334308,192
101,0,blank,0,0,0,334308,334486,178
101,0,blank,0,0,0,334486,334639,153
101,0,blank,0,0,0,334639,334818,179
101,0,blank,0,0,0,334818,334961,143
101,0,blank,0,0,0,334961,335158,197
101,0,blank,0,0,0,335158,335352,194
101,0,blank,0,0,0,335352,335546,194
101,0,blank,0,0,0,335546,335712,166
101,0,blank,0,0,0,335712,335812,100
101,0,blank,0,0,0,335812,336005,193
101,0,blank,0,0,0,336005,336174,169
101,0,blank,0,0,0,336174,336212,38
101,0,blank,0,0,0,336212,336382,170
101,0,blank,0,0,0,336382,336441,59
101,0,blank,0,0,0,336441,336637,196
101,0,blank,0,0,0,336637,336812,175
101,0,blank,0,0,0,336812,336987,175
101,0,blank,0,0,0,336987,337163,176
101,0,blank,0,0,0,337163,337346,183
101,0,blank,0,0,0,337346,337506,160
101,0,blank,0,0,0,337506,337627,121
101,0,blank,0,0,0,337627,337770,143
101,0,blank,0,0,0,337770,337992,222
101,0,blank,0,0,0,337992,338176,184
101,0,blank,0,0,0,338176,338353,177
101,0,blank,0,0,0,338353,338509,156
101,0,blank,0,0,0,338509,338658,149
101,0,blank,0,0,0,338658,338845,187
101,0,blank,0,0,0,338845,338998,153
101,0,blank,0,0,0,338998,339161,163
101,0,blank,0,0,0,339161,339343,182
101,0,blank,0,0,0,339343,339519,176
101,0,blank,0,589.5618,730.2131,339551,339650,99
101,0,blank,0,726.157,756.44265,339765,339862,97
101,0,blank,0,688.1929,744.6119,339862,339974,112
101,0,blank,0,0,0,340082,340135,53
101,0,blank,0,0,0,340626,340726,100
101,0,blank,0,0,0,340726,340910,184
101,0,blank,0,0,0,340910,341077,167
101,0,blank,0,0,0,341077,341142,65
101,0,blank,0,449.97148,1.08102,341274,341457,183
101,0,blank,0,0,0,341548,341711,163
101,0,blank,0,0,0,342134,342188,54
101,0,blank,0,0,0,342369,342555,186
101,0,blank,0,0,0,342555,342741,186
101,0,blank,0,0,0,342741,342935,194
101,0,blank,0,0,0,342935,343068,133
101,0,blank,0,0,0,343068,343268,200
101,0,blank,0,0,0,343268,343302,34
101,0,blank,0,0,0,343302,343524,222
101,0,blank,0,0,0,343524,343602,78
101,0,blank,0,557.19745,755.4138,343642,343840,198
101,0,blank,0,579.1367,756.8115,343840,343930,90
101,0,blank,0,693.32538,775.89516,344162,344332,170
101,0,blank,0,645.32998,784.00992,344332,344516,184
101,0,blank,0,650.8782,794.21565,344516,344593,77
101,0,blank,0,1311.74475,1.059375,344671,344832,161
101,0,blank,0,1305.351,1.0576,344905,344941,36
101,0,blank,0,1.05532,1.07894,345394,345575,181
101,0,blank,0,864.04446,1.14474,345648,345840,192
101,0,blank,0,859.0054,1.1596,345840,345878,38
101,0,blank,0,656.42402,1.13294,345918,346113,195
101,0,blank,0,696.034975,1.12545,346113,346271,158
101,0,blank,0,0,0,346332,346526,194
101,0,blank,0,0,0,346526,346610,84
101,0,blank,0,1219.539,791.0943,346671,346792,121
101,0,blank,0,722.652433333333,751.606333333333,347107,347303,196
101,0,blank,0,1132.19,1.0422,347734,347785,51
101,0,blank,0,1232.9198,1.07878,347840,348017,177
101,0,blank,0,1316.0978,1.03388,348051,348224,173
101,0,blank,0,656.39722,709.04378,348294,348474,180
101,0,blank,0,682.70896,717.97376,348474,348664,190
101,0,blank,0,792.72604,742.37336,348664,348843,179
101,0,blank,0,703.26014,750.15384,348843,349021,178
101,0,blank,0,666.00202,755.3529,349021,349196,175
101,0,blank,0,667.11984,750.52786,349196,349371,175
101,0,blank,0,651.71324,736.97942,349371,349546,175
101,0,blank,0,677.33384,711.52476,349546,349719,173
101,0,blank,0,730.28214,642.97736,349719,349896,177
101,0,blank,0,728.2708,641.9003,349896,349932,36
101,0,blank,0,927.961366666667,574.239666666667,349967,350131,164
101,0,blank,0,948.25286,572.63648,350131,350312,181
101,0,blank,0,1056.87725,498.153625,350347,350489,142
101,0,blank,0,0,0,350595,350791,196
101,0,blank,0,565.7978,511.1801,350945,350969,24
101,0,blank,0,0,0,351035,351222,187
101,0,blank,0,0,0,351222,351305,83
101,0,blank,0,0,0,351305,351640,335
101,0,blank,0,0,0,351640,351807,167
101,0,blank,0,0,0,351807,351887,80
101,0,blank,0,0,0,351887,352107,220
101,0,blank,0,0,0,352107,352282,175
101,0,blank,0,0,0,352282,352418,136
101,0,blank,0,0,0,352418,352575,157
101,0,blank,0,0,0,352575,352771,196
101,0,blank,0,0,0,352771,352905,134
101,0,blank,0,0,0,352905,353094,189
101,0,blank,0,0,0,353094,353267,173
101,0,blank,0,0,0,353267,353464,197
101,0,blank,0,0,0,353464,353654,190
101,0,blank,0,0,0,353654,353833,179
101,0,blank,0,0,0,353833,353985,152
101,0,blank,0,0,0,353985,354171,186
101,0,blank,0,0,0,354171,354370,199
101,0,blank,0,0,0,354370,354554,184
101,0,blank,0,0,0,354554,354753,199
101,0,blank,0,0,0,354753,354948,195
101,0,blank,0,0,0,354948,355122,174
101,0,blank,0,0,0,355122,355302,180
101,0,blank,0,0,0,355302,355484,182
101,0,blank,0,0,0,355484,355682,198
101,0,blank,0,0,0,355682,355780,98
101,0,blank,0,0,0,355780,355946,166
101,0,blank,0,0,0,355946,356093,147
101,0,blank,0,0,0,356093,356248,155
101,0,blank,0,0,0,356248,356385,137
101,0,blank,0,0,0,356385,356570,185
101,0,blank,0,0,0,356570,356749,179
101,0,blank,0,0,0,356749,356846,97
102,0,blank,0,0,0,357170,357361,191
102,0,blank,0,0,0,357361,357542,181
102,0,blank,0,0,0,357542,357698,156
102,0,blank,0,0,0,357698,357804,106
102,0,blank,0,0,0,357804,357904,100
102,0,blank,0,0,0,357904,358019,115
102,0,blank,0,0,0,358019,358226,207
102,0,blank,0,0,0,358226,358409,183
102,0,blank,0,0,0,358409,358586,177
102,0,blank,0,0,0,358586,358730,144
102,0,blank,0,0,0,358730,358924,194
102,0,blank,0,0,0,358924,359106,182
102,0,blank,0,0,0,359106,359290,184
102,0,blank,0,0,0,359290,359465,175
102,0,blank,0,0,0,359465,359628,163
102,0,blank,0,0,0,359628,359816,188
102,0,blank,0,0,0,359816,360044,228
102,0,blank,0,0,0,360044,360117,73
102,0,blank,0,0,0,360117,360311,194
102,0,blank,0,0,0,360311,360497,186
102,0,blank,0,0,0,360497,360637,140
102,0,blank,0,0,0,360637,360818,181
102,0,blank,0,0,0,360818,360892,74
102,0,blank,0,0,0,360892,361388,496
102,0,blank,0,0,0,361388,361432,44
102,0,blank,0,476.6638,581.0567,361509,361699,190
102,0,blank,0,563.5203,571.3599,361699,361879,180
102,0,blank,0,568.8734,574.8268,361879,362056,177
103,0,blank,0,627.68572,580.90236,362444,362631,187
103,0,blank,0,668.75846,606.53462,362631,362823,192
103,0,blank,0,660.66676,626.7884,362823,363011,188
103,0,blank,0,664.5705,672.21602,363011,363193,182
103,0,blank,0,723.10056,717.89808,363193,363385,192
103,0,blank,0,766.3305,733.8011,363385,363579,194
103,0,blank,0,692.72312,750.61336,363579,363763,184
103,0,blank,0,697.25916,762.51966,363763,363954,191
103,0,blank,0,718.8125,772.487575,363954,364104,150
103,0,blank,0,1341.15675,610.96125,364218,364381,163
103,0,blank,0,1341.45633333333,605.433233333333,364381,364497,116
103,0,blank,0,1236.07075,880.5165,364536,364686,150
103,0,blank,0,1069.475,861.09252,364724,364917,193
103,0,blank,0,1071.47533333333,860.637133333333,364917,365033,116
103,0,blank,0,0,0,365110,365286,176
103,0,blank,0,0,0,365286,365467,181
103,0,blank,0,0,0,365467,365641,174
103,0,blank,0,0,0,365641,365802,161
103,0,blank,0,0,0,365802,365914,112
103,0,blank,0,0,0,365914,366072,158
103,0,blank,0,0,0,366072,366221,149
103,0,blank,0,0,0,366221,366394,173
103,0,blank,0,0,0,366394,366478,84
103,0,blank,0,0,0,366478,366638,160
103,0,blank,0,0,0,366638,366822,184
103,0,blank,0,0,0,366822,366858,36
103,0,blank,0,0,0,366858,367064,206
103,0,blank,0,0,0,367064,367251,187
103,0,blank,0,0,0,367251,367426,175
103,0,blank,0,0,0,367426,367571,145
103,0,blank,0,0,0,367571,367764,193
103,0,blank,0,0,0,367764,367943,179
103,0,blank,0,0,0,367943,368119,176
103,0,blank,0,0,0,368119,368303,184
103,0,blank,0,0,0,368303,368480,177
103,0,blank,0,0,0,368480,368669,189
103,0,blank,0,0,0,368669,368851,182
103,0,blank,0,0,0,368851,368889,38
103,0,blank,0,0,0,368889,369088,199
103,0,blank,0,0,0,369088,369284,196
103,0,blank,0,0,0,369284,369396,112
103,0,blank,0,0,0,369396,369563,167
103,0,blank,0,0,0,369563,369678,115
103,0,blank,0,0,0,369678,369864,186
103,0,blank,0,0,0,369864,370028,164
103,0,blank,0,0,0,370028,370202,174
103,0,blank,0,0,0,370202,370337,135
103,0,blank,0,0,0,370337,370507,170
103,0,blank,0,0,0,370507,370656,149
103,0,blank,0,0,0,370656,370727,71
103,0,blank,0,0,0,370727,370922,195
103,0,blank,0,0,0,370922,371102,180
103,0,blank,0,0,0,371102,371281,179
103,0,blank,0,0,0,371281,371461,180
103,0,blank,0,0,0,371461,371641,180
103,0,blank,0,0,0,371641,371772,131
103,0,blank,0,0,0,371772,371912,140
103,0,blank,0,0,0,371912,372099,187
103,0,blank,0,0,0,372099,372294,195
103,0,blank,0,0,0,372294,372471,177
103,0,blank,0,0,0,372471,372639,168
103,0,blank,0,0,0,372639,372828,189
103,0,blank,0,0,0,372828,373023,195
103,0,blank,0,0,0,373023,373197,174
103,0,blank,0,0,0,373197,373372,175
103,0,blank,0,0,0,373372,373552,180
103,0,blank,0,0,0,373552,373739,187
103,0,blank,0,0,0,373739,373920,181
103,0,blank,0,0,0,373920,374074,154
103,0,blank,0,0,0,374074,374265,191
103,0,blank,0,0,0,374265,374441,176
103,0,blank,0,0,0,374441,374622,181
103,0,blank,0,0,0,374622,374820,198
103,0,blank,0,0,0,374820,375072,252
103,0,blank,0,0,0,375072,375329,257
103,0,blank,0,0,0,375329,375526,197
103,0,blank,0,0,0,375526,375716,190
103,0,blank,0,706.187,366.2712,376078,376132,54
103,0,blank,0,500.64295,427.2668,376188,376308,120
103,0,blank,0,0,0,376364,376551,187
103,0,blank,0,0,0,376551,376735,184
103,0,blank,0,0,0,376735,376932,197
103,0,blank,0,0,0,376932,377113,181
103,0,blank,0,0,0,377113,377293,180
103,0,blank,0,0,0,377293,377431,138
103,0,blank,0,0,0,377431,377570,139
103,0,blank,0,0,0,377570,377780,210
103,0,blank,0,0,0,377780,377806,26
103,0,blank,0,416.0997,517.4448,377858,377889,31
103,0,blank,0,0,0,378475,378672,197
103,0,blank,0,0,0,378672,378852,180
103,0,blank,0,0,0,378852,379051,199
103,0,blank,0,0,0,379051,379231,180
103,0,blank,0,0,0,379231,379380,149
103,0,blank,0,0,0,379380,379484,104
103,0,blank,0,0,0,379484,379654,170
103,0,blank,0,0,0,379654,379815,161
103,0,blank,0,519.9978,487.81972,379924,380103,179
103,0,blank,0,510.7351,476.48146,380103,380286,183
103,0,blank,0,504.75808,449.17242,380286,380462,176
103,0,blank,0,519.0778,459.78742,380462,380640,178
103,0,blank,0,525.6311,483.0588,380640,380674,34
103,0,blank,0,522.0259,536.7162,380674,380999,325
103,0,blank,0,519.8303,537.7528,380999,381191,192
103,0,blank,0,512.125,520.378975,381191,381352,161
103,0,blank,0,515.08506,518.39372,381352,381550,198
103,0,blank,0,518.94066,528.28268,381550,381736,186
103,0,blank,0,518.68666,530.6187,381736,381931,195
103,0,blank,0,546.99518,547.64504,381931,382119,188
103,0,blank,0,550.8538,554.34945,382119,382268,149
103,0,blank,0,0,0,382306,382504,198
103,0,blank,0,0,0,382504,382684,180
103,0,blank,0,0,0,382684,382871,187
103,0,blank,0,0,0,382871,383070,199
103,0,blank,0,0,0,383070,383231,161
103,0,blank,0,0,0,383231,383411,180
103,0,blank,0,0,0,383411,383589,178
103,0,blank,0,0,0,383589,383680,91
103,0,blank,0,594.61095,664.60535,383793,383890,97
103,0,blank,0,0,0,383929,384107,178
103,0,blank,0,0,0,384107,384302,195
103,0,blank,0,0,0,384302,384466,164
103,0,blank,0,0,0,384466,384653,187
103,0,blank,0,0,0,384653,384835,182
103,0,blank,0,0,0,384835,385009,174
103,0,blank,0,0,0,385009,385138,129
103,0,blank,0,565.128466666667,676.189333333333,385253,385443,190
103,0,blank,0,572.25535,694.9481,385443,385628,185
103,0,blank,0,562.7959,695.3834,385628,385803,175
103,0,blank,0,546.3048,679.079866666667,385803,385969,166
103,0,blank,0,603.8903,667.211933333333,385969,386143,174
103,0,blank,0,571.273175,681.5043,386143,386329,186
103,0,blank,0,508.08764,637.69674,386329,386510,181
103,0,blank,0,480.37862,614.51456,386510,386695,185
103,0,blank,0,499.7388,604.33278,386695,386876,181
103,0,blank,0,565.59922,600.5939,386876,387061,185
103,0,blank,0,0,0,387139,387320,181
103,0,blank,0,0,0,387320,387504,184
103,0,blank,0,0,0,387504,387693,189
103,0,blank,0,0,0,387693,387866,173
103,0,blank,0,0,0,387866,388041,175
103,0,blank,0,0,0,388041,388215,174
103,0,blank,0,0,0,388215,388393,178
103,0,blank,0,0,0,388393,388573,180
103,0,blank,0,0,0,388573,388754,181
103,0,blank,0,0,0,388754,388934,180
103,0,blank,0,0,0,388934,389104,170
103,0,blank,0,0,0,389104,389210,106
103,0,blank,0,0,0,389210,389393,183
103,0,blank,0,0,0,389393,389570,177
103,0,blank,0,0,0,389570,389739,169
103,0,blank,0,0,0,389739,389925,186
103,0,blank,0,0,0,389925,390098,173
103,0,blank,0,0,0,390098,390277,179
103,0,blank,0,0,0,390277,390453,176
103,0,blank,0,0,0,390453,390617,164
103,0,blank,0,0,0,390617,390795,178
103,0,blank,0,0,0,390795,390965,170
103,0,blank,0,0,0,390965,391048,83
103,0,blank,0,0,0,391048,391179,131
103,0,blank,0,0,0,391179,391309,130
103,0,blank,0,0,0,391309,391485,176
103,0,blank,0,0,0,391485,391516,31
103,0,blank,0,0,0,391516,391868,352
103,0,blank,0,0,0,391868,392301,433
103,0,blank,0,0,0,392301,392439,138
103,0,blank,0,0,0,392439,392627,188
103,0,blank,0,0,0,392627,392675,48
103,0,blank,0,427.4616,719.535,392794,392983,189
103,0,blank,0,469.43595,735.4372,392983,393115,132
103,0,blank,0,474.743433333333,723.5109,393115,393313,198
103,0,blank,0,524.959633333333,737.017433333333,393313,393479,166
103,0,blank,0,644.867866666667,734.097433333333,393479,393638,159
103,0,blank,0,627.642966666667,732.456633333333,393638,393804,166
103,0,blank,0,572.19432,728.55198,393804,393988,184
103,0,blank,0,618.07278,725.63696,393988,394175,187
103,0,blank,0,608.09452,720.65442,394175,394359,184
103,0,blank,0,630.11678,719.05124,394359,394538,179
103,0,blank,0,641.695466666667,741.344233333333,394538,394645,107
103,0,blank,0,0,0,394682,394881,199
103,0,blank,0,0,0,394881,395063,182
103,0,blank,0,0,0,395063,395251,188
103,0,blank,0,0,0,395251,395439,188
103,0,blank,0,0,0,395439,395566,127
103,0,blank,0,0,0,395566,395810,244
103,0,blank,0,0,0,395810,395997,187
103,0,blank,0,0,0,395997,396177,180
103,0,blank,0,0,0,396177,396359,182
103,0,blank,0,0,0,396359,396552,193
103,0,blank,0,0,0,396552,396598,46
103,0,blank,0,0,0,396598,396902,304
103,0,blank,0,0,0,396902,396937,35
103,0,blank,0,0,0,396937,397108,171
103,0,blank,0,0,0,397108,397273,165
103,0,blank,0,0,0,397273,397424,151
103,0,blank,0,0,0,397424,397594,170
103,0,blank,0,0,0,397594,397756,162
103,0,blank,0,0,0,397756,398096,340
103,0,blank,0,0,0,398096,398270,174
103,0,blank,0,0,0,398270,398457,187
103,0,blank,0,0,0,398457,398524,67
103,0,blank,0,0,0,398524,398686,162
103,0,blank,0,0,0,398686,398880,194
103,0,blank,0,0,0,398880,399059,179
103,0,blank,0,0,0,399059,399231,172
103,0,blank,0,0,0,399231,399427,196
103,0,blank,0,0,0,399427,399625,198
103,0,blank,0,0,0,399625,400011,386
103,0,blank,0,0,0,400011,400194,183
103,0,blank,0,0,0,400194,400369,175
103,0,blank,0,0,0,400369,400547,178
103,0,blank,0,0,0,400547,400745,198
103,0,blank,0,0,0,400745,400921,176
103,0,blank,0,0,0,400921,400994,73
103,0,blank,0,0,0,400994,401353,359
103,0,blank,0,0,0,401353,401390,37
103,0,blank,0,0,0,401390,401593,203
103,0,blank,0,0,0,401593,401639,46
103,0,blank,0,0,0,401639,401865,226
103,0,blank,0,0,0,401865,402034,169
103,0,blank,0,0,0,402034,402211,177
103,0,blank,0,0,0,402211,402396,185
103,0,blank,0,0,0,402396,402567,171
103,0,blank,0,0,0,402567,402734,167
103,0,blank,0,0,0,402734,402925,191
103,0,blank,0,0,0,402925,403111,186
103,0,blank,0,0,0,403111,403291,180
103,0,blank,0,0,0,403291,403449,158
103,0,blank,0,0,0,403449,403647,198
103,0,blank,0,0,0,403647,403870,223
103,0,blank,0,0,0,403870,404065,195
103,0,blank,0,0,0,404065,404209,144
103,0,blank,0,0,0,404209,404367,158
103,0,blank,0,0,0,404367,404539,172
103,0,blank,0,0,0,404539,404714,175
103,0,blank,0,0,0,404714,404893,179
103,0,blank,0,0,0,404893,404989,96
103,0,blank,0,0,0,404989,405168,179
103,0,blank,0,0,0,405168,405199,31
103,0,blank,0,0,0,405199,405381,182
103,0,blank,0,0,0,405381,405555,174
103,0,blank,0,0,0,405555,405751,196
103,0,blank,0,0,0,405751,405913,162
103,0,blank,0,0,0,405913,406019,106
103,0,blank,0,0,0,406019,406204,185
103,0,blank,0,0,0,406204,406367,163
103,0,blank,0,0,0,406367,406556,189
103,0,blank,0,0,0,406556,406693,137
103,0,blank,0,0,0,406693,406886,193
103,0,blank,0,0,0,406886,407080,194
103,0,blank,0,0,0,407080,407267,187
103,0,blank,0,0,0,407267,407453,186
103,0,blank,0,0,0,407453,407664,211
103,0,blank,0,0,0,407664,407829,165
103,0,blank,0,0,0,407829,408006,177
103,0,blank,0,0,0,408006,408186,180
103,0,blank,0,0,0,408186,408365,179
103,0,blank,0,0,0,408365,408547,182
103,0,blank,0,0,0,408547,408712,165
103,0,blank,0,0,0,408712,408890,178
103,0,blank,0,0,0,408890,409069,179
103,0,blank,0,0,0,409069,409267,198
103,0,blank,0,0,0,409267,409448,181
103,0,blank,0,0,0,409448,409611,163
103,0,blank,0,0,0,409611,409786,175
103,0,blank,0,0,0,409786,409982,196
103,0,blank,0,0,0,409982,410131,149
103,0,blank,0,0,0,410131,410298,167
103,0,blank,0,0,0,410298,410479,181
103,0,blank,0,0,0,410479,410672,193
103,0,blank,0,0,0,410672,410703,31
103,0,blank,0,0,0,410703,411000,297
103,0,blank,0,0,0,411000,411385,385
103,0,blank,0,0,0,411385,411566,181
103,0,blank,0,0,0,411566,411746,180
103,0,blank,0,0,0,411746,411934,188
103,0,blank,0,0,0,411934,412121,187
103,0,blank,0,0,0,412121,412301,180
103,0,blank,0,0,0,412301,412500,199
103,0,blank,0,0,0,412500,412686,186
103,0,blank,0,0,0,412686,412791,105
103,0,blank,0,0,0,412791,412905,114
103,0,blank,0,0,0,412905,413145,240
103,0,blank,0,0,0,413145,413176,31
103,0,blank,0,0,0,413176,413354,178
103,0,blank,0,0,0,413354,413399,45
103,0,blank,0,0,0,413399,413577,178
103,0,blank,0,0,0,413577,413762,185
103,0,blank,0,0,0,413762,413896,134
103,0,blank,0,0,0,413896,414071,175
103,0,blank,0,0,0,414071,414226,155
103,0,blank,0,0,0,414226,414404,178
103,0,blank,0,0,0,414404,414532,128
103,0,blank,0,0,0,414532,414651,119
103,0,blank,0,0,0,414651,414811,160
103,0,blank,0,0,0,414811,414961,150
103,0,blank,0,0,0,414961,415085,124
103,0,blank,0,0,0,415085,415266,181
103,0,blank,0,0,0,415266,415400,134
103,0,blank,0,0,0,415400,415499,99
103,0,blank,0,0,0,415499,415623,124
103,0,blank,0,0,0,415623,415809,186
103,0,blank,0,0,0,415809,415984,175
103,0,blank,0,0,0,415984,416121,137
103,0,blank,0,0,0,416121,416301,180
103,0,blank,0,0,0,416301,416477,176
103,0,blank,0,0,0,416477,416662,185
103,0,blank,0,0,0,416662,416842,180
103,0,blank,0,0,0,416842,417013,171
103,0,blank,0,0,0,417013,417174,161
103,0,blank,0,0,0,417174,417330,156
103,0,blank,0,0,0,417330,417512,182
103,0,blank,0,0,0,417512,417687,175
103,0,blank,0,0,0,417687,417871,184
103,0,blank,0,0,0,417871,418064,193
103,0,blank,0,0,0,418064,418228,164
103,0,blank,0,0,0,418228,418407,179
103,0,blank,0,0,0,418407,418583,176
103,0,blank,0,0,0,418583,418770,187
103,0,blank,0,0,0,418770,418969,199
103,0,blank,0,0,0,418969,419139,170
103,0,blank,0,0,0,419139,419314,175
103,0,blank,0,0,0,419314,419496,182
103,0,blank,0,0,0,419496,419578,82
103,0,blank,0,0,0,419578,419849,271
103,0,blank,0,0,0,419849,419879,30
103,0,blank,0,0,0,419879,420574,695
103,0,blank,0,0,0,420574,420749,175
103,0,blank,0,0,0,420749,420931,182
103,0,blank,0,0,0,420931,421113,182
103,0,blank,0,0,0,421113,421307,194
103,0,blank,0,0,0,421307,421487,180
103,0,blank,0,0,0,421487,421639,152
103,0,blank,0,0,0,421639,421806,167
103,0,blank,0,0,0,421806,421989,183
103,0,blank,0,0,0,421989,422171,182
103,0,blank,0,0,0,422171,422367,196
103,0,blank,0,0,0,422367,422536,169
103,0,blank,0,0,0,422536,422733,197
103,0,blank,0,0,0,422733,422931,198
103,0,blank,0,0,0,422931,423109,178
103,0,blank,0,0,0,423109,423281,172
103,0,blank,0,0,0,423281,423458,177
103,0,blank,0,0,0,423458,423637,179
103,0,blank,0,0,0,423637,423817,180
103,0,blank,0,0,0,423817,424008,191
103,0,blank,0,0,0,424008,424188,180
103,0,blank,0,0,0,424188,424378,190
103,0,blank,0,0,0,424378,424547,169
103,0,blank,0,0,0,424547,424731,184
103,0,blank,0,0,0,424731,424918,187
103,0,blank,0,0,0,424918,425110,192
103,0,blank,0,0,0,425110,425283,173
103,0,blank,0,0,0,425283,425457,174
103,0,blank,0,0,0,425457,425642,185
103,0,blank,0,0,0,425642,425837,195
103,0,blank,0,0,0,425837,426011,174
103,0,blank,0,0,0,426011,426204,193
103,0,blank,0,0,0,426204,426354,150
103,0,blank,0,0,0,426354,426543,189
103,0,blank,0,0,0,426543,426724,181
103,0,blank,0,0,0,426724,426774,50
103,0,blank,0,0,0,426774,426964,190
103,0,blank,0,0,0,426964,427163,199
103,0,blank,0,0,0,427163,427408,245
103,0,blank,0,0,0,427408,427526,118
103,0,blank,0,0,0,427526,427682,156
103,0,blank,0,0,0,427682,427853,171
103,0,blank,0,0,0,427853,428002,149
104,0,blank,0,0,0,428242,428382,140
104,0,blank,0,0,0,428485,428670,185
104,0,blank,0,0,0,428670,428851,181
104,0,blank,0,0,0,428851,429044,193
104,0,blank,0,0,0,429044,429219,175
104,0,blank,0,0,0,429219,429411,192
104,0,blank,0,0,0,429411,429591,180
104,0,blank,0,0,0,429591,429745,154
104,0,blank,0,0,0,429745,429908,163
104,0,blank,0,0,0,429908,430101,193
104,0,blank,0,0,0,430101,430132,31
104,0,blank,0,0,0,430132,430351,219
104,0,blank,0,0,0,430351,430564,213
104,0,blank,0,0,0,430564,430740,176
104,0,blank,0,0,0,430740,430921,181
104,0,blank,0,0,0,430921,431081,160
104,0,blank,0,0,0,431081,431290,209
104,0,blank,0,0,0,431290,431424,134
104,0,blank,0,0,0,431424,431581,157
104,0,blank,0,0,0,431581,431726,145
104,0,blank,0,0,0,431726,431890,164
104,0,blank,0,558.76616,480.94084,432654,432833,179
104,0,blank,0,601.96692,670.44266,432870,433045,175
104,0,blank,0,604.21006,675.84636,433045,433217,172
104,0,blank,0,633.3743,709.01702,433217,433391,174
104,0,blank,0,617.59292,728.51198,433391,433569,178
104,0,blank,0,580.7966,738.21425,433569,433712,143
104,0,blank,0,695.64385,735.352025,433747,433889,142
104,0,blank,0,569.6882,734.74402,433923,434104,181
104,0,blank,0,659.20484,744.80048,434104,434285,181
104,0,blank,0,0,0,434320,434515,195
104,0,blank,0,0,0,434515,434713,198
104,0,blank,0,0,0,434713,434888,175
104,0,blank,0,0,0,434888,435063,175
104,0,blank,0,0,0,435063,435237,174
104,0,blank,0,0,0,435237,435411,174
104,0,blank,0,611.15664,673.04794,435443,435641,198
104,0,blank,0,626.735166666667,754.428966666667,435641,435767,126
104,0,blank,0,0,0,435900,436099,199
104,0,blank,0,0,0,436099,436262,163
104,0,blank,0,0,0,436262,436437,175
104,0,blank,0,0,0,436437,436632,195
104,0,blank,0,0,0,436632,436830,198
104,0,blank,0,0,0,436830,436901,71
104,0,blank,0,0,0,436901,437075,174
104,0,blank,0,0,0,437075,437274,199
104,0,blank,0,0,0,437274,437443,169
104,0,blank,0,0,0,437443,437579,136
104,0,blank,0,0,0,437579,437768,189
104,0,blank,0,0,0,437768,437938,170
104,0,blank,0,0,0,437938,438107,169
104,0,blank,0,0,0,438107,438293,186
104,0,blank,0,0,0,438293,438485,192
104,0,blank,0,0,0,438485,438582,97
104,0,blank,0,0,0,438582,438766,184
104,0,blank,0,715.0582,830.3256,439137,439176,39
104,0,blank,0,566.3996,779.8125,439221,439259,38
104,0,blank,0,771.23055,726.09775,439286,439425,139
104,0,blank,0,0,0,439496,439679,183
104,0,blank,0,0,0,439679,439853,174
104,0,blank,0,0,0,439853,440037,184
104,0,blank,0,0,0,440037,440224,187
104,0,blank,0,0,0,440224,440396,172
104,0,blank,0,0,0,440396,440514,118
104,0,blank,0,0,0,440514,440670,156
104,0,blank,0,0,0,440670,440869,199
104,0,blank,0,0,0,440869,441067,198
104,0,blank,0,685.18695,776.5736,441206,441380,174
104,0,blank,0,667.2928,705.2828,441380,441422,42
104,0,blank,0,0,0,441800,441981,181
104,0,blank,0,0,0,441981,442158,177
104,0,blank,0,0,0,442158,442353,195
104,0,blank,0,0,0,442353,442522,169
104,0,blank,0,0,0,442522,442789,267
104,0,blank,0,0,0,442789,442986,197
104,0,blank,0,0,0,443903,444086,183
104,0,blank,0,0,0,444086,444273,187
104,0,blank,0,0,0,444273,444447,174
104,0,blank,0,0,0,444447,444645,198
104,0,blank,0,0,0,444645,444825,180
104,0,blank,0,0,0,444825,444998,173
104,0,blank,0,0,0,444998,445182,184
104,0,blank,0,0,0,445182,445321,139
104,0,blank,0,0,0,445321,445512,191
104,0,blank,0,0,0,445512,445652,140
104,0,blank,0,0,0,445652,445796,144
104,0,blank,0,0,0,445796,445952,156
104,0,blank,0,0,0,445952,446134,182
104,0,blank,0,0,0,446134,446310,176
104,0,blank,0,0,0,446310,446487,177
104,0,blank,0,0,0,446487,446661,174
104,0,blank,0,0,0,446661,446838,177
104,0,blank,0,0,0,446838,447017,179
104,0,blank,0,0,0,447017,447198,181
104,0,blank,0,0,0,447198,447364,166
104,0,blank,0,0,0,447364,447474,110
104,0,blank,0,0,0,447474,447673,199
104,0,blank,0,0,0,447673,447872,199
104,0,blank,0,0,0,447872,448047,175
104,0,blank,0,0,0,448047,448226,179
104,0,blank,0,0,0,448226,448373,147
104,0,blank,0,0,0,448373,448525,152
104,0,blank,0,0,0,448525,448672,147
104,0,blank,0,0,0,448672,448747,75
104,0,blank,0,0,0,448747,448889,142
104,0,blank,0,0,0,448889,448984,95
104,0,blank,0,0,0,448984,449134,150
104,0,blank,0,0,0,449134,449300,166
104,0,blank,0,0,0,449300,449442,142
104,0,blank,0,0,0,449442,449615,173
104,0,blank,0,0,0,449615,449781,166
104,0,blank,0,0,0,449781,449910,129
104,0,blank,0,0,0,449910,450102,192
104,0,blank,0,0,0,450102,450259,157
104,0,blank,0,0,0,450259,450416,157
104,0,blank,0,0,0,450416,450719,303
104,0,blank,0,0,0,450719,450749,30
104,0,blank,0,0,0,450749,450921,172
104,0,blank,0,0,0,450921,451070,149
104,0,blank,0,0,0,451070,451238,168
104,0,blank,0,0,0,451238,451404,166
104,0,blank,0,0,0,451404,451513,109
104,0,blank,0,636.1264,757.792666666667,451532,451727,195
104,0,blank,0,0,0,451857,452031,174
104,0,blank,0,0,0,452031,452205,174
104,0,blank,0,0,0,452205,452380,175
104,0,blank,0,0,0,452380,452497,117
104,0,blank,0,0,0,452497,452690,193
104,0,blank,0,0,0,452690,452853,163
104,0,blank,0,0,0,452853,453050,197
104,0,blank,0,0,0,453050,453181,131
104,0,blank,0,0,0,453181,453365,184
104,0,blank,0,0,0,453365,453480,115
104,0,blank,0,1001.005,1.08866666666667,453783,453905,122
104,0,blank,0,611.413766666667,733.597033333333,454028,454220,192
104,0,blank,0,696.81175,736.0411,454220,454383,163
104,0,blank,0,695.824366666667,730.381966666667,454383,454543,160
104,0,blank,0,703.05185,738.52305,454543,454643,100
104,0,blank,0,625.0411,756.5933,454746,454849,103
104,0,blank,0,653.8763,773.8431,454849,454953,104
104,0,blank,0,654.3225,788.94725,455054,455139,85
105,0,blank,0,639.34148,784.50858,455210,455387,177
105,0,blank,0,0,0,455423,455603,180
105,0,blank,0,0,0,455603,455784,181
105,0,blank,0,0,0,455784,455958,174
105,0,blank,0,0,0,455958,456132,174
105,0,blank,0,0,0,456132,456311,179
105,0,blank,0,0,0,456311,456487,176
105,0,blank,0,0,0,456487,456664,177
105,0,blank,0,0,0,456664,456807,143
105,0,blank,0,636.15904,783.35804,456875,457058,183
105,0,blank,0,607.121575,754.602975,457058,457237,179
105,0,blank,0,617.3523,748.817766666667,457299,457399,100
105,0,blank,0,501.0789,776.31496,457433,457608,175
105,0,blank,0,646.19794,747.802,457641,457815,174
105,0,blank,0,634.4646,761.1742,457815,457849,34
105,0,blank,0,537.67906,632.28782,457883,458054,171
105,0,blank,0,539.129566666667,633.276766666667,458054,458155,101
105,0,blank,0,699.349516666667,751.157566666667,458222,458420,198
105,0,blank,0,630.59214,746.8424,458420,458589,169
105,0,blank,0,616.36934,750.16898,458589,458758,169
105,0,blank,0,699.96774,757.3274,458758,458925,167
105,0,blank,0,720.453475,757.73755,458925,459061,136
105,0,blank,0,587.7829,799.0789,459128,459228,100
105,0,blank,0,0,0,459263,459454,191
105,0,blank,0,0,0,459454,459622,168
105,0,blank,0,0,0,459622,459796,174
105,0,blank,0,0,0,459796,459972,176
105,0,blank,0,0,0,459972,460168,196
105,0,blank,0,0,0,460168,460340,172
105,0,blank,0,0,0,460340,460518,178
105,0,blank,0,0,0,460518,460704,186
105,0,blank,0,0,0,460704,460887,183
105,0,blank,0,0,0,460887,461146,259
105,0,blank,0,0,0,461146,461306,160
105,0,blank,0,0,0,461306,461494,188
105,0,blank,0,0,0,461494,461693,199
105,0,blank,0,0,0,461693,461886,193
105,0,blank,0,0,0,461886,461909,23
105,0,blank,0,0,0,461909,462196,287
105,0,blank,0,0,0,462196,462478,282
105,0,blank,0,0,0,462478,462672,194
105,0,blank,0,0,0,462672,462850,178
105,0,blank,0,0,0,462850,463042,192
105,0,blank,0,0,0,463042,463210,168
105,0,blank,0,0,0,463210,463381,171
105,0,blank,0,0,0,463381,463532,151
105,0,blank,0,0,0,463532,463695,163
105,0,blank,0,0,0,463695,463875,180
105,0,blank,0,0,0,463875,463904,29
105,0,blank,0,0,0,463904,464125,221
105,0,blank,0,0,0,464125,464321,196
105,0,blank,0,0,0,464321,464487,166
105,0,blank,0,0,0,464487,464648,161
105,0,blank,0,0,0,464648,464813,165
105,0,blank,0,0,0,464813,464935,122
105,0,blank,0,0,0,464935,465103,168
105,0,blank,0,0,0,465103,465298,195
105,0,blank,0,0,0,465298,465488,190
105,0,blank,0,0,0,465488,465513,25
105,0,blank,0,0,0,465513,465900,387
105,0,blank,0,0,0,465900,466282,382
105,0,blank,0,0,0,466282,466459,177
105,0,blank,0,0,0,466459,466654,195
105,0,blank,0,0,0,466654,466681,27
105,0,blank,0,0,0,466681,466994,313
105,0,blank,0,0,0,466994,467326,332
105,0,blank,0,0,0,467326,467754,428
105,0,blank,0,0,0,467754,467925,171
105,0,blank,0,620.6281,781.958466666667,467958,468128,170
105,0,blank,0,656.25345,794.41935,468128,468321,193
105,0,blank,0,728.67335,814.73895,468321,468422,101
105,0,blank,0,0,0,468474,468651,177
105,0,blank,0,0,0,468651,468832,181
105,0,blank,0,0,0,468832,469006,174
105,0,blank,0,0,0,469006,469181,175
105,0,blank,0,0,0,469181,469327,146
105,0,blank,0,0,0,469327,469551,224
105,0,blank,0,0,0,469551,469790,239
105,0,blank,0,0,0,469790,469949,159
105,0,blank,0,0,0,469949,470129,180
105,0,blank,0,0,0,470129,470291,162
105,0,blank,0,0,0,470291,470467,176
105,0,blank,0,0,0,470467,470642,175
105,0,blank,0,0,0,470642,470826,184
105,0,blank,0,0,0,470826,470980,154
105,0,blank,0,0,0,470980,471225,245
105,0,blank,0,0,0,471225,471255,30
105,0,blank,0,0,0,471255,471570,315
105,0,blank,0,0,0,471570,471881,311
105,0,blank,0,0,0,471881,472056,175
105,0,blank,0,0,0,472056,472188,132
105,0,blank,0,0,0,472188,472320,132
105,0,blank,0,0,0,472320,472513,193
105,0,blank,0,0,0,472513,472710,197
105,0,blank,0,0,0,472710,472906,196
105,0,blank,0,0,0,472906,473091,185
105,0,blank,0,0,0,473091,473151,60
105,0,blank,0,0,0,473151,473326,175
105,0,blank,0,0,0,473326,473505,179
105,0,blank,0,0,0,473505,473702,197
105,0,blank,0,0,0,473702,473871,169
105,0,blank,0,0,0,473871,474028,157
105,0,blank,0,0,0,474028,474180,152
105,0,blank,0,0,0,474180,474299,119
105,0,blank,0,0,0,474299,474470,171
105,0,blank,0,0,0,474470,474632,162
105,0,blank,0,0,0,474632,474738,106
105,0,blank,0,0,0,474738,474892,154
105,0,blank,0,0,0,474892,475039,147
105,0,blank,0,0,0,475039,475219,180
105,0,blank,0,0,0,475219,475385,166
105,0,blank,0,0,0,475385,475554,169
105,0,blank,0,0,0,475554,475726,172
105,0,blank,0,0,0,475726,475910,184
105,0,blank,0,0,0,475910,476080,170
105,0,blank,0,0,0,476080,476264,184
105,0,blank,0,0,0,476264,476441,177
105,0,blank,0,0,0,476441,476629,188
105,0,blank,0,0,0,476629,476746,117
105,0,blank,0,0,0,476746,476976,230
105,0,blank,0,0,0,476976,477153,177
105,0,blank,0,0,0,477153,477229,76
105,0,blank,0,0,0,477229,477427,198
105,0,blank,0,0,0,477427,477531,104
105,0,blank,0,586.7574,780.931733333333,477564,477758,194
105,0,blank,0,537.387866666667,791.7951,477758,477916,158
105,0,blank,0,496.039875,788.0048,477916,478110,194
105,0,blank,0,439.698125,779.21825,478110,478286,176
105,0,blank,0,585.04425,756.877166666667,478318,478511,193
105,0,blank,0,581.85765,769.40315,478511,478705,194
105,0,blank,0,607.056733333333,641.551883333333,478705,478902,197
105,0,blank,0,610.91645,620.459133333333,478902,479101,199
105,0,blank,0,0,0,479134,479322,188
105,0,blank,0,0,0,479322,479503,181
105,0,blank,0,0,0,479503,479690,187
105,0,blank,0,0,0,479690,479867,177
105,0,blank,0,0,0,479867,479968,101
105,0,blank,0,0,0,479968,480150,182
105,0,blank,0,0,0,480150,480329,179
105,0,blank,0,0,0,480329,480486,157
105,0,blank,0,0,0,480486,480657,171
105,0,blank,0,0,0,480657,480855,198
105,0,blank,0,0,0,480855,480971,116
105,0,blank,0,0,0,480971,481088,117
105,0,blank,0,0,0,481088,481287,199
105,0,blank,0,0,0,481287,481404,117
105,0,blank,0,754.96615,796.76895,481516,481681,165
105,0,blank,0,730.591966666667,814.5741,481681,481844,163
105,0,blank,0,716.2567,790.4995,481844,482031,187
105,0,blank,0,733.15685,757.7583,482031,482103,72
105,0,blank,0,723.65,783.4591,482200,482251,51
105,0,blank,0,0,0,482316,482492,176
105,0,blank,0,0,0,482492,482673,181
105,0,blank,0,0,0,482673,482853,180
105,0,blank,0,0,0,482853,483036,183
105,0,blank,0,0,0,483036,483214,178
105,0,blank,0,0,0,483214,483413,199
105,0,blank,0,0,0,483413,483607,194
105,0,blank,0,0,0,483607,483804,197
105,0,blank,0,0,0,483804,483993,189
105,0,blank,0,0,0,483993,484030,37
105,0,blank,0,570.82155,804.07595,484060,484212,152
105,0,blank,0,490.124533333333,769.570133333333,484212,484376,164
105,0,blank,0,0,0,484425,484609,184
105,0,blank,0,0,0,484609,484790,181
105,0,blank,0,0,0,484790,484815,25
105,0,blank,0,0,0,485066,485240,174
105,0,blank,0,0,0,485240,485413,173
105,0,blank,0,621.817925,768.62695,485747,485936,189
105,0,blank,0,0,0,486048,486232,184
105,0,blank,0,0,0,486232,486411,179
105,0,blank,0,0,0,486411,486601,190
105,0,blank,0,0,0,486601,486785,184
105,0,blank,0,0,0,486785,486942,157
105,0,blank,0,0,0,486942,487111,169
105,0,blank,0,0,0,487111,487259,148
105,0,blank,0,0,0,487259,487403,144
105,0,blank,0,0,0,487403,487589,186
105,0,blank,0,0,0,487589,487633,44
105,0,blank,0,0,0,487633,488315,682
105,0,blank,0,0,0,488315,488490,175
105,0,blank,0,0,0,488490,489902,1412
105,0,blank,0,0,0,489902,490092,190
105,0,blank,0,0,0,490092,490144,52
105,0,blank,0,612.39305,370.8574,490468,490558,90
105,0,blank,0,476.965475,435.42625,490601,490782,181
105,0,blank,0,435.53215,419.0378,490782,490931,149
105,0,blank,0,573.11795,643.7096,490999,491081,82
105,0,blank,0,564.1271,688.1552,491176,491241,65
105,0,blank,0,530.30622,768.68392,491273,491440,167
105,0,blank,0,563.80602,821.61796,491440,491636,196
105,0,blank,0,478.8791,785.4421,491701,491732,31
105,0,blank,0,524.47938,418.23014,491800,491978,178
105,0,blank,0,712.6756,748.82158,492047,492222,175
105,0,blank,0,714.97524,750.5003,492222,492396,174
105,0,blank,0,650.40384,781.57616,492396,492570,174
105,0,blank,0,636.69736,763.1523,492570,492738,168
105,0,blank,0,618.072633333333,775.760166666667,492738,492840,102
105,0,blank,0,0,0,492950,493139,189
105,0,blank,0,0,0,493139,493334,195
105,0,blank,0,0,0,493334,493497,163
105,0,blank,0,0,0,493497,493675,178
105,0,blank,0,0,0,493675,493869,194
105,0,blank,0,0,0,493869,493901,32
105,0,blank,0,0,0,493901,494108,207
106,0,blank,0,0,0,494319,494480,161
106,0,blank,0,0,0,494480,494742,262
106,0,blank,0,0,0,494742,494918,176
106,0,blank,0,0,0,494918,495113,195
106,0,blank,0,0,0,495113,495178,65
106,0,blank,0,0,0,495178,495328,150
106,0,blank,0,0,0,495328,495482,154
106,0,blank,0,0,0,495482,495740,258
106,0,blank,0,0,0,495740,495914,174
106,0,blank,0,0,0,495914,496090,176
106,0,blank,0,0,0,496090,496172,82
106,0,blank,0,0,0,496172,496417,245
106,0,blank,0,0,0,496417,496616,199
106,0,blank,0,0,0,496616,496710,94
106,0,blank,0,0,0,496710,496820,110
106,0,blank,0,0,0,496820,496992,172
106,0,blank,0,0,0,496992,497167,175
106,0,blank,0,0,0,497167,497365,198
106,0,blank,0,0,0,497365,497542,177
106,0,blank,0,0,0,497542,497624,82
106,0,blank,0,0,0,497624,497865,241
106,0,blank,0,0,0,497865,498004,139
106,0,blank,0,0,0,498004,498399,395
106,0,blank,0,0,0,498399,498542,143
106,0,blank,0,0,0,498542,498710,168
106,0,blank,0,0,0,498710,498820,110
106,0,blank,0,645.19372,754.43112,499072,499261,189
106,0,blank,0,609.642333333333,746.0351,499261,499356,95
106,0,blank,0,641.5101,729.3734,499356,499611,255
106,0,blank,0,621.166875,778.813225,499611,499787,176
106,0,blank,0,622.068666666667,758.533766666667,499787,499984,197
106,0,blank,0,603.92274,780.88174,499984,500180,196
106,0,blank,0,619.666433333333,753.254066666667,500180,500281,101
106,0,blank,0,0,0,500352,500543,191
106,0,blank,0,0,0,500543,500741,198
106,0,blank,0,0,0,500741,500917,176
106,0,blank,0,0,0,500917,501091,174
106,0,blank,0,0,0,501091,501263,172
106,0,blank,0,0,0,501263,501334,71
106,0,blank,0,1005.95815,1.0948,501427,501515,88
106,0,blank,0,1003.603,1.0984,501515,501852,337
106,0,blank,0,502.5564,473.9651,502475,502724,249
106,0,blank,0,513.65748,471.29546,502724,502893,169
106,0,blank,0,518.14366,459.44284,502893,503071,178
106,0,blank,0,523.98782,433.73492,503071,503240,169
106,0,blank,0,596.91315,761.405483333333,503275,503471,196
106,0,blank,0,690.49284,778.67018,503504,503671,167
106,0,blank,0,704.3288,781.972,503671,503739,68
106,0,blank,0,1258.3748,679.028,503807,503982,175
106,0,blank,0,1258.7585,684.79325,503982,504049,67
106,0,blank,0,658.63114,782.48084,504118,504290,172
106,0,blank,0,562.99832,792.26538,504290,504459,169
106,0,blank,0,539.691833333333,789.601416666667,504459,504657,198
106,0,blank,0,596.52,758.79674,504657,504831,174
106,0,blank,0,603.916566666667,762.960266666667,504831,504931,100
106,0,blank,0,757.645533333333,765.682133333333,504964,505158,194
106,0,blank,0,762.67715,770.436433333333,505158,505350,192
106,0,blank,0,759.511566666667,766.011816666667,505350,505538,188
106,0,blank,0,948.277683333333,1.0161,505601,505793,192
106,0,blank,0,957.0523,1.0206,505793,505889,96
106,0,blank,0,1179.2112,1.02528,505922,506085,163
106,0,blank,0,0,0,506117,506307,190
106,0,blank,0,0,0,506307,506502,195
106,0,blank,0,0,0,506502,506688,186
106,0,blank,0,0,0,506688,506857,169
106,0,blank,0,0,0,506857,507038,181
106,0,blank,0,0,0,507038,507216,178
106,0,blank,0,0,0,507216,507406,190
106,0,blank,0,0,0,507406,507583,177
106,0,blank,0,0,0,507583,507760,177
106,0,blank,0,0,0,507760,507796,36
106,0,blank,0,710.2709,631.71185,507930,507987,57
106,0,blank,0,675.68976,400.92154,508022,508191,169
106,0,blank,0,767.538083333333,368.494133333333,508191,508390,199
106,0,blank,0,860.708,370.760233333333,508390,508585,195
106,0,blank,0,914.252516666667,369.765216666667,508585,508774,189
106,0,blank,0,872.1279,366.07865,508774,508841,67
106,0,blank,0,648.72254,384.14072,508874,509037,163
106,0,blank,0,1.24858,81.89948,509171,509342,171
106,0,blank,0,1.23786,97.95732,509342,509513,171
106,0,blank,0,1.2452,98.94345,509513,509648,135
106,0,blank,0,0,0,509683,509863,180
106,0,blank,0,0,0,509863,510058,195
106,0,blank,0,0,0,510058,510243,185
106,0,blank,0,0,0,510243,510433,190
106,0,blank,0,0,0,510433,510616,183
106,0,blank,0,0,0,510616,510732,116
106,0,blank,0,0,0,510732,510917,185
106,0,blank,0,0,0,510917,511099,182
106,0,blank,0,0,0,511099,511287,188
106,0,blank,0,0,0,511287,511462,175
106,0,blank,0,0,0,511462,511505,43
106,0,blank,0,0,0,511505,511947,442
106,0,blank,0,0,0,511947,512050,103
106,0,blank,0,0,0,512050,512168,118
106,0,blank,0,0,0,512490,512661,171
106,0,blank,0,0,0,512661,512846,185
106,0,blank,0,0,0,512846,513022,176
106,0,blank,0,0,0,513022,513196,174
106,0,blank,0,0,0,513196,513363,167
106,0,blank,0,0,0,513363,513529,166
106,0,blank,0,0,0,513529,513612,83
106,0,blank,0,0,0,513612,513733,121
106,0,blank,0,0,0,513733,513917,184
106,0,blank,0,0,0,513917,514154,237
106,0,blank,0,0,0,514154,514330,176
106,0,blank,0,0,0,514330,514366,36
106,0,blank,0,641.052533333333,783.052033333333,514398,514576,178
106,0,blank,0,674.09215,790.2228,514576,514766,190
106,0,blank,0,504.6216,784.276825,514811,514998,187
106,0,blank,0,505.7218,782.652575,514998,515187,189
106,0,blank,0,531.1321,747.093875,515187,515374,187
106,0,blank,0,564.65135,737.656775,515374,515504,130
106,0,blank,0,758.948233333333,752.315466666667,515535,515731,196
106,0,blank,0,753.460933333333,749.296833333333,515731,515831,100
106,0,blank,0,591.3769,712.855783333333,515863,516059,196
106,0,blank,0,513.45455,535.1433,516092,516287,195
106,0,blank,0,520.298666666667,541.749316666667,516287,516486,199
106,0,blank,0,518.225216666667,506.88695,516486,516680,194
106,0,blank,0,519.422,486.68496,516680,516844,164
106,0,blank,0,0,0,516912,517094,182
106,0,blank,0,0,0,517094,517293,199
106,0,blank,0,0,0,517293,517470,177
106,0,blank,0,0,0,517470,517656,186
106,0,blank,0,0,0,517656,517842,186
106,0,blank,0,0,0,517842,518035,193
106,0,blank,0,0,0,518035,518217,182
106,0,blank,0,0,0,518217,518367,150
106,0,blank,0,0,0,518367,518532,165
106,0,blank,0,0,0,518532,518707,175
106,0,blank,0,0,0,518707,518857,150
106,0,blank,0,0,0,518857,519034,177
106,0,blank,0,0,0,519034,519232,198
106,0,blank,0,0,0,519232,519429,197
106,0,blank,0,0,0,519429,519606,177
106,0,blank,0,0,0,519606,519794,188
106,0,blank,0,0,0,519794,519968,174
106,0,blank,0,0,0,519968,520151,183
106,0,blank,0,0,0,520151,520345,194
106,0,blank,0,0,0,520345,520527,182
106,0,blank,0,0,0,520527,520695,168
106,0,blank,0,0,0,520695,520860,165
106,0,blank,0,0,0,520860,521056,196
106,0,blank,0,0,0,521056,521253,197
106,0,blank,0,0,0,521253,521445,192
106,0,blank,0,0,0,521445,521596,151
106,0,blank,0,0,0,521596,521707,111
106,0,blank,0,0,0,521707,521809,102
106,0,blank,0,0,0,521809,521915,106
106,0,blank,0,0,0,521915,522038,123
106,0,blank,0,0,0,522038,522205,167
106,0,blank,0,0,0,522205,522355,150
106,0,blank,0,0,0,522355,522557,202
106,0,blank,0,0,0,522557,522741,184
106,0,blank,0,0,0,522741,522910,169
106,0,blank,0,0,0,522910,523105,195
106,0,blank,0,0,0,523105,523289,184
106,0,blank,0,0,0,523289,523468,179
106,0,blank,0,0,0,523468,523637,169
106,0,blank,0,0,0,523637,523819,182
106,0,blank,0,0,0,523819,523943,124
106,0,blank,0,0,0,523943,524120,177
106,0,blank,0,0,0,524120,524281,161
106,0,blank,0,0,0,524281,524417,136
106,0,blank,0,0,0,524417,524681,264
106,0,blank,0,0,0,524681,524795,114
107,0,blank,0,0,0,524878,525055,177
107,0,blank,0,0,0,525055,525185,130
107,0,blank,0,0,0,525185,525358,173
107,0,blank,0,0,0,525358,525537,179
107,0,blank,0,0,0,525537,525710,173
107,0,blank,0,0,0,525710,525868,158
107,0,blank,0,0,0,525868,526038,170
107,0,blank,0,0,0,526038,526303,265
107,0,blank,0,0,0,526303,526473,170
107,0,blank,0,0,0,526473,526546,73
107,0,blank,0,728.2934,731.731,526579,526658,79
107,0,blank,0,934.9017,1.03745,526749,526872,123
107,0,blank,0,734.481266666667,849.4027,526921,527066,145
107,0,blank,0,562.484175,792.250225,527115,527310,195
107,0,blank,0,678.0917,789.474075,527310,527507,197
107,0,blank,0,659.41116,786.17172,527507,527676,169
107,0,blank,0,645.40682,783.2891,527676,527843,167
107,0,blank,0,699.91414,780.32158,527843,528009,166
107,0,blank,0,712.746316666667,792.0448,528009,528208,199
107,0,blank,0,723.757583333333,790.8699,528208,528404,196
107,0,blank,0,721.2996,788.7889,528404,528470,66
107,0,blank,0,0,0,528504,528693,189
107,0,blank,0,0,0,528693,528866,173
107,0,blank,0,0,0,528866,529043,177
107,0,blank,0,0,0,529043,529232,189
107,0,blank,0,0,0,529232,529333,101
107,0,blank,0,0,0,529333,529451,118
107,0,blank,0,0,0,529451,529653,202
107,0,blank,0,0,0,529653,529691,38
107,0,blank,0,0,0,529691,529936,245
107,0,blank,0,0,0,529936,530185,249
107,0,blank,0,0,0,530185,530364,179
107,0,blank,0,588.76122,790.43156,530396,530590,194
107,0,blank,0,508.440875,785.753625,530590,530722,132
107,0,blank,0,769.06064,749.73138,530754,530925,171
107,0,blank,0,762.34074,753.04458,530925,531093,168
107,0,blank,0,764.76904,743.18114,531093,531262,169
107,0,blank,0,783.4782,780.87056,531262,531434,172
107,0,blank,0,781.72632,795.06986,531434,531607,173
107,0,blank,0,779.39492,798.43022,531607,531781,174
107,0,blank,0,769.25352,811.13428,531781,531955,174
107,0,blank,0,728.5131,834.63864,531955,532126,171
107,0,blank,0,727.03556,849.8803,532126,532295,169
107,0,blank,0,717.168266666667,841.892916666667,532295,532490,195
107,0,blank,0,737.4203,839.2926,532490,532557,67
107,0,blank,0,0,0,532663,532833,170
107,0,blank,0,0,0,532833,533015,182
107,0,blank,0,0,0,533015,533193,178
107,0,blank,0,0,0,533193,533225,32
107,0,blank,0,663.2272,673.0233,533259,533304,45
107,0,blank,0,0,0,533332,533501,169
107,0,blank,0,0,0,533501,535529,2028
107,0,blank,0,0,0,535529,535711,182
107,0,blank,0,0,0,535711,535884,173
107,0,blank,0,0,0,535884,536073,189
107,0,blank,0,0,0,536073,536250,177
107,0,blank,0,0,0,536250,536315,65
107,0,blank,0,0,0,536315,536501,186
107,0,blank,0,0,0,536501,536696,195
107,0,blank,0,0,0,536696,536862,166
107,0,blank,0,0,0,536862,537039,177
107,0,blank,0,0,0,537039,537227,188
107,0,blank,0,0,0,537227,537393,166
107,0,blank,0,0,0,537393,537538,145
107,0,blank,0,0,0,537538,537712,174
107,0,blank,0,0,0,537712,537896,184
107,0,blank,0,0,0,537896,538072,176
107,0,blank,0,0,0,538072,538254,182
107,0,blank,0,0,0,538254,538412,158
107,0,blank,0,0,0,538412,538583,171
107,0,blank,0,0,0,538583,538784,201
107,0,blank,0,0,0,538784,538817,33
107,0,blank,0,0,0,538817,539102,285
107,0,blank,0,0,0,539102,539268,166
107,0,blank,0,0,0,539268,539375,107
107,0,blank,0,0,0,539375,539568,193
107,0,blank,0,0,0,539568,539738,170
107,0,blank,0,0,0,539738,539838,100
107,0,blank,0,474.0014,737.92415,539940,540134,194
107,0,blank,0,537.900166666667,769.810066666667,540134,540311,177
107,0,blank,0,538.705275,795.90295,540311,540510,199
107,0,blank,0,527.3541,755.95835,540510,540613,103
107,0,blank,0,601.6444,760.3848,540613,540721,108
107,0,blank,0,641.7071,751.2715,540798,540858,60
107,0,blank,0,0,0,540890,541089,199
107,0,blank,0,0,0,541089,541238,149
107,0,blank,0,0,0,541238,541434,196
107,0,blank,0,0,0,541434,541612,178
107,0,blank,0,0,0,541612,541803,191
107,0,blank,0,0,0,541803,541896,93
107,0,blank,0,0,0,541896,542288,392
107,0,blank,0,0,0,542288,542476,188
107,0,blank,0,0,0,542476,542640,164
107,0,blank,0,0,0,542640,542818,178
107,0,blank,0,0,0,542818,542972,154
107,0,blank,0,0,0,542972,543167,195
107,0,blank,0,0,0,543167,543348,181
107,0,blank,0,0,0,543348,543523,175
107,0,blank,0,0,0,543523,543699,176
107,0,blank,0,0,0,543699,543822,123
107,0,blank,0,567.307325,623.46405,543976,544133,157
107,0,blank,0,0,0,544212,544403,191
107,0,blank,0,0,0,544498,544686,188
107,0,blank,0,0,0,544686,544861,175
107,0,blank,0,0,0,544861,545032,171
107,0,blank,0,0,0,545032,545215,183
107,0,blank,0,0,0,545215,545396,181
107,0,blank,0,0,0,545396,545570,174
107,0,blank,0,0,0,545570,545616,46
107,0,blank,0,689.13128,713.76798,545670,545853,183
107,0,blank,0,732.048433333333,758.734233333333,545853,545971,118
107,0,blank,0,1059.9,1.004075,546052,546215,163
107,0,blank,0,1060.924,1.0092,546215,546255,40
107,0,blank,0,1053.61,897.5415,546296,546338,42
107,0,blank,0,643.88996,806.65376,546414,546607,193
107,0,blank,0,641.392233333333,798.889333333333,546607,546724,117
107,0,blank,0,867.43554,1.00772,546764,546959,195
107,0,blank,0,860.3009,1.0102,546959,547041,82
107,0,blank,0,652.3343,773.3914,547082,547271,189
107,0,blank,0,652.2348,771.66944,547271,547465,194
107,0,blank,0,681.93198,777.89268,547465,547662,197
107,0,blank,0,650.572425,789.8256,547662,547823,161
107,0,blank,0,615.52005,795.21975,547823,547907,84
107,0,blank,0,0,0,547990,548180,190
107,0,blank,0,0,0,548180,548357,177
107,0,blank,0,0,0,548357,548530,173
107,0,blank,0,0,0,548530,548710,180
107,0,blank,0,0,0,548710,548888,178
107,0,blank,0,0,0,548888,549065,177
107,0,blank,0,0,0,549065,549252,187
107,0,blank,0,0,0,549252,549420,168
107,0,blank,0,0,0,549420,549554,134
107,0,blank,0,616.22054,746.1243,549598,549775,177
107,0,blank,0,520.755833333333,789.814066666667,549775,549951,176
107,0,blank,0,510.9811,764.407633333333,549951,550104,153
107,0,blank,0,540.6623,794.1257,550104,550261,157
107,0,blank,0,476.4385,789.8883,550261,550367,106
107,0,blank,0,0,0,550402,550471,69
107,0,blank,0,526.328675,783.765975,550516,550677,161
107,0,blank,0,527.7078,787.5497,550677,550835,158
107,0,blank,0,486.445575,817.0392,550835,551017,182
107,0,blank,0,549.36712,798.92842,551017,551205,188
107,0,blank,0,539.33148,803.49114,551205,551393,188
107,0,blank,0,532.70216,805.4823,551393,551585,192
107,0,blank,0,528.893075,791.398875,551585,551748,163
107,0,blank,0,534.210275,790.061,551748,551915,167
107,0,blank,0,531.2348,779.252875,551915,552079,164
107,0,blank,0,487.1339,795.0311,552079,552252,173
107,0,blank,0,537.92144,793.16508,552252,552445,193
107,0,blank,0,539.5911,784.6543,552445,552639,194
107,0,blank,0,571.723566666667,761.6965,552639,552802,163
107,0,blank,0,589.518466666667,774.949833333333,552802,552964,162
107,0,blank,0,587.6589,762.4669,552964,553002,38
107,0,blank,0,0,0,553079,553277,198
107,0,blank,0,0,0,553277,553456,179
107,0,blank,0,0,0,553456,553650,194
107,0,blank,0,0,0,553650,553825,175
107,0,blank,0,0,0,553825,553996,171
107,0,blank,0,0,0,553996,554030,34
107,0,blank,0,596.79775,791.88895,554113,554294,181
107,0,blank,0,600.494325,781.0631,554294,554456,162
107,0,blank,0,615.66325,786.31085,554456,554617,161
107,0,blank,0,637.62785,773.6819,554617,554694,77
107,0,blank,0,385.1291,758.2103,554735,554772,37
107,0,blank,0,508.717675,748.049675,554810,554973,163
107,0,blank,0,514.7375,771.2654,554973,555011,38
107,0,blank,0,636.4415,738.562266666667,555048,555167,119
107,0,blank,0,765.820525,730.145275,555248,555408,160
107,0,blank,0,695.82975,734.298025,555408,555575,167
107,0,blank,0,635.863925,742.64285,555575,555735,160
107,0,blank,0,543.728525,739.228925,555735,555897,162
107,0,blank,0,543.4203,740.914575,555897,556054,157
107,0,blank,0,681.57674,744.53326,556095,556290,195
107,0,blank,0,764.47952,757.75692,556290,556482,192
107,0,blank,0,557.354525,633.297575,556521,556681,160
107,0,blank,0,531.14116,606.61418,556681,556876,195
107,0,blank,0,511.29192,582.52238,556876,557074,198
107,0,blank,0,507.17685,555.30035,557074,557155,81
107,0,blank,0,605.363675,714.53105,557195,557354,159
107,0,blank,0,618.26075,734.8899,557354,557519,165
107,0,blank,0,639.43615,744.042275,557519,557676,157
107,0,blank,0,753.44332,742.15624,557714,557908,194
107,0,blank,0,688.17978,721.86546,557908,558106,198
107,0,blank,0,669.87284,730.36198,558106,558300,194
107,0,blank,0,659.65488,735.91838,558300,558491,191
107,0,blank,0,665.95824,744.85152,558491,558682,191
107,0,blank,0,677.2795,777.352566666667,558682,558796,114
107,0,blank,0,0,0,558833,559007,174
107,0,blank,0,620.3471,747.9254,559046,559126,80
107,0,blank,0,737.51708,746.63238,559220,559403,183
107,0,blank,0,751.266675,755.903375,559403,559554,151
107,0,blank,0,947.57104,1.02768,559592,559783,191
107,0,blank,0,949.1744,1.0417,559783,559821,38
107,0,blank,0,660.76996,764.8938,559895,560086,191
107,0,blank,0,670.82754,733.50826,560086,560273,187
107,0,blank,0,558.50028,724.0039,560312,560504,192
107,0,blank,0,562.79308,724.7532,560504,560692,188
107,0,blank,0,562.9815,715.005,560692,560885,193
107,0,blank,0,617.13862,401.39698,560925,561115,190
107,0,blank,0,672.9673,325.65522,561115,561304,189
107,0,blank,0,467.79228,343.97358,561342,561533,191
107,0,blank,0,468.55365,342.61285,561533,561611,78
107,0,blank,0,485.84348,760.57434,561648,561838,190
107,0,blank,0,530.65992,766.69324,561838,562028,190
107,0,blank,0,625.95796,743.45538,562028,562216,188
107,0,blank,0,639.06896,733.23624,562216,562407,191
107,0,blank,0,635.6887,733.606133333333,562407,562521,114
107,0,blank,0,756.24032,757.63386,562559,562748,189
107,0,blank,0,735.47224,721.82074,562748,562935,187
107,0,blank,0,0,0,562974,563153,179
107,0,blank,0,0,0,563153,563338,185
107,0,blank,0,0,0,563338,563519,181
107,0,blank,0,0,0,563519,563702,183
107,0,blank,0,0,0,563702,563879,177
107,0,blank,0,0,0,563879,564068,189
107,0,blank,0,0,0,564068,564261,193
107,0,blank,0,0,0,564261,564454,193
107,0,blank,0,0,0,564454,564642,188
107,0,blank,0,0,0,564642,564837,195
107,0,blank,0,0,0,564987,565181,194
107,0,blank,0,0,0,565181,565351,170
107,0,blank,0,0,0,565351,565548,197
107,0,blank,0,0,0,565548,565722,174
107,0,blank,0,0,0,565722,565902,180
107,0,blank,0,0,0,565902,566084,182
107,0,blank,0,0,0,566084,566263,179
107,0,blank,0,0,0,566263,566437,174
107,0,blank,0,0,0,566437,566619,182
107,0,blank,0,0,0,566619,566797,178
107,0,blank,0,0,0,566797,566970,173
107,0,blank,0,560.2629,757.1177,567037,567261,224
107,0,blank,0,0,0,567366,567548,182
107,0,blank,0,0,0,567548,567724,176
107,0,blank,0,0,0,567724,567915,191
107,0,blank,0,0,0,567915,568092,177
107,0,blank,0,0,0,568092,568272,180
107,0,blank,0,0,0,568272,568451,179
107,0,blank,0,0,0,568451,568646,195
107,0,blank,0,0,0,568646,568816,170
107,0,blank,0,0,0,568816,568895,79
107,0,blank,0,0,0,568895,569439,544
107,0,blank,0,0,0,569439,569623,184
107,0,blank,0,0,0,569623,569822,199
107,0,blank,0,0,0,569822,569998,176
107,0,blank,0,0,0,569998,570169,171
107,0,blank,0,0,0,570169,570343,174
107,0,blank,0,0,0,570343,570518,175
107,0,blank,0,0,0,570518,570619,101
107,0,blank,0,525.4227,732.0977,570760,570800,40
107,0,blank,0,0,0,570892,571088,196
107,0,blank,0,0,0,571088,571271,183
107,0,blank,0,0,0,571271,571435,164
107,0,blank,0,0,0,571435,571618,183
107,0,blank,0,0,0,571618,571795,177
107,0,blank,0,0,0,571795,571993,198
107,0,blank,0,0,0,571993,572172,179
107,0,blank,0,0,0,572172,572225,53
107,0,blank,0,817.5504,793.9393,572467,572579,112
107,0,blank,0,1160.8154,858.89194,572655,572845,190
107,0,blank,0,759.4709,798.92925,572882,573044,162
107,0,blank,0,789.7785,816.859575,573044,573204,160
107,0,blank,0,1074.08175,1.00785,573283,573445,162
107,0,blank,0,1075.14133333333,1.01686666666667,573445,573564,119
107,0,blank,0,0,0,573991,574152,161
107,0,blank,0,0,0,574152,574326,174
107,0,blank,0,0,0,574326,574502,176
107,0,blank,0,0,0,574502,574677,175
107,0,blank,0,0,0,574677,574833,156
107,0,blank,0,0,0,574833,575013,180
107,0,blank,0,0,0,575013,575209,196
107,0,blank,0,0,0,575209,575390,181
107,0,blank,0,0,0,575390,575572,182
107,0,blank,0,0,0,575572,575739,167
107,0,blank,0,0,0,575739,575916,177
107,0,blank,0,0,0,575916,576096,180
107,0,blank,0,0,0,576096,576255,159
107,0,blank,0,0,0,576255,576398,143
107,0,blank,0,0,0,576398,576565,167
107,0,blank,0,0,0,576565,576753,188
107,0,blank,0,0,0,576753,576908,155
107,0,blank,0,785.62325,751.298,577053,577151,98
107,0,blank,0,917.9995,1.02726666666667,577206,577361,155
107,0,blank,0,910.3466,1.0265,577361,577410,49
107,0,blank,0,679.640725,753.302275,577601,577769,168
107,0,blank,0,681.94155,747.93845,577769,577930,161
107,0,blank,0,706.616475,759.434325,577930,578096,166
107,0,blank,0,753.454425,762.708175,578096,578257,161
107,0,blank,0,478.6378,750.439366666667,578467,578641,174
107,0,blank,0,437.7681,752.7001,578641,578684,43
107,0,blank,0,1327.6414,588.47596,579008,579206,198
107,0,blank,0,1336.06675,520.058025,579206,579370,164
107,0,blank,0,1333.43675,521.088125,579370,579529,159
107,0,blank,0,1339.1665,529.24265,579529,579691,162
107,0,blank,0,1349.447,498.490175,579691,579857,166
107,0,blank,0,1351.0095,502.79115,579857,580021,164
107,0,blank,0,1348.942,175.6188,580100,580215,115
108,0,blank,0,1360.0975,275.89825,580463,580622,159
108,0,blank,0,1350.794,278.8307,580622,580672,50
108,0,blank,0,712.3001,414.5501,580860,581031,171
108,0,blank,0,709.289525,402.796325,581031,581194,163
109,0,blank,0,667.94152,674.4371,581394,581588,194
109,0,blank,0,677.65886,701.92954,581588,581783,195
109,0,blank,0,714.8477,744.93946,581783,581980,197
109,0,blank,0,795.873575,753.2233,581980,582142,162
109,0,blank,0,793.755,754.2176,582142,582181,39
109,0,blank,0,944.6045,898.9427,582221,582263,42
109,0,blank,0,1056.24562,887.11736,582343,582539,196
109,0,blank,0,1113.2054,889.10194,582539,582738,199
109,0,blank,0,1115.894,876.912475,582738,582896,158
109,0,blank,0,782.36794,775.43438,582935,583129,194
109,0,blank,0,699.11236,759.48706,583129,583325,196
109,0,blank,0,703.09922,756.01858,583325,583523,198
109,0,blank,0,788.72785,740.2613,583523,583613,90
109,0,blank,0,779.4743,727.9624,583613,583742,129
109,0,blank,0,1177.9715,767.578275,583985,584158,173
109,0,blank,0,1148.05,779.059525,584158,584317,159
109,0,blank,0,1108.7374,807.91402,584317,584516,199
109,0,blank,0,1105.212,805.43565,584516,584600,84
109,0,blank,0,0,0,584639,584835,196
109,0,blank,0,0,0,584835,585001,166
109,0,blank,0,1007.5638,770.32618,585044,585242,198
109,0,blank,0,1007.631,780.9299,585242,585283,41
109,0,blank,0,793.53596,576.68646,585365,585563,198
109,0,blank,0,794.46035,581.5247,585563,585640,77
109,0,blank,0,966.46288,749.84652,585678,585875,197
109,0,blank,0,965.9769,744.49645,585875,585953,78
109,0,blank,0,608.91532,704.14478,585992,586186,194
109,0,blank,0,656.15965,699.81745,586186,586261,75
109,0,blank,0,979.501866666667,656.2053,586296,586405,109
109,0,blank,0,1399.591,636.6952,586574,586657,83
109,0,blank,0,696.0186,759.63225,586907,587015,108
109,0,blank,0,567.291066666667,763.682,587074,587235,161
109,0,blank,0,628.6271,777.7834,587235,587399,164
109,0,blank,0,633.995266666667,777.662333333333,587399,587560,161
109,0,blank,0,712.0683,786.002266666667,587560,587731,171
109,0,blank,0,697.7683,757.9397,587731,587899,168
109,0,blank,0,666.47705,744.7572,587899,588013,114
109,0,blank,0,0,0,588144,588256,112
109,0,blank,0,0,0,588256,588435,179
109,0,blank,0,0,0,588435,588611,176
109,0,blank,0,0,0,588611,588784,173
109,0,blank,0,0,0,588784,588936,152
109,0,blank,0,0,0,588936,589119,183
109,0,blank,0,0,0,589119,589294,175
109,0,blank,0,0,0,589294,589471,177
109,0,blank,0,0,0,589471,589669,198
109,0,blank,0,0,0,589669,589857,188
109,0,blank,0,0,0,589857,590030,173
109,0,blank,0,0,0,590030,590222,192
109,0,blank,0,0,0,590222,590396,174
109,0,blank,0,0,0,590396,590575,179
109,0,blank,0,0,0,590575,590754,179
109,0,blank,0,0,0,590754,590934,180
109,0,blank,0,0,0,590934,591114,180
109,0,blank,0,0,0,591114,591302,188
109,0,blank,0,0,0,591302,591476,174
109,0,blank,0,0,0,591476,591650,174
109,0,blank,0,0,0,591650,591828,178
109,0,blank,0,0,0,591828,592004,176
109,0,blank,0,0,0,592004,592182,178
109,0,blank,0,0,0,592182,592367,185
109,0,blank,0,0,0,592367,592546,179
109,0,blank,0,0,0,592546,592728,182
109,0,blank,0,0,0,592728,592908,180
109,0,blank,0,0,0,592908,593095,187
109,0,blank,0,0,0,593095,593230,135
109,0,blank,0,0,0,593230,593390,160
109,0,blank,0,0,0,593390,593546,156
109,0,blank,0,0,0,593546,593687,141
109,0,blank,0,0,0,593687,593792,105
109,0,blank,0,0,0,593792,593970,178
109,0,blank,0,0,0,593970,594148,178
109,0,blank,0,0,0,594148,594326,178
109,0,blank,0,0,0,594326,594451,125
109,0,blank,0,0,0,594451,594663,212
109,0,blank,0,0,0,594663,594688,25
109,0,blank,0,0,0,594688,595128,440
109,0,blank,0,0,0,595128,595565,437
109,0,blank,0,0,0,595565,595742,177
109,0,blank,0,0,0,595742,595931,189
109,0,blank,0,0,0,595931,596090,159
109,0,blank,0,0,0,596090,596205,115
109,0,blank,0,0,0,596205,596389,184
109,0,blank,0,0,0,596389,596493,104
109,0,blank,0,0,0,596493,596645,152
109,0,blank,0,0,0,596645,596847,202
109,0,blank,0,0,0,596847,597069,222
109,0,blank,0,0,0,597069,597232,163
109,0,blank,0,0,0,597232,597427,195
109,0,blank,0,0,0,597427,597606,179
109,0,blank,0,0,0,597606,597787,181
109,0,blank,0,0,0,597787,597943,156
109,0,blank,0,0,0,597943,598109,166
109,0,blank,0,0,0,598109,598320,211
109,0,blank,0,0,0,598320,598489,169
109,0,blank,0,0,0,598489,598677,188
109,0,blank,0,0,0,598677,598870,193
109,0,blank,0,0,0,598870,599044,174
109,0,blank,0,0,0,599044,599231,187
109,0,blank,0,0,0,599231,599419,188
109,0,blank,0,0,0,599419,599591,172
109,0,blank,0,0,0,599591,599624,33
109,0,blank,0,0,0,599624,599912,288
109,0,blank,0,0,0,599912,600026,114
109,0,blank,0,0,0,600026,600117,91
109,0,blank,0,0,0,600117,600277,160
109,0,blank,0,0,0,600277,600385,108
109,0,blank,0,0,0,600385,600568,183
109,0,blank,0,0,0,600568,600746,178
109,0,blank,0,0,0,600746,600820,74
109,0,blank,0,698.04775,735.81295,600847,600988,141
109,0,blank,0,661.416266666667,750.0875,600988,601171,183
109,0,blank,0,637.520966666667,740.652933333333,601171,601339,168
109,0,blank,0,614.1818,756.435966666667,601339,601455,116
109,0,blank,0,525.824,857.3042,601494,601576,82
