Frameno_fix,lineno_fix,Tokenname_fix,tokens_id,gaze_X_fix,gaze_Y_fix,timestamp_fix_start,timestamp_fix_end,time_duration
100,0,blank,0,379.818333333333,91.2020333333333,3792,3883,91
100,0,blank,0,475.489025,272.969075,4037,4159,122
100,0,blank,0,0,0,4190,4297,107
100,0,blank,0,461.6161,96.9291,4409,4434,25
100,0,blank,0,782.7127,9.74901666666667,4495,4687,192
100,0,blank,0,823.70258,39.74816,4687,4846,159
100,0,blank,0,678.8254,30.6683,4876,5003,127
100,0,blank,0,476.30558,104.11706,5066,5224,158
100,0,blank,0,506.0827,228.64805,5256,5318,62
100,0,blank,0,512.911075,145.21535,5350,5478,128
100,0,blank,0,566.45955,243.370175,5510,5636,126
100,0,blank,0,0,0,5698,5781,83
100,0,blank,0,561.8866,-0.1311,5911,5930,19
100,0,blank,0,467.17824,127.68312,5976,6162,186
100,0,blank,0,472.82845,108.72495,6162,6238,76
100,0,blank,0,513.925833333333,163.114733333333,6276,6386,110
100,0,blank,0,536.9573,174.0425,6459,6536,77
100,0,blank,0,0,0,6617,6658,41
100,0,blank,0,0,0,6943,7119,176
100,0,blank,0,0,0,7119,7296,177
100,0,blank,0,0,0,7296,7484,188
100,0,blank,0,0,0,7484,7590,106
100,0,blank,0,0,0,7590,7759,169
100,0,blank,0,0,0,7759,7815,56
100,0,blank,0,0,0,7815,8145,330
100,0,blank,0,0,0,8145,8343,198
100,0,blank,0,0,0,8343,8436,93
100,0,blank,0,0,0,8436,8620,184
100,0,blank,0,0,0,8620,9131,511
100,0,blank,0,0,0,9131,9835,704
100,0,blank,0,0,0,9835,9976,141
100,0,blank,0,393.5282,621.0324,10048,10107,59
100,0,blank,0,391.5131,561.792,10157,10197,40
100,0,blank,0,448.2252,567.2042,10247,10288,41
100,0,blank,0,1365.44866666667,506.044833333333,10574,10767,193
100,0,blank,0,1350.244,507.5678,10767,10798,31
100,0,blank,0,497.305366666667,387.3601,10902,11098,196
100,0,blank,0,454.999566666667,359.475266666667,11098,11202,104
100,0,blank,0,841.767266666667,272.4128,11265,11390,125
100,0,blank,0,748.6671,327.9238,11449,11483,34
100,0,blank,0,580.3913,370.238,11559,11651,92
100,0,blank,0,0,0,11711,11855,144
100,0,blank,0,0,0,11976,12006,30
100,14,"Thesortedlistinascendingorderis\n",96,418.58765,303.5069,12205,12275,70
100,0,blank,0,501.5413,310.598633333333,12766,12911,145
100,0,blank,0,0,0,13206,13268,62
100,0,blank,0,683.962,268.111366666667,13438,13573,135
100,0,blank,0,816.7221,267.9607,13604,13769,165
100,0,blank,0,779.955966666667,263.6362,13769,13885,116
100,0,blank,0,874.09895,276.80315,13885,14050,165
100,0,blank,0,904.373766666667,327.825833333333,14050,14184,134
100,0,blank,0,815.9742,484.4396,14223,14253,30
100,0,blank,0,757.5264,392.4377,14293,14326,33
100,0,blank,0,533.44385,363.0033,14743,14837,94
100,0,blank,0,509.1474,330.9368,15114,15149,35
100,0,blank,0,781.08575,338.28635,15784,15842,58
100,0,blank,0,681.4882,350.9765,15932,15994,62
100,0,blank,0,628.4449,345.5753,16030,16089,59
100,0,blank,0,674.9366,330.1377,16127,16201,74
100,0,blank,0,498.4931,388.666,16239,16350,111
100,0,blank,0,507.6292,381.6929,16386,16417,31
100,0,blank,0,0,0,16654,16776,122
100,0,blank,0,698.5107,360.182066666667,16951,17032,81
100,0,blank,0,497.3683,369.024933333333,17158,17256,98
100,0,blank,0,480.5837,368.8249,17386,17434,48
100,0,blank,0,611.6888,417.7568,17475,17543,68
100,0,blank,0,746.2152,438.687883333333,17575,17761,186
100,0,blank,0,674.01336,398.8573,17796,17993,197
100,0,blank,0,641.12745,499.89615,18023,18208,185
100,0,blank,0,682.932925,478.703575,18208,18329,121
100,0,blank,0,0,0,18560,18620,60
100,0,blank,0,480.6322,530.4297,18832,18865,33
100,0,blank,0,586.1547,527.46,18898,18930,32
100,0,blank,0,466.79046,586.54314,18997,19168,171
100,0,blank,0,478.203616666667,615.368283333333,19168,19356,188
100,0,blank,0,458.7376,541.8655,19356,19387,31
100,0,blank,0,0,0,19418,19475,57
100,0,blank,0,532.1249,527.031466666667,19576,19762,186
100,0,blank,0,475.40105,653.42625,19793,19987,194
100,0,blank,0,527.01756,634.23652,19987,20179,192
100,0,blank,0,535.8136,609.86235,20179,20245,66
100,0,blank,0,538.6668,624.4194,20316,20383,67
100,0,blank,0,0,0,20486,20660,174
100,0,blank,0,650.80895,566.8463,20745,20810,65
100,0,blank,0,664.5363,572.6234,20842,20881,39
100,0,blank,0,550.693,567.37804,20914,21086,172
100,0,blank,0,580.55405,570.88155,21086,21154,68
100,0,blank,0,0,0,21188,21221,33
100,0,blank,0,0,0,21273,21339,66
100,0,blank,0,491.0615,680.2635,21445,21476,31
100,0,blank,0,0,0,21500,21632,132
100,0,blank,0,704.0621,556.8268,21879,21937,58
100,0,blank,0,781.409,644.9144,22735,22842,107
100,0,blank,0,744.765766666667,583.255133333333,22962,23054,92
100,0,blank,0,0,0,23085,23242,157
100,0,blank,0,589.1883,482.2437,23341,23361,20
100,0,blank,0,817.113125,718.277325,23512,23637,125
100,0,blank,0,0,0,23726,23907,181
100,0,blank,0,0,0,23907,24086,179
100,0,blank,0,702.0349,532.5726,24115,24140,25
100,0,blank,0,713.5318,545.6313,24140,24555,415
100,0,blank,0,0,0,24761,24956,195
100,0,blank,0,0,0,24956,25136,180
100,0,blank,0,0,0,25136,25331,195
100,0,blank,0,0,0,25331,25403,72
100,0,blank,0,0,0,25446,25560,114
100,0,blank,0,0,0,25560,25669,109
100,0,blank,0,0,0,25669,25782,113
100,0,blank,0,0,0,25782,25964,182
100,0,blank,0,0,0,25964,26421,457
100,0,blank,0,524.1054,211.6608,27034,27123,89
100,0,blank,0,604.152,552.079766666667,27218,27390,172
100,0,blank,0,578.31698,516.50144,27390,27553,163
100,21,int,145,522.5716,453.9029,27590,27664,74
100,0,blank,0,538.2656,427.47792,27735,27934,199
100,0,blank,0,474.5323,398.4638,27934,27964,30
100,0,blank,0,711.60205,308.2512,28056,28234,178
100,0,blank,0,732.018,310.5321,28234,28336,102
100,0,blank,0,650.8176,425.1085,28414,28446,32
100,0,blank,0,764.09692,397.35476,28478,28637,159
100,0,blank,0,804.6173,421.4645,28637,28678,41
100,0,blank,0,859.7773,362.8748,28718,28750,32
100,0,blank,0,0,0,28854,28961,107
100,0,blank,0,0,0,29862,30042,180
100,0,blank,0,0,0,30042,30223,181
100,0,blank,0,0,0,30223,30410,187
100,0,blank,0,0,0,30410,30515,105
100,0,blank,0,0,0,30685,30854,169
100,0,blank,0,0,0,30854,30891,37
100,0,blank,0,0,0,30962,31149,187
100,0,blank,0,0,0,31149,31308,159
100,0,blank,0,0,0,31308,31491,183
100,0,blank,0,0,0,31491,31672,181
100,0,blank,0,0,0,31672,31842,170
100,0,blank,0,0,0,31842,32015,173
100,0,blank,0,0,0,32015,32158,143
100,0,blank,0,0,0,32158,32215,57
100,0,blank,0,0,0,32215,32452,237
100,0,blank,0,0,0,32452,32509,57
100,0,blank,0,0,0,32509,32700,191
100,0,blank,0,0,0,32700,32814,114
100,0,blank,0,0,0,32814,33003,189
100,0,blank,0,0,0,33003,33296,293
100,0,blank,0,0,0,33296,33619,323
100,0,blank,0,0,0,33619,33924,305
100,0,blank,0,0,0,33924,34117,193
100,0,blank,0,0,0,34117,34243,126
100,0,blank,0,0,0,35135,35189,54
100,0,blank,0,0,0,35495,35575,80
100,0,blank,0,618.96705,587.91395,35646,35807,161
100,0,blank,0,0,0,36014,36248,234
100,0,blank,0,0,0,36248,36394,146
100,0,blank,0,0,0,36550,36804,254
100,0,blank,0,0,0,36804,37112,308
100,0,blank,0,0,0,37112,37241,129
100,0,blank,0,0,0,37241,37432,191
100,0,blank,0,0,0,37432,37535,103
100,0,blank,0,0,0,37535,37707,172
100,0,blank,0,0,0,37707,37932,225
100,0,blank,0,0,0,37993,38059,66
100,0,blank,0,0,0,38059,38230,171
100,0,blank,0,0,0,38230,38297,67
100,0,blank,0,685.636933333333,700.546933333333,38339,38449,110
100,0,blank,0,584.8599,810.3308,38501,38536,35
100,0,blank,0,0,0,38803,38835,32
100,0,blank,0,0,0,38835,39086,251
100,0,blank,0,0,0,39086,39176,90
100,0,blank,0,0,0,39176,39362,186
100,0,blank,0,0,0,39362,39467,105
100,0,blank,0,0,0,39467,39611,144
100,0,blank,0,476.495866666667,650.813,39663,39816,153
100,0,blank,0,421.3173,674.3779,39816,39919,103
100,0,blank,0,0,0,39949,40189,240
100,0,blank,0,735.905,547.95025,40219,40278,59
100,0,blank,0,628.907666666667,576.5852,40309,40400,91
100,0,blank,0,867.5994,580.6896,40466,40505,39
100,0,blank,0,1033.222,563.2361,40643,40740,97
100,0,blank,0,478.15795,663.43245,40977,41123,146
100,0,blank,0,0,0,41215,41412,197
100,0,blank,0,0,0,41412,41592,180
100,0,blank,0,0,0,41592,41618,26
100,0,blank,0,480.6062,696.7904,41656,41694,38
100,0,blank,0,542.9266,758.5211,41694,41875,181
100,0,blank,0,487.6387,696.524975,41875,42074,199
100,0,blank,0,575.57688,711.4394,42074,42232,158
100,0,blank,0,590.6801,719.7402,42263,42294,31
100,0,blank,0,678.8531,773.5622,42327,42360,33
100,0,blank,0,648.9248,778.797,42422,42511,89
100,0,blank,0,493.70255,767.004,42542,42737,195
100,0,blank,0,479.335666666667,760.383866666667,42737,42838,101
100,0,blank,0,0,0,42872,43032,160
100,0,blank,0,0,0,43032,43072,40
100,0,blank,0,583.014033333333,804.131633333333,43148,43344,196
100,0,blank,0,541.73875,750.238633333333,43344,43537,193
100,0,blank,0,520.95305,744.245933333333,43537,43728,191
100,0,blank,0,527.51342,715.98546,43728,43896,168
100,0,blank,0,1335.251,614.6589,43961,43988,27
100,0,blank,0,639.93832,727.81228,44309,44491,182
100,0,blank,0,0,0,44706,44899,193
100,0,blank,0,0,0,44899,45076,177
100,0,blank,0,0,0,45076,45253,177
100,0,blank,0,0,0,45253,45409,156
100,0,blank,0,0,0,45409,45567,158
100,0,blank,0,0,0,45567,45751,184
100,0,blank,0,0,0,45751,45916,165
100,0,blank,0,0,0,45916,46026,110
100,0,blank,0,1.0224,501.0094,46102,46131,29
100,0,blank,0,1366.768,758.1628,46414,46446,32
101,0,blank,0,0,0,47098,47267,169
101,0,blank,0,0,0,47267,47433,166
101,0,blank,0,553.3344,515.6809,47672,47713,41
101,0,blank,0,664.182,625.119125,47746,47886,140
101,0,blank,0,0,0,48504,48759,255
101,0,blank,0,0,0,48759,48949,190
101,0,blank,0,0,0,48949,49340,391
101,0,blank,0,0,0,49340,49775,435
101,0,blank,0,0,0,49775,49951,176
101,0,blank,0,0,0,49951,50082,131
101,0,blank,0,0,0,50082,50225,143
101,0,blank,0,0,0,50225,50478,253
101,0,blank,0,0,0,50478,50630,152
101,0,blank,0,0,0,50630,50814,184
101,0,blank,0,0,0,50814,50935,121
101,0,blank,0,0,0,50935,51042,107
101,0,blank,0,0,0,51042,51279,237
101,0,blank,0,0,0,51577,51794,217
101,0,blank,0,0,0,52083,52262,179
101,0,blank,0,0,0,52262,52443,181
101,0,blank,0,0,0,52443,52488,45
101,0,blank,0,0,0,52701,52863,162
101,0,blank,0,0,0,52863,53029,166
101,0,blank,0,0,0,53029,53154,125
101,0,blank,0,0,0,53154,53291,137
101,0,blank,0,0,0,53291,53421,130
101,0,blank,0,0,0,53421,53510,89
101,0,blank,0,0,0,53510,53638,128
102,0,blank,0,0,0,53801,53832,31
102,0,blank,0,0,0,53832,54026,194
102,0,blank,0,1286.854,281.9999,54219,54260,41
102,0,blank,0,1123.496,208.7034,54394,54493,99
102,0,blank,0,1180.345,180.786,54537,54566,29
102,0,blank,0,1.0208,359.3089,54736,54841,105
102,0,blank,0,1378.513,629.4207,55250,55346,96
102,0,blank,0,1278.4268,687.80502,55688,55880,192
102,0,blank,0,1269.713,704.400583333333,55880,56079,199
102,0,blank,0,1275.7312,671.5835,56079,56250,171
102,0,blank,0,1274.28283333333,703.92565,56250,56449,199
103,0,blank,0,0,0,56681,56837,156
103,0,blank,0,1251.32,696.2991,56997,57016,19
103,0,blank,0,0,0,57089,57210,121
103,0,blank,0,0,0,57690,57879,189
103,0,blank,0,0,0,57879,57927,48
103,0,blank,0,0,0,57927,58129,202
103,0,blank,0,0,0,58129,58210,81
103,0,blank,0,0,0,58210,58852,642
103,0,blank,0,0,0,58852,59483,631
103,0,blank,0,0,0,59483,59661,178
103,0,blank,0,0,0,59661,59745,84
103,0,blank,0,0,0,59745,59907,162
103,0,blank,0,0,0,59907,60089,182
103,0,blank,0,0,0,60089,60287,198
103,0,blank,0,0,0,60287,60589,302
103,0,blank,0,0,0,60589,61154,565
103,0,blank,0,0,0,61154,61303,149
103,0,blank,0,0,0,61303,61439,136
103,0,blank,0,0,0,61439,61704,265
103,0,blank,0,0,0,61704,61887,183
103,0,blank,0,0,0,61887,62045,158
103,0,blank,0,0,0,62045,62191,146
103,0,blank,0,0,0,62191,62373,182
103,0,blank,0,0,0,62373,62543,170
103,0,blank,0,0,0,62543,62581,38
103,0,blank,0,0,0,62581,62751,170
103,0,blank,0,0,0,62751,62878,127
103,0,blank,0,0,0,63152,63309,157
103,0,blank,0,0,0,63309,63484,175
103,0,blank,0,0,0,63484,63551,67
103,0,blank,0,0,0,63551,63699,148
103,0,blank,0,0,0,63699,63914,215
103,0,blank,0,0,0,63914,64088,174
103,0,blank,0,0,0,64088,64120,32
103,0,blank,0,0,0,64120,64319,199
103,0,blank,0,0,0,64319,64516,197
103,0,blank,0,0,0,64516,64909,393
103,0,blank,0,0,0,64909,65134,225
103,0,blank,0,0,0,65134,65324,190
103,0,blank,0,0,0,65324,65440,116
103,0,blank,0,0,0,65440,65529,89
103,0,blank,0,0,0,65529,65701,172
103,0,blank,0,0,0,65701,65846,145
103,0,blank,0,0,0,65846,66032,186
103,0,blank,0,0,0,66032,66180,148
103,0,blank,0,0,0,66180,66299,119
103,0,blank,0,0,0,66299,66419,120
103,0,blank,0,0,0,66419,66522,103
103,0,blank,0,0,0,66522,66698,176
103,0,blank,0,0,0,66698,66868,170
103,0,blank,0,0,0,66868,67044,176
103,0,blank,0,0,0,67044,67220,176
103,0,blank,0,0,0,67220,67348,128
103,0,blank,0,0,0,67348,67613,265
103,0,blank,0,0,0,67613,67704,91
103,0,blank,0,0,0,67704,67959,255
103,0,blank,0,0,0,67959,68146,187
103,0,blank,0,0,0,68146,68322,176
103,0,blank,0,0,0,68322,68513,191
103,0,blank,0,0,0,68513,68539,26
103,0,blank,0,0,0,68539,68785,246
103,0,blank,0,0,0,68785,69047,262
103,0,blank,0,0,0,69047,69231,184
103,0,blank,0,0,0,69231,69415,184
103,0,blank,0,0,0,69415,69595,180
103,0,blank,0,0,0,69595,69772,177
103,0,blank,0,0,0,69772,69815,43
103,0,blank,0,0,0,69815,70173,358
103,0,blank,0,0,0,70173,70220,47
103,0,blank,0,0,0,70220,70463,243
103,0,blank,0,0,0,70463,70613,150
103,0,blank,0,0,0,70613,70839,226
103,0,blank,0,0,0,70839,71141,302
103,0,blank,0,0,0,71141,71339,198
103,0,blank,0,0,0,71909,72817,908
103,0,blank,0,0,0,72817,73063,246
103,0,blank,0,0,0,73063,73252,189
103,0,blank,0,0,0,73252,73367,115
103,0,blank,0,0,0,73517,73664,147
103,0,blank,0,0,0,73664,73867,203
103,0,blank,0,0,0,73867,74089,222
103,0,blank,0,0,0,74089,74609,520
103,0,blank,0,0,0,74609,74912,303
103,0,blank,0,0,0,74912,75054,142
103,0,blank,0,0,0,75054,75235,181
103,0,blank,0,0,0,75235,75293,58
103,0,blank,0,0,0,75293,75526,233
103,0,blank,0,753.7107,490.1453,75736,75932,196
103,0,blank,0,0,0,75999,76198,199
103,0,blank,0,0,0,76198,76362,164
103,0,blank,0,0,0,76362,76542,180
103,0,blank,0,0,0,76542,76846,304
103,0,blank,0,0,0,76846,77092,246
103,0,blank,0,0,0,77092,77268,176
103,0,blank,0,0,0,77268,77445,177
103,0,blank,0,0,0,77445,77579,134
103,0,blank,0,0,0,77579,78125,546
103,0,blank,0,0,0,78125,78378,253
103,0,blank,0,0,0,78378,78519,141
103,0,blank,0,0,0,79090,79194,104
103,0,blank,0,0,0,79194,79374,180
103,0,blank,0,0,0,79374,79531,157
103,0,blank,0,0,0,79531,79733,202
103,0,blank,0,0,0,79733,79849,116
103,0,blank,0,0,0,79849,80044,195
103,0,blank,0,0,0,80044,80237,193
103,0,blank,0,0,0,80237,80747,510
103,0,blank,0,0,0,80747,80920,173
103,0,blank,0,0,0,80920,81103,183
103,0,blank,0,0,0,81103,81560,457
103,0,blank,0,0,0,81560,81813,253
103,0,blank,0,0,0,81813,81982,169
103,0,blank,0,0,0,81982,82162,180
103,0,blank,0,0,0,82162,82230,68
103,0,blank,0,0,0,82230,82428,198
103,0,blank,0,0,0,82428,82618,190
103,0,blank,0,0,0,82618,82791,173
103,0,blank,0,0,0,82791,82822,31
103,0,blank,0,0,0,82822,83059,237
103,0,blank,0,0,0,83059,83297,238
103,0,blank,0,0,0,83297,83428,131
103,0,blank,0,0,0,83428,83581,153
103,0,blank,0,0,0,83581,83741,160
103,0,blank,0,0,0,83741,83948,207
103,0,blank,0,0,0,83948,84124,176
103,0,blank,0,0,0,84124,84231,107
103,0,blank,0,0,0,84231,84369,138
103,0,blank,0,0,0,84369,84650,281
103,0,blank,0,0,0,84650,85131,481
103,0,blank,0,0,0,86092,86184,92
103,0,blank,0,0,0,86184,86414,230
103,0,blank,0,933.1705,367.2082,86493,86524,31
103,0,blank,0,524.250475,591.41145,87170,87351,181
103,0,blank,0,0,0,87441,87605,164
103,0,blank,0,0,0,87605,87656,51
103,0,blank,0,773.08135,708.5557,87706,87774,68
103,0,blank,0,0,0,87806,87839,33
103,0,blank,0,595.7598,530.5097,87865,87891,26
103,0,blank,0,731.1381,636.952,87973,87999,26
103,0,blank,0,527.144,871.5293,88105,88131,26
103,0,blank,0,0,0,88358,88477,119
103,0,blank,0,0,0,88477,88571,94
103,0,blank,0,0,0,88571,88844,273
103,0,blank,0,0,0,88844,88946,102
103,0,blank,0,0,0,88946,89523,577
103,0,blank,0,0,0,89523,89895,372
103,0,blank,0,0,0,89895,90058,163
103,0,blank,0,0,0,90058,90416,358
103,0,blank,0,0,0,90416,90498,82
103,0,blank,0,0,0,90498,90718,220
103,0,blank,0,0,0,90718,90911,193
103,0,blank,0,0,0,90911,91147,236
103,0,blank,0,0,0,91147,91373,226
103,0,blank,0,0,0,91373,91437,64
103,0,blank,0,0,0,91437,91608,171
103,0,blank,0,0,0,91608,91684,76
103,0,blank,0,0,0,91684,91877,193
103,0,blank,0,0,0,91877,92063,186
103,0,blank,0,0,0,92063,92292,229
103,0,blank,0,0,0,92292,92438,146
103,0,blank,0,0,0,92438,92628,190
103,0,blank,0,0,0,92628,92973,345
103,0,blank,0,0,0,92973,93190,217
103,0,blank,0,0,0,93190,93356,166
103,0,blank,0,0,0,93356,93761,405
103,0,blank,0,0,0,93761,93803,42
103,0,blank,0,0,0,93803,93964,161
103,0,blank,0,0,0,93964,94148,184
103,0,blank,0,585.674,496.3038,94746,94855,109
103,0,blank,0,0,0,95041,95187,146
103,0,blank,0,0,0,95342,95438,96
103,0,blank,0,0,0,95438,95614,176
103,0,blank,0,0,0,95614,95794,180
103,0,blank,0,0,0,95794,96040,246
103,0,blank,0,0,0,96040,96256,216
103,0,blank,0,0,0,96256,96446,190
103,0,blank,0,0,0,96446,96622,176
103,0,blank,0,0,0,96622,96648,26
103,0,blank,0,0,0,96648,96976,328
103,0,blank,0,0,0,96976,97038,62
103,0,blank,0,0,0,97038,97260,222
103,0,blank,0,0,0,97260,97502,242
103,0,blank,0,0,0,97502,97681,179
103,0,blank,0,0,0,97681,97812,131
103,0,blank,0,0,0,97812,97957,145
103,0,blank,0,0,0,97957,98506,549
103,0,blank,0,0,0,98506,98675,169
103,0,blank,0,0,0,98675,98847,172
103,0,blank,0,0,0,98847,99040,193
103,0,blank,0,0,0,99040,99139,99
103,0,blank,0,0,0,99139,99250,111
103,0,blank,0,0,0,99250,99366,116
103,0,blank,0,0,0,99366,99531,165
103,0,blank,0,0,0,99531,100222,691
103,0,blank,0,0,0,100222,100384,162
103,0,blank,0,0,0,101197,101347,150
103,0,blank,0,0,0,101347,101422,75
103,0,blank,0,739.11836,685.48924,101815,101996,181
103,0,blank,0,742.40484,704.78126,101996,102176,180
103,0,blank,0,749.21808,681.87562,102176,102350,174
103,0,blank,0,719.72362,717.12944,102350,102522,172
103,0,blank,0,701.86244,729.60968,102522,102695,173
103,0,blank,0,0,0,102766,102934,168
103,0,blank,0,0,0,102934,103056,122
103,0,blank,0,762.9288,605.7828,103111,103130,19
103,0,blank,0,819.4459,721.68096,103173,103353,180
103,0,blank,0,851.01266,721.281,103353,103528,175
103,0,blank,0,857.2097,713.1058,103528,103701,173
103,0,blank,0,890.7999,770.8951,103701,103736,35
103,0,blank,0,730.53956,723.28268,103771,103946,175
103,0,blank,0,624.539,703.625,103946,104144,198
103,0,blank,0,587.071933333333,709.724283333333,104144,104341,197
103,0,blank,0,569.7778,714.19446,104341,104507,166
103,0,blank,0,605.73492,635.04422,104540,104715,175
103,0,blank,0,605.0947,620.3237,104715,104888,173
103,0,blank,0,0,0,104921,105064,143
103,0,blank,0,597.5323,593.7457,105219,105243,24
103,0,blank,0,0,0,105293,105462,169
103,0,blank,0,597.2877,704.95306,105697,105871,174
103,0,blank,0,603.85722,691.62976,105871,106039,168
103,0,blank,0,634.230425,694.978075,106039,106172,133
103,0,blank,0,0,0,106205,106395,190
103,0,blank,0,687.05452,575.59242,106531,106694,163
103,0,blank,0,701.5908,590.60584,106727,106893,166
103,0,blank,0,614.783066666667,585.946733333333,106927,107061,134
103,0,blank,0,0,0,107155,107288,133
103,0,blank,0,0,0,107543,107734,191
103,0,blank,0,0,0,107734,107867,133
103,0,blank,0,0,0,107867,108045,178
103,0,blank,0,0,0,108045,108237,192
103,0,blank,0,0,0,108237,108302,65
103,0,blank,0,0,0,108302,108693,391
103,0,blank,0,0,0,108693,109076,383
103,0,blank,0,0,0,109076,109259,183
103,0,blank,0,0,0,109259,109381,122
103,0,blank,0,0,0,109381,109490,109
103,0,blank,0,0,0,109490,109631,141
103,0,blank,0,0,0,109631,109868,237
103,0,blank,0,0,0,109868,110040,172
103,0,blank,0,0,0,110040,110206,166
103,0,blank,0,0,0,110206,110330,124
103,0,blank,0,0,0,110330,110550,220
103,0,blank,0,0,0,110550,110702,152
103,0,blank,0,0,0,110702,110927,225
103,0,blank,0,0,0,110927,110966,39
103,0,blank,0,0,0,110966,111156,190
103,0,blank,0,0,0,111156,111336,180
103,0,blank,0,0,0,111336,111519,183
103,0,blank,0,0,0,111519,111704,185
103,0,blank,0,0,0,111704,111900,196
103,0,blank,0,0,0,111900,112057,157
103,0,blank,0,0,0,112057,112225,168
103,0,blank,0,0,0,112225,112373,148
103,0,blank,0,0,0,112373,112487,114
103,0,blank,0,0,0,112487,112664,177
103,0,blank,0,0,0,112664,112760,96
103,0,blank,0,0,0,112760,112865,105
103,0,blank,0,0,0,112865,113060,195
103,0,blank,0,0,0,113060,113250,190
103,0,blank,0,0,0,113250,113387,137
103,0,blank,0,404.2964,438.3532,113427,113537,110
103,0,blank,0,428.2724,549.9026,113650,113749,99
103,0,blank,0,0,0,113797,113907,110
103,0,blank,0,491.1907,425.7136,114011,114036,25
103,0,blank,0,443.5616,568.6158,114196,114249,53
103,0,blank,0,474.732,524.8859,114249,114498,249
103,0,blank,0,387.7694,511.2203,114498,114530,32
103,0,blank,0,704.0235,600.0683,114692,114756,64
103,0,blank,0,758.7988,591.63526,114791,114943,152
103,0,blank,0,739.2059,632.789666666667,115004,115104,100
103,0,blank,0,776.3966,594.9724,115165,115197,32
103,0,blank,0,0,0,115228,115361,133
103,0,blank,0,0,0,115435,115617,182
103,0,blank,0,0,0,115617,115654,37
103,0,blank,0,0,0,115654,115919,265
103,0,blank,0,0,0,115919,116173,254
103,0,blank,0,0,0,116173,116650,477
103,0,blank,0,0,0,116650,116842,192
103,0,blank,0,0,0,116842,116986,144
103,0,blank,0,0,0,116986,117472,486
103,0,blank,0,0,0,117472,117629,157
103,0,blank,0,0,0,117629,118683,1054
103,0,blank,0,0,0,118683,118864,181
103,0,blank,0,0,0,119067,119138,71
103,0,blank,0,0,0,119138,119642,504
103,0,blank,0,0,0,119642,119956,314
103,0,blank,0,0,0,119956,120060,104
103,0,blank,0,0,0,120060,120352,292
103,0,blank,0,0,0,121705,121832,127
103,0,blank,0,0,0,121832,122123,291
103,0,blank,0,0,0,122123,122392,269
103,0,blank,0,0,0,122392,122840,448
103,0,blank,0,0,0,122840,122980,140
103,0,blank,0,0,0,122980,123193,213
103,0,blank,0,0,0,123193,123344,151
103,0,blank,0,0,0,123344,123777,433
103,0,blank,0,0,0,123777,124541,764
103,0,blank,0,0,0,124541,124757,216
103,0,blank,0,0,0,124757,124898,141
103,0,blank,0,0,0,124898,125110,212
103,0,blank,0,0,0,125110,125262,152
103,0,blank,0,0,0,125262,125371,109
103,0,blank,0,0,0,125371,125668,297
103,0,blank,0,0,0,125668,125900,232
103,0,blank,0,0,0,125900,126452,552
103,0,blank,0,0,0,126452,126625,173
103,0,blank,0,0,0,126625,126824,199
103,0,blank,0,0,0,126824,127169,345
103,0,blank,0,0,0,127169,127354,185
103,0,blank,0,0,0,127354,127551,197
103,0,blank,0,0,0,127551,127664,113
103,0,blank,0,0,0,127664,127882,218
103,0,blank,0,0,0,127882,128046,164
103,0,blank,0,0,0,128046,128204,158
103,0,blank,0,0,0,128204,128325,121
103,0,blank,0,0,0,128325,128775,450
103,0,blank,0,0,0,128775,129231,456
103,0,blank,0,0,0,129231,129356,125
103,0,blank,0,0,0,129356,129855,499
103,0,blank,0,0,0,129855,130349,494
103,0,blank,0,0,0,130349,130488,139
103,0,blank,0,0,0,130488,130677,189
103,0,blank,0,0,0,130677,130813,136
103,0,blank,0,0,0,130813,130956,143
103,0,blank,0,0,0,130956,131629,673
103,0,blank,0,0,0,131629,131991,362
103,0,blank,0,0,0,131991,132057,66
103,0,blank,0,0,0,132057,132290,233
103,0,blank,0,0,0,132290,132513,223
103,0,blank,0,0,0,132513,132658,145
103,0,blank,0,0,0,132658,133075,417
103,0,blank,0,0,0,133075,133727,652
103,0,blank,0,0,0,133727,134084,357
103,0,blank,0,0,0,134084,134268,184
103,0,blank,0,0,0,134268,134353,85
103,0,blank,0,0,0,134353,134501,148
103,0,blank,0,0,0,134501,134598,97
103,0,blank,0,0,0,134598,134858,260
103,0,blank,0,0,0,134858,135079,221
103,0,blank,0,0,0,135079,135265,186
103,0,blank,0,0,0,135265,135369,104
103,0,blank,0,0,0,135369,135638,269
103,0,blank,0,0,0,135638,136653,1015
103,0,blank,0,0,0,136653,136829,176
103,0,blank,0,0,0,136829,137040,211
103,0,blank,0,0,0,137520,137595,75
103,0,blank,0,0,0,137595,138030,435
103,0,blank,0,0,0,138030,138213,183
103,0,blank,0,0,0,138213,138396,183
103,0,blank,0,0,0,138396,138580,184
103,0,blank,0,0,0,138580,138747,167
103,0,blank,0,0,0,138747,139050,303
103,0,blank,0,0,0,139050,139210,160
103,0,blank,0,0,0,139210,139278,68
103,0,blank,0,0,0,139278,139556,278
103,0,blank,0,0,0,139556,139766,210
103,0,blank,0,0,0,139766,140251,485
103,0,blank,0,0,0,140251,141103,852
103,0,blank,0,0,0,141103,141292,189
103,0,blank,0,0,0,141292,141471,179
103,0,blank,0,0,0,141471,141644,173
103,0,blank,0,0,0,141644,141701,57
103,0,blank,0,0,0,141701,141869,168
103,0,blank,0,0,0,141869,142056,187
103,0,blank,0,0,0,142056,142360,304
103,0,blank,0,0,0,142360,142555,195
103,0,blank,0,0,0,142555,142746,191
103,0,blank,0,0,0,142746,142778,32
103,0,blank,0,0,0,142778,143011,233
103,0,blank,0,0,0,143011,143371,360
103,0,blank,0,0,0,143371,143565,194
103,0,blank,0,0,0,143565,144023,458
103,0,blank,0,0,0,144023,144475,452
103,0,blank,0,0,0,144475,144648,173
103,0,blank,0,0,0,144648,144830,182
103,0,blank,0,0,0,144830,144933,103
103,0,blank,0,0,0,144933,145199,266
103,0,blank,0,0,0,145199,145489,290
103,0,blank,0,0,0,145489,145667,178
103,0,blank,0,0,0,145667,146218,551
103,0,blank,0,0,0,146218,146632,414
103,0,blank,0,0,0,146632,146818,186
103,0,blank,0,0,0,146818,146990,172
103,0,blank,0,0,0,146990,147238,248
103,0,blank,0,0,0,147238,147639,401
103,0,blank,0,0,0,147639,147913,274
103,0,blank,0,0,0,147913,148053,140
103,0,blank,0,0,0,148053,148222,169
103,0,blank,0,0,0,148222,148345,123
103,0,blank,0,751.0418,690.0376,148396,148552,156
103,0,blank,0,0,0,149310,149487,177
103,0,blank,0,0,0,149487,149541,54
103,0,blank,0,533.1367,528.8841,149563,149589,26
103,0,blank,0,651.1497,421.9573,149715,149743,28
103,0,blank,0,694.58276,426.67322,149767,149927,160
103,0,blank,0,807.6278,389.8813,149927,149997,70
103,0,blank,0,718.161,464.71774,150079,150248,169
103,0,blank,0,732.6783,409.4665,150248,150313,65
103,0,blank,0,0,0,150344,150481,137
103,0,blank,0,0,0,150481,150766,285
103,0,blank,0,0,0,150766,150847,81
103,0,blank,0,0,0,150847,151146,299
103,0,blank,0,0,0,151146,151324,178
103,0,blank,0,0,0,151324,151957,633
103,0,blank,0,0,0,151957,152164,207
103,0,blank,0,0,0,152164,152362,198
103,0,blank,0,0,0,152362,152397,35
103,0,blank,0,0,0,152397,152853,456
103,0,blank,0,0,0,152853,152998,145
103,0,blank,0,0,0,152998,153713,715
103,0,blank,0,0,0,153713,153778,65
103,0,blank,0,0,0,153778,154000,222
103,0,blank,0,0,0,154000,154131,131
103,0,blank,0,0,0,154131,154234,103
103,0,blank,0,0,0,154234,154626,392
103,0,blank,0,0,0,154626,154802,176
103,0,blank,0,0,0,154802,155299,497
103,0,blank,0,0,0,155299,155469,170
103,0,blank,0,0,0,155469,155654,185
103,0,blank,0,0,0,155654,155883,229
103,0,blank,0,0,0,155883,156137,254
103,0,blank,0,0,0,156137,156301,164
103,0,blank,0,0,0,156301,156826,525
103,0,blank,0,0,0,156826,157346,520
103,0,blank,0,0,0,157346,157515,169
103,0,blank,0,0,0,157515,157744,229
103,0,blank,0,0,0,157744,157878,134
103,0,blank,0,0,0,157878,158073,195
103,0,blank,0,0,0,158073,158247,174
103,0,blank,0,0,0,158247,158437,190
103,0,blank,0,0,0,158437,158502,65
103,0,blank,0,643.5689,803.9077,158703,158837,134
103,0,blank,0,0,0,158987,159148,161
103,0,blank,0,0,0,159148,159522,374
103,0,blank,0,0,0,159522,159692,170
103,0,blank,0,0,0,159692,159844,152
103,0,blank,0,0,0,159844,159965,121
103,0,blank,0,0,0,159965,160180,215
103,0,blank,0,0,0,160180,160347,167
103,0,blank,0,0,0,160347,160482,135
103,0,blank,0,0,0,160482,160575,93
103,0,blank,0,0,0,160575,161115,540
103,0,blank,0,0,0,161115,161776,661
103,0,blank,0,0,0,161776,161915,139
103,0,blank,0,0,0,162180,162257,77
103,0,blank,0,708.7465,681.2524,162364,162699,335
103,0,blank,0,693.2208,704.5603,162978,163139,161
103,0,blank,0,581.41595,670.17175,163139,163287,148
103,0,blank,0,732.54025,545.5214,163594,163685,91
103,0,blank,0,0,0,164038,164226,188
103,0,blank,0,0,0,164658,164774,116
103,0,blank,0,0,0,164960,165151,191
103,0,blank,0,0,0,165151,165181,30
103,0,blank,0,0,0,165181,165458,277
103,0,blank,0,0,0,165458,165503,45
103,0,blank,0,0,0,165503,165833,330
103,0,blank,0,0,0,165833,166107,274
103,0,blank,0,0,0,166107,166603,496
103,0,blank,0,0,0,166603,166779,176
103,0,blank,0,0,0,166779,166838,59
103,0,blank,0,0,0,166838,167125,287
103,0,blank,0,0,0,167125,167351,226
103,0,blank,0,0,0,167351,167541,190
103,0,blank,0,0,0,167541,167663,122
103,0,blank,0,0,0,167663,167800,137
103,0,blank,0,0,0,167800,167966,166
103,0,blank,0,0,0,167966,168152,186
103,0,blank,0,0,0,168152,168338,186
103,0,blank,0,0,0,168338,168677,339
103,0,blank,0,0,0,168677,169010,333
103,0,blank,0,0,0,169010,169186,176
103,0,blank,0,0,0,169186,169371,185
103,0,blank,0,0,0,169371,169562,191
103,0,blank,0,0,0,169562,169751,189
103,0,blank,0,0,0,169751,169828,77
103,0,blank,0,0,0,169828,170050,222
103,0,blank,0,0,0,170050,170146,96
103,0,blank,0,0,0,170146,170340,194
103,0,blank,0,0,0,170340,170460,120
103,0,blank,0,0,0,170460,170641,181
103,0,blank,0,0,0,170641,170828,187
103,0,blank,0,0,0,170828,170919,91
103,0,blank,0,0,0,170919,171038,119
103,0,blank,0,0,0,171038,171228,190
103,0,blank,0,0,0,171228,171408,180
103,0,blank,0,0,0,171408,171581,173
103,0,blank,0,0,0,171581,171752,171
103,0,blank,0,0,0,171752,171871,119
103,0,blank,0,0,0,171871,171988,117
103,0,blank,0,0,0,171988,172083,95
103,0,blank,0,0,0,172083,172274,191
103,0,blank,0,0,0,172274,172448,174
103,0,blank,0,0,0,172448,172639,191
103,0,blank,0,0,0,172639,172835,196
103,0,blank,0,0,0,172835,173015,180
103,0,blank,0,0,0,173015,173185,170
103,0,blank,0,0,0,173185,173326,141
103,0,blank,0,0,0,173326,173499,173
103,0,blank,0,0,0,173499,173531,32
103,0,blank,0,0,0,173531,173788,257
103,0,blank,0,0,0,173788,173978,190
103,0,blank,0,0,0,173978,174156,178
103,0,blank,0,0,0,174156,174285,129
103,0,blank,0,0,0,174285,174442,157
103,0,blank,0,0,0,174442,174548,106
103,0,blank,0,0,0,174548,174738,190
103,0,blank,0,0,0,174738,174916,178
103,0,blank,0,0,0,174916,175081,165
103,0,blank,0,0,0,175081,175221,140
103,0,blank,0,0,0,175221,175383,162
103,0,blank,0,0,0,175383,175581,198
103,0,blank,0,0,0,175581,175771,190
103,0,blank,0,0,0,175771,175943,172
103,0,blank,0,0,0,175943,176122,179
103,0,blank,0,0,0,176122,176299,177
103,0,blank,0,0,0,176299,176456,157
103,0,blank,0,0,0,176456,176614,158
103,0,blank,0,0,0,176614,176685,71
103,0,blank,0,0,0,176685,176943,258
103,0,blank,0,0,0,176943,176980,37
103,0,blank,0,0,0,176980,177489,509
103,0,blank,0,0,0,177489,177829,340
103,0,blank,0,0,0,177829,177997,168
103,0,blank,0,0,0,177997,178311,314
103,0,blank,0,0,0,178311,178525,214
103,0,blank,0,0,0,178525,178901,376
103,0,blank,0,0,0,178901,179126,225
103,0,blank,0,0,0,179126,179267,141
103,0,blank,0,0,0,179267,179335,68
103,0,blank,0,0,0,179335,179953,618
103,0,blank,0,0,0,179953,180121,168
103,0,blank,0,0,0,180121,180252,131
103,0,blank,0,0,0,180252,180443,191
103,0,blank,0,0,0,180443,180593,150
103,0,blank,0,0,0,180593,180707,114
103,0,blank,0,0,0,180707,180799,92
103,0,blank,0,0,0,180799,180967,168
103,0,blank,0,0,0,180967,181003,36
103,0,blank,0,0,0,181003,181247,244
103,0,blank,0,0,0,181247,181349,102
103,0,blank,0,0,0,181349,181613,264
103,0,blank,0,0,0,181613,181713,100
103,0,blank,0,0,0,181713,182037,324
103,0,blank,0,0,0,182037,182352,315
103,0,blank,0,0,0,182352,182495,143
103,0,blank,0,0,0,182495,182966,471
103,0,blank,0,0,0,182966,183072,106
103,0,blank,0,0,0,183072,183329,257
103,0,blank,0,0,0,183329,183507,178
103,0,blank,0,0,0,183507,183663,156
103,0,blank,0,0,0,183663,183741,78
103,0,blank,0,0,0,183741,183938,197
103,0,blank,0,0,0,183938,184033,95
103,0,blank,0,0,0,184033,184270,237
103,0,blank,0,0,0,184270,184422,152
103,0,blank,0,0,0,184422,184608,186
103,0,blank,0,0,0,184608,184804,196
103,0,blank,0,0,0,184804,184980,176
103,0,blank,0,0,0,184980,185157,177
103,0,blank,0,0,0,185157,185328,171
103,0,blank,0,0,0,185328,185505,177
103,0,blank,0,0,0,185505,185646,141
103,0,blank,0,0,0,185646,185788,142
103,0,blank,0,0,0,185788,185949,161
103,0,blank,0,0,0,185949,186125,176
103,0,blank,0,0,0,186125,186340,215
103,0,blank,0,0,0,186340,186542,202
103,0,blank,0,0,0,186542,186660,118
103,0,blank,0,0,0,186660,186847,187
103,0,blank,0,0,0,186847,186958,111
103,0,blank,0,0,0,186958,187073,115
103,0,blank,0,0,0,187073,187263,190
103,0,blank,0,0,0,187263,187462,199
103,0,blank,0,0,0,187462,187639,177
103,0,blank,0,0,0,187639,187765,126
103,0,blank,0,0,0,187765,187946,181
103,0,blank,0,0,0,187946,188095,149
103,0,blank,0,0,0,188095,188256,161
103,0,blank,0,0,0,188256,188391,135
103,0,blank,0,0,0,188391,188536,145
103,0,blank,0,0,0,188536,188649,113
103,0,blank,0,0,0,188649,188824,175
103,0,blank,0,0,0,188824,188890,66
103,0,blank,0,0,0,188890,189066,176
103,0,blank,0,0,0,189066,189265,199
103,0,blank,0,0,0,189265,189453,188
103,0,blank,0,0,0,189453,189616,163
103,0,blank,0,0,0,189616,189796,180
103,0,blank,0,0,0,189796,189934,138
103,0,blank,0,0,0,189934,190112,178
103,0,blank,0,0,0,190112,190296,184
103,0,blank,0,0,0,190296,190662,366
103,0,blank,0,0,0,190662,190784,122
103,0,blank,0,0,0,190784,191387,603
103,0,blank,0,0,0,191387,191884,497
103,0,blank,0,0,0,191884,192074,190
103,0,blank,0,0,0,192074,192230,156
103,0,blank,0,0,0,192230,192339,109
103,0,blank,0,0,0,192339,192531,192
103,0,blank,0,0,0,192531,192686,155
103,0,blank,0,0,0,192686,192869,183
103,0,blank,0,0,0,192869,193051,182
103,0,blank,0,0,0,193051,193239,188
103,0,blank,0,0,0,193239,193428,189
103,0,blank,0,0,0,193428,193597,169
103,0,blank,0,0,0,193597,193747,150
103,0,blank,0,0,0,193747,193930,183
103,0,blank,0,0,0,193930,194108,178
103,0,blank,0,0,0,194108,194276,168
103,0,blank,0,0,0,194276,194462,186
103,0,blank,0,0,0,194462,194528,66
103,0,blank,0,0,0,194528,194799,271
103,0,blank,0,0,0,194799,195166,367
103,0,blank,0,0,0,195166,195658,492
103,0,blank,0,0,0,195658,195844,186
103,0,blank,0,0,0,195968,196150,182
103,0,blank,0,0,0,196150,196245,95
103,0,blank,0,0,0,196245,196352,107
103,0,blank,0,0,0,196352,196540,188
103,0,blank,0,0,0,196540,196599,59
103,0,blank,0,0,0,196599,196834,235
103,0,blank,0,0,0,196834,197031,197
103,0,blank,0,0,0,197031,197215,184
103,0,blank,0,0,0,197215,197402,187
103,0,blank,0,0,0,197402,197565,163
103,0,blank,0,0,0,197565,197696,131
103,0,blank,0,0,0,197696,197876,180
103,0,blank,0,0,0,197876,197963,87
103,0,blank,0,0,0,197963,198132,169
103,0,blank,0,0,0,198132,198322,190
103,0,blank,0,0,0,198322,198413,91
103,0,blank,0,0,0,198413,198558,145
103,0,blank,0,0,0,198558,198689,131
103,0,blank,0,0,0,198689,198877,188
103,0,blank,0,0,0,198877,199061,184
103,0,blank,0,0,0,199061,199246,185
103,0,blank,0,0,0,199246,199424,178
103,0,blank,0,0,0,199424,199595,171
103,0,blank,0,0,0,199595,199751,156
103,0,blank,0,0,0,199751,199902,151
103,0,blank,0,0,0,199902,200220,318
103,0,blank,0,0,0,200220,200403,183
103,0,blank,0,0,0,200403,200582,179
103,0,blank,0,0,0,200582,200690,108
103,0,blank,0,0,0,200690,200880,190
103,0,blank,0,0,0,200880,200996,116
103,0,blank,0,0,0,200996,201185,189
103,0,blank,0,0,0,201185,201215,30
103,0,blank,0,0,0,201215,201435,220
103,0,blank,0,0,0,201435,201694,259
103,0,blank,0,0,0,201694,201907,213
103,0,blank,0,0,0,201907,201980,73
103,0,blank,0,838.7399,788.8881,202440,202536,96
103,0,blank,0,721.8372,718.6758,202632,202679,47
103,0,blank,0,0,0,202746,202830,84
103,0,blank,0,0,0,202830,203134,304
103,0,blank,0,0,0,203134,203941,807
103,0,blank,0,0,0,203941,204141,200
103,0,blank,0,0,0,204141,204282,141
103,0,blank,0,0,0,204282,204762,480
103,0,blank,0,0,0,204762,204944,182
103,0,blank,0,0,0,204944,205635,691
103,0,blank,0,0,0,205635,205801,166
103,0,blank,0,0,0,205801,205880,79
103,0,blank,0,0,0,205880,206065,185
103,0,blank,0,0,0,206065,206294,229
103,0,blank,0,0,0,206294,206400,106
103,0,blank,0,0,0,206400,206593,193
103,0,blank,0,0,0,206593,206733,140
103,0,blank,0,0,0,206733,206936,203
103,0,blank,0,0,0,206936,207098,162
103,0,blank,0,0,0,207098,207296,198
103,0,blank,0,0,0,207296,207488,192
103,0,blank,0,0,0,207488,207669,181
103,0,blank,0,0,0,207669,207849,180
103,0,blank,0,0,0,207849,207982,133
103,0,blank,0,0,0,207982,208144,162
103,0,blank,0,0,0,208144,208429,285
103,0,blank,0,0,0,208429,208623,194
103,0,blank,0,0,0,208623,208675,52
103,0,blank,0,0,0,208675,209046,371
103,0,blank,0,0,0,209046,209152,106
103,0,blank,0,0,0,209152,209268,116
103,0,blank,0,0,0,209268,209464,196
103,0,blank,0,0,0,209464,209598,134
103,0,blank,0,0,0,209598,209731,133
103,0,blank,0,0,0,209731,209893,162
103,0,blank,0,0,0,209893,210062,169
103,0,blank,0,0,0,210062,210239,177
103,0,blank,0,0,0,210239,210431,192
103,0,blank,0,0,0,210431,210624,193
103,0,blank,0,0,0,210624,210976,352
103,0,blank,0,0,0,210976,211146,170
103,0,blank,0,0,0,211146,211603,457
103,0,blank,0,0,0,211603,211802,199
103,0,blank,0,0,0,211802,211953,151
103,0,blank,0,0,0,211953,212122,169
103,0,blank,0,0,0,212122,212321,199
103,0,blank,0,0,0,212321,212498,177
103,0,blank,0,0,0,212498,212673,175
103,0,blank,0,0,0,212673,212844,171
103,0,blank,0,0,0,212844,212963,119
103,0,blank,0,0,0,212963,213158,195
103,0,blank,0,0,0,213158,213336,178
103,0,blank,0,0,0,213336,213511,175
103,0,blank,0,0,0,213511,213704,193
103,0,blank,0,0,0,213704,213837,133
103,0,blank,0,0,0,213837,214036,199
103,0,blank,0,0,0,214036,214236,200
103,0,blank,0,0,0,214236,214265,29
103,0,blank,0,0,0,214265,214522,257
103,0,blank,0,0,0,214522,214771,249
103,0,blank,0,0,0,214771,214932,161
103,0,blank,0,0,0,214932,215105,173
103,0,blank,0,0,0,215105,215282,177
103,0,blank,0,0,0,215282,215477,195
103,0,blank,0,0,0,215477,215780,303
103,0,blank,0,0,0,215780,216175,395
103,0,blank,0,0,0,216175,216366,191
103,0,blank,0,0,0,216366,216543,177
103,0,blank,0,0,0,216543,216729,186
103,0,blank,0,0,0,216729,216895,166
103,0,blank,0,0,0,216895,216951,56
103,0,blank,0,0,0,216951,217121,170
103,0,blank,0,0,0,217121,217207,86
103,0,blank,0,0,0,217207,217526,319
103,0,blank,0,0,0,217526,217661,135
103,0,blank,0,0,0,217661,218218,557
103,0,blank,0,0,0,218218,218767,549
103,0,blank,0,0,0,218767,218842,75
103,0,blank,0,0,0,219039,219173,134
103,0,blank,0,0,0,219173,219354,181
103,0,blank,0,0,0,219354,219713,359
103,0,blank,0,0,0,219713,220021,308
103,0,blank,0,0,0,220021,220200,179
103,0,blank,0,0,0,220200,220269,69
103,0,blank,0,0,0,220269,220808,539
103,0,blank,0,0,0,220808,220994,186
103,0,blank,0,0,0,220994,221392,398
103,0,blank,0,0,0,221392,221818,426
103,0,blank,0,0,0,221818,222462,644
103,0,blank,0,0,0,222462,222600,138
103,0,blank,0,0,0,222600,222801,201
103,0,blank,0,690.12925,765.12045,223232,223402,170
103,0,blank,0,663.392533333333,775.425733333333,223402,223567,165
103,0,blank,0,717.16345,806.9065,223567,223713,146
103,0,blank,0,0,0,223763,223892,129
103,0,blank,0,0,0,223892,223998,106
103,0,blank,0,0,0,223998,224101,103
103,0,blank,0,0,0,224101,224211,110
103,0,blank,0,0,0,224211,224409,198
103,0,blank,0,0,0,224409,224740,331
103,0,blank,0,0,0,224740,224801,61
103,0,blank,0,0,0,224801,225058,257
103,0,blank,0,0,0,225058,225304,246
103,0,blank,0,0,0,225304,225449,145
103,0,blank,0,0,0,225449,225512,63
103,0,blank,0,0,0,225512,225787,275
103,0,blank,0,0,0,225787,226225,438
103,0,blank,0,0,0,226225,226603,378
103,0,blank,0,0,0,226603,226777,174
103,0,blank,0,0,0,226777,226929,152
103,0,blank,0,0,0,226929,227117,188
103,0,blank,0,0,0,227117,227262,145
103,0,blank,0,0,0,227262,227460,198
103,0,blank,0,0,0,227460,227650,190
103,0,blank,0,0,0,227650,227904,254
103,0,blank,0,0,0,227904,228007,103
103,0,blank,0,0,0,228007,228330,323
103,0,blank,0,0,0,228330,228360,30
103,0,blank,0,0,0,228360,228717,357
103,0,blank,0,0,0,228717,228971,254
103,0,blank,0,0,0,228971,229093,122
103,0,blank,0,0,0,229093,229581,488
103,0,blank,0,0,0,229581,229755,174
103,0,blank,0,0,0,229755,229952,197
103,0,blank,0,0,0,229952,230006,54
103,0,blank,0,0,0,230006,230194,188
103,0,blank,0,0,0,230194,230381,187
103,0,blank,0,0,0,230381,230491,110
103,0,blank,0,0,0,230491,230662,171
103,0,blank,0,0,0,230662,230876,214
103,0,blank,0,0,0,230876,231009,133
103,0,blank,0,0,0,231009,231325,316
103,0,blank,0,0,0,231325,231505,180
103,0,blank,0,0,0,231505,231685,180
103,0,blank,0,0,0,231685,231867,182
103,0,blank,0,0,0,231867,232080,213
103,0,blank,0,0,0,232080,232250,170
103,0,blank,0,0,0,232250,232417,167
103,0,blank,0,0,0,232417,232586,169
103,0,blank,0,0,0,232586,232707,121
103,0,blank,0,0,0,232707,232869,162
103,0,blank,0,0,0,232869,233065,196
103,0,blank,0,0,0,233065,233192,127
103,0,blank,0,0,0,233192,233370,178
103,0,blank,0,0,0,233370,233551,181
103,0,blank,0,0,0,233551,233653,102
103,0,blank,0,0,0,233653,233866,213
103,0,blank,0,0,0,233866,233952,86
103,0,blank,0,0,0,233952,234269,317
103,0,blank,0,0,0,234269,234439,170
103,0,blank,0,0,0,234439,234469,30
103,0,blank,0,0,0,234469,234861,392
103,0,blank,0,0,0,234861,234892,31
103,0,blank,0,0,0,234892,235159,267
103,0,blank,0,0,0,235159,235424,265
103,0,blank,0,0,0,235424,235490,66
103,0,blank,0,0,0,235490,235731,241
103,0,blank,0,0,0,235731,235979,248
103,0,blank,0,0,0,235979,236156,177
103,0,blank,0,0,0,236156,236328,172
103,0,blank,0,0,0,236328,236477,149
103,0,blank,0,0,0,236477,236950,473
103,0,blank,0,0,0,236950,237478,528
103,0,blank,0,0,0,237478,237646,168
103,0,blank,0,0,0,237646,237884,238
103,0,blank,0,0,0,237884,237925,41
103,0,blank,0,0,0,237925,238099,174
103,0,blank,0,0,0,238099,238507,408
103,0,blank,0,0,0,238507,238704,197
103,0,blank,0,0,0,238704,239078,374
103,0,blank,0,0,0,239078,239554,476
103,0,blank,0,0,0,239554,239737,183
103,0,blank,0,0,0,239737,239906,169
103,0,blank,0,0,0,239906,239939,33
103,0,blank,0,0,0,239939,240150,211
103,0,blank,0,0,0,240150,240469,319
103,0,blank,0,0,0,240469,241096,627
103,0,blank,0,0,0,241096,241269,173
103,0,blank,0,0,0,241269,241301,32
103,0,blank,0,0,0,241301,241735,434
103,0,blank,0,0,0,241735,241878,143
103,0,blank,0,0,0,241878,242241,363
103,0,blank,0,0,0,242241,242423,182
103,0,blank,0,0,0,242423,242462,39
103,0,blank,0,0,0,242462,242701,239
103,0,blank,0,0,0,242701,242745,44
103,0,blank,0,0,0,242745,243231,486
103,0,blank,0,0,0,243231,243510,279
103,0,blank,0,0,0,243510,243681,171
103,0,blank,0,0,0,243681,243943,262
103,0,blank,0,0,0,243943,244102,159
103,0,blank,0,0,0,244102,244225,123
103,0,blank,0,0,0,244225,244400,175
103,0,blank,0,0,0,244400,244425,25
103,0,blank,0,0,0,244425,244876,451
103,0,blank,0,0,0,244876,245320,444
103,0,blank,0,0,0,245320,245466,146
103,0,blank,0,0,0,245466,245788,322
103,0,blank,0,0,0,245788,245862,74
103,0,blank,0,0,0,245862,246373,511
103,0,blank,0,0,0,246373,246478,105
103,0,blank,0,0,0,246478,246999,521
103,0,blank,0,0,0,246999,247439,440
103,0,blank,0,0,0,247439,247617,178
103,0,blank,0,0,0,247617,247641,24
103,0,blank,0,0,0,247641,247939,298
103,0,blank,0,0,0,247939,248079,140
103,0,blank,0,0,0,248079,248322,243
103,0,blank,0,0,0,248322,248555,233
103,0,blank,0,0,0,248555,248710,155
103,0,blank,0,0,0,248710,248882,172
103,0,blank,0,0,0,248882,248951,69
103,0,blank,0,0,0,248951,249157,206
103,0,blank,0,0,0,249157,249352,195
103,0,blank,0,0,0,249352,249446,94
103,0,blank,0,0,0,249446,249650,204
103,0,blank,0,0,0,249650,249854,204
103,0,blank,0,0,0,249854,250020,166
103,0,blank,0,0,0,250020,250184,164
103,0,blank,0,0,0,250184,250368,184
103,0,blank,0,0,0,250368,250552,184
103,0,blank,0,0,0,250552,250769,217
103,0,blank,0,0,0,250769,250931,162
103,0,blank,0,0,0,250931,251095,164
103,0,blank,0,0,0,251095,251290,195
103,0,blank,0,0,0,251569,251753,184
103,0,blank,0,0,0,251753,251992,239
103,0,blank,0,0,0,251992,252248,256
103,0,blank,0,0,0,252248,252387,139
103,0,blank,0,691.6688,699.804,252662,252772,110
103,0,blank,0,0,0,253227,253649,422
103,0,blank,0,0,0,253649,253756,107
103,0,blank,0,0,0,253756,253917,161
103,0,blank,0,0,0,253917,254104,187
103,0,blank,0,0,0,254104,254275,171
103,0,blank,0,0,0,254275,254658,383
103,0,blank,0,0,0,254658,254813,155
103,0,blank,0,0,0,254813,255110,297
103,0,blank,0,0,0,255110,255308,198
103,0,blank,0,0,0,255308,255685,377
103,0,blank,0,0,0,255685,255861,176
103,0,blank,0,0,0,255861,256009,148
103,0,blank,0,0,0,256009,256063,54
103,0,blank,0,0,0,256063,256229,166
103,0,blank,0,0,0,256229,256338,109
103,0,blank,0,0,0,256338,256541,203
103,0,blank,0,0,0,256541,256709,168
103,0,blank,0,0,0,256709,256883,174
103,0,blank,0,0,0,256883,257014,131
103,0,blank,0,0,0,257014,257208,194
103,0,blank,0,0,0,257208,257242,34
103,0,blank,0,0,0,257242,257650,408
103,0,blank,0,0,0,257650,257702,52
103,0,blank,0,0,0,257702,257900,198
103,0,blank,0,0,0,257900,258095,195
103,0,blank,0,0,0,258095,258273,178
103,0,blank,0,0,0,258273,258434,161
103,0,blank,0,0,0,258434,258647,213
103,0,blank,0,0,0,258647,258726,79
103,0,blank,0,0,0,258726,258902,176
103,0,blank,0,0,0,258902,259008,106
103,0,blank,0,0,0,259008,259203,195
103,0,blank,0,0,0,259203,259382,179
103,0,blank,0,0,0,259382,259518,136
103,0,blank,0,0,0,259518,259719,201
103,0,blank,0,0,0,259719,259937,218
103,0,blank,0,0,0,259937,260268,331
103,0,blank,0,0,0,260268,260455,187
103,0,blank,0,0,0,260455,260488,33
103,0,blank,0,0,0,260488,261103,615
103,0,blank,0,0,0,261103,261746,643
103,0,blank,0,0,0,261746,261891,145
103,0,blank,0,0,0,261891,262473,582
103,0,blank,0,0,0,262473,263049,576
103,0,blank,0,0,0,263049,263223,174
103,0,blank,0,0,0,263223,263256,33
103,0,blank,0,0,0,263256,263462,206
103,0,blank,0,0,0,263462,263614,152
103,0,blank,0,0,0,263614,263991,377
103,0,blank,0,0,0,263991,264197,206
103,0,blank,0,0,0,264197,264370,173
103,0,blank,0,0,0,264370,264404,34
103,0,blank,0,0,0,264404,264938,534
103,0,blank,0,0,0,264938,265238,300
103,0,blank,0,0,0,265238,265425,187
103,0,blank,0,0,0,265425,265589,164
103,0,blank,0,0,0,265589,265757,168
103,0,blank,0,0,0,265757,266073,316
103,0,blank,0,0,0,266073,266409,336
103,0,blank,0,0,0,266409,266550,141
103,0,blank,0,0,0,266692,266846,154
103,0,blank,0,0,0,266846,267062,216
103,0,blank,0,0,0,267062,267247,185
103,0,blank,0,0,0,267247,267277,30
103,0,blank,0,0,0,267277,267543,266
103,0,blank,0,0,0,267543,267723,180
103,0,blank,0,0,0,267723,268119,396
103,0,blank,0,0,0,268119,268621,502
103,0,blank,0,0,0,268621,268762,141
103,0,blank,0,0,0,268902,269014,112
103,0,blank,0,0,0,269014,269452,438
103,0,blank,0,0,0,269452,269619,167
103,0,blank,0,0,0,269619,269799,180
103,0,blank,0,0,0,269799,269997,198
103,0,blank,0,0,0,269997,270098,101
103,0,blank,0,0,0,270098,270324,226
103,0,blank,0,0,0,270324,270382,58
103,0,blank,0,0,0,270382,270565,183
103,0,blank,0,0,0,270565,270638,73
103,0,blank,0,0,0,270800,270901,101
103,0,blank,0,0,0,270901,271046,145
103,0,blank,0,0,0,271046,271290,244
103,0,blank,0,0,0,271290,271465,175
103,0,blank,0,0,0,271465,271572,107
103,0,blank,0,0,0,271572,271842,270
103,0,blank,0,0,0,271842,272162,320
103,0,blank,0,0,0,272162,272588,426
103,0,blank,0,0,0,272588,272776,188
103,0,blank,0,0,0,272776,272955,179
103,0,blank,0,0,0,272955,273116,161
103,0,blank,0,0,0,273116,273239,123
103,0,blank,0,0,0,273239,273594,355
103,0,blank,0,0,0,273594,273773,179
103,0,blank,0,0,0,273773,273908,135
103,0,blank,0,0,0,273908,274021,113
103,0,blank,0,0,0,274021,274252,231
103,0,blank,0,0,0,274252,274431,179
103,0,blank,0,0,0,274431,274576,145
103,0,blank,0,0,0,274576,274744,168
103,0,blank,0,0,0,274744,274818,74
103,0,blank,0,0,0,275549,275797,248
103,0,blank,0,0,0,275797,275977,180
103,0,blank,0,0,0,275977,276134,157
103,0,blank,0,0,0,276134,276281,147
103,0,blank,0,0,0,276281,276363,82
103,0,blank,0,0,0,276363,276536,173
103,0,blank,0,0,0,276536,276598,62
103,0,blank,0,0,0,276598,276862,264
103,0,blank,0,0,0,276862,276989,127
103,0,blank,0,0,0,277198,277322,124
103,0,blank,0,0,0,277450,277593,143
103,0,blank,0,0,0,277593,277772,179
103,0,blank,0,0,0,277772,277964,192
103,0,blank,0,0,0,277964,278187,223
103,0,blank,0,0,0,278187,278427,240
103,0,blank,0,0,0,278427,278458,31
103,0,blank,0,0,0,278458,278681,223
103,0,blank,0,0,0,278681,278899,218
103,0,blank,0,0,0,278899,278958,59
103,0,blank,0,0,0,278958,279142,184
103,0,blank,0,0,0,279142,279330,188
103,0,blank,0,0,0,279330,279519,189
103,0,blank,0,0,0,279519,279697,178
103,0,blank,0,0,0,279697,279831,134
103,0,blank,0,0,0,279831,280669,838
103,0,blank,0,0,0,280669,280985,316
103,0,blank,0,0,0,280985,281164,179
103,0,blank,0,0,0,281164,281251,87
103,0,blank,0,0,0,281251,281529,278
103,0,blank,0,0,0,281529,281769,240
103,0,blank,0,0,0,281769,281941,172
103,0,blank,0,0,0,281941,282120,179
103,0,blank,0,0,0,282120,282313,193
103,0,blank,0,0,0,282313,282357,44
103,0,blank,0,0,0,282357,282547,190
103,0,blank,0,0,0,282547,282605,58
103,0,blank,0,0,0,282605,282772,167
103,0,blank,0,0,0,282772,282838,66
103,0,blank,0,0,0,282838,283022,184
103,0,blank,0,0,0,283022,283075,53
103,0,blank,0,0,0,283075,283228,153
103,0,blank,0,0,0,283228,283407,179
103,0,blank,0,0,0,283407,283618,211
103,0,blank,0,0,0,283618,284009,391
103,0,blank,0,0,0,284009,284188,179
103,0,blank,0,0,0,284188,284328,140
103,0,blank,0,0,0,284328,284524,196
103,0,blank,0,0,0,284524,284858,334
103,0,blank,0,0,0,284858,285012,154
103,0,blank,0,0,0,285012,285199,187
103,0,blank,0,0,0,285199,285378,179
103,0,blank,0,0,0,285378,285553,175
103,0,blank,0,0,0,285553,285701,148
103,0,blank,0,0,0,285701,285952,251
103,0,blank,0,0,0,285952,286151,199
103,0,blank,0,0,0,286151,286350,199
103,0,blank,0,0,0,286350,286533,183
103,0,blank,0,0,0,286533,286622,89
103,0,blank,0,0,0,286622,287142,520
103,0,blank,0,0,0,287142,287309,167
103,0,blank,0,0,0,287309,287345,36
103,0,blank,0,623.2425,607.0782,287497,287526,29
103,0,blank,0,765.4841,730.0068,287731,287775,44
103,0,blank,0,0,0,288153,288347,194
103,0,blank,0,0,0,288347,288517,170
103,0,blank,0,0,0,288517,288632,115
103,0,blank,0,833.9399,799.874,288691,288738,47
103,0,blank,0,0,0,288773,288959,186
103,0,blank,0,0,0,288959,289017,58
103,0,blank,0,709.4361,635.5024,289212,289241,29
103,0,blank,0,563.673,772.438,289301,289466,165
103,0,blank,0,535.7228,733.4888,289466,289560,94
103,0,blank,0,491.3635,800.82285,289613,289708,95
103,0,blank,0,531.55715,774.36455,290134,290241,107
103,0,blank,0,612.6218,719.5873,290437,290611,174
103,0,blank,0,652.582325,728.297025,290611,290788,177
103,0,blank,0,676.858966666667,715.697366666667,290788,290980,192
103,0,blank,0,620.9443,680.3533,290980,291013,33
103,0,blank,0,0,0,291075,291212,137
103,0,blank,0,0,0,291212,291358,146
103,0,blank,0,0,0,291358,291554,196
103,0,blank,0,0,0,291554,291687,133
103,0,blank,0,0,0,291687,291814,127
103,0,blank,0,0,0,291814,292003,189
103,0,blank,0,0,0,292003,292172,169
103,0,blank,0,0,0,292172,292319,147
103,0,blank,0,0,0,292319,292655,336
103,0,blank,0,0,0,292655,292832,177
103,0,blank,0,0,0,292832,292986,154
103,0,blank,0,0,0,292986,293088,102
103,0,blank,0,0,0,293088,293286,198
103,0,blank,0,0,0,293286,293469,183
103,0,blank,0,0,0,293469,293638,169
103,0,blank,0,0,0,293638,293812,174
103,0,blank,0,0,0,293812,293903,91
103,0,blank,0,0,0,293903,294294,391
103,0,blank,0,0,0,294743,294933,190
103,0,blank,0,704.332525,731.782875,295254,295410,156
103,0,blank,0,540.5832,650.776125,295447,295594,147
103,0,blank,0,541.3737,478.6166,295629,295666,37
103,0,blank,0,528.4847,571.3653,295702,295810,108
103,0,blank,0,0,0,295846,295959,113
103,0,blank,0,456.8329,559.2597,296013,296078,65
103,0,blank,0,514.4342,548.7084,296160,296184,24
103,0,blank,0,567.6498,393.4773,296219,296253,34
103,0,blank,0,487.723033333333,509.4395,296288,296392,104
103,0,blank,0,469.98128,518.13008,296426,296596,170
103,0,blank,0,486.351533333333,538.271,296596,296699,103
103,0,blank,0,0,0,296734,296846,112
103,0,blank,0,547.0061,544.1036,297464,297533,69
103,0,blank,0,505.9638,563.756833333333,297643,297783,140
103,0,blank,0,616.5054,605.5074,297925,298028,103
103,0,blank,0,521.4585,532.7038,298188,298237,49
103,0,blank,0,544.27902,603.61898,298342,298536,194
103,0,blank,0,591.90046,566.91838,298536,298703,167
103,0,blank,0,618.2775,569.4543,298703,298806,103
103,0,blank,0,0,0,298840,298982,142
103,0,blank,0,570.572,620.4296,299128,299324,196
103,0,blank,0,589.945583333333,614.614983333333,299324,299517,193
103,0,blank,0,627.5837,641.7277,299517,299583,66
103,0,blank,0,0,0,299624,299799,175
103,0,blank,0,0,0,300389,300543,154
103,0,blank,0,0,0,300543,300694,151
103,0,blank,0,0,0,300694,300795,101
103,0,blank,0,0,0,300795,300924,129
103,0,blank,0,0,0,300924,301402,478
103,0,blank,0,0,0,301402,301587,185
103,0,blank,0,0,0,301587,301692,105
103,0,blank,0,0,0,301692,301926,234
103,0,blank,0,0,0,301926,302051,125
103,0,blank,0,0,0,302051,302322,271
103,0,blank,0,0,0,302322,302760,438
103,0,blank,0,0,0,302760,303189,429
103,0,blank,0,0,0,303189,303386,197
103,0,blank,0,0,0,303386,303602,216
103,0,blank,0,0,0,303602,303737,135
103,0,blank,0,0,0,303737,304183,446
103,0,blank,0,0,0,304183,304435,252
103,0,blank,0,0,0,304435,304580,145
103,0,blank,0,0,0,304580,304918,338
103,0,blank,0,0,0,304918,305092,174
103,0,blank,0,0,0,305092,305224,132
103,0,blank,0,0,0,305224,305321,97
103,0,blank,0,0,0,305321,305490,169
103,0,blank,0,484.3815,571.715,306183,306240,57
103,0,blank,0,612.1461,730.7194,306505,306560,55
103,0,blank,0,0,0,306615,306791,176
103,0,blank,0,0,0,306791,306972,181
103,0,blank,0,0,0,306972,307154,182
103,0,blank,0,0,0,307154,307222,68
103,0,blank,0,625.1499,731.1297,307350,307381,31
103,0,blank,0,0,0,307445,307629,184
103,0,blank,0,741.2681,675.1989,307834,307874,40
103,0,blank,0,758.6807,759.2852,307998,308084,86
103,0,blank,0,0,0,308169,308346,177
103,0,blank,0,0,0,308346,308525,179
103,0,blank,0,0,0,308525,308649,124
103,0,blank,0,0,0,308649,309247,598
103,0,blank,0,0,0,309247,309436,189
103,0,blank,0,0,0,309436,309579,143
103,0,blank,0,0,0,309579,309745,166
103,0,blank,0,0,0,309745,309934,189
103,0,blank,0,0,0,309934,310111,177
103,0,blank,0,0,0,310111,310176,65
103,0,blank,0,450.535466666667,683.0717,310389,310512,123
103,0,blank,0,0.20012,0.32298,310594,310777,183
103,0,blank,0,0,0,310777,310909,132
103,0,blank,0,0,0,311031,311139,108
103,0,blank,0,484.137466666667,633.263233333333,311597,311690,93
103,38,1,228,359.2589,619.6029,311846,311878,32
103,0,blank,0,1165.33366666667,1.456,311972,312118,146
103,0,blank,0,1167.726,1.5118,312167,312207,40
103,0,blank,0,0,0,312304,312485,181
103,0,blank,0,0,0,312485,312663,178
103,0,blank,0,0,0,312663,312791,128
103,0,blank,0,0,0,312791,313028,237
103,0,blank,0,0,0,313028,313221,193
103,0,blank,0,0,0,313221,313417,196
103,0,blank,0,0,0,313417,313602,185
103,0,blank,0,0,0,313602,313740,138
