Frameno_fix,lineno_fix,Tokenname_fix,tokens_id,gaze_X_fix,gaze_Y_fix,timestamp_fix_start,timestamp_fix_end,time_duration
100,0,blank,0,158.326783333333,-30.8419,5274,5454,180
100,0,blank,0,160.6303,-33.5911333333333,5454,5545,91
100,0,blank,0,265.99415,48.7716666666667,5575,5755,180
100,0,blank,0,269.1185,46.6347666666667,5755,5936,181
100,7,"EnterrowsandcolumnsforMatrixArespectively:",69,451.881516666667,153.089583333333,5966,6149,183
100,0,blank,0,443.9685,161.0666,6149,6332,183
100,7,"EnterrowsandcolumnsforMatrixArespectively:",69,444.053833333333,153.621566666667,6332,6422,90
100,0,blank,0,329.5052,117.860566666667,6453,6634,181
100,0,blank,0,334.2972,115.1791,6634,6664,30
100,1,Multiplication,8,365.7887,0.632550000000002,6694,6815,121
100,0,blank,0,78.9294666666667,-5.4923,6876,7060,184
100,0,blank,0,89.4610166666667,-9.18485,7060,7241,181
100,0,blank,0,147.707833333333,-3.06035,7241,7423,182
100,0,blank,0,126.602166666667,-6.55556666666667,7423,7605,182
100,0,blank,0,184.641633333333,-10.6086666666667,7605,7785,180
100,0,blank,0,46.5520833333333,-21.5344166666667,7785,7968,183
100,0,blank,0,125.586,-14.9634333333333,7968,8151,183
100,0,blank,0,211.1854,-12.36925,8151,8335,184
100,0,blank,0,287.514466666667,-11.2657833333333,8335,8518,183
100,0,blank,0,318.1284,-6.9679,8518,8699,181
100,0,blank,0,314.223333333333,-4.03943333333333,8699,8880,181
100,0,blank,0,365.797016666667,-7.00373333333333,8880,9064,184
100,0,blank,0,403.794233333333,-8.04573333333333,9064,9246,182
100,0,blank,0,406.372633333333,-5.26686666666667,9246,9340,94
100,1,to,5,149.65335,24.0371166666667,9403,9590,187
100,1,Perform,6,179.658566666667,17.3015666666667,9590,9682,92
100,0,blank,0,-323,-105,9714,9794,80
100,1,Program,4,61.3631,11.3113,9822,9878,56
100,0,blank,0,31.9164333333333,19.38835,9942,10116,174
100,0,blank,0,50.4697833333333,12.6302833333333,10116,10298,182
100,1,Program,4,99.4245833333333,13.1460333333333,10298,10482,184
100,2,include,12,65.4882666666667,31.82985,10482,10666,184
100,2,#,11,8.51108333333335,40.2667,10666,10849,183
100,0,blank,0,42.76265,46.0242333333333,10849,11029,180
100,3,main,19,54.74235,50.3714333333333,11029,11209,180
100,3,main,19,52.6422666666667,62.5307,11209,11390,181
100,0,blank,0,38.37215,94.91545,11390,11573,183
100,0,blank,0,45.4365333333333,82.0933666666667,11573,11753,180
100,0,blank,0,77.55858,97.80814,11753,11902,149
100,0,blank,0,-323,-105,11962,11990,28
100,0,blank,0,35.4771,195.9666,12042,12067,25
100,0,blank,0,73.5317666666667,85.90415,12091,12268,177
100,0,blank,0,106.652333333333,76.3400833333333,12268,12452,184
100,0,blank,0,139.98695,77.4758333333333,12452,12637,185
100,0,blank,0,117.494483333333,73.6116,12637,12820,183
100,0,blank,0,172.5215,89.5237333333333,12820,13004,184
100,0,blank,0,198.8196,-2.72325000000001,13004,13065,61
100,0,blank,0,191.4023,82.4474,13095,13128,33
100,0,blank,0,192.092266666667,80.5806333333333,13158,13343,185
100,0,blank,0,213.30775,76.7217166666667,13343,13526,183
100,0,blank,0,212.324066666667,76.00325,13526,13711,185
100,0,blank,0,197.5784,69.6094666666667,13711,13896,185
100,0,blank,0,187.8597,71.2336666666667,13896,14082,186
100,0,blank,0,290.872933333333,79.9834333333333,14082,14266,184
100,0,blank,0,292.186866666667,96.5855166666667,14266,14448,182
100,0,blank,0,-323,-105,14479,14561,82
100,0,blank,0,295.5992,76.6529,14586,14621,35
100,0,blank,0,350.577983333333,88.01245,14686,14858,172
100,0,blank,0,378.4375,89.9433333333333,14858,15040,182
100,0,blank,0,343.4852,88.462,15040,15222,182
100,0,blank,0,316.78785,87.6802,15222,15403,181
100,5,10,45,334.22,98.0373666666667,15403,15583,180
100,5,10,45,371.77505,100.218583333333,15583,15762,179
100,5,10,45,373.452483333333,99.1010666666667,15762,15943,181
100,0,blank,0,375.637633333333,89.03295,15943,16123,180
100,5,10,45,378.7544,105.0346,16123,16153,30
100,5,b,32,199.647783333333,104.615433333333,16185,16366,181
100,5,10,45,220.114933333333,100.944233333333,16366,16547,181
100,5,],46,170.384816666667,96.4495,16547,16726,179
100,0,blank,0,244.26665,92.8126,16726,16906,180
100,5,comma,39,285.254266666667,92.95735,16906,17086,180
100,5,],46,275.67725,93.7553,17086,17264,178
100,0,blank,0,260.322,91.4238666666667,17264,17443,179
100,5,10,45,266.116516666667,93.9993333333333,17443,17622,179
100,5,],46,280.2336,98.6981333333333,17622,17802,180
100,0,blank,0,330.430083333333,91.28685,17802,17979,177
100,5,10,45,369.58395,106.358483333333,17979,18157,178
100,5,10,45,376.636766666667,105.235116666667,18157,18336,179
100,0,blank,0,379.4551,112.753633333333,18336,18426,90
100,5,comma,39,287.18855,103.291116666667,18456,18634,178
100,5,10,45,107.15065,107.75695,18663,18843,180
100,5,[,44,101.7501,109.0863,18843,19009,166
100,0,blank,0,78.0028,92.44395,19009,19203,194
100,0,blank,0,50.7461833333333,81.7924333333333,19203,19398,195
100,5,int,23,70.8736833333333,94.9409333333333,19398,19577,179
100,5,a,24,93.29875,107.648975,19577,19695,118
100,5,10,45,336.0163,97.3433833333334,19725,19901,176
100,5,10,45,378.156616666667,93.2070333333333,19901,20079,178
100,5,10,45,378.682766666667,100.031466666667,20079,20168,89
100,6,comma,64,108.667416666667,115.901466666667,20198,20376,178
100,5,a,24,88.12525,108.032533333333,20376,20555,179
100,5,int,23,57.6626333333333,111.556633333333,20555,20731,176
100,6,int,52,56.5754333333333,120.210316666667,20731,20909,178
100,0,blank,0,37.4811333333333,104.521366666667,20909,21086,177
100,0,blank,0,68.0571,113.69195,21086,21264,178
100,0,blank,0,76.0311,117.79548,21264,21412,148
100,0,blank,0,-323,-105,21472,21578,106
100,0,blank,0,109.619,90.6079,21609,21653,44
100,6,m1,53,96.9834142857143,116.449314285714,21713,21908,195
100,6,int,52,54.2894666666667,123.6042,21908,22087,179
100,6,int,52,62.6083833333333,119.2806,22087,22264,177
100,7,"EnterrowsandcolumnsforMatrixArespectively:",69,120.82284,142.50916,22264,22433,169
100,7,"EnterrowsandcolumnsforMatrixArespectively:",69,142.1348,143.13995,22433,22593,160
100,6,m2,57,183.434866666667,121.712033333333,22593,22752,159
100,6,m2,57,183.89255,128.316175,22752,22912,160
100,7,"EnterrowsandcolumnsforMatrixArespectively:",69,192.84674,136.75882,22912,23111,199
100,6,m2,57,182.953033333333,116.3061,23111,23297,186
100,6,m2,57,178.48895,129.2094,23297,23470,173
100,0,blank,0,193.480066666667,120.642466666667,23470,23644,174
100,6,n2,59,205.322966666667,125.457816666667,23644,23826,182
100,0,blank,0,218.5221,112.9218,23826,24001,175
100,0,blank,0,241.1357,121.83395,24001,24182,181
100,0,blank,0,240.4838,129.853,24182,24211,29
100,0,blank,0,118.5329,125.63025,24241,24421,180
100,5,10,45,120.73645,107.82445,24421,24479,58
100,0,blank,0,-323,-105,24509,24588,79
100,5,[,44,101.1102,100.7001,24613,24651,38
100,0,blank,0,82.8566,127.097157142857,24713,24906,193
100,6,int,52,58.4614666666667,131.0999,24906,25082,176
100,6,n1,55,128.619916666667,131.625566666667,25082,25256,174
100,7,"EnterrowsandcolumnsforMatrixArespectively:",69,194.13285,155.20605,25256,25430,174
100,0,blank,0,239.3533,156.332483333333,25430,25605,175
100,0,blank,0,238.4128,113.2636,25605,25634,29
100,7,"EnterrowsandcolumnsforMatrixArespectively:",69,334.974633333333,151.553616666667,25663,25839,176
100,7,"EnterrowsandcolumnsforMatrixArespectively:",69,330.077983333333,142.540283333333,25839,26014,175
100,7,"EnterrowsandcolumnsforMatrixArespectively:",69,410.7734,141.944116666667,26014,26191,177
100,0,blank,0,481.072066666667,127.21285,26191,26365,174
100,7,"EnterrowsandcolumnsforMatrixArespectively:",69,444.5836,151.5298,26365,26394,29
100,8,comma,78,165.32815,164.7609,26424,26598,174
100,8,"%d%d",74,148.3659,163.4425,26598,26775,177
100,7,printf,67,95.8541666666667,153.847383333333,26775,26951,176
100,7,printf,67,96.2900666666667,151.2839,26951,27126,175
100,8,(,73,100.576516666667,161.105316666667,27126,27302,176
100,8,scanf,72,86.1439333333333,158.13545,27302,27476,174
100,8,scanf,72,83.6057833333333,167.697666666667,27476,27652,176
100,8,"%d%d",74,117.508666666667,165.999433333333,27652,27827,175
100,8,(,73,95.2494,166.1386,27827,28003,176
100,8,(,73,96.90095,171.86055,28003,28180,177
100,8,"%d%d",74,122.07945,171.623266666667,28180,28356,176
100,8,"%d%d",74,144.518233333333,171.1384,28356,28530,174
100,7,printf,67,101.509,155.246016666667,28530,28707,177
100,8,"%d%d",74,107.60755,160.90045,28707,28765,58
100,8,(,73,98.7318833333333,174.310166666667,28824,29002,178
100,0,blank,0,104.602916666667,178.339833333333,29002,29178,176
100,8,(,73,102.283633333333,171.096016666667,29178,29355,177
100,8,(,73,102.006316666667,162.820516666667,29355,29529,174
100,8,"%d%d",74,105.325683333333,167.19615,29529,29703,174
100,8,"%d%d",74,157.1569,169.628183333333,29703,29880,177
100,9,"EnterrowsandcolumnsforMatrixBrespectively:",85,163.5953,182.461166666667,29880,30051,171
100,8,"%d%d",74,146.47085,161.35815,30051,30225,174
100,8,"%d%d",74,147.874133333333,161.364333333333,30225,30401,176
100,8,"%d%d",74,127.37505,171.098666666667,30401,30576,175
100,8,(,73,101.486066666667,174.895866666667,30576,30751,175
100,8,"%d%d",74,110.894733333333,175.768666666667,30751,30927,176
100,0,blank,0,103.310216666667,165.1686,30927,31102,175
100,8,"%d%d",74,107.563683333333,161.127566666667,31102,31277,175
100,8,(,73,102.986083333333,168.7223,31277,31452,175
100,0,blank,0,103.494616666667,166.31185,31452,31628,176
100,0,blank,0,173.354466666667,166.29935,31628,31803,175
100,8,comma,78,169.301483333333,176.23555,31803,31978,175
100,0,blank,0,119.868366666667,133.2831,31978,32155,177
100,6,m1,53,99.1739,122.330266666667,32155,32330,175
100,6,m1,53,94.2090333333334,118.539966666667,32330,32505,175
100,5,10,45,109.06555,95.9256666666667,32505,32682,177
100,0,blank,0,94.4588,103.2786,32682,32799,117
100,0,blank,0,-323,-105,32828,32857,29
100,6,m1,53,87.6948857142857,132.914428571429,32957,33147,190
100,8,"%d%d",74,141.696016666667,161.341433333333,33147,33324,177
100,7,"EnterrowsandcolumnsforMatrixArespectively:",69,205.792633333333,148.323516666667,33324,33502,178
100,7,"EnterrowsandcolumnsforMatrixArespectively:",69,262.949083333333,144.2537,33502,33681,179
100,7,"EnterrowsandcolumnsforMatrixArespectively:",69,289.363316666667,144.86635,33681,33858,177
100,7,"EnterrowsandcolumnsforMatrixArespectively:",69,339.7209,138.65395,33858,34036,178
100,7,"EnterrowsandcolumnsforMatrixArespectively:",69,438.858466666667,139.479533333333,34036,34214,178
100,0,blank,0,444.44805,130.6082,34214,34273,59
100,0,blank,0,202.38765,156.595616666667,34302,34478,176
100,7,"EnterrowsandcolumnsforMatrixArespectively:",69,165.141766666667,154.353116666667,34478,34656,178
100,8,"%d%d",74,156.849783333333,157.734783333333,34656,34833,177
100,8,"%d%d",74,152.338933333333,170.23525,34833,35011,178
100,8,"%d%d",74,111.894,171.711716666667,35011,35188,177
100,7,printf,67,97.9637666666667,154.549766666667,35188,35367,179
100,0,blank,0,82.44275,127.366716666667,35367,35543,176
100,0,blank,0,102.7677,134.0456,35543,35720,177
100,0,blank,0,75.62555,117.756983333333,35720,35900,180
100,6,int,52,49.1963166666667,118.08555,35900,36080,180
100,5,int,23,71.47895,105.7001,36080,36259,179
100,0,blank,0,92.3662,88.3075166666667,36259,36439,180
100,5,10,45,116.08185,102.21335,36439,36615,176
100,0,blank,0,126.6966,112.0621,36615,36793,178
100,0,blank,0,142.183233333333,113.772316666667,36793,36971,178
100,7,"EnterrowsandcolumnsforMatrixArespectively:",69,191.329033333333,144.13895,36971,37150,179
100,7,"EnterrowsandcolumnsforMatrixArespectively:",69,188.5228,143.212816666667,37150,37331,181
100,7,"EnterrowsandcolumnsforMatrixArespectively:",69,184.819016666667,143.294966666667,37331,37512,181
100,8,comma,78,164.446566666667,160.230733333333,37512,37691,179
100,8,"%d%d",74,115.656266666667,166.422233333333,37691,37870,179
100,9,printf,83,102.003683333333,193.486583333333,37870,38050,180
100,9,"EnterrowsandcolumnsforMatrixBrespectively:",85,168.779333333333,187.757316666667,38050,38232,182
100,9,"EnterrowsandcolumnsforMatrixBrespectively:",85,211.2982,183.7415,38232,38260,28
100,0,blank,0,-323,-105,38289,38395,106
100,0,blank,0,312.5926,173.2571,38420,38446,26
100,0,blank,0,-323,-105,38469,38519,50
100,9,"EnterrowsandcolumnsforMatrixBrespectively:",85,354.761475,180.3668,38632,38740,108
100,10,"%d%d",90,149.5352,209.654883333333,38769,38947,178
100,9,"EnterrowsandcolumnsforMatrixBrespectively:",85,147.56535,195.056833333333,38947,39122,175
100,10,"%d%d",90,154.9135,203.101925,39122,39248,126
100,0,blank,0,485.0861,202.6375,39311,39424,113
100,0,blank,0,547.9366,207.0215,39424,39529,105
100,0,blank,0,138.8562,244.219016666667,39606,39793,187
100,11,n1,101,87.4015666666667,225.615033333333,39793,39971,178
100,0,blank,0,105.92774,230.66408,39971,40143,172
100,11,n1,101,96.4977666666667,230.107383333333,40143,40321,178
100,0,blank,0,66.93595,260.098033333333,40321,40501,180
100,12,{,105,51.8007333333333,262.093466666667,40501,40691,190
100,0,blank,0,-323,-105,40716,40766,50
100,10,"%d%d",90,118.116414285714,216.116785714286,40866,41055,189
100,10,comma,94,168.5991,204.738733333333,41055,41233,178
100,11,!=,102,125.08705,231.4028,41233,41412,179
100,0,blank,0,113.13415,241.51505,41412,41592,180
100,10,"%d%d",90,126.65355,217.892366666667,41592,41773,181
100,13,"Matrixmultiplicationnotpossible.\n",108,157.619433333333,267.020166666667,41773,41954,181
100,0,blank,0,255.709383333333,293.944216666667,41954,42137,183
100,13,"Matrixmultiplicationnotpossible.\n",108,375.632733333333,273.165216666667,42137,42319,182
100,13,"Matrixmultiplicationnotpossible.\n",108,363.1406,271.983325,42319,42440,121
100,11,!=,102,126.772466666667,239.4331,42471,42655,184
100,11,n1,101,90.3617333333333,236.217866666667,42655,42838,183
100,11,n1,101,89.6998,226.6792,42838,43021,183
100,10,"%d%d",90,126.117083333333,216.1671,43021,43202,181
100,9,"EnterrowsandcolumnsforMatrixBrespectively:",85,122.7926,189.395016666667,43202,43387,185
100,8,"%d%d",74,118.7398,159.410366666667,43387,43565,178
100,8,comma,78,166.3758,166.635383333333,43565,43746,181
100,0,blank,0,175.435133333333,166.182766666667,43746,43925,179
100,8,&,79,182.182883333333,164.868466666667,43925,44105,180
100,8,comma,78,214.405166666667,161.681733333333,44105,44285,180
100,8,m1,77,212.4633,168.2152,44285,44315,30
100,0,blank,0,-323,-105,44375,44532,157
100,9,printf,83,96.0938,197.2793,44570,44619,49
100,9,printf,83,95.1925666666667,182.169016666667,44679,44850,171
100,10,scanf,88,79.6930333333333,203.035466666667,44850,45030,180
100,0,blank,0,74.1870333333333,222.3318,45030,45211,181
100,10,(,89,102.59994,203.86028,45211,45359,148
100,0,blank,0,-323,-105,45389,45418,29
100,10,"%d%d",90,155.729114285714,209.312728571429,45518,45710,192
100,0,blank,0,173.400083333333,222.3087,45710,45890,180
100,0,blank,0,166.81755,222.079366666667,45890,46070,180
100,0,blank,0,114.46555,264.031166666667,46070,46248,178
100,13,printf,106,104.579283333333,287.037416666667,46248,46427,179
100,0,blank,0,111.648,297.953533333333,46427,46608,181
100,0,blank,0,62.5157833333333,305.44955,46608,46787,179
100,0,blank,0,43.6132833333333,274.824116666667,46787,46969,182
100,12,{,105,45.4437833333333,256.2236,46969,47155,186
100,0,blank,0,113.002483333333,246.0452,47155,47342,187
100,11,n1,101,90.2486,237.20705,47342,47529,187
100,10,"%d%d",90,120.7424,221.76875,47529,47714,185
100,9,"EnterrowsandcolumnsforMatrixBrespectively:",85,155.404,199.371483333333,47714,47899,185
100,9,"EnterrowsandcolumnsforMatrixBrespectively:",85,157.944533333333,190.237766666667,47899,48083,184
100,8,"%d%d",74,159.977583333333,176.276566666667,48083,48268,185
100,8,"%d%d",74,160.996666666667,164.524666666667,48268,48452,184
100,8,comma,78,166.223283333333,165.38895,48452,48637,185
100,8,comma,78,167.234433333333,158.960366666667,48637,48823,186
100,0,blank,0,176.13845,161.56665,48823,49007,184
100,8,"%d%d",74,153.341116666667,166.646116666667,49007,49189,182
100,8,"%d%d",74,119.198466666667,166.394,49189,49373,184
100,0,blank,0,172.814266666667,156.604283333333,49373,49556,183
100,8,comma,78,169.757916666667,161.421933333333,49556,49739,183
100,8,comma,78,169.824466666667,169.299766666667,49739,49920,181
100,8,comma,78,165.991883333333,174.468383333333,49920,50105,185
100,8,"%d%d",74,159.6534,163.4481,50105,50286,181
100,8,"%d%d",74,162.82546,167.19318,50286,50437,151
100,0,blank,0,-323,-105,50468,50573,105
100,8,comma,78,165.8298,161.246,50598,50632,34
100,8,comma,78,171.97915,170.733466666667,50701,50879,178
100,0,blank,0,172.726116666667,178.156733333333,50879,51059,180
100,9,"EnterrowsandcolumnsforMatrixBrespectively:",85,174.0276,180.458933333333,51059,51242,183
100,8,comma,78,170.8925,171.795133333333,51242,51424,182
100,8,comma,78,166.35585,162.007116666667,51424,51607,183
100,8,"%d%d",74,160.577116666667,165.711233333333,51607,51790,183
100,8,"%d%d",74,161.403833333333,165.982033333333,51790,51971,181
100,8,comma,78,164.486683333333,160.1113,51971,52154,183
100,8,&,79,186.629116666667,170.1305,52154,52337,183
100,8,&,79,194.5195,174.0357,52337,52518,181
100,8,&,79,193.9365,167.56045,52518,52703,185
100,8,comma,78,171.190633333333,171.1558,52703,52890,187
100,0,blank,0,180.135533333333,165.595083333333,52890,53074,184
100,0,blank,0,228.277133333333,165.940733333333,53074,53262,188
100,7,"EnterrowsandcolumnsforMatrixArespectively:",69,313.841833333333,144.24695,53262,53443,181
100,7,"EnterrowsandcolumnsforMatrixArespectively:",69,293.617466666667,145.742766666667,53443,53534,91
100,7,"EnterrowsandcolumnsforMatrixArespectively:",69,133.214166666667,154.1086,53564,53746,182
100,7,"EnterrowsandcolumnsforMatrixArespectively:",69,167.685333333333,150.150916666667,53746,53927,181
100,7,"EnterrowsandcolumnsforMatrixArespectively:",69,241.41845,149.62765,53927,54049,122
100,0,blank,0,-323,-105,54079,54185,106
100,0,blank,0,205.192066666667,178.0676,54287,54458,171
100,9,"EnterrowsandcolumnsforMatrixBrespectively:",85,170.121366666667,183.312166666667,54458,54640,182
100,9,"EnterrowsandcolumnsforMatrixBrespectively:",85,168.9839,187.19945,54640,54823,183
100,0,blank,0,175.725116666667,175.8067,54823,55004,181
100,9,"EnterrowsandcolumnsforMatrixBrespectively:",85,161.062283333333,186.485233333333,55004,55185,181
100,10,comma,94,164.552733333333,209.59845,55185,55366,181
100,8,m1,77,196.9105,166.307916666667,55366,55549,183
100,0,blank,0,205.068116666667,178.757316666667,55549,55733,184
100,8,m1,77,208.93705,171.420216666667,55733,55917,184
100,8,m1,77,202.7078,167.758883333333,55917,56101,184
100,8,m1,77,203.009033333333,172.104033333333,56101,56287,186
100,8,m1,77,203.185883333333,172.388916666667,56287,56471,184
100,9,"EnterrowsandcolumnsforMatrixBrespectively:",85,199.992566666667,182.370983333333,56471,56653,182
100,8,m1,77,206.791433333333,171.636883333333,56653,56836,183
100,8,m1,77,206.402483333333,168.21055,56836,57021,185
100,8,m1,77,206.05725,170.710583333333,57021,57205,184
100,8,m1,77,206.691533333333,164.320533333333,57205,57297,92
100,0,blank,0,-323,-105,57356,57381,25
100,29,multiply,208,147.3078,631.199,57407,57434,27
100,8,m1,77,199.4384,171.1158,57481,57675,194
100,9,"EnterrowsandcolumnsforMatrixBrespectively:",85,177.249816666667,183.86365,57675,57860,185
100,8,m1,77,204.9098,171.2461,57860,58044,184
100,9,"EnterrowsandcolumnsforMatrixBrespectively:",85,197.557166666667,183.964166666667,58044,58225,181
100,9,"EnterrowsandcolumnsforMatrixBrespectively:",85,202.06075,189.2119,58225,58410,185
100,8,m1,77,208.7327,171.896783333333,58410,58592,182
100,8,m1,77,212.132916666667,176.77445,58592,58777,185
100,8,m1,77,208.7251,171.288716666667,58777,58961,184
100,8,&,79,234.093866666667,173.474866666667,58961,59145,184
100,0,blank,0,298.06278,212.53392,59145,59297,152
100,9,"EnterrowsandcolumnsforMatrixBrespectively:",85,180.798733333333,190.426566666667,59328,59510,182
100,9,"EnterrowsandcolumnsforMatrixBrespectively:",85,181.72194,181.62502,59510,59700,190
100,9,"EnterrowsandcolumnsforMatrixBrespectively:",85,216.1411,181.2507,59700,59815,115
100,10,comma,94,166.7176,220.781,59815,60012,197
100,11,m2,103,162.326533333333,230.2608,60012,60202,190
100,0,blank,0,166.871933333333,222.055333333333,60202,60382,180
100,11,),104,166.441883333333,223.8067,60382,60562,180
100,10,comma,94,171.5159,210.26045,60562,60741,179
100,0,blank,0,174.348566666667,217.334066666667,60741,60919,178
100,0,blank,0,172.662866666667,213.03625,60919,61098,179
100,10,comma,94,170.755233333333,212.709483333333,61098,61277,179
100,10,comma,94,167.176016666667,219.181983333333,61277,61457,180
100,0,blank,0,-323,-105,61486,61591,105
100,10,comma,94,171.7211,215.3809,61616,61642,26
100,0,blank,0,163.954828571429,212.551714285714,61691,61882,191
100,10,"%d%d",90,159.063866666667,217.888483333333,61882,62062,180
100,10,"%d%d",90,161.43685,217.433216666667,62062,62241,179
100,10,comma,94,165.13975,213.124766666667,62241,62420,179
100,10,comma,94,165.7463,214.59515,62420,62598,178
100,10,"%d%d",90,162.660666666667,219.712483333333,62598,62775,177
100,10,&,95,184.67325,211.592166666667,62775,62954,179
100,0,blank,0,200.016,200.540216666667,62954,63133,179
100,10,m2,93,203.106816666667,203.9878,63133,63311,178
100,7,"EnterrowsandcolumnsforMatrixArespectively:",69,202.024633333333,146.989483333333,63311,63490,179
100,8,m1,77,212.675766666667,166.809366666667,63490,63671,181
100,9,"EnterrowsandcolumnsforMatrixBrespectively:",85,205.720333333333,185.7223,63671,63854,183
100,10,m2,93,204.831266666667,217.675466666667,63854,64035,181
100,10,&,95,190.083483333333,220.437283333333,64035,64217,182
100,10,comma,94,166.42375,216.045883333333,64217,64398,181
100,10,comma,94,166.723083333333,221.17465,64398,64579,181
100,10,&,95,186.523916666667,215.757316666667,64579,64761,182
100,10,comma,94,167.2179,211.980866666667,64761,64942,181
100,0,blank,0,179.7054,223.244866666667,64942,65123,181
100,0,blank,0,205.020266666667,223.602316666667,65123,65305,182
100,10,comma,94,164.20525,203.789933333333,65305,65487,182
100,9,"EnterrowsandcolumnsforMatrixBrespectively:",85,156.465416666667,199.741733333333,65487,65667,180
100,0,blank,0,-323,-105,65698,65779,81
100,10,comma,94,167.4148,209.5143,65805,65850,45
100,10,"%d%d",90,158.7598,220.33065,65917,66089,172
100,10,"%d%d",90,162.043016666667,216.785733333333,66089,66270,181
100,10,comma,94,168.963766666667,215.808583333333,66270,66449,179
100,10,comma,94,169.449133333333,216.543516666667,66449,66628,179
100,10,"%d%d",90,160.402766666667,220.358916666667,66628,66806,178
100,0,blank,0,143.4141,222.03195,66806,66984,178
100,10,"%d%d",90,145.1407,219.575733333333,66984,67161,177
100,10,"%d%d",90,145.7807,210.8189,67161,67339,178
100,10,m2,93,204.074033333333,213.742166666667,67339,67517,178
100,10,m2,93,207.75166,208.4828,67517,67665,148
100,0,blank,0,-323,-105,67694,67802,108
100,9,"EnterrowsandcolumnsforMatrixBrespectively:",85,197.0876,181.987,67852,67914,62
100,9,"EnterrowsandcolumnsforMatrixBrespectively:",85,164.229471428571,198.9332,67986,68183,197
100,8,&,79,183.989683333333,164.4971,68183,68361,178
100,8,m1,77,206.2249,175.28075,68361,68539,178
100,8,m1,77,209.21095,172.659333333333,68539,68715,176
100,9,"EnterrowsandcolumnsforMatrixBrespectively:",85,177.772866666667,196.069883333333,68715,68893,178
100,10,"%d%d",90,144.743616666667,216.365133333333,68893,69071,178
100,11,n1,101,90.08925,234.021766666667,69071,69248,177
100,11,if,99,59.6831,229.535666666667,69248,69427,179
100,9,"EnterrowsandcolumnsforMatrixBrespectively:",85,130.5937,189.530616666667,69427,69606,179
100,8,&,79,191.0091,167.76932,69606,69753,147
100,0,blank,0,-323,-105,69782,69836,54
100,25,for,179,106.3964,545.8638,69861,69886,25
100,13,printf,106,116.971414285714,283.228657142857,69937,70134,197
100,13,"Matrixmultiplicationnotpossible.\n",108,176.708,277.451566666667,70134,70319,185
100,13,"Matrixmultiplicationnotpossible.\n",108,257.022283333333,283.03555,70319,70501,182
100,0,blank,0,252.8816,293.3231,70501,70531,30
100,13,"Matrixmultiplicationnotpossible.\n",108,393.8809,275.65382,70561,70709,148
100,17,printf,114,90.8555333333333,375.1093,70767,70950,183
100,17,printf,114,106.707716666667,368.523916666667,70950,71132,182
100,0,blank,0,76.6287,380.523266666667,71132,71253,121
100,0,blank,0,-323,-105,71278,71380,102
100,19,j,142,140.6629,415.1353,71406,71443,37
100,0,blank,0,172.121514285714,404.9906,71506,71705,199
100,0,blank,0,74.0940666666667,349.95865,71705,71882,177
100,0,blank,0,38.0744833333333,328.139183333333,71882,72060,178
100,0,blank,0,167.723483333333,386.6852,72060,72241,181
100,17,"EnterelementsinMatrixA:\n",116,235.688283333333,374.8579,72241,72420,179
100,17,"EnterelementsinMatrixA:\n",116,228.979466666667,366.838733333333,72420,72598,178
100,17,"EnterelementsinMatrixA:\n",116,231.48,375.266033333333,72598,72779,181
100,17,"EnterelementsinMatrixA:\n",116,289.3909,371.169533333333,72779,72959,180
100,17,"EnterelementsinMatrixA:\n",116,290.079083333333,375.133033333333,72959,73141,182
100,17,"EnterelementsinMatrixA:\n",116,357.696516666667,374.753233333333,73141,73326,185
100,17,"EnterelementsinMatrixA:\n",116,371.866966666667,357.677216666667,73326,73507,181
100,17,"EnterelementsinMatrixA:\n",116,371.365366666667,372.20305,73507,73688,181
100,17,"EnterelementsinMatrixA:\n",116,379.831233333333,368.64345,73688,73867,179
100,0,blank,0,384.565433333333,376.918233333333,73867,74047,180
100,0,blank,0,373.20495,377.788983333333,74047,74226,179
100,17,"EnterelementsinMatrixA:\n",116,370.362666666667,370.17675,74226,74406,180
100,17,"EnterelementsinMatrixA:\n",116,390.800233333333,359.120283333333,74406,74584,178
100,17,"EnterelementsinMatrixA:\n",116,396.3636,364.3587,74584,74644,60
100,19,0,136,180.206783333333,410.264383333333,74674,74851,177
100,0,blank,0,133.190983333333,421.986766666667,74851,75027,176
100,19,j,142,138.310866666667,410.47475,75027,75205,178
100,19,for,132,106.184483333333,415.2003,75205,75381,176
100,19,for,132,98.81965,407.68415,75381,75557,176
100,0,blank,0,144.032166666667,416.871883333333,75557,75735,178
100,0,blank,0,164.903033333333,397.762466666667,75735,75912,177
100,17,"EnterelementsinMatrixA:\n",116,220.849516666667,367.878716666667,75912,76089,177
100,17,"EnterelementsinMatrixA:\n",116,289.71455,371.870533333333,76089,76269,180
100,18,++,130,303.355616666667,377.399416666667,76269,76446,177
100,17,"EnterelementsinMatrixA:\n",116,362.18395,369.059716666667,76446,76624,178
100,17,"EnterelementsinMatrixA:\n",116,357.359216666667,361.551883333333,76624,76800,176
100,17,"EnterelementsinMatrixA:\n",116,391.8809,374.8428,76800,76979,179
100,17,"EnterelementsinMatrixA:\n",116,375.16354,365.14026,76979,77124,145
100,0,blank,0,196.5424,378.571266666667,77153,77331,178
100,0,blank,0,167.8596,394.750383333333,77331,77508,177
100,0,blank,0,146.41585,403.118516666667,77508,77686,178
100,19,j,142,137.967866666667,402.5958,77686,77861,175
100,19,j,142,135.650983333333,409.869933333333,77861,78038,177
100,19,j,142,138.043433333333,412.136083333333,78038,78215,177
100,19,(,133,125.670516666667,416.209566666667,78215,78394,179
100,0,blank,0,114.765883333333,410.664466666667,78394,78569,175
100,0,blank,0,116.48485,402.947,78569,78745,176
100,19,=,135,158.303066666667,409.97185,78745,78924,179
100,19,=,135,159.650533333333,411.338833333333,78924,79104,180
100,19,j,142,212.28045,405.8275,79104,79285,181
100,19,j,142,205.17178,411.9114,79285,79437,152
100,0,blank,0,179.4715,220.9168,79467,79498,31
100,0,blank,0,-323,-105,79527,79633,106
100,0,blank,0,196.9068,130.8032,79658,79684,26
100,7,"EnterrowsandcolumnsforMatrixArespectively:",69,159.009185714286,153.2908,79746,79942,196
100,8,"%d%d",74,140.711,157.6164,79942,80057,115
100,0,blank,0,173.084,166.05445,80057,80240,183
100,8,comma,78,170.4731,160.4471,80240,80362,122
100,0,blank,0,218.926633333333,420.968533333333,80405,80599,194
100,0,blank,0,201.247933333333,409.795933333333,80599,80776,177
100,18,;,128,188.500533333333,396.102883333333,80776,80953,177
100,0,blank,0,167.29275,352.03675,80953,81012,59
100,8,"%d%d",74,142.639066666667,171.973883333333,81041,81217,176
100,8,"%d%d",74,148.749133333333,177.323983333333,81217,81394,177
100,8,"%d%d",74,154.760683333333,163.2724,81394,81571,177
100,8,"%d%d",74,155.718733333333,169.231666666667,81571,81748,177
100,8,"%d%d",74,149.712,167.719283333333,81748,81925,177
100,8,"%d%d",74,150.670933333333,160.79645,81925,82103,178
100,8,"%d%d",74,162.86715,173.573166666667,82103,82281,178
100,0,blank,0,208.07565,231.324333333333,82281,82459,178
100,0,blank,0,181.8188,221.312566666667,82459,82637,178
100,10,comma,94,164.523783333333,209.94525,82637,82818,181
100,8,"%d%d",74,160.143566666667,164.658316666667,82818,82995,177
100,8,"%d%d",74,153.64985,173.277983333333,82995,83172,177
100,8,"%d%d",74,159.971533333333,167.1572,83172,83349,177
100,8,"%d%d",74,159.201383333333,172.028466666667,83349,83526,177
100,0,blank,0,172.5041,168.9024,83526,83704,178
100,0,blank,0,173.33515,170.5642,83704,83765,61
100,0,blank,0,-323,-105,83825,83906,81
100,13,"Matrixmultiplicationnotpossible.\n",108,154.5546,271.9068,83932,83959,27
100,10,comma,94,167.092542857143,208.241414285714,84021,84220,199
100,0,blank,0,174.228616666667,175.721866666667,84220,84398,178
100,8,"%d%d",74,152.6112,172.349833333333,84398,84580,182
100,8,"%d%d",74,154.253683333333,170.086816666667,84580,84760,180
100,8,"%d%d",74,158.0077,171.632066666667,84760,84942,182
100,8,"%d%d",74,153.173283333333,157.6969,84942,85124,182
100,8,"%d%d",74,160.573766666667,167.64785,85124,85307,183
100,8,"%d%d",74,154.5282,177.9633,85307,85338,31
100,0,blank,0,198.797166666667,401.058816666667,85368,85550,182
100,0,blank,0,197.3823,398.549366666667,85550,85733,183
100,19,<,139,225.140483333333,402.439733333333,85733,85911,178
100,18,<,126,232.29115,386.2215,85911,85968,57
100,19,for,132,100.083533333333,415.110866666667,85997,86176,179
100,0,blank,0,73.167,417.057433333333,86176,86357,181
100,0,blank,0,70.4098666666666,413.2049,86357,86447,90
100,0,blank,0,216.20145,403.253916666667,86478,86655,177
100,19,n1,140,256.588566666667,405.545416666667,86655,86831,176
100,0,blank,0,142.025516666667,398.095166666667,86831,87009,178
100,0,blank,0,80.1291833333333,398.394366666667,87009,87188,179
100,0,blank,0,77.0876166666667,407.13665,87188,87371,183
100,19,0,136,173.593266666667,408.316233333333,87371,87550,179
100,19,<,139,231.75395,410.514033333333,87550,87729,179
100,19,n1,140,246.76224,411.1104,87729,87877,148
100,0,blank,0,-323,-105,87907,88013,106
100,0,blank,0,221.4897,388.0068,88050,88100,50
100,0,blank,0,222.38295,383.925466666667,88163,88334,171
100,19,n1,140,254.435883333333,414.064666666667,88334,88510,176
100,19,n1,140,256.9929,399.086,88510,88539,29
100,31,),229,657.9153,671.85405,88598,88777,179
100,0,blank,0,142.5245,432.7958,88867,88892,25
100,0,blank,0,-323,-105,88918,89059,141
100,0,blank,0,118.040071428571,402.2677,89084,89276,192
100,0,blank,0,112.574483333333,435.205166666667,89276,89456,180
100,0,blank,0,115.378433333333,441.0362,89456,89640,184
100,0,blank,0,160.8013,424.62775,89640,89822,182
100,19,j,142,210.261066666667,411.281266666667,89822,89999,177
100,0,blank,0,198.3333,431.1263,89999,90058,59
100,19,j,142,133.546,402.6479,90058,91455,1397
100,0,blank,0,121.448466666667,413.846333333333,91455,91633,178
100,0,blank,0,99.36795,435.16485,91633,91810,177
100,0,blank,0,123.933783333333,431.0274,91810,91989,179
100,0,blank,0,131.218783333333,442.13985,91989,92165,176
100,0,blank,0,133.423316666667,436.662983333333,92165,92342,177
100,0,blank,0,179.240816666667,428.31205,92342,92523,181
100,19,0,136,183.645266666667,411.41795,92523,92702,179
100,0,blank,0,194.281366666667,417.77835,92702,92884,182
100,0,blank,0,202.802225,428.11155,92884,93055,171
100,0,blank,0,202.74996,417.17072,93055,93203,148
100,0,blank,0,-323,-105,93798,93994,196
100,19,j,142,284.252933333333,415.2397,94068,94254,186
100,0,blank,0,279.714666666667,426.009133333333,94254,94435,181
100,0,blank,0,291.067866666667,422.4706,94435,94616,181
100,0,blank,0,302.6444,427.6072,94616,94796,180
100,0,blank,0,339.048816666667,424.967683333333,94796,94974,178
100,0,blank,0,347.319633333333,414.63325,94974,95149,175
100,0,blank,0,340.055516666667,414.9149,95149,95325,176
100,19,n1,140,253.6551,416.7955,95325,95500,175
100,0,blank,0,268.310275,428.376825,95500,95619,119
100,0,blank,0,-323,-105,95650,95754,104
100,0,blank,0,298.7273,442.19452,95849,95989,140
100,23,"\nEnterelementsinMatrixB:\n",163,315.9751,501.5984,95989,96050,61
100,0,blank,0,431.7335,637.4178,96077,96109,32
100,0,blank,0,393.556533333333,595.2966,96166,96352,186
100,23,"\nEnterelementsinMatrixB:\n",163,291.11225,487.116816666667,96381,96573,192
100,23,"\nEnterelementsinMatrixB:\n",163,292.68212,492.00512,96573,96758,185
100,0,blank,0,318.71865,486.653533333333,96758,96939,181
100,23,"\nEnterelementsinMatrixB:\n",163,315.00415,494.77565,96939,97122,183
100,0,blank,0,300.637,482.292233333333,97122,97305,183
100,21,[,155,299.341216666667,459.361516666667,97305,97486,181
100,0,blank,0,282.601133333333,428.77935,97486,97664,178
100,0,blank,0,287.009416666667,424.999833333333,97664,97843,179
100,0,blank,0,320.696283333333,428.459583333333,97843,98022,179
100,0,blank,0,323.78175,413.831616666667,98022,98201,179
100,0,blank,0,274.581833333333,417.858483333333,98201,98378,177
100,0,blank,0,305.060316666667,428.05275,98378,98557,179
100,0,blank,0,307.623233333333,420.690283333333,98557,98736,179
100,19,++,143,301.874383333333,415.706483333333,98736,98919,183
100,0,blank,0,319.776916666667,427.563616666667,98919,99096,177
100,19,++,143,298.994283333333,408.396716666667,99096,99277,181
100,19,++,143,306.548483333333,403.166866666667,99277,99458,181
100,18,m1,127,250.38995,391.676833333333,99458,99636,178
100,18,<,126,229.189733333333,396.202466666667,99636,99813,177
100,19,++,143,295.818766666667,409.094566666667,99813,99994,181
100,18,++,130,314.264383333333,394.523166666667,99994,100171,177
100,0,blank,0,297.800166666667,420.648616666667,100171,100350,179
100,0,blank,0,269.728566666667,422.799766666667,100350,100535,185
100,19,n1,140,252.9426,413.67235,100535,100717,182
100,0,blank,0,278.41054,421.8569,100717,100910,193
100,0,blank,0,312.668183333333,423.48645,100910,101093,183
100,0,blank,0,334.575333333333,403.311216666667,101093,101274,181
100,0,blank,0,327.357783333333,403.152183333333,101274,101450,176
100,19,++,143,295.447883333333,401.195616666667,101450,101630,180
100,0,blank,0,336.09995,399.79545,101630,101810,180
100,0,blank,0,323.066583333333,432.145283333333,101810,101990,180
100,0,blank,0,312.17535,440.498066666667,101990,102167,177
100,0,blank,0,293.9925,425.381333333333,102167,102348,181
100,0,blank,0,306.00425,420.78015,102348,102527,179
100,0,blank,0,331.39675,397.510833333333,102527,102707,180
100,0,blank,0,343.268533333333,401.639316666667,102707,102887,180
100,17,"EnterelementsinMatrixA:\n",116,312.683683333333,369.572583333333,102887,103067,180
100,18,m1,127,256.920083333333,386.178,103067,103246,179
100,18,m1,127,252.644666666667,382.782733333333,103246,103425,179
100,18,i,129,287.934366666667,396.9254,103425,103603,178
100,19,++,143,314.273566666667,403.60965,103603,103782,179
100,0,blank,0,335.855866666667,403.0538,103782,103870,88
100,0,blank,0,-323,-105,103900,104005,105
100,0,blank,0,285.3431,481.7477,104050,104108,58
100,0,blank,0,296.93262,464.21646,104171,104313,142
100,0,blank,0,440.491675,603.3288,104343,104542,199
100,24,),178,320.725316666667,528.18175,104573,104750,177
100,21,i,153,275.97455,462.007683333333,104750,104928,178
100,0,blank,0,313.666283333333,467.5234,104928,105107,179
100,0,blank,0,317.4097,465.1076,105107,105285,178
100,0,blank,0,321.31645,467.45415,105285,105466,181
100,21,;,159,335.892,451.45408,105466,105615,149
100,0,blank,0,-323,-105,105675,105813,138
100,0,blank,0,332.364557142857,472.141314285714,105845,106041,196
100,0,blank,0,315.773433333333,468.12805,106041,106222,181
100,21,j,156,303.83415,462.69325,106222,106402,180
100,0,blank,0,315.486233333333,467.96165,106402,106578,176
100,0,blank,0,357.464383333333,480.239183333333,106578,106755,177
100,0,blank,0,337.300266666667,466.79135,106755,106933,178
100,0,blank,0,341.82355,476.35755,106933,107109,176
100,0,blank,0,348.987116666667,486.799383333333,107109,107286,177
100,21,),158,327.857266666667,463.4458,107286,107464,178
100,21,],157,284.270166666667,457.452933333333,107464,107640,176
100,21,],157,290.075533333333,455.65915,107640,107820,180
100,21,j,156,311.3317,462.4936,107820,108001,181
100,0,blank,0,302.241283333333,442.467883333333,108001,108181,180
100,0,blank,0,296.882466666667,424.736933333333,108181,108358,177
100,21,],157,286.023833333333,446.818133333333,108358,108536,178
100,19,<,139,232.1468,415.338466666667,108536,108715,179
100,0,blank,0,204.98625,351.6536,108715,108892,177
100,0,blank,0,189.57035,304.028616666667,108892,109069,177
100,0,blank,0,206.079733333333,291.580633333333,109069,109249,180
100,0,blank,0,175.71535,350.263633333333,109249,109427,178
100,5,[,44,137.71145,104.320416666667,109457,109637,180
100,0,blank,0,114.144983333333,55.2623166666667,109637,109820,183
100,0,blank,0,120.1953,46.2659666666667,109820,109999,179
100,5,],46,164.387083333333,100.70155,109999,110180,181
100,5,],46,164.883533333333,94.9207,110180,110361,181
100,0,blank,0,187.582175,79.65715,110361,110484,123
100,0,blank,0,236.887133333333,395.24695,110514,110700,186
100,18,i,129,208.624116666667,388.7374,110700,110882,182
100,0,blank,0,207.461,316.369466666667,110882,110972,90
100,17,"EnterelementsinMatrixA:\n",116,385.8645,375.160833333333,111002,111183,181
100,0,blank,0,357.2972,320.5537,111183,111213,30
100,0,blank,0,240.4044,437.464866666667,111243,111423,180
100,0,blank,0,254.286333333333,478.69455,111423,111607,184
100,24,i,176,210.754783333333,513.6323,111607,111786,179
100,24,i,176,212.93148,524.42562,111786,111937,151
100,17,"EnterelementsinMatrixA:\n",116,181.8265,359.345166666667,111968,112057,89
100,0,blank,0,131.411033333333,314.2827,112117,112296,179
100,21,"%d",148,217.486216666667,459.451933333333,112296,112472,176
100,24,<,173,229.173,510.900633333333,112472,112653,181
100,23,"\nEnterelementsinMatrixB:\n",163,242.0206,502.647,112653,112741,88
100,0,blank,0,-323,-105,112801,112904,103
100,24,i,176,287.4929,514.6027,112929,112965,36
100,0,blank,0,353.08915,509.3124,113031,113204,173
100,23,"\nEnterelementsinMatrixB:\n",163,443.372366666667,494.4265,113204,113384,180
100,0,blank,0,491.7404,518.852366666667,113384,113562,178
100,23,"\nEnterelementsinMatrixB:\n",163,482.5867,506.399566666667,113562,113652,90
100,25,++,190,308.5315,537.47545,113681,113860,179
100,0,blank,0,304.383075,567.701625,113860,114036,176
100,0,blank,0,316.337366666667,567.646216666667,114036,114211,175
100,24,m2,174,261.482733333333,529.4529,114211,114385,174
100,25,n2,187,260.36038,536.2433,114385,114534,149
100,25,++,190,305.05092,534.25734,114534,114709,175
100,25,++,190,307.5512,547.930725,114709,114831,122
100,0,blank,0,336.739466666667,417.4832,114862,115042,180
100,0,blank,0,305.511916666667,427.607233333333,115042,115220,178
100,0,blank,0,310.365133333333,426.906783333333,115220,115399,179
100,19,++,143,294.7579,404.294433333333,115399,115577,178
100,24,++,177,304.7154,513.283133333333,115577,115758,181
100,0,blank,0,275.379583333333,551.895833333333,115758,115942,184
100,0,blank,0,257.61955,557.280733333333,115942,116127,185
100,0,blank,0,254.041066666667,563.12765,116127,116311,184
100,25,;,188,265.8924,544.151316666667,116311,116491,180
100,27,i,200,275.790016666667,578.86655,116491,116674,183
100,0,blank,0,258.382375,603.52155,116674,116798,124
100,0,blank,0,327.9449,601.6463,116829,116973,144
100,27,j,203,311.728,593.8754,117034,117064,30
100,0,blank,0,439.617575,639.789325,117095,117216,121
100,27,],204,317.47416,576.90026,117246,117399,153
100,0,blank,0,282.13145,596.50535,117429,117613,184
100,23,"\nEnterelementsinMatrixB:\n",163,292.418566666667,505.280866666667,117613,117793,180
100,0,blank,0,264.113483333333,471.885583333333,117852,118031,179
100,0,blank,0,262.33595,467.42095,118031,118090,59
100,27,;,206,339.855,587.9927,118149,118181,32
100,0,blank,0,462.3692,641.7557,118213,118274,61
100,29,m2,216,295.22465,619.829083333333,118332,118513,181
100,0,blank,0,287.2362,600.31606,118513,118662,149
100,0,blank,0,478.6469,613.2563,118692,118722,30
100,0,blank,0,324.048616666667,607.7747,118752,118936,184
100,0,blank,0,293.940133333333,602.763033333333,118936,119027,91
100,0,blank,0,358.69056,627.69378,119057,119236,179
100,0,blank,0,330.051633333333,569.224733333333,119236,119422,186
100,24,),178,318.051683333333,520.49735,119422,119601,179
100,21,[,155,297.943483333333,461.490583333333,119601,119780,179
100,0,blank,0,306.928833333333,478.848483333333,119780,119957,177
100,0,blank,0,340.84618,554.08974,119957,120131,174
100,0,blank,0,338.66495,605.1437,120131,120312,181
100,0,blank,0,354.51534,604.01614,120312,120460,148
100,0,blank,0,234.435816666667,641.0403,120521,120705,184
100,0,blank,0,213.365375,660.7946,120705,120864,159
100,27,[,202,269.2872,593.327,121094,121170,76
100,0,blank,0,268.362316666667,645.862316666667,121235,121410,175
100,0,blank,0,251.392966666667,639.1475,121410,121595,185
100,0,blank,0,212.156283333333,631.00255,121595,121776,181
100,0,blank,0,213.916283333333,640.8274,121776,121953,177
100,0,blank,0,209.051466666667,631.856933333333,121953,122130,177
100,31,"OnmatrixmultiplicationofAandBtheresultis:\n",228,243.938233333333,668.433833333333,122130,122329,199
100,0,blank,0,228.3238,657.2257,122329,122354,25
100,23,"\nEnterelementsinMatrixB:\n",163,193.637566666667,496.2183,122414,122505,91
100,17,(,115,146.77846,375.68678,122535,122683,148
100,0,blank,0,-323,-105,122742,122822,80
100,0,blank,0,135.944,252.2352,122848,122882,34
100,0,blank,0,200.9082,536.020466666667,123000,123179,179
100,0,blank,0,218.90085,645.869466666667,123179,123360,181
100,31,"OnmatrixmultiplicationofAandBtheresultis:\n",228,219.985033333333,669.423083333333,123360,123542,182
100,31,"OnmatrixmultiplicationofAandBtheresultis:\n",228,232.68455,669.75305,123542,123723,181
100,0,blank,0,268.3224,641.0408,123723,123753,30
100,0,blank,0,311.64395,725.453075,123812,123928,116
100,31,"OnmatrixmultiplicationofAandBtheresultis:\n",228,489.6888,674.247416666667,123956,124133,177
100,0,blank,0,579.246866666667,657.04425,124133,124319,186
100,0,blank,0,653.7344,653.854316666667,124319,124493,174
100,0,blank,0,642.530866666667,627.97395,124493,124671,178
100,0,blank,0,641.66485,646.167933333333,124671,124848,177
100,0,blank,0,244.42945,713.259566666667,124909,125086,177
100,32,c,237,191.716783333333,697.844333333333,125086,125266,180
100,32,n2,235,153.353933333333,697.204166666667,125266,125454,188
100,32,c,237,189.921266666667,700.8767,125454,125645,191
100,0,blank,0,213.923483333333,702.283016666667,125645,125827,182
100,0,blank,0,205.93305,709.740266666667,125827,126013,186
100,0,blank,0,206.76345,712.22485,126013,126198,185
100,0,blank,0,174.864716666667,700.365016666667,126198,126384,186
100,32,),238,200.645783333333,692.297516666667,126384,126567,183
100,0,blank,0,257.880133333333,687.149466666667,126567,126755,188
100,0,blank,0,218.655383333333,691.326833333333,126755,126935,180
100,0,blank,0,190.01825,714.612983333333,126935,127119,184
100,32,n2,235,158.600583333333,699.8283,127119,127299,180
100,0,blank,0,226.294566666667,723.125033333333,127329,127514,185
100,0,blank,0,214.182466666667,719.15305,127514,127699,185
100,0,blank,0,224.0184,714.825233333333,127699,127876,177
100,0,blank,0,485.92326,649.6106,127906,128056,150
100,0,blank,0,234.63225,686.213266666667,128086,128266,180
100,0,blank,0,258.2747,643.705066666667,128266,128445,179
100,0,blank,0,264.401583333333,651.431116666667,128445,128623,178
100,0,blank,0,220.444666666667,648.17525,128623,128804,181
100,0,blank,0,275.534933333333,638.40715,128804,128985,181
100,0,blank,0,314.065433333333,633.750833333333,128985,129163,178
100,29,m2,216,284.39095,634.08425,129163,129347,184
100,0,blank,0,303.12345,646.085916666667,129347,129524,177
100,29,n2,218,326.693416666667,623.826483333333,129524,129702,178
100,0,blank,0,303.484266666667,610.750033333333,129702,129793,91
100,0,blank,0,340.417,616.121375,129821,129999,178
100,0,blank,0,381.798833333333,655.668566666667,129999,130178,179
100,29,c,222,393.739416666667,628.914966666667,130178,130363,185
100,29,c,222,393.914183333333,627.824166666667,130363,130543,180
100,0,blank,0,439.63802,652.20936,130543,130700,157
100,0,blank,0,321.81785,660.893233333333,130730,130914,184
100,31,"OnmatrixmultiplicationofAandBtheresultis:\n",228,315.96205,681.478483333333,130914,131093,179
100,0,blank,0,279.476966666667,626.812083333333,131093,131268,175
100,29,m2,216,300.073516666667,633.350216666667,131268,131444,176
100,0,blank,0,338.7244,655.008033333333,131444,131627,183
100,0,blank,0,357.90045,639.190433333333,131627,131810,183
100,0,blank,0,358.195733333333,633.1215,131810,131994,184
100,0,blank,0,344.86745,640.34225,131994,132178,184
100,0,blank,0,312.461516666667,647.916083333333,132178,132356,178
100,29,comma,221,308.448833333333,631.647416666667,132356,132533,177
100,0,blank,0,320.399233333333,654.80275,132533,132711,178
100,0,blank,0,317.74795,638.069366666667,132711,132892,181
100,0,blank,0,298.981433333333,642.290266666667,132892,133071,179
100,0,blank,0,288.573,655.1433,133071,133250,179
100,0,blank,0,251.745533333333,639.73025,133250,133431,181
100,0,blank,0,290.210366666667,655.767783333333,133431,133612,181
100,0,blank,0,314.51436,643.15106,133612,133759,147
100,0,blank,0,341.97386,656.27402,133759,133940,181
100,29,b,220,364.66095,635.4141,133940,134126,186
100,0,blank,0,392.240433333333,632.674433333333,134126,134307,181
100,29,),223,408.378133333333,636.80625,134307,134484,177
100,29,;,224,418.171966666667,619.933783333333,134484,134661,177
100,0,blank,0,436.910133333333,626.123283333333,134661,134837,176
100,0,blank,0,429.205033333333,626.741733333333,134837,135014,177
100,0,blank,0,441.73255,642.640883333333,135014,135193,179
100,0,blank,0,436.5598,611.3232,135193,135222,29
100,0,blank,0,851.544333333333,497.342666666667,135280,135369,89
100,0,blank,0,-323,-105,135398,135477,79
100,0,blank,0,1024.75057142857,166.418485714286,135679,135877,198
100,0,blank,0,1026.70466666667,159.221566666667,135877,136058,181
100,0,blank,0,1022.499,164.9871,136058,136242,184
100,0,blank,0,699.77,597.64655,136303,136364,61
100,0,blank,0,524.131816666667,607.8856,136397,136578,181
100,0,blank,0,509.8494,580.0999,136578,136670,92
100,0,blank,0,921.35125,365.61285,136730,136853,123
100,0,blank,0,1032.67583333333,332.583583333333,136882,137065,183
100,0,blank,0,1035.31966666667,339.349583333333,137065,137248,183
100,0,blank,0,1018.81733333333,351.293533333333,137248,137433,185
101,0,blank,0,774.319,280.62115,138678,138804,126
101,0,blank,0,406.844966666667,125.495516666667,138835,139020,185
101,0,blank,0,377.7106,118.418183333333,139020,139206,186
101,0,blank,0,389.4059,169.3204,139206,139330,124
101,0,blank,0,220.4722,169.876616666667,139361,139549,188
101,0,blank,0,150.942066666667,211.652516666667,139549,139732,183
101,32,comma,236,131.396866666667,250.2169,139732,139913,181
101,34,multiply,242,131.679183333333,288.729416666667,139913,140096,183
101,34,multiply,242,133.4999,287.479833333333,140096,140282,186
101,0,blank,0,266.0805,478.99534,140312,140465,153
101,0,blank,0,179.991783333333,216.790333333333,140496,140679,183
101,29,m1,210,193.18935,192.02375,140679,140743,64
101,29,n1,212,221.8232,185.635866666667,140910,141089,179
101,29,a,214,259.4331,191.4349,141089,141282,193
101,0,blank,0,211.3677,201.98115,141397,141581,184
101,0,blank,0,212.44432,202.62528,141581,141753,172
101,32,m1,233,118.39235,261.891466666667,141785,141980,195
101,32,m1,233,117.97058,256.87972,141980,142142,162
101,31,"OnmatrixmultiplicationofAandBtheresultis:\n",228,177.83402,230.73706,142142,142325,183
101,0,blank,0,212.739866666667,261.6684,142325,142516,191
101,0,blank,0,232.097766666667,273.562716666667,142516,142707,191
101,31,"OnmatrixmultiplicationofAandBtheresultis:\n",228,298.639866666667,228.540216666667,142707,142892,185
101,0,blank,0,228.955616666667,459.07845,142923,143105,182
101,0,blank,0,220.9099,479.0817,143105,143135,30
101,0,blank,0,253.070733333333,255.774383333333,143165,143345,180
101,31,"OnmatrixmultiplicationofAandBtheresultis:\n",228,224.729216666667,221.1483,143345,143525,180
101,0,blank,0,244.314266666667,195.87815,143525,143708,183
101,0,blank,0,350.41315,206.538083333333,143708,143889,181
101,0,blank,0,447.05685,217.0477,143889,143948,59
101,0,blank,0,283.097133333333,202.9457,143978,144161,183
101,29,n1,212,226.625425,189.497325,144161,144283,122
101,0,blank,0,472.1817,203.590525,144313,144435,122
101,29,n2,218,339.075833333333,194.092533333333,144466,144558,92
101,0,blank,0,-323,-105,144619,144752,133
101,0,blank,0,495.945242857143,209.637857142857,144788,144987,199
101,31,"OnmatrixmultiplicationofAandBtheresultis:\n",228,515.628916666667,226.4218,144987,145169,182
101,31,"OnmatrixmultiplicationofAandBtheresultis:\n",228,546.767416666667,232.778683333333,145169,145349,180
101,31,"OnmatrixmultiplicationofAandBtheresultis:\n",228,576.780933333333,223.613983333333,145349,145532,183
101,0,blank,0,637.165,245.544816666667,145532,145716,184
101,0,blank,0,658.409966666667,248.5691,145716,145806,90
101,0,blank,0,217.44265,204.59535,145867,146050,183
101,31,"OnmatrixmultiplicationofAandBtheresultis:\n",228,201.85025,233.587533333333,146050,146230,180
101,0,blank,0,-323,-105,146259,146390,131
101,31,"OnmatrixmultiplicationofAandBtheresultis:\n",228,168.604557142857,232.207228571429,146416,146614,198
101,32,c,237,186.83665,241.13785,146614,146796,182
101,32,comma,236,169.918233333333,251.67235,146796,146976,180
101,34,m1,245,198.686716666667,294.474566666667,146976,147158,182
101,0,blank,0,137.5084,288.607566666667,147158,147339,181
101,0,blank,0,149.620366666667,322.360833333333,147339,147521,182
101,34,int,274,169.243183333333,286.181033333333,147521,147699,178
101,0,blank,0,225.627816666667,269.3543,147699,147880,181
101,0,blank,0,244.4199,281.8201,147880,147970,90
101,27,"%d",195,209.162133333333,148.321083333333,148000,148183,183
101,0,blank,0,223.570366666667,150.060966666667,148183,148367,184
101,0,blank,0,252.52345,172.107666666667,148367,148549,182
101,0,blank,0,244.888616666667,163.619466666667,148549,148732,183
101,0,blank,0,213.4675,265.4227,148968,148993,25
101,0,blank,0,-323,-105,149042,149121,79
101,0,blank,0,169.919366666667,274.817783333333,149196,149382,186
101,0,blank,0,242.144516666667,269.629566666667,149382,149563,181
101,34,int,274,252.841783333333,285.002016666667,149563,149744,181
101,0,blank,0,268.572133333333,288.377816666667,149744,149922,178
101,34,n1,248,285.977916666667,303.165816666667,149922,150100,178
101,0,blank,0,257.430466666667,282.478833333333,150100,150279,179
101,0,blank,0,248.246866666667,258.152,150279,150457,178
101,0,blank,0,235.951983333333,218.835233333333,150457,150631,174
101,0,blank,0,275.328716666667,185.197083333333,150631,150811,180
101,29,m2,216,298.2304,178.615866666667,150811,150990,179
101,0,blank,0,318.561633333333,242.4012,150990,151168,178
101,0,blank,0,295.912371428571,273.103085714286,151168,151367,199
101,31,"OnmatrixmultiplicationofAandBtheresultis:\n",228,338.642783333333,239.026633333333,151367,151542,175
101,0,blank,0,324.405583333333,211.642933333333,151542,151722,180
101,29,m2,216,300.26775,178.272716666667,151722,151902,180
101,0,blank,0,308.7658,171.672983333333,151902,152083,181
101,31,"OnmatrixmultiplicationofAandBtheresultis:\n",228,366.2989,228.081,152083,152265,182
101,0,blank,0,410.410133333333,277.873166666667,152265,152445,180
101,0,blank,0,429.203933333333,283.928866666667,152445,152624,179
101,0,blank,0,314.726583333333,167.70565,152654,152834,180
101,29,comma,221,344.395983333333,175.25935,152834,153015,181
101,0,blank,0,446.51805,251.183483333333,153015,153198,183
101,0,blank,0,479.0207,281.9205,153198,153232,34
101,34,int,274,564.9521,303.6607,153232,153495,263
101,0,blank,0,578.997285714286,316.561242857143,153495,153690,195
101,0,blank,0,625.81648,306.51164,153690,153861,171
101,0,blank,0,624.2966,314.7208,153861,153890,29
101,0,blank,0,360.2278,174.92164,153949,154097,148
101,0,blank,0,409.91534,210.18482,154097,154266,169
101,29,;,224,418.435675,182.522725,154296,154415,119
101,0,blank,0,669.458183333333,307.77505,154444,154623,179
101,34,10,280,736.215833333333,301.973733333333,154623,154802,179
101,0,blank,0,688.0615,314.435475,154802,154919,117
101,34,10,280,836.7395,304.397783333333,154949,155124,175
101,0,blank,0,812.24175,288.979375,155124,155242,118
101,29,b,220,369.4569,178.797183333333,155271,155448,177
101,29,;,224,420.995666666667,190.563383333333,155448,155628,180
101,0,blank,0,448.62762,198.52198,155628,155777,149
101,0,blank,0,186.673566666667,334.675583333333,155806,155986,180
101,0,blank,0,171.544483333333,339.796316666667,155986,156163,177
101,36,i,286,154.321833333333,340.040316666667,156163,156342,179
101,0,blank,0,200.26975,321.2735,156342,156401,59
101,0,blank,0,-323,-105,156431,156536,105
101,0,blank,0,213.239071428571,334.092328571429,156645,156838,193
101,0,blank,0,202.35295,324.167866666667,156838,157016,178
101,0,blank,0,222.826583333333,329.325066666667,157016,157193,177
101,0,blank,0,256.326428571429,340.000028571429,157193,157392,199
101,0,blank,0,265.859416666667,358.922366666667,157392,157568,176
101,0,blank,0,258.247433333333,345.906416666667,157568,157746,178
101,0,blank,0,229.4139,354.054833333333,157746,157920,174
101,0,blank,0,230.325283333333,369.5177,157920,158096,176
101,0,blank,0,216.09115,356.6875,158096,158272,176
101,0,blank,0,240.131483333333,359.788533333333,158272,158447,175
101,0,blank,0,256.005133333333,322.475483333333,158447,158624,177
101,0,blank,0,332.98462,401.94354,158624,158770,146
101,36,=,295,319.379816666667,336.448366666667,158799,158979,180
101,36,0,296,336.29945,344.07165,158979,159160,181
101,36,0,296,333.929216666667,335.81205,159160,159341,181
101,0,blank,0,355.294883333333,333.545516666667,159341,159516,175
101,0,blank,0,353.886933333333,330.9939,159516,159603,87
101,0,blank,0,-323,-105,159633,159792,159
101,0,blank,0,156.7151,377.446185714286,159817,160008,191
101,0,blank,0,166.105216666667,363.1867,160008,160179,171
101,0,blank,0,201.3854,379.320633333333,160179,160354,175
101,0,blank,0,190.312416666667,362.397633333333,160354,160528,174
101,0,blank,0,195.423816666667,377.91235,160528,160702,174
101,0,blank,0,230.833666666667,375.298183333333,160702,160877,175
101,0,blank,0,227.168266666667,379.023533333333,160877,161052,175
101,0,blank,0,230.37505,389.323616666667,161052,161229,177
101,0,blank,0,214.65025,426.038016666667,161229,161400,171
101,0,blank,0,204.564916666667,437.111733333333,161400,161593,193
101,0,blank,0,249.61985,492.70685,161593,161766,173
101,0,blank,0,199.53375,424.22535,161766,161947,181
101,0,blank,0,229.025416666667,423.4155,161947,162127,180
101,0,blank,0,176.043983333333,378.858666666667,162127,162303,176
101,0,blank,0,169.896683333333,361.279783333333,162303,162479,176
101,0,blank,0,196.687816666667,367.282833333333,162479,162655,176
101,0,blank,0,212.9864,349.705566666667,162655,162831,176
101,0,blank,0,209.866333333333,351.552,162831,163007,176
101,0,blank,0,173.177566666667,351.39485,163007,163183,176
101,37,),303,161.326,356.089933333333,163183,163360,177
101,0,blank,0,184.6044,355.733783333333,163360,163534,174
101,0,blank,0,239.576766666667,345.600616666667,163534,163710,176
101,0,blank,0,257.12695,361.038333333333,163710,163887,177
101,0,blank,0,270.0366,362.522566666667,163887,164066,179
101,0,blank,0,240.038416666667,345.337066666667,164066,164244,178
101,0,blank,0,233.7238,336.2342,164244,164332,88
101,0,blank,0,200.409833333333,370.157066666667,164364,164537,173
101,36,0,296,193.884383333333,341.820633333333,164537,164712,175
101,0,blank,0,247.2538,316.172,164712,164891,179
101,0,blank,0,294.77175,321.74215,164891,165069,178
101,0,blank,0,293.84765,308.229533333333,165069,165247,178
101,0,blank,0,288.315916666667,313.2509,165247,165428,181
101,0,blank,0,242.012433333333,322.646116666667,165428,165605,177
101,0,blank,0,242.07695,328.517733333333,165605,165784,179
101,0,blank,0,230.983333333333,358.63675,165784,165960,176
101,0,blank,0,198.158166666667,355.58035,165960,166134,174
101,0,blank,0,208.342633333333,428.495683333333,166163,166336,173
101,0,blank,0,207.80695,431.015075,166336,166448,112
101,0,blank,0,300.1256,446.44875,166448,166646,198
101,0,blank,0,165.5167,425.968033333333,166675,166865,190
101,41,m1,313,182.45275,447.6424,166865,166914,49
101,0,blank,0,229.356575,473.2549,166940,167114,174
101,0,blank,0,261.17565,483.59115,167114,167202,88
101,0,blank,0,189.927033333333,313.07035,167229,167407,178
101,0,blank,0,191.0042,308.51855,167407,167586,179
101,0,blank,0,214.990433333333,269.43105,167586,167765,179
101,0,blank,0,362.788583333333,282.7375,167795,167976,181
101,0,blank,0,263.957466666667,242.074116666667,167976,168164,188
101,31,"OnmatrixmultiplicationofAandBtheresultis:\n",228,197.822783333333,237.273433333333,168164,168347,183
101,0,blank,0,252.949916666667,268.326183333333,168347,168529,182
101,0,blank,0,296.858133333333,307.009966666667,168529,168715,186
101,0,blank,0,254.386633333333,319.3418,168715,168898,183
101,0,blank,0,261.122583333333,327.50215,168898,169080,182
101,0,blank,0,215.674233333333,322.44765,169080,169259,179
101,36,comma,293,204.0226,331.347483333333,169259,169437,178
101,0,blank,0,194.0444,356.3893,169437,169648,211
101,0,blank,0,208.285828571429,377.773214285714,169648,169839,191
101,0,blank,0,179.09542,361.98074,169839,170017,178
101,0,blank,0,200.0936,392.8917,170017,170068,51
101,0,blank,0,-323,-105,170101,170229,128
101,0,blank,0,221.06865,367.872583333333,170382,170557,175
101,0,blank,0,199.84605,350.122216666667,170557,170735,178
101,0,blank,0,212.7426,315.860083333333,170735,170913,178
101,0,blank,0,268.818866666667,303.817866666667,170913,171092,179
101,0,blank,0,266.654166666667,304.629166666667,171092,171184,92
101,0,blank,0,-323,-105,171212,171409,197
101,0,blank,0,-323,-105,171409,171446,37
101,0,blank,0,200.895942857143,405.366971428571,171477,171676,199
101,0,blank,0,193.50085,465.348766666667,171676,171858,182
101,0,blank,0,193.057183333333,473.132933333333,171858,172036,178
101,0,blank,0,147.146933333333,464.78805,172036,172221,185
101,0,blank,0,194.6494,483.4863,172221,172372,151
101,0,blank,0,-323,-105,172401,172530,129
101,0,blank,0,236.79565,473.29165,172654,172736,82
101,0,blank,0,264.931683333333,475.846233333333,172794,172972,178
101,0,blank,0,242.86645,487.526266666667,172972,173147,175
101,0,blank,0,223.696066666667,506.222583333333,173147,173323,176
101,0,blank,0,233.174133333333,521.730116666667,173323,173500,177
101,0,blank,0,233.5152,484.351533333333,173500,173673,173
101,0,blank,0,233.879516666667,478.061366666667,173673,173848,175
101,0,blank,0,236.052716666667,465.613133333333,173848,174024,176
101,0,blank,0,261.57745,496.172183333333,174024,174198,174
101,0,blank,0,212.854333333333,517.642383333333,174198,174376,178
101,0,blank,0,177.5438,525.335083333333,174376,174554,178
101,0,blank,0,227.227783333333,503.888283333333,174554,174733,179
101,0,blank,0,252.66365,521.414233333333,174733,174910,177
101,0,blank,0,239.610533333333,491.614433333333,174910,175088,178
101,0,blank,0,244.103225,482.164825,175088,175204,116
101,0,blank,0,255.5715,459.638925,175294,175464,170
101,0,blank,0,234.77755,388.0819,175464,175641,177
101,0,blank,0,225.87555,368.013466666667,175641,175817,176
101,36,=,295,246.9061,347.589816666667,175817,175991,174
101,0,blank,0,305.19225,332.5406,175991,176170,179
101,36,;,297,344.182166666667,346.066516666667,176170,176345,175
101,0,blank,0,327.9836,341.1755,176345,176374,29
101,0,blank,0,229.9281,548.61815,176403,176583,180
101,0,blank,0,247.667966666667,532.194316666667,176583,176760,177
101,0,blank,0,210.653916666667,520.1541,176760,176934,174
101,43,n2,320,170.9789,495.100533333333,176934,177021,87
101,47,[,358,389.5225,587.4566,177052,177078,26
101,47,],360,339.63755,575.39605,177106,177163,57
101,0,blank,0,210.2742,514.48415,177249,177422,173
101,0,blank,0,234.361966666667,522.736366666667,177422,177597,175
101,0,blank,0,211.7329,522.682783333333,177597,177773,176
101,0,blank,0,218.6658,511.5362,177773,177801,28
101,0,blank,0,464.646233333333,630.914566666667,177831,177918,87
101,41,m1,313,173.9596,456.970266666667,178109,178285,176
101,0,blank,0,251.925475,496.13845,178285,178426,141
101,0,blank,0,314.0526,568.537,178426,178510,84
101,45,n1,327,222.598133333333,545.289966666667,178537,178708,171
101,45,n1,327,217.640666666667,530.194066666667,178708,178882,174
101,0,blank,0,242.94316,501.93586,178882,179026,144
101,43,),321,188.221083333333,503.398183333333,179085,179258,173
101,0,blank,0,201.2714,477.221066666667,179258,179433,175
101,0,blank,0,238.8367,507.56195,179433,179490,57
101,0,blank,0,376.29,564.8507,179520,179549,29
101,0,blank,0,253.7865,483.66028,179578,179724,146
101,0,blank,0,-323,-105,179781,179881,100
101,0,blank,0,238.679771428571,547.636128571429,179996,180191,195
101,45,n1,327,214.60015,546.91145,180191,180364,173
101,0,blank,0,241.986433333333,559.0011,180364,180535,171
101,45,),328,224.5784,546.5718,180535,180564,29
101,0,blank,0,270.351866666667,557.563483333333,180649,180821,172
101,0,blank,0,291.2347,560.007883333333,180821,180993,172
101,0,blank,0,290.601983333333,513.038466666667,180993,181165,172
101,0,blank,0,272.312283333333,513.199533333333,181165,181337,172
101,0,blank,0,280.253075,514.87695,181337,181448,111
101,0,blank,0,272.216485714286,504.5362,181476,181675,199
101,0,blank,0,279.24775,501.9544,181675,181733,58
101,0,blank,0,275.88415,495.960533333333,181790,181982,192
101,0,blank,0,279.06065,500.17535,181982,182140,158
101,0,blank,0,248.7609,463.1518,182140,182334,194
101,0,blank,0,278.178733333333,478.3688,182334,182514,180
101,0,blank,0,263.2301,484.5904,182514,182571,57
101,0,blank,0,265.7417,503.6849,182600,182772,172
101,0,blank,0,254.3244,507.26096,182772,182918,146
101,0,blank,0,280.09365,566.688333333333,182945,183120,175
101,0,blank,0,265.38715,574.686433333333,183120,183295,175
101,47,=,337,262.737316666667,590.22045,183295,183471,176
101,0,blank,0,269.019683333333,593.7103,183471,183643,172
101,49,n1,369,294.1584,632.306733333333,183643,183730,87
101,0,blank,0,290.186616666667,616.067666666667,183788,183963,175
101,47,j,359,327.96835,577.900283333333,183963,184135,172
101,47,[,358,315.474166666667,589.646566666667,184135,184309,174
101,47,j,359,324.69902,582.30878,184309,184453,144
101,0,blank,0,325.44612,612.33102,184483,184681,198
101,0,blank,0,277.46765,565.968816666667,184681,184853,172
101,0,blank,0,249.216166666667,567.183416666667,184853,185027,174
101,0,blank,0,254.1913,551.230566666667,185027,185115,88
101,0,blank,0,-323,-105,185144,185274,130
101,47,=,337,263.443814285714,575.593957142857,185387,185581,194
101,47,=,337,263.557983333333,575.037733333333,185581,185755,174
101,0,blank,0,296.69725,571.743166666667,185755,185930,175
101,0,blank,0,300.89405,565.281316666667,185930,186101,171
101,0,blank,0,281.366071428571,593.547,186101,186299,198
101,0,blank,0,261.21456,601.4267,186299,186440,141
101,0,blank,0,440.720233333333,649.306133333333,186468,186605,137
101,0,blank,0,462.917866666667,681.942233333333,186605,186744,139
101,47,+,345,355.4622,579.00125,186831,187003,172
101,0,blank,0,363.62505,597.016883333333,187003,187177,174
101,0,blank,0,369.316516666667,602.975833333333,187177,187352,175
101,47,a,346,376.056266666667,581.383216666667,187352,187526,174
101,47,i,348,396.243266666667,586.706816666667,187526,187700,174
101,0,blank,0,454.018866666667,601.688766666667,187700,187873,173
101,47,],360,437.015233333333,589.972983333333,187873,188049,176
101,0,blank,0,425.060233333333,597.073183333333,188049,188223,174
101,0,blank,0,451.62505,608.680133333333,188223,188396,173
101,0,blank,0,457.607133333333,605.7906,188396,188570,174
101,0,blank,0,473.550716666667,609.69885,188570,188744,174
101,47,],360,434.16845,581.266966666667,188744,188918,174
101,0,blank,0,465.6311,586.6883,188918,189092,174
101,47,b,354,478.7735,591.55385,189092,189267,175
101,47,[,358,519.701316666667,587.220833333333,189267,189441,174
101,0,blank,0,513.744466666667,579.956816666667,189441,189615,174
101,0,blank,0,522.861433333333,564.061316666667,189615,189788,173
101,0,blank,0,521.356416666667,563.3994,189788,189961,173
101,47,],360,539.868316666667,576.434933333333,189961,190133,172
101,47,],360,509.707557142857,586.278057142857,190133,190332,199
101,0,blank,0,521.824966666667,596.639,190332,190506,174
101,47,j,359,525.639066666667,585.328366666667,190506,190678,172
101,47,j,359,530.238583333333,575.297916666667,190678,190850,172
101,47,;,361,549.208675,581.6183,190850,190965,115
101,49,n2,375,418.544783333333,619.92195,190994,191166,172
101,0,blank,0,461.94995,605.548466666667,191166,191339,173
101,0,blank,0,448.7767,590.363416666667,191339,191511,172
101,0,blank,0,319.376166666667,557.7607,191539,191626,87
101,0,blank,0,-323,-105,191655,191785,130
101,0,blank,0,389.6717,602.1386,191829,191882,53
101,47,a,346,380.6981,588.875057142857,191941,192133,192
101,0,blank,0,363.563733333333,601.159766666667,192133,192306,173
101,0,blank,0,308.1517,597.348716666667,192306,192505,199
101,49,comma,378,281.95192,623.47486,192505,192651,146
101,0,blank,0,383.35615,592.40485,192705,192760,55
101,0,blank,0,444.83545,665.657666666667,192847,193038,191
101,47,a,346,374.750185714286,582.8117,193146,193343,197
101,0,blank,0,363.794966666667,592.398266666667,193343,193514,171
101,49,m1,367,262.966766666667,621.806,193514,193688,174
101,49,(,366,250.379333333333,624.059866666667,193688,193861,173
101,49,n1,369,298.289983333333,621.579166666667,193861,194034,173
101,49,n1,369,297.128733333333,619.719383333333,194034,194208,174
101,0,blank,0,297.2943,641.039133333333,194208,194296,88
101,0,blank,0,246.3546,553.2467,194325,194500,175
101,0,blank,0,264.589316666667,582.33935,194500,194674,174
101,0,blank,0,331.17542,610.6151,194674,194873,199
101,49,n1,369,295.118416666667,624.81325,194873,195046,173
101,0,blank,0,286.55772,610.17828,195046,195191,145
101,0,blank,0,254.26675,513.002416666667,195220,195392,172
101,0,blank,0,251.91195,482.3778,195392,195568,176
101,0,blank,0,253.056033333333,404.795033333333,195568,195741,173
101,0,blank,0,205.8022,368.745483333333,195741,195915,174
101,36,=,295,176.5227,337.5954,195915,195944,29
101,0,blank,0,-323,-105,195974,196053,79
101,49,comma,378,385.374,631.7947,196079,196104,25
101,0,blank,0,208.4573,401.1243,196159,196184,25
101,0,blank,0,234.706283333333,486.352716666667,196234,196430,196
101,0,blank,0,247.2886,484.48474,196430,196603,173
101,0,blank,0,263.351366666667,462.8272,196603,196776,173
101,0,blank,0,278.2432,495.03785,196776,196950,174
101,0,blank,0,240.2488,455.71645,196950,197009,59
101,0,blank,0,285.3609,508.734616666667,197038,197211,173
101,0,blank,0,255.119028571429,465.973528571429,197211,197410,199
101,0,blank,0,273.764766666667,468.615266666667,197410,197583,173
101,0,blank,0,274.514633333333,469.152216666667,197583,197754,171
101,0,blank,0,261.555833333333,475.335516666667,197754,197929,175
101,0,blank,0,227.465757142857,452.207571428572,197929,198127,198
101,0,blank,0,240.78325,475.512516666667,198127,198301,174
101,0,blank,0,241.394266666667,505.722866666667,198301,198475,174
101,0,blank,0,227.532666666667,499.16575,198475,198650,175
101,0,blank,0,249.60705,524.348666666667,198650,198824,174
101,0,blank,0,242.88925,500.3639,198824,198998,174
101,0,blank,0,242.972716666667,502.790683333333,198998,199174,176
101,0,blank,0,240.587833333333,506.451416666667,199174,199347,173
101,0,blank,0,243.695966666667,498.272433333333,199347,199522,175
101,0,blank,0,243.11225,515.93005,199522,199696,174
101,0,blank,0,253.489083333333,525.688316666667,199696,199872,176
101,0,blank,0,254.98475,526.172466666667,199872,200045,173
101,0,blank,0,255.096116666667,515.730266666667,200045,200219,174
101,0,blank,0,252.1688,499.92705,200219,200393,174
101,0,blank,0,247.429233333333,511.327333333333,200393,200567,174
101,0,blank,0,237.263533333333,493.195266666667,200567,200740,173
101,0,blank,0,242.72585,504.949416666667,200740,200914,174
101,0,blank,0,225.674533333333,475.521433333333,200914,201001,87
101,0,blank,0,288.0293,485.2308,201031,201203,172
101,0,blank,0,265.797183333333,518.2342,201203,201377,174
101,0,blank,0,256.7534,513.221216666667,201377,201551,174
101,0,blank,0,258.983366666667,494.280033333333,201551,201723,172
101,0,blank,0,248.873683333333,493.398416666667,201723,201895,172
101,0,blank,0,271.197583333333,536.254266666667,201895,202068,173
101,0,blank,0,253.320066666667,512.851683333333,202068,202243,175
101,0,blank,0,253.95276,504.64634,202243,202430,187
101,0,blank,0,229.3288,507.6549,202430,202536,106
101,0,blank,0,257.78295,529.1107,202536,202724,188
101,0,blank,0,253.453566666667,520.85955,202724,202909,185
101,0,blank,0,236.3891,507.572533333333,202909,203082,173
101,0,blank,0,222.317033333333,506.820933333333,203082,203257,175
101,0,blank,0,245.928033333333,506.907666666667,203257,203430,173
101,0,blank,0,261.62215,531.6442,203430,203604,174
101,0,blank,0,243.491766666667,500.042033333333,203604,203776,172
101,0,blank,0,255.582966666667,512.2105,203776,203948,172
101,0,blank,0,273.155025,519.7386,203948,204064,116
101,0,blank,0,250.799216666667,504.462916666667,204093,204267,174
101,0,blank,0,241.1942,486.182033333333,204267,204354,87
101,0,blank,0,258.102833333333,514.338033333333,204383,204470,87
101,0,blank,0,202.834266666667,480.290483333333,204499,204674,175
101,0,blank,0,218.193366666667,499.808533333333,204674,204849,175
101,0,blank,0,250.257766666667,500.687683333333,204849,205024,175
101,0,blank,0,232.644483333333,470.063033333333,205024,205199,175
101,0,blank,0,230.40055,464.69625,205199,205375,176
101,0,blank,0,257.081728571429,450.793714285714,205375,205574,199
101,0,blank,0,258.704366666667,460.3363,205574,205751,177
101,0,blank,0,226.483457142857,473.557485714286,205751,205950,199
101,0,blank,0,254.560483333333,513.348616666667,205950,206124,174
101,0,blank,0,248.465816666667,540.214783333333,206124,206299,175
101,0,blank,0,243.926816666667,553.763533333333,206299,206474,175
101,0,blank,0,277.576033333333,553.279933333333,206474,206647,173
101,0,blank,0,263.962433333333,530.423,206647,206818,171
101,0,blank,0,252.154966666667,535.58415,206818,206991,173
101,0,blank,0,272.18545,540.700483333333,206991,207163,172
101,0,blank,0,280.374475,519.443675,207163,207278,115
101,47,a,346,381.38785,573.3326,207307,207364,57
101,0,blank,0,314.972,509.5189,207450,207479,29
101,0,blank,0,257.56305,527.985866666667,207595,207766,171
101,0,blank,0,282.058483333333,557.275483333333,207795,207967,172
101,0,blank,0,278.61695,548.095116666667,207967,208140,173
101,0,blank,0,263.173283333333,537.2402,208169,208340,171
101,0,blank,0,281.726366666667,561.413766666667,208340,208512,172
101,0,blank,0,274.741271428571,559.097371428571,208512,208709,197
101,0,blank,0,273.91855,545.7084,208709,208881,172
101,0,blank,0,293.9265,572.766183333333,208881,209053,172
101,0,blank,0,281.692983333333,551.460766666667,209053,209227,174
101,0,blank,0,264.55375,536.743733333333,209227,209399,172
101,0,blank,0,277.73735,552.322166666667,209399,209573,174
101,0,blank,0,279.312266666667,568.080883333333,209573,209746,173
101,0,blank,0,266.2472,532.0633,209746,209861,115
101,0,blank,0,-323,-105,209891,209995,104
101,47,c,338,283.046457142857,572.256,210100,210288,188
101,47,c,338,281.804866666667,579.517583333333,210288,210461,173
101,47,i,348,294.81956,583.4207,210461,210604,143
101,0,blank,0,280.20205,555.588016666667,210632,210806,174
101,0,blank,0,340.8975,613.0786,210806,210832,26
101,0,blank,0,316.7983,565.0371,210860,210917,57
101,47,i,348,299.981416666667,578.039833333333,211031,211205,174
101,0,blank,0,325.496566666667,598.90425,211205,211377,172
101,0,blank,0,285.580216666667,551.85635,211377,211549,172
101,47,i,348,300.562966666667,582.733033333333,211549,211634,85
101,0,blank,0,278.927575,548.64975,211663,211777,114
101,47,j,359,324.3945,591.83985,211806,211864,58
101,0,blank,0,289.19975,559.3696,211890,212064,174
101,47,[,358,290.856657142857,574.828257142857,212064,212263,199
101,0,blank,0,297.06895,562.010766666667,212263,212436,173
101,0,blank,0,274.365333333333,543.97815,212436,212609,173
101,0,blank,0,264.059457142857,537.558671428571,212609,212808,199
101,0,blank,0,274.703466666667,551.9493,212808,212979,171
101,0,blank,0,298.4305,558.847066666667,212979,213153,174
101,0,blank,0,291.990866666667,565.330333333333,213153,213325,172
101,0,blank,0,288.45625,563.421516666667,213325,213498,173
101,47,i,348,303.489533333333,582.473983333333,213498,213671,173
101,0,blank,0,264.682633333333,566.519916666667,213671,213845,174
101,0,blank,0,-323,-105,213901,214058,157
101,0,blank,0,282.2007,550.2773,214084,214110,26
101,0,blank,0,263.448414285714,571.378485714286,214157,214345,188
101,0,blank,0,264.914016666667,588.45725,214345,214519,174
101,49,n1,369,300.5234,630.72955,214519,214576,57
101,0,blank,0,289.673183333333,600.652666666667,214604,214775,171
101,47,c,338,276.7338,586.05172,214775,214918,143
101,0,blank,0,338.813942857143,567.341342857143,214975,215174,199
101,47,+,345,353.57225,581.932966666667,215174,215346,172
101,0,blank,0,323.71305,601.755216666667,215346,215518,172
101,0,blank,0,279.1014,549.7916,215518,215690,172
101,0,blank,0,237.5374,515.182483333333,215690,215862,172
101,0,blank,0,248.4589,524.29585,215862,216036,174
101,0,blank,0,234.52105,530.527266666667,216036,216210,174
101,0,blank,0,276.4768,555.8087,216210,216382,172
101,0,blank,0,237.0426,552.8242,216382,216439,57
101,0,blank,0,286.257583333333,595.37515,216468,216639,171
101,0,blank,0,254.8326,562.263416666667,216639,216813,174
101,0,blank,0,261.8273,568.177483333333,216813,216987,174
101,0,blank,0,266.522033333333,566.50395,216987,217159,172
101,0,blank,0,270.153416666667,594.629916666667,217159,217334,175
101,0,blank,0,232.438716666667,558.709816666667,217334,217505,171
101,0,blank,0,229.876533333333,513.0263,217505,217679,174
101,0,blank,0,251.454916666667,515.627033333333,217679,217851,172
101,0,blank,0,250.55736,538.95332,217851,217996,145
101,0,blank,0,240.96515,530.8624,218025,218196,171
101,0,blank,0,268.70565,552.45185,218196,218370,174
101,0,blank,0,246.880328571429,542.172528571429,218370,218567,197
101,0,blank,0,260.134833333333,534.440166666667,218567,218741,174
101,0,blank,0,224.345933333333,523.1728,218741,218824,83
101,49,comma,378,279.592033333333,620.882466666667,218852,219024,172
101,0,blank,0,271.0233,596.7792,219024,219199,175
101,0,blank,0,284.539983333333,607.737366666667,219199,219372,173
101,0,blank,0,313.2212,563.3877,219372,219429,57
101,0,blank,0,366.75085,601.0311,219455,219512,57
101,0,blank,0,389.84495,610.0261,219765,219848,83
101,0,blank,0,340.610333333333,644.4198,219877,220016,139
101,0,blank,0,272.774883333333,567.611283333333,220045,220218,173
101,0,blank,0,266.515283333333,590.164066666667,220218,220391,173
101,0,blank,0,283.635766666667,608.505516666667,220391,220564,173
101,47,],360,310.450316666667,582.804966666667,220564,220737,173
101,47,j,359,332.691242857143,581.157471428571,220737,220936,199
101,0,blank,0,349.91375,595.61945,220936,221109,173
101,47,+,345,358.776916666667,582.803783333333,221109,221283,174
101,0,blank,0,371.058466666667,592.346433333333,221283,221457,174
101,0,blank,0,385.963,569.3003,221457,221486,29
101,0,blank,0,259.017083333333,599.190833333333,221515,221688,173
101,0,blank,0,279.9654,614.577683333333,221688,221862,174
101,49,comma,378,280.450716666667,628.328733333333,221862,222036,174
101,0,blank,0,265.096316666667,595.098966666667,222036,222210,174
101,0,blank,0,265.7716,567.799775,222210,222326,116
101,47,j,359,325.014342857143,586.901571428571,222354,222553,199
101,0,blank,0,302.829666666667,566.6555,222581,222764,183
101,0,blank,0,235.60035,485.6668,222764,222923,159
101,0,blank,0,225.4683,400.2176,222923,223119,196
101,0,blank,0,235.107266666667,368.6976,223119,223298,179
101,0,blank,0,256.998433333333,325.84315,223298,223475,177
101,0,blank,0,259.451033333333,276.620933333333,223475,223647,172
101,0,blank,0,252.377566666667,261.586866666667,223647,223821,174
101,0,blank,0,255.590133333333,265.725333333333,223821,223996,175
101,0,blank,0,253.800833333333,275.017733333333,223996,224084,88
101,0,blank,0,310.3386,610.229566666667,224112,224288,176
101,0,blank,0,405.4731,599.2842,224288,224317,29
101,0,blank,0,391.60605,665.89775,224345,224429,84
101,0,blank,0,-323,-105,224516,224627,111
101,0,blank,0,457.0347,666.3014,224781,224806,25
101,0,blank,0,367.795133333333,600.456033333333,224831,225006,175
101,0,blank,0,371.834983333333,605.7464,225006,225179,173
101,0,blank,0,374.2339,599.242725,225179,225292,113
101,47,+,345,359.28705,587.33795,225321,225492,171
101,0,blank,0,370.6287,610.39945,225492,225664,172
101,0,blank,0,401.9652,640.5529,225664,225774,110
101,0,blank,0,373.2306,602.2509,225774,225905,131
101,0,blank,0,434.4751,625.12145,225931,226049,118
101,0,blank,0,391.1602,645.4723,226049,226187,138
101,0,blank,0,289.878457142857,605.409614285714,226213,226412,199
101,0,blank,0,269.051,577.836871428572,226412,226611,199
101,0,blank,0,273.747985714286,595.476514285714,226611,226810,199
101,0,blank,0,-323,-105,226839,226968,129
101,0,blank,0,301.409375,571.6329,227110,227213,103
101,0,blank,0,471.9578,672.5906,227270,227300,30
101,49,m2,373,372.8304,622.6148,227327,227526,199
101,0,blank,0,385.303566666667,614.155733333333,227526,227699,173
101,0,blank,0,383.94325,606.09985,227699,227756,57
101,0,blank,0,435.008383333333,675.3205,227785,227959,174
101,0,blank,0,436.7757,687.63236,227959,228100,141
101,0,blank,0,374.505833333333,665.8584,228155,228246,91
101,0,blank,0,399.849514285714,700.510385714286,228301,228498,197
101,0,blank,0,428.331916666667,711.50095,228498,228672,174
101,0,blank,0,404.326085714286,700.054757142857,228672,228871,199
101,0,blank,0,371.497166666667,678.957933333333,228871,229049,178
101,0,blank,0,370.63825,658.08425,229078,229262,184
101,0,blank,0,363.83612,645.9217,229262,229407,145
101,0,blank,0,349.661766666667,692.2958,229436,229525,89
101,49,n1,369,303.535616666667,624.10315,229557,229729,172
101,0,blank,0,316.46502,648.69554,229729,229903,174
101,0,blank,0,303.3188,637.65595,229903,229959,56
101,0,blank,0,344.6953,648.43808,230070,230266,196
101,49,m2,373,366.77525,633.24985,230266,230442,176
101,0,blank,0,385.755816666667,646.819133333333,230442,230621,179
101,49,m2,373,383.265466666667,633.53155,230621,230797,176
101,0,blank,0,402.77495,625.468383333333,230797,230972,175
101,0,blank,0,418.246633333333,614.87965,230972,231146,174
101,0,blank,0,428.6803,648.01465,231146,231203,57
101,0,blank,0,-323,-105,231232,231311,79
101,0,blank,0,641.2711,-103.9226,231337,231362,25
101,47,[,358,416.821642857143,575.274014285714,231417,231615,198
101,0,blank,0,416.4774,558.341216666667,231615,231791,176
101,0,blank,0,442.447866666667,565.0578,231791,231966,175
101,0,blank,0,455.278483333333,548.911633333333,231966,232139,173
101,0,blank,0,466.105716666667,561.370433333333,232139,232313,174
101,0,blank,0,492.214283333333,564.116583333333,232313,232485,172
101,0,blank,0,523.515214285714,544.240457142857,232485,232684,199
101,0,blank,0,524.4216,554.806833333333,232684,232855,171
101,0,blank,0,506.141116666667,546.161616666667,232855,233026,171
101,0,blank,0,474.297266666667,571.222716666667,233026,233203,177
101,0,blank,0,457.8364,554.965533333333,233203,233381,178
101,0,blank,0,511.798733333333,537.009883333333,233381,233556,175
101,0,blank,0,536.34395,552.169433333333,233556,233730,174
101,0,blank,0,520.388966666667,512.6698,233730,233906,176
101,0,blank,0,463.880466666667,540.827583333333,233906,234086,180
101,0,blank,0,475.5763,609.4006,234086,234116,30
101,0,blank,0,-323,-105,234147,234322,175
101,0,blank,0,-323,-105,234322,234493,171
101,0,blank,0,-323,-105,234493,234597,104
101,0,blank,0,369.2784,576.891657142857,234625,234819,194
101,47,a,346,380.518,589.191466666667,234819,234999,180
101,0,blank,0,393.051833333333,605.0477,234999,235176,177
101,49,m2,373,370.04925,616.028566666667,235176,235351,175
101,47,[,358,286.331066666667,573.848983333333,235351,235530,179
101,49,n1,369,300.210625,618.03785,235559,235672,113
101,0,blank,0,438.821575,620.543575,235729,235872,143
101,0,blank,0,479.586066666667,672.603833333333,235872,236042,170
101,47,],360,406.39765,581.5889,236069,236157,88
101,0,blank,0,476.2592,653.5293,236246,236271,25
101,49,m1,367,260.78455,621.826775,236298,236413,115
101,47,=,337,261.79446,591.71214,236442,236587,145
101,47,j,359,324.23086,591.59434,236616,236762,146
101,47,a,346,380.888766666667,590.356383333333,236791,236968,177
101,0,blank,0,377.100866666667,597.125366666667,236968,237057,89
101,0,blank,0,305.138,563.065616666667,237087,237263,176
101,47,=,337,261.06545,572.901733333333,237263,237435,172
101,0,blank,0,234.044816666667,561.8411,237435,237608,173
101,0,blank,0,240.82185,557.503283333333,237608,237782,174
101,47,c,338,275.69615,579.801233333333,237782,237957,175
101,0,blank,0,260.140616666667,532.631366666667,237957,238131,174
101,0,blank,0,238.190266666667,512.146316666667,238131,238305,174
101,0,blank,0,242.5276,513.738483333333,238305,238480,175
101,47,i,348,297.975428571428,584.148885714286,238510,238707,197
101,0,blank,0,259.74898,594.62838,238707,238851,144
101,0,blank,0,-323,-105,238880,238984,104
101,0,blank,0,293.240485714286,609.4643,239137,239330,193
101,0,blank,0,360.305683333333,635.5461,239330,239502,172
101,49,m2,373,376.766633333333,622.116266666667,239502,239678,176
101,0,blank,0,356.270933333333,602.91915,239678,239852,174
101,49,comma,378,391.661066666667,621.27475,239852,240023,171
101,49,comma,378,389.436816666667,629.8573,240023,240195,172
101,0,blank,0,410.27345,608.940416666667,240195,240371,176
101,0,blank,0,403.6202,609.1087,240371,240546,175
101,47,a,346,382.620983333333,580.553133333333,240546,240719,173
101,47,a,346,374.3331,583.5016,240719,240778,59
101,0,blank,0,272.073483333333,592.694866666667,240808,240983,175
101,47,=,337,256.3837,576.183266666667,240983,241069,86
101,0,blank,0,289.331983333333,596.130166666667,241098,241270,172
101,47,a,346,380.567466666667,583.655666666667,241270,241444,174
101,0,blank,0,365.2591,585.602716666667,241444,241620,176
101,0,blank,0,347.2781,582.446816666667,241620,241794,174
101,0,blank,0,401.6942,600.61915,241794,241970,176
101,47,k,356,428.69194,580.64218,241970,242119,149
101,0,blank,0,-323,-105,242151,242278,127
101,0,blank,0,345.945325,583.578175,242354,242459,105
101,0,blank,0,383.555183333333,603.843883333333,242520,242698,178
101,0,blank,0,249.738866666667,560.694233333333,242728,242900,172
101,0,blank,0,267.307216666667,567.29165,242900,243072,172
101,0,blank,0,255.68035,559.06665,243072,243130,58
101,47,[,358,292.0517,579.13725,243182,243347,165
101,0,blank,0,319.772,611.3016,243347,243506,159
101,49,comma,378,320.673242857143,627.090714285714,243555,243753,198
101,0,blank,0,287.398183333333,648.42035,243753,243927,174
101,0,blank,0,282.7282,649.4132,243927,243957,30
101,0,blank,0,401.4364,687.5162,243986,244014,28
101,0,blank,0,398.54075,657.57275,244043,244160,117
101,0,blank,0,357.476533333333,654.603333333333,244189,244276,87
101,0,blank,0,353.053333333333,652.911766666667,244305,244478,173
101,49,comma,378,276.011016666667,635.70315,244478,244652,174
101,49,m1,367,271.6947,620.759716666667,244652,244826,174
101,0,blank,0,289.13325,638.770333333333,244826,245001,175
101,0,blank,0,331.2068,640.55875,245001,245173,172
101,0,blank,0,337.14,637.693283333333,245173,245352,179
101,49,m1,367,263.767733333333,619.014733333333,245352,245523,171
101,0,blank,0,256.8091,608.10175,245523,245640,117
101,45,n1,327,205.652066666667,544.147983333333,245698,245872,174
101,0,blank,0,274.18495,562.728933333333,245872,246046,174
101,47,=,337,263.62216,591.02746,246076,246220,144
101,0,blank,0,-323,-105,246278,246461,183
101,0,blank,0,142.131,629.3456,246487,246512,25
101,0,blank,0,148.438428571429,603.450985714286,246561,246755,194
101,49,multiply,365,164.927166666667,615.548416666667,246755,246931,176
101,0,blank,0,208.807916666667,644.357616666667,246931,247108,177
101,0,blank,0,241.3276,654.928266666667,247108,247281,173
101,0,blank,0,246.131983333333,648.080183333333,247281,247454,173
101,0,blank,0,287.68855,646.464266666667,247454,247628,174
101,0,blank,0,298.882933333333,640.328633333333,247628,247801,173
101,49,m1,367,254.901,625.425566666667,247801,247975,174
101,49,multiply,365,227.535183333333,615.57025,247975,248150,175
101,0,blank,0,150.9784,585.7235,248150,248325,175
101,0,blank,0,151.39765,588.550116666667,248325,248500,175
101,0,blank,0,145.144883333333,559.107633333333,248500,248675,175
101,49,multiply,365,216.1595,620.284033333333,248675,248851,176
101,49,multiply,365,231.07935,622.2089,248851,249026,175
101,0,blank,0,253.832666666667,605.646433333333,249026,249201,175
101,0,blank,0,253.024183333333,603.247783333333,249201,249376,175
101,0,blank,0,231.85475,602.1666,249376,249551,175
101,0,blank,0,202.91725,577.269666666667,249551,249726,175
101,0,blank,0,146.9975,555.270683333333,249726,249902,176
101,0,blank,0,158.82145,550.475133333333,249902,250076,174
101,49,multiply,365,208.629483333333,625.432266666667,250076,250254,178
101,0,blank,0,246.858266666667,663.426066666667,250254,250426,172
101,0,blank,0,258.91855,648.151733333333,250426,250599,173
101,0,blank,0,240.56755,641.233616666667,250599,250772,173
101,0,blank,0,196.463716666667,641.177333333333,250772,250947,175
101,0,blank,0,146.755614285714,618.285157142857,250947,251145,198
101,0,blank,0,125.63595,592.75105,251145,251317,172
101,0,blank,0,118.1044,596.059033333333,251317,251490,173
101,0,blank,0,93.5595,560.446433333333,251490,251665,175
101,0,blank,0,95.8287666666667,555.236083333333,251665,251836,171
101,46,{,329,132.046833333333,556.925666666667,251836,252009,173
101,0,blank,0,154.95705,571.161816666667,252009,252186,177
101,0,blank,0,254.659916666667,653.397716666667,252215,252390,175
101,49,multiply,365,227.409516666667,635.715166666667,252390,252562,172
101,0,blank,0,149.137816666667,579.257916666667,252562,252736,174
101,0,blank,0,121.225466666667,576.52605,252736,252910,174
101,0,blank,0,120.789416666667,560.14655,252910,253084,174
101,0,blank,0,95.54785,531.8413,253084,253259,175
101,44,{,322,86.2488333333333,507.246333333333,253259,253432,173
101,0,blank,0,63.5914,481.192,253432,253606,174
101,0,blank,0,66.6907666666667,486.6906,253606,253779,173
101,41,else,308,67.1908833333333,446.886683333333,253779,253953,174
101,0,blank,0,73.9550166666667,428.948466666667,253953,254127,174
101,37,(,299,75.43215,363.333816666667,254127,254303,176
101,0,blank,0,59.7904166666667,388.101666666667,254303,254478,175
101,36,static,284,48.80355,338.2322,254478,254653,175
101,0,blank,0,44.1371666666667,319.510316666667,254653,254826,173
101,0,blank,0,147.141183333333,330.944983333333,254826,255004,178
101,36,int,285,138.933833333333,345.109683333333,255004,255179,175
101,36,int,285,140.014683333333,343.227466666667,255179,255351,172
101,37,>=,301,114.296566666667,367.773416666667,255351,255524,173
101,0,blank,0,78.5423333333333,383.791766666667,255524,255698,174
101,0,blank,0,67.0328833333333,362.835416666667,255698,255872,174
101,0,blank,0,95.1733,363.545533333333,255872,256044,172
101,0,blank,0,94.0273666666667,387.030933333333,256044,256217,173
101,0,blank,0,112.498866666667,375.716066666667,256217,256391,174
101,0,blank,0,127.62955,369.4324,256391,256569,178
101,0,blank,0,109.9586,347.55326,256569,256714,145
101,39,return,305,88.74035,400.6008,256742,256803,61
101,0,blank,0,-323,-105,256832,256986,154
101,0,blank,0,189.6047,462.4719,257012,257037,25
101,0,blank,0,274.766671428571,641.567971428571,257110,257303,193
101,0,blank,0,325.01475,640.2916,257303,257478,175
101,0,blank,0,327.5295,653.7838,257478,257507,29
101,49,multiply,365,191.2738,630.448683333333,257536,257710,174
101,51,0,385,164.76295,661.046916666667,257710,257884,174
101,0,blank,0,137.448014285714,658.679242857143,257884,258083,199
101,0,blank,0,138.6638,602.3334,258083,258111,28
101,0,blank,0,123.6885,600.008385714286,258142,258341,199
101,0,blank,0,118.680466666667,596.1343,258341,258511,170
101,46,{,329,130.889516666667,569.102483333333,258511,258683,172
101,0,blank,0,137.6356,566.363083333333,258683,258854,171
101,0,blank,0,148.36165,630.394916666667,258854,259028,174
101,0,blank,0,139.877,609.6208,259028,259202,174
101,0,blank,0,125.502566666667,589.1835,259202,259373,171
101,0,blank,0,95.8053,524.87145,259373,259547,174
101,43,if,316,94.1406166666667,487.939516666667,259547,259720,173
101,43,if,316,96.7604166666667,497.30195,259720,259893,173
101,0,blank,0,99.66175,522.0593,259893,259951,58
101,0,blank,0,218.66085,606.288583333333,259980,260154,174
101,49,multiply,365,197.71105,628.422033333333,260154,260328,174
101,48,k,362,168.188766666667,611.7614,260328,260502,174
101,0,blank,0,155.7907,588.250066666667,260502,260675,173
101,0,blank,0,141.3361,624.6542,260675,260704,29
101,0,blank,0,365.048633333333,607.785716666667,260733,260908,175
101,49,m2,373,372.428225,628.14965,260908,261028,120
101,0,blank,0,158.635566666667,606.439733333333,261059,261235,176
101,0,blank,0,137.8909,604.7279,261235,261408,173
101,0,blank,0,134.706,602.7773,261408,261437,29
101,49,m2,373,367.7416,622.418816666667,261466,261640,174
101,0,blank,0,401.194833333333,622.441,261640,261819,179
101,0,blank,0,424.42734,596.27734,261819,261968,149
101,43,(,317,121.53815,495.76715,262027,262206,179
101,0,blank,0,122.093283333333,466.7123,262206,262377,171
101,0,blank,0,103.124433333333,428.9617,262377,262551,174
101,39,return,305,95.8058166666667,409.816,262551,262727,176
101,0,blank,0,100.5783,382.61085,262727,262785,58
101,0,blank,0,146.433066666667,523.552433333333,262814,262989,175
101,0,blank,0,111.468433333333,536.397116666667,262989,263164,175
101,0,blank,0,106.257716666667,547.168583333333,263164,263340,176
101,0,blank,0,117.892466666667,565.034016666667,263340,263514,174
101,0,blank,0,129.06985,580.9255,263514,263609,95
101,0,blank,0,153.7477,546.9417,263609,263721,112
101,0,blank,0,144.50175,598.9643,263932,264115,183
101,0,blank,0,131.997666666667,614.43665,264115,264289,174
101,0,blank,0,149.249328571429,615.900314285714,264289,264486,197
101,0,blank,0,161.65735,604.81805,264486,264657,171
101,0,blank,0,320.614616666667,595.0089,264685,264858,173
101,49,comma,378,318.0502,617.767914285714,264858,265057,199
101,0,blank,0,350.59695,611.957083333333,265057,265230,173
101,49,m2,373,373.66056,615.54676,265230,265373,143
101,0,blank,0,399.12032,631.28368,265373,265542,169
101,0,blank,0,392.2139,615.970383333333,265542,265721,179
101,47,],360,404.8979,586.676,265721,265750,29
101,0,blank,0,204.038366666667,592.184166666667,265779,265955,176
101,0,blank,0,161.4955,598.3965,265955,266100,145
101,0,blank,0,-323,-105,266130,266259,129
101,0,blank,0,120.4285,630.3452,266284,266309,25
101,0,blank,0,149.351157142857,600.187342857143,266368,266562,194
101,0,blank,0,153.6196,597.1763,266562,266738,176
101,0,blank,0,156.70095,605.714216666667,266738,266914,176
101,0,blank,0,150.8102,585.3261,266914,267090,176
101,0,blank,0,148.58985,586.51745,267090,267264,174
101,0,blank,0,146.435566666667,615.416583333333,267264,267443,179
101,45,k,325,165.540916666667,528.674516666667,267443,267615,172
101,0,blank,0,142.852,501.211333333333,267615,267786,171
101,43,j,318,123.2216,490.202475,267786,267903,117
101,0,blank,0,174.753483333333,363.6369,267932,268107,175
101,0,blank,0,256.577933333333,334.65465,268107,268282,175
101,0,blank,0,309.023066666667,313.768866666667,268282,268457,175
101,0,blank,0,310.957883333333,307.567216666667,268457,268633,176
101,0,blank,0,310.2339,315.0161,268633,268662,29
101,0,blank,0,452.141816666667,317.233916666667,268691,268865,174
101,0,blank,0,525.051783333333,318.1283,268865,269043,178
101,0,blank,0,529.9808,317.4641,269043,269072,29
101,0,blank,0,186.78295,395.15685,269101,269277,176
101,0,blank,0,188.0883,385.9776,269277,269306,29
101,41,else,308,69.3438833333333,443.882883333333,269336,269514,178
101,0,blank,0,91.88385,476.948966666667,269514,269691,177
101,43,if,316,101.215925,484.9444,269691,269809,118
101,0,blank,0,-323,-105,269838,269943,105
101,0,blank,0,64.9601,486.4058,269968,269993,25
101,0,blank,0,51.583,502.929571428571,270050,270245,195
101,43,if,316,83.3569666666667,491.107366666667,270245,270422,177
101,39,return,305,99.7218333333333,413.604133333333,270422,270597,175
101,0,blank,0,104.6605,382.55,270597,270773,176
101,0,blank,0,159.940866666667,379.067283333333,270773,270949,176
101,0,blank,0,176.57125,367.338816666667,270949,271124,175
101,0,blank,0,79.43845,382.304116666667,271124,271298,174
101,0,blank,0,67.3023833333333,380.331933333333,271298,271474,176
101,0,blank,0,85.4546833333333,379.532383333333,271474,271649,175
101,0,blank,0,94.6650166666667,392.850633333333,271649,271826,177
101,38,{,304,51.4438,379.4717,271826,272003,177
101,0,blank,0,31.5247833333333,378.080683333333,272003,272177,174
101,0,blank,0,82.6891166666667,399.977183333333,272177,272353,176
101,0,blank,0,79.4879,395.3879,272353,272383,30
101,0,blank,0,-323,-105,272411,272516,105
101,0,blank,0,81.9617,385.9278,272544,272583,39
101,37,i,300,86.59456,363.01448,272645,272781,136
101,0,blank,0,23.6739833333333,338.16075,272810,272987,177
101,0,blank,0,71.8204666666667,386.268266666667,272987,273166,179
101,0,blank,0,61.9074,405.8799,273166,273193,27
101,0,blank,0,-323,-105,273223,273355,132
101,0,blank,0,105.6564,388.1204,273405,273467,62
101,0,blank,0,94.0991285714286,434.5508,273526,273719,193
101,0,blank,0,103.1307,365.8454,273719,273748,29
101,0,blank,0,-323,-105,273777,273934,157
101,39,return,305,98.0322,402.1125,273960,273986,26
101,0,blank,0,102.3771,431.586366666667,274051,274219,168
101,0,blank,0,102.06355,433.357616666667,274219,274396,177
101,0,blank,0,118.336816666667,416.867366666667,274396,274571,175
101,0,blank,0,108.405583333333,419.45315,274571,274751,180
101,0,blank,0,145.7854,396.089333333333,274751,274928,177
101,39,return,305,100.77795,407.433316666667,274928,275105,177
101,0,blank,0,113.238683333333,396.287516666667,275105,275282,177
101,0,blank,0,167.920083333333,366.67115,275282,275458,176
101,0,blank,0,148.925833333333,376.780183333333,275458,275636,178
101,0,blank,0,122.293083333333,377.64485,275636,275813,177
101,37,(,299,80.451,369.45745,275813,275991,178
101,38,{,304,51.1197333333333,389.576966666667,275991,276171,180
101,37,if,298,62.8737333333333,369.334666666667,276171,276351,180
101,37,>=,301,112.6682,369.838583333333,276351,276531,180
101,36,comma,293,211.801933333333,341.136566666667,276531,276707,176
101,0,blank,0,189.026716666667,350.015716666667,276707,276884,177
101,0,blank,0,177.6919,369.8403,276884,276914,30
101,0,blank,0,66.5309833333333,396.999266666667,276944,277121,177
101,0,blank,0,63.8495666666667,397.2942,277121,277210,89
101,0,blank,0,-323,-105,277242,277345,103
101,0,blank,0,73.6863,469.9424,277370,277405,35
101,43,if,316,103.9679,486.466985714286,277467,277662,195
101,0,blank,0,113.916566666667,490.616266666667,277662,277840,178
101,0,blank,0,142.34116,501.43434,277840,277987,147
101,0,blank,0,204.208716666667,394.252733333333,278016,278193,177
101,0,blank,0,182.809033333333,367.0599,278193,278367,174
101,0,blank,0,149.5238,379.076866666667,278367,278457,90
101,0,blank,0,121.150433333333,440.985566666667,278486,278665,179
101,0,blank,0,133.584433333333,442.158333333333,278665,278848,183
101,0,blank,0,133.103733333333,463.0784,278848,279030,182
101,0,blank,0,136.65635,473.111533333333,279030,279217,187
101,0,blank,0,131.375366666667,428.651116666667,279217,279398,181
101,0,blank,0,132.747533333333,463.45225,279398,279583,185
101,0,blank,0,132.593033333333,460.865733333333,279583,279769,186
101,0,blank,0,87.1274333333333,453.666183333333,279769,279952,183
101,0,blank,0,86.9129166666667,459.871883333333,279952,280134,182
101,0,blank,0,116.03345,469.419583333333,280134,280315,181
101,0,blank,0,142.663216666667,471.4496,280315,280498,183
101,0,blank,0,144.186883333333,461.372233333333,280498,280679,181
101,0,blank,0,148.796716666667,468.101583333333,280679,280866,187
101,0,blank,0,132.487383333333,467.954583333333,280866,281047,181
101,0,blank,0,132.013316666667,471.11995,281047,281227,180
101,0,blank,0,103.6372,475.24985,281227,281408,181
101,0,blank,0,133.097066666667,478.977816666667,281408,281587,179
101,0,blank,0,117.2613,477.939116666667,281587,281770,183
101,0,blank,0,133.513833333333,424.7145,281770,281951,181
101,0,blank,0,169.550183333333,357.80285,281951,282131,180
101,37,m1,302,151.8522,367.09705,282131,282308,177
101,37,),303,160.934883333333,356.782,282308,282488,180
101,0,blank,0,166.39155,356.697316666667,282488,282666,178
101,0,blank,0,167.471133333333,356.694466666667,282666,282846,180
101,0,blank,0,151.080533333333,373.24895,282846,283029,183
101,41,if,309,111.082116666667,439.678033333333,283029,283204,175
101,0,blank,0,62.3770833333333,428.308666666667,283204,283385,181
101,0,blank,0,96.5284666666667,393.785433333333,283385,283567,182
101,39,return,305,116.485166666667,406.903216666667,283567,283748,181
101,0,blank,0,120.6355,458.203366666667,283748,283928,180
101,0,blank,0,111.8826,477.3703,283928,284071,143
101,0,blank,0,119.6906,472.7388,284071,284254,183
101,43,j,318,130.46805,489.13145,284254,284358,104
101,0,blank,0,-323,-105,284388,284467,79
101,0,blank,0,127.6429,772.6312,284492,284517,25
101,0,blank,0,108.1965,502.524957142857,284575,284769,194
101,44,{,322,91.5466333333333,514.259666666667,284769,284951,182
101,44,{,322,87.194,520.145766666667,284951,285126,175
101,0,blank,0,112.523366666667,532.979833333333,285126,285302,176
101,0,blank,0,124.50285,507.3818,285302,285361,59
101,0,blank,0,217.7387,360.84605,285390,285566,176
101,0,blank,0,179.894683333333,386.7507,285566,285742,176
101,0,blank,0,226.81985,388.4039,285742,285917,175
101,0,blank,0,263.4243,375.6983,285917,285948,31
101,0,blank,0,112.907833333333,529.2859,285977,286153,176
101,0,blank,0,131.64875,515.85655,286153,286212,59
101,0,blank,0,-323,-105,286241,286397,156
101,0,blank,0,129.1374,509.7706,286427,286470,43
101,0,blank,0,170.585142857143,558.849814285714,286531,286728,197
101,0,blank,0,150.912083333333,565.911733333333,286728,286904,176
101,0,blank,0,140.745566666667,579.2263,286904,287082,178
101,0,blank,0,138.3525,569.7286,287082,287257,175
101,0,blank,0,133.800383333333,577.830483333333,287257,287433,176
101,0,blank,0,128.744533333333,571.54305,287433,287607,174
101,0,blank,0,151.3389,564.437783333333,287607,287782,175
101,0,blank,0,141.475966666667,552.684416666667,287782,287958,176
101,46,{,329,128.974283333333,559.60475,287958,288134,176
101,0,blank,0,149.001766666667,559.309716666667,288134,288310,176
101,45,if,323,125.3614,544.758766666667,288310,288486,176
101,0,blank,0,140.13705,554.534983333333,288486,288663,177
101,0,blank,0,142.7078,569.74245,288663,288843,180
101,0,blank,0,139.97385,571.139233333333,288843,289018,175
101,0,blank,0,141.90365,571.638383333333,289018,289194,176
101,0,blank,0,168.989466666667,570.5687,289194,289371,177
101,0,blank,0,146.2459,564.94565,289371,289548,177
101,0,blank,0,145.258775,565.535125,289548,289665,117
101,0,blank,0,136.985883333333,434.38305,289695,289871,176
101,0,blank,0,109.501183333333,461.002633333333,289871,290050,179
101,39,return,305,134.3306,402.065516666667,290050,290228,178
101,0,blank,0,179.243733333333,356.558633333333,290228,290408,180
101,0,blank,0,172.552683333333,370.782016666667,290408,290584,176
101,0,blank,0,171.62315,372.7304,290584,290760,176
101,0,blank,0,181.1922,364.069975,290760,290880,120
101,0,blank,0,132.09125,525.500016666667,290910,291087,177
101,0,blank,0,149.6691,543.344483333333,291087,291263,176
101,0,blank,0,153.178233333333,564.378666666667,291263,291438,175
101,0,blank,0,141.062866666667,571.105183333333,291438,291612,174
101,0,blank,0,135.027266666667,558.182366666667,291612,291787,175
101,0,blank,0,121.056783333333,525.1592,291787,291959,172
101,0,blank,0,110.095342857143,488.111685714286,291959,292157,198
101,41,if,309,109.2655,447.106466666667,292157,292330,173
101,0,blank,0,82.6364333333333,427.55855,292387,292562,175
101,39,return,305,85.9646666666666,405.500316666667,292562,292735,173
101,0,blank,0,110.724966666667,373.669483333333,292735,292909,174
101,0,blank,0,73.8487833333333,385.095733333333,292909,293083,174
101,0,blank,0,71.5815,395.035216666667,293083,293259,176
101,0,blank,0,72.81105,376.85455,293259,293317,58
101,0,blank,0,146.751766666667,554.507366666667,293347,293522,175
101,0,blank,0,161.244783333333,579.008316666667,293522,293696,174
101,0,blank,0,148.14615,575.8619,293696,293869,173
101,0,blank,0,142.818066666667,589.688016666667,293869,294043,174
101,0,blank,0,146.967166666667,572.972816666667,294043,294217,174
101,0,blank,0,180.422433333333,565.22415,294217,294389,172
101,0,blank,0,173.536016666667,569.533216666667,294389,294563,174
101,0,blank,0,159.617583333333,577.801516666667,294563,294738,175
101,0,blank,0,148.547683333333,572.771483333333,294738,294914,176
101,0,blank,0,162.305333333333,573.095166666667,294914,295089,175
101,47,],360,225.57595,578.9129,295089,295265,176
101,47,],360,225.3834,581.085683333333,295265,295441,176
101,47,],360,227.745883333333,581.166533333333,295441,295616,175
101,0,blank,0,229.992533333333,593.502233333333,295616,295791,175
101,0,blank,0,243.165,586.20745,295791,295966,175
101,0,blank,0,235.020916666667,590.281666666667,295966,296142,176
101,0,blank,0,238.814366666667,591.478966666667,296142,296317,175
101,47,[,358,178.023033333333,579.500266666667,296317,296492,175
101,0,blank,0,168.023266666667,563.01685,296492,296667,175
101,0,blank,0,169.1931,561.496983333333,296667,296842,175
101,0,blank,0,202.191816666667,574.02965,296842,297017,175
101,0,blank,0,265.407433333333,589.7524,297017,297192,175
101,0,blank,0,-323,-105,297251,297430,179
101,0,blank,0,-323,-105,297430,297591,161
101,0,blank,0,289.696871428571,598.711785714286,297618,297809,191
101,0,blank,0,303.4479,608.96955,297809,297987,178
101,0,blank,0,312.769883333333,594.933133333333,297987,298163,176
101,0,blank,0,259.735416666667,603.277833333333,298163,298339,176
101,0,blank,0,261.6412,521.4911,298339,298368,29
101,0,blank,0,229.177933333333,592.319216666667,298397,298571,174
101,0,blank,0,243.77505,610.2044,298571,298745,174
101,0,blank,0,245.351016666667,611.2876,298745,298919,174
101,0,blank,0,228.14145,602.27505,298919,299095,176
101,0,blank,0,147.48235,570.072816666667,299095,299270,175
101,47,j,359,192.650316666667,590.125116666667,299270,299443,173
101,48,;,364,201.88325,603.783516666667,299443,299618,175
101,47,[,358,208.62425,584.9639,299618,299678,60
101,0,blank,0,329.768983333333,601.311916666667,299708,299884,176
101,0,blank,0,322.193866666667,612.772933333333,299884,300059,175
101,0,blank,0,310.619316666667,609.758883333333,300059,300235,176
101,0,blank,0,308.82465,596.55685,300235,300409,174
101,0,blank,0,312.756616666667,596.401666666667,300409,300584,175
101,0,blank,0,331.7968,594.982516666667,300584,300761,177
101,0,blank,0,311.991466666667,594.2861,300761,300937,176
101,0,blank,0,314.362566666667,607.3877,300937,301113,176
101,0,blank,0,328.179466666667,608.39235,301113,301289,176
101,0,blank,0,327.897933333333,597.0892,301289,301464,175
101,0,blank,0,320.561366666667,604.5953,301464,301641,177
101,0,blank,0,327.6802,603.315016666667,301641,301815,174
101,0,blank,0,404.217333333333,600.869983333333,301815,301990,175
101,49,m2,373,371.384783333333,621.834666666667,301990,302166,176
101,0,blank,0,361.615166666667,608.700533333333,302166,302343,177
101,0,blank,0,367.502383333333,600.92635,302343,302520,177
101,47,j,359,331.5201,591.498183333333,302520,302698,178
101,0,blank,0,307.12215,567.610366666667,302698,302873,175
101,0,blank,0,315.919933333333,571.255316666667,302873,303052,179
101,47,],360,306.2051,574.311966666667,303052,303229,177
101,0,blank,0,318.01234,562.71884,303229,303378,149
101,0,blank,0,196.34824,505.40262,303407,303555,148
101,0,blank,0,-323,-105,303584,303753,169
101,0,blank,0,-323,-105,303753,303922,169
101,0,blank,0,-323,-105,303922,303954,32
101,0,blank,0,288.458642857143,535.857771428571,303981,304173,192
101,47,j,359,332.175466666667,590.084516666667,304173,304370,197
101,47,[,358,387.1686,588.63255,304370,304533,163
101,0,blank,0,204.97312,604.9168,304642,304840,198
101,0,blank,0,151.851766666667,612.413183333333,304840,305018,178
101,0,blank,0,141.434333333333,594.359683333333,305018,305192,174
101,0,blank,0,142.70775,602.525,305192,305368,176
101,0,blank,0,152.115075,591.6284,305368,305485,117
101,47,a,346,374.010833333333,588.907016666667,305514,305690,176
101,0,blank,0,366.608966666667,602.686266666667,305690,305778,88
101,45,if,323,143.334666666667,530.9082,305807,305984,177
101,45,if,323,130.146283333333,528.048183333333,305984,306160,176
101,0,blank,0,340.294133333333,596.324583333333,306190,306366,176
101,0,blank,0,348.629283333333,587.9799,306366,306543,177
101,0,blank,0,335.6688,606.987433333333,306543,306719,176
101,0,blank,0,352.381966666667,596.382783333333,306719,306895,176
101,0,blank,0,334.708533333333,612.3148,306895,307073,178
101,0,blank,0,338.99295,597.1839,307073,307248,175
101,47,[,358,319.432633333333,586.704783333333,307248,307425,177
101,47,i,348,222.374166666667,577.8547,307425,307601,176
101,0,blank,0,224.088166666667,571.818516666667,307601,307776,175
101,0,blank,0,241.512566666667,578.064316666667,307776,307953,177
101,0,blank,0,237.651633333333,592.1124,307953,308135,182
101,0,blank,0,235.903716666667,577.676166666667,308135,308318,183
101,0,blank,0,210.08925,567.298983333333,308318,308500,182
101,0,blank,0,214.533266666667,569.935366666667,308500,308677,177
101,0,blank,0,205.440975,555.70335,308677,308798,121
101,0,blank,0,114.9256,523.489883333333,308828,309007,179
101,0,blank,0,117.616733333333,531.639866666667,309007,309182,175
101,0,blank,0,146.995766666667,531.494766666667,309182,309359,177
101,0,blank,0,161.242583333333,579.552833333333,309359,309536,177
101,0,blank,0,165.950533333333,569.383,309536,309711,175
101,0,blank,0,135.349166666667,586.504666666667,309711,309887,176
101,0,blank,0,139.603816666667,578.035483333333,309887,310063,176
101,0,blank,0,160.152633333333,577.56935,310063,310238,175
101,0,blank,0,163.85095,565.3773,310238,310416,178
101,45,if,323,125.72675,544.180516666667,310416,310591,175
101,45,if,323,140.44085,541.352933333333,310591,310766,175
101,0,blank,0,155.369966666667,573.7504,310766,310943,177
101,45,if,323,140.41335,544.896566666667,310943,311119,176
101,0,blank,0,161.570883333333,579.938833333333,311119,311293,174
101,48,++,363,192.277033333333,602.59605,311293,311474,181
101,0,blank,0,148.98175,590.976316666667,311474,311650,176
101,49,multiply,365,221.5951,615.96465,311650,311831,181
101,49,multiply,365,220.030233333333,627.953633333333,311831,312008,177
101,49,multiply,365,208.8614,625.5203,312008,312040,32
101,0,blank,0,108.088616666667,535.933483333333,312067,312245,178
101,45,if,323,123.957766666667,534.594866666667,312245,312421,176
101,45,if,323,125.872516666667,528.266066666667,312421,312596,175
101,0,blank,0,105.32405,523.0792,312596,312773,177
101,0,blank,0,98.3646666666667,476.01125,312773,312948,175
101,41,if,309,105.737533333333,450.8628,312948,313124,176
101,0,blank,0,108.738116666667,433.12835,313124,313301,177
101,43,if,316,102.79165,496.486125,313301,313417,116
101,0,blank,0,275.271283333333,666.230066666667,313446,313622,176
101,0,blank,0,292.383433333333,631.845833333333,313622,313796,174
101,0,blank,0,210.667116666667,609.687416666667,313796,313971,175
101,0,blank,0,142.206916666667,611.872116666667,313971,314150,179
101,0,blank,0,118.102866666667,633.8037,314150,314327,177
101,0,blank,0,-323,-105,314385,314492,107
101,0,blank,0,98.7958,646.0696,314528,314570,42
101,0,blank,0,125.1458,633.4032,314631,314802,171
101,0,blank,0,116.33605,634.842916666667,314802,314981,179
101,0,blank,0,104.707733333333,610.0084,314981,315157,176
101,0,blank,0,138.726366666667,574.6241,315157,315331,174
101,0,blank,0,146.299683333333,589.362166666667,315331,315505,174
101,0,blank,0,140.399366666667,589.54315,315505,315679,174
101,0,blank,0,-323,-105,315737,315880,143
101,0,blank,0,140.8975,593.328716666667,315997,316165,168
101,0,blank,0,113.33465,555.062816666667,316194,316369,175
101,46,{,329,131.71055,561.4776,316369,316544,175
101,46,{,329,132.2021,562.1181,316544,316719,175
101,0,blank,0,147.37195,567.612466666667,316719,316894,175
101,0,blank,0,159.076966666667,566.646516666667,316894,317068,174
101,0,blank,0,152.044533333333,564.547716666667,317068,317244,176
101,0,blank,0,144.832266666667,556.812416666667,317244,317418,174
101,0,blank,0,148.23425,583.79855,317418,317593,175
101,0,blank,0,126.43165,574.122533333333,317593,317766,173
101,0,blank,0,130.330533333333,596.4003,317766,317942,176
101,0,blank,0,149.101283333333,576.4833,317942,318116,174
101,0,blank,0,161.7022,576.740083333333,318116,318298,182
101,0,blank,0,132.99065,580.5415,318298,318473,175
101,0,blank,0,134.021216666667,580.631933333333,318473,318650,177
101,0,blank,0,126.398,586.9095,318650,318738,88
101,0,blank,0,124.6385,577.002033333333,318797,318979,182
101,0,blank,0,154.323783333333,570.789633333333,319035,319212,177
101,0,blank,0,141.841166666667,584.027,319212,319389,177
101,0,blank,0,149.57985,576.349633333333,319389,319561,172
101,47,[,358,176.307783333333,574.58565,319561,319741,180
101,0,blank,0,154.3879,580.747983333333,319741,319919,178
101,0,blank,0,157.92195,583.862833333333,319919,320099,180
101,0,blank,0,134.569016666667,595.061016666667,320099,320278,179
101,0,blank,0,144.494133333333,564.198816666667,320278,320454,176
101,0,blank,0,141.5538,567.955016666667,320454,320629,175
101,47,],360,227.1815,591.083266666667,320629,320804,175
101,0,blank,0,234.23575,580.104066666667,320804,320979,175
101,0,blank,0,245.23505,599.889883333333,320979,321154,175
101,0,blank,0,232.463816666667,592.697316666667,321154,321329,175
101,0,blank,0,221.505,598.86595,321329,321503,174
101,0,blank,0,232.291866666667,607.70575,321503,321678,175
101,0,blank,0,255.014583333333,599.815683333333,321678,321853,175
101,49,multiply,365,229.696683333333,618.2443,321853,322028,175
101,0,blank,0,237.080016666667,587.406483333333,322028,322203,175
101,0,blank,0,238.025366666667,588.024916666667,322203,322377,174
101,0,blank,0,248.04775,607.42805,322377,322551,174
101,0,blank,0,267.334133333333,584.6637,322551,322726,175
101,0,blank,0,244.4417,595.122833333333,322726,322900,174
101,0,blank,0,250.976366666667,598.717333333333,322900,323076,176
101,0,blank,0,252.256875,603.824625,323076,323194,118
101,47,],360,231.50765,585.295533333333,323223,323398,175
101,0,blank,0,228.837866666667,598.1312,323398,323574,176
101,0,blank,0,244.041883333333,583.027283333333,323574,323750,176
101,0,blank,0,270.223516666667,601.679466666667,323750,323928,178
101,0,blank,0,299.0982,608.040466666667,323928,324100,172
101,49,n1,369,307.78398,617.60308,324100,324245,145
101,0,blank,0,-323,-105,324303,324458,155
101,0,blank,0,311.9501,599.5747,324484,324519,35
101,0,blank,0,306.466233333333,597.8064,324579,324765,186
101,47,[,358,318.5396,589.8223,324765,324925,160
101,47,[,358,321.2676,583.89215,324925,325107,182
101,0,blank,0,304.330533333333,610.219333333333,325107,325290,183
101,0,blank,0,319.685016666667,594.294016666667,325290,325460,170
101,0,blank,0,288.795616666667,628.685633333333,325460,325633,173
101,0,blank,0,303.49075,596.8373,325633,325752,119
101,0,blank,0,311.164383333333,593.725316666667,325782,325954,172
101,47,+,345,353.65295,586.4219,325954,326127,173
101,0,blank,0,368.884983333333,593.878683333333,326127,326302,175
101,49,comma,378,384.29165,623.2638,326302,326478,176
101,49,m2,373,383.785516666667,616.694716666667,326478,326654,176
101,0,blank,0,385.914716666667,604.205116666667,326654,326829,175
101,0,blank,0,353.358966666667,598.425916666667,326829,327006,177
101,49,comma,378,350.766016666667,617.290383333333,327006,327183,177
101,0,blank,0,312.8555,579.210716666667,327183,327361,178
101,0,blank,0,308.7107,592.7035,327361,327534,173
101,0,blank,0,317.892083333333,600.26925,327534,327712,178
101,47,c,338,279.182183333333,573.356283333333,327712,327888,176
101,0,blank,0,269.9841,590.10816,327888,328035,147
101,0,blank,0,-323,-105,328064,328169,105
101,0,blank,0,283.9027,404.4233,328195,328224,29
101,0,blank,0,324.628357142857,592.979685714286,328286,328484,198
101,0,blank,0,341.119733333333,593.430083333333,328484,328659,175
101,49,a,371,335.7445,616.4926,328659,328688,29
101,47,],360,335.81765,590.486133333333,328717,328896,179
101,0,blank,0,342.10965,589.005166666667,328896,329072,176
101,0,blank,0,335.722716666667,596.2267,329072,329247,175
101,0,blank,0,338.983333333333,596.622183333333,329247,329423,176
101,0,blank,0,343.077983333333,594.524483333333,329423,329598,175
101,0,blank,0,343.464583333333,583.363733333333,329598,329773,175
101,0,blank,0,359.3152,601.71105,329773,329949,176
101,47,a,346,378.549183333333,590.12335,329949,330126,177
101,0,blank,0,364.934533333333,597.748183333333,330126,330301,175
101,0,blank,0,371.01725,608.481516666667,330301,330476,175
101,0,blank,0,362.929866666667,595.042566666667,330476,330652,176
101,0,blank,0,327.789966666667,559.463166666667,330652,330828,176
101,47,[,358,318.31575,579.6631,330828,331004,176
101,47,j,359,323.18895,586.300816666667,331004,331179,175
101,0,blank,0,312.386616666667,580.908416666667,331179,331355,176
101,0,blank,0,255.77305,566.9274,331355,331531,176
101,47,j,359,325.850516666667,582.582166666667,331531,331707,176
101,0,blank,0,377.70035,605.0046,331707,331824,117
101,0,blank,0,-323,-105,331882,332064,182
101,0,blank,0,-323,-105,332064,332104,40
101,0,blank,0,241.7153,561.8808,332135,332157,22
101,0,blank,0,-323,-105,332182,332374,192
101,47,[,358,208.887885714286,581.574885714286,332401,332596,195
101,0,blank,0,149.494533333333,588.5982,332596,332772,176
101,0,blank,0,141.810666666667,601.037616666667,332772,332948,176
101,0,blank,0,141.860516666667,621.941383333333,332948,333125,177
101,49,multiply,365,175.10115,625.010566666667,333125,333299,174
101,49,multiply,365,166.32385,626.740133333333,333299,333476,177
101,0,blank,0,129.809383333333,605.768683333333,333476,333652,176
101,0,blank,0,130.87585,621.70385,333652,333710,58
101,0,blank,0,-323,-105,333769,333954,185
101,0,blank,0,-323,-105,333954,334138,184
101,0,blank,0,-323,-105,334138,334168,30
101,48,k,362,164.699628571429,612.493085714286,334195,334393,198
101,49,multiply,365,223.154966666667,627.379833333333,334393,334574,181
101,0,blank,0,207.127266666667,599.645533333333,334574,334753,179
101,0,blank,0,162.971466666667,582.17405,334753,334927,174
101,0,blank,0,156.993666666667,583.958316666667,334927,335099,172
101,45,k,325,172.429916666667,531.981116666667,335099,335276,177
101,47,[,358,206.511071428571,573.612657142857,335333,335532,199
101,47,],360,196.2264,578.3,335532,335710,178
101,0,blank,0,149.665466666667,568.383166666667,335710,335887,177
101,0,blank,0,143.4005,576.144616666667,335887,336064,177
101,0,blank,0,154.829066666667,569.5668,336064,336240,176
101,0,blank,0,149.801366666667,571.793383333333,336240,336419,179
101,0,blank,0,145.24845,469.33905,336419,336596,177
101,41,(,310,125.133783333333,445.2326,336596,336774,178
101,41,(,310,129.72562,446.29668,336774,336921,147
101,0,blank,0,877.996833333333,453.592916666667,337009,337189,180
102,0,blank,0,954.607333333333,376.849,337278,337461,183
102,0,blank,0,947.298166666666,383.91815,337461,337641,180
102,0,blank,0,944.014,375.415266666667,337641,337825,184
102,0,blank,0,946.879,376.050766666667,337825,338009,184
102,0,blank,0,950.8335,381.585166666667,338009,338197,188
102,0,blank,0,934.677666666667,387.761266666667,338197,338289,92
102,53,m2,398,341.708433333333,402.935366666667,338320,338508,188
102,0,blank,0,328.625266666667,364.8865,338508,338695,187
102,0,blank,0,328.216616666667,352.07215,338695,338878,183
102,0,blank,0,329.352066666667,357.253666666667,338878,338969,91
103,0,blank,0,-321.9663,274.57275,339435,339621,186
103,0,blank,0,-321.97004,288.79496,339621,339773,152
103,0,blank,0,999.286166666667,350.5262,339835,340026,191
103,0,blank,0,1001.45716666667,343.036966666667,340026,340222,196
103,0,blank,0,955.824,329.7245,340222,340252,30
103,47,],360,438.07615,170.72115,340285,340474,189
103,0,blank,0,258.345816666667,133.971283333333,340506,340696,190
103,0,blank,0,264.3567,196.321733333333,340696,340889,193
103,0,blank,0,244.8555,196.000683333333,340889,341078,189
103,0,blank,0,244.392733333333,140.843166666667,341078,341267,189
103,0,blank,0,249.869616666667,161.303016666667,341267,341453,186
103,47,i,348,297.6099,171.919633333333,341453,341640,187
103,0,blank,0,447.123466666667,186.1464,341640,341826,186
103,0,blank,0,439.885233333333,188.718533333333,341826,342013,187
103,0,blank,0,438.873516666667,186.556516666667,342013,342199,186
103,0,blank,0,371.4798,154.1895,342199,342230,31
103,0,blank,0,253.913983333333,186.6005,342261,342445,184
103,49,m2,373,372.347933333333,215.53145,342445,342630,185
103,0,blank,0,389.876316666667,237.275033333333,342630,342816,186
103,0,blank,0,385.222433333333,245.091466666667,342816,343002,186
103,0,blank,0,398.8593,233.7852,343002,343033,31
103,0,blank,0,272.739816666667,197.357933333333,343064,343250,186
103,0,blank,0,284.8993,202.7034,343250,343281,31
103,0,blank,0,-323,-105,343312,343394,82
103,49,m1,367,260.2653,211.6237,343419,343445,26
103,0,blank,0,258.993166666667,196.92635,343503,343674,171
103,0,blank,0,239.439766666667,187.9198,343674,343859,185
103,0,blank,0,218.046383333333,183.64275,343859,344043,184
103,0,blank,0,250.950266666667,193.043583333333,344043,344226,183
103,0,blank,0,250.888766666667,184.080933333333,344226,344409,183
103,0,blank,0,257.67295,194.774383333333,344409,344591,182
103,0,blank,0,268.63095,200.97835,344591,344773,182
103,0,blank,0,235.907066666667,156.516566666667,344773,344958,185
103,0,blank,0,227.94988,152.1295,344958,345110,152
103,0,blank,0,270.458,184.50355,345110,345224,114
103,0,blank,0,265.9812,169.5934,345224,345333,109
103,47,=,337,263.91715,165.98085,345333,345522,189
103,0,blank,0,239.32405,163.356783333333,345522,345719,197
103,0,blank,0,239.229583333333,153.778866666667,345719,345907,188
103,0,blank,0,244.823316666667,155.38965,345907,346097,190
103,0,blank,0,240.7228,148.591766666667,346097,346286,189
103,0,blank,0,241.898233333333,154.096233333333,346286,346477,191
103,0,blank,0,244.2304,157.75845,346477,346660,183
103,0,blank,0,237.709716666667,158.836883333333,346660,346845,185
103,0,blank,0,249.020466666667,164.875416666667,346845,347034,189
103,0,blank,0,272.867016666667,144.291016666667,347034,347223,189
103,0,blank,0,242.172133333333,137.931533333333,347223,347316,93
103,0,blank,0,-323,-105,347378,347486,108
103,0,blank,0,257.101957142857,155.3127,347514,347711,197
103,0,blank,0,271.725483333333,148.378416666667,347711,347892,181
103,0,blank,0,324.39205,150.731233333333,347892,348073,181
103,0,blank,0,356.61465,158.77925,348073,348253,180
103,0,blank,0,316.66105,143.331516666667,348253,348432,179
103,0,blank,0,242.4737,168.348183333333,348432,348613,181
103,0,blank,0,235.979566666667,163.540433333333,348613,348799,186
103,0,blank,0,249.039433333333,172.303483333333,348799,348984,185
103,0,blank,0,252.975766666667,179.862016666667,348984,349168,184
103,0,blank,0,243.929566666667,160.93185,349168,349351,183
103,0,blank,0,238.3161,158.4119,349351,349536,185
103,0,blank,0,234.40235,152.858883333333,349536,349723,187
103,0,blank,0,233.169766666667,142.841866666667,349723,349910,187
103,47,k,356,425.736233333333,160.567766666667,349941,350123,182
103,0,blank,0,431.6811,155.294683333333,350123,350305,182
103,0,blank,0,427.30215,142.828433333333,350305,350486,181
103,0,blank,0,426.022383333333,156.478583333333,350486,350668,182
103,0,blank,0,426.712883333333,136.07135,350668,350850,182
103,0,blank,0,529.5665,146.4107,350850,351032,182
103,0,blank,0,503.65655,133.88035,351032,351093,61
103,0,blank,0,252.641716666667,151.070783333333,351121,351306,185
103,0,blank,0,231.22126,145.07042,351306,351463,157
103,0,blank,0,-323,-105,351495,351525,30
103,0,blank,0,697.175,-103.9762,351550,351575,25
103,47,=,337,254.109242857143,160.259714285714,351625,351822,197
103,0,blank,0,233.2164,165.506033333333,351822,352002,180
103,0,blank,0,232.5749,173.443183333333,352002,352187,185
103,0,blank,0,232.793866666667,176.291733333333,352187,352366,179
103,0,blank,0,281.8339,186.425783333333,352366,352545,179
103,47,],360,226.91935,176.6254,352545,352725,180
103,0,blank,0,242.528933333333,190.6448,352725,352905,180
103,0,blank,0,243.893483333333,185.282616666667,352905,353086,181
103,0,blank,0,237.92925,172.903666666667,353086,353268,182
103,0,blank,0,252.470566666667,196.587583333333,353268,353453,185
103,0,blank,0,247.599283333333,191.6936,353453,353636,183
103,47,],360,226.1569,174.411633333333,353636,353821,185
103,47,=,337,259.231016666667,164.7412,353821,354006,185
103,0,blank,0,239.464133333333,186.713416666667,354006,354190,184
103,0,blank,0,232.517566666667,197.382933333333,354190,354374,184
103,0,blank,0,288.607816666667,200.800066666667,354374,354559,185
103,49,comma,378,346.52605,217.344066666667,354559,354740,181
103,49,a,371,341.860333333333,212.02015,354740,354918,178
103,47,c,338,277.10395,177.8603,354918,355099,181
103,0,blank,0,255.3235,185.412225,355099,355221,122
103,0,blank,0,-323,-105,355253,355407,154
103,0,blank,0,201.968616666667,237.865,355434,355617,183
103,0,blank,0,222.238233333333,237.300283333333,355617,355798,181
103,0,blank,0,212.406583333333,248.455016666667,355798,355976,178
103,0,blank,0,187.8667,243.3345,355976,356154,178
103,49,multiply,365,214.669716666667,205.669316666667,356154,356332,178
103,0,blank,0,224.573416666667,198.369916666667,356332,356512,180
103,0,blank,0,242.493,184.537616666667,356512,356693,181
103,0,blank,0,205.876583333333,144.194983333333,356693,356875,182
103,0,blank,0,195.59825,120.124333333333,356875,357054,179
103,0,blank,0,202.5922,112.864083333333,357054,357234,180
103,0,blank,0,257.5665,181.795466666667,357234,357416,182
103,0,blank,0,237.69175,161.527316666667,357416,357601,185
103,0,blank,0,240.468233333333,168.477233333333,357601,357784,183
103,49,multiply,365,224.903333333333,204.352266666667,357784,357966,182
103,0,blank,0,210.945633333333,239.402066666667,357966,358146,180
103,0,blank,0,230.124866666667,245.6371,358146,358236,90
103,0,blank,0,-323,-105,358266,358345,79
103,0,blank,0,237.070814285714,230.2482,358421,358612,191
103,0,blank,0,202.581283333333,279.997533333333,358612,358791,179
103,0,blank,0,200.5101,280.1444,358791,358969,178
103,0,blank,0,221.751583333333,285.324883333333,358969,359146,177
103,0,blank,0,243.574416666667,289.356383333333,359146,359329,183
103,0,blank,0,224.879033333333,284.1262,359329,359512,183
103,0,blank,0,193.55424,266.51596,359512,359659,147
103,0,blank,0,180.919766666667,115.4295,359688,359866,178
103,0,blank,0,179.339666666667,121.86035,359866,360050,184
103,0,blank,0,179.563566666667,111.145966666667,360050,360234,184
103,0,blank,0,187.022166666667,101.5805,360234,360420,186
103,0,blank,0,185.96545,58.6593166666667,360420,360606,186
103,0,blank,0,188.460633333333,65.5582,360606,360793,187
103,0,blank,0,189.378,64.9278,360793,360824,31
103,49,multiply,365,210.3619,203.1828,360855,361035,180
103,0,blank,0,220.630983333333,243.80535,361035,361213,178
103,0,blank,0,214.309883333333,263.310633333333,361213,361393,180
103,0,blank,0,197.161483333333,269.52505,361393,361571,178
103,0,blank,0,248.125183333333,283.90285,361571,361752,181
103,0,blank,0,242.32365,285.9595,361752,361929,177
103,0,blank,0,328.0755,312.2841,361929,362110,181
103,0,blank,0,217.9366,288.720416666667,362110,362291,181
103,0,blank,0,199.750566666667,276.684233333333,362291,362471,180
103,0,blank,0,182.380283333333,237.2733,362471,362649,178
103,49,multiply,365,178.335716666667,210.525583333333,362649,362828,179
103,0,blank,0,176.247566666667,103.91805,362828,363009,181
103,0,blank,0,171.6794,112.622366666667,363009,363096,87
103,0,blank,0,459.0159,607.9738,363207,363232,25
103,53,n1,394,269.40245,297.239133333333,363256,363426,170
103,53,a,396,295.8687,294.84405,363426,363605,179
103,0,blank,0,283.791416666667,288.7982,363605,363784,179
103,0,blank,0,226.20025,266.4707,363784,363966,182
103,0,blank,0,225.854566666667,282.600383333333,363966,364145,179
103,0,blank,0,212.478533333333,270.925616666667,364145,364322,177
103,0,blank,0,213.77176,283.36724,364322,364470,148
103,0,blank,0,-323,-105,364499,364579,80
103,47,[,358,285.276785714286,167.0691,364656,364850,194
103,0,blank,0,239.685816666667,177.774466666667,364850,365028,178
103,0,blank,0,213.5772,277.107883333333,365057,365239,182
103,0,blank,0,206.64615,269.177916666667,365239,365423,184
103,0,blank,0,218.521775,285.590975,365423,365571,148
103,0,blank,0,190.6181,269.3556,365571,365736,165
103,0,blank,0,197.3474,285.5687,365736,365924,188
103,0,blank,0,207.179133333333,238.316166666667,365924,366115,191
103,0,blank,0,225.006283333333,227.69685,366115,366299,184
103,0,blank,0,196.246233333333,264.875716666667,366299,366483,184
103,0,blank,0,232.351733333333,195.64435,366483,366664,181
103,0,blank,0,244.449683333333,170.007133333333,366664,366847,183
103,0,blank,0,235.02085,154.989783333333,366847,367029,182
103,0,blank,0,236.292583333333,164.60475,367029,367212,183
103,0,blank,0,241.629783333333,159.513633333333,367212,367396,184
103,0,blank,0,246.0039,152.799483333333,367396,367581,185
103,0,blank,0,210.45315,229.99825,367581,367765,184
103,0,blank,0,186.422966666667,275.7398,367765,367943,178
103,0,blank,0,198.890333333333,272.17875,367943,368122,179
103,0,blank,0,220.7691,269.518316666667,368122,368302,180
103,49,m1,367,256.933333333333,212.5991,368302,368484,182
103,0,blank,0,279.2747,185.4429,368484,368667,183
103,0,blank,0,268.9671,179.5902,368667,368849,182
103,0,blank,0,239.92595,181.143133333333,368849,369031,182
103,0,blank,0,236.89005,181.109166666667,369031,369215,184
103,0,blank,0,244.80565,161.80925,369215,369338,123
103,0,blank,0,-323,-105,369368,369448,80
103,0,blank,0,-323,-105,369527,369605,78
103,0,blank,0,234.2606,117.1104,369638,369683,45
103,0,blank,0,226.256883333333,138.741583333333,369762,369933,171
103,0,blank,0,238.492583333333,156.382616666667,369933,370114,181
103,0,blank,0,232.448733333333,153.3067,370114,370293,179
103,0,blank,0,249.452333333333,158.56715,370293,370472,179
103,0,blank,0,250.5753,161.840633333333,370472,370651,179
103,0,blank,0,242.3774,166.945,370651,370832,181
103,0,blank,0,234.157133333333,164.034633333333,370832,371012,180
103,47,],360,230.563683333333,167.272533333333,371012,371194,182
103,0,blank,0,244.366233333333,173.58835,371194,371375,181
103,0,blank,0,238.20275,156.91545,371375,371558,183
103,0,blank,0,226.864616666667,151.0437,371558,371742,184
103,0,blank,0,233.295566666667,148.041316666667,371742,371927,185
103,0,blank,0,231.824316666667,159.284333333333,371927,372110,183
103,0,blank,0,259.504233333333,146.606566666667,372110,372295,185
103,0,blank,0,262.296983333333,150.775733333333,372295,372475,180
103,0,blank,0,249.663333333333,164.051266666667,372475,372660,185
103,0,blank,0,251.512416666667,168.85875,372660,372844,184
103,0,blank,0,248.558283333333,164.9257,372844,373022,178
103,0,blank,0,307.612666666667,156.658633333333,373022,373200,178
103,0,blank,0,303.705266666667,158.035316666667,373200,373380,180
103,0,blank,0,313.696583333333,173.871283333333,373380,373559,179
103,47,],360,307.0657,163.774016666667,373559,373735,176
103,47,[,358,315.01565,174.765333333333,373735,373914,179
103,47,=,337,259.97685,173.864066666667,373914,374091,177
103,0,blank,0,251.204933333333,179.627783333333,374091,374268,177
103,0,blank,0,239.716483333333,168.881883333333,374268,374446,178
103,0,blank,0,237.684183333333,164.725566666667,374446,374625,179
103,0,blank,0,242.4579,146.187933333333,374625,374804,179
103,47,=,337,254.021366666667,168.522266666667,374804,374894,90
103,0,blank,0,-323,-105,374953,375085,132
103,0,blank,0,208.368928571429,269.249871428571,375267,375463,196
103,0,blank,0,194.527616666667,279.422683333333,375463,375644,181
103,0,blank,0,199.1229,283.8175,375644,375734,90
103,47,=,337,253.672866666667,172.937266666667,375763,375940,177
103,0,blank,0,250.727433333333,166.53175,375940,376118,178
103,47,=,337,256.7524,177.9404,376118,376147,29
103,0,blank,0,239.01955,173.130166666667,376207,376380,173
103,0,blank,0,200.482366666667,235.58685,376380,376556,176
103,0,blank,0,218.05555,231.058416666667,376556,376735,179
103,47,],360,225.66375,176.441483333333,376735,376912,177
103,0,blank,0,245.478516666667,184.25255,376912,377088,176
103,0,blank,0,239.525683333333,175.6193,377088,377263,175
103,0,blank,0,247.909,180.617283333333,377263,377441,178
103,0,blank,0,262.196866666667,182.097216666667,377441,377619,178
103,0,blank,0,220.310433333333,261.980033333333,377619,377796,177
103,0,blank,0,200.920966666667,277.508116666667,377796,377974,178
103,0,blank,0,209.838433333333,283.210766666667,377974,378151,177
103,53,comma,403,236.5958,296.8033,378151,378210,59
103,0,blank,0,231.9609,254.195083333333,378269,378445,176
103,0,blank,0,204.90425,197.235066666667,378445,378627,182
103,49,multiply,365,200.7532,208.202366666667,378627,378808,181
103,49,multiply,365,193.144183333333,212.533183333333,378808,378992,184
103,49,multiply,365,202.19225,208.677383333333,378992,379176,184
103,0,blank,0,203.181883333333,195.976916666667,379176,379359,183
103,0,blank,0,205.21755,101.872,379359,379544,185
103,0,blank,0,198.82565,93.0215333333334,379544,379727,183
103,0,blank,0,192.299016666667,76.6942666666667,379727,379913,186
103,0,blank,0,217.110516666667,98.2902666666667,379913,380097,184
103,0,blank,0,229.8649,110.119366666667,380097,380279,182
103,0,blank,0,242.362983333333,130.098,380279,380458,179
103,0,blank,0,257.10685,153.4219,380458,380639,181
103,0,blank,0,212.04615,101.223483333333,380639,380816,177
103,0,blank,0,213.504633333333,105.541466666667,380816,380999,183
103,0,blank,0,216.619033333333,83.74975,380999,381182,183
103,0,blank,0,214.012466666667,71.10275,381182,381367,185
103,0,blank,0,238.841166666667,107.85245,381367,381552,185
103,0,blank,0,265.64585,134.652766666667,381552,381732,180
103,0,blank,0,267.14875,147.584183333333,381732,381910,178
103,0,blank,0,243.60805,145.106766666667,381910,382089,179
103,0,blank,0,231.46705,154.568766666667,382089,382270,181
103,0,blank,0,212.0131,147.0492,382270,382301,31
103,0,blank,0,-323,-105,382360,382460,100
103,0,blank,0,289.018542857143,150.561314285714,382485,382683,198
103,0,blank,0,285.552183333333,147.878216666667,382683,382862,179
103,0,blank,0,285.57255,156.810266666667,382862,383041,179
103,0,blank,0,284.2792,148.214916666667,383041,383220,179
103,0,blank,0,288.3005,156.015666666667,383220,383398,178
103,47,[,358,318.763883333333,174.183616666667,383398,383578,180
103,0,blank,0,243.5739,171.764675,383578,383698,120
103,0,blank,0,-323,-105,383727,383832,105
103,0,blank,0,296.8122,225.4128,383859,383900,41
103,0,blank,0,248.372728571429,169.982742857143,383966,384165,199
103,0,blank,0,240.25895,163.867866666667,384165,384344,179
103,0,blank,0,235.274333333333,166.343166666667,384344,384523,179
103,0,blank,0,307.16035,182.291,384523,384700,177
103,47,],360,305.066716666667,178.6252,384700,384875,175
103,47,[,358,321.7443,167.380883333333,384875,385052,177
103,0,blank,0,343.074966666667,174.616766666667,385052,385236,184
103,47,+,345,358.747283333333,174.14845,385236,385415,179
103,47,+,345,363.186216666667,174.534016666667,385415,385595,180
103,47,+,345,354.39065,173.6811,385595,385777,182
103,47,],360,339.79344,160.64582,385777,385946,169
103,47,j,359,327.30675,161.64785,385946,386112,166
103,47,[,358,288.662583333333,166.020666666667,386304,386488,184
103,47,],360,304.272533333333,167.762333333333,386488,386669,181
103,0,blank,0,324.25765,157.311716666667,386669,386847,178
103,0,blank,0,330.031616666667,155.000133333333,386847,387030,183
103,0,blank,0,352.8368,147.331016666667,387030,387213,183
103,0,blank,0,339.969766666667,148.6405,387213,387395,182
103,47,j,359,329.598033333333,167.103583333333,387395,387576,181
103,0,blank,0,328.71895,158.9087,387576,387694,118
103,0,blank,0,-323,-105,387725,387808,83
103,47,[,358,318.7413,178.3492,387833,387859,26
103,0,blank,0,343.111333333333,172.451533333333,387924,388096,172
103,0,blank,0,355.029916666667,159.795983333333,388096,388279,183
103,47,+,345,357.725816666667,169.734983333333,388279,388459,180
103,47,],360,341.492266666667,171.696816666667,388459,388638,179
103,0,blank,0,340.260933333333,190.363233333333,388638,388820,182
103,0,blank,0,250.411416666667,173.306866666667,388820,388998,178
103,0,blank,0,266.543016666667,165.944566666667,388998,389176,178
103,0,blank,0,271.4357,166.697366666667,389176,389354,178
103,0,blank,0,252.601566666667,162.073233333333,389354,389532,178
103,0,blank,0,268.345833333333,156.6989,389532,389710,178
103,0,blank,0,352.22985,161.7224,389710,389892,182
103,47,[,358,322.634083333333,168.760383333333,389892,390075,183
103,0,blank,0,264.790883333333,171.214066666667,390075,390256,181
103,0,blank,0,238.525233333333,191.8848,390256,390436,180
103,0,blank,0,214.839716666667,241.003216666667,390436,390621,185
103,0,blank,0,199.218383333333,255.163033333333,390621,390805,184
103,0,blank,0,201.068666666667,279.555616666667,390805,390988,183
103,0,blank,0,195.332,281.7997,390988,391019,31
103,0,blank,0,-323,-105,391049,391187,138
103,0,blank,0,328.673133333333,151.061116666667,391216,391387,171
103,0,blank,0,369.21965,157.6746,391387,391566,179
103,0,blank,0,347.259033333333,149.79815,391566,391749,183
103,0,blank,0,342.335966666667,170.188066666667,391749,391930,181
103,0,blank,0,371.761816666667,161.08875,391930,392112,182
103,47,[,358,392.596616666667,170.456233333333,392112,392292,180
103,47,],360,437.6457,165.508266666667,392292,392472,180
103,0,blank,0,449.519066666667,168.559716666667,392472,392652,180
103,0,blank,0,423.070733333333,159.727516666667,392652,392833,181
103,0,blank,0,347.096933333333,142.4785,392833,393017,184
103,0,blank,0,348.79135,146.482216666667,393017,393204,187
103,0,blank,0,353.6971,153.695283333333,393204,393385,181
103,0,blank,0,342.20062,149.39424,393385,393538,153
103,0,blank,0,-323,-105,393566,393648,82
103,0,blank,0,542.0005,124.5401,393674,393708,34
103,0,blank,0,534.75166,147.50536,393770,393911,141
103,0,blank,0,377.201766666667,158.382233333333,393941,394120,179
103,0,blank,0,334.692783333333,153.1086,394120,394300,180
103,47,[,358,286.92815,168.727516666667,394300,394477,177
103,0,blank,0,253.49655,150.242116666667,394477,394657,180
103,0,blank,0,262.176866666667,144.3754,394657,394837,180
103,0,blank,0,269.4773,107.4693,394837,394868,31
103,0,blank,0,384.552333333333,141.673933333333,394898,395082,184
103,0,blank,0,355.8833,141.6863,395082,395270,188
103,0,blank,0,362.8513,157.5393,395270,395301,31
103,0,blank,0,-323,-105,395362,395443,81
103,0,blank,0,416.2419,147.9613,395471,395522,51
103,0,blank,0,363.660733333333,138.922383333333,395584,395757,173
103,0,blank,0,358.076,148.936433333333,395757,395942,185
103,0,blank,0,349.88,135.614766666667,395942,396034,92
103,0,blank,0,356.73015,232.85715,396064,396246,182
103,53,m1,392,219.910716666667,302.250733333333,396274,396458,184
103,0,blank,0,200.686425,289.839675,396458,396582,124
103,0,blank,0,367.9264,192.7021,396615,396794,179
103,47,j,359,332.6733,179.83875,396794,396974,180
103,0,blank,0,356.613,155.552783333333,396974,397154,180
103,0,blank,0,472.737516666667,143.870716666667,397154,397335,181
103,0,blank,0,437.94035,146.838866666667,397335,397520,185
103,0,blank,0,433.372216666667,152.057333333333,397520,397705,185
103,47,j,359,529.181366666667,162.960966666667,397705,397888,183
103,47,j,359,530.801333333333,161.036116666667,397888,398069,181
103,47,j,359,525.8051,160.7549,398069,398100,31
103,0,blank,0,364.93055,135.991066666667,398130,398315,185
103,0,blank,0,374.1728,148.123,398315,398347,32
103,0,blank,0,-323,-105,398379,398460,81
103,0,blank,0,466.287,195.8042,398485,398537,52
103,47,*,353,454.343116666667,164.692966666667,398601,398773,172
103,0,blank,0,535.748566666667,158.4536,398773,398955,182
103,47,],360,539.507,165.218283333333,398955,399137,182
103,0,blank,0,350.971,151.161383333333,399167,399350,183
103,0,blank,0,354.38705,153.669933333333,399350,399537,187
103,0,blank,0,372.490116666667,151.4319,399537,399727,190
103,0,blank,0,381.879683333333,148.9148,399727,399911,184
103,0,blank,0,350.339133333333,152.864116666667,399911,400099,188
103,0,blank,0,406.262266666667,143.94625,400099,400286,187
103,0,blank,0,375.7547,152.209933333333,400286,400471,185
103,0,blank,0,324.885666666667,154.95845,400471,400654,183
103,0,blank,0,243.265916666667,154.4425,400654,400843,189
103,0,blank,0,270.758316666667,150.4856,400843,401031,188
103,0,blank,0,333.912616666667,143.582066666667,401031,401217,186
103,0,blank,0,371.469166666667,144.318733333333,401217,401401,184
103,0,blank,0,340.057466666667,150.97775,401401,401588,187
103,0,blank,0,345.054433333333,145.315133333333,401588,401683,95
103,0,blank,0,489.11315,152.746033333333,401715,401898,183
103,0,blank,0,516.226783333333,147.334583333333,401898,402082,184
103,0,blank,0,538.570625,153.570225,402082,402204,122
103,0,blank,0,355.969283333333,150.88255,402235,402424,189
103,0,blank,0,356.183425,157.196925,402424,402550,126
103,0,blank,0,-323,-105,402582,402687,105
103,47,+,345,356.08645,177.523683333333,402777,402948,171
103,0,blank,0,372.280933333333,153.551516666667,402948,403130,182
103,0,blank,0,392.42905,158.768466666667,403130,403310,180
103,47,i,348,394.10422,170.83904,403310,403460,150
103,0,blank,0,248.391166666667,156.73785,403492,403670,178
103,47,c,338,279.81155,178.797683333333,403670,403853,183
103,49,comma,378,346.559316666667,213.65105,403853,404034,181
103,49,a,371,341.54344,222.92494,404034,404183,149
103,0,blank,0,222.926233333333,287.031,404213,404397,184
103,0,blank,0,221.13925,281.047833333333,404397,404580,183
103,0,blank,0,207.026,255.063616666667,404580,404764,184
103,0,blank,0,197.4966,242.476616666667,404764,404948,184
103,0,blank,0,206.661616666667,285.025783333333,404948,405129,181
103,0,blank,0,213.110066666667,279.851433333333,405129,405314,185
103,53,m1,392,230.9714,296.88355,405314,405500,186
103,0,blank,0,178.22545,332.3763,405500,405679,179
103,0,blank,0,185.269066666667,364.047533333333,405679,405769,90
103,0,blank,0,219.073433333333,284.466966666667,405799,405979,180
103,0,blank,0,205.62535,287.660616666667,405979,406161,182
103,0,blank,0,202.846775,280.159775,406161,406281,120
103,0,blank,0,-323,-105,406330,406385,55
103,0,blank,0,233.0813,246.6155,406460,406522,62
103,53,comma,403,278.401333333333,291.090716666667,406706,406887,181
103,53,m2,398,336.339083333333,305.572166666667,406887,407072,185
103,53,comma,403,310.278116666667,305.089666666667,407072,407256,184
103,0,blank,0,236.352433333333,340.088,407256,407438,182
103,0,blank,0,179.996366666667,365.96355,407438,407620,182
103,0,blank,0,181.622583333333,356.204816666667,407620,407802,182
103,0,blank,0,204.293683333333,342.715483333333,407833,408009,176
103,0,blank,0,213.577483333333,255.874633333333,408009,408188,179
103,0,blank,0,193.683816666667,263.322533333333,408188,408366,178
103,0,blank,0,180.42485,290.469216666667,408366,408545,179
103,0,blank,0,174.609316666667,340.898416666667,408545,408722,177
103,53,multiply,390,196.019783333333,302.0378,408722,408902,180
103,0,blank,0,163.35875,333.29525,408902,409083,181
103,0,blank,0,163.77905,355.123633333333,409083,409262,179
103,0,blank,0,187.155783333333,285.289433333333,409262,409442,180
103,0,blank,0,197.270716666667,269.187016666667,409442,409622,180
103,0,blank,0,-323,-105,409652,409758,106
103,57,m1,417,181.6635,387.825371428571,409847,410046,199
103,0,blank,0,207.78375,390.717966666667,410046,410224,178
103,0,blank,0,229.8846,417.9811,410224,410313,89
103,57,n2,425,332.4084,397.47475,410343,410525,182
103,0,blank,0,257.453683333333,407.316416666667,410525,410708,183
103,0,blank,0,211.154866666667,402.067616666667,410708,410882,174
103,57,m1,417,185.19605,386.748933333333,410882,411059,177
103,0,blank,0,176.06885,370.5975,411059,411236,177
103,0,blank,0,173.73182,367.8301,411236,411383,147
103,0,blank,0,249.990516666667,284.869983333333,411412,411590,178
103,0,blank,0,209.48145,270.494833333333,411590,411769,179
103,0,blank,0,201.989566666667,283.69385,411769,411948,179
103,0,blank,0,187.31925,287.422766666667,411948,412127,179
103,0,blank,0,172.6673,353.145266666667,412157,412336,179
103,57,m1,417,183.367683333333,384.6505,412336,412516,180
103,0,blank,0,173.4488,418.545866666667,412516,412605,89
103,0,blank,0,194.788333333333,480.25175,412635,412811,176
103,0,blank,0,155.6509,469.84245,412811,412870,59
103,0,blank,0,-323,-105,412900,413005,105
103,0,blank,0,207.4732,420.3485,413032,413073,41
103,0,blank,0,207.9213,423.569985714286,413140,413339,199
103,0,blank,0,187.383016666667,466.3381,413339,413516,177
103,65,;,481,188.4173,558.6441,413516,413575,59
103,63,;,467,224.2582,526.3597,413575,413786,211
103,0,blank,0,229.181314285714,494.891028571429,413786,413968,182
103,0,blank,0,254.455116666667,331.897116666667,413996,414173,177
103,0,blank,0,192.0082,341.921033333333,414173,414351,178
103,0,blank,0,181.487416666667,357.00095,414351,414528,177
103,53,(,391,212.722316666667,291.814783333333,414528,414706,178
103,0,blank,0,202.48065,284.135316666667,414706,414884,178
103,0,blank,0,239.443216666667,237.54325,414884,415063,179
103,0,blank,0,320.051866666667,192.495116666667,415063,415244,181
103,0,blank,0,342.17175,169.3202,415244,415427,183
103,0,blank,0,350.446133333333,158.510566666667,415427,415615,188
103,47,+,345,360.7068,163.257133333333,415615,415795,180
103,0,blank,0,383.360933333333,152.296283333333,415795,415983,188
103,0,blank,0,359.92175,140.852716666667,415983,416169,186
103,0,blank,0,364.603233333333,149.571216666667,416169,416356,187
103,0,blank,0,374.769675,159.45935,416356,416477,121
103,0,blank,0,-323,-105,416537,416568,31
103,0,blank,0,320.444385714286,149.063071428571,416668,416866,198
103,47,+,345,353.877216666667,166.82945,416866,417047,181
103,0,blank,0,351.6991,152.333883333333,417047,417229,182
103,0,blank,0,250.838033333333,162.128916666667,417229,417409,180
103,0,blank,0,249.49215,163.479483333333,417409,417590,181
103,47,],360,305.450716666667,166.268116666667,417590,417768,178
103,47,a,346,374.07675,171.68145,417768,417948,180
103,0,blank,0,339.26615,157.313166666667,417948,418132,184
103,0,blank,0,318.678433333333,144.23105,418132,418314,182
103,0,blank,0,248.676916666667,165.885766666667,418314,418494,180
103,0,blank,0,248.443583333333,159.9574,418494,418673,179
103,0,blank,0,316.602083333333,153.977866666667,418673,418857,184
103,0,blank,0,344.1974,148.787033333333,418857,419042,185
103,0,blank,0,358.572966666667,143.978966666667,419042,419225,183
103,0,blank,0,372.494883333333,149.49285,419225,419406,181
103,47,a,346,375.752833333333,161.57325,419406,419586,180
103,0,blank,0,353.63455,157.37515,419586,419769,183
103,0,blank,0,350.974133333333,164.2947,419769,419955,186
103,0,blank,0,362.5852,156.977133333333,419955,420140,185
103,47,+,345,355.899116666667,169.491166666667,420140,420326,186
103,0,blank,0,346.04455,157.206716666667,420326,420513,187
103,0,blank,0,366.54835,154.650716666667,420513,420697,184
103,0,blank,0,393.780583333333,147.685766666667,420697,420878,181
103,0,blank,0,346.51135,144.782216666667,420878,421063,185
103,47,+,345,364.143,170.55685,421063,421123,60
103,0,blank,0,-323,-105,421153,421208,55
103,60,[,448,365.7477,461.2255,421233,421258,25
103,0,blank,0,377.421885714286,156.626757142857,421311,421508,197
103,0,blank,0,349.63765,170.846383333333,421508,421688,180
103,47,+,345,362.519866666667,166.025816666667,421688,421867,179
103,47,a,346,379.276333333333,166.7195,421867,422046,179
103,47,+,345,359.9876,162.81465,422046,422224,178
103,0,blank,0,358.12565,153.3467,422224,422283,59
103,0,blank,0,-323,-105,422342,422521,179
103,0,blank,0,-323,-105,422521,422669,148
103,47,+,345,359.048842857143,168.519671428571,422697,422895,198
103,0,blank,0,372.252983333333,161.74155,422895,423078,183
103,49,n2,375,416.819725,222.354275,423078,423196,118
103,0,blank,0,378.940283333333,196.260933333333,423226,423403,177
103,0,blank,0,374.962083333333,194.930966666667,423403,423578,175
103,0,blank,0,372.23675,190.091033333333,423578,423755,177
103,0,blank,0,346.708783333333,165.12765,423755,423931,176
103,0,blank,0,346.79644,167.08036,423931,424078,147
103,47,c,338,273.1033,164.1001,424108,424286,178
103,0,blank,0,230.104383333333,180.34055,424286,424467,181
103,0,blank,0,238.13445,191.289333333333,424467,424650,183
103,0,blank,0,271.0458,182.511433333333,424650,424831,181
103,0,blank,0,325.459183333333,155.82815,424831,425010,179
103,0,blank,0,352.210066666667,152.806516666667,425010,425190,180
103,0,blank,0,301.836683333333,151.119383333333,425190,425371,181
103,0,blank,0,261.15625,180.137683333333,425371,425551,180
103,49,multiply,365,216.461816666667,209.66745,425551,425731,180
103,0,blank,0,202.606,238.220116666667,425731,425914,183
103,0,blank,0,206.626066666667,263.9748,425914,426093,179
103,0,blank,0,199.005533333333,276.973716666667,426093,426269,176
103,53,comma,403,234.80595,291.38975,426269,426449,180
103,0,blank,0,240.039583333333,277.977116666667,426449,426628,179
103,49,multiply,365,212.808025,222.2134,426628,426806,178
103,0,blank,0,217.8661,245.6616,426806,426912,106
103,53,m1,392,231.3494,294.916,426912,427092,180
103,0,blank,0,202.701475,266.01845,427092,427222,130
103,43,),321,190.054566666667,91.1043,427252,427431,179
103,0,blank,0,204.190583333333,71.4587166666667,427431,427609,178
103,0,blank,0,191.95645,60.6014166666667,427609,427790,181
103,0,blank,0,189.73595,51.2734666666667,427790,427974,184
103,0,blank,0,195.420716666667,54.8792666666667,427974,428157,183
103,0,blank,0,228.4491,105.5578,428157,428186,29
103,0,blank,0,276.357916666667,232.714116666667,428217,428398,181
103,0,blank,0,232.1781,253.415366666667,428398,428580,182
103,0,blank,0,210.451366666667,260.942683333333,428580,428757,177
103,0,blank,0,200.982966666667,245.80795,428757,428934,177
103,0,blank,0,207.453,254.806,428934,428964,30
103,0,blank,0,342.5104,178.26345,428993,429171,178
103,0,blank,0,-323,-105,429201,429331,130
103,0,blank,0,371.6004,138.8344,429356,429382,26
103,47,],360,336.577157142857,171.868785714286,429436,429630,194
103,47,[,358,289.0922,165.942683333333,429630,429809,179
103,47,=,337,262.463216666667,169.37905,429809,429987,178
103,0,blank,0,250.820866666667,195.78135,429987,430167,180
103,0,blank,0,227.894883333333,233.172283333333,430167,430344,177
103,0,blank,0,221.776766666667,251.7388,430344,430520,176
103,0,blank,0,231.5932,289.22855,430520,430578,58
103,0,blank,0,297.927716666667,153.338483333333,430609,430788,179
103,0,blank,0,326.261666666667,154.70785,430788,430968,180
103,0,blank,0,344.836616666667,151.129183333333,430968,431146,178
103,0,blank,0,343.2935,161.1339,431146,431264,118
103,0,blank,0,218.44565,146.68055,431293,431472,179
103,0,blank,0,213.279233333333,95.3837166666667,431472,431652,180
103,43,n2,320,175.940633333333,80.33465,431652,431833,181
103,0,blank,0,198.015016666667,53.8040333333333,431833,432014,181
103,0,blank,0,202.17465,60.7613333333333,432014,432193,179
103,0,blank,0,169.029566666667,98.8052833333333,432193,432372,179
103,0,blank,0,203.65595,102.895116666667,432372,432550,178
103,0,blank,0,186.18185,66.9335333333333,432550,432730,180
103,0,blank,0,186.109,54.2016833333333,432730,432911,181
103,0,blank,0,219.972216666667,71.7667,432911,433092,181
103,0,blank,0,204.705033333333,44.05085,433092,433271,179
103,41,m1,313,189.698866666667,36.4422333333333,433271,433451,180
103,0,blank,0,172.758883333333,20.1979333333333,433451,433630,179
103,0,blank,0,216.97125,47.0215833333333,433630,433812,182
103,0,blank,0,223.896366666667,65.1276666666667,433812,433991,179
103,0,blank,0,214.86285,72.8932333333333,433991,434170,179
103,0,blank,0,194.09435,62.0475833333333,434170,434350,180
103,0,blank,0,222.576716666667,111.929083333333,434350,434530,180
103,0,blank,0,220.7289,107.73065,434530,434709,179
103,45,),328,230.573533333333,125.2922,434709,434891,182
103,0,blank,0,256.23285,158.347483333333,434891,435069,178
103,0,blank,0,243.6149,186.52145,435069,435247,178
103,0,blank,0,237.357383333333,236.860333333333,435247,435426,179
103,0,blank,0,201.87465,270.21755,435426,435605,179
103,0,blank,0,204.207216666667,289.852816666667,435605,435781,176
103,0,blank,0,258.2672,332.0291,435781,435810,29
103,0,blank,0,179.229966666667,92.41455,435840,436016,176
103,0,blank,0,207.913166666667,71.7135166666667,436016,436193,177
103,0,blank,0,191.5016,17.9382833333333,436193,436371,178
103,0,blank,0,202.054966666667,34.90345,436371,436551,180
103,0,blank,0,240.548266666667,30.1125833333333,436551,436731,180
103,0,blank,0,220.298083333333,36.9068666666667,436731,436908,177
103,0,blank,0,203.661,85.73765,436908,437084,176
103,0,blank,0,193.4517,77.8811,437084,437142,58
103,49,multiply,365,189.881433333333,214.140016666667,437171,437349,178
103,51,;,386,176.24434,255.25732,437349,437497,148
103,0,blank,0,189.867333333333,312.926016666667,437527,437702,175
103,0,blank,0,187.4264,265.0814,437702,437760,58
103,41,m1,313,192.231533333333,46.17965,437790,437968,178
103,41,),314,197.05895,27.3625166666667,437968,438148,180
103,0,blank,0,199.704183333333,113.930733333333,438148,438327,179
103,0,blank,0,194.15285,96.6484,438327,438385,58
103,45,<,326,187.83685,115.60475,438415,438474,59
103,0,blank,0,195.0942,360.709016666667,438504,438688,184
103,0,blank,0,184.4537,365.544966666667,438688,438871,183
103,0,blank,0,180.842916666667,368.937966666667,438871,439053,182
103,0,blank,0,184.181666666667,368.842516666667,439053,439236,183
103,0,blank,0,213.2657,351.3285,439236,439387,151
103,0,blank,0,276.030075,395.731,439446,439567,121
103,0,blank,0,236.37532,368.28138,439596,439751,155
103,0,blank,0,249.05465,284.108275,439751,439938,187
103,0,blank,0,218.724383333333,288.812683333333,439938,440111,173
103,53,multiply,390,180.799133333333,295.071666666667,440111,440289,178
103,0,blank,0,223.691775,288.659225,440289,440407,118
103,0,blank,0,-323,-105,440437,440569,132
103,0,blank,0,664.8822,-103.9686,440595,440620,25
103,0,blank,0,193.2596,230.1318,440668,440693,25
103,0,blank,0,199.185166666667,99.1655666666667,440718,440892,174
103,43,n2,320,175.050025,80.551775,440892,441010,118
103,0,blank,0,-323,-105,441041,441120,79
103,0,blank,0,223.482628571429,334.466757142857,441223,441421,198
103,0,blank,0,203.3018,325.429533333333,441421,441601,180
103,0,blank,0,200.145733333333,344.474116666667,441601,441784,183
103,0,blank,0,220.4409,362.937533333333,441784,441965,181
103,0,blank,0,190.072683333333,324.83085,441965,442144,179
103,0,blank,0,185.073516666667,332.008366666667,442144,442323,179
103,0,blank,0,187.324366666667,344.7654,442323,442503,180
103,0,blank,0,183.83745,340.724916666667,442503,442683,180
103,0,blank,0,174.597016666667,333.51555,442683,442864,181
103,0,blank,0,196.8612,341.717216666667,442864,443046,182
103,0,blank,0,207.679816666667,332.535466666667,443046,443229,183
103,0,blank,0,203.669833333333,334.933566666667,443229,443415,186
103,0,blank,0,237.761533333333,276.809416666667,443415,443604,189
103,0,blank,0,304.666816666667,201.74035,443604,443790,186
103,0,blank,0,357.254566666667,156.2736,443790,443977,187
103,0,blank,0,366.820516666667,155.986316666667,443977,444162,185
103,47,+,345,355.337633333333,165.5843,444162,444343,181
103,0,blank,0,351.065933333333,162.3105,444343,444525,182
103,47,+,345,364.536216666667,163.938666666667,444525,444710,185
103,0,blank,0,351.213666666667,162.297066666667,444710,444895,185
103,47,],360,339.64148,170.20808,444895,445048,153
103,0,blank,0,186.57575,355.549333333333,445079,445265,186
103,0,blank,0,180.8065,357.5075,445265,445296,31
103,0,blank,0,320.939783333333,151.015916666667,445327,445509,182
103,0,blank,0,350.113033333333,159.078066666667,445509,445692,183
103,0,blank,0,357.428466666667,159.22195,445692,445877,185
103,0,blank,0,-323,-105,445907,445936,29
103,0,blank,0,389.4,433.5765,445961,445986,25
103,0,blank,0,256.850916666667,151.7586,446053,446230,177
103,0,blank,0,257.576166666667,151.742866666667,446230,446418,188
103,0,blank,0,263.14325,154.931216666667,446418,446608,190
103,0,blank,0,219.499883333333,225.593716666667,446608,446796,188
103,0,blank,0,186.52815,347.9417,446796,446923,127
103,47,],360,229.94522,162.79076,446955,447133,178
103,47,],360,228.84335,162.4938,447133,447307,174
103,0,blank,0,270.6802,161.3601,447307,447489,182
103,0,blank,0,271.6677,158.1928,447489,447663,174
103,0,blank,0,273.104316666667,152.12785,447663,447851,188
103,0,blank,0,271.091683333333,152.855916666667,447851,448041,190
103,0,blank,0,342.789433333333,145.7028,448041,448227,186
103,0,blank,0,360.24745,144.544883333333,448227,448414,187
103,0,blank,0,354.635966666667,151.350616666667,448414,448603,189
103,0,blank,0,354.339266666667,150.45535,448603,448790,187
103,47,a,346,379.3416,177.4423,448790,448823,33
103,0,blank,0,-323,-105,448885,448939,54
103,0,blank,0,351.799,421.641,448965,448990,25
103,0,blank,0,341.481216666667,157.03865,449045,449217,172
103,0,blank,0,371.887233333333,153.28225,449217,449406,189
103,0,blank,0,285.498416666667,142.629233333333,449406,449597,191
103,0,blank,0,266.568133333333,145.132316666667,449597,449792,195
103,0,blank,0,279.843916666667,154.324683333333,449792,449980,188
103,0,blank,0,248.782583333333,147.878333333333,449980,450174,194
103,0,blank,0,255.814466666667,149.26235,450174,450362,188
103,0,blank,0,272.028083333333,141.741766666667,450362,450551,189
103,0,blank,0,254.9958,156.247833333333,450551,450741,190
103,0,blank,0,239.623116666667,146.897466666667,450741,450929,188
103,0,blank,0,237.3421,157.77895,450929,450994,65
103,0,blank,0,-323,-105,451026,451082,56
103,0,blank,0,675.0247,-103.9707,451107,451133,26
103,47,=,337,263.690183333333,162.29605,451189,451361,172
103,0,blank,0,243.885333333333,152.03255,451361,451550,189
103,0,blank,0,260.058266666667,158.5288,451550,451743,193
103,0,blank,0,250.664833333333,161.505633333333,451743,451929,186
103,0,blank,0,248.334416666667,164.025866666667,451929,452123,194
103,0,blank,0,250.36425,152.770083333333,452123,452312,189
103,0,blank,0,266.65445,161.558183333333,452312,452499,187
103,0,blank,0,268.083616666667,162.378966666667,452499,452686,187
103,0,blank,0,243.818466666667,152.7607,452686,452872,186
103,0,blank,0,238.432975,145.156725,452872,452998,126
103,0,blank,0,-323,-105,453029,453165,136
103,0,blank,0,253.595516666667,148.470516666667,453192,453363,171
103,0,blank,0,244.540466666667,152.162366666667,453363,453557,194
103,0,blank,0,239.4648,153.7365,453557,453746,189
103,0,blank,0,258.06905,158.059733333333,453746,453937,191
103,47,[,358,290.789216666667,170.39735,453937,454122,185
103,0,blank,0,252.10125,162.273633333333,454122,454308,186
103,0,blank,0,265.655683333333,163.194583333333,454308,454493,185
103,47,],360,307.937983333333,168.033633333333,454493,454681,188
103,0,blank,0,255.540516666667,149.585066666667,454681,454867,186
103,0,blank,0,247.356516666667,146.908233333333,454867,455055,188
103,0,blank,0,255.5232,149.212283333333,455055,455243,188
103,0,blank,0,255.320433333333,150.161816666667,455243,455430,187
103,47,],360,309.23585,161.849133333333,455430,455616,186
103,0,blank,0,300.722766666667,158.113966666667,455616,455807,191
103,0,blank,0,305.625566666667,155.62355,455807,455997,190
103,0,blank,0,307.376083333333,156.95375,455997,456183,186
103,47,],360,305.103133333333,162.806816666667,456183,456370,187
103,0,blank,0,309.699375,147.701325,456370,456497,127
103,0,blank,0,-323,-105,456559,456661,102
103,47,+,345,355.1172,179.2723,456688,456714,26
103,0,blank,0,347.3158,156.966142857143,456765,456963,198
103,0,blank,0,347.430033333333,160.029033333333,456963,457149,186
103,0,blank,0,369.2568,164.9825,457149,457334,185
103,0,blank,0,353.837083333333,156.9918,457334,457517,183
103,0,blank,0,347.800083333333,155.314716666667,457517,457699,182
103,0,blank,0,351.603066666667,166.230983333333,457699,457882,183
103,0,blank,0,336.653883333333,156.831316666667,457882,458064,182
103,47,],360,339.366666666667,163.200566666667,458064,458246,182
103,0,blank,0,346.101333333333,160.190416666667,458246,458431,185
103,0,blank,0,346.9337,159.32035,458431,458556,125
103,0,blank,0,247.307333333333,155.09855,458588,458778,190
103,0,blank,0,252.5348,151.042533333333,458778,458966,188
103,0,blank,0,298.571783333333,141.6968,458966,459155,189
103,0,blank,0,335.98825,158.062866666667,459155,459343,188
103,0,blank,0,334.102216666667,158.569766666667,459343,459531,188
103,0,blank,0,333.565216666667,156.96145,459531,459717,186
103,0,blank,0,265.78796,159.94162,459717,459896,179
103,47,=,337,263.253516666667,161.1496,459896,460085,189
103,47,=,337,259.647266666667,162.767866666667,460085,460273,188
103,47,],360,338.808683333333,161.309783333333,460273,460465,192
103,0,blank,0,345.635183333333,151.174483333333,460465,460653,188
103,0,blank,0,345.626966666667,163.16015,460653,460842,189
103,0,blank,0,373.0955,157.778433333333,460842,461030,188
103,0,blank,0,375.18965,157.86995,461030,461217,187
103,0,blank,0,323.5784,145.354266666667,461217,461408,191
103,0,blank,0,298.92985,151.280366666667,461408,461596,188
103,0,blank,0,247.81895,157.1665,461596,461790,194
103,0,blank,0,242.786616666667,151.627666666667,461790,461983,193
103,0,blank,0,240.491983333333,153.42845,461983,462178,195
103,0,blank,0,244.89115,152.430966666667,462178,462369,191
103,0,blank,0,235.806133333333,148.829166666667,462369,462561,192
103,0,blank,0,241.73136,154.2481,462561,462721,160
103,47,=,337,262.847425,167.7213,462721,462895,174
103,47,[,358,286.3254,165.0661,462895,463090,195
103,0,blank,0,333.2133,152.12476,463090,463285,195
103,0,blank,0,343.852816666667,148.09365,463285,463475,190
103,0,blank,0,337.255616666667,147.64315,463475,463663,188
103,47,+,345,353.2455,162.455333333333,463663,463853,190
103,0,blank,0,364.439583333333,155.378033333333,463853,464038,185
103,0,blank,0,365.780083333333,166.168833333333,464038,464226,188
103,0,blank,0,351.067583333333,163.59045,464226,464415,189
103,0,blank,0,302.3973,158.5749,464415,464476,61
103,0,blank,0,-323,-105,464507,464614,107
103,0,blank,0,290.6585,143.777,464644,464686,42
103,0,blank,0,424.344216666667,155.984966666667,464754,464935,181
103,0,blank,0,419.019816666667,158.792483333333,464935,465125,190
103,0,blank,0,367.370883333333,160.523733333333,465125,465314,189
103,47,+,345,362.347533333333,161.915066666667,465314,465504,190
103,0,blank,0,361.529283333333,150.580033333333,465504,465693,189
103,0,blank,0,308.003833333333,154.31495,465693,465883,190
103,0,blank,0,249.54865,166.14205,465883,466069,186
103,0,blank,0,242.35022,162.20866,466069,466224,155
103,0,blank,0,366.120016666667,192.621516666667,466256,466439,183
103,0,blank,0,301.47272,157.99978,466439,466592,153
103,0,blank,0,341.515166666667,144.435866666667,466592,466706,114
103,0,blank,0,-323,-105,466765,466846,81
103,0,blank,0,339.2326,147.9768,466871,466903,32
103,0,blank,0,342.743316666667,159.428966666667,466968,467143,175
103,0,blank,0,319.90715,159.534216666667,467143,467327,184
103,0,blank,0,324.6078,154.88068,467327,467479,152
103,47,],360,340.5434,165.2492,467479,467606,127
103,0,blank,0,336.3224,131.9191,467606,467703,97
103,47,],360,341.90815,163.0497,467703,467876,173
103,0,blank,0,312.630183333333,184.98975,467876,468072,196
103,0,blank,0,283.0981,208.140566666667,468072,468253,181
103,0,blank,0,266.2091,157.546333333333,468253,468347,94
103,0,blank,0,-323,-105,468408,468488,80
103,0,blank,0,264.4531,165.7625,468525,468587,62
103,0,blank,0,240.848733333333,184.351483333333,468658,468834,176
103,47,],360,231.092966666667,177.872866666667,468834,468929,95
103,53,multiply,390,191.74925,305.627716666667,468958,469143,185
103,0,blank,0,209.1945,312.464533333333,469143,469326,183
103,0,blank,0,206.6632,287.1404,469326,469507,181
103,0,blank,0,187.53155,265.1124,469507,469566,59
103,0,blank,0,271.308683333333,141.587616666667,469597,469777,180
103,47,=,337,262.39085,163.781883333333,469777,469957,180
103,0,blank,0,257.3035,142.1568,469957,469986,29
103,47,j,359,328.1503,169.5705,469986,470400,414
103,0,blank,0,271.873728571429,169.6527,470400,470598,198
103,0,blank,0,254.746183333333,145.27725,470598,470781,183
103,0,blank,0,284.948083333333,152.7873,470781,470968,187
103,0,blank,0,288.136333333333,145.9408,470968,471059,91
103,0,blank,0,352.715916666667,156.18005,471089,471273,184
103,0,blank,0,348.983,164.498466666667,471273,471454,181
103,47,+,345,355.4312,161.0966,471454,471484,30
103,0,blank,0,253.358625,155.263975,471514,471639,125
103,0,blank,0,-323,-105,471668,471805,137
103,0,blank,0,263.57425,197.99945,471831,472002,171
103,47,[,358,292.503916666667,164.861133333333,472002,472187,185
103,47,a,346,377.88485,160.951583333333,472187,472368,181
103,0,blank,0,414.756183333333,173.78035,472368,472550,182
103,47,],360,436.600633333333,174.814683333333,472550,472731,181
103,47,*,353,461.691016666667,171.692333333333,472731,472909,178
103,47,[,358,491.6516,168.163816666667,472909,473090,181
103,47,j,359,525.7982,160.845716666667,473090,473270,180
103,0,blank,0,529.346866666667,150.3528,473270,473359,89
103,0,blank,0,381.811483333333,153.643033333333,473388,473571,183
103,0,blank,0,342.612066666667,146.693083333333,473571,473753,182
103,0,blank,0,333.950533333333,139.38335,473753,473936,183
103,0,blank,0,332.0688,146.366,473936,474123,187
103,0,blank,0,345.3814,163.021725,474123,474245,122
103,0,blank,0,402.4297,614.5206,474307,474337,30
103,0,blank,0,-323,-105,474396,474500,104
103,0,blank,0,220.0676,315.7201,474542,474597,55
103,0,blank,0,179.217483333333,405.747583333333,474664,474840,176
103,0,blank,0,187.429483333333,455.56765,474840,475027,187
103,60,int,443,213.314216666667,450.11885,475027,475217,190
103,57,comma,428,234.6118,394.47535,475217,475399,182
103,0,blank,0,293.434216666667,431.937433333333,475399,475577,178
103,0,blank,0,381.808066666667,404.996183333333,475577,475763,186
103,0,blank,0,428.021366666667,410.627566666667,475763,475943,180
103,0,blank,0,445.09692,428.82756,475943,476093,150
103,0,blank,0,208.994466666667,491.01945,476123,476304,181
103,0,blank,0,146.8761,474.996466666667,476304,476485,181
103,0,blank,0,213.1133,499.520333333333,476485,476665,180
103,0,blank,0,242.571633333333,497.72385,476665,476846,181
103,57,n1,419,218.4497,399.4618,476846,477027,181
103,0,blank,0,210.001883333333,380.634266666667,477027,477207,180
103,0,blank,0,215.0839,402.0962,477207,477238,31
103,0,blank,0,-323,-105,477268,477348,80
103,0,blank,0,253.8007,506.5814,477373,477398,25
103,0,blank,0,214.607283333333,375.693866666667,477423,477599,176
103,0,blank,0,287.650183333333,400.86605,477599,477783,184
103,57,m2,423,284.632,399.28175,477783,477843,60
103,0,blank,0,216.514683333333,497.191383333333,477874,478051,177
103,0,blank,0,193.464933333333,502.158583333333,478051,478228,177
103,0,blank,0,188.140833333333,477.861783333333,478228,478404,176
103,60,comma,442,254.058466666667,448.568366666667,478404,478582,178
103,0,blank,0,261.57825,467.99835,478582,478640,58
103,0,blank,0,395.707916666667,477.7826,478669,478846,177
103,0,blank,0,407.4172,467.8263,478846,479023,177
103,0,blank,0,322.926716666667,477.232266666667,479023,479201,178
103,0,blank,0,226.41935,495.479333333333,479201,479379,178
103,0,blank,0,183.062883333333,536.019333333333,479379,479557,178
103,0,blank,0,199.782783333333,534.5519,479557,479735,178
103,0,blank,0,232.33885,545.322733333333,479735,479913,178
103,0,blank,0,274.658533333333,541.371816666667,479913,480090,177
103,0,blank,0,270.884,425.1545,480090,480119,29
103,65,<,479,232.67958,569.135,480149,480298,149
103,0,blank,0,-323,-105,480328,480433,105
103,0,blank,0,217.0132,509.0221,480458,480489,31
103,63,m1,466,216.108757142857,531.1726,480551,480749,198
103,63,<,465,188.1871,526.059083333333,480749,480929,180
103,0,blank,0,156.545016666667,525.040883333333,480929,481107,178
103,0,blank,0,183.05045,536.0421,481107,481283,176
103,0,blank,0,171.0847,537.59545,481283,481459,176
103,0,blank,0,161.205316666667,540.405233333333,481459,481637,178
103,0,blank,0,171.864816666667,535.158383333333,481637,481813,176
103,63,m1,466,209.756333333333,530.274116666667,481813,481988,175
103,0,blank,0,210.690633333333,534.428983333333,481988,482163,175
103,0,blank,0,213.40035,544.05815,482163,482281,118
103,60,int,443,138.83005,464.871683333333,482311,482488,177
103,0,blank,0,141.906316666667,472.555116666667,482488,482665,177
103,0,blank,0,176.10405,470.708883333333,482665,482841,176
103,0,blank,0,226.583683333333,458.3765,482841,483016,175
103,0,blank,0,207.6505,491.295133333333,483016,483104,88
103,0,blank,0,-323,-105,483132,483237,105
103,0,blank,0,237.229083333333,495.240933333333,483367,483539,172
103,60,int,443,198.780533333333,454.21995,483539,483716,177
103,0,blank,0,184.28804,478.26506,483716,483862,146
103,0,blank,0,191.2703,460.114716666667,483919,484109,190
103,0,blank,0,188.445683333333,459.783316666667,484109,484291,182
103,0,blank,0,179.9662,474.92545,484291,484470,179
103,0,blank,0,175.104966666667,505.765016666667,484470,484651,181
103,0,blank,0,182.494116666667,514.211633333333,484651,484834,183
103,0,blank,0,210.436216666667,533.869833333333,484834,485016,182
103,0,blank,0,232.345016666667,534.403466666667,485016,485197,181
103,0,blank,0,258.041183333333,539.695983333333,485197,485380,183
103,0,blank,0,274.427383333333,544.558516666667,485380,485564,184
103,0,blank,0,250.476316666667,592.069416666667,485564,485747,183
103,67,c,490,278.177166666667,609.208533333333,485747,485931,184
103,67,"%d",488,233.83245,614.067933333333,485931,486117,186
103,0,blank,0,347.38646,628.6399,486117,486269,152
103,0,blank,0,170.699133333333,679.103566666667,486300,486492,192
103,0,blank,0,232.75925,669.096616666667,486492,486675,183
103,0,blank,0,252.35265,685.6647,486675,486736,61
103,0,blank,0,807.7885,586.45305,486796,486919,123
103,0,blank,0,267.082233333333,644.461566666667,486951,487138,187
103,0,blank,0,223.7835,674.082183333333,487138,487323,185
103,0,blank,0,210.79195,682.843333333333,487323,487506,183
103,0,blank,0,-323,-105,487537,487676,139
103,0,blank,0,155.032257142857,478.878842857143,487702,487895,193
103,0,blank,0,139.2672,440.9684,487895,487950,55
103,0,blank,0,218.90505,477.43055,488134,488306,172
103,0,blank,0,211.002533333333,487.041,488306,488403,97
103,0,blank,0,-323,-105,488432,488538,106
103,0,blank,0,215.948,441.0455,488564,488591,27
103,0,blank,0,264.869585714286,500.187214285714,488656,488855,199
103,0,blank,0,264.65055,467.35705,488855,488915,60
103,0,blank,0,379.70625,435.268733333333,488945,489127,182
103,0,blank,0,370.81778,426.10618,489127,489277,150
103,0,blank,0,254.47515,284.533766666667,489307,489486,179
103,53,n1,394,266.700166666667,292.6143,489486,489664,178
103,0,blank,0,281.8497,312.382633333333,489664,489843,179
103,53,a,396,300.223,293.7246,489843,489937,94
103,47,[,358,385.174266666667,164.116033333333,489965,490147,182
103,0,blank,0,378.27682,157.74586,490147,490300,153
103,49,comma,378,276.9498,203.272716666667,490332,490518,186
103,0,blank,0,202.341066666667,54.2257333333333,490518,490706,188
103,0,blank,0,152.758666666667,13.3067666666667,490706,490893,187
103,0,blank,0,143.343266666667,16.8208,490893,491081,188
103,0,blank,0,147.471175,23.051675,491081,491208,127
103,0,blank,0,286.513066666667,222.498683333333,491239,491425,186
103,49,comma,378,314.498383333333,213.641383333333,491425,491611,186
103,49,comma,378,347.2271,213.902333333333,491611,491795,184
103,0,blank,0,367.31495,169.772116666667,491795,491978,183
103,0,blank,0,367.275425,174.07035,491978,492101,123
103,0,blank,0,-323,-105,492131,492329,198
103,0,blank,0,-323,-105,492329,492456,127
103,0,blank,0,378.17095,159.155466666667,492484,492655,171
103,47,+,345,355.766566666667,166.0761,492655,492843,188
103,0,blank,0,353.0589,152.3091,492843,493035,192
103,47,],360,304.23955,163.980333333333,493035,493223,188
103,0,blank,0,270.7895,163.2324,493223,493407,184
103,0,blank,0,270.586983333333,160.199333333333,493407,493599,192
103,0,blank,0,268.0829,167.3264,493599,493631,32
103,0,blank,0,388.98708,146.84542,493662,493822,160
103,0,blank,0,-323,-105,493855,493911,56
103,0,blank,0,352.3834,311.5393,493937,493963,26
103,0,blank,0,349.81855,144.156516666667,494016,494189,173
103,0,blank,0,351.098833333333,151.80185,494189,494382,193
103,0,blank,0,357.00735,152.852633333333,494382,494575,193
103,0,blank,0,365.496166666667,159.295566666667,494575,494764,189
103,47,*,353,463.732633333333,164.267616666667,494764,494953,189
103,47,*,353,455.586516666667,174.681933333333,494953,495142,189
103,0,blank,0,431.28995,153.932033333333,495142,495332,190
103,0,blank,0,421.0388,159.0807,495332,495364,32
103,0,blank,0,551.078183333333,159.5073,495395,495583,188
103,0,blank,0,553.949683333333,165.409283333333,495583,495774,191
103,0,blank,0,554.084483333333,171.0458,495774,495967,193
103,0,blank,0,559.2536,175.808816666667,495967,496158,191
103,0,blank,0,555.711783333333,168.959233333333,496158,496352,194
103,47,;,361,550.272383333333,168.692916666667,496352,496551,199
103,47,;,361,551.685766666667,173.11095,496551,496743,192
103,47,;,361,548.077733333333,169.251066666667,496743,496841,98
103,0,blank,0,1019.862,271.345366666667,496908,497103,195
103,0,blank,0,526.71084,210.69144,497169,497338,169
103,0,blank,0,528.21882,212.9129,497338,497507,169
103,47,],360,537.190733333333,177.131466666667,497507,497704,197
103,0,blank,0,413.348283333333,164.79205,497704,497898,194
103,0,blank,0,362.983033333333,154.502933333333,497898,498091,193
103,0,blank,0,372.99455,154.0072,498091,498284,193
103,0,blank,0,369.523366666667,169.12245,498284,498481,197
103,0,blank,0,291.33246,159.7857,498481,498647,166
103,0,blank,0,265.018333333333,169.334683333333,498647,498843,196
103,47,=,337,263.302916666667,174.297716666667,498843,499038,195
103,0,blank,0,274.57895,202.9588,499038,499103,65
103,0,blank,0,-323,-105,499136,499220,84
103,47,[,358,319.02138,174.04342,499338,499515,177
103,0,blank,0,370.68272,179.43966,499515,499706,191
103,0,blank,0,369.206766666667,165.545333333333,499706,499897,191
103,0,blank,0,361.642266666667,153.532633333333,499897,500089,192
103,0,blank,0,362.758166666667,131.937716666667,500089,500282,193
103,47,*,353,455.2108,172.2773,500282,500318,36
103,0,blank,0,724.3464,234.14728,500350,500517,167
103,0,blank,0,1009.192,389.4147,500583,500617,34
103,0,blank,0,-323,-105,500650,500682,32
103,0,blank,0,624.1713,685.3832,500708,500734,26
103,0,blank,0,431.507233333333,196.67485,500782,500964,182
103,47,[,358,386.735516666667,169.828983333333,500964,501160,196
103,47,+,345,359.621333333333,172.963616666667,501160,501358,198
103,0,blank,0,-323,-105,501390,501530,140
103,0,blank,0,1001.87266666667,358.0015,501558,501652,94
103,0,blank,0,-321.9998,424.5306,501684,501716,32
103,0,blank,0,-321.9995,409.6263,501780,501811,31
103,0,blank,0,-321.99485,434.61915,501875,501939,64
103,0,blank,0,1116.432,422.8356,501971,502002,31
103,0,blank,0,1104.362,433.0267,502066,502159,93
103,0,blank,0,-321.9986,431.0178,502191,502222,31
103,0,blank,0,1081.08133333333,427.1315,502254,502350,96
103,0,blank,0,455.402066666667,189.453766666667,502414,502608,194
103,49,comma,378,456.191916666667,203.598983333333,502608,502801,193
103,0,blank,0,362.732066666667,187.907016666667,502801,502995,194
103,47,c,338,280.777766666667,172.309466666667,502995,503188,193
103,0,blank,0,262.4461,158.343516666667,503188,503384,196
103,0,blank,0,530.7535,158.672766666667,503417,503611,194
103,47,],360,534.088,167.23432,503611,503774,163
103,0,blank,0,876.777333333333,301.195733333333,503840,503938,98
103,0,blank,0,383.329433333333,142.392716666667,504002,504197,195
103,0,blank,0,387.61845,148.4494,504197,504261,64
103,0,blank,0,513.99306,170.6714,504294,504460,166
103,0,blank,0,520.7938,186.5265,504460,504494,34
103,47,i,348,395.44474,165.61144,504527,504699,172
103,47,+,345,357.72192,173.20946,504699,504873,174
103,47,+,345,355.269033333333,173.566883333333,504873,505071,198
103,47,+,345,360.06395,166.573933333333,505071,505270,199
103,47,=,337,256.22165,173.338583333333,505270,505467,197
103,0,blank,0,247.539733333333,176.474666666667,505467,505658,191
103,0,blank,0,239.170383333333,168.225416666667,505658,505854,196
103,0,blank,0,233.211333333333,166.49045,505854,506046,192
103,47,],360,226.364216666667,167.458283333333,506046,506236,190
103,47,],360,227.019933333333,165.670466666667,506236,506330,94
103,0,blank,0,389.10315,157.2113,506360,506549,189
103,47,+,345,353.071066666667,167.8337,506549,506739,190
103,0,blank,0,349.8995,159.365083333333,506739,506925,186
103,0,blank,0,343.192566666667,157.461033333333,506925,507117,192
103,0,blank,0,346.941383333333,153.158766666667,507117,507306,189
103,0,blank,0,346.363,161.977783333333,507306,507498,192
103,0,blank,0,344.5785,150.460966666667,507498,507688,190
103,0,blank,0,288.848466666667,147.12885,507688,507884,196
103,0,blank,0,264.97155,150.761883333333,507884,508075,191
103,0,blank,0,335.870483333333,145.327533333333,508075,508271,196
103,0,blank,0,348.5752,139.07685,508271,508444,173
103,0,blank,0,340.61095,136.80875,508444,508643,199
103,0,blank,0,244.83948,146.52222,508643,508819,176
103,0,blank,0,248.1185,143.86365,508819,509008,189
103,0,blank,0,251.398733333333,151.045716666667,509008,509200,192
103,0,blank,0,249.00635,148.16115,509200,509391,191
103,0,blank,0,254.164783333333,146.315433333333,509391,509584,193
103,0,blank,0,337.159083333333,132.0923,509584,509775,191
103,0,blank,0,341.023933333333,132.794433333333,509775,509964,189
103,0,blank,0,367.651433333333,142.2138,509964,510156,192
103,0,blank,0,362.890433333333,146.241283333333,510156,510348,192
103,0,blank,0,356.8979,139.14875,510348,510413,65
103,0,blank,0,461.6105,148.41756,510444,510605,161
103,0,blank,0,-323,-105,510637,510694,57
103,0,blank,0,438.5532,482.0065,510719,510745,26
103,47,k,356,433.566516666667,169.575483333333,510813,510997,184
103,0,blank,0,433.70454,150.6438,510997,511166,169
103,47,[,358,515.14035,163.804233333333,511166,511360,194
103,47,],360,534.147733333333,168.47465,511360,511553,193
103,49,a,371,337.66115,220.233683333333,511585,511772,187
103,49,a,371,334.6916,206.29225,511772,511964,192
103,0,blank,0,294.768725,195.4254,511964,512093,129
103,0,blank,0,-323,-105,512125,512209,84
103,0,blank,0,241.8777,124.8845,512235,512261,26
103,0,blank,0,254.177466666667,143.49065,512324,512508,184
103,0,blank,0,243.203383333333,117.949233333333,512508,512702,194
103,0,blank,0,228.800416666667,98.8524166666667,512702,512895,193
103,0,blank,0,257.48084,119.94914,512895,513086,191
103,0,blank,0,249.124925,138.745875,513086,513253,167
103,0,blank,0,246.440916666667,164.095416666667,513253,513448,195
103,0,blank,0,238.7644,171.81505,513448,513642,194
103,0,blank,0,249.052,157.013016666667,513642,513834,192
103,0,blank,0,247.7664,132.092833333333,513834,513929,95
103,0,blank,0,385.8959,143.7656,513961,514148,187
103,0,blank,0,353.909625,93.22965,514148,514347,199
103,0,blank,0,350.679466666667,87.89025,514347,514540,193
103,0,blank,0,349.557425,77.27775,514540,514694,154
103,0,blank,0,362.2991,79.7838,514694,514807,113
103,0,blank,0,449.215566666667,122.3717,514807,514996,189
103,0,blank,0,444.7125,112.68458,514996,515158,162
103,0,blank,0,-323,-105,515249,515390,141
103,0,blank,0,326.138133333333,92.7491166666667,515492,515673,181
103,0,blank,0,265.348016666667,146.995716666667,515673,515865,192
103,0,blank,0,247.56112,131.4082,515865,516018,153
103,43,n2,320,170.49662,81.82758,516018,516198,180
103,43,),321,188.51922,71.52906,516198,516376,178
103,0,blank,0,198.812283333333,62.6024,516376,516564,188
103,0,blank,0,222.812933333333,53.1296,516564,516756,192
103,0,blank,0,218.658166666667,69.80035,516756,516948,192
103,0,blank,0,246.49825,89.2666833333333,516948,517139,191
103,0,blank,0,229.916183333333,67.9593,517139,517330,191
103,0,blank,0,-323,-105,517362,517510,148
103,0,blank,0,214.523866666667,44.1849666666667,517536,517711,175
103,0,blank,0,233.88875,59.5430666666667,517711,517901,190
103,0,blank,0,264.999466666667,100.975783333333,517901,518092,191
103,0,blank,0,244.50995,99.8286833333333,518092,518282,190
103,45,),328,228.860916666667,116.911383333333,518282,518472,190
103,0,blank,0,258.713033333333,142.898516666667,518472,518659,187
103,0,blank,0,240.859416666667,130.969066666667,518659,518846,187
103,0,blank,0,243.200466666667,141.362533333333,518846,519034,188
103,0,blank,0,222.5861,110.048833333333,519034,519222,188
103,0,blank,0,221.150666666667,108.976633333333,519222,519413,191
103,0,blank,0,219.428766666667,193.6073,519413,519603,190
103,0,blank,0,235.901583333333,202.586533333333,519603,519792,189
103,0,blank,0,249.587466666667,171.518533333333,519792,519980,188
103,0,blank,0,247.41632,171.96916,519980,520141,161
103,49,comma,378,426.441616666667,211.408333333333,520202,520380,178
103,0,blank,0,414.97205,190.258516666667,520380,520569,189
103,0,blank,0,300.605175,190.27,520569,520742,173
103,49,comma,378,319.6674,209.4276,520742,521109,367
103,0,blank,0,513.298233333333,172.866983333333,521134,521313,179
103,47,[,358,520.38525,171.95155,521313,521377,64
103,0,blank,0,-323,-105,521464,521590,126
103,0,blank,0,276.1318,181.4886,521616,521642,26
103,0,blank,0,-323,-105,521667,521799,132
103,0,blank,0,277.9178,131.3923,521824,521855,31
103,0,blank,0,296.383133333333,144.341,521919,522003,84
103,0,blank,0,440.214316666667,143.178966666667,522035,522229,194
103,47,],360,504.91685,165.879583333333,522229,522421,192
103,0,blank,0,545.97318,153.08204,522421,522579,158
103,0,blank,0,-323,-105,522642,522830,188
103,0,blank,0,-323,-105,522830,523026,196
103,0,blank,0,-323,-105,523026,523213,187
103,0,blank,0,-323,-105,523213,523348,135
103,0,blank,0,-323,-105,523348,523528,180
103,0,blank,0,-323,-105,523528,523713,185
103,0,blank,0,-323,-105,523713,523901,188
103,0,blank,0,-323,-105,523901,524093,192
103,0,blank,0,-323,-105,524093,524270,177
103,0,blank,0,-323,-105,524270,524460,190
103,0,blank,0,-323,-105,524460,524637,177
103,0,blank,0,-323,-105,524637,524777,140
103,0,blank,0,269.30054,171.88872,524971,525140,169
103,0,blank,0,244.27318,162.5693,525140,525308,168
103,0,blank,0,253.5802,190.5274,525308,525343,35
103,0,blank,0,-323,-105,525378,525510,132
103,47,=,337,258.178383333333,171.612566666667,525536,525713,177
103,0,blank,0,254.284066666667,191.516266666667,525713,525899,186
103,0,blank,0,242.515666666667,191.142066666667,525899,525992,93
103,0,blank,0,-323,-105,526055,526086,31
103,0,blank,0,-323,-105,526137,526163,26
103,0,blank,0,252.2366,166.8573,526189,526215,26
103,0,blank,0,247.533633333333,166.577133333333,526271,526448,177
103,0,blank,0,250.24455,170.357783333333,526448,526635,187
103,0,blank,0,262.609716666667,152.875233333333,526635,526822,187
103,0,blank,0,280.30505,129.991275,526822,526948,126
103,0,blank,0,448.210383333333,159.770766666667,526980,527168,188
103,0,blank,0,448.818183333333,149.241883333333,527168,527356,188
103,0,blank,0,431.594483333333,136.9723,527356,527544,188
103,0,blank,0,507.3311,156.85305,527544,527733,189
103,47,j,359,529.693033333333,168.936366666667,527733,527927,194
103,0,blank,0,502.29842,156.3035,527927,528086,159
103,0,blank,0,260.448716666667,145.596616666667,528118,528308,190
103,0,blank,0,238.03205,157.819683333333,528308,528496,188
103,0,blank,0,238.00052,151.66982,528496,528653,157
103,47,[,358,388.1921,162.6662,528702,528759,57
103,0,blank,0,356.265,191.5604,528993,529018,25
103,0,blank,0,330.282316666667,150.05195,529115,529295,180
103,0,blank,0,358.715683333333,158.081466666667,529295,529486,191
103,0,blank,0,360.2516,152.024116666667,529486,529677,191
103,0,blank,0,357.16875,153.52135,529677,529867,190
103,0,blank,0,354.897383333333,156.014083333333,529867,530058,191
103,0,blank,0,478.14295,153.602933333333,530058,530249,191
103,0,blank,0,466.197233333333,151.2471,530249,530443,194
103,0,blank,0,445.3989,153.974416666667,530443,530635,192
103,0,blank,0,472.08325,158.159516666667,530635,530829,194
103,47,],360,537.236316666667,164.41205,530829,531022,193
103,0,blank,0,542.4065,176.41475,531022,531212,190
103,47,;,361,547.486483333333,169.330866666667,531212,531406,194
103,47,;,361,549.0037,165.327916666667,531406,531599,193
103,0,blank,0,543.2318,171.224983333333,531599,531792,193
103,0,blank,0,521.0972,152.725866666667,531792,531983,191
103,0,blank,0,515.608666666667,156.4948,531983,532178,195
103,0,blank,0,515.150433333333,148.90235,532178,532377,199
103,0,blank,0,513.0514,140.848225,532377,532505,128
103,0,blank,0,-321.8618,279.35475,532568,532761,193
103,0,blank,0,-323,-105,532793,532904,111
103,0,blank,0,575.583616666667,145.940033333333,532988,533180,192
103,0,blank,0,474.436883333333,138.4186,533180,533375,195
103,0,blank,0,469.087,147.1517,533375,533408,33
103,0,blank,0,271.960316666667,144.341616666667,533441,533635,194
103,0,blank,0,248.32235,144.114833333333,533635,533833,198
103,0,blank,0,246.8468,134.5818,533833,533899,66
103,0,blank,0,346.961116666667,148.923583333333,533932,534126,194
103,0,blank,0,331.053333333333,152.857333333333,534126,534322,196
103,0,blank,0,331.707716666667,147.610366666667,534322,534516,194
103,0,blank,0,337.024216666667,153.027833333333,534516,534709,193
103,0,blank,0,334.8955,158.059883333333,534709,534898,189
103,0,blank,0,332.577233333333,148.0107,534898,535086,188
103,0,blank,0,411.119583333333,154.706533333333,535086,535280,194
103,47,k,356,423.3052,161.941375,535280,535408,128
103,0,blank,0,422.3919,269.5896,535529,535554,25
103,0,blank,0,416.712316666667,140.847433333333,535578,535764,186
103,0,blank,0,410.46735,136.45935,535764,535892,128
103,0,blank,0,559.3688,159.565716666667,535925,536122,197
103,0,blank,0,554.412066666667,162.370733333333,536122,536224,102
103,0,blank,0,-323,-105,536263,536351,88
103,0,blank,0,866.324,68.3891,536376,536406,30
103,0,blank,0,935.989166666667,11.2349,536468,536649,181
103,0,blank,0,-323,-105,536680,536791,111
103,0,blank,0,394.66305,114.995733333333,536817,536994,177
103,47,k,356,433.60955,164.149766666667,536994,537185,191
103,0,blank,0,423.447966666667,151.217166666667,537185,537379,194
103,47,j,359,523.052933333333,164.626766666667,537411,537600,189
103,47,[,358,516.65085,172.765566666667,537600,537789,189
103,47,[,358,516.387633333333,176.591233333333,537789,537884,95
103,0,blank,0,-321.981283333333,374.1038,537949,538141,192
103,0,blank,0,-321.986825,373.550775,538141,538268,127
103,0,blank,0,-323,-105,538332,538389,57
103,0,blank,0,489.4546,445.538,538415,538441,26
103,0,blank,0,461.81144,186.44042,538496,538639,143
103,47,=,337,253.814433333333,170.669433333333,538671,538860,189
103,0,blank,0,236.750416666667,154.14105,538860,539048,188
103,0,blank,0,239.85262,152.8957,539048,539208,160
103,0,blank,0,513.549183333333,180.675183333333,539238,539426,188
103,0,blank,0,510.754216666667,180.945266666667,539426,539612,186
103,47,;,361,549.736483333333,168.966683333333,539612,539798,186
103,0,blank,0,560.841516666667,156.279516666667,539798,539983,185
103,0,blank,0,515.43985,158.6067,539983,540173,190
103,0,blank,0,469.679725,156.856325,540173,540296,123
103,0,blank,0,289.413416666667,148.5513,540327,540520,193
103,0,blank,0,260.343966666667,149.072233333333,540520,540710,190
103,0,blank,0,261.669433333333,149.5574,540710,540899,189
103,47,],360,339.007283333333,174.1953,540899,541087,188
103,47,],360,334.783925,177.13455,541087,541211,124
103,0,blank,0,469.647866666667,197.341216666667,541243,541428,185
103,0,blank,0,443.57185,146.86975,541428,541617,189
103,0,blank,0,355.111133333333,142.957166666667,541617,541803,186
103,0,blank,0,343.127716666667,148.4254,541803,541992,189
103,0,blank,0,354.91975,152.179516666667,541992,542180,188
103,47,+,345,358.117733333333,176.579366666667,542180,542274,94
103,0,blank,0,-323,-105,542306,542441,135
103,47,[,358,321.8539,169.9684,542467,542493,26
103,47,[,358,288.726116666667,164.434466666667,542545,542718,173
103,0,blank,0,259.217266666667,158.804166666667,542718,542905,187
103,0,blank,0,253.209583333333,159.1685,542905,543097,192
103,47,=,337,263.9059,170.8045,543097,543285,188
103,0,blank,0,243.30655,157.440366666667,543285,543474,189
103,0,blank,0,257.019133333333,185.963333333333,543474,543663,189
103,49,m1,367,270.55675,204.25,543663,543851,188
103,49,multiply,365,232.280116666667,203.894466666667,543851,544038,187
103,0,blank,0,227.178383333333,184.746216666667,544038,544226,188
103,0,blank,0,237.41475,169.66375,544226,544291,65
103,0,blank,0,-323,-105,544322,544481,159
103,47,i,348,221.4217,162.71385,544511,544685,174
103,0,blank,0,211.574175,106.077025,544685,544813,128
103,0,blank,0,344.87688,143.3141,544845,545005,160
103,0,blank,0,-321.600866666667,248.92365,545069,545262,193
103,0,blank,0,642.95885,154.374483333333,545361,545556,195
103,0,blank,0,637.99464,153.13272,545556,545723,167
103,0,blank,0,1017.376,-32.9025666666667,545756,545951,195
103,0,blank,0,992.961666666667,-73.1435333333333,545951,546150,199
103,0,blank,0,984.39,-81.1995,546150,546218,68
103,0,blank,0,426.0966,112.83138,546284,546452,168
103,0,blank,0,440.24388,129.70612,546452,546622,170
103,0,blank,0,447.640183333333,127.581033333333,546622,546820,198
103,0,blank,0,455.4604,152.5443,546820,546853,33
103,0,blank,0,552.7034,145.60004,546887,547052,165
103,0,blank,0,549.3887,129.224416666667,547052,547250,198
103,0,blank,0,533.32746,144.75138,547250,547416,166
103,0,blank,0,509.7022,147.06968,547416,547584,168
103,0,blank,0,509.5389,147.3414,547584,547619,35
103,0,blank,0,309.96118,126.09486,547652,547819,167
103,0,blank,0,361.486266666667,152.618583333333,547819,548015,196
103,0,blank,0,419.27246,148.14522,548015,548184,169
103,0,blank,0,447.873366666667,143.6371,548184,548378,194
103,0,blank,0,448.302166666667,150.967266666667,548378,548573,195
103,0,blank,0,454.51815,157.50045,548573,548702,129
103,0,blank,0,942.326,272.10644,548735,548903,168
103,0,blank,0,917.119,279.3266,548903,548966,63
103,47,[,358,487.662366666667,173.737133333333,549000,549124,124
103,47,],360,508.0658,164.92845,549124,549320,196
103,0,blank,0,528.6978,140.8793,549320,549490,170
103,0,blank,0,528.666875,144.7255,549490,549622,132
103,0,blank,0,294.101583333333,152.664066666667,549654,549849,195
103,0,blank,0,279.3042,146.068616666667,549849,550044,195
103,0,blank,0,564.607466666667,164.207633333333,550076,550275,199
103,0,blank,0,528.9868,152.93985,550275,550470,195
103,0,blank,0,336.962,91.6647666666667,550502,550701,199
103,0,blank,0,381.8291,87.4056,550701,550734,33
103,0,blank,0,846.710833333333,-52.4386666666667,550799,550994,195
103,0,blank,0,861.311,-49.94015,550994,551059,65
103,0,blank,0,1032.30933333333,-71.80885,551091,551286,195
103,0,blank,0,306.463966666667,281.920466666667,551384,551479,95
103,47,+,345,361.50792,166.73208,551511,551678,167
103,0,blank,0,374.795016666667,153.912883333333,551678,551875,197
103,0,blank,0,437.84344,155.40874,551875,552042,167
103,0,blank,0,455.520266666667,155.861783333333,552042,552239,197
103,0,blank,0,445.109325,148.4926,552239,552369,130
103,0,blank,0,593.10066,173.90834,552401,552563,162
103,0,blank,0,-323,-105,552629,552797,168
103,0,blank,0,565.06205,224.1672,552931,553066,135
103,0,blank,0,-323,-105,553134,553332,198
103,0,blank,0,-323,-105,553332,553508,176
103,0,blank,0,-323,-105,553508,553538,30
103,0,blank,0,471.831133333333,230.0429,553571,553665,94
103,0,blank,0,-323,-105,553977,554171,194
103,0,blank,0,-323,-105,554171,554356,185
103,0,blank,0,-323,-105,554356,554488,132
103,0,blank,0,-323,-105,554488,554679,191
103,0,blank,0,-323,-105,554679,554876,197
103,0,blank,0,-323,-105,554876,555051,175
103,0,blank,0,-323,-105,555051,555249,198
103,0,blank,0,-323,-105,555249,555441,192
103,0,blank,0,-323,-105,555441,555632,191
103,0,blank,0,-323,-105,555632,555815,183
103,0,blank,0,-323,-105,555815,555922,107
103,0,blank,0,-323,-105,555922,556212,290
103,0,blank,0,-323,-105,556212,556488,276
103,0,blank,0,-323,-105,556488,556675,187
103,0,blank,0,-323,-105,556675,556872,197
103,0,blank,0,-323,-105,556872,557036,164
103,0,blank,0,-323,-105,557036,557094,58
103,0,blank,0,273.3358,142.540416666667,557128,557327,199
103,0,blank,0,257.6541,153.15372,557327,557500,173
103,0,blank,0,256.94062,153.31048,557500,557669,169
103,0,blank,0,250.4484,166.472,557669,557702,33
103,0,blank,0,409.78388,152.66672,557737,557904,167
103,0,blank,0,402.218966666667,145.6382,557904,558102,198
103,0,blank,0,443.21665,144.149066666667,558102,558297,195
103,0,blank,0,484.37198,153.28998,558297,558465,168
103,0,blank,0,490.5008,144.880416666667,558465,558663,198
103,0,blank,0,487.46876,147.9683,558663,558830,167
103,0,blank,0,491.9337,151.9004,558830,558864,34
103,45,k,325,170.58176,121.36612,558898,559068,170
103,0,blank,0,173.60808,144.93834,559068,559236,168
103,0,blank,0,173.139,146.5525,559236,559269,33
103,0,blank,0,-323,-105,559373,559548,175
103,0,blank,0,-323,-105,559548,559732,184
103,0,blank,0,-323,-105,559732,559926,194
103,0,blank,0,-323,-105,559926,560113,187
103,0,blank,0,361.806583333333,138.936866666667,560142,560330,188
103,0,blank,0,424.8394,127.8204,560330,560504,174
103,0,blank,0,469.874633333333,137.9877,560504,560606,102
103,0,blank,0,-323,-105,560745,560939,194
103,0,blank,0,-323,-105,560939,561120,181
103,0,blank,0,-323,-105,561120,561288,168
103,0,blank,0,-323,-105,561288,561465,177
103,0,blank,0,-323,-105,561465,561608,143
103,0,blank,0,-323,-105,561608,561776,168
103,0,blank,0,-323,-105,561776,561966,190
103,0,blank,0,-323,-105,561966,562139,173
103,0,blank,0,-323,-105,562139,562237,98
103,0,blank,0,347.31664,101.20874,562277,562469,192
103,0,blank,0,349.9124,74.0463,562469,562662,193
103,0,blank,0,355.63255,69.61035,562662,562732,70
103,0,blank,0,-323,-105,563461,563634,173
103,0,blank,0,-323,-105,563634,563823,189
103,0,blank,0,-323,-105,563823,564021,198
103,0,blank,0,-323,-105,564021,564189,168
103,0,blank,0,-323,-105,564189,564432,243
103,0,blank,0,-323,-105,564432,564597,165
103,0,blank,0,-323,-105,564597,564796,199
103,0,blank,0,-323,-105,564796,564924,128
103,0,blank,0,-323,-105,564924,565050,126
103,0,blank,0,-323,-105,565050,565239,189
103,0,blank,0,-323,-105,565239,565409,170
103,0,blank,0,-323,-105,565409,565584,175
103,0,blank,0,-323,-105,565584,565755,171
103,0,blank,0,-323,-105,565755,565828,73
103,0,blank,0,399.612516666667,159.968416666667,565863,566059,196
103,0,blank,0,401.18816,156.99128,566059,566225,166
103,0,blank,0,457.2412,157.14392,566225,566398,173
103,0,blank,0,451.5184,159.7923,566398,566431,33
103,0,blank,0,140.9391,438.1314,566466,566636,170
103,0,blank,0,254.38838,242.83448,566669,566837,168
103,0,blank,0,272.30126,176.3758,566837,567006,169
103,0,blank,0,287.03178,145.97284,567006,567173,167
103,0,blank,0,284.1614,150.9143,567173,567342,169
103,0,blank,0,283.8166,155.477,567342,567409,67
103,0,blank,0,134.84118,146.27558,567443,567613,170
103,46,{,329,130.3908,141.42815,567613,567681,68
103,0,blank,0,-31.64212,124.28916,567717,567892,175
103,0,blank,0,-35.420825,135.001775,567892,568032,140
103,0,blank,0,165.84376,151.81038,568067,568237,170
103,0,blank,0,171.25965,159.47995,568237,568369,132
103,0,blank,0,-323,-105,568436,568632,196
103,0,blank,0,-323,-105,568632,568825,193
103,0,blank,0,-323,-105,568825,568995,170
103,0,blank,0,-323,-105,568995,569171,176
103,0,blank,0,-323,-105,569171,569347,176
103,0,blank,0,-323,-105,569347,569526,179
103,0,blank,0,-323,-105,569526,569697,171
103,0,blank,0,-323,-105,569697,569853,156
103,0,blank,0,-323,-105,569853,570036,183
103,0,blank,0,-323,-105,570036,570188,152
103,0,blank,0,-323,-105,570188,570367,179
103,0,blank,0,-323,-105,570367,570569,202
103,0,blank,0,-323,-105,570569,570771,202
103,0,blank,0,-323,-105,570771,570921,150
103,0,blank,0,-323,-105,570921,571105,184
103,0,blank,0,-323,-105,571105,571283,178
103,0,blank,0,-323,-105,571283,571473,190
103,0,blank,0,-323,-105,571473,571650,177
103,0,blank,0,-323,-105,571650,571827,177
103,0,blank,0,-323,-105,571827,572026,199
103,0,blank,0,-323,-105,572026,572130,104
103,0,blank,0,-323,-105,572130,572268,138
103,0,blank,0,-323,-105,572268,572412,144
103,0,blank,0,-323,-105,572412,572586,174
103,0,blank,0,-323,-105,572586,572772,186
103,0,blank,0,-323,-105,572772,572941,169
103,0,blank,0,-323,-105,572941,573073,132
103,0,blank,0,-323,-105,573073,573250,177
103,0,blank,0,-323,-105,573250,573434,184
103,0,blank,0,-323,-105,573434,573587,153
103,0,blank,0,-323,-105,573587,573775,188
103,0,blank,0,-323,-105,573775,573962,187
103,0,blank,0,-323,-105,573962,574138,176
103,0,blank,0,-323,-105,574138,574312,174
103,0,blank,0,47.2859,175.356266666667,574329,574478,149
103,0,blank,0,16.1082,194.474133333333,574478,574649,171
103,0,blank,0,10.9824,190.493066666667,574649,574805,156
103,0,blank,0,209.5686,193.041775,574856,575044,188
103,47,j,359,187.18876,165.42872,575044,575234,190
103,0,blank,0,267.765783333333,173.930733333333,575234,575427,193
103,0,blank,0,-323,-105,575463,575518,55
103,0,blank,0,332.89165,152.756,575718,575877,159
103,0,blank,0,313.780125,163.78475,575877,576058,181
103,47,a,346,374.726625,173.017775,576058,576240,182
103,0,blank,0,424.9773,190.6784,576240,576425,185
103,0,blank,0,426.71315,197.97685,576425,576518,93
103,0,blank,0,933.82425,188.707525,576610,576741,131
103,0,blank,0,353.811166666667,141.232233333333,576805,576998,193
103,0,blank,0,326.139866666667,156.458833333333,576998,577095,97
103,0,blank,0,270.1758,191.6573,577095,577414,319
103,0,blank,0,377.188966666667,189.346083333333,577440,577629,189
103,0,blank,0,379.97045,196.0647,577629,577694,65
103,0,blank,0,252.7801,189.631333333333,577727,577921,194
103,0,blank,0,256.300283333333,192.98235,577921,578111,190
103,0,blank,0,251.7636,185.4834,578111,578142,31
103,47,+,345,357.9982,169.88115,578173,578362,189
103,0,blank,0,235.409566666667,168.908933333333,578529,578714,185
103,0,blank,0,302.897283333333,156.698316666667,578714,578904,190
103,0,blank,0,403.400083333333,141.8261,578904,579097,193
103,0,blank,0,792.699,299.5287,579160,579225,65
103,0,blank,0,1055.4766,463.01784,579257,579417,160
103,0,blank,0,367.61475,187.836166666667,579478,579669,191
103,0,blank,0,370.4112,183.03405,579669,579733,64
103,0,blank,0,-323,-105,579799,579828,29
103,0,blank,0,725.653,-103.9021,579854,579881,27
103,49,m1,367,267.99315,205.381583333333,579931,580109,178
103,0,blank,0,184.967916666667,504.256466666667,580143,580336,193
103,0,blank,0,188.7312,500.1301,580336,580436,100
103,0,blank,0,213.571633333333,333.716566666667,580468,580663,195
103,0,blank,0,210.8589,342.4183,580663,580695,32
103,0,blank,0,144.759583333333,454.525666666667,580727,580923,196
103,0,blank,0,149.39788,441.67406,580923,581081,158
103,0,blank,0,292.18955,270.8087,581112,581302,190
103,49,multiply,365,231.09815,218.34325,581302,581493,191
103,49,multiply,365,232.030966666667,223.241966666667,581493,581590,97
103,0,blank,0,136.847016666667,476.643533333333,581622,581812,190
103,0,blank,0,128.880783333333,480.243933333333,581812,582002,190
103,0,blank,0,203.1002,467.1739,582002,582194,192
103,0,blank,0,326.568833333333,475.9915,582194,582387,193
103,0,blank,0,327.23695,473.428175,582387,582515,128
103,63,i,468,168.74195,522.346216666667,582547,582740,193
103,0,blank,0,178.55465,525.116883333333,582740,582929,189
103,0,blank,0,222.992333333333,546.787516666667,582929,583121,192
103,65,n2,480,260.2562,567.495316666667,583121,583313,192
103,0,blank,0,260.704883333333,553.03585,583313,583503,190
103,0,blank,0,219.163666666667,540.528433333333,583503,583688,185
103,0,blank,0,202.586066666667,547.096383333333,583688,583882,194
103,0,blank,0,234.838433333333,528.864066666667,583882,584068,186
103,0,blank,0,263.8558,539.93265,584068,584258,190
103,0,blank,0,271.6553,532.9971,584258,584450,192
103,0,blank,0,255.863683333333,546.969366666667,584450,584641,191
103,0,blank,0,252.056116666667,541.692683333333,584641,584828,187
103,65,j,482,284.565916666667,556.8095,584828,585015,187
103,0,blank,0,300.248516666667,539.1627,585015,585205,190
103,0,blank,0,300.44295,532.050416666667,585205,585396,191
103,0,blank,0,305.551516666667,524.925233333333,585396,585587,191
103,0,blank,0,273.643,549.046333333333,585587,585775,188
103,65,<,479,230.066566666667,570.435383333333,585775,585968,193
103,65,n2,480,244.251183333333,573.1283,585968,586160,192
103,0,blank,0,258.010466666667,577.210633333333,586160,586351,191
103,0,blank,0,258.110866666667,576.016066666667,586351,586541,190
103,0,blank,0,295.965783333333,578.295583333333,586541,586733,192
103,0,blank,0,235.177983333333,579.866433333333,586733,586925,192
103,65,n2,480,263.19365,575.571516666667,586925,587120,195
103,0,blank,0,300.353516666667,584.528883333333,587120,587313,193
103,65,++,483,307.3878,574.81425,587313,587506,193
103,0,blank,0,326.352883333333,576.508966666667,587506,587705,199
103,0,blank,0,280.136283333333,544.9706,587705,587899,194
103,0,blank,0,257.233883333333,539.2875,587899,588092,193
103,65,++,483,309.190483333333,557.979916666667,588092,588285,193
103,0,blank,0,341.267216666667,572.146416666667,588285,588482,197
103,0,blank,0,364.769166666667,605.342716666667,588482,588676,194
103,67,),497,348.290416666667,616.70535,588676,588872,196
103,0,blank,0,233.75,627.127883333333,588872,589065,193
103,0,blank,0,267.128,629.594783333333,589065,589253,188
103,67,j,495,327.3603,619.760066666667,589253,589441,188
103,67,;,498,355.47885,610.504433333333,589441,589633,192
103,0,blank,0,354.675366666667,583.687183333333,589633,589817,184
103,0,blank,0,306.3756,576.735983333333,589817,590001,184
103,0,blank,0,280.7536,568.5026,590001,590167,166
103,0,blank,0,283.7456,551.3628,590167,590290,123
103,0,blank,0,227.92635,538.9935,590290,590484,194
103,0,blank,0,184.848516666667,551.936383333333,590484,590675,191
103,0,blank,0,216.918516666667,577.164233333333,590675,590862,187
103,0,blank,0,262.699616666667,592.9792,590862,591052,190
103,0,blank,0,275.1475,577.3886,591052,591080,28
103,0,blank,0,219.507533333333,675.31425,591112,591297,185
103,0,blank,0,214.588825,661.086775,591297,591422,125
103,0,blank,0,316.03084,582.5628,591451,591602,151
103,0,blank,0,284.9092,414.83495,591634,591818,184
103,0,blank,0,236.515033333333,409.412433333333,591818,592003,185
103,0,blank,0,187.019816666667,409.054533333333,592003,592191,188
103,0,blank,0,156.098033333333,438.087616666667,592191,592382,191
103,60,m1,438,159.234533333333,452.68665,592382,592570,188
103,0,blank,0,197.106466666667,467.561533333333,592570,592759,189
103,0,blank,0,216.827766666667,487.0882,592759,592950,191
103,0,blank,0,228.5054,468.934966666667,592950,593048,98
103,0,blank,0,402.115216666667,449.920266666667,593079,593262,183
103,60,],450,397.4539,453.5645,593262,593292,30
103,0,blank,0,276.69985,356.684666666667,593323,593510,187
103,0,blank,0,217.348983333333,336.033333333333,593510,593697,187
103,0,blank,0,182.13308,345.59066,593697,593854,157
103,0,blank,0,159.88835,111.230725,593896,594076,180
103,0,blank,0,105.076825,76.97235,594076,594246,170
103,0,blank,0,94.0363,56.9729,594246,594414,168
103,0,blank,0,124.40155,59.68825,594414,594583,169
103,0,blank,0,214.72456,22.05778,594583,594773,190
103,0,blank,0,218.5693,11.2101,594773,594804,31
103,0,blank,0,311.9932,126.32145,594834,595014,180
103,0,blank,0,244.664516666667,151.8907,595014,595197,183
103,0,blank,0,240.530416666667,152.516816666667,595197,595380,183
103,0,blank,0,240.988116666667,156.644966666667,595380,595561,181
103,0,blank,0,248.41765,159.5775,595561,595682,121
103,0,blank,0,392.928366666667,144.04235,595712,595897,185
103,0,blank,0,341.269566666667,140.837566666667,595897,596078,181
103,0,blank,0,339.5302,142.39,596078,596259,181
103,0,blank,0,340.26425,132.16035,596259,596319,60
103,0,blank,0,234.695983333333,144.074616666667,596349,596530,181
103,0,blank,0,234.31095,147.547433333333,596530,596709,179
103,0,blank,0,269.0187,143.41615,596709,596892,183
103,0,blank,0,267.99245,142.292333333333,596892,597073,181
103,47,],360,231.590266666667,163.639966666667,597073,597254,181
103,47,=,337,256.631283333333,173.4467,597254,597435,181
103,0,blank,0,251.512083333333,176.765383333333,597435,597617,182
103,0,blank,0,239.836633333333,169.50545,597617,597800,183
103,0,blank,0,278.671933333333,184.286033333333,597800,597982,182
103,0,blank,0,337.596116666667,183.400216666667,597982,598163,181
103,0,blank,0,363.8193,187.707833333333,598163,598343,180
103,0,blank,0,362.500966666667,152.055933333333,598343,598525,182
103,0,blank,0,380.53965,139.969266666667,598525,598707,182
103,0,blank,0,449.634616666667,151.926633333333,598707,598885,178
103,0,blank,0,433.8232,153.408483333333,598885,599068,183
103,0,blank,0,341.174966666667,138.367,599068,599248,180
103,0,blank,0,252.828966666667,147.54175,599248,599428,180
103,0,blank,0,240.104966666667,160.2735,599428,599612,184
103,0,blank,0,234.37195,242.2152,599612,599797,185
103,0,blank,0,214.573883333333,244.153283333333,599797,599982,185
103,0,blank,0,195.4434,266.022733333333,599982,600165,183
103,53,multiply,390,187.54635,305.716883333333,600165,600349,184
103,0,blank,0,213.820416666667,280.4398,600349,600530,181
103,0,blank,0,177.609,336.5706,600530,600709,179
103,53,multiply,390,203.845,296.059766666667,600709,600889,180
103,0,blank,0,226.1556,289.44415,600889,601073,184
103,0,blank,0,245.63884,286.85582,601073,601223,150
103,0,blank,0,249.0742,149.3424,601253,601434,181
103,0,blank,0,258.741133333333,196.876916666667,601434,601616,182
103,0,blank,0,255.65355,197.0351,601616,601794,178
103,0,blank,0,261.071866666667,153.56275,601794,601975,181
103,0,blank,0,257.222316666667,117.105933333333,601975,602157,182
103,0,blank,0,211.788966666667,85.0400666666667,602157,602339,182
103,0,blank,0,210.58495,82.4395166666666,602339,602524,185
103,0,blank,0,208.365333333333,86.1279166666667,602524,602702,178
103,0,blank,0,167.974616666667,31.2545333333333,602702,602887,185
103,0,blank,0,138.7272,4.25565,602887,603068,181
103,0,blank,0,169.97965,-2.04473333333333,603068,603252,184
103,0,blank,0,188.46035,-3.69751666666667,603252,603434,182
103,0,blank,0,216.746883333333,-1.52408333333333,603434,603619,185
103,0,blank,0,219.497133333333,5.91968333333333,603619,603806,187
103,0,blank,0,222.182183333333,12.8312666666667,603806,603991,185
103,0,blank,0,209.518116666667,35.0294166666667,603991,604175,184
103,0,blank,0,213.369616666667,35.0908,604175,604361,186
103,0,blank,0,205.41175,33.74745,604361,604545,184
103,0,blank,0,232.654316666667,49.64835,604545,604729,184
103,0,blank,0,228.409766666667,48.7306166666667,604729,604914,185
103,0,blank,0,216.880283333333,34.3709333333333,604914,605098,184
103,0,blank,0,201.6649,9.7842,605098,605284,186
103,0,blank,0,171.059666666667,15.8833166666667,605284,605469,185
103,0,blank,0,146.91735,39.2288166666667,605469,605654,185
103,0,blank,0,205.751866666667,58.7721833333333,605654,605840,186
103,0,blank,0,262.2756,109.17745,605840,606023,183
103,0,blank,0,256.750466666667,151.425333333333,606023,606207,184
103,0,blank,0,230.262833333333,156.843566666667,606207,606390,183
103,0,blank,0,202.68605,101.696633333333,606390,606573,183
103,0,blank,0,196.2328,94.803475,606573,606694,121
103,0,blank,0,-323,-105,606755,606816,61
103,41,m1,313,186.8136,47.276,606841,606867,26
103,41,),314,195.739783333333,38.6361333333333,606929,607102,173
103,0,blank,0,203.975383333333,13.6531833333333,607102,607284,182
103,0,blank,0,227.227983333333,16.57245,607284,607467,183
103,0,blank,0,190.63325,69.33145,607467,607650,183
103,0,blank,0,145.2738,35.8952166666667,607650,607832,182
103,0,blank,0,124.256616666667,7.31261666666666,607832,608016,184
103,0,blank,0,167.256433333333,1.25841666666667,608016,608203,187
103,0,blank,0,211.430766666667,8.65315,608203,608390,187
103,0,blank,0,207.914233333333,5.31601666666667,608390,608574,184
103,0,blank,0,208.634483333333,25.8207666666667,608574,608757,183
103,0,blank,0,223.698316666667,89.1421333333333,608757,608943,186
103,47,=,337,258.422166666667,164.695166666667,608943,609128,185
103,0,blank,0,228.9153,154.60935,609128,609313,185
103,0,blank,0,184.064416666667,313.551366666667,609344,609526,182
103,0,blank,0,175.42345,373.262883333333,609526,609707,181
103,0,blank,0,177.555666666667,371.69995,609707,609891,184
103,57,m1,417,190.83175,388.313216666667,609891,610075,184
103,0,blank,0,227.1228,408.04665,610075,610257,182
103,0,blank,0,353.77655,382.563216666667,610287,610468,181
103,0,blank,0,412.2443,406.45515,610468,610628,160
103,0,blank,0,435.04475,390.3922,610628,610821,193
103,0,blank,0,1021.793,509.9464,610874,611059,185
103,0,blank,0,1030.05183333333,509.395766666667,611059,611237,178
103,0,blank,0,1027.73783333333,504.30265,611237,611417,180
103,0,blank,0,1022.315,506.09625,611417,611476,59
103,0,blank,0,479.7091,301.227766666667,611507,611693,186
103,0,blank,0,463.807083333333,283.811733333333,611693,611878,185
103,0,blank,0,442.9351,268.1771,611878,611908,30
103,0,blank,0,237.9738,64.9196,611938,612121,183
103,0,blank,0,207.417133333333,53.0035833333333,612121,612306,185
103,0,blank,0,178.518516666667,23.2861833333333,612306,612489,183
103,0,blank,0,174.023233333333,-21.35005,612489,612673,184
103,0,blank,0,202.411283333333,3.73485,612673,612858,185
103,0,blank,0,203.405016666667,3.60053333333333,612858,613043,185
103,0,blank,0,234.733225,-2.082625,613043,613169,126
103,0,blank,0,-323,-105,613200,613281,81
103,0,blank,0,200.9529,-3.1974,613307,613366,59
103,0,blank,0,206.866066666667,-0.324700000000002,613436,613615,179
103,0,blank,0,220.658483333333,75.2313666666667,613615,613806,191
103,0,blank,0,223.117866666667,105.9608,613806,613995,189
103,0,blank,0,251.385983333333,109.474066666667,613995,614183,188
103,0,blank,0,257.60225,116.2396,614183,614246,63
103,0,blank,0,812.2085,346.338266666667,614307,614496,189
103,0,blank,0,800.218,347.012,614496,614526,30
103,0,blank,0,403.828925,130.27165,614586,614709,123
103,41,<,312,162.5144,35.05924,614771,614925,154
103,0,blank,0,-323,-105,614987,615095,108
103,0,blank,0,1082.904,363.0552,615121,615147,26
103,0,blank,0,419.9371,143.844525,615265,615390,125
103,0,blank,0,207.084316666667,53.1287666666667,615421,615607,186
103,0,blank,0,163.632983333333,32.2729166666667,615607,615794,187
103,0,blank,0,891.2312,501.62162,615857,616015,158
103,0,blank,0,1041.01216666667,407.315816666667,616046,616231,185
103,0,blank,0,1037.97066666667,408.712,616231,616418,187
103,0,blank,0,943.822,382.36435,616418,616607,189
103,0,blank,0,928.917,379.7548,616607,616636,29
104,0,blank,0,142.580333333333,210.134433333333,618018,618203,185
104,0,blank,0,121.525233333333,169.119216666667,618203,618388,185
104,0,blank,0,162.81755,162.868283333333,618388,618573,185
104,0,blank,0,185.707416666667,170.102883333333,618573,618757,184
104,0,blank,0,260.419633333333,179.329383333333,618757,618943,186
104,34,int,274,253.73225,181.628683333333,618943,619127,184
104,36,comma,293,204.595116666667,241.596516666667,619127,619311,184
104,36,0,296,197.347766666667,235.592283333333,619311,619495,184
104,0,blank,0,167.22625,235.24985,619495,619678,183
104,36,i,286,158.668283333333,234.901816666667,619678,619863,185
104,36,int,285,135.001866666667,241.840016666667,619863,620047,184
104,0,blank,0,184.618616666667,232.754883333333,620047,620230,183
104,0,blank,0,213.3666,236.1547,620230,620413,183
104,36,comma,293,205.559866666667,230.990516666667,620413,620598,185
104,0,blank,0,168.712383333333,229.4943,620598,620781,183
104,36,=,295,177.512033333333,233.030583333333,620781,620960,179
104,36,0,296,198.51348,237.9912,620960,621111,151
104,0,blank,0,219.62435,324.018033333333,621141,621326,185
104,0,blank,0,221.6437,319.966966666667,621326,621508,182
104,0,blank,0,204.752883333333,332.498966666667,621508,621691,183
104,41,<,312,153.418916666667,338.874833333333,621691,621873,182
104,0,blank,0,182.542483333333,332.6724,621873,622053,180
104,0,blank,0,176.8564,270.054166666667,622053,622234,181
104,0,blank,0,187.108116666667,242.13855,622234,622415,181
104,0,blank,0,194.45685,279.6334,622415,622598,183
104,0,blank,0,185.3444,286.168283333333,622598,622781,183
104,0,blank,0,181.286466666667,274.814483333333,622781,622965,184
104,0,blank,0,189.59525,304.506583333333,622965,623148,183
104,41,),314,198.711216666667,337.570216666667,623148,623327,179
104,0,blank,0,229.034833333333,359.08575,623327,623507,180
104,0,blank,0,235.03324,338.90406,623507,623657,150
104,0,blank,0,-323,-105,623687,623831,144
104,0,blank,0,205.462042857143,392.761114285714,623857,624056,199
104,0,blank,0,235.559433333333,395.528133333333,624056,624235,179
104,0,blank,0,233.83205,413.686133333333,624235,624416,181
104,0,blank,0,243.897116666667,440.329666666667,624416,624596,180
104,0,blank,0,279.511433333333,456.009283333333,624596,624774,178
104,0,blank,0,248.2547,446.456433333333,624774,624952,178
104,45,),328,227.49495,435.09505,624952,625129,177
104,0,blank,0,249.2651,444.614016666667,625129,625307,178
104,0,blank,0,268.575383333333,431.962616666667,625307,625487,180
104,0,blank,0,288.6886,452.617433333333,625487,625668,181
104,47,[,358,289.564466666667,472.433366666667,625668,625849,181
104,47,=,337,253.2897,480.513916666667,625849,626027,178
104,0,blank,0,293.4863,486.217283333333,626027,626208,181
104,0,blank,0,311.30555,490.719833333333,626208,626387,179
104,0,blank,0,349.012483333333,477.78515,626387,626567,180
104,0,blank,0,348.674666666667,480.191816666667,626567,626749,182
104,47,+,345,358.477616666667,475.23625,626749,626929,180
104,47,a,346,373.051233333333,470.953633333333,626929,627110,181
104,47,[,358,391.872566666667,471.37,627110,627290,180
104,47,k,356,432.34225,476.85615,627290,627471,181
104,0,blank,0,442.861566666667,480.706433333333,627471,627652,181
104,47,b,354,482.862083333333,483.731783333333,627652,627832,180
104,47,],360,511.4141,479.83165,627832,628011,179
104,0,blank,0,543.524316666667,503.541133333333,628011,628192,181
104,0,blank,0,538.526216666667,488.466933333333,628192,628371,179
104,47,[,358,317.032083333333,480.672366666667,628401,628580,179
104,0,blank,0,280.0614,496.608933333333,628580,628758,178
104,0,blank,0,278.584216666667,502.742516666667,628758,628935,177
104,0,blank,0,268.37135,505.9446,628935,629113,178
104,0,blank,0,266.727033333333,509.041416666667,629113,629292,179
104,0,blank,0,161.899366666667,491.510483333333,629292,629474,182
104,0,blank,0,178.133433333333,549.262833333333,629474,629621,147
104,0,blank,0,297.755783333333,487.9937,629680,629859,179
104,0,blank,0,259.4934,495.101533333333,629859,630040,181
104,0,blank,0,290.400383333333,488.6103,630040,630219,179
104,47,[,358,320.821833333333,484.2531,630219,630398,179
104,0,blank,0,360.447133333333,488.858733333333,630398,630578,180
104,0,blank,0,368.578416666667,496.4051,630578,630758,180
104,0,blank,0,337.73788,505.29324,630758,630956,198
104,47,=,337,253.8165,483.5117,630956,631056,100
104,0,blank,0,279.7583,501.4065,631056,631232,176
104,0,blank,0,254.299483333333,493.029933333333,631232,631425,193
104,0,blank,0,250.814533333333,483.048216666667,631425,631608,183
104,0,blank,0,265.62905,496.68765,631608,631790,182
104,0,blank,0,248.5429,487.812366666667,631790,631971,181
104,47,c,338,275.311583333333,483.32005,631971,632151,180
104,0,blank,0,365.111866666667,466.089966666667,632151,632330,179
104,47,+,345,353.61255,472.060783333333,632330,632509,179
104,47,c,338,273.503966666667,479.103733333333,632509,632690,181
104,47,=,337,257.048916666667,478.379816666667,632690,632870,180
104,0,blank,0,266.411266666667,489.708266666667,632870,633051,181
104,47,i,348,299.311383333333,485.595483333333,633051,633230,179
104,47,j,359,324.908683333333,483.414533333333,633230,633410,180
104,47,=,337,263.001733333333,467.984316666667,633410,633590,180
104,47,=,337,261.349633333333,481.95775,633590,633772,182
104,47,=,337,261.226883333333,486.593316666667,633772,633950,178
104,0,blank,0,260.0064,493.84274,633950,634100,150
104,47,a,346,377.440816666667,482.783966666667,634130,634310,180
104,47,+,345,353.608016666667,476.355016666667,634310,634489,179
104,47,+,345,357.8176,475.314733333333,634489,634670,181
104,47,a,346,383.079316666667,471.86695,634670,634850,180
104,0,blank,0,384.7807,484.472,634850,634909,59
104,49,m1,367,258.152216666667,522.2653,634940,635118,178
104,49,m1,367,259.9984,519.460516666667,635118,635296,178
104,0,blank,0,316.847783333333,537.4742,635296,635474,178
104,0,blank,0,287.330283333333,523.477183333333,635474,635651,177
104,0,blank,0,275.070166666667,491.795783333333,635651,635830,179
104,47,i,348,294.1753,479.934466666667,635830,635918,88
104,0,blank,0,442.886866666667,476.105733333333,635948,636128,180
104,47,],360,441.342316666667,481.041316666667,636128,636307,179
104,0,blank,0,346.066466666667,468.62955,636307,636486,179
104,47,c,338,276.337233333333,478.076233333333,636486,636667,181
104,0,blank,0,266.589666666667,487.9292,636667,636845,178
104,47,=,337,261.138616666667,485.9737,636845,637022,177
104,0,blank,0,250.796816666667,479.194066666667,637022,637201,179
104,0,blank,0,256.203216666667,461.86785,637201,637380,179
104,47,=,337,260.972,477.001783333333,637380,637558,178
104,0,blank,0,251.658433333333,493.67645,637558,637737,179
104,0,blank,0,252.86222,479.01338,637737,637884,147
104,0,blank,0,388.677066666667,492.6657,637914,638092,178
104,0,blank,0,376.707666666667,494.892966666667,638092,638183,91
104,0,blank,0,192.077966666667,456.67585,638213,638396,183
104,0,blank,0,262.331933333333,415.6215,638396,638574,178
104,0,blank,0,306.22825,379.817983333333,638574,638754,180
104,0,blank,0,307.115433333333,376.759633333333,638754,638843,89
104,47,a,346,374.28226,480.1205,638873,639024,151
104,0,blank,0,128.8445,503.8424,639111,639291,180
104,0,blank,0,108.94558,521.14136,639291,639447,156
104,0,blank,0,264.435816666667,412.660266666667,639476,639657,181
104,0,blank,0,255.00805,288.850783333333,639657,639837,180
104,0,blank,0,248.567266666667,208.874033333333,639837,640020,183
104,34,int,274,257.78976,182.24146,640020,640172,152
104,0,blank,0,139.27885,171.203616666667,640203,640385,182
104,0,blank,0,1037.54816666667,344.024166666667,640446,640629,183
104,0,blank,0,1031.61275,338.961825,640629,640750,121
104,0,blank,0,696.486,287.553275,640781,640903,122
104,0,blank,0,1057.059,334.48025,640934,641112,178
104,0,blank,0,1057.069,315.487,641112,641143,31
104,0,blank,0,363.580233333333,106.119866666667,641202,641385,183
104,0,blank,0,219.0924,93.8527833333333,641415,641598,183
104,0,blank,0,223.7366,95.4872,641598,641659,61
104,0,blank,0,402.137883333333,104.386783333333,641689,641872,183
104,0,blank,0,401.07315,107.88585,641872,641934,62
104,29,a,214,253.405966666667,89.9974833333333,641965,642146,181
104,0,blank,0,154.084516666667,92.5822666666667,642146,642328,182
104,0,blank,0,131.608183333333,94.3894,642328,642512,184
104,0,blank,0,307.062616666667,94.1473,642542,642723,181
104,0,blank,0,454.0218,113.8351,642754,642937,183
104,0,blank,0,506.563066666667,113.405866666667,642937,643120,183
104,0,blank,0,612.869433333333,105.184216666667,643120,643304,184
104,0,blank,0,648.227975,104.376725,643304,643426,122
104,27,j,203,311.59844,44.59032,643457,643610,153
104,29,multiply,208,159.090083333333,78.77095,643640,643822,182
104,31,"OnmatrixmultiplicationofAandBtheresultis:\n",228,135.892266666667,120.8929,643822,644007,185
104,31,"OnmatrixmultiplicationofAandBtheresultis:\n",228,184.644866666667,119.8332,644007,644191,184
104,31,"OnmatrixmultiplicationofAandBtheresultis:\n",228,197.9427,122.559866666667,644191,644283,92
104,0,blank,0,1028.8005,393.654416666667,644344,644527,183
104,0,blank,0,1046.0325,318.3389,644527,644709,182
104,0,blank,0,1041.89966666667,81.0637,644816,644992,176
104,0,blank,0,1035.24133333333,96.4412166666667,644992,645175,183
104,0,blank,0,1039.3705,104.66615,645175,645358,183
104,0,blank,0,1041.34066666667,126.607933333333,645358,645450,92
104,0,blank,0,360.479775,574.441325,645512,645637,125
104,0,blank,0,218.020466666667,639.684283333333,645668,645855,187
104,0,blank,0,218.959366666667,648.738833333333,645855,645947,92
105,23,"\nEnterelementsinMatrixB:\n",163,257.3052,490.99325,646690,646881,191
105,0,blank,0,299.18115,482.594616666667,646881,647072,191
105,23,"\nEnterelementsinMatrixB:\n",163,322.269116666667,490.3695,647072,647269,197
105,24,m2,174,258.619616666667,522.84685,647269,647458,189
105,0,blank,0,347.6471,518.83955,647458,647521,63
105,0,blank,0,-323,-105,647552,647659,107
105,0,blank,0,377.8677,483.8745,647685,647714,29
105,23,"\nEnterelementsinMatrixB:\n",163,443.446083333333,500.958316666667,647805,647983,178
105,0,blank,0,440.3657,520.59975,647983,648043,60
105,24,m2,174,251.645866666667,528.7559,648074,648257,183
105,25,j,189,289.154466666667,536.135566666667,648257,648442,185
105,27,b,198,263.876916666667,589.964983333333,648442,648627,185
105,29,n1,212,230.997433333333,632.019883333333,648627,648808,181
105,0,blank,0,208.937433333333,631.333866666667,648808,648997,189
105,0,blank,0,269.473583333333,646.373483333333,648997,649186,189
105,0,blank,0,284.63525,652.600266666667,649186,649376,190
105,31,"OnmatrixmultiplicationofAandBtheresultis:\n",228,354.803583333333,670.07075,649376,649566,190
105,32,n2,235,158.774366666667,689.13145,649597,649787,190
105,32,comma,236,164.42686,689.37068,649787,649948,161
105,0,blank,0,-323,-105,649978,650088,110
105,0,blank,0,237.4399,722.379,650114,650139,25
105,0,blank,0,265.86285,649.1137,650191,650368,177
105,0,blank,0,275.183666666667,647.184466666667,650368,650462,94
105,18,;,128,187.148633333333,381.995083333333,650494,650687,193
105,18,;,128,189.20375,388.676816666667,650687,650881,194
105,0,blank,0,192.1064,386.3802,650881,650914,33
105,5,],46,279.9262,104.93956,650945,651103,158
105,0,blank,0,77.85582,-19.94432,651135,651319,184
105,0,blank,0,290.9348,-35.1872,651436,651559,123
105,0,blank,0,436.695225,-22.561875,651648,651782,134
105,0,blank,0,161.974116666667,-22.8218666666667,651814,652007,193
105,0,blank,0,135.27065,-28.3139833333333,652007,652195,188
105,0,blank,0,243.041283333333,-27.4190666666667,652195,652382,187
105,0,blank,0,210.1143,64.4299,652382,652413,31
105,0,blank,0,197.68622,241.55428,652445,652602,157
105,5,10,45,148.351716666667,94.6898833333333,652634,652824,190
105,0,blank,0,130.3163,17.8553666666667,652824,653012,188
105,1,to,5,133.6349,20.18944,653012,653174,162
105,0,blank,0,340.056583333333,60.5402833333333,653205,653396,191
105,0,blank,0,289.781866666667,69.9781,653396,653584,188
105,0,blank,0,274.5173,51.5422,653584,653614,30
105,0,blank,0,420.127066666667,70.0326666666667,653646,653833,187
105,0,blank,0,407.32275,74.4542666666667,653833,654019,186
105,0,blank,0,469.387266666667,75.6466666666667,654019,654205,186
105,0,blank,0,469.5133,76.3022,654205,654267,62
105,0,blank,0,213.239516666667,76.7107166666667,654299,654487,188
105,0,blank,0,211.0683,81.7444166666667,654487,654684,197
105,0,blank,0,197.2663,85.934,654684,654748,64
105,0,blank,0,429.480566666667,129.4868,654782,654969,187
105,7,"EnterrowsandcolumnsforMatrixArespectively:",69,429.4379,135.1682,654969,655001,32
105,0,blank,0,561.94125,134.416233333333,655031,655221,190
105,7,"EnterrowsandcolumnsforMatrixArespectively:",69,562.88865,139.999366666667,655221,655408,187
105,10,n2,96,254.24385,207.919383333333,655439,655624,185
105,9,"EnterrowsandcolumnsforMatrixBrespectively:",85,283.871733333333,193.978566666667,655624,655720,96
105,0,blank,0,1022.18833333333,129.403233333333,655785,655978,193
105,0,blank,0,1048.11166666667,143.201783333333,655978,656173,195
105,0,blank,0,1031.12166666667,145.34765,656173,656366,193
105,0,blank,0,1038.96316666667,145.055366666667,656366,656560,194
105,0,blank,0,1035.1855,142.6456,656560,656749,189
105,0,blank,0,1034.376,138.712875,656749,656874,125
105,0,blank,0,898.693333333333,210.18815,656906,657097,191
105,0,blank,0,898.8296,181.5366,657097,657254,157
105,0,blank,0,1032.71916666667,187.820933333333,657285,657474,189
105,0,blank,0,1026.96116666667,176.790566666667,657474,657672,198
105,0,blank,0,1020.4855,164.0288,657672,657739,67
106,34,[,279,367.66694,81.57854,658991,659148,157
106,36,0,296,194.58795,128.75005,659180,659366,186
106,0,blank,0,221.814133333333,127.0624,659366,659554,188
106,36,=,295,249.7816,123.84565,659554,659617,63
106,0,blank,0,208.19825,228.059133333333,659648,659833,185
106,0,blank,0,178.951666666667,116.712116666667,659864,660047,183
106,0,blank,0,143.97335,70.3529833333333,660047,660232,185
106,32,m1,233,103.89835,52.230025,660232,660358,126
106,31,"OnmatrixmultiplicationofAandBtheresultis:\n",228,253.6318,22.38425,660390,660579,189
106,0,blank,0,226.7131,4.69755,660579,660764,185
106,0,blank,0,271.935116666667,51.8188,660764,660953,189
106,0,blank,0,127.874733333333,68.5196833333333,660985,661175,190
106,0,blank,0,129.524133333333,65.8008666666667,661175,661371,196
106,0,blank,0,182.130816666667,116.024933333333,661371,661558,187
106,0,blank,0,182.46055,116.55645,661558,661620,62
106,0,blank,0,193.042966666667,291.52545,661652,661836,184
106,0,blank,0,236.1481,321.235233333333,661836,662022,186
106,0,blank,0,255.0766,327.8836,662022,662056,34
106,0,blank,0,242.849333333333,112.5181,662085,662274,189
106,0,blank,0,251.774933333333,66.2355333333334,662274,662455,181
106,0,blank,0,435.80775,59.5665,662485,662671,186
106,36,i,286,160.890983333333,131.748566666667,662703,662889,186
106,0,blank,0,167.081833333333,154.3641,662889,663074,185
106,0,blank,0,194.217083333333,261.977783333333,663074,663260,186
106,0,blank,0,192.75785,264.6413,663260,663383,123
106,0,blank,0,231.257083333333,356.2182,663414,663597,183
106,49,m1,367,258.584516666667,420.222116666667,663597,663781,184
106,0,blank,0,324.747316666667,405.512366666667,663781,663966,185
106,0,blank,0,331.018733333333,399.843833333333,663966,664058,92
106,0,blank,0,226.507266666667,495.54885,664089,664273,184
106,53,m1,392,227.174866666667,499.521283333333,664273,664452,179
106,0,blank,0,248.46385,522.4442,664452,664632,180
106,57,m1,417,192.70695,590.088533333333,664632,664813,181
106,0,blank,0,193.874016666667,571.9758,664813,664992,179
106,0,blank,0,187.433383333333,561.23635,664992,665173,181
106,0,blank,0,214.129916666667,473.822366666667,665173,665355,182
106,0,blank,0,226.910383333333,487.285016666667,665355,665535,180
106,53,(,391,210.118216666667,501.09445,665535,665715,180
106,0,blank,0,229.083825,448.11985,665776,665893,117
106,0,blank,0,148.942433333333,243.078816666667,665923,666107,184
106,0,blank,0,159.181766666667,283.78385,666107,666293,186
106,0,blank,0,211.704783333333,403.983983333333,666293,666475,182
106,0,blank,0,200.930233333333,436.96025,666475,666655,180
106,0,blank,0,182.8455,458.4899,666655,666685,30
106,0,blank,0,200.2633,342.276475,666715,666836,121
106,0,blank,0,164.885033333333,590.476916666667,666866,667048,182
106,57,m1,417,177.9616,600.69255,667048,667108,60
106,0,blank,0,-321.98875,379.86305,667263,667385,122
106,0,blank,0,1032.45016666667,351.104783333333,667415,667600,185
106,0,blank,0,1029.55483333333,355.604066666667,667600,667781,181
106,0,blank,0,1030.94716666667,355.785533333333,667781,667965,184
106,0,blank,0,1023.73,355.221816666667,667965,668150,185
106,0,blank,0,1026.7372,346.16616,668150,668304,154
106,0,blank,0,299.60155,322.100475,668365,668493,128
106,48,k,362,173.867633333333,398.154483333333,668524,668712,188
106,0,blank,0,138.744233333333,468.13615,668712,668895,183
106,0,blank,0,111.6982,449.0986,668895,668927,32
107,60,m1,438,169.4607,448.922466666667,669115,669297,182
107,60,int,443,213.40865,456.041233333333,669297,669482,185
107,0,blank,0,341.236683333333,443.98465,669482,669668,186
107,0,blank,0,412.2236,442.062725,669668,669790,122
107,0,blank,0,172.00485,478.94835,669820,670005,185
107,0,blank,0,145.935483333333,470.191433333333,670005,670188,183
107,0,blank,0,208.793666666667,594.017833333333,670218,670405,187
107,0,blank,0,245.678983333333,641.702383333333,670405,670593,188
107,0,blank,0,274.116,645.922083333333,670593,670782,189
107,0,blank,0,339.313583333333,628.536716666667,670782,670965,183
107,0,blank,0,373.934,614.56145,670965,671152,187
107,0,blank,0,350.433216666667,622.792566666667,671152,671337,185
107,67,j,495,328.781783333333,608.8691,671337,671522,185
107,0,blank,0,319.7519,596.0377,671522,671554,32
107,0,blank,0,524.7501,499.038066666667,671584,671718,134
107,0,blank,0,831.418,707.4396,671830,671948,118
107,0,blank,0,770.493,762.34905,671948,672129,181
107,0,blank,0,787.972,781.627,672129,672189,60
107,0,blank,0,-323,-105,672220,672418,198
107,0,blank,0,-323,-105,672418,672614,196
107,0,blank,0,-323,-105,672614,672810,196
107,0,blank,0,-323,-105,672810,673005,195
107,0,blank,0,-323,-105,673005,673183,178
107,0,blank,0,-323,-105,673183,673378,195
107,0,blank,0,-323,-105,673378,673559,181
107,0,blank,0,-323,-105,673559,673657,98
107,0,blank,0,-323,-105,673657,673853,196
107,0,blank,0,-323,-105,673853,674048,195
107,0,blank,0,-323,-105,674048,674230,182
107,0,blank,0,-323,-105,674230,674404,174
107,0,blank,0,-323,-105,674404,674535,131
107,0,blank,0,-323,-105,674535,674762,227
107,0,blank,0,-323,-105,674762,674907,145
107,0,blank,0,-323,-105,674907,675232,325
107,0,blank,0,-323,-105,675232,675476,244
107,0,blank,0,-323,-105,675476,675657,181
107,0,blank,0,-323,-105,675657,675818,161
107,0,blank,0,-323,-105,675818,675920,102
107,0,blank,0,526.65435,518.53575,676162,676332,170
107,0,blank,0,522.303625,512.598925,676332,676517,185
