Frameno_fix,lineno_fix,Tokenname_fix,tokens_id,gaze_X_fix,gaze_Y_fix,timestamp_fix_start,timestamp_fix_end,time_duration
100,0,blank,0,50.2323,-35.30725,3686,3871,185
100,0,blank,0,47.0709166666667,-36.4713333333333,3871,4057,186
100,0,blank,0,50.60305,-39.985,4057,4120,63
100,0,blank,0,539.4515,-0.0147833333333314,4183,4373,190
100,0,blank,0,416.45342,27.56124,4373,4567,194
100,0,blank,0,371.1298,52.1572,4567,4683,116
100,2,h,15,171.8717,40.4558666666667,4883,5038,155
100,2,stdio,13,149.69385,36.51245,5038,5155,117
100,1,C,3,34.1547,18.1582166666667,5179,5365,186
100,0,blank,0,46.3338,9.06518333333334,5365,5549,184
100,1,program,4,62.2335,10.7409833333333,5549,5733,184
100,1,program,4,94.3328166666666,20.7775,5733,5919,186
100,1,SELECTION,6,231.620016666667,17.3684833333333,5919,6104,185
100,0,blank,0,-323,-105,6136,6269,133
100,2,#,10,11.37485,37.52465,6296,6473,177
100,2,#,10,12.0086,38.2217,6473,6539,66
100,0,blank,0,-323,-105,6572,6605,33
100,2,include,11,26.8069333333333,32.0643666666667,6708,6892,184
100,2,include,11,25.53485,41.0616166666667,6892,7079,187
100,0,blank,0,-323,-105,7192,7385,193
100,0,blank,0,-323,-105,7385,7461,76
100,1,program,4,103.8539,23.2336,7492,7517,25
100,0,blank,0,-323,-105,7573,7650,77
100,0,blank,0,-323,-105,7650,7832,182
100,0,blank,0,-323,-105,7832,7903,71
100,0,blank,0,-323,-105,7903,8075,172
100,0,blank,0,-323,-105,8075,8254,179
100,0,blank,0,-323,-105,8254,8440,186
100,0,blank,0,-323,-105,8440,8629,189
100,0,blank,0,-323,-105,8629,8827,198
100,0,blank,0,-323,-105,8827,8989,162
100,0,blank,0,-323,-105,8989,9169,180
100,0,blank,0,-323,-105,9169,9338,169
100,0,blank,0,-323,-105,9338,9530,192
100,0,blank,0,-323,-105,9530,9722,192
100,0,blank,0,-323,-105,9722,9872,150
100,0,blank,0,-323,-105,9872,10070,198
100,0,blank,0,-323,-105,10070,10249,179
100,0,blank,0,-323,-105,10854,10973,119
100,0,blank,0,-323,-105,10973,11478,505
100,0,blank,0,-323,-105,11478,11647,169
100,0,blank,0,-323,-105,11647,11814,167
100,0,blank,0,-323,-105,11814,12003,189
100,0,blank,0,-323,-105,12003,12169,166
100,0,blank,0,-323,-105,12169,12305,136
100,0,blank,0,-323,-105,12305,12371,66
100,0,blank,0,168.5524,536.2975,12404,12725,321
100,0,blank,0,-323,-105,13070,13249,179
100,0,blank,0,-323,-105,13249,13411,162
100,0,blank,0,-323,-105,13411,13470,59
100,7,(,38,111.5478,144.152333333333,13667,13817,150
100,6,comma,34,126.731375,132.4251,13817,13987,170
100,0,blank,0,-323,-105,14054,14093,39
100,7,"Enterthevalueofn\n",39,118.215066666667,153.606833333333,14171,14366,195
100,7,"Enterthevalueofn\n",39,119.56635,152.14835,14366,14500,134
100,0,blank,0,-323,-105,14735,15023,288
100,0,blank,0,-323,-105,15023,15172,149
100,0,blank,0,-323,-105,15172,15297,125
100,0,blank,0,-323,-105,15297,15467,170
100,6,n,33,153.553775,129.97935,16276,16467,191
100,0,blank,0,-323,-105,16528,16664,136
100,0,blank,0,-323,-105,16664,16819,155
100,0,blank,0,-323,-105,16819,16986,167
100,0,blank,0,-323,-105,16986,17160,174
100,0,blank,0,-323,-105,17160,18337,1177
100,0,blank,0,-323,-105,18337,18491,154
100,0,blank,0,-323,-105,18491,18659,168
100,0,blank,0,-323,-105,18659,18839,180
100,0,blank,0,-323,-105,18839,19034,195
100,0,blank,0,-323,-105,19034,19201,167
100,8,(,43,99.2836833333333,160.657716666667,19229,19400,171
100,8,scanf,42,86.49605,172.2875,19400,19577,177
100,8,"%d",44,139.684225,171.329675,19577,19748,171
100,0,blank,0,209.937125,158.7383,19748,19915,167
100,0,blank,0,274.67365,156.35105,19915,20095,180
100,0,blank,0,315.74995,164.46475,20095,20276,181
100,0,blank,0,310.763566666667,173.253816666667,20276,20475,199
100,9,"Entertheelementsonebyone\n",52,345.725716666667,181.7981,20475,20657,182
100,9,"Entertheelementsonebyone\n",52,353.764433333333,192.333066666667,20657,20755,98
100,8,"%d",44,120.39515,174.392433333333,20785,20974,189
100,8,"%d",44,131.369566666667,163.117766666667,20974,21068,94
100,0,blank,0,113.6295,187.3853,21101,21162,61
100,0,blank,0,-323,-105,21188,21220,32
100,7,"Enterthevalueofn\n",39,152.35256,151.23036,21329,21499,170
100,7,"Enterthevalueofn\n",39,121.50005,146.02175,21499,21678,179
100,8,"%d",44,107.0596,168.47315,21678,21796,118
100,0,blank,0,-323,-105,22334,22523,189
100,0,blank,0,-323,-105,22523,22714,191
100,0,blank,0,-323,-105,22714,22909,195
100,0,blank,0,-323,-105,22909,23096,187
100,0,blank,0,-323,-105,23096,23289,193
100,0,blank,0,-323,-105,23289,23395,106
100,0,blank,0,-323,-105,23395,23652,257
100,0,blank,0,-323,-105,23652,23906,254
100,0,blank,0,-323,-105,23906,24160,254
100,0,blank,0,-323,-105,24160,24338,178
100,0,blank,0,-323,-105,24338,24506,168
100,0,blank,0,-323,-105,24506,24684,178
100,0,blank,0,-323,-105,24684,24877,193
100,0,blank,0,-323,-105,24877,24992,115
100,0,blank,0,-323,-105,24992,25115,123
100,0,blank,0,-323,-105,25115,25267,152
100,0,blank,0,-323,-105,25267,25459,192
100,0,blank,0,-323,-105,25459,25657,198
100,0,blank,0,-323,-105,25657,25697,40
100,7,"Enterthevalueofn\n",39,165.1999,145.1916,26066,26113,47
100,0,blank,0,276.93605,127.045825,26149,26320,171
100,0,blank,0,120.311075,76.359125,26362,26527,165
100,8,"%d",44,124.444375,168.808375,26527,26702,175
100,0,blank,0,113.2543,225.220466666667,26702,26886,184
100,9,printf,50,100.41605,196.2134,26886,27071,185
100,0,blank,0,192.7659,200.397833333333,27071,27258,187
100,9,"Entertheelementsonebyone\n",52,191.0775,195.9588,27258,27289,31
100,0,blank,0,216.054383333333,237.429783333333,27430,27609,179
100,12,"%d",71,158.66365,247.2385,27609,27786,177
100,12,(,70,140.435483333333,246.276716666667,27786,27970,184
100,0,blank,0,205.6364,239.91435,27970,28154,184
100,0,blank,0,195.422133333333,253.804583333333,28154,28336,182
100,12,"%d",71,180.299683333333,249.9388,28336,28517,181
100,12,comma,72,188.008716666667,247.566416666667,28517,28697,180
100,0,blank,0,171.043733333333,243.960133333333,28697,28884,187
100,0,blank,0,126.45732,243.38012,28884,29036,152
100,0,blank,0,-323,-105,29068,29098,30
100,12,array,74,223.0291,251.59576,29208,29406,198
100,0,blank,0,234.82565,272.9239,29406,29602,196
100,12,array,74,242.950616666667,260.110466666667,29602,29773,171
100,0,blank,0,163.4605,279.6289,29773,29803,30
100,14,printf,81,63.9092,295.870983333333,29833,30017,184
100,14,printf,81,65.69905,300.369116666667,30017,30199,182
100,14,printf,81,95.9412166666667,304.146916666667,30199,30381,182
100,14,"Inputarrayelements\n",83,131.854516666667,299.297216666667,30381,30563,182
100,0,blank,0,-323,-105,30592,30673,81
100,14,"Inputarrayelements\n",83,242.569883333333,297.025783333333,30812,31007,195
100,0,blank,0,126.669133333333,314.7189,31007,31191,184
100,14,"Inputarrayelements\n",83,158.909583333333,304.789366666667,31191,31373,182
100,14,"Inputarrayelements\n",83,185.64585,299.457783333333,31373,31553,180
100,0,blank,0,191.4503,283.8338,31553,31583,30
100,0,blank,0,-323,-105,31643,31744,101
100,14,"Inputarrayelements\n",83,294.381614285714,290.355885714286,31819,32018,199
100,14,"Inputarrayelements\n",83,300.0274,293.396166666667,32018,32109,91
100,15,=,89,121.0787,317.732933333333,32140,32322,182
100,15,=,89,114.969,313.658233333333,32322,32503,181
100,0,blank,0,105.942916666667,329.618983333333,32503,32684,181
100,0,blank,0,140.789383333333,354.441383333333,32684,32866,182
100,0,blank,0,226.957783333333,343.79155,32866,33049,183
100,0,blank,0,174.833616666667,352.337266666667,33049,33232,183
100,0,blank,0,163.0107,349.48215,33232,33415,183
100,0,blank,0,-323,-105,33446,33476,30
100,14,printf,81,75.9838333333333,295.351333333333,33589,33762,173
100,14,printf,81,54.0477166666667,301.94145,33762,33943,181
100,15,i,96,102.1944,313.5959,33943,34138,195
100,0,blank,0,180.422433333333,320.071383333333,34138,34330,192
100,15,;,95,225.455183333333,326.754966666667,34330,34515,185
100,0,blank,0,227.9784,342.769766666667,34515,34702,187
100,0,blank,0,179.917416666667,311.8203,34702,34891,189
100,0,blank,0,162.565483333333,310.69985,34891,35076,185
100,0,blank,0,153.47045,321.56405,35076,35138,62
100,0,blank,0,-323,-105,35169,35273,104
100,14,"Inputarrayelements\n",83,121.9975,307.000916666667,35324,35497,173
100,0,blank,0,94.59565,397.12435,35497,35684,187
100,0,blank,0,104.1039,326.724483333333,35684,35870,186
100,14,(,82,112.579166666667,289.407066666667,35870,36059,189
100,0,blank,0,192.5902,287.737983333333,36059,36246,187
100,14,"Inputarrayelements\n",83,239.49005,292.727933333333,36246,36432,186
100,14,"Inputarrayelements\n",83,274.458075,294.88985,36432,36608,176
100,0,blank,0,122.8186,353.22305,36634,36820,186
100,0,blank,0,124.24216,351.61428,36820,36973,153
100,17,"%d\n",102,165.109714285714,365.755085714286,37138,37335,197
100,17,"%d\n",102,155.4375,371.621083333333,37335,37531,196
100,0,blank,0,201.591066666667,344.671566666667,37531,37716,185
100,15,i,96,246.693916666667,330.205416666667,37716,37897,181
100,0,blank,0,250.3467,333.8645,37897,37927,30
100,0,blank,0,111.662633333333,382.94165,37956,38140,184
100,0,blank,0,121.354083333333,399.808716666667,38140,38325,185
100,0,blank,0,189.86875,392.070983333333,38325,38512,187
100,0,blank,0,189.4091,420.8484,38512,38542,30
100,0,blank,0,-323,-105,38572,38703,131
100,19,sorting,114,238.876,417.9023,38728,38754,26
100,20,exchange,118,68.0762857142857,427.830028571429,38853,39051,198
100,20,array,120,134.75375,423.81705,39051,39232,181
100,20,array,120,136.247233333333,425.778833333333,39232,39413,181
100,24,"%d\n",146,172.4506,510.4771,39413,39473,60
100,0,blank,0,-323,-105,39501,39531,30
100,19,sorting,114,191.667,402.60096,39695,39879,184
100,20,exchange,118,109.39045,431.3372,39879,40047,168
100,0,blank,0,132.7213,420.205875,40047,40217,170
100,19,Selection,113,171.41255,400.0096,40217,40387,170
100,0,blank,0,242.05276,430.94676,40387,40575,188
100,0,blank,0,238.58835,424.3558,40575,40756,181
100,20,;,124,227.534416666667,439.126266666667,40756,40933,177
100,0,blank,0,-323,-105,40964,41067,103
100,0,blank,0,262.248,549.6371,41093,41118,25
100,0,blank,0,244.30128,433.30812,41142,41287,145
100,20,array,120,136.087883333333,427.23515,41318,41496,178
100,20,array,120,137.7942,431.1045,41496,41675,179
100,21,"Sortedarrayis...\n",127,130.150066666667,460.274883333333,41675,41854,179
100,22,<,137,190.590716666667,466.44435,41854,42032,178
100,21,"Sortedarrayis...\n",127,189.8944,455.0053,42032,42208,176
100,0,blank,0,233.740416666667,490.037016666667,42208,42388,180
100,0,blank,0,276.3739,497.279033333333,42388,42478,90
100,0,blank,0,-323,-105,42508,42639,131
100,0,blank,0,338.80708,480.28962,42663,42797,134
100,0,blank,0,182.4768,470.471466666667,42857,43032,175
100,0,blank,0,126.070133333333,470.532183333333,43032,43214,182
100,0,blank,0,130.585533333333,481.999583333333,43214,43399,185
100,0,blank,0,123.11112,488.45396,43399,43554,155
100,0,blank,0,173.5349,490.7927,43554,43742,188
100,0,blank,0,173.5349,490.7927,43742,43767,25
100,28,findmax,167,91.4188833333333,598.516933333333,43791,43965,174
100,0,blank,0,91.4952666666667,595.351866666667,43965,44146,181
100,22,<,137,183.833683333333,474.641716666667,44205,44380,175
100,0,blank,0,195.8323,476.4507,44380,44560,180
100,0,blank,0,283.029266666667,494.9207,44560,44741,181
100,0,blank,0,261.64345,489.149566666667,44741,44921,180
100,0,blank,0,264.091383333333,492.0403,44921,45104,183
100,0,blank,0,240.923366666667,533.712116666667,45104,45289,185
100,0,blank,0,225.1048,538.8964,45289,45393,104
100,0,blank,0,325.1686,541.0734,45501,45614,113
100,0,blank,0,-323,-105,45697,45894,197
100,0,blank,0,155.3766,773.0947,45920,45958,38
100,0,blank,0,133.742483333333,640.8793,46022,46194,172
100,0,blank,0,137.663583333333,636.645016666667,46194,46376,182
100,30,max,180,96.1980166666667,642.333183333333,46376,46556,180
100,30,max,180,95.28124,649.12098,46556,46705,149
100,0,blank,0,129.71152,632.11242,46736,46883,147
100,0,blank,0,-323,-105,46943,47072,129
100,0,blank,0,207.4296,650.025,47108,47148,40
100,0,blank,0,194.9187,648.86965,47211,47381,170
100,0,blank,0,222.295716666667,651.412583333333,47381,47561,180
100,0,blank,0,199.0761,650.192333333333,47561,47739,178
100,31,<=,193,192.4012,663.225633333333,47739,47915,176
100,31,;,195,226.339716666667,664.898383333333,47915,48093,178
100,0,blank,0,218.052433333333,656.038583333333,48093,48271,178
100,30,;,185,184.212883333333,655.06905,48271,48454,183
100,30,0,182,143.693683333333,657.06855,48454,48635,181
100,0,blank,0,231.01305,632.645266666667,48635,48818,183
100,0,blank,0,207.0527,623.9985,48818,48848,30
100,0,blank,0,331.709875,671.9895,48877,48995,118
100,0,blank,0,-323,-105,49054,49180,126
100,0,blank,0,408.6588,606.8559,49206,49232,26
100,0,blank,0,389.5149,628.7139,49282,49332,50
100,0,blank,0,242.005633333333,663.437866666667,49358,49533,175
100,31,++,197,266.465333333333,673.815183333333,49533,49710,177
100,0,blank,0,238.48354,658.45084,49710,49891,181
100,0,blank,0,221.046833333333,658.487766666667,49891,50070,179
100,0,blank,0,246.2908,689.80825,50070,50198,128
100,0,blank,0,-323,-105,50228,50332,104
100,0,blank,0,264.6504,694.7927,50369,50418,49
100,0,blank,0,310.852033333333,656.980966666667,50483,50657,174
100,0,blank,0,305.033733333333,600.314533333333,50657,50838,181
100,0,blank,0,270.9332,631.657525,50838,50960,122
100,0,blank,0,-323,-105,51020,51178,158
100,0,blank,0,356.837,776.4791,51204,51229,25
100,0,blank,0,238.137485714286,688.292285714286,51276,51473,197
100,0,blank,0,219.872566666667,690.863466666667,51473,51652,179
100,0,blank,0,248.93075,691.610683333333,51652,51829,177
100,0,blank,0,242.8676,675.33225,51829,52005,176
100,31,;,195,224.486683333333,668.230233333333,52005,52190,185
100,0,blank,0,212.740166666667,667.455,52190,52377,187
100,0,blank,0,115.0293,705.9523,52408,52590,182
100,0,blank,0,-323,-105,52729,52897,168
100,0,blank,0,213.222783333333,685.289966666667,52945,53124,179
100,0,blank,0,230.770933333333,684.58335,53124,53305,181
100,0,blank,0,244.425283333333,696.741216666667,53305,53487,182
100,0,blank,0,258.9592,709.814275,53487,53668,181
100,0,blank,0,283.105466666667,729.5554,53668,53848,180
100,31,;,195,231.5111,683.968375,53905,54078,173
100,0,blank,0,252.11174,685.49778,54078,54265,187
100,0,blank,0,242.3832,708.9871,54265,54296,31
100,0,blank,0,314.39285,741.96425,54355,54438,83
100,0,blank,0,-323,-105,54465,54597,132
100,0,blank,0,218.554666666667,698.900216666667,54781,54958,177
100,0,blank,0,227.50775,703.5042,54958,55110,152
100,0,blank,0,161.197125,712.907075,55143,55287,144
100,0,blank,0,205.86264,695.23782,55287,55460,173
100,31,;,195,227.2623,670.890333333333,55460,55637,177
100,31,k,194,216.3381,672.7911,55637,55668,31
100,0,blank,0,-323,-105,55727,55858,131
100,0,blank,0,342.6793,773.4214,55884,55910,26
100,0,blank,0,266.509542857143,713.968342857143,55958,56154,196
100,0,blank,0,276.941225,733.740925,56154,56332,178
100,0,blank,0,262.5594,737.85655,56332,56479,147
100,0,blank,0,290.3693,765.0235,56479,56570,91
100,0,blank,0,-323,-105,56599,56630,31
100,0,blank,0,276.4592,734.8615,56656,56681,25
100,0,blank,0,282.1966,703.52564,56744,56885,141
100,0,blank,0,-323,-105,57121,57249,128
100,0,blank,0,293.69875,665.928216666667,57380,57554,174
100,0,blank,0,307.5641,629.67185,57554,57679,125
100,0,blank,0,274.507266666667,430.774,57711,57897,186
100,0,blank,0,1011.3955,361.17535,58021,58198,177
100,0,blank,0,1010.38133333333,359.042966666667,58198,58386,188
100,0,blank,0,1023.6575,408.27995,58386,58572,186
100,0,blank,0,1026.6095,416.858433333333,58572,58758,186
100,0,blank,0,1020.9852,404.68172,58758,58914,156
100,0,blank,0,1022.59666666667,240.142416666667,58945,59132,187
100,0,blank,0,1023.21533333333,261.653366666667,59132,59320,188
100,0,blank,0,1022.24566666667,263.80425,59320,59508,188
100,0,blank,0,1021.70033333333,261.042733333333,59508,59698,190
100,0,blank,0,1018.472,265.238333333333,59698,59885,187
100,0,blank,0,1017.4716,247.8864,59885,60044,159
100,0,blank,0,1019.1835,457.35335,60106,60297,191
100,0,blank,0,1011.992,453.0333,60297,60329,32
101,27,find,160,174.32125,171.232683333333,60988,61178,190
101,0,blank,0,155.09175,197.515125,61178,61303,125
101,0,blank,0,-323,-105,61334,61505,171
101,0,blank,0,1022.79728571429,491.0546,61531,61728,197
101,0,blank,0,1002.81866666667,493.0102,61728,61817,89
101,0,blank,0,906.36975,249.647575,61876,61994,118
101,28,b,170,171.243783333333,182.736683333333,62084,62264,180
101,0,blank,0,125.9102,173.549183333333,62264,62448,184
101,28,findmax,167,103.6384,187.7158,62448,62477,29
101,0,blank,0,-323,-105,62508,62692,184
101,0,blank,0,-323,-105,62692,62874,182
101,0,blank,0,-323,-105,62874,62959,85
101,0,blank,0,100.35468,153.10792,62985,63152,167
101,0,blank,0,99.2226,159.045925,63152,63322,170
101,0,blank,0,-323,-105,63385,63557,172
101,27,function,158,118.280766666667,176.428616666667,63591,63763,172
101,0,blank,0,159.73374,172.17838,63763,63943,180
101,28,10,172,195.81215,194.10215,63943,64001,58
101,28,b,170,164.9848,199.3029,64001,64188,187
101,0,blank,0,162.8109,197.5392,64188,64214,26
101,0,blank,0,-323,-105,64237,64384,147
101,0,blank,0,-323,-105,64384,64439,55
101,28,10,172,203.2345,187.423957142857,64465,64664,199
101,0,blank,0,207.290683333333,180.620633333333,64664,64844,180
101,0,blank,0,231.1183,204.7335,64844,64873,29
101,0,blank,0,-323,-105,64985,65120,135
101,0,blank,0,-323,-105,65120,65211,91
101,0,blank,0,131.89974,288.29908,65554,65685,131
101,0,blank,0,166.5335,225.9278,65685,65889,204
101,31,j,196,169.3194,266.2959,65889,66043,154
101,0,blank,0,210.2049,314.1304,66043,66094,51
101,0,blank,0,192.2297,223.1425,66094,66304,210
101,0,blank,0,206.498933333333,244.5819,66304,66502,198
101,0,blank,0,-323,-105,66552,66735,183
101,0,blank,0,-323,-105,66735,66987,252
101,0,blank,0,-323,-105,66987,67156,169
101,0,blank,0,-323,-105,67156,67193,37
101,31,<=,193,188.98188,259.54396,67242,67433,191
101,31,<=,193,200.456583333333,256.091583333333,67433,67613,180
101,0,blank,0,205.752433333333,251.439083333333,67613,67795,182
101,0,blank,0,239.914766666667,261.455766666667,67795,67886,91
101,0,blank,0,204.506,255.5893,67886,68071,185
101,0,blank,0,237.9161,252.215971428571,68071,68263,192
101,0,blank,0,308.94882,256.12036,68263,68414,151
101,0,blank,0,-323,-105,68499,68599,100
101,0,blank,0,287.306371428571,261.043557142857,68624,68813,189
101,0,blank,0,243.408666666667,284.29535,68813,68985,172
101,0,blank,0,194.793483333333,293.381083333333,68985,69163,178
101,33,>=,206,188.273716666667,292.032883333333,69163,69341,178
101,33,>=,206,178.57435,296.871616666667,69341,69520,179
101,33,j,204,144.652866666667,304.88165,69520,69700,180
101,0,blank,0,-323,-105,69730,69835,105
101,0,blank,0,200.734314285714,299.314728571429,69910,70104,194
101,0,blank,0,194.674083333333,302.35205,70104,70285,181
101,33,>=,206,185.995433333333,300.472033333333,70285,70375,90
101,28,b,170,164.683783333333,200.202783333333,70405,70585,180
101,31,j,196,163.059866666667,253.497816666667,70615,70794,179
101,30,j,184,178.39025,245.41295,70794,70974,180
101,30,;,185,185.315516666667,226.73095,70974,71155,181
101,0,blank,0,194.462733333333,205.819516666667,71155,71338,183
101,0,blank,0,255.32588,179.08892,71338,71492,154
101,27,the,161,237.35076,173.67048,71492,71665,173
101,27,the,161,224.455033333333,173.914033333333,71665,71757,92
101,0,blank,0,-323,-105,71818,71899,81
101,0,blank,0,315.5639,184.5728,71924,71950,26
101,31,j,196,250.66716,259.4869,72040,72182,142
101,0,blank,0,154.81202,255.41964,72478,72665,187
101,30,j,184,174.978975,240.598375,72665,72836,171
101,0,blank,0,168.969375,234.598375,72836,73001,165
101,31,j,196,171.6618,259.1283,73001,73044,43
101,0,blank,0,-323,-105,73088,73181,93
101,33,b,207,127.3823,302.06015,73244,73423,179
101,0,blank,0,112.515383333333,325.915166666667,73423,73608,185
101,0,blank,0,136.38854,281.15246,73608,73806,198
101,0,blank,0,145.196183333333,271.5093,73806,73990,184
101,0,blank,0,127.5967,261.707833333333,73990,74175,185
101,0,blank,0,112.6371,257.9327,74175,74358,183
101,33,b,207,131.915066666667,296.083116666667,74358,74544,186
101,33,b,207,124.14345,304.16345,74544,74730,186
101,0,blank,0,120.696983333333,290.746483333333,74730,74915,185
101,0,blank,0,111.4325,269.80875,74915,75036,121
101,0,blank,0,-323,-105,75067,75098,31
101,0,blank,0,175.8707,538.3041,75148,75173,25
101,0,blank,0,179.608416666667,258.577866666667,75198,75372,174
101,0,blank,0,208.138416666667,258.52625,75372,75558,186
101,31,<=,193,195.15015,264.132083333333,75558,75742,184
101,31,<=,193,191.847416666667,251.790866666667,75742,75923,181
101,0,blank,0,181.333575,261.276275,75923,76043,120
101,0,blank,0,-323,-105,76073,76179,106
101,0,blank,0,110.476757142857,267.405428571429,76230,76421,191
101,0,blank,0,124.142883333333,263.598683333333,76421,76601,180
101,31,j,196,166.597733333333,265.6356,76601,76781,180
101,0,blank,0,175.341783333333,261.630783333333,76781,76961,180
101,31,j,196,168.230833333333,260.99185,76961,77142,181
101,0,blank,0,159.23805,261.4245,77142,77323,181
101,31,1,190,136.8856,254.45485,77323,77503,180
101,0,blank,0,116.359533333333,243.45485,77503,77685,182
101,30,max,180,108.7274,237.7554,77685,77715,30
101,0,blank,0,-323,-105,78245,78305,60
101,31,k,194,214.934966666667,255.841,78434,78606,172
101,0,blank,0,212.8539,280.201583333333,78606,78785,179
101,0,blank,0,208.8714,286.039016666667,78785,78961,176
101,0,blank,0,208.3542,284.985533333333,78961,79138,177
101,0,blank,0,209.474416666667,272.175583333333,79138,79314,176
101,33,j,204,150.636166666667,291.1374,79314,79491,177
101,33,[,208,141.56635,293.29685,79491,79609,118
101,0,blank,0,-323,-105,79639,79744,105
101,0,blank,0,130.537442857143,335.905114285714,79818,80007,189
101,0,blank,0,130.105416666667,338.8252,80007,80182,175
101,0,blank,0,159.5285,340.941083333333,80182,80357,175
101,0,blank,0,157.7932,337.734975,80357,80474,117
101,0,blank,0,148.02188,246.99658,80503,80677,174
101,0,blank,0,138.1082,238.417,80677,80735,58
101,30,=,181,131.54498,241.74096,80796,80945,149
101,0,blank,0,-323,-105,81005,81056,51
101,0,blank,0,115.394414285714,229.924485714286,81107,81295,188
101,30,max,180,111.885983333333,235.136716666667,81295,81475,180
101,30,max,180,112.29625,240.331733333333,81475,81658,183
101,30,max,180,111.367733333333,229.576266666667,81658,81839,181
101,31,=,189,120.78485,249.78145,81839,82020,181
101,0,blank,0,139.1736,290.1976,82020,82142,122
101,0,blank,0,-323,-105,82171,82202,31
101,43,k,249,135.1987,515.5119,82252,82277,25
101,0,blank,0,115.089185714286,245.861285714286,82302,82499,197
101,0,blank,0,107.740283333333,251.448166666667,82499,82684,185
101,0,blank,0,111.0272,254.6391,82684,82866,182
101,0,blank,0,106.560533333333,263.1454,82866,83047,181
101,0,blank,0,110.878266666667,274.142183333333,83047,83229,182
101,33,(,201,119.807333333333,307.5426,83229,83320,91
101,0,blank,0,-323,-105,83352,83380,28
101,0,blank,0,155.8592,-103.9654,83405,83430,25
101,0,blank,0,105.093716666667,256.626716666667,83482,83655,173
101,0,blank,0,109.99075,248.4491,83655,83835,180
101,0,blank,0,103.15,251.8293,83835,83866,31
101,0,blank,0,103.5962,253.5538,83866,84171,305
101,0,blank,0,113.774166666667,295.302066666667,84171,84356,185
101,33,[,208,138.0566,302.2184,84356,84386,30
101,0,blank,0,-323,-105,84416,84521,105
101,0,blank,0,110.621371428571,276.227114285714,84572,84767,195
101,0,blank,0,106.315216666667,269.3791,84767,84950,183
101,0,blank,0,107.260366666667,272.552233333333,84950,85132,182
101,0,blank,0,118.2621,278.38626,85132,85311,179
101,0,blank,0,130.4425,313.952133333333,85311,85401,90
101,0,blank,0,-323,-105,85461,85490,29
101,0,blank,0,121.0484,328.0035,85615,85690,75
101,0,blank,0,72.7877714285714,438.315628571429,85853,86051,198
101,38,return,219,94.6993666666667,418.535166666667,86051,86247,196
101,40,exchange,226,56.0482,457.0493,86468,86493,25
101,0,blank,0,-323,-105,86528,86818,290
101,0,blank,0,-323,-105,86818,87007,189
101,0,blank,0,193.046116666667,343.516983333333,87231,87417,186
101,35,j,215,191.446133333333,353.38505,87417,87599,182
101,33,max,209,225.007516666667,294.07525,87599,87780,181
101,0,blank,0,256.3412,290.223,87780,87811,31
101,0,blank,0,-323,-105,87870,87898,28
101,0,blank,0,662.0334,-103.7921,87924,87950,26
101,0,blank,0,221.943233333333,277.900866666667,87999,88168,169
101,28,10,172,200.64502,201.67474,88168,88355,187
101,0,blank,0,188.008616666667,219.55505,88355,88538,183
101,31,;,195,149.48425,267.198216666667,88538,88723,185
101,0,blank,0,178.1208,215.998333333333,88723,88904,181
101,28,comma,174,216.113916666667,181.8417,88904,89085,181
101,27,the,161,243.203825,164.675875,89085,89207,122
101,0,blank,0,-323,-105,89267,89344,77
101,40,exchange,226,120.247016666667,450.0467,89481,89653,172
101,40,exchange,226,99.7886,445.221416666667,89653,89834,181
101,0,blank,0,103.7947,436.7778,89834,89925,91
101,0,blank,0,211.371283333333,432.3702,89955,90134,179
101,0,blank,0,205.861183333333,438.1184,90134,90312,178
101,0,blank,0,224.5903,439.0398,90312,90461,149
101,0,blank,0,-323,-105,90491,90521,30
101,0,blank,0,135.831171428571,436.670385714286,90622,90820,198
101,0,blank,0,111.609483333333,438.015483333333,90820,91000,180
101,0,blank,0,97.1267333333333,442.37395,91000,91185,185
101,0,blank,0,140.627183333333,426.97185,91185,91369,184
101,0,blank,0,173.367783333333,427.29155,91369,91554,185
101,0,blank,0,215.77046,441.55836,91554,91707,153
101,0,blank,0,-323,-105,91738,91844,106
101,0,blank,0,290.255666666667,447.239433333333,91960,92135,175
101,0,blank,0,316.244016666667,430.860016666667,92135,92321,186
101,0,blank,0,302.69675,433.3883,92321,92382,61
101,42,temp,239,125.96744,491.97072,92413,92587,174
101,42,big,241,166.988633333333,501.214116666667,92587,92765,178
101,0,blank,0,167.4104,483.8124,92765,92856,91
101,0,blank,0,-323,-105,92881,93009,128
101,0,blank,0,186.0604,554.01555,93107,93279,172
101,45,findmax,261,179.6828,556.081033333333,93279,93464,185
101,0,blank,0,167.121216666667,546.574833333333,93464,93644,180
101,43,;,254,231.409216666667,522.96485,93644,93827,183
101,0,blank,0,308.118366666667,471.73285,93827,94011,184
101,0,blank,0,315.47902,437.40166,94011,94163,152
101,0,blank,0,-323,-105,94223,94366,143
101,0,blank,0,231.77394,437.15702,94392,94532,140
101,0,blank,0,231.15982,51.47652,95327,95500,173
101,22,++,141,251.49005,51.0607,95500,95675,175
101,20,;,124,230.322816666667,18.5271166666667,95675,95853,178
101,20,n,122,204.834325,7.6038,95853,95976,123
101,20,array,120,154.3418,15.39815,95976,96139,163
101,20,),123,215.700925,5.51625,96139,96326,187
101,0,blank,0,219.419433333333,0.903816666666666,96326,96512,186
101,20,n,122,213.189766666667,12.3864666666667,96512,96698,186
101,0,blank,0,-323,-105,96728,96839,111
101,0,blank,0,-323,-105,96839,97231,392
101,0,blank,0,-323,-105,97231,97397,166
101,0,blank,0,-323,-105,97397,97468,71
101,0,blank,0,118.746033333333,487.433166666667,97571,97745,174
101,43,j,255,98.36075,517.587816666667,97745,97925,180
101,42,temp,239,99.0124833333333,503.258083333333,97925,98106,181
101,42,temp,239,104.042483333333,494.918566666667,98106,98288,182
101,0,blank,0,143.806483333333,501.6949,98288,98471,183
101,42,big,241,153.907466666667,500.194216666667,98471,98654,183
101,43,j,255,165.392885714286,511.656585714286,98817,99015,198
101,0,blank,0,149.56135,507.51065,99015,99198,183
101,0,blank,0,154.018066666667,512.575516666667,99198,99380,182
101,0,blank,0,154.6261,534.1996,99380,99411,31
101,0,blank,0,-323,-105,99471,99573,102
101,0,blank,0,168.25615,535.47815,99598,99704,106
101,0,blank,0,112.82,510.9869,99704,100044,340
101,43,;,254,145.755066666667,520.338133333333,100044,100177,133
101,0,blank,0,-323,-105,100203,100332,129
101,0,blank,0,166.765383333333,533.73315,100357,100526,169
101,43,j,255,167.402983333333,523.339133333333,100526,100709,183
101,43,for,245,72.1435166666667,527.5953,100709,100894,185
101,43,j,255,98.1981833333333,511.321966666667,100894,101076,182
101,43,j,255,94.92095,519.9161,101076,101139,63
101,0,blank,0,-323,-105,101170,101277,107
101,0,blank,0,212.9456,525.9114,101303,101334,31
101,43,;,254,226.07175,513.872616666667,101399,101577,178
101,43,1,253,221.689666666667,515.24485,101577,101761,184
101,0,blank,0,232.896,524.174,101761,101792,31
101,42,temp,239,95.82265,509.025075,101822,101947,125
101,0,blank,0,-323,-105,101979,102161,182
101,0,blank,0,-323,-105,102161,102352,191
101,0,blank,0,130.9746,468.75852,102378,102518,140
101,0,blank,0,189.701283333333,84.2064166666667,102581,102770,189
101,21,"Sortedarrayis...\n",127,198.5899,34.86135,102770,102959,189
101,0,blank,0,190.2889,71.65735,102959,103079,120
101,0,blank,0,-323,-105,103180,103798,618
101,0,blank,0,-323,-105,103798,103937,139
101,0,blank,0,-323,-105,103937,104135,198
101,0,blank,0,-323,-105,104135,104329,194
101,0,blank,0,-323,-105,104329,104444,115
101,0,blank,0,-323,-105,104444,104950,506
101,0,blank,0,-323,-105,104950,105116,166
101,0,blank,0,-323,-105,105116,105286,170
101,0,blank,0,-323,-105,105286,105472,186
101,0,blank,0,-323,-105,105472,105598,126
101,0,blank,0,-323,-105,105598,105840,242
101,0,blank,0,-323,-105,105840,106009,169
101,0,blank,0,-323,-105,106009,106161,152
101,0,blank,0,-323,-105,106161,106359,198
101,0,blank,0,-323,-105,106359,106464,105
101,0,blank,0,-323,-105,106464,106591,127
101,0,blank,0,-323,-105,106591,106805,214
101,0,blank,0,-323,-105,106805,106988,183
101,0,blank,0,-323,-105,106988,107136,148
101,0,blank,0,-323,-105,107136,107309,173
101,0,blank,0,-323,-105,107309,107731,422
101,0,blank,0,-323,-105,107731,107786,55
101,0,blank,0,-323,-105,107786,108526,740
101,0,blank,0,-323,-105,108526,108647,121
101,31,++,197,265.735266666667,255.6102,108687,108803,116
101,0,blank,0,-323,-105,109016,109152,136
101,0,blank,0,-323,-105,109152,109224,72
101,0,blank,0,159.97385,519.063933333333,109818,109999,181
101,45,=,260,125.73915,562.9698,109999,110083,84
101,0,blank,0,157.9818,530.5612,110083,110361,278
101,0,blank,0,175.7075,522.0614,110361,110399,38
101,0,blank,0,-323,-105,110450,110528,78
101,0,blank,0,184.5983,549.6099,110553,110578,25
101,42,comma,242,184.539685714286,498.139571428571,110631,110828,197
101,0,blank,0,174.23742,485.2144,110828,111024,196
101,0,blank,0,197.67165,484.023666666667,111024,111206,182
101,0,blank,0,225.56405,486.468466666667,111206,111385,179
101,43,>=,252,197.021733333333,512.282233333333,111385,111562,177
101,0,blank,0,174.407116666667,511.003583333333,111562,111741,179
101,42,big,241,168.972433333333,509.394083333333,111741,111922,181
101,0,blank,0,157.635266666667,519.534966666667,111922,112101,179
101,0,blank,0,171.019083333333,547.037233333333,112101,112282,181
101,0,blank,0,214.885716666667,550.076133333333,112282,112462,180
101,0,blank,0,224.01205,502.216033333333,112462,112643,181
101,46,;,274,218.2772,588.97325,112643,112704,61
101,0,blank,0,-323,-105,112734,112764,30
101,0,blank,0,239.241714285714,521.899585714286,112864,113062,198
101,0,blank,0,243.489633333333,493.1769,113062,113242,180
101,43,;,254,229.27135,512.169383333333,113242,113419,177
101,43,>=,252,202.333433333333,525.811616666667,113419,113595,176
101,42,;,244,218.257783333333,505.451416666667,113595,113771,176
101,0,blank,0,283.099625,494.9466,113771,113888,117
101,0,blank,0,-323,-105,113949,114054,105
101,0,blank,0,300.7542,593.4509,114080,114106,26
101,0,blank,0,236.8032,527.501466666667,114155,114232,77
101,0,blank,0,224.710533333333,507.664033333333,114232,114417,185
101,0,blank,0,195.876583333333,554.250766666667,114417,114588,171
101,45,comma,264,235.215166666667,558.040333333333,114588,114764,176
101,0,blank,0,247.195733333333,556.191783333333,114764,114941,177
101,0,blank,0,258.912416666667,549.062366666667,114941,115119,178
101,0,blank,0,155.788066666667,532.809716666667,115119,115297,178
101,0,blank,0,-323,-105,115327,115432,105
101,0,blank,0,185.009016666667,473.240283333333,115536,115725,189
101,0,blank,0,238.48365,515.921583333333,115725,115905,180
101,43,),257,275.734666666667,530.765,115905,116084,179
101,0,blank,0,269.4719,539.167966666667,116084,116259,175
101,45,j,265,255.182016666667,556.0071,116259,116436,177
101,45,comma,264,237.57085,562.51795,116436,116613,177
101,0,blank,0,249.49395,579.10545,116613,116671,58
101,0,blank,0,-323,-105,116730,116883,153
101,0,blank,0,199.029716666667,539.2619,116907,117096,189
101,0,blank,0,157.7432,470.50395,117096,117214,118
101,0,blank,0,276.280016666667,416.683383333333,117245,117428,183
101,40,int,234,262.587733333333,447.46525,117428,117609,181
101,0,blank,0,284.9384,543.74045,117609,117792,183
101,0,blank,0,288.471766666667,571.3465,117792,117973,181
101,0,blank,0,288.875083333333,566.380983333333,117973,118155,182
101,0,blank,0,293.302,572.8567,118155,118245,90
101,0,blank,0,179.860733333333,545.702816666667,118276,118457,181
101,0,blank,0,177.823466666667,533.343116666667,118457,118638,181
101,42,comma,242,186.083633333333,491.262233333333,118638,118728,90
101,22,++,141,249.2826,59.69825,118789,118968,179
101,22,i,140,242.0865,61.6442833333333,118968,119141,173
101,0,blank,0,244.714333333333,71.0844,119141,119233,92
101,21,"Sortedarrayis...\n",127,258.4125,35.8421,119233,119496,263
101,22,i,140,240.03056,58.21288,119496,119631,135
101,0,blank,0,-323,-105,119662,119792,130
101,0,blank,0,137.640014285714,325.012571428571,119869,120068,199
101,0,blank,0,219.770066666667,269.041716666667,120068,120254,186
101,28,k,176,281.5734,197.2894,120254,120696,442
101,31,<=,193,198.0966,251.969142857143,120945,121141,196
101,31,<=,193,198.52295,257.3546,121141,121201,60
101,0,blank,0,225.2184,242.1493,121201,121539,338
101,0,blank,0,200.236742857143,243.1903,121539,121735,196
101,0,blank,0,199.686133333333,275.636216666667,121735,121914,179
101,31,<=,193,195.6346,264.635975,121914,122032,118
101,0,blank,0,-323,-105,122092,122167,75
101,0,blank,0,237.81165,239.148975,122192,122297,105
101,0,blank,0,254.9875,228.2009,122297,122560,263
101,0,blank,0,242.403457142857,241.973885714286,122560,122756,196
101,0,blank,0,235.893866666667,239.830316666667,122756,122940,184
101,0,blank,0,238.008,233.90215,122940,123126,186
101,0,blank,0,236.774425,241.698425,123126,123251,125
101,0,blank,0,-323,-105,123312,123412,100
101,0,blank,0,230.6165,231.6764,123437,123463,26
101,0,blank,0,239.30984,246.49734,123523,123690,167
101,0,blank,0,182.215016666667,552.7134,123721,123905,184
101,0,blank,0,235.659933333333,529.905433333333,123905,124088,183
101,45,j,265,259.57335,557.818783333333,124088,124269,181
101,0,blank,0,287.364416666667,547.20925,124269,124451,182
101,0,blank,0,235.846033333333,487.1705,124451,124630,179
101,0,blank,0,208.771116666667,515.47115,124630,124808,178
101,42,comma,242,190.805966666667,506.188783333333,124808,124987,179
101,42,big,241,165.009416666667,494.582283333333,124987,125170,183
101,43,j,255,171.714775,520.419025,125170,125292,122
101,0,blank,0,-323,-105,125323,125491,168
101,0,blank,0,224.772414285714,233.500585714286,125695,125893,198
101,0,blank,0,218.2311,216.031966666667,125893,126075,182
101,0,blank,0,190.0132,218.71985,126075,126258,183
101,31,<=,193,190.83086,249.04096,126258,126433,175
101,0,blank,0,208.329466666667,282.639166666667,126433,126610,177
101,30,j,184,179.770566666667,244.8272,126610,126792,182
101,0,blank,0,171.5948,241.46615,126792,126852,60
101,0,blank,0,-323,-105,126983,127107,124
101,0,blank,0,-323,-105,127107,127197,90
101,31,++,197,265.9896,262.9512,127249,127280,31
101,43,j,255,167.693216666667,513.85755,127337,127512,175
101,43,j,255,167.523166666667,530.116166666667,127512,127694,182
101,0,blank,0,136.532733333333,556.415633333333,127694,127875,181
101,45,findmax,261,144.372266666667,556.972433333333,127875,128058,183
101,0,blank,0,162.395866666667,530.9806,128058,128239,181
101,0,blank,0,167.6201,510.4905,128239,128424,185
101,42,big,241,161.546925,505.402325,128424,128547,123
101,0,blank,0,-323,-105,128578,128687,109
101,45,b,263,225.6526,558.1221,128712,128738,26
101,0,blank,0,210.695133333333,526.424716666667,128789,128962,173
101,0,blank,0,193.294433333333,503.472566666667,128962,129148,186
101,0,blank,0,176.693833333333,513.042866666667,129148,129336,188
101,43,>=,252,201.512183333333,516.95645,129336,129525,189
101,0,blank,0,226.39918,494.19848,129525,129679,154
101,28,[,171,178.505933333333,201.899883333333,129710,129896,186
101,0,blank,0,172.856233333333,240.370966666667,129896,130082,186
101,0,blank,0,172.229833333333,224.1802,130082,130271,189
101,0,blank,0,169.0836,222.948733333333,130271,130364,93
101,0,blank,0,23.4241,212.98282,130628,130766,138
101,0,blank,0,100.6542,219.5185,130766,130953,187
101,0,blank,0,133.883885714286,225.068614285714,130953,131149,196
101,30,0,182,145.698466666667,234.72795,131149,131330,181
101,0,blank,0,209.287216666667,242.35425,131330,131510,180
101,0,blank,0,233.10738,238.26366,131510,131659,149
101,33,max,209,251.9633,299.7849,131659,131719,60
101,0,blank,0,-323,-105,131871,131896,25
101,33,max,209,224.36778,306.86668,131996,132157,161
101,42,big,241,163.40315,498.18175,132187,132307,120
101,0,blank,0,145.3263,535.610333333333,132307,132492,185
101,0,blank,0,156.281266666667,530.735616666667,132492,132669,177
101,42,big,241,153.328883333333,509.020416666667,132669,132846,177
101,42,big,241,162.74945,496.6481,132846,132964,118
101,0,blank,0,78.4601333333333,502.573383333333,132995,133173,178
101,0,blank,0,85.0884666666667,499.6624,133173,133352,179
101,43,>=,252,184.4385,528.49895,133352,133531,179
101,43,>=,252,184.477583333333,518.370733333333,133531,133710,179
101,0,blank,0,180.7407,538.225,133710,133769,59
101,0,blank,0,-323,-105,133829,133932,103
101,42,comma,242,190.9286,497.587028571429,134041,134240,199
101,45,findmax,261,148.43915,557.358116666667,134240,134418,178
101,45,(,262,218.271483333333,563.311233333333,134418,134593,175
101,43,j,255,252.232383333333,522.964666666667,134593,134771,178
101,0,blank,0,276.0432,506.3947,134771,134800,29
101,0,blank,0,174.842083333333,553.42365,134829,135009,180
101,0,blank,0,152.632933333333,595.162583333333,135009,135190,181
101,48,temp,290,172.129116666667,625.436833333333,135190,135367,177
101,47,b,280,183.40455,604.616083333333,135367,135545,178
101,46,big,272,186.5346,597.7233,135545,135605,60
101,0,blank,0,-323,-105,135635,135765,130
101,47,j,282,202.1578,614.998,135790,135819,29
101,48,temp,290,180.59585,638.7841,135884,136057,173
101,0,blank,0,165.217066666667,642.212533333333,136057,136236,179
101,0,blank,0,179.88535,649.8829,136236,136296,60
101,47,j,282,194.54045,616.237816666667,136325,136509,184
101,0,blank,0,250.449833333333,600.471733333333,136509,136685,176
101,0,blank,0,231.946333333333,586.279783333333,136685,136864,179
101,46,;,274,214.388566666667,585.517066666667,136864,137044,180
101,45,findmax,261,209.710333333333,567.374033333333,137044,137223,179
101,0,blank,0,255.061283333333,583.190983333333,137223,137403,180
101,0,blank,0,-323,-105,137433,137566,133
101,0,blank,0,330.9801,663.1127,137591,137617,26
101,0,blank,0,239.3921,589.847885714286,137667,137863,196
101,0,blank,0,-323,-105,137923,137973,50
101,0,blank,0,177.692,598.4081,137998,138023,25
101,46,b,270,163.030375,584.689025,138075,138180,105
101,0,blank,0,162.873025,224.78685,138210,138377,167
101,0,blank,0,165.612766666667,286.204633333333,138377,138566,189
101,0,blank,0,166.930733333333,286.674566666667,138566,138743,177
101,33,>=,206,189.379433333333,302.2698,138743,138930,187
101,33,>=,206,186.759983333333,306.108583333333,138930,139111,181
101,0,blank,0,218.643983333333,279.954983333333,139111,139291,180
101,0,blank,0,128.52984,286.09666,139322,139471,149
101,0,blank,0,97.4645,321.2238,139471,139657,186
101,0,blank,0,117.811033333333,389.3274,139657,139828,171
101,38,max,221,118.74265,410.70395,139828,139889,61
101,40,int,234,166.9768,452.9237,139889,140151,262
101,40,int,234,166.9768,452.9237,140151,140176,25
101,0,blank,0,-323,-105,140200,140370,170
101,46,;,274,215.24405,586.623016666667,140398,140571,173
101,0,blank,0,232.64235,602.669466666667,140571,140750,179
101,47,;,284,219.57166,607.33736,140750,140901,151
101,0,blank,0,162.8618,528.489,140931,141063,132
101,48,temp,290,154.525414285714,626.608485714286,141089,141288,199
101,0,blank,0,204.320583333333,650.477316666667,141288,141469,181
101,0,blank,0,218.904983333333,656.55485,141469,141650,181
101,0,blank,0,222.632366666667,663.949166666667,141650,141741,91
101,0,blank,0,-323,-105,141802,141996,194
101,0,blank,0,-323,-105,141996,142073,77
101,0,blank,0,195.21155,678.732133333333,142276,142461,185
101,46,big,272,179.478683333333,597.44475,142461,142642,181
101,0,blank,0,153.71092,550.40116,142642,142795,153
101,0,blank,0,147.767866666667,284.82695,142826,143013,187
101,0,blank,0,172.937883333333,292.991,143013,143200,187
101,33,b,207,213.681716666667,300.802133333333,143200,143386,186
101,0,blank,0,193.617216666667,321.210583333333,143386,143569,183
101,0,blank,0,182.918116666667,343.11535,143569,143754,185
101,0,blank,0,188.228633333333,369.014033333333,143754,143847,93
101,0,blank,0,-323,-105,143878,143985,107
101,0,blank,0,233.4019,268.1784,144016,144059,43
101,31,j,196,243.8065,258.6695,144124,144149,25
101,0,blank,0,233.8671,282,144178,144298,120
101,48,;,291,196.209566666667,623.012383333333,144359,144538,179
101,48,temp,290,190.371433333333,627.683666666667,144538,144716,178
101,0,blank,0,-323,-105,144973,145100,127
101,0,blank,0,126.177475,633.96645,145209,145328,119
101,0,blank,0,155.522683333333,343.432683333333,145358,145541,183
101,33,>=,206,181.178783333333,311.666033333333,145541,145726,185
101,0,blank,0,199.01015,275.0779,145726,145786,60
101,46,],273,206.1496,585.895683333333,145847,146028,181
101,0,blank,0,244.230966666667,551.3112,146028,146210,182
101,45,j,265,256.019316666667,569.79265,146210,146391,181
101,0,blank,0,255.613616666667,589.068533333333,146391,146577,186
101,0,blank,0,-323,-105,146608,146740,132
101,0,blank,0,266.9047,651.6975,146768,146807,39
101,0,blank,0,256.771333333333,635.724883333333,146870,147043,173
101,0,blank,0,254.1417,616.3325,147043,147227,184
101,0,blank,0,250.682033333333,615.197733333333,147227,147422,195
101,0,blank,0,255.42825,603.93585,147422,147608,186
101,0,blank,0,292.07452,522.89294,147608,147785,177
101,0,blank,0,300.127333333333,518.255966666667,147785,147970,185
101,42,j,243,212.38955,493.961866666667,147970,148153,183
101,0,blank,0,227.35545,482.180816666667,148153,148339,186
101,0,blank,0,239.38855,495.0716,148339,148401,62
101,0,blank,0,-323,-105,148433,148536,103
101,0,blank,0,320.067566666667,457.649516666667,148645,148817,172
101,45,),266,270.079366666667,565.09095,148848,149030,182
101,0,blank,0,296.5603,585.254,149030,149212,182
101,0,blank,0,275.486216666667,593.381483333333,149212,149392,180
101,46,],273,210.1812,597.283516666667,149392,149571,179
101,46,big,272,193.323866666667,585.794766666667,149571,149662,91
101,0,blank,0,238.786816666667,233.664466666667,149692,149875,183
101,0,blank,0,207.964866666667,241.1343,149875,150061,186
101,30,j,184,173.5753,244.127416666667,150061,150243,182
101,31,<=,193,203.451933333333,250.9886,150243,150426,183
101,31,<=,193,201.129866666667,247.615516666667,150426,150608,182
101,31,<=,193,190.571133333333,248.854483333333,150608,150790,182
101,31,<=,193,194.7857,249.3314,150790,150821,31
101,0,blank,0,-323,-105,150851,150957,106
101,31,++,197,254.258185714286,257.140828571429,150982,151178,196
101,0,blank,0,252.3334,244.872983333333,151178,151358,180
101,0,blank,0,250.50984,243.82506,151358,151552,194
101,0,blank,0,229.281066666667,238.62525,151552,151734,182
101,0,blank,0,230.164433333333,238.24855,151734,151917,183
101,0,blank,0,251.167583333333,241.06525,151917,152100,183
101,30,j,184,179.24905,240.42995,152100,152283,183
101,30,j,184,177.5176,242.6242,152283,152437,154
101,0,blank,0,-323,-105,152499,152607,108
101,0,blank,0,242.84985,239.717816666667,152633,152806,173
101,31,j,196,244.66225,263.802866666667,152806,152985,179
101,0,blank,0,232.7845,250.9168,152985,153046,61
101,0,blank,0,174.3192,250.16355,153046,153235,189
101,0,blank,0,180.512383333333,251.69425,153235,153413,178
101,0,blank,0,177.35955,257.783716666667,153413,153598,185
101,31,<=,193,197.856366666667,260.802866666667,153598,153783,185
101,31,++,197,260.33815,251.529,153783,153969,186
101,0,blank,0,233.1007,251.442566666667,153969,154154,185
101,31,<=,193,191.9564,250.0261,154154,154340,186
101,0,blank,0,182.043316666667,253.634416666667,154340,154527,187
101,31,j,196,171.78795,252.971083333333,154527,154713,186
101,0,blank,0,174.227383333333,255.724683333333,154713,154898,185
101,0,blank,0,181.733533333333,259.007933333333,154898,154990,92
101,0,blank,0,-323,-105,155053,155080,27
101,31,<=,193,202.732766666667,267.439116666667,155190,155361,171
101,31,<=,193,199.832266666667,260.795516666667,155361,155549,188
101,31,<=,193,196.759233333333,253.936533333333,155549,155736,187
101,0,blank,0,237.207133333333,247.239616666667,155736,155922,186
101,31,;,195,226.462133333333,251.012066666667,155922,156108,186
101,31,<=,193,196.381616666667,249.91615,156108,156295,187
101,31,<=,193,190.045033333333,255.425983333333,156295,156482,187
101,0,blank,0,180.790916666667,256.31335,156482,156669,187
101,0,blank,0,176.1325,268.9437,156669,156700,31
101,0,blank,0,180.314116666667,464.617,156731,156918,187
101,0,blank,0,169.89285,510.0497,156918,156981,63
101,0,blank,0,-323,-105,157012,157118,106
101,0,blank,0,187.9023,284.0401,157144,157169,25
101,31,k,194,213.31568,263.3111,157219,157408,189
101,0,blank,0,170.617566666667,642.671933333333,157466,157638,172
101,47,[,281,188.629733333333,608.043316666667,157638,157818,180
101,45,findmax,261,204.274133333333,555.52245,157818,158000,182
101,0,blank,0,169.276883333333,540.56175,158000,158185,185
101,0,blank,0,169.12485,550.27035,158185,158306,121
101,0,blank,0,177.431166666667,695.966883333333,158337,158520,183
101,0,blank,0,183.97345,666.5182,158520,158581,61
101,0,blank,0,147.4574,726.975033333333,159245,159333,88
101,0,blank,0,-323,-105,159394,159419,25
101,40,exchange,226,101.834016666667,447.360416666667,159526,159695,169
101,0,blank,0,131.737983333333,477.3235,159695,159880,185
101,0,blank,0,178.60912,469.94082,159880,160040,160
101,0,blank,0,189.90626,722.1304,160071,160261,190
101,0,blank,0,238.0762,726.6058,160261,160288,27
101,0,blank,0,-323,-105,160320,160479,159
101,0,blank,0,205.8551,486.271,160505,160531,26
101,0,blank,0,-323,-105,160556,160736,180
101,0,blank,0,-323,-105,160736,160917,181
101,0,blank,0,-323,-105,160917,161094,177
101,0,blank,0,-323,-105,161094,161267,173
101,0,blank,0,-323,-105,161267,161436,169
101,0,blank,0,-323,-105,161436,161549,113
101,0,blank,0,-323,-105,161549,161645,96
101,0,blank,0,-323,-105,161645,161844,199
101,0,blank,0,-323,-105,161844,162027,183
101,0,blank,0,-323,-105,162027,162133,106
101,0,blank,0,152.52986,440.27244,162422,162619,197
101,40,int,234,160.59285,446.291516666667,162619,162808,189
101,0,blank,0,119.048516666667,489.519433333333,162808,162997,189
101,42,temp,239,108.226733333333,504.049916666667,162997,163186,189
101,42,temp,239,97.7474833333333,491.863533333333,163186,163375,189
101,42,temp,239,97.4827,504.17015,163375,163563,188
101,42,temp,239,131.725483333333,509.482716666667,163563,163750,187
101,0,blank,0,147.38948,506.3678,163750,163908,158
101,0,blank,0,-323,-105,163940,164077,137
101,0,blank,0,181.016633333333,482.165283333333,164105,164284,179
101,42,comma,242,137.379,507.013033333333,164284,164476,192
101,43,k,249,136.04435,522.24745,164476,164665,189
101,45,findmax,261,145.311033333333,560.343466666667,164665,164851,186
101,45,findmax,261,145.219833333333,560.994983333333,164851,165034,183
101,45,findmax,261,150.849666666667,560.6242,165034,165219,185
101,0,blank,0,189.248433333333,545.297866666667,165219,165404,185
101,0,blank,0,148.8855,509.689966666667,165404,165589,185
101,42,temp,239,128.974416666667,495.568216666667,165589,165776,187
101,0,blank,0,104.62434,524.46344,165776,165933,157
101,0,blank,0,-323,-105,165965,165996,31
101,0,blank,0,191.5436,710.0909,166046,166071,25
101,42,big,241,162.062533333333,497.661333333333,166096,166274,178
101,42,big,241,161.605833333333,499.849116666667,166274,166460,186
101,0,blank,0,169.081016666667,442.129216666667,166460,166646,186
101,0,blank,0,171.4066,444.535216666667,166646,166829,183
101,40,int,234,166.314733333333,446.704766666667,166829,166921,92
101,0,blank,0,-323,-105,166951,167057,106
101,0,blank,0,146.3444,386.4478,167089,167132,43
101,40,int,234,154.310416666667,446.782816666667,167198,167373,175
101,0,blank,0,152.611716666667,440.922133333333,167373,167559,186
101,0,blank,0,150.38085,439.3135,167559,167706,147
101,0,blank,0,185.9808,439.451,167910,167954,44
101,40,b,229,184.291366666667,451.897183333333,168070,168253,183
101,0,blank,0,147.864733333333,468.767716666667,168253,168439,186
101,40,int,234,159.591516666667,455.465683333333,168439,168626,187
101,40,int,234,166.619416666667,450.390333333333,168626,168812,186
101,40,int,234,165.53868,451.45674,168812,168969,157
101,0,blank,0,-323,-105,169001,169153,152
101,0,blank,0,158.334833333333,428.879933333333,169179,169350,171
101,40,int,234,158.416566666667,454.678233333333,169350,169535,185
101,0,blank,0,121.899883333333,510.633116666667,169535,169720,185
101,42,temp,239,114.4257,509.792633333333,169720,169904,184
101,42,temp,239,102.00538,499.25252,169904,170054,150
101,0,blank,0,-323,-105,170085,170217,132
101,0,blank,0,148.778042857143,470.480514285714,170242,170438,196
101,43,j,255,172.391733333333,513.35995,170438,170625,187
101,42,temp,239,116.959733333333,505.029,170625,170812,187
101,43,j,255,95.4025166666667,518.667483333333,170812,170999,187
101,43,j,255,99.0944,521.678883333333,170999,171185,186
101,42,temp,239,97.9798166666667,494.865916666667,171185,171369,184
101,42,temp,239,96.1563833333333,508.129316666667,171369,171554,185
101,43,(,246,87.0460166666667,513.874483333333,171554,171738,184
101,43,for,245,69.4855666666667,516.556633333333,171738,171830,92
101,0,blank,0,-323,-105,171861,171967,106
101,42,temp,239,99.7341,499.2929,171993,172018,25
101,0,blank,0,111.17345,485.326883333333,172078,172253,175
101,43,j,255,168.626716666667,513.190233333333,172253,172440,187
101,0,blank,0,146.459683333333,500.35045,172440,172624,184
101,0,blank,0,145.360783333333,496.739366666667,172624,172808,184
101,43,k,249,133.299316666667,519.062583333333,172808,172993,185
101,0,blank,0,101.844116666667,547.253166666667,172993,173175,182
101,45,=,260,127.530583333333,569.467316666667,173175,173357,182
101,47,big,277,104.529766666667,604.498483333333,173357,173542,185
101,0,blank,0,78.7964666666667,622.45455,173542,173726,184
101,0,blank,0,76.9003666666667,620.3506,173726,173913,187
101,0,blank,0,62.517,611.57035,173913,174097,184
101,0,blank,0,64.5678,632.5376,174097,174128,31
101,0,blank,0,-323,-105,174191,174269,78
101,0,blank,0,99.45,433.8417,174297,174359,62
101,45,big,259,106.458683333333,560.113433333333,174424,174601,177
101,46,temp,268,99.1523,596.081316666667,174601,174788,187
101,0,blank,0,82.66975,611.29245,174788,174847,59
101,0,blank,0,146.257333333333,501.8137,174878,175062,184
101,0,blank,0,152.0158,503.047866666667,175062,175248,186
101,42,comma,242,135.93855,506.4749,175248,175432,184
101,42,temp,239,116.12845,503.8437,175432,175616,184
101,0,blank,0,92.94,534.5947,175616,175768,152
101,0,blank,0,-323,-105,175799,175904,105
101,48,temp,290,169.6897,635.3467,175929,175955,26
101,0,blank,0,156.267483333333,517.593316666667,175979,176160,181
101,0,blank,0,158.636083333333,515.188966666667,176160,176346,186
101,0,blank,0,117.841033333333,573.385066666667,176346,176531,185
101,46,temp,268,112.452816666667,589.98565,176531,176715,184
101,49,},292,44.77675,646.1347,176715,176899,184
101,0,blank,0,38.0628,639.949166666667,176899,177083,184
101,0,blank,0,-43.7704333333333,500.73705,177115,177300,185
101,42,temp,239,95.24124,501.89566,177300,177455,155
101,0,blank,0,-323,-105,177517,177656,139
101,43,k,249,137.1074,526.9548,177683,177704,21
101,0,blank,0,-323,-105,177731,177912,181
101,0,blank,0,-323,-105,177912,178092,180
101,0,blank,0,-323,-105,178092,178279,187
101,0,blank,0,-323,-105,178279,178472,193
101,0,blank,0,-323,-105,178472,178560,88
101,0,blank,0,-323,-105,178560,178823,263
101,0,blank,0,-323,-105,178823,179101,278
101,0,blank,0,-323,-105,179101,179318,217
101,0,blank,0,-323,-105,179318,179476,158
101,0,blank,0,-323,-105,179476,179668,192
101,0,blank,0,-323,-105,179668,179848,180
101,0,blank,0,-323,-105,179848,179973,125
101,0,blank,0,-323,-105,179973,180114,141
101,0,blank,0,-323,-105,180114,180340,226
101,0,blank,0,-323,-105,180340,180557,217
101,0,blank,0,-323,-105,180557,180960,403
101,0,blank,0,-323,-105,180960,181103,143
101,0,blank,0,-323,-105,181103,181267,164
101,0,blank,0,-323,-105,181267,181427,160
101,0,blank,0,-323,-105,181427,181593,166
101,0,blank,0,-323,-105,181593,181757,164
101,0,blank,0,-323,-105,181757,181947,190
101,0,blank,0,-323,-105,181947,182066,119
101,0,blank,0,-323,-105,182066,182247,181
101,0,blank,0,-323,-105,182247,182439,192
101,0,blank,0,-323,-105,182439,182575,136
101,0,blank,0,-323,-105,182575,182742,167
101,0,blank,0,-323,-105,182742,182869,127
101,0,blank,0,-323,-105,182869,183046,177
101,0,blank,0,-323,-105,183046,183283,237
101,0,blank,0,-323,-105,183283,183460,177
101,0,blank,0,-323,-105,183460,183637,177
101,0,blank,0,-323,-105,183637,183817,180
101,0,blank,0,-323,-105,183817,183986,169
101,0,blank,0,-323,-105,183986,184357,371
101,0,blank,0,-323,-105,184357,184539,182
101,0,blank,0,-323,-105,184539,184590,51
101,0,blank,0,118.476285714286,553.652385714286,184626,184820,194
101,0,blank,0,134.537866666667,555.25315,184820,184997,177
101,0,blank,0,136.6927,574.192066666667,184997,185176,179
101,46,temp,268,100.857916666667,595.133733333333,185176,185355,179
101,47,big,277,105.82615,602.112083333333,185355,185534,179
101,47,big,277,126.988033333333,606.3655,185534,185621,87
101,0,blank,0,-323,-105,185649,185781,132
101,0,blank,0,159.1857,552.8877,185808,185834,26
101,45,=,260,124.3152,556.4744,185884,185910,26
101,0,blank,0,142.991,572.2081,185910,186579,669
101,46,=,269,142.5708,584.5509,186579,186607,28
101,0,blank,0,-323,-105,186638,186776,138
101,46,b,270,157.6306,585.5888,186822,187009,187
101,0,blank,0,172.4232,441.2354,187145,187195,50
101,42,big,241,178.610866666667,505.505466666667,187243,187386,143
101,0,blank,0,184.985233333333,546.501166666667,187433,187561,128
101,0,blank,0,-323,-105,187602,187777,175
101,0,blank,0,-323,-105,187777,187956,179
101,0,blank,0,-323,-105,187956,188141,185
101,0,blank,0,-323,-105,188141,188295,154
101,0,blank,0,-323,-105,188295,188355,60
101,35,max,213,150.2009,353.4266,188653,188678,25
101,0,blank,0,225.53434,594.87906,188767,188937,170
101,47,],283,209.6855,603.720466666667,188937,189028,91
101,0,blank,0,-323,-105,189521,189647,126
101,0,blank,0,-323,-105,189647,189770,123
101,0,blank,0,178.414833333333,550.965866666667,189804,189965,161
101,45,findmax,261,205.1886,556.981,190041,190067,26
101,0,blank,0,131.0284,336.774,190113,190191,78
101,40,exchange,226,90.88605,449.976625,190238,190410,172
101,0,blank,0,85.858325,432.24095,190410,190584,174
101,40,exchange,226,84.5543,451.2019,190584,190624,40
101,0,blank,0,112.40355,430.9271,190710,190796,86
101,0,blank,0,140.7699,564.4439,190839,190971,132
101,0,blank,0,-323,-105,191000,191130,130
101,0,blank,0,81.0302857142857,547.7492,191240,191434,194
101,0,blank,0,121.54625,533.304216666667,191434,191611,177
101,0,blank,0,128.870716666667,543.623866666667,191611,191784,173
101,0,blank,0,58.8577,542.607016666667,191784,191959,175
101,0,blank,0,74.7235,513.946766666667,191959,192047,88
101,33,j,204,148.0361,294.214233333333,192076,192255,179
101,0,blank,0,115.169633333333,323.72385,192255,192436,181
101,0,blank,0,97.6172,343.861983333333,192436,192614,178
101,0,blank,0,75.9877666666667,315.235966666667,192614,192811,197
101,0,blank,0,72.3718833333333,289.548266666667,192811,192988,177
101,0,blank,0,74.3454,254.70505,192988,193164,176
101,0,blank,0,80.2229,259.2793,193164,193221,57
101,0,blank,0,-323,-105,193280,193335,55
101,46,b,270,162.763,585.0336,193361,193386,25
101,0,blank,0,68.19796,275.31394,193438,193569,131
101,0,blank,0,68.6603833333333,575.379666666667,193597,193770,173
101,0,blank,0,76.1547,574.161816666667,193770,193943,173
101,46,temp,268,94.0787833333333,582.562966666667,193943,194119,176
101,46,=,269,141.252766666667,581.221733333333,194119,194292,173
101,0,blank,0,132.088114285714,578.529542857143,194292,194491,199
101,0,blank,0,53.27235,607.49375,194491,194663,172
101,0,blank,0,78.0826333333333,580.656433333333,194663,194752,89
101,0,blank,0,-323,-105,194780,194936,156
101,46,temp,268,88.2265,580.1566,194962,194987,25
101,0,blank,0,64.0220571428572,579.167871428571,195034,195224,190
101,0,blank,0,54.0779,579.09205,195224,195400,176
101,0,blank,0,136.281366666667,572.580233333333,195400,195573,173
101,46,=,269,143.676733333333,590.808766666667,195573,195747,174
101,46,=,269,140.02805,580.096616666667,195747,195921,174
101,0,blank,0,-323,-105,195978,196105,127
101,0,blank,0,145.3557,597.4028,196138,196163,25
101,45,big,259,91.3892714285714,572.034771428572,196210,196397,187
101,46,temp,268,82.7252714285714,584.3769,196397,196596,199
101,0,blank,0,74.1605666666667,597.89,196596,196767,171
101,48,temp,290,153.9394,623.303983333333,196767,196938,171
101,0,blank,0,142.4713,612.979783333333,196938,197109,171
101,45,=,260,123.758083333333,570.206166666667,197109,197281,172
101,0,blank,0,110.000833333333,517.742166666667,197281,197457,176
101,0,blank,0,81.3031666666667,521.729033333333,197457,197631,174
101,0,blank,0,110.33805,547.791366666667,197631,197805,174
101,46,=,269,142.1497,578.5941,197805,197979,174
101,0,blank,0,147.96005,598.2989,197979,198036,57
101,0,blank,0,-323,-105,198064,198198,134
101,48,;,291,198.9985,624.5349,198224,198250,26
101,0,blank,0,190.272742857143,554.876857142857,198297,198486,189
101,45,findmax,261,177.759483333333,560.2165,198486,198661,175
101,45,findmax,261,176.665033333333,562.033583333333,198661,198834,173
101,45,findmax,261,187.057833333333,575.878616666667,198834,199008,174
101,0,blank,0,211.551975,554.068025,199008,199123,115
101,45,big,259,93.0534714285714,566.741942857143,199152,199349,197
101,0,blank,0,-323,-105,199378,199483,105
101,45,findmax,261,163.144785714286,572.133657142857,199586,199773,187
101,42,temp,239,102.435414285714,492.962314285714,199773,199972,199
101,42,temp,239,107.221466666667,504.24605,199972,200145,173
101,42,temp,239,98.8620166666667,500.239766666667,200145,200318,173
101,42,temp,239,100.4252,495.6055,200318,200345,27
101,45,findmax,261,187.512814285714,555.955342857143,200374,200573,199
101,0,blank,0,179.216016666667,538.710416666667,200573,200745,172
101,0,blank,0,177.165766666667,546.257766666667,200745,200833,88
101,0,blank,0,-323,-105,200863,200994,131
101,45,big,259,98.26072,571.45328,201080,201216,136
101,0,blank,0,379.679375,773.34855,201245,201364,119
101,0,blank,0,107.20915,663.67075,201393,201569,176
101,0,blank,0,72.6532,686.0749,201569,201745,176
101,50,return,293,59.2359166666667,675.6378,201745,201921,176
101,0,blank,0,469.2399,770.6168,202039,202069,30
101,0,blank,0,447.4476,-103.9968,202099,202129,30
101,47,],283,135.563666666667,618.498216666667,202189,202376,187
101,0,blank,0,62.4813666666667,620.845866666667,202376,202566,190
101,0,blank,0,46.8956666666667,639.592383333333,202566,202760,194
101,0,blank,0,47.2409,635.2679,202760,202794,34
101,0,blank,0,99.7653,387.5608,202827,202957,130
101,24,array,148,256.702833333333,102.806766666667,203024,203165,141
101,0,blank,0,521.80665,-49.7700333333333,203268,203447,179
101,0,blank,0,-323,-105,203541,203727,186
101,0,blank,0,-323,-105,203727,203911,184
101,0,blank,0,-323,-105,203911,204100,189
101,0,blank,0,-323,-105,204100,204279,179
101,0,blank,0,-323,-105,204279,204457,178
101,0,blank,0,-323,-105,204457,204649,192
101,0,blank,0,-323,-105,204649,204759,110
101,0,blank,0,-323,-105,204759,204945,186
101,0,blank,0,287.154966666667,251.899466666667,205016,205199,183
101,31,++,197,272.853983333333,249.98325,205199,205387,188
101,0,blank,0,222.945833333333,269.650166666667,205387,205573,186
101,33,b,207,210.738116666667,310.0745,205573,205756,183
101,35,;,216,196.026966666667,341.580466666667,205756,205934,178
101,0,blank,0,208.2655,372.0067,205934,206025,91
101,43,),257,277.690866666667,522.771116666667,206054,206233,179
101,43,),257,275.126233333333,526.723416666667,206233,206415,182
101,0,blank,0,201.617216666667,271.756183333333,206445,206633,188
101,43,>=,252,197.414833333333,525.1137,206663,206848,185
101,0,blank,0,194.40475,533.979683333333,206848,207035,187
