Frameno_fix,lineno_fix,Tokenname_fix,tokens_id,gaze_X_fix,gaze_Y_fix,timestamp_fix_start,timestamp_fix_end,time_duration
100,0,blank,0,114.434966666667,-68.0294666666667,3592,3772,180
100,0,blank,0,124.78455,-43.65795,3772,3952,180
100,0,blank,0,192.851766666667,-20.5856833333333,3952,4126,174
100,0,blank,0,232.96685,-10.1189833333333,4126,4300,174
100,0,blank,0,313.359483333333,-9.74031666666667,4300,4475,175
100,0,blank,0,360.9203,-13.2885833333333,4475,4651,176
100,0,blank,0,406.4457,-11.5918666666667,4651,4826,175
100,0,blank,0,368.546116666667,2.91701666666667,4826,5002,176
100,0,blank,0,364.114033333333,5.86176666666666,5002,5090,88
100,0,blank,0,104.9247,61.4042,5119,5298,179
100,0,blank,0,93.78555,60.7308833333333,5298,5476,178
100,2,stdio,13,118.083583333333,37.6995333333333,5476,5652,176
100,1,program,4,105.2021,9.758,5652,5682,30
100,0,blank,0,-323,-105,5770,5928,158
100,0,blank,0,-323,-105,5928,6055,127
100,0,blank,0,-323,-105,6055,6223,168
100,0,blank,0,-323,-105,6223,6362,139
100,0,blank,0,-323,-105,6362,6519,157
100,0,blank,0,-323,-105,6519,6666,147
100,0,blank,0,-323,-105,6666,6831,165
100,0,blank,0,-323,-105,6831,6965,134
100,0,blank,0,-323,-105,6965,7133,168
100,0,blank,0,-323,-105,7133,7308,175
100,0,blank,0,-323,-105,7308,7500,192
100,0,blank,0,-323,-105,7500,7691,191
100,0,blank,0,77.2144666666667,128.558966666667,7818,8008,190
100,0,blank,0,32.3419166666667,23.1229,8008,8193,185
100,1,*,8,15.3431833333333,4.7532,8193,8375,182
100,0,blank,0,44.2164333333333,17.1265,8375,8555,180
100,1,program,4,72.4336333333333,5.9153,8555,8738,183
100,1,program,4,76.0357166666667,6.06216666666667,8738,8923,185
100,1,C,3,34.5696333333333,16.4526833333333,8923,9105,182
100,0,blank,0,-3.30155,33.2177833333333,9105,9288,183
100,1,program,4,63.3298833333333,22.3125666666667,9288,9472,184
100,1,program,4,102.261575,17.642775,9472,9641,169
100,0,blank,0,163.6817,-22.045,9641,9749,108
100,0,blank,0,170.6411,-27.2841,9749,9867,118
100,0,blank,0,21.7454666666667,-28.47715,9945,10138,193
100,0,blank,0,121.972,-13.4995833333333,10138,10324,186
100,0,blank,0,168.064566666667,-6.96236666666667,10324,10510,186
100,0,blank,0,200.466266666667,-13.02405,10510,10699,189
100,0,blank,0,226.541466666667,-10.1053833333333,10699,10889,190
100,0,blank,0,20.7286,-25.6954,10921,11108,187
100,0,blank,0,10.3242,-24.9136,11108,11139,31
100,0,blank,0,-323,-105,11169,11358,189
100,0,blank,0,-323,-105,11358,11543,185
100,0,blank,0,15.3177,86.79875,11653,11830,177
100,5,int,22,45.5466666666667,92.8295333333333,11830,12017,187
100,5,int,22,67.2037333333333,110.615766666667,12017,12111,94
100,0,blank,0,-323,-105,12142,12257,115
100,3,main,18,54.8833833333333,63.56735,12289,12464,175
100,3,main,18,57.6284666666667,49.7496166666667,12464,12648,184
100,3,main,18,69.5076833333333,58.0017833333333,12648,12831,183
100,0,blank,0,80.7926,78.0081833333333,12831,13016,185
100,3,int,17,30.0609833333333,49.5008,13016,13203,187
100,0,blank,0,26.82985,42.67135,13203,13388,185
100,3,main,18,46.4854833333333,61.0762,13388,13573,185
100,0,blank,0,69.70355,85.7533166666667,13573,13759,186
100,0,blank,0,90.6161833333333,84.5229,13759,13942,183
100,0,blank,0,107.521833333333,75.0705666666667,13942,14128,186
100,5,int,22,71.1896833333333,95.3588166666667,14128,14316,188
100,0,blank,0,81.62545,108.916266666667,14316,14498,182
100,6,int,28,53.8181833333333,116.097816666667,14498,14683,185
100,0,blank,0,-323,-105,14717,14801,84
100,1,*,8,22.417,11.6584,14844,14917,73
100,5,int,22,67.8564333333333,107.710716666667,15011,15198,187
100,0,blank,0,81.0887,79.44065,15198,15323,125
100,0,blank,0,154.20985,60.84865,15386,15450,64
100,5,10,25,144.1358,98.9942666666667,15510,15697,187
100,5,array,23,123.26835,109.059,15697,15877,180
100,5,10,25,145.87315,108.800366666667,15877,16058,181
100,0,blank,0,94.4135666666667,84.7530833333333,16058,16236,178
100,0,blank,0,50.03235,81.6969833333333,16236,16417,181
100,3,int,17,30.4329666666667,63.9770166666667,16417,16600,183
100,2,include,11,26.701325,36.2255,16600,16720,120
100,5,array,23,122.829833333333,96.2293666666667,16750,16932,182
100,6,n,33,148.208716666667,116.75495,16932,17114,182
100,5,array,23,115.610733333333,106.444583333333,17114,17295,181
100,0,blank,0,83.2326166666667,117.411416666667,17295,17476,181
100,7,printf,37,49.6171666666667,135.511016666667,17476,17658,182
100,7,printf,37,57.9007166666667,137.621,17658,17846,188
100,7,"Enterthevalueofn\n",39,126.026116666667,145.090683333333,17846,18025,179
100,0,blank,0,172.615666666667,133.815833333333,18025,18203,178
100,0,blank,0,223.807533333333,128.34505,18203,18384,181
100,7,"Enterthevalueofn\n",39,239.807216666667,135.015683333333,18384,18564,180
100,0,blank,0,256.018016666667,127.026833333333,18564,18744,180
100,0,blank,0,252.27105,131.95625,18744,18804,60
100,5,array,23,84.4126666666667,100.83235,18834,19016,182
100,5,int,22,73.08065,95.92515,19016,19199,183
100,0,blank,0,74.9381,106.9402,19199,19228,29
100,0,blank,0,239.987383333333,111.57605,19258,19438,180
100,0,blank,0,79.6574833333333,115.68185,19438,19615,177
100,6,int,28,59.2156333333333,125.00865,19615,19795,180
100,7,printf,37,60.3585333333333,144.2826,19795,19982,187
100,7,printf,37,47.77625,141.313316666667,19982,20166,184
100,0,blank,0,113.047366666667,144.3786,20166,20351,185
100,6,i,29,92.2548833333333,130.495516666667,20351,20534,183
100,6,int,28,65.1877,119.99415,20534,20718,184
100,7,printf,37,95.0983666666667,142.521083333333,20718,20902,184
100,8,(,43,102.93795,159.599016666667,20902,21084,182
100,0,blank,0,40.4077166666667,184.102166666667,21084,21270,186
100,9,printf,50,85.4740333333333,182.6408,21270,21454,184
100,9,"Entertheelementsonebyone\n",52,149.347883333333,185.248816666667,21454,21640,186
100,9,"Entertheelementsonebyone\n",52,221.094616666667,179.005533333333,21640,21823,183
100,9,"Entertheelementsonebyone\n",52,278.279416666667,188.76925,21823,22007,184
100,9,"Entertheelementsonebyone\n",52,294.068083333333,186.8658,22007,22191,184
100,9,"Entertheelementsonebyone\n",52,313.799883333333,181.972933333333,22191,22374,183
100,9,"Entertheelementsonebyone\n",52,318.00505,183.9201,22374,22560,186
100,0,blank,0,357.143483333333,177.835366666667,22560,22745,185
100,0,blank,0,348.547533333333,177.365733333333,22745,22838,93
100,10,;,64,146.777083333333,207.32485,22868,23051,183
100,0,blank,0,105.04815,212.883283333333,23051,23237,186
100,10,i,65,95.5055333333333,210.32225,23237,23420,183
100,10,(,56,90.0465166666667,203.387066666667,23420,23604,184
100,0,blank,0,80.6416333333333,201.552866666667,23604,23786,182
100,0,blank,0,80.354,212.374716666667,23786,23968,182
100,0,blank,0,131.1133,205.861516666667,23968,24151,183
100,0,blank,0,132.392316666667,207.726,24151,24335,184
100,10,;,64,146.008833333333,208.8017,24335,24517,182
100,0,blank,0,94.09085,222.000866666667,24517,24700,183
100,0,blank,0,126.3076,215.015766666667,24700,24883,183
100,0,blank,0,152.687816666667,204.455616666667,24883,25066,183
100,10,i,65,172.718233333333,211.057466666667,25066,25249,183
100,10,n,63,208.74025,211.705916666667,25249,25429,180
100,10,n,63,212.7161,208.2456,25429,25460,31
100,0,blank,0,80.3765,261.022183333333,25490,25673,183
100,0,blank,0,74.9349166666667,254.007116666667,25673,25856,183
100,0,blank,0,73.7939333333333,259.132683333333,25856,26038,182
100,0,blank,0,77.2154333333333,262.5142,26038,26221,183
100,0,blank,0,77.3386833333333,254.400766666667,26221,26402,181
100,12,scanf,69,102.250016666667,247.05565,26402,26584,182
100,12,scanf,69,99.1275333333333,249.15235,26584,26765,181
100,12,scanf,69,97.8028833333333,250.631216666667,26765,26947,182
100,0,blank,0,58.14955,264.141266666667,26947,27128,181
100,0,blank,0,76.1240666666667,229.764066666667,27128,27309,181
100,0,blank,0,134.34875,248.0013,27309,27490,181
100,12,scanf,69,125.36915,253.900266666667,27490,27672,182
100,12,"%d",71,155.28365,251.613833333333,27672,27855,183
100,12,comma,72,185.382675,256.948425,27855,27977,122
100,0,blank,0,-323,-105,28038,28140,102
100,30,int,179,67.99075,660.112116666667,28324,28516,192
100,0,blank,0,25.3086166666667,627.328216666667,28516,28710,194
100,0,blank,0,41.4735666666666,667.377866666667,28710,28902,192
100,30,int,179,53.74204,649.57214,28902,29058,156
100,0,blank,0,63.1650333333333,638.6397,29092,29286,194
100,0,blank,0,87.39405,634.9767,29286,29351,65
100,0,blank,0,90.7863166666667,630.220183333333,29414,29610,196
100,0,blank,0,81.14466,646.88428,29610,29802,192
100,0,blank,0,55.208075,640.3045,29802,29984,182
100,0,blank,0,40.0134,242.0127,30221,30398,177
100,0,blank,0,45.6109833333333,259.562866666667,30398,30578,180
100,0,blank,0,35.0118833333333,284.408316666667,30578,30758,180
100,0,blank,0,40.5357666666667,300.635783333333,30758,30933,175
100,14,printf,81,99.4263333333333,306.2574,30933,31109,176
100,14,"Inputarrayelements\n",83,124.231266666667,307.189783333333,31109,31285,176
100,15,;,95,151.99765,312.847066666667,31285,31461,176
100,0,blank,0,185.738666666667,288.8487,31461,31638,177
100,14,"Inputarrayelements\n",83,212.136383333333,296.969533333333,31638,31814,176
100,14,"Inputarrayelements\n",83,134.108783333333,307.8556,31814,31992,178
100,14,printf,81,93.27765,295.108433333333,31992,32171,179
100,0,blank,0,19.0968166666667,308.610583333333,32171,32348,177
100,0,blank,0,23.6552333333333,301.45655,32348,32523,175
100,0,blank,0,59.9631833333333,282.248266666667,32523,32700,177
100,0,blank,0,64.0363833333333,279.105766666667,32700,32877,177
100,14,printf,81,94.3701,294.533366666667,32877,33054,177
100,14,"Inputarrayelements\n",83,129.363766666667,293.4387,33054,33231,177
100,14,"Inputarrayelements\n",83,159.962133333333,302.160716666667,33231,33408,177
100,14,"Inputarrayelements\n",83,214.005,297.031266666667,33408,33585,177
100,14,"Inputarrayelements\n",83,254.430516666667,290.148233333333,33585,33761,176
100,0,blank,0,282.27665,288.49655,33761,33937,176
100,14,"Inputarrayelements\n",83,284.8313,293.257583333333,33937,34114,177
100,14,"Inputarrayelements\n",83,301.713066666667,295.328916666667,34114,34292,178
100,14,"Inputarrayelements\n",83,276.913766666667,304.236316666667,34292,34469,177
100,14,"Inputarrayelements\n",83,165.05735,302.025466666667,34469,34646,177
100,14,printf,81,101.617666666667,298.813683333333,34646,34823,177
100,14,(,82,112.627666666667,296.690283333333,34823,35000,177
100,14,"Inputarrayelements\n",83,167.644733333333,302.2154,35000,35175,175
100,14,"Inputarrayelements\n",83,167.102716666667,289.35365,35175,35351,176
100,14,"Inputarrayelements\n",83,130.2462,296.5492,35351,35525,174
100,12,scanf,69,119.714866666667,254.703666666667,35525,35700,175
100,10,=,58,115.88675,218.76795,35700,35873,173
100,0,blank,0,134.078233333333,178.662633333333,35873,35961,88
100,9,"Entertheelementsonebyone\n",52,183.198716666667,194.261033333333,36018,36192,174
100,9,"Entertheelementsonebyone\n",52,277.65385,184.063333333333,36192,36366,174
100,9,"Entertheelementsonebyone\n",52,308.225066666667,192.483316666667,36366,36541,175
100,9,"Entertheelementsonebyone\n",52,299.0192,185.56306,36541,36688,147
100,14,"Inputarrayelements\n",83,115.754085714286,300.044114285714,36746,36945,199
100,14,"Inputarrayelements\n",83,135.633666666667,299.71595,36945,37120,175
100,14,"Inputarrayelements\n",83,165.638083333333,302.74525,37120,37296,176
100,14,"Inputarrayelements\n",83,202.306457142857,309.7761,37296,37495,199
100,0,blank,0,241.416766666667,320.722083333333,37495,37667,172
100,14,"Inputarrayelements\n",83,276.075116666667,300.109716666667,37667,37840,173
100,14,"Inputarrayelements\n",83,270.2687,297.6794,37840,37868,28
100,0,blank,0,128.3315,339.5829,37897,37925,28
100,0,blank,0,89.2374714285714,342.486414285714,37983,38182,199
100,0,blank,0,78.8540833333334,322.996183333333,38182,38353,171
100,0,blank,0,110.913866666667,326.355433333333,38353,38527,174
100,0,blank,0,131.900216666667,327.409,38527,38703,176
100,15,<,93,189.252585714286,327.998857142857,38703,38902,199
100,0,blank,0,146.107233333333,351.817833333333,38902,39077,175
100,0,blank,0,90.6236,380.918816666667,39077,39249,172
100,17,printf,100,136.731066666667,361.999933333333,39249,39421,172
100,0,blank,0,145.82725,387.129016666667,39421,39595,174
100,17,"%d\n",102,175.6202,363.483866666667,39595,39766,171
100,0,blank,0,168.967683333333,377.793166666667,39766,39937,171
100,0,blank,0,205.200383333333,383.2532,39937,40109,172
100,17,comma,103,221.12045,373.501483333333,40109,40282,173
100,17,array,104,249.6849,364.549966666667,40282,40456,174
100,17,array,104,239.427266666667,375.337183333333,40456,40630,174
100,17,array,104,246.92355,358.767416666667,40630,40804,174
100,0,blank,0,63.55435,402.901183333333,40833,41027,194
100,20,exchange,118,65.7516,421.4447,41027,41114,87
100,0,blank,0,-323,-105,41173,41324,151
100,20,exchange,118,105.502883333333,429.562266666667,41379,41556,177
100,20,array,120,168.161016666667,435.56745,41556,41730,174
100,20,),123,214.016966666667,429.922583333333,41730,41904,174
100,0,blank,0,233.3628,428.524833333333,41904,41991,87
100,21,printf,125,57.0091833333333,458.859533333333,42020,42193,173
100,21,printf,125,77.5142,453.769116666667,42193,42372,179
100,21,printf,125,96.7460285714286,450.449614285714,42372,42571,199
100,21,"Sortedarrayis...\n",127,152.328266666667,443.481,42571,42740,169
100,21,"Sortedarrayis...\n",127,136.85235,445.887033333333,42740,42927,187
100,21,"Sortedarrayis...\n",127,137.808616666667,449.259516666667,42927,43099,172
100,21,"Sortedarrayis...\n",127,124.823666666667,444.732133333333,43099,43271,172
100,21,"Sortedarrayis...\n",127,117.70245,448.457633333333,43271,43444,173
100,20,array,120,175.1325,430.97855,43444,43618,174
100,20,),123,218.5315,425.449283333333,43618,43794,176
100,20,;,124,229.5337,426.8402,43794,43969,175
100,0,blank,0,550.93015,350.1775,43998,44177,179
100,0,blank,0,848.582333333333,394.631316666667,44207,44385,178
100,0,blank,0,987.126,323.588433333333,44385,44560,175
100,0,blank,0,1016.76016666667,316.140383333333,44560,44733,173
100,0,blank,0,1015.228,318.422983333333,44733,44907,174
100,0,blank,0,1014.701,321.080433333333,44907,45082,175
100,0,blank,0,1019.69633333333,322.602666666667,45082,45257,175
100,0,blank,0,1025.05416666667,315.26705,45257,45433,176
100,0,blank,0,1013.4055,328.3561,45433,45609,176
100,0,blank,0,1033.215,299.6128,45609,45669,60
100,22,<,137,187.33715,466.14845,45756,45937,181
100,0,blank,0,190.22975,490.05575,45937,46114,177
100,0,blank,0,222.648383333333,467.496433333333,46114,46290,176
100,21,"Sortedarrayis...\n",127,250.064,460.98378,46290,46442,152
100,0,blank,0,252.6757,435.881016666667,46474,46646,172
100,19,sorting,114,235.432266666667,415.447766666667,46646,46735,89
101,0,blank,0,1026.99883333333,346.990816666667,46938,47114,176
101,0,blank,0,1025.6235,340.700333333333,47114,47292,178
101,0,blank,0,1028.1645,334.99125,47292,47411,119
101,0,blank,0,231.290666666667,381.16515,47499,47678,179
101,19,sorting,114,232.64525,392.94705,47678,47857,179
101,19,sorting,114,229.8672,386.860966666667,47857,47947,90
101,0,blank,0,781.8066,694.34882,48093,48282,189
101,0,blank,0,791.216333333333,663.858733333333,48282,48371,89
101,0,blank,0,917.745,-103.8217,48399,48430,31
101,0,blank,0,-323,-105,48615,48746,131
101,0,blank,0,-323,-105,48746,48916,170
101,0,blank,0,-323,-105,48916,49101,185
101,0,blank,0,-323,-105,49101,49282,181
101,0,blank,0,-323,-105,49282,49454,172
101,0,blank,0,-323,-105,49454,49598,144
101,0,blank,0,-323,-105,49598,49776,178
101,0,blank,0,-323,-105,49776,49975,199
101,0,blank,0,-323,-105,49975,50087,112
101,0,blank,0,-323,-105,50087,50188,101
101,0,blank,0,-323,-105,50188,50311,123
101,0,blank,0,-323,-105,50311,50555,244
101,0,blank,0,-323,-105,50555,50756,201
101,0,blank,0,-323,-105,50756,50933,177
101,0,blank,0,-323,-105,50933,51110,177
101,0,blank,0,-323,-105,51110,51290,180
101,0,blank,0,-323,-105,51290,51424,134
101,0,blank,0,-323,-105,51424,51563,139
101,0,blank,0,-323,-105,51563,51702,139
101,0,blank,0,-323,-105,51702,51819,117
101,0,blank,0,-323,-105,51819,52012,193
101,0,blank,0,-323,-105,52012,52174,162
101,0,blank,0,481.37932,653.57842,52367,52555,188
101,0,blank,0,455.119385714286,677.624128571429,52555,52753,198
101,0,blank,0,457.970871428572,623.2583,52753,52952,199
101,0,blank,0,456.24968,595.30198,52952,53095,143
101,0,blank,0,452.830933333333,560.40905,53095,53293,198
101,0,blank,0,431.518,525.0652,53293,53321,28
101,0,blank,0,441.862433333333,508.825266666667,53379,53551,172
101,0,blank,0,430.308,478.9589,53551,53579,28
101,0,blank,0,450.513766666667,746.495383333333,53639,53811,172
101,0,blank,0,414.13885,758.84005,53811,53868,57
101,0,blank,0,428.6175,707.6995,53897,54071,174
101,0,blank,0,434.41245,697.148966666667,54071,54243,172
101,0,blank,0,486.940933333333,687.990433333333,54243,54421,178
101,0,blank,0,529.380433333333,689.185866666667,54421,54507,86
101,0,blank,0,480.1088,660.8624,54536,54565,29
101,0,blank,0,-323,-105,54662,54854,192
101,0,blank,0,-323,-105,54854,55032,178
101,0,blank,0,-323,-105,55032,55070,38
101,0,blank,0,-323,-105,55070,55275,205
101,0,blank,0,-323,-105,55275,55451,176
101,0,blank,0,328.177266666667,330.88215,55870,56047,177
101,0,blank,0,334.1648,381.54785,56047,56105,58
101,0,blank,0,1000.9994,431.8471,56164,56316,152
102,0,blank,0,1000.256,248.564916666667,58867,59043,176
102,0,blank,0,1029.17216666667,481.949933333333,59101,59278,177
102,0,blank,0,1079.153,524.5569,59278,59309,31
102,0,blank,0,-321.9959,483.6862,59339,59400,61
102,0,blank,0,196.260583333333,0.217699999999996,59492,59672,180
102,0,blank,0,205.767516666667,10.7447166666667,59672,59849,177
102,0,blank,0,241.074916666667,13.43605,59849,60026,177
102,0,blank,0,246.1474,3.90685,60026,60085,59
102,0,blank,0,1004.51333333333,536.227083333333,60204,60380,176
102,0,blank,0,998.353833333333,545.104133333333,60380,60554,174
102,0,blank,0,137.8024,7.24285,60641,60818,177
102,0,blank,0,118.489933333333,36.0057333333333,60818,60993,175
102,0,blank,0,112.2248,15.0559,60993,61023,30
103,19,/,117,47.6325166666667,19.3917833333333,61582,61760,178
103,0,blank,0,37.0041,13.3621,61760,61790,30
103,0,blank,0,188.234133333333,7.6576,61820,61997,177
103,0,blank,0,225.16405,3.1391,61997,62175,178
103,0,blank,0,244.0377,-14.7335,62175,62205,30
103,0,blank,0,-323,-105,62264,62407,143
103,0,blank,0,266.48304,-21.35146,62458,62595,137
103,0,blank,0,117.894883333333,14.7465833333333,62653,62832,179
103,19,/,117,52.3144166666667,24.2972833333333,62832,63011,179
103,0,blank,0,53.4082333333333,6.88251666666666,63011,63195,184
103,20,exchange,118,58.3025166666667,48.7768666666667,63195,63383,188
103,20,exchange,118,77.1857666666667,40.8770666666667,63383,63572,189
103,19,Selection,113,107.833416666667,25.8493,63572,63755,183
103,19,Selection,113,113.670916666667,35.6321,63755,63935,180
103,21,"Sortedarrayis...\n",127,126.8782,72.5469,63935,63966,31
103,0,blank,0,39.1052833333333,54.7977166666667,63997,64182,185
103,20,exchange,118,43.4388666666667,46.82135,64182,64366,184
103,0,blank,0,144.277533333333,1.49788333333334,64366,64549,183
103,0,blank,0,195.78735,0.5025,64549,64728,179
103,0,blank,0,191.4155,-4.0367,64728,64907,179
103,0,blank,0,206.9449,-8.67033333333334,64907,65087,180
103,0,blank,0,-323,-105,65117,65236,119
103,0,blank,0,66.1658833333334,12.29205,65368,65544,176
103,0,blank,0,59.0912666666667,13.6333333333333,65544,65725,181
103,0,blank,0,50.8457166666667,9.05236666666667,65725,65907,182
103,19,/,117,46.841,29.49655,65907,65968,61
103,0,blank,0,131.167816666667,-9.94411666666667,65998,66180,182
103,0,blank,0,138.164216666667,-0.586283333333335,66180,66363,183
103,0,blank,0,156.7724,-10.5841666666667,66363,66458,95
103,0,blank,0,27.2714333333333,77.2193,66489,66680,191
103,0,blank,0,39.2484833333333,27.6596833333333,66680,66865,185
103,19,/,117,47.9378,23.9068,66865,66895,30
103,0,blank,0,979.750666666667,365.463633333333,67019,67204,185
103,0,blank,0,999.299333333333,414.699283333333,67204,67385,181
103,0,blank,0,996.394,418.679616666667,67385,67565,180
103,0,blank,0,1010.90616666667,421.266,67565,67746,181
103,0,blank,0,1005.94433333333,415.837183333333,67746,67925,179
103,0,blank,0,1014.18066666667,443.950283333333,67925,68103,178
103,0,blank,0,1015.5435,453.26365,68103,68282,179
103,0,blank,0,1005.54633333333,456.174883333333,68282,68461,179
103,0,blank,0,1020.348,453.9394,68461,68490,29
103,0,blank,0,135.7875,9.00643333333333,68579,68761,182
103,0,blank,0,72.9919,-2.899,68761,68791,30
104,0,blank,0,1017.5365,71.33445,70181,70241,60
104,12,scanf,69,117.674166666667,170.5639,70332,70513,181
104,8,scanf,42,68.9155166666667,82.3498333333333,70513,70697,184
104,9,printf,50,92.40915,94.5136,70697,70833,136
104,8,scanf,42,85.4631,73.8275,70833,70926,93
104,8,;,49,201.18246,77.0784,71035,71214,179
104,0,blank,0,273.71305,43.5137833333333,71214,71392,178
104,7,"Enterthevalueofn\n",39,198.881083333333,60.50005,71392,71570,178
104,6,comma,34,127.105983333333,40.52965,71570,71752,182
104,0,blank,0,90.0984,23.8028833333333,71752,71932,180
104,0,blank,0,75.4123166666667,22.2012333333333,71932,72115,183
104,5,int,22,51.8878166666667,16.4352166666667,72115,72295,180
104,0,blank,0,52.5572666666667,0.379783333333331,72295,72479,184
104,0,blank,0,66.9712333333333,-16.81885,72479,72664,185
104,0,blank,0,75.0974166666667,-1.6862,72664,72854,190
104,0,blank,0,79.86705,14.1136166666667,72854,73036,182
104,0,blank,0,76.8951833333333,33.3082833333333,73036,73219,183
104,5,array,23,94.0747666666667,7.76986666666667,73219,73406,187
104,0,blank,0,112.361766666667,27.5582166666667,73406,73593,187
104,0,blank,0,128.30715,-16.1048333333333,73593,73783,190
104,5,array,23,114.191716666667,15.0361166666667,73783,73975,192
104,5,[,24,141.2849,18.6732333333333,73975,74162,187
104,5,10,25,149.5051,21.2108666666667,74162,74346,184
104,5,array,23,98.6382333333333,6.55488333333333,74346,74531,185
104,5,array,23,89.2886666666667,7.42923333333334,74531,74624,93
104,0,blank,0,95.2399,148.416833333333,74655,74840,185
104,0,blank,0,98.2913333333333,152.184983333333,74840,75021,181
104,0,blank,0,79.3779166666667,196.102916666667,75021,75204,183
104,15,for,86,55.9508166666667,231.664183333333,75204,75387,183
104,15,for,86,53.3806833333333,231.261166666667,75387,75569,182
104,16,{,99,43.3644,244.930883333333,75569,75752,183
104,16,{,99,46.30565,260.123583333333,75752,75932,180
104,0,blank,0,55.56175,271.98925,75932,76113,181
104,18,},110,46.2933,297.5582,76113,76143,30
104,0,blank,0,42.2621,384.771066666667,76174,76350,176
104,0,blank,0,42.2163333333333,346.028416666667,76350,76531,181
104,0,blank,0,33.6272833333333,345.728233333333,76531,76712,181
104,19,/,117,44.1321166666667,322.81015,76712,76893,181
104,0,blank,0,54.6972166666667,278.069466666667,76893,77073,180
104,19,Selection,113,106.194966666667,325.197716666667,77073,77251,178
104,19,Selection,113,160.785266666667,315.809783333333,77251,77431,180
104,0,blank,0,176.364966666667,316.142033333333,77431,77612,181
104,0,blank,0,248.542883333333,306.194816666667,77612,77795,183
104,0,blank,0,243.435283333333,302.979316666667,77795,77977,182
104,0,blank,0,243.09296,333.66226,77977,78126,149
104,21,printf,125,65.0405666666667,373.856383333333,78156,78336,180
104,0,blank,0,35.9945833333333,353.897666666667,78336,78518,182
104,0,blank,0,35.3031666666667,300.597933333333,78518,78609,91
104,0,blank,0,31.155425,352.75735,78640,78761,121
104,19,Selection,113,112.118716666667,316.348966666667,78821,79004,183
104,20,exchange,118,112.808216666667,335.221216666667,79004,79186,182
104,21,printf,125,92.2983,364.202433333333,79186,79366,180
104,20,exchange,118,66.0739,348.194633333333,79366,79548,182
104,21,printf,125,73.5747,355.93575,79548,79730,182
104,20,exchange,118,84.32885,351.055933333333,79730,79910,180
104,21,(,126,110.1217,355.2794,79910,80032,122
104,0,blank,0,39.5623333333333,382.197666666667,80093,80275,182
104,0,blank,0,27.7206,382.018283333333,80275,80455,180
104,0,blank,0,26.0082666666667,377.966166666667,80455,80636,181
104,20,exchange,118,75.30095,351.720933333333,80636,80816,180
104,20,exchange,118,108.4149,346.8427,80816,80996,180
104,20,exchange,118,119.053633333333,335.192016666667,80996,81177,181
104,20,array,120,147.23355,343.095533333333,81177,81358,181
104,20,array,120,147.96665,340.518833333333,81358,81540,182
104,20,array,120,152.9834,334.96875,81540,81661,121
104,0,blank,0,26.9165833333333,475.07095,81691,81873,182
104,28,int,175,17.1711666666667,515.763933333333,81873,82052,179
104,28,int,175,8.94888333333333,525.304583333333,82052,82231,179
104,0,blank,0,-0.876799999999993,588.996283333333,82231,82411,180
104,0,blank,0,14.2846,575.405683333333,82411,82591,180
104,0,blank,0,4.24148333333334,569.2932,82591,82773,182
104,28,int,175,18.1546666666667,515.76665,82773,82949,176
104,0,blank,0,11.8520666666667,435.283966666667,82949,83129,180
104,0,blank,0,15.66565,409.482183333333,83129,83306,177
104,0,blank,0,16.2628166666667,353.54445,83306,83487,181
104,0,blank,0,26.2717666666667,371.25485,83487,83669,182
104,0,blank,0,18.9303,380.4728,83669,83851,182
104,0,blank,0,48.36715,419.6142,83851,83911,60
104,0,blank,0,1038.69016666667,338.2793,84035,84217,182
104,0,blank,0,1003.099,331.3308,84217,84395,178
104,0,blank,0,999.646333333333,339.777766666667,84395,84573,178
104,0,blank,0,998.8625,342.912783333333,84573,84753,180
104,0,blank,0,1006.468,358.6588,84753,84843,90
104,0,blank,0,49.8083,667.0588,84964,85145,181
104,0,blank,0,56.6282666666667,607.14845,85145,85325,180
104,0,blank,0,17.7274833333333,571.206283333333,85325,85502,177
104,0,blank,0,8.0703,557.368216666667,85502,85680,178
104,29,{,178,9.93561666666666,546.086516666667,85680,85858,178
104,28,int,175,15.3356,524.809933333333,85858,85947,89
105,0,blank,0,1029.67133333333,572.922416666667,87291,87469,178
105,0,blank,0,1026.05133333333,584.451316666667,87469,87647,178
105,0,blank,0,1016.73533333333,561.42205,87647,87823,176
105,0,blank,0,1001.6402,591.60918,87823,87971,148
105,0,blank,0,-323,-105,88060,88193,133
105,0,blank,0,-323,-105,88193,88268,75
105,40,void,225,26.1069833333333,460.5139,88298,88473,175
105,39,},224,9.74111666666666,437.625883333333,88473,88652,179
105,0,blank,0,-16.5436333333333,487.7866,88652,88830,178
105,42,temp,239,103.70596,498.76444,88861,89011,150
105,0,blank,0,127.59325,466.08655,89041,89224,183
105,40,(,227,140.893083333333,451.23065,89224,89406,182
105,0,blank,0,145.046916666667,488.536966666667,89406,89586,180
105,0,blank,0,151.489725,481.2929,89586,89706,120
105,41,{,237,5.53668333333333,485.238133333333,89736,89914,178
105,0,blank,0,26.4168666666667,495.21265,89914,90093,179
105,0,blank,0,28.0892333333333,477.560383333333,90093,90271,178
105,0,blank,0,122.3128,481.573975,90271,90392,121
105,0,blank,0,153.165416666667,436.034416666667,90422,90605,183
105,0,blank,0,157.715633333333,473.510016666667,90605,90786,181
105,40,int,234,150.047516666667,451.974733333333,90786,90965,179
105,40,int,234,152.0593,460.16296,90965,91155,190
105,0,blank,0,151.0814,478.6588,91155,91263,108
105,27,to,159,150.769766666667,175.625066666667,91377,91520,143
105,40,int,234,167.61585,461.96735,91551,91731,180
105,0,blank,0,183.713916666667,473.4738,91731,91912,181
105,0,blank,0,216.91155,473.075433333333,91912,92091,179
105,0,blank,0,225.499833333333,484.409883333333,92091,92268,177
105,40,10,231,221.530683333333,454.746516666667,92268,92445,177
105,40,exchange,226,128.712333333333,460.3327,92445,92624,179
105,42,temp,239,96.6789,491.01035,92624,92800,176
105,0,blank,0,68.8042666666667,534.979066666667,92800,92979,179
105,0,blank,0,108.17855,475.89165,92979,93161,182
105,40,exchange,226,132.318375,464.034425,93161,93279,118
105,0,blank,0,120.569333333333,479.03005,93309,93491,182
105,0,blank,0,57.7531333333333,535.701716666667,93491,93671,180
105,0,blank,0,31.5005833333333,497.6096,93671,93850,179
105,0,blank,0,20.8381166666667,482.25255,93850,94029,179
105,0,blank,0,18.2670833333333,485.776333333333,94029,94207,178
105,0,blank,0,53.3174166666667,480.094833333333,94207,94386,179
105,40,exchange,226,130.19348,445.8676,94386,94534,148
105,0,blank,0,104.291583333333,51.6174166666667,94593,94773,180
105,21,printf,125,85.0153166666667,37.1268333333333,94773,94953,180
105,20,exchange,118,90.26825,23.1806666666667,94953,95136,183
105,0,blank,0,84.6814833333333,-0.0700166666666628,95136,95317,181
105,0,blank,0,73.0759,2.40414999999999,95317,95502,185
105,0,blank,0,36.4691833333333,11.8211,95502,95682,180
105,0,blank,0,53.2047,-2.02466666666667,95682,95866,184
105,0,blank,0,131.0948,-46.8043,95866,96050,184
105,0,blank,0,140.66426,-24.65312,96050,96220,170
105,0,blank,0,153.073175,-8.46615,96220,96384,164
105,0,blank,0,77.146475,-17.456825,96384,96547,163
105,0,blank,0,76.302425,-4.579,96547,96710,163
105,0,blank,0,79.52625,-2.19435,96710,96791,81
105,0,blank,0,-323,-105,96832,96874,42
105,0,blank,0,144.8424,-23.9481333333333,96933,97105,172
105,21,"Sortedarrayis...\n",127,219.918,28.0263666666667,97149,97255,106
105,0,blank,0,222.682325,67.563875,97287,97415,128
105,42,j,243,209.231375,494.3035,97479,97597,118
105,42,j,243,211.28095,496.5002,97626,97801,175
105,43,1,253,213.5445,517.322833333333,97801,97975,174
105,0,blank,0,232.901833333333,437.817,97975,98164,189
105,0,blank,0,284.681866666667,447.41065,98164,98337,173
105,0,blank,0,260.786966666667,470.513583333333,98337,98512,175
105,40,int,234,168.413316666667,448.5461,98512,98692,180
105,0,blank,0,114.4533,487.255466666667,98692,98877,185
105,0,blank,0,132.641866666667,540.501766666667,98877,99061,184
105,0,blank,0,155.88595,523.313116666667,99061,99249,188
105,0,blank,0,173.250633333333,527.258766666667,99249,99343,94
105,0,blank,0,-323,-105,99374,99506,132
105,0,blank,0,213.39045,553.6231,99656,99714,58
105,43,--,256,255.2203,529.8462,99746,99774,28
105,0,blank,0,275.301716666667,538.746433333333,99805,99985,180
105,0,blank,0,252.2857,564.945133333333,100047,100139,92
105,0,blank,0,152.25595,541.66275,100342,100406,64
105,0,blank,0,-323,-105,100539,100713,174
105,0,blank,0,-323,-105,100713,100894,181
105,0,blank,0,-323,-105,100894,101079,185
105,0,blank,0,-323,-105,101079,101169,90
105,0,blank,0,-323,-105,101169,101481,312
105,0,blank,0,-323,-105,101481,101523,42
105,0,blank,0,-323,-105,101523,102043,520
105,0,blank,0,-323,-105,102043,102216,173
105,0,blank,0,-323,-105,102216,102381,165
105,0,blank,0,-323,-105,102455,102707,252
105,0,blank,0,-323,-105,102707,102826,119
105,0,blank,0,-323,-105,102826,103150,324
105,0,blank,0,-323,-105,103150,103269,119
105,0,blank,0,-323,-105,103269,103381,112
105,0,blank,0,-323,-105,103381,104732,1351
105,0,blank,0,-323,-105,104732,104866,134
105,0,blank,0,-323,-105,104866,106615,1749
105,0,blank,0,-323,-105,106615,106787,172
105,0,blank,0,-323,-105,106787,108560,1773
105,0,blank,0,-323,-105,108560,108666,106
105,0,blank,0,371.50575,764.08525,108878,108928,50
105,0,blank,0,373.1449,756.8069,108984,109150,166
105,45,findmax,261,166.948766666667,558.4125,109567,109753,186
105,0,blank,0,164.310166666667,534.24145,109753,109940,187
105,0,blank,0,194.378416666667,536.171916666667,109940,110119,179
105,45,findmax,261,202.41898,567.98768,110119,110302,183
105,43,>=,252,198.76395,512.454975,110449,110578,129
105,0,blank,0,-323,-105,110608,110771,163
105,0,blank,0,212.6972,515.5315,110797,110824,27
105,0,blank,0,209.5541,535.21568,110937,111121,184
105,0,blank,0,204.406775,549.93415,111121,111249,128
105,0,blank,0,330.8414,706.5996,111282,111312,30
105,0,blank,0,-323,-105,111517,111669,152
105,0,blank,0,-323,-105,111669,111829,160
105,0,blank,0,-323,-105,111829,111982,153
105,0,blank,0,-323,-105,111982,112236,254
105,0,blank,0,-323,-105,112236,112331,95
105,0,blank,0,-323,-105,112331,113043,712
105,0,blank,0,-323,-105,113043,113147,104
105,0,blank,0,-323,-105,113147,113413,266
105,0,blank,0,-323,-105,113413,113622,209
105,0,blank,0,-323,-105,113622,113821,199
105,0,blank,0,-323,-105,113821,113995,174
105,0,blank,0,-323,-105,113995,114409,414
105,0,blank,0,-323,-105,114409,114848,439
105,0,blank,0,-323,-105,114848,115039,191
105,0,blank,0,-323,-105,115039,115254,215
105,0,blank,0,-323,-105,115254,115361,107
105,0,blank,0,-323,-105,115361,115530,169
105,0,blank,0,-323,-105,115530,115696,166
105,0,blank,0,-323,-105,115696,115864,168
105,0,blank,0,-323,-105,115864,116008,144
105,0,blank,0,-323,-105,116008,116073,65
105,0,blank,0,-323,-105,116073,116602,529
105,0,blank,0,-323,-105,116602,116794,192
105,0,blank,0,-323,-105,116794,116968,174
105,0,blank,0,-323,-105,116968,116999,31
105,0,blank,0,106.696,539.1591,118165,118329,164
105,42,comma,242,136.624066666667,498.993,118329,118521,192
105,0,blank,0,242.7934,483.830175,118521,118696,175
105,0,blank,0,283.647083333333,478.379116666667,118696,118888,192
105,0,blank,0,285.707366666667,482.612,118888,119063,175
105,0,blank,0,285.0905,486.330933333333,119063,119240,177
105,45,findmax,261,173.083033333333,568.567083333333,119270,119450,180
105,45,findmax,261,168.993816666667,558.80645,119450,119629,179
105,46,b,270,161.7289,583.3695,119629,119719,90
105,0,blank,0,-323,-105,119748,119905,157
105,0,blank,0,-323,-105,119905,120102,197
105,0,blank,0,-323,-105,120102,120276,174
105,0,blank,0,-323,-105,120276,120442,166
105,0,blank,0,-323,-105,120442,120622,180
105,0,blank,0,-323,-105,120622,120817,195
105,0,blank,0,-323,-105,120817,120989,172
105,0,blank,0,-323,-105,120989,121040,51
105,0,blank,0,-323,-105,121040,121420,380
105,0,blank,0,-323,-105,121420,121607,187
105,0,blank,0,-323,-105,121607,121787,180
105,0,blank,0,-323,-105,121787,121940,153
105,0,blank,0,-323,-105,121940,122116,176
105,0,blank,0,-323,-105,122116,122281,165
105,0,blank,0,-323,-105,122281,122456,175
105,0,blank,0,-323,-105,122456,122646,190
105,0,blank,0,-323,-105,122646,122832,186
105,0,blank,0,-323,-105,122832,122937,105
105,0,blank,0,246.513828571429,453.510328571429,122962,123158,196
105,40,comma,233,240.1581,464.477483333333,123158,123334,176
105,40,comma,233,238.147966666667,455.91195,123334,123515,181
105,0,blank,0,257.3666,466.02965,123515,123576,61
105,0,blank,0,793.948666666667,341.685616666667,123635,123813,178
105,0,blank,0,854.1705,388.53815,123813,123993,180
105,0,blank,0,1003.92883333333,413.849116666667,123993,124169,176
105,0,blank,0,1003.224,419.533033333333,124169,124344,175
105,0,blank,0,1020.11233333333,389.052,124344,124523,179
105,0,blank,0,1013.9715,382.384233333333,124523,124704,181
105,0,blank,0,1018.90366666667,369.987083333333,124704,124883,179
105,0,blank,0,1018.23216666667,372.010316666667,124883,125059,176
105,0,blank,0,1011.3905,374.730183333333,125059,125234,175
105,0,blank,0,1017.21183333333,381.8603,125234,125408,174
105,0,blank,0,1019.63066666667,378.822816666667,125408,125585,177
105,0,blank,0,1015.547,384.09085,125585,125760,175
105,0,blank,0,1023.556,389.9941,125760,125938,178
105,0,blank,0,1021.85966666667,389.037266666667,125938,126117,179
105,0,blank,0,1019.95433333333,401.249033333333,126117,126295,178
105,0,blank,0,1017.615,399.0712,126295,126325,30
106,0,blank,0,994.329333333333,21.8659,127499,127677,178
106,9,"Entertheelementsonebyone\n",52,298.419666666667,188.513533333333,127736,127917,181
106,9,"Entertheelementsonebyone\n",52,287.910383333333,198.086216666667,127917,128095,178
106,9,"Entertheelementsonebyone\n",52,239.138716666667,190.522583333333,128095,128271,176
106,7,"Enterthevalueofn\n",39,220.238266666667,141.365483333333,128271,128446,175
106,8,&,46,173.642966666667,161.1063,128446,128624,178
106,7,"Enterthevalueofn\n",39,199.77445,141.5647,128624,128802,178
106,7,"Enterthevalueofn\n",39,267.127416666667,143.38385,128802,128979,177
106,7,"Enterthevalueofn\n",39,323.299183333333,141.37825,128979,129162,183
106,0,blank,0,289.688216666667,123.307716666667,129162,129346,184
106,0,blank,0,222.426933333333,130.420416666667,129346,129531,185
106,6,temp,35,180.3043,116.547933333333,129531,129717,186
106,6,comma,34,158.86025,117.7835,129717,129900,183
106,7,"Enterthevalueofn\n",39,135.824033333333,142.09925,129900,130084,184
106,8,&,46,162.6811,159.300483333333,130084,130272,188
106,8,&,46,174.23665,168.71465,130272,130459,187
106,9,"Entertheelementsonebyone\n",52,223.071483333333,191.81785,130459,130638,179
106,9,"Entertheelementsonebyone\n",52,288.105333333333,187.63565,130638,130822,184
106,0,blank,0,352.624666666667,177.7729,130822,131002,180
106,9,"Entertheelementsonebyone\n",52,348.327383333333,181.232583333333,131002,131185,183
106,9,"Entertheelementsonebyone\n",52,366.775766666667,181.822483333333,131185,131366,181
106,9,"Entertheelementsonebyone\n",52,350.361016666667,183.50515,131366,131543,177
106,10,++,66,262.9923,209.64255,131543,131723,180
106,0,blank,0,251.53748,200.3737,131723,131890,167
106,0,blank,0,229.5174,214.11735,131890,132061,171
106,10,i,65,239.51405,209.28695,132061,132252,191
106,0,blank,0,248.6026,200.85335,132252,132421,169
106,0,blank,0,1029.626,190.786233333333,132482,132667,185
106,0,blank,0,1015.5155,189.961366666667,132667,132851,184
106,0,blank,0,1012.14416666667,187.576083333333,132851,133034,183
106,0,blank,0,1019.66966666667,209.719116666667,133034,133215,181
106,0,blank,0,1014.6585,215.9731,133215,133399,184
106,0,blank,0,977.497,214.58855,133399,133461,62
106,0,blank,0,591.78255,165.48335,133491,133552,61
106,14,"Inputarrayelements\n",83,219.449916666667,305.93065,133613,133796,183
106,0,blank,0,192.67525,310.782933333333,133796,133974,178
106,0,blank,0,176.75165,318.070483333333,133974,134154,180
106,0,blank,0,163.60125,316.1099,134154,134214,60
107,0,blank,0,1011.04733333333,682.262016666667,135816,135994,178
107,0,blank,0,981.337,683.95205,135994,136054,60
107,0,blank,0,171.471716666667,544.359733333333,136143,136315,172
107,42,comma,242,191.621166666667,503.433566666667,136315,136494,179
107,0,blank,0,216.5239,476.180416666667,136494,136668,174
107,0,blank,0,216.989383333333,470.42995,136668,136847,179
107,0,blank,0,226.75525,473.2405,136847,136967,120
107,0,blank,0,-323,-105,136998,137129,131
107,0,blank,0,225.749257142857,467.429,137234,137433,199
107,43,>=,252,195.218833333333,528.114216666667,137433,137611,178
107,0,blank,0,190.58295,540.919533333333,137611,137788,177
107,45,findmax,261,172.5156,561.379933333333,137788,137966,178
107,0,blank,0,165.4733,553.703883333333,137966,138145,179
107,0,blank,0,160.94416,547.56498,138145,138291,146
107,0,blank,0,650.672933333333,-103.502466666667,138381,138499,118
107,0,blank,0,-323,-105,138555,138635,80
107,0,blank,0,-323,-105,138685,138837,152
107,0,blank,0,-323,-105,138837,139009,172
107,0,blank,0,-323,-105,139009,139228,219
107,0,blank,0,-323,-105,139228,139418,190
107,0,blank,0,-323,-105,139418,139572,154
107,0,blank,0,-323,-105,139572,139785,213
107,0,blank,0,-323,-105,139785,140209,424
107,0,blank,0,-323,-105,140209,140815,606
107,0,blank,0,-323,-105,140815,141002,187
107,0,blank,0,-323,-105,141002,141362,360
107,0,blank,0,-323,-105,141362,141638,276
107,0,blank,0,-323,-105,141638,142149,511
107,0,blank,0,-323,-105,142149,142334,185
107,0,blank,0,-323,-105,142334,142584,250
107,0,blank,0,-323,-105,142584,143336,752
107,0,blank,0,-323,-105,143336,143657,321
107,0,blank,0,-323,-105,143657,143797,140
107,0,blank,0,-323,-105,143797,143980,183
107,0,blank,0,-323,-105,143980,144074,94
107,0,blank,0,-323,-105,144074,144408,334
107,0,blank,0,-323,-105,144408,144555,147
107,0,blank,0,-323,-105,144555,144721,166
107,0,blank,0,-323,-105,144721,144859,138
107,0,blank,0,-323,-105,144859,144997,138
107,0,blank,0,-323,-105,144997,145163,166
107,0,blank,0,-323,-105,145163,145415,252
107,0,blank,0,-323,-105,145415,145663,248
107,0,blank,0,-323,-105,145663,145828,165
107,0,blank,0,-323,-105,145828,146019,191
107,0,blank,0,-323,-105,146019,146197,178
107,0,blank,0,-323,-105,146197,146378,181
107,0,blank,0,-323,-105,146378,146545,167
107,0,blank,0,-323,-105,146545,146968,423
107,0,blank,0,-323,-105,146968,147685,717
107,0,blank,0,-323,-105,147685,147859,174
107,0,blank,0,-323,-105,147859,148000,141
107,0,blank,0,-323,-105,148000,148117,117
107,0,blank,0,-323,-105,148117,148458,341
107,0,blank,0,-323,-105,148458,148663,205
107,0,blank,0,-323,-105,148663,148850,187
107,0,blank,0,-323,-105,148850,149011,161
107,0,blank,0,-323,-105,149011,149189,178
107,0,blank,0,-323,-105,149189,149372,183
107,0,blank,0,-323,-105,149372,149599,227
107,0,blank,0,-323,-105,149599,149715,116
107,0,blank,0,-323,-105,149715,149899,184
107,0,blank,0,-323,-105,149899,150055,156
107,0,blank,0,-323,-105,150055,150180,125
107,0,blank,0,-323,-105,150180,150304,124
107,0,blank,0,-323,-105,150304,150419,115
107,0,blank,0,120.8348,545.6058,150486,150544,58
107,0,blank,0,153.003,554.0684,150632,150821,189
107,0,blank,0,153.45018,545.93754,150821,151020,199
107,43,j,255,164.970225,529.799775,151020,151187,167
107,0,blank,0,116.09865,536.3182,151187,151268,81
107,0,blank,0,-323,-105,151328,151469,141
107,0,blank,0,123.050583333333,534.957716666667,151631,151801,170
107,43,=,248,120.074716666667,530.221183333333,151801,151979,178
107,0,blank,0,135.5251,469.6407,152038,152127,89
107,0,blank,0,54.853625,608.004625,152156,152304,148
107,0,blank,0,61.9719,600.7462,152304,152481,177
107,47,big,277,128.4949,613.108066666667,152481,152678,197
107,47,big,277,124.663233333333,601.32465,152678,152854,176
107,0,blank,0,126.503016666667,596.9013,152854,153029,175
107,47,=,279,163.4082,609.219216666667,153029,153209,180
107,46,big,272,178.827633333333,581.903166666667,153209,153386,177
107,0,blank,0,174.35535,539.62755,153386,153446,60
107,0,blank,0,-323,-105,153475,153658,183
107,0,blank,0,128.456114285714,549.342671428571,153795,153994,199
107,0,blank,0,126.779,472.7267,153994,154054,60
107,0,blank,0,132.445,547.744366666667,154084,154262,178
107,0,blank,0,130.143766666667,545.941716666667,154262,154442,180
107,45,big,259,88.38085,572.148383333333,154442,154621,179
107,45,big,259,97.1726666666667,564.454116666667,154621,154802,181
107,47,j,282,197.028233333333,604.42795,154832,155013,181
107,45,findmax,261,150.730566666667,565.735633333333,155044,155225,181
107,0,blank,0,142.040033333333,603.4957,155225,155405,180
107,47,big,277,115.799133333333,603.152933333333,155405,155584,179
107,47,big,277,127.850266666667,604.740266666667,155584,155763,179
107,0,blank,0,151.689716666667,602.953516666667,155763,155941,178
107,46,temp,268,120.62025,596.545533333333,155941,156117,176
107,0,blank,0,71.66865,599.606633333333,156117,156296,179
107,0,blank,0,47.01045,589.872766666667,156296,156475,179
107,0,blank,0,30.7164166666667,549.900866666667,156475,156656,181
107,40,void,225,18.4962,465.263516666667,156656,156836,180
107,40,void,225,6.16776666666666,452.92195,156836,157016,180
107,0,blank,0,6.2294,410.1025,157016,157045,29
107,0,blank,0,4.17630000000001,247.200766666667,157076,157257,181
107,0,blank,0,-3.24765,198.99415,157257,157438,181
107,28,int,175,13.8449333333333,197.071583333333,157438,157619,181
107,0,blank,0,40.9463666666667,189.697883333333,157619,157800,181
107,28,findmax,167,57.577575,196.347975,157800,157919,119
107,42,big,241,155.795416666667,507.385383333333,157949,158128,179
107,0,blank,0,170.502966666667,535.23055,158128,158313,185
107,0,blank,0,173.432883333333,549.343716666667,158313,158497,184
107,42,comma,242,141.24745,508.89745,158497,158677,180
107,46,=,269,134.506333333333,580.45385,158706,158888,182
107,0,blank,0,144.65315,617.70775,158888,159067,179
107,0,blank,0,165.6034,608.550233333333,159067,159247,180
107,47,j,282,193.716525,612.0372,159247,159366,119
107,30,int,179,58.07645,243.329316666667,159426,159606,180
107,0,blank,0,42.2710666666667,203.541416666667,159606,159785,179
107,28,int,175,31.277,184.2846,159785,159965,180
107,0,blank,0,-18.0454166666667,190.217483333333,159965,160145,180
107,0,blank,0,-34.2928,196.4713,160145,160175,30
107,0,blank,0,-323,-105,160235,160263,28
107,0,blank,0,-244.4896,374.4776,160288,160313,25
107,0,blank,0,70.2722857142857,122.584142857143,160366,160563,197
107,0,blank,0,131.483666666667,119.8399,160563,160738,175
107,0,blank,0,199.702366666667,125.038666666667,160738,160914,176
107,0,blank,0,246.124716666667,116.548116666667,160914,161089,175
107,0,blank,0,305.196816666667,117.5708,161089,161265,176
107,0,blank,0,339.38025,133.58345,161265,161442,177
107,0,blank,0,413.765233333333,121.1967,161442,161619,177
107,0,blank,0,179.22965,127.508,161678,161854,176
107,0,blank,0,101.979466666667,143.45915,161854,162032,178
107,0,blank,0,-323,-105,162062,162167,105
107,0,blank,0,55.7857,92.5286,162220,162288,68
107,0,blank,0,115.91635,128.981766666667,162360,162531,171
107,0,blank,0,129.252033333333,140.166716666667,162531,162707,176
107,0,blank,0,201.199216666667,138.48355,162707,162886,179
107,0,blank,0,219.547616666667,146.0965,162886,163064,178
107,0,blank,0,226.769783333333,151.981116666667,163064,163241,177
107,0,blank,0,243.166366666667,146.1357,163241,163416,175
107,27,the,161,224.8956,170.8181,163416,163447,31
107,0,blank,0,-323,-105,163476,163633,157
107,0,blank,0,315.760233333333,158.393283333333,163728,163898,170
107,0,blank,0,308.431583333333,126.737566666667,163898,164075,177
107,0,blank,0,293.952,139.48645,164075,164255,180
107,0,blank,0,290.579066666667,141.9652,164255,164344,89
107,0,blank,0,169.816033333333,151.9913,164374,164552,178
107,0,blank,0,188.741983333333,158.117316666667,164552,164729,177
107,0,blank,0,223.931383333333,149.731233333333,164729,164905,176
107,0,blank,0,234.0104,145.95882,164905,165052,147
107,0,blank,0,-323,-105,165082,165188,106
107,0,blank,0,219.4417,84.9311,165214,165249,35
107,27,find,160,172.9912,163.28722,165317,165458,141
108,0,blank,0,189.080466666667,151.408383333333,165517,165694,177
108,0,blank,0,114.398216666667,144.415783333333,165694,165873,179
108,0,blank,0,105.015366666667,132.91585,165873,166051,178
108,0,blank,0,124.997933333333,141.14265,166051,166230,179
108,0,blank,0,189.583883333333,145.790716666667,166230,166408,178
108,28,10,172,198.784066666667,181.966266666667,166408,166496,88
108,0,blank,0,230.690883333333,506.527233333333,166526,166706,180
108,43,1,253,217.687883333333,524.2523,166706,166882,176
108,0,blank,0,220.3206,577.345283333333,166882,167064,182
108,47,],283,211.903116666667,602.840816666667,167064,167245,181
108,47,j,282,194.3406,611.977233333333,167245,167426,181
108,0,blank,0,271.462183333333,600.5436,167426,167606,180
108,0,blank,0,274.804916666667,604.662666666667,167606,167787,181
108,0,blank,0,279.1179,647.25,167787,167817,30
108,47,big,277,133.688566666667,606.279666666667,167847,168026,179
108,0,blank,0,135.968583333333,558.76085,168026,168206,180
108,43,k,249,138.120816666667,526.209416666667,168206,168386,180
108,0,blank,0,195.760766666667,553.676733333333,168386,168566,180
108,43,1,253,217.75955,529.469933333333,168566,168749,183
108,42,j,243,206.0204,508.97545,168749,168925,176
108,0,blank,0,219.535333333333,481.876983333333,168925,169102,177
108,0,blank,0,249.8283,461.61335,169132,169309,177
108,40,comma,233,239.428866666667,462.322666666667,169309,169488,179
108,0,blank,0,-323,-105,169547,169682,135
108,0,blank,0,247.33268,474.28894,169801,169941,140
108,0,blank,0,267.557016666667,618.615933333333,169970,170149,179
108,0,blank,0,276.102016666667,599.345883333333,170149,170329,180
108,0,blank,0,289.994233333333,621.9677,170329,170510,181
108,0,blank,0,293.338183333333,588.32865,170510,170690,180
108,0,blank,0,273.773416666667,598.7034,170690,170869,179
108,46,big,272,197.520733333333,586.660233333333,170869,171047,178
108,0,blank,0,203.512383333333,550.8377,171047,171226,179
108,43,1,253,223.042033333333,529.5916,171226,171405,179
108,45,),266,265.895333333333,558.242683333333,171405,171586,181
108,0,blank,0,287.601583333333,559.636733333333,171586,171766,180
108,0,blank,0,299.7929,553.8177,171766,171826,60
108,0,blank,0,-323,-105,171886,172022,136
108,43,j,255,168.3578,529.0797,172078,172137,59
108,43,;,254,147.069233333333,525.605883333333,172240,172424,184
108,0,blank,0,184.8673,536.893133333333,172424,172602,178
108,0,blank,0,171.3831,536.534866666667,172602,172794,192
108,0,blank,0,169.1739,550.981,172794,172877,83
108,0,blank,0,-323,-105,172992,173152,160
108,0,blank,0,169.52015,538.647125,173402,173529,127
108,0,blank,0,-323,-105,173651,173840,189
108,0,blank,0,-323,-105,173840,174033,193
108,0,blank,0,-323,-105,174033,174177,144
108,0,blank,0,-323,-105,174177,174333,156
108,0,blank,0,-323,-105,174333,174491,158
108,0,blank,0,-323,-105,174491,174622,131
108,0,blank,0,-323,-105,174622,174705,83
108,0,blank,0,-323,-105,174705,174856,151
108,0,blank,0,-323,-105,174856,175036,180
108,0,blank,0,-323,-105,175036,175230,194
108,0,blank,0,-323,-105,175230,175417,187
108,0,blank,0,-323,-105,175417,175631,214
108,0,blank,0,-323,-105,175631,175807,176
108,0,blank,0,-323,-105,175807,175924,117
108,0,blank,0,-323,-105,175924,176076,152
108,0,blank,0,-323,-105,176076,176237,161
108,0,blank,0,-323,-105,176237,176404,167
108,0,blank,0,-323,-105,176404,176631,227
108,0,blank,0,-323,-105,176631,176690,59
108,0,blank,0,-323,-105,176690,177103,413
108,0,blank,0,-323,-105,177103,177299,196
108,0,blank,0,-323,-105,177299,177477,178
108,0,blank,0,-323,-105,177477,177636,159
108,0,blank,0,-323,-105,177636,177800,164
108,0,blank,0,-323,-105,177800,177958,158
108,0,blank,0,-323,-105,177958,178132,174
108,0,blank,0,-323,-105,178132,178179,47
108,0,blank,0,165.475,127.8149,178404,178570,166
108,0,blank,0,232.5814,384.0073,178707,178732,25
108,0,blank,0,240.28555,152.52775,178803,178969,166
108,0,blank,0,249.6592,132.6231,178969,179009,40
108,27,function,158,82.80515,167.128475,179050,179211,161
108,0,blank,0,130.14776,168.09918,179211,179385,174
108,28,int,175,124.863466666667,191.106166666667,179385,179569,184
108,0,blank,0,157.506816666667,187.90825,179569,179749,180
108,0,blank,0,159.448583333333,186.088966666667,179749,179927,178
108,0,blank,0,159.703516666667,187.076516666667,179927,180105,178
108,28,10,172,192.972866666667,187.508216666667,180105,180283,178
108,28,b,170,168.32165,197.99375,180283,180460,177
108,28,10,172,194.624483333333,193.24375,180460,180640,180
108,28,comma,174,221.935316666667,185.898116666667,180640,180819,179
108,28,comma,174,214.8512,188.42665,180819,180996,177
108,0,blank,0,177.031833333333,203.668583333333,180996,181176,180
108,0,blank,0,153.551483333333,218.676833333333,181176,181354,178
108,0,blank,0,157.0286,197.7521,181354,181383,29
108,0,blank,0,-323,-105,181443,181551,108
108,0,blank,0,182.755116666667,216.96895,181654,181828,174
108,30,j,184,182.718983333333,227.535183333333,181828,182009,181
108,0,blank,0,228.019066666667,240.064283333333,182009,182188,179
108,0,blank,0,233.262766666667,225.707933333333,182188,182367,179
108,0,blank,0,243.089766666667,228.3962,182367,182546,179
108,0,blank,0,215.164666666667,237.29945,182546,182725,179
108,0,blank,0,167.6925,226.6286,182725,182903,178
108,30,comma,183,160.819233333333,227.108633333333,182903,182994,91
108,0,blank,0,-323,-105,183117,183261,144
108,0,blank,0,-323,-105,183261,183406,145
108,0,blank,0,-323,-105,183406,183596,190
108,0,blank,0,-323,-105,183596,183760,164
108,0,blank,0,-323,-105,183760,183944,184
108,0,blank,0,-323,-105,183944,184118,174
108,0,blank,0,-323,-105,184118,184300,182
108,0,blank,0,-323,-105,184300,184417,117
108,0,blank,0,-323,-105,184417,184501,84
108,0,blank,0,-323,-105,184501,184922,421
108,0,blank,0,-323,-105,184922,185065,143
108,0,blank,0,-323,-105,185264,185421,157
108,0,blank,0,-323,-105,185421,185617,196
108,0,blank,0,-323,-105,185617,185744,127
108,0,blank,0,-323,-105,185744,185856,112
108,0,blank,0,-323,-105,185856,186022,166
108,0,blank,0,-323,-105,186022,186166,144
108,0,blank,0,-323,-105,186166,186328,162
108,0,blank,0,-323,-105,186328,186494,166
108,0,blank,0,-323,-105,186494,186738,244
108,0,blank,0,-323,-105,186738,186984,246
108,0,blank,0,-323,-105,186984,187158,174
108,0,blank,0,-323,-105,187158,187187,29
108,0,blank,0,-323,-105,187187,187460,273
108,0,blank,0,-323,-105,187460,187866,406
108,0,blank,0,-323,-105,187866,188547,681
108,0,blank,0,-323,-105,188547,188717,170
108,0,blank,0,267.48325,231.2969,188771,188934,163
108,0,blank,0,299.1882,255.0121,188934,189007,73
108,0,blank,0,-323,-105,189060,189209,149
108,0,blank,0,-323,-105,189209,189395,186
108,0,blank,0,128.2264,289.7442,189419,189595,176
108,0,blank,0,139.77175,281.6184,189595,189786,191
108,0,blank,0,125.812325,288.968975,189786,189953,167
108,31,=,189,123.42846,263.06516,189953,190146,193
108,0,blank,0,176.85685,263.38935,190146,190323,177
108,33,>=,206,186.1097,301.343266666667,190323,190413,90
108,0,blank,0,-323,-105,190442,190624,182
108,0,blank,0,-323,-105,190624,190804,180
108,0,blank,0,-323,-105,190804,190990,186
108,0,blank,0,-323,-105,190990,191162,172
108,0,blank,0,-323,-105,191162,191357,195
108,0,blank,0,-323,-105,191357,191449,92
108,0,blank,0,178.1519,212.520633333333,191481,191613,132
108,0,blank,0,132.942725,279.555,191674,191871,197
108,0,blank,0,140.777933333333,284.876766666667,191871,192035,164
108,33,j,204,152.3201,302.6423,192035,192199,164
108,33,>=,206,179.052,306.149525,192199,192361,162
108,0,blank,0,232.305075,269.8074,192361,192531,170
108,31,++,197,272.7953,253.061933333333,192531,192708,177
108,31,),198,281.728766666667,262.121166666667,192708,192884,176
108,31,<=,193,198.97266,265.30698,192884,193055,171
108,31,<=,193,203.40265,255.24325,193055,193221,166
108,0,blank,0,212.51925,206.59225,193221,193390,169
108,0,blank,0,196.8427,206.3946,193390,193577,187
108,28,10,172,188.523333333333,187.762816666667,193577,193754,177
108,28,int,175,152.5006,198.102533333333,193754,193935,181
108,0,blank,0,159.064983333333,197.91135,193935,194114,179
108,0,blank,0,160.876683333333,201.352083333333,194114,194295,181
108,30,j,184,182.86875,231.00545,194295,194473,178
108,0,blank,0,204.908383333333,271.414633333333,194473,194653,180
108,0,blank,0,211.29845,275.76605,194653,194713,60
108,0,blank,0,-323,-105,194742,194925,183
108,0,blank,0,-323,-105,194925,195098,173
108,0,blank,0,-323,-105,195098,195259,161
108,0,blank,0,-323,-105,195259,195379,120
108,0,blank,0,-323,-105,195379,195577,198
108,0,blank,0,-323,-105,195577,195772,195
108,0,blank,0,-323,-105,195772,196070,298
108,0,blank,0,-323,-105,196070,196100,30
108,0,blank,0,-323,-105,196100,196280,180
108,0,blank,0,-323,-105,196280,196448,168
108,0,blank,0,-323,-105,196763,196914,151
108,0,blank,0,-323,-105,196914,197106,192
108,0,blank,0,-323,-105,197106,197265,159
108,0,blank,0,-323,-105,197265,197462,197
108,0,blank,0,-323,-105,197462,197531,69
108,0,blank,0,-323,-105,197531,197954,423
108,0,blank,0,-323,-105,197954,198328,374
108,0,blank,0,-323,-105,198328,198486,158
108,0,blank,0,-323,-105,198486,198629,143
108,28,10,172,200.267533333333,183.47295,198725,198913,188
108,28,b,170,166.858216666667,183.273466666667,198913,199092,179
108,0,blank,0,155.75115,186.935683333333,199092,199274,182
108,28,10,172,185.121183333333,188.310716666667,199274,199455,181
108,28,10,172,188.57365,191.152416666667,199455,199638,183
108,28,b,170,170.51015,199.6103,199638,199818,180
108,0,blank,0,155.223083333333,196.9284,199818,200001,183
108,0,blank,0,154.414366666667,217.347516666667,200001,200185,184
108,0,blank,0,190.690583333333,206.809116666667,200185,200367,182
108,0,blank,0,196.59285,208.101116666667,200367,200550,183
108,27,the,161,217.549216666667,169.23925,200550,200734,184
108,0,blank,0,223.09315,150.196733333333,200734,200917,183
108,0,blank,0,281.149433333333,269.642783333333,200917,201102,185
108,0,blank,0,286.516166666667,294.312116666667,201102,201288,186
108,0,blank,0,285.55855,290.96335,201288,201350,62
108,0,blank,0,-323,-105,201508,201707,199
108,0,blank,0,-323,-105,201707,201901,194
108,0,blank,0,-323,-105,201901,202087,186
108,0,blank,0,-323,-105,202087,202276,189
108,0,blank,0,-323,-105,202276,202446,170
108,0,blank,0,-323,-105,202446,202628,182
108,0,blank,0,-323,-105,202628,202721,93
108,0,blank,0,-323,-105,202721,202888,167
108,0,blank,0,223.2117,218.665266666667,202920,203095,175
108,0,blank,0,219.3047,243.475066666667,203095,203272,177
108,31,<=,193,201.103,264.922266666667,203272,203453,181
108,31,<=,193,203.356966666667,261.5234,203453,203632,179
108,0,blank,0,195.523325,268.1913,203632,203752,120
108,0,blank,0,-323,-105,203811,203915,104
108,0,blank,0,199.0891,242.3622,203958,204012,54
108,0,blank,0,208.37145,219.3757,204074,204245,171
108,31,<=,193,195.8733,248.875816666667,204245,204422,177
108,31,j,196,244.945366666667,247.432633333333,204422,204600,178
108,31,j,196,247.973116666667,255.275633333333,204600,204778,178
108,31,<=,193,192.342733333333,254.018833333333,204778,204958,180
108,0,blank,0,-323,-105,204988,205117,129
108,0,blank,0,185.012266666667,220.080966666667,205210,205386,176
108,28,10,172,191.50355,181.02185,205386,205508,122
108,28,10,172,186.47245,199.47555,205568,205750,182
108,0,blank,0,182.022166666667,250.597066666667,205750,205840,90
108,0,blank,0,-323,-105,205960,206155,195
108,0,blank,0,-323,-105,206155,206320,165
108,0,blank,0,-323,-105,206320,206497,177
108,0,blank,0,-323,-105,206497,206939,442
108,0,blank,0,-323,-105,206939,207061,122
108,0,blank,0,-323,-105,207061,207456,395
108,0,blank,0,-323,-105,207456,207846,390
108,0,blank,0,-323,-105,207846,208021,175
108,0,blank,0,-323,-105,208021,208051,30
108,0,blank,0,-323,-105,208051,208399,348
108,0,blank,0,-323,-105,208399,208476,77
108,0,blank,0,-323,-105,208476,208903,427
108,0,blank,0,-323,-105,208903,209193,290
108,0,blank,0,-323,-105,209193,209374,181
108,0,blank,0,-323,-105,209374,209407,33
108,0,blank,0,-323,-105,209407,209672,265
108,0,blank,0,-323,-105,209672,210041,369
108,0,blank,0,-323,-105,210041,210534,493
108,0,blank,0,-323,-105,210534,210701,167
108,0,blank,0,-323,-105,210701,210770,69
108,0,blank,0,-323,-105,210770,211043,273
108,0,blank,0,-323,-105,211043,211098,55
108,0,blank,0,-323,-105,211098,211408,310
108,0,blank,0,-323,-105,211408,211653,245
108,0,blank,0,-323,-105,211653,211813,160
108,0,blank,0,-323,-105,211813,211995,182
108,0,blank,0,-323,-105,211995,212188,193
108,0,blank,0,-323,-105,212188,212213,25
108,0,blank,0,-323,-105,212213,213051,838
108,0,blank,0,119.05804,357.52862,213224,213405,181
108,0,blank,0,116.4838,324.6849,213405,213569,164
108,33,j,204,149.4865,307.30205,213569,213757,188
108,33,>=,206,180.8073,293.564925,213757,213893,136
108,0,blank,0,-323,-105,213922,214027,105
108,0,blank,0,143.791885714286,281.657957142857,214209,214408,199
108,33,if,200,95.2615166666667,296.521266666667,214408,214588,180
108,33,if,200,91.4469,310.2347,214588,214648,60
108,0,blank,0,-323,-105,214707,214839,132
108,0,blank,0,151.20964,329.91094,214897,215096,199
108,35,=,214,165.1138,341.493525,215096,215257,161
108,0,blank,0,162.28815,342.1264,215257,215419,162
108,0,blank,0,166.752275,325.0574,215419,215579,160
108,0,blank,0,111.25572,305.94214,215579,215750,171
108,0,blank,0,-323,-105,215780,215945,165
108,0,blank,0,108.098566666667,306.5314,215969,216140,171
108,33,if,200,101.243366666667,300.674466666667,216140,216317,177
108,33,if,200,99.7935666666667,292.130783333333,216317,216494,177
108,0,blank,0,116.71608,285.22034,216494,216643,149
108,0,blank,0,-323,-105,216703,216758,55
108,31,j,196,171.630325,260.016425,216850,217022,172
108,0,blank,0,182.997425,276.1137,217022,217182,160
108,0,blank,0,222.5765,270.120525,217182,217345,163
108,0,blank,0,158.054425,338.282625,217385,217545,160
108,0,blank,0,172.4893,366.37645,217545,217626,81
108,0,blank,0,212.2157,320.937216666667,217666,217854,188
108,0,blank,0,227.937233333333,330.9242,217854,218031,177
108,0,blank,0,230.841,335.9323,218031,218120,89
108,0,blank,0,-323,-105,218149,218280,131
108,27,the,161,237.9918,174.2553,218305,218336,31
108,31,++,197,263.798671428571,255.444542857143,218407,218606,199
108,31,++,197,272.834033333333,249.840833333333,218606,218785,179
108,0,blank,0,269.170833333333,245.789466666667,218785,218964,179
108,0,blank,0,-323,-105,219024,219201,177
108,0,blank,0,-323,-105,219201,219381,180
108,0,blank,0,-323,-105,219381,219568,187
108,0,blank,0,-323,-105,219568,219718,150
108,0,blank,0,-323,-105,219718,219909,191
108,0,blank,0,-323,-105,219909,220100,191
108,0,blank,0,-323,-105,220100,220294,194
108,0,blank,0,-323,-105,220294,220385,91
108,0,blank,0,157.595933333333,250.805733333333,220468,220640,172
108,30,comma,183,161.4092,239.40952,220811,221008,197
108,31,;,195,148.208625,247.64435,221008,221171,163
108,30,=,181,126.867,242.971,221171,221214,43
108,33,>=,206,187.24382,299.5473,221254,221428,174
108,0,blank,0,164.42685,313.2724,221428,221487,59
108,0,blank,0,-323,-105,221517,221647,130
108,0,blank,0,124.9963,262.7641,221694,221753,59
108,0,blank,0,172.42825,282.124333333333,221820,221992,172
108,0,blank,0,171.6415,282.6688,221992,222111,119
108,0,blank,0,-323,-105,222170,222340,170
108,0,blank,0,61.80782,225.08354,222388,222529,141
108,31,=,189,122.55326,255.0428,222558,222752,194
108,0,blank,0,138.978,287.693825,222752,222914,162
108,0,blank,0,154.9861,277.404825,222914,223079,165
108,0,blank,0,145.104225,313.998775,223079,223244,165
108,0,blank,0,110.20702,342.14444,223244,223428,184
108,0,blank,0,140.477466666667,319.33685,223428,223609,181
108,35,max,213,134.67025,351.765466666667,223609,223791,182
108,0,blank,0,35.4787833333333,403.291216666667,223791,223969,178
108,0,blank,0,33.92416,410.43968,223969,224120,151
108,46,temp,268,120.7749,586.5546,224150,224210,60
108,42,temp,239,106.42345,505.5198,224239,224418,179
108,0,blank,0,99.9627333333333,435.256166666667,224418,224602,184
108,0,blank,0,89.801275,435.889075,224602,224721,119
108,0,blank,0,-323,-105,224750,224907,157
108,0,blank,0,88.233,350.27365,225049,225223,174
108,0,blank,0,100.609266666667,338.596733333333,225223,225408,185
108,35,max,213,129.08695,347.024966666667,225408,225594,186
108,35,max,213,126.50445,353.8759,225594,225659,65
108,0,blank,0,-323,-105,225690,225863,173
108,0,blank,0,31.0310166666667,397.571283333333,225889,226067,178
108,0,blank,0,35.68895,410.666683333333,226067,226243,176
108,0,blank,0,32.2579,403.1466,226243,226335,92
108,40,exchange,226,98.7715333333333,463.241266666667,226335,226525,190
108,0,blank,0,127.86352,584.54308,226525,226703,178
108,0,blank,0,958.9545,444.9516,226820,227004,184
108,0,blank,0,999.867666666667,452.253933333333,227004,227186,182
108,0,blank,0,1003.65316666667,497.84375,227186,227366,180
108,0,blank,0,1008.09216666667,500.55225,227366,227547,181
108,0,blank,0,1006.443,506.551716666667,227547,227729,182
108,0,blank,0,988.786166666667,518.882866666667,227729,227910,181
108,0,blank,0,997.8615,514.337383333333,227910,228089,179
108,0,blank,0,999.687833333333,605.151016666667,228089,228270,181
108,0,blank,0,1019.585,670.3411,228270,228449,179
108,0,blank,0,1015.22666666667,668.710516666667,228449,228627,178
108,0,blank,0,1000.664,668.0619,228627,228657,30
108,48,[,286,101.934066666667,627.781066666667,228746,228929,183
108,47,b,280,92.7546333333333,613.572283333333,228929,229110,181
108,47,big,277,116.179066666667,606.500766666667,229110,229229,119
108,0,blank,0,123.10975,622.917083333333,229254,229432,178
108,47,big,277,130.360016666667,609.361383333333,229432,229614,182
108,0,blank,0,145.066716666667,600.6372,229614,229795,181
108,0,blank,0,88.7952666666667,533.080566666667,229795,229976,181
108,0,blank,0,-323,-105,230036,230194,158
108,0,blank,0,-323,-105,230194,230283,89
108,0,blank,0,89.60315,508.257733333333,230314,230484,170
108,40,exchange,226,100.048966666667,455.075516666667,230484,230666,182
108,0,blank,0,92.37705,536.15795,230666,230852,186
108,45,big,259,87.4704333333333,570.113666666667,230852,231037,185
108,42,int,238,57.11435,500.0322,231037,231099,62
108,0,blank,0,73.98935,582.20085,231129,231195,66
108,0,blank,0,-323,-105,231226,231356,130
108,46,temp,268,99.9712666666667,585.740633333333,231478,231629,151
108,0,blank,0,90.5436,509.643,231657,231747,90
108,46,temp,268,95.9996666666667,589.668933333333,231775,231924,149
108,43,for,245,69.4323,524.6163,231924,231982,58
108,0,blank,0,64.9955833333333,610.117383333333,232010,232195,185
108,0,blank,0,33.8118,607.61115,232195,232255,60
108,0,blank,0,-323,-105,232315,232482,167
108,0,blank,0,64.2392,611.3707,232511,232541,30
108,47,big,277,115.51685,605.215466666667,232603,232792,189
108,45,big,259,105.974283333333,564.7272,232792,232973,181
108,45,findmax,261,150.82384,572.04442,232973,233152,179
108,46,big,272,177.83416,578.13158,233152,233303,151
108,47,big,277,116.80878,616.34766,233303,233481,178
108,0,blank,0,116.3103,646.6913,233481,233511,30
108,0,blank,0,-323,-105,233542,233647,105
108,48,j,287,109.56,627.0577,233673,233708,35
108,0,blank,0,133.5437,647.0122,233786,233899,113
108,50,return,293,62.0744,674.5721,233899,234116,217
108,0,blank,0,39.034275,607.034575,234116,234291,175
108,0,blank,0,34.833275,578.5254,234291,234413,122
108,0,blank,0,61.30785,542.905275,234474,234596,122
108,46,temp,268,105.607533333333,588.961116666667,234626,234810,184
108,0,blank,0,116.25565,564.098666666667,234810,234992,182
108,45,findmax,261,171.817216666667,567.536283333333,234992,235177,185
108,46,[,271,169.63768,590.51864,235177,235357,180
108,45,findmax,261,171.964233333333,564.56215,235357,235540,183
108,45,findmax,261,171.58814,571.31328,235540,235697,157
108,0,blank,0,-323,-105,235756,235861,105
108,0,blank,0,203.7377,535.4041,235887,235916,29
108,45,findmax,261,153.239416666667,561.984416666667,236010,236189,179
108,46,temp,268,94.9497166666667,579.591683333333,236189,236372,183
108,46,b,270,162.188683333333,582.223966666667,236372,236555,183
108,46,big,272,191.64755,589.194383333333,236555,236738,183
108,46,big,272,198.13945,586.61175,236738,236799,61
108,46,big,272,202.772816666667,580.9195,236830,237014,184
108,0,blank,0,222.375775,616.839575,237014,237136,122
108,0,blank,0,-323,-105,237197,237358,161
108,0,blank,0,-323,-105,237358,237544,186
108,0,blank,0,-323,-105,237544,237708,164
108,0,blank,0,-323,-105,237708,237842,134
108,0,blank,0,-323,-105,237842,237911,69
108,0,blank,0,578.4366,386.6203,237996,238021,25
108,48,temp,290,178.447128571429,624.937471428571,238076,238265,189
108,48,;,291,195.62162,630.3198,238265,238415,150
108,0,blank,0,68.2740166666667,585.990166666667,238445,238627,182
108,0,blank,0,66.3359833333333,574.445683333333,238627,238808,181
108,0,blank,0,70.60035,586.3483,238808,238991,183
108,0,blank,0,75.45385,602.7173,238991,239172,181
108,0,blank,0,-323,-105,239202,239384,182
108,46,big,272,175.7627,593.158433333333,239529,239708,179
108,47,[,281,186.284933333333,616.4521,239708,239892,184
108,47,b,280,181.01436,607.74088,239892,240044,152
108,0,blank,0,-323,-105,240104,240261,157
108,0,blank,0,-323,-105,240261,240317,56
108,0,blank,0,292.283566666667,499.171833333333,240597,240690,93
108,0,blank,0,321.2169,517.3898,240723,240751,28
108,0,blank,0,-323,-105,240849,241027,178
108,0,blank,0,-323,-105,241027,241132,105
108,0,blank,0,-323,-105,241132,241235,103
108,0,blank,0,-323,-105,241235,241348,113
108,0,blank,0,-323,-105,241348,241442,94
108,0,blank,0,-323,-105,241442,241606,164
108,0,blank,0,-323,-105,241606,242132,526
108,0,blank,0,-323,-105,242132,242327,195
108,0,blank,0,-323,-105,242327,242495,168
108,0,blank,0,-323,-105,242495,242593,98
108,0,blank,0,-323,-105,242593,242785,192
108,0,blank,0,-323,-105,242785,242975,190
108,0,blank,0,-323,-105,242975,243178,203
108,0,blank,0,-323,-105,243178,243208,30
108,0,blank,0,-323,-105,243208,243574,366
108,0,blank,0,-323,-105,243574,243935,361
108,0,blank,0,-323,-105,243935,244118,183
108,0,blank,0,-323,-105,244118,244314,196
108,0,blank,0,-323,-105,244314,244499,185
108,0,blank,0,-323,-105,244499,244695,196
108,0,blank,0,-323,-105,244695,244860,165
108,0,blank,0,-323,-105,244860,244957,97
108,0,blank,0,-323,-105,244957,245124,167
108,0,blank,0,-323,-105,245124,245286,162
108,0,blank,0,-323,-105,245286,245477,191
108,0,blank,0,-323,-105,245477,245614,137
108,0,blank,0,-323,-105,245614,245756,142
108,0,blank,0,-323,-105,245756,245885,129
108,0,blank,0,-323,-105,245885,246058,173
108,0,blank,0,-323,-105,246058,246220,162
108,0,blank,0,-323,-105,246220,246372,152
108,0,blank,0,-323,-105,246372,246558,186
108,0,blank,0,-323,-105,246558,246733,175
108,0,blank,0,-323,-105,246733,246907,174
108,0,blank,0,-323,-105,246907,247066,159
108,0,blank,0,-323,-105,247066,247214,148
108,0,blank,0,-323,-105,247214,247392,178
108,0,blank,0,-323,-105,247392,247536,144
108,0,blank,0,-323,-105,247536,247719,183
108,0,blank,0,-323,-105,247719,247920,201
108,0,blank,0,-323,-105,247920,248010,90
108,47,b,280,175.898925,613.71285,248335,248528,193
108,45,=,260,130.046466666667,557.8843,248528,248690,162
108,46,temp,268,109.4964,594.467225,248690,248853,163
108,0,blank,0,208.534216666667,544.799,248885,249057,172
108,0,blank,0,193.32835,553.41235,249057,249230,173
108,0,blank,0,124.8883,542.465433333333,249230,249404,174
108,0,blank,0,132.2778,545.5562,249404,249576,172
108,0,blank,0,103.5324,551.3606,249576,249664,88
108,46,temp,268,102.569133333333,583.204733333333,249693,249869,176
108,0,blank,0,116.996016666667,574.40805,249869,250043,174
108,46,b,270,162.243483333333,584.3892,250043,250217,174
108,0,blank,0,-323,-105,250275,250459,184
108,0,blank,0,-323,-105,250459,250548,89
108,0,blank,0,128.160771428571,585.068428571429,250578,250773,195
108,45,=,260,124.961766666667,570.050516666667,250773,250945,172
108,46,=,269,133.720183333333,593.282666666667,250945,251115,170
108,46,=,269,137.408233333333,581.695716666667,251115,251289,174
108,45,findmax,261,172.264266666667,565.891883333333,251289,251462,173
108,45,findmax,261,195.288033333333,571.420266666667,251462,251548,86
108,0,blank,0,-323,-105,251578,251758,180
108,0,blank,0,182.6176,550.5553,251792,251838,46
108,0,blank,0,154.063585714286,522.821614285714,251899,252095,196
108,0,blank,0,164.99805,549.749433333333,252095,252269,174
108,0,blank,0,173.303566666667,541.1955,252269,252445,176
108,0,blank,0,221.54795,544.0027,252445,252620,175
108,0,blank,0,222.663616666667,541.313383333333,252620,252796,176
108,45,comma,264,240.736433333333,558.42965,252796,252969,173
108,0,blank,0,241.024716666667,553.93055,252969,253141,172
108,0,blank,0,251.0521,509.7665,253141,253169,28
108,0,blank,0,-323,-105,253198,253337,139
108,42,temp,239,120.275442857143,497.809514285714,253455,253650,195
108,42,temp,239,131.120883333333,509.014733333333,253650,253822,172
108,42,comma,242,141.467583333333,500.744766666667,253822,254001,179
108,0,blank,0,146.7296,501.6512,254001,254032,31
108,0,blank,0,226.98004,576.93448,254061,254230,169
108,45,findmax,261,178.98465,572.93295,254230,254411,181
108,45,findmax,261,183.5139,565.8416,254411,254591,180
108,45,(,262,217.4935,556.5253,254591,254620,29
108,0,blank,0,-323,-105,254649,254839,190
108,0,blank,0,227.019685714286,554.401557142857,254959,255157,198
108,42,big,241,178.843866666667,507.9184,255157,255331,174
108,0,blank,0,169.808516666667,546.46635,255331,255505,174
108,45,findmax,261,206.219566666667,562.552233333333,255505,255683,178
108,45,findmax,261,177.001566666667,571.72005,255683,255863,180
108,47,big,277,120.658016666667,607.77805,255863,256043,180
108,0,blank,0,143.96985,610.449466666667,256043,256225,182
108,46,big,272,191.343316666667,583.866466666667,256225,256404,179
108,0,blank,0,242.55325,599.088833333333,256404,256578,174
108,43,1,253,218.3651,521.262,256578,256608,30
108,47,big,277,111.459333333333,600.315383333333,256636,256814,178
108,0,blank,0,146.6389,589.5239,256814,256900,86
108,48,b,285,88.8815333333333,637.277283333333,256931,257107,176
108,0,blank,0,94.2137666666667,640.960583333333,257107,257288,181
108,48,b,285,93.8454166666667,624.37405,257288,257466,178
108,0,blank,0,-323,-105,257526,257711,185
108,0,blank,0,130.781366666667,588.480583333333,258007,258193,186
108,0,blank,0,134.0026,571.20465,258193,258253,60
108,0,blank,0,273.492466666667,601.308516666667,258284,258463,179
108,0,blank,0,-323,-105,258492,258624,132
108,46,big,272,196.692333333333,584.921433333333,258740,258938,198
108,0,blank,0,151.28695,615.11505,258969,259029,60
108,47,b,280,91.4587,614.359733333333,259060,259242,182
108,46,temp,268,112.89954,596.55434,259242,259394,152
108,0,blank,0,-323,-105,259424,259588,164
108,47,big,277,129.439733333333,608.6941,259715,259882,167
108,0,blank,0,149.94655,631.84695,259915,260032,117
108,50,return,293,76.2691,680.767133333333,260061,260151,90
108,0,blank,0,96.6027,690.1004,260209,260326,117
108,47,big,277,110.05645,619.2933,260355,260417,62
108,0,blank,0,80.52895,745.1015,260449,260508,59
108,0,blank,0,239.1227,661.76005,260737,260794,57
108,0,blank,0,-323,-105,260826,260985,159
108,0,blank,0,-323,-105,260985,261026,41
108,0,blank,0,202.114,661.4891,261059,261082,23
108,45,findmax,261,185.598083333333,555.3502,261164,261339,175
108,45,findmax,261,184.438833333333,571.21755,261339,261518,179
108,45,findmax,261,195.4279,555.8812,261518,261578,60
108,0,blank,0,-323,-105,261607,261788,181
108,47,],283,207.8218,610.405942857143,261894,262089,195
108,47,j,282,201.045083333333,607.823366666667,262089,262266,177
108,46,big,272,199.804833333333,593.105283333333,262294,262471,177
108,46,big,272,201.8929,584.514166666667,262471,262558,87
108,0,blank,0,-323,-105,262617,262747,130
108,47,=,279,163.9052,602.1755,262772,262801,29
108,46,[,271,165.315914285714,585.036528571429,262866,263065,199
108,46,b,270,155.649033333333,590.736666666667,263065,263243,178
108,45,findmax,261,158.665975,561.218875,263243,263359,116
108,45,findmax,261,161.077783333333,569.969083333333,263388,263562,174
108,0,blank,0,151.933066666667,611.749766666667,263562,263735,173
108,47,big,277,104.804016666667,608.713966666667,263735,263911,176
108,46,temp,268,88.6318,578.7899,263911,263939,28
108,0,blank,0,150.062983333333,600.770716666667,263969,264144,175
108,46,big,272,175.684266666667,582.362,264144,264317,173
108,46,big,272,191.315066666667,593.496483333333,264317,264494,177
108,0,blank,0,147.36925,612.1153,264494,264670,176
108,0,blank,0,94.80395,602.297716666667,264670,264848,178
108,47,big,277,106.20595,612.350716666667,264848,265025,177
108,48,temp,290,171.97935,623.197133333333,265025,265201,176
108,0,blank,0,178.889425,663.430425,265201,265320,119
108,0,blank,0,-323,-105,265349,265480,131
108,47,j,282,194.922,604.4612,265506,265531,25
108,48,temp,290,170.971485714286,626.484142857143,265588,265781,193
108,47,big,277,107.243116666667,617.8135,265781,265957,176
108,47,big,277,131.920866666667,613.073783333333,265957,266131,174
108,0,blank,0,103.563516666667,662.2141,266131,266304,173
108,47,big,277,113.97255,619.001416666667,266304,266477,173
108,47,big,277,107.069033333333,611.5894,266477,266653,176
108,47,big,277,112.03245,601.99185,266653,266712,59
108,0,blank,0,176.318166666667,648.919266666667,266741,266829,88
108,46,b,270,162.156566666667,589.543883333333,266858,267032,174
108,0,blank,0,128.029533333333,514.595966666667,267032,267123,91
108,0,blank,0,68.4486428571429,485.449471428571,267238,267435,197
108,0,blank,0,75.1483,443.913083333333,267435,267610,175
108,40,exchange,226,114.760416666667,456.7448,267610,267784,174
108,40,int,234,150.74444,461.74894,267784,267934,150
108,47,],283,140.937283333333,607.7317,267993,268177,184
108,47,big,277,119.37345,617.78745,268177,268300,123
108,0,blank,0,-323,-105,268359,268520,161
108,0,blank,0,132.023833333333,-103.950133333333,268841,268959,118
108,0,blank,0,163.02602,-103.94376,269021,269203,182
108,0,blank,0,162.40635,-103.941683333333,269203,269378,175
108,0,blank,0,140.22255,779.04565,269494,269587,93
108,0,blank,0,153.529466666667,781.599533333333,269645,269733,88
108,0,blank,0,156.868,757.3621,269795,269823,28
108,0,blank,0,145.818875,761.140825,269881,270000,119
108,0,blank,0,134.78395,764.1494,270062,270179,117
108,0,blank,0,140.0693,755.3065,270268,270356,88
108,0,blank,0,101.366666666667,722.492666666667,270537,270671,134
108,0,blank,0,59.5337333333333,691.531866666667,270671,270866,195
108,0,blank,0,77.9006666666667,742.7827,270866,271042,176
108,0,blank,0,60.5161,730.0027,271042,271212,170
108,0,blank,0,51.6977,740.9198,271212,271353,141
108,0,blank,0,64.75024,720.85298,271382,271554,172
108,0,blank,0,71.237275,741.93515,271554,271674,120
108,0,blank,0,103.2984,-103.9104,271703,271887,184
108,0,blank,0,36.1010142857143,755.500071428571,271910,272104,194
108,0,blank,0,43.5183166666667,778.997233333333,272104,272278,174
108,0,blank,0,65.30756,774.29872,272278,272452,174
108,0,blank,0,81.307725,748.007725,272452,272599,147
108,0,blank,0,55.5415666666667,777.852866666667,272599,272714,115
108,0,blank,0,-323,-105,272834,272915,81
108,0,blank,0,-323,-105,273095,273294,199
108,0,blank,0,-323,-105,273294,273568,274
108,0,blank,0,-323,-105,273568,273758,190
108,0,blank,0,-323,-105,273758,273844,86
108,0,blank,0,-323,-105,273844,275626,1782
108,0,blank,0,-323,-105,275626,275761,135
108,0,blank,0,-323,-105,275761,276203,442
108,46,],273,210.5688,581.7686,276887,276939,52
108,45,=,260,127.146916666667,569.121316666667,276969,277140,171
108,46,temp,268,111.0704,579.409266666667,277140,277228,88
108,46,temp,268,111.782533333333,583.544733333333,277257,277434,177
108,47,[,281,101.372066666667,602.878083333333,277434,277612,178
108,0,blank,0,148.9147,612.185433333333,277612,277788,176
108,46,big,272,196.48262,591.07034,277788,277934,146
108,0,blank,0,-323,-105,277992,278095,103
108,0,blank,0,92.0511,648.5046,278202,278323,121
108,48,],288,116.5921,630.0557,278323,278499,176
108,0,blank,0,122.62725,621.84285,278499,278674,175
108,47,b,280,175.5637,616.106525,278674,278839,165
108,0,blank,0,172.436025,616.58225,278839,279001,162
108,47,[,281,190.267225,618.0832,279001,279163,162
108,0,blank,0,228.712,634.311,279243,279273,30
108,0,blank,0,264.24285,612.9931,279333,279510,177
108,40,],232,224.401416666667,461.746233333333,279510,279687,177
108,0,blank,0,201.09375,428.2958,279687,279805,118
108,45,b,263,232.082866666667,559.730433333333,279834,279922,88
108,0,blank,0,251.188183333333,547.730283333333,279951,280127,176
108,0,blank,0,246.9531,468.383866666667,280127,280214,87
108,0,blank,0,253.7991,442.1486,280244,280273,29
108,0,blank,0,-323,-105,280303,280485,182
108,43,j,255,163.4131,530.6556,280651,280736,85
108,0,blank,0,225.046,532.30595,280766,280943,177
108,43,;,254,225.334566666667,520.042233333333,280943,281126,183
108,0,blank,0,255.55054,497.87726,281126,281274,148
108,0,blank,0,262.336933333333,432.663783333333,281303,281486,183
108,0,blank,0,258.960966666667,473.2217,281517,281700,183
108,0,blank,0,181.15415,462.510275,281730,281851,121
108,0,blank,0,180.0295,538.2645,281881,281913,32
108,40,int,234,148.95405,459.2577,281944,282004,60
108,0,blank,0,-323,-105,282098,282269,171
108,0,blank,0,251.122383333333,381.008183333333,282497,282685,188
108,0,blank,0,256.177383333333,441.338916666667,282685,282868,183
108,40,comma,233,241.298266666667,465.031283333333,282868,283048,180
108,0,blank,0,232.0613,472.6334,283048,283078,30
108,0,blank,0,-323,-105,283138,283305,167
108,0,blank,0,-323,-105,283305,283419,114
108,0,blank,0,-323,-105,283419,283555,136
108,0,blank,0,226.4462,487.3708,283584,283600,16
108,0,blank,0,222.483566666667,477.6072,283636,283727,91
108,0,blank,0,251.1523,479.6573,283758,283948,190
108,0,blank,0,280.490666666667,497.9137,283948,284044,96
108,0,blank,0,263.613425,494.958425,284074,284200,126
108,0,blank,0,249.637166666667,501.8454,284263,284357,94
108,40,],232,228.3232,465.6745,284387,284418,31
108,0,blank,0,-323,-105,284449,284611,162
108,0,blank,0,-323,-105,284611,284753,142
108,0,blank,0,-323,-105,284753,284869,116
108,0,blank,0,-323,-105,284869,284959,90
108,0,blank,0,132.6643,545.896,285043,285223,180
108,0,blank,0,114.72585,560.2196,285223,285400,177
108,42,int,238,68.5543,492.4398,285400,285430,30
108,0,blank,0,79.4056666666666,552.258133333333,285459,285636,177
108,0,blank,0,76.2946833333333,568.15215,285636,285811,175
108,45,big,259,96.3607333333333,561.924633333333,285811,285987,176
108,45,big,259,102.84955,575.470525,285987,286107,120
108,0,blank,0,-323,-105,286136,286324,188
108,45,big,259,103.219257142857,569.2768,286442,286640,198
108,45,big,259,92.12345,556.6442,286640,286760,120
108,0,blank,0,-323,-105,286881,287034,153
108,0,blank,0,-323,-105,287034,287220,186
108,0,blank,0,-323,-105,287220,287329,109
108,0,blank,0,-323,-105,287329,287512,183
108,0,blank,0,-323,-105,287512,287704,192
108,0,blank,0,-323,-105,287704,287864,160
108,0,blank,0,-323,-105,287864,288163,299
108,0,blank,0,-323,-105,288163,288352,189
108,0,blank,0,-323,-105,288352,288490,138
108,0,blank,0,-323,-105,288490,288683,193
108,0,blank,0,-323,-105,288683,288996,313
108,0,blank,0,-323,-105,288996,289681,685
108,0,blank,0,-323,-105,289681,289867,186
108,0,blank,0,-323,-105,289867,289986,119
108,0,blank,0,-323,-105,289986,290227,241
108,0,blank,0,-323,-105,290227,290705,478
108,0,blank,0,-323,-105,290705,291364,659
108,0,blank,0,-323,-105,291364,291514,150
108,0,blank,0,-323,-105,291514,291690,176
108,0,blank,0,-323,-105,291690,291716,26
108,0,blank,0,-323,-105,291716,292046,330
108,0,blank,0,-323,-105,292046,292125,79
108,0,blank,0,-323,-105,292125,292286,161
108,0,blank,0,-323,-105,292286,292428,142
108,0,blank,0,-323,-105,292428,292607,179
108,0,blank,0,-323,-105,292607,292804,197
108,0,blank,0,-323,-105,292804,292981,177
108,0,blank,0,-323,-105,292981,293166,185
108,0,blank,0,-323,-105,293166,293351,185
108,0,blank,0,-323,-105,293351,293390,39
108,30,0,182,151.6051,240.9618,293414,293454,40
108,0,blank,0,-323,-105,293527,293669,142
108,0,blank,0,-323,-105,293669,293862,193
108,0,blank,0,-323,-105,293862,294008,146
108,0,blank,0,-323,-105,294008,294179,171
108,0,blank,0,-323,-105,294179,294264,85
108,0,blank,0,-323,-105,294264,294442,178
108,46,big,272,183.0357,579.0948,294963,295099,136
108,46,b,270,161.62335,596.1704,295099,295296,197
108,45,j,265,254.526466666667,555.140483333333,295350,295547,197
108,0,blank,0,247.5119,562.475271428571,295547,295740,193
108,45,findmax,261,200.505328571429,567.754771428571,295740,295937,197
108,45,findmax,261,194.563183333333,567.6524,295937,296107,170
108,0,blank,0,122.31922,557.24,296164,296304,140
108,0,blank,0,-323,-105,296332,296435,103
108,40,exchange,226,125.6559,452.6261,296461,296489,28
108,0,blank,0,129.679233333333,516.620233333333,296626,296801,175
108,43,;,254,145.737766666667,518.873233333333,296801,296884,83
108,45,(,262,219.652985714286,565.143057142857,296912,297109,197
108,0,blank,0,243.409071428571,574.351957142857,297109,297304,195
108,45,comma,264,237.1424,557.615171428571,297304,297500,196
108,45,findmax,261,213.3032,556.9771,297500,297529,29
108,0,blank,0,-323,-105,297585,297711,126
108,45,comma,264,237.9698,555.805328571429,297849,298047,198
108,0,blank,0,234.457757142857,547.085942857143,298047,298246,199
108,0,blank,0,228.7827,584.41345,298246,298304,58
108,33,j,204,152.124566666667,305.72585,298332,298505,173
108,33,[,208,138.63865,304.4017,298505,298561,56
108,0,blank,0,211.902116666667,554.01475,298619,298789,170
108,43,j,255,166.89302,517.47548,298789,298933,144
108,43,=,248,116.927666666667,517.554466666667,298990,299078,88
108,0,blank,0,83.84785,536.0019,299109,299165,56
108,0,blank,0,130.430366666667,537.5605,299193,299278,85
108,42,comma,242,139.543216666667,508.974216666667,299339,299514,175
108,0,blank,0,161.865,535.691733333333,299514,299599,85
108,0,blank,0,-323,-105,299628,299731,103
108,43,k,249,134.16875,514.996025,299873,299986,113
108,0,blank,0,237.133833333333,554.305533333333,300044,300215,171
108,0,blank,0,220.7312,546.969425,300215,300330,115
108,0,blank,0,144.515133333333,287.206683333333,300359,300531,172
108,0,blank,0,166.438875,318.408925,300531,300646,115
108,0,blank,0,197.440616666667,291.782166666667,300675,300848,173
108,0,blank,0,182.92315,434.45555,300848,300904,56
108,0,blank,0,198.542833333333,298.0382,300933,301019,86
108,30,=,181,126.62545,236.644625,301047,301168,121
108,31,(,187,91.2695,248.856,301307,301336,29
108,33,>=,206,178.744833333333,304.630766666667,301364,301540,176
108,33,>=,206,190.303733333333,303.715833333333,301540,301715,175
108,0,blank,0,171.2319,317.4283,301715,301744,29
108,0,blank,0,-323,-105,301774,301904,130
108,33,>=,206,185.50558,291.37506,301929,302060,131
108,0,blank,0,181.828783333333,540.9755,302089,302266,177
108,0,blank,0,156.013266666667,549.783766666667,302266,302443,177
108,0,blank,0,150.4949,535.00015,302443,302619,176
108,0,blank,0,227.716116666667,535.919466666667,302619,302793,174
108,0,blank,0,238.995433333333,549.101533333333,302793,302967,174
108,0,blank,0,160.770533333333,552.111083333333,302967,303140,173
108,0,blank,0,134.5327,547.950266666667,303140,303314,174
108,45,big,259,86.7263666666667,562.57125,303314,303487,173
108,0,blank,0,79.2067166666667,586.08825,303487,303661,174
108,45,findmax,261,149.651116666667,567.125816666667,303661,303836,175
108,0,blank,0,143.8555,554.46465,303836,303894,58
108,0,blank,0,-323,-105,303923,304078,155
108,0,blank,0,169.1475,551.2581,304118,304172,54
108,45,findmax,261,148.204414285714,568.6179,304234,304430,196
108,0,blank,0,141.868933333333,561.154083333333,304430,304605,175
108,46,=,269,134.65905,580.70945,304605,304781,176
108,45,=,260,130.05395,575.188916666667,304781,304953,172
108,46,b,270,156.891057142857,596.910085714286,304953,305149,196
108,45,findmax,261,159.7514,570.859633333333,305149,305233,84
108,0,blank,0,-323,-105,305261,305442,181
108,0,blank,0,170.4604,535.5532,305476,305524,48
108,0,blank,0,166.257071428571,553.835728571428,305588,305782,194
108,0,blank,0,176.199366666667,553.282816666667,305782,305957,175
108,0,blank,0,-323,-105,305986,306140,154
108,45,findmax,261,155.8105,573.4185,306166,306191,25
108,45,findmax,261,166.829485714286,572.813057142857,306256,306451,195
108,46,b,270,153.344716666667,580.052083333333,306451,306628,177
108,45,=,260,132.259483333333,572.2647,306628,306805,177
108,0,blank,0,102.55265,598.8057,306805,306862,57
108,0,blank,0,-323,-105,306891,307070,179
108,0,blank,0,-323,-105,307070,307219,149
108,45,findmax,261,149.055857142857,560.3672,307245,307435,190
108,45,findmax,261,171.298683333333,566.15335,307435,307610,175
108,0,blank,0,157.887066666667,577.663283333333,307610,307785,175
108,0,blank,0,177.940833333333,576.808666666667,307785,307959,174
108,45,findmax,261,191.6287,562.494083333333,307959,308135,176
108,45,findmax,261,179.55322,569.26736,308135,308280,145
108,0,blank,0,-323,-105,308337,308491,154
108,0,blank,0,153.940671428571,577.821771428571,308517,308705,188
108,46,temp,268,115.773633333333,587.635433333333,308705,308880,175
108,0,blank,0,134.162133333333,548.624916666667,308880,309054,174
108,45,findmax,261,164.543466666667,564.961866666667,309054,309227,173
108,0,blank,0,222.0834,585.3594,309227,309255,28
108,46,big,272,174.793166666667,584.665383333333,309284,309456,172
108,0,blank,0,-323,-105,309485,309665,180
108,48,temp,290,163.4438,623.9963,309769,309794,25
108,45,b,263,231.199785714286,571.956828571429,309820,310019,199
108,0,blank,0,216.348,543.4872,310019,310048,29
108,0,blank,0,230.73095,618.3811,310106,310163,57
108,47,[,281,190.41475,615.04675,310192,310248,56
108,0,blank,0,213.050033333333,583.415266666667,310336,310422,86
108,0,blank,0,-323,-105,310451,310631,180
108,45,(,262,221.032585714286,563.208957142857,310725,310916,191
108,45,findmax,261,176.535266666667,557.121383333333,310973,311145,172
108,43,>=,252,195.6207,519.8211,311145,311177,32
108,0,blank,0,185.096475,542.7868,311233,311347,114
108,45,findmax,261,168.667166666667,574.64765,311407,311601,194
108,0,blank,0,258.39445,534.619566666667,311632,311805,173
108,0,blank,0,263.555316666667,553.343616666667,311805,311977,172
108,0,blank,0,239.9819,487.9161,312006,312035,29
108,45,findmax,261,163.103533333333,563.149633333333,312093,312181,88
108,0,blank,0,155.928175,545.115475,312210,312328,118
108,0,blank,0,-323,-105,312388,312540,152
108,45,findmax,261,196.7809,568.5671,312565,312599,34
108,0,blank,0,181.242116666667,577.135783333333,312707,312883,176
108,45,findmax,261,181.914783333333,569.436516666667,312883,313060,177
108,46,=,269,138.02615,579.539383333333,313060,313237,177
108,46,temp,268,110.0474,583.7011,313237,313414,177
108,0,blank,0,137.586816666667,572.3399,313414,313592,178
108,0,blank,0,118.929116666667,577.9042,313592,313770,178
108,45,findmax,261,150.30746,569.40076,313770,313916,146
108,46,;,274,215.118866666667,580.494716666667,313945,314119,174
108,46,big,272,181.729566666667,585.348333333333,314119,314295,176
108,0,blank,0,-323,-105,314325,314454,129
108,47,=,279,161.4407,600.2281,314485,314522,37
108,45,findmax,261,185.975783333333,573.936533333333,314587,314753,166
108,46,[,271,167.270266666667,589.5026,314782,314958,176
108,0,blank,0,126.34,583.483666666667,314958,315136,178
108,0,blank,0,148.724933333333,590.71485,315136,315314,178
108,47,=,279,163.346,602.09115,315314,315468,154
108,0,blank,0,128.6292,554.4998,315468,315580,112
108,45,big,259,110.16285,570.56975,315580,315763,183
108,46,=,269,142.657716666667,579.047333333333,315763,315950,187
108,45,findmax,261,154.931316666667,575.7639,315950,316128,178
108,45,findmax,261,181.906666666667,565.4564,316128,316307,179
108,45,(,262,219.0042,556.260666666667,316307,316484,177
108,0,blank,0,-323,-105,316543,316695,152
108,43,--,256,260.4227,527.8956,316720,316746,26
108,45,(,262,222.191328571429,568.298914285714,316808,317005,197
108,45,b,263,223.489716666667,560.0573,317005,317179,174
108,45,comma,264,237.4037,560.213066666667,317179,317352,173
108,45,comma,264,238.162333333333,562.217266666667,317352,317524,172
108,46,big,272,202.04925,579.57955,317524,317697,173
108,45,findmax,261,194.5945,562.529585714286,317697,317896,199
108,0,blank,0,240.6025,593.726442857143,317896,318093,197
108,45,findmax,261,213.381916666667,564.0546,318093,318263,170
108,0,blank,0,162.235566666667,577.39665,318263,318437,174
108,46,big,272,175.620266666667,585.83255,318437,318610,173
108,46,big,272,186.141075,594.841975,318610,318725,115
108,46,temp,268,102.725316666667,586.28865,318755,318929,174
108,45,big,259,113.80395,572.45955,318929,319104,175
108,45,findmax,261,171.2384,569.23305,319104,319279,175
108,45,findmax,261,208.313583333333,564.235616666667,319279,319453,174
108,0,blank,0,216.703083333333,550.109416666667,319453,319624,171
108,0,blank,0,244.93,561.8372,319624,319654,30
108,0,blank,0,-323,-105,319683,319812,129
108,0,blank,0,210.895,554.8954,319837,319862,25
108,0,blank,0,224.9473,550.98064,319921,320057,136
108,43,j,255,93.2741,526.8556,320086,320262,176
108,0,blank,0,108.010416666667,510.495266666667,320262,320436,174
108,0,blank,0,119.418866666667,488.4699,320436,320522,86
108,45,(,262,222.102433333333,572.898633333333,320550,320724,174
108,45,(,262,221.319216666667,569.9194,320724,320897,173
108,46,big,272,201.206333333333,591.337816666667,320897,321069,172
108,45,findmax,261,175.929766666667,564.452833333333,321069,321243,174
108,46,b,270,163.4883,581.882416666667,321243,321422,179
108,0,blank,0,231.8144,624.8137,321422,321451,29
108,0,blank,0,-323,-105,321481,321661,180
108,0,blank,0,127.285666666667,588.837166666667,321789,321962,173
108,45,findmax,261,146.251566666667,575.018666666667,321962,322144,182
108,47,b,280,174.775483333333,610.581433333333,322144,322326,182
108,0,blank,0,164.534083333333,612.242933333333,322326,322509,183
108,47,b,280,178.17,601.4843,322509,322661,152
108,0,blank,0,-323,-105,322752,322932,180
108,47,big,277,103.44765,611.6942,323296,323470,174
108,0,blank,0,92.0738,621.187516666667,323470,323649,179
108,0,blank,0,119.136283333333,620.433116666667,323649,323830,181
108,0,blank,0,146.8421,608.4664,323830,323919,89
108,0,blank,0,-323,-105,323979,324134,155
108,48,j,287,108.2624,632.191,324163,324203,40
108,0,blank,0,132.956871428571,579.940957142857,324268,324466,198
108,45,=,260,133.05084,562.42956,324466,324612,146
108,0,blank,0,-323,-105,324670,324802,132
108,45,findmax,261,170.106333333333,563.68535,324935,325103,168
108,46,[,271,169.563316666667,584.155,325132,325306,174
108,46,big,272,175.755716666667,593.689933333333,325306,325480,174
108,0,blank,0,201.157666666667,599.5262,325480,325565,85
108,0,blank,0,-323,-105,325595,325775,180
108,0,blank,0,-323,-105,325775,325844,69
108,0,blank,0,278.3804,548.6105,325870,325893,23
108,0,blank,0,174.5009,666.1366,325918,325944,26
108,45,findmax,261,197.3374,569.54445,325972,326029,57
108,47,b,280,181.766366666667,615.407666666667,326085,326256,171
108,0,blank,0,-323,-105,326285,326468,183
108,0,blank,0,-323,-105,326468,326500,32
108,0,blank,0,149.863066666667,599.496933333333,326618,326699,81
108,46,[,271,168.268,581.74824,326760,326908,148
108,0,blank,0,-323,-105,326966,327145,179
108,0,blank,0,-323,-105,327145,327185,40
108,47,j,282,199.164866666667,605.192483333333,327234,327406,172
108,0,blank,0,166.123042857143,613.718914285714,327406,327605,199
108,0,blank,0,-323,-105,327663,327842,179
108,0,blank,0,-323,-105,327842,327875,33
108,0,blank,0,168.722271428571,611.119071428571,327998,328195,197
108,0,blank,0,168.596716666667,612.9287,328195,328372,177
108,47,j,282,198.64305,612.560783333333,328372,328544,172
108,0,blank,0,198.1344,654.2051,328544,328574,30
108,46,],273,209.08975,583.8357,328631,328805,174
108,46,big,272,187.514166666667,592.1991,328805,328892,87
108,0,blank,0,163.88405,533.707,328952,329012,60
108,42,comma,242,136.99388,504.00008,329045,329198,153
108,0,blank,0,171.0508,467.616333333333,329198,329318,120
108,0,blank,0,134.68465,481.25715,329349,329538,189
108,0,blank,0,154.8461,510.073666666667,329538,329655,117
108,42,temp,239,127.549325,492.6236,329717,329841,124
108,0,blank,0,-323,-105,329904,330031,127
108,0,blank,0,151.27705,496.565533333333,330147,330325,178
108,42,temp,239,104.29175,495.92455,330325,330390,65
108,45,findmax,261,180.979525,561.200525,330422,330597,175
108,43,>=,252,197.363766666667,530.7578,330597,330770,173
108,42,comma,242,189.189466666667,508.566383333333,330770,330945,175
108,0,blank,0,205.309416666667,511.940566666667,330945,331121,176
108,0,blank,0,131.596316666667,477.158333333333,331121,331301,180
108,0,blank,0,111.3353,474.4554,331301,331359,58
108,31,=,189,120.844233333333,262.164316666667,331420,331603,183
108,30,=,181,131.50485,244.488283333333,331603,331782,179
108,0,blank,0,131.814433333333,223.6075,331782,331964,182
108,30,max,180,108.51135,242.067916666667,331964,332145,181
108,30,=,181,126.084183333333,236.9757,332145,332321,176
108,0,blank,0,131.374083333333,249.064683333333,332321,332495,174
108,0,blank,0,-323,-105,332524,332671,147
108,0,blank,0,104.521757142857,268.814585714286,332797,332996,199
108,30,max,180,110.184483333333,244.117533333333,332996,333172,176
108,31,=,189,115.510333333333,247.295866666667,333172,333351,179
108,0,blank,0,121.195333333333,241.712866666667,333351,333531,180
108,30,comma,183,155.637966666667,236.961166666667,333531,333708,177
108,30,comma,183,155.72645,240.523466666667,333708,333885,177
108,0,blank,0,177.39882,258.03162,333885,334033,148
108,0,blank,0,-323,-105,334063,334192,129
108,0,blank,0,90.4196428571429,246.750714285714,334362,334557,195
108,31,for,186,69.2754,248.597333333333,334557,334734,177
108,31,for,186,66.3338166666667,249.89735,334734,334909,175
108,31,(,187,92.6656333333333,248.38655,334909,335089,180
108,31,;,195,146.093066666667,248.550133333333,335089,335264,175
108,30,0,182,144.746983333333,233.489716666667,335264,335438,174
108,33,b,207,129.290133333333,311.0977,335438,335611,173
108,0,blank,0,110.0182,281.78335,335611,335669,58
108,0,blank,0,-323,-105,335699,335804,105
108,0,blank,0,-323,-105,335804,335924,120
108,0,blank,0,167.613242857143,245.432942857143,336206,336405,199
108,0,blank,0,160.2447,249.720183333333,336405,336583,178
108,0,blank,0,55.6043166666667,272.146466666667,336610,336787,177
108,0,blank,0,56.47,278.768666666667,336787,336964,177
108,31,for,186,51.54735,263.187733333333,336964,337141,177
108,0,blank,0,110.211933333333,219.699283333333,337141,337316,175
108,0,blank,0,127.4527,223.8578,337316,337373,57
108,0,blank,0,-323,-105,337402,337507,105
108,0,blank,0,116.9215,215.9378,337547,337596,49
108,28,findmax,167,71.8417142857143,197.864114285714,337663,337860,197
108,28,findmax,167,61.284,188.334083333333,337860,338036,176
108,27,function,158,110.28875,171.798933333333,338036,338213,177
108,27,function,158,108.38245,174.3231,338213,338272,59
108,27,find,160,180.616583333333,170.342633333333,338301,338476,175
108,28,10,172,200.6498,181.116,338476,338651,175
108,0,blank,0,223.095866666667,181.924916666667,338651,338825,174
108,27,find,160,191.321066666667,169.19125,338825,339000,175
108,0,blank,0,159.192775,185.39985,339000,339120,120
108,0,blank,0,-323,-105,339147,339252,105
108,27,find,160,164.123957142857,167.389185714286,339380,339576,196
108,27,to,159,150.00254,175.7211,339576,339723,147
108,0,blank,0,130.639825,149.218075,339781,339899,118
108,0,blank,0,119.146566666667,237.708433333333,339929,340105,176
108,0,blank,0,135.301716666667,238.660866666667,340105,340282,177
108,0,blank,0,141.6147,237.6543,340282,340460,178
108,0,blank,0,152.961816666667,249.5399,340460,340639,179
108,31,=,189,123.48185,255.558433333333,340639,340818,179
108,31,j,196,102.9357,260.216333333333,340818,340994,176
108,31,j,196,97.9277166666667,257.007966666667,340994,341174,180
108,30,=,181,125.592366666667,244.863466666667,341174,341353,179
108,0,blank,0,127.784316666667,250.692833333333,341353,341533,180
108,31,j,196,100.791066666667,264.3948,341533,341623,90
108,0,blank,0,-323,-105,341681,341783,102
108,31,=,189,118.8939,249.1121,341825,341876,51
108,0,blank,0,95.9206,246.7179,341942,342080,138
108,45,findmax,261,199.795683333333,556.543733333333,342110,342288,178
108,45,findmax,261,197.442716666667,558.215783333333,342288,342465,177
108,0,blank,0,197.722233333333,552.467766666667,342465,342640,175
108,0,blank,0,232.388,531.539566666667,342640,342726,86
108,0,blank,0,150.972716666667,542.116333333333,342755,342929,174
108,45,findmax,261,179.5739,560.20852,342929,343073,144
108,45,;,267,276.1154,557.296771428571,343101,343299,198
108,45,findmax,261,167.425416666667,561.72145,343299,343472,173
108,0,blank,0,140.485166666667,552.382816666667,343472,343646,174
108,43,j,255,93.1579833333333,526.4098,343646,343821,175
108,43,j,255,94.19275,529.8875,343821,343882,61
108,0,blank,0,-323,-105,343911,344050,139
108,43,=,248,115.170685714286,512.767157142857,344168,344362,194
108,42,big,241,159.909533333333,500.45755,344362,344535,173
108,0,blank,0,106.6192,530.1741,344535,344564,29
108,43,j,255,163.8851,513.93405,344651,344710,59
108,0,blank,0,236.4257,527.9371,344826,344855,29
108,46,;,274,214.4294,591.8246,344855,345087,232
108,45,b,263,224.3946,574.11225,345087,345137,50
108,0,blank,0,260.9254,600.66485,345187,345244,57
108,0,blank,0,153.950516666667,522.667983333333,345299,345477,178
108,0,blank,0,220.54365,551.59815,345477,345535,58
108,0,blank,0,189.2188,478.515433333333,345563,345652,89
108,0,blank,0,-323,-105,345767,345941,174
108,0,blank,0,-323,-105,345941,346128,187
108,0,blank,0,-323,-105,346128,346321,193
108,0,blank,0,-323,-105,346321,346490,169
108,0,blank,0,-323,-105,346490,346677,187
108,0,blank,0,-323,-105,346677,346873,196
108,0,blank,0,-323,-105,346873,347067,194
108,0,blank,0,-323,-105,347067,347199,132
108,48,b,285,90.0512333333333,623.80865,347299,347474,175
108,0,blank,0,56.5582666666667,612.7764,347474,347649,175
108,0,blank,0,67.0458,633.450116666667,347649,347821,172
108,0,blank,0,97.1226,650.161133333333,347821,347997,176
108,0,blank,0,122.7801,646.23945,347997,348055,58
108,0,blank,0,122.96245,652.345033333333,348216,348389,173
108,0,blank,0,118.132066666667,648.330633333333,348389,348571,182
108,0,blank,0,161.195375,711.63525,348571,348692,121
108,0,blank,0,94.27565,640.9742,348722,348903,181
108,0,blank,0,57.4366333333333,618.1146,348903,349081,178
108,0,blank,0,73.9975,604.7849,349081,349114,33
108,0,blank,0,-323,-105,349486,349606,120
108,0,blank,0,-323,-105,349606,349730,124
108,0,blank,0,-323,-105,349730,350105,375
108,0,blank,0,-323,-105,350105,350272,167
108,0,blank,0,-323,-105,350272,350402,130
108,0,blank,0,-323,-105,350402,350473,71
108,0,blank,0,-323,-105,350473,350603,130
108,0,blank,0,-323,-105,350603,350720,117
108,0,blank,0,-323,-105,350720,350889,169
108,0,blank,0,-323,-105,350889,351010,121
108,0,blank,0,-323,-105,351010,351207,197
108,0,blank,0,-323,-105,351207,351347,140
108,0,blank,0,-323,-105,351347,351526,179
108,0,blank,0,-323,-105,351526,351832,306
108,0,blank,0,-323,-105,351832,352014,182
108,0,blank,0,-323,-105,352014,352187,173
108,0,blank,0,-323,-105,352513,352709,196
108,0,blank,0,222.3189,230.7628,352833,352996,163
108,0,blank,0,194.937325,234.214625,352996,353170,174
108,0,blank,0,206.34245,261.261525,353170,353330,160
108,0,blank,0,207.8832,251.649125,353330,353490,160
108,30,;,185,184.01606,236.94588,353490,353680,190
108,30,comma,183,159.141533333333,244.0139,353680,353862,182
108,0,blank,0,111.992533333333,316.193066666667,353862,354041,179
108,0,blank,0,133.8065,316.887133333333,354041,354218,177
108,0,blank,0,170.0639,304.863166666667,354218,354307,89
108,0,blank,0,-323,-105,354366,354495,129
108,0,blank,0,166.9653,268.5302,354555,354627,72
108,0,blank,0,105.448966666667,313.488433333333,354691,354862,171
108,0,blank,0,105.560183333333,314.70135,354862,355041,179
108,33,if,200,102.867366666667,303.77355,355041,355218,177
108,0,blank,0,100.13975,315.9186,355218,355394,176
108,0,blank,0,109.1478,312.80315,355394,355573,179
108,33,if,200,99.3685,310.3665,355573,355692,119
108,0,blank,0,-323,-105,355752,355897,145
108,0,blank,0,208.229183333333,254.6832,355999,356172,173
108,0,blank,0,212.21085,242.8602,356172,356338,166
108,0,blank,0,175.3943,284.0115,356338,356514,176
108,0,blank,0,193.479066666667,280.7296,356514,356706,192
108,31,<=,193,201.447166666667,248.5057,356706,356884,178
108,0,blank,0,215.7709,222.9906,356884,356973,89
108,0,blank,0,-323,-105,357003,357107,104
108,0,blank,0,244.2103,150.5721,357152,357209,57
108,0,blank,0,226.9371,240.35885,357273,357446,173
108,31,<=,193,190.387116666667,267.948033333333,357446,357626,180
108,0,blank,0,214.431066666667,271.8087,357626,357805,179
108,0,blank,0,202.514166666667,268.644483333333,357805,357984,179
108,0,blank,0,205.24845,225.895183333333,357984,358162,178
108,0,blank,0,204.995666666667,203.641283333333,358162,358342,180
108,0,blank,0,223.339333333333,212.0505,358342,358520,178
108,0,blank,0,227.284,220.34825,358520,358580,60
108,0,blank,0,-323,-105,358609,358739,130
108,0,blank,0,246.7513,211.2555,358787,358850,63
108,0,blank,0,254.958233333333,228.526666666667,358914,359087,173
108,0,blank,0,247.900333333333,276.96555,359087,359265,178
108,0,blank,0,230.428066666667,239.354266666667,359265,359442,177
108,0,blank,0,225.0312,195.405,359442,359562,120
108,0,blank,0,208.202916666667,224.0189,359592,359769,177
108,28,10,172,199.823266666667,197.787616666667,359769,359947,178
108,0,blank,0,201.979183333333,202.29785,359947,360125,178
108,0,blank,0,194.126283333333,209.5708,360125,360304,179
108,0,blank,0,183.701933333333,217.157283333333,360304,360480,176
108,0,blank,0,-323,-105,360510,360614,104
108,30,j,184,182.2142,228.4649,360640,360678,38
108,0,blank,0,205.748316666667,207.606583333333,360749,360924,175
108,28,b,170,168.964133333333,192.2382,360924,361099,175
108,28,b,170,167.248383333333,189.585733333333,361099,361274,175
108,28,10,172,195.4307,186.326516666667,361274,361450,176
108,0,blank,0,219.746066666667,203.344016666667,361450,361626,176
108,31,j,196,251.187233333333,251.165366666667,361626,361803,177
108,0,blank,0,269.3948,271.196866666667,361803,361981,178
108,0,blank,0,197.222783333333,280.3763,361981,362157,176
108,0,blank,0,196.32775,299.55755,362157,362218,61
108,0,blank,0,-323,-105,362247,362395,148
108,33,b,207,207.101757142857,293.008542857143,362523,362720,197
108,0,blank,0,194.462683333333,294.675683333333,362720,362897,177
108,0,blank,0,232.9916,315.116833333333,362897,363073,176
108,0,blank,0,227.47834,312.28472,363073,363218,145
108,0,blank,0,-323,-105,363277,363405,128
108,28,comma,174,217.0399,197.9182,363447,363500,53
108,0,blank,0,214.485228571429,232.608628571429,363563,363759,196
108,0,blank,0,219.055783333333,244.3842,363759,363937,178
108,0,blank,0,211.174516666667,267.039216666667,363937,364113,176
108,0,blank,0,209.62595,320.28135,364113,364294,181
108,0,blank,0,199.756033333333,392.5748,364294,364474,180
108,0,blank,0,198.33095,424.776725,364474,364594,120
108,0,blank,0,219.313083333333,629.469233333333,364624,364806,182
108,0,blank,0,228.83325,605.501033333333,364806,364989,183
108,0,blank,0,241.377866666667,623.8627,364989,365170,181
108,0,blank,0,270.20845,604.468433333333,365170,365352,182
108,45,;,267,279.6567,569.8806,365352,365412,60
108,0,blank,0,-323,-105,365472,365628,156
108,45,findmax,261,202.760133333333,555.944483333333,365806,365978,172
108,45,findmax,261,148.93295,574.663216666667,366038,366218,180
108,0,blank,0,127.2886,512.3051,366218,366252,34
108,0,blank,0,160.119983333333,534.283216666667,366283,366471,188
108,0,blank,0,188.155266666667,539.87255,366471,366650,179
108,0,blank,0,197.739866666667,544.193333333333,366650,366830,180
108,0,blank,0,230.092416666667,540.43025,366830,367009,179
108,0,blank,0,240.792733333333,541.72725,367009,367189,180
108,0,blank,0,250.126166666667,541.192233333333,367189,367279,90
108,0,blank,0,-323,-105,367309,367440,131
108,40,int,234,281.4127,458.7788,367487,367545,58
108,0,blank,0,203.991166666667,536.675183333333,367618,367792,174
108,43,j,255,165.428733333333,528.638066666667,367792,367881,89
108,0,blank,0,-323,-105,367940,368125,185
108,0,blank,0,156.069716666667,545.096933333333,368268,368443,175
108,42,big,241,182.294083333333,498.412166666667,368443,368624,181
108,0,blank,0,193.78442,534.12156,368624,368774,150
108,0,blank,0,211.5052,535.064266666667,368804,368990,186
108,0,blank,0,224.508083333333,481.606783333333,368990,369173,183
108,0,blank,0,230.89645,506.757925,369173,369297,124
108,0,blank,0,235.176833333333,527.269966666667,369329,369421,92
108,40,[,230,202.739325,465.408725,369451,369574,123
108,0,blank,0,230.040416666667,444.726466666667,369605,369793,188
108,0,blank,0,-323,-105,369856,370038,182
108,43,--,256,269.36428,520.51188,370192,370364,172
108,0,blank,0,247.569466666667,490.382933333333,370364,370452,88
108,0,blank,0,-323,-105,370487,370662,175
108,0,blank,0,242.49125,465.7807,370814,370929,115
108,0,blank,0,169.5979,605.526,370960,370992,32
108,0,blank,0,182.230533333333,516.5226,371023,371207,184
108,42,big,241,171.344983333333,506.9894,371207,371391,184
108,45,findmax,261,189.8746,560.763,371391,371422,31
108,0,blank,0,-323,-105,371452,371611,159
108,0,blank,0,-323,-105,371611,371654,43
108,0,blank,0,191.226616666667,549.9728,371808,371991,183
108,45,findmax,261,197.326,555.05025,371991,372051,60
108,0,blank,0,199.300283333333,508.895316666667,372081,372267,186
108,42,big,241,183.2846,497.4143,372267,372298,31
108,0,blank,0,292.37385,445.128066666667,372360,372549,189
108,0,blank,0,-323,-105,372581,372720,139
108,0,blank,0,257.4374,493.2687,372899,372924,25
108,43,>=,252,184.527866666667,519.708966666667,372955,373138,183
108,0,blank,0,164.129766666667,488.035633333333,373138,373229,91
108,45,findmax,261,170.781166666667,561.217133333333,373260,373351,91
108,45,findmax,261,172.67575,555.13205,373382,373442,60
108,42,j,243,212.72815,502.93715,373502,373623,121
108,0,blank,0,243.641833333333,543.702766666667,373653,373832,179
108,45,b,263,232.572783333333,561.449316666667,373832,374015,183
108,0,blank,0,241.178183333333,590.633033333333,374015,374196,181
108,0,blank,0,232.3681,605.70865,374196,374257,61
108,0,blank,0,232.46175,608.43875,374317,374377,60
108,0,blank,0,205.412083333333,544.47455,374408,374588,180
108,42,;,244,217.15505,498.4702,374588,374648,60
108,0,blank,0,-323,-105,374678,374870,192
108,0,blank,0,252.79054,597.51594,375049,375236,187
108,0,blank,0,244.223466666667,599.015216666667,375236,375418,182
108,0,blank,0,242.306533333333,596.9332,375418,375601,183
108,45,b,263,229.301766666667,563.12135,375601,375786,185
108,46,;,274,220.560275,592.558675,375786,375908,122
108,31,<=,193,198.330766666667,254.459566666667,375969,376151,182
108,28,10,172,193.95928,195.63756,376151,376306,155
108,28,],173,208.54655,198.87795,376367,376428,61
108,0,blank,0,-323,-105,376458,376567,109
108,0,blank,0,182.6229,147.9824,376665,376817,152
108,27,find,160,200.167683333333,176.889416666667,377016,377200,184
108,27,the,161,218.13545,172.29495,377200,377392,192
108,0,blank,0,259.787325,203.678375,377392,377510,118
108,0,blank,0,-323,-105,377569,377726,157
108,0,blank,0,232.4253,109.5869,377852,378059,207
108,22,;,139,214.0964,52.748,378059,378088,29
108,28,int,175,246.06065,187.152683333333,378115,378294,179
108,28,int,175,256.186825,184.76725,378294,378415,121
108,0,blank,0,-323,-105,378446,378636,190
108,0,blank,0,245.686,141.7243,378764,378789,25
108,0,blank,0,216.0965,246.3735,378848,378884,36
108,0,blank,0,200.680183333333,268.988933333333,378951,379137,186
108,33,b,207,204.36615,305.53285,379137,379198,61
108,30,=,181,125.380575,245.844275,379690,379860,170
108,31,j,196,95.2840666666667,248.3243,379860,379999,139
108,30,max,180,105.1667,244.4006,379999,380074,75
108,0,blank,0,-323,-105,380167,380621,454
108,0,blank,0,-323,-105,380621,380799,178
108,0,blank,0,-323,-105,380799,380910,111
108,33,b,207,129.316933333333,298.671816666667,380984,381178,194
108,35,max,213,124.673616666667,352.803783333333,381178,381350,172
108,0,blank,0,133.979966666667,337.4203,381350,381522,172
108,35,max,213,128.97225,344.390666666667,381522,381695,173
108,0,blank,0,154.763633333333,288.511466666667,381695,381866,171
108,0,blank,0,141.677,362.4834,381895,381923,28
108,0,blank,0,-323,-105,381951,382105,154
108,46,],273,205.7678,583.0082,382436,382603,167
108,0,blank,0,190.5205,643.7748,382603,382875,272
108,45,findmax,261,168.7025,573.5499,382875,382970,95
108,46,[,271,172.30105,588.87,382970,383147,177
108,0,blank,0,194.01225,550.647125,383147,383346,199
108,45,b,263,223.15545,573.2255,383386,383547,161
108,0,blank,0,200.9561,540.015825,383547,383709,162
108,42,big,241,167.177783333333,500.468216666667,383709,383904,195
108,0,blank,0,168.75715,489.13865,383904,383961,57
108,0,blank,0,-323,-105,383989,384170,181
108,0,blank,0,154.585485714286,518.353771428571,384277,384467,190
108,43,;,254,148.277433333333,523.213633333333,384467,384642,175
108,45,findmax,261,157.8212,556.8347,384642,384730,88
108,0,blank,0,-323,-105,384817,385003,186
108,0,blank,0,-323,-105,385003,385146,143
108,0,blank,0,-323,-105,385146,385210,64
108,0,blank,0,-323,-105,385210,385405,195
108,0,blank,0,-323,-105,385405,385629,224
108,0,blank,0,-323,-105,385629,385815,186
108,0,blank,0,-323,-105,385815,385989,174
108,0,blank,0,-323,-105,385989,386421,432
108,0,blank,0,-323,-105,386421,386723,302
108,0,blank,0,-323,-105,386723,387105,382
108,0,blank,0,-323,-105,387105,387300,195
108,0,blank,0,-323,-105,387300,387686,386
108,0,blank,0,-323,-105,387686,388061,375
108,0,blank,0,-323,-105,388061,388799,738
108,0,blank,0,-323,-105,388799,388990,191
108,0,blank,0,-323,-105,388990,389304,314
108,0,blank,0,-323,-105,389304,389505,201
108,0,blank,0,-323,-105,389505,390165,660
108,0,blank,0,-323,-105,390165,390339,174
108,0,blank,0,-323,-105,390339,390373,34
108,0,blank,0,-323,-105,390373,390660,287
108,0,blank,0,-323,-105,390660,390788,128
108,0,blank,0,-323,-105,390788,391399,611
108,0,blank,0,-323,-105,391399,391661,262
108,0,blank,0,-323,-105,391661,391841,180
108,0,blank,0,-323,-105,391841,391900,59
108,0,blank,0,-323,-105,391900,392350,450
108,0,blank,0,-323,-105,392350,392814,464
108,0,blank,0,-323,-105,392814,393003,189
108,0,blank,0,-323,-105,393003,393223,220
108,0,blank,0,-323,-105,393223,393518,295
108,0,blank,0,-323,-105,393518,393952,434
108,0,blank,0,-323,-105,393952,394138,186
108,0,blank,0,-323,-105,394138,394164,26
108,0,blank,0,-323,-105,394164,394405,241
108,0,blank,0,-323,-105,394405,394504,99
108,0,blank,0,-323,-105,394504,394839,335
108,0,blank,0,-323,-105,394839,395035,196
108,0,blank,0,-323,-105,395035,395067,32
108,0,blank,0,-323,-105,395067,395357,290
108,0,blank,0,-323,-105,395357,395541,184
108,0,blank,0,-323,-105,395541,395732,191
108,0,blank,0,-323,-105,395732,395920,188
108,0,blank,0,-323,-105,395920,396109,189
108,0,blank,0,-323,-105,396109,396279,170
108,0,blank,0,-323,-105,396279,396356,77
108,0,blank,0,519.99615,-103.95755,396526,396693,167
108,0,blank,0,-323,-105,396969,397112,143
108,0,blank,0,-323,-105,397112,397243,131
108,0,blank,0,-323,-105,397243,397340,97
108,0,blank,0,-323,-105,397340,397448,108
108,0,blank,0,-323,-105,397448,397624,176
108,0,blank,0,-323,-105,397624,397776,152
108,0,blank,0,-323,-105,397776,397970,194
108,0,blank,0,-323,-105,397970,398152,182
108,0,blank,0,-323,-105,398152,398335,183
108,0,blank,0,-323,-105,398335,398534,199
108,0,blank,0,-323,-105,398534,398733,199
108,0,blank,0,-323,-105,398733,398905,172
108,0,blank,0,-323,-105,398905,399051,146
108,0,blank,0,-323,-105,399051,399250,199
108,0,blank,0,-323,-105,399250,399430,180
108,0,blank,0,-323,-105,399430,399602,172
108,0,blank,0,-323,-105,399602,399759,157
108,0,blank,0,-323,-105,399759,399939,180
108,0,blank,0,-323,-105,399939,400119,180
108,0,blank,0,-323,-105,400119,400289,170
108,0,blank,0,-323,-105,400289,400473,184
108,0,blank,0,-323,-105,400473,400666,193
108,0,blank,0,-323,-105,400666,400852,186
108,0,blank,0,-323,-105,400852,401024,172
108,0,blank,0,-323,-105,401024,401165,141
108,0,blank,0,-323,-105,401165,401350,185
108,0,blank,0,-323,-105,401350,401548,198
108,0,blank,0,-323,-105,401548,401738,190
108,0,blank,0,-323,-105,401738,401914,176
108,0,blank,0,-323,-105,401914,402036,122
108,0,blank,0,-323,-105,402036,402201,165
108,0,blank,0,-323,-105,402201,402435,234
108,0,blank,0,-323,-105,402435,402661,226
108,0,blank,0,-323,-105,402661,402851,190
108,0,blank,0,-323,-105,402851,403014,163
108,0,blank,0,-323,-105,403014,403209,195
108,0,blank,0,-323,-105,403209,403371,162
108,0,blank,0,-323,-105,403371,403453,82
108,0,blank,0,-323,-105,403453,403691,238
108,0,blank,0,-323,-105,403691,403880,189
108,0,blank,0,-323,-105,403880,404064,184
108,0,blank,0,-323,-105,404064,404256,192
108,0,blank,0,-323,-105,404256,404405,149
108,0,blank,0,-323,-105,404405,404551,146
108,0,blank,0,71.9869,696.2403,404970,405002,32
108,38,max,221,140.75836,403.93342,405061,405257,196
108,0,blank,0,144.91335,363.323625,405257,405415,158
108,0,blank,0,-323,-105,405495,405687,192
108,0,blank,0,-323,-105,405687,405867,180
108,0,blank,0,-323,-105,405867,405926,59
108,43,>=,252,201.7769,526.3597,405958,405995,37
108,0,blank,0,910.810333333333,694.116466666667,406716,406826,110
108,0,blank,0,897.4685,725.1203,406861,406922,61
108,0,blank,0,856.277,760.9756,407015,407044,29
108,0,blank,0,881.302166666667,710.995133333333,407101,407279,178
108,0,blank,0,862.65,754.41275,407279,407341,62
108,0,blank,0,767.554,792.0021,407399,407428,29
108,0,blank,0,865.12925,741.94475,407457,407578,121
108,0,blank,0,869.064666666667,716.8205,407640,407831,191
108,0,blank,0,886.862166666666,629.71195,407831,408011,180
108,0,blank,0,880.10625,595.19465,408011,408131,120
108,0,blank,0,528.214816666667,582.32,408161,408332,171
108,0,blank,0,492.532883333333,559.315783333333,408332,408506,174
108,0,blank,0,493.01545,566.670416666667,408506,408690,184
108,0,blank,0,471.52645,555.64785,408690,408866,176
108,0,blank,0,474.90705,574.645566666667,408866,409040,174
108,0,blank,0,472.80845,592.28465,409040,409219,179
108,0,blank,0,391.277,761.281133333333,409248,409399,151
108,0,blank,0,384.506733333333,743.481483333333,409459,409636,177
108,0,blank,0,424.363,730.4478,409636,409666,30
108,0,blank,0,469.5038,-103.7915,409798,409823,25
108,0,blank,0,470.498157142857,738.825128571429,409848,410042,194
108,0,blank,0,457.8541,732.22118,410042,410183,141
108,0,blank,0,458.92175,751.35115,410266,410446,180
108,0,blank,0,467.9102,761.724466666667,410446,410531,85
108,0,blank,0,487.81824,776.75444,410589,410730,141
108,0,blank,0,507.539016666667,772.88495,410787,410959,172
108,0,blank,0,442.9098,743.8892,410959,410988,29
108,0,blank,0,487.7604,762.5016,411322,411378,56
108,0,blank,0,500.21006,691.75882,411461,411610,149
108,0,blank,0,505.4885,751.1314,411610,411666,56
108,0,blank,0,528.2974,741.3719,411666,411886,220
108,0,blank,0,514.86405,720.25265,411886,412056,170
108,0,blank,0,536.719675,659.8097,412195,412341,146
108,0,blank,0,510.31326,679.76594,412341,412512,171
108,0,blank,0,522.87865,647.59265,412512,412702,190
108,0,blank,0,606.17805,587.4395,412702,412783,81
108,0,blank,0,547.4957,625.80408,412842,413019,177
108,0,blank,0,577.695416666667,596.717983333333,413019,413190,171
108,0,blank,0,595.8643,607.0634,413190,413362,172
108,0,blank,0,607.826016666667,614.307833333333,413362,413534,172
108,0,blank,0,572.630933333333,531.867816666667,413534,413707,173
108,0,blank,0,604.947166666667,550.703366666667,413707,413793,86
108,0,blank,0,882.2336,665.85314,413886,414058,172
108,0,blank,0,867.744666666667,673.501166666667,414058,414229,171
108,0,blank,0,855.1034,655.8127,414229,414373,144
109,0,blank,0,860.248,563.154833333333,415429,415616,187
109,0,blank,0,900.846166666667,552.654733333333,415616,415794,178
109,0,blank,0,510.465166666667,571.07805,415988,416161,173
109,0,blank,0,511.675166666667,564.947466666667,416161,416248,87
109,0,blank,0,208.523683333333,332.130516666667,416335,416516,181
109,0,blank,0,175.783983333333,318.253233333333,416516,416687,171
109,0,blank,0,173.36495,335.9047,416687,416864,177
109,17,(,101,145.156,356.08632,416864,417018,154
109,15,i,96,102.26378,315.1896,417018,417204,186
109,14,printf,81,91.332225,306.390925,417204,417351,147
109,15,i,96,102.9178,313.2978,417351,417533,182
109,0,blank,0,117.3092,233.03896,417714,417890,176
109,0,blank,0,109.292833333333,208.7716,417890,418074,184
109,8,"%d",44,109.63575,162.365866666667,418074,418254,180
109,7,(,38,106.456325,144.717075,418254,418450,196
109,7,"Enterthevalueofn\n",39,116.408833333333,145.497033333333,418450,418590,140
109,7,"Enterthevalueofn\n",39,219.3536,137.5193,418590,418934,344
109,7,"Enterthevalueofn\n",39,293.4537,135.543,418934,419107,173
109,0,blank,0,334.8767,117.884666666667,419107,419220,113
109,7,"Enterthevalueofn\n",39,123.55672,136.67612,419333,419477,144
109,7,"Enterthevalueofn\n",39,123.380133333333,143.748333333333,419477,419663,186
109,0,blank,0,309.179966666667,227.023133333333,419931,420111,180
109,0,blank,0,334.668333333333,227.567433333333,420111,420201,90
109,0,blank,0,347.2034,174.7242,420201,420386,185
109,0,blank,0,371.29955,174.0064,420386,420566,180
109,0,blank,0,403.165666666667,171.1849,420566,420642,76
109,8,n,47,179.955066666667,162.085066666667,420672,420858,186
109,0,blank,0,178.761166666667,153.147233333333,420858,420949,91
109,9,"Entertheelementsonebyone\n",52,207.731516666667,192.733783333333,421145,421322,177
109,0,blank,0,-323,-105,422137,422408,271
109,0,blank,0,-323,-105,422408,422607,199
109,0,blank,0,275.684633333333,351.233666666667,422677,422807,130
109,0,blank,0,-323,-105,422837,422973,136
109,0,blank,0,160.2533,321.5048,423234,423260,26
109,19,Selection,113,107.2659,397.06475,423669,423724,55
109,19,Selection,113,145.4433,413.5002,423724,423937,213
109,19,Selection,113,145.4433,413.5002,423937,423962,25
109,0,blank,0,125.3784,466.64,423962,424238,276
109,21,"Sortedarrayis...\n",127,153.273871428571,455.333542857143,424238,424437,199
109,0,blank,0,140.74385,439.687775,424437,424567,130
109,0,blank,0,-323,-105,424879,425007,128
109,0,blank,0,-323,-105,425727,425895,168
109,0,blank,0,-323,-105,425895,426070,175
109,0,blank,0,-323,-105,426070,426268,198
109,0,blank,0,-323,-105,426268,426447,179
109,0,blank,0,-323,-105,426447,426626,179
109,0,blank,0,-323,-105,426626,426794,168
109,0,blank,0,-323,-105,426794,426923,129
109,0,blank,0,-323,-105,426923,427235,312
109,0,blank,0,-323,-105,427235,427299,64
109,0,blank,0,-323,-105,427299,427646,347
109,0,blank,0,-323,-105,427646,427788,142
109,0,blank,0,-323,-105,427788,427983,195
109,0,blank,0,-323,-105,427983,428172,189
109,0,blank,0,-323,-105,428172,428259,87
109,0,blank,0,-323,-105,428259,428433,174
109,21,"Sortedarrayis...\n",127,206.96106,459.59624,428551,428730,179
109,21,"Sortedarrayis...\n",127,198.623516666667,445.893616666667,428730,428906,176
109,21,"Sortedarrayis...\n",127,200.989825,444.889925,428906,429023,117
109,0,blank,0,-323,-105,429082,429258,176
109,0,blank,0,-323,-105,429258,429427,169
109,21,"Sortedarrayis...\n",127,184.811883333333,445.7184,429476,429648,172
109,21,"Sortedarrayis...\n",127,154.025183333333,442.845283333333,429648,429823,175
109,20,),123,220.579566666667,438.062366666667,429823,430001,178
109,0,blank,0,232.487433333333,439.807583333333,430001,430182,181
109,0,blank,0,240.2616,436.710683333333,430182,430357,175
109,21,"Sortedarrayis...\n",127,245.6877,449.7998,430357,430532,175
109,20,;,124,228.765516666667,425.266583333333,430532,430703,171
109,0,blank,0,-323,-105,430761,430863,102
109,19,sorting,114,221.322683333333,415.986616666667,431015,431184,169
109,0,blank,0,225.3183,417.1871,431184,431368,184
109,20,;,124,229.850633333333,429.7218,431368,431544,176
109,20,),123,220.26435,432.9211,431544,431719,175
109,19,Selection,113,144.90035,413.980733333333,431719,431895,176
109,20,exchange,118,123.1937,421.874283333333,431895,432071,176
109,20,exchange,118,117.160866666667,427.4961,432071,432247,176
109,0,blank,0,110.273183333333,469.349,432247,432427,180
109,21,"Sortedarrayis...\n",127,179.081,457.510083333333,432427,432606,179
109,21,"Sortedarrayis...\n",127,222.668116666667,460.51195,432635,432812,177
109,21,"Sortedarrayis...\n",127,261.8551,458.147916666667,432812,432992,180
109,22,i,140,236.432133333333,470.67665,432992,433172,180
109,0,blank,0,184.405333333333,484.129816666667,433172,433349,177
109,21,"Sortedarrayis...\n",127,192.3024,457.795633333333,433349,433526,177
109,21,"Sortedarrayis...\n",127,200.661516666667,447.964133333333,433526,433710,184
109,0,blank,0,179.4436,483.6688,433710,433887,177
109,0,blank,0,153.356333333333,478.235,433887,434060,173
109,0,blank,0,156.944466666667,484.448583333333,434060,434239,179
109,22,;,139,147.190366666667,474.770933333333,434239,434328,89
109,0,blank,0,-323,-105,434358,434488,130
109,0,blank,0,143.3445,539.4449,434516,434558,42
109,24,"%d\n",146,156.2535,507.459828571429,434624,434819,195
109,0,blank,0,163.008933333333,493.7,434819,434998,179
109,0,blank,0,192.448166666667,487.25525,434998,435175,177
109,0,blank,0,199.155,474.757316666667,435175,435351,176
109,0,blank,0,243.419,497.1736,435351,435529,178
109,0,blank,0,245.4916,487.25595,435529,435707,178
109,0,blank,0,229.50055,499.22685,435707,435886,179
109,22,i,140,237.007483333333,474.396766666667,435886,436064,178
109,21,"Sortedarrayis...\n",127,259.08555,460.989,436064,436239,175
109,0,blank,0,263.5367,485.1879,436239,436266,27
109,0,blank,0,-323,-105,436295,436424,129
109,0,blank,0,166.5018,563.3558,436449,436475,26
109,28,findmax,167,113.038066666667,612.38825,436771,436945,174
109,0,blank,0,103.450133333333,616.206533333333,436945,437126,181
109,0,blank,0,92.0030333333333,550.344683333333,437126,437307,181
109,22,i,140,100.6051,464.883583333333,437307,437484,177
109,22,=,133,118.637666666667,462.088216666667,437484,437664,180
109,20,exchange,118,113.1688,437.6918,437664,437755,91
109,20,array,120,135.0691,430.8755,437755,437864,109
109,21,"Sortedarrayis...\n",127,153.79035,447.5188,437864,438061,197
109,21,"Sortedarrayis...\n",127,162.619883333333,454.160633333333,438061,438253,192
109,0,blank,0,124.84175,469.527233333333,438253,438435,182
109,21,"Sortedarrayis...\n",127,177.74625,456.932283333333,438435,438620,185
109,21,"Sortedarrayis...\n",127,187.90274,443.324,438620,438775,155
109,0,blank,0,965.551166666667,306.227966666667,438865,439051,186
109,0,blank,0,1003.815,320.80055,439051,439235,184
109,0,blank,0,1002.9655,318.54655,439235,439419,184
109,0,blank,0,998.998833333333,319.302416666667,439419,439601,182
109,0,blank,0,991.645,319.44795,439601,439722,121
109,21,"Sortedarrayis...\n",127,161.872633333333,440.710816666667,439815,440000,185
109,21,"Sortedarrayis...\n",127,154.928866666667,442.856783333333,440000,440186,186
109,22,0,134,139.741083333333,481.170366666667,440186,440365,179
109,24,"%d\n",146,167.5682,522.624866666667,440365,440452,87
109,0,blank,0,286.2164,630.4671,440511,440543,32
109,22,n,138,206.292783333333,475.915866666667,440572,440762,190
109,0,blank,0,81.1812666666667,506.545966666667,440762,440936,174
109,21,printf,125,67.51755,457.17735,440936,440994,58
109,0,blank,0,105.63654,493.173,441052,441200,148
109,0,blank,0,164.689166666667,220.1719,441231,441419,188
109,9,"Entertheelementsonebyone\n",52,162.512616666667,193.4121,441419,441611,192
109,9,"Entertheelementsonebyone\n",52,183.815816666667,185.880183333333,441611,441800,189
109,9,"Entertheelementsonebyone\n",52,271.049533333333,177.568066666667,441800,441983,183
109,0,blank,0,335.259966666667,175.211966666667,441983,442166,183
109,0,blank,0,379.44124,173.99404,442166,442321,155
109,7,"Enterthevalueofn\n",39,163.2343,149.94725,442349,442530,181
109,7,"Enterthevalueofn\n",39,161.504566666667,150.667183333333,442530,442710,180
109,7,"Enterthevalueofn\n",39,151.8515,147.7317,442710,442740,30
109,0,blank,0,-323,-105,442771,442919,148
109,8,"%d",44,115.5796,170.601033333333,442980,443175,195
109,9,(,51,106.059233333333,178.825766666667,443175,443356,181
109,0,blank,0,109.61975,204.1559,443356,443540,184
109,0,blank,0,86.2885,265.27405,443540,443599,59
109,0,blank,0,121.968983333333,236.508633333333,443694,443881,187
109,0,blank,0,101.873066666667,266.035783333333,443881,444059,178
109,0,blank,0,105.220516666667,321.12115,444059,444235,176
109,15,i,96,98.1098,318.178125,444235,444351,116
109,10,0,59,137.150483333333,213.141633333333,444380,444562,182
109,10,0,59,137.870266666667,215.474766666667,444562,444750,188
109,0,blank,0,180.644533333333,234.031833333333,444750,444927,177
109,0,blank,0,265.429083333333,226.2918,444990,445171,181
109,0,blank,0,362.89595,237.415966666667,445171,445347,176
109,12,array,74,252.22834,262.5688,445377,445525,148
109,0,blank,0,-323,-105,445581,445610,29
109,0,blank,0,683.112,-103.8733,445635,445661,26
109,0,blank,0,-323,-105,445686,445876,190
109,0,blank,0,-323,-105,445876,446054,178
109,0,blank,0,-323,-105,446054,446088,34
109,0,blank,0,-323,-105,446088,446474,386
109,0,blank,0,203.5347,307.4554,446536,446603,67
109,0,blank,0,192.9207,277.433,446671,446811,140
109,14,"Inputarrayelements\n",83,250.45165,292.90535,446811,446964,153
109,14,"Inputarrayelements\n",83,287.1382,291.7126,447023,447048,25
109,0,blank,0,-323,-105,447164,447344,180
109,0,blank,0,-323,-105,447344,447521,177
109,0,blank,0,-323,-105,447521,447720,199
109,0,blank,0,-323,-105,447720,447915,195
109,0,blank,0,-323,-105,447915,448090,175
109,0,blank,0,-323,-105,448090,448248,158
109,0,blank,0,640.5717,-103.8625,448644,448669,25
109,0,blank,0,-323,-105,448743,448925,182
109,0,blank,0,-323,-105,448925,449103,178
109,0,blank,0,-323,-105,449103,449280,177
109,0,blank,0,-323,-105,449280,449395,115
109,0,blank,0,-323,-105,449395,449690,295
109,0,blank,0,113.477,377.12965,449871,449953,82
109,0,blank,0,104.952733333333,373.468533333333,449996,450119,123
109,19,Selection,113,111.807875,404.008775,450159,450325,166
109,22,;,139,144.379225,472.341275,450325,450456,131
109,19,sorting,114,215.927666666667,405.183916666667,450485,450666,181
109,0,blank,0,193.8202,376.6524,450666,450727,61
109,19,sorting,114,222.4154,408.922,450757,450816,59
109,19,begins,115,310.53814,406.11858,450846,450996,150
109,0,blank,0,176.78906,484.23858,451110,451252,142
109,0,blank,0,198.33624,495.22256,451252,451423,171
109,0,blank,0,-323,-105,451508,451633,125
109,0,blank,0,204.2048,487.1879,451659,451684,25
109,22,++,141,245.559557142857,479.387914285714,451736,451933,197
109,22,++,141,252.6714,476.0024,451933,451961,28
109,0,blank,0,263.538,483.74225,452021,452200,179
109,22,++,141,259.44838,482.62852,452200,452353,153
109,24,"%d\n",146,167.02926,511.80858,452353,452531,178
109,0,blank,0,184.4761,560.237833333333,452531,452696,165
109,0,blank,0,934.3075,399.12945,453606,453669,63
109,0,blank,0,1009.7665,326.12545,453697,453873,176
109,0,blank,0,1000.491,330.484233333333,453873,454049,176
109,0,blank,0,1007.6432,328.69732,454049,454196,147
109,19,sorting,114,210.164,412.682416666667,454285,454455,170
109,21,"Sortedarrayis...\n",127,186.6334,457.94302,454455,454639,184
109,22,0,134,135.284533333333,466.4527,454639,454818,179
109,0,blank,0,104.7277,551.4908,454818,454847,29
109,0,blank,0,105.37265,470.7672,454879,454936,57
109,0,blank,0,-323,-105,454965,455096,131
109,24,(,145,150.76906,514.55594,455199,455338,139
109,24,comma,147,215.2198,512.5029,455369,455401,32
109,0,blank,0,94.07995,623.354133333333,456131,456312,181
109,30,max,180,92.0168666666667,644.366966666667,456312,456399,87
109,0,blank,0,129.03395,462.458716666667,456428,456607,179
109,19,Selection,113,128.595166666667,409.699666666667,456607,456695,88
110,0,blank,0,1004.78533333333,640.518166666667,458537,458718,181
110,0,blank,0,154.552,535.308716666667,458808,458982,174
110,40,exchange,226,83.0641833333333,464.05455,458982,459159,177
110,0,blank,0,118.04095,232.828566666667,459218,459401,183
110,28,(,168,117.17645,181.68575,459401,459583,182
110,0,blank,0,114.7877,209.277,459583,459706,123
110,0,blank,0,154.95095,489.646583333333,459737,459914,177
110,0,blank,0,176.633483333333,482.20585,459914,460091,177
110,0,blank,0,215.621625,485.87385,460091,460210,119
110,0,blank,0,-323,-105,460270,460413,143
110,0,blank,0,650.42926,608.04612,460579,460754,175
110,0,blank,0,554.605,693.593,460786,460815,29
110,0,blank,0,697.992333333333,569.556533333333,460850,460947,97
110,0,blank,0,621.69825,672.73215,460976,461091,115
110,0,blank,0,619.5192,672.7103,461263,461326,63
110,0,blank,0,558.6369,696.56472,461611,461752,141
110,0,blank,0,557.845533333333,682.537233333333,461752,461929,177
110,0,blank,0,511.060366666667,696.554966666667,461929,462107,178
110,0,blank,0,473.0754,739.287,462107,462135,28
110,0,blank,0,554.4759,688.599733333333,462163,462345,182
110,0,blank,0,530.557,675.263166666667,462345,462517,172
110,0,blank,0,544.907833333333,689.491133333333,462517,462688,171
110,0,blank,0,517.76775,668.9617,462688,462750,62
110,0,blank,0,584.567,672.3087,462750,462959,209
110,0,blank,0,570.680414285714,661.060271428571,462959,463146,187
110,0,blank,0,520.0215,689.07495,463146,463317,171
110,0,blank,0,451.267242857143,719.207142857143,463376,463574,198
110,0,blank,0,463.693683333333,724.151033333333,463574,463747,173
110,0,blank,0,528.9524,-103.9409,463865,463895,30
110,0,blank,0,690.696,-103.849,464194,464220,26
110,0,blank,0,454.4881,728.8013,464309,464335,26
110,0,blank,0,-323,-105,464466,465071,605
110,0,blank,0,-323,-105,465071,465235,164
110,0,blank,0,-323,-105,465235,465412,177
110,0,blank,0,207.30852,550.14428,465438,465618,180
110,0,blank,0,195.54735,553.0857,465648,465713,65
110,0,blank,0,218.8096,624.0602,465738,465765,27
110,0,blank,0,246.2047,596.886,465818,465847,29
110,43,>=,252,193.3381,529.38275,465908,466068,160
110,43,1,253,223.683242857143,512.586471428571,466095,466294,199
110,43,;,254,226.1013,512.544216666667,466294,466467,173
110,0,blank,0,152.110633333333,505.41005,466467,466639,172
110,43,j,255,102.563366666667,521.3022,466639,466726,87
110,0,blank,0,-323,-105,466754,466883,129
110,0,blank,0,142.181166666667,548.123716666667,466963,467143,180
110,45,findmax,261,176.9848,562.988333333333,467143,467315,172
110,0,blank,0,191.6766,550.987016666667,467315,467487,172
110,0,blank,0,201.548133333333,551.724966666667,467487,467659,172
110,0,blank,0,184.681966666667,544.361866666667,467659,467832,173
110,45,findmax,261,149.290666666667,571.218266666667,467832,468003,171
110,0,blank,0,130.780966666667,544.660133333333,468003,468176,173
110,0,blank,0,140.865883333333,553.827366666667,468176,468347,171
110,43,>=,252,189.602942857143,529.865085714286,468347,468546,199
110,0,blank,0,94.5608857142857,550.310742857143,468546,468745,199
110,43,=,248,114.1466,520.228833333333,468745,468832,87
110,0,blank,0,94.2892,636.447366666667,468860,469034,174
110,48,[,286,96.1023166666667,637.508383333333,469034,469207,173
110,0,blank,0,98.5986166666667,645.195183333333,469207,469379,172
110,48,b,285,92.4226833333333,641.82815,469379,469554,175
110,0,blank,0,86.4008666666667,621.914633333333,469554,469641,87
110,46,temp,268,107.9852,585.374466666667,469671,469849,178
110,0,blank,0,133.341283333333,550.035016666667,469849,470025,176
110,38,max,221,125.14,407.926333333333,470025,470202,177
110,33,[,208,135.084633333333,311.620516666667,470202,470375,173
110,0,blank,0,129.929583333333,331.188683333333,470375,470549,174
110,0,blank,0,112.494216666667,287.200816666667,470549,470722,173
110,0,blank,0,48.14355,431.576483333333,470751,470924,173
110,0,blank,0,46.8503,447.390983333333,470924,471096,172
110,0,blank,0,65.1043333333333,443.697966666667,471096,471270,174
110,0,blank,0,81.6677,441.7255,471270,471299,29
110,0,blank,0,-323,-105,471358,471437,79
110,0,blank,0,80.8191,246.7411,471462,471488,26
110,30,int,179,64.8696857142857,241.0476,471554,471749,195
110,0,blank,0,70.0196666666667,224.929216666667,471749,471922,173
110,0,blank,0,106.885616666667,250.256,471922,472095,173
110,0,blank,0,125.15895,281.972066666667,472095,472271,176
110,33,[,208,136.622983333333,294.211166666667,472271,472444,173
110,0,blank,0,184.164333333333,282.313533333333,472444,472617,173
110,0,blank,0,200.423783333333,291.390133333333,472617,472789,172
110,0,blank,0,-323,-105,472817,472946,129
110,33,j,204,148.423914285714,294.251514285714,473038,473233,195
110,0,blank,0,89.1097833333333,287.418533333333,473233,473407,174
110,33,if,200,93.8188666666667,311.211333333333,473407,473493,86
110,40,exchange,226,54.96925,457.970333333333,473522,473697,175
110,40,exchange,226,57.1063833333333,463.1013,473697,473872,175
110,40,exchange,226,53.2178,452.373433333333,473872,474047,175
110,0,blank,0,180.856666666667,486.0729,474077,474249,172
110,0,blank,0,179.520733333333,461.621633333333,474249,474336,87
110,42,big,241,178.833516666667,496.296933333333,474393,474565,172
110,0,blank,0,194.7827,502.023316666667,474565,474741,176
110,0,blank,0,194.36764,501.35466,474741,474887,146
110,0,blank,0,-323,-105,474917,475089,172
110,42,big,241,160.718783333333,502.7719,475114,475282,168
110,0,blank,0,54.6098333333333,475.681216666667,475311,475490,179
110,40,exchange,226,73.1634833333333,464.3704,475490,475670,180
110,0,blank,0,87.9950333333333,483.594716666667,475670,475850,180
110,42,temp,239,96.45585,492.516966666667,475850,476027,177
110,0,blank,0,125.66005,475.22785,476027,476205,178
110,40,int,234,170.875216666667,463.955366666667,476205,476383,178
110,40,int,234,165.022533333333,453.234233333333,476383,476472,89
110,0,blank,0,45.1657166666667,456.666733333333,476501,476681,180
110,0,blank,0,45.6525166666667,458.826666666667,476681,476858,177
110,0,blank,0,46.8519333333333,453.55955,476858,477036,178
110,40,exchange,226,62.3349166666667,454.121483333333,477036,477215,179
110,40,exchange,226,70.04828,451.79922,477215,477362,147
110,0,blank,0,-323,-105,477422,477584,162
110,40,exchange,226,72.3960857142857,450.339828571429,477612,477809,197
110,40,exchange,226,67.9991,449.575066666667,477809,477987,178
110,0,blank,0,114.533433333333,436.109583333333,477987,478164,177
110,40,exchange,226,104.229033333333,451.074183333333,478164,478340,176
110,0,blank,0,123.07384,443.36788,478340,478511,171
110,0,blank,0,177.7485,440.63835,478511,478672,161
110,0,blank,0,146.5637,441.8721,478672,478844,172
110,40,exchange,226,55.3899833333333,456.970383333333,478844,479032,188
110,40,exchange,226,53.646975,451.105775,479032,479151,119
110,0,blank,0,-323,-105,479210,479407,197
110,0,blank,0,63.2791,778.8841,479459,479489,30
110,0,blank,0,79.2895333333333,760.1201,479546,479718,172
110,0,blank,0,59.40955,739.70805,479718,479775,57
110,0,blank,0,66.6694666666667,748.396533333333,479804,479976,172
110,0,blank,0,26.0155142857143,711.978042857143,479976,480174,198
110,0,blank,0,24.9980428571429,716.801028571429,480174,480373,199
110,0,blank,0,61.6610857142857,720.324971428571,480373,480569,196
110,0,blank,0,90.5726,741.8322,480569,480625,56
110,0,blank,0,63.3596,736.8839,480859,480882,23
110,0,blank,0,66.6718,687.9251,480937,481000,63
110,0,blank,0,226.7708,773.4888,481849,481910,61
110,0,blank,0,163.8636,753.5225,481910,482101,191
110,0,blank,0,133.7211,719.1693,482101,482140,39
110,0,blank,0,312.1363,777.90775,482487,482678,191
110,0,blank,0,646.504366666667,-103.789266666667,482821,482977,156
110,0,blank,0,668.5818,-103.7701,483120,483204,84
110,0,blank,0,-323,-105,483251,483442,191
110,0,blank,0,-323,-105,483442,483640,198
110,0,blank,0,-323,-105,483640,483824,184
110,0,blank,0,-323,-105,483824,484007,183
110,0,blank,0,-323,-105,484007,484186,179
110,0,blank,0,-323,-105,484186,484361,175
110,0,blank,0,-323,-105,484361,484539,178
110,0,blank,0,-323,-105,484539,484694,155
