Frameno_fix,lineno_fix,Tokenname_fix,tokens_id,gaze_X_fix,gaze_Y_fix,timestamp_fix_start,timestamp_fix_end,time_duration
100,0,blank,0,54.78765,-17.7106,3165,3350,185
100,0,blank,0,88.75895,91.7291,3350,3531,181
100,5,include,39,81.5620666666667,105.741333333333,3531,3717,186
100,5,<,40,84.73865,106.1323,3717,3839,122
100,0,blank,0,-323,-105,3933,3959,26
100,0,blank,0,799.261,26.2786,3985,4011,26
100,0,blank,0,793.171,36.1497,4064,4143,79
100,0,blank,0,695.016666666667,47.1365666666667,4203,4379,176
100,0,blank,0,675.7911,50.5064666666667,4379,4470,91
100,0,blank,0,224.7557,57.6465,4530,4744,214
100,0,blank,0,224.7557,57.6465,4744,4770,26
100,0,blank,0,108.105216666667,65.14895,4793,4974,181
100,4,string,34,105.3832,78.4649,4974,5033,59
100,0,blank,0,94.2278666666667,266.413183333333,5064,5248,184
100,0,blank,0,89.8294333333333,290.326616666667,5248,5429,181
100,15,n,84,77.1759,314.849333333333,5429,5611,182
100,0,blank,0,82.7781,309.3534,5611,5761,150
100,0,blank,0,145.28995,561.72245,5820,5881,61
100,0,blank,0,23.1022833333333,689.119583333333,5911,6094,183
100,0,blank,0,48.1883666666667,671.264883333333,6094,6280,186
100,31,else,210,85.6722166666667,674.81585,6280,6473,193
100,31,else,210,77.321175,678.4872,6473,6604,131
100,0,blank,0,156.470166666667,268.271833333333,6636,6828,192
100,0,blank,0,180.15785,221.783633333333,6828,7022,194
100,0,blank,0,173.6906,182.49815,7022,7152,130
100,0,blank,0,-323,-105,7286,7443,157
100,0,blank,0,-323,-105,7443,7636,193
100,0,blank,0,-323,-105,7636,7817,181
100,0,blank,0,-323,-105,7817,8106,289
100,0,blank,0,-323,-105,8106,8360,254
100,0,blank,0,-323,-105,8360,8614,254
100,0,blank,0,-323,-105,8614,8796,182
100,0,blank,0,-323,-105,8796,8850,54
100,0,blank,0,1018.542,131.41902,8884,9065,181
100,0,blank,0,1009.3615,117.56135,9065,9143,78
100,0,blank,0,-323,-105,9177,9271,94
100,0,blank,0,1037.69133333333,85.4241,9300,9490,190
100,0,blank,0,1039.962,74.7629666666667,9490,9684,194
100,0,blank,0,1040.13166666667,83.3462666666667,9684,9782,98
100,0,blank,0,1026.704,354.3808,9879,9912,33
100,0,blank,0,-321.8399,513.2362,9944,9977,33
101,48,),300,221.0512,416.4813,10893,10928,35
101,44,"Enterchoice:1enterexpression,2exit\n",278,135.7864,322.2189,10963,11135,172
101,45,&,285,160.70925,343.630925,11135,11270,135
101,0,blank,0,962.260333333333,475.855733333333,11336,11428,92
101,0,blank,0,1014.93433333333,496.890233333333,11489,11582,93
101,0,blank,0,-321.8998,495.82505,11613,11674,61
101,0,blank,0,1001.8812,508.17286,11704,11890,186
101,0,blank,0,994.456,475.413116666667,11890,12079,189
101,0,blank,0,997.2578,499.30236,12079,12246,167
101,0,blank,0,1014.6142,410.44588,12279,12449,170
102,2,include,18,1023.37833333333,22.22385,13041,13235,194
102,2,include,18,1031.5075,13.2897166666667,13235,13428,193
102,2,include,18,1020.591,9.815125,13428,13555,127
102,5,stdlib,41,85.08918,106.32074,13621,13794,173
102,4,string,34,100.7473,77.96872,13794,13962,168
102,4,include,32,167.834716666667,69.77105,13962,14160,198
102,6,define,46,183.45948,113.82832,14160,14343,183
102,6,define,46,178.986033333333,127.6331,14343,14439,96
102,0,blank,0,-323,-105,14471,14581,110
102,5,include,39,176.957533333333,96.6759666666667,14738,14877,139
102,5,include,39,184.15426,96.2831,14877,15069,192
102,6,define,46,176.68482,124.7163,15069,15243,174
102,6,define,46,177.76956,115.8918,15243,15418,175
102,6,define,46,181.8803,108.1518,15418,15588,170
102,6,define,46,180.53212,117.4324,15588,15761,173
102,7,char,49,188.41608,135.21532,15761,15927,166
102,6,define,46,199.233383333333,129.342166666667,15927,16125,198
102,7,char,49,195.36796,145.35674,16125,16293,168
102,7,char,49,188.04928,152.41876,16293,16462,169
102,7,char,49,197.67044,142.67324,16462,16632,170
102,7,char,49,200.39104,148.56802,16632,16799,167
102,0,blank,0,173.031516666667,174.3994,16799,16992,193
102,7,char,49,152.393083333333,151.1569,16992,17179,187
102,0,blank,0,161.592,161.001516666667,17179,17357,178
102,7,char,49,191.110266666667,140.235933333333,17357,17536,179
102,7,char,49,160.585766666667,149.436466666667,17536,17720,184
102,0,blank,0,141.653266666667,156.44835,17720,17908,188
102,0,blank,0,137.339366666667,163.49885,17908,18095,187
102,7,char,49,178.578166666667,154.0847,18095,18281,186
102,0,blank,0,158.16936,174.32142,18281,18436,155
102,0,blank,0,140.062,156.17675,18436,18609,173
102,0,blank,0,141.2719,164.4061,18609,18709,100
102,0,blank,0,115.811166666667,173.5027,18709,18891,182
102,0,blank,0,108.994766666667,186.781916666667,18891,19082,191
102,0,blank,0,156.582233333333,197.654083333333,19082,19264,182
102,0,blank,0,159.68396,177.31278,19264,19437,173
102,0,blank,0,185.6548,184.778933333333,19437,19580,143
102,0,blank,0,251.00595,192.9374,19580,19708,128
102,0,blank,0,231.483325,162.71645,19708,19886,178
102,0,blank,0,230.962833333333,191.821316666667,19886,20083,197
102,0,blank,0,269.396616666667,177.931566666667,20083,20263,180
102,0,blank,0,275.98215,180.8865,20263,20443,180
102,0,blank,0,158.475633333333,201.89975,20443,20625,182
102,11,[,72,161.5623,234.9449,20625,20656,31
102,0,blank,0,-323,-105,20686,20795,109
102,0,blank,0,153.4825,223.042183333333,20930,21110,180
102,0,blank,0,149.390533333333,249.929433333333,21110,21298,188
102,11,stack,71,126.70055,225.473216666667,21298,21478,180
102,11,stack,71,143.02325,234.91945,21478,21658,180
102,11,stack,71,152.66905,225.224683333333,21658,21837,179
102,11,stack,71,154.87588,231.66392,21837,22012,175
102,0,blank,0,86.0242,213.1572,22012,22040,28
102,0,blank,0,103.9887,157.6427,22197,22237,40
102,0,blank,0,67.7705,200.00185,22435,22513,78
102,0,blank,0,122.674225,255.05815,22661,22826,165
102,13,(,80,115.981233333333,269.6459,22826,22927,101
102,0,blank,0,-323,-105,24237,24391,154
102,0,blank,0,-323,-105,24391,24511,120
102,15,i,86,102.2296,313.260775,24553,24736,183
102,0,blank,0,122.686075,306.83055,24736,24907,171
102,15,=,89,128.9821,314.15995,24907,25081,174
102,0,blank,0,140.1729,307.79805,25081,25261,180
102,16,x,99,164.4142,344.10775,25261,25439,178
102,0,blank,0,218.137433333333,402.0069,25439,25637,198
102,16,20,101,184.75375,352.226783333333,25637,25814,177
102,17,"Entertheexpression\n",106,191.21625,369.584925,25814,25930,116
102,16,20,101,174.5074,351.6147,25930,26088,158
102,0,blank,0,160.8782,324.1196,26088,26265,177
102,0,blank,0,164.302783333333,323.090783333333,26265,26439,174
102,0,blank,0,178.81975,311.40575,26439,26497,58
102,0,blank,0,168.323433333333,566.748583333333,26526,26703,177
102,0,blank,0,177.083233333333,563.237733333333,26703,26880,177
102,25,;,165,148.268583333333,550.073483333333,26880,27060,180
102,24,"Infixexpressionis:\t",153,161.297583333333,522.226216666667,27060,27243,183
102,24,"Infixexpressionis:\t",153,172.0842,516.223233333333,27243,27421,178
102,22,MAX,139,169.409916666667,480.259983333333,27421,27600,179
102,23,0,149,168.8908,489.0733,27600,27776,176
102,22,MAX,139,158.979033333333,484.213983333333,27776,27956,180
102,22,MAX,139,150.06535,470.757116666667,27956,28134,178
102,22,MAX,139,156.06645,479.12475,28134,28312,178
102,20,),122,136.4371,439.702833333333,28312,28399,87
102,0,blank,0,951.021666666667,106.37195,28457,28646,189
102,0,blank,0,954.0565,79.89015,28646,28708,62
102,2,include,18,1051.00233333333,27.8120333333333,28738,28924,186
102,2,include,18,1052.05333333333,12.7345,28924,29101,177
102,2,include,18,1026.784,32.0836666666667,29101,29282,181
102,2,include,18,1042.98083333333,27.06025,29282,29464,182
102,2,include,18,1036.29033333333,25.5865333333333,29464,29649,185
102,0,blank,0,1040.82683333333,60.5373166666667,29649,29835,186
102,0,blank,0,1045.428,44.4863166666667,29835,30022,187
102,0,blank,0,1044.88783333333,43.8362333333333,30022,30211,189
102,0,blank,0,1041.652,71.6983333333333,30211,30304,93
103,0,blank,0,239.10828,137.43226,31245,31403,158
103,0,blank,0,141.5921,261.937733333333,31434,31620,186
103,0,blank,0,137.29375,232.10155,31620,31803,183
103,0,blank,0,141.04232,266.9613,31803,31979,176
103,0,blank,0,148.86124,231.16742,31979,32155,176
103,0,blank,0,160.58725,201.920416666667,32155,32337,182
103,0,blank,0,147.960266666667,253.061933333333,32337,32520,183
103,0,blank,0,158.709233333333,290.217583333333,32520,32701,181
103,0,blank,0,156.042133333333,292.476466666667,32701,32879,178
103,0,blank,0,156.1335,291.32232,32879,33031,152
104,44,"Enterchoice:1enterexpression,2exit\n",278,161.753333333333,319.481383333333,33031,33220,189
104,44,"Enterchoice:1enterexpression,2exit\n",278,157.945316666667,320.736116666667,33220,33412,192
104,44,"Enterchoice:1enterexpression,2exit\n",278,183.203216666667,332.596133333333,33412,33601,189
104,45,ch,286,174.445866666667,340.164066666667,33601,33698,97
104,0,blank,0,-323,-105,33730,33787,57
104,0,blank,0,256.242283333333,338.949516666667,33919,34093,174
104,0,blank,0,330.3148,349.820183333333,34093,34279,186
104,0,blank,0,385.3117,340.651683333333,34279,34461,182
104,0,blank,0,-323,-105,34491,34572,81
104,0,blank,0,436.312175,355.6682,34699,34893,194
104,0,blank,0,476.582271428571,350.170871428571,34893,35092,199
104,0,blank,0,552.332166666667,356.731333333333,35092,35268,176
104,0,blank,0,536.186083333333,351.637483333333,35268,35445,177
104,0,blank,0,499.1127,343.3442,35445,35620,175
104,0,blank,0,439.338216666667,364.487266666667,35620,35798,178
104,44,"Enterchoice:1enterexpression,2exit\n",278,398.936816666667,330.192433333333,35798,35976,178
104,44,"Enterchoice:1enterexpression,2exit\n",278,376.96375,325.215783333333,35976,36153,177
104,0,blank,0,464.772533333333,346.772166666667,36153,36334,181
104,0,blank,0,498.779266666667,338.54365,36334,36516,182
104,0,blank,0,506.302316666667,342.017066666667,36516,36699,183
104,0,blank,0,512.63488,356.6395,36699,36853,154
104,0,blank,0,-323,-105,36914,37056,142
104,0,blank,0,517.83955,360.376033333333,37128,37293,165
104,0,blank,0,556.66822,361.80908,37293,37467,174
104,0,blank,0,522.92075,353.01715,37467,37644,177
104,0,blank,0,476.991633333333,360.366816666667,37644,37823,179
104,0,blank,0,366.661683333333,343.3355,37823,37999,176
104,0,blank,0,330.51245,338.294116666667,37999,38173,174
104,0,blank,0,303.650183333333,339.07075,38173,38350,177
104,0,blank,0,287.376516666667,342.909116666667,38350,38528,178
104,0,blank,0,331.618933333333,352.591,38528,38707,179
104,0,blank,0,338.9047,346.42158,38707,38883,176
104,0,blank,0,386.3675,352.9551,38883,38991,108
104,0,blank,0,391.3132,310.3083,38991,39083,92
104,0,blank,0,504.585616666667,344.254766666667,39182,39375,193
104,44,"Enterchoice:1enterexpression,2exit\n",278,547.29302,325.15652,39375,39521,146
104,0,blank,0,518.6121,343.2241,39521,39707,186
104,0,blank,0,514.324233333333,346.505233333333,39707,39786,79
104,44,"Enterchoice:1enterexpression,2exit\n",278,380.186466666667,328.242083333333,39816,39997,181
104,0,blank,0,356.4956,308.4169,39997,40027,30
104,45,;,288,200.099083333333,346.187466666667,40058,40241,183
104,45,ch,286,176.86615,354.419033333333,40241,40421,180
104,0,blank,0,162.006583333333,375.084166666667,40421,40605,184
104,0,blank,0,157.973483333333,362.225866666667,40605,40788,183
104,0,blank,0,193.936983333333,351.927683333333,40788,40968,180
104,0,blank,0,218.689216666667,360.9084,40968,41145,177
104,0,blank,0,214.969033333333,342.204833333333,41145,41325,180
104,44,"Enterchoice:1enterexpression,2exit\n",278,198.34155,333.55395,41325,41505,180
104,45,ch,286,168.069666666667,346.8487,41505,41686,181
104,0,blank,0,164.8981,361.145816666667,41686,41870,184
104,0,blank,0,164.408883333333,381.34085,41870,42053,183
104,0,blank,0,164.409216666667,380.901566666667,42053,42236,183
104,0,blank,0,181.322633333333,389.805166666667,42236,42419,183
104,0,blank,0,187.157533333333,398.6295,42419,42603,184
104,49,0,311,190.813025,431.73645,42603,42725,122
104,0,blank,0,-323,-105,42787,42842,55
104,50,printf,319,169.4809,447.7289,42867,42894,27
104,50,"Wrongchioce\n",321,232.808633333333,445.408066666667,42957,43130,173
104,49,break,314,241.14455,433.384116666667,43130,43313,183
104,50,"Wrongchioce\n",321,248.82495,446.443833333333,43313,43494,181
104,49,break,314,231.598733333333,440.395933333333,43494,43678,184
104,49,break,314,229.339916666667,437.992633333333,43678,43862,184
104,50,"Wrongchioce\n",321,230.72635,445.8945,43862,44041,179
104,50,"Wrongchioce\n",321,240.063983333333,452.448133333333,44041,44221,180
104,50,"Wrongchioce\n",321,254.75065,455.087,44221,44403,182
104,49,break,314,264.987433333333,441.129016666667,44403,44582,179
104,49,break,314,271.6258,426.2838,44582,44765,183
104,48,},304,305.225383333333,417.442983333333,44765,44945,180
104,0,blank,0,299.480966666667,422.2503,44945,45036,91
104,52,"Enter1tocontinue,0toexit\n",327,172.08375,491.122066666667,45066,45249,183
104,52,"Enter1tocontinue,0toexit\n",327,166.65425,491.8101,45249,45430,181
104,0,blank,0,223.44855,485.980466666667,45430,45612,182
104,0,blank,0,264.256783333333,469.808183333333,45612,45793,181
104,50,"Wrongchioce\n",321,316.43165,451.69175,45793,45974,181
104,50,"Wrongchioce\n",321,361.321466666667,461.034733333333,45974,46154,180
104,0,blank,0,283.6876,481.6667,46154,46184,30
104,0,blank,0,-323,-105,46244,46349,105
104,0,blank,0,181.864571428571,479.413228571429,46375,46572,197
104,0,blank,0,187.645583333333,482.186683333333,46572,46754,182
104,53,comma,333,138.4883,522.773533333333,46754,46934,180
104,53,ch,335,173.485916666667,521.84805,46934,47113,179
104,53,ch,335,158.6269,515.9556,47113,47295,182
104,0,blank,0,133.462,515.877466666667,47295,47476,181
104,0,blank,0,203.01535,514.60505,47476,47656,180
104,0,blank,0,219.388333333333,529.90085,47656,47835,179
104,52,"Enter1tocontinue,0toexit\n",327,250.951783333333,505.4627,47835,48013,178
104,0,blank,0,196.1711,519.5673,48013,48194,181
104,52,"Enter1tocontinue,0toexit\n",327,171.219466666667,506.8082,48194,48377,183
104,0,blank,0,138.555983333333,485.692233333333,48377,48561,184
104,50,printf,319,145.112233333333,453.9464,48561,48750,189
104,0,blank,0,131.9162,537.649783333333,48750,48938,188
104,53,"%d",332,124.52184,526.66798,48938,49094,156
104,0,blank,0,217.30815,517.141775,49126,49250,124
104,49,break,314,231.236716666667,437.52955,49280,49476,196
104,48,),300,216.106383333333,410.823366666667,49476,49661,185
104,0,blank,0,186.69085,373.374016666667,49661,49845,184
104,0,blank,0,168.47795,356.855066666667,49845,50027,182
104,0,blank,0,170.137266666667,357.963016666667,50027,50212,185
104,45,ch,286,167.946933333333,354.863366666667,50212,50392,180
104,45,ch,286,183.754866666667,345.425233333333,50392,50483,91
104,0,blank,0,-323,-105,50542,50667,125
104,52,"Enter1tocontinue,0toexit\n",327,217.769028571429,491.802071428571,50692,50885,193
104,49,exit,309,166.625816666667,433.451266666667,50885,51067,182
104,0,blank,0,174.083766666667,438.273333333333,51067,51159,92
104,0,blank,0,224.8188,533.171566666667,51189,51371,182
104,0,blank,0,269.677266666667,519.372983333333,51371,51555,184
104,50,printf,319,199.88985,445.6267,51555,51737,182
104,0,blank,0,259.238983333333,478.163566666667,51737,51920,183
104,52,"Enter1tocontinue,0toexit\n",327,299.472166666667,504.339,51920,52106,186
104,52,"Enter1tocontinue,0toexit\n",327,396.52235,492.258716666667,52106,52292,186
104,52,"Enter1tocontinue,0toexit\n",327,387.453266666667,494.085783333333,52292,52479,187
104,52,"Enter1tocontinue,0toexit\n",327,326.567783333333,505.419533333333,52479,52666,187
104,0,blank,0,229.71,518.970966666667,52666,52852,186
104,53,&,334,143.970016666667,525.861533333333,52852,53035,183
104,53,"%d",332,130.273183333333,525.72455,53035,53220,185
104,0,blank,0,133.179316666667,525.953333333333,53220,53406,186
104,0,blank,0,165.1874,548.47825,53406,53468,62
104,0,blank,0,-323,-105,53499,53581,82
104,0,blank,0,218.6412,570.1012,53610,53666,56
104,0,blank,0,189.678,542.172366666667,53736,53905,169
104,0,blank,0,175.06185,542.403166666667,53905,54090,185
104,0,blank,0,153.968583333333,538.488933333333,54090,54271,181
104,0,blank,0,179.768833333333,538.706266666667,54271,54455,184
104,0,blank,0,191.286666666667,547.764066666667,54455,54637,182
104,0,blank,0,185.526666666667,544.842716666667,54637,54820,183
104,0,blank,0,184.2587,542.116033333333,54820,55002,182
104,0,blank,0,207.17285,545.140266666667,55002,55186,184
104,0,blank,0,185.0933,559.5796,55186,55371,185
104,0,blank,0,139.927566666667,568.5355,55371,55553,182
104,0,blank,0,149.438566666667,569.988366666667,55553,55737,184
104,0,blank,0,158.192766666667,560.365866666667,55737,55917,180
104,0,blank,0,150.825316666667,574.73145,55917,56102,185
104,0,blank,0,136.698033333333,593.196316666667,56102,56286,184
104,0,blank,0,141.30255,565.1131,56286,56471,185
104,0,blank,0,150.23685,566.73235,56471,56533,62
104,0,blank,0,258.880466666667,522.231316666667,56565,56752,187
104,0,blank,0,193.241983333333,512.378866666667,56752,56937,185
104,49,break,314,238.601933333333,426.810116666667,56937,57123,186
104,49,},316,293.520433333333,443.578733333333,57123,57309,186
104,49,break,314,245.097016666667,443.599716666667,57309,57497,188
104,0,blank,0,219.973916666667,438.836433333333,57497,57686,189
104,0,blank,0,187.273766666667,387.25025,57686,57871,185
104,0,blank,0,189.361083333333,387.793866666667,57871,58055,184
104,0,blank,0,177.203133333333,389.426383333333,58055,58237,182
104,0,blank,0,159.33308,390.8829,58237,58392,155
104,53,comma,333,136.98925,520.8304,58421,58602,181
104,53,comma,333,137.89705,531.893033333333,58602,58785,183
104,0,blank,0,140.980933333333,543.827766666667,58785,58967,182
104,53,"%d",332,132.831866666667,524.655716666667,58967,59152,185
104,0,blank,0,144.773533333333,548.661066666667,59152,59268,116
104,0,blank,0,137.5251,580.4877,59268,59455,187
104,0,blank,0,138.3924,552.3676,59455,59575,120
104,46,ch,291,124.513116666667,373.116633333333,59616,59805,189
104,44,printf,276,115.755116666667,315.69865,59805,59988,183
104,44,printf,276,118.883433333333,313.66905,59988,60169,181
104,43,1,273,110.810866666667,307.107533333333,60169,60352,183
104,0,blank,0,-323,-105,60382,60414,32
104,53,&,334,150.7567,512.3231,60440,60465,25
104,44,"Enterchoice:1enterexpression,2exit\n",278,134.011142857143,328.691757142857,60514,60711,197
104,45,"%d",283,137.5057,335.90895,60711,60892,181
104,45,"%d",283,133.1525,341.933416666667,60892,61075,183
104,45,"%d",283,124.6754,350.0634,61075,61135,60
104,52,"Enter1tocontinue,0toexit\n",327,126.086283333333,500.799516666667,61165,61346,181
104,52,"Enter1tocontinue,0toexit\n",327,124.2579,502.4365,61346,61526,180
104,53,"%d",332,120.15785,521.836616666667,61526,61706,180
104,50,default,317,116.641233333333,452.59605,61706,61887,181
104,46,ch,291,123.275216666667,366.758666666667,61887,62069,182
104,46,ch,291,130.75435,357.574566666667,62069,62253,184
104,46,ch,291,129.444083333333,358.5584,62253,62434,181
104,0,blank,0,122.740016666667,410.925216666667,62434,62621,187
104,0,blank,0,121.504983333333,404.986633333333,62621,62811,190
104,0,blank,0,129.590716666667,414.83495,62811,63000,189
104,49,exit,309,136.852616666667,426.577533333333,63000,63187,187
104,0,blank,0,142.255733333333,389.886366666667,63187,63375,188
104,44,"Enterchoice:1enterexpression,2exit\n",278,145.096383333333,323.417366666667,63375,63559,184
104,44,"Enterchoice:1enterexpression,2exit\n",278,154.8922,325.020633333333,63559,63740,181
104,44,"Enterchoice:1enterexpression,2exit\n",278,161.776575,319.34065,63740,63862,122
104,0,blank,0,132.3129,559.570733333333,63892,64076,184
104,0,blank,0,144.275316666667,561.214183333333,64076,64266,190
104,0,blank,0,137.60635,555.4233,64266,64329,63
104,0,blank,0,-323,-105,64360,64392,32
104,0,blank,0,187.8599,685.8292,64417,64442,25
104,45,"%d",283,141.332357142857,345.642771428571,64492,64691,199
104,0,blank,0,144.698916666667,552.29245,64722,64908,186
104,0,blank,0,157.872583333333,560.240616666667,64908,65091,183
104,0,blank,0,147.0088,557.8655,65091,65122,31
104,45,&,285,155.206133333333,339.450483333333,65152,65337,185
104,0,blank,0,142.609766666667,303.7379,65337,65521,184
104,0,blank,0,147.3235,304.1465,65521,65552,31
104,58,char,351,110.945116666667,630.67615,65613,65798,185
104,0,blank,0,124.758033333333,661.928616666667,65798,65981,183
104,0,blank,0,155.89235,643.936,65981,66042,61
105,0,blank,0,157.3925,647.6213,66042,66229,187
105,0,blank,0,177.24555,651.577516666667,66229,66417,188
105,0,blank,0,202.326883333333,655.25275,66417,66604,187
105,0,blank,0,125.389733333333,663.57305,66604,66789,185
105,0,blank,0,116.523133333333,657.623566666667,66789,66979,190
105,0,blank,0,101.228083333333,658.38275,66979,67168,189
105,0,blank,0,79.25715,659.34865,67168,67293,125
105,0,blank,0,138.340433333333,576.962716666667,67324,67515,191
105,0,blank,0,162.4684,543.734216666667,67515,67702,187
105,0,blank,0,167.326483333333,532.297166666667,67702,67890,188
105,0,blank,0,167.300566666667,539.698216666667,67890,68077,187
105,50,"Wrongchioce\n",321,235.4192,449.273425,68077,68204,127
105,0,blank,0,239.987133333333,338.319316666667,68236,68425,189
105,0,blank,0,232.01015,385.894616666667,68425,68611,186
105,49,break,314,238.868133333333,430.47545,68611,68797,186
105,49,),312,196.853933333333,439.299733333333,68797,68984,187
105,49,break,314,250.320833333333,438.401633333333,68984,69170,186
105,0,blank,0,198.279083333333,366.77185,69170,69356,186
105,0,blank,0,193.42945,369.965216666667,69356,69541,185
105,0,blank,0,281.638166666667,353.863783333333,69541,69724,183
105,0,blank,0,340.5114,348.294083333333,69724,69906,182
105,0,blank,0,380.000783333333,337.684966666667,69906,70089,183
105,0,blank,0,477.318616666667,334.96585,70089,70273,184
105,0,blank,0,500.86965,355.70415,70273,70395,122
105,0,blank,0,270.964316666667,468.484433333333,70426,70608,182
105,0,blank,0,239.563166666667,414.6593,70608,70790,182
105,0,blank,0,238.572633333333,407.82355,70790,70975,185
105,0,blank,0,242.52772,466.92516,70975,71129,154
105,0,blank,0,-323,-105,71160,71242,82
105,49,break,314,233.4969,442.4028,71268,71293,25
105,50,"Wrongchioce\n",321,227.733166666667,451.570983333333,71355,71554,199
105,0,blank,0,295.719033333333,442.89175,71554,71735,181
105,49,break,314,251.453983333333,438.863683333333,71735,71915,180
105,50,"Wrongchioce\n",321,255.9637,445.3958,71915,72002,87
105,0,blank,0,-323,-105,72031,72112,81
105,0,blank,0,183.489933333333,568.28525,72233,72426,193
105,0,blank,0,174.367166666667,562.780816666667,72426,72605,179
105,0,blank,0,167.197983333333,560.53045,72605,72804,199
105,0,blank,0,196.492133333333,570.479033333333,72804,72981,177
105,0,blank,0,136.7694,549.3526,72981,73167,186
105,0,blank,0,201.078671428571,553.0967,73167,73363,196
105,0,blank,0,186.322,539.476,73363,73393,30
105,0,blank,0,349.637333333333,436.010733333333,73423,73602,179
105,0,blank,0,331.434683333333,474.41495,73602,73783,181
105,52,"Enter1tocontinue,0toexit\n",327,316.116333333333,493.482766666667,73783,73968,185
105,52,"Enter1tocontinue,0toexit\n",327,259.51795,505.4267,73968,74150,182
105,52,"Enter1tocontinue,0toexit\n",327,269.44312,498.5471,74150,74304,154
105,52,"Enter1tocontinue,0toexit\n",327,387.75905,505.432866666667,74337,74522,185
105,0,blank,0,436.829733333333,510.13055,74522,74710,188
105,52,;,329,458.61005,509.8408,74710,74773,63
105,0,blank,0,986.354,456.669833333333,74804,74986,182
105,0,blank,0,1020.11683333333,431.6099,74986,75175,189
105,0,blank,0,1006.935,412.84085,75175,75238,63
105,0,blank,0,199.93175,561.774,75298,75489,191
105,0,blank,0,152.040716666667,626.831133333333,75489,75677,188
105,0,blank,0,144.437133333333,627.969166666667,75677,75863,186
105,0,blank,0,144.780175,632.48105,75863,75988,125
105,0,blank,0,1020.1412,528.07096,76051,76207,156
105,0,blank,0,1052.77866666667,700.589766666667,76238,76331,93
105,58,char,351,117.931066666667,639.693016666667,76424,76615,191
105,58,char,351,117.600583333333,625.90575,76615,76809,194
105,60,++,357,106.777583333333,683.120916666667,76809,77001,192
105,0,blank,0,146.33932,637.09956,77224,77402,178
105,58,char,351,114.946916666667,640.305983333333,77402,77588,186
105,0,blank,0,94.38,637.275933333333,77588,77683,95
105,44,printf,276,100.9837,333.314916666667,77715,77903,188
105,41,main,264,78.7209,256.044666666667,77903,78091,188
105,41,main,264,68.41016,257.61876,78091,78262,171
105,0,blank,0,62.7574,244.2388,78262,78293,31
105,0,blank,0,160.5676,661.478866666667,78705,78879,174
105,58,char,351,122.642116666667,636.907,78879,79064,185
105,58,char,351,116.33405,637.742616666667,79064,79253,189
105,58,push,349,90.1575833333333,630.266633333333,79253,79440,187
105,0,blank,0,94.92856,714.11954,79440,79598,158
105,0,blank,0,72.51585,731.0456,79598,79777,179
105,0,blank,0,94.6728333333333,732.0724,79996,80154,158
105,0,blank,0,1041.50233333333,439.680666666667,80283,80470,187
105,0,blank,0,1034.76483333333,445.00845,80470,80658,188
105,0,blank,0,1042.4965,439.712883333333,80658,80847,189
105,0,blank,0,1026.00016666667,446.841816666667,80847,81038,191
105,0,blank,0,1031.71166666667,443.5742,81038,81227,189
105,0,blank,0,1028.13166666667,456.6471,81227,81415,188
105,0,blank,0,1027.774,442.857616666667,81415,81604,189
105,0,blank,0,1014.84,456.7762,81604,81634,30
105,0,blank,0,174.92495,591.9392,81730,81916,186
105,0,blank,0,1005.63783333333,461.948366666667,81979,82166,187
105,0,blank,0,1004.9075,473.42405,82166,82228,62
105,0,blank,0,944.694,708.5416,82287,82317,30
105,0,blank,0,128.30154,610.1948,82412,82566,154
105,0,blank,0,-323,-105,82628,82812,184
105,0,blank,0,-323,-105,82812,82919,107
105,0,blank,0,190.465633333333,680.607366666667,82950,83128,178
105,0,blank,0,191.40055,663.687125,83128,83249,121
105,50,printf,319,178.0536,452.2499,83279,83458,179
105,50,printf,319,177.8522,464.559233333333,83458,83548,90
105,0,blank,0,151.4824,479.05,83608,83730,122
105,0,blank,0,-323,-105,83761,83902,141
105,0,blank,0,199.55045,372.0491,83928,84004,76
105,0,blank,0,282.17848,435.34544,84031,84178,147
105,0,blank,0,240.5475,403.2449,84208,84264,56
105,0,blank,0,251.165866666667,399.40595,84323,84502,179
105,49,},316,289.262,425.192683333333,84502,84683,181
105,49,},316,285.6546,431.03172,84683,84858,175
105,48,break,302,282.267466666667,421.921416666667,84858,85040,182
105,0,blank,0,347.11118,421.87072,85040,85195,155
105,0,blank,0,989.444166666667,328.947633333333,85257,85441,184
105,0,blank,0,1036.6524,343.52696,85441,85592,151
106,0,blank,0,176.715583333333,115.1596,86706,86892,186
106,0,blank,0,171.911716666667,110.25005,86892,87078,186
106,0,blank,0,143.42745,116.649,87078,87265,187
106,0,blank,0,142.757183333333,138.52525,87265,87453,188
106,16,[,100,167.439383333333,152.288716666667,87453,87650,197
106,16,x,99,162.998616666667,156.486583333333,87650,87837,187
106,0,blank,0,-323,-105,87868,87974,106
106,0,blank,0,202.9565,184.7545,88001,88027,26
106,0,blank,0,177.95345,184.8995,88080,88232,152
106,0,blank,0,158.1662,206.6201,88232,88408,176
106,0,blank,0,158.1662,206.6201,88408,88434,26
106,0,blank,0,-323,-105,88457,88637,180
106,0,blank,0,-323,-105,88637,88815,178
106,0,blank,0,-323,-105,88815,88990,175
106,0,blank,0,-323,-105,88990,89063,73
106,17,"Entertheexpression\n",106,208.65975,172.467633333333,89094,89273,179
106,17,"Entertheexpression\n",106,193.007716666667,161.44745,89273,89462,189
106,16,x,99,161.37665,143.618633333333,89462,89658,196
106,0,blank,0,160.15634,120.96336,89658,89827,169
106,15,;,91,151.5642,118.68425,89827,89893,66
106,0,blank,0,-323,-105,89925,89958,33
106,0,blank,0,156.628833333333,129.039666666667,90074,90262,188
106,0,blank,0,152.118666666667,125.783983333333,90262,90460,198
106,17,"Entertheexpression\n",106,209.775683333333,166.130216666667,90460,90656,196
106,17,"Entertheexpression\n",106,233.468733333333,175.930783333333,90656,90843,187
106,17,"Entertheexpression\n",106,234.790533333333,177.1178,90843,91031,188
106,17,"Entertheexpression\n",106,224.654466666667,175.031716666667,91031,91218,187
106,0,blank,0,212.890383333333,182.96785,91218,91406,188
106,17,"Entertheexpression\n",106,216.606316666667,177.252466666667,91406,91590,184
106,17,"Entertheexpression\n",106,214.445983333333,175.042966666667,91590,91772,182
106,17,"Entertheexpression\n",106,228.5195,172.867216666667,91772,91956,184
106,17,"Entertheexpression\n",106,241.977316666667,171.296016666667,91956,92140,184
106,17,"Entertheexpression\n",106,240.4002,181.6662,92140,92171,31
106,18,stdin,111,149.259,201.751,92201,92393,192
106,0,blank,0,202.191233333333,199.8308,92393,92491,98
106,17,"Entertheexpression\n",106,334.069733333333,181.869466666667,92752,92873,121
106,0,blank,0,149.023466666667,217.5042,92901,93083,182
106,0,blank,0,133.504983333333,214.2863,93083,93267,184
106,0,blank,0,-323,-105,93329,93360,31
106,0,blank,0,607.0226,-103.7933,93385,93411,26
106,0,blank,0,145.68074,205.38144,93461,93601,140
106,0,blank,0,146.63838,211.99268,93601,93780,179
106,0,blank,0,158.737766666667,205.274983333333,93780,93961,181
106,0,blank,0,189.673383333333,213.300116666667,93961,94145,184
106,0,blank,0,183.260516666667,202.1254,94145,94328,183
106,0,blank,0,182.505066666667,207.842933333333,94328,94511,183
106,0,blank,0,144.3602,213.512433333333,94511,94699,188
106,19,;,118,128.294483333333,216.463633333333,94699,94886,187
106,19,;,118,128.17195,221.2155,94886,95075,189
106,19,;,118,125.531516666667,220.544116666667,95075,95264,189
106,0,blank,0,123.245183333333,207.612666666667,95264,95453,189
106,0,blank,0,145.0232,209.187533333333,95453,95639,186
106,0,blank,0,188.788033333333,196.174533333333,95639,95821,182
106,0,blank,0,189.9056,209.916,95821,95913,92
106,0,blank,0,189.942,192.9189,95913,96142,229
106,0,blank,0,193.779583333333,204.1134,96142,96331,189
106,20,;,123,150.182883333333,228.803316666667,96331,96515,184
106,0,blank,0,148.330683333333,221.581766666667,96515,96702,187
106,20,str,121,129.577583333333,229.0754,96702,96888,186
106,0,blank,0,135.966116666667,216.431366666667,96888,97076,188
106,0,blank,0,132.4073,220.644566666667,97076,97263,187
106,20,),122,141.795516666667,231.3651,97263,97445,182
106,20,),122,141.6554,232.469166666667,97445,97630,185
106,0,blank,0,139.9298,220.008233333333,97630,97813,183
106,0,blank,0,140.0615,226.0072,97813,98002,189
106,0,blank,0,134.861766666667,219.344983333333,98002,98187,185
106,0,blank,0,143.531966666667,219.4092,98187,98372,185
106,20,),122,135.853983333333,228.568783333333,98372,98558,186
106,0,blank,0,133.012683333333,223.561583333333,98558,98744,186
106,19,;,118,130.930666666667,220.498633333333,98744,98929,185
106,19,;,118,128.515833333333,215.25175,98929,99113,184
106,0,blank,0,147.270366666667,222.29805,99113,99301,188
106,0,blank,0,142.075366666667,215.555566666667,99301,99480,179
106,0,blank,0,143.8277,228.73245,99480,99662,182
106,20,str,121,123.5853,227.114466666667,99662,99847,185
106,20,str,121,123.56194,230.30262,99847,100026,179
106,0,blank,0,123.69685,219.3956,100026,100200,174
106,19,;,118,128.5697,209.80765,100200,100371,171
106,0,blank,0,157.185233333333,222.256083333333,100371,100557,186
106,0,blank,0,174.496683333333,217.204566666667,100557,100738,181
106,0,blank,0,164.458116666667,213.446633333333,100738,100921,183
106,0,blank,0,156.771266666667,220.279183333333,100921,101104,183
106,0,blank,0,181.6111,206.420683333333,101104,101287,183
106,0,blank,0,186.072483333333,209.27895,101287,101469,182
106,0,blank,0,188.978516666667,206.662833333333,101469,101651,182
106,0,blank,0,191.009883333333,216.983733333333,101651,101831,180
106,0,blank,0,180.335616666667,217.463433333333,101831,102010,179
106,0,blank,0,175.479316666667,223.9299,102010,102191,181
106,0,blank,0,191.361583333333,223.618683333333,102191,102372,181
106,0,blank,0,174.308833333333,230.7294,102372,102553,181
106,0,blank,0,172.894883333333,251.088833333333,102553,102734,181
106,0,blank,0,164.1869,235.179283333333,102734,102913,179
106,17,"Entertheexpression\n",106,192.940316666667,168.844466666667,102913,103094,181
106,17,"Entertheexpression\n",106,193.7587,173.923883333333,103094,103276,182
106,0,blank,0,196.798983333333,226.99475,103276,103458,182
106,0,blank,0,194.673833333333,221.108066666667,103458,103640,182
106,17,"Entertheexpression\n",106,189.52165,165.370016666667,103640,103822,182
106,17,"Entertheexpression\n",106,186.420466666667,164.392383333333,103822,104006,184
106,0,blank,0,204.149366666667,220.47335,104006,104185,179
106,0,blank,0,195.550616666667,206.127366666667,104185,104368,183
106,0,blank,0,195.258766666667,221.057483333333,104368,104551,183
106,0,blank,0,175.054566666667,239.924183333333,104551,104733,182
106,0,blank,0,-323,-105,104763,104844,81
106,0,blank,0,149.932,248.986,104870,104910,40
106,21,str,128,144.65675,261.815683333333,104985,105156,171
106,21,str,128,144.868566666667,258.389233333333,105156,105337,181
106,22,MAX,139,144.746266666667,278.708066666667,105337,105519,182
106,22,MAX,139,133.172966666667,280.1989,105519,105703,184
106,21,str,128,149.5531,269.456528571429,105703,105902,199
106,22,MAX,139,180.159983333333,279.668366666667,105902,106081,179
106,22,MAX,139,134.86395,281.601625,106081,106271,190
106,22,MAX,139,142.68035,284.664516666667,106271,106448,177
106,22,MAX,139,168.17715,290.799266666667,106448,106629,181
106,0,blank,0,194.073433333333,293.5427,106629,106810,181
106,0,blank,0,217.9804,293.316366666667,106810,106992,182
106,0,blank,0,204.999516666667,314.23245,106992,107174,182
106,24,"Infixexpressionis:\t",153,191.505016666667,326.226383333333,107174,107355,181
106,0,blank,0,159.145333333333,363.0884,107355,107540,185
106,0,blank,0,206.609183333333,377.823516666667,107540,107722,182
106,0,blank,0,294.4077,406.143583333333,107722,107904,182
106,27,==,197,284.199,392.0989,107904,107935,31
106,27,str,193,512.489616666667,394.816916666667,107965,108148,183
106,27,],196,541.3141,394.703966666667,108148,108332,184
106,27,/,198,584.3585,399.7725,108332,108394,62
106,0,blank,0,144.574133333333,210.222516666667,108456,108640,184
106,0,blank,0,145.436166666667,205.279833333333,108640,108821,181
106,0,blank,0,144.795683333333,215.131816666667,108821,109004,183
106,0,blank,0,134.9342,214.038716666667,109004,109185,181
106,19,;,118,128.535383333333,218.602383333333,109185,109365,180
106,22,MAX,139,145.497666666667,275.505083333333,109365,109547,182
106,23,0,149,160.755,312.96315,109547,109726,179
106,0,blank,0,208.633433333333,286.143716666667,109726,109908,182
106,0,blank,0,206.373533333333,297.464116666667,109908,110089,181
106,24,"Infixexpressionis:\t",153,175.864816666667,330.34605,110089,110271,182
106,24,"Infixexpressionis:\t",153,178.10155,321.78755,110271,110452,181
106,24,"Infixexpressionis:\t",153,170.307033333333,326.569833333333,110452,110634,182
106,25,n,164,143.220866666667,339.7281,110634,110815,181
106,27,==,197,171.584383333333,382.756983333333,110815,110997,182
106,29,),207,207.084016666667,441.377016666667,110997,111178,181
106,0,blank,0,207.9916,463.7048,111178,111209,31
106,0,blank,0,-323,-105,111239,111270,31
106,0,blank,0,208.987716666667,499.098016666667,111370,111563,193
106,0,blank,0,213.68485,560.94445,111563,111743,180
106,37,],248,177.761533333333,620.95245,111743,111923,180
106,0,blank,0,158.843866666667,667.682933333333,111923,112102,179
106,39,x,259,174.267783333333,665.426616666667,112102,112280,178
106,0,blank,0,159.202833333333,670.6977,112280,112457,177
106,0,blank,0,159.4826,684.0649,112457,112488,31
106,0,blank,0,162.41005,238.307166666667,112547,112728,181
106,0,blank,0,160.619816666667,214.487983333333,112728,112911,183
106,0,blank,0,185.179266666667,216.984833333333,112911,113093,182
106,0,blank,0,194.392733333333,215.0483,113093,113276,183
106,0,blank,0,194.0767,208.89825,113276,113459,183
106,0,blank,0,169.900083333333,228.6061,113459,113640,181
106,0,blank,0,-323,-105,113702,113782,80
106,0,blank,0,168.397433333333,210.1017,113868,114038,170
106,20,),122,140.781083333333,235.807516666667,114038,114223,185
106,0,blank,0,132.9397,219.1654,114223,114398,175
106,20,),122,138.45275,238.40715,114398,114574,176
106,19,;,118,128.226966666667,224.274333333333,114574,114756,182
106,19,;,118,128.806016666667,225.649983333333,114756,114938,182
106,0,blank,0,134.349383333333,221.7891,114938,115122,184
106,0,blank,0,140.441983333333,224.331066666667,115122,115309,187
106,0,blank,0,132.33955,226.30235,115309,115494,185
106,20,),122,140.498583333333,245.1052,115494,115680,186
106,21,str,128,133.15415,256.356583333333,115680,115865,185
106,20,;,123,148.078616666667,233.110316666667,115865,116050,185
106,20,),122,136.020966666667,239.320616666667,116050,116235,185
106,20,str,121,132.069833333333,232.236883333333,116235,116418,183
106,20,str,121,129.150216666667,230.657233333333,116418,116603,185
106,20,str,121,132.667683333333,233.286816666667,116603,116787,184
106,20,str,121,128.62635,230.764166666667,116787,116974,187
106,19,;,118,129.46945,223.501433333333,116974,117161,187
106,19,;,118,127.331966666667,222.3814,117161,117344,183
106,19,;,118,126.98125,225.675383333333,117344,117530,186
106,20,str,121,116.973516666667,227.461716666667,117530,117721,191
106,0,blank,0,132.2602,222.38865,117721,117907,186
106,0,blank,0,123.753083333333,221.395433333333,117907,118093,186
106,20,str,121,123.73775,230.981,118093,118279,186
106,20,str,121,123.635866666667,232.802683333333,118279,118469,190
106,20,str,121,128.65205,240.534783333333,118469,118656,187
106,20,str,121,130.9999,241.48555,118656,118844,188
106,21,str,128,146.8528,251.11905,118844,119033,189
106,22,MAX,139,168.426433333333,286.3993,119033,119221,188
106,22,MAX,139,173.7599,274.983333333333,119221,119411,190
106,24,"Infixexpressionis:\t",153,223.963366666667,330.1198,119411,119600,189
106,0,blank,0,220.5819,276.2522,119600,119789,189
106,22,;,140,192.6549,289.2848,119789,119981,192
106,22,i,141,196.69885,285.028016666667,119981,120173,192
106,0,blank,0,217.298283333333,277.564,120173,120363,190
106,0,blank,0,245.15655,295.466,120363,120534,171
106,0,blank,0,247.5249,341.3531,120534,120622,88
106,0,blank,0,420.50044,362.25178,120731,120899,168
106,0,blank,0,463.014716666667,391.200333333333,120899,121088,189
106,27,str,193,486.27385,392.725483333333,121088,121276,188
106,27,str,193,500.1633,400.28795,121276,121336,60
106,0,blank,0,175.199283333333,192.013383333333,121367,121552,185
106,18,;,113,164.149016666667,192.824683333333,121552,121734,182
106,0,blank,0,151.470266666667,214.423133333333,121734,121918,184
106,0,blank,0,170.699216666667,220.29275,121918,122101,183
106,0,blank,0,206.034183333333,210.940616666667,122101,122285,184
106,0,blank,0,208.228866666667,207.211266666667,122285,122467,182
106,0,blank,0,152.072583333333,210.977833333333,122467,122652,185
106,0,blank,0,159.509866666667,218.3829,122652,122837,185
106,0,blank,0,140.349533333333,220.286916666667,122837,123028,191
106,19,;,118,128.33135,219.054316666667,123028,123214,186
106,0,blank,0,157.732816666667,222.772,123214,123401,187
106,0,blank,0,159.5264,224.607833333333,123401,123586,185
106,0,blank,0,154.68565,229.9483,123586,123708,122
106,0,blank,0,-323,-105,123769,123873,104
106,0,blank,0,184.456516666667,236.730616666667,123972,124144,172
106,0,blank,0,174.9435,221.071016666667,124144,124327,183
106,0,blank,0,150.489666666667,219.06125,124327,124508,181
106,0,blank,0,167.25624,239.8965,124508,124658,150
106,0,blank,0,184.90222,224.3769,124658,124829,171
106,0,blank,0,181.582583333333,227.266083333333,124829,125009,180
106,0,blank,0,154.237316666667,224.75805,125009,125194,185
106,0,blank,0,156.256666666667,214.09835,125194,125377,183
106,0,blank,0,141.324283333333,216.32385,125377,125560,183
106,0,blank,0,145.65055,217.828066666667,125560,125745,185
106,0,blank,0,146.3139,209.583316666667,125745,125927,182
106,0,blank,0,161.74,238.0907,125927,126112,185
106,21,str,128,151.9881,260.03925,126112,126289,177
106,20,str,121,129.8434,245.40052,126289,126470,181
106,25,;,165,149.39455,339.864033333333,126470,126653,183
106,25,i,166,160.0788,345.286583333333,126653,126842,189
106,0,blank,0,-323,-105,127112,127290,178
106,0,blank,0,-323,-105,127290,127437,147
106,24,"Infixexpressionis:\t",153,224.414775,334.751825,127606,127774,168
106,24,"Infixexpressionis:\t",153,193.348116666667,335.6973,127774,127963,189
106,0,blank,0,208.948316666667,349.100583333333,127963,128151,188
106,0,blank,0,300.922816666667,341.180566666667,128151,128338,187
106,0,blank,0,315.763466666667,354.617416666667,128338,128526,188
106,0,blank,0,238.428766666667,345.13605,128526,128719,193
106,0,blank,0,174.861266666667,361.511766666667,128719,128905,186
106,0,blank,0,193.175,352.262166666667,128905,129092,187
106,0,blank,0,198.681066666667,357.770633333333,129092,129277,185
106,0,blank,0,203.839366666667,360.280366666667,129277,129466,189
106,0,blank,0,190.97875,359.145583333333,129466,129651,185
106,0,blank,0,230.2357,359.079533333333,129651,129839,188
106,27,+,177,179.67085,399.521516666667,129839,130026,187
106,0,blank,0,176.804966666667,418.611833333333,130026,130119,93
106,0,blank,0,-323,-105,130150,130207,57
106,0,blank,0,539.679,-103.8213,130233,130259,26
106,0,blank,0,149.662325,402.581875,130402,130562,160
106,27,==,197,153.395575,390.06005,130562,130726,164
106,24,printf,151,90.4094333333334,333.1098,130726,130876,150
106,24,"Infixexpressionis:\t",153,154.6125,319.814425,130876,131075,199
106,25,<,163,129.98426,356.23502,131116,131310,194
106,0,blank,0,127.54865,358.814416666667,131310,131487,177
106,27,],196,145.7744,380.754733333333,131487,131663,176
106,27,+,177,198.8085,380.211,131663,131852,189
106,27,str,193,250.260183333333,398.4964,131852,132025,173
106,0,blank,0,217.0469,406.355716666667,132025,132207,182
106,27,||,192,213.13215,394.974566666667,132207,132385,178
106,27,||,192,209.029016666667,400.823633333333,132385,132566,181
106,0,blank,0,240.4756,405.761233333333,132566,132748,182
106,0,blank,0,232.947375,402.67365,132748,132869,121
106,0,blank,0,130.1495,403.7602,132869,133233,364
106,27,==,197,163.635028571429,393.355771428571,133233,133432,199
106,27,==,197,161.0033,399.6328,133432,133491,59
106,27,==,197,286.107183333333,394.4305,133522,133700,178
106,0,blank,0,265.133433333333,402.94695,133700,133881,181
106,0,blank,0,281.479016666667,405.3122,133881,134059,178
106,27,||,192,340.017083333333,398.54005,134059,134238,179
106,0,blank,0,371.564266666667,417.675883333333,134238,134417,179
106,27,i,195,402.7247,401.809183333333,134417,134595,178
106,27,*,191,439.646283333333,393.4821,134595,134774,179
106,0,blank,0,516.691716666667,413.4353,134774,134952,178
106,0,blank,0,504.829183333333,410.8313,134952,135130,178
106,27,||,192,475.673883333333,400.025316666667,135130,135309,179
106,0,blank,0,469.096966666667,408.245733333333,135309,135486,177
106,0,blank,0,423.4287,415.3272,135486,135516,30
106,27,==,197,161.987883333333,392.012683333333,135546,135722,176
106,0,blank,0,160.5493,405.4924,135722,135754,32
106,0,blank,0,-323,-105,135815,135964,149
106,29,push,201,112.7167,441.741475,135991,136175,184
106,0,blank,0,133.291585714286,459.4921,136175,136370,195
106,0,blank,0,140.685083333333,470.391716666667,136370,136543,173
106,0,blank,0,127.3574,470.11682,136543,136688,145
106,0,blank,0,145.208066666667,474.128316666667,136688,136884,196
106,0,blank,0,147.2811,462.3223,136884,137056,172
106,0,blank,0,121.6873,458.097116666667,137056,137233,177
106,31,else,210,96.3275,472.856816666667,137233,137411,178
106,0,blank,0,87.1886166666667,508.606,137411,137591,180
106,33,x,212,101.548466666667,514.66945,137591,137774,183
106,34,j,234,113.9811,535.315316666667,137774,137956,182
106,34,[,226,111.338533333333,536.60975,137956,138141,185
106,34,x,225,95.5684,541.46635,138141,138324,183
106,0,blank,0,144.740516666667,534.504,138324,138504,180
106,34,pop,230,150.9619,544.18785,138504,138688,184
106,34,pop,230,154.766,545.923675,138688,138857,169
106,0,blank,0,111.987783333333,591.6875,138857,139041,184
106,37,str,244,86.5264666666667,610.692866666667,139041,139226,185
106,0,blank,0,105.750283333333,600.7827,139226,139409,183
106,0,blank,0,134.6919,568.23512,139409,139560,151
106,0,blank,0,-323,-105,139593,139725,132
106,34,],228,129.0235,548.2833,139751,139777,26
106,0,blank,0,126.9968,559.7779,139860,139885,25
106,0,blank,0,60.2753,692.16092,139909,140057,148
106,0,blank,0,60.94412,689.56568,140057,140231,174
106,0,blank,0,59.3193,666.574683333333,140231,140414,183
106,39,printf,255,64.461,658.396866666667,140414,140597,183
106,38,strrev,250,54.24115,635.3,140597,140658,61
106,22,for,131,33.3196,273.51405,140775,140959,184
106,0,blank,0,59.659275,702.571375,141066,141241,175
106,0,blank,0,48.5525,709.4602,141241,141334,93
106,0,blank,0,84.3109333333333,539.1212,141364,141553,189
106,0,blank,0,94.87244,567.52442,141553,141709,156
106,34,x,225,96.13634,542.10178,141709,141889,180
106,0,blank,0,78.8873,497.19858,141889,142047,158
106,21,strlen,126,57.5369666666667,257.100516666667,142077,142262,185
106,21,strlen,126,55.4774833333333,253.2128,142262,142446,184
106,20,strrev,119,52.7057666666667,243.460466666667,142446,142633,187
106,18,(,110,96.9272666666667,200.623383333333,142633,142814,181
106,19,str,116,104.293466666667,205.946966666667,142814,142906,92
106,0,blank,0,199.08354,188.59502,142936,143089,153
106,0,blank,0,-323,-105,143151,143260,109
106,19,gets,114,56.9695285714286,214.965414285714,143374,143573,199
106,19,gets,114,53.540975,215.247075,143573,143769,196
106,19,str,116,93.9474833333333,217.163883333333,143769,143953,184
106,19,str,116,108.029083333333,215.703816666667,143953,144136,183
106,0,blank,0,19.6547,237.6438,144136,144320,184
106,20,strrev,119,35.5532333333333,238.078166666667,144320,144506,186
106,20,strrev,119,50.39362,240.06236,144506,144666,160
106,20,strrev,119,70.92072,238.69052,144666,144844,178
106,20,strrev,119,74.95,246.718975,144844,145019,175
106,21,strlen,126,55.80335,249.213366666667,145019,145200,181
106,21,=,125,53.6571,259.044483333333,145200,145388,188
106,21,n,124,38.66355,251.74985,145388,145577,189
106,17,printf,104,57.40375,180.277416666667,145577,145765,188
106,16,b,95,105.7533,159.401766666667,145765,145952,187
106,18,stdin,111,148.938483333333,195.824016666667,145952,146139,187
106,18,),112,160.13045,203.1227,146139,146202,63
106,0,blank,0,-323,-105,146234,146292,58
106,0,blank,0,144.5359,599.6942,146317,146343,26
106,21,strlen,126,76.19548,249.39888,146431,146580,149
106,21,strlen,126,67.03522,255.7989,146580,146759,179
106,21,=,125,46.2841333333333,257.3717,146759,146946,187
106,21,=,125,47.3704166666666,259.5627,146946,147130,184
106,21,n,124,43.2231,255.08084,147130,147305,175
106,21,strlen,126,61.5640833333333,254.064233333333,147305,147490,185
106,21,strlen,126,91.63975,257.141666666667,147490,147676,186
106,21,strlen,126,109.625683333333,255.40205,147676,147859,183
106,21,strlen,126,79.7949,267.3731,147859,148042,183
106,21,strlen,126,64.65155,269.413,148042,148104,62
106,27,==,197,158.786083333333,395.689533333333,148135,148321,186
106,27,str,193,117.51082,401.46034,148321,148476,155
106,27,str,193,98.6967,401.442533333333,148476,148670,194
106,0,blank,0,108.677016666667,407.332333333333,148670,148858,188
106,0,blank,0,141.292833333333,410.694766666667,148858,149044,186
106,0,blank,0,164.6611,411.014083333333,149044,149231,187
106,0,blank,0,182.71855,413.430616666667,149231,149417,186
106,0,blank,0,203.11965,419.49985,149417,149600,183
106,0,blank,0,203.586666666667,422.538833333333,149600,149692,92
106,0,blank,0,414.457633333333,408.171833333333,149723,149906,183
106,0,blank,0,473.1044,405.915,149906,149967,61
106,0,blank,0,125.40735,457.186933333333,150028,150213,185
106,0,blank,0,161.982483333333,454.744466666667,150213,150399,186
106,0,blank,0,157.798975,454.394875,150399,150525,126
106,0,blank,0,-323,-105,150587,150716,129
106,20,strrev,119,69.5247666666667,245.899666666667,150741,150847,106
106,20,strrev,119,73.989,240.85624,150899,151034,135
106,22,for,131,59.77102,275.44084,151034,151227,193
106,21,strlen,126,60.00696,261.89894,151227,151426,199
106,21,=,125,52.9777833333333,263.1074,151426,151595,169
106,21,strlen,126,90.98478,257.0114,151595,151791,196
106,21,strlen,126,94.5996166666667,267.086183333333,151791,151961,170
106,21,strlen,126,73.8262333333333,254.780266666667,151961,152140,179
106,21,=,125,52.0573333333333,261.404166666667,152140,152322,182
106,21,n,124,42.0895833333333,258.492783333333,152322,152504,182
106,21,=,125,51.3250666666667,269.5812,152504,152686,182
106,22,for,131,61.43112,272.01418,152686,152839,153
106,0,blank,0,-323,-105,152870,152900,30
106,22,for,131,54.9731571428571,271.352857142857,152950,153144,194
106,21,strlen,126,59.2122,262.4707,153144,153327,183
106,21,strlen,126,63.668,266.78405,153327,153511,184
106,21,n,124,41.766,253.0518,153511,153544,33
106,22,for,131,59.7317,271.1938,153544,153829,285
106,0,blank,0,42.3897285714286,301.039085714286,153829,154028,199
106,22,=,134,92.5301833333333,272.96285,154059,154243,184
106,21,strlen,126,97.3350333333333,269.24745,154243,154425,182
106,21,strlen,126,92.5646666666667,256.252016666667,154425,154610,185
106,21,strlen,126,68.5513,249.986133333333,154610,154795,185
106,21,strlen,126,70.2613833333333,250.838766666667,154795,154982,187
106,21,strlen,126,63.0532,256.354816666667,154982,155168,186
106,21,strlen,126,64.4674833333333,259.055466666667,155168,155353,185
106,21,strlen,126,60.8696833333333,265.703066666667,155353,155539,186
106,21,=,125,50.5203666666667,267.746366666667,155539,155724,185
106,22,for,131,43.9706,284.0833,155724,155754,30
106,0,blank,0,-323,-105,155783,155931,148
106,22,for,131,37.83892,284.52794,155962,156103,141
106,0,blank,0,-28.0512,414.4125,156103,156165,62
106,23,stack,144,76.87796,299.94768,156190,156360,170
106,23,stack,144,78.4054,297.2122,156360,156390,30
106,24,printf,151,69.99445,331.1373,156420,156481,61
106,0,blank,0,52.2172,299.6315,156481,156642,161
106,21,strlen,126,110.8079,257.1123,156642,156817,175
106,21,strlen,126,107.9549,260.0277,156817,156842,25
106,21,strlen,126,113.77225,266.97405,156867,156956,89
106,22,0,135,96.55186,271.27154,157018,157168,150
106,23,stack,144,82.68542,308.58732,157198,157348,150
106,22,=,134,92.6557,273.9547,157348,157559,211
106,21,strlen,126,79.6286285714286,263.141685714286,157559,157755,196
106,0,blank,0,55.2573,270.5697,157755,157993,238
106,21,strlen,126,87.4979714285714,257.682385714286,157993,158191,198
106,22,(,132,65.58355,273.24245,158191,158374,183
106,21,=,125,50.8754,264.22855,158374,158559,185
106,21,=,125,48.7295666666667,258.365366666667,158559,158654,95
106,0,blank,0,44.8473,304.9742,158654,158845,191
106,0,blank,0,47.7627,314.1165,158845,158877,32
106,22,for,131,62.6196666666667,285.722866666667,159017,159203,186
106,23,stack,144,78.0692333333333,306.014366666667,159203,159390,187
106,23,stack,144,105.323216666667,298.051383333333,159390,159574,184
106,23,[,145,119.189733333333,305.092283333333,159574,159755,181
106,23,[,145,117.91125,297.19425,159755,159936,181
106,22,MAX,139,143.0216,286.893533333333,159936,160117,181
106,0,blank,0,153.029866666667,292.359083333333,160117,160300,183
106,23,=,148,145.2152,302.8848,160300,160482,182
106,23,=,148,153.593233333333,298.515533333333,160482,160663,181
106,23,i,146,128.715583333333,311.483666666667,160663,160844,181
106,23,stack,144,81.9436333333333,309.91005,160844,161027,183
106,23,stack,144,82.5463,304.048575,161027,161161,134
106,19,str,116,102.34215,217.59845,161161,161341,180
106,19,str,116,90.54955,222.0804,161341,161528,187
106,20,strrev,119,82.7818833333333,243.62495,161528,161717,189
106,18,;,113,165.8473,187.826283333333,161717,161901,184
106,17,"Entertheexpression\n",106,154.988316666667,177.645483333333,161901,162085,184
106,0,blank,0,106.926366666667,160.445016666667,162085,162268,183
106,17,"Entertheexpression\n",106,105.44515,175.46335,162268,162329,61
106,0,blank,0,-323,-105,162359,162498,139
106,15,i,86,97.4426666666667,130.494916666667,162522,162694,172
106,15,i,86,100.62115,121.60565,162694,162755,61
106,22,MAX,139,138.27062,278.02882,162784,162955,171
106,0,blank,0,118.03125,314.487066666667,162955,163138,183
106,23,=,148,145.81955,306.382466666667,163138,163328,190
106,22,<,138,130.584,291.5474,163328,163417,89
106,23,0,149,167.1193,297.131628571429,163506,163702,196
106,0,blank,0,103.0924,328.91435,163702,163895,193
106,24,printf,151,86.8017333333333,321.229216666667,163895,164080,185
106,25,;,165,109.808516666667,352.03675,164080,164266,186
106,0,blank,0,127.0444,336.42272,164266,164429,163
106,24,"Infixexpressionis:\t",153,159.21116,319.2419,164497,164661,164
106,0,blank,0,-323,-105,164728,164754,26
106,0,blank,0,-323,-105,164805,164830,25
106,25,<,163,128.9652,338.258,164856,164881,25
106,24,"Infixexpressionis:\t",153,113.090583333333,323.246333333333,164934,165118,184
106,24,(,152,102.44518,325.9742,165118,165286,168
106,24,printf,151,86.1945,316.9296,165352,165382,30
106,0,blank,0,158.3592,496.4941,165447,165475,28
106,24,(,152,99.55676,328.93042,165504,165688,184
106,24,"Infixexpressionis:\t",153,112.6985,325.1354,165688,165719,31
106,24,(,152,96.66185,321.004083333333,165786,165974,188
106,23,stack,144,103.183866666667,298.100166666667,165974,166168,194
106,24,"Infixexpressionis:\t",153,137.383966666667,322.11075,166168,166361,193
106,23,i,146,133.002616666667,312.799466666667,166361,166556,195
106,23,0,149,156.211316666667,311.057383333333,166556,166740,184
106,23,0,149,178.116466666667,302.584483333333,166740,166924,184
106,24,"Infixexpressionis:\t",153,176.7037,315.60675,166924,167109,185
106,23,=,148,147.1411,311.757783333333,167109,167295,186
106,24,(,152,97.3018166666667,319.616133333333,167295,167477,182
106,24,"Infixexpressionis:\t",153,147.620883333333,319.9894,167477,167661,184
106,0,blank,0,148.83865,336.40485,167661,167723,62
106,0,blank,0,-323,-105,167755,167789,34
106,23,],147,137.36126,294.8052,167890,168074,184
106,23,stack,144,101.738083333333,313.907016666667,168074,168257,183
106,23,[,145,120.9814,299.953183333333,168257,168438,181
106,24,"Infixexpressionis:\t",153,133.22432,323.25716,168438,168589,151
106,23,i,146,133.9478,311.19372,168589,168781,192
106,24,"Infixexpressionis:\t",153,125.024583333333,322.80755,168781,168961,180
106,25,i,166,119.395783333333,340.645116666667,168961,169159,198
106,25,i,166,155.047366666667,342.987166666667,169159,169358,199
106,24,"Infixexpressionis:\t",153,137.84606,335.35746,169358,169528,170
106,0,blank,0,103.556333333333,323.122233333333,169558,169745,187
106,0,blank,0,70.7458833333333,373.799066666667,169745,169929,184
106,0,blank,0,64.53195,353.26425,169929,170120,191
106,0,blank,0,112.602733333333,356.921683333333,170120,170305,185
106,27,str,193,118.887,385.05445,170305,170367,62
106,0,blank,0,-323,-105,170398,170429,31
106,0,blank,0,236.231328571429,348.403442857143,170584,170781,197
106,0,blank,0,279.484366666667,339.214533333333,170781,170898,117
106,24,"Infixexpressionis:\t",153,212.1219,328.3904,170898,171080,182
106,0,blank,0,207.95555,342.77345,171080,171254,174
106,0,blank,0,202.912183333333,347.60935,171254,171434,180
106,24,"Infixexpressionis:\t",153,275.3316,329.558075,171434,171605,171
106,0,blank,0,288.81084,342.56938,171605,171779,174
106,0,blank,0,297.04245,338.7558,171779,171966,187
106,24,"Infixexpressionis:\t",153,239.120533333333,334.22635,171966,172151,185
106,24,"Infixexpressionis:\t",153,211.017716666667,335.484133333333,172151,172338,187
106,0,blank,0,265.677983333333,347.416983333333,172338,172524,186
106,0,blank,0,107.870983333333,362.25245,172524,172715,191
106,0,blank,0,117.850733333333,360.5496,172715,172902,187
106,0,blank,0,275.379383333333,339.930733333333,172933,173115,182
106,0,blank,0,-323,-105,173146,173267,121
106,0,blank,0,223.993616666667,352.82255,173399,173574,175
106,27,i,195,136.714333333333,391.742633333333,173574,173759,185
106,27,str,193,118.659816666667,381.251583333333,173759,173941,182
106,0,blank,0,99.5152,364.814766666667,173941,174122,181
106,0,blank,0,85.0618833333333,362.617233333333,174122,174304,182
106,0,blank,0,80.2591833333333,370.627883333333,174304,174490,186
106,0,blank,0,89.43055,367.39105,174490,174549,59
106,0,blank,0,278.735266666667,343.088083333333,174583,174765,182
106,0,blank,0,286.111316666667,342.6164,174765,174950,185
106,0,blank,0,93.53965,384.877183333333,174981,175164,183
106,0,blank,0,78.5067666666667,366.92575,175164,175354,190
106,0,blank,0,73.4388166666667,368.506633333333,175354,175542,188
106,0,blank,0,104.993133333333,374.128833333333,175542,175730,188
106,0,blank,0,99.2214833333333,420.163166666667,175730,175923,193
106,0,blank,0,137.520233333333,423.089216666667,175923,176109,186
106,0,blank,0,161.181375,419.676375,176109,176231,122
106,0,blank,0,-323,-105,176262,176401,139
106,0,blank,0,131.9261,416.85352,176427,176615,188
106,29,push,201,127.897,431.07934,176615,176764,149
106,29,push,201,121.9007,442.28354,176764,176941,177
106,0,blank,0,86.7587166666667,496.410166666667,176941,177130,189
106,0,blank,0,89.7256,502.9312,177130,177312,182
106,33,],220,130.2445,521.311816666667,177312,177506,194
106,0,blank,0,76.0481833333333,501.27215,177506,177695,189
106,0,blank,0,78.6826666666667,452.006866666667,177695,177886,191
106,0,blank,0,77.6124,431.4962,177886,178079,193
106,0,blank,0,95.8604,420.4732,178079,178269,190
106,29,push,201,123.864483333333,438.467116666667,178269,178459,190
106,0,blank,0,145.63915,447.381733333333,178459,178651,192
106,0,blank,0,141.9247,448.473433333333,178651,178840,189
106,0,blank,0,152.022116666667,450.167516666667,178840,179027,187
106,0,blank,0,156.255783333333,452.976516666667,179027,179216,189
106,0,blank,0,208.9688,414.9929,179216,179248,32
106,27,],196,407.2584,396.241733333333,179279,179465,186
106,27,*,191,449.189833333333,401.63585,179465,179651,186
106,27,||,192,468.7615,397.2259,179651,179713,62
106,27,str,193,115.068683333333,390.769533333333,179743,179932,189
106,0,blank,0,112.369916666667,376.943016666667,179932,180119,187
106,0,blank,0,82.2235333333334,361.52875,180119,180310,191
106,0,blank,0,78.76018,366.57614,180310,180470,160
106,0,blank,0,-323,-105,180502,180533,31
106,25,;,165,104.965466666667,345.864433333333,180639,180809,170
106,25,i,166,78.5003166666667,339.429766666667,180809,180994,185
106,0,blank,0,63.1231166666667,336.46245,180994,181178,184
106,0,blank,0,86.7205166666667,417.690633333333,181178,181362,184
106,0,blank,0,107.89896,416.35692,181362,181518,156
106,27,[,194,130.91875,401.90655,181518,181686,168
106,0,blank,0,109.55535,413.7245,181686,181884,198
106,0,blank,0,108.364466666667,408.50845,181884,182079,195
106,21,strlen,126,94.2571333333333,256.246933333333,182110,182296,186
106,21,strlen,126,87.484275,263.18265,182296,182420,124
106,0,blank,0,81.0578,442.941466666667,182451,182641,190
106,31,else,210,91.2873833333334,477.200133333333,182641,182830,189
106,0,blank,0,107.872466666667,455.514083333333,182830,183021,191
106,0,blank,0,135.887683333333,450.024366666667,183021,183212,191
106,0,blank,0,131.444033333333,452.1408,183212,183399,187
106,31,else,210,67.9431666666667,477.274216666667,183399,183588,189
106,0,blank,0,74.5591,100.147683333333,183620,183806,186
106,0,blank,0,78.45452,100.68434,183806,183958,152
106,0,blank,0,81.86235,533.154983333333,184019,184210,191
106,0,blank,0,82.0354666666667,509.169166666667,184210,184401,191
106,0,blank,0,79.172,506.0624,184401,184433,32
106,0,blank,0,-323,-105,184496,184604,108
106,33,[,218,108.1734,526.116483333333,184631,184829,198
106,34,j,234,114.167866666667,538.961283333333,184829,185016,187
106,33,str,217,146.41745,521.867516666667,185016,185201,185
106,0,blank,0,137.501283333333,534.614266666667,185201,185379,178
106,33,j,222,113.1028,529.8426,185379,185410,31
106,33,[,218,177.0068,524.4831,185410,187215,1805
106,33,[,218,178.597416666667,524.220533333333,187215,187402,187
106,33,str,217,169.14045,528.437366666667,187402,187585,183
106,0,blank,0,174.601133333333,523.214416666667,187585,187771,186
106,33,i,219,193.492433333333,522.024983333333,187771,187956,185
106,0,blank,0,214.87025,522.355,187956,188143,187
106,33,],220,196.736416666667,533.250766666667,188143,188327,184
106,33,[,218,182.295283333333,531.309266666667,188327,188515,188
106,33,j,222,117.09615,514.145083333333,188515,188701,186
106,31,else,210,83.21485,483.4647,188701,188888,187
106,33,x,212,101.9417,514.9819,188888,189074,186
106,34,[,226,111.718,543.1089,189074,189106,32
106,0,blank,0,-323,-105,189136,189218,82
106,0,blank,0,119.1953,534.1305,189244,189269,25
106,34,[,226,111.4386,542.347466666667,189354,189528,174
106,34,[,226,109.576416666667,547.228783333333,189528,189712,184
106,34,j,234,114.5951,555.1862,189712,189741,29
106,34,x,225,103.68365,549.107916666667,189800,189980,180
106,34,j,234,122.685333333333,537.872483333333,189980,190161,181
106,0,blank,0,149.63885,534.349083333333,190161,190345,184
106,34,=,229,143.854666666667,536.787883333333,190345,190528,183
106,0,blank,0,120.3276,481.588433333333,190528,190708,180
106,0,blank,0,117.25624,454.21016,190708,190863,155
106,0,blank,0,96.628,378.6082,190863,191310,447
106,0,blank,0,102.698766666667,407.01995,191310,191499,189
106,0,blank,0,139.0396,413.972416666667,191499,191685,186
106,0,blank,0,135.4171,408.643683333333,191685,191869,184
106,27,if,170,84.54445,396.54955,191869,191995,126
106,0,blank,0,-323,-105,192060,192221,161
106,0,blank,0,-323,-105,192221,192309,88
106,0,blank,0,271.199833333333,561.2537,192699,192785,86
106,0,blank,0,-323,-105,192818,193005,187
106,0,blank,0,-323,-105,193005,193183,178
106,0,blank,0,-323,-105,193183,193370,187
106,0,blank,0,-323,-105,193370,193550,180
106,0,blank,0,-323,-105,193550,193748,198
106,0,blank,0,-323,-105,193748,193941,193
106,0,blank,0,-323,-105,193941,194134,193
106,0,blank,0,-323,-105,194134,194304,170
106,0,blank,0,-323,-105,194304,194489,185
106,0,blank,0,-323,-105,194489,194672,183
106,0,blank,0,-323,-105,194672,194844,172
106,0,blank,0,-323,-105,194844,195024,180
106,0,blank,0,-323,-105,195024,195212,188
106,0,blank,0,-323,-105,195212,195410,198
106,0,blank,0,-323,-105,195410,195586,176
106,0,blank,0,161.42985,506.0586,195770,195963,193
106,0,blank,0,156.4935,513.2913,195963,195993,30
106,0,blank,0,-323,-105,196024,196206,182
106,0,blank,0,-323,-105,196206,196385,179
106,0,blank,0,-323,-105,196385,196490,105
106,33,[,218,109.847575,530.4546,196590,196696,106
106,0,blank,0,116.5535,491.893425,196696,196882,186
106,0,blank,0,128.12312,420.18142,196882,197075,193
106,0,blank,0,123.35056,447.35294,197075,197247,172
106,29,push,201,133.8222,441.26225,197247,197308,61
106,27,-,184,327.344033333333,386.420383333333,197337,197519,182
106,0,blank,0,329.30464,379.36304,197519,197672,153
106,22,;,140,192.080866666667,278.643916666667,197701,197883,182
106,23,],147,138.78225,300.324416666667,197883,198064,181
106,21,strlen,126,108.1993,268.70695,198064,198155,91
106,19,str,116,93.2883333333333,214.9172,198155,198333,178
106,18,(,110,101.03015,199.84115,198333,198507,174
106,16,op,97,142.785416666667,157.228366666667,198507,198682,175
106,16,comma,98,118.593116666667,159.861833333333,198682,198858,176
106,16,op,97,138.409666666667,157.772333333333,198858,199038,180
106,17,"Entertheexpression\n",106,162.799016666667,178.824883333333,199038,199216,178
106,17,"Entertheexpression\n",106,164.745125,163.365575,199216,199335,119
106,0,blank,0,-323,-105,199365,199470,105
106,33,str,217,150.6495,532.7488,199496,199525,29
106,33,j,222,121.72272,522.34496,199598,199779,181
106,33,str,217,146.3546,522.921883333333,199779,199975,196
106,0,blank,0,150.53655,513.628816666667,199975,200151,176
106,33,str,217,166.5586,522.1945,200151,200181,30
106,29,(,202,140.107233333333,432.864,200240,200399,159
106,0,blank,0,126.818775,424.77605,200399,200574,175
106,0,blank,0,125.72095,402.153016666667,200574,200773,199
106,0,blank,0,114.97644,402.57604,200773,200919,146
106,27,[,194,127.87025,389.8238,200919,201028,109
106,0,blank,0,-323,-105,201053,201128,75
106,33,],220,129.725,532.6709,201229,201363,134
106,33,],220,131.07282,527.84396,201363,201548,185
106,34,[,226,107.85318,541.02086,201548,201741,193
106,34,[,226,110.29098,535.92648,201741,201891,150
106,0,blank,0,89.057,524.5146,201891,202155,264
106,34,=,229,138.729325,539.107725,202155,202350,195
106,34,[,226,106.5876,545.6035,202350,202562,212
106,34,[,226,105.608514285714,543.405171428571,202562,202758,196
106,33,=,216,134.017916666667,531.282,202758,202941,183
106,33,str,217,153.499916666667,523.859216666667,202941,203123,182
106,33,str,217,153.945216666667,533.01305,203123,203308,185
106,33,str,217,170.14195,529.99395,203308,203493,185
106,33,=,216,142.63595,529.08065,203493,203675,182
106,33,j,222,119.074366666667,524.698166666667,203675,203857,182
106,33,j,222,120.3518,525.607716666667,203857,204039,182
106,0,blank,0,119.326666666667,505.459866666667,204039,204219,180
106,0,blank,0,88.7405166666667,545.53085,204219,204395,176
106,0,blank,0,68.8074833333333,584.373116666667,204395,204577,182
106,37,[,245,46.941,607.458366666667,204577,204762,185
106,37,[,245,45.7878333333333,607.94595,204762,204945,183
106,37,[,245,48.3694,605.9343,204945,204975,30
106,0,blank,0,-323,-105,205033,205085,52
106,0,blank,0,73.9845,-103.874,205111,205137,26
106,37,=,243,77.992725,611.9141,205218,205372,154
106,37,str,244,94.708525,611.509125,205372,205560,188
106,37,top,246,128.242416666667,607.136133333333,205560,205734,174
106,37,str,244,88.8022,609.4695,205734,205898,164
106,37,str,244,90.74836,616.97816,205898,206092,194
106,37,str,244,105.6535,610.541333333333,206092,206182,90
106,38,x,252,122.65,635.0781,206182,206368,186
106,37,str,244,96.8889142857143,621.6762,206368,206561,193
106,38,strrev,250,85.04925,631.921033333333,206561,206743,182
106,37,[,245,115.33928,608.23662,206743,206916,173
106,37,str,244,106.485316666667,621.574833333333,206916,207100,184
106,0,blank,0,90.6465166666667,597.396516666667,207100,207280,180
106,0,blank,0,94.4793333333333,601.7532,207280,207373,93
106,0,blank,0,-323,-105,207435,207573,138
106,0,blank,0,150.95535,597.5688,207599,207798,199
106,0,blank,0,138.796266666667,587.41095,207798,207971,173
106,37,[,245,122.65746,613.44928,207971,208143,172
106,38,strrev,250,87.2014,631.4517,208143,208318,175
106,38,strrev,250,73.931,632.2011,208318,208494,176
106,37,],248,70.0281166666667,620.924116666667,208494,208672,178
106,39,printf,255,55.1406,646.672025,208672,208790,118
106,0,blank,0,76.58386,591.9138,208820,209001,181
106,37,x,239,38.77594,621.6148,209001,209184,183
106,0,blank,0,55.949325,622.2392,209298,209470,172
106,38,strrev,250,57.8689,639.942666666667,209470,209566,96
106,0,blank,0,45.6118,732.9971,209566,209689,123
106,0,blank,0,79.1442,774.9118,209689,210472,783
106,0,blank,0,126.791333333333,742.709233333333,210472,210607,135
106,0,blank,0,96.3054,673.4965,210686,210773,87
106,0,blank,0,90.356,-103.9885,210802,210838,36
106,0,blank,0,107.8122,-103.950875,211009,211161,152
106,0,blank,0,137.3012,-103.9297,211247,211375,128
106,0,blank,0,159.6551,-103.985,211375,211467,92
106,38,strrev,250,77.9178,639.8848,211856,212478,622
106,0,blank,0,103.2295,580.2406,212478,212565,87
106,0,blank,0,196.3574,-103.7793,213875,214083,208
106,18,fflush,109,83.0023,201.8169,214637,214662,25
106,13,exp_in,79,80.47436,77.13536,214723,214920,197
106,13,exp_in,79,66.8507666666667,74.9243,214920,215109,189
106,0,blank,0,140.00576,61.86464,215109,215255,146
106,13,),81,125.443933333333,83.8757,215255,215390,135
106,0,blank,0,122.6527,104.8967,215390,215501,111
106,0,blank,0,964.206,240.61444,215560,215732,172
106,0,blank,0,925.2645,251.67645,215732,215792,60
106,0,blank,0,918.3,254.9842,215928,215952,24
106,0,blank,0,882.907166666667,376.924,215977,216161,184
106,0,blank,0,915.531166666667,343.24095,216161,216349,188
106,0,blank,0,916.4008,349.5417,216349,216506,157
106,0,blank,0,114.3148,74.55886,216600,216759,159
107,0,blank,0,87.8615166666667,247.19365,217195,217376,181
107,0,blank,0,61.633,259.65406,217376,217572,196
107,0,blank,0,39.9954333333333,250.4424,217572,217770,198
107,0,blank,0,31.04458,217.90876,217770,217946,176
107,0,blank,0,51.51445,216.18905,217946,218123,177
107,11,return,70,44.8968833333333,229.553833333333,218123,218300,177
107,0,blank,0,53.2648,220.1832,218300,218330,30
107,0,blank,0,-323,-105,218359,218467,108
107,0,blank,0,45.4474,197.572,218493,218524,31
107,0,blank,0,51.3112,191.23588,218590,218757,167
107,0,blank,0,95.6013,236.26285,218757,218941,184
107,0,blank,0,115.6258,246.254566666667,218941,219053,112
107,0,blank,0,93.41705,253.51215,219053,219235,182
107,11,return,70,55.9984666666667,243.98855,219235,219424,189
107,0,blank,0,101.23888,239.33852,219424,219616,192
107,0,blank,0,113.655966666667,254.401883333333,219616,219799,183
107,0,blank,0,134.87764,250.80724,219799,219998,199
107,0,blank,0,150.90945,219.320666666667,219998,220172,174
107,0,blank,0,145.770416666667,176.333383333333,220172,220352,180
107,0,blank,0,92.22125,178.060466666667,220352,220531,179
107,9,pop,66,73.6004833333333,187.655,220531,220711,180
107,11,stack,71,108.1653,225.16268,220711,220858,147
107,0,blank,0,180.1984,278.3932,220858,221276,418
107,0,blank,0,161.1047,259.636766666667,221276,221366,90
107,0,blank,0,869.273,270.024625,221426,221546,120
107,0,blank,0,951.840666666667,305.578983333333,221577,221758,181
107,11,stack,71,111.093516666667,234.754366666667,221850,222033,183
107,11,stack,71,121.3723,233.212475,222033,222154,121
107,11,return,70,35.8036,231.12626,222184,222370,186
108,0,blank,0,49.4313666666667,613.743933333333,223014,223199,185
108,58,push,349,56.8143333333333,631.79115,223199,223384,185
108,0,blank,0,36.3936833333333,620.9963,223384,223571,187
108,58,void,348,30.4963,631.1705,223571,223755,184
108,0,blank,0,82.6854333333333,664.19795,223755,223936,181
108,0,blank,0,136.26025,650.4795,223936,224118,182
108,60,++,357,122.8373,683.571,224118,224177,59
108,0,blank,0,757.2806,581.491,224240,224384,144
108,0,blank,0,-321.7851,675.4716,224416,224446,30
108,0,blank,0,1078.9262,595.39954,224479,224635,156
108,0,blank,0,-321.9999,594.0323,224729,224766,37
108,0,blank,0,1054.77,527.4016,224797,224828,31
108,0,blank,0,275.3803,64.9358,224932,225061,129
109,0,blank,0,248.125116666667,190.756183333333,225717,225895,178
109,0,blank,0,225.502683333333,175.3087,225895,226075,180
109,0,blank,0,261.400416666667,196.951183333333,226075,226248,173
109,0,blank,0,249.395566666667,213.7376,226248,226335,87
109,0,blank,0,252.3556,189.25184,226392,226538,146
109,0,blank,0,246.882983333333,188.527883333333,226595,226776,181
109,0,blank,0,227.89616,218.30456,226776,226923,147
109,0,blank,0,208.88558,219.17062,226982,227178,196
109,11,top,73,184.349183333333,150.58885,227178,227359,181
109,11,top,73,172.677883333333,142.504666666667,227359,227539,180
109,0,blank,0,212.54335,71.2745666666667,227539,227721,182
109,0,blank,0,213.319766666667,97.1588333333333,227721,227902,181
109,0,blank,0,168.087066666667,127.922933333333,227902,228082,180
109,0,blank,0,135.9618,119.752733333333,228082,228260,178
109,0,blank,0,143.361966666667,115.60865,228260,228439,179
109,0,blank,0,235.26375,112.686766666667,228439,228618,179
109,0,blank,0,252.203083333333,94.1737666666667,228618,228800,182
109,0,blank,0,297.95865,120.26025,228800,228859,59
109,0,blank,0,951.72,216.3802,228918,229054,136
109,0,blank,0,1056.7855,247.6991,229079,229266,187
109,0,blank,0,1043.43983333333,249.5294,229266,229463,197
109,0,blank,0,1033.7045,235.292575,229463,229612,149
109,0,blank,0,1056.426,251.6677,229612,229749,137
109,0,blank,0,207.491816666667,446.749716666667,229915,230100,185
109,27,str,193,228.2255,500.0309,230100,230130,30
109,22,MAX,139,174.540766666667,389.950433333333,230161,230342,181
110,0,blank,0,205.03265,261.23095,231119,231177,58
110,0,blank,0,194.98378,463.12592,231207,231385,178
110,0,blank,0,216.449116666667,431.295716666667,231385,231562,177
110,0,blank,0,233.7666,407.185466666667,231562,231741,179
110,0,blank,0,257.48985,424.27615,231741,231803,62
110,0,blank,0,-323,-105,232201,232396,195
110,0,blank,0,-323,-105,232396,232576,180
110,0,blank,0,-323,-105,232576,232746,170
110,0,blank,0,-323,-105,232746,232929,183
110,0,blank,0,-323,-105,232929,233115,186
110,0,blank,0,-323,-105,233115,233293,178
110,0,blank,0,-323,-105,233293,233472,179
110,0,blank,0,-323,-105,233472,233666,194
110,0,blank,0,-323,-105,233666,233860,194
110,0,blank,0,-323,-105,233860,234031,171
110,0,blank,0,-323,-105,234031,234222,191
110,0,blank,0,-323,-105,234222,234403,181
110,0,blank,0,-323,-105,234403,234600,197
110,0,blank,0,-323,-105,234600,234797,197
110,0,blank,0,-323,-105,234797,234972,175
110,0,blank,0,-323,-105,234972,235143,171
110,0,blank,0,-323,-105,235143,235274,131
110,0,blank,0,-323,-105,235274,235583,309
110,0,blank,0,-323,-105,235583,235814,231
110,0,blank,0,-323,-105,235814,235992,178
110,0,blank,0,-323,-105,235992,236171,179
110,0,blank,0,-323,-105,236171,236232,61
110,0,blank,0,-323,-105,236232,236831,599
110,0,blank,0,-323,-105,236831,237425,594
110,0,blank,0,-323,-105,237425,237604,179
110,0,blank,0,-323,-105,237604,237922,318
110,0,blank,0,-323,-105,237922,238103,181
110,0,blank,0,-323,-105,238103,238252,149
110,0,blank,0,-323,-105,238252,238423,171
110,0,blank,0,-323,-105,238423,238777,354
110,0,blank,0,-323,-105,238777,238973,196
110,0,blank,0,-323,-105,238973,239152,179
110,0,blank,0,-323,-105,239152,239340,188
110,0,blank,0,-323,-105,239340,239520,180
110,0,blank,0,-323,-105,239520,239690,170
110,0,blank,0,-323,-105,239690,239796,106
110,0,blank,0,-323,-105,239796,239908,112
110,0,blank,0,-323,-105,239908,240191,283
110,0,blank,0,-323,-105,240191,240381,190
110,0,blank,0,-323,-105,240381,240558,177
110,0,blank,0,-323,-105,240558,240632,74
110,0,blank,0,-323,-105,240632,240796,164
110,0,blank,0,-323,-105,240796,240960,164
110,0,blank,0,-323,-105,240960,241146,186
110,0,blank,0,-323,-105,241146,241284,138
110,0,blank,0,176.7892,39.8574,241635,241790,155
110,0,blank,0,173.6267,81.19828,241823,242022,199
110,0,blank,0,195.028833333333,170.734466666667,242022,242190,168
110,17,"Entertheexpression\n",106,138.4452,116.641866666667,242237,242418,181
110,16,comma,98,101.040266666667,105.1632,242418,242598,180
110,16,a,93,93.3897,101.638,242598,242760,162
110,16,comma,98,101.9799,104.5843,242760,242869,109
110,17,printf,104,61.97485,124.64615,242869,243061,192
110,16,a,93,83.0108,105.762183333333,243061,243246,185
110,0,blank,0,75.7079333333333,107.400333333333,243246,243425,179
110,0,blank,0,101.637266666667,114.096216666667,243425,243604,179
110,17,"Entertheexpression\n",106,129.022566666667,124.7834,243604,243784,180
110,16,a,93,93.27625,113.203683333333,243784,243963,179
110,17,printf,104,71.40175,116.45795,243963,244144,181
110,17,printf,104,57.2107666666667,129.073883333333,244144,244324,180
110,18,fflush,109,89.17605,151.4864,244324,244384,60
110,27,==,197,173.185266666667,350.018666666667,244416,244595,179
110,0,blank,0,174.833833333333,354.378033333333,244595,244775,180
110,0,blank,0,176.42445,358.0328,244775,244955,180
110,0,blank,0,155.626416666667,456.68695,244955,245135,180
110,33,str,217,152.794966666667,472.68985,245135,245313,178
110,0,blank,0,113.907483333333,528.646383333333,245313,245494,181
110,0,blank,0,96.8206666666667,539.591283333333,245494,245672,178
110,0,blank,0,114.60235,556.38875,245672,245852,180
110,38,x,252,123.108183333333,588.120316666667,245852,246028,176
110,38,(,251,106.060616666667,580.800116666667,246028,246207,179
110,38,strrev,250,97.1087833333333,587.104983333333,246207,246383,176
110,38,strrev,250,74.2441333333333,584.018833333333,246383,246562,179
110,0,blank,0,66.9775833333333,621.944733333333,246562,246742,180
110,39,printf,255,64.0578,607.62505,246742,246923,181
110,38,strrev,250,73.71668,593.73766,246923,247075,152
110,19,str,116,113.2808,161.56245,247260,247434,174
110,0,blank,0,163.638,185.279383333333,247434,247614,180
110,24,"Infixexpressionis:\t",153,228.1983,286.715483333333,247614,247794,180
110,24,"Infixexpressionis:\t",153,204.744983333333,284.898116666667,247794,247972,178
110,25,i,166,154.37495,303.286416666667,247972,248153,181
110,25,i,166,115.86452,301.87204,248153,248306,153
110,0,blank,0,-323,-105,248366,248552,186
110,0,blank,0,-323,-105,248552,248748,196
110,0,blank,0,-323,-105,248748,248877,129
110,0,blank,0,-323,-105,248877,249055,178
110,0,blank,0,-323,-105,249055,249235,180
110,0,blank,0,-323,-105,249235,249361,126
110,0,blank,0,-323,-105,249361,249519,158
110,0,blank,0,-323,-105,249519,249667,148
110,0,blank,0,-323,-105,249667,249750,83
110,0,blank,0,-323,-105,249750,249960,210
110,0,blank,0,-323,-105,249960,250049,89
110,0,blank,0,-323,-105,250049,250244,195
110,0,blank,0,-323,-105,250244,250440,196
110,0,blank,0,-323,-105,250440,250510,70
110,0,blank,0,-323,-105,250510,250761,251
110,0,blank,0,-323,-105,250761,250845,84
110,0,blank,0,-323,-105,250845,251112,267
110,0,blank,0,-323,-105,251112,251283,171
110,0,blank,0,-323,-105,251283,251457,174
110,0,blank,0,-323,-105,251457,251643,186
110,0,blank,0,-323,-105,251643,251839,196
110,0,blank,0,-323,-105,251839,251975,136
110,0,blank,0,-323,-105,251975,252118,143
110,0,blank,0,-323,-105,252118,252192,74
110,0,blank,0,-323,-105,252192,252369,177
110,0,blank,0,-323,-105,252369,252544,175
110,0,blank,0,-323,-105,252544,252710,166
110,0,blank,0,-323,-105,252710,252892,182
110,0,blank,0,-323,-105,252892,253080,188
110,0,blank,0,-323,-105,253080,253206,126
110,0,blank,0,-323,-105,253206,253378,172
110,0,blank,0,-323,-105,253378,253507,129
110,0,blank,0,-323,-105,253507,253633,126
110,0,blank,0,-323,-105,253633,253738,105
110,0,blank,0,-323,-105,253738,253986,248
110,0,blank,0,-323,-105,253986,254220,234
110,0,blank,0,-323,-105,254220,254407,187
110,0,blank,0,-323,-105,254407,254581,174
110,0,blank,0,-323,-105,254581,254713,132
110,0,blank,0,-323,-105,254713,254893,180
110,0,blank,0,-323,-105,254893,255183,290
110,0,blank,0,-323,-105,255183,255374,191
110,0,blank,0,-323,-105,255374,255401,27
110,0,blank,0,-323,-105,255401,255639,238
110,0,blank,0,-323,-105,255639,255883,244
110,0,blank,0,-323,-105,255883,256296,413
110,0,blank,0,-323,-105,256296,256477,181
110,0,blank,0,-323,-105,256477,256628,151
110,0,blank,0,-323,-105,256628,256704,76
110,0,blank,0,-323,-105,256704,256914,210
110,0,blank,0,-323,-105,256914,257082,168
110,0,blank,0,-323,-105,257082,257175,93
110,0,blank,0,-323,-105,257175,257353,178
110,0,blank,0,-323,-105,257353,257529,176
110,0,blank,0,-323,-105,257529,257640,111
110,0,blank,0,-323,-105,257640,257797,157
110,0,blank,0,80.4271,498.158266666667,257864,257988,124
110,35,},237,69.4788,521.9563,257988,258199,211
110,35,},237,65.5202,531.9244,258199,258238,39
110,0,blank,0,-323,-105,258323,258497,174
110,0,blank,0,-323,-105,258497,258679,182
110,0,blank,0,-323,-105,258679,258843,164
110,25,++,167,164.2128,310.0394,258886,259082,196
110,27,str,193,113.1782,353.438,259082,259182,100
110,0,blank,0,144.02095,318.65395,259224,259316,92
110,0,blank,0,165.42,326.5462,259417,259509,92
110,21,),129,159.1392,203.685625,259548,259727,179
110,22,MAX,139,176.79956,235.33604,259727,259897,170
110,23,=,148,144.67095,261.9965,259897,260078,181
110,23,0,149,182.025166666667,249.18515,260078,260261,183
110,22,MAX,139,161.803166666667,227.275866666667,260261,260446,185
110,22,MAX,139,161.875783333333,229.826416666667,260446,260633,187
110,21,),129,159.9157,220.3378,260633,260694,61
110,0,blank,0,199.115433333333,356.713866666667,260725,260911,186
110,0,blank,0,201.745333333333,360.896833333333,260911,261006,95
110,0,blank,0,-323,-105,261036,261220,184
110,0,blank,0,-323,-105,261220,261410,190
110,0,blank,0,-323,-105,261410,261601,191
110,0,blank,0,-323,-105,261601,261823,222
110,0,blank,0,-323,-105,261823,261942,119
110,0,blank,0,-323,-105,261942,262331,389
110,0,blank,0,-323,-105,262331,262475,144
110,25,i,166,156.5011,299.276075,262494,262666,172
110,24,"Infixexpressionis:\t",153,116.97708,277.60972,262666,262843,177
110,23,i,146,124.78205,258.9635,262843,262906,63
110,27,if,170,72.85625,338.61895,262940,263081,141
110,0,blank,0,96.689,357.22845,263081,263272,191
110,0,blank,0,91.9278,371.66455,263272,263466,194
110,27,str,193,117.74086,350.0173,263466,263659,193
110,0,blank,0,98.5680833333333,357.01715,263659,263857,198
110,27,(,171,91.25622,337.30244,263857,264027,170
110,0,blank,0,92.18404,359.9441,264027,264193,166
110,0,blank,0,92.89226,370.19554,264193,264365,172
110,0,blank,0,115.23734,406.4798,264365,264535,170
110,0,blank,0,117.8396,455.87336,264535,264733,198
110,0,blank,0,123.905,501.579666666667,264733,264860,127
110,0,blank,0,100.7429,528.1866,264860,265032,172
110,33,j,222,120.57435,482.53615,265032,265202,170
110,34,j,234,118.663133333333,509.0727,265202,265377,175
110,34,[,226,111.302225,509.82495,265377,265522,145
110,34,=,229,134.133433333333,497.0741,265522,265716,194
110,33,str,217,145.71306,473.01948,265716,265886,170
110,0,blank,0,146.336633333333,511.233266666667,265886,266084,198
110,34,(,231,175.7379,506.414266666667,266084,266282,198
110,0,blank,0,191.196933333333,511.271066666667,266282,266478,196
110,0,blank,0,187.215316666667,535.685466666667,266478,266676,198
110,34,;,236,197.1375,507.3029,266676,266708,32
110,0,blank,0,206.839225,496.906,266775,266908,133
110,0,blank,0,130.53044,514.24286,266941,267124,183
110,34,j,234,121.59442,505.96472,267124,267304,180
110,0,blank,0,95.22898,521.2767,267304,267473,169
110,0,blank,0,77.8591,508.1074,267473,267507,34
110,0,blank,0,373.2838,543.2458,267540,267573,33
110,0,blank,0,62.81086,524.49412,267607,267774,167
110,0,blank,0,51.63504,546.03806,267774,267944,170
110,35,},237,67.8512,519.82976,267944,268113,169
110,0,blank,0,87.49692,507.04228,268113,268283,170
110,0,blank,0,92.06316,492.2147,268283,268454,171
110,34,pop,230,148.9635,506.106925,268454,268591,137
110,0,blank,0,145.659633333333,538.571866666667,268591,268763,172
110,34,pop,230,151.08366,500.37778,268763,268935,172
110,0,blank,0,146.34966,536.7085,268935,269103,168
110,0,blank,0,162.95692,536.3445,269103,269275,172
110,0,blank,0,210.853366666667,503.4093,269275,269473,198
110,34,++,235,229.795133333333,498.230566666667,269473,269567,94
110,0,blank,0,-323,-105,269598,269631,33
110,0,blank,0,54.1824,-103.7191,269656,269681,25
110,33,str,217,160.340516666667,471.7685,269731,269901,170
110,33,=,216,138.2175,471.539,269901,270090,189
110,34,=,229,133.375633333333,492.223033333333,270090,270277,187
110,33,str,217,172.19805,478.946466666667,270277,270461,184
110,33,[,218,179.98295,472.17475,270461,270521,60
110,0,blank,0,-323,-105,270552,270633,81
110,0,blank,0,264.8677,644.8198,270658,270683,25
110,0,blank,0,152.351125,523.41535,270743,270872,129
110,0,blank,0,137.37275,523.15435,270940,271007,67
110,34,j,234,120.008983333333,495.31905,271043,271239,196
110,34,x,225,96.94338,504.19708,271269,271439,170
110,0,blank,0,109.49214,518.3287,271439,271607,168
110,0,blank,0,93.21916,517.81534,271607,271777,170
110,0,blank,0,98.44308,516.68952,271777,271956,179
110,0,blank,0,115.42595,530.3603,271956,272028,72
110,0,blank,0,127.2283,510.8769,272028,272258,230
110,34,j,234,114.33432,492.04546,272346,272523,177
110,0,blank,0,90.9389,510.218733333333,272523,272629,106
110,33,str,217,148.2431,480.71665,272629,272816,187
110,0,blank,0,176.7143,488.0981,272869,272975,106
110,34,j,234,221.8949,493.8783,272975,273207,232
110,34,j,234,119.090625,492.113375,273261,273429,168
110,33,x,212,102.23924,487.46892,273429,273600,171
110,33,j,222,117.055266666667,487.615666666667,273600,273797,197
110,33,=,216,142.83884,481.51802,273797,273996,199
110,34,],228,127.4024,501.3672,273996,274063,67
110,0,blank,0,-323,-105,274098,274213,115
110,0,blank,0,132.66664,474.5427,274244,274424,180
110,33,],220,130.40406,487.40578,274424,274592,168
110,0,blank,0,124.324975,326.87775,274717,274897,180
110,27,[,194,125.97815,337.79345,274897,274962,65
110,0,blank,0,249.7935,612.9393,275087,275144,57
110,0,blank,0,318.3009,577.2987,275549,276221,672
110,0,blank,0,-323,-105,276389,276569,180
110,0,blank,0,-323,-105,276569,276648,79
110,0,blank,0,270.72065,497.5818,277025,277158,133
110,0,blank,0,540.3318,-103.877,277637,277796,159
110,0,blank,0,267.764425,562.8069,278356,278529,173
110,0,blank,0,248.152566666667,577.779666666667,278529,278643,114
110,27,str,193,235.8441,338.3512,278688,278730,42
110,0,blank,0,226.0868,358.7464,278730,278929,199
110,0,blank,0,244.4897,365.0699,278929,278969,40
110,0,blank,0,222.11756,328.7341,279025,279200,175
110,0,blank,0,249.507,375.683533333333,279200,279298,98
110,0,blank,0,211.485433333333,295.570583333333,279363,279556,193
110,0,blank,0,218.054016666667,306.569883333333,279556,279747,191
110,24,"Infixexpressionis:\t",153,199.341116666667,285.689816666667,279747,279935,188
110,0,blank,0,202.7179,306.794733333333,279935,280126,191
110,25,++,167,183.197616666667,298.52675,280126,280315,189
110,0,blank,0,180.1765,219.9064,280315,280439,124
110,24,"Infixexpressionis:\t",153,190.404833333333,272.830266666667,280470,280663,193
110,24,"Infixexpressionis:\t",153,190.39264,272.08432,280663,280851,188
110,22,MAX,139,166.9787,233.0093,280851,280888,37
110,27,str,193,231.07515,350.994,280955,281018,63
110,0,blank,0,197.3435,315.6489,281053,281208,155
110,0,blank,0,235.041,300.3858,281208,281396,188
110,0,blank,0,231.38305,299.424733333333,281396,281585,189
110,0,blank,0,-323,-105,281822,281896,74
110,0,blank,0,252.1135,303.0752,281921,281946,25
110,0,blank,0,227.270833333333,290.196833333333,282015,282193,178
110,24,"Infixexpressionis:\t",153,209.779666666667,285.164483333333,282193,282374,181
110,24,"Infixexpressionis:\t",153,210.697116666667,284.09945,282374,282556,182
110,0,blank,0,212.68355,305.7895,282556,282740,184
110,0,blank,0,242.954016666667,295.234583333333,282740,282920,180
110,0,blank,0,204.5309,268.471,282920,283097,177
110,24,"Infixexpressionis:\t",153,175.847416666667,278.6513,283097,283281,184
110,24,"Infixexpressionis:\t",153,192.8047,277.1788,283281,283433,152
110,23,;,150,200.95265,261.60195,283433,283552,119
110,24,"Infixexpressionis:\t",153,193.6522,281.3774,283552,283649,97
110,24,"Infixexpressionis:\t",153,257.5827,281.5226,283649,283829,180
110,0,blank,0,182.29698,312.90496,283829,283998,169
110,0,blank,0,170.2621,316.604366666667,283998,284184,186
110,25,++,167,173.12535,301.102066666667,284184,284369,185
110,23,0,149,169.7213,263.3495,284369,284459,90
110,24,"Infixexpressionis:\t",153,270.631133333333,277.68035,284489,284667,178
110,22,;,140,190.656566666667,235.080116666667,284667,284849,182
110,22,MAX,139,163.372483333333,228.93415,284849,285028,179
110,21,str,128,149.425366666667,220.324916666667,285028,285206,178
110,23,=,148,148.49555,256.391683333333,285206,285387,181
110,22,MAX,139,170.72955,241.052533333333,285387,285564,177
110,22,i,141,195.118316666667,235.083833333333,285564,285742,178
110,23,0,149,161.62115,248.8614,285742,285918,176
110,22,MAX,139,174.172066666667,238.887866666667,285918,286100,182
110,22,MAX,139,159.51765,227.776433333333,286100,286286,186
110,22,MAX,139,161.486466666667,228.191766666667,286286,286471,185
110,22,MAX,139,150.2373,226.406766666667,286471,286656,185
110,21,str,128,153.532366666667,221.635816666667,286656,286842,186
110,22,MAX,139,168.47695,228.020766666667,286842,287028,186
110,0,blank,0,222.890066666667,201.158766666667,287028,287215,187
110,0,blank,0,197.775566666667,190.2093,287215,287398,183
110,0,blank,0,190.789716666667,187.736483333333,287398,287582,184
110,0,blank,0,211.447216666667,165.235333333333,287582,287766,184
110,0,blank,0,237.230216666667,160.652716666667,287766,287951,185
110,0,blank,0,252.815683333333,162.91505,287951,288140,189
110,0,blank,0,263.0479,148.9514,288140,288325,185
110,0,blank,0,244.5096,172.507075,288325,288446,121
110,0,blank,0,212.566916666667,321.545283333333,288477,288662,185
110,0,blank,0,212.657633333333,317.318233333333,288662,288852,190
110,27,||,192,206.324883333333,337.249333333333,288852,289043,191
110,0,blank,0,196.38905,366.672616666667,289043,289229,186
110,0,blank,0,209.50725,359.498583333333,289229,289416,187
110,27,+,177,200.439266666667,343.19565,289416,289608,192
110,0,blank,0,228.805683333333,364.06405,289608,289795,187
110,0,blank,0,247.3791,390.235883333333,289795,289978,183
110,0,blank,0,238.064633333333,397.838483333333,289978,290160,182
110,0,blank,0,193.8507,432.5704,290160,290347,187
110,0,blank,0,223.77702,444.46632,290347,290503,156
110,0,blank,0,-323,-105,290537,290667,130
110,0,blank,0,264.728,509.6829,290701,290749,48
110,0,blank,0,236.6116,432.0214,290825,290913,88
110,0,blank,0,-321.736,648.831575,291006,291168,162
110,0,blank,0,234.037666666667,406.22215,291301,291490,189
110,0,blank,0,253.962966666667,421.7273,291490,291682,192
110,0,blank,0,255.088,415.070583333333,291682,291868,186
110,0,blank,0,242.9339,433.951866666667,291868,292056,188
110,0,blank,0,264.244183333333,456.379516666667,292056,292243,187
110,0,blank,0,251.567766666667,403.364083333333,292243,292431,188
110,0,blank,0,261.314466666667,412.587333333333,292431,292617,186
110,0,blank,0,253.07445,395.923466666667,292617,292807,190
110,0,blank,0,213.229233333333,382.725916666667,292807,292993,186
110,29,],206,196.64575,393.1164,292993,293114,121
110,0,blank,0,-323,-105,293146,293253,107
110,0,blank,0,171.6376,358.1453,293292,293345,53
110,29,i,205,188.4177,380.8067,293418,293472,54
110,0,blank,0,-323,-105,293601,293786,185
110,0,blank,0,-323,-105,293786,293946,160
110,0,blank,0,-323,-105,293946,294020,74
110,0,blank,0,-323,-105,294020,294165,145
110,0,blank,0,-323,-105,294165,294330,165
110,0,blank,0,-323,-105,294330,294504,174
110,0,blank,0,-323,-105,294504,294685,181
110,0,blank,0,-323,-105,294685,294879,194
110,0,blank,0,-323,-105,294879,294997,118
110,0,blank,0,-323,-105,294997,295081,84
110,0,blank,0,-323,-105,295081,295412,331
110,0,blank,0,-323,-105,295412,295574,162
110,0,blank,0,-323,-105,295574,295720,146
110,0,blank,0,90.7371,462.6541,295869,295902,33
110,33,],220,131.4382,479.2377,295902,296272,370
110,34,j,234,119.61665,493.44225,296272,296466,194
110,0,blank,0,127.838533333333,461.796833333333,296466,296642,176
110,33,=,216,133.9149,473.3322,296642,296829,187
110,33,=,216,137.367816666667,470.75975,296829,297019,190
110,33,str,217,173.5173,475.083183333333,297019,297210,191
110,0,blank,0,185.020233333333,463.212683333333,297210,297400,190
110,33,],220,195.249816666667,480.296483333333,297400,297594,194
110,0,blank,0,215.473666666667,487.124433333333,297594,297787,193
110,0,blank,0,216.84514,487.65658,297787,297949,162
110,0,blank,0,117.4739,521.813133333333,297983,298081,98
110,0,blank,0,98.9044333333333,513.81735,298149,298328,179
110,34,x,225,101.5068,507.36714,298328,298493,165
110,34,x,225,102.692,508.04078,298493,298654,161
110,0,blank,0,179.953525,527.6528,298718,298852,134
110,0,blank,0,74.5789,-79.57135,299708,299887,179
110,0,blank,0,65.9079,-105.0793,299887,299925,38
110,0,blank,0,-323,-105,300015,300435,420
110,0,blank,0,-323,-105,300435,300599,164
110,0,blank,0,-323,-105,300599,300787,188
110,0,blank,0,-323,-105,300787,300961,174
110,0,blank,0,-323,-105,300961,300989,28
110,39,"%s\n",257,150.206966666667,604.8873,301294,301426,132
110,0,blank,0,-323,-105,301512,301697,185
110,0,blank,0,-323,-105,301697,301894,197
110,0,blank,0,-323,-105,301894,301989,95
110,0,blank,0,-323,-105,301989,302118,129
110,0,blank,0,-323,-105,302118,302368,250
110,0,blank,0,-323,-105,302368,302548,180
110,0,blank,0,106.72486,441.54946,302567,302755,188
110,0,blank,0,108.93515,436.03285,302821,302884,63
110,0,blank,0,121.49894,457.46498,302919,303099,180
110,33,str,217,145.0912,475.5561,303099,303138,39
110,0,blank,0,182.1035,407.1591,303138,303332,194
110,0,blank,0,143.4895,545.6865,304210,304406,196
110,33,str,217,168.099833333333,486.0511,304540,304719,179
110,34,],228,128.56072,493.77342,304719,304913,194
110,0,blank,0,153.446475,515.021275,304913,305058,145
110,0,blank,0,135.2604,534.8542,305095,305171,76
110,0,blank,0,192.32442,497.36806,305204,305378,174
110,33,i,219,191.116416666667,482.38425,305378,305576,198
110,0,blank,0,207.15808,498.47208,305576,305746,170
110,34,j,234,217.1027,497.955016666667,305746,305940,194
110,34,j,234,214.95198,494.05786,305940,306107,167
110,0,blank,0,216.769983333333,483.8913,306107,306300,193
110,34,j,234,216.632233333333,498.8347,306300,306495,195
110,34,++,235,224.1805,496.141583333333,306495,306694,199
110,0,blank,0,215.63095,513.158375,306694,306827,133
110,0,blank,0,-323,-105,306862,306970,108
110,33,;,224,206.9296,474.5793,306996,307021,25
110,0,blank,0,152.069183333333,523.289783333333,307130,307328,198
110,0,blank,0,113.765633333333,512.9691,307328,307523,195
110,34,=,229,139.0801,490.605725,307523,307696,173
110,0,blank,0,220.386233333333,468.196883333333,307696,307881,185
110,33,;,224,211.975875,486.536525,307881,308039,158
110,0,blank,0,-323,-105,308067,308149,82
110,33,[,218,105.5384,482.1141,308182,308213,31
110,0,blank,0,89.16835,495.80225,308331,308411,80
110,0,blank,0,118.4912,549.0417,308445,308511,66
110,0,blank,0,171.0891,511.0289,309138,309176,38
110,0,blank,0,204.027025,507.79215,309413,309606,193
110,0,blank,0,209.32684,503.98408,309606,309755,149
110,0,blank,0,-323,-105,309816,309958,142
110,0,blank,0,-323,-105,309958,310109,151
110,0,blank,0,-323,-105,310109,310219,110
110,0,blank,0,-323,-105,310219,310441,222
110,0,blank,0,-323,-105,310441,310690,249
110,0,blank,0,-323,-105,310690,310821,131
110,0,blank,0,-323,-105,310821,311014,193
110,0,blank,0,-323,-105,311014,311376,362
110,0,blank,0,-323,-105,311376,311602,226
110,0,blank,0,-323,-105,311602,311632,30
110,0,blank,0,-323,-105,311632,312696,1064
110,0,blank,0,-323,-105,312696,312850,154
110,0,blank,0,-323,-105,312850,312962,112
110,0,blank,0,-323,-105,312962,313068,106
110,0,blank,0,-323,-105,313068,313239,171
110,0,blank,0,-323,-105,313239,313429,190
110,0,blank,0,-323,-105,313429,313625,196
110,0,blank,0,-323,-105,313625,313763,138
110,0,blank,0,-323,-105,313763,313937,174
110,0,blank,0,-323,-105,313937,314102,165
110,0,blank,0,-323,-105,314102,314249,147
110,0,blank,0,-323,-105,314249,314408,159
110,0,blank,0,-323,-105,314408,314547,139
110,0,blank,0,-323,-105,314547,314735,188
110,0,blank,0,-323,-105,314735,314896,161
110,0,blank,0,-323,-105,314896,315085,189
110,0,blank,0,-323,-105,315085,315228,143
110,0,blank,0,-323,-105,315228,315372,144
110,0,blank,0,-323,-105,315372,315558,186
110,0,blank,0,-323,-105,315558,316179,621
110,0,blank,0,-323,-105,316179,316678,499
110,0,blank,0,-323,-105,316678,316868,190
110,0,blank,0,-323,-105,316868,317146,278
110,0,blank,0,-323,-105,317146,317288,142
110,0,blank,0,-323,-105,317288,317592,304
110,0,blank,0,-323,-105,317592,318159,567
110,0,blank,0,-323,-105,318159,318347,188
110,0,blank,0,-323,-105,318347,318526,179
110,0,blank,0,-323,-105,318526,318695,169
110,0,blank,0,-323,-105,318695,318860,165
110,0,blank,0,-323,-105,318860,319051,191
110,0,blank,0,-323,-105,319051,319245,194
110,0,blank,0,-323,-105,319245,319418,173
110,0,blank,0,-323,-105,319418,319606,188
110,0,blank,0,-323,-105,319606,319760,154
110,0,blank,0,-323,-105,319760,319952,192
110,0,blank,0,-323,-105,319952,320128,176
110,0,blank,0,-323,-105,320128,320315,187
110,0,blank,0,-323,-105,320315,320487,172
110,0,blank,0,-323,-105,320487,320655,168
110,0,blank,0,-323,-105,320655,320830,175
110,0,blank,0,-323,-105,320830,320994,164
110,0,blank,0,-323,-105,320994,321164,170
110,0,blank,0,-323,-105,321164,321338,174
110,0,blank,0,-323,-105,321338,321520,182
110,0,blank,0,-323,-105,321520,321677,157
110,0,blank,0,-323,-105,321677,321874,197
110,0,blank,0,-323,-105,321874,322050,176
110,0,blank,0,-323,-105,322050,322217,167
110,0,blank,0,-323,-105,322217,322250,33
110,0,blank,0,-323,-105,322250,322539,289
110,0,blank,0,-323,-105,322539,322859,320
110,0,blank,0,-323,-105,322859,323020,161
110,0,blank,0,-323,-105,323020,323141,121
110,0,blank,0,-323,-105,323141,323308,167
110,0,blank,0,-323,-105,323308,323487,179
110,0,blank,0,-323,-105,323487,323658,171
110,0,blank,0,-323,-105,323658,323788,130
110,0,blank,0,-323,-105,323788,323934,146
110,0,blank,0,-323,-105,323934,324084,150
110,0,blank,0,-323,-105,324084,324262,178
110,0,blank,0,-323,-105,324262,324364,102
110,0,blank,0,-323,-105,324364,324671,307
110,0,blank,0,-323,-105,324671,324703,32
110,0,blank,0,-323,-105,324703,325477,774
110,0,blank,0,-323,-105,325477,326240,763
110,0,blank,0,-323,-105,326240,326401,161
110,0,blank,0,-323,-105,326401,326564,163
110,0,blank,0,-323,-105,326564,326682,118
110,0,blank,0,-323,-105,326682,326859,177
110,0,blank,0,-323,-105,326859,326897,38
110,29,str,203,147.0385,379.2349,327025,327056,31
110,0,blank,0,-323,-105,327246,327305,59
110,0,blank,0,-323,-105,327305,327610,305
110,0,blank,0,-323,-105,327610,328639,1029
110,0,blank,0,-323,-105,328639,328837,198
110,0,blank,0,-323,-105,328837,329005,168
110,0,blank,0,-323,-105,329005,329048,43
110,0,blank,0,-323,-105,329048,329393,345
110,0,blank,0,-323,-105,329393,329476,83
110,0,blank,0,-323,-105,329476,329691,215
110,0,blank,0,-323,-105,329691,329876,185
110,0,blank,0,-323,-105,329876,329974,98
110,0,blank,0,-323,-105,329974,330078,104
110,0,blank,0,-323,-105,330078,330325,247
110,0,blank,0,-323,-105,330325,330504,179
110,0,blank,0,-323,-105,330504,330683,179
110,0,blank,0,-323,-105,330683,330776,93
110,0,blank,0,-323,-105,330776,331167,391
110,0,blank,0,-323,-105,331167,331560,393
110,0,blank,0,-323,-105,331560,332173,613
110,0,blank,0,-323,-105,332173,332303,130
110,0,blank,0,-323,-105,332303,332475,172
110,0,blank,0,-323,-105,332475,332641,166
110,0,blank,0,-323,-105,332641,332812,171
110,0,blank,0,-323,-105,332812,332933,121
110,0,blank,0,-323,-105,332933,333158,225
110,0,blank,0,-323,-105,333158,333409,251
110,0,blank,0,-323,-105,333409,333590,181
110,0,blank,0,-323,-105,333590,334507,917
110,0,blank,0,-323,-105,334507,334690,183
110,0,blank,0,-323,-105,334690,334867,177
110,0,blank,0,-323,-105,334867,334957,90
110,0,blank,0,-323,-105,334957,335257,300
110,0,blank,0,-323,-105,335257,336292,1035
110,0,blank,0,-323,-105,336292,336475,183
110,0,blank,0,-323,-105,336475,336610,135
110,0,blank,0,-323,-105,336610,336727,117
110,0,blank,0,-323,-105,336727,336866,139
110,0,blank,0,-323,-105,336866,337066,200
110,0,blank,0,-323,-105,337066,337548,482
110,0,blank,0,-323,-105,337548,337690,142
110,0,blank,0,-323,-105,337732,337944,212
110,0,blank,0,-323,-105,337944,338365,421
110,0,blank,0,-323,-105,338365,338448,83
110,0,blank,0,-323,-105,338448,338697,249
110,0,blank,0,-323,-105,338697,338906,209
110,0,blank,0,-323,-105,338906,339326,420
110,0,blank,0,-323,-105,339326,339484,158
110,0,blank,0,-323,-105,339484,339699,215
110,0,blank,0,-323,-105,339699,339960,261
110,0,blank,0,-323,-105,339960,340159,199
110,0,blank,0,-323,-105,340159,340220,61
110,0,blank,0,-323,-105,340220,340668,448
110,0,blank,0,-323,-105,340668,341106,438
110,0,blank,0,-323,-105,341106,341299,193
110,0,blank,0,-323,-105,341299,341433,134
110,0,blank,0,-323,-105,341433,341542,109
110,0,blank,0,-323,-105,341542,341682,140
110,0,blank,0,-323,-105,341682,341817,135
110,0,blank,0,-323,-105,341817,342031,214
110,0,blank,0,-323,-105,342031,342175,144
110,0,blank,0,-323,-105,342175,342415,240
110,0,blank,0,-323,-105,342415,342567,152
110,0,blank,0,-323,-105,342567,343167,600
110,0,blank,0,-323,-105,343167,343584,417
110,0,blank,0,-323,-105,343584,343752,168
110,0,blank,0,-323,-105,343752,344314,562
110,0,blank,0,-323,-105,344314,344513,199
110,0,blank,0,-323,-105,344513,344607,94
110,0,blank,0,-323,-105,344607,345173,566
110,0,blank,0,-323,-105,345173,345307,134
110,0,blank,0,-323,-105,345307,346088,781
110,0,blank,0,-323,-105,346088,346346,258
110,0,blank,0,-323,-105,346346,346480,134
110,0,blank,0,-323,-105,346480,346657,177
110,0,blank,0,-323,-105,346657,346746,89
110,0,blank,0,-323,-105,346746,346978,232
110,0,blank,0,-323,-105,346978,347073,95
110,0,blank,0,-323,-105,347073,347292,219
110,0,blank,0,-323,-105,347292,347532,240
110,0,blank,0,-323,-105,347532,347853,321
110,0,blank,0,-323,-105,347853,347961,108
110,0,blank,0,238.63345,463.6687,348027,348190,163
110,37,--,247,164.535633333333,556.848566666667,348291,348448,157
110,0,blank,0,-323,-105,348494,348689,195
110,0,blank,0,-323,-105,348689,348870,181
110,0,blank,0,-323,-105,348870,349056,186
110,0,blank,0,-323,-105,349056,349240,184
110,0,blank,0,-323,-105,349240,349430,190
110,0,blank,0,-323,-105,349430,349618,188
110,0,blank,0,-323,-105,349618,349798,180
110,0,blank,0,-323,-105,349798,349988,190
110,0,blank,0,-323,-105,349988,350130,142
110,0,blank,0,-323,-105,350130,350435,305
110,0,blank,0,-323,-105,350435,350618,183
110,0,blank,0,-323,-105,350618,350764,146
110,0,blank,0,-323,-105,350764,351258,494
110,0,blank,0,-323,-105,351258,351560,302
110,0,blank,0,-323,-105,351560,351668,108
110,0,blank,0,-323,-105,351668,351763,95
110,0,blank,0,-323,-105,351763,351992,229
110,0,blank,0,-323,-105,351992,352118,126
110,0,blank,0,-323,-105,352118,352318,200
110,0,blank,0,-323,-105,352318,352774,456
110,0,blank,0,-323,-105,352774,352961,187
110,0,blank,0,-323,-105,352961,353147,186
110,0,blank,0,-323,-105,353147,353312,165
110,0,blank,0,-323,-105,353312,353436,124
110,0,blank,0,-323,-105,353436,353576,140
110,0,blank,0,-323,-105,353576,353933,357
110,0,blank,0,-323,-105,353933,353997,64
110,0,blank,0,-323,-105,353997,354223,226
110,0,blank,0,-323,-105,354223,354380,157
110,0,blank,0,-323,-105,354380,354587,207
110,0,blank,0,-323,-105,354587,354704,117
110,0,blank,0,-323,-105,354704,355073,369
110,0,blank,0,-323,-105,355073,355284,211
110,0,blank,0,-323,-105,355284,355412,128
110,0,blank,0,-323,-105,355412,355600,188
110,0,blank,0,-323,-105,355600,355781,181
110,0,blank,0,-323,-105,355781,355950,169
110,0,blank,0,-323,-105,355950,356148,198
110,0,blank,0,-323,-105,356148,356300,152
110,0,blank,0,-323,-105,356300,356464,164
110,0,blank,0,-323,-105,356464,356501,37
110,0,blank,0,-323,-105,356501,356690,189
110,0,blank,0,-323,-105,356690,356728,38
110,0,blank,0,-323,-105,356728,356913,185
110,0,blank,0,-323,-105,356913,356947,34
110,0,blank,0,-323,-105,356947,357147,200
110,0,blank,0,-323,-105,357147,357323,176
110,0,blank,0,-323,-105,357323,357479,156
110,0,blank,0,-323,-105,357479,357658,179
110,0,blank,0,-323,-105,357658,357848,190
110,0,blank,0,-323,-105,357848,358036,188
110,0,blank,0,-323,-105,358036,358214,178
110,0,blank,0,-323,-105,358214,358401,187
110,0,blank,0,-323,-105,358401,358590,189
110,0,blank,0,-323,-105,358590,358756,166
110,0,blank,0,-323,-105,358756,358943,187
110,0,blank,0,-323,-105,358943,359134,191
110,0,blank,0,-323,-105,359134,359326,192
110,0,blank,0,-323,-105,359326,359518,192
110,0,blank,0,-323,-105,359518,359706,188
110,0,blank,0,-323,-105,359706,359894,188
110,0,blank,0,-323,-105,359894,360077,183
110,0,blank,0,-323,-105,360077,360258,181
110,0,blank,0,-323,-105,360258,360446,188
110,0,blank,0,-323,-105,360446,360645,199
110,0,blank,0,-323,-105,360645,360829,184
110,0,blank,0,-323,-105,360829,361027,198
110,0,blank,0,-323,-105,361027,361217,190
110,0,blank,0,-323,-105,361217,361400,183
110,0,blank,0,-323,-105,361400,361585,185
110,0,blank,0,-323,-105,361585,361772,187
110,0,blank,0,-323,-105,361772,361961,189
110,0,blank,0,-323,-105,361961,362156,195
110,0,blank,0,-323,-105,362156,362342,186
110,0,blank,0,-323,-105,362342,362523,181
110,0,blank,0,-323,-105,362523,362714,191
110,0,blank,0,-323,-105,362714,362900,186
110,0,blank,0,-323,-105,362900,363089,189
110,0,blank,0,-323,-105,363089,363271,182
110,0,blank,0,-323,-105,363271,363459,188
110,0,blank,0,-323,-105,363459,363653,194
110,0,blank,0,-323,-105,363653,363844,191
110,0,blank,0,-323,-105,363844,364026,182
110,0,blank,0,-323,-105,364026,364199,173
110,0,blank,0,-323,-105,364199,364349,150
110,0,blank,0,-323,-105,364349,364536,187
110,0,blank,0,-323,-105,364536,364731,195
110,0,blank,0,-323,-105,364731,364929,198
110,0,blank,0,-323,-105,364929,365116,187
110,0,blank,0,-323,-105,365116,365217,101
110,0,blank,0,946.7618,224.40732,365410,365609,199
110,0,blank,0,939.79775,203.434775,365609,365740,131
110,0,blank,0,102.337083333333,57.1748,365806,365996,190
111,11,return,70,55.78634,226.97404,366292,366476,184
111,11,return,70,58.3701333333333,233.489883333333,366476,366671,195
111,0,blank,0,47.4774,250.145683333333,366671,366852,181
111,0,blank,0,59.723375,246.4062,366852,366973,121
111,0,blank,0,889.786,180.878833333333,367032,367218,186
111,0,blank,0,952.0735,176.416616666667,367218,367403,185
111,0,blank,0,964.409666666667,176.626966666667,367403,367494,91
111,0,blank,0,379.19185,561.99495,367632,367691,59
112,0,blank,0,179.333416666667,459.619833333333,368439,368608,169
112,0,blank,0,216.834933333333,536.096433333333,368608,368722,114
112,0,blank,0,173.20828,454.00428,368784,368967,183
112,0,blank,0,216.18896,448.07392,368967,369122,155
112,34,j,234,221.0775,420.3021,369122,369196,74
112,0,blank,0,-323,-105,369388,369567,179
112,0,blank,0,253.9073,526.0199,370210,370327,117
112,0,blank,0,-323,-105,370409,370488,79
112,0,blank,0,-323,-105,370488,370614,126
112,0,blank,0,-323,-105,370614,370749,135
112,0,blank,0,-323,-105,370749,370903,154
112,0,blank,0,-323,-105,370903,371118,215
112,0,blank,0,-323,-105,371118,371404,286
112,0,blank,0,-323,-105,371404,371592,188
112,0,blank,0,-323,-105,371592,371753,161
112,0,blank,0,-323,-105,371753,371858,105
112,0,blank,0,-323,-105,371858,372019,161
112,0,blank,0,-323,-105,372019,372274,255
112,0,blank,0,-323,-105,372274,372528,254
112,0,blank,0,-323,-105,372528,372782,254
112,0,blank,0,-323,-105,372782,372857,75
112,0,blank,0,130.91964,446.49932,372876,373062,186
112,0,blank,0,134.098733333333,458.23865,373062,373255,193
112,0,blank,0,153.888983333333,443.918083333333,373255,373441,186
112,0,blank,0,155.552166666667,438.93325,373441,373625,184
112,0,blank,0,135.175866666667,440.24335,373625,373814,189
112,0,blank,0,114.012933333333,446.088416666667,373814,374000,186
112,0,blank,0,125.759233333333,440.0831,374000,374186,186
112,34,],228,131.480416666667,435.980866666667,374186,374370,184
112,34,j,234,117.536783333333,434.496633333333,374370,374561,191
112,34,x,225,102.580033333333,435.52775,374561,374752,191
112,34,x,225,102.488183333333,433.229416666667,374752,374941,189
112,34,x,225,97.087025,429.31745,374941,375067,126
112,0,blank,0,-323,-105,375100,375185,85
112,0,blank,0,107.4731,457.8082,375222,375282,60
112,0,blank,0,138.573066666667,440.7768,375364,375556,192
112,0,blank,0,95.4250166666667,473.820833333333,375556,375744,188
112,0,blank,0,91.4009333333333,439.338766666667,375744,375924,180
112,0,blank,0,88.2310333333333,381.097733333333,375924,376106,182
112,0,blank,0,125.101466666667,289.804016666667,376106,376289,183
112,0,blank,0,141.3814,292.897766666667,376289,376472,183
112,29,[,204,180.0421,310.9968,376472,376532,60
112,0,blank,0,-323,-105,376593,376743,150
112,0,blank,0,-323,-105,376743,376899,156
112,0,blank,0,-323,-105,376899,377079,180
112,0,blank,0,-323,-105,377079,377114,35
112,0,blank,0,-323,-105,377114,377373,259
112,0,blank,0,-323,-105,377373,377447,74
112,0,blank,0,-323,-105,377447,377632,185
112,0,blank,0,-323,-105,377632,377831,199
112,0,blank,0,-323,-105,377831,378032,201
112,0,blank,0,-323,-105,378032,378204,172
112,0,blank,0,-323,-105,378204,378398,194
112,0,blank,0,-323,-105,378398,378525,127
112,0,blank,0,-323,-105,378525,378715,190
112,0,blank,0,-323,-105,378715,378892,177
112,0,blank,0,-323,-105,378892,379050,158
112,0,blank,0,-323,-105,379050,379354,304
112,0,blank,0,-323,-105,379354,379926,572
112,0,blank,0,-323,-105,379926,380123,197
112,0,blank,0,-323,-105,380123,380302,179
112,0,blank,0,-323,-105,380302,380490,188
112,0,blank,0,-323,-105,380490,380670,180
112,0,blank,0,-323,-105,380670,380769,99
112,0,blank,0,-323,-105,380769,381325,556
112,0,blank,0,-323,-105,381325,381507,182
112,0,blank,0,-323,-105,381507,381706,199
112,0,blank,0,-323,-105,381706,381881,175
112,0,blank,0,-323,-105,381881,382067,186
112,0,blank,0,-323,-105,382067,382233,166
112,0,blank,0,-323,-105,382233,382398,165
112,0,blank,0,-323,-105,382398,382780,382
112,0,blank,0,-323,-105,382780,383189,409
112,0,blank,0,-323,-105,383189,383300,111
112,0,blank,0,-323,-105,383300,383446,146
112,0,blank,0,561.1101,255.466775,383679,383863,184
112,27,i,195,524.63955,275.8246,383863,383953,90
112,0,blank,0,394.036925,261.447975,383999,384181,182
112,0,blank,0,377.4716,240.9361,384181,384224,43
112,0,blank,0,298.00564,318.14076,384266,384439,173
112,0,blank,0,315.451783333333,300.821366666667,384439,384627,188
112,0,blank,0,328.0277,316.207666666667,384627,384719,92
112,34,++,235,233.9395,431.7773,384750,384945,195
112,0,blank,0,252.943716666667,450.2232,384945,385141,196
112,0,blank,0,286.57815,461.657125,385141,385272,131
112,0,blank,0,210.0843,524.887433333333,385304,385415,111
112,0,blank,0,-323,-105,385516,385639,123
112,0,blank,0,-323,-105,385639,385816,177
112,0,blank,0,-323,-105,385816,385917,101
112,0,blank,0,-323,-105,385917,386134,217
112,0,blank,0,-323,-105,386134,386328,194
112,0,blank,0,-323,-105,386328,386456,128
112,0,blank,0,-323,-105,386456,386594,138
112,0,blank,0,-323,-105,386594,386739,145
112,0,blank,0,-323,-105,386739,386911,172
112,0,blank,0,-323,-105,386911,387067,156
112,0,blank,0,-323,-105,387067,387265,198
112,0,blank,0,-323,-105,387265,387441,176
112,0,blank,0,-323,-105,387653,387728,75
112,0,blank,0,-323,-105,388404,388593,189
112,0,blank,0,-323,-105,388593,388713,120
112,0,blank,0,-323,-105,388713,388809,96
112,0,blank,0,-323,-105,388809,389248,439
112,0,blank,0,-323,-105,389583,389973,390
112,0,blank,0,-323,-105,389973,390840,867
112,0,blank,0,-323,-105,390840,391593,753
112,0,blank,0,-323,-105,391593,391777,184
112,0,blank,0,-323,-105,391777,391812,35
112,0,blank,0,-323,-105,391812,392370,558
112,0,blank,0,-323,-105,392370,392558,188
112,0,blank,0,-323,-105,392558,392701,143
112,0,blank,0,-323,-105,392701,392819,118
112,0,blank,0,-323,-105,392819,393014,195
112,0,blank,0,-323,-105,393014,393212,198
112,0,blank,0,-323,-105,393212,393272,60
112,0,blank,0,-323,-105,393272,393809,537
112,0,blank,0,-323,-105,393809,394501,692
112,0,blank,0,-323,-105,394501,394681,180
112,0,blank,0,-323,-105,394681,394986,305
112,0,blank,0,-323,-105,394986,395012,26
112,0,blank,0,-323,-105,395012,395593,581
112,0,blank,0,-323,-105,395593,396074,481
112,0,blank,0,-323,-105,396074,396238,164
112,0,blank,0,-323,-105,396238,396348,110
112,0,blank,0,-323,-105,396348,396489,141
112,0,blank,0,-323,-105,396489,396691,202
112,0,blank,0,-323,-105,396691,396858,167
112,0,blank,0,-323,-105,396858,397018,160
112,0,blank,0,-323,-105,397018,397211,193
112,0,blank,0,-323,-105,397211,397396,185
112,0,blank,0,-323,-105,397396,397527,131
112,0,blank,0,-323,-105,397527,397661,134
112,0,blank,0,-323,-105,397661,397833,172
112,0,blank,0,-323,-105,397833,397943,110
112,0,blank,0,-323,-105,397943,398401,458
112,0,blank,0,-323,-105,398401,398533,132
112,0,blank,0,-323,-105,398533,398633,100
112,0,blank,0,-323,-105,398633,398953,320
112,0,blank,0,-323,-105,398953,399353,400
112,0,blank,0,-323,-105,399353,399648,295
112,0,blank,0,-323,-105,399648,399776,128
112,0,blank,0,-323,-105,399776,399892,116
112,0,blank,0,-323,-105,399892,400071,179
112,0,blank,0,-323,-105,400071,400201,130
112,0,blank,0,-323,-105,400201,400290,89
112,0,blank,0,-323,-105,400290,400470,180
112,0,blank,0,-323,-105,400470,400497,27
112,0,blank,0,-323,-105,400497,400728,231
112,0,blank,0,-323,-105,400728,400943,215
112,0,blank,0,-323,-105,400943,401411,468
112,0,blank,0,-323,-105,401411,401592,181
112,0,blank,0,-323,-105,401592,401707,115
112,0,blank,0,-323,-105,401707,401831,124
112,0,blank,0,-323,-105,401831,401926,95
112,0,blank,0,-323,-105,401926,402076,150
112,0,blank,0,-323,-105,402076,402226,150
112,0,blank,0,-323,-105,402226,402423,197
112,0,blank,0,-323,-105,402423,402564,141
112,0,blank,0,-323,-105,402564,402739,175
112,0,blank,0,-323,-105,402739,402922,183
112,0,blank,0,-323,-105,402922,403151,229
112,0,blank,0,-323,-105,403151,403232,81
112,0,blank,0,-323,-105,403232,403604,372
112,0,blank,0,-323,-105,403604,403790,186
112,0,blank,0,-323,-105,403790,404041,251
112,0,blank,0,-323,-105,404041,404067,26
112,0,blank,0,-323,-105,404067,404430,363
112,0,blank,0,-323,-105,404430,404505,75
112,0,blank,0,-323,-105,404505,404811,306
112,0,blank,0,-323,-105,404811,405428,617
112,0,blank,0,-323,-105,405428,405612,184
112,0,blank,0,-323,-105,405612,405799,187
112,0,blank,0,-323,-105,405799,405845,46
112,0,blank,0,-323,-105,405845,406169,324
112,0,blank,0,-323,-105,406169,406360,191
112,0,blank,0,-323,-105,406360,406543,183
112,0,blank,0,-323,-105,406543,406737,194
112,0,blank,0,-323,-105,406737,406917,180
112,0,blank,0,-323,-105,406917,407095,178
112,0,blank,0,-323,-105,407095,407125,30
112,0,blank,0,-323,-105,407125,407441,316
112,0,blank,0,-323,-105,407441,407760,319
112,0,blank,0,-323,-105,407760,408250,490
112,0,blank,0,-323,-105,408250,408418,168
112,0,blank,0,-323,-105,408418,408587,169
112,0,blank,0,-323,-105,408587,408763,176
112,0,blank,0,-323,-105,408763,408953,190
112,0,blank,0,-323,-105,408953,409549,596
112,0,blank,0,-323,-105,409549,409793,244
112,0,blank,0,-323,-105,409793,409947,154
112,0,blank,0,-323,-105,409947,410088,141
112,0,blank,0,-323,-105,410088,410225,137
112,0,blank,0,-323,-105,410225,410358,133
112,0,blank,0,-323,-105,410358,410509,151
112,0,blank,0,-323,-105,410509,410675,166
112,0,blank,0,-323,-105,410675,410837,162
112,0,blank,0,-323,-105,410837,411030,193
112,0,blank,0,-323,-105,411030,411204,174
112,0,blank,0,-323,-105,411204,411322,118
112,0,blank,0,-323,-105,411322,411474,152
112,0,blank,0,-323,-105,411474,411689,215
112,0,blank,0,-323,-105,411689,411719,30
112,0,blank,0,-323,-105,411719,411923,204
112,0,blank,0,-323,-105,411923,412127,204
112,0,blank,0,-323,-105,412127,412300,173
112,0,blank,0,-323,-105,412300,412457,157
112,0,blank,0,-323,-105,412457,412537,80
112,0,blank,0,-323,-105,412537,412685,148
112,0,blank,0,-323,-105,412685,412859,174
112,0,blank,0,-323,-105,412859,412886,27
112,0,blank,0,-323,-105,412886,413227,341
112,0,blank,0,-323,-105,413227,413294,67
112,0,blank,0,-323,-105,413294,413631,337
112,0,blank,0,-323,-105,413631,413732,101
112,0,blank,0,-323,-105,413732,414222,490
112,0,blank,0,-323,-105,414222,414335,113
112,0,blank,0,-323,-105,414335,414899,564
112,0,blank,0,-323,-105,414899,414991,92
112,0,blank,0,-323,-105,414991,415208,217
112,0,blank,0,-323,-105,415208,415236,28
112,0,blank,0,-323,-105,415236,415427,191
112,0,blank,0,-323,-105,415427,415626,199
112,0,blank,0,-323,-105,415626,415868,242
112,0,blank,0,-323,-105,415868,415937,69
112,0,blank,0,-323,-105,415937,416100,163
112,0,blank,0,-323,-105,416100,416268,168
112,0,blank,0,-323,-105,416268,416687,419
112,0,blank,0,-323,-105,416687,416815,128
112,0,blank,0,-323,-105,416815,416951,136
112,0,blank,0,-323,-105,416951,417089,138
112,0,blank,0,-323,-105,417089,417291,202
112,0,blank,0,-323,-105,417291,417524,233
112,0,blank,0,-323,-105,417524,417584,60
112,0,blank,0,-323,-105,417584,417867,283
112,0,blank,0,-323,-105,417867,418143,276
112,0,blank,0,-323,-105,418143,418293,150
112,0,blank,0,-323,-105,418293,418459,166
112,0,blank,0,-323,-105,418459,418553,94
112,0,blank,0,-323,-105,418553,418914,361
112,0,blank,0,-323,-105,418914,419153,239
112,0,blank,0,-323,-105,419153,419225,72
112,0,blank,0,-323,-105,419225,419552,327
112,0,blank,0,-323,-105,419552,419638,86
112,0,blank,0,-323,-105,419638,420003,365
112,0,blank,0,-323,-105,420003,420541,538
112,0,blank,0,-323,-105,420541,420727,186
112,0,blank,0,-323,-105,420727,420876,149
112,0,blank,0,-323,-105,420876,421068,192
112,0,blank,0,-323,-105,421068,421234,166
112,0,blank,0,-323,-105,421234,421426,192
112,0,blank,0,-323,-105,421426,421859,433
112,0,blank,0,-323,-105,421859,422152,293
112,0,blank,0,-323,-105,422152,422343,191
112,0,blank,0,-323,-105,422343,422470,127
112,0,blank,0,-323,-105,422470,422695,225
112,0,blank,0,-323,-105,422695,422726,31
112,0,blank,0,-323,-105,422726,423121,395
112,0,blank,0,-323,-105,423121,423508,387
112,0,blank,0,-323,-105,423508,423561,53
112,0,blank,0,-323,-105,423561,424139,578
112,0,blank,0,-323,-105,424139,424698,559
112,0,blank,0,-323,-105,424698,424890,192
112,0,blank,0,-323,-105,424890,425129,239
112,0,blank,0,-323,-105,425129,425374,245
112,0,blank,0,-323,-105,425374,425580,206
112,0,blank,0,-323,-105,425580,425640,60
112,0,blank,0,-323,-105,425640,425978,338
112,0,blank,0,-323,-105,425978,426549,571
112,0,blank,0,-323,-105,426549,426723,174
112,0,blank,0,-323,-105,426723,426842,119
112,0,blank,0,-323,-105,426842,427169,327
112,0,blank,0,-323,-105,427169,427406,237
112,0,blank,0,-323,-105,427406,427735,329
112,0,blank,0,-323,-105,427735,427924,189
112,0,blank,0,-323,-105,427924,427951,27
112,0,blank,0,-323,-105,427951,428210,259
112,0,blank,0,-323,-105,428210,428485,275
112,0,blank,0,-323,-105,428485,428918,433
112,0,blank,0,-323,-105,428918,429093,175
112,0,blank,0,-323,-105,429093,429231,138
112,0,blank,0,-323,-105,429231,429377,146
112,0,blank,0,-323,-105,429377,429504,127
112,0,blank,0,-323,-105,429504,429771,267
112,0,blank,0,-323,-105,429771,430006,235
112,0,blank,0,-323,-105,430006,430187,181
112,0,blank,0,-323,-105,430187,430368,181
112,0,blank,0,-323,-105,430368,430565,197
112,0,blank,0,-323,-105,430565,430681,116
112,0,blank,0,-323,-105,430681,430875,194
112,0,blank,0,-323,-105,430875,431064,189
112,0,blank,0,-323,-105,431064,431251,187
112,0,blank,0,-323,-105,431251,431403,152
112,0,blank,0,-323,-105,431403,431602,199
112,0,blank,0,-323,-105,431602,431766,164
112,0,blank,0,-323,-105,431766,431958,192
112,0,blank,0,-323,-105,431958,431990,32
112,0,blank,0,-323,-105,431990,432204,214
112,0,blank,0,-323,-105,432204,432234,30
112,0,blank,0,-323,-105,432234,432509,275
112,0,blank,0,-323,-105,432509,432779,270
112,0,blank,0,-323,-105,432779,432844,65
112,0,blank,0,-323,-105,432844,433193,349
112,0,blank,0,-323,-105,433193,433532,339
112,0,blank,0,-323,-105,433532,433658,126
112,0,blank,0,-323,-105,433658,434007,349
112,0,blank,0,-323,-105,434007,434375,368
112,0,blank,0,-323,-105,434375,434567,192
112,0,blank,0,-323,-105,434567,434624,57
112,0,blank,0,-323,-105,434624,434890,266
112,0,blank,0,-323,-105,434890,435212,322
112,0,blank,0,-323,-105,435212,435462,250
112,0,blank,0,-323,-105,435462,435589,127
112,0,blank,0,-323,-105,435589,435818,229
112,0,blank,0,-323,-105,435818,435848,30
112,0,blank,0,-323,-105,435848,436092,244
112,0,blank,0,-323,-105,436092,436337,245
112,0,blank,0,-323,-105,436337,436532,195
112,0,blank,0,-323,-105,436532,436692,160
112,0,blank,0,-323,-105,436692,436861,169
112,0,blank,0,-323,-105,436861,436984,123
112,0,blank,0,-323,-105,436984,437158,174
112,0,blank,0,-323,-105,437158,437285,127
112,0,blank,0,-323,-105,437285,437492,207
112,0,blank,0,-323,-105,437492,437656,164
112,0,blank,0,-323,-105,437656,437742,86
112,0,blank,0,-323,-105,437742,437917,175
112,0,blank,0,-323,-105,437917,437976,59
112,0,blank,0,-323,-105,437976,438210,234
112,0,blank,0,-323,-105,438210,438262,52
112,0,blank,0,-323,-105,438262,438579,317
112,0,blank,0,-323,-105,438579,438664,85
112,0,blank,0,-323,-105,438664,438849,185
112,0,blank,0,-323,-105,438849,439039,190
112,0,blank,0,-323,-105,439039,439232,193
112,0,blank,0,-323,-105,439232,439326,94
112,0,blank,0,-323,-105,439326,439432,106
112,0,blank,0,-323,-105,439432,439619,187
112,0,blank,0,-323,-105,439619,439811,192
112,0,blank,0,-323,-105,439811,440008,197
112,0,blank,0,-323,-105,440008,440203,195
112,0,blank,0,-323,-105,440203,440418,215
112,0,blank,0,-323,-105,440418,440610,192
112,0,blank,0,-323,-105,440610,440772,162
112,0,blank,0,-323,-105,440772,440950,178
112,0,blank,0,-323,-105,440950,441105,155
112,0,blank,0,-323,-105,441105,441281,176
112,0,blank,0,-323,-105,441281,441406,125
112,0,blank,0,-323,-105,441406,441511,105
112,0,blank,0,-323,-105,441511,441631,120
112,0,blank,0,-323,-105,441631,441841,210
112,0,blank,0,-323,-105,441841,441975,134
112,0,blank,0,-323,-105,441975,442289,314
112,0,blank,0,-323,-105,442289,442355,66
112,0,blank,0,-323,-105,442355,442491,136
112,0,blank,0,-323,-105,442491,442633,142
112,0,blank,0,-323,-105,442633,442804,171
112,0,blank,0,-323,-105,442804,442918,114
112,0,blank,0,-323,-105,442918,443092,174
112,0,blank,0,-323,-105,443092,443290,198
112,0,blank,0,-323,-105,443290,443470,180
112,0,blank,0,-323,-105,443470,443668,198
112,0,blank,0,-323,-105,443668,443842,174
112,0,blank,0,-323,-105,443842,444033,191
112,0,blank,0,-323,-105,444033,444228,195
112,0,blank,0,-323,-105,444228,444403,175
112,0,blank,0,-323,-105,444403,444581,178
112,0,blank,0,-323,-105,444581,444655,74
112,0,blank,0,-323,-105,444655,444781,126
112,0,blank,0,-323,-105,444781,444926,145
112,0,blank,0,-323,-105,444926,445080,154
112,0,blank,0,-323,-105,445080,445239,159
112,0,blank,0,-323,-105,445239,445632,393
112,0,blank,0,-323,-105,445632,445782,150
112,0,blank,0,-323,-105,445782,445955,173
112,0,blank,0,-323,-105,445955,446133,178
112,0,blank,0,-323,-105,446133,446304,171
112,0,blank,0,-323,-105,446304,446336,32
112,0,blank,0,-323,-105,446336,446896,560
112,0,blank,0,-323,-105,446896,447092,196
112,0,blank,0,-323,-105,447092,447192,100
112,0,blank,0,-323,-105,447192,447363,171
112,0,blank,0,-323,-105,447363,447555,192
112,0,blank,0,-323,-105,447555,447814,259
112,0,blank,0,-323,-105,447814,448009,195
112,0,blank,0,-323,-105,448009,448186,177
112,0,blank,0,-323,-105,448186,448291,105
112,0,blank,0,-323,-105,448291,448486,195
112,0,blank,0,-323,-105,448486,448769,283
112,0,blank,0,-323,-105,448769,449037,268
112,0,blank,0,-323,-105,449037,449234,197
112,0,blank,0,-323,-105,449234,449280,46
112,0,blank,0,-323,-105,449280,449443,163
112,0,blank,0,-323,-105,449443,449596,153
112,0,blank,0,-323,-105,449596,449743,147
112,0,blank,0,-323,-105,449743,449928,185
112,0,blank,0,-323,-105,449928,450065,137
112,0,blank,0,-323,-105,450065,450173,108
112,0,blank,0,-323,-105,450173,450284,111
112,0,blank,0,-323,-105,450284,450509,225
112,0,blank,0,-323,-105,450509,450714,205
112,0,blank,0,-323,-105,450714,450888,174
112,0,blank,0,-323,-105,450888,451063,175
112,0,blank,0,-323,-105,451063,451126,63
112,0,blank,0,-323,-105,451126,451312,186
112,0,blank,0,-323,-105,451312,451382,70
112,0,blank,0,-323,-105,451382,451657,275
112,0,blank,0,-323,-105,451657,451929,272
112,0,blank,0,-323,-105,451929,452198,269
112,0,blank,0,-323,-105,452198,452376,178
112,0,blank,0,-323,-105,452376,452554,178
112,0,blank,0,-323,-105,452554,452739,185
112,0,blank,0,-323,-105,452739,452905,166
112,0,blank,0,-323,-105,452905,453069,164
112,0,blank,0,-323,-105,453069,453209,140
112,0,blank,0,-323,-105,453209,453395,186
112,0,blank,0,-323,-105,453395,453713,318
112,0,blank,0,-323,-105,453713,453747,34
112,0,blank,0,-323,-105,453747,453988,241
112,0,blank,0,-323,-105,453988,454163,175
112,0,blank,0,-323,-105,454163,454225,62
112,0,blank,0,-323,-105,454225,454420,195
112,0,blank,0,-323,-105,454420,454555,135
112,0,blank,0,-323,-105,454555,454724,169
112,0,blank,0,-323,-105,454724,454845,121
112,0,blank,0,-323,-105,454845,455042,197
112,0,blank,0,-323,-105,455042,455221,179
112,0,blank,0,-323,-105,455221,455420,199
112,0,blank,0,-323,-105,455420,455551,131
112,0,blank,0,-323,-105,455551,455748,197
112,0,blank,0,-323,-105,455748,455899,151
112,0,blank,0,-323,-105,455899,455984,85
112,0,blank,0,-323,-105,455984,456158,174
112,0,blank,0,-323,-105,456158,456332,174
112,0,blank,0,-323,-105,456332,456520,188
112,0,blank,0,-323,-105,456520,456704,184
112,0,blank,0,-323,-105,456704,456849,145
112,0,blank,0,-323,-105,456849,457026,177
112,0,blank,0,-323,-105,457026,457224,198
112,0,blank,0,-323,-105,457224,457413,189
112,0,blank,0,-323,-105,457413,457571,158
112,0,blank,0,-323,-105,457571,457743,172
112,0,blank,0,-323,-105,457743,457797,54
112,0,blank,0,-323,-105,457797,457997,200
112,0,blank,0,-323,-105,457997,458188,191
112,0,blank,0,-323,-105,458188,458376,188
112,0,blank,0,-323,-105,458376,458554,178
112,0,blank,0,-323,-105,458554,458728,174
112,0,blank,0,-323,-105,458728,458907,179
112,0,blank,0,-323,-105,458907,459102,195
112,0,blank,0,-323,-105,459102,459236,134
112,0,blank,0,-323,-105,459236,459357,121
112,0,blank,0,-323,-105,459357,459530,173
112,0,blank,0,-323,-105,459530,459704,174
112,0,blank,0,-323,-105,459704,459874,170
112,0,blank,0,-323,-105,459874,460051,177
112,0,blank,0,-323,-105,460051,460244,193
112,0,blank,0,-323,-105,460244,460413,169
112,0,blank,0,-323,-105,460413,460591,178
112,0,blank,0,-323,-105,460591,460719,128
112,0,blank,0,-323,-105,460719,460918,199
112,0,blank,0,-323,-105,460918,461093,175
112,0,blank,0,-323,-105,461093,461275,182
112,0,blank,0,-323,-105,461275,461362,87
112,0,blank,0,-323,-105,461362,461578,216
112,0,blank,0,-323,-105,461578,461699,121
112,0,blank,0,-323,-105,461699,461881,182
112,0,blank,0,-323,-105,461881,462056,175
112,0,blank,0,-323,-105,462056,462233,177
112,0,blank,0,-323,-105,462233,462361,128
112,0,blank,0,-323,-105,462361,462459,98
112,0,blank,0,-323,-105,462459,462735,276
112,0,blank,0,-323,-105,462735,462915,180
112,0,blank,0,-323,-105,462915,463046,131
112,0,blank,0,-323,-105,463046,463134,88
112,0,blank,0,-323,-105,463134,463309,175
112,0,blank,0,-323,-105,463309,463489,180
112,0,blank,0,-323,-105,463489,463662,173
112,0,blank,0,-323,-105,463662,463809,147
112,0,blank,0,-323,-105,463809,463926,117
112,0,blank,0,-323,-105,463926,464019,93
112,0,blank,0,-323,-105,464019,464291,272
112,0,blank,0,-323,-105,464291,464486,195
112,0,blank,0,-323,-105,464486,464665,179
112,0,blank,0,-323,-105,464665,464728,63
112,0,blank,0,203.5081,473.3678,464764,464935,171
112,0,blank,0,-323,-105,465041,465205,164
112,0,blank,0,-323,-105,465205,465334,129
112,0,blank,0,-323,-105,465334,465465,131
112,0,blank,0,-323,-105,465465,466594,1129
112,0,blank,0,-323,-105,466594,466777,183
112,34,j,234,119.622,418.4392,466792,466820,28
112,34,pop,230,156.9987,433.7711,466820,467081,261
112,33,str,217,167.8542,407.7785,467081,467272,191
112,0,blank,0,148.05075,391.93395,467272,467465,193
112,34,=,229,141.251475,433.05515,467465,467642,177
112,34,pop,230,145.549475,419.596625,467642,467815,173
112,34,(,231,182.144666666667,430.0132,467815,468012,197
112,0,blank,0,218.40765,444.113583333333,468012,468196,184
112,0,blank,0,203.1557,428.785616666667,468196,468382,186
112,0,blank,0,214.396083333333,442.42495,468382,468570,188
112,0,blank,0,227.385133333333,440.42795,468570,468756,186
112,0,blank,0,216.523583333333,442.200833333333,468756,468941,185
112,0,blank,0,194.025916666667,456.185766666667,468941,469127,186
112,0,blank,0,192.7684,439.2615,469127,469190,63
112,0,blank,0,-323,-105,469221,469402,181
112,0,blank,0,221.139366666667,412.9033,469430,469602,172
112,34,++,235,225.075283333333,426.4899,469602,469787,185
112,0,blank,0,217.68865,412.696716666667,469787,469969,182
112,0,blank,0,226.383016666667,466.53605,469969,470156,187
112,0,blank,0,237.578883333333,456.558116666667,470156,470336,180
112,34,j,234,214.496033333333,429.198233333333,470336,470515,179
112,33,[,218,176.409683333333,408.313216666667,470515,470696,181
112,0,blank,0,186.013183333333,357.543916666667,470696,470873,177
112,0,blank,0,222.70705,348.787416666667,470873,471053,180
112,0,blank,0,256.881033333333,340.099483333333,471053,471234,181
112,0,blank,0,235.4185,296.413416666667,471234,471414,180
112,27,||,192,213.3913,271.665533333333,471414,471596,182
112,27,+,177,198.350366666667,262.512033333333,471596,471777,181
112,27,+,177,191.5316,262.212666666667,471777,471960,183
112,0,blank,0,183.99505,284.8645,471960,472141,181
112,29,],206,200.739416666667,323.9365,472141,472320,179
112,29,;,208,217.8546,311.522266666667,472320,472502,182
112,0,blank,0,256.03695,314.037583333333,472502,472688,186
112,0,blank,0,206.248075,304.1029,472688,472808,120
112,0,blank,0,349.4573,291.491,472838,473024,186
112,0,blank,0,339.65502,293.54192,473024,473184,160
112,0,blank,0,237.429466666667,393.2867,473216,473410,194
112,0,blank,0,234.56158,365.618,473410,473581,171
112,34,++,235,227.77894,420.2812,473581,473756,175
112,0,blank,0,258.53316,444.35622,473756,473926,170
112,0,blank,0,274.63608,446.8366,473926,474105,179
112,0,blank,0,274.5801,431.6575,474105,474140,35
112,0,blank,0,-323,-105,474209,474359,150
112,0,blank,0,282.956083333333,434.362966666667,474390,474585,195
112,0,blank,0,209.27636,443.8171,474585,474754,169
112,0,blank,0,180.27706,439.41684,474754,474921,167
112,0,blank,0,185.17692,442.19714,474921,475091,170
112,0,blank,0,279.12806,433.1491,475091,475262,171
112,0,blank,0,291.20118,416.6821,475262,475429,167
112,0,blank,0,302.80058,423.69088,475429,475600,171
112,0,blank,0,296.7022,431.9443,475600,475796,196
112,0,blank,0,342.9959,433.98525,475796,475862,66
112,0,blank,0,-323,-105,475897,475985,88
112,0,blank,0,544.9282,309.3613,476011,476042,31
112,0,blank,0,541.855666666667,323.061933333333,476107,476198,91
112,0,blank,0,212.66368,528.782,476233,476403,170
112,0,blank,0,203.951833333333,548.401083333333,476403,476595,192
112,0,blank,0,163.214183333333,523.11075,476595,476792,197
112,0,blank,0,136.1777,526.72535,476792,476986,194
112,39,comma,258,165.458466666667,533.587633333333,476986,477184,198
112,0,blank,0,172.4668,558.195283333333,477184,477379,195
112,0,blank,0,152.192983333333,523.484016666667,477379,477576,197
112,38,),253,128.50886,508.98242,477576,477743,167
112,0,blank,0,133.70856,511.79274,477743,477909,166
112,38,;,254,135.45642,514.38892,477909,478080,171
112,37,--,247,160.5911,484.55632,478080,478250,170
112,37,],248,174.91018,487.72028,478250,478425,175
112,0,blank,0,-323,-105,478460,478598,138
112,0,blank,0,209.605183333333,504.790716666667,478621,478813,192
112,0,blank,0,215.55726,518.70246,478813,478982,169
112,0,blank,0,206.3521,514.158316666667,478982,479181,199
112,0,blank,0,191.1255,510.54655,479181,479379,198
112,0,blank,0,175.830266666667,520.621033333333,479379,479572,193
112,0,blank,0,199.650933333333,514.229716666667,479572,479769,197
112,0,blank,0,200.552616666667,525.860866666667,479769,479967,198
112,0,blank,0,179.56575,522.674833333333,479967,480165,198
112,39,x,259,184.9004,531.44836,480165,480337,172
112,39,;,261,198.6539,528.21658,480337,480509,172
112,0,blank,0,176.78448,516.63822,480509,480678,169
112,0,blank,0,164.6851,513.934,480678,480712,34
112,0,blank,0,172.2762,544.50382,480745,480914,169
112,39,),260,190.13154,536.32614,480914,481083,169
112,0,blank,0,224.29854,523.05702,481083,481253,170
112,0,blank,0,234.9059,531.6579,481253,481321,68
112,0,blank,0,-323,-105,481354,481440,86
112,0,blank,0,222.4131,525.2073,481468,481495,27
112,0,blank,0,223.4951,467.59286,481592,481772,180
112,0,blank,0,215.559166666667,500.558183333333,481772,481968,196
112,0,blank,0,170.825183333333,516.5769,481968,482160,192
112,39,x,259,173.749,530.537616666667,482160,482353,193
112,0,blank,0,155.652333333333,514.738833333333,482353,482541,188
112,0,blank,0,155.892583333333,518.056033333333,482541,482732,191
112,39,"%s\n",257,146.4706,527.547216666667,482732,482923,191
112,0,blank,0,144.1836,517.1788,482923,482957,34
112,0,blank,0,147.083883333333,241.085433333333,483027,483221,194
112,25,n,164,141.940466666667,223.748816666667,483221,483417,196
112,0,blank,0,140.903766666667,196.825733333333,483417,483609,192
112,22,MAX,139,169.69195,154.96285,483609,483770,161
112,24,"Infixexpressionis:\t",153,219.52008,202.0308,483770,483965,195
112,0,blank,0,-323,-105,483999,484110,111
112,0,blank,0,239.0731,508.0156,484137,484163,26
112,0,blank,0,231.761883333333,508.5244,484257,484444,187
112,39,;,261,195.88325,534.6954,484444,484642,198
112,0,blank,0,183.7236,556.50182,484642,484808,166
112,39,"%s\n",257,150.49038,547.84626,484808,484979,171
112,39,"%s\n",257,140.8876,540.44814,484979,485151,172
112,39,"%s\n",257,142.35376,542.25636,485151,485318,167
112,0,blank,0,160.90162,526.16826,485318,485487,169
112,0,blank,0,203.703566666667,548.565466666667,485487,485587,100
112,44,"Enterchoice:1enterexpression,2exit\n",278,201.0401,641.6614,485623,485657,34
112,39,comma,258,167.74074,534.82718,485689,485863,174
112,39,"%s\n",257,154.038966666667,540.806616666667,485863,486062,199
112,0,blank,0,161.6316,559.349016666667,486062,486259,197
112,39,x,259,173.977333333333,547.48025,486259,486457,198
112,39,comma,258,171.54338,544.94464,486457,486627,170
112,39,comma,258,168.80986,545.49118,486627,486792,165
112,0,blank,0,-323,-105,486824,486934,110
112,0,blank,0,181.9012,549.8583,486991,487088,97
112,39,"%s\n",257,157.050133333333,545.7829,487167,487280,113
112,0,blank,0,183.53665,560.38685,487280,487470,190
112,0,blank,0,210.5033,562.3809,487470,487644,174
112,0,blank,0,227.53462,602.91894,487644,487811,167
112,44,"Enterchoice:1enterexpression,2exit\n",278,267.4095,654.8964,487811,487846,35
112,0,blank,0,185.016466666667,624.653333333333,487910,488106,196
112,0,blank,0,151.06435,622.11425,488106,488297,191
112,44,"Enterchoice:1enterexpression,2exit\n",278,181.4433,640.4445,488297,488427,130
112,0,blank,0,234.960966666667,96.7773666666667,488491,488589,98
112,0,blank,0,231.7493,75.03035,488683,488854,171
112,0,blank,0,222.650733333333,76.8031333333333,488854,488957,103
112,0,blank,0,-323,-105,488994,489031,37
112,0,blank,0,217.2264,69.5545,489057,489094,37
112,0,blank,0,177.20386,66.1335,489200,489373,173
112,17,"Entertheexpression\n",106,194.92658,63.61416,489373,489541,168
112,0,blank,0,219.00148,114.15158,489541,489708,167
112,0,blank,0,216.2298,156.35884,489708,489877,169
112,0,blank,0,193.38616,175.07604,489877,490044,167
112,22,MAX,139,159.44382,172.71532,490044,490213,169
112,23,=,148,146.0655,180.8689,490213,490247,34
112,0,blank,0,-323,-105,490281,490479,198
112,0,blank,0,195.899533333333,140.755466666667,490575,490742,167
112,22,i,141,199.06615,163.72655,490742,490941,199
112,24,"Infixexpressionis:\t",153,288.26144,197.9642,490941,491108,167
112,24,"Infixexpressionis:\t",153,328.21628,216.88728,491108,491275,167
112,24,"Infixexpressionis:\t",153,261.5807,213.7996,491275,491452,177
112,24,"Infixexpressionis:\t",153,237.6999,205.748066666667,491452,491558,106
112,0,blank,0,-323,-105,491630,491827,197
112,0,blank,0,-323,-105,491827,491975,148
112,0,blank,0,-323,-105,491975,492121,146
112,0,blank,0,-323,-105,492121,492222,101
112,0,blank,0,-323,-105,492222,492468,246
112,0,blank,0,-323,-105,492468,492599,131
112,0,blank,0,243.7415,193.46878,492625,492811,186
112,0,blank,0,430.074833333333,289.909066666667,492844,493042,198
112,27,+,177,183.938516666667,280.77045,493074,493272,198
112,27,[,194,126.01335,281.329133333333,493272,493469,197
112,0,blank,0,109.6918,247.84135,493469,493667,198
112,0,blank,0,90.9526666666667,242.816183333333,493667,493864,197
112,29,push,201,98.59295,307.33595,493864,494062,198
112,0,blank,0,106.173183333333,341.922383333333,494062,494258,196
112,29,push,201,112.5367,313.832833333333,494258,494453,195
112,0,blank,0,132.8472,290.296833333333,494453,494650,197
112,29,push,201,117.91695,307.937466666667,494650,494848,198
112,0,blank,0,-323,-105,494914,495022,108
112,29,push,201,114.1001,314.1753,495048,495074,26
112,27,str,193,99.58895,280.859433333333,495133,495316,183
112,27,str,193,104.381933333333,279.557066666667,495316,495513,197
112,0,blank,0,125.609733333333,295.3903,495513,495703,190
112,0,blank,0,144.18445,298.83275,495703,495767,64
112,0,blank,0,112.929583333333,394.5403,495799,495989,190
112,33,str,217,150.563983333333,402.001366666667,495989,496177,188
112,33,i,219,188.121733333333,404.471383333333,496177,496367,190
112,33,[,218,176.180533333333,406.488366666667,496367,496557,190
112,33,=,216,138.849283333333,406.279766666667,496557,496751,194
112,33,j,222,118.807725,413.0173,496751,496876,125
112,0,blank,0,-323,-105,496908,497019,111
112,33,],220,126.8005,400.548,497063,497120,57
112,33,],220,131.0577,415.660016666667,497187,497372,185
112,34,j,234,117.04025,427.407866666667,497372,497565,193
112,33,[,218,110.61025,415.760283333333,497565,497754,189
112,18,stdin,111,127.694883333333,69.9847,497787,497979,192
112,17,"Entertheexpression\n",106,125.35265,52.8852166666667,497979,498173,194
112,16,op,97,125.70396,34.32066,498173,498339,166
112,16,op,97,125.178866666667,35.1651333333333,498339,498538,199
112,17,"Entertheexpression\n",106,128.4051,60.2876,498538,498639,101
112,0,blank,0,164.91776,439.02846,498674,498845,171
112,34,pop,230,151.95842,425.91726,498845,499015,170
112,0,blank,0,-323,-105,499048,499134,86
112,0,blank,0,279.2163,481.5818,499165,499200,35
112,34,j,234,218.4522,423.54116,499298,499479,181
112,0,blank,0,215.8877,415.49045,499479,499544,65
112,27,str,193,502.26775,278.027883333333,499577,499764,187
112,27,*,191,450.803266666667,281.145366666667,499764,499951,187
112,0,blank,0,434.48375,295.34435,499951,500134,183
112,0,blank,0,400.2343,304.959233333333,500134,500321,187
112,0,blank,0,391.56225,306.473016666667,500321,500505,184
112,0,blank,0,406.054933333333,285.021766666667,500505,500690,185
112,0,blank,0,428.5036,286.649233333333,500690,500874,184
112,0,blank,0,524.221116666667,285.4441,500874,501058,184
112,0,blank,0,511.090783333333,292.107983333333,501058,501242,184
112,0,blank,0,509.407,291.251266666667,501242,501430,188
112,0,blank,0,509.390666666667,287.014966666667,501430,501525,95
112,0,blank,0,158.513533333333,288.874883333333,501589,501781,192
112,0,blank,0,166.4426,295.4878,501781,501815,34
112,34,pop,230,159.450366666667,424.594566666667,501984,502177,193
112,34,pop,230,154.048933333333,421.039466666667,502177,502371,194
112,0,blank,0,133.198833333333,394.313533333333,502371,502565,194
112,0,blank,0,124.792566666667,379.598716666667,502565,502757,192
112,0,blank,0,156.391425,394.631,502757,502891,134
112,34,pop,230,148.3955,417.0882,502891,503082,191
112,0,blank,0,147.5789,416.135683333333,503082,503281,199
112,33,str,217,167.197666666667,415.615966666667,503281,503479,198
112,0,blank,0,213.3325,412.1269,503479,503644,165
112,0,blank,0,208.604166666667,420.835733333333,503644,503743,99
112,0,blank,0,-323,-105,503776,503975,199
112,34,pop,230,155.435066666667,419.319383333333,504000,504186,186
112,34,=,229,136.163483333333,427.3776,504186,504381,195
112,34,pop,230,167.5387,428.577366666667,504381,504574,193
112,0,blank,0,207.6301,429.7883,504574,504736,162
112,0,blank,0,205.5027,436.8694,504736,504857,121
112,0,blank,0,235.97805,307.7335,504890,504956,66
112,27,i,195,394.584166666667,269.330266666667,504988,505184,196
112,27,==,197,287.647283333333,273.168,505184,505378,194
112,27,+,177,198.295316666667,276.82745,505378,505575,197
112,27,==,197,156.906416666667,274.55875,505575,505773,198
112,27,[,194,126.3243,273.30455,505773,505966,193
112,0,blank,0,125.4619,257.79875,505966,506159,193
112,0,blank,0,131.10565,246.36365,506159,506285,126
112,0,blank,0,-323,-105,506348,506434,86
112,0,blank,0,236.4612,223.611183333333,506523,506714,191
112,25,n,164,142.57878,230.42074,506714,506882,168
112,24,"Infixexpressionis:\t",153,117.6345,210.466083333333,506882,507077,195
112,0,blank,0,108.824966666667,218.432766666667,507077,507271,194
112,21,strlen,126,95.9713333333333,138.696616666667,507271,507464,193
112,20,strrev,119,90.26756,125.5774,507464,507636,172
112,20,strrev,119,73.13575,113.30225,507636,507811,175
112,19,gets,114,50.1065,105.80665,507811,508009,198
112,19,str,116,99.81128,91.01408,508009,508176,167
112,17,"Entertheexpression\n",106,163.322483333333,55.7551166666667,508176,508374,198
112,0,blank,0,167.2349,64.607,508374,508406,32
112,0,blank,0,-323,-105,508440,508472,32
112,0,blank,0,197.6659,82.27078,508599,508756,157
112,0,blank,0,123.82456,348.21662,508789,508959,170
112,0,blank,0,141.886716666667,349.053333333333,508959,509154,195
112,0,blank,0,456.39985,296.0622,509187,509252,65
112,0,blank,0,-321.64475,398.007025,509353,509523,170
112,0,blank,0,-321.735633333333,367.086233333333,509523,509624,101
112,27,i,195,265.90164,276.88502,509688,509848,160
112,0,blank,0,240.7484,302.0202,509848,510071,223
112,0,blank,0,250.558,338.11855,510071,510251,180
112,0,blank,0,249.06455,362.145733333333,510251,510442,191
112,0,blank,0,237.232366666667,325.603866666667,510442,510630,188
112,27,||,192,207.40975,278.473166666667,510630,510818,188
112,0,blank,0,206.32235,244.479816666667,510818,511004,186
112,24,"Infixexpressionis:\t",153,206.40095,216.68875,511004,511186,182
112,0,blank,0,251.35,151.989066666667,511299,511469,170
112,0,blank,0,258.674083333333,160.699483333333,511469,511655,186
112,27,||,192,475.177525,270.7239,511686,511834,148
112,0,blank,0,572.354583333333,303.1267,511865,512051,186
112,0,blank,0,555.984066666667,316.355566666667,512051,512142,91
112,0,blank,0,199.9999,385.035616666667,512172,512356,184
112,33,j,222,229.379883333333,399.839733333333,512356,512538,182
112,0,blank,0,279.9267,430.26205,512538,512726,188
112,0,blank,0,240.647666666667,353.8955,512726,512912,186
112,0,blank,0,242.60855,350.4644,512912,512973,61
112,0,blank,0,202.344516666667,464.648666666667,513085,513262,177
112,0,blank,0,206.80758,464.70804,513262,513417,155
112,0,blank,0,-323,-105,513449,513556,107
112,34,++,235,239.273716666667,428.773816666667,513665,513859,194
112,33,j,222,224.1398,409.0282,513859,513919,60
112,27,str,193,252.004933333333,263.672766666667,513949,514131,182
112,0,blank,0,216.770983333333,250.103766666667,514131,514313,182
112,27,||,192,210.868933333333,274.002066666667,514313,514494,181
112,25,++,167,178.122916666667,228.270466666667,514524,514704,180
112,23,0,149,174.71625,189.346016666667,514704,514882,178
112,0,blank,0,217.347433333333,182.566483333333,514882,515058,176
112,22,i,141,204.315033333333,170.405366666667,515058,515234,176
112,21,),129,160.903633333333,145.342316666667,515234,515415,181
112,0,blank,0,185.319383333333,142.572083333333,515415,515599,184
112,0,blank,0,183.490983333333,145.207916666667,515599,515785,186
112,23,0,149,181.8166,178.525525,515785,515956,171
112,24,"Infixexpressionis:\t",153,176.769716666667,199.86895,515956,516140,184
112,0,blank,0,244.877183333333,125.3518,516140,516328,188
112,0,blank,0,224.2306,89.14305,516328,516514,186
112,0,blank,0,224.1564,76.0495,516514,516698,184
112,0,blank,0,186.3431,91.1264333333334,516698,516893,195
112,0,blank,0,159.859,101.638716666667,516893,517089,196
112,0,blank,0,156.5523,103.2485,517089,517122,33
112,0,blank,0,266.1902,390.32214,517156,517323,167
112,34,++,235,238.47658,428.38432,517323,517491,168
112,0,blank,0,228.031,438.62526,517491,517659,168
112,0,blank,0,200.4071,458.505783333333,517659,517857,198
112,0,blank,0,200.227325,444.9685,517857,517989,132
112,0,blank,0,237.74422,164.27926,518023,518191,168
112,0,blank,0,239.64388,168.71542,518191,518358,167
112,0,blank,0,209.183,187.4825,518358,518524,166
112,0,blank,0,-323,-105,518590,518715,125
112,0,blank,0,283.27965,68.1269166666667,518742,518929,187
112,0,blank,0,189.58616,73.92566,518929,519098,169
112,0,blank,0,199.35572,78.95384,519098,519264,166
112,0,blank,0,193.90658,71.19548,519264,519434,170
112,21,;,130,165.26285,131.385983333333,519434,519631,197
112,21,;,130,169.12614,135.06974,519631,519800,169
112,22,MAX,139,171.07545,164.74075,519800,519931,131
112,0,blank,0,243.800766666667,665.427966666667,519964,520163,199
112,0,blank,0,206.506116666667,670.44935,520163,520357,194
112,0,blank,0,174.60032,711.73972,520357,520550,193
112,0,blank,0,179.78585,692.586383333333,520550,520730,180
112,45,),287,186.685975,669.4368,520730,520853,123
112,0,blank,0,-322.16955,-104.25125,520947,521101,154
112,0,blank,0,-323,-105,521101,521276,175
112,0,blank,0,-323,-105,521276,521454,178
112,0,blank,0,-323,-105,521454,521631,177
112,0,blank,0,-323,-105,521631,521808,177
112,0,blank,0,-323,-105,521808,522000,192
112,0,blank,0,-323,-105,522000,522099,99
112,0,blank,0,-323,-105,522099,522281,182
112,0,blank,0,-323,-105,522281,522414,133
112,0,blank,0,-323,-105,522414,522685,271
113,0,blank,0,177.1363,594.45255,522910,523097,187
113,0,blank,0,159.615975,655.0288,523097,523276,179
113,0,blank,0,189.1666,669.0466,523276,523329,53
113,0,blank,0,866.184,355.442766666667,523393,523488,95
114,0,blank,0,903.347,397.7448,523551,523582,31
114,0,blank,0,1027.565,340.97115,523612,523795,183
114,0,blank,0,1031.621,384.1427,523795,523826,31
115,0,blank,0,1003.4202,348.28964,523889,524042,153
115,0,blank,0,-323,-105,524105,524163,58
116,0,blank,0,-323,-105,524216,524321,105
117,0,blank,0,-323,-105,524373,524498,125
118,0,blank,0,-323,-105,524571,524762,191
118,0,blank,0,-323,-105,524762,524940,178
118,0,blank,0,-323,-105,524940,525115,175
118,0,blank,0,-323,-105,525115,525145,30
119,0,blank,0,-323,-105,525223,525317,94
119,0,blank,0,-323,-105,525317,525478,161
120,0,blank,0,-323,-105,525543,525724,181
120,0,blank,0,-323,-105,525724,525800,76
121,0,blank,0,934.296,-103.1147,525937,525976,39
121,44,"Enterchoice:1enterexpression,2exit\n",278,529.7312,313.28922,526516,526712,196
121,44,"Enterchoice:1enterexpression,2exit\n",278,527.36485,332.492,526712,526780,68
