Frameno_fix,lineno_fix,Tokenname_fix,tokens_id,gaze_X_fix,gaze_Y_fix,timestamp_fix_start,timestamp_fix_end,time_duration
100,0,blank,0,186.2016333333,5.6877833333,4370,4561,191
100,0,blank,0,191.2919666667,-2.2248,4561,4753,192
100,0,blank,0,155.08225,3.6310166667,4753,4947,194
100,0,blank,0,129.9514833333,-1.8304,4947,5141,194
100,0,blank,0,113.487,-4.35865,5141,5336,195
100,1,Sort,4,108.1707166667,19.59275,5336,5532,196
100,1,Sort,4,106.88515,12.3558333333,5532,5727,195
100,1,Sort,4,107.07945,12.09475,5727,5792,65
100,0,blank,0,-350,-105,5857,6044,187
100,0,blank,0,-350,-105,6044,6226,182
100,0,blank,0,102.4322333333,-3.9997833333,6260,6445,185
100,0,blank,0,102.1637166667,2.7475333333,6445,6641,196
100,0,blank,0,107.5833333333,2.2004166667,6641,6837,196
100,1,Sort,4,106.4637166667,10.5972166667,6837,7030,193
100,0,blank,0,165.3692166667,13.7707666667,7030,7225,195
100,0,blank,0,155.56994,10.67286,7225,7394,169
100,1,Sort,4,123.6031,10.83972,7394,7563,169
100,1,Sort,4,125.67304,8.09648,7563,7729,166
100,1,Sort,4,130.3556,14.2527333333,7729,7830,101
100,0,blank,0,115.45272,332.61902,7864,8025,161
100,0,blank,0,69.5566,707.2081833333,8057,8253,196
100,0,blank,0,111.4046666667,722.8948833333,8253,8446,193
100,0,blank,0,137.7839,731.3562,8446,8642,196
100,0,blank,0,133.4787333333,727.22135,8642,8840,198
100,0,blank,0,137.7329,702.8609,8840,8874,34
100,0,blank,0,110.39986,78.8544,8909,9075,166
100,1,Sort,4,97.57148,17.48604,9075,9241,166
100,0,blank,0,-350,-105,9273,9419,146
100,1,Sort,4,97.7853333333,5.4130666667,9554,9747,193
100,0,blank,0,163.7678666667,10.6159333333,9747,9943,196
100,0,blank,0,165.3523,10.0769333333,9943,10135,192
100,0,blank,0,136.3657333333,-12.49405,10135,10329,194
100,0,blank,0,122.8065166667,-10.5551833333,10329,10518,189
100,1,Sort,4,104.7082666667,14.2461333333,10518,10715,197
100,1,Sort,4,106.4094,12.681575,10715,10845,130
100,0,blank,0,-350,-105,10909,11029,120
100,0,blank,0,188.6850666667,13.5157666667,11168,11350,182
100,2,stdio,8,142.0010666667,27.7435333333,11350,11543,193
100,2,0,9,158.9346666667,33.8187166667,11543,11735,192
100,0,blank,0,205.1472333333,32.0924666667,11735,11925,190
100,0,blank,0,199.3667,27.8458166667,11925,12114,189
100,0,blank,0,187.5001666667,34.9143166667,12114,12304,190
100,2,0,9,159.4433666667,34.0334333333,12304,12492,188
100,0,blank,0,249.8895833333,29.8607333333,12492,12682,190
100,0,blank,0,267.7367333333,29.0819833333,12682,12873,191
100,0,blank,0,300.9545333333,35.21605,12873,13066,193
100,3,size,20,332.701875,65.590075,13066,13197,131
100,0,blank,0,-350,-105,13230,13395,165
100,0,blank,0,279.9128833333,23.3682,13540,13725,185
100,0,blank,0,301.5685,35.7011166667,13725,13924,199
100,0,blank,0,340.78226,39.2795,13924,14091,167
100,0,blank,0,190.46635,78.6973666667,14091,14287,196
100,0,blank,0,142.42005,83.3829666667,14287,14479,192
100,0,blank,0,133.7759666667,85.9545833333,14479,14675,196
100,0,blank,0,117.95455,99.1065333333,14675,14869,194
100,0,blank,0,106.7974,83.9564666667,14869,15065,196
100,0,blank,0,108.5079,95.3967,15065,15097,32
100,0,blank,0,-350,-105,15130,15288,158
100,0,blank,0,146.6223,102.1532833333,15435,15618,183
100,0,blank,0,191.0809666667,105.2844833333,15618,15812,194
100,0,blank,0,191.4502,104.2207166667,15812,16003,191
100,0,blank,0,140.4834,112.1210333333,16003,16196,193
100,6,Listis:,28,135.6822666667,119.04215,16196,16385,189
100,6,Listis:,28,177.9766833333,119.99895,16385,16576,191
100,6,0,30,225.72775,123.7755,16576,16769,193
100,0,blank,0,205.93355,144.00255,16769,16965,196
100,8,*,48,196.28314,159.65048,16965,17126,161
100,0,blank,0,167.517,112.6017,17191,17269,78
100,0,blank,0,-350,-105,17302,17435,133
100,0,blank,0,147.12535,90.1867666667,17536,17719,183
100,0,blank,0,140.5761833333,86.2430666667,17719,17913,194
100,0,blank,0,204.5337,66.2546833333,17913,18105,192
100,0,blank,0,296.9547,42.6070333333,18105,18296,191
100,0,blank,0,316.0655333333,39.1581666667,18296,18485,189
100,0,blank,0,308.1821333333,40.0920166667,18485,18674,189
100,0,blank,0,277.9419,38.722,18674,18822,148
100,0,blank,0,269.73065,40.5235,18822,19011,189
100,0,blank,0,203.6894,99.70725,19011,19185,174
100,6,Listis:,28,206.1347333333,133.0148333333,19185,19381,196
100,7,size,39,249.8765333333,147.5089666667,19381,19574,193
100,7,ctr,41,296.17415,150.6301833333,19574,19767,193
100,0,blank,0,302.940175,164.906625,19767,19896,129
100,0,blank,0,-350,-105,19926,20033,107
100,0,blank,0,295.0657333333,132.9117,20126,20309,183
100,7,ctr,41,285.5349,143.4119,20309,20341,32
100,0,blank,0,167.7273166667,112.1837333333,20372,20565,193
100,6,Listis:,28,148.7059666667,113.7443333333,20565,20759,194
100,6,Listis:,28,147.4441,129.8388,20759,20951,192
100,6,Listis:,28,201.8970166667,133.00965,20951,21141,190
100,0,blank,0,252.1922,128.0660666667,21141,21332,191
100,0,blank,0,266.03206,131.218,21332,21490,158
100,0,blank,0,-350,-105,21521,21655,134
100,0,blank,0,345.7357833333,117.2395833333,21756,21940,184
100,0,blank,0,349.2853333333,129.6578833333,21940,22132,192
100,0,blank,0,291.9402833333,121.46545,22132,22323,191
100,0,blank,0,238.1627333333,122.0287666667,22323,22506,183
100,6,0,30,225.34074,123.15422,22506,22661,155
100,0,blank,0,-350,-105,22692,22851,159
100,0,blank,0,148.4281,98.117,22959,23140,181
100,0,blank,0,136.35225,91.6223,23140,23332,192
100,0,blank,0,175.6330666667,98.9124166667,23332,23520,188
100,0,blank,0,186.5199166667,101.87475,23520,23708,188
100,0,blank,0,186.9226333333,103.6091833333,23708,23897,189
100,6,Listis:,28,195.2124833333,116.4004666667,23897,24086,189
100,7,ctr,41,161.3520833333,149.1310666667,24086,24278,192
100,0,blank,0,148.4491,142.6864333333,24278,24470,192
100,8,%d\t,46,134.80805,165.1305166667,24470,24659,189
100,8,%d\t,46,134.87246,167.07466,24659,24819,160
100,0,blank,0,145.941,45.9641333333,24852,24949,97
100,0,blank,0,-350,-105,24982,25119,137
100,0,blank,0,210.5640666667,20.0122333333,25227,25411,184
100,0,blank,0,239.7545166667,36.5989666667,25411,25608,197
100,0,blank,0,283.4463166667,30.5432666667,25608,25804,196
100,0,blank,0,285.67595,40.1324333333,25804,26000,196
100,0,blank,0,282.6259,30.9975,26000,26067,67
100,6,Listis:,28,185.1221,113.11972,26102,26273,171
100,6,Listis:,28,195.6181,130.7067166667,26273,26467,194
100,0,blank,0,211.50765,140.0761166667,26467,26665,198
100,0,blank,0,270.5064166667,153.3954333333,26665,26859,194
100,0,blank,0,288.1601,156.9738333333,26859,26956,97
100,0,blank,0,-350,-105,26989,27150,161
100,7,ctr,41,279.1486166667,136.01185,27265,27450,185
100,0,blank,0,262.6171,133.1181333333,27450,27548,98
100,0,blank,0,255.5090333333,25.6381,27581,27775,194
100,0,blank,0,291.2753666667,58.8165666667,27775,27967,192
100,7,),43,326.9436,138.2974833333,27967,28158,191
100,7,++,42,312.8594166667,142.1923666667,28158,28349,191
100,7,ctr,41,278.92785,152.1229833333,28349,28539,190
100,0,blank,0,267.81585,154.47595,28539,28732,193
100,0,blank,0,266.86395,152.7866166667,28732,28925,193
100,0,blank,0,269.5917833333,155.5747,28925,29116,191
100,0,blank,0,-350,-105,29148,29307,159
100,7,size,39,248.0774166667,137.1350166667,29420,29606,186
100,7,0,40,260.4832166667,152.1527833333,29606,29805,199
100,7,size,39,228.8525,154.0463333333,29805,29998,193
100,7,<,38,202.3906666667,155.2106833333,29998,30191,193
100,8,%d\t,46,163.9460166667,175.1403333333,30191,30384,193
100,8,%d\t,46,136.2106833333,176.1600333333,30384,30576,192
100,8,%d\t,46,127.4183333333,167.00155,30576,30770,194
100,9,\n,58,109.4303166667,188.9343666667,30770,30963,193
100,0,blank,0,104.5382333333,215.4821,30963,31153,190
100,0,blank,0,110.6574,219.3788333333,31153,31345,192
100,0,blank,0,-350,-105,31378,31538,160
100,0,blank,0,-350,-105,31538,31580,42
100,0,blank,0,117.5987166667,207.33275,31715,31896,181
100,0,blank,0,134.4020166667,251.6547333333,31896,32087,191
100,13,12,73,171.9183166667,271.74475,32087,32279,192
100,0,blank,0,229.2568666667,274.0414666667,32279,32469,190
100,13,20,75,209.7703833333,270.2342166667,32469,32659,190
100,13,12,73,158.8056666667,270.7248833333,32659,32857,198
100,0,blank,0,225.3793666667,277.86755,32857,33049,192
100,13,11,77,247.82235,275.7239666667,33049,33240,191
100,0,blank,0,262.82562,276.89786,33240,33404,164
100,0,blank,0,-350,-105,33437,33599,162
100,0,blank,0,232.2509,286.1461,33658,33730,72
100,14,list,91,224.63402,290.66062,33796,33952,156
100,0,blank,0,-350,-105,33985,34173,188
100,0,blank,0,-350,-105,34173,34322,149
100,13,comma,82,257.1028,282.21455,34353,34533,180
100,13,comma,82,261.3602166667,273.9257333333,34533,34726,193
100,13,11,77,249.8629666667,278.1201,34726,34918,192
100,13,11,77,233.2730333333,272.6001166667,34918,35112,194
100,0,blank,0,250.7489333333,266.5242166667,35112,35306,194
100,13,comma,82,258.4946166667,269.6947666667,35306,35499,193
100,13,comma,82,261.3553,270.4164,35499,35531,32
100,0,blank,0,-350,-105,35563,35725,162
100,0,blank,0,-350,-105,35725,35766,41
100,0,blank,0,295.10085,273.2425666667,35905,36093,188
100,0,blank,0,298.50875,277.9251166667,36093,36292,199
100,0,blank,0,301.7288,269.6217833333,36292,36483,191
100,0,blank,0,300.6457,264.1397666667,36483,36672,189
100,0,blank,0,296.16315,264.4858,36672,36861,189
100,0,blank,0,300.489,260.9484333333,36861,37058,197
100,0,blank,0,293.8976833333,258.09235,37058,37254,196
100,0,blank,0,295.7747166667,264.2221666667,37254,37446,192
100,0,blank,0,295.65134,266.52774,37446,37608,162
100,0,blank,0,-350,-105,37640,37829,189
100,0,blank,0,-350,-105,37829,37973,144
100,13,6,81,313.09945,269.5915,38004,38185,181
100,0,blank,0,326.0068166667,271.5149166667,38185,38378,193
100,0,blank,0,335.99095,267.3873,38378,38569,191
100,0,blank,0,334.6711166667,267.6327166667,38569,38761,192
100,0,blank,0,-350,-105,38792,38979,187
100,0,blank,0,-350,-105,38979,39159,180
100,0,blank,0,-350,-105,39159,39322,163
100,0,blank,0,-350,-105,39322,39488,166
100,0,blank,0,-350,-105,39488,39669,181
100,0,blank,0,-350,-105,39669,39855,186
100,0,blank,0,-350,-105,39855,40053,198
100,0,blank,0,-350,-105,40053,40079,26
100,0,blank,0,-350,-105,40079,40329,250
100,0,blank,0,-350,-105,40329,40571,242
100,0,blank,0,-350,-105,40571,40736,165
100,0,blank,0,357.35335,250.8151166667,40761,40936,175
100,0,blank,0,370.13515,256.04965,40936,41120,184
100,0,blank,0,370.1914166667,265.8042833333,41120,41304,184
100,0,blank,0,385.006025,251.76175,41304,41426,122
100,0,blank,0,250.25445,257.86755,41456,41517,61
100,13,=,71,131.0884,269.9891333333,41705,41873,168
100,13,=,71,131.7238,280.7358333333,41873,42061,188
100,0,blank,0,232.65325,278.4942166667,42061,42244,183
100,13,comma,82,256.1683333333,274.88365,42244,42433,189
100,0,blank,0,-350,-105,42465,42624,159
100,0,blank,0,226.8283,264.5761,42674,42734,60
100,0,blank,0,369.0050666667,278.4580166667,42801,42988,187
100,0,blank,0,393.6946666667,283.9622833333,42988,43175,187
100,0,blank,0,392.1442166667,286.04075,43175,43370,195
100,0,blank,0,365.2018833333,274.9117333333,43370,43565,195
100,0,blank,0,401.16945,279.6947333333,43565,43760,195
100,13,comma,82,314.1124333333,283.4054,43760,43951,191
100,13,11,77,233.253,283.45605,43951,44141,190
100,14,list,91,215.6183,295.3476,44141,44174,33
100,13,],70,111.7879333333,279.3269166667,44205,44397,192
100,18,i,124,126.1674,381.5184,44397,44430,33
100,0,blank,0,-350,-105,44462,44623,161
100,0,blank,0,-350,-105,44623,44683,60
100,0,blank,0,231.6043833333,284.85225,44819,44996,177
100,13,comma,82,258.4367833333,287.7863,44996,45186,190
100,13,11,77,250.33455,287.4810166667,45186,45373,187
100,0,blank,0,225.5969333333,282.4094833333,45373,45561,188
100,0,blank,0,226.61,280.94425,45561,45747,186
100,0,blank,0,224.6254666667,274.9752166667,45747,45934,187
100,13,comma,82,220.2623166667,269.7406,45934,46126,192
100,0,blank,0,224.0062333333,286.3321666667,46126,46317,191
100,0,blank,0,228.8403,288.4490833333,46317,46505,188
100,0,blank,0,266.43035,285.5061666667,46505,46695,190
100,0,blank,0,273.20715,286.6699,46695,46756,61
100,0,blank,0,-350,-105,46786,46971,185
100,0,blank,0,131.3981333333,252.7950333333,47118,47297,179
100,0,blank,0,184.5327166667,258.4451666667,47297,47484,187
100,0,blank,0,233.26715,255.6407166667,47484,47672,188
100,0,blank,0,285.50305,259.9269,47672,47863,191
100,0,blank,0,287.8651166667,254.8147666667,47863,48052,189
100,0,blank,0,287.22305,258.0970333333,48052,48240,188
100,0,blank,0,270.8031166667,252.4397666667,48240,48426,186
100,0,blank,0,268.4642833333,253.5876666667,48426,48615,189
100,0,blank,0,271.47155,257.9485666667,48615,48808,193
100,0,blank,0,353.93905,258.6161333333,48808,48997,189
100,0,blank,0,349.3909,253.3584,48997,49028,31
100,0,blank,0,185.00442,282.16292,49061,49222,161
100,0,blank,0,-350,-105,49254,49441,187
100,0,blank,0,-350,-105,49441,49560,119
100,0,blank,0,-350,-105,49560,49645,85
100,0,blank,0,330.8875666667,277.3216666667,49678,49855,177
100,0,blank,0,366.0846,285.45415,49855,49919,64
100,14,sizeof,94,129.2497666667,300.1872333333,49952,50141,189
100,14,=,88,106.41315,304.8318833333,50141,50331,190
100,0,blank,0,119.1510333333,301.9088333333,50331,50520,189
100,14,sizeof,94,129.0971833333,306.35835,50520,50711,191
100,0,blank,0,117.0914833333,318.45205,50711,50901,190
100,15,0,103,100.9043333333,316.02735,50901,51091,190
100,14,size,87,89.4314833333,307.5988666667,51091,51280,189
100,14,size,87,90.38155,307.8894166667,51280,51468,188
100,15,j,102,86.6478166667,319.9187166667,51468,51656,188
100,0,blank,0,117.1324,310.0986333333,51656,51847,191
100,0,blank,0,127.4037333333,313.5235,51847,52038,191
100,0,blank,0,135.9506,329.3529833333,52038,52227,189
100,0,blank,0,135.1855833333,336.7300333333,52227,52413,186
100,0,blank,0,111.6975833333,332.6813833333,52413,52607,194
100,0,blank,0,113.3509666667,327.8364666667,52607,52797,190
100,0,blank,0,126.7644333333,331.9563166667,52797,52989,192
100,0,blank,0,124.60534,335.1676,52989,53149,160
100,0,blank,0,-350,-105,53181,53339,158
100,14,sizeof,94,130.6922166667,299.1418333333,53455,53642,187
100,0,blank,0,147.5217333333,314.99845,53642,53831,189
100,0,blank,0,163.1776166667,341.5043,53831,54024,193
100,0,blank,0,133.0577666667,351.3456666667,54024,54212,188
100,0,blank,0,120.6686,354.4908,54212,54401,189
100,0,blank,0,131.7105166667,330.7224166667,54401,54589,188
100,0,blank,0,140.9563,341.6488,54589,54622,33
100,0,blank,0,-350,-105,54653,54837,184
100,0,blank,0,-350,-105,54837,54985,148
100,0,blank,0,-350,-105,54985,55129,144
100,15,int,99,35.9381,329.8892,55162,55349,187
100,16,int,104,29.9273,351.1360666667,55349,55543,194
100,17,displayList,107,42.3365666667,360.84655,55543,55733,190
100,17,displayList,107,101.8258,358.4803333333,55733,55924,191
100,0,blank,0,115.4156,354.2445166667,55924,56114,190
100,0,blank,0,138.2839666667,354.86755,56114,56300,186
100,16,temp,105,74.2703333333,353.3461166667,56300,56488,188
100,16,temp,105,58.134,352.4808166667,56488,56673,185
100,17,displayList,107,50.2146166667,361.0055333333,56673,56857,184
100,17,displayList,107,37.9178333333,359.2781166667,56857,57042,185
100,17,displayList,107,38.2657666667,368.6141333333,57042,57135,93
100,0,blank,0,-350,-105,57166,57248,82
100,0,blank,0,-350,-105,57329,57362,33
100,0,blank,0,119.8013666667,354.28965,57384,57563,179
100,17,list,109,147.5492333333,357.4183333333,57563,57753,190
100,0,blank,0,180.6329666667,348.5771166667,57753,57941,188
100,0,blank,0,146.3384833333,349.8296166667,57941,58128,187
100,16,temp,105,67.3853,350.6613166667,58128,58312,184
100,16,int,104,42.9724166667,349.8154166667,58312,58498,186
100,17,displayList,107,43.8043666667,358.5225166667,58498,58689,191
100,0,blank,0,97.83045,354.0309,58689,58882,193
100,17,(,108,125.1221166667,355.65615,58882,59071,189
100,17,displayList,107,63.7728666667,365.0468833333,59071,59260,189
100,17,displayList,107,55.6234,364.1602,59260,59292,32
100,0,blank,0,77.5253166667,72.0061,59356,59548,192
100,2,include,6,72.91915,27.3477833333,59548,59740,192
100,2,stdio,8,110.03554,32.90384,59740,59898,158
100,2,stdio,8,127.09755,30.27255,59898,60066,168
100,2,stdio,8,132.3524,28.6799,60066,60165,99
100,2,<,7,94.93656,30.41976,60271,60447,176
100,2,<,7,96.3350166667,26.5310833333,60447,60635,188
100,2,stdio,8,109.5014833333,27.1685166667,60635,60824,189
100,0,blank,0,123.47715,25.3074666667,60824,61019,195
100,2,stdio,8,122.9194,35.1444,61019,61215,196
100,0,blank,0,-350,-105,61248,61432,184
100,0,blank,0,-350,-105,61504,61553,49
100,0,blank,0,103.7016,36.5933,61580,61605,25
100,2,>,11,181.0156166667,30.8788,61662,61842,180
100,0,blank,0,239.4912833333,30.43515,61842,62034,192
100,0,blank,0,253.88885,38.1412666667,62034,62230,196
100,0,blank,0,215.85195,37.90565,62230,62421,191
100,0,blank,0,206.5811833333,32.5768833333,62421,62613,192
100,0,blank,0,204.1975333333,36.4985333333,62613,62711,98
100,0,blank,0,-350,-105,62744,62928,184
100,0,blank,0,202.654,36.9997333333,63064,63254,190
100,0,blank,0,200.9275333333,38.1229,63254,63448,194
100,0,blank,0,203.1304,36.6799666667,63448,63544,96
100,11,main,63,65.4386,235.3833,63576,63769,193
100,13,[,69,95.1595833333,281.8847,63769,63963,194
100,13,12,73,157.1431,283.3481833333,63963,64158,195
100,13,12,73,166.8513,284.55155,64158,64353,195
100,0,blank,0,187.7117833333,283.8971333333,64353,64545,192
100,14,sizeof,94,148.56524,293.21558,64545,64708,163
100,0,blank,0,-350,-105,64773,64883,110
100,14,size,87,68.6944333333,309.5486166667,64998,65180,182
100,14,sizeof,94,128.4748666667,294.5826666667,65180,65369,189
100,0,blank,0,117.0724666667,307.7101833333,65369,65559,190
100,15,i,100,61.3504833333,322.1909,65559,65752,193
100,15,i,100,58.0483,323.7395166667,65752,65947,195
100,0,blank,0,50.1794666667,321.0905166667,65947,66141,194
100,16,temp,105,66.5224666667,343.06355,66141,66335,194
100,17,displayList,107,57.36855,355.6077333333,66335,66530,195
100,17,displayList,107,52.3197,361.9720666667,66530,66726,196
100,17,displayList,107,50.5027666667,370.8950166667,66726,66922,196
100,17,displayList,107,59.1569666667,369.7347666667,66922,67117,195
100,17,displayList,107,75.16246,364.9665,67117,67282,165
100,0,blank,0,-350,-105,67348,67508,160
100,17,list,109,143.5123333333,355.6964833333,67656,67841,185
100,17,list,109,168.0740166667,370.3445833333,67841,68034,193
100,17,list,109,154.8430833333,372.4981666667,68034,68227,193
100,17,displayList,107,120.9494666667,368.2929666667,68227,68420,193
100,17,displayList,107,61.9325,364.9796,68420,68452,32
100,0,blank,0,-350,-105,68517,68649,132
100,0,blank,0,157.3322333333,352.5820833333,68797,68976,179
100,17,list,109,146.3271833333,361.47995,68976,69166,190
100,17,list,109,138.4656,361.0864166667,69166,69355,189
100,17,list,109,142.2197166667,363.2745833333,69355,69543,188
100,16,temp,105,92.6292666667,352.1471833333,69543,69731,188
100,16,temp,105,62.0611833333,339.9260166667,69731,69920,189
100,15,i,100,61.4651333333,318.5571,69920,70112,192
100,14,size,87,66.4358666667,293.2282,70112,70306,194
100,14,sizeof,94,150.9978166667,290.7720166667,70306,70497,191
100,14,sizeof,94,153.1904333333,297.4554666667,70497,70685,188
100,0,blank,0,179.44835,350.1100166667,70685,70877,192
100,17,list,109,165.5211666667,363.6940166667,70877,71066,189
100,17,list,109,155.404175,368.2858,71066,71192,126
100,0,blank,0,-350,-105,71256,71414,158
100,0,blank,0,-350,-105,71414,71466,52
100,13,{,72,149.5131833333,282.0490833333,71497,71676,179
100,13,12,73,153.5825166667,272.35,71676,71869,193
100,13,12,73,159.3994,275.10275,71869,72059,190
100,13,],70,105.4743833333,268.7946,72059,72252,193
100,13,12,73,153.8977,274.91845,72252,72443,191
100,0,blank,0,184.7160333333,271.6565166667,72443,72638,195
100,0,blank,0,183.00912,265.72144,72638,72804,166
100,0,blank,0,182.7304666667,265.1365333333,72804,72902,98
100,0,blank,0,-350,-105,72935,73068,133
100,0,blank,0,199.1418,259.5621,73105,73155,50
100,13,11,77,239.3192833333,279.0836166667,73226,73414,188
100,0,blank,0,261.55205,263.5142333333,73414,73608,194
100,0,blank,0,271.38165,266.8195,73608,73803,195
100,13,5,79,278.5483833333,273.381,73803,73997,194
100,0,blank,0,268.7440166667,268.9736,73997,74190,193
100,0,blank,0,224.9557333333,273.96495,74190,74383,193
100,13,20,75,206.4308166667,280.3030666667,74383,74579,196
100,14,sizeof,94,173.5359666667,303.17885,74579,74773,194
100,0,blank,0,153.2765666667,310.7116333333,74773,74968,195
100,0,blank,0,194.7137333333,313.1118666667,74968,75165,197
100,13,20,75,194.2359,287.86705,75165,75297,132
100,0,blank,0,-350,-105,75330,75518,188
100,0,blank,0,-350,-105,75518,75699,181
100,0,blank,0,-350,-105,75699,75887,188
100,0,blank,0,-350,-105,75887,76066,179
100,0,blank,0,-350,-105,76066,76239,173
100,0,blank,0,-350,-105,76239,76383,144
100,0,blank,0,-350,-105,76383,76590,207
100,0,blank,0,-350,-105,76590,76790,200
100,0,blank,0,-350,-105,76790,77031,241
100,0,blank,0,-350,-105,77031,77210,179
100,0,blank,0,-350,-105,77210,77390,180
100,0,blank,0,-350,-105,77390,77570,180
100,0,blank,0,-350,-105,77570,77713,143
100,0,blank,0,-350,-105,77713,77986,273
100,0,blank,0,-350,-105,77986,78185,199
100,0,blank,0,-350,-105,78185,78290,105
100,13,comma,82,260.6731666667,285.4382,78306,78475,169
100,0,blank,0,230.9335666667,279.1422666667,78475,78642,167
100,13,20,75,206.41925,284.713375,78642,78816,174
100,0,blank,0,167.7547,352.9921,78816,78861,45
100,0,blank,0,-350,-105,78904,79080,176
100,0,blank,0,-350,-105,79080,79258,178
100,0,blank,0,-350,-105,79258,79434,176
100,0,blank,0,-350,-105,79434,79597,163
100,0,blank,0,110.92315,349.402575,79714,79876,162
100,17,displayList,107,69.9329,360.2501,79876,80059,183
100,16,temp,105,64.7767,351.3585,80059,80252,193
100,16,temp,105,54.6675,344.8318333333,80252,80443,191
100,17,displayList,107,56.3772,359.128,80443,80534,91
100,17,displayList,107,23.22575,357.50015,80534,80711,177
100,16,int,104,25.09225,347.2984,80711,80779,68
100,0,blank,0,-350,-105,80846,81033,187
100,0,blank,0,-350,-105,81033,81144,111
100,16,temp,105,57.7133,344.06975,81174,81345,171
100,16,temp,105,57.0443833333,349.1537,81345,81539,194
100,17,displayList,107,67.7579833333,372.72145,81539,81735,196
100,0,blank,0,83.2567333333,406.3846333333,81735,81923,188
100,0,blank,0,86.12865,406.24575,81923,82110,187
100,0,blank,0,94.7035,412.5144833333,82110,82301,191
100,0,blank,0,84.1575833333,427.5369,82301,82498,197
100,0,blank,0,77.7831666667,444.62065,82498,82692,194
100,0,blank,0,88.49875,456.1509,82692,82888,196
100,0,blank,0,114.6723666667,496.8317666667,82888,83083,195
100,0,blank,0,187.7323,495.6726666667,83083,83278,195
100,0,blank,0,171.1579666667,467.7771,83278,83472,194
100,0,blank,0,144.2274333333,454.3625666667,83472,83568,96
100,0,blank,0,-350,-105,83600,83798,198
100,0,blank,0,88.4893,394.5253666667,83950,84136,186
100,17,displayList,107,75.5553333333,374.79205,84136,84332,196
100,0,blank,0,69.0051666667,385.7329166667,84332,84527,195
100,18,(,115,50.5423333333,380.8127666667,84527,84722,195
100,16,temp,105,64.2089333333,352.4744333333,84722,84916,194
100,17,displayList,107,66.3221333333,356.4695,84916,85015,99
100,0,blank,0,-350,-105,85047,85234,187
100,0,blank,0,-350,-105,85234,85416,182
100,0,blank,0,-350,-105,85416,85602,186
100,0,blank,0,-350,-105,85602,85707,105
100,15,i,100,63.25926,323.60548,85773,85959,186
100,0,blank,0,49.9041833333,329.16525,85959,86154,195
100,0,blank,0,50.2457666667,335.0543666667,86154,86255,101
100,0,blank,0,-350,-105,86286,86473,187
100,0,blank,0,-350,-105,86473,86655,182
100,0,blank,0,-350,-105,86655,86829,174
100,0,blank,0,-350,-105,86829,86959,130
100,0,blank,0,-350,-105,86959,87072,113
100,0,blank,0,-350,-105,87072,87253,181
100,0,blank,0,-350,-105,87253,87425,172
100,0,blank,0,-350,-105,87425,87618,193
100,0,blank,0,-350,-105,87618,87817,199
100,0,blank,0,-350,-105,87817,87915,98
100,0,blank,0,-350,-105,87915,88207,292
100,0,blank,0,-350,-105,88207,88391,184
100,0,blank,0,-350,-105,88391,88589,198
100,0,blank,0,-350,-105,88589,88702,113
100,0,blank,0,-350,-105,88702,88792,90
100,0,blank,0,-350,-105,88792,88938,146
100,0,blank,0,-350,-105,88938,89183,245
100,0,blank,0,-350,-105,89183,89398,215
100,0,blank,0,-350,-105,89398,89532,134
100,0,blank,0,-350,-105,89532,89702,170
100,0,blank,0,-350,-105,89702,89848,146
100,0,blank,0,-350,-105,89848,90155,307
100,0,blank,0,-350,-105,90155,90320,165
100,0,blank,0,-350,-105,90320,90495,175
100,0,blank,0,-350,-105,90495,90686,191
100,0,blank,0,-350,-105,90686,90820,134
100,0,blank,0,-350,-105,90820,91000,180
100,0,blank,0,-350,-105,91000,91173,173
100,0,blank,0,-350,-105,91173,91299,126
100,0,blank,0,-350,-105,91299,91398,99
100,0,blank,0,-350,-105,91398,91557,159
100,0,blank,0,-350,-105,91557,91734,177
100,0,blank,0,-350,-105,91734,91978,244
100,0,blank,0,-350,-105,91978,92139,161
100,0,blank,0,-350,-105,92139,92215,76
100,0,blank,0,-350,-105,92215,92431,216
100,0,blank,0,113.7221,407.0244,92649,92841,192
100,22,(,145,89.7208,469.6086,92841,92894,53
100,17,displayList,107,114.70305,360.8474,92960,93098,138
100,0,blank,0,-350,-105,93141,93333,192
100,0,blank,0,-350,-105,93333,93510,177
100,0,blank,0,-350,-105,93510,93597,87
100,0,blank,0,-350,-105,93597,93785,188
100,0,blank,0,434.4691,651.2938,93911,93994,83
100,30,size,194,212.85105,658.37955,94244,94316,72
100,0,blank,0,-350,-105,94349,94510,161
100,0,blank,0,217.25026,340.37132,94641,94832,191
100,18,size,122,182.2132333333,379.5047333333,94832,95023,191
100,17,size,111,217.4617,373.806575,95023,95212,189
100,0,blank,0,-350,-105,95324,95567,243
100,0,blank,0,-350,-105,95567,95764,197
100,0,blank,0,-350,-105,95764,95953,189
100,17,displayList,107,43.29294,358.24356,95980,96174,194
100,17,displayList,107,66.1115666667,358.2098166667,96174,96372,198
100,16,temp,105,82.56095,348.7313833333,96372,96562,190
100,0,blank,0,127.25865,349.14435,96562,96752,190
100,0,blank,0,104.0352666667,337.63055,96752,96940,188
100,15,comma,101,71.60314,331.95702,96940,97096,156
100,0,blank,0,190.4174166667,362.3712333333,97128,97321,193
100,13,=,71,132.7308,282.4403833333,97321,97513,192
100,0,blank,0,113.7963666667,265.2489333333,97513,97708,195
100,13,list,68,90.7114666667,270.8206666667,97708,97906,198
100,3,displayList,13,78.1524833333,60.3060666667,97937,98130,193
100,0,blank,0,93.3135,24.9345,98130,98327,197
100,1,Sort,4,98.2282333333,20.3422666667,98327,98427,100
100,0,blank,0,132.9832666667,332.5739166667,98459,98656,197
100,0,blank,0,137.0844166667,350.9872,98656,98849,193
100,0,blank,0,141.1809,396.1535,98849,98912,63
100,0,blank,0,-350,-105,98944,99138,194
100,17,list,109,140.90925,361.1327666667,99312,99498,186
100,17,(,108,130.64792,359.7631,99498,99668,170
100,0,blank,0,133.34978,368.86426,99668,99836,168
100,18,i,124,133.9754166667,377.6000166667,99836,100034,198
100,0,blank,0,116.3733166667,384.7151,100034,100231,197
100,18,size,122,164.7007333333,393.2599666667,100231,100426,195
100,20,0,132,137.5547166667,428.0096666667,100426,100617,191
100,0,blank,0,147.4442666667,447.7982,100617,100744,127
100,0,blank,0,177.9077,447.2659,100744,100861,117
100,0,blank,0,181.0151,435.8411,100861,100974,113
100,0,blank,0,188.508275,449.4499,100974,101171,197
100,0,blank,0,-350,-105,101235,101421,186
100,0,blank,0,-350,-105,101421,101600,179
100,0,blank,0,-350,-105,101600,101786,186
100,0,blank,0,-350,-105,101786,101965,179
100,0,blank,0,-350,-105,101965,102141,176
100,0,blank,0,-350,-105,102141,102300,159
100,0,blank,0,-350,-105,102300,102483,183
100,0,blank,0,-350,-105,102483,102603,120
100,0,blank,0,-350,-105,102603,102766,163
100,0,blank,0,-350,-105,102766,102939,173
100,0,blank,0,-350,-105,102939,103105,166
100,0,blank,0,-350,-105,103105,103245,140
100,0,blank,0,-350,-105,103245,103356,111
100,0,blank,0,-350,-105,103356,103541,185
100,0,blank,0,-350,-105,103541,103577,36
100,0,blank,0,171.139125,494.72705,103749,103916,167
100,0,blank,0,172.295825,498.43025,103916,104086,170
100,0,blank,0,192.2527,503.69805,104086,104260,174
100,0,blank,0,203.009875,500.6017,104260,104436,176
100,0,blank,0,252.97632,504.5606,104436,104619,183
100,0,blank,0,228.2406333333,505.51285,104619,104803,184
100,0,blank,0,204.7675,509.9574,104803,104989,186
100,24,j,163,204.79315,514.2639,104989,105052,63
100,0,blank,0,-350,-105,105114,105222,108
100,0,blank,0,177.6849,460.04905,105346,105521,175
100,0,blank,0,166.55015,468.64695,105521,105710,189
100,0,blank,0,189.9674,468.3389833333,105710,105898,188
100,22,[,152,237.3233333333,470.9403833333,105898,106082,184
100,22,+,154,268.3694333333,469.7452166667,106082,106269,187
100,22,],156,297.7431666667,477.4700333333,106269,106457,188
100,22,],156,297.4886,473.8355666667,106457,106553,96
100,0,blank,0,-350,-105,106585,106718,133
100,22,>,150,178.1642333333,474.4771833333,106910,107091,181
100,22,],156,158.6836333333,479.6154166667,107091,107285,194
100,0,blank,0,154.5746,441.4693166667,107285,107478,193
100,20,size,136,208.6425666667,432.3309333333,107478,107675,197
100,20,size,136,213.7302,431.3568333333,107675,107862,187
100,20,size,136,218.50085,431.58435,107862,108051,189
100,0,blank,0,268.8173333333,429.5753666667,108051,108247,196
100,20,1,138,275.5162,426.3642666667,108247,108344,97
100,0,blank,0,-350,-105,108376,108538,162
100,0,blank,0,236.3625,398.7704,108574,108610,36
100,0,blank,0,220.9158833333,379.2813833333,108685,108868,183
100,18,size,122,185.8694166667,385.9125666667,108868,109059,191
100,18,size,122,183.4818,390.2876833333,109059,109252,193
100,18,size,122,170.7278333333,390.7111666667,109252,109440,188
100,18,size,122,172.7583833333,390.7873166667,109440,109628,188
100,18,<,121,149.7749,390.5566,109628,109815,187
100,18,<,121,151.7599666667,383.7227333333,109815,109908,93
100,0,blank,0,-350,-105,109939,110126,187
100,0,blank,0,-350,-105,110126,110176,50
100,18,<,121,147.1077,377.5670166667,110209,110387,178
100,0,blank,0,155.5581666667,383.488,110387,110577,190
100,18,size,122,184.0747,395.7121333333,110577,110765,188
100,0,blank,0,198.4853666667,428.2855333333,110765,110949,184
100,0,blank,0,200.4831666667,430.8174833333,110949,111137,188
100,20,<,135,192.35705,435.7518666667,111137,111324,187
100,20,-,137,260.2867833333,428.6729666667,111324,111515,191
100,0,blank,0,295.0374333333,426.2633166667,111515,111707,192
100,20,-,137,262.2229666667,430.7364166667,111707,111897,190
100,20,size,136,221.35495,436.37495,111897,112086,189
100,20,size,136,222.29125,427.0247166667,112086,112275,189
100,0,blank,0,292.7029333333,424.17955,112275,112466,191
100,0,blank,0,292.8993,432.8711,112466,112498,32
100,0,blank,0,-350,-105,112531,112690,159
100,0,blank,0,243.8696333333,368.2185333333,112794,112969,175
100,18,0,123,204.2646666667,379.35355,112969,113155,186
100,0,blank,0,217.8487,383.94856,113155,113310,155
100,0,blank,0,-350,-105,113341,113526,185
100,0,blank,0,-350,-105,113526,113706,180
100,0,blank,0,-350,-105,113706,113794,88
100,0,blank,0,348.7350833333,421.2942666667,113820,113997,177
100,0,blank,0,267.223,424.2014333333,113997,114187,190
100,0,blank,0,247.73035,424.51055,114187,114373,186
100,20,size,136,225.3447,428.2980333333,114373,114559,186
100,20,size,136,209.9855,429.6300833333,114559,114750,191
100,20,<,135,190.148,431.7178333333,114750,114936,186
100,20,<,135,187.96282,438.07866,114936,115091,155
100,0,blank,0,-350,-105,115121,115253,132
100,0,blank,0,198.2905,424.572,115279,115304,25
100,0,blank,0,221.6640666667,458.4032,115370,115549,179
100,0,blank,0,276.5681333333,466.9109333333,115549,115737,188
100,0,blank,0,302.4212166667,466.3405166667,115737,115923,186
100,0,blank,0,312.3123666667,466.9958333333,115923,116108,185
100,0,blank,0,299.4456,446.4051833333,116108,116295,187
100,0,blank,0,270.5332666667,425.40655,116295,116485,190
100,20,size,136,228.6145,428.72685,116485,116669,184
100,20,size,136,214.0973,437.1682166667,116669,116852,183
100,20,size,136,204.2034333333,432.97125,116852,117040,188
100,0,blank,0,198.5799333333,433.0233333333,117040,117137,97
100,0,blank,0,-350,-105,117170,117355,185
100,0,blank,0,-350,-105,117355,117381,26
100,0,blank,0,188.6847833333,420.4524,117496,117673,177
100,0,blank,0,188.5850333333,416.6360166667,117673,117861,188
100,0,blank,0,265.4025333333,426.9368166667,117861,118053,192
100,20,-,137,258.4272166667,429.0126333333,118053,118245,192
100,20,-,137,256.3439,424.6490833333,118245,118434,189
100,20,0,139,291.7068666667,427.23755,118434,118619,185
100,0,blank,0,295.8155666667,420.1860833333,118619,118804,185
100,20,j,140,308.5111166667,425.8753833333,118804,118992,188
100,20,0,139,284.6567666667,424.60815,118992,119180,188
100,20,0,139,287.82595,424.41375,119180,119243,63
100,0,blank,0,-350,-105,119306,119499,193
100,0,blank,0,228.90515,417.1126833333,119634,119813,179
100,0,blank,0,202.2825166667,437.8106666667,119813,120003,190
100,0,blank,0,195.0944666667,463.7317333333,120003,120196,193
100,22,list,151,224.5691833333,471.71615,120196,120386,190
100,22,+,154,265.68225,471.7176833333,120386,120581,195
100,22,1,155,286.1219,478.3010166667,120581,120776,195
100,0,blank,0,320.68975,480.8411166667,120776,120965,189
100,0,blank,0,279.28242,480.6775,120965,121162,197
100,0,blank,0,-350,-105,121392,121522,130
100,22,list,151,224.0195,480.1699,121578,121640,62
100,22,list,151,224.1346333333,471.8211,121723,121905,182
100,22,list,151,221.1891666667,474.1778833333,121905,122100,195
100,22,list,151,212.3844666667,481.3061,122100,122291,191
100,22,list,151,196.66525,483.6356833333,122291,122484,193
100,0,blank,0,281.4249,482.8546,122484,122673,189
100,22,1,155,291.1832333333,476.8244,122673,122862,189
100,0,blank,0,280.8857333333,479.0140833333,122862,123054,192
100,0,blank,0,255.60155,482.7475833333,123054,123243,189
100,22,list,151,230.617275,479.96125,123243,123370,127
100,0,blank,0,-350,-105,123402,123591,189
100,0,blank,0,-350,-105,123591,123736,145
100,0,blank,0,292.8424166667,455.85805,123766,123941,175
100,22,),157,311.28465,470.7876333333,123941,124129,188
100,0,blank,0,325.4197,473.62865,124129,124312,183
100,0,blank,0,324.1734,475.217,124312,124497,185
100,22,],156,299.9276166667,477.8917833333,124497,124684,187
100,0,blank,0,253.4016333333,459.0120333333,124684,124873,189
100,0,blank,0,226.01985,444.1107,124873,124936,63
100,0,blank,0,-350,-105,125000,125183,183
100,0,blank,0,-350,-105,125183,125361,178
100,0,blank,0,-350,-105,125361,125552,191
100,0,blank,0,-350,-105,125552,125730,178
100,0,blank,0,-350,-105,125730,125909,179
100,0,blank,0,-350,-105,125909,126089,180
100,0,blank,0,-350,-105,126089,126269,180
100,0,blank,0,-350,-105,126269,126456,187
100,0,blank,0,-350,-105,126456,126638,182
100,0,blank,0,-350,-105,126638,126815,177
100,0,blank,0,-350,-105,126815,126990,175
100,0,blank,0,-350,-105,126990,127050,60
100,0,blank,0,-350,-105,127050,127274,224
100,0,blank,0,-350,-105,127274,127499,225
100,0,blank,0,-350,-105,127499,127863,364
100,0,blank,0,-350,-105,127863,128042,179
100,0,blank,0,-350,-105,128042,128218,176
100,0,blank,0,-350,-105,128218,128397,179
100,0,blank,0,-350,-105,128397,128576,179
100,0,blank,0,-350,-105,128576,128761,185
100,0,blank,0,-350,-105,128761,128923,162
100,0,blank,0,-350,-105,128923,129001,78
100,0,blank,0,-350,-105,129001,129218,217
100,0,blank,0,-350,-105,129218,129405,187
100,0,blank,0,-350,-105,129405,129481,76
100,0,blank,0,-350,-105,129481,129635,154
100,0,blank,0,-350,-105,129635,129811,176
100,0,blank,0,-350,-105,129811,129976,165
100,17,comma,110,176.2361,374.7917,129996,130022,26
100,0,blank,0,-350,-105,130112,130179,67
100,0,blank,0,121.82875,381.273225,130373,130560,187
100,0,blank,0,161.223625,376.99475,130560,130735,175
100,18,size,122,184.181975,377.660025,130735,130906,171
100,18,<,121,147.86935,386.2744,130906,131084,178
100,0,blank,0,262.47328,399.34122,131084,131270,186
100,0,blank,0,284.36555,394.9360666667,131270,131453,183
100,20,0,139,284.6011333333,429.4133,131484,131680,196
100,20,0,139,289.851,428.64515,131680,131819,139
100,0,blank,0,-350,-105,131885,132074,189
100,0,blank,0,-350,-105,132074,132252,178
100,0,blank,0,-350,-105,132252,132427,175
100,0,blank,0,-350,-105,132427,132602,175
100,0,blank,0,-350,-105,132602,132779,177
100,0,blank,0,-350,-105,132779,132954,175
100,0,blank,0,-350,-105,132954,133131,177
100,0,blank,0,-350,-105,133131,133312,181
100,0,blank,0,-350,-105,133312,133492,180
100,0,blank,0,-350,-105,133492,133670,178
100,0,blank,0,-350,-105,133670,133850,180
100,0,blank,0,-350,-105,133850,134031,181
100,0,blank,0,-350,-105,134031,134212,181
100,0,blank,0,-350,-105,134212,134394,182
100,0,blank,0,-350,-105,134394,134554,160
100,0,blank,0,-350,-105,134554,134735,181
100,0,blank,0,-350,-105,134735,135066,331
100,0,blank,0,-350,-105,135066,135381,315
100,0,blank,0,-350,-105,135381,135557,176
100,0,blank,0,-350,-105,135557,135735,178
100,0,blank,0,-350,-105,135735,135914,179
100,0,blank,0,-350,-105,135914,136094,180
100,0,blank,0,-350,-105,136094,136168,74
100,20,-,137,255.4005333333,435.4238,136201,136397,196
100,0,blank,0,200.2962,435.74135,136397,136477,80
100,0,blank,0,-350,-105,136644,136907,263
100,0,blank,0,-350,-105,136907,137044,137
100,0,blank,0,189.314075,413.3269,137109,137308,199
100,0,blank,0,137.1085,416.0556,137308,137644,336
100,0,blank,0,133.401425,418.65445,137644,137759,115
100,0,blank,0,-350,-105,137823,137955,132
100,0,blank,0,195.5195,331.028,138027,138110,83
100,0,blank,0,249.6774,400.77008,138230,138401,171
100,0,blank,0,262.8533833333,414.67595,138401,138595,194
100,0,blank,0,288.10688,397.90906,138595,138749,154
100,0,blank,0,-350,-105,138780,138941,161
100,0,blank,0,-350,-105,138941,138985,44
100,0,blank,0,-350,-105,139254,139443,189
100,0,blank,0,-350,-105,139443,139621,178
100,0,blank,0,-350,-105,139621,139801,180
100,0,blank,0,-350,-105,139801,139991,190
100,0,blank,0,-350,-105,139991,140160,169
100,0,blank,0,-350,-105,140160,140334,174
100,0,blank,0,-350,-105,140334,140519,185
100,0,blank,0,-350,-105,140519,140715,196
100,0,blank,0,-350,-105,140715,140902,187
100,0,blank,0,-350,-105,140902,141069,167
100,0,blank,0,-350,-105,141069,141246,177
100,0,blank,0,-350,-105,141246,141420,174
100,0,blank,0,-350,-105,141420,141600,180
100,0,blank,0,-350,-105,141600,141783,183
100,0,blank,0,-350,-105,141783,141950,167
100,0,blank,0,-350,-105,141950,142142,192
100,0,blank,0,-350,-105,142142,142233,91
100,20,1,138,275.94685,426.6905333333,142276,142467,191
100,0,blank,0,258.3674166667,420.9128666667,142467,142657,190
100,0,blank,0,224.4868833333,418.3436833333,142657,142840,183
100,0,blank,0,263.3904333333,421.2524666667,142840,143031,191
100,20,0,139,285.1481333333,425.4114333333,143031,143224,193
100,20,j,140,303.8990166667,425.9164333333,143224,143412,188
100,20,1,138,278.0245666667,421.94255,143412,143601,189
100,20,1,138,279.5617166667,423.4368666667,143601,143790,189
100,0,blank,0,252.751,428.1246333333,143790,143983,193
100,0,blank,0,248.0172833333,428.4924666667,143983,144182,199
100,0,blank,0,246.8801666667,427.3102666667,144182,144275,93
100,0,blank,0,-350,-105,144306,144492,186
100,0,blank,0,-350,-105,144492,144523,31
100,0,blank,0,262.4481166667,413.7134666667,144551,144730,179
100,0,blank,0,287.7547666667,418.04225,144730,144919,189
100,0,blank,0,269.1493666667,405.9908,144919,145107,188
100,18,++,125,247.0997166667,388.3694833333,145107,145294,187
100,0,blank,0,230.0107166667,398.86535,145294,145484,190
100,0,blank,0,196.8737666667,417.5698333333,145484,145669,185
100,0,blank,0,194.8878166667,417.552,145669,145855,186
100,0,blank,0,-350,-105,145886,146071,185
100,0,blank,0,-350,-105,146071,146213,142
100,0,blank,0,197.3253166667,417.7633666667,146243,146417,174
100,20,<,135,192.00275,422.5090166667,146417,146605,188
100,20,<,135,187.8465833333,426.9961166667,146605,146791,186
100,20,<,135,191.05495,426.4943666667,146791,146977,186
100,20,size,136,206.0431333333,426.9731333333,146977,147163,186
100,20,size,136,206.463,425.4193166667,147163,147348,185
100,20,size,136,207.9572,432.5409833333,147348,147534,186
100,20,size,136,206.715175,426.299575,147534,147658,124
100,0,blank,0,-350,-105,147689,147876,187
100,0,blank,0,-350,-105,147876,148045,169
100,0,blank,0,-350,-105,148045,148083,38
100,0,blank,0,198.0234833333,416.3321333333,148112,148289,177
100,0,blank,0,199.9459666667,419.8750833333,148289,148475,186
100,0,blank,0,199.3475666667,419.7760833333,148475,148662,187
100,0,blank,0,196.84945,424.3246333333,148662,148848,186
100,20,size,136,213.7592166667,430.5861166667,148848,149038,190
100,20,size,136,214.4985666667,434.3583333333,149038,149225,187
100,0,blank,0,246.60385,433.19135,149225,149418,193
100,0,blank,0,269.6573166667,427.7894833333,149418,149609,191
100,20,0,139,291.13515,434.2914333333,149609,149801,192
100,0,blank,0,292.8575,427.7716833333,149801,149992,191
100,20,0,139,291.2936666667,429.0556,149992,150085,93
100,0,blank,0,-350,-105,150117,150304,187
100,0,blank,0,-350,-105,150304,150460,156
100,0,blank,0,273.6869666667,417.9117666667,150491,150667,176
100,20,-,137,261.2882,428.7600666667,150667,150858,191
100,20,0,139,287.6523833333,430.87625,150858,151050,192
100,20,j,140,312.0058666667,428.1148,151050,151237,187
100,20,j,140,312.2927,431.6557666667,151237,151423,186
100,0,blank,0,292.8753166667,418.8121333333,151423,151610,187
100,18,++,125,239.1328833333,393.1328833333,151610,151803,193
100,0,blank,0,212.3473,391.6641833333,151803,151998,195
100,18,0,123,210.0435666667,393.5302666667,151998,152092,94
100,0,blank,0,-350,-105,152124,152310,186
100,0,blank,0,-350,-105,152310,152421,111
100,0,blank,0,201.9315,400.8897333333,152447,152618,171
100,0,blank,0,282.9930666667,448.6676833333,152618,152811,193
100,0,blank,0,298.7331,442.1644,152811,153001,190
100,0,blank,0,344.0822166667,432.71015,153001,153188,187
100,0,blank,0,358.87015,437.0845166667,153188,153373,185
100,0,blank,0,326.1206333333,457.2041333333,153373,153562,189
100,22,1,155,289.9434333333,471.15495,153562,153753,191
100,22,list,151,230.0966833333,473.19965,153753,153943,190
100,22,list,151,205.3245333333,480.8559333333,153943,154133,190
100,22,list,151,200.7099,479.6412333333,154133,154322,189
100,24,[,162,199.9587,525.2622666667,154322,154516,194
100,0,blank,0,233.45855,527.7708833333,154516,154711,195
100,0,blank,0,242.2265,528.0937833333,154711,154903,192
100,0,blank,0,263.2013666667,531.7879333333,154903,154999,96
100,0,blank,0,-350,-105,155064,155246,182
100,0,blank,0,-350,-105,155246,155284,38
100,24,j,163,205.32965,521.9636,155316,155495,179
100,25,list,171,193.9149166667,534.1425,155495,155690,195
100,25,+,174,255.9052166667,542.2357,155690,155883,193
100,25,1,175,282.7787333333,542.6454166667,155883,156074,191
100,25,0,177,294.45285,549.85935,156074,156264,190
100,26,temp,185,259.4988,559.32425,156264,156452,188
100,0,blank,0,166.2453833333,629.9299166667,156484,156674,190
100,30,list,192,161.6611666667,645.25965,156674,156867,193
100,30,),195,247.7014,646.09856,156867,157061,194
100,0,blank,0,198.01935,662.49165,157061,157250,189
100,0,blank,0,142.2997666667,672.2421666667,157250,157347,97
100,0,blank,0,-350,-105,157379,157565,186
100,0,blank,0,-350,-105,157565,157740,175
100,0,blank,0,-350,-105,157740,157778,38
100,17,comma,110,174.3289166667,365.10985,157877,158067,190
100,17,list,109,160.4481333333,367.3043833333,158067,158258,191
100,18,size,122,166.4786333333,384.1433333333,158258,158447,189
100,18,++,125,239.1208,387.81585,158447,158633,186
100,0,blank,0,209.0883166667,399.8349,158633,158818,185
100,18,size,122,192.28326,392.40178,158818,158971,153
100,0,blank,0,-350,-105,159031,159217,186
100,0,blank,0,-350,-105,159217,159365,148
100,0,blank,0,158.7339833333,382.2892,159395,159592,197
100,0,blank,0,162.8813833333,393.4812166667,159592,159776,184
100,18,<,121,146.1649333333,394.23155,159776,159963,187
100,18,size,122,165.8958,395.6116,159963,160149,186
100,0,blank,0,212.34605,385.07265,160149,160331,182
100,18,0,123,206.9461166667,391.6155166667,160331,160517,186
100,18,size,122,169.3066833333,394.6974333333,160517,160703,186
100,0,blank,0,163.19795,416.7806333333,160703,160888,185
100,0,blank,0,157.22095,432.06225,160888,161074,186
100,20,j,140,171.2434333333,433.4023833333,161074,161260,186
100,0,blank,0,196.4520833333,445.4641666667,161260,161448,188
100,0,blank,0,220.5704,453.3536666667,161448,161639,191
100,0,blank,0,227.99685,453.1103166667,161639,161827,188
100,0,blank,0,265.50882,462.16712,161827,161982,155
100,0,blank,0,264.24945,434.05895,161982,162103,121
100,20,-,137,257.3409,424.9465,162103,162209,106
100,0,blank,0,-350,-105,162321,162483,162
100,18,size,122,168.3122,389.5084666667,162511,162696,185
100,18,i,124,133.540925,379.95585,162696,162882,186
100,0,blank,0,112.6985,380.710675,162882,163053,171
100,18,0,123,104.958075,380.975075,163053,163228,175
100,18,size,122,198.545,386.55735,163228,163400,172
100,18,size,122,175.7626666667,381.7242666667,163400,163529,129
100,0,blank,0,-350,-105,163573,163712,139
100,0,blank,0,85.968,381.3855,163751,163797,46
100,0,blank,0,118.9852333333,379.5912166667,163860,164040,180
100,18,<,121,149.7648,383.1157333333,164040,164228,188
100,0,blank,0,154.6061166667,384.7890166667,164228,164412,184
100,0,blank,0,156.2676666667,385.0185,164412,164599,187
100,17,list,109,153.6156833333,374.8558666667,164599,164787,188
100,17,list,109,145.3792833333,369.7206,164787,164978,191
100,17,list,109,152.7064,373.5928666667,164978,165167,189
100,18,size,122,164.97605,390.6869666667,165167,165356,189
100,18,<,121,147.1322,377.6835333333,165356,165546,190
100,0,blank,0,51.5083833333,376.6713333333,165546,165731,185
100,0,blank,0,-350,-105,165762,165895,133
100,16,temp,105,59.21402,335.8012,166029,166191,162
100,14,size,87,60.25055,298.79365,166191,166383,192
100,14,size,87,87.6007,292.14196,166383,166561,178
100,13,{,72,150.22942,280.03794,166561,166735,174
100,0,blank,0,186.6856,286.1007166667,166735,166918,183
100,0,blank,0,52.37285,287.45075,166949,167134,185
100,0,blank,0,74.4336666667,263.3693333333,167134,167318,184
100,0,blank,0,141.7701,267.1256666667,167318,167504,186
100,13,12,73,157.840175,268.85265,167504,167626,122
100,0,blank,0,-350,-105,167658,167826,168
100,0,blank,0,161.1276666667,240.3296333333,167856,167935,79
100,0,blank,0,183.1209333333,353.1786666667,167966,168150,184
100,17,comma,110,174.8345,357.0789666667,168150,168337,187
100,17,list,109,149.7557666667,363.86835,168337,168519,182
100,17,list,109,143.3123666667,368.0513833333,168519,168704,185
100,0,blank,0,134.9577666667,397.62045,168704,168891,187
100,18,0,123,108.4203166667,391.0540833333,168891,169075,184
100,18,=,117,82.0210333333,395.3496666667,169075,169260,185
100,0,blank,0,85.796,393.83826,169260,169415,155
100,0,blank,0,-350,-105,169447,169625,178
100,0,blank,0,138.78324,330.8247,169651,169807,156
100,0,blank,0,-350,-105,169841,170025,184
100,0,blank,0,-350,-105,170025,170206,181
100,0,blank,0,-350,-105,170206,170383,177
100,0,blank,0,-350,-105,170383,170556,173
100,0,blank,0,-350,-105,170556,170753,197
100,0,blank,0,-350,-105,170753,170946,193
100,0,blank,0,-350,-105,170946,171128,182
100,0,blank,0,-350,-105,171128,171302,174
100,0,blank,0,-350,-105,171302,171497,195
100,0,blank,0,-350,-105,171497,171645,148
100,0,blank,0,-350,-105,171645,171761,116
100,0,blank,0,-350,-105,171761,171861,100
100,0,blank,0,-350,-105,171861,172142,281
100,0,blank,0,-350,-105,172142,172316,174
100,0,blank,0,-350,-105,172316,172499,183
100,0,blank,0,-350,-105,172499,172675,176
100,0,blank,0,-350,-105,172675,172854,179
100,0,blank,0,-350,-105,172854,173034,180
100,0,blank,0,-350,-105,173034,173215,181
100,0,blank,0,-350,-105,173215,173398,183
100,0,blank,0,-350,-105,173398,173595,197
100,0,blank,0,-350,-105,173595,173758,163
100,0,blank,0,-350,-105,173758,173841,83
100,0,blank,0,-350,-105,173841,174050,209
100,0,blank,0,-350,-105,174050,174191,141
100,0,blank,0,-350,-105,174191,174273,82
100,0,blank,0,-350,-105,174273,174461,188
100,0,blank,0,-350,-105,174461,174652,191
100,0,blank,0,-350,-105,174652,174827,175
100,0,blank,0,-350,-105,174827,174950,123
100,0,blank,0,-350,-105,174950,175074,124
100,0,blank,0,-350,-105,175074,175197,123
100,0,blank,0,-350,-105,175197,175375,178
100,0,blank,0,-350,-105,175375,175630,255
100,0,blank,0,-350,-105,175630,175807,177
100,0,blank,0,-350,-105,175807,175984,177
100,0,blank,0,-350,-105,175984,176162,178
100,0,blank,0,-350,-105,176162,176235,73
100,18,size,122,179.26985,383.145525,176255,176444,189
100,17,size,111,197.4144,375.6275,176444,176490,46
100,18,<,121,143.939,381.3069,176667,176840,173
100,0,blank,0,155.8459333333,396.4184666667,176840,177009,169
100,0,blank,0,-350,-105,177056,177248,192
100,0,blank,0,-350,-105,177248,177429,181
100,0,blank,0,-350,-105,177429,177604,175
100,0,blank,0,-350,-105,177604,177799,195
100,0,blank,0,-350,-105,177799,177972,173
100,0,blank,0,-350,-105,177972,178168,196
100,0,blank,0,-350,-105,178168,178352,184
100,0,blank,0,-350,-105,178352,178533,181
100,0,blank,0,-350,-105,178533,178732,199
100,0,blank,0,-350,-105,178732,178913,181
100,0,blank,0,-350,-105,178913,179078,165
100,0,blank,0,-350,-105,179078,179245,167
100,0,blank,0,-350,-105,179245,179434,189
100,0,blank,0,-350,-105,179434,179623,189
100,0,blank,0,-350,-105,179623,179816,193
100,0,blank,0,-350,-105,179816,179889,73
100,0,blank,0,177.8588,415.954425,179908,180096,188
100,0,blank,0,206.6345,413.0887666667,180096,180227,131
100,20,size,136,233.6793,423.5324,180311,180480,169
100,20,size,136,238.697,434.4666,180480,180522,42
100,0,blank,0,-350,-105,180607,180797,190
100,0,blank,0,-350,-105,180797,180976,179
100,0,blank,0,-350,-105,180976,181069,93
100,0,blank,0,168.4898,416.84925,181106,181254,148
100,0,blank,0,198.5602,399.7845,181254,181427,173
100,18,0,123,204.9711,397.3066666667,181427,181611,184
100,0,blank,0,275.3935166667,403.4447833333,181611,181793,182
100,0,blank,0,293.1149833333,398.6770666667,181793,181973,180
100,0,blank,0,292.4160333333,408.7439833333,181973,182155,182
100,0,blank,0,282.4744333333,405.7738333333,182155,182337,182
100,0,blank,0,297.4535666667,387.8331,182337,182452,115
100,0,blank,0,310.531,415.35045,182452,182646,194
100,0,blank,0,313.6763,412.93915,182646,182813,167
100,0,blank,0,-350,-105,182849,183011,162
100,0,blank,0,-350,-105,183011,183077,66
100,0,blank,0,292.5798666667,407.8434,183234,183411,177
100,0,blank,0,287.41865,407.3629166667,183411,183594,183
100,0,blank,0,290.1502333333,412.3818,183594,183779,185
100,0,blank,0,311.76065,404.4840333333,183779,183960,181
100,0,blank,0,314.4433166667,415.736,183960,184144,184
100,0,blank,0,314.73812,384.14726,184144,184296,152
100,0,blank,0,-350,-105,184327,184487,160
100,0,blank,0,266.3721,400.8105,184551,184623,72
100,0,blank,0,190.1204,410.45155,184697,184878,181
100,18,++,125,237.1431833333,394.4848,184878,185062,184
100,0,blank,0,289.6851,408.21645,185062,185245,183
100,0,blank,0,315.9871166667,413.1007833333,185245,185426,181
100,20,++,141,315.7426333333,426.9550166667,185426,185609,183
100,0,blank,0,298.9408,419.58825,185609,185793,184
100,0,blank,0,272.8399833333,423.6547166667,185793,185980,187
100,20,size,136,236.9253666667,424.83915,185980,186165,185
100,0,blank,0,215.4618833333,417.4184666667,186165,186350,185
100,20,0,139,285.8258666667,436.5071,186350,186536,186
100,0,blank,0,297.86065,433.4179166667,186536,186722,186
100,20,0,139,290.3606333333,432.7778166667,186722,186907,185
100,20,0,139,288.91505,432.10725,186907,187091,184
100,0,blank,0,272.7575166667,431.2092833333,187091,187276,185
100,20,-,137,260.9354,430.7916,187276,187308,32
100,0,blank,0,-350,-105,187339,187525,186
100,0,blank,0,-350,-105,187525,187704,179
100,0,blank,0,-350,-105,187704,187881,177
100,0,blank,0,-350,-105,187881,188062,181
100,0,blank,0,-350,-105,188062,188238,176
100,0,blank,0,-350,-105,188238,188414,176
100,0,blank,0,-350,-105,188414,188593,179
100,0,blank,0,-350,-105,188593,188773,180
100,0,blank,0,-350,-105,188773,188959,186
100,0,blank,0,-350,-105,188959,189142,183
100,0,blank,0,-350,-105,189142,189325,183
100,0,blank,0,-350,-105,189325,189502,177
100,0,blank,0,-350,-105,189502,189677,175
100,0,blank,0,-350,-105,189677,189772,95
100,0,blank,0,-350,-105,189772,189952,180
100,0,blank,0,-350,-105,189952,190137,185
100,0,blank,0,-350,-105,190137,190489,352
100,0,blank,0,-350,-105,190489,190768,279
100,0,blank,0,-350,-105,190768,190948,180
100,0,blank,0,-350,-105,190948,191127,179
100,0,blank,0,-350,-105,191127,191304,177
100,0,blank,0,-350,-105,191304,191484,180
100,0,blank,0,-350,-105,191484,191669,185
100,0,blank,0,-350,-105,191669,191850,181
100,0,blank,0,-350,-105,191850,192032,182
100,0,blank,0,-350,-105,192032,192209,177
100,0,blank,0,-350,-105,192209,192384,175
100,0,blank,0,-350,-105,192384,192479,95
100,0,blank,0,-350,-105,192479,192678,199
100,0,blank,0,-350,-105,192678,192882,204
100,0,blank,0,-350,-105,192882,193299,417
100,0,blank,0,-350,-105,193299,193681,382
100,0,blank,0,-350,-105,193681,193860,179
100,0,blank,0,-350,-105,193860,194038,178
100,0,blank,0,-350,-105,194038,194215,177
100,0,blank,0,-350,-105,194215,194395,180
100,0,blank,0,-350,-105,194395,194581,186
100,0,blank,0,-350,-105,194581,194765,184
100,0,blank,0,-350,-105,194765,194911,146
100,0,blank,0,-350,-105,194911,195059,148
100,0,blank,0,-350,-105,195059,195248,189
100,0,blank,0,-350,-105,195248,195420,172
100,0,blank,0,-350,-105,195420,195598,178
100,0,blank,0,-350,-105,195598,195780,182
100,0,blank,0,-350,-105,195780,195937,157
100,0,blank,0,-350,-105,195937,196301,364
100,0,blank,0,-350,-105,196301,196734,433
100,0,blank,0,-350,-105,196734,197032,298
100,0,blank,0,-350,-105,197032,197173,141
100,18,),126,256.5859,382.7845,197194,197225,31
100,0,blank,0,238.2882,451.1629333333,197360,197528,168
100,0,blank,0,251.22655,495.67175,197528,197594,66
100,20,size,136,240.088475,434.64925,197777,197967,190
100,0,blank,0,207.1563,408.6730666667,197967,198161,194
100,20,size,136,211.3874,422.95465,198161,198221,60
100,0,blank,0,-350,-105,198253,198442,189
100,0,blank,0,-350,-105,198442,198623,181
100,0,blank,0,-350,-105,198623,198810,187
100,0,blank,0,-350,-105,198810,198989,179
100,0,blank,0,-350,-105,198989,199167,178
100,0,blank,0,-350,-105,199167,199347,180
100,0,blank,0,-350,-105,199347,199526,179
100,0,blank,0,-350,-105,199526,199708,182
100,0,blank,0,-350,-105,199708,199897,189
100,0,blank,0,-350,-105,199897,200081,184
100,0,blank,0,-350,-105,200081,200249,168
100,0,blank,0,-350,-105,200249,200404,155
100,0,blank,0,-350,-105,200404,200780,376
100,0,blank,0,-350,-105,200780,200952,172
100,0,blank,0,-350,-105,200952,201130,178
100,0,blank,0,-350,-105,201130,201306,176
100,0,blank,0,-350,-105,201306,201490,184
100,0,blank,0,-350,-105,201490,201645,155
100,0,blank,0,-350,-105,201645,201788,143
100,0,blank,0,-350,-105,201788,201976,188
100,0,blank,0,-350,-105,201976,202159,183
100,0,blank,0,-350,-105,202159,202350,191
100,0,blank,0,-350,-105,202350,202387,37
100,22,j,153,245.8671,475.1987,202580,202680,100
100,0,blank,0,-350,-105,203111,203370,259
100,0,blank,0,-350,-105,203370,203413,43
100,0,blank,0,293.2795,680.284,203800,203863,63
100,0,blank,0,-350,-105,204116,204297,181
100,0,blank,0,-350,-105,204297,204473,176
100,0,blank,0,-350,-105,204473,204661,188
100,0,blank,0,-350,-105,204661,204841,180
100,0,blank,0,-350,-105,204841,205021,180
100,0,blank,0,-350,-105,205021,205201,180
100,0,blank,0,-350,-105,205201,205382,181
100,0,blank,0,-350,-105,205382,205504,122
100,0,blank,0,-350,-105,205504,205752,248
100,0,blank,0,-350,-105,205752,205894,142
100,0,blank,0,-350,-105,205894,206384,490
100,0,blank,0,-350,-105,206384,206576,192
100,0,blank,0,-350,-105,206576,206695,119
100,0,blank,0,-350,-105,206695,206992,297
100,0,blank,0,-350,-105,206992,207294,302
100,0,blank,0,-350,-105,207294,207589,295
100,0,blank,0,-350,-105,207589,207781,192
100,0,blank,0,-350,-105,207781,207936,155
100,0,blank,0,-350,-105,207936,208073,137
100,0,blank,0,-350,-105,208073,208287,214
100,0,blank,0,-350,-105,208287,208463,176
100,0,blank,0,-350,-105,208463,208522,59
100,0,blank,0,-350,-105,208522,208740,218
100,0,blank,0,-350,-105,208740,208950,210
100,0,blank,0,-350,-105,208950,209557,607
100,0,blank,0,-350,-105,209557,209754,197
100,0,blank,0,-350,-105,209754,209827,73
100,0,blank,0,251.0216,426.38595,209884,210046,162
100,22,>,150,180.523075,470.746875,210046,210218,172
100,22,>,150,179.45015,469.0776,210218,210393,175
100,22,[,152,242.9832,478.419875,210393,210570,177
100,0,blank,0,261.201,468.4887,210570,210753,183
100,0,blank,0,264.16614,507.45546,210753,210933,180
100,0,blank,0,208.5122,507.5098666667,210933,211117,184
100,0,blank,0,206.2804333333,489.9602166667,211117,211298,181
100,0,blank,0,207.0779666667,494.2083333333,211298,211391,93
100,0,blank,0,-350,-105,211422,211582,160
100,0,blank,0,-350,-105,211582,211629,47
100,0,blank,0,229.2520666667,500.5190833333,211656,211827,171
100,0,blank,0,238.8223333333,500.0960333333,211827,212013,186
100,0,blank,0,251.6897333333,526.9008166667,212013,212199,186
100,0,blank,0,219.8960666667,563.8385333333,212199,212379,180
100,25,list,171,193.31105,542.2999666667,212379,212556,177
100,22,>,150,176.7725333333,483.4689,212556,212737,181
100,0,blank,0,184.8891333333,455.2417,212737,212919,182
100,0,blank,0,199.9379,434.2383666667,212919,213102,183
100,20,<,135,191.624,427.2047,213102,213133,31
100,0,blank,0,-350,-105,213162,213347,185
100,0,blank,0,182.2133,413.5966,213416,213495,79
100,20,<,135,185.6586833333,433.5861,213559,213735,176
100,20,<,135,192.2955666667,437.3293333333,213735,213920,185
100,0,blank,0,178.4849166667,409.38415,213920,214105,185
100,0,blank,0,181.3807333333,405.9296833333,214105,214288,183
100,0,blank,0,182.8001833333,402.7198166667,214288,214472,184
100,18,size,122,179.7720333333,395.7424666667,214472,214655,183
100,18,size,122,192.0171333333,388.1881333333,214655,214840,185
100,18,i,124,224.52585,394.7360333333,214840,215027,187
100,18,++,125,250.2959833333,388.1922833333,215027,215216,189
100,0,blank,0,217.0308833333,394.9316166667,215216,215400,184
100,0,blank,0,216.9525,396.5774333333,215400,215493,93
100,0,blank,0,-350,-105,215522,215707,185
100,0,blank,0,-350,-105,215707,215884,177
100,20,size,136,243.9646166667,438.4021833333,215914,216086,172
100,20,size,136,236.40505,432.0659833333,216086,216269,183
100,20,size,136,215.3523166667,437.2378333333,216269,216451,182
100,0,blank,0,206.1991166667,447.4441833333,216451,216631,180
100,20,size,136,206.9312666667,440.2109333333,216631,216811,180
100,0,blank,0,198.8563666667,432.7812833333,216811,216992,181
100,0,blank,0,191.7091666667,442.21165,216992,217175,183
100,20,<,135,186.4280833333,433.22005,217175,217358,183
100,0,blank,0,187.0322833333,442.9712833333,217358,217543,185
100,20,<,135,186.4283,440.9081833333,217543,217731,188
100,0,blank,0,189.7101,447.1815333333,217731,217923,192
100,0,blank,0,185.7157333333,444.2075,217923,218016,93
100,0,blank,0,-350,-105,218047,218230,183
100,0,blank,0,-350,-105,218230,218406,176
100,20,size,136,215.8376333333,429.3381166667,218432,218615,183
100,20,size,136,218.8247833333,434.3936666667,218615,218802,187
100,20,size,136,219.2401833333,437.4960666667,218802,218987,185
100,20,size,136,216.98135,437.4157666667,218987,219174,187
100,20,<,135,191.60575,433.0969,219174,219365,191
100,0,blank,0,193.3470833333,430.8877166667,219365,219554,189
100,20,<,135,187.3038166667,425.4488333333,219554,219739,185
100,20,<,135,186.5019666667,426.473,219739,219924,185
100,0,blank,0,181.61015,430.3967333333,219924,220108,184
100,0,blank,0,180.3745166667,435.5869166667,220108,220297,189
100,0,blank,0,-350,-105,220330,220489,159
100,0,blank,0,282.3613,401.6278,220531,220582,51
100,20,j,140,307.8262666667,435.9876333333,220651,220832,181
100,20,++,141,323.6956,439.1469333333,220832,221019,187
100,0,blank,0,357.5071833333,438.6855,221019,221206,187
100,0,blank,0,365.2203333333,439.8356833333,221206,221394,188
100,0,blank,0,359.3061,447.63256,221394,221550,156
100,20,size,136,225.1204666667,437.8068666667,221581,221767,186
100,20,size,136,206.7405166667,438.6566666667,221767,221951,184
100,0,blank,0,190.8827,442.1119333333,221951,222136,185
100,20,<,135,184.88445,441.1541666667,222136,222321,185
100,0,blank,0,-350,-105,222352,222538,186
100,0,blank,0,-350,-105,222538,222676,138
100,0,blank,0,181.5019166667,405.1507333333,222704,222878,174
100,0,blank,0,181.3245333333,427.0872,222878,223066,188
100,0,blank,0,177.815175,437.969075,223066,223215,149
100,20,<,135,185.26135,436.5812,223215,223395,180
100,20,<,135,188.5887,435.13355,223395,223569,174
100,20,<,135,184.9110666667,431.2664166667,223569,223766,197
100,20,<,135,184.7865166667,435.7559833333,223766,223952,186
100,0,blank,0,179.68605,436.84845,223952,224013,61
100,0,blank,0,-350,-105,224044,224228,184
100,0,blank,0,-350,-105,224228,224305,77
100,0,blank,0,180.1214833333,417.39785,224332,224510,178
100,0,blank,0,181.6523833333,403.77885,224510,224697,187
100,0,blank,0,176.0265666667,399.2886833333,224697,224886,189
100,0,blank,0,170.3631,398.36835,224886,225074,188
100,0,blank,0,169.2282333333,398.1836333333,225074,225256,182
100,0,blank,0,157.0998166667,402.57655,225256,225441,185
100,0,blank,0,154.99365,396.2430666667,225441,225626,185
100,0,blank,0,181.2569333333,402.1645166667,225626,225812,186
100,0,blank,0,222.0312166667,404.5197333333,225812,225995,183
100,18,i,124,224.5303333333,394.6535333333,225995,226086,91
100,0,blank,0,-350,-105,226117,226302,185
100,0,blank,0,-350,-105,226302,226468,166
100,0,blank,0,211.2462833333,400.5783333333,226498,226668,170
100,0,blank,0,220.9292333333,406.6816833333,226668,226852,184
100,18,++,125,244.6189666667,397.7825333333,226852,227033,181
100,0,blank,0,242.7006166667,408.5852333333,227033,227214,181
100,20,-,137,257.9858833333,430.0019666667,227214,227396,182
100,20,size,136,234.3447,424.3607,227396,227485,89
100,0,blank,0,475.3405333333,641.4270333333,227516,227612,96
100,17,size,111,222.6753,374.276875,227692,227880,188
100,17,),112,241.337575,364.226575,227880,228049,169
100,17,size,111,206.19525,371.281625,228049,228214,165
100,17,size,111,194.62195,359.82905,228214,228295,81
100,0,blank,0,-350,-105,228337,228529,192
100,0,blank,0,-350,-105,228529,228709,180
100,0,blank,0,-350,-105,228709,228895,186
100,0,blank,0,-350,-105,228895,229093,198
100,0,blank,0,-350,-105,229093,229122,29
100,0,blank,0,153.88565,425.31105,229181,229338,157
100,22,j,153,146.378575,477.1422,229338,229517,179
100,22,>,150,174.1480166667,465.99435,229517,229699,182
100,22,j,153,145.20095,479.2511833333,229699,229883,184
100,22,list,151,132.0508,480.8723333333,229883,230072,189
100,0,blank,0,113.4184166667,450.2964333333,230072,230255,183
100,0,blank,0,112.2786833333,448.0943,230255,230440,185
100,20,j,140,97.721,429.0523166667,230440,230625,185
100,20,j,140,100.11595,439.38445,230625,230687,62
100,0,blank,0,-350,-105,230749,230943,194
100,0,blank,0,-350,-105,230943,231142,199
100,0,blank,0,-350,-105,231142,231333,191
100,0,blank,0,-350,-105,231333,231495,162
100,0,blank,0,-350,-105,231495,231664,169
100,0,blank,0,-350,-105,231664,231784,120
100,0,blank,0,-350,-105,231784,232034,250
100,0,blank,0,-350,-105,232034,232202,168
100,0,blank,0,-350,-105,232202,232382,180
100,0,blank,0,-350,-105,232382,232562,180
100,0,blank,0,-350,-105,232562,232742,180
100,0,blank,0,-350,-105,232742,232871,129
100,0,blank,0,-350,-105,232871,233119,248
100,0,blank,0,-350,-105,233119,233366,247
100,0,blank,0,-350,-105,233366,233558,192
100,0,blank,0,-350,-105,233558,233740,182
100,0,blank,0,-350,-105,233740,233894,154
100,0,blank,0,-350,-105,233894,234214,320
100,0,blank,0,-350,-105,234214,234546,332
100,0,blank,0,-350,-105,234546,234880,334
100,0,blank,0,-350,-105,234880,235057,177
100,0,blank,0,-350,-105,235057,235233,176
100,0,blank,0,-350,-105,235233,235370,137
100,0,blank,0,-350,-105,235370,235472,102
100,0,blank,0,-350,-105,235472,235649,177
100,0,blank,0,-350,-105,235649,235820,171
100,0,blank,0,-350,-105,235820,235982,162
100,0,blank,0,-350,-105,236120,236196,76
100,0,blank,0,-350,-105,236196,236420,224
100,0,blank,0,-350,-105,236420,236499,79
100,0,blank,0,-350,-105,236499,236819,320
100,0,blank,0,-350,-105,236819,236999,180
100,0,blank,0,-350,-105,236999,237181,182
100,0,blank,0,-350,-105,237181,237363,182
100,0,blank,0,-350,-105,237363,237550,187
100,0,blank,0,-350,-105,237550,237710,160
100,0,blank,0,-350,-105,237710,237837,127
100,0,blank,0,-350,-105,237837,237998,161
100,0,blank,0,-350,-105,237998,238198,200
100,0,blank,0,-350,-105,238198,238379,181
100,0,blank,0,-350,-105,238379,238570,191
100,0,blank,0,-350,-105,238570,238760,190
100,0,blank,0,-350,-105,238760,238954,194
100,0,blank,0,-350,-105,238954,239058,104
100,13,comma,82,218.6601,273.639,239265,239436,171
100,13,20,75,212.6835,286.76845,239436,239524,88
100,14,/,93,253.718625,293.5815,239865,240039,174
100,0,blank,0,226.687,276.62375,240039,240102,63
100,22,list,151,127.3903333333,483.4049666667,240133,240315,182
100,22,list,151,118.23955,482.5588166667,240315,240499,184
100,22,list,151,124.7197,484.1316333333,240499,240684,185
100,22,list,151,103.6134833333,465.9629166667,240684,240868,184
100,0,blank,0,115.0943666667,452.2068666667,240868,241052,184
100,20,=,131,117.4215666667,432.4379,241052,241239,187
100,0,blank,0,162.7164666667,426.5487333333,241239,241424,185
100,20,0,132,140.8482166667,430.5342833333,241424,241607,183
100,0,blank,0,133.4569333333,446.3319,241607,241700,93
100,0,blank,0,-350,-105,241731,241916,185
100,0,blank,0,-350,-105,241916,242096,180
100,0,blank,0,-350,-105,242096,242278,182
100,0,blank,0,-350,-105,242278,242457,179
100,0,blank,0,-350,-105,242457,242635,178
100,0,blank,0,-350,-105,242635,242814,179
100,0,blank,0,-350,-105,242814,243010,196
100,0,blank,0,-350,-105,243010,243186,176
100,0,blank,0,-350,-105,243186,243321,135
100,0,blank,0,-350,-105,243321,243397,76
100,0,blank,0,-350,-105,243745,243911,166
100,0,blank,0,187.4968,460.98648,244016,244189,173
100,22,list,151,213.6619833333,466.6743833333,244189,244376,187
100,22,list,151,207.6705833333,470.6974333333,244376,244561,185
100,22,[,152,137.5489833333,482.3525,244561,244749,188
100,0,blank,0,132.64235,487.1203166667,244749,244937,188
100,22,list,151,122.52665,477.9859166667,244937,245125,188
100,22,list,151,120.45875,480.9145166667,245125,245313,188
100,0,blank,0,134.7676,490.252,245313,245344,31
100,0,blank,0,-350,-105,245376,245563,187
100,0,blank,0,-350,-105,245563,245760,197
100,0,blank,0,-350,-105,245760,245954,194
100,0,blank,0,-350,-105,245954,246133,179
100,0,blank,0,-350,-105,246133,246306,173
100,0,blank,0,-350,-105,246306,246492,186
100,0,blank,0,-350,-105,246492,246676,184
100,0,blank,0,-350,-105,246676,246854,178
100,0,blank,0,-350,-105,246854,247030,176
100,0,blank,0,-350,-105,247030,247206,176
100,0,blank,0,-350,-105,247206,247374,168
100,0,blank,0,-350,-105,247374,247532,158
100,0,blank,0,-350,-105,247532,247679,147
100,0,blank,0,-350,-105,247679,248045,366
100,0,blank,0,-350,-105,248045,248588,543
100,0,blank,0,-350,-105,248588,248767,179
100,0,blank,0,-350,-105,248767,248946,179
100,0,blank,0,-350,-105,248946,249125,179
100,0,blank,0,-350,-105,249125,249304,179
100,0,blank,0,-350,-105,249304,249491,187
100,0,blank,0,-350,-105,249491,249671,180
100,0,blank,0,-350,-105,249671,249852,181
100,0,blank,0,-350,-105,249852,250018,166
100,0,blank,0,-350,-105,250018,250184,166
100,0,blank,0,-350,-105,250184,250532,348
100,0,blank,0,-350,-105,250532,250710,178
100,0,blank,0,-350,-105,250710,250888,178
100,0,blank,0,-350,-105,250888,251064,176
100,0,blank,0,-350,-105,251064,251245,181
100,0,blank,0,-350,-105,251245,251425,180
100,0,blank,0,-350,-105,251425,251603,178
100,0,blank,0,-350,-105,251603,251784,181
100,0,blank,0,-350,-105,251784,251967,183
100,0,blank,0,-350,-105,251967,252150,183
100,0,blank,0,-350,-105,252150,252223,73
100,0,blank,0,217.5705,329.8866,252244,252402,158
100,13,11,77,242.8849,276.2986,252402,252450,48
100,13,20,75,198.5344,280.3027,252787,252830,43
100,0,blank,0,259.6382,326.3221,252874,252917,43
100,0,blank,0,262.4394333333,379.9609333333,252962,253092,130
100,0,blank,0,198.51352,251.70834,253130,253309,179
100,0,blank,0,219.6836666667,246.8924333333,253309,253490,181
100,0,blank,0,215.6367,250.22675,253490,253672,182
100,0,blank,0,210.7845,245.8701,253672,253702,30
100,0,blank,0,-350,-105,253732,253918,186
100,0,blank,0,206.5238,252.6448333333,254075,254249,174
100,0,blank,0,222.8396333333,256.33435,254249,254434,185
100,0,blank,0,194.5910166667,256.9420666667,254434,254618,184
100,0,blank,0,187.49035,260.43925,254618,254801,183
100,0,blank,0,185.1764333333,250.2407666667,254801,254986,185
100,0,blank,0,187.2811333333,253.4122,254986,255079,93
100,0,blank,0,-350,-105,255140,255275,135
100,0,blank,0,222.6841,257.0576,255329,255394,65
100,0,blank,0,231.0612666667,248.1489333333,255466,255643,177
100,0,blank,0,232.0945333333,251.51955,255643,255828,185
100,0,blank,0,257.77125,251.7124,255828,256014,186
100,0,blank,0,259.08375,249.9509333333,256014,256202,188
100,0,blank,0,248.0329166667,256.6800333333,256202,256385,183
100,0,blank,0,263.20245,253.2042,256385,256570,185
100,0,blank,0,239.0184333333,258.5462333333,256570,256756,186
100,13,11,77,236.391175,270.418825,256756,256879,123
100,0,blank,0,-350,-105,256910,257018,108
100,0,blank,0,235.8799666667,246.7719333333,257123,257294,171
100,0,blank,0,277.8112666667,258.96475,257294,257481,187
100,0,blank,0,238.0026666667,253.0071,257481,257670,189
100,0,blank,0,201.0407,259.8962166667,257670,257855,185
100,0,blank,0,189.0084833333,262.2292833333,257855,258041,186
100,0,blank,0,255.8456333333,257.10715,258041,258228,187
100,0,blank,0,285.9818,253.0476,258228,258258,30
100,0,blank,0,-350,-105,258290,258475,185
100,0,blank,0,-350,-105,258475,258531,56
100,0,blank,0,276.8723166667,256.5747,258561,258730,169
100,0,blank,0,290.6967666667,248.7832333333,258730,258917,187
100,0,blank,0,305.8969833333,245.8185,258917,259099,182
100,0,blank,0,293.8042,242.0506833333,259099,259286,187
100,0,blank,0,216.21135,245.1509166667,259286,259471,185
100,0,blank,0,198.8032833333,247.7245,259471,259656,185
100,0,blank,0,192.6639666667,242.3382666667,259656,259749,93
100,0,blank,0,-350,-105,259811,259972,161
100,0,blank,0,208.4872666667,261.6556,260000,260173,173
100,0,blank,0,213.6017,258.8712,260173,260267,94
100,0,blank,0,314.3235333333,254.0944833333,260298,260487,189
100,0,blank,0,317.6831,256.8148,260487,260549,62
100,0,blank,0,204.2171166667,250.74315,260581,260769,188
100,0,blank,0,191.3257833333,256.8328333333,260769,260956,187
100,13,20,75,193.1609,269.30155,260956,261146,190
100,0,blank,0,189.3383666667,269.5876333333,261146,261336,190
100,0,blank,0,190.64795,267.855875,261336,261463,127
100,0,blank,0,-350,-105,261493,261628,135
100,0,blank,0,222.5198,264.1925,261680,261744,64
100,0,blank,0,260.4351166667,265.3557333333,261809,261992,183
100,24,list,161,184.16185,525.4723,262055,262241,186
100,0,blank,0,181.0878166667,489.13085,262241,262428,187
100,22,>,150,178.0158166667,467.8622,262428,262612,184
100,20,<,135,191.9092,430.704,262612,262796,184
100,0,blank,0,192.37615,406.90955,262796,262857,61
100,0,blank,0,-350,-105,262887,263046,159
100,0,blank,0,-350,-105,263046,263103,57
100,0,blank,0,131.1146666667,423.92085,263259,263434,175
100,20,=,131,122.94015,431.5627666667,263434,263621,187
100,18,0,118,103.05325,389.10775,263621,263809,188
100,0,blank,0,105.47986,402.21516,263809,263971,162
100,0,blank,0,-350,-105,264038,264173,135
100,17,displayList,107,90.1852166667,375.7417666667,264443,264617,174
100,0,blank,0,115.2782833333,389.67355,264617,264804,187
100,0,blank,0,153.21905,392.71405,264804,264992,188
100,0,blank,0,155.0573,388.6139,264992,265179,187
100,0,blank,0,159.18394,390.96566,265179,265334,155
100,0,blank,0,-350,-105,265365,265549,184
100,0,blank,0,-350,-105,265549,265702,153
100,18,0,118,96.2972166667,389.5670333333,265732,265912,180
100,0,blank,0,87.5995666667,387.9363,265912,266101,189
100,17,displayList,107,115.0782833333,375.6592166667,266101,266289,188
100,18,i,124,127.2614166667,379.7031,266289,266475,186
100,18,i,124,133.5812333333,388.26815,266475,266660,185
100,18,i,124,129.0852833333,384.96515,266660,266848,188
100,0,blank,0,129.4474333333,398.3044,266848,266942,94
100,0,blank,0,-350,-105,266972,267164,192
100,0,blank,0,140.69175,382.6918166667,267324,267501,177
100,17,list,109,160.85795,375.4810666667,267501,267688,187
100,18,0,118,94.2468333333,387.2178333333,267688,267876,188
100,0,blank,0,87.6449833333,386.7866333333,267876,268063,187
100,0,blank,0,84.7367,402.359,268063,268249,186
100,18,=,117,82.9687,378.5638,268249,268373,124
100,0,blank,0,-350,-105,268405,268569,164
100,17,displayList,107,82.9455833333,372.0895833333,268695,268872,177
100,17,displayList,107,109.1718666667,373.8242833333,268872,269057,185
100,17,list,109,145.4236666667,372.1378166667,269057,269242,185
100,0,blank,0,159.2811666667,381.36275,269242,269425,183
100,0,blank,0,157.8244166667,378.1776666667,269425,269611,186
100,17,list,109,153.1947166667,371.7567333333,269611,269796,185
100,18,size,122,165.4363166667,380.6606833333,269796,269978,182
100,17,list,109,159.2317166667,374.89545,269978,270165,187
100,0,blank,0,-350,-105,270196,270381,185
100,13,12,73,153.8606,283.8702,270438,270504,66
100,17,list,109,156.9144833333,368.54185,270575,270757,182
100,17,list,109,151.3599166667,366.5755833333,270757,270953,196
100,18,<,121,145.82845,393.4187166667,270953,271147,194
100,18,<,121,149.4948,384.0727,271147,271338,191
100,0,blank,0,151.1098666667,376.0894166667,271338,271526,188
100,0,blank,0,156.6311,385.4819833333,271526,271715,189
100,0,blank,0,-350,-105,271778,271938,160
100,0,blank,0,-350,-105,271938,272011,73
100,18,size,122,180.7034,387.76725,272045,272231,186
100,0,blank,0,138.8457,487.9354,272231,272262,31
100,0,blank,0,92.2634833333,664.772,272295,272489,194
100,31,return,197,75.0598666667,682.2470333333,272489,272685,196
100,31,return,197,83.3020833333,679.0067833333,272685,272876,191
100,0,blank,0,172.8329166667,678.1544166667,272876,273070,194
100,0,blank,0,64.7493,700.8139333333,273102,273295,193
100,0,blank,0,112.5934166667,695.9434833333,273295,273487,192
100,0,blank,0,152.5473,678.91085,273487,273618,131
100,24,list,161,157.9248,518.249925,273651,273842,191
100,0,blank,0,-350,-105,273885,274084,199
100,0,blank,0,-350,-105,274084,274263,179
100,0,blank,0,-350,-105,274263,274453,190
100,0,blank,0,-350,-105,274453,274557,104
100,20,size,136,213.6259666667,421.5946333333,274577,274734,157
100,0,blank,0,203.3978,436.186375,274734,274909,175
100,0,blank,0,244.838175,431.23045,274909,275085,176
100,20,1,138,279.41495,435.528525,275085,275265,180
100,0,blank,0,292.9608,450.8669,275265,275456,191
100,0,blank,0,356.6395333333,438.0231833333,275484,275666,182
100,0,blank,0,342.7433,424.6825,275666,275697,31
100,0,blank,0,215.64618,447.26266,275728,275885,157
100,0,blank,0,-350,-105,275915,276105,190
100,0,blank,0,-350,-105,276105,276257,152
100,0,blank,0,-350,-105,276257,276436,179
100,20,j,140,166.73506,427.2053,276466,276654,188
100,20,0,132,141.60235,429.982125,276654,276840,186
100,20,0,132,138.9789,421.7119,276840,277020,180
100,0,blank,0,130.480575,406.9616,277020,277199,179
100,18,<,121,152.66745,397.7194,277199,277386,187
100,0,blank,0,201.2749,414.13992,277386,277578,192
100,0,blank,0,218.0902666667,396.6828166667,277578,277772,194
100,0,blank,0,239.7064,402.78668,277772,277937,165
100,0,blank,0,201.05358,425.12846,277937,278106,169
100,0,blank,0,181.7691333333,439.6082333333,278106,278299,193
100,0,blank,0,-350,-105,278332,278521,189
100,0,blank,0,177.9595166667,413.9387,278662,278847,185
100,0,blank,0,172.8722,405.7897833333,278847,279040,193
100,0,blank,0,158.89885,399.2032166667,279040,279228,188
100,0,blank,0,162.22835,402.6084166667,279228,279417,189
100,0,blank,0,191.9289333333,414.8682833333,279417,279605,188
100,0,blank,0,191.61855,410.3666,279605,279792,187
100,0,blank,0,187.4688166667,406.0900833333,279792,279982,190
100,0,blank,0,179.0156,399.0406,279982,280076,94
100,0,blank,0,-350,-105,280107,280267,160
100,18,size,122,175.3176166667,389.0167,280397,280576,179
100,0,blank,0,189.4897333333,414.75415,280576,280766,190
100,0,blank,0,202.3464,425.39755,280766,280961,195
100,20,size,136,204.6364833333,436.1699,280961,281149,188
100,0,blank,0,201.0485333333,435.3525166667,281149,281342,193
100,20,<,135,191.8612166667,431.87285,281342,281532,190
100,0,blank,0,198.4327,444.3599,281532,281563,31
100,0,blank,0,-350,-105,281596,281781,185
100,0,blank,0,-350,-105,281781,281957,176
100,0,blank,0,195.2224166667,412.9012,281987,282168,181
100,0,blank,0,188.9162833333,402.0500166667,282168,282360,192
100,18,size,122,200.5164,394.5199833333,282360,282552,192
100,0,blank,0,234.9884666667,400.1720666667,282552,282739,187
100,18,i,124,233.9336166667,395.4415166667,282739,282926,187
100,18,++,125,240.50158,393.6037,282926,283082,156
100,0,blank,0,212.116,395.98476,283082,283262,180
100,0,blank,0,215.3502666667,393.5583,283262,283354,92
100,0,blank,0,-350,-105,283386,283519,133
100,18,size,122,202.3916,391.7424833333,283643,283824,181
100,18,size,122,202.24115,394.3122833333,283824,284012,188
100,18,),126,257.0879833333,396.8700833333,284012,284199,187
100,18,),126,257.83698,397.08454,284199,284358,159
100,0,blank,0,254.1495,488.447,284358,284519,161
100,0,blank,0,246.2693,493.8224,284519,284606,87
100,0,blank,0,224.18385,492.41725,284606,284775,169
100,0,blank,0,236.7623666667,488.4639833333,284775,284974,199
100,0,blank,0,315.27435,485.9363666667,284974,285166,192
100,0,blank,0,289.5540666667,452.2680833333,285166,285356,190
100,0,blank,0,-350,-105,285388,285498,110
100,17,),112,237.1395,371.7223,285524,285549,25
100,18,++,125,240.2602666667,380.8043833333,285612,285796,184
100,0,blank,0,219.6973166667,391.0816333333,285796,285991,195
100,0,blank,0,216.76325,399.2793333333,285991,286186,195
100,0,blank,0,213.9472166667,399.7826666667,286186,286381,195
100,0,blank,0,248.8410166667,398.2193333333,286381,286572,191
100,18,++,125,247.6212166667,397.46565,286572,286762,190
100,0,blank,0,252.8005333333,404.2866,286762,286856,94
100,0,blank,0,-350,-105,286888,287073,185
100,18,size,122,196.6381,382.3887,287103,287142,39
100,18,size,122,200.4249666667,394.3323833333,287205,287389,184
100,0,blank,0,249.0542333333,398.6440833333,287389,287585,196
100,0,blank,0,253.2700666667,400.0313,287585,287776,191
100,0,blank,0,232.4414333333,401.9272166667,287776,287970,194
100,18,i,124,225.6179333333,397.6301333333,287970,288160,190
100,0,blank,0,234.5245,403.5811,288160,288288,128
100,0,blank,0,-350,-105,288321,288480,159
100,18,i,124,228.7638,383.2611,288514,288559,45
100,18,i,124,230.4372666667,391.2729333333,288627,288808,181
100,0,blank,0,216.8074666667,396.4424,288808,289000,192
100,0,blank,0,192.7627666667,400.1370333333,289000,289193,193
100,0,blank,0,248.4989166667,401.8349,289193,289382,189
100,0,blank,0,248.4317166667,399.1805,289382,289573,191
100,0,blank,0,249.5788666667,401.775,289573,289761,188
100,0,blank,0,254.4002,401.73095,289761,289823,62
100,0,blank,0,-350,-105,289854,290042,188
100,18,++,125,245.9339,397.3148,290075,290115,40
100,0,blank,0,245.7592166667,409.6634,290181,290364,183
100,0,blank,0,250.4755666667,404.5536,290364,290555,191
100,0,blank,0,258.0299833333,408.63255,290555,290741,186
100,0,blank,0,-350,-105,290772,290958,186
100,0,blank,0,-350,-105,290958,291137,179
100,0,blank,0,-350,-105,291137,291313,176
100,0,blank,0,-350,-105,291313,291492,179
100,0,blank,0,-350,-105,291492,291670,178
100,0,blank,0,-350,-105,291670,291849,179
100,0,blank,0,-350,-105,291849,292048,199
100,0,blank,0,-350,-105,292048,292228,180
100,0,blank,0,-350,-105,292228,292384,156
100,0,blank,0,-350,-105,292384,292547,163
100,0,blank,0,-350,-105,292547,292621,74
100,0,blank,0,213.3729833333,442.8643,292641,292835,194
100,20,size,136,208.1641333333,441.2364333333,292835,293022,187
100,0,blank,0,247.1646166667,437.5229,293022,293210,188
100,0,blank,0,272.1903666667,438.04,293210,293400,190
100,0,blank,0,276.4403,443.5487833333,293400,293588,188
100,0,blank,0,277.7689666667,452.8836833333,293588,293774,186
100,0,blank,0,279.0717666667,448.1932833333,293774,293963,189
100,0,blank,0,-350,-105,293995,294181,186
100,0,blank,0,-350,-105,294181,294370,189
100,0,blank,0,-350,-105,294370,294529,159
100,0,blank,0,-350,-105,294529,294703,174
100,0,blank,0,-350,-105,294703,294885,182
100,0,blank,0,-350,-105,294885,295065,180
100,0,blank,0,-350,-105,295065,295138,73
100,22,list,151,121.619675,477.975825,295160,295327,167
100,0,blank,0,112.8437,531.8789,295327,295391,64
100,0,blank,0,118.4148666667,462.7751333333,295425,295521,96
100,20,0,132,134.9142333333,441.12555,295589,295777,188
100,20,0,139,151.9045833333,428.75695,295777,295960,183
100,20,0,139,147.5733666667,429.56835,295960,296146,186
100,20,0,139,148.1403,423.23915,296146,296330,184
100,0,blank,0,155.3336,434.2923,296330,296361,31
100,0,blank,0,-350,-105,296392,296556,164
100,0,blank,0,199.7215166667,436.80915,296704,296885,181
100,0,blank,0,174.3753666667,431.7832,296885,297075,190
100,0,blank,0,161.74465,431.0812,297075,297259,184
100,0,blank,0,161.124,430.1138666667,297259,297446,187
100,0,blank,0,-350,-105,297477,297611,134
100,0,blank,0,139.1661,418.1049,297644,297686,42
100,0,blank,0,159.1462833333,399.9936333333,297749,297925,176
100,18,size,122,169.0661166667,392.7800666667,297925,298108,183
100,0,blank,0,167.0406666667,402.4378166667,298108,298290,182
100,0,blank,0,154.88435,395.4200333333,298290,298471,181
100,0,blank,0,155.02565,397.2599666667,298471,298651,180
100,18,<,121,143.7196,394.92595,298651,298833,182
100,0,blank,0,115.0110333333,388.5304666667,298833,299017,184
100,0,blank,0,118.6366,388.49545,299017,299079,62
100,0,blank,0,-350,-105,299109,299294,185
100,0,blank,0,131.3688,402.1391,299338,299393,55
100,0,blank,0,134.2750666667,398.8744166667,299455,299636,181
100,0,blank,0,136.40635,397.21035,299636,299824,188
100,0,blank,0,145.8498833333,398.7117333333,299824,300014,190
100,0,blank,0,153.4029333333,397.09265,300014,300201,187
100,18,<,121,152.7163333333,394.8340666667,300201,300390,189
100,0,blank,0,154.2595,387.3813333333,300390,300581,191
100,0,blank,0,158.8878333333,391.1859333333,300581,300678,97
100,0,blank,0,-350,-105,300740,300928,188
100,0,blank,0,-350,-105,300928,301016,88
100,17,list,109,148.4724666667,375.09615,301047,301227,180
100,18,size,122,165.9286833333,383.7469,301227,301418,191
100,18,size,122,169.0293666667,392.3341666667,301418,301609,191
100,0,blank,0,139.9144833333,390.92395,301609,301801,192
100,0,blank,0,159.2926333333,407.1438666667,301801,301991,190
100,0,blank,0,177.4917166667,430.2702666667,301991,302183,192
100,0,blank,0,204.6339166667,442.6258,302183,302369,186
100,20,size,136,207.65975,438.6871,302369,302492,123
100,0,blank,0,-350,-105,302523,302718,195
100,0,blank,0,-350,-105,302718,302809,91
100,0,blank,0,254.29945,327.9505,302842,302924,82
100,14,sizeof,94,277.0087666667,294.4203166667,302987,303176,189
100,14,sizeof,94,274.63104,290.83198,303176,303360,184
100,14,sizeof,94,279.57195,291.7709333333,303360,303554,194
100,0,blank,0,203.3240166667,489.7677166667,303584,303767,183
100,0,blank,0,191.2575333333,474.9492333333,303767,303953,186
100,22,],156,155.1516833333,471.84595,303953,304139,186
100,0,blank,0,127.5885,457.8385,304139,304198,59
100,0,blank,0,-350,-105,304229,304414,185
100,0,blank,0,159.9728,391.4336333333,304510,304691,181
100,0,blank,0,155.6146,384.5015333333,304691,304814,123
100,18,i,124,131.70825,389.5558,304814,305003,189
100,18,i,124,124.7253,391.9002,305003,305121,118
100,0,blank,0,157.914575,448.961925,305121,305291,170
100,0,blank,0,166.60365,410.6429833333,305291,305471,180
100,0,blank,0,158.1733833333,397.2953833333,305471,305653,182
100,0,blank,0,240.2187666667,322.5195833333,305683,305872,189
100,0,blank,0,267.3487,263.4688,305872,305934,62
100,0,blank,0,238.28304,336.3905,305964,306144,180
100,0,blank,0,226.7868,318.3319,306144,306240,96
100,0,blank,0,-350,-105,306273,306379,106
100,0,blank,0,200.4284333333,264.2786666667,306459,306632,173
100,0,blank,0,231.076375,271.589875,306632,306811,179
100,0,blank,0,227.694875,261.2282,306811,306982,171
100,0,blank,0,214.77725,263.779075,306982,307149,167
100,0,blank,0,229.8552,265.1907,307149,307319,170
100,0,blank,0,254.79755,256.501525,307319,307492,173
100,0,blank,0,295.9959666667,245.14125,307492,307681,189
100,0,blank,0,298.4180166667,244.9382666667,307681,307867,186
100,0,blank,0,314.7172,250.7760333333,307867,308052,185
100,0,blank,0,326.4823333333,242.53165,308052,308239,187
100,0,blank,0,340.6840333333,251.6434,308239,308332,93
100,0,blank,0,-350,-105,308363,308553,190
100,0,blank,0,367.2257666667,243.97615,308669,308851,182
100,0,blank,0,374.6456666667,252.2301666667,308851,309040,189
100,0,blank,0,359.2145,264.4633,309040,309072,32
100,0,blank,0,147.3941833333,339.8605666667,309105,309296,191
100,17,list,109,147.9295833333,364.9220666667,309296,309484,188
100,17,list,109,143.28885,370.585325,309484,309610,126
100,0,blank,0,253.6282666667,355.47725,309641,309824,183
100,0,blank,0,261.1646,332.7676166667,309824,310003,179
100,0,blank,0,293.69735,252.0546,310003,310065,62
100,0,blank,0,-350,-105,310094,310278,184
100,0,blank,0,364.5738833333,253.4683833333,310424,310599,175
100,0,blank,0,372.1319666667,246.458,310599,310783,184
100,0,blank,0,362.0092333333,255.7218333333,310783,310971,188
100,0,blank,0,320.3871833333,248.69965,310971,311159,188
100,0,blank,0,356.1947833333,258.5077666667,311159,311344,185
100,0,blank,0,362.1290333333,258.7981166667,311344,311532,188
100,0,blank,0,339.1429,237.3993333333,311532,311722,190
100,0,blank,0,333.8051333333,254.6694333333,311722,311819,97
100,0,blank,0,-350,-105,311881,312074,193
100,0,blank,0,-350,-105,312074,312209,135
100,0,blank,0,313.5388833333,252.5578166667,312238,312417,179
100,0,blank,0,360.2608,250.9076333333,312417,312607,190
100,0,blank,0,366.15024,252.75842,312607,312765,158
100,17,comma,110,176.3005166667,364.1983666667,312798,312990,192
100,17,list,109,167.7573166667,372.4855333333,312990,313180,190
100,20,size,136,204.4249,438.5413666667,313180,313367,187
100,20,0,139,285.1786,435.5797666667,313367,313555,188
100,20,j,140,304.1556833333,436.6125833333,313555,313746,191
100,20,j,140,312.3859333333,425.7301,313746,313938,192
100,20,++,141,317.00904,435.95964,313938,314099,161
100,0,blank,0,-350,-105,314132,314295,163
100,0,blank,0,-350,-105,314295,314338,43
100,0,blank,0,262.1138166667,414.5764666667,314474,314661,187
100,0,blank,0,295.4395333333,437.6359333333,314661,314856,195
100,0,blank,0,287.3891833333,418.9970333333,314856,315047,191
100,0,blank,0,263.3529166667,415.9082833333,315047,315237,190
100,20,j,140,304.909,429.77635,315237,315425,188
100,0,blank,0,301.8197166667,431.3371,315425,315613,188
100,0,blank,0,295.2662833333,429.1761,315613,315806,193
100,20,-,137,260.5731333333,432.2719333333,315806,315996,190
100,20,size,136,220.17705,424.7747166667,315996,316185,189
100,18,size,122,201.2384666667,391.86095,316185,316379,194
100,18,size,122,192.3177,388.0219,316379,316413,34
100,0,blank,0,-350,-105,316445,316631,186
100,0,blank,0,-350,-105,316631,316800,169
100,0,blank,0,217.4385666667,397.4411166667,316833,317011,178
100,20,0,139,288.391,426.5533833333,317011,317203,192
100,20,0,139,288.79045,436.51535,317203,317392,189
100,0,blank,0,295.8111833333,424.5644333333,317392,317580,188
100,20,0,139,286.9949,430.6109833333,317580,317767,187
100,20,size,136,238.8930833333,423.64435,317767,317959,192
100,20,size,136,242.43115,422.4022,317959,318024,65
100,30,size,194,210.3621,644.3177833333,318057,318248,191
100,0,blank,0,162.7328833333,675.2510166667,318248,318441,193
100,0,blank,0,142.89125,696.9083833333,318441,318636,195
100,0,blank,0,138.97415,702.0436,318636,318701,65
100,0,blank,0,-350,-105,318767,318857,90
100,0,blank,0,400.2255,19.834,318911,318981,70
100,0,blank,0,-350,-105,319020,319210,190
100,0,blank,0,-350,-105,319210,319385,175
100,0,blank,0,-350,-105,319385,319582,197
100,0,blank,0,-350,-105,319582,319761,179
100,0,blank,0,-350,-105,319761,319931,170
100,0,blank,0,-350,-105,319931,320124,193
100,0,blank,0,-350,-105,320124,320312,188
100,0,blank,0,-350,-105,320312,320494,182
100,0,blank,0,-350,-105,320494,320689,195
100,0,blank,0,-350,-105,320689,320879,190
100,0,blank,0,246.3676,58.63935,321371,321542,171
100,0,blank,0,288.6416,57.06235,321542,321732,190
100,3,size,20,298.9903,58.7673,321732,321910,178
100,6,Listis:,28,158.09095,132.35705,321954,322132,178
100,7,<,38,200.3455,140.059375,322132,322314,182
100,8,),54,287.2465833333,165.5994,322314,322505,191
100,0,blank,0,312.44445,170.14875,322505,322631,126
100,0,blank,0,-350,-105,322692,322825,133
100,0,blank,0,121.3659166667,250.1971833333,322941,323133,192
100,0,blank,0,117.1537,252.7389,323133,323164,31
100,0,blank,0,267.33835,536.5392833333,323228,323419,191
100,0,blank,0,266.7992833333,535.9023666667,323419,323605,186
100,25,1,175,281.4907166667,543.2220333333,323605,323791,186
100,0,blank,0,273.9067,529.07005,323791,323977,186
100,25,1,175,275.565,535.2980666667,323977,324166,189
100,25,1,175,274.4729166667,544.60335,324166,324358,192
100,0,blank,0,-350,-105,324390,324563,173
100,25,1,175,274.1957166667,534.4254666667,324685,324861,176
100,25,list,171,198.9755166667,547.5730166667,324861,325050,189
100,25,list,171,198.3532,547.4932,325050,325204,154
100,25,list,171,202.8827,551.0271,325204,325323,119
100,0,blank,0,228.64,576.3389,325323,325408,85
100,0,blank,0,219.85765,567.17325,325408,325570,162
100,0,blank,0,227.6301,596.9017,325570,325608,38
100,0,blank,0,-350,-105,325639,325825,186
100,0,blank,0,-350,-105,325825,326014,189
100,0,blank,0,-350,-105,326014,326093,79
100,0,blank,0,251.9368666667,500.38365,326123,326296,173
100,0,blank,0,231.2825166667,461.4747833333,326296,326487,191
100,0,blank,0,210.1075333333,462.0600833333,326487,326680,193
100,0,blank,0,201.0606,438.9792166667,326680,326867,187
100,0,blank,0,244.4869333333,433.4974333333,326867,327054,187
100,0,blank,0,247.3311,436.8332,327054,327084,30
100,0,blank,0,-350,-105,327114,327300,186
100,0,blank,0,-350,-105,327300,327478,178
100,0,blank,0,-350,-105,327478,327523,45
100,0,blank,0,286.9818166667,406.4007833333,327551,327723,172
100,0,blank,0,269.1968,420.04345,327723,327913,190
100,20,size,136,230.0222833333,425.85745,327913,328098,185
100,20,size,136,213.499,429.9436,328098,328281,183
100,20,size,136,207.5129666667,433.2998,328281,328468,187
100,0,blank,0,202.76515,430.4456833333,328468,328654,186
100,20,size,136,204.3197,430.412675,328654,328778,124
100,0,blank,0,-350,-105,328809,328992,183
100,0,blank,0,-350,-105,328992,329168,176
100,0,blank,0,-350,-105,329168,329205,37
100,0,blank,0,245.4389,416.4663,329234,329406,172
100,0,blank,0,246.0586166667,419.3265166667,329406,329589,183
100,0,blank,0,252.9453833333,432.783,329589,329769,180
100,0,blank,0,296.9213833333,432.5446166667,329769,329949,180
100,0,blank,0,298.8069666667,440.7142833333,329949,330130,181
100,20,1,138,279.18295,431.6414,330130,330310,180
100,0,blank,0,263.7967166667,426.3073333333,330310,330494,184
100,20,size,136,241.0399666667,432.93615,330494,330680,186
100,0,blank,0,269.0383833333,426.8961666667,330680,330865,185
100,20,0,139,285.0015166667,425.0706166667,330865,331053,188
100,20,0,139,290.7244666667,429.4032,331053,331237,184
100,0,blank,0,297.0449,432.6689333333,331237,331330,93
100,0,blank,0,-350,-105,331362,331547,185
100,0,blank,0,-350,-105,331547,331705,158
100,18,++,125,239.99375,385.7763,331735,331917,182
100,18,++,125,237.0317333333,385.3297,331917,332107,190
100,0,blank,0,274.21525,410.9816833333,332107,332297,190
100,0,blank,0,294.6669166667,429.6844333333,332297,332492,195
100,0,blank,0,293.43628,429.9059,332492,332656,164
100,0,blank,0,-350,-105,332688,332875,187
100,0,blank,0,-350,-105,332875,332993,118
100,0,blank,0,253.8173166667,423.8279833333,333022,333203,181
100,20,size,136,222.53555,431.1055666667,333203,333399,196
100,0,blank,0,265.42625,427.524,333399,333590,191
100,0,blank,0,271.5885666667,425.1237,333590,333786,196
100,0,blank,0,293.623,423.8083166667,333786,333977,191
100,0,blank,0,299.0531,438.0541,333977,334010,33
100,0,blank,0,-350,-105,334075,334259,184
100,0,blank,0,-350,-105,334259,334438,179
100,0,blank,0,-350,-105,334438,334556,118
100,0,blank,0,-350,-105,334556,334734,178
100,20,1,138,274.5940333333,428.4993333333,334766,334946,180
100,0,blank,0,301.0003333333,438.6302166667,334946,335140,194
100,0,blank,0,249.7340833333,437.7450666667,335140,335329,189
100,0,blank,0,250.3075,445.9058333333,335329,335513,184
100,0,blank,0,252.3089,443.3419666667,335513,335607,94
100,0,blank,0,-350,-105,335639,335825,186
100,0,blank,0,-350,-105,335825,336004,179
100,0,blank,0,-350,-105,336004,336175,171
100,0,blank,0,-350,-105,336175,336359,184
100,0,blank,0,-350,-105,336359,336522,163
100,0,blank,0,-350,-105,336522,336678,156
100,0,blank,0,-350,-105,336678,336835,157
100,0,blank,0,-350,-105,336835,337012,177
100,0,blank,0,-350,-105,337012,337309,297
100,0,blank,0,-350,-105,337309,337505,196
100,0,blank,0,-350,-105,337505,337704,199
100,0,blank,0,-350,-105,337704,337894,190
100,0,blank,0,-350,-105,337894,338070,176
100,0,blank,0,-350,-105,338070,338225,155
100,0,blank,0,-350,-105,338225,338326,101
100,0,blank,0,-350,-105,338326,338518,192
100,0,blank,0,-350,-105,338518,338660,142
100,0,blank,0,269.7854,428.6262,338680,338873,193
100,20,1,138,282.3762,422.3227666667,338873,339056,183
100,20,1,138,281.1260666667,433.49255,339056,339241,185
100,20,0,139,286.37385,441.3679,339241,339427,186
100,20,1,138,274.0539166667,429.5403166667,339427,339613,186
100,0,blank,0,244.7347333333,426.4574,339613,339799,186
100,20,size,136,221.3828666667,438.9046333333,339799,339986,187
100,20,1,138,278.3830166667,437.8933333333,339986,340177,191
100,0,blank,0,294.50074,436.24434,340177,340338,161
100,0,blank,0,-350,-105,340402,340584,182
100,0,blank,0,-350,-105,340584,340762,178
100,0,blank,0,-350,-105,340762,340945,183
100,0,blank,0,-350,-105,340945,341127,182
100,0,blank,0,-350,-105,341127,341310,183
100,0,blank,0,-350,-105,341310,341489,179
100,0,blank,0,-350,-105,341489,341572,83
100,0,blank,0,-350,-105,341572,341787,215
100,0,blank,0,-350,-105,341787,341995,208
100,0,blank,0,-350,-105,341995,342141,146
100,0,blank,0,-350,-105,342141,342310,169
100,0,blank,0,-350,-105,342310,342494,184
100,0,blank,0,-350,-105,342494,342670,176
100,0,blank,0,-350,-105,342670,342864,194
100,0,blank,0,-350,-105,342864,343135,271
100,0,blank,0,-350,-105,343135,343407,272
100,0,blank,0,-350,-105,343407,343611,204
100,0,blank,0,-350,-105,343611,343807,196
100,0,blank,0,-350,-105,343807,343987,180
100,0,blank,0,-350,-105,343987,344167,180
100,0,blank,0,-350,-105,344167,344347,180
100,0,blank,0,-350,-105,344347,344527,180
100,0,blank,0,-350,-105,344527,344719,192
100,0,blank,0,247.1280666667,404.2957666667,344748,344921,173
100,20,1,138,276.00495,433.8302,344921,345050,129
100,0,blank,0,226.32815,416.1,345050,345174,124
100,0,blank,0,247.4116666667,462.9177666667,345174,345344,170
100,0,blank,0,252.0158,440.656325,345344,345518,174
100,20,-,137,258.85415,429.61715,345518,345655,137
100,0,blank,0,249.449,413.8508,345655,345808,153
100,20,size,136,215.06875,431.8374,345808,345994,186
100,20,size,136,212.4728666667,425.1546,345994,346188,194
100,20,size,136,212.8156166667,438.2823666667,346188,346376,188
100,0,blank,0,169.93735,410.6627833333,346376,346567,191
100,0,blank,0,178.9505,430.9052666667,346567,346756,189
100,0,blank,0,182.55355,423.78005,346756,346820,64
100,0,blank,0,-350,-105,346851,347012,161
100,0,blank,0,200.389,430.2992,347120,347304,184
100,20,size,136,227.9092833333,426.1062833333,347304,347496,192
100,0,blank,0,241.5094833333,415.5542833333,347496,347687,191
100,20,size,136,212.0068666667,433.4054333333,347687,347876,189
100,20,size,136,206.5852,439.9949,347876,347941,65
100,0,blank,0,-350,-105,347972,348134,162
100,0,blank,0,215.6016,408.9772,348192,348260,68
100,20,size,136,204.6447166667,431.8990833333,348326,348508,182
100,0,blank,0,203.572,428.6919,348508,348695,187
100,0,blank,0,224.7103833333,420.4893833333,348695,348885,190
100,20,size,136,228.7659333333,428.1836,348885,349074,189
100,0,blank,0,-350,-105,349108,349292,184
100,0,blank,0,-350,-105,349292,349470,178
100,0,blank,0,-350,-105,349470,349606,136
100,0,blank,0,-350,-105,349606,349775,169
100,0,blank,0,-350,-105,349775,349949,174
100,0,blank,0,-350,-105,349949,350139,190
100,0,blank,0,-350,-105,350139,350333,194
100,0,blank,0,-350,-105,350333,350511,178
100,0,blank,0,-350,-105,350511,350689,178
100,0,blank,0,-350,-105,350689,350867,178
100,0,blank,0,-350,-105,350867,351050,183
100,0,blank,0,-350,-105,351050,351230,180
100,0,blank,0,-350,-105,351230,351411,181
100,0,blank,0,-350,-105,351411,351591,180
100,0,blank,0,-350,-105,351591,351774,183
100,0,blank,0,-350,-105,351774,351904,130
100,0,blank,0,-350,-105,351904,352255,351
100,0,blank,0,-350,-105,352255,352401,146
100,0,blank,0,-350,-105,352401,352543,142
100,0,blank,0,-350,-105,352543,352709,166
100,0,blank,0,-350,-105,352709,352889,180
100,0,blank,0,-350,-105,352889,353063,174
100,0,blank,0,-350,-105,353063,353240,177
100,0,blank,0,-350,-105,353240,353416,176
100,0,blank,0,-350,-105,353416,353595,179
100,0,blank,0,-350,-105,353595,353632,37
100,0,blank,0,223.625575,412.8327,353654,353850,196
100,0,blank,0,224.467875,416.2709,353850,354020,170
100,0,blank,0,255.588075,402.4233,354020,354194,174
100,0,blank,0,250.46515,413.493025,354194,354364,170
100,0,blank,0,227.4129,415.7881,354364,354407,43
100,26,list,178,89.03794,573.92148,354450,354631,181
100,0,blank,0,52.14525,630.2214833333,354631,354816,185
100,29,},189,28.0518666667,634.1595,354816,354914,98
100,0,blank,0,-350,-105,354945,355134,189
100,0,blank,0,-350,-105,355134,355301,167
100,0,blank,0,-350,-105,355301,355481,180
100,0,blank,0,-350,-105,355481,355669,188
100,0,blank,0,-350,-105,355669,355847,178
100,0,blank,0,-350,-105,355847,355945,98
