Frameno_fix,lineno_fix,Tokenname_fix,tokens_id,gaze_X_fix,gaze_Y_fix,timestamp_fix_start,timestamp_fix_end,time_duration
100,0,blank,0,-333,-105,3302,3379,77
100,9,node,42,207.76845,180.75465,3538,3729,191
100,9,node,42,201.39515,184.34185,3729,3830,101
100,0,blank,0,406.6427,32.4167,4113,4139,26
100,0,blank,0,202.1572,-12.1924,4364,4390,26
100,0,blank,0,-333,-105,4413,4514,101
100,0,blank,0,-333,-105,4514,4705,191
100,0,blank,0,-333,-105,4705,4889,184
100,0,blank,0,-333,-105,4889,4991,102
100,0,blank,0,129.9763,-9.1609,5105,5181,76
100,1,Program,4,57.4799,8.5147,5250,5275,25
100,0,blank,0,130.6503,24.8712,5333,5358,25
100,0,blank,0,-333,-105,5383,5561,178
100,0,blank,0,-333,-105,5561,5733,172
100,0,blank,0,-333,-105,5733,5840,107
100,0,blank,0,-333,-105,5840,6043,203
100,4,struct,25,4.13669999999999,82.85535,6083,6148,65
100,0,blank,0,117.79848,111.80458,6256,6438,182
100,7,node,32,146.2709,145.7467,6438,6546,108
100,0,blank,0,-333,-105,6604,6709,105
100,0,blank,0,105.428733333333,153.3541,6733,6881,148
100,0,blank,0,106.2013,112.7807,6881,7082,201
100,6,num,29,104.5007,123.63808,7082,7257,175
100,0,blank,0,-333,-105,7310,7495,185
100,0,blank,0,-333,-105,7495,7672,177
100,0,blank,0,-333,-105,7672,7824,152
100,0,blank,0,-333,-105,7824,8019,195
100,0,blank,0,-333,-105,8019,8195,176
100,0,blank,0,-333,-105,8195,8372,177
100,0,blank,0,-333,-105,8372,8561,189
100,0,blank,0,-333,-105,8561,8714,153
100,0,blank,0,-333,-105,8714,8851,137
100,0,blank,0,-333,-105,8851,9097,246
100,0,blank,0,-333,-105,9097,9313,216
100,0,blank,0,-333,-105,9313,9661,348
100,0,blank,0,-333,-105,9661,9856,195
100,0,blank,0,-333,-105,9856,10049,193
100,0,blank,0,-333,-105,10049,10209,160
100,0,blank,0,-333,-105,10209,10397,188
100,0,blank,0,-333,-105,10397,10566,169
100,0,blank,0,-333,-105,10566,10742,176
100,0,blank,0,-333,-105,10742,10777,35
100,0,blank,0,-333,-105,10777,10960,183
100,0,blank,0,-333,-105,10960,11012,52
100,0,blank,0,-333,-105,11012,11363,351
100,0,blank,0,-333,-105,11363,11525,162
100,0,blank,0,-333,-105,11525,11698,173
100,0,blank,0,-333,-105,11698,11875,177
100,0,blank,0,-333,-105,11875,12051,176
100,0,blank,0,-333,-105,12051,12239,188
100,0,blank,0,-333,-105,12239,12390,151
100,0,blank,0,-333,-105,12390,12580,190
100,0,blank,0,-333,-105,12580,12606,26
100,0,blank,0,-333,-105,12606,12943,337
100,0,blank,0,-333,-105,12943,13277,334
100,0,blank,0,185.0761,133.985,13417,13492,75
100,0,blank,0,-333,-105,13519,13604,85
100,0,blank,0,280.10312,109.41624,13637,13812,175
100,0,blank,0,316.43996,134.75454,13812,13985,173
100,0,blank,0,331.3974,165.2853,14124,14149,25
100,9,struct,41,148.6656,180.298125,14199,14374,175
100,11,release,59,86.4341666666667,227.761466666667,14374,14549,175
100,10,reverse,48,84.51335,221.7616,14549,14599,50
100,0,blank,0,-333,-105,14651,14752,101
100,11,release,59,75.50238,233.3118,14948,15078,130
100,2,stdio,14,107.6323,29.8427,15227,15253,26
100,10,struct,50,187.58975,211.8852,15290,15361,71
100,0,blank,0,295.63805,94.9135,15458,15524,66
100,0,blank,0,216.6829,161.5511,15563,15627,64
100,10,node,51,205.1352,206.5715,15686,15711,25
100,0,blank,0,-333,-105,15741,15923,182
100,0,blank,0,-333,-105,15923,16115,192
100,0,blank,0,-333,-105,16115,16248,133
100,0,blank,0,-333,-105,16248,16385,137
100,0,blank,0,-333,-105,16385,16591,206
100,0,blank,0,-333,-105,16591,16700,109
100,0,blank,0,-333,-105,16829,16922,93
100,12,struct,70,174.7467,253.87155,16964,17039,75
100,9,node,42,215.92,186.8356,17189,17214,25
100,0,blank,0,-333,-105,17340,17416,76
100,0,blank,0,51.63515,237.32465,17520,17570,50
100,0,blank,0,-333,-105,17621,17746,125
100,12,void,67,32.29805,251.938675,17771,17946,175
100,0,blank,0,-333,-105,17996,18177,181
100,0,blank,0,-333,-105,18177,18315,138
100,15,node,81,136.37715,323.17955,18467,18531,64
100,0,blank,0,-333,-105,18621,18797,176
100,0,blank,0,-333,-105,18797,18974,177
100,0,blank,0,-333,-105,18974,19173,199
100,0,blank,0,-333,-105,19173,19268,95
100,0,blank,0,31.0175,338.2635,19340,19372,32
100,0,blank,0,-333,-105,19434,19612,178
100,0,blank,0,-333,-105,19612,19790,178
100,0,blank,0,-333,-105,19790,19988,198
100,0,blank,0,-333,-105,19988,20142,154
100,0,blank,0,-333,-105,20142,20317,175
100,0,blank,0,-333,-105,20317,20411,94
100,15,NULL,85,221.5366,320.071325,20542,20731,189
100,17,"Enterdataintothelist\n",92,219.2567,356.866533333333,20731,20811,80
100,17,printf,90,87.03005,363.7237,20837,20893,56
100,0,blank,0,-333,-105,20972,21022,50
100,19,printf,101,87.72538,400.74142,21072,21247,175
100,17,printf,90,97.812,373.6833,21247,21272,25
100,0,blank,0,-333,-105,21347,21523,176
100,0,blank,0,-333,-105,21523,21701,178
100,0,blank,0,-333,-105,21701,21741,40
100,2,h,16,172.6844,29.4824,22045,22124,79
100,0,blank,0,-333,-105,22152,22329,177
100,0,blank,0,-333,-105,22329,22508,179
100,0,blank,0,-333,-105,22508,22684,176
100,0,blank,0,-333,-105,22684,22872,188
100,0,blank,0,-333,-105,22872,23037,165
100,0,blank,0,-333,-105,23037,23195,158
100,0,blank,0,-333,-105,23195,23368,173
100,0,blank,0,-333,-105,23368,23586,218
100,0,blank,0,-333,-105,23586,23723,137
100,0,blank,0,-333,-105,23723,23857,134
100,0,blank,0,-333,-105,23857,24024,167
100,0,blank,0,-333,-105,24024,24171,147
100,13,int,75,42.5708,287.6339,24202,24233,31
100,0,blank,0,-333,-105,24338,24431,93
100,0,blank,0,221.5073,353.3849,24487,24565,78
100,0,blank,0,-333,-105,24590,24766,176
100,0,blank,0,-333,-105,24766,24943,177
100,0,blank,0,-333,-105,24943,25069,126
100,0,blank,0,-333,-105,25069,25166,97
100,0,blank,0,-333,-105,25166,25341,175
100,0,blank,0,-333,-105,25341,25517,176
100,0,blank,0,-333,-105,25517,25666,149
100,0,blank,0,-333,-105,25666,25784,118
100,0,blank,0,-333,-105,25784,25882,98
100,0,blank,0,78.8286,292.0029,26011,26027,16
100,16,int,87,57.1543,340.0982,26027,26256,229
100,19,printf,101,76.66245,406.1125,26256,26406,150
100,20,display,106,109.8849,430.4482,26533,26558,25
100,0,blank,0,-333,-105,26658,26708,50
100,16,int,87,43.06735,351.93695,26808,26946,138
100,0,blank,0,-333,-105,27043,27221,178
100,0,blank,0,-333,-105,27221,27400,179
100,0,blank,0,-333,-105,27400,27522,122
100,0,blank,0,-333,-105,27817,27997,180
100,0,blank,0,-333,-105,27997,28176,179
100,0,blank,0,-333,-105,28176,28260,84
100,0,blank,0,-333,-105,28260,28495,235
100,0,blank,0,-333,-105,28495,28694,199
100,0,blank,0,-333,-105,28694,29073,379
100,0,blank,0,-333,-105,29073,29456,383
100,0,blank,0,-333,-105,29456,29608,152
100,0,blank,0,-333,-105,29608,29788,180
100,0,blank,0,-333,-105,29788,29962,174
100,0,blank,0,-333,-105,29962,30034,72
100,0,blank,0,-333,-105,30034,30208,174
100,0,blank,0,-333,-105,30208,30361,153
100,0,blank,0,-333,-105,30361,30507,146
100,0,blank,0,-333,-105,30507,30586,79
100,0,blank,0,-333,-105,30586,30800,214
100,0,blank,0,-333,-105,30800,30990,190
100,0,blank,0,-333,-105,30990,31336,346
100,0,blank,0,-333,-105,31336,31513,177
100,0,blank,0,-333,-105,31513,31693,180
100,0,blank,0,-333,-105,31693,31768,75
100,0,blank,0,-333,-105,32198,32390,192
100,0,blank,0,-333,-105,32390,32568,178
100,0,blank,0,-333,-105,32568,32705,137
100,0,blank,0,-333,-105,32705,32880,175
100,0,blank,0,-333,-105,32880,33062,182
100,0,blank,0,-333,-105,33062,33177,115
100,0,blank,0,-333,-105,33177,33398,221
100,0,blank,0,-333,-105,33398,33423,25
100,0,blank,0,-333,-105,33423,34000,577
100,0,blank,0,-333,-105,34000,34572,572
100,0,blank,0,-333,-105,34572,34744,172
100,0,blank,0,-333,-105,34744,34927,183
100,0,blank,0,-333,-105,34927,35066,139
100,0,blank,0,-333,-105,35066,35359,293
100,0,blank,0,-333,-105,35359,35663,304
100,0,blank,0,-333,-105,35663,35852,189
100,0,blank,0,-333,-105,35852,35975,123
100,0,blank,0,-333,-105,35975,36144,169
100,0,blank,0,-333,-105,36144,36321,177
100,0,blank,0,-333,-105,36321,36504,183
100,0,blank,0,-333,-105,36504,36657,153
100,0,blank,0,-333,-105,36657,36847,190
100,0,blank,0,-333,-105,36847,37008,161
100,0,blank,0,-333,-105,37008,37190,182
100,0,blank,0,-333,-105,37190,37370,180
100,0,blank,0,-333,-105,37370,37521,151
100,0,blank,0,-333,-105,37521,37892,371
100,0,blank,0,-333,-105,37892,38167,275
100,0,blank,0,-333,-105,38167,38340,173
100,0,blank,0,-333,-105,38340,38470,130
100,0,blank,0,-333,-105,38470,38724,254
100,0,blank,0,-333,-105,38724,38883,159
100,0,blank,0,-333,-105,38883,39178,295
100,0,blank,0,-333,-105,39178,39368,190
100,0,blank,0,-333,-105,39368,39519,151
100,0,blank,0,-333,-105,39519,39628,109
100,0,blank,0,-333,-105,39628,39845,217
100,0,blank,0,-333,-105,39845,39989,144
100,0,blank,0,-333,-105,39989,40111,122
100,0,blank,0,-333,-105,40111,40347,236
100,0,blank,0,-333,-105,40347,40462,115
100,0,blank,0,-333,-105,40462,40588,126
100,0,blank,0,-333,-105,40588,40778,190
100,0,blank,0,-333,-105,40778,41018,240
100,0,blank,0,-333,-105,41018,41196,178
100,0,blank,0,-333,-105,41196,41351,155
100,0,blank,0,-333,-105,41351,41564,213
100,0,blank,0,-333,-105,41564,41763,199
100,0,blank,0,-333,-105,41763,41991,228
100,0,blank,0,-333,-105,41991,42220,229
100,0,blank,0,-333,-105,42220,42250,30
100,0,blank,0,-333,-105,42250,42579,329
100,0,blank,0,-333,-105,42579,42906,327
100,0,blank,0,-333,-105,42906,42956,50
100,0,blank,0,-333,-105,42956,43357,401
100,0,blank,0,-333,-105,43357,43752,395
100,0,blank,0,-333,-105,43752,43882,130
100,0,blank,0,-333,-105,43882,43959,77
100,0,blank,0,-333,-105,43959,44146,187
100,0,blank,0,-333,-105,44146,44176,30
100,0,blank,0,-333,-105,44176,44441,265
100,0,blank,0,-333,-105,44441,44636,195
100,0,blank,0,-333,-105,44636,44820,184
100,0,blank,0,-333,-105,44820,44898,78
100,0,blank,0,-333,-105,44898,45037,139
100,0,blank,0,-333,-105,45037,45289,252
100,0,blank,0,-333,-105,45289,45463,174
100,0,blank,0,-333,-105,45463,45660,197
100,0,blank,0,-333,-105,45660,45858,198
100,0,blank,0,-333,-105,45858,46025,167
100,0,blank,0,-333,-105,46025,46181,156
100,0,blank,0,-333,-105,46181,46351,170
100,0,blank,0,-333,-105,46351,46546,195
100,0,blank,0,-333,-105,46546,46742,196
100,0,blank,0,-333,-105,46742,46917,175
100,0,blank,0,-333,-105,46917,47096,179
100,0,blank,0,-333,-105,47096,47280,184
100,0,blank,0,-333,-105,47280,47461,181
100,0,blank,0,-333,-105,47461,47590,129
100,0,blank,0,-333,-105,47590,47723,133
100,0,blank,0,-333,-105,47723,47910,187
100,0,blank,0,-333,-105,47910,48073,163
100,0,blank,0,-333,-105,48073,48230,157
100,0,blank,0,-333,-105,48230,48413,183
100,0,blank,0,-333,-105,48413,48568,155
100,0,blank,0,-333,-105,48568,48749,181
100,0,blank,0,-333,-105,48749,48879,130
100,0,blank,0,-333,-105,48879,49018,139
100,0,blank,0,-333,-105,49018,49155,137
100,0,blank,0,-333,-105,49155,49368,213
100,0,blank,0,-333,-105,49368,49555,187
100,0,blank,0,-333,-105,49555,49586,31
100,0,blank,0,-333,-105,49586,49833,247
100,0,blank,0,-333,-105,49833,49895,62
100,0,blank,0,-333,-105,49895,50126,231
100,0,blank,0,-333,-105,50126,50241,115
100,0,blank,0,-333,-105,50241,50442,201
100,0,blank,0,-333,-105,50442,50641,199
100,0,blank,0,-333,-105,50641,50820,179
100,0,blank,0,-333,-105,50820,51013,193
100,0,blank,0,-333,-105,51013,51096,83
100,0,blank,0,-333,-105,51096,51348,252
100,0,blank,0,-333,-105,51348,51516,168
100,0,blank,0,-333,-105,51516,51593,77
100,0,blank,0,-333,-105,51593,51723,130
100,0,blank,0,-333,-105,51723,51855,132
100,0,blank,0,-333,-105,51855,51987,132
100,0,blank,0,-333,-105,51987,52161,174
100,0,blank,0,-333,-105,52161,52349,188
100,0,blank,0,-333,-105,52349,52518,169
100,0,blank,0,-333,-105,52518,52697,179
100,0,blank,0,-333,-105,52697,52869,172
100,0,blank,0,-333,-105,52869,53052,183
100,0,blank,0,-333,-105,53052,53148,96
100,0,blank,0,-333,-105,53148,53345,197
100,0,blank,0,-333,-105,53345,53522,177
100,0,blank,0,-333,-105,53522,53607,85
100,0,blank,0,-333,-105,53607,53792,185
100,0,blank,0,-333,-105,53792,53995,203
100,0,blank,0,-333,-105,53995,54271,276
100,0,blank,0,-333,-105,54271,54339,68
100,0,blank,0,-333,-105,54461,54656,195
100,0,blank,0,-333,-105,54656,54834,178
100,0,blank,0,-333,-105,54834,55014,180
100,0,blank,0,-333,-105,55014,55121,107
100,0,blank,0,-333,-105,55121,55312,191
100,0,blank,0,-333,-105,55312,55487,175
100,0,blank,0,-333,-105,55487,55661,174
100,0,blank,0,-333,-105,55661,55834,173
100,0,blank,0,-333,-105,55834,56017,183
100,0,blank,0,-333,-105,56017,56384,367
100,0,blank,0,-333,-105,56384,56583,199
100,0,blank,0,-333,-105,56583,56745,162
100,0,blank,0,-333,-105,56745,56967,222
100,0,blank,0,-333,-105,56967,57002,35
100,19,(,102,110.9044,405.9594,57186,57236,50
100,0,blank,0,291.6749,385.282,57501,57549,48
100,0,blank,0,448.377166666667,385.170366666667,57607,57751,144
100,19,"Displayingthenodesinthelist:\n",103,119.986166666667,413.84845,57787,57984,197
100,0,blank,0,119.39546,420.3125,57984,58148,164
100,20,(,107,116.0079,423.21425,58148,58289,141
100,19,"Displayingthenodesinthelist:\n",103,129.477983333333,412.193416666667,58361,58543,182
100,0,blank,0,-333,-105,58572,58678,106
100,30,;,162,161.4122,643.3274,58704,58735,31
100,0,blank,0,142.59124,640.25676,58794,58972,178
100,28,"Displayingthereversedlist:\n",149,139.793675,616.597825,58972,59159,187
100,0,blank,0,154.431671428571,439.304771428571,59239,59435,196
100,0,blank,0,142.501566666667,423.928566666667,59435,59614,179
100,20,(,107,122.8136,429.31738,59614,59762,148
100,19,"Displayingthenodesinthelist:\n",103,247.72065,419.677633333333,59792,59970,178
100,0,blank,0,282.73415,421.7443,59970,60154,184
100,0,blank,0,320.318066666667,424.6332,60154,60338,184
100,19,"Displayingthenodesinthelist:\n",103,378.278716666667,409.180266666667,60338,60523,185
100,19,"Displayingthenodesinthelist:\n",103,366.1823,412.70145,60523,60706,183
100,0,blank,0,418.877283333333,425.118,60706,60888,182
100,19,"Displayingthenodesinthelist:\n",103,389.61645,409.54615,60888,60948,60
100,0,blank,0,571.113,-103.7301,61008,61033,25
100,19,"Displayingthenodesinthelist:\n",103,195.7337,414.317066666667,61058,61230,172
100,19,"Displayingthenodesinthelist:\n",103,414.426333333333,419.145216666667,61289,61467,178
100,0,blank,0,474.8367,423.930216666667,61467,61645,178
100,0,blank,0,481.125625,424.814675,61645,61763,118
100,0,blank,0,-333,-105,61822,62004,182
100,0,blank,0,-333,-105,62004,62190,186
100,0,blank,0,-333,-105,62190,62371,181
100,0,blank,0,-333,-105,62371,62425,54
100,0,blank,0,-333,-105,62425,62728,303
100,0,blank,0,-333,-105,62728,62891,163
100,0,blank,0,-333,-105,62891,62953,62
100,19,"Displayingthenodesinthelist:\n",103,430.37346,404.66836,62992,63139,147
100,0,blank,0,170.06015,425.943133333333,63169,63349,180
100,21,"EnterthenumberNtoreversefirstNnode:",113,163.252666666667,443.037883333333,63349,63526,177
100,21,"EnterthenumberNtoreversefirstNnode:",113,134.82598,444.9209,63526,63672,146
100,0,blank,0,451.638825,420.6348,63732,63852,120
100,0,blank,0,516.19752,412.50564,63852,64048,196
100,0,blank,0,536.3963,417.02165,64048,64111,63
100,0,blank,0,227.727666666667,439.824816666667,64141,64321,180
100,22,;,123,196.094925,471.115875,64321,64513,192
100,22,),122,186.257716666667,470.859266666667,64513,64706,193
100,21,"EnterthenumberNtoreversefirstNnode:",113,168.316883333333,462.837733333333,64706,64896,190
100,0,blank,0,202.5234,428.2723,64896,64926,30
100,0,blank,0,335.4576,429.528783333333,64955,65140,185
100,19,"Displayingthenodesinthelist:\n",103,344.4883,419.047633333333,65140,65232,92
100,19,"Displayingthenodesinthelist:\n",103,221.61418,411.39306,65293,65483,190
100,0,blank,0,209.871283333333,429.025683333333,65483,65662,179
100,23,"Reversingthelist...\n",126,167.12285,500.860216666667,65662,65846,184
100,23,"Reversingthelist...\n",126,167.484066666667,492.603666666667,65846,66028,182
100,23,"Reversingthelist...\n",126,147.410533333333,497.155816666667,66028,66210,182
100,0,blank,0,155.47254,524.44746,66210,66392,182
100,23,"Reversingthelist...\n",126,153.178216666667,493.97905,66392,66564,172
100,26,&,138,174.75352,562.83124,66595,66746,151
100,0,blank,0,-333,-105,67062,67113,51
100,0,blank,0,162.191783333333,540.635816666667,67358,67541,183
100,0,blank,0,232.29535,536.60395,67541,67727,186
100,0,blank,0,248.2327,552.8964,67727,67787,60
100,0,blank,0,963.5325,141.674716666667,67900,68077,177
100,0,blank,0,1008.758,118.812616666667,68077,68260,183
100,0,blank,0,1004.54183333333,148.718533333333,68260,68440,180
100,0,blank,0,985.159333333333,158.819666666667,68440,68553,113
100,0,blank,0,232.61232,475.21498,68614,68792,178
100,0,blank,0,192.05315,528.0318,68792,68944,152
100,0,blank,0,181.9681,508.2266,68944,69115,171
100,0,blank,0,192.328616666667,521.685183333333,69115,69296,181
100,22,comma,119,148.30132,484.014,69296,69444,148
100,0,blank,0,194.240875,539.94575,69472,69661,189
100,0,blank,0,179.888575,534.6365,69661,69810,149
100,0,blank,0,171.1325,518.863183333333,69836,70010,174
100,23,"Reversingthelist...\n",126,141.4038,497.610433333333,70010,70187,177
100,22,"%d",118,104.58,467.2014,70187,70216,29
101,49,=,259,140.3027,380.701,73489,73515,26
101,0,blank,0,118.050633333333,647.353783333333,73546,73731,185
101,63,create,317,91.3651,685.076166666667,73731,73822,91
101,33,struct,170,184.17522,26.38364,73883,74077,194
101,0,blank,0,174.35945,-27.200325,74077,74262,185
101,0,blank,0,168.116066666667,4.00726666666667,74262,74442,180
101,0,blank,0,241.0233,-3.29032,74442,74616,174
101,0,blank,0,260.9472,-48.7376,74616,74645,29
101,0,blank,0,136.90804,599.79328,74730,74903,173
101,0,blank,0,116.996066666667,654.655683333333,74903,75087,184
101,63,create,317,122.697475,677.10115,75087,75210,123
101,0,blank,0,223.9027,3.5005,75301,75384,83
101,0,blank,0,235.4062,-1.7004,75384,75546,162
101,0,blank,0,217.0904,-8.360425,75546,75675,129
101,0,blank,0,205.3954,12.5074,75675,75759,84
101,0,blank,0,284.5479,-14.0183666666667,75759,75935,176
101,0,blank,0,277.58145,-51.8071,75935,76053,118
101,0,blank,0,293.41682,-25.45592,76053,76249,196
101,0,blank,0,-333,-105,76313,76391,78
101,0,blank,0,-333,-105,76474,76526,52
101,33,head,174,296.1142,13.2922,76576,76676,100
101,0,blank,0,260.6423,-39.4789,76676,76835,159
101,0,blank,0,336.48505,28.6816,76835,76959,124
101,0,blank,0,338.1356,-0.709500000000006,76959,77035,76
101,0,blank,0,375.86318,28.49622,77060,77244,184
101,0,blank,0,391.951975,11.09725,77244,77384,140
101,0,blank,0,142.806633333333,52.649,77417,77569,152
101,0,blank,0,147.6483,54.4728,77569,77660,91
101,33,struct,170,188.12145,32.94225,77660,77838,178
101,33,struct,170,173.0003,32.3532,77838,78025,187
101,33,struct,170,197.05525,17.7937833333333,78025,78206,181
101,0,blank,0,222.3309,54.03135,78206,78388,182
101,0,blank,0,229.459516666667,57.7337833333333,78388,78568,180
101,0,blank,0,253.08894,48.15494,78568,78719,151
101,0,blank,0,271.217216666667,48.03165,78781,78953,172
101,0,blank,0,288.5887,47.6342333333333,78953,79133,180
101,0,blank,0,286.7883,36.91195,79133,79251,118
101,0,blank,0,310.44974,36.43866,79251,79446,195
101,0,blank,0,312.062583333333,38.4494166666667,79446,79623,177
101,33,head,174,296.47,27.14364,79623,79773,150
101,33,head,174,309.522833333333,33.9548,80035,80219,184
101,0,blank,0,310.9521,40.5605,80219,80249,30
101,0,blank,0,121.713033333333,50.5602,80278,80455,177
101,35,node,181,119.881833333333,59.8491333333333,80455,80631,176
101,35,p,183,178.2144,59.1641,80631,81043,412
101,0,blank,0,171.2351,52.6114,81043,81089,46
101,0,blank,0,-333,-105,81614,81811,197
101,0,blank,0,-333,-105,81811,81988,177
101,0,blank,0,-333,-105,81988,82092,104
101,36,head,201,214.56944,98.21566,82177,82316,139
101,36,head,201,211.690525,82.8111,82316,82499,183
101,0,blank,0,180.430333333333,53.78205,82499,82696,197
101,36,=,199,154.93756,85.20848,82696,82839,143
101,0,blank,0,254.971766666667,93.3950333333333,82839,82947,108
101,33,node,171,213.1613,33.446,82947,83129,182
101,36,head,201,215.8931,80.1326,83129,83506,377
101,0,blank,0,202.784125,61.130575,83506,83631,125
101,0,blank,0,194.8637,65.71264,83631,83821,190
101,0,blank,0,224.777133333333,40.8484,83821,84005,184
101,0,blank,0,262.15995,49.02135,84005,84055,50
101,0,blank,0,124.4313,85.0149,84136,84271,135
101,0,blank,0,126.1752,89.45235,84271,84430,159
101,36,q,196,94.9049,87.4633,84430,84611,181
101,0,blank,0,-333,-105,84662,84712,50
101,0,blank,0,190.7773,268.155,84737,84762,25
101,0,blank,0,214.554066666667,45.2117333333333,85115,85218,103
101,0,blank,0,238.4031,110.666575,85218,85393,175
101,36,head,201,215.9636,85.2952,85393,85419,26
101,0,blank,0,304.7122,-2.1699,85526,85651,125
101,0,blank,0,303.62538,-22.79472,85651,85830,179
101,0,blank,0,314.71758,-20.6765,85860,86006,146
101,0,blank,0,-333,-105,86498,86666,168
101,0,blank,0,-333,-105,86666,86862,196
101,0,blank,0,-333,-105,86862,87025,163
101,0,blank,0,-333,-105,87025,87108,83
101,33,struct,170,174.25208,32.2631,87185,87362,177
101,33,struct,170,172.2752,32.11642,87362,87550,188
101,0,blank,0,204.370014285714,-10.9474857142857,87550,87740,190
101,0,blank,0,246.22562,-23.17284,87740,87885,145
101,0,blank,0,101.0519,44.5145666666667,87913,88090,177
101,0,blank,0,141.762383333333,51.46205,88090,88266,176
101,0,blank,0,137.779716666667,39.0143166666667,88266,88464,198
101,0,blank,0,95.4735333333334,54.5250666666667,88464,88552,88
101,0,blank,0,107.93815,-69.7286,88655,88716,61
101,0,blank,0,55.6225,-10.7564,88758,88876,118
101,0,blank,0,73.09,-3.71745000000001,89032,89114,82
101,33,(,169,138.7527,22.7303,89242,89283,41
101,37,==,206,122.7123,114.2262,89325,89507,182
101,0,blank,0,116.75488,122.47158,89507,89677,170
101,37,==,206,122.778483333333,101.374233333333,89677,89853,176
101,37,),208,150.456425,105.868875,89853,89970,117
101,0,blank,0,146.2409,381.8955,90081,90106,25
101,0,blank,0,153.730414285714,134.211042857143,90131,90324,193
101,39,q,212,125.3715,152.9128,90324,90518,194
101,0,blank,0,125.6222,142.236916666667,90518,90709,191
101,0,blank,0,158.0837,137.28215,90709,90898,189
101,39,next,214,155.410228571429,153.144957142857,90898,91089,191
101,0,blank,0,157.243683333333,130.731616666667,91089,91261,172
101,0,blank,0,115.83876,122.22614,91261,91406,145
101,0,blank,0,114.16955,139.636325,91406,91592,186
101,37,==,206,122.3312,112.426871428571,91592,91789,197
101,0,blank,0,146.777466666667,123.941683333333,91789,91965,176
101,0,blank,0,154.917975,113.3922,91965,92158,193
101,0,blank,0,214.043514285714,126.359842857143,92158,92352,194
101,0,blank,0,173.994666666667,105.33705,92352,92528,176
101,0,blank,0,176.744933333333,108.361783333333,92528,92727,199
101,37,0,207,143.3685,113.525966666667,92727,92926,199
101,0,blank,0,129.6511,120.30158,92926,93116,190
101,0,blank,0,126.80128,86.4826,93116,93309,193
101,35,node,181,127.76262,70.15464,93309,93479,170
101,35,node,181,135.1227,65.9360666666667,93479,93569,90
101,0,blank,0,132.754357142857,109.367657142857,93654,93847,193
101,0,blank,0,138.0053,126.295233333333,93847,93935,88
101,0,blank,0,-333,-105,94019,94069,50
101,0,blank,0,241.1181,548.9811,94095,94120,25
101,0,blank,0,157.0608,115.364825,94175,94278,103
101,0,blank,0,158.651383333333,105.021866666667,94461,94637,176
101,0,blank,0,170.187875,119.395725,94637,94755,118
101,39,next,214,161.9635,164.81,94755,94940,185
101,37,),208,145.817528571429,114.953828571429,94940,95132,192
101,0,blank,0,139.3414,133.0124,95132,95307,175
101,0,blank,0,121.895716666667,128.7755,95307,95484,177
101,0,blank,0,123.308966666667,125.156366666667,95484,95662,178
101,0,blank,0,126.95616,113.05778,95662,95853,191
101,0,blank,0,154.6039,128.16412,95853,95999,146
101,0,blank,0,129.1029,131.242925,95999,96185,186
101,0,blank,0,133.33885,135.09565,96185,96363,178
101,39,=,211,111.47215,163.2174,96363,96423,60
101,0,blank,0,122.474271428571,122.686471428571,96534,96724,190
101,0,blank,0,139.672516666667,142.844783333333,96724,96901,177
101,37,),208,151.5327,115.210316666667,96901,97079,178
101,0,blank,0,209.543,137.943233333333,97079,97256,177
101,0,blank,0,217.9763,154.64314,97256,97445,189
101,0,blank,0,204.69495,136.333716666667,97445,97623,178
101,0,blank,0,170.534383333333,134.274983333333,97623,97799,176
101,39,->,213,136.9988,165.276566666667,97799,97993,194
101,41,->,225,102.6967,191.6782,97993,98071,78
101,40,next,222,133.572466666667,172.224733333333,98071,98266,195
101,39,q,212,127.99242,163.07692,98266,98449,183
101,0,blank,0,121.536766666667,143.2146,98449,98641,192
101,0,blank,0,119.8448,154.86986,98641,98813,172
101,39,->,213,138.84942,152.94248,98813,99008,195
101,0,blank,0,143.7128,142.8861,99008,99188,180
101,0,blank,0,138.538775,134.443475,99188,99344,156
101,0,blank,0,140.9951,142.585175,99344,99524,180
101,39,->,213,138.919366666667,163.111966666667,99524,99689,165
101,39,=,211,111.209966666667,147.749333333333,99689,99864,175
101,0,blank,0,121.9201,153.37815,99864,100057,193
101,39,->,213,152.94136,156.16088,100057,100205,148
101,0,blank,0,154.48358,124.89808,100205,100375,170
101,0,blank,0,228.53394,136.12912,100375,100546,171
101,0,blank,0,226.4927,140.5685,100546,100724,178
101,0,blank,0,213.995,146.47525,100724,100784,60
101,0,blank,0,-333,-105,100813,100923,110
101,39,next,214,155.1244,153.9222,101061,101086,25
101,0,blank,0,150.4352,126.677375,101136,101316,180
101,0,blank,0,163.003566666667,121.340966666667,101316,101441,125
101,0,blank,0,120.5319,130.7011,101441,101621,180
101,0,blank,0,127.44608,113.01414,101621,101805,184
101,39,next,214,170.65405,147.4842,101805,101983,178
101,0,blank,0,218.431971428571,149.271771428571,101983,102179,196
101,0,blank,0,223.88632,147.98434,102179,102376,197
101,0,blank,0,152.297516666667,106.995033333333,102376,102564,188
101,36,=,199,154.8322,98.9653,102564,102723,159
101,37,0,207,138.689025,110.95365,102723,102898,175
101,0,blank,0,141.286083333333,135.4146,102898,103073,175
101,39,q,212,125.649516666667,158.33035,103073,103252,179
101,39,;,215,195.537325,159.048375,103252,103443,191
101,0,blank,0,197.0052,123.93565,103443,103526,83
101,0,blank,0,-333,-105,103551,103628,77
101,40,q,220,195.1571,169.5422,103653,103679,26
101,39,->,213,153.681714285714,152.4591,103742,103941,199
101,0,blank,0,136.977516666667,146.847316666667,103941,104120,179
101,40,next,222,131.777266666667,173.0085,104120,104293,173
101,40,next,222,125.3716,171.37272,104293,104492,199
101,0,blank,0,121.05376,137.21588,104492,104675,183
101,0,blank,0,134.73828,136.37066,104675,104860,185
101,0,blank,0,128.54935,145.8212,104860,104917,57
101,0,blank,0,97.7084,108.9406,104917,105102,185
101,0,blank,0,123.125333333333,135.6431,105102,105176,74
101,39,next,214,158.346066666667,148.736683333333,105356,105534,178
101,39,next,214,166.804783333333,154.923733333333,105534,105706,172
101,0,blank,0,142.9207,134.4326,105706,105764,58
101,39,next,214,155.6526,150.6455,105764,105965,201
101,0,blank,0,149.369366666667,143.2408,105965,106146,181
101,0,blank,0,-333,-105,106205,106382,177
101,0,blank,0,-333,-105,106382,106432,50
101,0,blank,0,104.88035,97.5803,106458,106593,135
101,0,blank,0,151.687066666667,136.471266666667,106593,106720,127
101,0,blank,0,158.2014,115.2259,106720,106906,186
101,39,->,213,144.54168,162.80504,106906,107070,164
101,39,->,213,149.72446,164.85116,107070,107251,181
101,39,q,212,130.40045,155.114633333333,107251,107427,176
101,0,blank,0,112.46115,70.33515,107427,107603,176
101,36,=,199,117.248233333333,84.1506,107603,107801,198
101,37,==,206,117.2897,102.2741,107801,107998,197
101,0,blank,0,126.38294,83.68806,107998,108166,168
101,35,node,181,134.61065,62.3747,108166,108252,86
101,40,next,222,119.34994,181.50716,108357,108511,154
101,40,next,222,117.244866666667,179.226,108511,108673,162
101,0,blank,0,119.8931,189.213883333333,108673,108863,190
101,40,->,221,107.03682,175.71632,108863,109062,199
101,0,blank,0,105.92015,90.0395666666667,109062,109259,197
101,0,blank,0,109.92406,100.84958,109259,109449,190
101,40,next,222,129.137175,183.60335,109449,109605,156
101,0,blank,0,167.463333333333,190.462583333333,109711,109894,183
101,41,next,226,168.51365,196.51525,109894,109956,62
101,0,blank,0,-333,-105,110017,110194,177
101,0,blank,0,-333,-105,110194,110320,126
101,36,=,199,123.3108,92.4979714285714,110346,110541,195
101,36,r,198,134.938033333333,98.9666833333333,110541,110715,174
101,0,blank,0,147.067466666667,93.7307333333333,110715,110831,116
101,35,*,191,243.944114285714,68.0791428571429,110906,111097,191
101,33,*,173,266.588483333333,17.3388666666667,111097,111272,175
101,0,blank,0,321.051,3.259925,111272,111389,117
101,0,blank,0,309.23755,-14.1427333333333,111418,111594,176
101,0,blank,0,236.94355,-24.2732333333333,111594,111771,177
101,0,blank,0,244.672375,-28.25105,111771,111889,118
101,0,blank,0,367.45032,-23.09274,111919,112097,178
101,0,blank,0,338.1919,-34.6832,112097,112122,25
101,0,blank,0,200.928942857143,145.486357142857,112357,112553,196
101,40,next,222,147.472575,171.48085,112553,112703,150
101,40,next,222,129.92116,175.1768,112703,112890,187
101,0,blank,0,122.54754,151.4735,112890,113069,179
101,41,next,226,115.6873,200.02995,113069,113231,162
101,0,blank,0,-333,-105,113307,113408,101
101,0,blank,0,120.1051,133.9943,113434,113472,38
101,0,blank,0,130.865333333333,211.517233333333,113558,113757,199
101,42,*,230,89.54174,220.4367,113757,113888,131
101,0,blank,0,138.900285714286,280.8404,114073,114260,187
101,46,next,244,170.1919,304.62575,114260,114452,192
101,0,blank,0,155.994475,297.765425,114452,114559,107
101,42,head,231,116.94396,223.2419,114618,114763,145
101,0,blank,0,138.58955,215.200066666667,114763,114961,198
101,41,next,226,149.11415,201.41495,114961,115020,59
101,0,blank,0,103.769816666667,292.264916666667,115050,115228,178
101,0,blank,0,86.1806,272.3463,115228,115258,30
101,0,blank,0,-333,-105,115287,115394,107
101,0,blank,0,182.9833,278.3921,115419,115449,30
101,0,blank,0,133.21158,260.85302,115511,115694,183
101,0,blank,0,144.71872,272.2711,115694,115865,171
101,0,blank,0,174.52402,269.83028,115865,116037,172
101,0,blank,0,192.07628,256.77014,116037,116213,176
101,0,blank,0,156.656257142857,276.850142857143,116213,116411,198
101,0,blank,0,165.40165,298.670016666667,116411,116590,179
101,0,blank,0,158.16725,294.9557,116590,116769,179
101,46,next,244,157.056183333333,304.635133333333,116769,116950,181
101,0,blank,0,171.44915,285.7432,116950,117130,180
101,0,blank,0,198.148816666667,286.869266666667,117130,117309,179
101,0,blank,0,222.448,244.3236,117309,117340,31
101,0,blank,0,101.4672,246.44874,117370,117541,171
101,37,0,207,136.2766,105.93865,117572,117752,180
101,0,blank,0,110.98345,80.8386166666667,117752,117934,182
101,35,struct,180,103.534616666667,76.8322333333333,117934,118115,181
101,0,blank,0,110.5205,76.2465,118115,118144,29
101,0,blank,0,114.6477,-25.2199,118176,118370,194
101,0,blank,0,91.5063,-48.1094,118370,118444,74
101,49,=,259,140.8893,379.599066666667,118609,118792,183
101,48,next,254,125.7119,362.706083333333,118792,118975,183
101,47,q,248,127.361316666667,339.160416666667,118975,119153,178
101,47,q,248,131.010116666667,327.295966666667,119153,119327,174
101,47,->,249,135.976,330.89715,119327,119503,176
101,0,blank,0,149.101566666667,373.4245,119503,119674,171
101,46,->,243,143.371333333333,303.002883333333,119674,119871,197
101,46,next,244,155.650033333333,306.128233333333,119871,120052,181
101,0,blank,0,153.661466666667,290.428083333333,120052,120230,178
101,46,next,244,163.7939,315.1545,120230,120317,87
101,0,blank,0,-333,-105,120369,120445,76
101,0,blank,0,203.139783333333,290.6878,120625,120812,187
101,0,blank,0,166.10915,260.57915,120812,121001,189
101,0,blank,0,163.408271428571,295.394642857143,121001,121199,198
101,46,->,243,135.147466666667,312.132633333333,121199,121375,176
101,0,blank,0,154.5258,293.59,121375,121555,180
101,0,blank,0,132.87505,277.75495,121555,121733,178
101,0,blank,0,127.806316666667,289.3433,121733,121911,178
101,0,blank,0,162.791183333333,298.451483333333,121911,122090,179
101,0,blank,0,174.729983333333,277.529733333333,122090,122268,178
101,46,=,239,113.876633333333,311.490666666667,122268,122446,178
101,0,blank,0,121.717416666667,314.298466666667,122446,122625,179
101,0,blank,0,128.5967,287.0437,122625,122805,180
101,46,next,244,183.680716666667,301.749666666667,122805,122987,182
101,0,blank,0,205.23536,294.92364,122987,123160,173
101,0,blank,0,227.533533333333,290.328133333333,123160,123340,180
101,0,blank,0,229.55,286.9828,123340,123369,29
101,46,next,244,158.435666666667,314.257866666667,123430,123602,172
101,47,->,249,146.21035,334.723775,123602,123744,142
101,0,blank,0,-333,-105,123774,123934,160
101,0,blank,0,118.668433333333,320.649833333333,124030,124222,192
101,47,q,248,127.58285,335.9427,124222,124416,194
101,46,next,244,172.6537,309.3372,124416,124595,179
101,47,next,250,161.300016666667,332.30645,124595,124767,172
101,47,next,250,177.810016666667,335.8095,124767,124940,173
101,46,->,243,140.71395,316.851533333333,124940,125113,173
101,46,->,243,149.164,314.321816666667,125113,125287,174
101,47,->,249,141.03534,323.14848,125287,125463,176
101,0,blank,0,149.607066666667,343.589866666667,125463,125653,190
101,47,->,249,152.414133333333,338.405716666667,125653,125831,178
101,0,blank,0,154.317716666667,344.474633333333,125831,126009,178
101,46,next,244,179.739983333333,316.084983333333,126009,126186,177
101,48,=,255,167.174483333333,345.971716666667,126186,126365,179
101,48,next,254,143.231233333333,346.1065,126365,126542,177
101,0,blank,0,132.835333333333,365.5075,126542,126727,185
101,48,next,254,129.469225,358.732275,126727,126918,191
101,0,blank,0,154.27092,349.70266,126918,127105,187
101,0,blank,0,175.2132,407.7795,127105,127130,25
101,0,blank,0,140.14802,364.99814,127157,127304,147
101,0,blank,0,137.2045,365.9069,127304,127474,170
101,49,=,259,140.73005,378.66275,127474,127653,179
101,0,blank,0,143.136416666667,363.752933333333,127653,127830,177
101,0,blank,0,200.746683333333,367.61535,127830,128009,179
101,49,r,260,155.272016666667,374.59575,128009,128188,179
101,0,blank,0,148.5447,383.852366666667,128188,128367,179
101,0,blank,0,201.6164,408.810516666667,128367,128545,178
101,0,blank,0,231.36735,403.854566666667,128545,128725,180
101,0,blank,0,280.6547,383.1075,128725,128905,180
101,0,blank,0,196.4285,443.52568,128905,129076,171
101,0,blank,0,175.1262,450.07666,129076,129247,171
101,55,next,291,195.0754,517.537166666667,129276,129457,181
101,55,next,291,200.072516666667,516.825383333333,129457,129635,178
101,55,->,290,191.023866666667,509.3956,129635,129813,178
101,0,blank,0,167.694616666667,579.521816666667,129813,129992,179
101,0,blank,0,142.803933333333,592.744883333333,129992,130171,179
101,0,blank,0,137.114433333333,607.95895,130171,130351,180
101,0,blank,0,144.4029,653.591666666667,130351,130528,177
101,63,struct,319,159.014383333333,687.2833,130528,130708,180
101,63,node,320,203.314866666667,681.48845,130708,130892,184
101,0,blank,0,204.413133333333,659.528733333333,130892,131076,184
101,60,next,310,176.92576,616.18214,131076,131260,184
101,59,q,306,163.892433333333,604.322583333333,131260,131437,177
101,59,=,305,147.30305,594.15305,131437,131623,186
101,59,=,305,151.0237,604.6295,131623,131654,31
101,0,blank,0,-333,-105,131685,131742,57
101,0,blank,0,183.2133,597.21465,131767,131938,171
101,0,blank,0,207.286033333333,584.319233333333,131938,132030,92
101,0,blank,0,915.924,253.381,132092,132243,151
101,0,blank,0,989.76025,255.49865,132320,132465,145
101,0,blank,0,995.352666666667,258.065833333333,132465,132618,153
101,0,blank,0,1006.428,262.653325,132618,132807,189
101,0,blank,0,1016.8312,265.04992,132807,132990,183
101,0,blank,0,1026.862,256.303766666667,132990,133174,184
101,0,blank,0,990.187,268.9512,133174,133238,64
101,0,blank,0,1002.662,295.28944,133292,133478,186
101,0,blank,0,1015.06333333333,261.777033333333,133478,133572,94
101,0,blank,0,186.8835,588.7652,133643,133817,174
102,0,blank,0,147.7508,11.1718,134789,134953,164
102,0,blank,0,177.0866,60.17715,134953,135053,100
102,66,temp,334,174.2186,92.3186,135053,135230,177
102,0,blank,0,223.653766666667,118.413833333333,135230,135383,153
102,0,blank,0,252.9445,116.4384,135383,135437,54
102,63,struct,319,181.9901,41.5096,135540,135716,176
102,63,struct,319,159.6367,37.977725,135716,135866,150
102,65,;,330,134.35526,67.09506,135866,136040,174
102,65,ch,329,124.94494,66.38662,136040,136198,158
102,0,blank,0,166.124533333333,133.016866666667,136230,136427,197
102,0,blank,0,180.5088,137.2286,136427,136459,32
102,0,blank,0,-333,-105,136524,136608,84
102,69,"Enternumber:",343,236.455216666667,170.651216666667,136742,136922,180
102,69,"Enternumber:",343,209.292566666667,163.4099,136922,137107,185
102,70,&,350,212.795625,175.2212,137107,137284,177
102,0,blank,0,232.27034,195.70984,137284,137428,144
102,0,blank,0,309.74774,195.1029,137515,137708,193
102,71,malloc,361,332.21362,201.24178,137708,137885,177
102,71,malloc,361,347.412333333333,197.456083333333,137885,138066,181
102,0,blank,0,421.617433333333,189.602233333333,138066,138251,185
102,0,blank,0,438.1935,185.609016666667,138251,138438,187
102,0,blank,0,513.476725,194.91245,138438,138563,125
102,71,struct,365,204.20925,210.48675,138596,138776,180
102,71,struct,365,183.3378,217.8286,138776,138971,195
102,71,(,364,160.234766666667,215.2473,138971,139165,194
102,71,struct,365,172.397916666667,209.490466666667,139165,139358,193
102,71,struct,365,192.381966666667,213.623666666667,139358,139543,185
102,71,struct,365,171.023725,205.00005,139543,139665,122
102,0,blank,0,-333,-105,139727,139841,114
102,70,"%d",348,182.0359,192.401916666667,139867,140041,174
102,70,c,351,215.27635,183.85295,140041,140216,175
102,0,blank,0,195.741433333333,182.416466666667,140216,140397,181
102,70,"%d",348,167.329,178.460425,140397,140566,169
102,70,"%d",348,168.82545,182.808325,140566,140764,198
102,70,"%d",348,179.703233333333,192.006266666667,140764,140942,178
102,71,struct,365,211.11545,199.137966666667,140942,141125,183
102,71,struct,365,215.925333333333,206.89205,141125,141310,185
102,0,blank,0,163.76245,219.470066666667,141310,141497,187
102,0,blank,0,167.123866666667,241.640033333333,141497,141592,95
102,0,blank,0,-333,-105,141624,141733,109
102,71,(,364,162.14,213.6629,141806,141887,81
102,0,blank,0,166.7954,220.845333333333,141952,142124,172
102,72,num,372,166.21178,229.11304,142124,142300,176
102,0,blank,0,194.12895,226.08815,142300,142411,111
102,71,struct,365,215.727833333333,215.414666666667,142411,142596,185
102,71,struct,365,218.9605,199.239516666667,142596,142766,170
102,0,blank,0,222.987366666667,174.529383333333,142766,142947,181
102,0,blank,0,198.571616666667,144.937566666667,142947,143125,178
102,0,blank,0,234.42055,152.5054,143125,143308,183
102,70,&,350,209.8904,178.481883333333,143308,143492,184
102,70,"%d",348,150.784266666667,194.724283333333,143492,143674,182
102,70,(,347,142.46432,185.30968,143674,143827,153
102,0,blank,0,-333,-105,143854,143960,106
102,0,blank,0,202.3931,225.8714,144016,144084,68
102,0,blank,0,198.6216,230.17975,144149,144287,138
102,72,;,375,218.2306,231.645825,144287,144475,188
102,73,next,378,168.46275,254.377766666667,144475,144648,173
102,73,next,378,178.943883333333,246.0225,144648,144825,177
102,0,blank,0,195.28975,233.2768,144825,145002,177
102,0,blank,0,182.201333333333,241.102466666667,145002,145184,182
102,0,blank,0,195.2285,233.920666666667,145184,145366,182
102,73,NULL,380,249.4251,256.7931,145366,145549,183
102,0,blank,0,196.4483,235.253783333333,145549,145731,182
102,72,=,373,186.8715,234.91638,145731,145885,154
102,0,blank,0,-333,-105,145946,145975,29
102,73,next,378,185.325166666667,247.939966666667,146075,146159,84
102,74,==,386,200.194866666667,277.636883333333,146243,146436,193
102,0,blank,0,204.269166666667,300.8359,146436,146575,139
102,74,==,386,183.1334,283.9617,146575,146756,181
102,0,blank,0,198.260785714286,294.787585714286,146756,146951,195
102,0,blank,0,247.560883333333,303.873333333333,146951,147129,178
102,0,blank,0,250.681916666667,293.402266666667,147129,147311,182
102,0,blank,0,249.8436,293.941766666667,147311,147401,90
102,0,blank,0,-333,-105,147461,147491,30
102,0,blank,0,518.6527,-103.8029,147516,147542,26
102,73,NULL,380,247.48345,244.40145,147616,147798,182
102,0,blank,0,234.78232,233.8691,147798,147995,197
102,0,blank,0,227.7408,226.0505,147995,148179,184
102,71,struct,365,197.777083333333,207.209733333333,148179,148358,179
102,72,c,374,213.0162,234.230266666667,148358,148545,187
102,0,blank,0,197.2181,238.0098,148545,148696,151
102,0,blank,0,172.970033333333,328.448883333333,148728,148913,185
102,0,blank,0,148.734366666667,343.946516666667,148913,149102,189
102,0,blank,0,204.837316666667,373.445016666667,149102,149287,185
102,0,blank,0,188.92245,382.3384,149287,149477,190
102,0,blank,0,185.47775,374.303966666667,149477,149664,187
102,0,blank,0,207.45585,374.5009,149664,149854,190
102,0,blank,0,215.593066666667,382.438733333333,149854,149944,90
102,0,blank,0,-333,-105,149975,150055,80
102,0,blank,0,323.5672,-103.9584,150081,150106,25
102,0,blank,0,203.25564,290.92932,150304,150494,190
102,0,blank,0,226.6858,227.9186,150494,150525,31
102,0,blank,0,227.241233333333,11.0761,150555,150738,183
102,0,blank,0,190.19385,14.6272333333333,150738,150917,179
102,0,blank,0,207.92695,13.4287666666667,150917,151098,181
102,0,blank,0,137.073983333333,-27.0225,151098,151284,186
102,0,blank,0,255.3639,-8.43358333333333,151284,151464,180
102,0,blank,0,264.473033333333,-8.45516666666667,151464,151555,91
102,0,blank,0,174.8996,4.114875,151585,151711,126
102,0,blank,0,-333,-105,151742,151851,109
102,0,blank,0,221.424533333333,369.452716666667,151969,152141,172
102,0,blank,0,229.10085,365.539,152141,152323,182
102,0,blank,0,230.8883,377.9916,152323,152413,90
102,0,blank,0,-333,-105,152471,152548,77
102,0,blank,0,249.560566666667,387.8476,152599,152766,167
102,0,blank,0,261.00476,379.02974,152766,152963,197
102,0,blank,0,228.52478,388.69552,152963,153136,173
102,0,blank,0,167.211866666667,431.197333333333,153136,153316,180
102,0,blank,0,168.864133333333,431.9355,153316,153502,186
102,0,blank,0,162.874866666667,436.2084,153502,153591,89
102,82,temp,407,172.8025,451.524,153591,153781,190
102,0,blank,0,202.20895,426.693775,153781,153966,185
102,0,blank,0,240.8601,390.738633333333,153966,154147,181
102,0,blank,0,252.5252,382.933383333333,154147,154334,187
102,0,blank,0,232.20525,388.53105,154334,154522,188
102,0,blank,0,228.6401,377.8582,154522,154553,31
102,0,blank,0,-333,-105,154584,154693,109
102,0,blank,0,239.4831,384.390533333333,154832,155009,177
102,80,next,400,221.147233333333,400.50675,155009,155192,183
102,0,blank,0,217.259125,392.1734,155192,155311,119
102,0,blank,0,-333,-105,155342,155373,31
102,0,blank,0,179.212885714286,363.140542857143,155424,155622,198
102,0,blank,0,197.76175,387.420783333333,155622,155805,183
102,0,blank,0,242.49984,389.74198,155805,156002,197
102,0,blank,0,229.011166666667,384.671616666667,156002,156186,184
102,0,blank,0,213.64085,379.641333333333,156186,156368,182
102,0,blank,0,-333,-105,156398,156589,191
102,0,blank,0,220.830483333333,382.0956,156619,156790,171
102,0,blank,0,273.8903,378.39985,156790,156983,193
102,0,blank,0,288.56024,389.93998,156983,157120,137
102,80,next,400,190.30284,404.6936,157150,157302,152
102,0,blank,0,175.40715,385.506566666667,157302,157501,199
102,0,blank,0,149.89814,339.67428,157501,157679,178
102,0,blank,0,171.13792,359.51166,157679,157821,142
102,0,blank,0,203.63532,394.59262,157821,157994,173
102,0,blank,0,163.0894,417.89925,157994,158176,182
102,0,blank,0,154.1633,424.865983333333,158176,158361,185
102,0,blank,0,193.593416666667,438.718316666667,158361,158548,187
102,82,;,408,198.540983333333,450.063916666667,158548,158736,188
102,0,blank,0,192.537166666667,430.199783333333,158736,158923,187
102,0,blank,0,199.554733333333,429.030933333333,158923,159057,134
102,0,blank,0,198.35,386.6494,159057,159167,110
102,0,blank,0,180.21065,435.1224,159167,159357,190
102,83,"Doyouwishtocontinue[1/0]:",411,182.676283333333,463.57475,159357,159555,198
102,83,"Doyouwishtocontinue[1/0]:",411,251.5592,464.479283333333,159555,159741,186
102,0,blank,0,321.044816666667,450.983083333333,159741,159928,187
102,0,blank,0,399.0229,449.279333333333,159928,160115,187
102,0,blank,0,421.9583,441.7056,160115,160145,30
102,84,"%d",416,177.51555,490.960283333333,160175,160361,186
102,84,"%d",416,169.47875,497.404533333333,160361,160545,184
102,83,"Doyouwishtocontinue[1/0]:",411,207.170983333333,473.38735,160545,160724,179
102,84,ch,419,228.127383333333,491.078183333333,160724,160903,179
102,83,"Doyouwishtocontinue[1/0]:",411,448.624833333333,462.915966666667,160934,161115,181
102,0,blank,0,446.712133333333,427.545766666667,161115,161204,89
102,0,blank,0,406.984533333333,166.349916666667,161235,161412,177
102,0,blank,0,388.584766666667,162.522133333333,161412,161499,87
102,66,comma,335,219.693183333333,104.312383333333,161529,161707,178
102,69,"Enternumber:",343,231.415433333333,154.632666666667,161707,161886,179
102,0,blank,0,275.6384,267.7463,161886,161914,28
102,83,"Doyouwishtocontinue[1/0]:",411,414.713,463.586933333333,161946,162128,182
102,0,blank,0,406.3465,482.3082,162128,162158,30
102,83,"Doyouwishtocontinue[1/0]:",411,178.574516666667,471.541533333333,162188,162370,182
102,83,printf,409,140.622983333333,476.310416666667,162370,162554,184
102,83,printf,409,139.99915,476.768583333333,162554,162736,182
102,83,"Doyouwishtocontinue[1/0]:",411,197.17735,475.251883333333,162736,162920,184
102,84,"%d",416,177.159466666667,494.581833333333,162920,163110,190
102,84,"%d",416,155.26715,503.776383333333,163110,163293,183
102,84,"%d",416,161.181516666667,496.6463,163293,163478,185
102,84,scanf,414,128.542266666667,501.745083333333,163478,163666,188
102,0,blank,0,140.63918,114.83324,163729,163912,183
102,0,blank,0,108.216016666667,96.18925,163912,164092,180
102,0,blank,0,109.1514,101.3845,164092,164250,158
102,83,(,410,149.352816666667,477.950683333333,164282,164469,187
102,84,(,415,141.870566666667,491.721716666667,164469,164659,190
102,0,blank,0,123.912233333333,504.245233333333,164659,164753,94
102,0,blank,0,200.98935,499.688933333333,164785,164974,189
102,85,0,427,196.364283333333,512.839,164974,165166,192
102,0,blank,0,184.3839,530.6117,165166,165198,32
102,0,blank,0,226.859216666667,144.287,165261,165449,188
102,69,"Enternumber:",343,209.631233333333,162.703616666667,165449,165637,188
102,70,"%d",348,176.957633333333,186.001666666667,165637,165822,185
102,70,(,347,139.052766666667,186.651083333333,165822,166008,186
102,71,struct,365,173.1609,198.7448,166008,166039,31
102,0,blank,0,314.966683333333,193.969433333333,166069,166253,184
102,0,blank,0,368.870083333333,193.868216666667,166253,166436,183
102,0,blank,0,335.52685,184.7209,166436,166622,186
102,0,blank,0,298.289216666667,180.35015,166622,166803,181
102,70,;,353,235.47722,178.65878,166803,166954,151
102,0,blank,0,183.901566666667,542.2209,166984,167171,187
102,85,!=,426,182.7505,516.2571,167171,167358,187
102,0,blank,0,190.655883333333,513.912366666667,167358,167547,189
102,0,blank,0,213.556433333333,506.559233333333,167547,167730,183
102,85,),428,211.759333333333,517.411433333333,167730,167914,184
102,0,blank,0,191.686375,510.912525,167914,168039,125
102,86,"\n",432,137.6758,537.481633333333,168069,168252,183
102,86,"\n",432,124.7226,545.20895,168252,168428,176
102,86,printf,430,102.648233333333,545.32905,168428,168601,173
102,88,display,437,107.609816666667,586.314616666667,168601,168782,181
102,86,printf,430,97.9751666666667,547.10105,168782,168962,180
102,86,printf,430,100.070833333333,547.8603,168962,169144,182
102,0,blank,0,84.0012,552.4731,169144,169236,92
102,0,blank,0,193.8072,531.585966666667,169267,169453,186
102,0,blank,0,214.69515,531.578333333333,169453,169635,182
102,84,ch,419,226.26735,502.4928,169635,169725,90
102,0,blank,0,1044.18575,336.87875,169802,169960,158
102,0,blank,0,1036.186,378.745,169960,170019,59
102,86,"\n",432,121.10694,542.66504,170478,170642,164
102,86,(,431,107.13312,527.97894,170642,170816,174
102,85,ch,425,136.28015,523.4553,170816,171001,185
102,0,blank,0,161.0384,523.8847,171001,171063,62
102,0,blank,0,953.642,464.451966666667,171125,171311,186
102,0,blank,0,1040.11116666667,454.11405,171311,171498,187
102,0,blank,0,1029.9854,454.58796,171498,171654,156
102,85,0,427,202.769833333333,516.9547,171716,171911,195
102,0,blank,0,159.435116666667,521.733866666667,171911,172098,187
102,85,!=,426,179.95994,523.7065,172098,172255,157
102,0,blank,0,154.68624,513.61824,172255,172431,176
102,84,scanf,414,126.74735,490.8989,172431,172613,182
102,84,"%d",416,181.101683333333,495.24195,172613,172795,182
102,80,rear,398,161.8065,415.5518,172795,172825,30
102,0,blank,0,150.398483333333,63.6001666666667,172855,173038,183
102,63,struct,319,155.160933333333,32.2077833333333,173038,173219,181
102,0,blank,0,147.118933333333,-13.0902,173219,173400,181
102,0,blank,0,125.2281,0.900466666666667,173400,173584,184
102,0,blank,0,112.822525,3.315325,173584,173736,152
103,0,blank,0,192.1101,196.246533333333,178031,178114,83
103,0,blank,0,235.5758,225.0746,178114,178299,185
103,84,"%d",416,181.2369,187.374933333333,178299,178498,199
103,0,blank,0,196.716657142857,225.6899,178498,178696,198
103,0,blank,0,220.1957,242.4736,178696,178881,185
103,88,node,440,250.4331,289.6263,178881,178907,26
103,0,blank,0,-333,-105,178932,179114,182
103,0,blank,0,-333,-105,179114,179294,180
103,0,blank,0,-333,-105,179294,179480,186
103,0,blank,0,-333,-105,179480,179645,165
103,0,blank,0,-333,-105,179645,179814,169
103,0,blank,0,-333,-105,179814,179993,179
103,0,blank,0,-333,-105,179993,180167,174
103,0,blank,0,-333,-105,180167,180343,176
103,0,blank,0,-333,-105,180343,180408,65
103,0,blank,0,-333,-105,180408,180555,147
103,0,blank,0,-333,-105,180555,180669,114
103,0,blank,0,-333,-105,180669,180772,103
103,0,blank,0,-333,-105,180772,181249,477
103,0,blank,0,-333,-105,181249,181432,183
103,0,blank,0,-333,-105,181432,181470,38
103,0,blank,0,-333,-105,181470,181745,275
103,0,blank,0,-333,-105,181745,181935,190
103,0,blank,0,-333,-105,181935,182116,181
103,97,struct,477,178.9743,484.527633333333,182148,182234,86
103,0,blank,0,157.7693,593.6895,182467,182730,263
103,0,blank,0,124.3661,553.15055,182730,182781,51
103,100,->,499,196.28608,540.29334,182869,183042,173
103,100,->,499,210.7179,544.4277,183042,183074,32
103,0,blank,0,-333,-105,183105,183239,134
103,0,blank,0,295.8196,444.1412,183349,183397,48
103,0,blank,0,61.4134,476.5999,183482,183555,73
103,0,blank,0,36.7009,520.85505,183621,183683,62
103,0,blank,0,-333,-105,183794,183974,180
103,0,blank,0,-333,-105,183974,184172,198
103,0,blank,0,-333,-105,184172,184246,74
103,0,blank,0,225.728775,503.9045,184287,184445,158
103,0,blank,0,165.41986,500.69364,184445,184617,172
103,0,blank,0,173.447683333333,511.965616666667,184617,184790,173
103,0,blank,0,213.01868,504.42492,184790,184935,145
103,0,blank,0,211.3401,501.5605,184935,185043,108
103,0,blank,0,-333,-105,185188,185263,75
103,0,blank,0,-333,-105,185263,185437,174
103,0,blank,0,-333,-105,185437,185502,65
103,0,blank,0,161.35226,522.86308,185541,185738,197
103,0,blank,0,97.91916,549.23716,185738,185906,168
103,99,struct,484,56.2779333333333,529.821716666667,185966,186136,170
103,99,struct,484,77.3651,513.0464,186136,186166,30
103,0,blank,0,-333,-105,186401,186452,51
103,100,),498,190.96834,534.02532,186610,186738,128
103,100,(,495,125.8594,539.7648,186738,186991,253
103,0,blank,0,218.525583333333,531.020616666667,187176,187331,155
103,0,blank,0,-333,-105,187581,187662,81
103,100,(,495,130.57618,541.25804,187726,187873,147
103,0,blank,0,36.7383,542.3367,188007,188032,25
103,0,blank,0,-333,-105,188107,188285,178
103,0,blank,0,-333,-105,188285,188461,176
103,0,blank,0,-333,-105,188461,188638,177
103,0,blank,0,-333,-105,188638,188831,193
103,0,blank,0,-333,-105,188831,188901,70
103,0,blank,0,-333,-105,188901,189118,217
103,0,blank,0,-333,-105,189118,189151,33
103,0,blank,0,-333,-105,189151,189325,174
103,0,blank,0,-333,-105,189325,189472,147
103,0,blank,0,-333,-105,189472,189641,169
103,100,head,497,179.0144,539.941,190120,190143,23
103,100,head,497,65.6043,537.927083333333,190505,190679,174
103,99,struct,484,68.220775,519.5018,190679,190794,115
103,0,blank,0,-333,-105,190824,190904,80
103,0,blank,0,-55.5827,-103.7259,190930,190955,25
103,0,blank,0,-333,-105,191254,191413,159
103,0,blank,0,-333,-105,191413,191600,187
103,0,blank,0,-333,-105,191600,191778,178
103,0,blank,0,-333,-105,191778,191948,170
103,0,blank,0,-333,-105,191948,192123,175
103,0,blank,0,-333,-105,192123,192291,168
103,0,blank,0,-333,-105,192291,192486,195
103,0,blank,0,-333,-105,192486,192632,146
103,0,blank,0,-333,-105,192632,192805,173
103,0,blank,0,-333,-105,192805,192997,192
103,0,blank,0,-333,-105,192997,193142,145
103,0,blank,0,-333,-105,193142,193328,186
103,0,blank,0,-333,-105,193328,193513,185
103,0,blank,0,-333,-105,193513,193698,185
103,0,blank,0,-333,-105,193698,193870,172
103,101,head,506,140.2318,566.989525,193903,194057,154
103,100,->,499,196.92,543.37155,194057,194233,176
103,100,head,497,163.8659,548.064657142857,194233,194427,194
103,100,(,495,126.5808,536.201,194427,194609,182
103,101,head,506,153.3486,569.7972,194609,194985,376
103,100,head,497,177.5097,551.240275,194985,195101,116
103,0,blank,0,144.9557,593.9453,195101,195311,210
103,103,temp,514,139.81375,606.41515,195311,195360,49
103,0,blank,0,-333,-105,195491,195670,179
103,0,blank,0,-333,-105,195670,195847,177
103,0,blank,0,-333,-105,195847,196033,186
103,0,blank,0,-333,-105,196033,196259,226
103,0,blank,0,-333,-105,196259,196436,177
103,0,blank,0,-333,-105,196436,196633,197
103,0,blank,0,-333,-105,196633,196829,196
103,0,blank,0,-333,-105,196829,197026,197
103,0,blank,0,-333,-105,197026,197183,157
103,104,*,519,155.604166666667,635.596083333333,197231,197423,192
103,104,=,518,141.29195,627.8409,197423,197615,192
103,103,temp,514,156.594342857143,601.866185714286,197615,197803,188
103,0,blank,0,147.9135,580.4615,197803,197885,82
103,0,blank,0,129.1195,622.8181,197911,197938,27
103,0,blank,0,-333,-105,198273,198298,25
103,104,=,518,141.816233333333,641.1629,198349,198429,80
103,0,blank,0,-333,-105,198487,198666,179
103,0,blank,0,-333,-105,198666,198843,177
103,0,blank,0,-333,-105,198843,198999,156
103,0,blank,0,-333,-105,198999,199198,199
103,0,blank,0,-333,-105,199198,199381,183
103,0,blank,0,-333,-105,199381,199568,187
103,0,blank,0,-333,-105,199568,199764,196
103,0,blank,0,-333,-105,199764,199954,190
103,0,blank,0,-333,-105,199954,200064,110
103,0,blank,0,-333,-105,200064,200263,199
103,0,blank,0,-333,-105,200263,200376,113
103,0,blank,0,-333,-105,200376,200502,126
103,0,blank,0,-333,-105,200502,200679,177
103,0,blank,0,-333,-105,200679,200872,193
103,0,blank,0,-333,-105,200872,201070,198
103,0,blank,0,-333,-105,201070,201232,162
103,0,blank,0,-333,-105,201232,201276,44
103,0,blank,0,-333,-105,201276,201436,160
103,0,blank,0,-333,-105,201436,201596,160
103,0,blank,0,-333,-105,201770,201960,190
103,0,blank,0,-333,-105,201960,202137,177
103,0,blank,0,-333,-105,202137,202319,182
103,0,blank,0,-333,-105,202319,202447,128
103,0,blank,0,-333,-105,202447,202645,198
103,0,blank,0,-333,-105,202645,202844,199
103,0,blank,0,-333,-105,202844,203036,192
103,0,blank,0,-333,-105,203036,203204,168
103,0,blank,0,-333,-105,203204,203399,195
103,0,blank,0,-333,-105,203399,203595,196
103,0,blank,0,-333,-105,203595,203680,85
103,97,head,481,306.398425,474.436475,203754,203864,110
103,97,node,478,247.044033333333,474.988533333333,203864,204049,185
103,0,blank,0,-333,-105,204129,204310,181
103,0,blank,0,-333,-105,204310,204490,180
103,0,blank,0,-333,-105,204490,204552,62
103,0,blank,0,-333,-105,204552,204821,269
103,0,blank,0,-333,-105,204821,204899,78
103,0,blank,0,-333,-105,205049,205231,182
103,0,blank,0,-333,-105,205231,205408,177
103,0,blank,0,-333,-105,205408,205596,188
103,0,blank,0,-333,-105,205596,205790,194
103,0,blank,0,-333,-105,205790,206013,223
103,105,head,529,217.633033333333,651.761533333333,206207,206284,77
103,0,blank,0,226.5785,680.3124,206284,206677,393
103,0,blank,0,225.124783333333,633.87815,206677,206851,174
103,104,head,520,197.6568,636.6725,206851,206905,54
103,105,=,526,167.4829,658.9797,206905,207240,335
103,104,head,520,184.06722,630.25962,207240,207391,151
103,0,blank,0,-333,-105,207451,207629,178
103,0,blank,0,-333,-105,207629,207799,170
103,0,blank,0,-333,-105,207799,208015,216
103,0,blank,0,-333,-105,208015,208193,178
103,0,blank,0,-333,-105,208193,208383,190
103,0,blank,0,-333,-105,208383,208546,163
103,0,blank,0,-333,-105,208546,208712,166
103,0,blank,0,-333,-105,208712,208889,177
103,0,blank,0,-333,-105,208889,209047,158
103,0,blank,0,-333,-105,209047,209224,177
103,0,blank,0,937.715,667.540583333333,209901,210078,177
103,0,blank,0,940.5538,671.09386,210078,210224,146
104,0,blank,0,-333,-105,212372,212481,109
104,0,blank,0,45.8657666666667,164.3588,212610,212762,152
104,0,blank,0,-333,-105,213087,213285,198
104,0,blank,0,-333,-105,213285,213325,40
104,28,"Displayingthereversedlist:\n",149,350.73526,454.83858,214279,214429,150
104,26,(,137,159.30385,415.08195,214487,214540,53
104,0,blank,0,-333,-105,214648,214751,103
104,28,"Displayingthereversedlist:\n",149,121.937783333333,458.998916666667,214922,215110,188
104,28,printf,147,102.530416666667,458.678466666667,215110,215285,175
104,28,printf,147,104.29675,457.462466666667,215285,215484,199
104,28,"Displayingthereversedlist:\n",149,290.11296,464.39616,215512,215655,143
104,0,blank,0,369.99732,399.4734,215683,215826,143
104,0,blank,0,295.4911,339.59142,215826,216008,182
104,21,"EnterthenumberNtoreversefirstNnode:",113,263.528766666667,314.145533333333,216008,216169,161
104,21,"EnterthenumberNtoreversefirstNnode:",113,155.4501,314.429385714286,216294,216480,186
104,22,"%d",118,142.581085714286,330.185328571429,216480,216675,195
104,22,comma,119,149.3493,324.1829,216675,216874,199
104,23,"Reversingthelist...\n",126,158.043371428571,351.938271428571,216874,217071,197
104,0,blank,0,262.0723,333.2159,217071,217103,32
104,0,blank,0,98.3115,427.934342857143,217313,217494,181
104,23,"Reversingthelist...\n",126,132.264114285714,357.847085714286,217494,217691,197
104,0,blank,0,-333,-105,217720,217901,181
104,0,blank,0,-333,-105,217901,217925,24
104,29,(,153,122.842057142857,484.569171428571,218001,218200,199
104,28,"Displayingthereversedlist:\n",149,125.6479,470.5734,218200,218230,30
104,0,blank,0,356.930675,438.691975,218258,218441,183
104,28,"Displayingthereversedlist:\n",149,315.35895,470.2683,218441,218499,58
104,0,blank,0,254.6298,322.658866666667,218556,218728,172
104,0,blank,0,289.877533333333,333.381233333333,218728,218815,87
104,19,"Displayingthenodesinthelist:\n",103,320.51615,271.7684,218842,218899,57
104,0,blank,0,160.3655,368.0338,218928,219123,195
104,0,blank,0,104.67475,348.453183333333,219147,219342,195
104,22,"%d",118,105.712416666667,338.3983,219342,219539,197
104,23,printf,124,85.1411,348.3148,219539,219625,86
104,0,blank,0,254.091371428571,369.526571428571,219677,219872,195
104,21,"EnterthenumberNtoreversefirstNnode:",113,269.950633333333,314.774566666667,219872,219959,87
104,22,&,120,167.79135,322.083366666667,219988,220164,176
104,23,"Reversingthelist...\n",126,152.312725,343.863875,220164,220317,153
104,22,n,121,178.41395,318.5364,220317,220505,188
104,0,blank,0,152.0981,332.3102,220505,220696,191
104,22,"%d",118,120.743266666667,338.207283333333,220696,220872,176
104,23,"Reversingthelist...\n",126,127.166666666667,344.0483,220872,221048,176
104,22,"%d",118,141.972166666667,336.998216666667,221048,221225,177
104,0,blank,0,141.184416666667,447.6624,221256,221434,178
104,0,blank,0,138.130425,447.46405,221434,221554,120
104,0,blank,0,289.414083333333,442.844066666667,221585,221762,177
104,0,blank,0,271.49015,442.184433333333,221762,221943,181
104,28,"Displayingthereversedlist:\n",149,187.9017,457.3007,221943,221974,31
104,0,blank,0,60.4451833333333,435.2353,222003,222181,178
104,0,blank,0,50.48035,449.6896,222181,222241,60
104,15,p,83,181.70915,184.127733333333,222270,222448,178
104,15,*,82,171.5324,184.8473,222448,222480,32
104,19,"Displayingthenodesinthelist:\n",103,224.576266666667,263.533466666667,222510,222693,183
104,19,"Displayingthenodesinthelist:\n",103,174.8685,256.642866666667,222693,222873,180
104,19,"Displayingthenodesinthelist:\n",103,138.845833333333,268.921033333333,222873,222966,93
104,30,release,157,92.2125833333333,498.162166666667,222995,223181,186
104,28,printf,147,83.1644666666667,467.422633333333,223181,223361,180
104,28,printf,147,67.9774,464.0947,223361,223395,34
104,29,display,152,107.9765,478.6691,223395,223622,227
104,29,(,153,115.14235,472.7716,223622,223761,139
104,0,blank,0,202.454,396.4743,223822,223848,26
104,0,blank,0,-333,-105,223903,224035,132
104,0,blank,0,218.782916666667,390.876766666667,224164,224342,178
104,22,n,121,176.463533333333,323.83615,224342,224527,185
104,22,"%d",118,116.937075,334.752325,224527,224648,121
104,33,reverse,168,77.5126,572.750583333333,224678,224859,181
104,0,blank,0,73.8536333333333,551.781316666667,224859,225040,181
104,0,blank,0,86.0641333333333,548.2624,225040,225130,90
104,0,blank,0,250.749066666667,246.699966666667,225191,225281,90
104,17,"Enterdataintothelist\n",92,256.73545,219.517825,225281,225471,190
104,0,blank,0,282.005675,174.22565,225471,225595,124
104,15,node,81,132.658333333333,166.359333333333,225625,225804,179
104,0,blank,0,131.221325,160.113075,225804,225930,126
104,0,blank,0,95.22195,586.45465,225991,226179,188
104,0,blank,0,156.75855,609.408116666667,226179,226367,188
104,35,node,181,141.199383333333,618.96965,226367,226554,187
104,36,q,196,100.01162,629.70104,226554,226712,158
104,0,blank,0,903.867,189.0163,226858,227038,180
104,0,blank,0,939.776666666667,201.392333333333,227038,227228,190
104,0,blank,0,945.270333333333,198.572616666667,227228,227420,192
104,0,blank,0,953.6535,194.619466666667,227420,227615,195
104,0,blank,0,953.173666666667,171.35485,227615,227809,194
104,0,blank,0,937.6928,160.44694,227809,227969,160
104,0,blank,0,328.692766666667,502.022016666667,228033,228231,198
104,28,"Displayingthereversedlist:\n",149,298.4678,464.476866666667,228231,228425,194
104,28,"Displayingthereversedlist:\n",149,277.7825,455.463033333333,228425,228521,96
104,0,blank,0,130.547566666667,429.929666666667,228553,228747,194
104,28,printf,147,102.622533333333,463.06815,228747,228938,191
104,28,printf,147,65.3082333333333,467.3898,228938,229126,188
104,29,display,152,61.8396333333333,472.058316666667,229126,229315,189
104,29,p,154,127.25265,473.63025,229315,229440,125
104,22,"%d",118,108.971233333333,323.714916666667,229471,229654,183
104,22,scanf,116,75.7079666666667,320.191333333333,229654,229838,184
104,22,scanf,116,64.8167166666667,323.221316666667,229838,230022,184
104,26,reverse,136,87.43605,425.002833333333,230051,230231,180
104,0,blank,0,132.885216666667,402.206883333333,230231,230412,181
104,0,blank,0,119.4037,392.973483333333,230412,230593,181
104,0,blank,0,118.961116666667,391.953,230593,230772,179
104,0,blank,0,189.222033333333,400.011566666667,230772,230956,184
104,0,blank,0,188.1076,398.52298,230956,231111,155
104,0,blank,0,177.71592,391.33456,231111,231310,199
104,0,blank,0,157.12555,367.24935,231310,231496,186
104,23,"Reversingthelist...\n",126,129.445166666667,352.88225,231496,231682,186
104,23,(,125,111.584375,344.168425,231682,231807,125
104,0,blank,0,-333,-105,231868,231925,57
104,0,blank,0,77.636,-103.9046,231951,231977,26
104,24,1,133,126.59245,379.80845,232025,232220,195
104,24,>,132,113.8284,381.2949,232220,232308,88
104,0,blank,0,954.987833333333,224.908933333333,232367,232551,184
104,0,blank,0,952.230833333333,223.6871,232551,232734,183
104,0,blank,0,961.399,225.913966666667,232734,232918,184
104,0,blank,0,945.124,236.8355,232918,232979,61
104,0,blank,0,149.52085,429.5672,233042,233227,185
104,0,blank,0,160.532625,376.226625,233227,233349,122
105,0,blank,0,149.27484,246.382,233899,234078,179
105,0,blank,0,121.822283333333,257.043633333333,234078,234256,178
105,0,blank,0,232.9903,181.551566666667,234286,234463,177
105,23,printf,124,86.8389333333333,215.954416666667,234494,234670,176
105,23,printf,124,60.6285166666667,207.742966666667,234670,234850,180
105,24,1,133,128.799666666667,236.04745,234850,235035,185
105,0,blank,0,177.994016666667,244.597183333333,235035,235214,179
105,0,blank,0,190.0292,245.907,235214,235245,31
105,0,blank,0,-333,-105,235276,235382,106
105,0,blank,0,221.918,244.3769,235414,235457,43
105,0,blank,0,211.803666666667,258.388333333333,235521,235632,111
105,26,reverse,136,93.345325,267.278975,235657,235832,175
105,26,reverse,136,131.595225,269.5775,235832,236018,186
105,35,comma,190,190.6993,480.866514285714,236043,236242,199
105,0,blank,0,190.859283333333,461.108683333333,236242,236438,196
105,33,head,174,321.459575,434.301025,236468,236585,117
105,35,struct,180,94.9828333333333,476.702516666667,236614,236793,179
105,36,q,196,97.4862666666667,501.93725,236793,236971,178
105,0,blank,0,106.816083333333,494.5148,236971,237151,180
105,36,q,196,101.861166666667,495.447233333333,237151,237242,91
105,0,blank,0,-333,-105,237269,237377,108
105,0,blank,0,268.938116666667,306.0003,237513,237708,195
105,28,"Displayingthereversedlist:\n",149,259.1695,317.49355,237708,237771,63
105,33,*,173,277.569316666667,439.884733333333,237801,238000,199
105,33,head,174,316.296466666667,425.56835,238000,238177,177
105,33,*,173,271.779425,424.6234,238177,238300,123
105,0,blank,0,219.888,413.0909,238300,238487,187
105,33,node,171,226.0202,428.09,238487,238536,49
105,0,blank,0,108.359683333333,537.986933333333,238561,238744,183
105,37,==,206,114.99406,513.71126,238744,238918,174
105,37,==,206,114.1452,512.8211,238918,239038,120
105,0,blank,0,-333,-105,239068,239252,184
105,0,blank,0,-333,-105,239252,239438,186
105,0,blank,0,-333,-105,239438,239603,165
105,0,blank,0,103.388633333333,535.482883333333,239634,239825,191
105,0,blank,0,106.11235,543.0534,239825,240005,180
105,0,blank,0,122.556266666667,546.875066666667,240005,240183,178
105,0,blank,0,125.49585,545.55365,240183,240365,182
105,39,q,212,125.189383333333,553.3142,240365,240544,179
105,0,blank,0,108.04865,546.3392,240544,240702,158
105,37,n,205,90.8294,523.837,240702,240817,115
105,35,struct,180,90.1128,479.14665,240817,241008,191
105,35,node,181,120.13464,480.21768,241008,241197,189
105,0,blank,0,154.200433333333,470.152933333333,241197,241370,173
105,0,blank,0,159.4156,470.0841,241370,241432,62
105,0,blank,0,87.0652333333333,542.937016666667,241465,241648,183
105,0,blank,0,85.7803333333333,538.081016666667,241648,241837,189
105,37,if,203,64.8683833333333,516.604366666667,241837,242024,187
105,0,blank,0,98.3684333333333,512.035033333333,242024,242213,189
105,0,blank,0,129.124733333333,523.032183333333,242213,242398,185
105,37,==,206,117.87715,513.7295,242398,242461,63
105,0,blank,0,-333,-105,242492,242601,109
105,37,==,206,106.70905,525.0946,242733,242910,177
105,37,==,206,123.829683333333,523.882383333333,242910,243094,184
105,0,blank,0,125.15615,535.859125,243094,243289,195
105,37,0,207,138.752966666667,520.783,243289,243382,93
105,0,blank,0,-333,-105,243471,243660,189
105,0,blank,0,-333,-105,243660,243851,191
105,0,blank,0,-333,-105,243851,244037,186
105,0,blank,0,-333,-105,244037,244198,161
105,0,blank,0,-333,-105,244198,244377,179
105,0,blank,0,-333,-105,244377,244551,174
105,0,blank,0,-333,-105,244551,244728,177
105,0,blank,0,-333,-105,244728,244913,185
105,0,blank,0,-333,-105,244913,245097,184
105,0,blank,0,-333,-105,245097,245291,194
105,0,blank,0,-333,-105,245291,245388,97
105,0,blank,0,-333,-105,245388,245492,104
105,0,blank,0,-333,-105,245492,245675,183
105,0,blank,0,-333,-105,245675,245869,194
105,0,blank,0,-333,-105,245869,246038,169
105,0,blank,0,-333,-105,246038,246233,195
105,0,blank,0,-333,-105,246233,246407,174
105,0,blank,0,-333,-105,246407,246603,196
105,0,blank,0,-333,-105,246603,246800,197
105,0,blank,0,-333,-105,246800,246988,188
105,0,blank,0,-333,-105,246988,247187,199
105,0,blank,0,-333,-105,247187,247353,166
105,0,blank,0,-333,-105,247353,247552,199
105,0,blank,0,-333,-105,247552,247737,185
105,0,blank,0,-333,-105,247737,247922,185
105,0,blank,0,-333,-105,247922,248092,170
105,0,blank,0,-333,-105,248092,248245,153
105,0,blank,0,-333,-105,248245,248403,158
105,0,blank,0,-333,-105,248403,248602,199
105,0,blank,0,-333,-105,248602,248773,171
105,0,blank,0,-333,-105,248773,248947,174
105,0,blank,0,-333,-105,248947,249043,96
105,0,blank,0,-333,-105,249043,249361,318
105,0,blank,0,-333,-105,249361,249546,185
105,0,blank,0,-333,-105,249546,249609,63
105,0,blank,0,-333,-105,249609,249907,298
105,0,blank,0,-333,-105,249907,250196,289
105,0,blank,0,-333,-105,250196,250322,126
105,0,blank,0,-333,-105,250322,250580,258
105,0,blank,0,-333,-105,250580,250861,281
105,0,blank,0,-333,-105,250861,251160,299
105,0,blank,0,-333,-105,251160,251221,61
105,0,blank,0,-333,-105,251221,251509,288
105,0,blank,0,-333,-105,251509,251643,134
105,0,blank,0,-333,-105,251643,251814,171
105,0,blank,0,-333,-105,251814,252005,191
105,0,blank,0,-333,-105,252005,252163,158
105,0,blank,0,-333,-105,252163,252337,174
105,0,blank,0,-333,-105,252337,252491,154
105,0,blank,0,-333,-105,252491,252680,189
105,0,blank,0,-333,-105,252680,252868,188
105,0,blank,0,-333,-105,252868,253034,166
105,0,blank,0,-333,-105,253034,253202,168
105,0,blank,0,-333,-105,253202,253380,178
105,0,blank,0,-333,-105,253380,253517,137
105,0,blank,0,-333,-105,253517,253695,178
105,0,blank,0,-333,-105,253695,253800,105
105,0,blank,0,-333,-105,253800,254089,289
105,0,blank,0,-333,-105,254089,254190,101
105,0,blank,0,-333,-105,254190,254290,100
105,35,node,181,137.751566666667,470.550433333333,254440,254621,181
105,35,node,181,132.174066666667,466.51345,254621,254803,182
105,35,struct,180,94.30406,476.86126,254803,254955,152
105,0,blank,0,-333,-105,254985,255119,134
105,0,blank,0,209.228628571429,444.945142857143,255147,255344,197
105,33,*,173,282.443483333333,422.119466666667,255344,255529,185
105,0,blank,0,250.19236,407.78518,255529,255725,196
105,0,blank,0,219.19305,402.920233333333,255725,255906,181
105,0,blank,0,195.473566666667,395.906316666667,255906,256091,185
105,0,blank,0,133.036166666667,352.511016666667,256091,256276,185
105,0,blank,0,90.2280666666667,400.712283333333,256276,256458,182
105,0,blank,0,118.63795,450.973366666667,256458,256647,189
105,35,node,181,130.320916666667,474.849816666667,256647,256835,188
105,35,node,181,125.679816666667,465.847066666667,256835,257024,189
105,0,blank,0,146.7064,457.085016666667,257024,257210,186
105,0,blank,0,91.6844333333333,492.840016666667,257241,257423,182
105,36,=,199,79.7506333333333,497.619383333333,257423,257613,190
105,37,n,205,90.08545,511.092033333333,257613,257801,188
105,0,blank,0,101.308666666667,548.088833333333,257801,257987,186
105,0,blank,0,91.23525,543.888983333333,257987,258174,187
105,0,blank,0,117.943033333333,543.04145,258174,258360,186
105,0,blank,0,125.179333333333,545.888333333333,258360,258453,93
105,0,blank,0,-333,-105,258520,258679,159
105,0,blank,0,-333,-105,258679,258842,163
105,0,blank,0,-333,-105,258842,258995,153
105,0,blank,0,-333,-105,258995,259177,182
105,0,blank,0,-333,-105,259177,259323,146
105,0,blank,0,-333,-105,259323,259504,181
105,0,blank,0,-333,-105,259504,259707,203
105,0,blank,0,-333,-105,259707,259912,205
105,0,blank,0,-333,-105,259912,260080,168
105,0,blank,0,-333,-105,260080,260112,32
105,0,blank,0,-333,-105,260112,260283,171
105,0,blank,0,-333,-105,260283,260459,176
105,0,blank,0,-333,-105,260459,260655,196
105,0,blank,0,-333,-105,260655,260827,172
105,0,blank,0,-333,-105,260827,261023,196
105,0,blank,0,-333,-105,261023,261093,70
105,0,blank,0,-333,-105,261093,261230,137
105,0,blank,0,-333,-105,261230,261425,195
105,0,blank,0,-333,-105,261425,261604,179
105,0,blank,0,-333,-105,261604,261765,161
105,0,blank,0,-333,-105,261765,261958,193
105,0,blank,0,-333,-105,261958,262149,191
105,0,blank,0,-333,-105,262149,262260,111
105,0,blank,0,-333,-105,262260,262422,162
105,0,blank,0,-333,-105,262422,262493,71
105,0,blank,0,-333,-105,262493,262641,148
105,0,blank,0,-333,-105,262641,262723,82
105,0,blank,0,-333,-105,262723,262859,136
105,0,blank,0,-333,-105,262859,263321,462
105,0,blank,0,-333,-105,263321,263518,197
105,0,blank,0,-333,-105,263518,263556,38
105,0,blank,0,-333,-105,264833,264977,144
105,0,blank,0,-333,-105,264977,265175,198
105,0,blank,0,-333,-105,265175,265319,144
105,0,blank,0,-333,-105,265319,265515,196
105,0,blank,0,-333,-105,265515,265693,178
105,0,blank,0,-333,-105,265693,265879,186
105,0,blank,0,-333,-105,265879,266012,133
105,0,blank,0,-333,-105,266012,266282,270
105,0,blank,0,-333,-105,266282,266557,275
105,0,blank,0,-333,-105,266557,266913,356
105,0,blank,0,-333,-105,266913,266972,59
105,0,blank,0,-333,-105,266972,267373,401
105,0,blank,0,-333,-105,267373,267774,401
105,0,blank,0,-333,-105,267774,267811,37
105,0,blank,0,-333,-105,267811,268127,316
105,0,blank,0,-333,-105,268127,268188,61
105,0,blank,0,-333,-105,268188,268433,245
105,0,blank,0,-333,-105,268433,268477,44
105,0,blank,0,-333,-105,268477,268760,283
105,40,=,219,173.5418,576.1033,269259,269428,169
105,0,blank,0,121.1425,594.925,269428,269491,63
105,40,next,222,215.8488,579.4975,269491,269640,149
105,40,->,221,206.3504,593.6614,269640,269693,53
105,0,blank,0,-333,-105,271190,271346,156
105,0,blank,0,-333,-105,271346,271595,249
105,0,blank,0,-333,-105,271595,271861,266
105,0,blank,0,-333,-105,271861,272036,175
105,0,blank,0,-333,-105,272036,272215,179
105,0,blank,0,-333,-105,272215,272390,175
105,0,blank,0,-333,-105,272390,272572,182
105,0,blank,0,-333,-105,272572,272749,177
105,0,blank,0,-333,-105,272749,272931,182
105,0,blank,0,-333,-105,272931,273080,149
105,0,blank,0,-333,-105,273080,273270,190
105,0,blank,0,-333,-105,273270,273701,431
105,0,blank,0,-333,-105,273701,273888,187
105,0,blank,0,-333,-105,273888,274070,182
105,0,blank,0,-333,-105,274070,274131,61
105,0,blank,0,-333,-105,274131,274517,386
105,0,blank,0,-333,-105,274517,274904,387
105,0,blank,0,-333,-105,274904,275602,698
105,0,blank,0,-333,-105,275602,275721,119
105,0,blank,0,-333,-105,275721,275859,138
105,0,blank,0,-333,-105,275859,275993,134
105,0,blank,0,-333,-105,275993,276323,330
105,0,blank,0,-333,-105,276323,276522,199
105,0,blank,0,-333,-105,276522,276674,152
105,0,blank,0,-333,-105,276674,276971,297
105,0,blank,0,-333,-105,276971,277025,54
105,0,blank,0,-333,-105,277025,277356,331
105,0,blank,0,-333,-105,277356,277534,178
105,0,blank,0,-333,-105,277534,277721,187
105,0,blank,0,-333,-105,277721,277867,146
105,0,blank,0,-333,-105,277867,278052,185
105,0,blank,0,-333,-105,278052,278239,187
105,0,blank,0,-333,-105,278239,278425,186
105,0,blank,0,-333,-105,278425,278611,186
105,0,blank,0,-333,-105,278611,278779,168
105,0,blank,0,-333,-105,278779,279092,313
105,0,blank,0,-333,-105,279092,279248,156
105,0,blank,0,-333,-105,279248,279437,189
105,0,blank,0,-333,-105,279437,279634,197
105,0,blank,0,-333,-105,280101,280191,90
105,0,blank,0,-333,-105,280191,280355,164
105,0,blank,0,-333,-105,280355,280602,247
105,0,blank,0,-333,-105,280602,280747,145
105,0,blank,0,118.6948,567.7119,280905,281102,197
105,0,blank,0,146.5814,544.715766666667,281244,281382,138
105,0,blank,0,-333,-105,281488,281630,142
105,0,blank,0,-333,-105,281630,281826,196
105,0,blank,0,-333,-105,281826,282023,197
105,0,blank,0,-333,-105,282023,282188,165
105,0,blank,0,-333,-105,282188,282361,173
105,0,blank,0,-333,-105,282361,282472,111
105,0,blank,0,-333,-105,282472,282624,152
105,0,blank,0,-333,-105,282624,282751,127
105,0,blank,0,-333,-105,282751,282933,182
105,0,blank,0,-333,-105,282933,283121,188
105,0,blank,0,-333,-105,283121,283299,178
105,0,blank,0,-333,-105,283299,283441,142
105,0,blank,0,-333,-105,283441,283566,125
105,0,blank,0,-333,-105,283566,283673,107
105,0,blank,0,-333,-105,283673,283802,129
105,0,blank,0,-333,-105,283802,283991,189
105,0,blank,0,-333,-105,283991,284166,175
105,0,blank,0,-333,-105,284166,284339,173
105,0,blank,0,-333,-105,284339,284506,167
105,0,blank,0,-333,-105,284506,284648,142
105,0,blank,0,-333,-105,284648,284818,170
105,0,blank,0,-333,-105,284818,285015,197
105,0,blank,0,-333,-105,285015,285209,194
105,0,blank,0,-333,-105,285209,285396,187
105,0,blank,0,-333,-105,285396,285592,196
105,0,blank,0,-333,-105,285592,285773,181
105,0,blank,0,-333,-105,285773,285963,190
105,0,blank,0,-333,-105,285963,286137,174
105,0,blank,0,-333,-105,286137,286316,179
105,0,blank,0,-333,-105,286316,286495,179
105,0,blank,0,-333,-105,286495,286688,193
105,0,blank,0,-333,-105,286688,286866,178
105,0,blank,0,-333,-105,286866,287038,172
105,0,blank,0,-333,-105,287038,287218,180
105,0,blank,0,-333,-105,287218,287385,167
105,0,blank,0,-333,-105,287385,287570,185
105,0,blank,0,-333,-105,287570,287702,132
105,0,blank,0,-333,-105,287702,287802,100
105,0,blank,0,-333,-105,287802,287927,125
105,0,blank,0,-333,-105,287927,288116,189
105,0,blank,0,-333,-105,288116,288295,179
105,0,blank,0,-333,-105,288295,288372,77
105,0,blank,0,-333,-105,288372,288610,238
105,0,blank,0,-333,-105,288610,288784,174
105,0,blank,0,-333,-105,288784,288877,93
105,0,blank,0,-333,-105,288877,289054,177
105,0,blank,0,-333,-105,289054,289230,176
105,0,blank,0,-333,-105,289230,289399,169
105,0,blank,0,-333,-105,289399,289575,176
105,0,blank,0,-333,-105,289575,289668,93
105,0,blank,0,-333,-105,289961,290140,179
105,0,blank,0,-333,-105,290140,290328,188
105,0,blank,0,-333,-105,290328,290506,178
105,0,blank,0,-333,-105,290506,290675,169
105,0,blank,0,-333,-105,290675,290854,179
105,0,blank,0,-333,-105,290854,290984,130
105,0,blank,0,-333,-105,290984,291182,198
105,0,blank,0,-333,-105,291182,291379,197
105,0,blank,0,-333,-105,291379,291411,32
105,0,blank,0,944.414,172.4845,291442,291459,17
105,0,blank,0,-333,-105,291996,292172,176
105,0,blank,0,-333,-105,292172,292253,81
105,0,blank,0,988.389,137.3825,292354,292580,226
105,0,blank,0,988.389,137.3825,292580,292606,26
106,51,while,268,100.638233333333,316.760133333333,293635,293717,82
106,0,blank,0,128.8692,166.163,293928,293954,26
106,0,blank,0,125.0087,171.5129,293954,294229,275
106,0,blank,0,124.32905,170.76405,294229,294354,125
106,0,blank,0,156.0701,173.6588,294354,294530,176
106,0,blank,0,169.773533333333,175.631766666667,294530,294631,101
106,0,blank,0,204.5072,183.5212,294631,294841,210
106,0,blank,0,187.8238,157.45338,294841,295030,189
106,0,blank,0,152.705683333333,142.95105,295030,295214,184
106,0,blank,0,147.758433333333,167.654433333333,295214,295399,185
106,0,blank,0,150.962166666667,161.7803,295399,295588,189
106,0,blank,0,232.3217,156.3863,295588,295620,32
106,0,blank,0,-333,-105,295651,295837,186
106,0,blank,0,-333,-105,295837,296017,180
106,0,blank,0,-333,-105,296017,296189,172
106,0,blank,0,-333,-105,296189,296378,189
106,0,blank,0,-333,-105,296378,296531,153
106,0,blank,0,-333,-105,296531,296753,222
106,0,blank,0,-333,-105,296753,296784,31
106,0,blank,0,-333,-105,296784,297055,271
106,0,blank,0,-333,-105,297055,297324,269
106,0,blank,0,-333,-105,297324,297506,182
106,0,blank,0,-333,-105,297506,297608,102
106,0,blank,0,-333,-105,297608,297757,149
106,0,blank,0,-333,-105,297757,297907,150
106,0,blank,0,-333,-105,297907,298081,174
106,0,blank,0,-333,-105,298081,298270,189
106,0,blank,0,-333,-105,298270,298524,254
106,0,blank,0,-333,-105,298524,298700,176
106,0,blank,0,-333,-105,298700,298875,175
106,0,blank,0,-333,-105,298875,299073,198
106,0,blank,0,-333,-105,299073,299254,181
106,0,blank,0,-333,-105,299254,299393,139
106,0,blank,0,-333,-105,299393,299530,137
106,0,blank,0,-333,-105,299530,299741,211
106,0,blank,0,-333,-105,299741,299838,97
106,0,blank,0,-333,-105,299838,300029,191
106,0,blank,0,-333,-105,300029,300061,32
106,0,blank,0,-333,-105,300061,300239,178
106,0,blank,0,-333,-105,300239,300418,179
106,0,blank,0,-333,-105,300418,300580,162
106,0,blank,0,-333,-105,300580,300762,182
106,0,blank,0,-333,-105,300762,300961,199
106,0,blank,0,-333,-105,300961,300995,34
106,0,blank,0,-333,-105,300995,301175,180
106,0,blank,0,-333,-105,301175,301384,209
106,0,blank,0,-333,-105,301384,301567,183
106,0,blank,0,-333,-105,301567,301667,100
106,0,blank,0,-333,-105,301667,301880,213
106,0,blank,0,-333,-105,301880,302277,397
106,0,blank,0,-333,-105,302277,302445,168
106,0,blank,0,-333,-105,302445,302613,168
106,0,blank,0,-333,-105,302613,302987,374
106,0,blank,0,-333,-105,302987,303358,371
106,0,blank,0,-333,-105,303358,303544,186
106,0,blank,0,-333,-105,303544,303736,192
106,0,blank,0,-333,-105,303736,303915,179
106,0,blank,0,-333,-105,303915,304105,190
106,0,blank,0,-333,-105,304105,304299,194
106,0,blank,0,-333,-105,304299,304438,139
106,46,next,244,157.466833333333,206.400666666667,304679,304776,97
106,0,blank,0,-333,-105,304881,305061,180
106,0,blank,0,-333,-105,305061,305240,179
106,0,blank,0,-333,-105,305240,305301,61
106,0,blank,0,-333,-105,305301,305491,190
106,0,blank,0,-333,-105,305491,305570,79
106,0,blank,0,-333,-105,305570,305733,163
106,0,blank,0,-333,-105,305733,305815,82
106,0,blank,0,165.127283333333,190.2711,306172,306357,185
106,0,blank,0,175.842616666667,194.94695,306357,306536,179
106,0,blank,0,169.6049,184.5125,306536,306654,118
106,0,blank,0,-333,-105,307162,307358,196
106,0,blank,0,-333,-105,307358,307545,187
106,0,blank,0,-333,-105,307545,307743,198
106,0,blank,0,-333,-105,307743,307888,145
106,0,blank,0,-333,-105,307888,308071,183
106,0,blank,0,-333,-105,308071,308268,197
106,0,blank,0,-333,-105,308268,308442,174
106,0,blank,0,-333,-105,308442,308632,190
106,0,blank,0,-333,-105,308632,308804,172
106,0,blank,0,-333,-105,308804,308906,102
106,46,=,239,108.9483,205.54345,308945,309139,194
106,0,blank,0,114.2721,208.131175,309139,309259,120
106,0,blank,0,-333,-105,309291,309478,187
106,0,blank,0,-333,-105,309478,309657,179
106,0,blank,0,-333,-105,309657,309834,177
106,0,blank,0,-333,-105,309834,309980,146
106,0,blank,0,-333,-105,309980,310235,255
106,0,blank,0,-333,-105,310235,310396,161
106,0,blank,0,-333,-105,310396,310562,166
106,0,blank,0,-333,-105,310562,310757,195
106,0,blank,0,-333,-105,310757,310949,192
106,0,blank,0,-333,-105,310949,311137,188
106,0,blank,0,-333,-105,311137,311316,179
106,0,blank,0,-333,-105,311316,311479,163
106,0,blank,0,-333,-105,311479,311646,167
106,0,blank,0,-333,-105,311646,311808,162
106,0,blank,0,121.11954,215.28608,311835,311977,142
106,46,p,240,129.11968,203.50926,311977,312151,174
106,47,q,248,125.144766666667,222.7522,312151,312320,169
106,0,blank,0,102.8083,208.3552,312320,312479,159
106,0,blank,0,95.1746333333333,228.5695,312479,312666,187
106,0,blank,0,128.698333333333,239.049916666667,312666,312841,175
106,48,next,254,123.12025,245.5073,312841,313021,180
106,0,blank,0,97.7977666666667,233.975116666667,313021,313201,180
106,47,=,247,104.45495,229.159866666667,313201,313383,182
106,0,blank,0,96.9901166666667,225.078533333333,313383,313568,185
106,47,=,247,109.917616666667,219.2071,313568,313752,184
106,47,->,249,135.18252,229.14874,313752,313931,179
106,0,blank,0,97.47775,217.77565,313931,314111,180
106,46,=,239,105.378966666667,214.170966666667,314111,314295,184
106,46,p,240,90.4369833333333,214.983,314295,314480,185
106,47,q,248,86.9985666666667,221.1739,314480,314573,93
106,0,blank,0,-333,-105,314604,314790,186
106,0,blank,0,-333,-105,314790,314968,178
106,0,blank,0,-333,-105,314968,315141,173
106,0,blank,0,-333,-105,315141,315273,132
106,0,blank,0,-333,-105,315273,315612,339
106,0,blank,0,-333,-105,315612,315689,77
106,0,blank,0,-333,-105,315689,315987,298
106,0,blank,0,-333,-105,315987,316160,173
106,0,blank,0,-333,-105,316160,316336,176
106,0,blank,0,-333,-105,316336,316508,172
106,0,blank,0,-333,-105,316508,316547,39
106,46,->,243,143.08295,208.26105,316629,316813,184
106,0,blank,0,156.63534,237.73842,316813,316985,172
106,48,next,254,143.00266,248.38782,316985,317162,177
106,48,next,254,119.264466666667,249.939133333333,317162,317346,184
106,48,next,254,153.12192,250.01662,317346,317498,152
106,0,blank,0,128.72316,265.34446,317498,317673,175
106,48,next,254,120.865666666667,246.7195,317673,317856,183
106,48,next,254,141.387483333333,248.22995,317856,318041,185
106,0,blank,0,139.4605,258.838,318041,318133,92
106,0,blank,0,-333,-105,318196,318383,187
106,0,blank,0,-333,-105,318383,318550,167
106,0,blank,0,-333,-105,318550,318729,179
106,0,blank,0,-333,-105,318729,318893,164
106,0,blank,0,-333,-105,318893,318931,38
106,0,blank,0,-333,-105,318931,319186,255
106,0,blank,0,-333,-105,319186,319440,254
106,0,blank,0,-333,-105,319440,319635,195
106,0,blank,0,-333,-105,319635,319822,187
106,0,blank,0,-333,-105,319822,319947,125
106,49,rear,258,99.5943333333333,268.4675,320011,320206,195
106,0,blank,0,106.13325,280.1658,320206,320391,185
106,49,rear,258,104.3281,277.3037,320391,320568,177
106,49,rear,258,100.29288,274.57048,320568,320765,197
106,0,blank,0,128.571783333333,273.530183333333,320765,320943,178
106,0,blank,0,111.54084,261.62426,320943,321115,172
106,0,blank,0,96.90312,263.24738,321115,321290,175
106,0,blank,0,98.53062,281.66718,321290,321441,151
106,0,blank,0,-333,-105,321472,321503,31
106,49,rear,258,99.3155285714286,267.486185714286,321554,321753,199
106,49,=,259,139.036516666667,269.706,321753,321939,186
106,0,blank,0,126.508033333333,279.290133333333,321939,322123,184
106,0,blank,0,119.2897,283.1996,322123,322253,130
106,0,blank,0,-333,-105,322369,322554,185
106,0,blank,0,-333,-105,322554,322742,188
106,0,blank,0,-333,-105,322742,322933,191
106,0,blank,0,-333,-105,322933,323107,174
106,0,blank,0,-333,-105,323107,323293,186
106,0,blank,0,-333,-105,323293,323429,136
106,0,blank,0,-333,-105,323429,323592,163
106,0,blank,0,-333,-105,323592,323777,185
106,0,blank,0,-333,-105,323777,323946,169
106,0,blank,0,-333,-105,323946,324122,176
106,0,blank,0,-333,-105,324122,324267,145
106,0,blank,0,-333,-105,324267,324372,105
106,0,blank,0,-333,-105,324372,324556,184
106,0,blank,0,-333,-105,324556,324743,187
106,0,blank,0,-333,-105,324743,324929,186
106,0,blank,0,-333,-105,324929,325058,129
106,0,blank,0,-333,-105,325058,325255,197
106,0,blank,0,-333,-105,325255,325442,187
106,0,blank,0,-333,-105,325442,325612,170
106,0,blank,0,-333,-105,325612,325795,183
106,0,blank,0,-333,-105,325795,325992,197
106,0,blank,0,-333,-105,325992,326184,192
106,0,blank,0,-333,-105,326184,326378,194
106,0,blank,0,-333,-105,326378,326569,191
106,0,blank,0,-333,-105,326569,326639,70
106,0,blank,0,-333,-105,326639,326935,296
106,0,blank,0,-333,-105,326935,327104,169
106,0,blank,0,-333,-105,327104,327242,138
106,0,blank,0,-333,-105,327242,327381,139
106,0,blank,0,-333,-105,327381,327756,375
106,0,blank,0,235.509675,276.247025,328429,328610,181
106,0,blank,0,243.90275,248.00025,328610,328661,51
106,0,blank,0,-333,-105,328690,328877,187
106,0,blank,0,120.624883333333,364.404483333333,328904,329075,171
106,0,blank,0,127.82176,334.69726,329075,329226,151
106,0,blank,0,135.05498,336.86098,329226,329400,174
106,0,blank,0,156.50535,347.825025,329400,329520,120
106,0,blank,0,-333,-105,329549,329734,185
106,0,blank,0,-333,-105,329734,329912,178
106,0,blank,0,-333,-105,329912,330091,179
106,0,blank,0,-333,-105,330091,330256,165
106,0,blank,0,-333,-105,330256,330467,211
106,0,blank,0,-333,-105,330467,330676,209
106,0,blank,0,-333,-105,330676,331150,474
106,0,blank,0,-333,-105,331150,331344,194
106,0,blank,0,-333,-105,331344,331541,197
106,0,blank,0,-333,-105,331541,331716,175
106,0,blank,0,-333,-105,331716,331892,176
106,0,blank,0,-333,-105,331892,332086,194
106,0,blank,0,-333,-105,332086,332214,128
106,0,blank,0,-333,-105,332214,332438,224
106,0,blank,0,-333,-105,332438,332469,31
106,0,blank,0,-333,-105,332469,332855,386
106,0,blank,0,-333,-105,332855,333238,383
106,0,blank,0,-333,-105,333238,333410,172
106,0,blank,0,-333,-105,333410,333506,96
106,0,blank,0,-333,-105,333506,333666,160
106,0,blank,0,-333,-105,333666,333830,164
106,0,blank,0,-333,-105,333830,334069,239
106,0,blank,0,-333,-105,334069,334504,435
106,0,blank,0,-333,-105,334504,334703,199
106,0,blank,0,-333,-105,334703,334787,84
106,0,blank,0,-333,-105,334787,334936,149
106,0,blank,0,-333,-105,334936,335131,195
106,0,blank,0,-333,-105,335131,335308,177
106,0,blank,0,-333,-105,335308,335444,136
106,0,blank,0,-333,-105,335444,335587,143
106,0,blank,0,-333,-105,335587,335782,195
106,0,blank,0,-333,-105,335782,335942,160
106,0,blank,0,-333,-105,335942,336031,89
106,0,blank,0,-333,-105,336031,336149,118
106,0,blank,0,-333,-105,336149,336270,121
106,0,blank,0,-333,-105,336270,336355,85
106,0,blank,0,-333,-105,336355,336525,170
106,0,blank,0,-333,-105,336525,336601,76
106,0,blank,0,-333,-105,336601,336756,155
106,0,blank,0,-333,-105,336756,336909,153
106,0,blank,0,-333,-105,336909,337094,185
106,0,blank,0,-333,-105,337094,337273,179
106,0,blank,0,-333,-105,337273,337456,183
106,0,blank,0,-333,-105,337456,337632,176
106,0,blank,0,-333,-105,337632,337826,194
106,0,blank,0,-333,-105,337826,338013,187
106,0,blank,0,-333,-105,338013,338209,196
106,0,blank,0,-333,-105,338209,338387,178
106,0,blank,0,-333,-105,338387,338554,167
106,0,blank,0,-333,-105,338554,338726,172
106,0,blank,0,-333,-105,338726,338908,182
106,0,blank,0,-333,-105,338908,339044,136
106,0,blank,0,-333,-105,339044,339192,148
106,0,blank,0,-333,-105,339192,339367,175
106,0,blank,0,-333,-105,339367,339564,197
106,0,blank,0,-333,-105,339564,339736,172
106,0,blank,0,-333,-105,339736,339868,132
106,0,blank,0,-333,-105,339868,340025,157
106,0,blank,0,-333,-105,340025,340207,182
106,0,blank,0,-333,-105,340207,340403,196
106,0,blank,0,-333,-105,340403,340571,168
106,0,blank,0,-333,-105,340571,340615,44
106,0,blank,0,-333,-105,340615,340866,251
106,0,blank,0,-333,-105,340866,340891,25
106,0,blank,0,-333,-105,340891,341235,344
106,0,blank,0,-333,-105,341235,341417,182
106,0,blank,0,-333,-105,341417,341592,175
106,0,blank,0,-333,-105,341592,341767,175
106,0,blank,0,-333,-105,341767,341942,175
106,0,blank,0,-333,-105,341942,342111,169
106,0,blank,0,-333,-105,342111,342353,242
106,0,blank,0,-333,-105,342353,342599,246
106,0,blank,0,-333,-105,342599,342977,378
106,0,blank,0,-333,-105,342977,343145,168
106,0,blank,0,-333,-105,343145,343318,173
106,0,blank,0,-333,-105,343318,343564,246
106,0,blank,0,-333,-105,343564,343715,151
106,0,blank,0,-333,-105,343715,343803,88
106,0,blank,0,-333,-105,343803,343961,158
106,0,blank,0,-333,-105,343961,344116,155
106,0,blank,0,-333,-105,344116,344282,166
106,0,blank,0,-333,-105,344282,344459,177
106,0,blank,0,-333,-105,344459,344488,29
106,0,blank,0,-333,-105,344488,344679,191
106,0,blank,0,-333,-105,344679,344862,183
106,0,blank,0,-333,-105,344862,345042,180
106,0,blank,0,-333,-105,345042,345189,147
106,0,blank,0,-333,-105,345189,345369,180
106,0,blank,0,-333,-105,345369,345394,25
106,0,blank,0,-333,-105,345394,345640,246
106,0,blank,0,-333,-105,345640,345906,266
106,0,blank,0,-333,-105,345906,346140,234
106,0,blank,0,-333,-105,346140,346288,148
106,0,blank,0,-333,-105,346288,346471,183
106,0,blank,0,-333,-105,346471,346650,179
106,0,blank,0,-333,-105,346650,346796,146
106,0,blank,0,-333,-105,346796,346880,84
106,0,blank,0,-333,-105,346880,347020,140
106,0,blank,0,-333,-105,347020,347164,144
106,0,blank,0,-333,-105,347164,347302,138
106,0,blank,0,-333,-105,347302,347472,170
106,0,blank,0,-333,-105,347472,347668,196
106,0,blank,0,-333,-105,347668,347847,179
106,0,blank,0,-333,-105,347847,347940,93
106,0,blank,0,-333,-105,347940,348055,115
106,0,blank,0,-333,-105,348055,348219,164
106,0,blank,0,-333,-105,348219,348391,172
106,0,blank,0,-333,-105,348391,348572,181
106,0,blank,0,-333,-105,348572,348736,164
106,0,blank,0,-333,-105,348736,348863,127
106,0,blank,0,-333,-105,348863,349047,184
106,0,blank,0,-333,-105,349047,349231,184
106,0,blank,0,-333,-105,349231,349423,192
106,0,blank,0,-333,-105,349423,349608,185
106,0,blank,0,-333,-105,349608,349782,174
106,0,blank,0,-333,-105,349782,349959,177
106,0,blank,0,-333,-105,349959,350017,58
106,0,blank,0,-333,-105,350017,350471,454
106,0,blank,0,-333,-105,350471,350644,173
106,0,blank,0,-333,-105,350644,350677,33
106,0,blank,0,-333,-105,350677,350991,314
106,0,blank,0,-333,-105,350991,351293,302
106,0,blank,0,-333,-105,351293,351492,199
106,0,blank,0,-333,-105,351492,351671,179
106,0,blank,0,-333,-105,351671,351859,188
106,0,blank,0,-333,-105,351859,352039,180
106,0,blank,0,-333,-105,352039,352219,180
106,0,blank,0,-333,-105,352219,352637,418
106,0,blank,0,-333,-105,352637,352726,89
106,0,blank,0,213.028,327.0526,352803,352862,59
106,0,blank,0,258.1854,235.6392,352862,353073,211
106,0,blank,0,227.0127,275.5922,353239,353278,39
106,0,blank,0,188.51795,370.438925,353407,353569,162
106,53,;,282,181.70615,353.4942,353569,353653,84
106,0,blank,0,205.33178,344.04306,353737,353920,183
106,56,next,295,183.749233333333,427.15155,353920,354104,184
106,0,blank,0,188.02965,446.487116666667,354104,354293,189
106,0,blank,0,202.5876,453.53698,354293,354447,154
106,0,blank,0,-333,-105,354511,354675,164
106,0,blank,0,-333,-105,354675,354802,127
106,0,blank,0,-333,-105,354802,354923,121
106,0,blank,0,-333,-105,354923,355117,194
106,0,blank,0,-333,-105,355117,355261,144
106,0,blank,0,-333,-105,355261,355442,181
106,0,blank,0,-333,-105,355442,355609,167
106,0,blank,0,-333,-105,355609,355785,176
106,0,blank,0,-333,-105,355785,355909,124
106,0,blank,0,-333,-105,355909,356077,168
106,0,blank,0,-333,-105,356077,356275,198
106,0,blank,0,-333,-105,356275,356465,190
106,0,blank,0,-333,-105,356465,356643,178
106,0,blank,0,-333,-105,356643,356821,178
106,0,blank,0,-333,-105,356821,357008,187
106,0,blank,0,-333,-105,357008,357166,158
106,0,blank,0,-333,-105,357166,357281,115
106,0,blank,0,-333,-105,357281,357550,269
106,0,blank,0,-333,-105,357550,357736,186
106,0,blank,0,182.37206,329.61596,358312,358492,180
106,0,blank,0,146.6204,328.2674,358492,358670,178
106,53,=,280,151.81605,354.5986,358670,358733,63
106,0,blank,0,-333,-105,358795,358956,161
106,0,blank,0,-333,-105,358956,359103,147
106,0,blank,0,-333,-105,359103,359240,137
106,0,blank,0,-333,-105,359240,359384,144
106,0,blank,0,-333,-105,359384,359717,333
106,0,blank,0,-333,-105,359717,359915,198
106,0,blank,0,-333,-105,359915,360114,199
106,0,blank,0,-333,-105,360114,360289,175
106,0,blank,0,-333,-105,360289,360459,170
106,0,blank,0,-333,-105,360459,360645,186
106,0,blank,0,-333,-105,360645,360832,187
106,0,blank,0,-333,-105,360832,361007,175
106,0,blank,0,-333,-105,361007,361183,176
106,0,blank,0,-333,-105,361183,361351,168
106,0,blank,0,-333,-105,361351,361492,141
106,0,blank,0,-333,-105,361492,361676,184
106,0,blank,0,-333,-105,361676,361859,183
106,0,blank,0,-333,-105,361859,361936,77
106,0,blank,0,-333,-105,361936,362157,221
106,0,blank,0,-333,-105,362157,362245,88
106,0,blank,0,-333,-105,362245,362360,115
106,0,blank,0,-333,-105,362360,362556,196
106,0,blank,0,-333,-105,362556,362587,31
106,0,blank,0,-333,-105,362587,362769,182
106,0,blank,0,-333,-105,362769,362854,85
106,0,blank,0,-333,-105,362854,363189,335
106,0,blank,0,-333,-105,363189,363574,385
106,0,blank,0,228.201,353.408,363844,364102,258
106,53,;,282,181.955266666667,355.0568,364226,364404,178
106,0,blank,0,172.7862,344.0516,364404,364578,174
106,51,>,271,186.781425,324.44435,364578,364748,170
106,0,blank,0,135.03124,352.197,364748,364927,179
106,0,blank,0,137.309525,365.5519,364927,365105,178
106,0,blank,0,-333,-105,365130,365181,51
106,57,n,299,133.8762,441.945,365207,365233,26
106,54,=,284,148.633714285714,376.689614285714,365288,365487,199
106,0,blank,0,125.4234,392.40622,365487,365665,178
106,0,blank,0,135.9773,387.807333333333,365665,365843,178
106,0,blank,0,157.75125,394.9578,365843,366024,181
106,55,p,289,163.205433333333,397.232016666667,366024,366205,181
106,0,blank,0,143.84645,391.7117,366205,366352,147
106,0,blank,0,137.80154,387.29054,366352,366524,172
106,54,q,283,126.847525,387.8439,366524,366701,177
106,55,p,289,124.20738,396.87804,366701,366869,168
106,0,blank,0,138.84904,397.88894,366869,367040,171
106,55,=,288,144.376666666667,406.2022,367040,367212,172
106,0,blank,0,-333,-105,367262,367448,186
106,0,blank,0,-333,-105,367448,367615,167
106,0,blank,0,-333,-105,367615,367780,165
106,0,blank,0,-333,-105,367780,367972,192
106,0,blank,0,-333,-105,367972,368134,162
106,0,blank,0,-333,-105,368134,368295,161
106,0,blank,0,-333,-105,368295,368458,163
106,0,blank,0,-333,-105,368458,368645,187
106,55,p,289,126.08925,406.8503,368782,368911,129
106,0,blank,0,132.9111,392.084533333333,368911,369100,189
106,54,q,283,131.8588,390.593,369100,369125,25
106,0,blank,0,-333,-105,369184,369368,184
106,0,blank,0,-333,-105,369368,369547,179
106,0,blank,0,-333,-105,369547,369718,171
106,0,blank,0,-333,-105,369718,369847,129
106,0,blank,0,-333,-105,369847,370082,235
106,0,blank,0,-333,-105,370082,370269,187
106,0,blank,0,-333,-105,370269,370459,190
106,0,blank,0,-333,-105,370459,370599,140
106,0,blank,0,-333,-105,370599,370786,187
106,0,blank,0,-333,-105,370786,370922,136
106,0,blank,0,-333,-105,370922,371307,385
106,0,blank,0,-333,-105,371307,371452,145
106,0,blank,0,-333,-105,371452,371709,257
106,0,blank,0,-333,-105,371709,371907,198
106,0,blank,0,-333,-105,371907,371946,39
106,0,blank,0,-333,-105,371946,372161,215
106,0,blank,0,-333,-105,372161,372372,211
106,0,blank,0,-333,-105,372372,372517,145
106,0,blank,0,-333,-105,372517,372705,188
106,0,blank,0,-333,-105,372705,372899,194
106,0,blank,0,-333,-105,372899,373026,127
106,0,blank,0,-333,-105,373026,373120,94
106,0,blank,0,-333,-105,373120,373343,223
106,0,blank,0,-333,-105,373343,373625,282
106,0,blank,0,-333,-105,373625,373770,145
106,0,blank,0,-333,-105,373770,373949,179
106,0,blank,0,-333,-105,373949,374146,197
106,0,blank,0,-333,-105,374146,374316,170
106,0,blank,0,-333,-105,374316,374515,199
106,0,blank,0,-333,-105,374515,374703,188
106,0,blank,0,-333,-105,374703,374880,177
106,0,blank,0,-333,-105,374880,375043,163
106,0,blank,0,-333,-105,375043,375146,103
106,0,blank,0,-333,-105,375146,375703,557
106,0,blank,0,-333,-105,375703,375885,182
106,0,blank,0,-333,-105,375885,375921,36
106,0,blank,0,-333,-105,375921,376144,223
106,0,blank,0,-333,-105,376144,376377,233
106,0,blank,0,-333,-105,376377,376553,176
106,0,blank,0,-333,-105,376553,376699,146
106,47,next,250,200.7321,230.2382,376774,376831,57
106,47,=,247,108.745525,228.790175,376872,377036,164
106,0,blank,0,129.6311,258.9528,377036,377079,43
106,0,blank,0,92.9486,168.1391,377167,377202,35
106,0,blank,0,-333,-105,377288,377485,197
106,0,blank,0,-333,-105,377485,377661,176
106,0,blank,0,-333,-105,377661,377793,132
106,0,blank,0,-333,-105,377793,377960,167
106,0,blank,0,-333,-105,377960,378158,198
106,0,blank,0,-333,-105,378158,378334,176
106,0,blank,0,-333,-105,378334,378527,193
106,0,blank,0,-333,-105,378527,378695,168
106,0,blank,0,-333,-105,378695,379069,374
106,0,blank,0,41.7867,169.6543,379216,379247,31
106,0,blank,0,-333,-105,379407,379603,196
106,0,blank,0,-333,-105,379603,379768,165
106,0,blank,0,-333,-105,379768,379948,180
106,0,blank,0,-333,-105,379948,380072,124
106,0,blank,0,-333,-105,380072,380259,187
106,0,blank,0,-333,-105,380259,380424,165
106,0,blank,0,-333,-105,380424,380587,163
106,0,blank,0,-333,-105,380587,380755,168
106,0,blank,0,-333,-105,380755,380882,127
106,0,blank,0,-333,-105,380882,381032,150
106,0,blank,0,-333,-105,381032,381184,152
106,0,blank,0,-333,-105,381184,381354,170
106,0,blank,0,-333,-105,381354,381536,182
106,0,blank,0,-333,-105,381536,381709,173
106,0,blank,0,-333,-105,381709,381887,178
106,0,blank,0,-333,-105,381887,382026,139
106,0,blank,0,-333,-105,382026,382193,167
106,0,blank,0,-333,-105,382193,382366,173
106,0,blank,0,-333,-105,382366,382530,164
106,0,blank,0,-333,-105,382530,382721,191
106,0,blank,0,-333,-105,382721,382894,173
106,0,blank,0,-333,-105,382894,383071,177
106,0,blank,0,-333,-105,383071,383250,179
106,0,blank,0,-333,-105,383250,383390,140
106,0,blank,0,-333,-105,383390,383546,156
106,0,blank,0,-333,-105,383546,383670,124
106,0,blank,0,-333,-105,383670,383798,128
106,0,blank,0,-333,-105,383798,383985,187
106,0,blank,0,-333,-105,383985,384176,191
106,0,blank,0,-333,-105,384176,384349,173
106,0,blank,0,-333,-105,384349,384530,181
106,0,blank,0,-333,-105,384530,384706,176
106,0,blank,0,-333,-105,384706,384855,149
106,0,blank,0,-333,-105,384855,385036,181
106,0,blank,0,-333,-105,385036,385206,170
106,0,blank,0,-333,-105,385206,385354,148
106,0,blank,0,-333,-105,385354,385542,188
106,0,blank,0,-333,-105,385542,385718,176
106,0,blank,0,-333,-105,385718,385909,191
106,0,blank,0,-333,-105,385909,386106,197
106,0,blank,0,-333,-105,386106,386292,186
106,46,->,243,135.824766666667,196.072166666667,386314,386489,175
106,46,next,244,159.892516666667,209.165516666667,386489,386664,175
106,0,blank,0,191.53005,170.031333333333,386664,386836,172
106,0,blank,0,189.029133333333,173.62065,386836,387010,174
106,0,blank,0,256.9889,171.8093,387010,387128,118
106,0,blank,0,-333,-105,387188,387362,174
106,0,blank,0,-333,-105,387362,387507,145
106,0,blank,0,-333,-105,387507,387699,192
106,0,blank,0,-333,-105,387699,387891,192
106,0,blank,0,-333,-105,387891,388069,178
106,0,blank,0,-333,-105,388069,388257,188
106,0,blank,0,-333,-105,388257,388449,192
106,0,blank,0,-333,-105,388449,388481,32
106,0,blank,0,101.393,193.56816,388549,388723,174
106,0,blank,0,116.3985,185.442883333333,388723,388904,181
106,0,blank,0,133.785666666667,195.337083333333,388904,389084,180
106,46,p,240,130.756083333333,199.99785,389084,389265,181
106,46,=,239,106.139033333333,205.175116666667,389265,389446,181
106,46,=,239,110.5865,200.38785,389446,389627,181
106,0,blank,0,98.1864666666667,226.987466666667,389627,389807,180
106,48,next,254,123.702633333333,241.3133,389807,389995,188
106,46,=,239,110.675583333333,208.714366666667,389995,390177,182
106,47,->,249,136.50615,218.6399,390177,390364,187
106,46,=,239,113.3591,201.9121,390364,390395,31
106,0,blank,0,-333,-105,390558,390744,186
106,0,blank,0,-333,-105,390744,390924,180
106,0,blank,0,-333,-105,390924,391041,117
106,0,blank,0,-333,-105,391041,391227,186
106,0,blank,0,-333,-105,391227,391339,112
106,48,r,252,92.0424,240.4057,391370,391550,180
106,48,r,252,91.2506666666667,243.1011,391550,391732,182
106,0,blank,0,80.7197,257.225783333333,391732,391914,182
106,0,blank,0,94.40035,263.845,391914,392093,179
106,0,blank,0,84.5186166666667,262.0488,392093,392274,181
106,48,r,252,87.3738833333333,255.011133333333,392274,392459,185
106,48,r,252,91.8422,249.30765,392459,392645,186
106,0,blank,0,185.488733333333,350.590233333333,392645,392771,126
106,0,blank,0,331.7321,209.5322,392803,392836,33
106,0,blank,0,-333,-105,392967,393165,198
106,0,blank,0,-333,-105,393165,393344,179
106,0,blank,0,-333,-105,393344,393513,169
106,0,blank,0,-333,-105,393513,393691,178
106,0,blank,0,-333,-105,393691,393830,139
106,0,blank,0,-333,-105,393830,394003,173
106,0,blank,0,-333,-105,394003,394189,186
106,0,blank,0,-333,-105,394189,394366,177
106,0,blank,0,-333,-105,394366,394549,183
106,0,blank,0,-333,-105,394549,394727,178
106,0,blank,0,-333,-105,394727,394910,183
106,0,blank,0,-333,-105,394910,395079,169
106,0,blank,0,-333,-105,395079,395208,129
106,0,blank,0,-333,-105,395208,395396,188
106,0,blank,0,-333,-105,395396,395516,120
106,0,blank,0,-333,-105,395516,395708,192
106,0,blank,0,-333,-105,395708,395907,199
106,0,blank,0,-333,-105,395907,396074,167
106,0,blank,0,-333,-105,396074,396269,195
106,0,blank,0,-333,-105,396269,396449,180
106,0,blank,0,-333,-105,396449,396647,198
106,0,blank,0,-333,-105,396647,396843,196
106,0,blank,0,-333,-105,396843,396996,153
106,0,blank,0,-333,-105,396996,397191,195
106,0,blank,0,-333,-105,397191,397368,177
106,0,blank,0,-333,-105,397368,397540,172
106,0,blank,0,-333,-105,397540,397672,132
106,0,blank,0,-333,-105,397672,397807,135
106,0,blank,0,-333,-105,397807,397970,163
106,0,blank,0,-333,-105,397970,398146,176
106,0,blank,0,-333,-105,398146,398318,172
106,0,blank,0,-333,-105,398318,398515,197
106,0,blank,0,-333,-105,398515,398689,174
106,0,blank,0,-333,-105,398689,398845,156
106,0,blank,0,-333,-105,398845,399016,171
106,0,blank,0,-333,-105,399016,399214,198
106,0,blank,0,-333,-105,399214,399397,183
106,0,blank,0,-333,-105,399397,399591,194
106,0,blank,0,-333,-105,399591,399754,163
106,0,blank,0,-333,-105,399754,399926,172
106,0,blank,0,-333,-105,399926,400050,124
106,0,blank,0,-333,-105,400050,400217,167
106,0,blank,0,-333,-105,400217,400385,168
106,0,blank,0,-333,-105,400385,400552,167
106,0,blank,0,-333,-105,400552,400740,188
106,0,blank,0,-333,-105,400740,400915,175
106,50,next,264,152.38415,292.10485,401201,401390,189
106,48,->,253,102.22822,254.77494,401452,401602,150
106,0,blank,0,117.04085,392.853383333333,401632,401812,180
106,0,blank,0,137.76615,378.327166666667,401812,401993,181
106,55,->,290,176.8953,400.573233333333,401993,402176,183
106,55,->,290,190.291683333333,401.313416666667,402176,402364,188
106,0,blank,0,180.11526,437.62786,402364,402515,151
106,54,=,284,144.774983333333,376.154933333333,402546,402727,181
106,53,r,279,130.872533333333,366.9518,402727,402907,180
106,0,blank,0,156.235766666667,376.971316666667,402907,403084,177
106,0,blank,0,-333,-105,403146,403330,184
106,0,blank,0,-333,-105,403330,403504,174
106,0,blank,0,-333,-105,403504,403685,181
106,0,blank,0,-333,-105,403685,403848,163
106,0,blank,0,-333,-105,403848,404018,170
106,0,blank,0,-333,-105,404018,404104,86
106,0,blank,0,-333,-105,404104,404385,281
106,0,blank,0,-333,-105,404385,404631,246
106,0,blank,0,-333,-105,404631,404767,136
106,0,blank,0,-333,-105,404767,404915,148
106,0,blank,0,-333,-105,404915,405065,150
106,0,blank,0,-333,-105,405065,405220,155
106,0,blank,0,-333,-105,405220,405407,187
106,0,blank,0,-333,-105,405407,405508,101
106,0,blank,0,-333,-105,405508,405685,177
106,0,blank,0,-333,-105,405685,405854,169
106,0,blank,0,-333,-105,405854,406032,178
106,0,blank,0,-333,-105,406032,406219,187
106,0,blank,0,-333,-105,406219,406384,165
106,0,blank,0,-333,-105,406384,406581,197
106,0,blank,0,-333,-105,406581,406779,198
106,0,blank,0,-333,-105,406779,406880,101
106,0,blank,0,-333,-105,406880,407097,217
106,0,blank,0,-333,-105,407097,407296,199
106,0,blank,0,-333,-105,407296,407469,173
106,0,blank,0,-333,-105,407469,407653,184
106,0,blank,0,-333,-105,407653,407843,190
106,0,blank,0,-333,-105,407843,408020,177
106,0,blank,0,-333,-105,408020,408127,107
106,0,blank,0,-333,-105,408127,408308,181
106,0,blank,0,-333,-105,408308,408459,151
106,0,blank,0,-333,-105,408459,408638,179
106,0,blank,0,-333,-105,408638,408829,191
106,0,blank,0,-333,-105,408829,409000,171
106,0,blank,0,-333,-105,409000,409113,113
106,0,blank,0,-333,-105,409113,409259,146
106,0,blank,0,-333,-105,409259,409372,113
106,0,blank,0,-333,-105,409372,409567,195
106,0,blank,0,-333,-105,409567,409757,190
106,0,blank,0,-333,-105,409757,409937,180
106,0,blank,0,-333,-105,409937,410116,179
106,0,blank,0,-333,-105,410116,410297,181
106,0,blank,0,-333,-105,410297,410477,180
106,0,blank,0,-333,-105,410477,410666,189
106,0,blank,0,-333,-105,410666,410734,68
106,0,blank,0,-333,-105,410734,410871,137
106,0,blank,0,-333,-105,410871,411036,165
106,0,blank,0,-333,-105,411036,411223,187
106,0,blank,0,-333,-105,411223,411415,192
106,0,blank,0,-333,-105,411415,411566,151
106,0,blank,0,-333,-105,411566,411739,173
106,0,blank,0,-333,-105,411739,411889,150
106,0,blank,0,-333,-105,411889,412271,382
106,0,blank,0,-333,-105,412271,412525,254
106,0,blank,0,-333,-105,412525,412779,254
106,0,blank,0,-333,-105,412779,412954,175
106,0,blank,0,-333,-105,412954,412985,31
106,0,blank,0,-333,-105,412985,413178,193
106,0,blank,0,-333,-105,413178,413375,197
106,0,blank,0,-333,-105,413375,413566,191
106,0,blank,0,-333,-105,413566,413715,149
106,0,blank,0,-333,-105,413715,413914,199
106,0,blank,0,-333,-105,413914,414086,172
106,0,blank,0,-333,-105,414086,414261,175
106,0,blank,0,-333,-105,414261,414438,177
106,0,blank,0,-333,-105,414438,414548,110
