Frameno_fix,lineno_fix,Tokenname_fix,tokens_id,gaze_X_fix,gaze_Y_fix,timestamp_fix_start,timestamp_fix_end,time_duration
100,7,node,32,136.4733,131.5002,7849,7908,59
100,37,),208,144.28275,111.42285,7908,8093,185
100,7,*,33,166.89152,143.26064,8250,8386,136
100,0,blank,0,215.78,114.3605,8386,8727,341
100,0,blank,0,218.934928571429,132.798671428571,8727,8921,194
100,7,node,32,151.691566666667,152.3419,8921,9101,180
100,9,create,39,65.30244,187.4649,9101,9253,152
100,41,->,225,106.491266666667,200.077133333333,9253,9441,188
100,9,create,39,63.226,197.2001,9441,9669,228
100,9,create,39,67.8014,189.125,9669,9746,77
100,0,blank,0,-333,-105,9794,9899,105
100,6,int,28,60.4765,115.7039,9924,10026,102
100,11,struct,61,149.058433333333,243.0348,10026,10210,184
100,10,reverse,48,119.895,211.4677,10210,10329,119
100,9,create,39,53.6355,179.2708,10329,10506,177
100,0,blank,0,57.2257285714286,174.8612,10506,10702,196
100,9,create,39,106.07585,186.810416666667,10702,10883,181
100,9,struct,41,146.423116666667,193.10305,10883,11064,181
100,41,next,226,152.7839,200.4348,11064,11149,85
100,0,blank,0,-333,-105,11176,11281,105
100,0,blank,0,226.604814285714,166.371857142857,11306,11498,192
100,9,*,44,258.694083333333,188.772516666667,11498,11679,181
100,10,int,55,309.6095,205.875183333333,11679,11857,178
100,10,int,55,297.28282,208.16762,11857,12033,176
100,11,*,64,253.8376,238.95155,12033,12207,174
100,10,node,51,225.6981,214.73425,12207,12385,178
100,10,reverse,48,290.060433333333,220.739583333333,12385,12584,199
100,10,int,55,319.152166666667,215.74035,12584,12763,179
100,10,),56,324.34505,212.888766666667,12763,12943,180
100,10,int,55,310.25925,218.052183333333,12943,13123,180
100,0,blank,0,-333,-105,13183,13284,101
100,0,blank,0,256.9624,433.1841,13309,13359,50
100,11,(,60,130.4119,234.661433333333,13438,13610,172
100,11,struct,61,166.60436,229.9711,13610,13787,177
100,10,node,51,232.789683333333,213.62665,13787,13967,180
100,0,blank,0,293.688275,251.916775,13967,14086,119
100,0,blank,0,-333,-105,14115,14195,80
100,0,blank,0,323.53788,237.6269,14320,14487,167
100,11,*,64,267.6439,238.203533333333,14487,14685,198
100,0,blank,0,303.8163,261.9709,14685,14804,119
100,0,blank,0,-333,-105,15503,15695,192
100,0,blank,0,-333,-105,15695,15888,193
100,0,blank,0,-333,-105,15888,16012,124
100,0,blank,0,-333,-105,16012,16181,169
100,0,blank,0,-333,-105,16181,16373,192
100,0,blank,0,-333,-105,16373,16536,163
100,0,blank,0,-333,-105,16536,16626,90
100,0,blank,0,-333,-105,16626,17656,1030
100,0,blank,0,-333,-105,17656,17737,81
100,0,blank,0,-333,-105,17737,17985,248
100,0,blank,0,-333,-105,17985,18146,161
100,0,blank,0,-333,-105,18146,18344,198
100,0,blank,0,-333,-105,18344,18519,175
100,0,blank,0,-333,-105,18519,18589,70
100,0,blank,0,-333,-105,18589,19606,1017
100,0,blank,0,-333,-105,19606,19679,73
100,0,blank,0,-333,-105,19679,19829,150
100,0,blank,0,-333,-105,19829,20015,186
100,0,blank,0,-333,-105,20015,20118,103
100,0,blank,0,-333,-105,20118,20470,352
100,0,blank,0,-333,-105,20470,20638,168
100,0,blank,0,-333,-105,20638,20803,165
100,0,blank,0,-333,-105,20803,20982,179
100,0,blank,0,-333,-105,20982,21098,116
100,0,blank,0,-333,-105,21098,21271,173
100,0,blank,0,-333,-105,21271,21462,191
100,0,blank,0,-333,-105,21462,21586,124
100,0,blank,0,-333,-105,21586,21783,197
100,0,blank,0,-333,-105,21783,21977,194
100,0,blank,0,-333,-105,21977,22159,182
100,0,blank,0,-333,-105,22159,22299,140
100,0,blank,0,-333,-105,22299,22473,174
100,0,blank,0,-333,-105,22473,22586,113
100,0,blank,0,-333,-105,22586,22777,191
100,0,blank,0,-333,-105,22777,22952,175
100,0,blank,0,-333,-105,22952,23116,164
100,0,blank,0,-333,-105,23116,23301,185
100,0,blank,0,-333,-105,23301,23485,184
100,0,blank,0,-333,-105,23485,23514,29
100,11,release,59,83.547275,240.841225,23734,23896,162
100,11,release,59,64.205575,237.033125,23896,24062,166
100,11,release,59,77.7838,242.098466666667,24062,24184,122
100,11,release,59,102.72345,239.2292,24184,24383,199
100,9,struct,41,133.727733333333,192.958583333333,24383,24575,192
100,9,struct,41,131.883933333333,192.598866666667,24575,24662,87
100,0,blank,0,-333,-105,24692,24875,183
100,0,blank,0,-333,-105,24875,25057,182
100,0,blank,0,-333,-105,25057,25228,171
100,0,blank,0,-333,-105,25228,25393,165
100,0,blank,0,-333,-105,25393,25577,184
100,0,blank,0,-333,-105,25577,25764,187
100,0,blank,0,-333,-105,25764,25842,78
100,0,blank,0,-333,-105,25842,25993,151
100,0,blank,0,-333,-105,25993,26062,69
100,0,blank,0,-333,-105,26062,26241,179
100,0,blank,0,-333,-105,26241,26611,370
100,0,blank,0,-333,-105,26611,26792,181
100,0,blank,0,-333,-105,26792,26971,179
100,0,blank,0,-333,-105,26971,27066,95
100,0,blank,0,-333,-105,27066,27257,191
100,0,blank,0,-333,-105,27257,27552,295
100,0,blank,0,-333,-105,27552,28051,499
100,0,blank,0,-333,-105,28051,28234,183
100,0,blank,0,-333,-105,28234,28415,181
100,0,blank,0,-333,-105,28415,28567,152
100,0,blank,0,-333,-105,28567,28673,106
100,0,blank,0,-333,-105,28673,28977,304
100,0,blank,0,-333,-105,28977,29287,310
100,0,blank,0,-333,-105,29287,29460,173
100,0,blank,0,-333,-105,29460,29647,187
100,0,blank,0,-333,-105,29647,29701,54
100,0,blank,0,-333,-105,29701,29847,146
100,0,blank,0,-333,-105,29847,30039,192
100,0,blank,0,-333,-105,30039,30211,172
100,0,blank,0,-333,-105,30211,30378,167
100,0,blank,0,-333,-105,30378,30560,182
100,0,blank,0,-333,-105,30560,30744,184
100,0,blank,0,-333,-105,30744,30935,191
100,0,blank,0,-333,-105,30935,31092,157
100,0,blank,0,-333,-105,31092,31277,185
100,0,blank,0,-333,-105,31277,31444,167
100,0,blank,0,-333,-105,31444,31643,199
100,0,blank,0,-333,-105,31643,31819,176
100,0,blank,0,-333,-105,31819,32011,192
100,0,blank,0,-333,-105,32011,32189,178
100,0,blank,0,-333,-105,32189,32384,195
100,0,blank,0,-333,-105,32384,32740,356
100,0,blank,0,-333,-105,32740,32855,115
100,0,blank,0,-333,-105,32855,33008,153
100,0,blank,0,-333,-105,33008,33206,198
100,0,blank,0,-333,-105,33206,33380,174
100,0,blank,0,-333,-105,33380,33578,198
100,0,blank,0,-333,-105,33578,33775,197
100,0,blank,0,-333,-105,33775,33952,177
100,0,blank,0,-333,-105,33952,34092,140
100,0,blank,0,-333,-105,34092,34236,144
100,0,blank,0,-333,-105,34236,34426,190
100,0,blank,0,-333,-105,34426,34509,83
100,0,blank,0,-333,-105,34509,34641,132
100,0,blank,0,-333,-105,34641,34810,169
100,0,blank,0,-333,-105,34810,34985,175
100,0,blank,0,-333,-105,34985,35180,195
100,0,blank,0,-333,-105,35180,35350,170
100,0,blank,0,-333,-105,35350,35497,147
100,0,blank,0,-333,-105,35497,35906,409
100,0,blank,0,-333,-105,35906,35966,60
100,0,blank,0,-333,-105,35966,36232,266
100,0,blank,0,-333,-105,36232,36371,139
100,0,blank,0,-333,-105,36371,36561,190
100,0,blank,0,-333,-105,36561,36714,153
100,0,blank,0,-333,-105,36714,36903,189
100,0,blank,0,-333,-105,36903,37083,180
100,0,blank,0,-333,-105,37083,37187,104
100,0,blank,0,-333,-105,37187,37311,124
100,0,blank,0,-333,-105,37311,37413,102
101,0,blank,0,-333,-105,44603,44709,106
101,0,blank,0,-333,-105,44709,44882,173
101,0,blank,0,-333,-105,44882,45066,184
101,0,blank,0,-333,-105,45066,45241,175
101,0,blank,0,-333,-105,45241,45415,174
101,0,blank,0,-333,-105,45415,45611,196
101,0,blank,0,-333,-105,45611,45642,31
101,0,blank,0,-333,-105,45642,45905,263
101,0,blank,0,-333,-105,45905,45937,32
101,0,blank,0,-333,-105,45937,46195,258
101,0,blank,0,-333,-105,46195,46381,186
101,0,blank,0,-333,-105,46381,46555,174
101,0,blank,0,-333,-105,46555,46738,183
101,0,blank,0,-333,-105,46738,46899,161
101,0,blank,0,-333,-105,46899,47124,225
101,0,blank,0,-333,-105,47124,47302,178
101,0,blank,0,-333,-105,47302,47475,173
101,0,blank,0,-333,-105,47475,47669,194
101,0,blank,0,-333,-105,47669,47793,124
101,0,blank,0,-333,-105,47793,47919,126
101,0,blank,0,-333,-105,47919,48066,147
101,0,blank,0,-333,-105,48066,48272,206
101,0,blank,0,-333,-105,48272,48422,150
101,0,blank,0,-333,-105,48422,48613,191
101,0,blank,0,-333,-105,48613,48795,182
101,0,blank,0,-333,-105,48795,48947,152
101,0,blank,0,-333,-105,48947,49102,155
101,0,blank,0,-333,-105,49102,49600,498
101,0,blank,0,-333,-105,49600,50095,495
101,0,blank,0,-333,-105,50095,50275,180
101,0,blank,0,-333,-105,50275,50452,177
101,0,blank,0,-333,-105,50452,50633,181
101,0,blank,0,-333,-105,50633,50806,173
101,0,blank,0,-333,-105,50806,50931,125
101,0,blank,0,-333,-105,50931,51108,177
101,0,blank,0,-333,-105,51108,51294,186
101,0,blank,0,-333,-105,51294,51475,181
101,0,blank,0,-333,-105,51475,51656,181
101,0,blank,0,-333,-105,51656,51832,176
101,0,blank,0,-333,-105,51832,51868,36
101,48,next,254,146.010366666667,351.157666666667,51976,52090,114
101,47,->,249,153.6897,338.5051,52090,52224,134
101,0,blank,0,332.29,376.513,52798,52942,144
101,17,"Enterdataintothelist\n",92,323.4214,358.97765,52942,53128,186
101,17,"Enterdataintothelist\n",92,363.70245,364.557683333333,53128,53313,185
101,18,create,95,418.746733333333,356.5401,53313,53400,87
101,17,"Enterdataintothelist\n",92,167.9207,373.3877,53461,53641,180
101,17,"Enterdataintothelist\n",92,144.618166666667,372.005266666667,53641,53821,180
101,17,"Enterdataintothelist\n",92,143.330883333333,368.947766666667,53821,54002,181
101,17,"Enterdataintothelist\n",92,180.7636,365.18742,54002,54155,153
101,0,blank,0,-333,-105,54186,54217,31
101,17,"Enterdataintothelist\n",92,165.297433333333,365.806716666667,54339,54517,178
101,17,"Enterdataintothelist\n",92,129.6698,358.9499,54517,54548,31
101,0,blank,0,278.10704,380.35226,54578,54725,147
101,18,;,100,128.17435,395.22525,54756,54817,61
101,0,blank,0,-333,-105,55640,55818,178
101,0,blank,0,-333,-105,55818,56000,182
101,0,blank,0,-333,-105,56000,56037,37
101,19,printf,101,72.58532,403.27036,56067,56254,187
101,18,create,95,74.73205,394.045333333333,56254,56439,185
101,18,(,96,93.5018833333333,392.308683333333,56439,56619,180
101,18,&,97,94.44515,389.9864,56619,56677,58
101,0,blank,0,-31.2422,542.9946,56762,56789,27
101,0,blank,0,-333,-105,56812,56990,178
101,0,blank,0,-333,-105,56990,57166,176
101,0,blank,0,-333,-105,57166,57343,177
101,0,blank,0,-333,-105,57343,57448,105
101,20,display,106,65.30782,432.79988,57482,57663,181
101,21,(,112,82.8878166666667,444.160833333333,57663,57858,195
101,20,display,106,65.1316333333333,422.819633333333,57858,58054,196
101,20,display,106,75.32518,421.0399,58054,58219,165
101,19,"Displayingthenodesinthelist:\n",103,279.37865,404.897933333333,58461,58644,183
101,0,blank,0,-333,-105,58677,58786,109
101,20,(,107,92.4419,424.8934,58836,58895,59
101,21,printf,111,65.22115,446.80425,58961,59145,184
101,21,"EnterthenumberNtoreversefirstNnode:",113,86.2014833333333,454.167666666667,59145,59335,190
101,21,"EnterthenumberNtoreversefirstNnode:",113,93.6561333333333,446.1681,59335,59431,96
101,18,create,95,411.7751,393.71995,59463,59654,191
101,18,create,95,427.2947,396.535533333333,59654,59747,93
101,15,struct,80,70.6307833333333,328.511933333333,59812,60001,189
101,15,=,84,148.170933333333,317.489983333333,60001,60197,196
101,14,{,79,91.0595,274.345316666667,60197,60388,191
101,46,p,240,133.749483333333,304.21085,60388,60582,194
101,47,next,250,175.1637,333.08684,60582,60742,160
101,18,(,96,89.8579,392.1771,60774,60968,194
101,18,(,96,84.0708,383.9004,60968,61002,34
101,0,blank,0,-333,-105,61033,61118,85
101,18,create,95,63.3739,384.5804,61163,61225,62
101,17,printf,90,58.80175,375.7761,61292,61478,186
101,21,printf,111,72.06056,449.18516,61478,61649,171
101,22,scanf,116,61.33104,474.16982,61649,61821,172
101,22,(,117,64.3162,482.3079,61821,61854,33
101,0,blank,0,-333,-105,61943,62074,131
101,0,blank,0,-333,-105,62074,62410,336
101,0,blank,0,-333,-105,62410,62526,116
101,0,blank,0,-333,-105,62526,62718,192
101,0,blank,0,-333,-105,62718,62778,60
101,0,blank,0,-333,-105,62778,62977,199
101,0,blank,0,-333,-105,62977,63139,162
101,0,blank,0,-333,-105,63139,63253,114
101,21,printf,111,157.200416666667,441.918933333333,63551,63739,188
101,21,printf,111,155.5326,441.301533333333,63739,63913,174
101,22,&,120,138.4111,476.77645,63913,63997,84
101,23,printf,124,219.4826,489.6754,64087,64265,178
101,23,printf,124,208.003066666667,490.7413,64265,64364,99
101,0,blank,0,342.737333333333,473.124633333333,64396,64594,198
101,0,blank,0,373.083116666667,471.967333333333,64594,64788,194
101,0,blank,0,375.2803,465.5165,64788,64853,65
101,0,blank,0,-333,-105,64884,65013,129
101,0,blank,0,430.41425,469.904175,65042,65160,118
101,21,"EnterthenumberNtoreversefirstNnode:",113,303.253683333333,462.161233333333,65195,65388,193
101,21,"EnterthenumberNtoreversefirstNnode:",113,342.59915,449.85815,65388,65579,191
101,21,"EnterthenumberNtoreversefirstNnode:",113,381.0286,453.793616666667,65579,65766,187
101,21,"EnterthenumberNtoreversefirstNnode:",113,469.468516666667,452.624516666667,65766,65955,189
101,20,display,106,508.875266666667,437.681766666667,65955,66137,182
101,0,blank,0,459.85235,464.443766666667,66137,66323,186
101,0,blank,0,457.23345,464.527866666667,66323,66509,186
101,21,"EnterthenumberNtoreversefirstNnode:",113,520.515066666667,463.7407,66509,66698,189
101,0,blank,0,549.140016666667,465.520566666667,66698,66890,192
101,21,"EnterthenumberNtoreversefirstNnode:",113,556.7198,458.938466666667,66890,67080,190
101,21,"EnterthenumberNtoreversefirstNnode:",113,560.3547,462.93905,67080,67145,65
101,0,blank,0,-333,-105,67209,67321,112
101,21,"EnterthenumberNtoreversefirstNnode:",113,217.350166666667,445.420383333333,67347,67516,169
101,21,printf,111,148.779816666667,455.71915,67547,67733,186
101,21,"EnterthenumberNtoreversefirstNnode:",113,187.876066666667,456.478966666667,67733,67917,184
101,23,printf,124,212.791466666667,469.596416666667,67917,68101,184
101,21,"EnterthenumberNtoreversefirstNnode:",113,376.726366666667,449.49675,68101,68285,184
101,21,"EnterthenumberNtoreversefirstNnode:",113,301.675433333333,451.6119,68285,68471,186
101,21,"EnterthenumberNtoreversefirstNnode:",113,217.864766666667,460.78985,68471,68657,186
101,21,"EnterthenumberNtoreversefirstNnode:",113,197.652633333333,444.687133333333,68657,68843,186
101,23,printf,124,225.4017,473.1876,68843,68875,32
101,21,"EnterthenumberNtoreversefirstNnode:",113,369.737416666667,451.645183333333,68905,69089,184
101,21,"EnterthenumberNtoreversefirstNnode:",113,363.768366666667,445.819066666667,69089,69184,95
101,0,blank,0,-333,-105,69215,69349,134
101,21,"EnterthenumberNtoreversefirstNnode:",113,441.444716666667,448.182266666667,69530,69714,184
101,21,"EnterthenumberNtoreversefirstNnode:",113,523.317,446.005983333333,69714,69901,187
101,21,"EnterthenumberNtoreversefirstNnode:",113,523.478383333333,455.142966666667,69901,70088,187
101,23,printf,124,187.601266666667,476.892283333333,70150,70335,185
101,23,printf,124,202.655766666667,468.767783333333,70335,70520,185
101,22,;,123,170.656716666667,466.023916666667,70520,70704,184
101,23,printf,124,217.328133333333,466.86925,70704,70888,184
101,21,"EnterthenumberNtoreversefirstNnode:",113,230.228783333333,462.719666666667,70888,71071,183
101,0,blank,0,219.410366666667,421.837716666667,71071,71253,182
101,0,blank,0,217.267483333333,344.853616666667,71253,71438,185
101,46,->,243,206.939283333333,311.623683333333,71438,71622,184
101,46,next,244,161.508416666667,319.72125,71622,71811,189
101,15,p,83,138.54095,331.345233333333,71811,71999,188
101,48,next,254,147.030925,349.2052,71999,72126,127
101,0,blank,0,-333,-105,72158,72243,85
101,0,blank,0,235.9188,436.6173,72290,72350,60
101,23,printf,124,229.140683333333,484.3638,72417,72603,186
101,23,printf,124,191.837966666667,490.171883333333,72603,72792,189
101,23,printf,124,188.107133333333,477.580916666667,72792,72982,190
101,23,printf,124,210.22206,492.04238,72982,73138,156
101,23,"Reversingthelist...\n",126,329.0959,504.9508,73203,73320,117
101,0,blank,0,314.1796,485.5796,73320,73433,113
101,57,--,300,152.08815,533.58175,73513,73704,191
101,26,reverse,136,136.271116666667,519.651616666667,73704,73891,187
101,57,n,299,133.346366666667,533.497833333333,73891,74077,186
101,25,{,135,128.3642,522.1119,74077,74139,62
101,0,blank,0,-333,-105,74170,74253,83
102,0,blank,0,385.4988,552.4009,81198,81295,97
102,0,blank,0,411.785733333333,557.582533333333,81325,81423,98
102,0,blank,0,467.41282,610.02342,81455,81613,158
102,60,rear,308,155.221583333333,574.07305,81645,81830,185
102,60,rear,308,163.025633333333,575.059433333333,81830,82014,184
102,0,blank,0,156.1631,667.48958,82045,82205,160
102,21,"EnterthenumberNtoreversefirstNnode:",113,160.4532,451.0541,82235,82266,31
102,0,blank,0,-333,-105,82297,82405,108
102,0,blank,0,-333,-105,82510,82678,168
102,63,create,317,85.7453,684.4427,82823,82865,42
102,47,next,250,173.38655,344.3303,82927,83116,189
102,47,next,250,161.61825,335.833625,83116,83240,124
102,17,"Enterdataintothelist\n",92,279.530383333333,358.068266666667,83270,83452,182
102,0,blank,0,264.8521,341.114366666667,83452,83635,183
102,46,next,244,252.859933333333,311.305016666667,83635,83822,187
102,0,blank,0,253.47645,333.21685,83822,83885,63
102,0,blank,0,374.231383333333,133.570316666667,83915,84097,182
102,0,blank,0,-333,-105,84160,84263,103
102,40,next,222,242.489,181.6744,84305,84361,56
102,0,blank,0,247.643033333333,144.575683333333,84426,84610,184
102,0,blank,0,246.698733333333,132.365466666667,84610,84707,97
102,0,blank,0,1038.24333333333,115.142783333333,84833,85023,190
102,0,blank,0,1024.382,96.0625333333333,85023,85117,94
102,0,blank,0,1042.53583333333,190.049583333333,85148,85337,189
102,0,blank,0,1036.9615,119.550583333333,85337,85523,186
102,0,blank,0,1022.3385,118.409875,85523,85645,122
102,12,node,71,242.338983333333,261.575466666667,85708,85896,188
102,0,blank,0,239.705666666667,274.777416666667,85896,86085,189
102,0,blank,0,589.727633333333,24.4477166666667,86149,86344,195
102,0,blank,0,598.1179,61.9757,86344,86375,31
102,0,blank,0,1022.587,110.790783333333,86408,86595,187
102,0,blank,0,1016.05566666667,119.156366666667,86595,86782,187
102,0,blank,0,1025.14,137.24422,86782,86939,157
102,0,blank,0,1029.13425,147.17525,86939,87119,180
102,0,blank,0,1030.673,148.849725,87119,87295,176
102,0,blank,0,1030.722,153.122975,87295,87471,176
102,0,blank,0,1024.2965,154.36275,87471,87647,176
102,0,blank,0,1016.75225,139.38595,87647,87824,177
102,0,blank,0,1014.07583333333,129.625683333333,87824,88008,184
102,0,blank,0,1022.11166666667,129.149133333333,88008,88192,184
102,0,blank,0,1022.93966666667,127.22355,88192,88377,185
102,0,blank,0,1018.95016666667,127.66765,88377,88563,186
102,0,blank,0,1014.19675,147.006175,88563,88686,123
102,0,blank,0,-333,-105,88717,88748,31
102,0,blank,0,667.901,-103.7556,88773,88799,26
102,51,>,271,193.530516666667,427.612816666667,88850,89021,171
102,0,blank,0,180.3954,420.48895,89021,89205,184
102,50,next,264,153.369983333333,405.662866666667,89205,89386,181
102,47,next,250,161.757,327.7105,89386,89565,179
102,46,next,244,201.922533333333,310.012233333333,89565,89740,175
102,0,blank,0,224.203733333333,267.965666666667,89740,89864,124
102,50,next,264,124.549925,402.1156,89904,90065,161
102,51,(,269,157.8092,418.8248,90065,90106,41
102,15,node,81,118.671725,331.646575,90145,90307,162
102,12,display,68,101.82778,247.78,90307,90505,198
102,0,blank,0,63.19145,167.256166666667,90505,90695,190
102,36,=,199,81.0339166666667,94.9281166666667,90695,90871,176
102,2,include,12,76.80545,41.39975,90871,91047,176
102,33,reverse,168,76.56505,18.6660166666667,91047,91223,176
102,33,reverse,168,82.984,25.5324833333333,91223,91401,178
102,1,Program,4,78.0407,4.83998333333334,91401,91580,179
102,33,void,167,49.9545,23.72495,91580,91759,179
102,33,void,167,43.1964,34.05375,91759,91938,179
102,33,void,167,31.2162833333333,36.8677,91938,92119,181
102,33,void,167,36.9400666666667,33.3796666666667,92119,92301,182
102,1,C,3,38.45674,13.72404,92301,92453,152
102,0,blank,0,-333,-105,92483,92538,55
102,0,blank,0,49.7302,-39.1922,92566,92611,45
102,33,void,167,41.216525,24.1889,92684,92801,117
102,0,blank,0,988.1685,367.786633333333,92895,93081,186
102,0,blank,0,1024.519,366.409883333333,93081,93265,184
102,0,blank,0,1042.28275,358.454925,93265,93384,119
102,3,include,19,78.7153666666667,51.0841,93474,93656,182
102,1,Program,4,61.51645,22.2532,93656,93847,191
102,33,reverse,168,113.28942,31.4429,93847,94036,189
102,0,blank,0,-333,-105,94067,94176,109
102,0,blank,0,-333,-105,94176,94356,180
102,0,blank,0,-333,-105,94356,94538,182
102,0,blank,0,-333,-105,94538,94716,178
102,0,blank,0,-333,-105,94716,94915,199
102,0,blank,0,-333,-105,94915,95096,181
102,0,blank,0,-333,-105,95096,95294,198
102,0,blank,0,-333,-105,95294,95463,169
102,0,blank,0,-333,-105,95463,95657,194
102,0,blank,0,-333,-105,95657,95853,196
102,0,blank,0,-333,-105,95853,96047,194
102,0,blank,0,-333,-105,96047,96150,103
102,0,blank,0,-333,-105,96150,96324,174
102,0,blank,0,-333,-105,96324,96506,182
102,0,blank,0,-333,-105,96506,96691,185
102,0,blank,0,-333,-105,96691,96855,164
102,0,blank,0,-333,-105,96855,97033,178
102,0,blank,0,-333,-105,97033,97219,186
102,0,blank,0,-333,-105,97219,97400,181
102,0,blank,0,-333,-105,97400,97581,181
102,0,blank,0,-333,-105,97581,97759,178
102,0,blank,0,-333,-105,97759,97936,177
102,0,blank,0,-333,-105,97936,98117,181
102,0,blank,0,-333,-105,98117,98297,180
102,0,blank,0,-333,-105,98297,98489,192
102,0,blank,0,-333,-105,98489,98667,178
102,0,blank,0,-333,-105,98667,98798,131
102,0,blank,0,-333,-105,98798,98972,174
102,0,blank,0,-333,-105,98972,99043,71
102,0,blank,0,-333,-105,99043,99408,365
102,0,blank,0,-333,-105,99408,99587,179
102,0,blank,0,-333,-105,99587,99781,194
102,0,blank,0,-333,-105,99781,99978,197
102,0,blank,0,-333,-105,99978,100177,199
102,0,blank,0,-333,-105,100177,100349,172
102,0,blank,0,-333,-105,100349,100547,198
102,0,blank,0,-333,-105,100547,100745,198
102,0,blank,0,-333,-105,100745,100912,167
102,0,blank,0,-333,-105,100912,101103,191
102,0,blank,0,-333,-105,101103,101273,170
102,0,blank,0,-333,-105,101273,101443,170
102,0,blank,0,-333,-105,101443,101640,197
102,0,blank,0,-333,-105,101640,101806,166
102,0,blank,0,-333,-105,101806,101979,173
102,0,blank,0,-333,-105,101979,102176,197
102,0,blank,0,-333,-105,102176,102349,173
102,0,blank,0,-333,-105,102349,102518,169
102,0,blank,0,-333,-105,102518,102714,196
102,0,blank,0,-333,-105,102714,102884,170
102,0,blank,0,-333,-105,102884,103055,171
102,0,blank,0,-333,-105,103055,103253,198
102,0,blank,0,-333,-105,103253,103448,195
102,0,blank,0,-333,-105,103448,103625,177
102,0,blank,0,-333,-105,103625,103824,199
102,0,blank,0,-333,-105,103824,103991,167
102,0,blank,0,-333,-105,103991,104167,176
102,0,blank,0,-333,-105,104167,104357,190
102,0,blank,0,-333,-105,104357,104548,191
102,0,blank,0,-333,-105,104548,104733,185
102,0,blank,0,-333,-105,104733,104904,171
102,0,blank,0,-333,-105,104904,105088,184
102,0,blank,0,-333,-105,105088,105264,176
102,0,blank,0,-333,-105,105264,105445,181
102,0,blank,0,-333,-105,105445,105644,199
102,0,blank,0,-333,-105,105644,105822,178
102,0,blank,0,-333,-105,105822,105934,112
102,0,blank,0,-333,-105,105934,106107,173
102,0,blank,0,-333,-105,106107,106306,199
102,0,blank,0,-333,-105,106306,106484,178
102,0,blank,0,-333,-105,106484,106661,177
102,0,blank,0,-333,-105,106661,106842,181
102,0,blank,0,-333,-105,106842,107024,182
102,0,blank,0,-333,-105,107024,107198,174
102,0,blank,0,-333,-105,107198,107387,189
102,0,blank,0,-333,-105,107387,107430,43
102,0,blank,0,-333,-105,107430,107987,557
102,0,blank,0,-333,-105,107987,108106,119
102,0,blank,0,261.6494,42.13546,108140,108290,150
102,0,blank,0,324.139325,53.0336,108290,108458,168
102,35,struct,180,78.0380166666667,70.8810333333333,108884,109065,181
102,0,blank,0,254.170916666667,57.9098,109097,109284,187
102,0,blank,0,252.88804,60.59054,109284,109448,164
102,0,blank,0,347.981366666667,40.6182666666667,109887,109987,100
102,0,blank,0,-333,-105,110254,110574,320
102,0,blank,0,-333,-105,110574,110698,124
102,0,blank,0,-333,-105,110698,110869,171
102,0,blank,0,-333,-105,110869,111007,138
102,3,include,19,82.6581333333333,53.9374333333333,111137,111324,187
102,35,struct,180,83.2845,68.0414,111324,111355,31
102,0,blank,0,-333,-105,112144,112293,149
102,0,blank,0,285.4321,43.0132,112333,112348,15
102,0,blank,0,-333,-105,112912,113106,194
102,0,blank,0,-333,-105,113106,113285,179
102,0,blank,0,-333,-105,113285,113456,171
102,0,blank,0,-333,-105,113456,113628,172
102,0,blank,0,-333,-105,113628,113823,195
102,0,blank,0,-333,-105,113823,113989,166
102,0,blank,0,-333,-105,113989,114142,153
102,0,blank,0,-333,-105,114142,114278,136
102,0,blank,0,-333,-105,114278,114466,188
102,0,blank,0,-333,-105,114466,114647,181
102,0,blank,0,-333,-105,114647,114844,197
102,0,blank,0,-333,-105,114844,115043,199
102,0,blank,0,-333,-105,115043,115219,176
102,0,blank,0,-333,-105,115219,115410,191
102,0,blank,0,-333,-105,115410,115608,198
102,0,blank,0,-333,-105,115608,115777,169
102,0,blank,0,-333,-105,115777,115971,194
102,0,blank,0,-333,-105,115971,116003,32
102,3,stdlib,21,132.214325,60.78545,116028,116159,131
102,0,blank,0,192.6015,77.1493,116159,116375,216
102,0,blank,0,-333,-105,116400,116496,96
102,35,p,183,175.740933333333,76.9582,116526,116685,159
102,0,blank,0,160.3099,68.4391,116685,116816,131
102,35,node,181,130.7187,65.8304,116816,116889,73
102,0,blank,0,-333,-105,116918,117086,168
102,0,blank,0,-333,-105,117086,117252,166
102,0,blank,0,-333,-105,117252,117321,69
102,0,blank,0,-333,-105,117321,117593,272
102,40,->,221,113.1107,181.4801,117631,117652,21
102,0,blank,0,-333,-105,117849,118026,177
102,0,blank,0,-333,-105,118026,118212,186
102,0,blank,0,-333,-105,118212,118377,165
102,0,blank,0,-333,-105,118377,118547,170
102,0,blank,0,-333,-105,118547,118720,173
102,0,blank,0,-333,-105,118720,118886,166
102,0,blank,0,-333,-105,118886,119015,129
102,0,blank,0,-333,-105,119015,119201,186
102,0,blank,0,-333,-105,119201,119378,177
102,0,blank,0,-333,-105,119378,119563,185
102,0,blank,0,-333,-105,119563,119743,180
102,0,blank,0,-333,-105,119743,119900,157
102,0,blank,0,-333,-105,119900,120088,188
102,0,blank,0,-333,-105,120088,120285,197
102,0,blank,0,-333,-105,120285,120475,190
102,7,next,34,193.79,142.63495,120503,120614,111
102,0,blank,0,-333,-105,120862,121048,186
102,0,blank,0,-333,-105,121048,121226,178
102,0,blank,0,-333,-105,121226,121388,162
102,0,blank,0,-333,-105,121388,121565,177
102,0,blank,0,-333,-105,121565,121760,195
102,0,blank,0,-333,-105,121760,121957,197
102,0,blank,0,-333,-105,121957,122136,179
102,0,blank,0,-333,-105,122136,122308,172
102,0,blank,0,-333,-105,122308,122496,188
102,0,blank,0,-333,-105,122496,122647,151
102,0,blank,0,-333,-105,122647,122729,82
102,0,blank,0,-333,-105,122729,122900,171
102,0,blank,0,-333,-105,122900,124179,1279
102,0,blank,0,-333,-105,124179,124357,178
102,0,blank,0,-333,-105,124357,124543,186
102,0,blank,0,-333,-105,124543,124720,177
102,0,blank,0,-333,-105,124720,124843,123
102,0,blank,0,-333,-105,124843,125220,377
102,0,blank,0,-333,-105,125220,125398,178
102,0,blank,0,-333,-105,125398,125583,185
102,0,blank,0,-333,-105,125583,125763,180
102,0,blank,0,-333,-105,125763,125956,193
102,0,blank,0,-333,-105,125956,126116,160
102,0,blank,0,-333,-105,126116,126290,174
102,0,blank,0,-333,-105,126290,126486,196
102,0,blank,0,-333,-105,126486,126617,131
102,0,blank,0,-333,-105,126617,126707,90
102,0,blank,0,-333,-105,126707,127585,878
102,0,blank,0,-333,-105,127585,127708,123
102,0,blank,0,-333,-105,127708,127810,102
102,0,blank,0,-333,-105,127810,128559,749
102,0,blank,0,-333,-105,128559,128659,100
102,0,blank,0,-333,-105,128659,128841,182
102,0,blank,0,-333,-105,128841,128989,148
102,0,blank,0,-333,-105,128989,129063,74
102,0,blank,0,-333,-105,129063,129256,193
102,0,blank,0,-333,-105,129256,129447,191
102,0,blank,0,-333,-105,129447,129598,151
102,0,blank,0,39.5842666666667,128.768633333333,129773,129947,174
102,7,struct,31,101.538,149.25032,130397,130568,171
102,0,blank,0,107.475533333333,148.463816666667,130568,130759,191
102,39,=,211,103.82188,152.87468,130759,130919,160
102,39,q,212,83.98992,156.3095,130919,131104,185
102,39,q,212,85.3866166666667,159.339483333333,131104,131294,190
102,0,blank,0,100.598033333333,156.022966666667,131294,131485,191
102,7,struct,31,103.166066666667,146.391566666667,131485,131584,99
102,0,blank,0,-333,-105,131616,131648,32
102,7,node,32,116.62298,148.83606,131765,131914,149
102,39,=,211,105.2495,154.6631,131914,131978,64
102,0,blank,0,102.3709,167.6032,131978,132286,308
102,39,q,212,124.882833333333,155.6413,132286,132474,188
102,7,node,32,121.65246,149.42626,132474,132668,194
102,7,node,32,116.4596,154.330566666667,132668,132842,174
102,7,node,32,132.0021,149.655416666667,132842,133038,196
102,7,node,32,129.88242,146.12488,133038,133206,168
102,7,node,32,148.2275,146.45872,133206,133375,169
102,7,node,32,150.68982,146.75224,133375,133545,170
102,0,blank,0,-333,-105,133579,133610,31
102,39,next,214,199.21572,162.88556,133710,133896,186
102,0,blank,0,208.569325,161.42185,133896,134078,182
102,0,blank,0,185.73045,170.619375,134078,134251,173
102,39,next,214,178.1326,156.5943,134251,134383,132
102,0,blank,0,215.0892,159.0286,134383,134490,107
102,39,next,214,171.2272,161.1152,134490,134668,178
102,7,next,34,210.1217,146.51995,134668,134838,170
102,0,blank,0,232.83918,156.8356,134838,135014,176
102,0,blank,0,224.5567,149.26015,135014,135196,182
102,39,next,214,183.313133333333,153.365666666667,135196,135379,183
102,39,next,214,163.3654,164.0606,135379,135411,32
102,0,blank,0,-333,-105,135473,135501,28
102,0,blank,0,-333,-105,135552,135577,25
102,0,blank,0,134.8018,134.8427,135603,135628,25
102,40,next,222,120.324083333333,189.594316666667,135678,135850,172
102,42,head,231,104.328,215.526483333333,135850,136032,182
102,0,blank,0,-333,-105,136194,136378,184
102,0,blank,0,-333,-105,136378,136577,199
102,0,blank,0,-333,-105,136577,136756,179
102,0,blank,0,-333,-105,136756,136879,123
102,0,blank,0,-333,-105,136879,137133,254
102,0,blank,0,-333,-105,137133,137240,107
102,0,blank,0,-333,-105,137240,137441,201
102,0,blank,0,-333,-105,137441,137606,165
102,0,blank,0,-333,-105,137606,137792,186
102,0,blank,0,-333,-105,137792,137951,159
102,0,blank,0,-333,-105,137951,138087,136
102,0,blank,0,-333,-105,138087,138242,155
102,0,blank,0,-333,-105,138242,138439,197
102,0,blank,0,-333,-105,138439,138613,174
102,0,blank,0,-333,-105,138613,138769,156
102,0,blank,0,-333,-105,138769,138813,44
102,0,blank,0,-333,-105,138813,139111,298
102,0,blank,0,-333,-105,139111,139304,193
102,0,blank,0,-333,-105,139304,139392,88
102,0,blank,0,-333,-105,139392,139510,118
102,0,blank,0,-333,-105,139510,139655,145
102,0,blank,0,-333,-105,139655,139770,115
102,0,blank,0,-333,-105,139770,140000,230
102,0,blank,0,-333,-105,140000,140231,231
102,0,blank,0,-333,-105,140231,140399,168
102,0,blank,0,-333,-105,140399,140559,160
102,0,blank,0,-333,-105,140559,140737,178
102,0,blank,0,-333,-105,140737,140933,196
102,0,blank,0,-333,-105,140933,141068,135
102,0,blank,0,-333,-105,141068,141181,113
102,0,blank,0,-333,-105,141181,141329,148
102,0,blank,0,-333,-105,141329,141544,215
102,0,blank,0,-333,-105,141544,141730,186
102,0,blank,0,-333,-105,141730,141886,156
102,0,blank,0,-333,-105,141886,142064,178
102,0,blank,0,-333,-105,142064,142245,181
102,0,blank,0,-333,-105,142245,142381,136
102,0,blank,0,-333,-105,142381,142550,169
102,0,blank,0,-333,-105,142550,142727,177
102,0,blank,0,-333,-105,142727,142888,161
102,0,blank,0,-333,-105,142888,143054,166
102,0,blank,0,-333,-105,143054,143243,189
102,0,blank,0,-333,-105,143243,143420,177
102,0,blank,0,-333,-105,143420,143590,170
102,0,blank,0,-333,-105,143590,143772,182
102,0,blank,0,-333,-105,143772,143926,154
102,0,blank,0,-333,-105,143926,144103,177
102,0,blank,0,-333,-105,144103,144289,186
102,0,blank,0,-333,-105,144289,144447,158
102,0,blank,0,-333,-105,144447,144702,255
102,0,blank,0,-333,-105,144702,144742,40
102,0,blank,0,-333,-105,144742,144935,193
102,0,blank,0,-333,-105,144935,145019,84
102,0,blank,0,-333,-105,145019,145184,165
102,0,blank,0,-333,-105,145184,145364,180
102,0,blank,0,-333,-105,145364,145544,180
102,0,blank,0,-333,-105,145544,145780,236
102,0,blank,0,-333,-105,145780,146016,236
102,0,blank,0,-333,-105,146016,146199,183
102,0,blank,0,-333,-105,146199,146378,179
102,0,blank,0,-333,-105,146378,146559,181
102,0,blank,0,-333,-105,146559,146734,175
102,0,blank,0,-333,-105,146734,146915,181
102,0,blank,0,-333,-105,146915,146970,55
102,0,blank,0,-333,-105,146970,147251,281
102,0,blank,0,-333,-105,147251,147557,306
102,0,blank,0,-333,-105,147557,147808,251
102,0,blank,0,-333,-105,147808,147947,139
102,0,blank,0,-333,-105,148432,148479,47
102,0,blank,0,-333,-105,148479,148970,491
102,0,blank,0,-333,-105,148970,149291,321
102,0,blank,0,-333,-105,149291,149434,143
102,0,blank,0,137.208575,169.2089,149450,149625,175
102,40,next,222,134.502375,174.9719,149625,149795,170
102,42,head,231,130.7849,221.2238,149795,149837,42
102,0,blank,0,-333,-105,149880,150074,194
102,0,blank,0,-333,-105,150074,150253,179
102,0,blank,0,-333,-105,150253,150445,192
102,0,blank,0,-333,-105,150445,150621,176
102,0,blank,0,-333,-105,150621,150800,179
102,0,blank,0,-333,-105,150800,150999,199
102,0,blank,0,-333,-105,150999,151146,147
102,0,blank,0,-333,-105,151146,151270,124
102,0,blank,0,-333,-105,151270,151428,158
102,0,blank,0,-333,-105,151428,151604,176
102,0,blank,0,-333,-105,151604,151782,178
102,0,blank,0,-333,-105,151782,151964,182
102,0,blank,0,-333,-105,151964,152161,197
102,0,blank,0,-333,-105,152161,152219,58
102,39,next,214,176.011,150.14245,152242,152415,173
102,0,blank,0,197.56735,227.04515,152415,152548,133
102,10,node,51,211.969725,213.2456,152911,153075,164
102,40,->,221,205.158933333333,175.814366666667,153075,153254,179
102,40,=,219,189.134575,183.011525,153254,153420,166
102,7,node,32,148.971175,144.8467,153420,153592,172
102,7,node,32,149.049925,147.9417,153592,153765,173
102,39,next,214,176.19012,162.85766,153765,153960,195
102,0,blank,0,199.427666666667,170.542866666667,153960,154146,186
102,39,next,214,201.1344,158.85895,154146,154207,61
102,0,blank,0,-333,-105,154238,154422,184
102,0,blank,0,-333,-105,154422,154602,180
102,0,blank,0,-333,-105,154602,154783,181
102,0,blank,0,-333,-105,154783,154937,154
102,0,blank,0,-333,-105,154937,155080,143
102,0,blank,0,-333,-105,155080,155261,181
102,0,blank,0,-333,-105,155261,155443,182
102,0,blank,0,-333,-105,155443,155623,180
102,0,blank,0,-333,-105,155623,155811,188
102,0,blank,0,-333,-105,155811,156010,199
102,0,blank,0,-333,-105,156010,156188,178
102,0,blank,0,-333,-105,156188,156363,175
102,0,blank,0,-333,-105,156363,156538,175
102,0,blank,0,-333,-105,156538,156716,178
102,0,blank,0,-333,-105,156716,156818,102
102,0,blank,0,-333,-105,156818,156943,125
102,0,blank,0,-333,-105,156943,157111,168
102,0,blank,0,-333,-105,157111,157345,234
102,0,blank,0,-333,-105,157345,157690,345
102,0,blank,0,-333,-105,157690,157869,179
102,0,blank,0,-333,-105,157869,158067,198
102,0,blank,0,-333,-105,158067,158232,165
102,0,blank,0,-333,-105,158232,158911,679
102,0,blank,0,-333,-105,158911,159690,779
102,0,blank,0,-333,-105,159690,159873,183
102,0,blank,0,-333,-105,159873,160056,183
102,0,blank,0,-333,-105,160056,160217,161
102,0,blank,0,-333,-105,160217,160497,280
102,0,blank,0,-333,-105,160497,160844,347
102,0,blank,0,-333,-105,160844,161277,433
102,0,blank,0,-333,-105,161277,161459,182
102,0,blank,0,-333,-105,161459,161637,178
102,0,blank,0,-333,-105,161637,161813,176
102,0,blank,0,-333,-105,161813,161869,56
102,0,blank,0,-333,-105,161869,162088,219
102,0,blank,0,-333,-105,162088,162193,105
102,0,blank,0,-333,-105,162193,162495,302
102,0,blank,0,-333,-105,162495,162640,145
102,0,blank,0,238.5345,348.6651,162843,162881,38
102,0,blank,0,-333,-105,162968,163155,187
102,0,blank,0,-333,-105,163155,163341,186
102,0,blank,0,-333,-105,163341,163512,171
102,0,blank,0,-333,-105,163512,163704,192
102,0,blank,0,-333,-105,163778,163939,161
102,0,blank,0,273.884333333333,176.449933333333,164165,164357,192
102,40,next,222,248.945016666667,174.52145,164357,164549,192
102,0,blank,0,223.387966666667,171.735066666667,164549,164745,196
102,40,next,222,251.696983333333,173.348966666667,164745,164941,196
102,40,next,222,257.251083333333,176.174316666667,164941,165138,197
102,10,*,53,259.885533333333,202.907966666667,165138,165237,99
102,0,blank,0,-333,-105,165269,165457,188
102,0,blank,0,-333,-105,165457,165636,179
102,0,blank,0,-333,-105,165636,165775,139
102,0,blank,0,-333,-105,165775,165973,198
102,0,blank,0,-333,-105,165973,166156,183
102,0,blank,0,-333,-105,166156,166290,134
102,0,blank,0,-333,-105,166290,166406,116
102,0,blank,0,-333,-105,166406,166523,117
102,0,blank,0,-333,-105,166523,166714,191
102,0,blank,0,-333,-105,166714,166861,147
102,0,blank,0,-333,-105,166861,167031,170
102,0,blank,0,-333,-105,167031,167193,162
102,0,blank,0,-333,-105,167193,167373,180
102,0,blank,0,-333,-105,167373,167554,181
102,0,blank,0,-333,-105,167554,167603,49
102,0,blank,0,-333,-105,167603,167982,379
102,0,blank,0,-333,-105,167982,168148,166
102,0,blank,0,-333,-105,168148,168331,183
102,0,blank,0,-333,-105,168331,168503,172
102,0,blank,0,-333,-105,168503,168653,150
102,0,blank,0,-333,-105,168653,168852,199
102,0,blank,0,-333,-105,168852,169045,193
102,0,blank,0,-333,-105,169045,169190,145
102,0,blank,0,-333,-105,169190,169368,178
102,0,blank,0,-333,-105,169368,169537,169
102,0,blank,0,-333,-105,169537,169718,181
102,0,blank,0,-333,-105,169718,169895,177
102,0,blank,0,-333,-105,169895,169929,34
102,0,blank,0,-333,-105,170253,170299,46
102,40,next,222,147.844275,173.5557,170794,170967,173
102,40,next,222,149.75905,188.94405,170967,171149,182
102,39,next,214,154.49855,165.9518,171149,171330,181
102,39,->,213,151.67795,160.24075,171330,171505,175
102,39,next,214,175.44185,164.44685,171505,171695,190
102,39,next,214,189.346533333333,165.16085,171695,171886,191
102,0,blank,0,247.263266666667,159.139733333333,171886,172079,193
102,39,next,214,195.7156,161.264933333333,172079,172273,194
102,39,next,214,168.5794,163.9315,172273,172472,199
102,39,next,214,191.33212,160.33688,172472,172639,167
102,0,blank,0,225.80568,161.4262,172639,172806,167
102,0,blank,0,244.729116666667,160.447916666667,172806,173004,198
102,0,blank,0,263.787733333333,162.572383333333,173004,173201,197
102,0,blank,0,275.9093,162.334933333333,173201,173397,196
102,0,blank,0,-333,-105,173429,173513,84
102,39,next,214,200.5849,151.2852,173552,173599,47
102,0,blank,0,-333,-105,173638,173817,179
102,0,blank,0,-333,-105,173817,173998,181
102,0,blank,0,-333,-105,173998,174182,184
102,0,blank,0,-333,-105,174182,174378,196
102,0,blank,0,-333,-105,174378,174555,177
102,0,blank,0,-333,-105,174555,174752,197
102,0,blank,0,-333,-105,174752,174870,118
102,0,blank,0,-333,-105,174870,175055,185
102,0,blank,0,-333,-105,175055,175184,129
102,0,blank,0,-333,-105,175184,175356,172
102,0,blank,0,-333,-105,175356,175528,172
102,0,blank,0,-333,-105,175528,175693,165
102,0,blank,0,-333,-105,175693,175794,101
102,0,blank,0,-333,-105,175794,176095,301
102,0,blank,0,-333,-105,176095,176129,34
102,0,blank,0,-333,-105,176129,176362,233
102,0,blank,0,-333,-105,176362,176531,169
102,0,blank,0,-333,-105,176531,176728,197
102,0,blank,0,-333,-105,176728,176906,178
102,0,blank,0,-333,-105,176906,177100,194
102,0,blank,0,-333,-105,177100,177203,103
102,0,blank,0,-333,-105,177203,177315,112
102,0,blank,0,-333,-105,177315,177490,175
102,0,blank,0,-333,-105,177490,177672,182
102,0,blank,0,-333,-105,177672,177809,137
102,0,blank,0,-333,-105,177809,177926,117
102,0,blank,0,-333,-105,177926,178048,122
102,0,blank,0,-333,-105,178048,178219,171
102,0,blank,0,-333,-105,178219,178306,87
102,0,blank,0,-333,-105,178306,178544,238
102,0,blank,0,-333,-105,178544,178618,74
102,0,blank,0,-333,-105,178618,178864,246
102,0,blank,0,-333,-105,178864,179060,196
102,0,blank,0,-333,-105,179060,179238,178
102,0,blank,0,-333,-105,179238,179403,165
102,0,blank,0,-333,-105,179403,179594,191
102,0,blank,0,-333,-105,179594,179844,250
102,0,blank,0,-333,-105,179844,180024,180
102,0,blank,0,-333,-105,180024,180194,170
102,0,blank,0,-333,-105,180194,180375,181
102,0,blank,0,-333,-105,180375,180568,193
102,0,blank,0,-333,-105,180568,180696,128
102,0,blank,0,-333,-105,180696,180882,186
102,0,blank,0,-333,-105,180882,181077,195
102,0,blank,0,-333,-105,181077,181250,173
102,0,blank,0,-333,-105,181250,181442,192
102,0,blank,0,-333,-105,181442,181560,118
102,0,blank,0,-333,-105,181560,181743,183
102,0,blank,0,-333,-105,182257,182358,101
102,0,blank,0,-333,-105,182358,182558,200
102,0,blank,0,-333,-105,182558,182755,197
102,0,blank,0,-333,-105,182755,182930,175
102,0,blank,0,-333,-105,182930,183094,164
102,0,blank,0,-333,-105,183094,183284,190
102,0,blank,0,-333,-105,183284,183439,155
102,0,blank,0,-333,-105,183439,183560,121
102,0,blank,0,-333,-105,183560,183757,197
102,0,blank,0,-333,-105,183757,183920,163
102,0,blank,0,-333,-105,183920,184097,177
102,0,blank,0,-333,-105,184097,184296,199
102,0,blank,0,-333,-105,184296,184420,124
102,0,blank,0,-333,-105,184420,184565,145
102,0,blank,0,-333,-105,184565,184759,194
102,0,blank,0,-333,-105,184759,184942,183
102,0,blank,0,-333,-105,184942,185103,161
102,0,blank,0,-333,-105,185103,185226,123
102,0,blank,0,-333,-105,185226,185309,83
102,0,blank,0,-333,-105,185309,185538,229
102,0,blank,0,-333,-105,185538,185730,192
102,0,blank,0,-333,-105,185730,185913,183
102,0,blank,0,-333,-105,185913,186092,179
102,0,blank,0,-333,-105,186092,186276,184
102,0,blank,0,-333,-105,186276,186451,175
102,0,blank,0,-333,-105,186451,186636,185
102,0,blank,0,-333,-105,186636,186832,196
102,0,blank,0,-333,-105,186832,187014,182
102,0,blank,0,-333,-105,187014,187188,174
102,0,blank,0,-333,-105,187188,187379,191
102,0,blank,0,-333,-105,187379,187509,130
102,0,blank,0,-333,-105,187509,187681,172
102,0,blank,0,-333,-105,187681,187855,174
102,0,blank,0,-333,-105,187855,188041,186
102,0,blank,0,-333,-105,188041,188223,182
102,0,blank,0,-333,-105,188223,188384,161
102,0,blank,0,-333,-105,188384,188461,77
102,0,blank,0,-333,-105,188461,188681,220
102,0,blank,0,-333,-105,188681,188796,115
102,0,blank,0,-333,-105,188796,188981,185
102,0,blank,0,-333,-105,188981,189125,144
102,0,blank,0,-333,-105,189125,189265,140
102,0,blank,0,-333,-105,189265,189450,185
102,0,blank,0,-333,-105,189450,189578,128
102,0,blank,0,-333,-105,189578,189751,173
102,0,blank,0,-333,-105,189751,189902,151
102,0,blank,0,-333,-105,189902,190077,175
102,0,blank,0,-333,-105,190077,190282,205
102,0,blank,0,-333,-105,190282,190461,179
102,0,blank,0,-333,-105,190461,190632,171
102,0,blank,0,-333,-105,190632,190804,172
102,0,blank,0,-333,-105,190804,190921,117
102,0,blank,0,-333,-105,190921,191066,145
102,0,blank,0,-333,-105,191066,191239,173
102,0,blank,0,-333,-105,191239,191397,158
102,0,blank,0,-333,-105,191397,191504,107
102,0,blank,0,-333,-105,191504,191677,173
102,0,blank,0,-333,-105,191677,191855,178
102,0,blank,0,-333,-105,191855,192035,180
102,0,blank,0,-333,-105,192035,192219,184
102,0,blank,0,-333,-105,192219,192399,180
102,0,blank,0,-333,-105,192399,192571,172
102,0,blank,0,-333,-105,192571,192751,180
102,0,blank,0,-333,-105,192751,192930,179
102,0,blank,0,-333,-105,192930,193111,181
102,0,blank,0,-333,-105,193111,193291,180
102,0,blank,0,-333,-105,193291,193396,105
102,0,blank,0,-333,-105,193396,193590,194
102,0,blank,0,-333,-105,193590,193838,248
102,0,blank,0,-333,-105,193838,193967,129
102,0,blank,0,-333,-105,193967,194133,166
102,0,blank,0,-333,-105,194133,194320,187
102,0,blank,0,-333,-105,194320,194500,180
102,0,blank,0,-333,-105,194500,194685,185
102,0,blank,0,-333,-105,194685,194855,170
102,0,blank,0,-333,-105,194855,195053,198
102,0,blank,0,-333,-105,195053,195092,39
102,0,blank,0,-333,-105,195092,195310,218
102,0,blank,0,-333,-105,195310,195470,160
102,0,blank,0,-333,-105,195470,195663,193
102,0,blank,0,-333,-105,195663,195861,198
102,0,blank,0,-333,-105,195861,196023,162
102,0,blank,0,-333,-105,196023,196192,169
102,0,blank,0,-333,-105,196192,196362,170
102,0,blank,0,-333,-105,196362,196522,160
102,0,blank,0,-333,-105,196522,196715,193
102,0,blank,0,-333,-105,196715,196746,31
102,0,blank,0,-333,-105,196746,196986,240
102,0,blank,0,-333,-105,196986,197225,239
102,0,blank,0,-333,-105,197225,197406,181
102,0,blank,0,-333,-105,197406,197512,106
102,40,next,222,152.39395,188.5083,197621,197742,121
102,0,blank,0,-333,-105,197779,197912,133
102,9,node,42,220.335675,197.707775,198052,198227,175
102,40,->,221,223.5668,187.0916,198227,198269,42
102,0,blank,0,-333,-105,198319,198518,199
102,0,blank,0,-333,-105,198518,198698,180
102,0,blank,0,-333,-105,198698,198896,198
102,0,blank,0,-333,-105,198896,199088,192
102,0,blank,0,-333,-105,199088,199231,143
102,0,blank,0,-333,-105,199231,199361,130
102,0,blank,0,-333,-105,199361,199452,91
102,0,blank,0,-333,-105,199452,199613,161
102,0,blank,0,-333,-105,199613,199785,172
102,0,blank,0,-333,-105,199785,199983,198
102,0,blank,0,-333,-105,199983,200104,121
102,0,blank,0,-333,-105,200104,200214,110
102,0,blank,0,-333,-105,200214,200324,110
102,0,blank,0,-333,-105,200324,200446,122
102,0,blank,0,-333,-105,200446,200533,87
102,0,blank,0,-333,-105,200533,200686,153
102,0,blank,0,-333,-105,200686,200862,176
102,0,blank,0,-333,-105,200862,200998,136
102,0,blank,0,-333,-105,200998,201176,178
102,0,blank,0,-333,-105,201176,201390,214
102,0,blank,0,-333,-105,201390,201438,48
102,0,blank,0,-333,-105,201438,201626,188
102,0,blank,0,-333,-105,201626,201809,183
102,0,blank,0,-333,-105,201809,201929,120
102,0,blank,0,-333,-105,201929,202106,177
102,0,blank,0,-333,-105,202106,202289,183
102,0,blank,0,-333,-105,202289,202472,183
102,0,blank,0,-333,-105,202472,202645,173
102,0,blank,0,-333,-105,202645,202824,179
102,0,blank,0,-333,-105,202824,203002,178
102,0,blank,0,-333,-105,203002,203173,171
102,0,blank,0,-333,-105,203173,203334,161
102,0,blank,0,-333,-105,203334,203521,187
102,0,blank,0,-333,-105,203521,203702,181
102,0,blank,0,-333,-105,203702,203838,136
102,0,blank,0,-333,-105,203838,203946,108
102,0,blank,0,-333,-105,203946,204048,102
102,0,blank,0,-333,-105,204048,204219,171
102,0,blank,0,-333,-105,204219,204292,73
102,41,next,226,146.98055,203.008825,204319,204495,176
102,41,next,226,165.68685,208.4582,204495,204588,93
102,0,blank,0,129.3983,284.7428,204634,204677,43
102,0,blank,0,83.1424,-103.762016666667,204931,205093,162
102,0,blank,0,76.5717,-103.74435,205093,205204,111
102,0,blank,0,-333,-105,205230,205400,170
102,0,blank,0,-333,-105,205400,205483,83
102,10,struct,50,146.280633333333,214.0066,205564,205740,176
102,41,next,226,157.0271,194.62035,205740,205906,166
102,11,node,62,234.5656,223.6266,205906,206207,301
102,0,blank,0,196.0631,220.360683333333,206207,206394,187
102,42,;,234,181.622266666667,217.61385,206394,206583,189
102,42,;,234,178.949966666667,218.712666666667,206583,206771,188
102,10,node,51,209.975066666667,216.9538,206771,206959,188
102,10,node,51,227.658233333333,219.776133333333,206959,207054,95
102,0,blank,0,-333,-105,207086,207277,191
102,0,blank,0,-333,-105,207277,207455,178
102,0,blank,0,-333,-105,207455,207635,180
102,0,blank,0,-333,-105,207635,207828,193
102,0,blank,0,-333,-105,207828,207985,157
102,0,blank,0,-333,-105,207985,208087,102
102,0,blank,0,-333,-105,208087,208191,104
102,0,blank,0,-333,-105,208191,208308,117
102,0,blank,0,-333,-105,208308,208479,171
102,0,blank,0,-333,-105,208479,208655,176
102,0,blank,0,-333,-105,208655,208830,175
102,0,blank,0,-333,-105,208830,209023,193
102,0,blank,0,-333,-105,209023,209205,182
102,0,blank,0,-333,-105,209205,209381,176
102,0,blank,0,-333,-105,209381,209567,186
102,0,blank,0,-333,-105,209567,209747,180
102,0,blank,0,-333,-105,209747,209924,177
102,0,blank,0,-333,-105,209924,210104,180
102,0,blank,0,-333,-105,210104,210285,181
102,0,blank,0,-333,-105,210285,210464,179
102,0,blank,0,-333,-105,210464,210640,176
102,0,blank,0,-333,-105,210640,210834,194
102,0,blank,0,-333,-105,210834,211015,181
102,0,blank,0,-333,-105,211015,211183,168
102,0,blank,0,-333,-105,211183,211364,181
102,0,blank,0,-333,-105,211364,211523,159
102,0,blank,0,-333,-105,211523,211686,163
102,0,blank,0,-333,-105,211686,211823,137
102,0,blank,0,-333,-105,211823,211940,117
102,0,blank,0,-333,-105,211940,212098,158
102,0,blank,0,-333,-105,212098,212201,103
102,0,blank,0,-333,-105,212201,212375,174
102,0,blank,0,-333,-105,212375,212491,116
102,42,head,231,117.3386,219.4213,212555,212601,46
102,12,struct,70,178.4677,253.3968,212699,212733,34
102,0,blank,0,-333,-105,212856,212884,28
102,0,blank,0,-333,-105,212935,213124,189
102,0,blank,0,-333,-105,213124,213300,176
102,0,blank,0,-333,-105,213300,213470,170
102,0,blank,0,-333,-105,213470,213500,30
102,0,blank,0,-333,-105,213603,213743,140
102,37,),208,144.10604,123.64682,214046,214220,174
102,37,0,207,138.575933333333,112.9817,214220,214403,183
102,36,head,201,186.16392,94.28328,214403,214553,150
102,0,blank,0,-333,-105,214584,214697,113
102,36,*,200,176.004,92.8525666666667,214723,214895,172
102,36,*,200,176.823766666667,97.8339833333333,214895,215078,183
102,0,blank,0,203.662016666667,107.958716666667,215078,215263,185
102,36,head,201,194.995633333333,101.025616666667,215263,215448,185
102,36,head,201,201.066966666667,102.893166666667,215448,215631,183
102,0,blank,0,202.174,126.1353,215631,215662,31
102,12,struct,70,190.559883333333,257.546816666667,215692,215874,182
102,0,blank,0,196.274716666667,297.370783333333,215874,216057,183
102,0,blank,0,181.44985,297.317,216057,216119,62
102,0,blank,0,-333,-105,216179,216271,92
102,0,blank,0,243.5009,298.0728,216316,216409,93
102,46,next,244,170.94355,322.96735,216409,216605,196
102,0,blank,0,135.59848,282.99242,216605,216776,171
102,0,blank,0,-333,-105,216807,216969,162
102,0,blank,0,195.7979,297.758416666667,216996,217167,171
102,46,next,244,233.281416666667,305.595866666667,217167,217352,185
102,0,blank,0,276.898783333333,301.358166666667,217352,217534,182
102,0,blank,0,276.80165,310.743366666667,217534,217718,184
102,15,NULL,85,238.2821,331.03945,217718,217778,60
102,0,blank,0,-333,-105,217808,217890,82
102,0,blank,0,223.169566666667,283.37165,218063,218238,175
102,0,blank,0,267.288383333333,294.705683333333,218238,218423,185
102,0,blank,0,184.780133333333,288.928183333333,218423,218609,186
102,0,blank,0,187.472166666667,296.655916666667,218609,218795,186
102,0,blank,0,185.967666666667,286.9905,218795,218887,92
102,0,blank,0,-333,-105,218949,219027,78
102,46,next,244,191.16,305.077328571429,219053,219249,196
102,0,blank,0,174.8903,299.885675,219249,219371,122
102,0,blank,0,-333,-105,219401,219585,184
102,0,blank,0,-333,-105,219585,219765,180
102,0,blank,0,-333,-105,219765,219929,164
102,0,blank,0,-333,-105,219929,220107,178
102,0,blank,0,-333,-105,220107,220211,104
102,0,blank,0,-333,-105,220211,220384,173
102,0,blank,0,-333,-105,220384,220577,193
102,0,blank,0,-333,-105,220577,220639,62
102,0,blank,0,-333,-105,220639,220919,280
102,0,blank,0,-333,-105,220919,221200,281
102,0,blank,0,-333,-105,221200,221305,105
102,0,blank,0,-333,-105,221305,221561,256
102,0,blank,0,-333,-105,221561,221815,254
102,0,blank,0,-333,-105,221815,222069,254
102,0,blank,0,-333,-105,222069,222248,179
102,0,blank,0,-333,-105,222248,222425,177
102,0,blank,0,-333,-105,222425,222608,183
102,0,blank,0,-333,-105,222608,222763,155
102,0,blank,0,-333,-105,222763,222981,218
102,0,blank,0,-333,-105,222981,223165,184
102,0,blank,0,-333,-105,223165,223340,175
102,0,blank,0,-333,-105,223340,223536,196
102,0,blank,0,-333,-105,223536,223648,112
102,0,blank,0,-333,-105,223648,223847,199
102,0,blank,0,-333,-105,223847,224029,182
102,0,blank,0,-333,-105,224029,224118,89
102,0,blank,0,-333,-105,224118,224356,238
102,0,blank,0,-333,-105,224356,224405,49
102,0,blank,0,-333,-105,224405,224661,256
102,0,blank,0,-333,-105,224661,224921,260
102,0,blank,0,-333,-105,224921,225097,176
102,0,blank,0,-333,-105,225097,225295,198
102,0,blank,0,-333,-105,225295,225406,111
102,0,blank,0,-333,-105,225406,225537,131
102,0,blank,0,-333,-105,225537,225673,136
102,0,blank,0,-333,-105,225673,225858,185
102,0,blank,0,-333,-105,225858,226033,175
102,0,blank,0,-333,-105,226033,226224,191
102,0,blank,0,-333,-105,226224,226383,159
102,0,blank,0,-333,-105,226383,226503,120
102,0,blank,0,-333,-105,226503,226913,410
102,0,blank,0,-333,-105,226913,226962,49
102,0,blank,0,-333,-105,226962,227157,195
102,0,blank,0,-333,-105,227157,227336,179
102,0,blank,0,-333,-105,227336,227510,174
102,0,blank,0,-333,-105,227510,227683,173
102,0,blank,0,-333,-105,227683,227879,196
102,0,blank,0,-333,-105,227879,228023,144
102,0,blank,0,648.9841,-103.776633333333,228052,228180,128
102,0,blank,0,-333,-105,228205,228262,57
102,47,=,247,113.674833333333,326.8555,228435,228591,156
102,46,next,244,159.539,307.7505,228591,228643,52
102,0,blank,0,-333,-105,228692,228868,176
102,0,blank,0,-333,-105,228868,229047,179
102,0,blank,0,-333,-105,229047,229237,190
102,0,blank,0,-333,-105,229237,229376,139
102,0,blank,0,-333,-105,229376,229527,151
102,0,blank,0,-333,-105,229527,229688,161
102,0,blank,0,-333,-105,229688,229851,163
102,0,blank,0,-333,-105,229851,230031,180
102,0,blank,0,-333,-105,230031,230210,179
102,0,blank,0,-333,-105,230210,230391,181
102,0,blank,0,-333,-105,230391,230560,169
102,0,blank,0,-333,-105,230560,230756,196
102,0,blank,0,-333,-105,230756,230932,176
102,0,blank,0,-333,-105,230932,231126,194
102,0,blank,0,-333,-105,231126,231310,184
102,0,blank,0,-333,-105,231310,231475,165
102,0,blank,0,-333,-105,231475,231653,178
102,0,blank,0,-333,-105,231653,231817,164
102,0,blank,0,-333,-105,231817,232001,184
102,0,blank,0,-333,-105,232001,232162,161
102,0,blank,0,-333,-105,232162,232313,151
102,0,blank,0,-333,-105,232313,232569,256
102,0,blank,0,-333,-105,232569,232744,175
102,0,blank,0,-333,-105,232744,232855,111
102,0,blank,0,-333,-105,232855,233037,182
102,0,blank,0,-333,-105,233037,233216,179
102,0,blank,0,-333,-105,233216,233401,185
102,0,blank,0,-333,-105,233401,233534,133
102,0,blank,0,-333,-105,233534,233716,182
102,0,blank,0,-333,-105,233716,233752,36
102,0,blank,0,-333,-105,233802,234004,202
102,0,blank,0,-333,-105,234004,234149,145
102,0,blank,0,-333,-105,234149,234340,191
102,0,blank,0,-333,-105,234455,234512,57
102,0,blank,0,-333,-105,234752,234922,170
102,0,blank,0,-333,-105,234922,235117,195
102,0,blank,0,-333,-105,235117,235298,181
102,0,blank,0,-333,-105,235298,235479,181
102,0,blank,0,-333,-105,235479,235645,166
102,0,blank,0,-333,-105,235645,235767,122
102,0,blank,0,-333,-105,235767,235888,121
102,0,blank,0,-333,-105,235888,236024,136
102,0,blank,0,-333,-105,236024,236166,142
102,0,blank,0,-333,-105,236166,236378,212
102,0,blank,0,-333,-105,236378,236555,177
102,0,blank,0,-333,-105,236555,236742,187
102,0,blank,0,-333,-105,236742,236926,184
102,0,blank,0,-333,-105,236926,237097,171
102,0,blank,0,-333,-105,237097,237280,183
102,0,blank,0,-333,-105,237280,237447,167
102,48,->,253,95.1513833333333,362.039016666667,237494,237684,190
102,48,->,253,100.48395,359.604966666667,237684,237872,188
102,16,;,89,98.33855,340.974633333333,237872,238056,184
102,0,blank,0,119.007783333333,339.4251,238056,238242,186
102,0,blank,0,122.547833333333,342.947,238242,238334,92
102,0,blank,0,171.59232,121.93232,238366,238522,156
102,47,->,249,134.29585,340.10145,238553,238742,189
102,48,next,254,118.697083333333,348.00505,238742,238934,192
102,47,next,250,170.480583333333,339.37705,238934,239126,192
102,48,next,254,124.2787,348.688433333333,239126,239318,192
102,0,blank,0,114.0412,346.213033333333,239318,239510,192
102,0,blank,0,115.014633333333,346.9351,239510,239704,194
102,47,=,247,108.943566666667,344.867733333333,239704,239897,193
102,0,blank,0,111.7841,347.3888,239897,239927,30
102,0,blank,0,-333,-105,239959,240048,89
102,47,=,247,110.7118,331.8885,240091,240149,58
102,47,=,247,108.301533333333,339.5404,240220,240406,186
102,47,=,247,104.047333333333,339.914483333333,240406,240603,197
102,47,=,247,105.232166666667,341.8506,240603,240700,97
102,0,blank,0,-333,-105,240797,240988,191
102,0,blank,0,-333,-105,240988,241164,176
102,0,blank,0,-333,-105,241164,241362,198
102,0,blank,0,-333,-105,241362,241526,164
102,0,blank,0,-333,-105,241526,241704,178
102,0,blank,0,-333,-105,241704,241892,188
102,0,blank,0,-333,-105,241892,242073,181
102,0,blank,0,-333,-105,242073,242240,167
102,0,blank,0,-333,-105,242240,242417,177
102,0,blank,0,-333,-105,242417,242594,177
102,0,blank,0,-333,-105,242594,242776,182
102,0,blank,0,-333,-105,242776,242829,53
102,0,blank,0,-333,-105,242829,243093,264
102,0,blank,0,-333,-105,243093,243147,54
102,0,blank,0,-333,-105,243147,243345,198
102,0,blank,0,-333,-105,243345,243536,191
102,0,blank,0,-333,-105,243536,243713,177
102,0,blank,0,-333,-105,243713,243889,176
102,0,blank,0,-333,-105,243889,244065,176
102,0,blank,0,-333,-105,244065,244240,175
102,0,blank,0,-333,-105,244240,244364,124
102,0,blank,0,-333,-105,244364,244634,270
102,0,blank,0,-333,-105,244634,244666,32
102,0,blank,0,-333,-105,244666,244910,244
102,0,blank,0,-333,-105,244910,245097,187
102,0,blank,0,-333,-105,245097,245289,192
102,0,blank,0,-333,-105,245289,245464,175
102,0,blank,0,-333,-105,245464,245592,128
102,0,blank,0,-333,-105,245592,245731,139
102,0,blank,0,-333,-105,245731,245867,136
102,0,blank,0,-333,-105,245867,246024,157
102,0,blank,0,-333,-105,246024,246187,163
102,0,blank,0,-333,-105,246187,246464,277
102,0,blank,0,-333,-105,246464,246605,141
102,35,p,183,183.871,64.8996,246632,246665,33
102,0,blank,0,-333,-105,246847,247033,186
102,0,blank,0,-333,-105,247033,247205,172
102,0,blank,0,-333,-105,247205,247312,107
102,0,blank,0,-333,-105,247312,247511,199
102,0,blank,0,-333,-105,247511,247665,154
102,0,blank,0,-333,-105,247665,247936,271
102,0,blank,0,-333,-105,247936,247967,31
102,0,blank,0,-333,-105,247967,248219,252
102,0,blank,0,-333,-105,248219,248406,187
102,0,blank,0,-333,-105,248406,248593,187
102,0,blank,0,-333,-105,248593,248791,198
102,0,blank,0,-333,-105,248791,248967,176
102,0,blank,0,-333,-105,248967,249144,177
102,0,blank,0,-333,-105,249144,249181,37
102,47,->,249,141.7336,331.4095,249300,249391,91
102,0,blank,0,-333,-105,249472,249650,178
102,0,blank,0,-333,-105,249650,249827,177
102,0,blank,0,-333,-105,249827,250026,199
102,0,blank,0,-333,-105,250026,250206,180
102,0,blank,0,-333,-105,250206,250399,193
102,0,blank,0,-333,-105,250399,250534,135
102,0,blank,0,-333,-105,250534,250699,165
102,0,blank,0,-333,-105,250699,250865,166
102,0,blank,0,-333,-105,250865,251049,184
102,0,blank,0,-333,-105,251049,251113,64
102,0,blank,0,592.3876,-103.8745,251317,251405,88
102,0,blank,0,85.2771,-103.9129,251451,251520,69
102,0,blank,0,388.9988,709.779,251619,251711,92
102,0,blank,0,639.8807,-103.8005,251864,252066,202
102,0,blank,0,641.5872,-103.80425,252066,252141,75
102,0,blank,0,-333,-105,252166,252343,177
102,0,blank,0,-333,-105,252343,252521,178
102,0,blank,0,-333,-105,252521,252606,85
102,0,blank,0,-333,-105,252759,252957,198
102,0,blank,0,-333,-105,252957,253137,180
102,0,blank,0,-333,-105,253137,253304,167
102,0,blank,0,-333,-105,253304,253480,176
102,0,blank,0,-333,-105,253480,253659,179
102,0,blank,0,-333,-105,253659,253809,150
102,0,blank,0,-333,-105,253809,253916,107
102,0,blank,0,-333,-105,253916,254057,141
102,0,blank,0,-333,-105,254057,254206,149
102,0,blank,0,-333,-105,254206,254499,293
102,0,blank,0,-333,-105,254499,254689,190
102,0,blank,0,-333,-105,254689,254828,139
102,0,blank,0,-333,-105,254828,255027,199
102,0,blank,0,-333,-105,255027,255222,195
102,0,blank,0,-333,-105,255222,255419,197
102,0,blank,0,-333,-105,255419,255608,189
102,0,blank,0,-333,-105,255608,255807,199
102,0,blank,0,-333,-105,255807,255990,183
102,0,blank,0,-333,-105,255990,256063,73
102,0,blank,0,-333,-105,256063,256317,254
102,0,blank,0,-333,-105,256317,256474,157
102,0,blank,0,-333,-105,256474,256673,199
102,0,blank,0,-333,-105,256673,256831,158
102,0,blank,0,-333,-105,256831,257391,560
102,0,blank,0,-333,-105,257391,257512,121
102,0,blank,0,-333,-105,257512,257814,302
102,0,blank,0,-333,-105,257814,258011,197
102,0,blank,0,-333,-105,258011,258182,171
102,0,blank,0,-333,-105,258182,258226,44
102,0,blank,0,-333,-105,258226,258531,305
102,0,blank,0,-333,-105,258531,258730,199
102,0,blank,0,-333,-105,258730,258908,178
102,0,blank,0,-333,-105,258908,259082,174
102,0,blank,0,-333,-105,259082,259216,134
102,0,blank,0,-333,-105,259216,259396,180
102,0,blank,0,-333,-105,259396,259572,176
102,0,blank,0,-333,-105,259572,259715,143
102,0,blank,0,-333,-105,259715,259997,282
102,0,blank,0,-333,-105,259997,260219,222
102,0,blank,0,-333,-105,260219,260421,202
102,0,blank,0,-333,-105,260421,260620,199
102,0,blank,0,-333,-105,260620,260671,51
102,0,blank,0,-333,-105,260671,261039,368
102,0,blank,0,-333,-105,261342,261510,168
102,0,blank,0,-333,-105,261510,261557,47
102,0,blank,0,-333,-105,261557,261745,188
102,0,blank,0,-333,-105,261745,261934,189
102,0,blank,0,-333,-105,261934,262124,190
102,0,blank,0,-333,-105,262124,262289,165
102,0,blank,0,-333,-105,262289,262480,191
102,0,blank,0,-333,-105,262480,262669,189
102,0,blank,0,-333,-105,262669,262845,176
102,0,blank,0,-333,-105,262845,263017,172
102,0,blank,0,-333,-105,263017,263051,34
102,0,blank,0,-333,-105,263051,263229,178
102,0,blank,0,-333,-105,263229,263259,30
102,0,blank,0,-333,-105,263259,263432,173
102,0,blank,0,-333,-105,263432,263615,183
102,0,blank,0,-333,-105,263615,263800,185
102,0,blank,0,-333,-105,263800,263977,177
102,0,blank,0,-333,-105,263977,264154,177
102,0,blank,0,-333,-105,264154,264272,118
102,0,blank,0,-333,-105,264272,264466,194
102,0,blank,0,-333,-105,264466,264491,25
102,0,blank,0,-333,-105,264491,264846,355
102,0,blank,0,-333,-105,264846,265197,351
102,0,blank,0,-333,-105,265197,265337,140
102,19,"Displayingthenodesinthelist:\n",103,182.8693,412.8114,265369,265508,139
102,21,"EnterthenumberNtoreversefirstNnode:",113,141.43415,457.022966666667,265622,265807,185
102,22,"%d",118,134.7107,465.035083333333,265807,265989,182
102,22,"%d",118,115.384983333333,471.441133333333,265989,266172,183
102,54,q,283,129.138116666667,474.986616666667,266172,266357,185
102,54,=,284,149.552766666667,473.999,266357,266543,186
102,54,q,283,129.473066666667,476.5059,266543,266733,190
102,22,"%d",118,126.42435,477.243983333333,266733,266923,190
102,54,=,284,152.904525,470.23025,266923,267053,130
102,0,blank,0,-333,-105,267084,267271,187
102,0,blank,0,-333,-105,267271,267451,180
102,0,blank,0,-333,-105,267451,267626,175
102,0,blank,0,-333,-105,267626,267806,180
102,0,blank,0,-333,-105,267806,267985,179
102,0,blank,0,-333,-105,267985,268166,181
102,0,blank,0,-333,-105,268166,268362,196
102,0,blank,0,-333,-105,268362,268537,175
102,0,blank,0,-333,-105,268537,268719,182
102,0,blank,0,-333,-105,268719,268821,102
102,0,blank,0,-333,-105,268900,269084,184
102,0,blank,0,-333,-105,269084,269265,181
102,0,blank,0,-333,-105,269265,269452,187
102,0,blank,0,-333,-105,269452,269631,179
102,0,blank,0,-333,-105,269631,269795,164
102,0,blank,0,-333,-105,269795,269917,122
102,0,blank,0,-333,-105,269917,270096,179
102,0,blank,0,-333,-105,270096,270275,179
102,0,blank,0,-333,-105,270275,270738,463
102,0,blank,0,-333,-105,270738,271016,278
102,0,blank,0,-333,-105,271016,271079,63
102,0,blank,0,-333,-105,271079,271295,216
102,0,blank,0,-333,-105,271390,271489,99
102,0,blank,0,-333,-105,271489,271814,325
102,0,blank,0,-333,-105,271814,271999,185
102,0,blank,0,-333,-105,271999,272194,195
102,0,blank,0,-333,-105,272194,272335,141
102,56,q,293,131.9961,517.03466,272378,272557,179
102,24,),134,142.1142,516.697,272557,272656,99
102,0,blank,0,253.7589,510.3186,272656,272871,215
102,56,=,296,214.58116,511.98314,272871,273060,189
102,23,"Reversingthelist...\n",126,215.81545,499.51695,273060,273126,66
102,0,blank,0,-333,-105,273158,273348,190
102,0,blank,0,-333,-105,273348,273528,180
102,0,blank,0,-333,-105,273528,273724,196
102,0,blank,0,-333,-105,273724,273901,177
102,0,blank,0,-333,-105,273901,274077,176
102,0,blank,0,-333,-105,274077,274253,176
102,0,blank,0,-333,-105,274253,274437,184
102,0,blank,0,-333,-105,274437,274631,194
102,0,blank,0,-333,-105,274631,274828,197
102,0,blank,0,-333,-105,274828,275001,173
102,0,blank,0,-333,-105,275001,275169,168
102,0,blank,0,-333,-105,275169,275348,179
102,0,blank,0,-333,-105,275348,275528,180
102,0,blank,0,-333,-105,275528,275700,172
102,0,blank,0,-333,-105,275700,275882,182
102,0,blank,0,-333,-105,275882,276075,193
102,0,blank,0,-333,-105,276075,276265,190
102,0,blank,0,-333,-105,276265,276429,164
102,0,blank,0,-333,-105,276429,276606,177
102,0,blank,0,-333,-105,276606,276785,179
102,0,blank,0,-333,-105,276785,276882,97
102,0,blank,0,-333,-105,276882,277126,244
102,0,blank,0,-333,-105,277126,277311,185
102,0,blank,0,-333,-105,277311,277505,194
102,0,blank,0,-333,-105,277505,277754,249
102,0,blank,0,-333,-105,277754,277996,242
102,0,blank,0,-333,-105,277996,278172,176
102,0,blank,0,-333,-105,278172,278315,143
102,0,blank,0,-333,-105,278315,278489,174
102,0,blank,0,-333,-105,278489,278756,267
102,0,blank,0,-333,-105,278756,279020,264
102,0,blank,0,-333,-105,279020,279218,198
102,0,blank,0,-333,-105,279218,279314,96
102,0,blank,0,-333,-105,279314,279566,252
102,0,blank,0,-333,-105,279566,279700,134
102,0,blank,0,-333,-105,279897,280084,187
102,0,blank,0,-333,-105,280084,280271,187
102,0,blank,0,-333,-105,280271,280470,199
102,0,blank,0,-333,-105,280470,280648,178
102,0,blank,0,-333,-105,280648,280826,178
102,0,blank,0,-333,-105,280826,281023,197
102,0,blank,0,-333,-105,281023,281218,195
102,0,blank,0,-333,-105,281218,281295,77
102,0,blank,0,-333,-105,281295,281482,187
102,0,blank,0,-333,-105,281482,281592,110
102,0,blank,0,-333,-105,281592,281703,111
102,0,blank,0,-333,-105,281703,281814,111
102,0,blank,0,-333,-105,281814,281975,161
102,0,blank,0,-333,-105,281975,282142,167
102,0,blank,0,-333,-105,282142,282179,37
102,56,next,295,197.8174,504.3434,282209,282365,156
102,0,blank,0,-333,-105,282393,282570,177
102,59,head,304,203.3489,533.21775,282805,282859,54
102,63,head,323,287.4732,679.27285,282887,283009,122
102,0,blank,0,322.3517,675.3723,283009,283126,117
102,59,head,304,223.519333333333,542.3033,283187,283311,124
102,0,blank,0,211.3329,482.7235,283311,283492,181
102,0,blank,0,218.1636,475.6115,283492,283521,29
102,0,blank,0,-333,-105,283551,283710,159
102,56,next,295,183.46895,514.3385,283823,283997,174
102,58,},302,169.4888,541.1349,283997,284027,30
102,0,blank,0,-333,-105,284162,284350,188
102,0,blank,0,-333,-105,284350,284526,176
102,0,blank,0,-333,-105,284526,284785,259
102,0,blank,0,-333,-105,284785,284824,39
102,0,blank,0,-333,-105,285751,285949,198
102,0,blank,0,-333,-105,285949,286130,181
102,0,blank,0,-333,-105,286130,286300,170
102,0,blank,0,-333,-105,286300,286495,195
102,0,blank,0,-333,-105,286495,286678,183
102,0,blank,0,-333,-105,286678,286838,160
102,0,blank,0,-333,-105,286838,287020,182
102,0,blank,0,-333,-105,287020,287186,166
102,0,blank,0,-333,-105,287186,287370,184
102,0,blank,0,-333,-105,287370,287561,191
102,0,blank,0,-333,-105,287561,287748,187
102,0,blank,0,-333,-105,287748,287946,198
102,0,blank,0,-333,-105,287946,288085,139
102,0,blank,0,-333,-105,288085,288279,194
102,0,blank,0,-333,-105,288279,288399,120
102,0,blank,0,-333,-105,288399,288585,186
102,0,blank,0,-333,-105,288585,288769,184
102,0,blank,0,-333,-105,288769,288945,176
102,0,blank,0,-333,-105,288945,289118,173
102,0,blank,0,-333,-105,289118,289314,196
102,0,blank,0,-333,-105,289314,289424,110
102,0,blank,0,-333,-105,289424,289733,309
102,0,blank,0,-333,-105,289733,290044,311
102,0,blank,0,-333,-105,290044,290241,197
102,0,blank,0,-333,-105,290241,290433,192
102,0,blank,0,-333,-105,290433,290631,198
102,0,blank,0,-333,-105,290631,290795,164
102,0,blank,0,-333,-105,290795,290986,191
102,0,blank,0,-333,-105,290986,291182,196
102,0,blank,0,-333,-105,291182,291368,186
102,0,blank,0,-333,-105,291368,291537,169
102,0,blank,0,-333,-105,291537,291568,31
102,63,void,316,107.14564,622.08168,291709,291892,183
102,30,(,158,122.8427,641.8594,291892,291958,66
102,0,blank,0,-333,-105,292060,292235,175
102,0,blank,0,-333,-105,292235,292418,183
102,0,blank,0,-333,-105,292418,292610,192
102,0,blank,0,-333,-105,292610,292688,78
102,28,"Displayingthereversedlist:\n",149,231.1108,605.9261,292725,292895,170
102,60,rear,308,202.8034,580.196933333333,292895,293083,188
102,60,rear,308,193.64115,606.274033333333,293083,293266,183
102,0,blank,0,245.231816666667,618.308283333333,293266,293449,183
102,0,blank,0,215.202916666667,592.38335,293449,293634,185
102,60,rear,308,185.617333333333,592.600733333333,293634,293816,182
102,63,create,317,179.4358,618.62115,293816,293877,61
102,59,head,304,222.516416666667,551.383966666667,293907,294089,182
102,59,head,304,255.0559,537.2789,294089,294119,30
102,59,head,304,244.7455,541.838066666667,294150,294245,95
102,0,blank,0,-333,-105,294276,294384,108
102,0,blank,0,237.5068,647.3958,294444,294515,71
102,0,blank,0,180.47205,636.2559,294581,294762,181
102,0,blank,0,165.9187,634.1169,294762,294793,31
102,19,"Displayingthenodesinthelist:\n",103,194.528383333333,405.4047,294824,295007,183
102,0,blank,0,197.437416666667,380.752083333333,295007,295191,184
102,0,blank,0,194.390616666667,376.388683333333,295191,295377,186
102,17,"Enterdataintothelist\n",92,184.881483333333,375.385333333333,295377,295562,185
102,48,next,254,171.995816666667,362.871083333333,295562,295745,183
102,48,NULL,256,217.115933333333,364.522183333333,295745,295928,183
102,48,NULL,256,205.381833333333,357.815516666667,295928,296112,184
102,17,"Enterdataintothelist\n",92,186.659033333333,369.300133333333,296112,296296,184
102,48,=,255,183.27865,358.8127,296296,296357,61
102,0,blank,0,-333,-105,296388,296469,81
102,48,NULL,256,221.2266,351.3868,296505,296559,54
102,48,NULL,256,205.532,356.923583333333,296623,296801,178
102,17,"Enterdataintothelist\n",92,179.865266666667,355.7449,296801,296893,92
102,60,rear,308,177.1164,605.87775,296924,297109,185
102,0,blank,0,196.465516666667,644.6259,297109,297294,185
102,60,rear,308,207.5284,590.4442,297294,297324,30
102,19,"Displayingthenodesinthelist:\n",103,219.1372,410.552066666667,297355,297542,187
102,0,blank,0,210.339633333333,386.362316666667,297542,297731,189
102,0,blank,0,224.2686,287.4734,297731,297764,33
102,0,blank,0,-333,-105,297796,297934,138
102,0,blank,0,-333,-105,297934,298056,122
102,0,blank,0,-333,-105,298056,298236,180
102,0,blank,0,-333,-105,298236,298434,198
102,0,blank,0,-333,-105,298434,298601,167
102,0,blank,0,-333,-105,298601,298798,197
102,0,blank,0,-333,-105,298798,298934,136
102,17,"Enterdataintothelist\n",92,211.80438,368.64766,298963,299138,175
102,0,blank,0,211.561766666667,388.7317,299138,299240,102
102,0,blank,0,-333,-105,299276,299417,141
102,0,blank,0,-333,-105,299417,299564,147
102,0,blank,0,-333,-105,299564,299763,199
102,0,blank,0,-333,-105,299763,299945,182
102,0,blank,0,-333,-105,299945,300123,178
102,0,blank,0,-333,-105,300123,300307,184
102,0,blank,0,-333,-105,300307,300451,144
102,0,blank,0,-333,-105,300451,300736,285
102,0,blank,0,-333,-105,300736,300872,136
102,49,=,259,142.7077,375.265,300899,300989,90
102,0,blank,0,-333,-105,301021,301212,191
102,0,blank,0,-333,-105,301212,301400,188
102,0,blank,0,-333,-105,301400,301585,185
102,0,blank,0,-333,-105,301585,301773,188
102,0,blank,0,-333,-105,301773,301945,172
102,0,blank,0,-333,-105,301945,302035,90
102,0,blank,0,-333,-105,302035,302149,114
102,0,blank,0,-333,-105,302149,302286,137
102,0,blank,0,-333,-105,302286,302477,191
102,0,blank,0,-333,-105,302477,302655,178
102,0,blank,0,-333,-105,302655,302835,180
102,0,blank,0,-333,-105,302835,302985,150
102,0,blank,0,-333,-105,302985,303077,92
102,0,blank,0,-333,-105,303077,303256,179
102,0,blank,0,-333,-105,303256,303424,168
102,0,blank,0,-333,-105,303424,303594,170
102,0,blank,0,-333,-105,303594,303791,197
102,0,blank,0,-333,-105,303791,303975,184
102,0,blank,0,-333,-105,303975,304152,177
102,0,blank,0,-333,-105,304152,304326,174
102,0,blank,0,-333,-105,304326,304500,174
102,0,blank,0,-333,-105,304500,304683,183
102,0,blank,0,-333,-105,304683,304859,176
102,0,blank,0,-333,-105,304859,305053,194
102,0,blank,0,-333,-105,305053,305233,180
102,0,blank,0,-333,-105,305233,305412,179
102,0,blank,0,-333,-105,305412,305688,276
102,0,blank,0,-333,-105,305688,305942,254
102,0,blank,0,-333,-105,305942,306118,176
102,0,blank,0,-333,-105,306118,306296,178
102,0,blank,0,-333,-105,306296,306470,174
102,0,blank,0,-333,-105,306470,306646,176
102,0,blank,0,-333,-105,306646,306821,175
102,0,blank,0,-333,-105,306821,306997,176
102,0,blank,0,-333,-105,306997,307179,182
102,0,blank,0,-333,-105,307179,307344,165
102,0,blank,0,-333,-105,307344,307509,165
102,0,blank,0,-333,-105,307509,307690,181
102,0,blank,0,-333,-105,307690,307886,196
102,0,blank,0,-333,-105,307886,308104,218
102,0,blank,0,-333,-105,308104,308281,177
102,0,blank,0,-333,-105,308281,308479,198
102,0,blank,0,-333,-105,308479,308627,148
102,0,blank,0,-333,-105,308627,308878,251
102,0,blank,0,-333,-105,308878,309148,270
102,0,blank,0,-333,-105,309148,309516,368
102,0,blank,0,-333,-105,309516,309660,144
102,60,rear,308,163.204866666667,575.817266666667,309840,310006,166
102,59,q,306,152.3754,552.8873,310006,310172,166
102,63,create,317,161.880025,620.740925,310172,310335,163
102,30,;,162,159.031775,646.440425,310335,310507,172
102,29,p,154,132.171975,638.25365,310507,310691,184
102,30,;,162,159.5424,650.65968,310691,310877,186
102,0,blank,0,233.013533333333,636.99835,310877,311067,190
102,0,blank,0,249.704266666667,628.241233333333,311067,311258,191
102,0,blank,0,-333,-105,311290,311480,190
102,0,blank,0,-333,-105,311480,311660,180
102,0,blank,0,-333,-105,311660,311842,182
102,0,blank,0,-333,-105,311842,311981,139
102,0,blank,0,293.358,759.9028,312003,312035,32
102,63,create,317,227.779625,618.38335,312121,312314,193
102,60,rear,308,178.244433333333,593.597366666667,312314,312493,179
102,60,next,310,146.319,599.868325,312493,312663,170
102,60,next,310,138.2361,592.044933333333,312663,312798,135
102,60,rear,308,187.9538,607.2637,312798,312989,191
102,60,rear,308,211.67395,600.347033333333,312989,313185,196
102,28,"Displayingthereversedlist:\n",149,215.354733333333,609.563816666667,313185,313381,196
102,63,create,317,230.4586,620.07536,313381,313549,168
102,0,blank,0,241.136533333333,625.205166666667,313549,313649,100
102,59,head,304,211.8185,524.1407,313682,313851,169
102,59,head,304,204.27758,528.71506,313851,314024,173
102,59,head,304,195.64506,542.004,314024,314195,171
102,56,next,295,200.75864,514.28606,314195,314368,173
102,0,blank,0,201.85218,521.5246,314368,314539,171
102,23,"Reversingthelist...\n",126,226.148933333333,498.032816666667,314539,314737,198
102,56,=,296,226.55865,509.96865,314737,314802,65
102,0,blank,0,-333,-105,314835,314919,84
102,23,"Reversingthelist...\n",126,286.2184,496.8607,314965,315028,63
102,56,next,295,194.696116666667,502.993916666667,315093,315281,188
102,23,"Reversingthelist...\n",126,188.394766666667,501.25425,315281,315476,195
102,23,"Reversingthelist...\n",126,229.4251,496.8891,315476,315667,191
102,23,"Reversingthelist...\n",126,225.245283333333,496.096116666667,315667,315858,191
102,56,=,296,221.159666666667,509.048783333333,315858,316053,195
102,56,next,295,206.867633333333,520.089733333333,316053,316247,194
102,59,head,304,217.224716666667,527.681666666667,316247,316441,194
102,59,head,304,242.75025,530.517766666667,316441,316639,198
102,59,head,304,199.317533333333,528.855683333333,316639,316835,196
102,59,head,304,205.862816666667,525.509416666667,316835,317032,197
102,56,=,296,230.662083333333,504.837833333333,317032,317229,197
102,0,blank,0,-333,-105,317262,317450,188
102,0,blank,0,-333,-105,317450,317628,178
102,0,blank,0,-333,-105,317628,317804,176
102,0,blank,0,-333,-105,317804,318000,196
102,0,blank,0,-333,-105,318000,318179,179
102,0,blank,0,-333,-105,318179,318375,196
102,0,blank,0,-333,-105,318375,318556,181
102,0,blank,0,-333,-105,318556,318747,191
102,0,blank,0,-333,-105,318747,318912,165
102,0,blank,0,-333,-105,318912,319109,197
102,0,blank,0,-333,-105,319109,319298,189
102,0,blank,0,-333,-105,319298,319464,166
102,0,blank,0,-333,-105,319464,319635,171
102,0,blank,0,-333,-105,319635,319790,155
102,0,blank,0,-333,-105,319790,320057,267
102,0,blank,0,-333,-105,320057,320131,74
102,0,blank,0,-333,-105,320131,320477,346
102,0,blank,0,-333,-105,320477,320778,301
102,0,blank,0,-333,-105,320778,320957,179
102,0,blank,0,-333,-105,320957,321138,181
102,0,blank,0,-333,-105,321138,321233,95
102,0,blank,0,-333,-105,321233,321426,193
102,0,blank,0,-333,-105,321426,321610,184
102,0,blank,0,-333,-105,321610,321844,234
102,0,blank,0,-333,-105,321844,322222,378
102,0,blank,0,-333,-105,322222,322413,191
102,0,blank,0,-333,-105,322413,322688,275
102,0,blank,0,-333,-105,322688,322769,81
102,0,blank,0,-333,-105,322769,323038,269
102,0,blank,0,-333,-105,323038,323267,229
102,0,blank,0,-333,-105,323267,323442,175
102,0,blank,0,-333,-105,323442,323617,175
102,0,blank,0,-333,-105,323617,323793,176
102,0,blank,0,-333,-105,323793,323970,177
102,0,blank,0,-333,-105,323970,324153,183
102,0,blank,0,-333,-105,324153,324333,180
102,0,blank,0,-333,-105,324333,324513,180
102,0,blank,0,-333,-105,324513,324693,180
102,0,blank,0,-333,-105,324946,324982,36
102,0,blank,0,-333,-105,324982,325670,688
102,0,blank,0,-333,-105,325670,325848,178
102,0,blank,0,-333,-105,325848,325989,141
102,0,blank,0,-333,-105,326138,326319,181
102,0,blank,0,-333,-105,326319,326517,198
102,0,blank,0,-333,-105,326517,326577,60
102,0,blank,0,-333,-105,326577,326762,185
102,0,blank,0,-333,-105,326762,326939,177
102,0,blank,0,-333,-105,326939,327117,178
102,0,blank,0,-333,-105,327117,327152,35
102,39,next,214,197.7582,150.0912,327315,327354,39
102,0,blank,0,-333,-105,327426,327608,182
102,0,blank,0,-333,-105,327608,327805,197
102,0,blank,0,-333,-105,327805,327973,168
102,0,blank,0,-333,-105,327973,328078,105
102,0,blank,0,-333,-105,328078,328202,124
102,0,blank,0,-333,-105,328202,328376,174
102,42,head,231,113.347128571429,230.929585714286,328438,328631,193
102,10,struct,50,175.46494,212.80108,328631,328818,187
102,42,;,234,177.647375,215.528725,328818,329010,192
102,40,=,219,186.2995,187.0753,329010,329036,26
102,0,blank,0,-333,-105,329058,329233,175
102,0,blank,0,-333,-105,329233,329411,178
102,0,blank,0,-333,-105,329411,329595,184
102,0,blank,0,-333,-105,329595,329781,186
102,0,blank,0,-333,-105,329781,329960,179
102,0,blank,0,-333,-105,329960,330017,57
102,0,blank,0,-333,-105,330017,330199,182
102,0,blank,0,-333,-105,330199,330393,194
102,0,blank,0,-333,-105,330393,330816,423
102,0,blank,0,-333,-105,330816,331112,296
102,0,blank,0,-333,-105,331112,331298,186
102,0,blank,0,-333,-105,331298,331480,182
102,0,blank,0,-333,-105,331480,331533,53
102,0,blank,0,-333,-105,331533,331773,240
102,0,blank,0,-333,-105,331773,331805,32
102,0,blank,0,-333,-105,331805,332063,258
102,0,blank,0,-333,-105,332063,332318,255
102,0,blank,0,-333,-105,332318,332504,186
102,0,blank,0,-333,-105,332504,332687,183
102,0,blank,0,-333,-105,332687,332736,49
102,0,blank,0,-333,-105,332736,332953,217
102,0,blank,0,-333,-105,332953,332984,31
102,0,blank,0,-333,-105,332984,333316,332
102,0,blank,0,-333,-105,333316,333643,327
102,0,blank,0,-333,-105,333643,333829,186
102,0,blank,0,-333,-105,333829,334007,178
102,0,blank,0,-333,-105,334007,334144,137
102,0,blank,0,-333,-105,334144,334253,109
102,0,blank,0,-333,-105,334253,334369,116
102,0,blank,0,-333,-105,334369,334512,143
102,0,blank,0,-333,-105,334512,334645,133
102,0,blank,0,-333,-105,334645,334813,168
102,0,blank,0,-333,-105,334813,335000,187
102,0,blank,0,-333,-105,335000,335184,184
102,0,blank,0,-333,-105,335184,335513,329
102,0,blank,0,-333,-105,335513,335919,406
102,0,blank,0,-333,-105,335919,336094,175
102,0,blank,0,-333,-105,336094,336278,184
102,0,blank,0,-333,-105,336278,336469,191
102,0,blank,0,-333,-105,336469,336638,169
102,0,blank,0,-333,-105,336638,336776,138
102,0,blank,0,-333,-105,336776,336860,84
102,0,blank,0,-333,-105,336860,337177,317
102,0,blank,0,-333,-105,337177,337373,196
102,0,blank,0,-333,-105,337373,337555,182
102,0,blank,0,-333,-105,337555,337672,117
102,1,/,10,382.9904,16.1365,338138,338451,313
102,1,elements,8,334.4111,0.951099999999997,338451,338516,65
102,0,blank,0,-333,-105,338564,338754,190
102,0,blank,0,-333,-105,338754,338930,176
102,0,blank,0,-333,-105,338930,339032,102
102,0,blank,0,-333,-105,339032,339135,103
102,0,blank,0,-333,-105,339135,339319,184
102,0,blank,0,-333,-105,339319,339421,102
102,0,blank,0,-333,-105,339421,339632,211
102,0,blank,0,-333,-105,339632,339801,169
102,0,blank,0,-333,-105,339801,339984,183
102,0,blank,0,-333,-105,339984,340166,182
102,0,blank,0,-333,-105,340166,340346,180
102,0,blank,0,-333,-105,340346,340520,174
102,0,blank,0,-333,-105,340520,340696,176
102,0,blank,0,-333,-105,340696,340874,178
102,0,blank,0,-333,-105,340874,341051,177
102,0,blank,0,-333,-105,341051,341159,108
102,0,blank,0,-333,-105,341159,341284,125
102,0,blank,0,-333,-105,341284,341479,195
102,0,blank,0,942.114666666667,332.261433333333,341890,342073,183
102,0,blank,0,955.528,338.0926,342073,342242,169
102,0,blank,0,-333,-105,342275,342472,197
102,0,blank,0,-333,-105,342472,342671,199
102,0,blank,0,-333,-105,342671,342698,27
102,0,blank,0,1010.79833333333,339.458433333333,342731,342911,180
102,0,blank,0,1026.94066666667,319.529633333333,342911,343101,190
102,0,blank,0,1018.42083333333,313.991766666667,343101,343291,190
102,0,blank,0,1020.11233333333,309.674483333333,343291,343482,191
102,0,blank,0,1003.33133333333,311.579033333333,343482,343577,95
102,0,blank,0,355.873183333333,95.8225,343640,343835,195
102,0,blank,0,351.744933333333,97.2231333333333,343835,343936,101
102,40,next,222,162.243866666667,183.6742,343968,344164,196
102,10,*,53,263.133066666667,214.336266666667,344164,344356,192
102,0,blank,0,248.861533333333,247.556033333333,344356,344544,188
102,0,blank,0,292.8741,234.6864,344544,344732,188
102,10,int,55,315.290483333333,203.921566666667,344732,344920,188
102,0,blank,0,329.709,227.1332,344920,345110,190
102,0,blank,0,342.585883333333,222.021866666667,345110,345301,191
102,0,blank,0,348.687283333333,215.476866666667,345301,345491,190
102,0,blank,0,348.270633333333,218.472766666667,345491,345680,189
102,0,blank,0,347.203333333333,221.901933333333,345680,345773,93
102,0,blank,0,343.575983333333,216.185083333333,345942,346122,180
102,0,blank,0,346.365716666667,217.218416666667,346122,346312,190
102,0,blank,0,348.023,216.395366666667,346312,346407,95
102,11,release,59,60.16236,240.25758,346470,346632,162
102,0,blank,0,337.559533333333,224.371,346663,346853,190
102,0,blank,0,359.70905,232.567483333333,346853,347043,190
102,0,blank,0,361.077316666667,232.2126,347043,347230,187
102,0,blank,0,360.001816666667,241.780566666667,347230,347413,183
102,0,blank,0,355.68985,238.780133333333,347413,347594,181
102,0,blank,0,356.154883333333,226.482666666667,347594,347772,178
102,0,blank,0,353.7567,231.0144,347772,347951,179
102,0,blank,0,363.654866666667,252.9903,347951,348127,176
102,0,blank,0,351.129666666667,234.252666666667,348127,348303,176
102,0,blank,0,353.400233333333,247.677333333333,348303,348393,90
102,0,blank,0,-333,-105,348421,348450,29
102,0,blank,0,-333,-105,348501,348526,25
102,0,blank,0,338.931,268.1266,348552,348578,26
102,0,blank,0,343.1385,241.2127,348630,348655,25
102,0,blank,0,355.3339,217.1423,348655,348956,301
102,0,blank,0,365.0591,231.2051,348956,349030,74
102,12,(,69,125.027116666667,248.533766666667,349089,349265,176
102,12,display,68,113.9019,247.119,349265,349295,30
102,0,blank,0,341.59065,229.979983333333,349324,349519,195
102,0,blank,0,333.954333333333,229.751083333333,349519,349694,175
102,0,blank,0,1005.07966666667,76.61225,349753,349937,184
102,0,blank,0,1017.146,97.0728,349937,349968,31
102,0,blank,0,236.159633333333,153.099116666667,350030,350216,186
102,40,next,222,248.914883333333,184.14085,350216,350399,183
102,0,blank,0,268.992033333333,155.1003,350399,350583,184
102,0,blank,0,280.025883333333,100.12575,350583,350763,180
102,0,blank,0,301.20615,95.5633,350763,350823,60
102,36,r,198,135.997216666667,91.2662666666667,350853,351035,182
102,0,blank,0,127.867033333333,84.8229,351035,351125,90
102,33,node,171,238.3234,31.8164,351155,351186,31
102,0,blank,0,-333,-105,351272,351376,104
102,50,r,266,197.67336,399.48046,351402,351541,139
102,21,"EnterthenumberNtoreversefirstNnode:",113,323.971283333333,451.237,351572,351757,185
102,21,"EnterthenumberNtoreversefirstNnode:",113,368.88625,461.0148,351757,351941,184
102,0,blank,0,383.205683333333,466.881466666667,351941,352125,184
102,0,blank,0,404.29526,466.74614,352125,352277,152
102,0,blank,0,996.882166666667,176.9637,352340,352525,185
102,0,blank,0,1020.66783333333,179.9248,352525,352710,185
102,0,blank,0,1022.262,185.14465,352710,352773,63
102,0,blank,0,332.4146,87.88035,352835,353021,186
102,0,blank,0,334.030775,85.933425,353021,353146,125
102,0,blank,0,-332.58522,-72.90874,353242,353429,187
102,0,blank,0,-333,-105,353429,353611,182
102,0,blank,0,-333,-105,353611,353788,177
102,0,blank,0,-333,-105,353788,353960,172
102,0,blank,0,-333,-105,353960,354049,89
102,0,blank,0,-333,-105,354049,354239,190
102,0,blank,0,-333,-105,354239,354427,188
102,0,blank,0,-333,-105,354427,354608,181
102,0,blank,0,-333,-105,354608,354792,184
102,0,blank,0,-333,-105,354792,355045,253
102,0,blank,0,-333,-105,355045,355207,162
102,0,blank,0,-333,-105,355207,355394,187
102,0,blank,0,-333,-105,355394,355544,150
102,0,blank,0,-333,-105,355544,355726,182
102,0,blank,0,-333,-105,355887,356068,181
102,0,blank,0,-333,-105,356068,356137,69
102,0,blank,0,-333,-105,356137,356268,131
102,0,blank,0,240.170975,296.5392,356354,356525,171
102,46,->,243,215.2468,313.694825,356525,356691,166
102,46,next,244,233.344825,308.0523,356691,356858,167
102,46,->,243,219.984175,312.1882,356858,357024,166
102,46,next,244,178.0732,307.5659,357024,357068,44
102,0,blank,0,-333,-105,357098,357129,31
102,0,blank,0,104.017028571429,303.346985714286,357231,357427,196
102,46,->,243,134.8745,317.386066666667,357427,357608,181
102,46,->,243,138.176166666667,309.79155,357608,357790,182
102,46,p,240,127.175383333333,304.063316666667,357790,357969,179
102,46,p,240,131.316933333333,307.621083333333,357969,358147,178
102,0,blank,0,133.4663,302.48125,358147,358327,180
102,0,blank,0,102.832066666667,305.674166666667,358327,358506,179
102,0,blank,0,123.38505,303.68425,358506,358686,180
102,46,p,240,131.2133,305.204816666667,358686,358868,182
102,46,p,240,127.2663,313.2033,358868,359050,182
102,46,->,243,151.22185,310.278733333333,359050,359231,181
102,46,->,243,152.90955,312.6023,359231,359291,60
102,0,blank,0,-333,-105,359321,359352,31
102,12,struct,70,179.2519,261.7838,359478,359604,126
102,0,blank,0,174.3901,290.8658,359604,359801,197
102,46,next,244,167.7142,309.94605,359801,359867,66
103,83,"Doyouwishtocontinue[1/0]:",411,324.99455,443.63345,362264,362443,179
103,0,blank,0,314.81385,436.121666666667,362443,362621,178
103,83,"Doyouwishtocontinue[1/0]:",411,315.225383333333,450.16895,362621,362802,181
103,0,blank,0,321.005083333333,466.877366666667,362802,362983,181
103,83,"Doyouwishtocontinue[1/0]:",411,328.673133333333,462.525933333333,362983,363164,181
103,0,blank,0,68.3625833333333,462.830833333333,363225,363409,184
103,0,blank,0,289.3014,464.93808,363439,363593,154
103,0,blank,0,-333,-105,363623,363653,30
103,0,blank,0,252.7322,-103.9209,363678,363703,25
103,83,"Doyouwishtocontinue[1/0]:",411,328.2474,460.768725,363753,363858,105
103,0,blank,0,1051.37183333333,82.6485833333333,363918,364103,185
103,0,blank,0,1020.40783333333,174.083316666667,364103,364281,178
103,0,blank,0,306.132933333333,345.194083333333,364342,364521,179
103,0,blank,0,395.417133333333,466.522833333333,364550,364731,181
103,83,"Doyouwishtocontinue[1/0]:",411,397.69155,459.217,364731,364912,181
103,0,blank,0,404.6671,464.3224,364912,364942,30
103,0,blank,0,1027.71516666667,142.59125,365031,365213,182
103,0,blank,0,1015.5,163.0945,365213,365394,181
103,0,blank,0,1017.06783333333,149.001166666667,365394,365575,181
103,0,blank,0,1016.77725,144.64455,365575,365696,121
103,0,blank,0,-333,-105,365756,365833,77
103,0,blank,0,263.76825,56.8469666666667,365858,366028,170
103,0,blank,0,214.96818,126.9402,366028,366181,153
103,0,blank,0,328.154433333333,226.152,366212,366401,189
103,0,blank,0,324.736333333333,226.02735,366401,366590,189
103,0,blank,0,342.3865,231.580866666667,366590,366773,183
103,0,blank,0,295.335416666667,210.650883333333,366773,366941,168
103,0,blank,0,-333,-105,366970,367146,176
103,0,blank,0,-333,-105,367146,367332,186
103,0,blank,0,-333,-105,367332,367519,187
103,0,blank,0,-333,-105,367519,367715,196
103,0,blank,0,-333,-105,367715,367749,34
103,0,blank,0,-333,-105,367749,368011,262
103,0,blank,0,-333,-105,368011,368122,111
103,72,temp,370,86.167325,216.001075,368159,368267,108
103,0,blank,0,342.75496,211.03236,368297,368455,158
103,0,blank,0,335.64088,221.88742,368568,368710,142
103,74,if,382,94.0556166666667,245.90425,368741,368925,184
103,74,(,383,117.1458,248.8559,368925,368984,59
103,0,blank,0,346.776633333333,228.513766666667,369015,369197,182
103,0,blank,0,353.480183333333,232.512766666667,369197,369380,183
103,0,blank,0,349.041716666667,233.992766666667,369380,369562,182
103,0,blank,0,348.884,236.123266666667,369562,369744,182
103,0,blank,0,342.536133333333,238.41915,369744,369929,185
103,0,blank,0,343.76415,238.091183333333,369929,370113,184
103,0,blank,0,326.109666666667,227.018533333333,370113,370297,184
103,0,blank,0,346.189716666667,234.531233333333,370297,370486,189
103,0,blank,0,343.6596,232.5677,370486,370671,185
103,0,blank,0,334.873933333333,235.346383333333,370671,370858,187
103,0,blank,0,346.1395,321.224,370858,370887,29
103,0,blank,0,961.801833333333,75.1624833333333,371023,371194,171
103,0,blank,0,1033.061,82.06775,371194,371373,179
103,0,blank,0,1022.968,94.64628,371373,371526,153
103,0,blank,0,314.375733333333,176.203666666667,371586,371770,184
103,69,),344,321.549333333333,150.07735,371770,371950,180
103,0,blank,0,324.34475,103.243916666667,371950,372135,185
103,0,blank,0,326.0526,123.07305,372135,372196,61
103,0,blank,0,351.38495,265.2724,372226,372409,183
103,0,blank,0,395.51375,321.791833333333,372409,372590,181
103,0,blank,0,386.5464,307.512366666667,372590,372771,181
103,0,blank,0,407.274233333333,337.093783333333,372771,372952,181
103,0,blank,0,409.248766666667,350.6669,372952,373135,183
103,0,blank,0,400.0524,368.8783,373135,373192,57
103,0,blank,0,436.5669,653.5255,373278,373303,25
103,0,blank,0,419.57004,336.44004,373327,373469,142
103,0,blank,0,419.95044,325.79786,373469,373641,172
103,0,blank,0,413.876,330.08375,373641,373823,182
103,0,blank,0,408.289816666667,337.67535,373823,374004,181
103,0,blank,0,408.38026,339.23778,374004,374158,154
103,0,blank,0,356.624175,43.37805,374218,374411,193
103,0,blank,0,405.638125,61.13575,374411,374534,123
103,0,blank,0,409.118183333333,320.97135,374564,374752,188
103,0,blank,0,388.233575,323.139925,374752,374878,126
103,0,blank,0,-333,-105,374944,375129,185
103,0,blank,0,-333,-105,375129,375281,152
103,0,blank,0,495.83955,347.811,375307,375355,48
103,0,blank,0,-333,-105,375413,375503,90
103,0,blank,0,378.946933333333,334.812416666667,375533,375708,175
103,0,blank,0,394.87555,338.555116666667,375708,375889,181
103,0,blank,0,386.02985,330.5061,375889,375949,60
103,0,blank,0,1027.0452,271.43852,376039,376198,159
103,0,blank,0,367.383983333333,341.69055,376287,376471,184
103,0,blank,0,360.4495,349.2589,376471,376502,31
103,0,blank,0,149.680275,638.706425,376564,376685,121
103,0,blank,0,173.49816,737.38106,376746,376934,188
103,0,blank,0,957.3785,277.76605,377146,377333,187
103,0,blank,0,1010.544,271.70825,377333,377519,186
103,0,blank,0,1023.70566666667,255.854133333333,377519,377705,186
103,0,blank,0,1022.47966666667,250.6627,377705,377889,184
103,0,blank,0,1017.058,255.091366666667,377889,378075,186
103,0,blank,0,1022.476,251.1369,378075,378106,31
103,0,blank,0,-333,-105,378136,378167,31
103,0,blank,0,1016.88625,263.8064,378274,378383,109
103,0,blank,0,285.969325,321.4976,378478,378608,130
103,0,blank,0,221.005783333333,582.001133333333,378671,378859,188
103,0,blank,0,206.5524,569.813383333333,378859,379047,188
103,0,blank,0,144.67285,641.178683333333,379047,379234,187
103,83,"Doyouwishtocontinue[1/0]:",411,155.947166666667,449.218833333333,379264,379448,184
103,0,blank,0,242.43288,351.82008,379510,379700,190
103,0,blank,0,297.282166666667,295.6267,379759,379929,170
103,0,blank,0,-333,-105,380031,380197,166
103,0,blank,0,-333,-105,380197,380236,39
103,0,blank,0,328.472516666667,156.841066666667,380318,380500,182
103,69,"Enternumber:",343,286.29635,150.03955,380500,380625,125
103,0,blank,0,155.40348,92.13854,380687,380867,180
103,66,*,336,169.346533333333,79.7541166666667,380867,381056,189
103,0,blank,0,181.8517,47.9543,381056,381088,32
103,66,struct,331,65.2855833333333,76.4699166666667,381121,381303,182
103,65,int,326,63.9470333333333,50.4432333333333,381303,381487,184
103,63,void,316,44.6241,23.1888,381487,381519,32
103,0,blank,0,35.2018,66.4307,381551,381613,62
103,0,blank,0,-333,-105,381643,381727,84
103,0,blank,0,121.533625,44.35995,381751,381862,111
103,0,blank,0,257.341233333333,25.1759166666667,381894,382083,189
103,0,blank,0,269.763133333333,36.5466166666667,382083,382274,191
103,0,blank,0,252.63415,5.8689,382274,382338,64
103,66,struct,331,73.5784666666667,73.8165166666667,382370,382559,189
103,66,struct,331,84.17162,78.2089,382559,382717,158
103,66,node,332,132.996366666667,84.9017166666667,382777,382960,183
103,0,blank,0,158.2216,49.8786333333333,382960,383137,177
103,0,blank,0,214.8812,52.1336,383137,383167,30
103,0,blank,0,-333,-105,383251,383276,25
103,0,blank,0,253.8821,25.3184,383380,383430,50
103,0,blank,0,231.6388,-50.66,383594,383621,27
103,0,blank,0,321.13815,35.539075,383651,383775,124
103,0,blank,0,129.347225,90.5656,383807,383933,126
103,0,blank,0,92.5138333333334,109.396166666667,384385,384580,195
103,66,struct,331,78.40875,89.19925,384580,384644,64
103,0,blank,0,-333,-105,384676,384795,119
103,66,node,332,126.9933,89.8011,384821,384844,23
103,0,blank,0,-333,-105,384870,385051,181
103,0,blank,0,-333,-105,385051,385229,178
103,0,blank,0,-333,-105,385229,385420,191
103,0,blank,0,125.621725,104.0192,385448,385556,108
103,69,printf,341,121.05645,143.6705,385753,385803,50
103,0,blank,0,-333,-105,385829,385905,76
103,66,node,332,153.802475,86.91485,385955,386058,103
103,0,blank,0,-333,-105,386121,386299,178
103,0,blank,0,-333,-105,386299,386474,175
103,0,blank,0,-333,-105,386474,386658,184
103,0,blank,0,-333,-105,386658,386855,197
103,0,blank,0,-333,-105,386855,387030,175
103,0,blank,0,-333,-105,387030,387205,175
103,0,blank,0,-333,-105,387205,387397,192
103,0,blank,0,-333,-105,387397,387469,72
103,0,blank,0,83.7299,-103.7292,387516,387601,85
103,0,blank,0,83.9363,-103.7351,387670,387697,27
103,0,blank,0,-333,-105,387737,387896,159
103,0,blank,0,91.7295,127.2695,388167,388192,25
103,0,blank,0,175.12386,112.27646,388253,388449,196
103,0,blank,0,207.01135,99.031275,388449,388613,164
103,0,blank,0,244.69165,109.3168,388613,388700,87
103,0,blank,0,237.488775,103.80895,388744,388911,167
103,0,blank,0,194.45614,106.29418,388911,389096,185
103,0,blank,0,118.282083333333,116.17115,389096,389286,190
103,0,blank,0,81.06085,97.47055,389286,389475,189
103,0,blank,0,112.604683333333,102.493033333333,389475,389662,187
103,0,blank,0,117.331283333333,104.322766666667,389662,389848,186
103,0,blank,0,84.92576,104.08424,389848,390005,157
103,0,blank,0,-333,-105,390068,390177,109
103,0,blank,0,-333,-105,390177,390354,177
103,0,blank,0,-333,-105,390354,390546,192
103,0,blank,0,-333,-105,390546,390725,179
103,0,blank,0,227.47674,96.08392,390760,390933,173
103,0,blank,0,219.43115,95.0158333333333,390933,391116,183
103,0,blank,0,246.83484,99.1612,391116,391271,155
103,67,do,339,65.525,107.1375,391301,391491,190
103,0,blank,0,67.91425,115.7664,391491,391682,191
103,0,blank,0,61.5152,125.9154,391682,391712,30
103,69,printf,341,120.9165,154.3953,391835,391924,89
103,0,blank,0,198.34576,106.33558,392463,392641,178
103,0,blank,0,190.678533333333,108.3843,392641,392835,194
103,0,blank,0,241.6688,107.933616666667,392835,393033,198
103,0,blank,0,258.8541,99.81435,393033,393230,197
103,0,blank,0,259.374716666667,103.897433333333,393230,393427,197
103,0,blank,0,281.16,110.898266666667,393427,393623,196
103,0,blank,0,283.8223,107.12985,393623,393688,65
103,0,blank,0,-333,-105,393722,393866,144
103,70,scanf,346,113.76922,170.03072,394324,394505,181
103,70,"%d",348,152.15875,162.1934,394505,394697,192
103,70,scanf,346,126.631316666667,170.161166666667,394697,394887,190
103,70,scanf,346,119.6624,172.8442,394887,394919,32
103,0,blank,0,-333,-105,394950,395122,172
103,71,struct,365,185.79485,185.220483333333,395146,395343,197
103,0,blank,0,258.9768,176.940916666667,395343,395531,188
103,71,node,366,248.2101,186.6863,395531,395562,31
103,72,num,372,145.780683333333,207.626816666667,395593,395779,186
103,72,temp,370,117.5382,209.46978,395779,395968,189
103,72,->,371,126.665966666667,208.352066666667,395968,396147,179
103,72,num,372,161.10232,206.07148,396147,396306,159
103,0,blank,0,-333,-105,396337,396394,57
103,71,struct,365,164.7002,182.7892,396426,396475,49
103,71,(,364,161.1353,195.750566666667,396541,396719,178
103,0,blank,0,196.232516666667,202.5335,396719,396910,191
103,0,blank,0,206.321516666667,202.883366666667,396910,397099,189
103,0,blank,0,194.999083333333,205.195816666667,397099,397286,187
103,72,c,374,204.698316666667,204.185866666667,397286,397474,188
103,72,c,374,212.17995,206.3177,397474,397599,125
103,0,blank,0,-333,-105,397632,397663,31
103,72,c,374,204.90175,205.0942,397775,397829,54
103,0,blank,0,184.0258,119.4247,397829,398144,315
103,69,"Enternumber:",343,210.082216666667,140.913466666667,398144,398317,173
103,71,struct,365,178.841833333333,180.74235,398317,398500,183
103,73,->,377,129.845233333333,227.685116666667,398500,398687,187
103,73,temp,376,120.739983333333,228.116383333333,398687,398875,188
103,0,blank,0,201.44995,221.219466666667,398875,399064,189
103,0,blank,0,-333,-105,399127,399163,36
103,0,blank,0,320.6226,162.929,399188,399229,41
103,0,blank,0,365.068083333333,216.729133333333,399303,399488,185
103,0,blank,0,463.130883333333,226.364566666667,399488,399680,192
103,0,blank,0,529.431216666667,228.335983333333,399680,399865,185
103,0,blank,0,542.1282,228.50215,399865,399925,60
103,73,NULL,380,229.022666666667,234.049766666667,399987,400174,187
103,73,next,378,161.80925,230.2234,400174,400309,135
103,72,->,371,128.8582,221.0547,400309,400403,94
103,0,blank,0,121.8628,224.681,400403,400524,121
103,0,blank,0,246.043916666667,218.71795,400583,400777,194
103,0,blank,0,277.609933333333,219.407766666667,400777,400962,185
103,0,blank,0,277.1964,211.76355,400962,401024,62
103,0,blank,0,-333,-105,401054,401086,32
103,71,(,364,160.49425,184.316366666667,401210,401392,182
103,70,&,350,206.43345,174.9467,401392,401585,193
103,0,blank,0,267.6011,159.7954,401585,401617,32
104,85,while,423,101.498166666667,208.221,402413,402601,188
104,84,scanf,414,109.95465,190.21095,402601,402793,192
104,84,scanf,414,124.738933333333,201.210866666667,402793,402981,188
104,86,"\n",432,124.577066666667,236.293733333333,402981,403180,199
104,86,(,431,112.5444,245.25985,403180,403240,60
104,0,blank,0,-333,-105,403271,403330,59
104,0,blank,0,-333,-105,403854,403937,83
104,0,blank,0,-333,-105,403937,404104,167
104,0,blank,0,157.6625,259.4958,404187,404243,56
104,88,struct,439,197.5861,283.9864,404243,404431,188
104,0,blank,0,199.7716,309.9632,404431,404626,195
104,88,struct,439,182.943616666667,275.675833333333,404626,404804,178
104,0,blank,0,162.17935,267.68555,404804,404869,65
104,0,blank,0,-333,-105,404901,404934,33
104,0,blank,0,208.938066666667,238.594833333333,405068,405254,186
104,0,blank,0,204.740083333333,239.0768,405254,405448,194
104,0,blank,0,120.335166666667,305.639133333333,405448,405644,196
104,0,blank,0,113.517366666667,268.573633333333,405644,405836,192
104,88,struct,439,148.525233333333,283.298866666667,405836,406027,191
104,0,blank,0,126.970483333333,297.94735,406027,406221,194
104,0,blank,0,117.0978,293.278875,406221,406351,130
104,0,blank,0,-333,-105,406383,406465,82
104,90,!=,448,150.2534,325.6759,406490,406516,26
104,88,struct,439,169.469216666667,274.54705,406587,406774,187
104,0,blank,0,229.334916666667,293.763966666667,406774,406968,194
104,88,struct,439,173.44155,286.247383333333,406968,407157,189
104,0,blank,0,171.00455,267.177016666667,407157,407347,190
104,0,blank,0,243.1393,240.245583333333,407347,407532,185
104,83,"Doyouwishtocontinue[1/0]:",411,243.1152,168.0901,407532,407564,32
104,0,blank,0,-333,-105,407596,407707,111
104,0,blank,0,138.032733333333,265.385483333333,407809,407987,178
104,0,blank,0,106.575616666667,304.753683333333,407987,408182,195
104,0,blank,0,120.175533333333,306.764433333333,408182,408373,191
104,0,blank,0,135.6503,299.726983333333,408373,408561,188
104,88,display,437,130.3183,275.2103,408561,408623,62
104,0,blank,0,-333,-105,408686,408719,33
104,0,blank,0,160.185766666667,291.670283333333,408856,409038,182
104,88,struct,439,156.052683333333,276.391833333333,409038,409227,189
104,0,blank,0,189.44095,290.61375,409227,409416,189
104,88,struct,439,202.249966666667,275.123416666667,409416,409604,188
104,88,struct,439,189.372333333333,282.75335,409604,409791,187
104,88,(,438,140.52135,284.418166666667,409791,409978,187
104,0,blank,0,147.514866666667,252.48105,409978,410167,189
104,88,struct,439,189.383716666667,276.018916666667,410167,410356,189
104,0,blank,0,145.456716666667,259.037866666667,410476,410658,182
104,88,display,437,132.42025,278.9442,410658,410846,188
104,88,display,437,130.3769,277.538716666667,410846,411032,186
104,88,display,437,126.837483333333,280.097866666667,411032,411217,185
104,88,display,437,132.929516666667,276.557616666667,411217,411404,187
104,0,blank,0,149.208,264.196516666667,411404,411593,189
104,88,display,437,132.098033333333,279.336066666667,411593,411782,189
104,88,display,437,117.357933333333,272.3625,411782,411972,190
104,0,blank,0,98.7466,259.6555,411972,412160,188
104,86,"\n",432,123.766283333333,243.905316666667,412160,412346,186
104,0,blank,0,140.03975,261.6923,412346,412409,63
104,0,blank,0,-333,-105,412441,412497,56
104,0,blank,0,195.8722,262.7248,412528,412564,36
104,85,ch,425,143.13525,213.338783333333,412630,412809,179
104,85,ch,425,145.643366666667,215.49625,412809,412997,188
104,0,blank,0,162.849116666667,221.957033333333,412997,413181,184
104,0,blank,0,156.903583333333,220.291266666667,413181,413364,183
104,83,printf,409,118.826483333333,179.50635,413364,413545,181
104,84,"%d",416,170.153933333333,197.984966666667,413545,413726,181
104,0,blank,0,213.895,205.5968,413726,413913,187
104,86,;,434,170.443883333333,237.603916666667,413913,414101,188
104,0,blank,0,173.178716666667,250.8887,414101,414288,187
104,86,),433,158.607983333333,236.5921,414288,414475,187
104,0,blank,0,-333,-105,414506,414538,32
104,0,blank,0,153.875516666667,243.9659,414662,414843,181
104,0,blank,0,195.206033333333,237.26965,414843,415036,193
104,0,blank,0,136.810883333333,258.931,415036,415227,191
104,0,blank,0,131.469033333333,250.774833333333,415227,415416,189
104,0,blank,0,164.221066666667,246.365966666667,415416,415605,189
104,0,blank,0,194.796233333333,234.006283333333,415605,415796,191
104,0,blank,0,158.993966666667,251.390533333333,415796,415988,192
104,0,blank,0,142.3117,257.221933333333,415988,416181,193
104,0,blank,0,143.455883333333,259.313416666667,416181,416375,194
104,0,blank,0,168.590816666667,254.562333333333,416375,416567,192
104,0,blank,0,228.120983333333,257.160966666667,416567,416756,189
104,0,blank,0,-333,-105,416820,416876,56
104,84,"%d",416,169.4774,196.1336,416901,416927,26
104,0,blank,0,118.90595,252.062566666667,416989,417173,184
104,0,blank,0,131.7447,249.21485,417173,417366,193
104,86,),433,154.64965,243.587766666667,417366,417559,193
104,0,blank,0,163.654116666667,240.77015,417559,417751,192
104,0,blank,0,224.496783333333,237.047833333333,417751,417943,192
104,0,blank,0,211.294633333333,232.654683333333,417943,418133,190
104,0,blank,0,184.167633333333,240.1559,418133,418228,95
104,0,blank,0,-333,-105,418260,418293,33
104,86,"\n",432,138.127483333333,245.5793,418407,418595,188
104,0,blank,0,133.7186,248.2241,418595,418689,94
104,0,blank,0,-333,-105,419608,419749,141
104,0,blank,0,-333,-105,419749,419914,165
104,0,blank,0,-333,-105,419914,420102,188
104,0,blank,0,-333,-105,420102,420283,181
104,0,blank,0,-333,-105,420283,420440,157
104,0,blank,0,-333,-105,420440,420582,142
104,0,blank,0,-333,-105,420582,420746,164
104,0,blank,0,-333,-105,420746,420918,172
104,0,blank,0,-333,-105,420918,421094,176
104,0,blank,0,-333,-105,421094,421273,179
104,0,blank,0,-333,-105,421273,421468,195
104,0,blank,0,-333,-105,421468,421639,171
104,0,blank,0,-333,-105,421639,421821,182
104,0,blank,0,-333,-105,421821,421993,172
104,0,blank,0,-333,-105,421993,422168,175
104,0,blank,0,-333,-105,422168,422341,173
104,0,blank,0,-333,-105,422341,422519,178
104,0,blank,0,-333,-105,422519,422712,193
104,0,blank,0,-333,-105,422712,422897,185
104,0,blank,0,-333,-105,422897,423054,157
104,0,blank,0,-333,-105,423054,423245,191
104,0,blank,0,-333,-105,423245,423424,179
104,0,blank,0,-333,-105,423424,423572,148
104,0,blank,0,-333,-105,423572,423760,188
104,0,blank,0,-333,-105,423760,423933,173
104,0,blank,0,-333,-105,423933,424118,185
104,0,blank,0,-333,-105,424118,424305,187
104,0,blank,0,-333,-105,424305,424473,168
104,0,blank,0,-333,-105,424473,424660,187
104,0,blank,0,-333,-105,424660,424843,183
104,0,blank,0,-333,-105,424843,425028,185
104,0,blank,0,-333,-105,425028,425215,187
104,0,blank,0,-333,-105,425215,425414,199
104,0,blank,0,-333,-105,425414,425606,192
104,0,blank,0,-333,-105,425606,425784,178
104,0,blank,0,-333,-105,425784,425966,182
104,0,blank,0,-333,-105,425966,426124,158
104,0,blank,0,-333,-105,426124,426283,159
104,0,blank,0,-333,-105,426283,426453,170
104,0,blank,0,-333,-105,426453,426632,179
104,0,blank,0,-333,-105,426632,426798,166
104,0,blank,0,-333,-105,426798,426928,130
104,0,blank,0,-333,-105,427680,427841,161
104,0,blank,0,145.50795,400.16165,427885,427934,49
104,84,scanf,414,133.2423,195.638275,427965,428091,126
104,0,blank,0,-333,-105,430665,430808,143
104,0,blank,0,-333,-105,430808,431004,196
104,0,blank,0,-333,-105,431004,431176,172
104,0,blank,0,-333,-105,431176,431349,173
104,0,blank,0,-333,-105,431349,431522,173
104,0,blank,0,-333,-105,431522,431700,178
104,0,blank,0,-333,-105,431700,431887,187
104,92,printf,452,134.454533333333,376.2778,431991,432074,83
104,92,printf,452,136.4068,367.9488,432074,432264,190
104,0,blank,0,191.570383333333,346.466166666667,432264,432461,197
104,0,blank,0,166.460966666667,344.451066666667,432461,432646,185
104,0,blank,0,142.320866666667,341.683666666667,432646,432740,94
104,0,blank,0,-333,-105,432771,432956,185
104,0,blank,0,-333,-105,432956,433136,180
104,0,blank,0,-333,-105,433136,433314,178
104,0,blank,0,-333,-105,433314,433495,181
104,0,blank,0,-333,-105,433495,433677,182
104,0,blank,0,-333,-105,433677,433868,191
104,0,blank,0,-333,-105,433868,434039,171
104,0,blank,0,-333,-105,434039,434217,178
104,0,blank,0,-333,-105,434217,434405,188
104,0,blank,0,-333,-105,434405,434578,173
104,0,blank,0,-333,-105,434578,434606,28
104,0,blank,0,-333,-105,434606,434946,340
104,0,blank,0,-333,-105,434946,435133,187
104,0,blank,0,-333,-105,435133,435315,182
104,0,blank,0,-333,-105,435315,435514,199
104,0,blank,0,-333,-105,435514,435689,175
104,0,blank,0,-333,-105,435689,435863,174
104,0,blank,0,-333,-105,435863,436040,177
104,0,blank,0,-333,-105,436040,436227,187
104,0,blank,0,-333,-105,436227,436425,198
104,0,blank,0,-333,-105,436425,436594,169
104,0,blank,0,-333,-105,436594,436735,141
104,93,->,464,138.359033333333,396.743783333333,436753,436950,197
104,93,next,465,182.175966666667,399.91715,436950,437132,182
104,0,blank,0,205.6896,403.97018,437132,437284,152
104,0,blank,0,-333,-105,437345,437376,31
104,104,temp,517,115.0761,623.3234,437402,437428,26
104,93,next,465,185.034716666667,397.367566666667,437478,437651,173
104,0,blank,0,252.935666666667,381.8536,437651,437838,187
104,93,;,466,197.533216666667,392.82775,437838,438025,187
104,0,blank,0,140.083016666667,402.107083333333,438025,438215,190
104,0,blank,0,130.5155,405.709333333333,438215,438309,94
104,0,blank,0,-333,-105,438340,438525,185
104,0,blank,0,-333,-105,438525,438705,180
104,0,blank,0,-333,-105,438705,438856,151
104,0,blank,0,-333,-105,438856,439031,175
104,0,blank,0,-333,-105,439031,439158,127
104,0,blank,0,-333,-105,439158,439350,192
104,0,blank,0,-333,-105,439350,439508,158
104,0,blank,0,-333,-105,439508,439718,210
104,0,blank,0,-333,-105,439718,439923,205
104,0,blank,0,-333,-105,439923,440103,180
104,0,blank,0,-333,-105,440103,440293,190
104,0,blank,0,-333,-105,440293,440487,194
104,0,blank,0,-333,-105,440487,440686,199
104,0,blank,0,-333,-105,440686,440851,165
104,0,blank,0,-333,-105,440851,441032,181
104,0,blank,0,-333,-105,441032,441212,180
104,0,blank,0,-333,-105,441212,441368,156
104,0,blank,0,-333,-105,441368,441567,199
104,0,blank,0,-333,-105,441567,441765,198
104,0,blank,0,-333,-105,441765,441946,181
104,0,blank,0,-333,-105,441946,442122,176
104,0,blank,0,-333,-105,442122,442299,177
104,0,blank,0,-333,-105,442299,442380,81
104,0,blank,0,-333,-105,442380,442652,272
104,0,blank,0,-333,-105,442652,442786,134
104,0,blank,0,-333,-105,442786,442989,203
104,0,blank,0,-333,-105,442989,443190,201
104,0,blank,0,-333,-105,443190,443378,188
104,0,blank,0,-333,-105,443378,443555,177
104,0,blank,0,-333,-105,443555,443743,188
104,0,blank,0,-333,-105,443743,443938,195
104,0,blank,0,-333,-105,443938,444130,192
104,0,blank,0,-333,-105,444130,444312,182
104,0,blank,0,-333,-105,444312,444492,180
104,0,blank,0,-333,-105,444492,444670,178
104,0,blank,0,-333,-105,444670,444845,175
104,0,blank,0,-333,-105,444845,445022,177
104,0,blank,0,-333,-105,445022,445201,179
104,0,blank,0,-333,-105,445201,445382,181
104,0,blank,0,-333,-105,445382,445569,187
104,0,blank,0,-333,-105,445569,445748,179
104,0,blank,0,-333,-105,445748,445896,148
104,0,blank,0,-333,-105,445896,446015,119
104,0,blank,0,-333,-105,446015,446211,196
104,0,blank,0,-333,-105,446211,446415,204
104,0,blank,0,-333,-105,446415,446796,381
104,0,blank,0,-333,-105,446796,446976,180
104,0,blank,0,-333,-105,446976,447170,194
104,0,blank,0,-333,-105,447170,447299,129
104,0,blank,0,-333,-105,447299,447579,280
104,0,blank,0,-333,-105,447579,447928,349
104,97,node,478,216.0853,484.019,448034,448121,87
104,0,blank,0,283.00085,430.76095,448303,448478,175
104,0,blank,0,-333,-105,448521,448714,193
104,0,blank,0,-333,-105,448714,448894,180
104,0,blank,0,-333,-105,448894,449020,126
104,0,blank,0,-333,-105,449020,449194,174
104,0,blank,0,-333,-105,449194,449370,176
104,0,blank,0,-333,-105,449370,449548,178
104,0,blank,0,-333,-105,449548,449747,199
104,0,blank,0,-333,-105,449747,449773,26
104,0,blank,0,-333,-105,449773,450008,235
104,0,blank,0,-333,-105,450008,450098,90
104,0,blank,0,-333,-105,450098,450286,188
104,0,blank,0,-333,-105,450286,450440,154
104,0,blank,0,-333,-105,450440,450619,179
104,0,blank,0,-333,-105,450619,450761,142
104,0,blank,0,-333,-105,450984,451183,199
104,0,blank,0,-333,-105,451183,451372,189
104,0,blank,0,-333,-105,451372,451571,199
104,0,blank,0,-333,-105,451571,451761,190
104,0,blank,0,-333,-105,451761,451939,178
104,0,blank,0,-333,-105,451939,452101,162
104,0,blank,0,173.982566666667,433.74355,452137,452324,187
104,0,blank,0,224.07305,394.761216666667,452324,452515,191
104,0,blank,0,220.906633333333,419.194,452515,452703,188
104,0,blank,0,191.728283333333,422.337683333333,452703,452893,190
104,0,blank,0,197.40565,410.435333333333,452893,453083,190
104,0,blank,0,226.03955,400.26385,453083,453149,66
104,0,blank,0,-333,-105,453241,453438,197
104,0,blank,0,-333,-105,453438,453622,184
104,0,blank,0,-333,-105,453622,453669,47
104,0,blank,0,121.5013,463.850183333333,453705,453887,182
104,0,blank,0,118.359766666667,460.028016666667,453887,454081,194
104,0,blank,0,86.86894,459.62356,454081,454241,160
104,0,blank,0,-333,-105,454273,454359,86
104,95,"\n",470,150.4762,438.5407,454397,454464,67
104,0,blank,0,-333,-105,454624,454788,164
104,0,blank,0,-333,-105,454788,454969,181
104,0,blank,0,-333,-105,454969,455168,199
104,0,blank,0,-333,-105,455168,455364,196
104,0,blank,0,-333,-105,455364,455539,175
104,0,blank,0,-333,-105,455539,455721,182
104,0,blank,0,-333,-105,455721,455903,182
104,0,blank,0,-333,-105,455903,456071,168
104,0,blank,0,-333,-105,456071,456221,150
104,0,blank,0,-333,-105,456221,456372,151
104,0,blank,0,-333,-105,456372,456485,113
104,0,blank,0,-333,-105,456485,456660,175
104,0,blank,0,-333,-105,456660,456736,76
104,0,blank,0,-333,-105,456916,457022,106
104,0,blank,0,-333,-105,457022,457487,465
104,0,blank,0,-333,-105,457487,457852,365
104,0,blank,0,-333,-105,457852,457996,144
104,0,blank,0,433.83875,456.4954,458029,458195,166
104,0,blank,0,438.704125,463.758575,458195,458366,171
104,0,blank,0,463.073275,462.98325,458366,458533,167
104,0,blank,0,460.6053,452.1298,458533,458704,171
104,0,blank,0,443.8057,464.5263,458704,458789,85
105,21,"EnterthenumberNtoreversefirstNnode:",113,154.416066666667,452.346416666667,459539,459718,179
105,0,blank,0,172.931416666667,427.3091,459718,459897,179
105,21,"EnterthenumberNtoreversefirstNnode:",113,147.312683333333,446.387366666667,459897,460076,179
105,22,"%d",118,120.354133333333,469.488266666667,460076,460256,180
105,0,blank,0,-333,-105,460286,460391,105
105,21,"EnterthenumberNtoreversefirstNnode:",113,138.6456,444.5422,460417,460442,25
105,21,"EnterthenumberNtoreversefirstNnode:",113,138.88465,447.528883333333,460505,460677,172
105,22,n,121,183.4129,465.574316666667,460677,460857,180
105,0,blank,0,217.827716666667,473.878716666667,460857,461032,175
105,0,blank,0,203.860433333333,469.1103,461032,461119,87
105,21,"EnterthenumberNtoreversefirstNnode:",113,147.429666666667,453.507866666667,461179,461363,184
105,22,scanf,116,81.958,474.939166666667,461363,461543,180
105,22,scanf,116,71.15705,479.0104,461543,461708,165
105,24,if,129,51.5414,515.1579,461708,461903,195
105,23,printf,124,70.7788166666667,490.088766666667,461903,462102,199
105,23,printf,124,70.4268,489.69385,462102,462163,61
105,0,blank,0,-333,-105,462193,462347,154
105,21,"EnterthenumberNtoreversefirstNnode:",113,151.71855,445.106375,462374,462483,109
106,28,"Displayingthereversedlist:\n",149,120.079933333333,454.7054,463733,463912,179
106,28,"Displayingthereversedlist:\n",149,127.58265,459.6622,463912,463971,59
106,0,blank,0,-333,-105,464001,464108,107
106,0,blank,0,190.7488,468.975028571429,464133,464327,194
106,0,blank,0,177.819866666667,461.696716666667,464327,464509,182
106,0,blank,0,216.77235,466.434,464509,464569,60
106,28,"Displayingthereversedlist:\n",149,409.169416666667,441.564333333333,464600,464779,179
106,28,"Displayingthereversedlist:\n",149,394.705483333333,444.93005,464779,464959,180
106,0,blank,0,361.9509,463.8538,464959,464989,30
106,29,),155,136.6676,473.21,465021,465197,176
106,30,release,157,72.50105,496.1169,465197,465375,178
106,29,display,152,101.51165,480.5741,465375,465557,182
106,30,&,159,127.4894,494.99215,465557,465677,120
106,0,blank,0,-333,-105,465736,465765,29
106,0,blank,0,158.9528,467.708533333333,465890,466068,178
106,30,release,157,102.417666666667,487.34415,466068,466249,181
106,29,display,152,45.2514833333333,476.423816666667,466249,466429,180
106,30,release,157,45.1318,497.797066666667,466429,466610,181
106,0,blank,0,157.313916666667,478.494766666667,466610,466791,181
106,0,blank,0,162.639,476.90045,466791,466973,182
106,30,release,157,112.434933333333,494.53905,466973,467156,183
106,0,blank,0,48.5469666666667,520.586883333333,467156,467339,183
106,0,blank,0,39.6607333333333,504.328583333333,467339,467526,187
106,0,blank,0,42.5766,477.8291,467526,467646,120
106,0,blank,0,-333,-105,467677,467828,151
106,0,blank,0,45.3349666666667,509.185333333333,467859,467937,78
106,0,blank,0,167.75425,468.675666666667,467967,468150,183
106,0,blank,0,171.157283333333,470.67805,468150,468332,182
106,0,blank,0,158.3016,475.543083333333,468332,468513,181
106,29,display,152,71.5023333333333,469.829016666667,468513,468694,181
106,0,blank,0,40.02215,136.680166666667,468724,468905,181
106,0,blank,0,49.9872,82.99365,468905,469028,123
106,29,display,152,107.6986,462.9665,469152,469347,195
106,30,release,157,110.912866666667,501.903383333333,469347,469530,183
106,0,blank,0,114.319566666667,500.83945,469530,469727,197
106,30,release,157,75.6489666666667,496.395683333333,469727,469908,181
106,0,blank,0,62.8105,482.4686,469908,469938,30
106,0,blank,0,-333,-105,469968,470025,57
106,29,display,152,105.505714285714,471.500514285714,470131,470329,198
106,28,"Displayingthereversedlist:\n",149,129.072783333333,458.74525,470329,470515,186
106,29,;,156,146.9494,474.340316666667,470515,470700,185
106,30,release,157,59.6484833333333,492.9189,470700,470886,186
106,31,return,163,56.2543333333333,516.687616666667,470886,471070,184
106,31,return,163,59.10365,516.77065,471070,471254,184
106,31,return,163,60.271175,511.466175,471254,471378,124
106,0,blank,0,-333,-105,471408,471542,134
106,31,return,163,88.6693,511.8697,471571,471627,56
106,29,),155,136.98045,480.245016666667,471698,471874,176
106,29,),155,139.203383333333,479.85845,471874,472056,182
106,30,&,159,131.705033333333,483.517933333333,472056,472240,184
106,0,blank,0,163.9171,579.89,472240,472270,30
106,30,release,157,88.6315833333333,488.687366666667,472300,472479,179
106,29,display,152,65.3607,478.3877,472479,472606,127
106,0,blank,0,-333,-105,472691,472869,178
106,0,blank,0,-333,-105,472869,473059,190
106,31,return,163,113.323433333333,510.911816666667,473095,473270,175
106,31,return,163,77.87935,514.550383333333,473270,473457,187
106,0,blank,0,74.8116,573.932466666667,473457,473640,183
106,0,blank,0,79.54755,663.40655,473640,473727,87
106,33,struct,170,181.0122,553.4299,473990,474155,165
106,0,blank,0,-333,-105,474280,474477,197
106,0,blank,0,-333,-105,474477,474656,179
106,0,blank,0,-333,-105,474656,474845,189
106,0,blank,0,-333,-105,474845,474948,103
106,36,=,199,159.50215,630.55665,475081,475185,104
106,0,blank,0,234.4548,532.8112,475222,475306,84
106,0,blank,0,-333,-105,475387,475481,94
106,33,struct,170,174.78826,562.99256,475616,475808,192
106,0,blank,0,168.755633333333,583.717,475808,475905,97
106,0,blank,0,110.641033333333,592.336033333333,475937,476122,185
106,0,blank,0,199.519783333333,574.061216666667,476122,476309,187
106,0,blank,0,191.53705,572.425825,476309,476433,124
106,0,blank,0,-333,-105,476464,476641,177
106,0,blank,0,-333,-105,476641,476696,55
106,33,reverse,168,132.7917,566.9449,476746,476797,51
106,35,node,181,141.544783333333,603.7712,476875,477057,182
106,0,blank,0,-333,-105,477120,477307,187
106,0,blank,0,-333,-105,477307,477484,177
106,0,blank,0,-333,-105,477484,477568,84
106,35,node,181,119.401366666667,600.319566666667,477636,477811,175
106,36,=,199,122.9242,617.66635,477811,477903,92
106,0,blank,0,-333,-105,477946,478120,174
106,0,blank,0,-333,-105,478120,478301,181
106,0,blank,0,-333,-105,478301,478437,136
106,35,struct,180,69.527425,604.5719,478471,478651,180
106,0,blank,0,-333,-105,478697,478894,197
106,0,blank,0,-333,-105,478894,479073,179
106,0,blank,0,-333,-105,479073,479259,186
106,0,blank,0,-333,-105,479259,479333,74
106,0,blank,0,165.80795,575.973725,479352,479527,175
106,33,struct,170,181.75215,555.385425,479527,479711,184
106,33,struct,170,170.7884,556.814516666667,479711,479900,189
106,0,blank,0,143.70466,533.73258,479900,480083,183
106,33,reverse,168,85.45735,555.633583333333,480083,480269,186
106,0,blank,0,68.8243,642.0262,480269,480300,31
106,0,blank,0,-333,-105,480332,480464,132
106,33,void,167,39.4520333333333,550.097833333333,480488,480660,172
106,0,blank,0,39.1072333333333,583.555966666667,480660,480755,95
106,0,blank,0,107.765216666667,541.792116666667,480787,480973,186
106,33,reverse,168,129.924483333333,549.8982,480973,481159,186
106,33,struct,170,151.75315,557.68665,481159,481348,189
106,33,struct,170,178.488016666667,557.314233333333,481348,481534,186
106,33,struct,170,191.967133333333,559.206083333333,481534,481721,187
106,35,*,191,203.1845,598.3553,481721,481753,32
106,0,blank,0,-333,-105,481786,481868,82
106,33,node,171,214.0723,566.5623,481893,481925,32
106,0,blank,0,222.881,534.3386,482105,482139,34
106,0,blank,0,927.16925,544.4807,482327,482501,174
106,0,blank,0,985.973,572.8509,482587,482616,29
106,0,blank,0,230.7403,540.697933333333,482706,482889,183
106,0,blank,0,263.201983333333,586.399366666667,482889,483069,180
106,0,blank,0,151.420833333333,620.872316666667,483099,483279,180
106,0,blank,0,148.0256,621.0989,483279,483309,30
106,0,blank,0,-333,-105,483340,483446,106
106,0,blank,0,212.994,172.7354,483485,483536,51
106,15,=,84,198.66615,158.87505,483600,483654,54
106,0,blank,0,203.379066666667,575.618916666667,483713,483893,180
106,0,blank,0,236.79845,608.0894,483893,484071,178
106,0,blank,0,245.4728,573.319233333333,484071,484165,94
106,0,blank,0,132.4773,587.4149,484197,484286,89
106,37,0,207,138.9954,637.541,484286,484403,117
106,35,node,181,139.6346,613.53005,484403,484582,179
106,33,node,171,242.168833333333,561.9461,484612,484795,183
106,33,node,171,251.647583333333,568.320666666667,484795,484978,183
106,0,blank,0,253.170166666667,576.887216666667,484978,485161,183
106,33,head,174,285.4804,558.2059,485161,485192,31
106,0,blank,0,959.3905,512.276583333333,485283,485469,186
106,0,blank,0,1016.23983333333,513.7017,485469,485655,186
106,0,blank,0,1018.72816666667,478.008783333333,485655,485836,181
106,0,blank,0,1016.50966666667,461.002383333333,485836,486019,183
106,0,blank,0,990.7078,483.87664,486019,486202,183
106,0,blank,0,1003.5045,489.378483333333,486202,486381,179
106,0,blank,0,999.052166666667,512.3442,486381,486563,182
106,0,blank,0,973.475,487.18225,486563,486738,175
106,0,blank,0,885.325,529.1381,486738,486767,29
106,0,blank,0,993.548666666667,479.917733333333,486797,486887,90
106,0,blank,0,1020.378,499.0134,486887,487065,178
106,0,blank,0,1011.659,523.4927,487065,487095,30
106,0,blank,0,-333,-105,487125,487265,140
106,0,blank,0,1025.298,623.312033333333,487298,487472,174
106,0,blank,0,991.636,581.3283,487472,487563,91
106,17,"Enterdataintothelist\n",92,209.573,202.044016666667,487656,487844,188
106,15,=,84,199.40855,159.631333333333,487844,488030,186
106,0,blank,0,218.288983333333,132.504,488030,488216,186
106,0,blank,0,218.305783333333,222.799166666667,488216,488400,184
106,19,"Displayingthenodesinthelist:\n",103,209.900183333333,245.18535,488400,488577,177
106,0,blank,0,183.965283333333,263.960666666667,488577,488756,179
106,22,comma,119,150.878733333333,322.65135,488756,488937,181
106,22,comma,119,147.740866666667,311.4669,488937,489027,90
106,0,blank,0,-333,-105,489087,489115,28
106,0,blank,0,468.9626,-103.9107,489140,489165,25
106,0,blank,0,211.6443,283.43772,489215,489412,197
106,21,"EnterthenumberNtoreversefirstNnode:",113,271.74565,297.3988,489412,489581,169
106,21,"EnterthenumberNtoreversefirstNnode:",113,276.41345,303.1636,489581,489660,79
106,23,"Reversingthelist...\n",126,153.481475,346.686025,489705,489874,169
106,23,"Reversingthelist...\n",126,128.5351,334.0361,489874,490047,173
106,23,"Reversingthelist...\n",126,230.9595,334.76465,490091,490289,198
106,0,blank,0,-333,-105,490320,490427,107
106,0,blank,0,194.6794,402.7999,490470,490527,57
106,0,blank,0,239.184433333333,385.97945,490592,490772,180
106,0,blank,0,269.437266666667,388.035133333333,490772,490957,185
106,0,blank,0,313.31915,389.8508,490957,491142,185
106,0,blank,0,331.204633333333,377.785933333333,491142,491325,183
106,0,blank,0,338.624933333333,380.991633333333,491325,491510,185
106,0,blank,0,192.312866666667,422.501316666667,491539,491725,186
106,0,blank,0,199.807333333333,407.977466666667,491725,491911,186
106,0,blank,0,-333,-105,491973,492057,84
106,0,blank,0,147.0374,417.2501,492094,492143,49
106,26,(,137,160.489816666667,413.74875,492205,492387,182
106,26,&,138,172.471316666667,411.5363,492387,492575,188
106,26,&,138,173.8133,408.1633,492575,492760,185
106,28,"Displayingthereversedlist:\n",149,161.598716666667,457.7178,492760,492947,187
106,28,"Displayingthereversedlist:\n",149,149.825683333333,459.713466666667,492947,493135,188
106,28,"Displayingthereversedlist:\n",149,182.776416666667,453.304666666667,493135,493323,188
106,0,blank,0,144.776216666667,515.63345,493323,493514,191
106,0,blank,0,123.8189,530.5815,493514,493641,127
106,0,blank,0,-333,-105,493703,493787,84
106,0,blank,0,250.5706,381.3135,493831,493887,56
106,0,blank,0,184.79275,394.272466666667,493952,494134,182
106,0,blank,0,174.9304,387.93245,494134,494194,60
106,0,blank,0,312.091716666667,372.847233333333,494225,494411,186
106,0,blank,0,317.18465,382.870116666667,494411,494596,185
106,0,blank,0,331.0363,384.199366666667,494596,494783,187
106,0,blank,0,328.2197,387.485,494783,494815,32
106,0,blank,0,192.47135,417.832366666667,494846,495032,186
106,26,n,141,213.1384,396.813233333333,495032,495218,186
106,0,blank,0,264.064066666667,390.792133333333,495218,495406,188
106,0,blank,0,262.34296,377.65502,495406,495565,159
106,0,blank,0,-333,-105,495597,495678,81
106,0,blank,0,286.4756,328.7506,495704,495730,26
106,0,blank,0,288.8727,360.6732,495793,495820,27
106,26,p,139,176.858683333333,399.734316666667,495849,496034,185
106,0,blank,0,217.150983333333,415.553616666667,496034,496221,187
106,28,"Displayingthereversedlist:\n",149,166.730683333333,448.454183333333,496221,496404,183
106,29,p,154,126.81565,473.562116666667,496404,496591,187
106,30,release,157,105.781466666667,490.612316666667,496591,496778,187
106,0,blank,0,139.298666666667,504.786633333333,496778,496969,191
106,0,blank,0,238.869633333333,497.7178,496969,497159,190
106,0,blank,0,272.651083333333,497.0274,497159,497347,188
106,0,blank,0,321.243225,478.43035,497347,497472,125
106,0,blank,0,-333,-105,497535,497620,85
106,30,&,159,130.5272,498.5234,497646,497672,26
106,31,0,164,131.3137,507.694133333333,497739,497916,177
106,0,blank,0,128.507516666667,540.092216666667,497916,498103,187
106,0,blank,0,125.930833333333,540.9723,498103,498195,92
106,33,node,171,228.04085,553.313833333333,498225,498412,187
106,0,blank,0,220.433666666667,592.112366666667,498412,498601,189
106,33,*,173,273.4562,564.0232,498601,498789,188
106,0,blank,0,269.100966666667,572.3962,498789,498882,93
106,33,struct,170,160.9043,564.45945,498915,499102,187
106,33,reverse,168,130.1682,555.44862,499102,499259,157
106,0,blank,0,-333,-105,499292,499469,177
106,0,blank,0,240.314133333333,485.353533333333,499495,499575,80
106,0,blank,0,275.234683333333,541.438866666667,499606,499792,186
106,0,blank,0,287.5276,543.8591,499792,499824,32
106,0,blank,0,216.1835,581.94285,499887,500073,186
106,0,blank,0,219.126466666667,589.151783333333,500073,500259,186
106,0,blank,0,125.327983333333,589.228283333333,500259,500451,192
106,0,blank,0,123.8214,592.4875,500451,500482,31
106,0,blank,0,-333,-105,500546,500628,82
106,35,q,186,223.474383333333,597.015616666667,500753,500936,183
106,35,*,191,203.444783333333,603.198333333333,500936,501126,190
106,36,head,201,200.811583333333,626.715816666667,501126,501315,189
106,0,blank,0,193.508566666667,645.511783333333,501315,501505,190
106,36,head,201,208.37114,630.68426,501505,501663,158
106,0,blank,0,265.7237,590.9585,501728,501917,189
106,0,blank,0,261.4193,552.9016,501917,501950,33
106,0,blank,0,260.422066666667,571.695683333333,502012,502201,189
106,0,blank,0,250.76085,512.8303,502201,502264,63
106,0,blank,0,-333,-105,502296,502387,91
106,0,blank,0,122.3258,504.5648,502576,502722,146
106,0,blank,0,142.583283333333,588.380033333333,502794,502976,182
106,33,struct,170,144.9195,550.6531,502976,503007,31
106,36,head,201,192.17545,626.62545,503038,503227,189
106,33,struct,170,186.8862,566.717033333333,503227,503417,190
106,0,blank,0,-333,-105,503481,503587,106
106,0,blank,0,215.628375,497.934525,503713,503830,117
106,0,blank,0,249.6498,497.2822,503860,503889,29
106,0,blank,0,264.23235,432.33595,503952,504014,62
106,0,blank,0,265.630116666667,532.931283333333,504045,504231,186
106,0,blank,0,153.3471,593.6863,504262,504328,66
106,36,=,199,154.2057,624.6641,504390,504452,62
106,0,blank,0,-333,-105,504514,504623,109
106,0,blank,0,289.6417,472.1543,504653,504692,39
106,33,head,174,311.4804,552.116133333333,504762,504849,87
106,0,blank,0,-333,-105,504910,505066,156
106,0,blank,0,-333,-105,505066,505218,152
106,36,*,200,183.27985,623.8273,505251,505369,118
106,35,p,183,178.585366666667,602.849666666667,505401,505596,195
106,35,p,183,182.538983333333,597.749783333333,505596,505793,197
106,0,blank,0,199.102966666667,654.798433333333,505793,505988,195
106,0,blank,0,277.08144,644.5819,505988,506149,161
106,35,rear,192,300.34548,595.03156,506183,506359,176
106,36,r,198,138.508975,635.758775,506393,506567,174
106,36,=,199,116.3885,621.307166666667,506567,506703,136
106,0,blank,0,-333,-105,506748,506846,98
106,33,reverse,168,83.1904,555.343275,506903,507064,161
106,0,blank,0,162.682425,536.0127,507064,507245,181
106,33,struct,170,169.974075,558.9835,507245,507429,184
106,35,struct,180,86.107,609.9004,507429,507601,172
106,0,blank,0,138.39475,532.650433333333,507601,507788,187
106,0,blank,0,171.988775,499.51385,507788,507913,125
106,0,blank,0,38.51525,523.621616666667,507945,508133,188
106,0,blank,0,41.0318,544.3557,508133,508227,94
106,0,blank,0,-333,-105,508258,508366,108
106,36,q,196,97.5678,625.7762,508392,508419,27
106,0,blank,0,109.687616666667,609.790166666667,508486,508663,177
106,33,reverse,168,127.529783333333,552.960433333333,508663,508851,188
106,0,blank,0,129.547516666667,537.43005,508851,509038,187
106,33,struct,170,169.534033333333,562.361116666667,509038,509226,188
106,0,blank,0,157.81025,539.387116666667,509226,509416,190
106,0,blank,0,139.182166666667,535.319616666667,509416,509605,189
106,0,blank,0,94.6623333333333,542.277366666667,509605,509797,192
106,0,blank,0,50.33295,537.274616666667,509797,509988,191
106,0,blank,0,46.179675,541.881175,509988,510118,130
106,0,blank,0,-333,-105,510149,510259,110
106,0,blank,0,54.41795,538.091366666667,510283,510456,173
106,0,blank,0,107.022766666667,533.707433333333,510456,510645,189
106,31,return,163,106.82415,518.4655,510645,510829,184
106,31,return,163,101.199916666667,523.766366666667,510829,511016,187
106,0,blank,0,68.266475,537.245175,511016,511140,124
106,0,blank,0,-333,-105,511202,511258,56
106,0,blank,0,125.185,546.02485,511358,511530,172
106,0,blank,0,132.7761,541.9674,511530,511716,186
106,0,blank,0,167.24465,538.0149,511716,511903,187
106,0,blank,0,166.029966666667,543.405133333333,511903,512089,186
106,0,blank,0,136.609166666667,538.928083333333,512089,512276,187
106,0,blank,0,180.911066666667,524.302533333333,512276,512462,186
106,0,blank,0,213.2696,528.613833333333,512462,512556,94
106,0,blank,0,-333,-105,512588,512645,57
106,30,;,162,156.847716666667,503.575483333333,512752,512921,169
106,31,0,164,123.5295,515.798566666667,512921,513108,187
106,30,release,157,103.778083333333,495.565766666667,513108,513291,183
106,0,blank,0,166.36825,473.8099,513291,513473,182
106,28,"Displayingthereversedlist:\n",149,209.2087,458.450366666667,513473,513564,91
106,0,blank,0,176.7223,480.490183333333,513623,513803,180
106,0,blank,0,170.718766666667,527.770466666667,513803,513894,91
106,0,blank,0,-333,-105,513925,514056,131
106,0,blank,0,180.474057142857,495.2917,514081,514277,196
106,0,blank,0,232.108333333333,461.557283333333,514277,514462,185
106,0,blank,0,175.76725,529.69825,514462,514644,182
106,0,blank,0,163.72032,525.89568,514644,514798,154
106,0,blank,0,-333,-105,514829,514936,107
106,0,blank,0,179.4643,523.5624,514962,514990,28
106,0,blank,0,184.5197,507.914216666667,515053,515227,174
106,0,blank,0,156.380216666667,529.01595,515227,515413,186
106,0,blank,0,31.1542833333333,538.652016666667,515413,515600,187
106,0,blank,0,52.0418833333333,541.2652,515600,515786,186
106,0,blank,0,139.1442,529.887183333333,515786,515973,187
106,0,blank,0,201.269033333333,517.824216666667,515973,516162,189
106,0,blank,0,199.754083333333,521.8803,516162,516352,190
106,0,blank,0,165.293883333333,533.282833333333,516352,516541,189
106,0,blank,0,152.263425,527.2378,516541,516665,124
106,0,blank,0,-333,-105,516728,516807,79
106,0,blank,0,208.733,535.0356,516832,516872,40
106,0,blank,0,208.431416666667,522.725433333333,516936,517114,178
106,0,blank,0,219.977166666667,520.446016666667,517114,517302,188
106,0,blank,0,225.9647,518.785433333333,517302,517490,188
106,0,blank,0,222.888475,513.8392,517490,517615,125
106,0,blank,0,63.9554333333333,543.28225,517645,517836,191
106,0,blank,0,56.5668666666667,547.869533333333,517836,517928,92
106,0,blank,0,-333,-105,517960,518068,108
106,0,blank,0,82.4004,527.8856,518097,518135,38
106,0,blank,0,119.644666666667,528.743,518203,518385,182
106,0,blank,0,127.56405,536.03545,518385,518576,191
106,0,blank,0,83.7042166666667,538.511566666667,518576,518766,190
106,0,blank,0,43.39975,510.7806,518766,518958,192
106,0,blank,0,34.3708833333333,474.476916666667,518958,519146,188
106,0,blank,0,70.4583166666666,582.262066666667,519146,519332,186
106,35,struct,180,96.3972666666667,611.286733333333,519332,519519,187
106,0,blank,0,110.53055,629.315233333333,519519,519705,186
106,0,blank,0,-333,-105,519735,519817,82
106,0,blank,0,61.9998,544.3066,519848,519907,59
106,0,blank,0,60.4178166666667,550.9041,519971,520146,175
106,33,reverse,168,114.2725,559.2252,520146,520336,190
106,0,blank,0,115.8169,547.634883333333,520336,520522,186
106,33,reverse,168,97.0636166666666,551.568316666667,520522,520715,193
106,0,blank,0,108.09425,547.664283333333,520715,520904,189
106,33,reverse,168,125.280066666667,551.519266666667,520904,520998,94
106,0,blank,0,-333,-105,521062,521166,104
106,0,blank,0,33.4124,581.7477,521192,521227,35
106,0,blank,0,37.86925,547.007366666667,521293,521475,182
106,0,blank,0,73.5068333333333,537.5052,521475,521667,192
106,0,blank,0,112.3351,537.444133333333,521667,521860,193
106,0,blank,0,102.508933333333,538.785583333333,521860,522049,189
106,30,release,157,91.1080333333333,483.55985,522049,522240,191
106,0,blank,0,116.353633333333,460.897933333333,522240,522429,189
106,28,"Displayingthereversedlist:\n",149,198.96425,459.50025,522429,522622,193
106,0,blank,0,222.4502,497.5878,522622,522685,63
106,31,return,163,92.06865,508.77925,522867,523021,154
106,29,display,152,56.18624,468.72364,523021,523219,198
106,29,display,152,58.38635,462.12035,523219,523410,191
106,0,blank,0,30.75,474.5331,523410,523600,190
106,0,blank,0,30.6903166666667,467.45035,523600,523791,191
106,0,blank,0,31.27992,488.88732,523791,523950,159
106,0,blank,0,-333,-105,523982,524015,33
106,0,blank,0,94.5583,-103.7606,524041,524066,25
106,30,(,158,116.927033333333,496.220716666667,524115,524293,178
106,31,return,163,93.6152,518.437333333333,524293,524487,194
106,0,blank,0,108.85445,544.488833333333,524487,524680,193
106,0,blank,0,107.39825,547.7437,524680,524745,65
106,0,blank,0,-333,-105,524777,524887,110
106,0,blank,0,147.0359,537.936616666667,524978,525153,175
106,0,blank,0,178.026033333333,547.823416666667,525153,525345,192
106,0,blank,0,132.66025,546.164866666667,525345,525536,191
106,33,reverse,168,125.2436,555.173516666667,525536,525726,190
106,33,struct,170,170.795316666667,550.7176,525726,525916,190
106,0,blank,0,166.76475,543.309583333333,525916,526108,192
106,33,reverse,168,124.06765,550.55375,526108,526302,194
106,33,reverse,168,91.6906,551.682166666667,526302,526497,195
106,0,blank,0,56.4339,566.18784,526497,526657,160
106,0,blank,0,-333,-105,526689,526772,83
106,33,(,169,138.562,564.8309,526797,526823,26
106,0,blank,0,130.694883333333,544.013866666667,526886,527068,182
106,33,struct,170,178.702983333333,550.294066666667,527068,527260,192
106,33,struct,170,157.732133333333,557.702983333333,527260,527449,189
106,33,reverse,168,121.630416666667,569.108866666667,527449,527639,190
106,0,blank,0,59.87485,566.22435,527639,527828,189
106,33,void,167,51.7148166666667,550.360666666667,527828,528018,190
106,0,blank,0,114.112683333333,545.897633333333,528018,528205,187
106,0,blank,0,-333,-105,528237,528371,134
106,33,(,169,140.237216666667,561.65825,528421,528595,174
106,33,struct,170,181.925216666667,564.415783333333,528595,528785,190
106,33,struct,170,181.676866666667,568.70765,528785,528978,193
106,0,blank,0,180.9471,580.05455,528978,529169,191
106,36,q,196,101.060166666667,618.693066666667,529169,529363,194
106,36,=,199,83.27015,625.512216666667,529363,529554,191
106,36,=,199,73.41795,633.719433333333,529554,529747,193
106,36,=,199,76.0890666666667,633.039066666667,529747,529844,97
106,0,blank,0,-333,-105,529875,529983,108
106,36,q,196,98.8111,625.7694,530015,530058,43
106,0,blank,0,107.4207,631.77985,530124,530304,180
106,37,==,206,111.974283333333,637.878166666667,530304,530491,187
106,36,q,196,96.2746333333333,621.15615,530491,530679,188
106,36,=,199,81.2841333333333,622.623316666667,530679,530868,189
106,0,blank,0,126.943316666667,623.792316666667,530868,531056,188
106,0,blank,0,-333,-105,531087,531222,135
106,37,(,204,80.7428666666667,648.612183333333,531246,531417,171
106,37,n,205,91.1222666666667,644.344683333333,531417,531605,188
106,37,0,207,133.224783333333,639.224866666667,531605,531793,188
106,37,==,206,109.843383333333,639.598116666667,531793,531978,185
106,0,blank,0,96.1778333333333,637.804583333333,531978,532165,187
106,0,blank,0,118.936833333333,615.918283333333,532165,532349,184
106,0,blank,0,107.42915,616.431633333333,532349,532537,188
106,0,blank,0,75.03292,636.71484,532537,532692,155
106,0,blank,0,-333,-105,532723,532831,108
106,36,r,198,139.8412,627.8457,532871,532922,51
106,36,=,199,123.978416666667,617.1478,532984,533159,175
106,0,blank,0,92.4621166666667,616.729566666667,533159,533345,186
106,0,blank,0,94.1906833333333,614.01935,533345,533531,186
106,36,=,199,113.590866666667,617.211716666667,533531,533719,188
106,0,blank,0,107.889883333333,620.536183333334,533719,533909,190
106,36,=,199,82.9505,628.33995,533909,534101,192
106,36,=,199,118.16198,633.09246,534101,534261,160
106,0,blank,0,-333,-105,534326,534407,81
106,36,r,198,139.9994,634.1083,534438,534482,44
106,36,q,196,93.8276666666667,635.416566666667,534549,534734,185
106,37,(,204,76.0930166666667,639.344983333333,534734,534928,194
106,37,n,205,84.3227666666667,640.7831,534928,535117,189
106,0,blank,0,129.100266666667,639.14765,535117,535307,190
106,37,n,205,85.08565,643.040116666667,535307,535497,190
106,37,n,205,88.7130166666667,652.303316666667,535497,535688,191
106,37,n,205,83.2782833333333,654.882433333333,535688,535883,195
106,0,blank,0,83.8316,669.8804,535883,535916,33
106,0,blank,0,-333,-105,535947,536056,109
106,37,(,204,80.6879833333333,651.645566666667,536136,536313,177
106,37,n,205,85.5021,649.875983333333,536313,536505,192
106,37,0,207,136.27805,642.5292,536505,536698,193
106,36,r,198,138.479933333333,635.153416666667,536698,536892,194
106,37,),208,144.42285,644.923516666667,536892,537089,197
106,37,),208,146.232266666667,643.005883333333,537089,537282,193
106,0,blank,0,129.372933333333,643.8686,537282,537475,193
106,0,blank,0,95.99925,649.16275,537475,537674,199
106,0,blank,0,108.436016666667,661.168866666667,537674,537869,195
106,0,blank,0,159.0769,661.980366666667,537869,538066,197
106,0,blank,0,157.49478,638.7575,538066,538233,167
106,0,blank,0,190.4919,641.3162,538233,538299,66
106,0,blank,0,-333,-105,538332,538526,194
106,0,blank,0,-333,-105,538526,538715,189
106,0,blank,0,-333,-105,538715,538894,179
106,0,blank,0,-333,-105,538894,539087,193
106,0,blank,0,-333,-105,539087,539228,141
106,0,blank,0,-333,-105,539228,539537,309
106,0,blank,0,-333,-105,539537,539703,166
106,0,blank,0,-333,-105,539703,540011,308
106,0,blank,0,-333,-105,540011,540192,181
106,0,blank,0,-333,-105,540192,540373,181
106,0,blank,0,-333,-105,540373,540477,104
106,0,blank,0,-333,-105,540477,540642,165
106,0,blank,0,-333,-105,540642,540815,173
106,0,blank,0,-333,-105,540815,541011,196
106,0,blank,0,-333,-105,541011,541477,466
106,0,blank,0,-333,-105,541477,541620,143
106,0,blank,0,-333,-105,541620,541691,71
106,0,blank,0,-333,-105,541691,541949,258
106,0,blank,0,-333,-105,541949,542137,188
106,0,blank,0,-333,-105,542137,542319,182
106,0,blank,0,-333,-105,542319,542505,186
106,0,blank,0,-333,-105,542505,542675,170
106,0,blank,0,-333,-105,542675,542854,179
106,0,blank,0,-333,-105,542854,543030,176
106,0,blank,0,-333,-105,543030,543219,189
106,0,blank,0,-333,-105,543219,543406,187
106,0,blank,0,-333,-105,543406,543571,165
106,0,blank,0,-333,-105,543571,543755,184
106,0,blank,0,-333,-105,543755,543812,57
106,0,blank,0,-333,-105,543812,544084,272
106,0,blank,0,-333,-105,544084,544367,283
106,0,blank,0,-333,-105,544367,544624,257
106,0,blank,0,-333,-105,544624,544808,184
106,0,blank,0,-333,-105,544808,544991,183
106,0,blank,0,-333,-105,544991,545126,135
106,0,blank,0,-333,-105,545126,545298,172
106,0,blank,0,-333,-105,545298,545427,129
106,0,blank,0,-333,-105,545427,545612,185
106,0,blank,0,-333,-105,545612,545796,184
106,0,blank,0,-333,-105,545796,545989,193
106,0,blank,0,-333,-105,545989,546042,53
106,0,blank,0,115.487475,508.4275,546192,546353,161
106,30,&,159,126.980025,499.873425,546353,546516,163
106,0,blank,0,117.2155,507.1257,546516,546556,40
106,21,printf,111,54.299925,294.57575,546596,546725,129
106,0,blank,0,-333,-105,546755,546811,56
106,0,blank,0,-333,-105,546889,547065,176
106,0,blank,0,-333,-105,547065,547243,178
106,0,blank,0,-333,-105,547243,547439,196
106,0,blank,0,-333,-105,547439,547615,176
106,0,blank,0,-333,-105,547615,547785,170
106,0,blank,0,-333,-105,547785,547963,178
106,0,blank,0,-333,-105,547963,548002,39
106,0,blank,0,-333,-105,548002,548343,341
106,33,struct,170,203.156675,559.496075,549457,549627,170
106,0,blank,0,212.7165,562.5319,549627,549825,198
106,33,node,171,245.5356,558.47834,549825,549993,168
106,33,node,171,249.013966666667,563.806016666667,550060,550252,192
106,0,blank,0,214.8013,587.03625,550252,550381,129
106,0,blank,0,-333,-105,550413,550571,158
106,33,struct,170,181.2523,560.8064,550623,550815,192
106,33,reverse,168,126.824933333333,567.655,550815,551009,194
106,0,blank,0,170.70075,571.1135,551009,551201,192
106,33,node,171,220.1789,557.90155,551201,551264,63
106,0,blank,0,269.2219,750.5374,551359,551391,32
106,0,blank,0,205.422833333333,638.2129,551453,551545,92
106,0,blank,0,-333,-105,551612,551796,184
106,0,blank,0,262.74315,553.8546,551822,551933,111
106,33,node,171,249.1135,558.3654,551933,552470,537
106,0,blank,0,157.18185,573.94175,552839,553013,174
106,33,struct,170,191.5086,567.93145,553013,553155,142
106,0,blank,0,180.02225,576.7083,553355,553515,160
106,33,reverse,168,119.521733333333,566.525466666667,553515,553666,151
106,0,blank,0,161.16,586.893666666667,553666,553825,159
106,35,q,186,223.90285,613.3018,553825,553996,171
106,0,blank,0,255.9377,628.2987,553996,554277,281
106,0,blank,0,282.456,720.7986,554277,554340,63
106,0,blank,0,-333,-105,554562,554700,138
106,0,blank,0,-333,-105,554700,554878,178
106,0,blank,0,-333,-105,554878,555071,193
106,0,blank,0,-333,-105,555071,555249,178
106,0,blank,0,-333,-105,555249,555280,31
106,33,struct,170,175.7711,557.9705,555311,555446,135
106,0,blank,0,96.865625,576.860675,555540,555737,197
106,0,blank,0,154.76995,579.439275,555737,555922,185
106,0,blank,0,167.6745,587.635225,555922,556113,191
106,0,blank,0,208.9341,573.448025,556113,556304,191
106,33,node,171,225.3967,553.0792,556304,556336,32
106,0,blank,0,-333,-105,556457,556656,199
106,33,node,171,247.961183333333,565.528533333333,556775,556960,185
106,0,blank,0,261.216225,566.14665,556960,557089,129
106,0,blank,0,206.0271,680.1496,557151,557297,146
106,0,blank,0,171.878466666667,653.010566666667,557327,557417,90
106,35,node,181,149.170525,613.14165,557508,557673,165
106,0,blank,0,127.61245,623.2284,557673,557849,176
106,0,blank,0,124.972825,622.64545,557849,558022,173
106,36,=,199,155.4714,619.71925,558022,558199,177
106,36,*,200,173.6036,625.918733333333,558199,558335,136
106,35,p,183,183.2123,606.6859,558335,558551,216
106,36,head,201,187.3818,619.4799,558551,558738,187
106,35,*,191,163.97795,608.599166666667,558738,558929,191
106,35,p,183,183.278183333333,610.709883333333,558929,559121,192
106,36,head,201,186.862383333333,623.20945,559121,559316,195
106,0,blank,0,-333,-105,559348,559405,57
106,35,comma,190,188.45445,608.368733333333,559572,559756,184
106,35,comma,190,186.82594,604.24722,559756,559946,190
106,35,*,191,167.280066666667,610.5417,559946,560137,191
106,35,comma,190,189.158675,611.7709,560137,560324,187
106,0,blank,0,180.776033333333,615.830416666667,560324,560514,190
106,36,r,198,142.6093,617.475883333333,560514,560706,192
106,35,node,181,137.173266666667,612.0623,560706,560801,95
106,0,blank,0,522.4245,-103.9342,561110,561191,81
106,0,blank,0,127.8172,614.806,561254,561293,39
106,36,=,199,118.9209,627.65405,561391,561485,94
106,36,*,200,177.217075,634.313375,561576,561758,182
106,36,=,199,162.4732,635.579925,561758,561949,191
106,37,0,207,137.23405,648.94955,561949,562045,96
106,0,blank,0,178.91514,652.7036,562091,562290,199
106,0,blank,0,192.91294,661.0047,562290,562465,175
106,0,blank,0,211.9857,687.3357,562465,562597,132
106,0,blank,0,286.94845,636.59,562629,562698,69
106,0,blank,0,-333,-105,562763,562924,161
106,0,blank,0,-333,-105,562924,563038,114
106,35,*,191,163.47424,598.54038,563173,563352,179
106,0,blank,0,209.6148,574.1289,563352,563546,194
106,33,node,171,233.731625,553.91195,563546,563677,131
106,0,blank,0,217.3484,695.3442,563743,563857,114
106,0,blank,0,233.1283,689.5242,563857,563979,122
106,0,blank,0,304.2765,673.242125,563979,564163,184
106,0,blank,0,249.5782,659.443933333333,564163,564354,191
106,0,blank,0,194.486166666667,652.2555,564354,564545,191
106,0,blank,0,189.405383333333,657.171766666667,564545,564740,195
106,0,blank,0,177.5757,639.75115,564740,564803,63
106,0,blank,0,173.00685,644.415433333333,564835,565027,192
106,0,blank,0,247.855966666667,624.299666666667,565027,565220,193
106,0,blank,0,222.326183333333,640.301533333333,565220,565411,191
106,35,*,191,205.2545,612.372633333333,565411,565511,100
106,0,blank,0,-333,-105,565545,565701,156
106,0,blank,0,192.42454,582.90248,565840,565994,154
106,35,p,183,183.439566666667,599.369933333333,566122,566318,196
106,0,blank,0,169.465283333333,590.749766666667,566318,566515,197
106,35,p,183,177.731333333333,608.1176,566515,566714,199
106,36,head,201,200.10875,621.612,566714,566910,196
106,33,*,173,266.8542,568.77535,566944,567139,195
106,0,blank,0,243.562266666667,572.80875,567139,567336,197
106,0,blank,0,285.9871,543.47545,567336,567530,194
106,0,blank,0,304.289216666667,546.037516666667,567530,567722,192
106,0,blank,0,302.5518,543.0656,567722,567755,33
106,0,blank,0,-333,-105,567787,567952,165
106,33,node,171,248.8496,560.1083,567978,568004,26
106,35,r,189,263.534983333333,595.999366666667,568059,568249,190
106,0,blank,0,186.611,680.403016666667,568249,568442,193
106,0,blank,0,184.772216666667,676.18935,568442,568632,190
106,39,next,214,198.876016666667,687.27525,568632,568822,190
106,0,blank,0,254.4255,680.07898,568822,568983,161
106,0,blank,0,-333,-105,569046,569154,108
106,0,blank,0,188.2862,650.5649,569179,569229,50
106,0,blank,0,211.4229,529.374,569293,569330,37
106,0,blank,0,188.98818,678.20076,569366,569560,194
106,0,blank,0,192.33485,655.329066666667,569560,569749,189
106,0,blank,0,194.31785,671.663066666667,569749,569937,188
106,0,blank,0,211.66282,700.18206,569937,570125,188
106,0,blank,0,318.433,645.07232,570157,570324,167
106,0,blank,0,303.387225,696.64885,570324,570455,131
106,0,blank,0,304.887433333333,479.110666666667,570487,570585,98
106,0,blank,0,212.3973,661.0174,570618,570748,130
106,0,blank,0,216.69555,516.6794,570781,570844,63
106,36,head,201,185.938366666667,621.054733333333,570877,571074,197
106,0,blank,0,192.341083333333,585.089616666667,571074,571271,197
106,0,blank,0,226.12914,536.67468,571271,571435,164
106,0,blank,0,-333,-105,571531,571644,113
106,35,*,191,205.7045,607.26425,571743,571863,120
107,0,blank,0,198.2646,650.0906,572087,572120,33
107,0,blank,0,176.98515,629.8934,572184,572247,63
107,0,blank,0,227.606583333333,588.959316666667,572311,572504,193
107,0,blank,0,214.54098,619.2837,572504,572672,168
107,0,blank,0,190.16415,629.394625,572672,572800,128
107,0,blank,0,194.068383333333,641.050733333333,572863,573055,192
107,0,blank,0,235.80012,580.15386,573087,573282,195
107,0,blank,0,224.786533333333,659.6478,573282,573378,96
107,0,blank,0,206.469216666667,631.690366666667,573443,573639,196
107,0,blank,0,-333,-105,573672,573756,84
107,0,blank,0,257.5479,575.9603,573782,573809,27
107,0,blank,0,248.0551,482.952,573885,573911,26
107,28,"Displayingthereversedlist:\n",149,263.5411,606.8454,573943,574138,195
107,28,"Displayingthereversedlist:\n",149,189.0992,602.5468,574138,574173,35
107,28,"Displayingthereversedlist:\n",149,210.4376,602.142275,574241,574374,133
107,0,blank,0,231.3085,646.2184,574374,574442,68
107,0,blank,0,246.6496,526.0155,574479,574511,32
107,0,blank,0,232.5547,658.1602,574542,574639,97
107,0,blank,0,227.234,635.7324,574704,574736,32
107,0,blank,0,305.9192,672.637233333333,574800,574900,100
107,0,blank,0,309.3427,530.7979,574934,574963,29
107,0,blank,0,317.97945,636.87265,574995,575158,163
107,0,blank,0,220.119583333333,629.321933333333,575190,575385,195
107,0,blank,0,216.0049,625.1608,575385,575579,194
107,26,n,141,203.3519,559.3348,575579,575612,33
107,0,blank,0,-333,-105,575648,575756,108
107,0,blank,0,272.6466,579.0954,575980,576147,167
107,0,blank,0,237.9073,552.398933333333,576147,576245,98
107,0,blank,0,240.3829,516.505533333333,576278,576376,98
107,0,blank,0,145.183766666667,576.576733333333,576410,576508,98
107,0,blank,0,158.3788,433.117,576574,576606,32
107,26,reverse,136,138.4354,571.06965,576638,576703,65
107,0,blank,0,193.98672,569.02146,576767,576928,161
107,0,blank,0,222.975616666667,561.587133333333,576960,577150,190
107,23,"Reversingthelist...\n",126,251.282033333333,489.767333333333,577150,577342,192
107,0,blank,0,287.6611,464.7756,577342,577374,32
107,0,blank,0,273.00834,566.59584,577406,577567,161
107,0,blank,0,272.8516,516.6639,577633,577666,33
107,0,blank,0,-333,-105,577698,577809,111
107,0,blank,0,194.0869,526.0684,577869,577939,70
107,0,blank,0,214.46405,546.44845,578016,578204,188
107,0,blank,0,222.050133333333,558.702,578204,578302,98
107,23,"Reversingthelist...\n",126,210.7129,499.166,578334,578367,33
107,0,blank,0,223.763433333333,509.7272,578434,578536,102
107,0,blank,0,-333,-105,578671,578846,175
107,0,blank,0,-333,-105,578846,579023,177
107,0,blank,0,-333,-105,579023,579193,170
107,0,blank,0,206.158183333333,543.9553,579224,579413,189
107,0,blank,0,207.377366666667,550.469666666667,579413,579513,100
107,0,blank,0,385.5491,707.2621,579581,579615,34
