Frameno_fix,lineno_fix,Tokenname_fix,tokens_id,gaze_X_fix,gaze_Y_fix,timestamp_fix_start,timestamp_fix_end,time_duration
100,0,blank,0,40.86115,-80.6007,3269,3395,126
100,0,blank,0,362.1795,-46.6688166666667,3459,3653,194
100,0,blank,0,360.526466666667,-41.0421666666667,3653,3848,195
100,0,blank,0,364.570633333333,-37.928,3848,3946,98
100,0,blank,0,537.647266666667,-11.4421833333333,3977,4173,196
100,0,blank,0,543.5036,-15.9323,4173,4204,31
100,0,blank,0,108.894683333333,0.5991,4238,4433,195
100,1,Program,4,95.39776,4.66724,4433,4593,160
100,0,blank,0,240.217816666667,0.531166666666666,4626,4817,191
100,0,blank,0,290.87725,-6.54351666666666,4817,5009,192
100,0,blank,0,367.992383333333,-6.5992,5009,5201,192
100,0,blank,0,368.2075,-5.63675,5201,5265,64
100,0,blank,0,111.66735,-0.625316666666668,5296,5490,194
100,0,blank,0,159.204383333333,-3.51051666666667,5490,5684,194
100,0,blank,0,174.3433,-5.0515,5684,5717,33
100,0,blank,0,72.6576333333333,-6.03125,5749,5945,196
100,0,blank,0,163.58955,-6.68321666666666,5945,6141,196
100,0,blank,0,82.82356,-8.17266,6141,6303,162
100,0,blank,0,189.233666666667,-6.2074,6334,6529,195
100,0,blank,0,263.322,-9.59895,6529,6724,195
100,0,blank,0,347.807733333333,-9.41871666666667,6724,6920,196
100,0,blank,0,361.6367,-12.191,6920,6983,63
100,0,blank,0,449.478825,-9.69055,7019,7146,127
100,0,blank,0,71.4884833333333,90.9711,7179,7370,191
100,0,blank,0,94.6106166666667,67.4424333333333,7370,7565,195
100,3,stdlib,25,105.269766666667,53.9479,7565,7760,195
100,0,blank,0,91.4105833333333,52.48035,7760,7949,189
100,5,top,37,47.6890166666667,104.335416666667,7949,8140,191
100,6,stack,42,55.0244166666667,132.9921,8140,8329,189
100,11,printf,61,73.0600166666667,224.251233333333,8329,8519,190
100,11,(,62,105.719483333333,234.136566666667,8519,8710,191
100,11,"enterexpression\n",63,137.81445,237.339316666667,8710,8904,194
100,11,"enterexpression\n",63,116.327716666667,242.053966666667,8904,9092,188
100,11,"enterexpression\n",63,115.3275,240.0733,9092,9279,187
100,12,scanf,66,84.1109333333333,251.381883333333,9279,9467,188
100,12,scanf,66,70.5508,248.965733333333,9467,9653,186
100,12,"%s",68,123.60695,259.213683333333,9653,9839,186
100,12,"%s",68,125.7883,265.505633333333,9839,10022,183
100,0,blank,0,128.1938,275.210983333333,10022,10204,182
100,0,blank,0,122.959366666667,292.835883333333,10204,10387,183
100,0,blank,0,172.681033333333,299.602716666667,10387,10570,183
100,0,blank,0,134.068,347.098566666667,10570,10755,185
100,0,blank,0,129.671616666667,378.826183333333,10755,10943,188
100,0,blank,0,138.917883333333,396.10515,10943,11135,192
100,0,blank,0,139.00535,423.644433333333,11135,11323,188
100,0,blank,0,137.12305,432.029983333333,11323,11513,190
100,0,blank,0,94.1730833333333,501.318533333333,11513,11700,187
100,0,blank,0,44.89025,547.263716666667,11700,11891,191
100,0,blank,0,44.3703666666667,575.887566666667,11891,12084,193
100,0,blank,0,63.9797,580.1428,12084,12273,189
100,28,stack,139,71.6378166666667,602.89375,12273,12463,190
100,29,top,146,55.45715,628.146233333333,12463,12650,187
100,31,void,150,22.7395666666667,671.393866666667,12650,12837,187
100,31,void,150,27.2186333333333,679.7705,12837,13022,185
100,31,void,150,23.877375,676.1085,13022,13148,126
100,0,blank,0,-116.524675,686.878125,13180,13309,129
100,31,void,150,18.47012,679.97116,13343,13509,166
100,29,top,146,61.76212,629.99706,13509,13675,166
100,29,top,146,67.79392,630.93016,13675,13842,167
100,28,stack,139,80.7407666666667,609.2887,13842,13945,103
100,0,blank,0,-323,-105,13979,14140,161
100,0,blank,0,-323,-105,14140,14310,170
100,0,blank,0,-323,-105,14310,14394,84
100,6,stack,42,57.3314,121.954883333333,14429,14611,182
100,0,blank,0,90.8997666666667,51.4703833333333,14611,14798,187
100,0,blank,0,91.4192333333333,88.8458333333333,14798,14989,191
100,5,=,38,85.3549,111.842483333333,14989,15179,190
100,6,stack,42,66.8615166666667,122.988433333333,15179,15374,195
100,6,stack,42,63.5269,132.0161,15374,15406,32
100,0,blank,0,975.1122,133.59184,15471,15638,167
100,0,blank,0,1011.85916666667,121.939216666667,15638,15834,196
100,0,blank,0,1030.59133333333,112.539816666667,15834,16029,195
100,0,blank,0,1026.6658,120.6615,16029,16194,165
100,0,blank,0,1024.934,125.3958,16194,16230,36
100,6,100,44,134.00772,114.84002,16329,16496,167
100,5,;,40,127.77298,104.54474,16496,16665,169
100,5,;,40,130.87716,96.59316,16665,16836,171
100,0,blank,0,169.138666666667,93.5325666666667,16836,17031,195
100,6,100,44,140.095866666667,132.06335,17031,17223,192
100,0,blank,0,145.267283333333,176.451633333333,17223,17416,193
100,0,blank,0,165.009033333333,216.557033333333,17416,17610,194
100,0,blank,0,212.099583333333,255.428616666667,17610,17800,190
100,0,blank,0,205.137333333333,265.563066666667,17800,17991,191
100,13,!=,84,221.26155,284.1297,17991,18183,192
100,0,blank,0,262.599683333333,300.8735,18183,18372,189
100,0,blank,0,221.4877,341.45782,18372,18530,158
100,0,blank,0,990.239833333333,168.286716666667,18591,18784,193
100,0,blank,0,1032.149,168.354266666667,18784,18972,188
100,0,blank,0,1029.35783333333,177.053033333333,18972,19160,188
100,0,blank,0,1027.81733333333,180.9395,19160,19258,98
100,0,blank,0,126.173283333333,596.60815,19355,19551,196
100,0,blank,0,162.5989,643.5208,19551,19584,33
101,0,blank,0,177.4473,564.959466666667,19870,20057,187
101,0,blank,0,165.860766666667,578.1331,20057,20152,95
101,33,-1,159,158.93165,354.000983333333,20184,20374,190
101,0,blank,0,149.7111,336.0363,20374,20488,114
101,0,blank,0,157.0027,328.2411,20488,20593,105
101,0,blank,0,141.6004,321.0441,20593,20787,194
101,0,blank,0,189.98746,358.37248,20787,20956,169
101,0,blank,0,181.7065,364.681533333333,20956,21154,198
101,0,blank,0,168.62272,371.22674,21154,21321,167
101,0,blank,0,193.854483333333,365.739616666667,21321,21513,192
101,35,"expressionisinvalid\n",164,219.89175,384.802933333333,21513,21704,191
101,35,"expressionisinvalid\n",164,206.506116666667,390.0903,21704,21900,196
101,0,blank,0,183.37565,369.5272,21900,22092,192
101,0,blank,0,174.370833333333,375.9386,22092,22284,192
101,35,"expressionisinvalid\n",164,166.520583333333,395.091083333333,22284,22480,196
101,0,blank,0,168.536566666667,356.28465,22480,22676,196
101,33,-1,159,165.816033333333,350.016566666667,22676,22874,198
101,35,"expressionisinvalid\n",164,170.8193,383.4549,22874,23073,199
101,35,"expressionisinvalid\n",164,166.6894,389.19946,23073,23241,168
101,0,blank,0,-323,-105,23275,23463,188
101,0,blank,0,-323,-105,23463,23517,54
101,35,"expressionisinvalid\n",164,224.34325,385.2282,23556,23617,61
101,35,"expressionisinvalid\n",164,314.83492,386.96138,23652,23828,176
101,35,"expressionisinvalid\n",164,376.14874,393.1952,23828,24003,175
101,0,blank,0,185.8554,403.873675,24039,24177,138
101,0,blank,0,153.106483333333,224.758716666667,24213,24408,195
101,28,=,143,156.012733333333,226.340516666667,24408,24602,194
101,0,blank,0,152.10245,228.96545,24602,24732,130
101,35,(,163,152.2815,385.00294,24765,24933,168
101,35,"expressionisinvalid\n",164,215.88314,395.868,24933,25104,171
101,0,blank,0,270.942933333333,403.763266666667,25104,25202,98
101,0,blank,0,157.751,582.01866,25235,25406,171
101,0,blank,0,152.7652,575.3342,25406,25444,38
101,35,"expressionisinvalid\n",164,198.86042,385.10052,25479,25655,176
101,35,"expressionisinvalid\n",164,195.948225,379.04005,25655,25797,142
101,0,blank,0,-323,-105,25868,26035,167
101,0,blank,0,-323,-105,26277,26415,138
101,0,blank,0,143.483533333333,356.938833333333,26565,26657,92
101,0,blank,0,-323,-105,26690,26833,143
101,0,blank,0,144.45612,367.49406,27054,27215,161
101,0,blank,0,141.55065,591.082133333333,27251,27449,198
101,0,blank,0,143.85132,593.58942,27449,27620,171
101,0,blank,0,118.5311,553.9661,27620,27656,36
101,0,blank,0,114.685166666667,342.62725,27690,27889,199
101,0,blank,0,145.51146,346.70954,27889,28057,168
101,33,-1,159,162.35166,355.59936,28057,28225,168
101,0,blank,0,156.3213,357.3387,28225,28258,33
101,0,blank,0,-323,-105,28292,28431,139
101,0,blank,0,-323,-105,28431,28497,66
101,0,blank,0,170.0523,401.3074,28541,28567,26
101,0,blank,0,145.248733333333,377.28055,28651,28843,192
101,0,blank,0,139.575366666667,359.2277,28843,28941,98
101,0,blank,0,356.106933333333,376.715733333333,28975,29174,199
101,0,blank,0,353.9849,375.7922,29174,29205,31
101,0,blank,0,-323,-105,29269,29406,137
101,0,blank,0,150.20654,464.13082,29553,29724,171
101,40,;,177,141.366766666667,497.120166666667,29724,29822,98
101,45,-1,189,165.869333333333,613.643066666667,29855,30051,196
101,0,blank,0,156.94305,587.955666666667,30051,30242,191
101,0,blank,0,177.006383333333,569.983383333333,30242,30431,189
101,0,blank,0,156.299866666667,568.339383333333,30431,30624,193
101,43,find_top,181,137.6257,567.15498,30624,30785,161
101,0,blank,0,137.0398,295.248516666667,30817,31005,188
101,0,blank,0,142.163833333333,306.0242,31005,31099,94
101,0,blank,0,-323,-105,31130,31290,160
101,0,blank,0,134.916733333333,360.858416666667,31316,31496,180
101,0,blank,0,133.50815,312.424083333333,31496,31691,195
101,26,char,135,142.95855,184.2804,31724,31914,190
101,26,char,135,142.886666666667,189.169916666667,31914,32103,189
101,26,char,135,124.581866666667,191.550166666667,32103,32290,187
101,0,blank,0,147.55232,198.20354,32290,32447,157
101,0,blank,0,128.856783333333,552.118383333333,32478,32670,192
101,0,blank,0,164.4465,571.075666666667,32670,32857,187
101,0,blank,0,167.13295,573.57335,32857,33044,187
101,46,"\nexpressionisvalid\n",193,182.407583333333,639.17325,33044,33230,186
101,48,"\nexpressionisinvalid\n",199,187.190883333333,671.456466666667,33230,33417,187
101,48,"\nexpressionisinvalid\n",199,196.2045,679.95935,33417,33480,63
101,0,blank,0,346.56815,771.67765,33511,33697,186
101,0,blank,0,356.1486,773.3196,33697,33728,31
101,0,blank,0,141.605866666667,584.698766666667,33759,33949,190
101,0,blank,0,157.5511,589.5008,33949,34140,191
101,46,"\nexpressionisvalid\n",193,181.856116666667,629.422266666667,34140,34327,187
101,0,blank,0,184.9956,654.972716666667,34327,34516,189
101,46,"\nexpressionisvalid\n",193,303.353816666667,640.5603,34516,34701,185
101,46,"\nexpressionisvalid\n",193,222.945766666667,636.397533333333,34701,34888,187
101,45,),190,175.505466666667,610.373516666667,34888,35075,187
101,0,blank,0,148.00454,583.9043,35075,35231,156
101,0,blank,0,-323,-105,35263,35451,188
101,0,blank,0,-323,-105,35451,35490,39
101,0,blank,0,145.797566666667,331.8944,35622,35805,183
101,0,blank,0,140.70265,324.579433333333,35805,35996,191
101,33,==,158,138.93205,337.49105,35996,36122,126
101,0,blank,0,153.070716666667,560.78585,36152,36340,188
101,0,blank,0,148.1237,643.7688,36340,36371,31
101,0,blank,0,-137.486466666667,635.1485,36402,36596,194
101,0,blank,0,-236.717316666667,695.676083333333,36596,36790,194
101,0,blank,0,-216.3095,700.8799,36790,36824,34
101,0,blank,0,177.140316666667,656.800783333333,36857,37056,199
101,48,(,198,146.970616666667,668.43755,37056,37251,195
101,46,"\nexpressionisvalid\n",193,202.590166666667,632.730816666667,37251,37449,198
101,46,"\nexpressionisvalid\n",193,277.902016666667,632.992516666667,37449,37643,194
101,0,blank,0,287.82556,642.80152,37643,37811,168
101,48,"\nexpressionisinvalid\n",199,314.5029,671.00105,37811,37878,67
101,46,printf,191,104.82174,639.13596,37913,38081,168
101,46,printf,191,85.7160833333333,636.5762,38081,38279,198
101,46,printf,191,98.31352,621.7083,38279,38446,167
101,45,top,187,106.5192,609.2417,38446,38479,33
101,0,blank,0,-323,-105,38543,38727,184
101,45,-1,189,157.367633333333,619.433633333333,38761,38939,178
101,0,blank,0,210.685066666667,563.5516,38939,39129,190
101,0,blank,0,279.745966666667,487.511266666667,39129,39313,184
101,0,blank,0,346.295716666667,697.236233333333,39344,39535,191
101,0,blank,0,510.4171,778.441133333333,39568,39767,199
101,0,blank,0,549.5883,784.3411,39767,39800,33
101,0,blank,0,345.8305,775.873416666667,39903,40102,199
101,0,blank,0,287.357483333333,770.04705,40102,40298,196
101,0,blank,0,323.297483333333,781.9443,40298,40492,194
101,0,blank,0,319.3153,792.5908,40492,40557,65
101,0,blank,0,557.8636,779.0058,40589,40752,163
101,0,blank,0,542.65095,781.3626,40752,40847,95
101,0,blank,0,56.6370333333333,425.024933333333,41094,41277,183
101,38,else,173,52.6356333333333,457.036216666667,41277,41471,194
101,0,blank,0,226.3477,371.943,41503,41694,191
101,0,blank,0,225.1579,370.483966666667,41694,41785,91
101,0,blank,0,33.8267333333333,316.78905,41816,42002,186
101,0,blank,0,27.4711,322.802,42002,42063,61
101,0,blank,0,393.776766666667,-11.3644833333333,42093,42276,183
101,0,blank,0,380.514333333333,-15.1637833333333,42276,42463,187
101,0,blank,0,343.293266666667,-50.1092666666667,42463,42650,187
101,0,blank,0,914.378666666667,-96.1134666666667,42746,42942,196
101,0,blank,0,921.724,-92.4506,42942,42974,32
101,0,blank,0,135.9978,431.326833333333,43072,43262,190
101,0,blank,0,133.520766666667,467.133116666667,43262,43458,196
101,0,blank,0,-45.8546,419.935333333333,43458,43551,93
101,0,blank,0,-35.6769,444.916,43646,43678,32
101,0,blank,0,-126.568825,394.06855,43772,43903,131
101,40,top,175,103.648883333333,502.587983333333,43935,44119,184
101,0,blank,0,98.36675,485.34115,44119,44180,61
101,45,==,188,124.1489,601.389766666667,44211,44396,185
101,0,blank,0,153.166816666667,599.703483333333,44396,44584,188
101,0,blank,0,243.937533333333,574.6789,44584,44773,189
101,0,blank,0,165.679583333333,374.449783333333,44804,44988,184
101,33,-1,159,164.9463,352.096933333333,44988,45076,88
101,0,blank,0,270.91218,356.24654,45107,45258,151
101,33,top,157,88.3965166666667,346.1863,45289,45472,183
101,0,blank,0,80.7430166666667,538.825433333333,45503,45693,190
101,0,blank,0,58.4617833333333,544.6317,45693,45878,185
101,0,blank,0,55.2008333333333,530.16285,45878,46061,183
101,0,blank,0,57.826,530.7412,46061,46130,69
101,0,blank,0,-323,-105,46190,46352,162
101,0,blank,0,-323,-105,46352,46443,91
101,0,blank,0,66.0055,551.902,46469,46594,125
101,0,blank,0,-77.02678,594.13398,46624,46778,154
101,0,blank,0,79.5508166666666,583.090916666667,46811,47007,196
101,43,void,180,35.0971833333333,568.84845,47007,47204,197
101,31,void,150,37.5654666666667,306.58435,47237,47426,189
101,0,blank,0,46.0031666666667,307.5515,47426,47614,188
101,0,blank,0,54.4549333333333,320.329183333333,47614,47802,188
101,0,blank,0,36.354,406.6425,47802,47833,31
101,0,blank,0,-113.832533333333,430.4371,47893,48077,184
101,0,blank,0,-138.35204,445.21946,48077,48234,157
101,0,blank,0,46.9642,553.382033333333,48266,48460,194
101,43,find_top,181,58.4181,560.5676,48460,48495,35
101,0,blank,0,338.7582,762.26804,48528,48689,161
101,0,blank,0,350.0495,-103.92095,48721,48847,126
101,0,blank,0,-323,-105,48879,49038,159
101,31,pop,151,54.0398166666667,310.547516666667,49062,49243,181
101,0,blank,0,58.57208,313.6039,49243,49410,167
101,31,pop,151,59.5035,311.7716,49410,49607,197
101,0,blank,0,49.4174333333333,303.288266666667,49607,49800,193
101,0,blank,0,76.6857666666667,427.7547,49800,49894,94
101,0,blank,0,-323,-105,49926,50061,135
101,0,blank,0,32.6554166666667,313.822633333333,50193,50374,181
101,31,void,150,36.24655,299.48735,50374,50571,197
101,0,blank,0,53.2364,327.100233333333,50571,50763,192
101,0,blank,0,65.87035,337.93515,50763,50825,62
101,0,blank,0,280.890483333333,746.086716666667,50888,51081,193
101,0,blank,0,261.161233333333,741.310566666667,51081,51178,97
101,31,pop,151,62.2357833333333,298.143,51209,51402,193
101,0,blank,0,50.41845,298.844233333333,51402,51598,196
101,31,void,150,35.25246,306.01,51598,51770,172
101,31,void,150,37.0203333333333,306.310766666667,51770,51967,197
101,0,blank,0,44.4970666666667,285.778966666667,51967,52157,190
101,0,blank,0,45.4394333333333,289.0394,52157,52347,190
101,0,blank,0,49.4517166666667,286.456366666667,52347,52536,189
101,0,blank,0,50.61465,291.056533333333,52536,52722,186
101,0,blank,0,47.4051,286.445816666667,52722,52909,187
101,0,blank,0,51.9010166666667,285.719883333333,52909,53096,187
101,0,blank,0,54.2324666666667,288.44125,53096,53283,187
101,0,blank,0,914.402,380.3571,53346,53379,33
101,0,blank,0,1025.784,347.6323,53412,53602,190
101,0,blank,0,1026.52016666667,357.809566666667,53602,53790,188
101,0,blank,0,1023.164,360.142683333333,53790,53980,190
101,0,blank,0,1015.81916666667,368.678016666667,53980,54175,195
101,0,blank,0,1020.442,366.30495,54175,54303,128
101,0,blank,0,1032.086,22.37332,54367,54529,162
102,0,blank,0,211.54655,158.011466666667,54884,55080,196
102,0,blank,0,197.728083333333,82.8500833333333,55080,55279,199
102,4,h,34,183.68295,71.5188,55279,55474,195
102,6,;,46,161.163516666667,121.732366666667,55474,55662,188
102,6,;,46,157.0512,129.448875,55662,55790,128
102,0,blank,0,-323,-105,55822,55932,110
102,10,],59,146.4364,208.3767,55958,55984,26
102,0,blank,0,167.8525,211.2066,56049,56124,75
102,1,Expression,8,317.918883333333,5.67315,56185,56377,192
102,0,blank,0,271.7683,-13.3886,56377,56411,34
102,0,blank,0,113.845616666667,-31.7159,56444,56639,195
102,0,blank,0,256.243533333333,-28.8360333333333,56672,56868,196
102,0,blank,0,354.777766666667,-23.0511,56868,57063,195
102,0,blank,0,473.887433333333,-23.9515333333333,57094,57285,191
102,0,blank,0,440.9328,-22.9982666666667,57285,57380,95
102,11,"enterexpression\n",63,132.0688,227.3893,57412,57607,195
102,10,;,60,154.386833333333,217.176183333333,57607,57797,190
102,0,blank,0,163.5939,215.0954,57797,57829,32
102,0,blank,0,-323,-105,57861,58018,157
102,0,blank,0,-323,-105,58234,58349,115
102,11,"enterexpression\n",63,270.19418,227.31104,58501,58665,164
102,0,blank,0,212.46684,252.92986,58665,58833,168
102,12,),72,190.521,257.98016,58833,58999,166
102,0,blank,0,223.421983333333,253.1928,58999,59196,197
102,0,blank,0,230.156083333333,254.956966666667,59196,59385,189
102,0,blank,0,234.475566666667,254.465783333333,59385,59574,189
102,0,blank,0,213.497633333333,257.40745,59574,59768,194
102,0,blank,0,192.594083333333,263.11915,59768,59964,196
102,13,!=,84,232.878266666667,271.755,59964,60159,195
102,13,0,85,280.22905,272.632533333333,60159,60350,191
102,0,blank,0,241.966016666667,277.09635,60350,60542,192
102,13,!=,84,229.538833333333,275.811166666667,60542,60732,190
102,13,],83,194.710516666667,268.349466666667,60732,60923,191
102,0,blank,0,215.474666666667,269.92995,60923,61115,192
102,0,blank,0,213.004066666667,277.370633333333,61115,61272,157
102,0,blank,0,202.52,273.6039,61272,61387,115
102,0,blank,0,203.0716,269.9616,61387,61561,174
102,11,"enterexpression\n",63,187.987683333333,230.200183333333,61561,61757,196
102,0,blank,0,171.931733333333,203.374216666667,61757,61951,194
102,0,blank,0,174.054516666667,203.698266666667,61951,62147,196
102,0,blank,0,205.247666666667,213.3836,62147,62338,191
102,13,],83,199.289316666667,286.54005,62338,62533,195
102,13,],83,196.128666666667,277.520633333333,62533,62730,197
102,0,blank,0,236.65524,269.05292,62730,62889,159
102,4,string,32,132.747716666667,80.6697666666667,62922,63116,194
102,0,blank,0,242.018633333333,249.113733333333,63147,63339,192
102,13,0,85,277.620266666667,274.703266666667,63339,63527,188
102,13,++,88,322.32555,270.896933333333,63527,63720,193
102,13,),89,331.655433333333,270.810283333333,63720,63909,189
102,0,blank,0,351.7448,276.06005,63909,63972,63
102,0,blank,0,-323,-105,64005,64164,159
102,15,(,98,225.573066666667,319.10325,64264,64445,181
102,0,blank,0,249.823916666667,320.943833333333,64445,64640,195
102,0,blank,0,225.710333333333,350.598183333333,64640,64834,194
102,17,),107,220.106383333333,366.754316666667,64834,65022,188
102,0,blank,0,250.0441,363.206083333333,65022,65212,190
102,0,blank,0,248.086916666667,372.79545,65212,65403,191
102,19,==,117,226.345333333333,410.420166666667,65403,65597,194
102,0,blank,0,219.029,418.402183333333,65597,65786,189
102,19,==,117,234.218683333333,413.854183333333,65786,65974,188
102,19,),119,257.58715,411.42585,65974,66164,190
102,19,),119,288.5643,413.396166666667,66164,66353,189
102,19,),119,270.505916666667,411.863283333333,66353,66545,192
102,19,),119,258.366766666667,414.188083333333,66545,66733,188
102,19,),119,256.977483333333,416.63365,66733,66930,197
102,0,blank,0,214.01485,425.0717,66930,67120,190
102,19,==,117,223.8099,416.171433333333,67120,67308,188
102,0,blank,0,244.369116666667,421.02435,67308,67496,188
102,0,blank,0,249.412,413.2584,67496,67530,34
102,0,blank,0,-124.706583333333,398.4088,67559,67755,196
102,0,blank,0,-103.6189,394.3342,67755,67787,32
102,0,blank,0,130.461766666667,398.898983333333,67820,68010,190
102,0,blank,0,132.944233333333,401.26795,68010,68199,189
102,0,blank,0,127.573716666667,418.201833333333,68199,68394,195
102,0,blank,0,156.056916666667,411.85315,68394,68589,195
102,0,blank,0,159.007916666667,423.257383333333,68589,68784,195
102,19,[,114,186.3161,411.90975,68784,68975,191
102,21,pop,121,126.7759,446.788183333333,68975,69165,190
102,0,blank,0,121.7594,451.9295,69165,69358,193
102,21,pop,121,131.830566666667,459.71705,69358,69552,194
102,24,find_top,127,57.4125333333333,512.396233333333,69552,69742,190
102,24,find_top,127,57.1506666666667,519.676266666667,69742,69934,192
102,0,blank,0,48.5123833333333,559.3929,69934,70128,194
102,0,blank,0,48.1172,558.6433,70128,70286,158
102,0,blank,0,68.2661,317.3216,70318,70514,196
102,0,blank,0,71.6053166666667,314.193183333333,70514,70703,189
102,13,for,74,70.2822833333333,267.924983333333,70703,70895,192
102,11,printf,61,63.7555666666667,234.841333333333,70895,70987,92
102,0,blank,0,91.5038333333333,457.952566666667,71018,71207,189
102,0,blank,0,73.0729333333333,477.402333333333,71207,71396,189
102,24,find_top,127,53.9268,511.89226,71396,71564,168
102,0,blank,0,43.78474,545.65954,71564,71732,168
102,0,blank,0,53.10238,590.99064,71732,71901,169
102,0,blank,0,72.5875,578.15096,71901,72073,172
102,28,stack,139,64.5023,610.348816666667,72073,72269,196
102,28,top,141,109.02582,609.79806,72269,72436,167
102,28,top,141,103.213683333333,604.002683333333,72436,72634,198
102,28,top,141,110.52625,604.4609,72634,72827,193
102,0,blank,0,172.611466666667,579.143283333333,72827,73018,191
102,0,blank,0,147.701583333333,598.4778,73018,73210,192
102,0,blank,0,1000.93983333333,282.9652,73306,73498,192
102,0,blank,0,1030.506,262.96976,73498,73655,157
102,0,blank,0,207.20528,605.97108,73750,73919,169
102,0,blank,0,173.978333333333,565.280266666667,73919,74115,196
102,0,blank,0,172.088183333333,576.906333333333,74115,74308,193
102,0,blank,0,163.14285,628.5253,74308,74436,128
103,15,(,98,214.041666666667,322.816,80032,80222,190
103,0,blank,0,205.079,303.6281,80222,80379,157
103,0,blank,0,190.769983333333,628.333316666667,80411,80603,192
103,0,blank,0,190.81945,631.2049,80603,80796,193
103,28,=,143,156.587275,604.8781,80796,80921,125
103,0,blank,0,214.002516666667,306.288966666667,80951,81137,186
103,0,blank,0,210.979866666667,293.725333333333,81137,81325,188
103,0,blank,0,213.283033333333,280.51115,81325,81513,188
103,0,blank,0,208.66035,278.6458,81513,81600,87
103,0,blank,0,226.5268,333.5098,81600,81798,198
103,0,blank,0,224.565,380.488966666667,81798,81993,195
103,0,blank,0,249.123,381.875816666667,81993,82179,186
103,28,;,145,188.8978,606.703883333333,82210,82404,194
103,28,a,144,183.4345,605.3985,82404,82435,31
103,0,blank,0,243.465816666667,345.75045,82500,82688,188
103,17,;,108,226.216816666667,362.959866666667,82688,82880,192
103,15,(,98,213.2787,331.109366666667,82880,83067,187
103,0,blank,0,282.764916666667,334.550983333333,83067,83253,186
103,0,blank,0,173.43132,637.0938,83284,83442,158
103,0,blank,0,196.539733333333,383.884033333333,83476,83666,190
103,0,blank,0,223.117066666667,376.027566666667,83666,83853,187
103,0,blank,0,244.268766666667,372.821633333333,83853,84045,192
103,0,blank,0,169.481566666667,626.07325,84075,84264,189
103,0,blank,0,170.192683333333,620.56665,84264,84455,191
103,0,blank,0,178.247416666667,575.2186,84455,84647,192
103,0,blank,0,203.352683333333,576.79965,84647,84840,193
103,0,blank,0,210.793016666667,577.557566666667,84840,85030,190
103,0,blank,0,200.24825,598.768916666667,85030,85219,189
103,28,a,144,183.1224,616.516816666667,85219,85407,188
103,0,blank,0,221.062483333333,622.67845,85407,85601,194
103,0,blank,0,209.78735,626.769466666667,85601,85794,193
103,0,blank,0,206.0954,625.4191,85794,85826,32
103,12,comma,69,151.0356,248.440416666667,85889,86077,188
103,0,blank,0,155.3041,267.5576,86077,86108,31
103,0,blank,0,134.83625,157.02525,86140,86328,188
103,0,blank,0,162.520916666667,192.718933333333,86328,86516,188
103,0,blank,0,179.503316666667,216.08725,86516,86704,188
103,13,],83,200.5886,279.454866666667,86704,86892,188
103,13,i,87,193.886066666667,275.446166666667,86892,86987,95
103,0,blank,0,187.9142,534.015516666667,87019,87204,185
103,0,blank,0,181.472616666667,650.260716666667,87204,87393,189
103,0,blank,0,171.597783333333,636.274133333333,87393,87581,188
103,0,blank,0,166.888533333333,589.7028,87581,87777,196
103,0,blank,0,207.52532,580.85716,87777,87935,158
103,0,blank,0,226.521266666667,453.6048,87967,88153,186
103,0,blank,0,226.01985,441.670625,88153,88352,199
103,19,),119,277.311216666667,414.079833333333,88352,88542,190
103,19,),119,272.99455,415.24015,88542,88606,64
103,0,blank,0,171.237433333333,516.327216666667,88641,88833,192
103,0,blank,0,170.53285,515.072925,88833,88965,132
103,12,;,73,201.941666666667,247.881633333333,88998,89192,194
103,0,blank,0,208.796966666667,253.265883333333,89192,89382,190
103,0,blank,0,202.864183333333,245.977266666667,89382,89573,191
103,0,blank,0,253.155283333333,262.573516666667,89573,89762,189
103,0,blank,0,251.735216666667,265.507516666667,89762,89949,187
103,13,),89,326.22355,273.84585,89949,90137,188
103,0,blank,0,345.143683333333,273.73935,90137,90325,188
103,0,blank,0,352.738,281.8037,90325,90357,32
103,11,"enterexpression\n",63,196.234166666667,224.280766666667,90389,90580,191
103,0,blank,0,169.561366666667,192.0009,90580,90768,188
103,0,blank,0,144.42115,137.970633333333,90768,90955,187
103,0,blank,0,147.131516666667,98.1976833333333,90955,91145,190
103,0,blank,0,136.122933333333,92.5451666666667,91145,91337,192
103,0,blank,0,163.9797,93.1640166666667,91337,91530,193
103,0,blank,0,173.78792,108.6151,91530,91687,157
103,5,-1,39,119.746966666667,92.2319666666667,91779,91894,115
103,0,blank,0,-323,-105,91925,92100,175
103,0,blank,0,157.61544,389.56848,92133,92281,148
103,0,blank,0,156.776466666667,585.70115,92313,92510,197
103,28,=,143,162.217716666667,603.652216666667,92510,92704,194
103,0,blank,0,160.2159,638.470033333333,92704,92900,196
103,0,blank,0,182.637483333333,628.63665,92900,93091,191
103,0,blank,0,186.8963,626.3735,93091,93124,33
103,0,blank,0,219.7933,426.853033333333,93155,93346,191
103,0,blank,0,215.489066666667,431.545216666667,93346,93541,195
103,0,blank,0,207.776666666667,460.0074,93541,93641,100
103,0,blank,0,173.34034,655.17844,93673,93842,169
103,0,blank,0,177.790033333333,637.888383333333,93842,94040,198
103,0,blank,0,197.28435,633.373283333333,94040,94235,195
103,0,blank,0,168.942633333333,634.616716666667,94235,94427,192
103,0,blank,0,158.9508,633.804575,94427,94560,133
103,0,blank,0,999.936,282.595316666667,94655,94844,189
103,0,blank,0,1038.70466666667,252.2462,94844,95033,189
103,0,blank,0,1032.00833333333,297.675266666667,95033,95223,190
103,0,blank,0,1037.33566666667,310.190533333333,95223,95318,95
103,0,blank,0,218.84826,627.07948,95414,95584,170
103,0,blank,0,169.69412,655.05222,95584,95753,169
103,0,blank,0,149.41755,656.662875,95753,95884,131
104,0,blank,0,167.63405,377.678733333333,96247,96436,189
104,0,blank,0,185.775766666667,356.846366666667,96436,96627,191
104,0,blank,0,200.7914,341.4032,96627,96816,189
104,33,==,158,135.90535,347.246316666667,96816,97006,190
104,0,blank,0,141.409033333333,295.1285,97006,97196,190
104,0,blank,0,144.0311,256.539283333333,97196,97388,192
104,0,blank,0,147.35985,258.7502,97388,97577,189
104,0,blank,0,153.902366666667,304.80635,97577,97767,190
104,35,"expressionisinvalid\n",164,166.982166666667,379.53435,97767,97956,189
104,0,blank,0,169.5637,415.138716666667,97956,98147,191
104,0,blank,0,189.716966666667,367.537416666667,98147,98336,189
104,33,),160,179.898066666667,351.302633333333,98336,98524,188
104,0,blank,0,150.383733333333,342.760833333333,98524,98618,94
104,0,blank,0,126.707683333333,247.283316666667,98650,98840,190
104,0,blank,0,146.328933333333,255.3036,98840,99029,189
104,0,blank,0,148.5731,261.599333333333,99029,99220,191
104,0,blank,0,-323,-105,99251,99386,135
104,28,a,144,180.6685,243.1797,99419,99464,45
104,0,blank,0,138.91345,313.915983333333,99532,99721,189
104,33,-1,159,156.949016666667,341.19705,99721,99913,192
104,0,blank,0,177.019083333333,367.04305,99913,100105,192
104,0,blank,0,203.078416666667,378.258116666667,100105,100296,191
104,35,"expressionisinvalid\n",164,180.6692,387.15865,100296,100361,65
104,35,"expressionisinvalid\n",164,295.2767,397.6252,100392,100585,193
104,0,blank,0,176.13075,442.13525,100617,100809,192
104,0,blank,0,155.360933333333,271.428866666667,100840,101034,194
104,28,=,143,158.857366666667,234.38095,101034,101228,194
104,0,blank,0,145.051616666667,204.4095,101228,101419,191
104,0,blank,0,151.65695,204.9341,101419,101611,192
104,28,a,144,173.1723,234.985166666667,101611,101800,189
104,0,blank,0,164.11002,228.36278,101800,101978,178
104,0,blank,0,182.8564,377.0887,102067,102157,90
104,0,blank,0,179.17985,377.9166,102157,102338,181
104,35,"expressionisinvalid\n",164,208.049216666667,390.580016666667,102338,102532,194
104,35,"expressionisinvalid\n",164,214.863383333333,399.79645,102532,102718,186
104,0,blank,0,196.394866666667,423.491116666667,102718,102907,189
104,0,blank,0,200.0236,422.250525,102907,103030,123
104,0,blank,0,179.244,518.0599,103061,103357,296
104,0,blank,0,189.296683333333,516.20465,103357,103534,177
104,0,blank,0,148.82342,475.28268,103534,103698,164
104,0,blank,0,179.369216666667,432.745733333333,103698,103893,195
104,0,blank,0,180.469216666667,419.698916666667,103893,104079,186
104,0,blank,0,195.361016666667,410.54515,104079,104268,189
104,35,"expressionisinvalid\n",164,276.356,395.521866666667,104268,104457,189
104,0,blank,0,253.84595,367.0641,104457,104644,187
104,0,blank,0,143.386216666667,234.055633333333,104644,104828,184
104,0,blank,0,148.3484,249.225083333333,104828,105019,191
104,0,blank,0,150.9812,264.102966666667,105019,105113,94
104,0,blank,0,-323,-105,105176,105313,137
104,0,blank,0,183.393916666667,367.0257,105338,105525,187
104,0,blank,0,186.7873,360.6406,105525,105558,33
104,0,blank,0,-323,-105,105622,105744,122
104,0,blank,0,188.026833333333,583.637216666667,105905,106088,183
104,0,blank,0,326.61658,598.14828,106120,106283,163
104,19,),119,290.87495,27.86235,106348,106481,133
104,0,blank,0,165.0092,319.34126,106514,106682,168
104,0,blank,0,156.77832,298.06072,106682,106850,168
104,0,blank,0,150.418533333333,263.302133333333,106850,107048,198
104,0,blank,0,958.5366,260.0975,107113,107278,165
104,0,blank,0,154.416316666667,258.030016666667,107376,107572,196
104,0,blank,0,140.25985,268.01595,107572,107771,199
104,0,blank,0,131.37665,274.6762,107771,107837,66
104,0,blank,0,147.97535,514.472683333333,107869,108068,199
104,0,blank,0,139.7198,517.284,108068,108101,33
104,0,blank,0,148.97458,239.9692,108134,108300,166
104,0,blank,0,141.555,253.06715,108300,108496,196
104,0,blank,0,147.06632,265.33494,108496,108664,168
104,40,--,176,130.40248,492.31168,108697,108864,167
104,40,--,176,126.1794,492.037633333333,108864,108965,101
104,0,blank,0,190.40095,620.411033333333,108998,109195,197
104,0,blank,0,182.83352,613.80024,109195,109364,169
104,0,blank,0,161.045333333333,587.3719,109364,109560,196
104,0,blank,0,204.29732,619.931,109560,109730,170
104,46,"\nexpressionisvalid\n",193,221.1583,626.353716666667,109730,109922,192
104,46,"\nexpressionisvalid\n",193,213.21835,629.339883333333,109922,110117,195
104,46,"\nexpressionisvalid\n",193,170.5638,633.614166666667,110117,110316,199
104,0,blank,0,149.89505,584.383666666667,110316,110508,192
104,0,blank,0,148.74194,581.54594,110508,110673,165
104,0,blank,0,174.0832,577.85808,110673,110838,165
104,0,blank,0,177.39734,575.33214,110838,111005,167
104,0,blank,0,152.467875,568.6752,111005,111141,136
104,0,blank,0,131.033216666667,225.448383333333,111207,111403,196
104,0,blank,0,139.6918,208.164433333333,111403,111594,191
104,26,char,135,141.3,189.70755,111594,111658,64
104,0,blank,0,132.93765,377.687616666667,111692,111880,188
104,0,blank,0,165.109683333333,370.712216666667,111880,112068,188
104,0,blank,0,177.540683333333,372.90455,112068,112257,189
104,0,blank,0,148.316883333333,330.286133333333,112257,112448,191
104,0,blank,0,151.1385,332.3087,112448,112639,191
104,33,-1,159,167.008033333333,345.904183333333,112639,112830,191
104,35,"expressionisinvalid\n",164,189.90225,386.831916666667,112830,113028,198
104,0,blank,0,179.66835,473.9688,113028,113223,195
104,0,blank,0,167.93525,512.74615,113223,113416,193
104,0,blank,0,182.699883333333,511.544966666667,113416,113609,193
104,0,blank,0,183.64815,516.084733333333,113609,113804,195
104,0,blank,0,128.81152,520.14116,113804,113964,160
104,0,blank,0,157.9149,212.030983333333,113996,114189,193
104,0,blank,0,148.534333333333,230.399883333333,114189,114381,192
104,0,blank,0,145.7858,232.3224,114381,114414,33
104,0,blank,0,134.718716666667,579.740766666667,114479,114674,195
104,0,blank,0,143.628366666667,587.340883333333,114674,114871,197
104,0,blank,0,185.116616666667,610.379116666667,114871,115066,195
104,46,"\nexpressionisvalid\n",193,188.726633333333,632.066883333333,115066,115261,195
104,46,"\nexpressionisvalid\n",193,350.715216666667,634.856866666667,115261,115455,194
104,46,"\nexpressionisvalid\n",193,361.26775,632.4,115455,115519,64
104,46,"\nexpressionisvalid\n",193,214.273233333333,625.577616666667,115550,115742,192
104,46,"\nexpressionisvalid\n",193,216.49255,622.14165,115742,115806,64
104,0,blank,0,-323,-105,115837,116023,186
104,0,blank,0,-323,-105,116023,116155,132
104,46,"\nexpressionisvalid\n",193,239.03245,623.6882,116194,116269,75
104,46,"\nexpressionisvalid\n",193,336.831416666667,640.43825,116303,116489,186
104,0,blank,0,264.572833333333,644.085183333333,116489,116681,192
104,46,"\nexpressionisvalid\n",193,321.050466666667,637.458483333333,116681,116867,186
104,0,blank,0,353.93965,642.174916666667,116867,117054,187
104,48,"\nexpressionisinvalid\n",199,417.900533333333,666.028133333333,117054,117246,192
104,48,),200,430.995966666667,681.59295,117246,117435,189
104,48,),200,426.4554,679.4118,117435,117466,31
104,0,blank,0,571.937433333333,753.772333333333,117498,117691,193
104,0,blank,0,646.3546,767.889,117691,117853,162
104,45,-1,189,154.188333333333,601.9652,117917,118112,195
104,0,blank,0,161.701683333333,586.599216666667,118112,118309,197
104,0,blank,0,147.7788,583.789533333333,118309,118503,194
104,0,blank,0,102.020583333333,585.872433333333,118503,118693,190
104,0,blank,0,149.000766666667,581.8456,118693,118882,189
104,0,blank,0,184.03945,583.268583333333,118882,119068,186
104,0,blank,0,186.330733333333,585.710566666667,119068,119257,189
104,46,"\nexpressionisvalid\n",193,188.0045,622.44425,119257,119444,187
104,46,"\nexpressionisvalid\n",193,240.772366666667,631.3224,119444,119629,185
104,46,"\nexpressionisvalid\n",193,238.60305,632.166033333333,119629,119816,187
104,46,"\nexpressionisvalid\n",193,195.367,636.268116666667,119816,120004,188
104,46,"\nexpressionisvalid\n",193,154.2343,630.603283333333,120004,120190,186
104,46,"\nexpressionisvalid\n",193,198.9428,636.668983333333,120190,120377,187
104,0,blank,0,191.23395,619.79545,120377,120564,187
104,0,blank,0,161.699333333333,585.30355,120564,120755,191
104,0,blank,0,136.4659,578.609933333333,120755,120946,191
104,0,blank,0,154.562766666667,581.355166666667,120946,121137,191
104,0,blank,0,183.977183333333,593.529566666667,121137,121328,191
104,0,blank,0,248.154633333333,648.701216666667,121328,121513,185
104,0,blank,0,268.494016666667,648.797283333333,121513,121698,185
104,0,blank,0,308.810016666667,647.8235,121698,121883,185
104,0,blank,0,287.599116666667,651.022033333333,121883,122068,185
104,0,blank,0,267.36575,648.147083333333,122068,122255,187
104,46,"\nexpressionisvalid\n",193,219.37725,640.46825,122255,122317,62
104,46,"\nexpressionisvalid\n",193,343.2113,640.8732,122373,122457,84
104,46,"\nexpressionisvalid\n",193,340.1774,639.082,122457,122576,119
104,46,"\nexpressionisvalid\n",193,386.4142,637.30185,122576,122752,176
104,48,"\nexpressionisinvalid\n",199,321.816883333333,671.053833333333,122752,122941,189
104,48,"\nexpressionisinvalid\n",199,386.66815,677.855116666667,122941,123129,188
104,0,blank,0,393.619166666667,652.967166666667,123129,123315,186
104,0,blank,0,1004.38566666667,452.34155,123378,123571,193
104,0,blank,0,1019.84116666667,458.188733333333,123571,123760,189
104,0,blank,0,1028.811,470.418566666667,123760,123855,95
104,46,"\nexpressionisvalid\n",193,341.72965,640.103883333333,123951,124143,192
104,46,"\nexpressionisvalid\n",193,247.480483333333,634.769633333333,124143,124336,193
104,46,"\nexpressionisvalid\n",193,243.326266666667,627.120783333333,124336,124529,193
104,46,"\nexpressionisvalid\n",193,311.337933333333,640.2918,124529,124718,189
104,0,blank,0,296.4735,653.929366666667,124718,124908,190
104,48,"\nexpressionisinvalid\n",199,296.502083333333,672.196233333333,124908,125097,189
104,48,"\nexpressionisinvalid\n",199,401.760433333333,675.242566666667,125128,125316,188
104,48,"\nexpressionisinvalid\n",199,390.56585,669.6081,125316,125379,63
104,0,blank,0,1015.75233333333,429.451483333333,125442,125630,188
104,0,blank,0,1016.81833333333,437.0631,125630,125724,94
104,0,blank,0,254.777616666667,598.550016666667,125818,126012,194
104,46,"\nexpressionisvalid\n",193,230.302075,623.95635,126012,126140,128
104,0,blank,0,167.284133333333,413.491783333333,126173,126367,194
104,0,blank,0,254.252166666667,402.525683333333,126367,126558,191
104,35,"expressionisinvalid\n",164,265.0732,395.384866666667,126558,126750,192
104,35,"expressionisinvalid\n",164,371.528883333333,386.6599,126750,126940,190
104,0,blank,0,393.06504,409.3218,126940,127096,156
104,0,blank,0,403.86815,655.6241,127129,127322,193
104,0,blank,0,381.997883333333,654.385216666667,127322,127511,189
104,0,blank,0,172.5415,593.9581,127544,127738,194
104,0,blank,0,194.80045,595.119866666667,127738,127931,193
104,0,blank,0,1038.6185,374.13475,127993,128183,190
104,0,blank,0,1012.62433333333,381.502433333333,128183,128275,92
104,0,blank,0,131.50598,590.8625,128338,128500,162
104,0,blank,0,259.249633333333,151.511233333333,128564,128661,97
105,19,],116,209.700483333333,271.887566666667,128980,129174,194
105,19,],116,206.89514,266.39358,129174,129331,157
105,0,blank,0,169.728866666667,412.818066666667,129363,129552,189
105,0,blank,0,171.659183333333,405.3595,129552,129739,187
105,0,blank,0,161.63735,406.58415,129739,129801,62
105,0,blank,0,1019.1235,247.033833333333,129896,130087,191
105,0,blank,0,1028.55833333333,248.317766666667,130087,130274,187
105,0,blank,0,1025.085,253.60245,130274,130337,63
105,0,blank,0,216.891616666667,287.601033333333,130434,130618,184
105,0,blank,0,216.62515,300.2754,130618,130681,63
106,0,blank,0,214.41086,332.31918,130840,130999,159
106,0,blank,0,995.019166666667,180.6981,131061,131253,192
106,0,blank,0,249.53732,625.60254,131348,131515,167
106,0,blank,0,247.0446,628.06715,131515,131579,64
106,0,blank,0,1046.3215,251.1796,131646,131841,195
106,0,blank,0,237.79035,381.560866666667,131939,132134,195
106,0,blank,0,237.910583333333,380.995133333333,132134,132329,195
106,19,==,117,224.521916666667,395.571483333333,132329,132520,191
107,0,blank,0,248.744166666667,644.082216666667,182799,182992,193
107,0,blank,0,1002.18033333333,519.471066666667,183088,183280,192
107,0,blank,0,1007.0865,513.59665,183280,183342,62
107,0,blank,0,173.5992,535.720966666667,183437,183561,124
107,46,"\nexpressionisvalid\n",193,185.519,632.5239,183561,183673,112
107,46,"\nexpressionisvalid\n",193,214.7455,635.7277,183673,183767,94
107,0,blank,0,321.22724,648.74538,183922,184100,178
107,46,printf,191,132.778816666667,622.495,184132,184325,193
107,46,printf,191,128.85896,629.96378,184325,184487,162
107,0,blank,0,286.85635,645.941216666667,184521,184716,195
107,46,"\nexpressionisvalid\n",193,290.12425,632.92605,184716,184781,65
107,0,blank,0,295.1045,447.6311,184814,184979,165
107,0,blank,0,170.520716666667,224.124033333333,185011,185207,196
107,28,a,144,173.2805,227.9796,185207,185240,33
107,0,blank,0,-116.3236,419.517383333333,185303,185499,196
107,0,blank,0,-179.987416666667,444.275166666667,185499,185695,196
107,0,blank,0,-170.43675,484.09365,185695,185761,66
107,0,blank,0,85.4463166666666,579.923516666667,185793,185988,195
107,0,blank,0,69.48478,576.62866,185988,186149,161
107,0,blank,0,1014.2665,433.291716666667,186214,186408,194
107,0,blank,0,1022.825,458.862866666667,186408,186593,185
107,0,blank,0,1015.311,470.072433333333,186593,186782,189
107,0,blank,0,1012.023,469.997633333333,186782,186875,93
107,46,"\nexpressionisvalid\n",193,221.6684,632.233166666667,186974,187173,199
107,46,"\nexpressionisvalid\n",193,192.770483333333,641.368583333333,187173,187372,199
107,0,blank,0,239.671966666667,644.061166666667,187372,187566,194
107,46,"\nexpressionisvalid\n",193,212.7729,633.309366666667,187566,187760,194
107,46,"\nexpressionisvalid\n",193,198.3851,635.9612,187760,187955,195
107,46,"\nexpressionisvalid\n",193,223.2794,636.722616666667,187955,188149,194
107,46,"\nexpressionisvalid\n",193,281.670325,637.356,188149,188280,131
107,0,blank,0,172.0886,580.3055,188310,188503,193
107,0,blank,0,202.512333333333,104.82605,188568,188755,187
107,0,blank,0,203.46505,97.6132833333334,188755,188940,185
107,0,blank,0,213.694433333333,131.755333333333,188940,189036,96
108,0,blank,0,215.561716666667,259.06945,189190,189377,187
108,13,!=,84,209.027983333333,268.547516666667,189377,189564,187
108,13,!=,84,201.4915,282.66,189564,189597,33
108,0,blank,0,-323,-105,189627,189813,186
108,0,blank,0,-323,-105,189813,189869,56
108,0,blank,0,173.7546,584.3701,189897,189932,35
109,0,blank,0,178.661966666667,575.473433333333,190089,190183,94
109,0,blank,0,185.010783333333,444.926766666667,190214,190411,197
109,0,blank,0,250.61415,406.080366666667,190411,190604,193
109,0,blank,0,231.386116666667,405.985316666667,190604,190794,190
109,0,blank,0,194.3427,424.976383333333,190794,190984,190
109,0,blank,0,195.8277,429.466516666667,190984,191173,189
109,0,blank,0,182.343266666667,416.311783333333,191173,191366,193
109,0,blank,0,279.342366666667,404.51375,191399,191597,198
109,0,blank,0,359.3159,404.8373,191597,191663,66
110,0,blank,0,135.4225,109.1222,195007,195195,188
110,5,-1,39,121.12535,99.44165,195195,195257,62
110,0,blank,0,492.11535,-20.1108833333333,195289,195474,185
110,0,blank,0,496.58555,-8.8912,195474,195536,62
110,0,blank,0,406.673416666667,-19.6375833333333,195567,195755,188
110,0,blank,0,403.253733333333,-15.5102,195755,195848,93
110,0,blank,0,214.418483333333,-16.2692666666667,195880,196069,189
110,0,blank,0,315.825933333333,-11.1641833333333,196069,196257,188
110,0,blank,0,386.416233333333,11.2858833333333,196257,196443,186
110,12,;,73,197.1479,261.922916666667,196474,196662,188
110,12,),72,185.633983333333,257.61075,196662,196849,187
110,0,blank,0,-323,-105,196881,197016,135
110,11,"enterexpression\n",63,202.237983333333,226.791733333333,197125,197302,177
110,11,"enterexpression\n",63,218.6526,228.15178,197302,197469,167
110,6,100,44,130.120533333333,115.18245,197469,197667,198
110,6,100,44,133.8865,127.58915,197667,197732,65
110,0,blank,0,-323,-105,197797,197904,107
110,0,blank,0,169.057566666667,133.39505,198037,198231,194
110,6,;,46,160.18065,122.719583333333,198231,198424,193
110,6,100,44,114.128983333333,121.241916666667,198424,198621,197
110,6,100,44,114.14498,123.63538,198621,198782,161
110,0,blank,0,170.216083333333,518.600816666667,198846,199041,195
110,0,blank,0,153.6609,597.000266666667,199041,199238,197
110,0,blank,0,173.358166666667,624.331783333333,199238,199433,195
110,28,;,145,190.684433333333,617.923466666667,199433,199625,192
110,0,blank,0,172.32075,587.254016666667,199625,199824,199
110,0,blank,0,161.4244,576.42515,199824,199887,63
110,11,"enterexpression\n",63,144.5875,230.226883333333,199919,200110,191
110,0,blank,0,150.7718,178.001716666667,200110,200301,191
110,6,100,44,136.206683333333,130.592883333333,200301,200491,190
110,6,100,44,137.8526,130.20155,200491,200555,64
110,0,blank,0,171.081116666667,517.445416666667,200587,200782,195
110,0,blank,0,174.302233333333,524.7969,200782,200975,193
110,13,],83,185.146933333333,279.248183333333,201040,201231,191
110,13,],83,193.658916666667,277.4876,201231,201420,189
110,0,blank,0,240.937366666667,295.251216666667,201420,201609,189
110,17,),107,209.21505,361.354183333333,201609,201797,188
110,0,blank,0,234.237933333333,376.208783333333,201797,201988,191
110,0,blank,0,243.102383333333,433.149833333333,201988,202177,189
110,0,blank,0,224.638933333333,468.6197,202177,202274,97
110,0,blank,0,191.9512,299.64555,202304,202494,190
110,13,!=,84,198.312633333333,283.966583333333,202494,202687,193
110,13,!=,84,198.511033333333,272.563216666667,202687,202877,190
110,0,blank,0,178.118416666667,584.239016666667,202940,203134,194
110,28,a,144,175.771816666667,599.957966666667,203134,203326,192
110,0,blank,0,184.44025,634.342583333333,203326,203520,194
110,0,blank,0,173.1712,652.18555,203520,203713,193
110,0,blank,0,157.84268,660.58116,203713,203875,162
110,0,blank,0,-323,-105,203933,204082,149
110,0,blank,0,1031.168,286.82575,204221,204392,171
110,0,blank,0,1036.529,264.24305,204392,204578,186
110,0,blank,0,1028.6135,276.43335,204578,204640,62
110,0,blank,0,230.8531,653.99735,204738,204935,197
110,0,blank,0,163.603525,677.61855,204935,205067,132
111,0,blank,0,144.934316666667,353.89535,205926,206119,193
111,0,blank,0,142.98285,366.21945,206119,206304,185
111,0,blank,0,148.858333333333,409.512,206304,206493,189
111,0,blank,0,177.189483333333,431.80625,206493,206680,187
111,0,blank,0,191.5026,434.592116666667,206680,206870,190
111,0,blank,0,223.461933333333,436.7638,206870,207064,194
111,0,blank,0,-323,-105,207096,207292,196
111,0,blank,0,-323,-105,207292,207462,170
111,0,blank,0,-323,-105,207516,207628,112
111,35,"expressionisinvalid\n",164,239.63435,469.154383333333,207885,208081,196
111,35,"expressionisinvalid\n",164,272.7119,459.928916666667,208081,208273,192
111,0,blank,0,205.1601,451.549383333333,208273,208467,194
111,0,blank,0,634.52635,419.7336,208500,208631,131
111,0,blank,0,1012.08483333333,423.372033333333,208664,208854,190
111,0,blank,0,1014.13766666667,420.227933333333,208854,209047,193
111,0,blank,0,1011.067,426.8526,209047,209112,65
111,0,blank,0,221.09496,496.24466,209210,209379,169
111,0,blank,0,229.2729,489.66388,209379,209546,167
111,0,blank,0,174.7419,595.106383333333,209546,209745,199
111,0,blank,0,177.3855,599.9852,209745,209779,34
111,0,blank,0,208.253916666667,489.97515,209813,210008,195
111,0,blank,0,203.25628,490.30508,210008,210178,170
111,0,blank,0,290.167616666667,488.6317,210178,210375,197
111,0,blank,0,211.392883333333,493.186133333333,210407,210602,195
111,0,blank,0,194.8836,482.10254,210602,210769,167
111,0,blank,0,258.458316666667,485.161716666667,210769,210963,194
111,0,blank,0,263.794733333333,485.296033333333,210963,211060,97
111,0,blank,0,405.22586,485.23938,211093,211252,159
111,0,blank,0,1051.7496,421.0699,211317,211482,165
111,0,blank,0,207.6762,644.950783333333,211576,211775,199
111,0,blank,0,211.736183333333,704.871633333333,211775,211969,194
111,0,blank,0,215.296966666667,696.040833333333,211969,212065,96
112,0,blank,0,322.968416666667,644.715183333333,212427,212621,194
112,0,blank,0,372.9707,643.914966666667,212621,212818,197
112,0,blank,0,389.031283333333,649.756283333333,212818,213012,194
112,48,"\nexpressionisinvalid\n",199,408.13802,672.64602,213012,213176,164
112,46,"\nexpressionisvalid\n",193,196.7335,622.766033333333,213211,213405,194
112,46,"\nexpressionisvalid\n",193,214.2644,629.82905,213405,213603,198
112,46,"\nexpressionisvalid\n",193,209.107433333333,628.5216,213603,213797,194
112,45,-1,189,166.0128,601.06575,213797,213863,66
112,0,blank,0,-323,-105,213897,214084,187
112,0,blank,0,-323,-105,214084,214121,37
112,0,blank,0,192.054633333333,648.159533333333,214153,214329,176
112,46,"\nexpressionisvalid\n",193,198.842683333333,632.841383333333,214329,214524,195
112,46,"\nexpressionisvalid\n",193,241.02838,633.54914,214524,214687,163
112,0,blank,0,1017.92916666667,456.534533333333,214781,214977,196
112,0,blank,0,1007.785,464.317483333333,214977,215169,192
112,0,blank,0,995.2166,445.02482,215169,215329,160
112,35,"expressionisinvalid\n",164,187.08,379.44345,215392,215589,197
112,0,blank,0,147.09945,371.72505,215589,215783,194
112,0,blank,0,128.6341,367.1444,215783,215847,64
112,0,blank,0,164.59242,556.57904,215882,216050,168
112,0,blank,0,168.7043,562.8358,216050,216082,32
112,0,blank,0,1031.16333333333,403.72025,216148,216341,193
112,0,blank,0,1025.932,408.1372,216341,216373,32
112,0,blank,0,182.887533333333,185.929266666667,216466,216659,193
112,0,blank,0,177.185716666667,189.546433333333,216659,216851,192
113,11,"enterexpression\n",63,284.7709,233.440233333333,217490,217680,190
113,0,blank,0,267.329066666667,264.613966666667,217680,217875,195
113,13,;,86,288.877016666667,274.902483333333,217875,218063,188
113,13,i,87,299.28385,283.6364,218063,218258,195
113,13,++,88,317.24245,282.13715,218258,218449,191
113,0,blank,0,299.191066666667,321.3738,218449,218645,196
113,0,blank,0,268.7375,370.184483333333,218645,218841,196
113,0,blank,0,272.842216666667,373.941433333333,218841,219028,187
113,19,==,117,243.1762,405.934916666667,219028,219219,191
113,19,),119,259.053666666667,415.072616666667,219219,219414,195
113,0,blank,0,293.537766666667,419.7483,219414,219609,195
113,0,blank,0,205.71844,480.41298,219641,219802,161
113,0,blank,0,-323,-105,219868,220005,137
113,7,main,48,53.6373,144.3769,220032,220058,26
113,6,stack,42,54.62375,131.492966666667,220115,220300,185
113,5,top,37,66.1182333333333,111.2998,220300,220490,190
113,0,blank,0,64.7039333333333,113.077033333333,220490,220688,198
113,6,stack,42,65.10666,114.16344,220688,220851,163
113,0,blank,0,46.45398,660.508,220917,221091,174
113,0,blank,0,49.49558,665.42006,221091,221261,170
113,0,blank,0,59.55526,640.9649,221261,221428,167
113,28,stack,139,89.23904,616.06122,221428,221599,171
113,28,stack,139,91.10362,611.04388,221599,221770,171
113,0,blank,0,415.1349,668.805325,221841,221974,133
113,0,blank,0,36.6552,654.4539,222008,222179,171
113,0,blank,0,20.96802,615.81856,222179,222348,169
113,0,blank,0,21.18308,586.76734,222348,222517,169
113,0,blank,0,50.26202,573.6773,222517,222687,170
113,28,stack,139,49.21622,612.87716,222687,222857,170
113,31,void,150,37.95732,675.38514,222857,223022,165
113,31,void,150,33.89496,679.57948,223022,223192,170
113,31,void,150,14.70385,667.5088,223192,223330,138
113,0,blank,0,30.9570833333333,347.196383333333,223364,223561,197
113,0,blank,0,23.18215,183.3958,223592,223783,191
113,7,int,47,21.56775,140.334666666667,223783,223970,187
113,6,char,41,37.3256166666667,132.7503,223970,224159,189
113,0,blank,0,50.5119,168.8017,224159,224310,151
113,9,int,52,57.8364,198.5541,224310,224416,106
113,11,printf,61,53.4672,230.3908,224416,224510,94
113,10,char,55,44.8858666666667,218.2162,224510,224707,197
113,10,char,55,64.8035166666667,220.3779,224707,224901,194
113,12,scanf,66,62.1478333333333,245.11055,224901,225090,189
113,0,blank,0,40.0372333333333,287.1563,225090,225281,191
113,0,blank,0,33.95412,644.5525,225313,225480,167
113,0,blank,0,31.301125,638.138225,225480,225613,133
