Frameno_fix,lineno_fix,Tokenname_fix,tokens_id,gaze_X_fix,gaze_Y_fix,timestamp_fix_start,timestamp_fix_end,time_duration
100,0,blank,0,74.1439285714286,-29.0892428571429,3778,3975,197
100,0,blank,0,65.0551666666667,-44.2177,3975,4146,171
100,0,blank,0,46.2098666666667,-23.4651,4146,4233,87
100,0,blank,0,351.205871428571,-10.0017571428571,4289,4485,196
100,0,blank,0,375.8096,-10.4555142857143,4485,4682,197
100,0,blank,0,367.928116666667,-17.4024333333333,4682,4853,171
100,0,blank,0,372.926833333333,-8.86795000000001,4853,5025,172
100,0,blank,0,372.819,-6.1148,5025,5054,29
100,1,invalid,12,550.09375,5.13131666666667,5082,5254,172
100,1,invalid,12,518.79646,16.56594,5254,5397,143
100,3,stdlib,25,132.905516666667,49.07615,5455,5632,177
100,0,blank,0,-2.55503333333333,57.3794333333333,5661,5839,178
100,2,include,16,34.1343833333333,41.5218666666667,5839,6020,181
100,0,blank,0,107.9415,45.5647666666667,6020,6206,186
100,2,.,19,157.672533333333,36.2713166666667,6206,6396,190
100,0,blank,0,220.942533333333,30.7956833333333,6396,6582,186
100,1,Expression,8,285.481383333333,15.4732666666667,6582,6762,180
100,0,blank,0,370.715083333333,31.12835,6762,6948,186
100,0,blank,0,365.570866666667,34.40025,6948,7131,183
100,0,blank,0,344.37845,33.3146333333333,7131,7311,180
100,0,blank,0,451.573916666667,40.5773333333333,7311,7493,182
100,0,blank,0,425.75055,55.09335,7493,7553,60
100,5,int,36,17.5155833333333,107.509216666667,7617,7798,181
100,0,blank,0,87.1638166666667,77.54915,7798,7983,185
100,0,blank,0,68.6078,112.956666666667,7983,8168,185
100,0,blank,0,44.18535,174.30205,8168,8358,190
100,0,blank,0,62.3529,156.0741,8358,8517,159
100,0,blank,0,251.59715,39.9279,8549,8744,195
100,0,blank,0,209.350666666667,43.0127666666667,8744,8840,96
100,3,include,23,36.20095,56.9413833333333,8873,9069,196
100,2,include,16,79.0322666666667,28.5866666666667,9069,9264,195
100,2,stdio,18,104.7017,32.31055,9264,9328,64
100,0,blank,0,220.0058,49.2416,9360,9424,64
100,0,blank,0,-323,-105,9488,9523,35
100,0,blank,0,336.716183333333,32.39835,9674,9857,183
100,0,blank,0,421.287633333333,34.1533833333333,9857,10043,186
100,0,blank,0,452.828183333333,36.9320833333333,10043,10232,189
100,0,blank,0,452.6355,36.94795,10232,10296,64
100,10,100,58,134.590866666667,213.804666666667,10354,10541,187
100,11,"enterexpression\n",63,191.7921,225.506766666667,10541,10725,184
100,0,blank,0,230.432433333333,245.0816,10725,10908,183
100,11,"enterexpression\n",63,229.2629,243.4387,10908,11026,118
100,0,blank,0,245.454,171.5166,11026,11141,115
100,0,blank,0,1062.98425,253.93215,11768,11964,196
100,0,blank,0,1056.65025,249.26445,11964,12140,176
100,0,blank,0,1056.023,254.727925,12140,12312,172
100,0,blank,0,1030.06975,234.995775,12312,12496,184
100,0,blank,0,515.193475,90.948375,12551,12692,141
100,0,blank,0,-323,-105,12787,12986,199
100,0,blank,0,-323,-105,12986,13142,156
100,0,blank,0,-323,-105,13142,13339,197
100,0,blank,0,-323,-105,13339,13533,194
100,0,blank,0,-323,-105,13533,13719,186
100,0,blank,0,-323,-105,13719,13855,136
100,0,blank,0,-323,-105,13937,14123,186
100,0,blank,0,-323,-105,14123,14302,179
100,0,blank,0,-323,-105,14302,14422,120
100,0,blank,0,-323,-105,14876,14989,113
100,0,blank,0,253.763866666667,37.119,15160,15333,173
100,0,blank,0,308.401866666667,33.1350333333333,15333,15514,181
100,0,blank,0,389.840933333333,36.6415166666667,15514,15697,183
100,0,blank,0,507.33105,38.7419,15697,15790,93
100,19,else,110,117.912966666667,410.521566666667,15922,16053,131
101,0,blank,0,232.864966666667,61.3974666666667,18975,19157,182
101,0,blank,0,278.762566666667,32.2674166666667,19157,19340,183
101,0,blank,0,231.8795,45.8403,19340,19369,29
101,3,include,23,33.3370666666667,55.6122,19398,19581,183
101,0,blank,0,86.0152666666667,49.4440333333333,19581,19766,185
101,3,stdlib,25,133.2253,55.7440333333333,19766,19948,182
101,7,),50,94.8632,137.8289,19948,19979,31
101,0,blank,0,-323,-105,20008,20143,135
101,0,blank,0,212.080128571429,36.7358142857143,20170,20366,196
101,0,blank,0,205.043266666667,35.8107833333333,20366,20542,176
101,0,blank,0,240.25525,41.2050833333333,20542,20718,176
101,0,blank,0,354.796816666667,32.98155,20718,20894,176
101,0,blank,0,374.706933333333,39.2397833333333,20894,21068,174
101,0,blank,0,410.684933333333,46.2352666666667,21068,21240,172
101,0,blank,0,357.5076,-13.3777,21240,21269,29
101,0,blank,0,-45.6618666666667,24.7588,21327,21510,183
101,0,blank,0,-38.24105,10.5958333333333,21510,21681,171
101,0,blank,0,-237.956716666667,-3.57458333333333,21710,21884,174
101,0,blank,0,-272.418983333333,-1.95578333333334,21884,22056,172
101,0,blank,0,-268.535325,-10.700725,22056,22172,116
101,2,stdio,18,117.3428,40.4556,22229,22314,85
101,0,blank,0,-323,-105,22372,22448,76
101,0,blank,0,156.3712,20.7245571428571,22599,22790,191
101,1,Program,4,101.67975,16.6595333333333,22790,22964,174
101,1,Program,4,63.7427666666667,19.02895,22964,23138,174
101,1,Program,4,65.9183333333333,21.8965166666667,23138,23311,173
101,1,Program,4,103.102883333333,11.6869333333333,23311,23488,177
101,1,Check,6,174.718983333333,15.8751166666667,23488,23661,173
101,0,blank,0,182.6943,43.6887,23661,23690,29
101,0,blank,0,-323,-105,23719,23747,28
101,0,blank,0,271.776014285714,28.7475,23876,24069,193
101,1,Expression,8,329.05254,17.42556,24069,24212,143
101,0,blank,0,945.012333333333,171.8015,24300,24392,92
101,0,blank,0,1017.42675,239.282725,24425,24537,112
101,0,blank,0,338.207433333333,52.8340666666667,24623,24796,173
101,0,blank,0,338.724166666667,38.5805833333333,24796,24971,175
101,0,blank,0,341.171683333333,41.2624666666667,24971,25145,174
101,0,blank,0,402.898783333333,32.3474833333333,25145,25318,173
101,0,blank,0,417.86646,40.07216,25318,25463,145
101,0,blank,0,270.92956,39.34704,25491,25637,146
101,0,blank,0,-323,-105,25666,25771,105
101,0,blank,0,293.700642857143,49.6250571428571,25872,26069,197
101,0,blank,0,320.8969,52.2400666666667,26069,26158,89
101,0,blank,0,83.9877166666667,64.9909833333333,26188,26366,178
101,0,blank,0,86.7948333333333,65.1012333333333,26366,26541,175
101,3,include,23,79.49,55.52065,26541,26600,59
101,9,int,52,68.8633,182.26874,26630,26779,149
101,0,blank,0,326.53985,49.4254,26809,26929,120
101,0,blank,0,357.1797,39.9569,26989,27167,178
101,0,blank,0,413.06055,45.84295,27167,27345,178
101,0,blank,0,466.0439,42.0738,27345,27464,119
101,4,string,32,127.018066666667,72.0212166666667,27551,27728,177
101,0,blank,0,199.4306,44.1525666666667,27728,27906,178
101,0,blank,0,229.004275,49.531675,27906,28025,119
101,6,char,41,43.3608333333333,125.546916666667,28055,28234,179
101,6,stack,42,74.90195,120.7646,28234,28411,177
101,7,int,47,26.2993333333333,139.278183333333,28411,28589,178
101,7,int,47,15.3289666666667,143.710566666667,28589,28767,178
101,0,blank,0,-15.0007833333333,145.033616666667,28767,28946,179
101,0,blank,0,-5.07183333333333,169.846783333333,28946,29131,185
101,0,blank,0,2.5972,180.962,29131,29315,184
101,0,blank,0,19.2774333333333,187.347083333333,29315,29496,181
101,0,blank,0,37.21505,214.44485,29496,29673,177
101,12,scanf,66,55.937,245.2148,29673,29703,30
101,0,blank,0,-323,-105,29733,29787,54
101,11,printf,61,74.9541142857143,230.280457142857,29887,30082,195
101,12,scanf,66,85.7301,252.6428,30082,30265,183
101,11,"enterexpression\n",63,175.88735,240.09095,30265,30444,179
101,11,"enterexpression\n",63,171.517266666667,243.4983,30444,30620,176
101,12,"%s",68,108.479333333333,261.52635,30620,30799,179
101,13,(,75,89.7892833333333,274.8875,30799,30977,178
101,0,blank,0,40.5414,283.816516666667,30977,31155,178
101,0,blank,0,21.4480833333333,274.15825,31155,31334,179
101,12,"%s",68,131.61255,260.53315,31334,31479,145
101,0,blank,0,98.8068,290.2085,31479,31576,97
101,0,blank,0,83.79285,287.4265,31576,31748,172
101,0,blank,0,106.87445,310.2983,31748,31932,184
101,0,blank,0,138.87135,296.29505,31932,32112,180
101,0,blank,0,117.386216666667,303.232466666667,32112,32289,177
101,0,blank,0,59.25,313.483966666667,32289,32467,178
101,0,blank,0,86.3670166666667,302.381333333333,32467,32647,180
101,0,blank,0,114.715733333333,301.306333333333,32647,32826,179
101,0,blank,0,115.322916666667,302.72385,32826,33006,180
101,15,i,95,153.6799,312.61915,33006,33187,181
101,0,blank,0,200.39085,288.28655,33187,33369,182
101,0,blank,0,227.186333333333,293.019466666667,33369,33551,182
101,13,0,85,248.2255,283.128783333333,33551,33734,183
101,16,{,100,89.5775,345.598,33764,33948,184
101,16,{,100,92.6274,352.705083333333,33948,34131,183
101,0,blank,0,133.659566666667,342.127133333333,34131,34314,183
101,0,blank,0,167.0661,335.424233333333,34314,34496,182
101,0,blank,0,144.123816666667,338.5491,34496,34675,179
101,0,blank,0,62.8125,367.1444,34675,34707,32
101,0,blank,0,-323,-105,34767,34871,104
101,0,blank,0,157.7753,180.3851,34952,35042,90
101,10,[,57,107.4967,211.334766666667,35110,35283,173
101,0,blank,0,136.726883333333,222.974583333333,35283,35459,176
101,11,"enterexpression\n",63,168.57725,227.996083333333,35459,35633,174
101,12,a,71,180.079433333333,255.638,35633,35805,172
101,12,a,71,176.142933333333,264.9901,35805,35982,177
101,13,[,81,182.873416666667,274.95455,35982,36163,181
101,12,a,71,181.64265,259.6371,36163,36223,60
101,0,blank,0,-323,-105,36306,36434,128
101,0,blank,0,210.3682,333.008416666667,36591,36763,172
101,0,blank,0,223.413033333333,338.97545,36763,36940,177
101,0,blank,0,164.231366666667,338.03325,36940,37133,193
101,17,i,105,202.677316666667,369.349316666667,37133,37319,186
101,0,blank,0,223.02145,356.770166666667,37319,37501,182
101,0,blank,0,193.13745,364.744766666667,37501,37682,181
101,17,a,103,182.13104,374.44066,37682,37834,152
101,0,blank,0,-323,-105,37893,37919,26
101,0,blank,0,205.0247,299.8434,38020,38045,25
101,0,blank,0,234.524628571429,333.347657142857,38069,38268,199
101,0,blank,0,261.4672,352.014,38268,38446,178
101,0,blank,0,295.1556,365.6083,38446,38624,178
101,0,blank,0,295.63392,359.10978,38624,38773,149
101,0,blank,0,203.42432,384.444,38803,38954,151
101,0,blank,0,-323,-105,39014,39142,128
101,0,blank,0,165.6256,336.2935,39183,39237,54
101,0,blank,0,195.412516666667,328.147933333333,39308,39478,170
101,0,blank,0,197.37092,325.62586,39478,39664,186
101,15,==,97,175.015766666667,319.790866666667,39664,39849,185
101,0,blank,0,165.048183333333,327.62485,39849,40037,188
101,15,==,97,180.2353,320.056625,40037,40160,123
101,0,blank,0,-323,-105,40191,40378,187
101,0,blank,0,-323,-105,40378,40556,178
101,0,blank,0,-323,-105,40556,40711,155
101,0,blank,0,-323,-105,40711,40902,191
101,0,blank,0,-323,-105,40902,41077,175
101,0,blank,0,-323,-105,41077,41215,138
101,0,blank,0,-323,-105,41215,41404,189
101,0,blank,0,-323,-105,41404,41558,154
101,0,blank,0,-323,-105,41558,41735,177
101,0,blank,0,-323,-105,41735,41906,171
101,0,blank,0,-323,-105,41906,42101,195
101,0,blank,0,-323,-105,42101,42253,152
101,0,blank,0,-323,-105,42253,42423,170
101,0,blank,0,-323,-105,42423,42601,178
101,0,blank,0,-323,-105,42601,42764,163
101,0,blank,0,-323,-105,42764,42803,39
101,0,blank,0,-323,-105,42803,43036,233
101,0,blank,0,-323,-105,43036,43073,37
101,0,blank,0,-323,-105,43073,43276,203
101,0,blank,0,-323,-105,43276,43395,119
101,0,blank,0,-323,-105,43395,43602,207
101,0,blank,0,-323,-105,43602,43805,203
101,0,blank,0,-323,-105,43805,43999,194
101,0,blank,0,-323,-105,43999,44169,170
101,0,blank,0,-323,-105,44169,44329,160
101,0,blank,0,-323,-105,44329,44633,304
101,0,blank,0,-323,-105,44633,44791,158
101,0,blank,0,-323,-105,44791,44911,120
101,0,blank,0,-323,-105,44911,45088,177
101,15,i,95,148.3191,312.6281,45345,45445,100
101,0,blank,0,79.78646,297.43802,45715,45894,179
101,0,blank,0,109.238833333333,292.55715,45894,46080,186
101,0,blank,0,130.495466666667,304.154866666667,46080,46262,182
101,13,for,74,68.6062,274.943266666667,46262,46446,184
101,0,blank,0,77.0879,270.364233333333,46446,46629,183
101,13,=,77,115.109316666667,279.295,46629,46810,181
101,0,blank,0,103.7704,300.48725,46810,46999,189
101,0,blank,0,122.81875,304.09945,46999,47191,192
101,0,blank,0,126.04745,304.064916666667,47191,47380,189
101,0,blank,0,121.447833333333,294.383383333333,47380,47565,185
101,0,blank,0,102.6312,303.395583333333,47565,47754,189
101,0,blank,0,60.6336166666667,306.521616666667,47754,47940,186
101,0,blank,0,18.9235666666667,303.956516666667,47940,48129,189
101,0,blank,0,28.3558,307.3064,48129,48316,187
101,0,blank,0,22.5421333333333,314.6407,48316,48504,188
101,0,blank,0,58.71725,305.3549,48504,48699,195
101,0,blank,0,77.0761,299.6717,48699,48731,32
101,0,blank,0,-323,-105,48764,48847,83
101,0,blank,0,110.7241,313.7421,48882,48933,51
101,0,blank,0,104.0521,293.030033333333,49000,49172,172
101,0,blank,0,94.9220333333333,308.713683333333,49172,49354,182
101,0,blank,0,113.458816666667,300.417783333333,49354,49537,183
101,0,blank,0,122.654766666667,303.693766666667,49537,49630,93
101,0,blank,0,167.3475,301.4093,49630,49847,217
101,0,blank,0,165.6667,311.39255,49847,50022,175
101,0,blank,0,-323,-105,50053,50192,139
101,0,blank,0,153.5439,271.8517,50256,50331,75
101,13,],83,194.241316666667,279.511383333333,50396,50572,176
101,0,blank,0,202.677716666667,286.840966666667,50572,50751,179
101,0,blank,0,210.890116666667,307.958583333333,50751,50933,182
101,0,blank,0,210.2214,296.6575,50933,51114,181
101,0,blank,0,261.0032,263.9606,51114,51144,30
101,0,blank,0,978.233666666667,168.24905,51234,51420,186
101,0,blank,0,1019.3026,231.79724,51420,51573,153
101,0,blank,0,156.905333333333,309.477133333333,51696,51825,129
101,13,!=,84,230.73,284.0334,51946,52140,194
101,0,blank,0,248.66805,306.4982,52140,52329,189
101,0,blank,0,232.325,292.75188,52329,52479,150
101,0,blank,0,938.126333333333,226.317666666667,52574,52755,181
101,0,blank,0,920.0085,215.54245,52755,52816,61
101,0,blank,0,171.663866666667,341.919066666667,52934,53113,179
101,0,blank,0,170.093766666667,337.8142,53113,53293,180
101,15,if,91,94.2669833333334,328.8632,53293,53477,184
101,15,if,91,83.1428,318.949433333333,53477,53661,184
101,0,blank,0,73.9202833333333,326.494283333333,53661,53850,189
101,0,blank,0,8.78788333333334,363.678983333333,53850,54039,189
101,16,{,100,83.9566833333333,334.528566666667,54039,54224,185
101,15,i,95,144.750616666667,312.482116666667,54224,54408,184
101,0,blank,0,198.874533333333,299.225866666667,54408,54591,183
101,15,(,98,226.48345,314.58115,54591,54775,184
101,0,blank,0,238.8514,297.377533333333,54775,54961,186
101,0,blank,0,185.945733333333,295.311216666667,54961,55145,184
101,0,blank,0,139.4165,288.89815,55145,55328,183
101,0,blank,0,95.2752,338.454966666667,55328,55508,180
101,0,blank,0,72.0962,327.712666666667,55508,55694,186
101,0,blank,0,124.767116666667,421.5593,55694,55883,189
101,0,blank,0,114.0981,432.17415,55883,56006,123
101,0,blank,0,41.9325833333333,650.64865,56036,56217,181
101,32,{,154,7.62981666666666,688.4444,56217,56397,180
101,0,blank,0,2.45808000000002,724.12338,56397,56553,156
101,0,blank,0,-305.076925,776.94965,56584,56713,129
101,0,blank,0,-281.002466666667,776.7377,56830,56919,89
101,13,0,85,264.821533333333,279.87755,57013,57197,184
101,13,i,87,303.866875,282.562175,57197,57321,124
101,0,blank,0,1042.542,290.5038,57384,57415,31
101,0,blank,0,1003.90225,259.132775,57448,57604,156
101,0,blank,0,1041.9375,259.9611,57604,57783,179
101,0,blank,0,1027.912,295.3296,57783,57961,178
101,0,blank,0,1058.77475,272.36585,57961,58145,184
101,0,blank,0,1029.33075,254.93105,58238,58437,199
101,0,blank,0,992.416,242.3936,58437,58471,34
101,0,blank,0,226.5362,310.682033333333,58565,58751,186
101,15,(,98,218.10465,311.07865,58751,58937,186
101,0,blank,0,194.5405,310.3102,58937,58999,62
101,0,blank,0,57.9479833333333,320.005416666667,59030,59214,184
101,0,blank,0,78.1522,343.77475,59214,59274,60
101,0,blank,0,-323,-105,59470,59582,112
101,0,blank,0,-323,-105,59582,59731,149
101,0,blank,0,-323,-105,59731,59886,155
101,0,blank,0,-323,-105,59886,60059,173
101,0,blank,0,-323,-105,60059,60219,160
101,0,blank,0,-323,-105,60219,60417,198
101,0,blank,0,-323,-105,60417,60609,192
101,0,blank,0,-323,-105,60609,60698,89
101,0,blank,0,-323,-105,60698,61025,327
102,16,{,100,88.5561166666667,209.137966666667,71697,71882,185
102,15,(,98,122.248416666667,196.610383333333,71882,72067,185
102,0,blank,0,122.360866666667,216.5663,72067,72180,113
102,12,scanf,66,44.4202,129.8519,72251,72359,108
102,26,void,132,37.00664,444.95906,72481,72673,192
102,0,blank,0,35.6531,461.75785,72673,72734,61
102,0,blank,0,976.7705,320.88345,72855,73041,186
102,0,blank,0,957.15425,315.858975,73041,73161,120
102,0,blank,0,38.6244166666667,377.18755,73252,73433,181
102,25,},131,4.86550000000001,426.90115,73433,73616,183
102,0,blank,0,-17.11784,432.51028,73616,73768,152
102,26,push,133,75.3261666666667,429.7274,73799,73983,184
102,0,blank,0,121.41455,417.405316666667,73983,74164,181
102,0,blank,0,101.129483333333,412.161083333333,74164,74348,184
102,0,blank,0,63.7721333333334,462.065816666667,74348,74529,181
102,0,blank,0,98.0020333333333,471.703066666667,74529,74709,180
102,31,pop,151,73.2721,554.68945,74740,74799,59
102,0,blank,0,75.26766,565.7362,74858,75036,178
102,0,blank,0,65.189275,531.71175,75036,75155,119
103,0,blank,0,74.7952666666666,517.307016666667,76011,76192,181
103,0,blank,0,94.9054833333333,537.878033333333,76192,76365,173
103,0,blank,0,92.18355,594.401583333333,76365,76543,178
103,46,printf,191,111.437866666667,632.25765,76543,76722,179
103,0,blank,0,117.375266666667,610.276433333333,76722,76899,177
103,46,"\nexpressionisvalid\n",193,155.33195,625.2021,76899,77077,178
103,0,blank,0,169.293683333333,647.847233333333,77077,77257,180
103,46,"\nexpressionisvalid\n",193,168.971816666667,640.230683333333,77257,77440,183
103,0,blank,0,113.14424,660.40288,77440,77620,180
103,0,blank,0,86.4074666666667,643.558333333333,77620,77800,180
103,0,blank,0,144.3555,633.7908,77800,77831,31
103,0,blank,0,146.678083333333,650.42055,77890,78070,180
103,46,"\nexpressionisvalid\n",193,163.590916666667,624.570966666667,78101,78280,179
103,45,==,188,142.787,616.999483333333,78280,78458,178
103,46,printf,191,127.47534,638.42444,78458,78638,180
103,48,printf,197,143.2752,667.22015,78638,78818,180
103,0,blank,0,221.021725,614.4865,78818,78986,168
103,0,blank,0,221.18705,607.3805,78986,79177,191
103,0,blank,0,208.60432,619.71,79177,79324,147
103,46,"\nexpressionisvalid\n",193,349.330933333333,639.3158,79383,79471,88
103,48,"\nexpressionisinvalid\n",199,346.2713,680.5147,79647,79676,29
103,0,blank,0,394.5315,653.909,79736,79794,58
103,0,blank,0,-323,-105,79825,79854,29
103,0,blank,0,1051.801,435.9227,79973,79998,25
103,0,blank,0,916.8015,316.14055,80030,80208,178
103,0,blank,0,985.4145,352.650783333333,80237,80416,179
103,0,blank,0,984.552333333333,367.8814,80416,80508,92
103,0,blank,0,988.588333333333,356.9202,80538,80720,182
103,0,blank,0,986.5745,358.46775,80749,80930,181
103,0,blank,0,983.677,340.9137,80930,81113,183
103,0,blank,0,989.172333333333,358.126283333333,81113,81307,194
103,0,blank,0,981.6845,355.4329,81307,81368,61
103,0,blank,0,143.865283333333,652.499383333333,81491,81673,182
103,0,blank,0,74.6481166666667,665.404433333333,81673,81857,184
103,0,blank,0,50.4357833333333,675.7915,81857,82041,184
103,0,blank,0,42.0810666666667,663.719766666667,82041,82224,183
103,0,blank,0,56.8722333333333,675.26545,82224,82404,180
103,0,blank,0,62.6256,671.1418,82404,82585,181
103,0,blank,0,21.4255666666667,685.522683333333,82585,82766,181
103,0,blank,0,29.8439166666667,723.235266666667,82766,82949,183
103,0,blank,0,57.16695,729.577766666667,82949,83127,178
103,0,blank,0,144.048,705.41765,83127,83306,179
103,0,blank,0,201.51004,710.7162,83306,83455,149
103,0,blank,0,259.649266666667,709.918833333333,83455,83634,179
103,0,blank,0,250.594416666667,706.6978,83634,83808,174
103,0,blank,0,187.7527,738.0332,83808,83932,124
103,0,blank,0,-19.6576333333333,722.861416666667,83962,84142,180
103,0,blank,0,-28.5458,710.3297,84142,84172,30
104,0,blank,0,100.954933333333,429.482733333333,87611,87788,177
104,33,==,158,142.881133333333,447.37315,87788,87966,178
104,0,blank,0,149.595833333333,464.9304,87966,88143,177
104,0,blank,0,116.960883333333,476.516933333333,88143,88322,179
104,35,"expressionisinvalid\n",164,221.719316666667,480.5635,88322,88501,179
104,0,blank,0,243.96365,444.946983333333,88501,88682,181
104,0,blank,0,346.91526,453.47752,88682,88832,150
104,0,blank,0,-323,-105,88891,89048,157
104,0,blank,0,288.50605,363.528,89309,89368,59
104,0,blank,0,393.01838,444.58032,89426,89576,150
104,0,blank,0,347.1961,379.2662,89576,89668,92
104,0,blank,0,407.7247,408.676475,89668,89859,191
104,0,blank,0,417.259533333333,442.394366666667,89859,89949,90
104,0,blank,0,95.300075,466.405925,90044,90163,119
104,0,blank,0,108.063716666667,426.864133333333,90192,90366,174
104,0,blank,0,100.35875,474.5606,90366,90425,59
104,0,blank,0,110.11096,423.1509,90455,90633,178
104,0,blank,0,121.46505,416.183433333333,90633,90812,179
104,0,blank,0,85.2030166666667,387.58775,90812,90987,175
104,0,blank,0,92.0997,384.38525,90987,91164,177
104,0,blank,0,128.8437,370.05345,91164,91222,58
104,0,blank,0,124.57964,393.0853,91251,91405,154
104,40,top,175,93.1027,608.6347,91467,91587,120
104,0,blank,0,88.04465,586.63445,91616,91798,182
104,40,top,175,85.75265,595.355783333333,91798,91978,180
104,0,blank,0,86.18,568.4182,91978,92007,29
104,0,blank,0,-323,-105,92066,92222,156
104,0,blank,0,-323,-105,92222,92396,174
104,0,blank,0,-323,-105,92396,92453,57
104,0,blank,0,84.84,591.6566,92656,92761,105
104,43,find_top,181,129.6759,665.9659,92761,93084,323
104,40,top,175,108.9512,601.3855,93084,93132,48
104,0,blank,0,117.8929,584.75425,93188,93368,180
104,0,blank,0,124.3127,539.6337,93368,93549,181
104,0,blank,0,127.1413,635.947825,93549,93699,150
104,0,blank,0,112.8447,558.866733333333,93699,93854,155
104,0,blank,0,32.08415,499.415766666667,93854,94053,199
104,33,if,155,57.5276,443.549033333333,94053,94199,146
104,0,blank,0,106.038433333333,474.5912,94259,94437,178
104,33,top,157,112.8434,453.314266666667,94437,94613,176
104,0,blank,0,127.8147,471.031716666667,94613,94787,174
104,0,blank,0,136.005583333333,423.96495,94787,94963,176
104,0,blank,0,168.560566666667,427.608616666667,94963,95140,177
104,35,printf,162,122.236016666667,487.047066666667,95140,95315,175
104,0,blank,0,122.2937,459.02264,95315,95491,176
104,33,-1,159,160.576466666667,452.166833333333,95491,95665,174
104,0,blank,0,196.598716666667,431.659833333333,95665,95839,174
104,0,blank,0,262.082533333333,448.202983333333,95839,96012,173
104,0,blank,0,311.3443,462.452066666667,96012,96185,173
104,0,blank,0,332.6662,433.0084,96185,96244,59
104,36,exit,167,106.279583333333,508.894583333333,96272,96445,173
104,0,blank,0,58.24962,504.94972,96445,96621,176
104,33,top,157,86.0991833333333,451.315716666667,96621,96796,175
104,0,blank,0,98.6259,476.56315,96796,96857,61
104,33,==,158,134.30755,443.059016666667,96883,97060,177
104,33,-1,159,168.720583333333,441.530166666667,97060,97236,176
104,0,blank,0,171.249016666667,464.275916666667,97236,97413,177
104,0,blank,0,134.250183333333,472.099916666667,97413,97589,176
104,35,"expressionisinvalid\n",164,218.258116666667,482.285183333333,97589,97766,177
104,0,blank,0,219.65485,445.4241,97766,97822,56
104,0,blank,0,379.862425,450.14185,97851,97967,116
104,35,printf,162,118.65835,489.505966666667,98025,98201,176
104,36,;,171,158.1852,508.3344,98201,98230,29
104,0,blank,0,964.531166666667,266.520883333333,98348,98529,181
104,0,blank,0,1004.4056,268.58712,98529,98673,144
104,0,blank,0,7.11818333333332,436.834666666667,98783,98956,173
104,0,blank,0,16.8550833333333,452.6746,98956,99134,178
104,0,blank,0,28.6590166666667,424.99405,99134,99313,179
104,31,void,150,37.0683333333333,393.80915,99313,99489,176
105,26,push,133,93.39885,551.83195,103807,104001,194
105,28,stack,139,91.63,602.508233333333,104001,104194,193
105,0,blank,0,119.92115,588.751,104275,104326,51
105,0,blank,0,124.787,578.7411,104326,104519,193
105,0,blank,0,158.48584,579.92554,104519,104691,172
105,0,blank,0,-323,-105,104720,104823,103
105,0,blank,0,152.843616666667,496.020133333333,104930,105121,191
105,24,find_top,127,100.50585,507.693916666667,105121,105297,176
105,0,blank,0,78.0972166666667,489.5379,105382,105567,185
105,28,stack,139,45.3497,600.49595,105567,105623,56
105,26,push,133,61.18864,566.56996,105652,105795,143
105,0,blank,0,142.86798,520.0075,105795,105970,175
105,0,blank,0,136.3582,501.2151,105970,105998,28
105,0,blank,0,78.68232,591.32988,106030,106174,144
105,0,blank,0,-323,-105,106288,106475,187
105,0,blank,0,-323,-105,106475,106662,187
105,0,blank,0,-323,-105,106662,106767,105
105,0,blank,0,-323,-105,106767,106875,108
105,0,blank,0,201.6277,501.3539,106903,106931,28
105,19,[,114,188.0948,412.4459,106931,107116,185
105,29,;,148,95.47005,624.01795,107254,107327,73
105,0,blank,0,222.397,704.1069,107563,107602,39
105,0,blank,0,220.4049,724.3204,107784,107850,66
105,0,blank,0,189.890625,707.131925,107892,108042,150
105,0,blank,0,634.4796,-103.8559,108217,108243,26
105,0,blank,0,-323,-105,108378,108482,104
105,0,blank,0,-323.0338,-105.2296,108764,108864,100
105,0,blank,0,-323,-105,108994,109123,129
105,0,blank,0,-323,-105,109123,109285,162
105,0,blank,0,-323,-105,109285,109324,39
105,0,blank,0,146.35275,644.28145,109536,109728,192
105,0,blank,0,126.5454,688.46975,109799,109869,70
105,0,blank,0,-323,-105,109940,110135,195
105,0,blank,0,-323,-105,110135,110313,178
105,0,blank,0,-323,-105,110313,110504,191
105,0,blank,0,-323,-105,110504,110628,124
105,0,blank,0,-323,-105,110628,110892,264
105,0,blank,0,-323,-105,110892,110924,32
105,0,blank,0,-323,-105,110924,111268,344
105,0,blank,0,-323,-105,111268,111610,342
105,0,blank,0,-323,-105,111610,111790,180
105,0,blank,0,-323,-105,111790,111966,176
105,0,blank,0,-323,-105,111966,112131,165
105,0,blank,0,-323,-105,112131,112317,186
105,0,blank,0,-323,-105,112317,112490,173
105,0,blank,0,-323,-105,112490,112683,193
105,0,blank,0,-323,-105,112683,112881,198
105,0,blank,0,-323,-105,112881,113110,229
105,0,blank,0,-323,-105,113110,113299,189
105,0,blank,0,-323,-105,113299,113493,194
105,0,blank,0,-323,-105,113493,113590,97
105,0,blank,0,-323,-105,113590,113701,111
105,0,blank,0,383.7222,535.91225,113748,113803,55
105,0,blank,0,-323,-105,113872,113971,99
105,0,blank,0,745.1015,-103.8506,114291,114379,88
105,6,char,41,29.4375,113.2741,114651,114699,48
105,6,char,41,41.3764,130.9448,115095,115147,52
105,12,"%s",68,111.04498,251.46736,115383,115560,177
105,0,blank,0,169.618183333333,374.177983333333,115560,115745,185
105,19,a,113,181.418166666667,410.504516666667,115745,115932,187
105,0,blank,0,189.618033333333,427.668383333333,115932,116117,185
105,0,blank,0,191.9903,390.727133333333,116117,116303,186
105,0,blank,0,193.937433333333,358.574383333333,116303,116492,189
105,0,blank,0,195.824816666667,318.080633333333,116492,116685,193
105,13,i,87,192.18555,283.1019,116685,116873,188
105,0,blank,0,178.014966666667,264.827616666667,116873,117059,186
105,12,&,70,168.160966666667,252.723833333333,117059,117244,185
105,0,blank,0,218.072116666667,252.0011,117244,117430,186
105,11,"enterexpression\n",63,171.768433333333,230.788066666667,117430,117615,185
105,11,"enterexpression\n",63,164.782366666667,231.721716666667,117615,117800,185
105,0,blank,0,197.9403,264.284866666667,117800,117987,187
105,0,blank,0,183.1545,351.8984,117987,118017,30
105,0,blank,0,131.65705,549.165133333333,118048,118236,188
105,0,blank,0,124.377683333333,595.125083333333,118236,118419,183
105,28,top,141,120.4621,596.5118,118419,118605,186
105,26,char,135,131.313316666667,564.489,118605,118790,185
105,0,blank,0,161.76835,593.06855,118790,118976,186
105,0,blank,0,149.342233333333,530.7816,118976,119164,188
105,0,blank,0,153.196033333333,505.300966666667,119164,119350,186
105,0,blank,0,177.7749,474.526966666667,119350,119544,194
105,0,blank,0,148.409816666667,494.35045,119544,119719,175
105,24,find_top,127,108.71625,517.78995,119719,119910,191
105,0,blank,0,97.71665,530.83105,119910,120037,127
105,0,blank,0,230.934716666667,377.134683333333,120069,120258,189
105,15,),99,240.1414,329.675483333333,120258,120448,190
105,0,blank,0,268.017083333333,291.123483333333,120448,120639,191
105,0,blank,0,294.841483333333,286.35435,120639,120829,190
105,0,blank,0,152.895816666667,270.269366666667,120860,121045,185
105,13,i,87,188.929866666667,284.93825,121045,121230,185
105,0,blank,0,187.248283333333,294.444583333333,121230,121416,186
105,0,blank,0,162.343166666667,293.905083333333,121416,121601,185
105,0,blank,0,173.1741,297.6241,121601,121724,123
105,0,blank,0,-323,-105,121755,121785,30
105,0,blank,0,189.070783333333,331.200583333333,121922,122098,176
105,19,a,113,183.357416666667,399.951716666667,122098,122283,185
105,21,),123,167.766316666667,446.86975,122283,122465,182
105,0,blank,0,199.68755,396.519133333333,122465,122647,182
105,19,],116,204.59612,403.05614,122647,122801,154
105,12,&,70,167.48575,260.502616666667,122832,123014,182
105,0,blank,0,164.146483333333,264.109966666667,123014,123197,183
105,0,blank,0,182.746583333333,303.58285,123197,123380,183
105,0,blank,0,183.79365,338.131316666667,123380,123562,182
105,17,[,104,188.0347,368.01685,123562,123744,182
105,17,i,105,202.629416666667,372.0717,123744,123925,181
105,17,),107,216.43225,372.411966666667,123925,124107,182
105,0,blank,0,192.927066666667,346.484133333333,124107,124289,182
105,0,blank,0,239.561266666667,331.164533333333,124289,124471,182
105,15,(,98,218.697433333333,329.08405,124471,124655,184
105,0,blank,0,182.764383333333,330.7416,124655,124840,185
105,0,blank,0,188.19172,334.06994,124840,124994,154
105,0,blank,0,-323,-105,125055,125131,76
105,0,blank,0,272.84,246.7689,125168,125227,59
105,11,),64,321.203533333333,228.93125,125292,125473,181
105,11,"enterexpression\n",63,307.504683333333,234.243183333333,125473,125656,183
105,0,blank,0,223.417466666667,257.282783333333,125656,125841,185
105,0,blank,0,193.8685,297.372483333333,125841,126028,187
105,15,==,97,190.821266666667,310.76405,126028,126211,183
105,0,blank,0,177.66055,300.7613,126211,126393,182
105,13,a,80,170.27765,283.003066666667,126393,126573,180
105,0,blank,0,209.13095,292.103866666667,126573,126755,182
105,0,blank,0,218.4287,306.76385,126755,126816,61
105,0,blank,0,-323,-105,126847,126911,64
105,0,blank,0,231.5128,287.9767,126958,127009,51
105,0,blank,0,243.73815,342.514483333333,127079,127264,185
105,0,blank,0,167.1879,352.67644,127264,127453,189
105,0,blank,0,131.60955,375.9543,127453,127645,192
105,0,blank,0,129.404483333333,376.61255,127645,127832,187
105,19,else,110,94.9236166666667,409.420233333333,127832,128021,189
105,0,blank,0,98.4959833333333,421.223333333333,128021,128214,193
105,0,blank,0,105.25235,434.7796,128214,128279,65
105,0,blank,0,-323,-105,128311,128369,58
105,0,blank,0,113.68606,468.38298,128529,128706,177
105,0,blank,0,154.330925,438.86185,128706,128872,166
105,0,blank,0,172.11845,437.6338,128872,129070,198
105,21,pop,121,125.919716666667,460.608683333333,129070,129258,188
105,0,blank,0,98.3703,473.18685,129258,129448,190
105,0,blank,0,86.1830166666667,455.992966666667,129448,129637,189
105,0,blank,0,99.331,457.485883333333,129637,129828,191
105,0,blank,0,116.765916666667,422.418866666667,129828,130016,188
105,0,blank,0,89.98635,446.382316666667,130016,130205,189
105,0,blank,0,82.4141666666667,450.414333333333,130205,130397,192
105,22,},125,92.26245,466.520683333333,130397,130587,190
105,0,blank,0,122.17775,472.3433,130587,130777,190
105,24,find_top,127,107.00905,514.21365,130777,130841,64
105,0,blank,0,132.932383333333,642.38365,131007,131188,181
105,29,++,147,85.7733,624.3251,131188,131219,31
105,0,blank,0,169.995966666667,463.211933333333,131250,131437,187
105,0,blank,0,168.183216666667,430.70645,131437,131625,188
105,0,blank,0,195.31465,420.934016666667,131625,131811,186
105,19,==,117,226.961925,411.84665,131811,131935,124
105,0,blank,0,-323,-105,131967,132075,108
105,0,blank,0,234.0628,371.404833333333,132191,132371,180
105,0,blank,0,242.6137,391.842516666667,132371,132555,184
105,0,blank,0,282.282566666667,400.579066666667,132555,132742,187
105,0,blank,0,307.67255,394.598216666667,132742,132928,186
105,0,blank,0,307.76535,399.81725,132928,133113,185
105,0,blank,0,303.194833333333,408.7743,133113,133207,94
105,0,blank,0,-323,-105,133238,133390,152
105,0,blank,0,235.2072,454.5428,133522,133718,196
105,0,blank,0,237.5963,443.3568,133802,133827,25
105,0,blank,0,298.1666,448.3541,133827,134567,740
105,0,blank,0,295.34372,453.80474,134567,134725,158
105,0,blank,0,-323,-105,134758,134870,112
105,0,blank,0,273.249916666667,337.690316666667,135077,135258,181
105,0,blank,0,292.28635,298.6807,135258,135447,189
105,0,blank,0,223.0931,286.2836,135447,135634,187
105,0,blank,0,186.906016666667,286.786216666667,135634,135822,188
105,0,blank,0,203.222633333333,331.8215,135822,136009,187
105,0,blank,0,210.680133333333,344.987933333333,136009,136102,93
105,0,blank,0,-323,-105,136133,136239,106
105,0,blank,0,195.6052,316.2204,136295,136364,69
105,0,blank,0,171.83976,352.15184,136454,136599,145
105,17,[,104,189.59374,355.7641,136599,136778,179
105,17,a,103,181.8914,363.227466666667,136778,136961,183
105,17,a,103,175.0618,371.12935,136961,137084,123
105,0,blank,0,-323,-105,137115,137221,106
105,17,i,105,202.0821,367.846,137267,137326,59
105,0,blank,0,235.430316666667,348.801283333333,137392,137571,179
105,0,blank,0,258.256766666667,350.076166666667,137571,137756,185
105,0,blank,0,293.260683333333,348.399316666667,137756,137938,182
105,0,blank,0,295.8837,338.8774,137938,138120,182
105,0,blank,0,298.995533333333,350.143933333333,138120,138212,92
105,0,blank,0,-323,-105,138273,138390,117
105,0,blank,0,249.9148,341.2444,138453,138522,69
105,0,blank,0,252.05135,336.025733333333,138587,138763,176
105,0,blank,0,249.45768,321.7679,138763,138910,147
105,0,blank,0,-323,-105,138942,139100,158
105,0,blank,0,197.41,390.7862,139137,139186,49
105,0,blank,0,204.658316666667,379.87765,139250,139427,177
105,0,blank,0,245.229183333333,355.57335,139427,139611,184
105,0,blank,0,242.540183333333,342.193216666667,139611,139797,186
105,0,blank,0,230.1902,343.611083333333,139797,139981,184
105,0,blank,0,262.230733333333,374.657583333333,139981,140164,183
105,0,blank,0,238.372083333333,392.960233333333,140164,140346,182
105,0,blank,0,222.846883333333,409.046733333333,140346,140527,181
105,19,],116,211.596816666667,413.4635,140527,140706,179
105,0,blank,0,181.896,431.99185,140706,140886,180
105,0,blank,0,219.963583333333,411.73685,140886,141065,179
105,19,),119,264.397116666667,406.178666666667,141065,141245,180
105,0,blank,0,298.457883333333,406.0108,141245,141425,180
105,0,blank,0,297.0616,410.484,141425,141485,60
105,0,blank,0,-323,-105,141544,141671,127
105,21,),123,171.311666666667,447.0263,141841,142019,178
105,0,blank,0,176.063733333333,435.812666666667,142019,142110,91
105,0,blank,0,118.9533,465.5928,142110,143311,1201
105,0,blank,0,126.711483333333,480.00535,143311,143496,185
105,0,blank,0,141.267916666667,533.70795,143496,143680,184
105,24,find_top,127,124.62648,508.54626,143680,143833,153
105,0,blank,0,196.138366666667,295.215466666667,143864,144048,184
105,13,0,85,247.306216666667,285.202183333333,144048,144231,183
105,0,blank,0,310.747883333333,292.179583333333,144231,144417,186
105,0,blank,0,304.332216666667,297.28495,144417,144601,184
105,0,blank,0,271.35325,298.289816666667,144601,144785,184
105,0,blank,0,216.343266666667,296.012833333333,144785,144971,186
105,0,blank,0,230.315816666667,301.713183333333,144971,145154,183
105,0,blank,0,227.857275,301.0242,145154,145275,121
105,0,blank,0,-323,-105,145336,145386,50
105,13,;,86,287.834783333333,281.42255,145504,145679,175
105,0,blank,0,303.476766666667,287.59915,145679,145865,186
105,13,++,88,317.52375,285.006366666667,145865,146050,185
105,0,blank,0,334.891966666667,283.956483333333,146050,146234,184
105,0,blank,0,862.7446,623.99744,146331,146491,160
105,0,blank,0,69.1690666666667,594.642716666667,146613,146805,192
105,24,find_top,127,93.0798833333333,525.123433333333,146805,146983,178
105,0,blank,0,147.4363,570.159116666667,147012,147197,185
105,28,top,141,119.937383333333,610.917383333333,147197,147379,182
105,0,blank,0,99.3715,588.21255,147379,147440,61
105,0,blank,0,144.1453,501.65454,147498,147685,187
105,0,blank,0,127.802583333333,400.514033333333,147685,147874,189
105,0,blank,0,130.201316666667,424.359783333333,147874,148055,181
105,17,push,101,150.81646,369.66236,148055,148225,170
105,0,blank,0,169.722033333333,374.2714,148225,148334,109
105,17,a,103,174.9365,357.3961,148334,148684,350
105,0,blank,0,100.59574,437.56424,148714,148882,168
105,0,blank,0,93.7939,433.228,148882,148916,34
105,17,a,103,182.3688,354.62565,149262,149456,194
105,17,(,102,172.04705,367.1519,149456,149655,199
105,0,blank,0,110.62755,655.858533333333,149687,149885,198
105,0,blank,0,108.938333333333,636.632616666667,149885,150080,195
105,0,blank,0,95.57035,641.05975,150080,150146,66
105,0,blank,0,118.58324,460.78496,150179,150349,170
105,15,[,94,139.91962,321.28678,150382,150550,168
105,0,blank,0,139.198333333333,300.16325,150550,150744,194
105,12,"%s",68,137.600483333333,258.318833333333,150744,150941,197
105,0,blank,0,137.5757,264.902283333333,150941,151136,195
105,0,blank,0,180.6831,433.4,151169,151202,33
106,0,blank,0,0,0,0,0,0
106,0,blank,0,178.1374,432.6025,151268,151300,32
107,0,blank,0,153.122216666667,523.113783333333,151365,151557,192
107,0,blank,0,153.2431,537.502016666667,151557,151749,192
107,0,blank,0,149.171216666667,549.910733333333,151749,151943,194
107,0,blank,0,148.6517,500.057083333333,151943,152137,194
107,0,blank,0,166.256833333333,434.54945,152137,152329,192
108,0,blank,0,144.357116666667,517.815916666667,152392,152584,192
108,0,blank,0,144.09045,396.536766666667,152584,152776,192
108,0,blank,0,140.3622,351.282333333333,152776,152871,95
108,0,blank,0,-323,-105,152903,152987,84
109,0,blank,0,186.524483333333,362.361616666667,153173,153370,197
109,0,blank,0,153.95844,385.0884,153370,153530,160
110,0,blank,0,149.80388,452.42956,153595,153786,191
110,0,blank,0,139.2813,516.8596,153786,153895,109
110,0,blank,0,103.9251,481.5006,153895,153991,96
110,0,blank,0,97.08845,479.5498,153991,154157,166
110,0,blank,0,97.7755666666667,475.126516666667,154157,154352,195
110,0,blank,0,119.536666666667,534.875816666667,154352,154542,190
110,0,blank,0,132.10335,476.715683333333,154542,154734,192
110,0,blank,0,136.849075,486.1321,154734,154860,126
111,43,(,182,146.44865,571.624216666667,154925,155111,186
111,0,blank,0,175.22515,588.99615,155111,155294,183
111,45,-1,189,171.509333333333,607.916,155294,155482,188
111,0,blank,0,152.49305,601.889316666667,155482,155667,185
111,0,blank,0,158.3807,644.88932,155667,155825,158
111,0,blank,0,219.865516666667,296.497566666667,155888,156080,192
111,0,blank,0,219.406716666667,294.585366666667,156080,156271,191
111,0,blank,0,210.441366666667,320.143316666667,156271,156462,191
111,0,blank,0,199.946433333333,368.87635,156462,156655,193
111,0,blank,0,159.985383333333,442.127833333333,156655,156846,191
111,0,blank,0,122.82385,470.923633333333,156846,157037,191
111,0,blank,0,128.728716666667,473.595183333333,157037,157226,189
111,35,"expressionisinvalid\n",164,175.05425,398.47125,157226,157288,62
112,0,blank,0,186.641,391.69175,157353,157415,62
112,0,blank,0,127.3943,548.514133333333,157447,157637,190
112,28,],142,135.2854,529.6181,157637,157827,190
112,0,blank,0,146.45105,511.281016666667,157827,158016,189
112,19,a,113,176.128016666667,337.7538,158016,158208,192
112,0,blank,0,184.800416666667,307.2428,158208,158397,189
112,17,i,105,199.767766666667,297.8512,158397,158586,189
112,0,blank,0,215.140683333333,306.71975,158586,158776,190
112,0,blank,0,227.237116666667,265.029233333333,158776,158968,192
112,15,(,98,212.0513,253.137666666667,158968,159159,191
112,0,blank,0,229.78715,238.067616666667,159159,159352,193
112,0,blank,0,285.670216666667,228.098283333333,159352,159545,193
112,0,blank,0,289.0872,232.093466666667,159545,159738,193
112,0,blank,0,288.026433333333,222.129433333333,159738,159835,97
112,0,blank,0,152.791766666667,228.35285,159866,160059,193
112,0,blank,0,136.020383333333,222.383,160059,160255,196
112,0,blank,0,189.600116666667,229.00805,160255,160446,191
112,0,blank,0,194.5359,237.65565,160446,160637,191
112,0,blank,0,178.8691,267.767283333333,160637,160830,193
112,17,[,104,192.467633333333,294.671716666667,160830,161022,192
112,0,blank,0,211.31435,227.87465,161022,161213,191
112,12,a,71,177.744016666667,190.0313,161213,161406,193
112,0,blank,0,158.54475,195.634283333333,161406,161598,192
112,11,"enterexpression\n",63,146.0954,163.78735,161598,161790,192
112,10,100,58,136.330666666667,145.2924,161790,161985,195
112,11,"enterexpression\n",63,119.39006,154.34548,161985,162144,159
112,0,blank,0,105.627666666667,525.5585,162177,162373,196
112,31,),153,101.554066666667,595.900133333333,162373,162570,197
112,33,==,158,131.4777,637.152,162570,162637,67
112,0,blank,0,-323,-105,162702,162848,146
112,0,blank,0,-323,-105,162848,162951,103
112,0,blank,0,-323,-105,162951,163070,119
112,0,blank,0,-323,-105,163070,163224,154
112,0,blank,0,-323,-105,163224,163404,180
112,0,blank,0,-323,-105,163404,163430,26
112,0,blank,0,-323,-105,163430,163754,324
112,0,blank,0,-323,-105,163754,163907,153
112,0,blank,0,-323,-105,163907,163962,55
112,0,blank,0,283.51138,302.77362,164004,164154,150
