Frameno_fix,lineno_fix,Tokenname_fix,tokens_id,gaze_X_fix,gaze_Y_fix,timestamp_fix_start,timestamp_fix_end,time_duration
100,0,blank,0,-323,-105,3678,3855,177
100,0,blank,0,-323,-105,3855,4042,187
100,0,blank,0,-323,-105,4042,4236,194
100,0,blank,0,-323,-105,4236,4419,183
100,0,blank,0,-323,-105,4419,4610,191
100,0,blank,0,-323,-105,4610,4645,35
100,0,blank,0,-323,-105,4645,4995,350
100,0,blank,0,-323,-105,4995,5118,123
100,0,blank,0,-323,-105,5118,5298,180
100,0,blank,0,-323,-105,5298,5492,194
100,0,blank,0,555.59015,25.3748,5657,5735,78
100,0,blank,0,-323,-105,5856,6044,188
100,0,blank,0,-323,-105,6044,6224,180
100,0,blank,0,-323,-105,6224,6359,135
100,0,blank,0,-323,-105,6359,7347,988
100,0,blank,0,-323,-105,7347,7519,172
100,0,blank,0,-323,-105,7519,7636,117
100,0,blank,0,466.8443,-30.150825,7678,7816,138
100,0,blank,0,402.71906,1.00138,7850,8023,173
100,0,blank,0,398.1407,-1.2654,8023,8058,35
100,2,h,20,167.022975,32.637625,8093,8252,159
100,0,blank,0,183.11755,25.7102,8252,8345,93
100,0,blank,0,1025.551,97.7004,8446,8532,86
100,0,blank,0,1019.583,373.8254,8700,8784,84
100,24,find_top,127,121.0011,141.9857,9704,9888,184
100,7,),50,96.75035,148.77175,9888,9951,63
100,0,blank,0,-323,-105,10082,10266,184
100,0,blank,0,-323,-105,10266,10405,139
100,0,blank,0,-323,-105,10405,10589,184
100,0,blank,0,-323,-105,10589,10737,148
100,0,blank,0,-323,-105,10737,10910,173
100,0,blank,0,-323,-105,10910,10985,75
100,0,blank,0,-323,-105,10985,11178,193
100,0,blank,0,-323,-105,11178,11300,122
100,0,blank,0,-323,-105,11300,11418,118
100,0,blank,0,-323,-105,11418,11586,168
100,0,blank,0,-323,-105,11586,11770,184
100,0,blank,0,-323,-105,11770,11966,196
100,0,blank,0,-323,-105,11966,12158,192
100,0,blank,0,-323,-105,12158,12327,169
100,0,blank,0,-323,-105,12327,12485,158
100,0,blank,0,-323,-105,12485,12680,195
100,0,blank,0,-323,-105,12680,12867,187
100,0,blank,0,-323,-105,12867,13014,147
100,0,blank,0,-323,-105,13014,13147,133
100,0,blank,0,-323,-105,13147,13342,195
100,0,blank,0,-323,-105,13342,13526,184
100,0,blank,0,-323,-105,13526,13669,143
101,0,blank,0,800.287,747.96,15379,15411,32
101,0,blank,0,-323,-105,15503,15690,187
101,0,blank,0,-323,-105,15690,15877,187
101,0,blank,0,-323,-105,15877,16057,180
101,0,blank,0,-323,-105,16057,16254,197
101,0,blank,0,-323,-105,16254,16324,70
101,11,"enterexpression\n",63,242.518266666667,223.444366666667,16402,16524,122
101,3,stdlib,25,119.52255,60.8907333333333,16565,16741,176
101,3,stdlib,25,147.7114,60.3418,16741,16814,73
101,1,Check,6,167.1604,11.3182,16855,16935,80
101,0,blank,0,216.2001,2.38503333333333,16977,17104,127
101,0,blank,0,-323,-105,17148,17343,195
101,0,blank,0,-323,-105,17343,17522,179
101,0,blank,0,-323,-105,17522,17708,186
101,0,blank,0,-323,-105,17708,17802,94
101,0,blank,0,465.98846,-9.475,17933,18120,187
101,0,blank,0,565.4694,-15.2181,18120,18152,32
101,0,blank,0,-323,-105,18244,18415,171
101,0,blank,0,-323,-105,18415,18573,158
101,0,blank,0,-323,-105,18573,18693,120
101,0,blank,0,511.6104,3.1443,18734,18765,31
101,2,include,16,63.4734,40.9482,18836,18922,86
101,2,include,16,62.6183,34.8333,18922,19287,365
101,2,include,16,72.2964166666667,31.6798166666667,19287,19474,187
101,2,stdio,18,104.30755,41.8243333333333,19474,19661,187
101,2,stdio,18,113.35875,32.5399,19661,19830,169
101,0,blank,0,-323,-105,19937,20098,161
101,2,stdio,18,124.515866666667,39.2545666666667,20129,20301,172
101,6,;,46,159.941133333333,42.8714666666667,20301,20449,148
101,2,stdio,18,150.7341,33.36502,20449,20623,174
101,3,stdlib,25,142.493033333333,60.2698333333333,20623,20772,149
101,3,stdlib,25,131.860625,48.9315,20772,20945,173
101,0,blank,0,142.5865,67.60055,21006,21186,180
101,3,stdlib,25,147.18435,60.3809833333333,21186,21362,176
101,3,stdlib,25,131.4296,61.80132,21362,21515,153
101,4,string,32,143.6102,80.316025,21515,21689,174
101,4,string,32,143.30904,75.71092,21689,21866,177
101,4,string,32,142.54835,83.6774,21866,22039,173
101,0,blank,0,42.104,91.0260666666667,22039,22128,89
101,0,blank,0,-323,-105,22255,22371,116
101,0,blank,0,-323,-105,22371,22459,88
101,0,blank,0,167.5625,436.91535,22964,23019,55
101,1,invalid,12,519.87908,22.66812,23842,24021,179
101,0,blank,0,543.8222,-9.50109999999999,24021,24052,31
101,0,blank,0,437.4138,-20.5415333333333,24393,24527,134
101,0,blank,0,-323,-105,24564,24746,182
101,0,blank,0,-323,-105,24746,24785,39
101,0,blank,0,578.8061,42.2587,24846,25004,158
101,19,else,110,279.403333333333,384.700533333333,25116,25302,186
101,0,blank,0,235.3929,425.0679,25302,25476,174
101,19,else,110,251.9271,392.9828,25476,25507,31
101,19,else,110,300.2445,404.6197,26158,26366,208
101,5,=,38,91.664675,111.34255,26833,26993,160
101,0,blank,0,225.111166666667,171.432066666667,27033,27165,132
101,38,else,173,59.37695,458.25335,27339,27426,87
101,24,find_top,127,94.2015,490.95225,27426,27602,176
101,24,(,128,122.631633333333,524.554666666667,27602,27734,132
101,24,;,130,138.2212,528.680366666667,27768,27857,89
101,19,else,110,335.7253,294.5808,28404,28629,225
101,12,&,70,171.150825,260.434675,29165,29327,162
101,15,],96,158.722525,314.318275,29327,29499,172
101,15,i,95,145.70095,315.2305,29499,29579,80
101,0,blank,0,178.57895,302.6358,29661,29740,79
101,12,;,73,197.60515,258.65865,29780,29973,193
101,11,"enterexpression\n",63,228.892466666667,242.36055,29973,30150,177
101,11,"enterexpression\n",63,252.545,230.84744,30150,30300,150
101,0,blank,0,-323,-105,30330,30435,105
101,0,blank,0,223.2831,216.4118,30461,30502,41
101,11,"enterexpression\n",63,211.9218,135.473566666667,30573,30747,174
101,0,blank,0,255.6438,61.2959,30747,30777,30
101,0,blank,0,383.66214,-2.46534,30807,30985,178
101,0,blank,0,476.909166666667,-27.33525,30985,31169,184
101,0,blank,0,456.0294,-42.5,31169,31228,59
101,0,blank,0,226.4851,76.0578,31260,31412,152
101,0,blank,0,-323,-105,31443,31610,167
101,0,blank,0,161.510533333333,222.811283333333,31737,31919,182
101,0,blank,0,219.82735,222.0928,31919,32105,186
101,0,blank,0,236.36852,206.10406,32105,32256,151
101,26,char,135,106.94078,465.93888,32347,32520,173
101,0,blank,0,112.165566666667,543.3868,32520,32702,182
101,0,blank,0,969.757,286.695533333333,32792,32978,186
101,0,blank,0,932.615,326.163,32978,33008,30
102,0,blank,0,1032.81233333333,303.3962,33071,33257,186
102,0,blank,0,1008.34875,301.5272,33257,33381,124
102,0,blank,0,1077.9955,205.65585,33412,33477,65
102,0,blank,0,1070.132,218.2512,33543,33574,31
102,0,blank,0,1019.0615,326.7585,33705,33836,131
103,26,void,132,22.4986,193.180266666667,34603,34790,187
103,0,blank,0,23.3441333333333,163.58455,34790,34978,188
103,7,int,47,31.5221,144.17984,34978,35136,158
103,0,blank,0,22.76294,227.78766,35136,35323,187
103,0,blank,0,13.4421333333333,227.56385,35323,35510,187
103,0,blank,0,19.53435,229.607733333333,35510,35696,186
103,0,blank,0,5.88586666666667,248.4859,35696,35789,93
103,0,blank,0,44.29935,397.1956,35820,35993,173
103,0,blank,0,33.4269,375.244275,35993,36177,184
103,0,blank,0,51.8417,386.1979,36235,36301,66
103,15,if,91,101.4331,323.0771,36391,36417,26
103,26,push,133,80.4579333333333,181.741866666667,36477,36644,167
103,0,blank,0,-323,-105,36702,36846,144
103,10,char,55,60.03405,123.70395,36872,37055,183
103,24,find_top,127,66.53465,146.165566666667,37055,37233,178
103,24,find_top,127,69.3209666666667,141.4838,37233,37323,90
103,0,blank,0,40.8939333333333,67.4879833333333,37353,37536,183
103,10,char,55,59.8927833333333,127.345,37536,37723,187
103,12,scanf,66,86.53355,158.06165,37723,37783,60
103,0,blank,0,-323,-105,37813,37973,160
103,13,for,74,49.78325,190.009116666667,38034,38218,184
103,26,push,133,55.4085333333333,201.7035,38218,38307,89
103,12,),72,187.38356,253.45712,38336,38492,156
103,17,push,101,291.509175,238.57835,38524,38708,184
103,17,push,101,276.5576,243.921533333333,38708,38824,116
103,28,stack,139,84.1233666666667,239.525383333333,38854,39036,182
103,29,++,147,82.9346166666667,249.516016666667,39036,39213,177
103,28,[,140,100.564866666667,244.763483333333,39213,39391,178
103,28,[,140,100.326466666667,243.800616666667,39391,39567,176
103,28,[,140,101.2622,230.8096,39567,39627,60
103,0,blank,0,-323,-105,39657,39816,159
103,21,;,124,156.31815,356.46615,39977,40093,116
103,0,blank,0,-323,-105,40408,40582,174
103,0,blank,0,-323,-105,40582,40746,164
103,0,blank,0,-323,-105,40746,40963,217
103,0,blank,0,-323,-105,40963,41066,103
103,0,blank,0,-323,-105,41066,41244,178
103,0,blank,0,-323,-105,41244,41437,193
103,0,blank,0,-323,-105,41437,41633,196
103,0,blank,0,-323,-105,41633,41821,188
103,0,blank,0,-323,-105,41821,42004,183
103,0,blank,0,-323,-105,42004,42035,31
103,0,blank,0,-323,-105,42257,42434,177
103,0,blank,0,-323,-105,42434,42526,92
103,0,blank,0,60.2060833333333,288.100133333333,43067,43262,195
103,31,(,152,92.0783,302.689833333333,43262,43441,179
103,0,blank,0,104.933033333333,291.1411,43441,43625,184
103,26,push,133,93.1055166666667,183.48025,43625,43808,183
103,4,string,32,117.543116666667,83.94745,43808,43994,186
103,19,if,111,137.141383333333,38.0510833333333,43994,44183,189
103,0,blank,0,158.553675,7.14155,44183,44313,130
103,0,blank,0,1069.61933333333,497.627,44408,44504,96
103,0,blank,0,1104.139,409.9925,44566,44598,32
103,0,blank,0,1006.87816666667,473.773033333333,44631,44826,195
103,0,blank,0,984.438,465.8167,44826,44856,30
103,0,blank,0,992.0435,559.12025,44886,44946,60
103,0,blank,0,1051.8655,454.2071,45011,45105,94
103,0,blank,0,1038.6985,377.97555,45141,45206,65
103,0,blank,0,993.539,551.73545,45240,45366,126
103,0,blank,0,991.4,576.3523,45398,45429,31
104,6,stack,42,67.7801833333333,36.1813166666667,51416,51608,192
104,6,stack,42,71.9681833333333,36.7461,51608,51797,189
104,6,char,41,3.37462499999998,29.027375,51797,51925,128
104,0,blank,0,-323,-105,51958,52098,140
104,0,blank,0,45.5329,-17.3698,52219,52409,190
104,5,top,37,54.74712,17.80904,52409,52579,170
104,2,include,16,52.4154,29.5543,52579,52613,34
104,0,blank,0,-323,-105,52645,52835,190
104,0,blank,0,73.84945,-4.72215000000001,53021,53104,83
104,0,blank,0,116.9264,-56.361,53239,53265,26
104,0,blank,0,-323,-105,53290,53449,159
104,0,blank,0,-323,-105,53449,53604,155
104,0,blank,0,-323,-105,53604,53705,101
104,1,Program,4,79.8885,14.2293,53738,53843,105
104,0,blank,0,-323,-105,54040,54175,135
104,5,top,37,49.0857,7.02421666666667,54317,54501,184
104,0,blank,0,78.7137333333333,-3.53895,54501,54696,195
104,0,blank,0,106.1664,25.3348,54696,54727,31
104,0,blank,0,-323,-105,54790,54920,130
104,0,blank,0,74.2994666666667,-91.9208166666667,55062,55242,180
104,0,blank,0,65.1779,-105.0762,55242,55355,113
104,0,blank,0,83.87085,-98.45515,55355,55533,178
104,0,blank,0,42.04464,-88.38122,55533,55719,186
104,0,blank,0,-11.081225,-97.725025,55719,55843,124
104,0,blank,0,-323,-105,56140,56314,174
104,0,blank,0,4.44666,-84.28304,56476,56643,167
104,0,blank,0,22.3361666666667,-70.9676166666667,56643,56836,193
104,0,blank,0,41.61275,-89.4233,56836,56900,64
104,0,blank,0,37.1559,-105.1356,56900,57093,193
104,0,blank,0,48.7356666666667,-97.4471666666667,57093,57284,191
104,0,blank,0,44.1016,-89.65275,57284,57406,122
104,0,blank,0,-323,-105,57804,57928,124
104,0,blank,0,-323,-105,57928,58042,114
104,10,],59,147.514166666667,124.17835,58075,58270,195
104,0,blank,0,162.636766666667,119.1039,58270,58434,164
104,11,printf,61,59.5383,143.8752,58434,58511,77
104,0,blank,0,-323,-105,58535,58715,180
104,0,blank,0,-323,-105,58715,58902,187
104,0,blank,0,-323,-105,58902,58964,62
104,0,blank,0,-323,-105,58964,59128,164
104,0,blank,0,-323,-105,59128,59302,174
104,0,blank,0,-323,-105,59302,59410,108
104,0,blank,0,-323,-105,59410,59535,125
104,0,blank,0,-323,-105,59535,59687,152
104,0,blank,0,-323,-105,59687,59885,198
104,0,blank,0,-323,-105,60024,60078,54
104,0,blank,0,-323,-105,60403,60599,196
104,0,blank,0,-323,-105,60599,60698,99
104,0,blank,0,-323,-105,60698,60894,196
104,0,blank,0,-323,-105,60894,61065,171
104,35,"expressionisinvalid\n",164,245.0769,385.2338,61532,61610,78
104,0,blank,0,-323,-105,61646,61817,171
104,0,blank,0,-323,-105,62098,62224,126
104,0,blank,0,-323,-105,62224,62403,179
104,0,blank,0,-323,-105,62403,62562,159
104,0,blank,0,-323,-105,62562,62721,159
104,0,blank,0,-323,-105,62721,63325,604
104,0,blank,0,-323,-105,63325,63511,186
104,0,blank,0,-323,-105,63511,63702,191
104,0,blank,0,-323,-105,63702,63891,189
104,0,blank,0,-323,-105,63891,64087,196
104,0,blank,0,-323,-105,64087,64273,186
104,0,blank,0,-323,-105,64273,64458,185
104,0,blank,0,-323,-105,64458,64634,176
104,0,blank,0,-323,-105,64634,64807,173
104,0,blank,0,-323,-105,64807,64992,185
104,0,blank,0,-323,-105,64992,65171,179
104,0,blank,0,-323,-105,65171,65330,159
104,0,blank,0,-323,-105,65330,65514,184
104,0,blank,0,-323,-105,65514,65702,188
104,0,blank,0,-323,-105,65702,65875,173
104,0,blank,0,-323,-105,65875,66066,191
104,0,blank,0,-323,-105,66066,66228,162
104,0,blank,0,-323,-105,66228,66313,85
104,0,blank,0,-323,-105,66602,66782,180
104,0,blank,0,-323,-105,66782,66974,192
104,0,blank,0,-323,-105,66974,67134,160
104,0,blank,0,-323,-105,67134,67307,173
104,0,blank,0,-323,-105,67307,67467,160
104,0,blank,0,-323,-105,67467,67642,175
104,0,blank,0,-323,-105,67642,67833,191
104,0,blank,0,-323,-105,67833,68021,188
104,0,blank,0,-323,-105,68021,68200,179
104,0,blank,0,-323,-105,68200,68377,177
104,0,blank,0,-323,-105,68377,68557,180
104,0,blank,0,-323,-105,68557,68736,179
104,0,blank,0,-323,-105,68736,68902,166
104,0,blank,0,-323,-105,68902,69088,186
104,0,blank,0,-323,-105,69088,69229,141
104,0,blank,0,-323,-105,69229,69522,293
104,0,blank,0,-323,-105,69522,69643,121
104,0,blank,0,-323,-105,69643,70000,357
104,0,blank,0,-323,-105,70000,70192,192
104,0,blank,0,-323,-105,70192,70336,144
104,0,blank,0,-323,-105,70336,70509,173
104,0,blank,0,-323,-105,70509,70686,177
104,0,blank,0,-323,-105,70686,70834,148
104,0,blank,0,-323,-105,70834,70920,86
104,0,blank,0,-323,-105,70920,71109,189
104,0,blank,0,-323,-105,71109,71227,118
104,0,blank,0,-323,-105,71227,71417,190
104,0,blank,0,-323,-105,71417,71604,187
104,0,blank,0,-323,-105,71604,71777,173
104,0,blank,0,-323,-105,71777,71880,103
104,0,blank,0,-323,-105,71880,72077,197
104,0,blank,0,-323,-105,72077,72272,195
104,0,blank,0,-323,-105,72272,72445,173
104,0,blank,0,-323,-105,72445,72615,170
104,0,blank,0,-323,-105,72615,72797,182
104,0,blank,0,-323,-105,72797,72948,151
104,0,blank,0,-323,-105,72948,73102,154
104,0,blank,0,-323,-105,73102,73281,179
104,0,blank,0,-323,-105,73281,73461,180
104,0,blank,0,-323,-105,73461,73622,161
104,0,blank,0,-323,-105,73622,73841,219
104,0,blank,0,-323,-105,73841,74185,344
104,0,blank,0,-323,-105,74185,74339,154
104,0,blank,0,-323,-105,74339,74496,157
104,0,blank,0,-323,-105,74496,74680,184
104,0,blank,0,-323,-105,74680,74859,179
104,0,blank,0,-323,-105,74859,75043,184
104,0,blank,0,-323,-105,75043,75238,195
104,0,blank,0,-323,-105,75238,75429,191
104,0,blank,0,-323,-105,75429,75617,188
104,0,blank,0,-323,-105,75617,75698,81
104,15,a,93,127.90976,241.66664,75836,76017,181
104,12,;,73,200.622733333333,258.398,76045,76232,187
104,0,blank,0,245.210925,212.8218,76232,76427,195
104,0,blank,0,287.75736,203.91582,76427,76588,161
104,0,blank,0,280.774833333333,214.7135,76588,76714,126
104,0,blank,0,257.6368,210.5263,76714,76813,99
104,10,a,56,98.4672,203.4353,76972,77006,34
104,0,blank,0,204.542125,159.787125,77041,77218,177
104,13,0,85,134.8776,179.42304,77218,77390,172
104,12,&,70,174.9106,167.39998,77390,77557,167
104,12,a,71,180.05674,161.9125,77557,77728,171
104,13,i,87,190.536066666667,198.2093,77728,77829,101
104,0,blank,0,-323,-105,77865,78040,175
104,0,blank,0,-323,-105,78040,78153,113
104,12,"%s",68,139.94368,163.34594,78184,78380,196
104,11,"enterexpression\n",63,125.474366666667,147.354566666667,78380,78568,188
104,11,"enterexpression\n",63,176.2553,138.0931,78568,78753,185
104,0,blank,0,154.8132,134.0627,78753,78778,25
104,19,else,110,238.4104,291.8513,78806,78837,31
104,11,"enterexpression\n",63,144.4631,148.3255,78931,78963,32
104,11,"enterexpression\n",63,131.66225,144.359025,79028,79197,169
104,11,"enterexpression\n",63,140.6101,145.4359,79197,79228,31
104,13,0,85,272.33065,196.9583,79352,79431,79
104,17,push,101,239.7853,237.1754,79490,79521,31
104,0,blank,0,-323,-105,79645,79818,173
104,0,blank,0,-323,-105,79818,79931,113
104,19,else,110,243.3697,321.33575,80145,80262,117
104,0,blank,0,61.7897,322.5448,80316,80345,29
104,0,blank,0,-323,-105,81476,81661,185
104,0,blank,0,-323,-105,81661,81827,166
104,0,blank,0,-323,-105,81827,82005,178
104,0,blank,0,-323,-105,82005,82179,174
104,0,blank,0,-323,-105,82179,82332,153
104,0,blank,0,-323,-105,82332,82507,175
104,0,blank,0,-323,-105,82507,82686,179
104,0,blank,0,-323,-105,82686,82837,151
104,0,blank,0,-323,-105,82837,82967,130
104,0,blank,0,-323,-105,82967,83058,91
104,13,[,81,181.1485,183.98615,83232,83382,150
104,0,blank,0,-323,-105,83425,83620,195
104,0,blank,0,-323,-105,83620,83756,136
104,0,blank,0,256.0264,169.3822,83778,83804,26
104,0,blank,0,230.0692,164.013283333333,83989,84175,186
104,0,blank,0,245.856316666667,175.624933333333,84175,84355,180
104,0,blank,0,234.426966666667,169.482866666667,84355,84536,181
104,11,"enterexpression\n",63,226.435733333333,142.313866666667,84536,84627,91
104,13,i,87,184.47225,196.65055,84657,84723,66
104,3,stdlib,25,123.7447,54.7096,84753,84873,120
104,0,blank,0,-323,-105,84909,85096,187
104,0,blank,0,-323,-105,85096,85225,129
104,0,blank,0,-323,-105,86561,86708,147
104,0,blank,0,-323,-105,86708,86846,138
104,0,blank,0,181.5194,293.74605,86917,87045,128
104,0,blank,0,139.454466666667,290.89705,87157,87355,198
104,17,(,102,144.066616666667,271.886883333333,87355,87530,175
104,12,scanf,66,86.9317833333333,159.8461,87530,87709,179
104,7,int,47,30.43705,144.665925,87709,87826,117
104,11,printf,61,52.80465,149.099333333333,87856,88042,186
104,10,char,55,51.4350333333333,121.22515,88042,88222,180
104,4,include,30,39.11995,84.8497666666667,88222,88397,175
104,0,blank,0,34.20485,65.0897333333333,88397,88576,179
104,0,blank,0,78.82505,134.552016666667,88576,88753,177
104,12,scanf,66,87.6248,164.1775,88753,88782,29
104,0,blank,0,109.312083333333,363.630466666667,88843,89026,183
104,21,(,122,140.607316666667,367.752366666667,89026,89207,181
104,36,0,169,141.238,402.9489,89207,89268,61
104,0,blank,0,169.5269,535.5435,89268,89451,183
104,0,blank,0,156.705275,490.47665,89542,89716,174
104,25,},131,145.7994,517.3981,89716,89774,58
104,12,"%s",68,114.27365,262.563833333333,89832,90014,182
104,15,(,98,120.3861,225.396,90014,90043,29
104,0,blank,0,-323,-105,90074,90204,130
104,15,if,91,86.0741,238.8529,90255,90316,61
104,10,100,58,119.95435,203.859233333333,90383,90553,170
104,10,100,58,134.412366666667,205.210666666667,90553,90731,178
104,11,"enterexpression\n",63,164.126766666667,228.886316666667,90731,90907,176
104,15,==,97,173.6717,238.4837,90907,90937,30
104,0,blank,0,-323,-105,90968,91151,183
104,0,blank,0,-323,-105,91151,91296,145
104,17,(,102,151.1342,280.38805,91386,91542,156
104,10,],59,147.18805,205.7747,91542,91738,196
104,0,blank,0,144.9964,222.093666666667,91738,91833,95
104,0,blank,0,-323,-105,91926,92110,184
104,0,blank,0,-323,-105,92110,92269,159
104,0,blank,0,-323,-105,92269,92321,52
104,0,blank,0,-323,-105,92321,92623,302
104,0,blank,0,-323,-105,92623,92743,120
104,0,blank,0,-323,-105,92743,93011,268
104,0,blank,0,-323,-105,93011,93144,133
104,0,blank,0,-323,-105,93144,93316,172
104,0,blank,0,-323,-105,93316,93692,376
104,0,blank,0,-323,-105,93692,93769,77
104,0,blank,0,-323,-105,93769,93950,181
104,0,blank,0,-323,-105,93950,94064,114
104,0,blank,0,-323,-105,94064,94164,100
104,0,blank,0,-323,-105,94164,94903,739
104,0,blank,0,-323,-105,94903,95078,175
104,0,blank,0,-323,-105,95078,95237,159
104,0,blank,0,-323,-105,95237,95420,183
104,0,blank,0,-323,-105,95420,95590,170
104,0,blank,0,-323,-105,95590,95777,187
104,0,blank,0,-323,-105,95777,95879,102
104,0,blank,0,-323,-105,95879,96046,167
104,0,blank,0,-323,-105,96046,96219,173
104,0,blank,0,-323,-105,96219,96247,28
104,0,blank,0,-323,-105,96385,96572,187
104,0,blank,0,-323,-105,96572,96752,180
104,0,blank,0,-323,-105,96752,96871,119
104,0,blank,0,-323,-105,96871,97011,140
104,0,blank,0,-323,-105,97011,97153,142
104,0,blank,0,-323,-105,97153,97356,203
104,0,blank,0,-323,-105,97356,97530,174
104,0,blank,0,-323,-105,97530,97713,183
104,0,blank,0,-323,-105,97713,97888,175
104,0,blank,0,-323,-105,97888,98060,172
104,0,blank,0,-323,-105,98060,98248,188
104,0,blank,0,-323,-105,98248,98431,183
104,0,blank,0,-323,-105,98431,98620,189
104,0,blank,0,-323,-105,98620,98799,179
104,0,blank,0,-323,-105,98799,98968,169
104,0,blank,0,-323,-105,98968,99100,132
104,0,blank,0,-323,-105,99197,99304,107
104,12,"%s",68,109.650733333333,265.405733333333,99408,99492,84
104,0,blank,0,146.383866666667,98.5111,99521,99615,94
104,21,pop,121,144.043683333333,76.6636166666667,99646,99835,189
104,0,blank,0,151.37058,64.27232,99835,99993,158
104,0,blank,0,-323,-105,100024,100133,109
104,0,blank,0,214.91214,103.85388,100251,100436,185
104,11,"enterexpression\n",63,223.115,146.9146,100436,100530,94
104,0,blank,0,-323,-105,100568,100731,163
104,0,blank,0,262.598225,128.802025,100906,101086,180
104,0,blank,0,-323,-105,101170,101366,196
104,0,blank,0,-323,-105,101366,101498,132
104,26,a,136,162.1942,193.869933333333,101944,102116,172
104,13,],83,199.136533333333,181.490966666667,102116,102243,127
104,0,blank,0,208.62215,211.26795,102243,102429,186
104,0,blank,0,211.308683333333,261.69435,102429,102618,189
104,0,blank,0,227.35966,255.9408,102618,102780,162
104,18,},109,217.813366666667,270.136566666667,102843,103033,190
104,0,blank,0,210.547133333333,261.023616666667,103033,103223,190
104,11,"enterexpression\n",63,196.31795,241.98675,103223,103289,66
104,0,blank,0,-323,-105,103318,103483,165
104,0,blank,0,240.86018,194.15252,103608,103807,199
104,0,blank,0,212.013816666667,208.58545,103807,103996,189
104,0,blank,0,187.010366666667,219.341383333333,103996,104185,189
104,15,),99,219.74316,232.0139,104185,104354,169
104,11,"enterexpression\n",63,200.142666666667,237.907116666667,104354,104544,190
104,0,blank,0,183.840516666667,339.8491,104544,104740,196
104,0,blank,0,189.074466666667,334.801233333333,104740,104931,191
104,17,i,105,183.0333,360.0602,104931,104963,32
104,21,(,122,140.5318,456.1157,104994,105127,133
104,0,blank,0,174.0607,495.9512,105162,105194,32
104,0,blank,0,-323,-105,105357,105513,156
104,0,blank,0,-323,-105,105513,105690,177
104,0,blank,0,-323,-105,105690,105779,89
104,0,blank,0,-323,-105,105779,105915,136
104,0,blank,0,-323,-105,105915,106433,518
104,0,blank,0,-323,-105,106433,106564,131
104,0,blank,0,-323,-105,106564,106776,212
104,0,blank,0,-323,-105,106776,106973,197
104,0,blank,0,-323,-105,106973,107108,135
104,0,blank,0,921.819333333333,253.711733333333,107388,107575,187
104,0,blank,0,932.167666666667,255.4812,107575,107761,186
104,0,blank,0,927.75125,244.70845,107761,107887,126
105,0,blank,0,125.9036,180.2649,110012,110032,20
105,0,blank,0,126.22845,288.57745,110071,110134,63
105,35,printf,162,91.3473,396.9387,110166,110304,138
105,35,printf,162,98.21165,387.32375,110335,110433,98
105,26,push,133,80.7185666666667,475.9358,110485,110681,196
105,0,blank,0,59.7861833333333,462.315716666667,110681,110868,187
105,26,push,133,63.0059,484.1596,110868,110900,32
105,0,blank,0,-323,-105,110991,111174,183
105,0,blank,0,-323,-105,111174,111352,178
105,0,blank,0,-323,-105,111352,111537,185
105,0,blank,0,-323,-105,111537,111666,129
105,0,blank,0,-323,-105,111666,111857,191
105,0,blank,0,-323,-105,111857,112026,169
105,0,blank,0,-323,-105,112026,112208,182
105,0,blank,0,-323,-105,112208,112238,30
105,0,blank,0,265.0101,592.6847,112459,112494,35
105,0,blank,0,-323,-105,112992,113131,139
105,0,blank,0,-323,-105,113131,113304,173
105,0,blank,0,-323,-105,113304,113481,177
105,0,blank,0,-323,-105,113481,113649,168
105,0,blank,0,-323,-105,113649,113762,113
105,0,blank,0,-323,-105,113762,113951,189
105,0,blank,0,-323,-105,113951,114127,176
105,0,blank,0,-323,-105,114127,114298,171
105,0,blank,0,-323,-105,114298,114469,171
105,0,blank,0,-323,-105,114469,114652,183
105,0,blank,0,-323,-105,114652,114844,192
105,0,blank,0,-323,-105,114844,115034,190
105,0,blank,0,-323,-105,115034,115223,189
105,0,blank,0,-323,-105,115223,115397,174
105,0,blank,0,-323,-105,115397,115513,116
105,0,blank,0,-323,-105,115513,115701,188
105,0,blank,0,-323,-105,115701,115862,161
105,0,blank,0,-323,-105,115862,116065,203
105,0,blank,0,-323,-105,116065,116243,178
105,0,blank,0,-323,-105,116243,116388,145
105,0,blank,0,-323,-105,116388,116559,171
105,0,blank,0,-323,-105,116559,116757,198
105,0,blank,0,-323,-105,116757,116868,111
105,0,blank,0,-323,-105,116868,117119,251
105,0,blank,0,-323,-105,117119,117292,173
105,0,blank,0,-323,-105,117292,117487,195
105,0,blank,0,-323,-105,117487,117650,163
105,0,blank,0,-323,-105,117650,117820,170
105,0,blank,0,-323,-105,117820,117991,171
105,0,blank,0,-323,-105,117991,118181,190
105,0,blank,0,-323,-105,118181,118214,33
105,0,blank,0,-323,-105,118643,118729,86
105,0,blank,0,-323,-105,118729,118889,160
105,0,blank,0,-323,-105,118889,119063,174
105,0,blank,0,-323,-105,119063,119235,172
105,0,blank,0,-323,-105,119235,119413,178
105,0,blank,0,-323,-105,119413,119557,144
105,0,blank,0,-323,-105,119557,119755,198
105,0,blank,0,-323,-105,119755,119943,188
105,0,blank,0,-323,-105,119943,120134,191
105,0,blank,0,-323,-105,120134,120181,47
105,0,blank,0,-323,-105,120181,120492,311
105,0,blank,0,-323,-105,120492,120592,100
105,0,blank,0,-323,-105,120592,120854,262
105,0,blank,0,-323,-105,120854,121052,198
105,0,blank,0,-323,-105,121052,121207,155
105,0,blank,0,-323,-105,121207,121383,176
105,0,blank,0,-323,-105,121383,121573,190
105,0,blank,0,-323,-105,121573,121756,183
105,0,blank,0,-323,-105,121756,121882,126
105,0,blank,0,-323,-105,121882,121990,108
105,0,blank,0,-323,-105,121990,122092,102
105,0,blank,0,-323,-105,122092,122286,194
105,0,blank,0,-323,-105,122286,122460,174
105,0,blank,0,-323,-105,122460,122617,157
105,0,blank,0,-323,-105,122617,122782,165
105,0,blank,0,-323,-105,122782,122944,162
105,0,blank,0,-323,-105,122944,123111,167
105,0,blank,0,-323,-105,123111,123306,195
105,0,blank,0,-323,-105,123306,123504,198
105,0,blank,0,-323,-105,123504,123691,187
105,0,blank,0,-323,-105,123691,123869,178
105,0,blank,0,-323,-105,123869,124049,180
105,0,blank,0,-323,-105,124049,124243,194
105,0,blank,0,-323,-105,124243,124426,183
105,0,blank,0,-323,-105,124426,124474,48
105,0,blank,0,-323,-105,124474,124635,161
105,0,blank,0,-323,-105,124635,124803,168
105,0,blank,0,-323,-105,124803,125098,295
105,0,blank,0,-323,-105,125098,125271,173
105,0,blank,0,-323,-105,125271,125460,189
105,0,blank,0,-323,-105,125460,125652,192
105,0,blank,0,-323,-105,125652,125840,188
105,0,blank,0,-323,-105,125840,126353,513
105,0,blank,0,-323,-105,126353,126548,195
105,0,blank,0,-323,-105,126548,126740,192
105,0,blank,0,-323,-105,126740,126884,144
105,0,blank,0,-323,-105,126884,127026,142
106,0,blank,0,-323,-105,131473,131608,135
106,0,blank,0,-323,-105,131608,131739,131
106,0,blank,0,-323,-105,131739,131920,181
106,0,blank,0,-323,-105,131920,132001,81
106,0,blank,0,-323,-105,132001,132207,206
106,0,blank,0,-323,-105,132207,132239,32
106,0,blank,0,-323,-105,132239,132534,295
106,0,blank,0,-323,-105,132534,132700,166
106,0,blank,0,-323,-105,132700,132897,197
106,0,blank,0,-323,-105,132897,133078,181
106,0,blank,0,-323,-105,133078,133245,167
106,0,blank,0,-323,-105,133245,133430,185
106,0,blank,0,-323,-105,133430,133625,195
106,0,blank,0,-323,-105,133625,133823,198
106,0,blank,0,-323,-105,133823,133994,171
106,0,blank,0,-323,-105,133994,134177,183
106,0,blank,0,-323,-105,134177,134357,180
106,0,blank,0,-323,-105,134357,134487,130
106,0,blank,0,-323,-105,134487,134609,122
106,0,blank,0,-323,-105,134609,134807,198
106,0,blank,0,-323,-105,134807,134999,192
106,0,blank,0,-323,-105,134999,135170,171
106,0,blank,0,-323,-105,135170,135335,165
106,0,blank,0,-323,-105,135335,135524,189
106,0,blank,0,-323,-105,135524,135686,162
106,0,blank,0,-323,-105,135686,135867,181
106,0,blank,0,-323,-105,135867,136045,178
106,0,blank,0,-323,-105,136045,136239,194
106,0,blank,0,-323,-105,136239,136400,161
106,0,blank,0,-323,-105,136400,136553,153
106,0,blank,0,-323,-105,136553,136724,171
106,0,blank,0,-323,-105,136724,136907,183
106,0,blank,0,-323,-105,136907,137071,164
106,0,blank,0,-323,-105,137071,137231,160
106,0,blank,0,-323,-105,137231,137411,180
106,0,blank,0,-323,-105,137411,137598,187
106,0,blank,0,-323,-105,137598,137759,161
106,0,blank,0,-323,-105,137759,137954,195
106,0,blank,0,-323,-105,137954,138114,160
106,0,blank,0,-323,-105,138114,138262,148
106,0,blank,0,-323,-105,138262,138315,53
106,0,blank,0,1009.959,325.11328,138439,138619,180
106,0,blank,0,1024.22,385.3066,138619,138692,73
106,0,blank,0,992.4514,364.28282,138750,138900,150
107,0,blank,0,-323,-105,140109,140189,80
107,15,if,91,96.7776,312.742433333333,140670,140862,192
107,0,blank,0,-323,-105,141001,141176,175
107,0,blank,0,300.146,356.538133333333,141446,141635,189
107,0,blank,0,300.15725,372.0866,141635,141695,60
107,0,blank,0,311.1954,428.8443,141727,141755,28
107,35,"expressionisinvalid\n",164,199.8121,391.6617,142010,142084,74
107,0,blank,0,-323,-105,142698,142800,102
107,0,blank,0,117.14485,289.77715,142829,142933,104
107,29,top,146,61.2886666666667,263.6934,142933,143121,188
107,0,blank,0,42.77245,235.8289,143121,143284,163
107,18,},109,87.9803,290.6727,143284,143323,39
107,0,blank,0,-323,-105,143368,143562,194
107,0,blank,0,-323,-105,143562,143743,181
107,0,blank,0,-323,-105,143743,143852,109
107,0,blank,0,-323,-105,143852,144385,533
107,15,i,95,147.3889,322.7094,144648,144683,35
107,0,blank,0,-323,-105,144717,144856,139
107,15,i,95,145.32558,318.51706,145032,145209,177
107,0,blank,0,326.327583333333,338.971583333333,145238,145424,186
107,0,blank,0,331.4445,315.2419,145424,145458,34
107,35,"expressionisinvalid\n",164,163.309316666667,382.48915,145486,145672,186
107,33,==,158,142.0415,344.52585,145672,145861,189
107,0,blank,0,147.8538,336.171116666667,145861,146056,195
107,0,blank,0,348.02545,337.564125,146091,146213,122
107,35,"expressionisinvalid\n",164,167.815283333333,393.87405,146242,146432,190
107,35,"expressionisinvalid\n",164,171.042433333333,391.335283333333,146432,146624,192
107,0,blank,0,-323,-105,146656,146831,175
107,0,blank,0,150.0839,340.977683333333,146859,147031,172
107,15,a,93,133.498166666667,311.911,147031,147222,191
107,33,==,158,126.381683333333,338.836333333333,147222,147408,186
107,36,exit,167,101.07385,401.804333333333,147408,147594,186
107,0,blank,0,124.236316666667,438.042416666667,147594,147782,188
107,36,(,168,132.688033333333,414.747766666667,147782,147874,92
107,0,blank,0,-323,-105,147905,148090,185
107,0,blank,0,164.26826,323.71526,148272,148441,169
107,0,blank,0,144.99775,303.38985,148441,148504,63
107,28,stack,139,50.1835,245.1262,148504,148728,224
107,28,stack,139,58.64195,238.0574,148728,148912,184
107,0,blank,0,38.29358,269.87582,148912,149070,158
107,0,blank,0,51.35956,201.80418,149070,149268,198
107,0,blank,0,37.256275,225.252025,149268,149395,127
107,0,blank,0,-323,-105,149426,149611,185
107,0,blank,0,-323,-105,149611,149636,25
107,12,scanf,66,63.1931,175.172733333333,149662,149844,182
107,26,void,132,31.1400666666667,184.519516666667,149944,150115,171
107,25,},131,13.457525,176.8167,150115,150294,179
107,26,void,132,40.62372,186.67484,150294,150471,177
107,0,blank,0,77.0353,278.44556,150471,150630,159
107,0,blank,0,251.891725,358.041975,150662,150786,124
107,0,blank,0,355.44455,321.155166666667,150818,151013,195
107,0,blank,0,353.5595,319.7678,151013,151079,66
107,0,blank,0,259.129216666667,618.306583333333,151110,151302,192
107,0,blank,0,256.856816666667,612.740966666667,151302,151491,189
107,46,"\nexpressionisvalid\n",193,295.49415,634.637016666667,151491,151684,193
107,46,"\nexpressionisvalid\n",193,391.933516666667,622.365966666667,151684,151874,190
107,0,blank,0,367.9495,604.8835,151874,151906,32
107,0,blank,0,351.736766666667,367.219866666667,151936,152126,190
107,0,blank,0,388.06175,338.299175,152126,152282,156
107,0,blank,0,177.96906,302.92022,152314,152482,168
107,0,blank,0,163.539,315.05392,152482,152651,169
107,0,blank,0,-323,-105,152688,152885,197
107,0,blank,0,-323,-105,152885,153059,174
107,0,blank,0,-323,-105,153059,153255,196
107,0,blank,0,-323,-105,153255,153356,101
107,0,blank,0,-323,-105,153356,153554,198
107,0,blank,0,-323,-105,153554,153928,374
107,31,pop,151,58.9113166666667,301.277716666667,154065,154252,187
107,29,top,146,63.37,267.4459,154252,154316,64
107,0,blank,0,-323,-105,154384,154548,164
107,0,blank,0,-323,-105,154548,154747,199
107,0,blank,0,-323,-105,154747,154923,176
107,0,blank,0,-323,-105,154923,155098,175
107,0,blank,0,-323,-105,155098,155273,175
107,0,blank,0,-323,-105,155273,155449,176
107,0,blank,0,-323,-105,155449,155627,178
107,0,blank,0,-323,-105,155627,155788,161
107,0,blank,0,-323,-105,155788,155977,189
107,0,blank,0,-323,-105,155977,156161,184
107,0,blank,0,-323,-105,156161,156342,181
107,0,blank,0,-323,-105,156342,156430,88
107,0,blank,0,-323,-105,156430,156636,206
107,0,blank,0,-323,-105,156636,156664,28
107,0,blank,0,-323,-105,156664,156946,282
107,0,blank,0,-323,-105,156946,157181,235
107,0,blank,0,-323,-105,157181,157362,181
107,0,blank,0,-323,-105,157362,157468,106
107,0,blank,0,-323,-105,157468,157578,110
107,0,blank,0,346.8217,360.8816,157621,157646,25
107,0,blank,0,809.487,705.77815,157697,157872,175
107,0,blank,0,817.656,719.28835,157872,158034,162
107,0,blank,0,733.089666666667,712.6953,158034,158227,193
107,0,blank,0,736.881,652.9174,158314,158575,261
107,0,blank,0,707.45195,677.9096,158575,158713,138
107,0,blank,0,-323,-105,158905,159078,173
107,0,blank,0,-323,-105,159078,159143,65
107,0,blank,0,-323,-105,159143,159282,139
107,0,blank,0,-323,-105,159282,159441,159
107,0,blank,0,-323,-105,159441,159623,182
107,0,blank,0,-323,-105,159623,159794,171
107,0,blank,0,-323,-105,159794,159947,153
