Frameno_fix,lineno_fix,Tokenname_fix,tokens_id,gaze_X_fix,gaze_Y_fix,timestamp_fix_start,timestamp_fix_end,time_duration
100,0,blank,0,96.603575,-67.56285,2344,2482,138
100,0,blank,0,101.857466666667,-64.2570666666667,2518,2622,104
100,0,blank,0,76.6743,-85.8702,2762,2791,29
100,0,blank,0,334.23414,-7.07718,2897,3069,172
100,0,blank,0,442.1313,-10.0639,3139,3174,35
100,0,blank,0,447.344,-3.550075,3242,3382,140
100,2,stdio,12,145.0357,37.7957,3484,3519,35
100,3,stdbool,19,146.8444,57.1822,3552,3586,34
100,1,Program,3,96.184,23.1353,3686,3715,29
100,0,blank,0,108.8479,20.8059,3757,3791,34
100,1,determine,5,153.4766,7.3672,4027,4107,80
100,0,blank,0,190.166025,0.380375000000001,4143,4287,144
100,0,blank,0,196.53115,-1.75285,4429,4499,70
100,1,determine,5,211.7698,11.3028,4534,4569,35
100,0,blank,0,147.866166666667,0.847099999999998,4671,4778,107
100,0,blank,0,141.45544,-5.93034,4814,4995,181
100,0,blank,0,176.50512,-10.71174,5065,5248,183
100,0,blank,0,295.92258,-4.85428,5319,5493,174
100,0,blank,0,299.001466666667,-3.37376666666667,5493,5599,106
100,0,blank,0,351.20938,-8.54814,5635,5821,186
100,0,blank,0,353.8095,-3.91262,5821,6006,185
100,0,blank,0,357.7921,-3.86835,6006,6080,74
100,0,blank,0,389.394966666667,0.677566666666664,6117,6232,115
100,1,determine,5,181.33256,23.1741,6304,6487,183
100,1,determine,5,178.33165,19.913,6487,6637,150
100,0,blank,0,365.0871,-11.707175,6712,6853,141
100,0,blank,0,332.19618,-4.55004,6887,7067,180
100,0,blank,0,333.6579,-3.11596666666667,7067,7174,107
100,0,blank,0,139.42062,21.51854,7246,7426,180
100,0,blank,0,142.20495,20.9978,7426,7500,74
100,0,blank,0,101.44458,19.84444,7573,7761,188
100,0,blank,0,94.772,25.32288,7797,7984,187
100,0,blank,0,102.04238,22.6168,7984,8172,188
100,1,determine,5,180.629233333333,17.9068666666667,8212,8322,110
100,0,blank,0,-350,-105,8394,8515,121
100,1,determine,5,170.96434,12.2503,8571,8752,181
100,1,determine,5,167.69492,10.77306,8752,8931,179
100,0,blank,0,188.1926,34.414075,8964,9110,146
100,2,h,14,169.0442,38.33892,9148,9334,186
100,2,h,14,170.33984,38.56386,9334,9528,194
100,2,h,14,167.852,41.5872,9528,9613,85
100,2,>,15,179.1614,35.46535,9734,9926,192
100,2,h,14,170.30592,36.4449,9926,10114,188
100,0,blank,0,162.4981,35.8549,10114,10152,38
100,2,h,14,172.30212,38.7,10186,10371,185
100,2,h,14,170.6123,38.5142333333333,10371,10482,111
100,2,h,14,167.201533333333,39.0631,10522,10635,113
100,0,blank,0,201.23138,36.09322,10672,10857,185
100,0,blank,0,204.79138,40.61982,10857,11041,184
100,0,blank,0,201.1085,42.34295,11041,11113,72
100,12,tomorrow,48,195.56694,260.52876,11186,11364,178
100,12,tomorrow,48,192.35608,259.35504,11364,11541,177
100,0,blank,0,165.1495,83.8592666666667,11577,11683,106
100,0,blank,0,162.5718,91.1702,11718,11752,34
100,0,blank,0,227.815,128.0535,11821,11892,71
100,0,blank,0,320.29166,311.27556,11959,12130,171
100,0,blank,0,317.3052,311.6491,12130,12200,70
100,14,!=,63,212.9395,300.2565,12234,12269,35
100,0,blank,0,215.83728,304.92444,12339,12511,172
100,0,blank,0,219.16235,306.08885,12511,12581,70
100,0,blank,0,262.7955,357.082,12615,12718,103
100,0,blank,0,260.496566666667,361.608366666667,12752,12855,103
100,0,blank,0,193.6422,361.6066,12892,12927,35
100,0,blank,0,197.084125,357.132075,12961,13100,139
100,0,blank,0,250.47964,400.88364,13137,13309,172
100,0,blank,0,248.1135,400.0756,13309,13380,71
100,0,blank,0,159.43884,120.33848,13449,13626,177
100,0,blank,0,159.6992,127.6935,13626,13661,35
100,0,blank,0,116.72468,99.43016,13731,13908,177
100,0,blank,0,119.5592,105.888466666667,13908,14014,106
100,0,blank,0,313.211,571.8381,14155,14192,37
100,0,blank,0,-350,-105,15478,15562,84
100,0,blank,0,-350,-105,15562,15730,168
100,0,blank,0,-350,-105,15730,15909,179
100,0,blank,0,-350,-105,15909,16086,177
100,0,blank,0,-350,-105,16086,16193,107
100,0,blank,0,117.1611,86.7735333333333,16227,16332,105
100,0,blank,0,119.89808,71.91776,16367,16547,180
100,6,;,28,141.2686,114.0271,16583,16763,180
100,0,blank,0,142.741,116.4907,16763,16939,176
100,0,blank,0,143.6276,117.40685,16939,17010,71
100,6,month,27,117.4302,128.7523,17045,17220,175
100,0,blank,0,130.24566,136.58504,17253,17431,178
100,0,blank,0,130.2298,133.829025,17431,17572,141
100,7,;,31,114.76876,139.16622,17609,17789,180
100,0,blank,0,111.13785,135.4151,17789,17867,78
100,0,blank,0,136.9866,142.54856,17904,18100,196
100,0,blank,0,136.21255,145.96825,18100,18269,169
100,0,blank,0,141.66854,156.90274,18269,18466,197
100,0,blank,0,143.1516,154.4185,18466,18503,37
100,8,year,33,123.464666666667,167.031133333333,18538,18653,115
100,0,blank,0,85.4646,192.96496,18731,18918,187
100,0,blank,0,92.48436,198.5325,18918,19104,186
100,10,date,42,89.07475,203.5934,19104,19175,71
100,10,dateUpdate,39,147.89298,206.61534,19211,19395,184
100,10,dateUpdate,39,142.634625,206.7233,19395,19573,178
100,10,dateUpdate,39,147.02445,207.71115,19573,19673,100
100,10,dateUpdate,39,190.841975,206.5185,19708,19851,143
100,10,dateUpdate,39,189.8404,201.737,19886,19956,70
100,10,dateUpdate,39,193.157333333333,211.0938,19990,20096,106
100,10,dateUpdate,39,156.1692,202.2897,20131,20167,36
100,10,dateUpdate,39,156.98798,207.04298,20202,20383,181
100,10,dateUpdate,39,179.927466666667,216.4194,20455,20560,105
100,0,blank,0,210.7334,230.5837,20630,20699,69
100,0,blank,0,203.04824,222.451,20735,20913,178
100,10,dateUpdate,39,203.275,213.1987,20913,20947,34
100,10,dateUpdate,39,202.0915,216.8467,21053,21088,35
100,10,dateUpdate,39,179.53984,211.78748,21124,21295,171
100,10,dateUpdate,39,189.1499,217.5027,21295,21330,35
100,10,dateUpdate,39,217.99584,214.96374,21366,21542,176
100,0,blank,0,220.5248,223.4293,21542,21577,35
100,10,dateUpdate,39,217.73582,211.44922,21647,21820,173
100,10,struct,41,303.15792,213.41336,21889,22067,178
100,0,blank,0,304.8211,211.3303,22067,22175,108
100,0,blank,0,246.2135,231.25415,22347,22415,68
100,0,blank,0,87.627,226.8799,22836,22869,33
100,0,blank,0,85.4262333333333,229.6572,22974,23074,100
100,10,date,42,81.56535,221.4635,23108,23176,68
100,10,date,42,76.25595,218.9363,23316,23384,68
100,10,date,42,80.1725,217.5163,23454,23489,35
100,0,blank,0,116.7303,210.7262,23557,23591,34
100,0,blank,0,145.5275,224.5738,23839,23914,75
100,0,blank,0,137.45445,224.0225,23979,24047,68
100,10,dateUpdate,39,139.5202,217.974033333333,24116,24282,166
100,10,dateUpdate,39,220.395175,212.503925,24316,24459,143
100,10,date,42,329.0772,211.867775,24531,24668,137
100,0,blank,0,306.307,201.2744,24705,24738,33
100,0,blank,0,304.93138,210.13868,24772,24946,174
100,0,blank,0,307.7508,202.9156,24946,24980,34
100,10,date,42,335.936933333333,210.2678,25049,25152,103
100,10,date,42,343.226,216.1687,25187,25258,71
100,10,date,42,340.812133333333,216.771966666667,25329,25435,106
100,10,date,42,342.2766,221.4448,25472,25510,38
100,10,date,42,322.4516,212.678,25584,25621,37
100,0,blank,0,334.4023,223.1238,25657,25693,36
100,10,today,43,379.79714,210.3786,25730,25908,178
100,10,today,43,382.4423,211.9026,25908,25945,37
100,0,blank,0,308.177933333333,210.967,26054,26155,101
100,10,struct,41,292.40834,207.7585,26188,26357,169
100,10,struct,41,296.0694,217.69146,26357,26525,168
100,10,struct,41,293.057866666667,215.787266666667,26525,26627,102
100,10,date,42,351.8571,216.20225,26796,26865,69
100,10,date,42,351.301675,215.418925,26903,27041,138
100,10,today,43,371.36088,211.3631,27218,27394,176
100,12,date,47,125.35625,262.742,27632,27702,70
100,0,blank,0,126.4675,239.8725,28447,28493,46
100,10,struct,41,254.640433333333,208.4685,28539,28678,139
100,12,struct,46,100.0376,255.1403,28818,28865,47
100,12,struct,46,44.5089,256.0687,28961,29009,48
100,0,blank,0,25.676,259.4039,29078,29144,66
100,12,struct,46,76.9636333333333,261.668266666667,29249,29351,102
100,12,struct,46,74.0489,252.7743,29386,29421,35
100,12,struct,46,44.119325,263.54725,29552,29687,135
100,12,struct,46,63.52545,260.76535,29753,29823,70
100,13,int,50,68.3117,274.7941,29858,29892,34
100,12,struct,46,70.7727,264.2094,30071,30182,111
100,13,int,50,71.3747,274.0221,30182,30280,98
100,12,date,47,135.709266666667,258.417466666667,30470,30572,102
100,12,struct,46,95.60445,261.2527,30883,30952,69
100,0,blank,0,45.71595,288.89945,31052,31120,68
100,0,blank,0,15.3791,295.6036,31325,31360,35
100,0,blank,0,19.8355,303.8499,31392,31425,33
100,0,blank,0,8.72154999999999,292.75665,31526,31660,134
100,0,blank,0,7.53583333333334,294.276333333333,31694,31794,100
100,0,blank,0,66.9486,308.2903,31963,31997,34
100,14,if,58,57.8498,292.2535,32030,32065,35
100,0,blank,0,67.6716,302.34525,32100,32170,70
100,0,blank,0,66.9831,306.02585,32238,32307,69
100,0,blank,0,67.7989,288.64,32482,32516,34
100,0,blank,0,29.4012,291.8899,32655,32688,33
100,0,blank,0,78.3471,281.6223,32865,32900,35
100,13,numberOfDays,51,146.654575,284.585325,33114,33253,139
100,13,numberOfDays,51,193.1118,273.5929,33321,33356,35
100,14,!=,63,197.2921,290.591625,33425,33557,132
100,13,numberOfDays,51,179.99174,277.90542,33590,33759,169
100,14,day,62,175.9644,294.329,33827,33895,68
100,13,numberOfDays,51,127.91166,269.08946,33929,34099,170
100,12,struct,46,71.88585,254.77335,34164,34233,69
100,12,struct,46,76.6652,262.969275,34267,34402,135
100,10,struct,41,47.18842,217.75126,34437,34609,172
100,10,struct,41,49.7514333333333,218.202433333333,34609,34710,101
100,10,date,42,91.2165,208.044733333333,34808,34907,99
100,10,date,42,89.9303,219.8231,34940,34974,34
100,10,date,42,87.0956,212.1145,35042,35076,34
100,0,blank,0,121.69946,215.03074,35145,35317,172
100,13,int,50,64.3876,280.0782,35351,35386,35
100,13,int,50,61.78235,274.2101,35456,35528,72
100,0,blank,0,22.55022,264.67194,35564,35742,178
100,0,blank,0,24.16,271.9455,35742,35848,106
100,10,dateUpdate,39,185.3367,214.883625,35917,36054,137
100,0,blank,0,36.76175,248.8452,36190,36334,144
100,13,numberOfDays,51,100.5409,277.9045,36404,36439,35
100,13,numberOfDays,51,85.3555,287.3853,36509,36579,70
100,0,blank,0,22.2404,329.2485,36649,36685,36
100,0,blank,0,19.6122,333.2848,36757,36793,36
100,0,blank,0,40.6429,395.5809,36863,36897,34
100,0,blank,0,36.3773,399.5004,36934,36970,36
100,0,blank,0,39.4285,359.8116,37044,37081,37
100,15,{,69,50.9579,329.489633333333,37187,37296,109
100,0,blank,0,44.9113,311.861133333333,37330,37440,110
100,0,blank,0,16.9774,290.856,37548,37687,139
100,0,blank,0,-350,-105,37824,38020,196
100,12,tomorrow,48,196.05114,262.4721,38157,38330,173
100,12,tomorrow,48,187.099933333333,264.874066666667,38330,38435,105
100,12,tomorrow,48,189.40688,264.75248,38539,38712,173
100,13,numberOfDays,51,195.9454,274.3354,38712,38747,35
100,0,blank,0,298.3123,260.4051,38921,38955,34
100,0,blank,0,292.124,263.3641,38991,39025,34
100,13,date,54,293.3363,270.1325,39166,39238,72
100,0,blank,0,327.9208,251.7807,39310,39346,36
100,13,d,55,352.42068,269.379,39488,39667,179
100,13,),56,355.3325,286.5424,39667,39702,35
100,0,blank,0,355.0523,265.3598,39739,39774,35
100,13,),56,355.9207,287.42445,39880,39953,73
100,13,),56,358.9113,277.6747,39989,40025,36
100,13,d,55,345.479266666667,268.8041,40097,40206,109
100,13,d,55,348.74106,279.6882,40242,40424,182
100,13,d,55,346.79,275.465,40424,40461,37
100,0,blank,0,354.0547,257.814,40607,40642,35
100,13,),56,354.1744,273.8802,40676,40712,36
100,14,today,66,139.5084,300.5141,40860,40895,35
100,14,.,61,150.2135,302.1324,40997,41034,37
100,13,numberOfDays,51,116.44,276.6917,41139,41175,36
100,14,today,66,115.3593,308.0876,41210,41246,36
100,0,blank,0,126.1748,325.7975,41316,41351,35
100,0,blank,0,164.91266,315.05252,41387,41560,173
100,0,blank,0,165.7498,316.8847,41560,41667,107
100,0,blank,0,166.708,318.982466666667,41842,41944,102
100,0,blank,0,335.1026,361.3789,42046,42076,30
100,0,blank,0,322.4927,362.8781,42110,42145,35
100,0,blank,0,329.4942,351.27035,42180,42252,72
100,14,numberOfDays,64,227.9353,309.738,42465,42500,35
100,0,blank,0,565.0839,488.5649,42605,42639,34
100,0,blank,0,661.607,671.33045,42812,42880,68
100,0,blank,0,708.062333333333,684.924833333333,42915,43024,109
100,0,blank,0,743.333,690.0808,43197,43230,33
100,0,blank,0,730.631,705.2451,43265,43302,37
100,0,blank,0,647.2035,-103.9786,43512,43547,35
100,0,blank,0,646.098,-103.9823,43788,43822,34
100,0,blank,0,659.996,-103.96252,43891,44072,181
100,0,blank,0,661.6138,-103.96824,44072,44253,181
100,0,blank,0,629.495,-103.98035,44289,44360,71
100,0,blank,0,818.124,727.759,44431,44468,37
100,0,blank,0,823.631,720.619,44718,44790,72
100,0,blank,0,768.87025,725.02365,44826,44971,145
100,0,blank,0,769.91,726.7672,45043,45080,37
100,0,blank,0,720.506,714.954775,45118,45266,148
100,0,blank,0,708.054,713.5858,45301,45337,36
100,0,blank,0,-350,-105,45413,45551,138
100,14,today,66,115.5786,294.1143,45786,45827,41
100,14,today,66,131.6908,303.0684,45930,45965,35
100,14,(,65,76.7462,303.36256,46067,46241,174
100,0,blank,0,71.6031,307.3756,46241,46277,36
100,14,(,65,80.6555,297.511,46312,46346,34
100,13,int,50,67.17185,286.71535,46381,46453,72
100,13,int,50,70.946,284.1482,46522,46557,35
100,13,int,50,57.3046,275.07185,46593,46665,72
100,13,numberOfDays,51,193.139133333333,275.6386,46805,46906,101
100,14,numberOfDays,64,274.901066666667,290.294366666667,47224,47329,105
100,14,numberOfDays,64,276.8672,300.1779,47433,47468,35
100,13,numberOfDays,51,169.8476,287.76375,47575,47719,144
100,14,today,66,106.47364,293.8115,47825,48005,180
100,13,numberOfDays,51,104.462,283.426,48005,48040,35
100,0,blank,0,240.2064,319.16745,48218,48289,71
100,0,blank,0,486.7718,390.2729,48359,48396,37
100,0,blank,0,906.341333333333,673.743766666667,48762,48866,104
100,0,blank,0,901.611,676.20575,48902,48972,70
100,0,blank,0,929.333,654.9196,49112,49183,71
100,0,blank,0,904.9535,673.2757,49618,49688,70
100,0,blank,0,913.306333333333,677.4125,49796,49906,110
100,0,blank,0,911.981,682.9287,50014,50089,75
100,0,blank,0,917.994,680.9017,50162,50198,36
100,0,blank,0,942.469,680.019,51108,51163,55
100,0,blank,0,905.976,770.7742,51375,51481,106
100,0,blank,0,767.304,771.6311,51590,51647,57
100,0,blank,0,534.348325,780.4985,51861,52001,140
100,0,blank,0,328.7131,792.2461,52140,52214,74
100,0,blank,0,312.375466666667,782.409966666667,52250,52359,109
100,0,blank,0,513.745,792.7078,52431,52499,68
100,0,blank,0,511.06215,787.97795,52538,52605,67
100,0,blank,0,533.4458,775.612333333333,52671,52776,105
100,13,numberOfDays,51,186.29592,283.38496,52908,53078,170
100,13,numberOfDays,51,187.9113,287.7089,53078,53148,70
100,12,date,47,144.37915,262.61775,53217,53285,68
100,14,day,62,160.5323,300.4298,53353,53386,33
100,0,blank,0,100.0856,199.878,53965,54011,46
100,0,blank,0,-350,-105,54308,54507,199
100,0,blank,0,-350,-105,54507,54687,180
100,0,blank,0,-350,-105,54687,54881,194
100,0,blank,0,-350,-105,54881,54917,36
100,0,blank,0,-350,-105,54917,55173,256
100,0,blank,0,-350,-105,55173,55427,254
100,12,struct,46,90.76222,257.03316,55563,55755,192
100,12,struct,46,86.76755,257.29445,55755,55828,73
100,12,struct,46,80.6176,257.4441,55864,55899,35
100,12,date,47,130.58614,260.1265,55970,56151,181
100,12,date,47,133.2186,260.643266666667,56151,56257,106
100,0,blank,0,77.42922,269.77948,56295,56477,182
100,0,blank,0,76.0831,277.959,56477,56513,36
100,0,blank,0,80.379,270.56276,56550,56731,181
100,0,blank,0,79.2237666666667,267.628533333333,56731,56840,109
100,0,blank,0,38.17542,279.05662,56875,57062,187
100,0,blank,0,35.5077,286.9682,57062,57098,36
100,12,struct,46,50.34576,263.0029,57133,57319,186
100,0,blank,0,-1.75974,214.16858,57358,57541,183
100,0,blank,0,0.202266666666674,218.9321,57541,57648,107
100,10,struct,41,44.78758,214.238,57683,57858,175
100,10,struct,41,9.2461,210.31524,57893,58070,177
100,10,struct,41,16.41906,211.87162,58070,58249,179
100,10,struct,41,9.59989999999999,201.1794,58249,58285,36
100,10,struct,41,45.5034,209.2414,58318,58354,36
100,10,struct,41,43.0812,213.017633333333,58465,58569,104
100,0,blank,0,91.80094,199.75248,58605,58783,178
100,0,blank,0,89.39202,199.1599,58783,58958,175
100,0,blank,0,89.6892,190.69235,58958,59025,67
100,0,blank,0,85.347,195.11,59059,59093,34
100,0,blank,0,52.0814,185.3883,59128,59161,33
100,10,struct,41,50.7188333333334,204.597566666667,59196,59299,103
100,0,blank,0,38.85625,198.118325,59332,59470,138
100,0,blank,0,44.175,192.0391,59577,59611,34
100,10,struct,41,40.6633333333333,202.762233333333,59653,59824,171
100,10,struct,41,32.6038,205.1203,59891,59963,72
100,0,blank,0,34.8702,199.2063,60029,60063,34
100,0,blank,0,50.2314,190.7368,61015,61111,96
100,10,date,42,106.4093,203.7032,61425,61465,40
100,0,blank,0,57.2707,198.2556,61539,61574,35
100,0,blank,0,51.8308,226.0984,61716,61751,35
100,10,dateUpdate,39,143.3089,202.5788,62161,62192,31
100,0,blank,0,135.74685,198.1069,62264,62335,71
100,10,dateUpdate,39,135.3476,201.7173,62483,62562,79
100,0,blank,0,144.4004,200.7359,62629,62662,33
100,10,dateUpdate,39,214.2654,205.0901,63027,63059,32
100,10,dateUpdate,39,204.8617,212.5143,63212,63249,37
100,10,struct,41,264.4853,204.2563,63397,63474,77
100,10,dateUpdate,39,209.41398,205.52328,63660,63830,170
100,10,dateUpdate,39,210.592633333333,208.8949,63830,63929,99
100,10,struct,41,298.17435,208.3317,64027,64166,139
100,0,blank,0,292.75355,198.6997,64199,64269,70
100,0,blank,0,224.60298,205.87862,64341,64515,174
100,10,dateUpdate,39,194.8895,213.1859,64586,64622,36
100,0,blank,0,-350,-105,65378,65502,124
100,0,blank,0,-350,-105,65619,65661,42
100,0,blank,0,198.1624,193.3418,66022,66056,34
100,10,dateUpdate,39,126.937933333333,211.093433333333,66340,66445,105
100,0,blank,0,-10.3845333333333,224.6789,66825,66924,99
100,0,blank,0,-18.6383,208.9027,66956,67021,65
100,0,blank,0,27.9466,244.6494,67152,67183,31
100,0,blank,0,-12.1851,219.3914,67425,67541,116
100,0,blank,0,26.130625,272.373375,67644,67814,170
100,0,blank,0,37.1625,274.2123,67814,67848,34
100,12,struct,46,91.6338,260.6793,68031,68099,68
100,0,blank,0,25.5933,382.461,68433,68465,32
100,0,blank,0,31.9801333333333,368.9009,68499,68604,105
100,0,blank,0,86.4517,363.41815,68639,68783,144
100,13,numberOfDays,51,117.479125,277.976175,68893,69064,171
100,13,numberOfDays,51,115.57015,270.16595,69064,69144,80
100,13,int,50,64.5534333333333,276.459033333333,69182,69288,106
100,0,blank,0,26.8562666666667,278.649433333333,69431,69538,107
100,0,blank,0,9.73950000000002,266.5323,69574,69611,37
100,0,blank,0,12.1624333333333,273.553933333333,69680,69786,106
100,28,int,149,24.03485,599.0769,69857,69926,69
100,0,blank,0,24.6136,585.6395,69960,69996,36
100,0,blank,0,-1.38395,614.73165,70098,70167,69
100,0,blank,0,2.19527500000001,244.86665,70304,70447,143
100,9,},35,4.67638000000001,193.29402,70519,70700,181
100,0,blank,0,10.4479,134.3333,70772,70907,135
100,0,blank,0,-21.42585,61.2755,71030,71187,157
100,0,blank,0,-14.8704,71.3887,71223,71258,35
100,0,blank,0,-16.38354,205.02164,71325,71497,172
100,0,blank,0,-16.251,208.7272,71497,71532,35
100,0,blank,0,-12.04118,612.1937,71602,71775,173
100,28,int,149,32.34648,609.57426,71811,71982,171
100,28,int,149,28.26444,611.95314,71982,72149,167
100,28,int,149,24.3065,607.6004,72149,72217,68
100,28,int,149,22.0874,615.96265,72251,72319,68
100,28,numberOfDays,150,124.71322,611.12686,72387,72556,169
100,28,numberOfDays,150,121.148933333333,610.7113,72556,72657,101
100,0,blank,0,125.41265,619.7818,72690,72756,66
100,0,blank,0,377.464733333333,504.0617,73106,73215,109
100,0,blank,0,121.3117,501.286925,73287,73435,148
100,0,blank,0,89.89925,402.194675,73508,73650,142
100,16,date,74,274.13992,338.65044,73721,73899,178
100,0,blank,0,267.0226,343.320075,73899,74037,138
100,0,blank,0,285.90755,405.059475,74071,74210,139
100,18,month,98,224.59494,391.5679,74280,74450,170
100,0,blank,0,440.321525,385.13135,74552,74691,139
100,0,blank,0,944.227,335.3043,74837,74903,66
100,0,blank,0,954.8646,331.83768,75009,75185,176
100,0,blank,0,945.938,338.452,75185,75221,36
100,0,blank,0,966.4264,336.19304,75257,75429,172
100,0,blank,0,965.4572,342.89926,75429,75599,170
100,0,blank,0,963.068333333333,352.640266666667,75633,75737,104
100,0,blank,0,964.611666666667,351.918666666667,75770,75872,102
100,0,blank,0,929.012,487.0014,75974,76111,137
101,0,blank,0,958.61925,418.7139,76974,77127,153
101,0,blank,0,181.73228,147.83948,77238,77420,182
101,0,blank,0,155.44288,79.67254,77492,77664,172
101,32,daysPerMonth,170,143.749175,66.913375,77698,77832,134
101,37,isLeapYear,203,129.6588,163.34364,77900,78067,167
101,37,isLeapYear,203,124.5719,160.046,78067,78100,33
101,0,blank,0,110.92296,280.07522,78166,78332,166
101,0,blank,0,111.3393,282.1368,78332,78366,34
101,45,leapYearFlag,245,124.325,350.6224,78433,78498,65
101,46,year,269,127.939166666667,357.1494,78532,78632,100
101,43,isLeapYear,237,121.972,303.3362,78665,78698,33
101,43,isLeapYear,237,119.337566666667,292.811633333333,78730,78829,99
101,43,isLeapYear,237,109.839583333333,298.808233333333,78863,79058,195
101,43,isLeapYear,237,103.9694,303.3733,79058,79090,32
101,43,isLeapYear,237,119.106833333333,298.14185,79123,79317,194
101,43,isLeapYear,237,122.7781,302.490866666667,79317,79414,97
101,43,isLeapYear,237,120.338433333333,305.40765,79481,79674,193
101,43,isLeapYear,237,107.24582,300.76912,79708,79872,164
101,43,isLeapYear,237,90.37432,301.05732,79904,80068,164
101,43,isLeapYear,237,128.31035,311.24995,80134,80240,106
101,43,isLeapYear,237,135.9629,298.92215,80413,80478,65
101,43,isLeapYear,237,91.4657,303.344983333333,80773,80967,194
101,43,isLeapYear,237,90.958,296.7683,80967,81000,33
101,43,isLeapYear,237,73.4861,311.7788,81033,81065,32
101,0,blank,0,77.59315,313.3997,81130,81263,133
101,52,main,289,76.2352,505.7426,81733,81766,33
101,0,blank,0,114.5805,519.0925,81897,81930,33
101,52,void,291,115.3177,490.5423,82164,82202,38
101,0,blank,0,-350,-105,82403,82537,134
101,55,thisDay,305,163.9944,566.9681,82666,82698,32
101,0,blank,0,137.5206,526.317175,82967,83135,168
101,0,blank,0,142.967,527.4793,83135,83169,34
101,0,blank,0,136.7103,530.677125,83204,83343,139
101,0,blank,0,177.43802,522.1192,83378,83556,178
101,0,blank,0,169.55366,518.24378,83556,83728,172
101,0,blank,0,169.22154,521.10994,83728,83901,173
101,0,blank,0,167.04295,518.324275,83901,84041,140
101,55,thisDay,305,171.881,573.4202,84218,84255,37
101,55,thisDay,305,170.707466666667,566.4032,84363,84476,113
101,55,date,304,126.63648,566.4747,84693,84879,186
101,55,date,304,128.3235,564.9524,84879,84951,72
101,55,date,304,124.44754,564.35956,84990,85170,180
101,55,date,304,120.84294,561.40144,85170,85353,183
101,55,date,304,116.366575,557.1898,85353,85497,144
101,0,blank,0,190.604,555.1865,85569,85605,36
101,55,thisDay,305,193.302625,569.47895,85644,85792,148
101,55,thisDay,305,183.1275,568.394975,85907,86057,150
101,55,comma,306,239.31192,566.90212,86096,86281,185
101,55,thisDay,305,233.7621,561.70755,86281,86354,73
101,55,thisDay,305,220.264725,563.76525,86392,86544,152
101,55,thisDay,305,227.90034,567.59068,86582,86770,188
101,55,comma,306,237.83196,566.15308,86770,86952,182
101,0,blank,0,251.62446,575.00296,86952,87128,176
101,55,comma,306,234.4663,566.88542,87163,87338,175
101,55,comma,306,236.1684,568.6882,87338,87373,35
101,55,thisDay,305,201.7782,564.85732,87444,87624,180
101,55,thisDay,305,202.774466666667,562.0331,87624,87732,108
101,55,thisDay,305,171.3442,557.8638,87768,87803,35
101,55,thisDay,305,190.8047,575.3844,87840,87876,36
101,55,thisDay,305,179.6788,562.3398,87912,87948,36
101,55,comma,306,236.734466666667,558.742333333333,88020,88127,107
101,55,nextDay,307,259.03,565.535875,88198,88338,140
101,0,blank,0,350.018366666667,566.477466666667,88408,88515,107
101,0,blank,0,349.596475,572.742325,88552,88694,142
101,0,blank,0,400.9635,556.30514,88801,88979,178
101,0,blank,0,395.34324,561.31356,88979,89151,172
101,0,blank,0,392.219866666667,562.6621,89151,89253,102
101,0,blank,0,366.19872,559.37008,89359,89532,173
101,54,date,299,358.7198,551.5296,89532,89566,34
101,0,blank,0,351.9083,561.42375,89599,89669,70
101,0,blank,0,425.1105,559.43315,89775,89911,136
101,0,blank,0,424.5296,567.393,89980,90081,101
101,55,thisDay,305,196.024166666667,574.663866666667,90186,90298,112
101,0,blank,0,161.56835,576.66005,90434,90502,68
101,55,thisDay,305,175.61965,567.5303,90602,90666,64
101,56,"Entertoday'sdate(mmddyyyy):",311,263.44365,583.5963,90961,91028,67
101,54,dateUpdate,296,258.34185,551.641925,91509,91656,147
101,55,nextDay,307,265.3926,568.007,91688,91785,97
101,0,blank,0,277.805933333333,555.5373,91819,91917,98
101,56,"Entertoday'sdate(mmddyyyy):",311,291.45845,580.49065,91950,92015,65
101,0,blank,0,336.5873,557.4528,92049,92081,32
101,0,blank,0,350.14065,567.752,92115,92183,68
101,0,blank,0,339.6252,561.6524,92250,92283,33
101,54,today,300,404.24704,549.44638,92348,92514,166
101,59,"Tomorrow'sdateis%i/%i/%.2i.\n",343,255.2587,659.5088,92817,92849,32
101,56,"Entertoday'sdate(mmddyyyy):",311,184.3847,590.1297,93594,93693,99
101,56,"Entertoday'sdate(mmddyyyy):",311,229.1836,586.876625,93826,93960,134
101,57,&,328,233.1566,603.6862,94062,94095,33
101,56,"Entertoday'sdate(mmddyyyy):",311,224.2873,584.0884,94130,94163,33
101,56,"Entertoday'sdate(mmddyyyy):",311,307.255933333333,579.793333333333,94198,94298,100
101,0,blank,0,310.57025,576.2695,94331,94399,68
101,57,thisDay,329,245.0645,600.4886,95235,95269,34
101,56,"Entertoday'sdate(mmddyyyy):",311,227.42104,597.7901,95304,95486,182
101,56,"Entertoday'sdate(mmddyyyy):",311,184.617775,578.4737,95521,95667,146
102,0,blank,0,950.0905,45.417725,96105,96248,143
102,0,blank,0,92.6462,100.5754,96389,96458,69
102,0,blank,0,95.8347,107.2754,96520,96654,134
102,2,<,11,98.06322,39.41996,96688,96862,174
102,2,stdio,12,104.3162,36.7441,96862,96895,33
102,2,<,11,101.8154,41.8142333333333,96928,97026,98
102,3,stdbool,19,124.5462,61.6862,97059,97157,98
102,3,stdbool,19,113.55468,58.39936,97190,97358,168
102,0,blank,0,129.27858,66.8161,97392,97560,168
102,0,blank,0,129.40582,67.75478,97560,97727,167
102,0,blank,0,950.6234,128.0979,97862,98041,179
102,0,blank,0,942.616,134.1856,98041,98076,35
102,0,blank,0,953.4576,131.48948,98112,98291,179
102,0,blank,0,962.429,132.3085,98291,98326,35
103,54,dateUpdate,296,169.0372,543.9318,99168,99203,35
103,54,dateUpdate,296,168.0938,544.398,99274,99345,71
103,55,thisDay,305,187.7227,564.0389,99379,99415,36
103,55,thisDay,305,203.33405,557.1223,99727,99795,68
103,55,comma,306,238.53864,563.43522,99896,100069,173
103,55,thisDay,305,227.399775,559.5758,100069,100205,136
103,55,comma,306,240.5533,572.3955,100307,100343,36
103,55,thisDay,305,211.23198,569.15092,100448,100624,176
103,55,thisDay,305,214.21505,567.5552,100624,100764,140
103,55,thisDay,305,188.721366666667,568.359866666667,100799,100906,107
103,55,date,304,143.3128,575.10308,101043,101216,173
103,55,date,304,141.4734,573.1996,101216,101251,35
103,0,blank,0,-350,-105,101319,101376,57
103,55,nextDay,307,269.5967,564.3966,101633,101666,33
103,55,nextDay,307,268.0374,570.5262,101732,101764,32
103,0,blank,0,347.5679,548.8176,101960,101993,33
103,0,blank,0,355.6218,564.0658,102025,102058,33
103,0,blank,0,344.021566666667,548.736333333333,102123,102222,99
103,0,blank,0,354.5245,560.9434,102320,102354,34
103,57,"%i%i%i",316,198.7683,600.5035,103538,103571,33
103,58,thisDay,338,314.2027,625.0768,103706,103738,32
103,57,thisDay,329,273.2028,602.998266666667,103771,103868,97
103,57,thisDay,329,282.956,618.3808,103933,103966,33
103,57,thisDay,329,270.181,616.309,104065,104099,34
103,57,thisDay,329,249.423166666667,608.675033333333,104166,104271,105
103,57,month,321,329.6074,609.64786,104340,104513,173
103,58,(,337,257.7195,630.9116,104548,104581,33
103,58,dateUpdate,336,165.920966666667,622.900666666667,104820,104923,103
103,58,dateUpdate,336,154.48585,639.47545,105060,105129,69
103,58,dateUpdate,336,239.2719,621.7383,105234,105270,36
103,0,blank,0,247.61305,628.99355,105306,105377,71
103,58,thisDay,338,309.1906,630.199,105450,105485,35
103,58,thisDay,338,296.6847,621.1599,105521,105556,35
103,57,thisDay,329,290.2673,617.00285,105625,105696,71
103,57,thisDay,329,287.3386,619.57175,105731,105874,143
103,0,blank,0,301.9936,598.9513,105909,105945,36
103,58,thisDay,338,296.33728,633.07032,106116,106293,177
103,58,thisDay,338,295.72905,630.0102,106293,106366,73
103,58,thisDay,338,288.42494,632.67324,106403,106582,179
103,58,thisDay,338,280.483475,634.09425,106615,106760,145
103,58,thisDay,338,275.8922,621.5279,106795,106831,36
103,58,thisDay,338,279.81885,626.889625,106869,107015,146
103,0,blank,0,958.89,549.3245,107162,107306,144
103,0,blank,0,944.6938,541.10082,107340,107519,179
103,0,blank,0,947.662,532.88685,107519,107592,73
103,0,blank,0,948.3944,534.12088,107627,107807,180
103,0,blank,0,945.478,533.0645,107807,107879,72
103,57,month,321,347.8398,610.541775,108068,108221,153
103,57,month,321,327.37225,616.062825,108260,108416,156
103,0,blank,0,410.016966666667,635.371133333333,108494,108603,109
103,0,blank,0,430.42866,624.95966,108638,108815,177
103,0,blank,0,466.3161,629.26372,108849,109020,171
103,0,blank,0,464.613233333333,628.545666666667,109020,109123,103
104,0,blank,0,154.41845,116.0846,109694,109824,130
104,6,month,27,122.1909,131.49145,109982,110043,61
104,6,month,27,122.0401,124.7113,110179,110213,34
104,0,blank,0,195.5207,227.517166666667,110280,110382,102
104,0,blank,0,130.0657,108.695,110451,110484,33
104,0,blank,0,136.2319,97.2482,110551,110585,34
104,0,blank,0,130.567233333333,68.4233666666667,110651,110780,129
104,6,;,28,134.6982,120.8101,110845,110878,33
104,0,blank,0,139.13925,133.1563,110913,110979,66
104,6,month,27,131.1233,126.3187,111013,111046,33
104,0,blank,0,137.89334,143.2474,111080,111247,167
104,0,blank,0,126.41506,146.31202,111247,111414,167
104,12,date,47,133.601925,264.96275,112090,112229,139
104,12,tomorrow,48,199.82914,261.33726,112300,112471,171
104,12,tomorrow,48,199.726766666667,263.159866666667,112471,112576,105
104,13,(,52,216.0005,282.7648,112611,112677,66
104,14,numberOfDays,64,298.104366666667,298.742166666667,112710,112812,102
104,14,numberOfDays,64,303.1833,295.634466666667,112880,112982,102
104,0,blank,0,307.9927,449.2075,113050,113084,34
104,0,blank,0,312.6692,455.94155,113118,113252,134
104,0,blank,0,432.078166666667,454.349266666667,113351,113452,101
104,0,blank,0,202.551,449.53755,113587,113658,71
104,0,blank,0,213.07555,443.99195,113691,113760,69
104,0,blank,0,331.22834,465.45854,113827,113999,172
104,0,blank,0,921.491333333333,348.4699,114104,114206,102
104,0,blank,0,958.094333333333,220.367866666667,114501,114600,99
104,0,blank,0,254.4541,631.96845,114703,114774,71
104,0,blank,0,241.203266666667,626.814666666667,114881,114988,107
104,0,blank,0,253.186,639.9597,115023,115060,37
104,0,blank,0,191.836133333333,591.295633333333,115130,115234,104
104,24,today,139,413.11194,529.4429,115303,115484,181
104,0,blank,0,419.796625,536.628525,115484,115631,147
105,0,blank,0,413.7544,507.8134,115987,116021,34
105,57,thisDay,329,418.27974,600.30724,116126,116302,176
105,0,blank,0,414.8121,598.7943,116302,116335,33
105,0,blank,0,426.8864,629.51696,116369,116542,173
105,0,blank,0,-350,-105,116648,116730,82
105,57,thisDay,329,450.0707,618.3168,116893,116918,25
105,57,thisDay,329,423.27086,614.81676,116955,117130,175
105,57,thisDay,329,412.343766666667,618.7,117165,117270,105
105,0,blank,0,421.64285,621.53885,117306,117375,69
105,57,month,321,333.6257,617.8842,117515,117660,145
105,58,thisDay,338,310.4178,636.0077,118018,118054,36
105,58,thisDay,338,296.90485,626.75715,118089,118158,69
105,58,thisDay,338,327.17496,636.9619,118230,118415,185
105,58,thisDay,338,323.55236,630.16982,118415,118599,184
105,58,thisDay,338,325.6774,640.692775,118599,118746,147
105,58,thisDay,338,319.2218,627.704,118782,118858,76
105,58,),339,339.77076,637.2678,118897,119080,183
105,58,),339,337.82648,637.19348,119080,119262,182
105,58,),339,337.462533333333,637.985166666667,119262,119373,111
105,58,),339,335.368,633.388866666667,119408,119519,111
105,0,blank,0,185.8108,486.2079,119879,119916,37
105,0,blank,0,172.765525,531.11725,119956,120138,182
105,54,dateUpdate,296,173.4702,534.8079,120138,120173,35
105,57,month,321,340.78954,619.98376,120244,120421,177
105,0,blank,0,421.95578,620.52116,120524,120704,180
105,0,blank,0,422.696725,626.666325,120704,120847,143
105,0,blank,0,448.0839,628.012,120881,120917,36
105,57,thisDay,329,450.260875,616.003025,120953,121093,140
105,0,blank,0,468.5296,621.1863,121239,121281,42
105,0,blank,0,472.7634,602.9629,121316,121396,80
105,57,month,321,349.876,617.9973,121469,121507,38
105,0,blank,0,-350,-105,121585,121625,40
105,0,blank,0,405.82675,620.1611,121788,121846,58
105,57,thisDay,329,400.364766666667,613.383733333333,121880,121985,105
105,57,thisDay,329,443.517575,611.417775,122406,122543,137
105,57,thisDay,329,552.2051,614.1354,122717,122754,37
105,0,blank,0,521.4362,629.9621,122826,122860,34
105,0,blank,0,513.3767,622.045,122897,122932,35
105,0,blank,0,490.533325,622.828325,123003,123148,145
105,0,blank,0,554.8938,624.178,123195,123231,36
105,57,thisDay,329,561.30065,610.8573,123268,123342,74
105,57,thisDay,329,560.5382,618.94388,123379,123562,183
105,0,blank,0,550.53965,628.824075,123562,123707,145
105,57,thisDay,329,535.58636,618.03722,123781,123968,187
105,57,thisDay,329,600.54148,612.90318,124041,124223,182
105,57,thisDay,329,599.2408,605.2786,124223,124336,113
105,0,blank,0,-350,-105,124375,124507,132
105,0,blank,0,169.4474,664.7513,124747,124768,21
105,0,blank,0,142.038525,667.586275,124809,124952,143
105,0,blank,0,135.926025,667.81685,124989,125132,143
105,0,blank,0,148.40268,679.71736,125167,125346,179
105,0,blank,0,145.811,676.0864,125346,125379,33
105,0,blank,0,295.445,667.360666666667,125623,125723,100
105,59,"Tomorrow'sdateis%i/%i/%.2i.\n",343,282.7751,663.2719,125828,125897,69
105,0,blank,0,287.59415,675.36185,125933,126004,71
105,0,blank,0,322.72084,675.18036,126040,126219,179
105,0,blank,0,327.0309,681.9429,126219,126254,35
105,0,blank,0,367.9133,664.33065,126290,126364,74
105,0,blank,0,353.61294,668.3379,126507,126688,181
105,0,blank,0,354.90155,669.88235,126688,126759,71
105,59,"Tomorrow'sdateis%i/%i/%.2i.\n",343,314.7957,658.7811,126902,126936,34
105,0,blank,0,-350,-105,127007,127155,148
105,0,blank,0,132.7866,667.615,127387,127412,25
105,0,blank,0,123.051,659.4958,127515,127551,36
105,0,blank,0,172.9457,684.7143,127586,127621,35
105,59,"Tomorrow'sdateis%i/%i/%.2i.\n",343,145.66525,661.089,127657,127729,72
105,0,blank,0,146.0144,669.6632,127765,127800,35
105,59,"Tomorrow'sdateis%i/%i/%.2i.\n",343,235.2192,654.2047,127906,127941,35
105,58,dateUpdate,336,223.35715,637.0184,128044,128111,67
105,59,"Tomorrow'sdateis%i/%i/%.2i.\n",343,162.9259,646.4837,128177,128251,74
105,0,blank,0,137.14585,640.9993,128382,128449,67
105,59,"Tomorrow'sdateis%i/%i/%.2i.\n",343,137.36,651.5798,128550,128584,34
105,0,blank,0,142.837425,642.2213,128720,128858,138
105,59,"Tomorrow'sdateis%i/%i/%.2i.\n",343,145.148525,649.475075,128895,129034,139
105,58,dateUpdate,336,215.33194,634.8313,129103,129277,174
105,58,dateUpdate,336,223.3414,636.7591,129346,129380,34
105,58,thisDay,338,269.6683,633.6208,129415,129483,68
105,59,"Tomorrow'sdateis%i/%i/%.2i.\n",343,267.4044,646.922,129483,129624,141
105,59,"Tomorrow'sdateis%i/%i/%.2i.\n",343,256.9371,643.2761,130376,130411,35
105,0,blank,0,252.1328,642.8988,130448,130483,35
105,58,thisDay,338,302.9583,635.9863,131129,131200,71
105,58,thisDay,338,288.552933333333,633.346533333333,131236,131339,103
105,58,thisDay,338,269.19188,627.47654,131445,131624,179
105,57,"%i%i%i",316,199.91358,607.25594,131731,131928,197
105,54,dateUpdate,296,182.6472,543.557,132411,132444,33
105,54,dateUpdate,296,179.751,548.3534,132480,132551,71
105,55,thisDay,305,180.52352,560.67344,132587,132764,177
105,0,blank,0,159.0295,530.5172,132907,132942,35
105,54,struct,298,339.3956,546.233,133129,133164,35
105,54,struct,298,339.7633,551.3879,133201,133236,35
105,0,blank,0,-350,-105,133675,133738,63
105,0,blank,0,-350,-105,134199,134236,37
105,57,"%i%i%i",316,139.2599,601.2354,134591,134627,36
105,56,"Entertoday'sdate(mmddyyyy):",311,140.6243,595.3599,134663,134698,35
105,0,blank,0,-350,-105,134734,134906,172
105,56,"Entertoday'sdate(mmddyyyy):",311,214.2902,582.3683,134973,135030,57
105,0,blank,0,-350,-105,135113,135172,59
105,56,"Entertoday'sdate(mmddyyyy):",311,305.449766666667,587.727333333333,135337,135472,135
105,56,"Entertoday'sdate(mmddyyyy):",311,286.07602,577.8933,135505,135691,186
105,0,blank,0,532.5231,-103.9338,135795,135832,37
105,56,"Entertoday'sdate(mmddyyyy):",311,180.3076,597.52,136250,136300,50
105,56,"Entertoday'sdate(mmddyyyy):",311,277.0604,594.5761,137095,137148,53
105,56,"Entertoday'sdate(mmddyyyy):",311,306.0143,583.6431,137293,137329,36
105,56,"Entertoday'sdate(mmddyyyy):",311,304.438,582.8608,137401,137436,35
105,55,nextDay,307,324.0985,565.8143,137575,137654,79
105,0,blank,0,389.43395,561.5534,137803,137877,74
105,0,blank,0,389.5698,558.3276,137950,137986,36
105,54,dateUpdate,296,228.76205,549.40375,138096,138166,70
105,55,thisDay,305,221.0484,571.0343,138350,138418,68
105,55,thisDay,305,163.979475,565.81495,138524,138662,138
105,55,thisDay,305,175.4166,570.868,138732,138766,34
105,55,thisDay,305,166.0377,565.746225,138801,138943,142
105,54,date,299,150.586625,552.320875,139480,139617,137
105,0,blank,0,256.5719,681.2755,139860,139892,32
105,55,date,304,118.7179,575.3676,139923,139957,34
105,55,thisDay,305,175.3918,557.4489,140777,140871,94
105,56,"Entertoday'sdate(mmddyyyy):",311,274.8135,577.7475,141530,141597,67
105,57,month,321,316.983,599.1747,141695,141735,40
105,0,blank,0,274.3551,550.5345,141767,141799,32
105,0,blank,0,355.1451,566.0689,142185,142221,36
105,0,blank,0,388.72285,558.46205,142371,142443,72
105,54,date,299,383.038966666667,548.066533333333,142510,142610,100
105,0,blank,0,390.49145,566.21585,142677,142745,68
105,0,blank,0,379.3363,564.8734,142780,142815,35
105,54,today,300,418.4582,539.2531,142881,142914,33
105,54,date,299,384.20075,552.4086,143048,143115,67
105,0,blank,0,379.89882,554.4995,143148,143314,166
105,0,blank,0,386.91,561.222033333333,143314,143414,100
105,0,blank,0,351.888425,559.4408,143447,143583,136
105,0,blank,0,369.6206,574.1024,143683,143717,34
105,0,blank,0,354.9276,555.5771,143751,143784,33
105,0,blank,0,378.325033333333,554.051133333333,143817,143918,101
105,0,blank,0,389.7786,566.23514,143952,144122,170
105,0,blank,0,422.089,564.376166666667,144156,144259,103
105,55,nextDay,307,321.2752,557.21025,144364,144465,101
105,54,date,299,387.5357,547.5756,144601,144632,31
105,0,blank,0,406.0614,566.9241,144665,144699,34
105,0,blank,0,245.23215,566.2866,144769,144909,140
105,55,thisDay,305,192.589325,568.931525,145330,145465,135
105,55,thisDay,305,169.24695,556.2302,145534,145603,69
105,55,thisDay,305,178.46475,567.85625,145638,145710,72
105,0,blank,0,244.7864,562.07428,145746,145930,184
105,0,blank,0,252.9824,566.6639,145930,145969,39
105,55,thisDay,305,230.22076,557.21574,146074,146249,175
105,0,blank,0,961.553,523.5864,146458,146494,36
105,0,blank,0,954.93825,519.49455,146530,146669,139
105,0,blank,0,957.373,526.4561,146704,146736,32
105,0,blank,0,950.067,538.3882,146806,146840,34
105,0,blank,0,942.12,535.9169,146910,146973,63
105,0,blank,0,956.4134,532.36748,147072,147241,169
105,0,blank,0,957.9292,540.34884,147241,147411,170
105,0,blank,0,947.544,545.8221,147411,147443,32
105,0,blank,0,954.3304,534.95266,147477,147652,175
105,0,blank,0,958.391,543.4161,147652,147686,34
105,0,blank,0,965.411,526.3014,147825,147860,35
105,0,blank,0,955.9675,250.4202,147965,148105,140
106,0,blank,0,955.76,97.6274,148567,148639,72
106,0,blank,0,266.7136,93.5538,148743,148850,107
106,0,blank,0,140.944733333333,166.273066666667,148923,149032,109
106,0,blank,0,139.2422,75.26244,149101,149275,174
106,3,stdbool,19,122.86084,51.77836,149309,149480,171
106,3,stdbool,19,118.29364,58.58086,149480,149646,166
106,3,stdbool,19,111.81305,56.37765,149646,149713,67
106,0,blank,0,86.88418,62.92352,149748,149914,166
106,6,month,27,123.4585,129.045533333333,150014,150113,99
106,0,blank,0,90.92774,69.20588,150146,150317,171
106,0,blank,0,88.7899,63.5118,150317,150353,36
106,10,dateUpdate,39,138.45305,209.122066666667,150422,150620,198
106,10,dateUpdate,39,143.35265,208.36845,150620,150688,68
106,10,date,42,109.61845,211.8116,150722,150857,135
106,10,dateUpdate,39,159.2037,217.301416666667,150925,151123,198
106,10,dateUpdate,39,202.789075,217.671875,151191,151323,132
106,10,date,42,331.844725,214.9801,151392,151528,136
106,0,blank,0,307.4839,220.9861,151592,151626,34
106,0,blank,0,935.447,177.04765,151762,151831,69
106,0,blank,0,930.897,166.3588,151864,151898,34
106,0,blank,0,954.9914,172.78094,151933,152104,171
106,0,blank,0,946.334,184.2898,152104,152140,36
106,0,blank,0,958.165666666667,168.862,152174,152279,105
106,12,tomorrow,48,217.8668,251.9937,152451,152523,72
106,12,tomorrow,48,172.394933333333,256.328533333333,152668,152839,171
106,12,date,47,144.4888,260.042966666667,152972,153071,99
106,0,blank,0,-350,-105,153137,153272,135
106,12,tomorrow,48,175.1472,248.173,153398,153429,31
106,12,tomorrow,48,218.29424,258.05066,153497,153659,162
106,12,tomorrow,48,167.818566666667,248.761466666667,153724,153823,99
106,0,blank,0,156.0138,250.49045,153924,153989,65
106,12,date,47,130.128533333333,261.844366666667,154118,154214,96
106,13,numberOfDays,51,127.9821,269.7513,154247,154281,34
106,12,tomorrow,48,191.18125,259.4167,154313,154378,65
106,12,tomorrow,48,188.8267,256.0454,154411,154509,98
107,56,"Entertoday'sdate(mmddyyyy):",311,152.2502,592.7229,155388,155436,48
107,54,today,300,410.17915,545.28565,156059,156124,65
107,54,today,300,433.869,543.2309,156188,156222,34
107,56,"Entertoday'sdate(mmddyyyy):",311,137.4197,581.81,156545,156576,31
107,0,blank,0,347.3729,556.3234,157118,157149,31
107,0,blank,0,449.7115,554.24474,157314,157482,168
107,54,today,300,450.69156,551.74648,157482,157646,164
107,54,date,299,363.4643,550.04015,157712,157776,64
107,55,thisDay,305,220.2097,570.2747,157842,157873,31
107,58,(,337,257.6113,636.6859,158065,158098,33
107,54,dateUpdate,296,254.6921,552.1199,158467,158500,33
107,54,dateUpdate,296,259.1482,546.5671,158631,158664,33
107,0,blank,0,331.040816666667,576.3876,158731,158927,196
107,56,"Entertoday'sdate(mmddyyyy):",311,326.93475,583.5059,158927,158994,67
107,0,blank,0,149.4639,576.5226,159261,159294,33
107,56,"Entertoday'sdate(mmddyyyy):",311,162.3192,584.7124,159359,159391,32
107,55,thisDay,305,212.32655,563.1011,159457,159524,67
107,56,"Entertoday'sdate(mmddyyyy):",311,243.0178,595.3809,159720,159789,69
107,0,blank,0,-350,-105,159891,159929,38
107,56,"Entertoday'sdate(mmddyyyy):",311,222.37132,579.84174,160089,160245,156
107,56,"Entertoday'sdate(mmddyyyy):",311,244.7446,583.6066,160278,160312,34
107,56,"Entertoday'sdate(mmddyyyy):",311,205.84965,581.8962,160413,160481,68
107,55,thisDay,305,195.756,566.4088,160515,160548,33
107,56,"Entertoday'sdate(mmddyyyy):",311,189.56,578.6345,160822,160856,34
107,56,"Entertoday'sdate(mmddyyyy):",311,253.0679,594.4311,161188,161226,38
107,56,"Entertoday'sdate(mmddyyyy):",311,256.1682,579.1128,161291,161326,35
107,56,"Entertoday'sdate(mmddyyyy):",311,310.41112,583.8785,161393,161563,170
107,56,"Entertoday'sdate(mmddyyyy):",311,313.5207,587.54095,161563,161696,133
107,56,"Entertoday'sdate(mmddyyyy):",311,334.0954,577.8794,161762,161830,68
107,56,"Entertoday'sdate(mmddyyyy):",311,319.4979,588.6743,161966,162000,34
107,56,"Entertoday'sdate(mmddyyyy):",311,319.68345,595.056,162065,162131,66
107,55,nextDay,307,287.2052,575.5061,162229,162262,33
107,56,"Entertoday'sdate(mmddyyyy):",311,301.42375,594.52845,162294,162358,64
107,56,"Entertoday'sdate(mmddyyyy):",311,290.9766,577.2819,162485,162516,31
107,58,dateUpdate,336,154.5309,632.05235,162646,162711,65
107,58,dateUpdate,336,154.9655,630.81055,162810,162876,66
107,0,blank,0,192.3148,673.0539,163273,163308,35
107,59,"Tomorrow'sdateis%i/%i/%.2i.\n",343,225.9604,651.9383,163543,163583,40
107,59,"Tomorrow'sdateis%i/%i/%.2i.\n",343,231.8971,650.2722,163719,163753,34
107,0,blank,0,210.8325,642.246,163788,163822,34
107,58,dateUpdate,336,200.9274,639.48752,163855,164023,168
107,58,dateUpdate,336,196.1257,636.6279,164023,164056,33
107,58,dateUpdate,336,205.3907,639.1281,164090,164125,35
107,0,blank,0,245.2429,639.52145,164294,164364,70
107,59,"Tomorrow'sdateis%i/%i/%.2i.\n",343,296.1556,643.23176,164432,164601,169
107,59,"Tomorrow'sdateis%i/%i/%.2i.\n",343,296.2542,647.82052,164601,164767,166
107,59,"Tomorrow'sdateis%i/%i/%.2i.\n",343,295.608633333333,652.314766666667,164835,164936,101
107,59,"Tomorrow'sdateis%i/%i/%.2i.\n",343,230.9321,654.797166666667,165039,165139,100
107,56,"Entertoday'sdate(mmddyyyy):",311,194.3077,589.472,165173,165206,33
107,56,"Entertoday'sdate(mmddyyyy):",311,194.45716,588.76096,165340,165509,169
107,56,"Entertoday'sdate(mmddyyyy):",311,236.77855,591.60805,165543,165612,69
107,56,"Entertoday'sdate(mmddyyyy):",311,238.915833333333,595.234033333333,165715,165818,103
107,55,comma,306,241.2118,575.81205,165852,165922,70
107,55,comma,306,235.2297,562.7864,165956,165992,36
107,55,nextDay,307,253.6243,568.2329,166306,166341,35
107,56,"Entertoday'sdate(mmddyyyy):",311,269.2599,581.4363,166375,166410,35
107,59,"Tomorrow'sdateis%i/%i/%.2i.\n",343,239.0234,652.0721,166649,166684,35
107,0,blank,0,260.4439,665.9885,166719,166753,34
107,59,"Tomorrow'sdateis%i/%i/%.2i.\n",343,215.876133333333,643.378433333333,166822,166923,101
107,59,"Tomorrow'sdateis%i/%i/%.2i.\n",343,203.128833333333,646.623133333333,166991,167092,101
107,0,blank,0,163.5222,554.4336,167194,167228,34
107,0,blank,0,164.3159,554.7927,167329,167362,33
107,54,dateUpdate,296,170.74675,552.287025,167396,167529,133
107,55,thisDay,305,169.5607,565.2864,167628,167662,34
107,55,thisDay,305,211.03904,566.1304,168318,168488,170
107,54,dateUpdate,296,181.25914,546.34222,168523,168695,172
107,55,thisDay,305,207.3951,560.7241,168731,168766,35
107,0,blank,0,199.0457,554.2468,168835,168868,33
107,0,blank,0,247.20985,559.29925,169006,169138,132
107,55,nextDay,307,253.8747,568.839175,169205,169337,132
107,54,struct,298,292.1206,552.0452,169370,169403,33
107,59,"Tomorrow'sdateis%i/%i/%.2i.\n",343,236.792533333333,652.564416666667,169673,169871,198
107,59,"Tomorrow'sdateis%i/%i/%.2i.\n",343,255.4063,654.2888,169871,169903,32
107,59,"Tomorrow'sdateis%i/%i/%.2i.\n",343,289.617,658.5865,169936,169969,33
107,59,"Tomorrow'sdateis%i/%i/%.2i.\n",343,284.3251,643.9439,170001,170034,33
107,59,"Tomorrow'sdateis%i/%i/%.2i.\n",343,310.1665,649.901875,170066,170198,132
107,59,"Tomorrow'sdateis%i/%i/%.2i.\n",343,302.348866666667,648.856933333333,170264,170363,99
107,55,nextDay,307,323.826975,556.8747,170429,170567,138
107,55,nextDay,307,319.3168,560.7235,170705,170774,69
107,0,blank,0,401.65058,552.22894,170843,171012,169
107,0,blank,0,394.9659,554.49935,171045,171114,69
107,0,blank,0,391.6132,561.33535,171147,171214,67
107,0,blank,0,394.9649,559.1589,171249,171283,34
107,0,blank,0,936.843,549.17195,171423,171489,66
107,0,blank,0,935.6875,566.08405,171521,171588,67
107,0,blank,0,930.0685,542.9143,171620,171687,67
107,0,blank,0,945.918666666667,573.289733333333,171852,171953,101
107,59,"Tomorrow'sdateis%i/%i/%.2i.\n",343,296.4837,659.052725,172119,172259,140
107,0,blank,0,298.278533333333,667.4058,172294,172399,105
107,59,"Tomorrow'sdateis%i/%i/%.2i.\n",343,317.725033333333,660.375333333333,172434,172539,105
107,59,"Tomorrow'sdateis%i/%i/%.2i.\n",343,316.22745,655.920475,172574,172734,160
107,59,"Tomorrow'sdateis%i/%i/%.2i.\n",343,316.0377,648.9948,172734,172865,131
107,59,"Tomorrow'sdateis%i/%i/%.2i.\n",343,327.9318,649.2505,172865,172983,118
107,0,blank,0,231.1855,668.2897,173106,173167,61
107,59,"Tomorrow'sdateis%i/%i/%.2i.\n",343,305.52335,656.954,173311,173380,69
107,59,"Tomorrow'sdateis%i/%i/%.2i.\n",343,306.9114,652.3011,173414,173449,35
107,0,blank,0,182.94505,665.2372,173483,173550,67
107,0,blank,0,183.50025,669.01585,173615,173682,67
107,0,blank,0,310.1349,642.366633333333,173816,173919,103
107,55,nextDay,307,320.50845,561.3272,174191,174261,70
107,56,"Entertoday'sdate(mmddyyyy):",311,231.1808,577.21615,174681,174750,69
107,55,thisDay,305,233.0316,558.8661,174850,174882,32
107,0,blank,0,-350,-105,175675,175708,33
107,0,blank,0,-350,-105,175828,175913,85
107,55,thisDay,305,221.0624,571.7935,176089,176114,25
107,0,blank,0,206.04445,555.69875,176148,176214,66
107,55,nextDay,307,283.4585,559.6154,176417,176451,34
107,57,thisDay,329,247.1537,603.46,176779,176813,34
107,55,nextDay,307,279.25795,570.7819,176846,176914,68
107,0,blank,0,342.6329,556.2919,177048,177083,35
107,0,blank,0,354.9507,566.968,177118,177154,36
107,0,blank,0,344.9598,564.0025,177189,177225,36
107,0,blank,0,332.992166666667,561.447866666667,177294,177397,103
107,0,blank,0,334.5635,561.4844,177498,177531,33
107,55,nextDay,307,325.8075,557.30005,177564,177631,67
107,0,blank,0,409.72755,560.1739,177763,177829,66
107,0,blank,0,403.2549,560.9241,177862,177895,33
107,0,blank,0,341.9216,557.3365,177995,178027,32
107,0,blank,0,348.508066666667,571.180466666667,178061,178161,100
107,0,blank,0,332.6774,560.0157,178195,178228,33
107,54,struct,298,315.6716,542.8612,178262,178295,33
107,0,blank,0,335.9028,568.0186,178328,178361,33
107,54,struct,298,318.3666,547.8632,178395,178428,33
107,55,thisDay,305,230.199,571.9554,178855,178888,33
107,0,blank,0,-350,-105,179019,179127,108
107,54,dateUpdate,296,169.5078,543.9147,180464,180498,34
107,0,blank,0,161.919633333333,546.300066666667,180532,180634,102
107,54,dateUpdate,296,174.4086,536.1422,180668,180702,34
107,54,dateUpdate,296,235.1601,537.2789,180900,180934,34
107,0,blank,0,80.29724,530.3435,180967,181135,168
107,0,blank,0,15.3962,542.8062,181300,181333,33
107,0,blank,0,19.5685,551.129,181501,181533,32
107,0,blank,0,26.8512,550.1599,181600,181633,33
107,54,struct,298,95.8664,553.8993,181734,181767,33
107,54,struct,298,99.15275,551.6709,181835,181902,67
108,0,blank,0,129.99114,190.25778,183433,183624,191
108,0,blank,0,130.532166666667,192.269633333333,183624,183726,102
108,10,dateUpdate,39,135.7264,204.1702,183794,183861,67
108,0,blank,0,310.071875,200.849775,183929,184062,133
108,0,blank,0,898.327,177.566,184164,184200,36
108,0,blank,0,953.275333333333,183.702733333333,184582,184750,168
108,0,blank,0,951.5455,175.42875,184750,184818,68
108,0,blank,0,957.86,185.4613,184887,185026,139
108,0,blank,0,939.352,70.414,185202,185243,41
109,10,struct,41,279.0513,27.94405,186396,186462,66
109,0,blank,0,269.753325,13.014525,187519,187709,190
109,0,blank,0,312.5641,13.1662,187867,187917,50
109,0,blank,0,118.90752,62.05612,188070,188262,192
109,0,blank,0,106.974,67.162,188262,188295,33
109,12,struct,46,62.671775,82.072825,188397,188546,149
109,0,blank,0,27.1929,52.4929,188652,188689,37
109,0,blank,0,-350,-105,188824,189030,206
109,0,blank,0,-350,-105,189030,189089,59
109,0,blank,0,39.8763,62.3798,189110,189136,26
109,12,struct,46,44.226,76.08384,189206,189376,170
109,0,blank,0,33.7846,70.1537666666667,189376,189478,102
109,0,blank,0,39.4706,59.21382,189513,189691,178
109,0,blank,0,141.5493,55.8263,189910,189940,30
109,0,blank,0,141.2446,48.1413,190047,190077,30
109,0,blank,0,139.0844,52.9982,190111,190147,36
109,16,tomorrow,70,125.3472,155.6675,190486,190519,33
109,0,blank,0,76.6312,55.33932,190622,190796,174
109,0,blank,0,76.0973,61.40138,190796,190974,178
109,0,blank,0,77.1204,61.85726,190974,191155,181
109,0,blank,0,74.67665,64.14945,191155,191226,71
109,0,blank,0,24.22862,62.17476,191263,191439,176
109,0,blank,0,-350,-105,191509,191570,61
109,0,blank,0,77.14574,57.8664,191736,191934,198
109,0,blank,0,72.86232,64.36614,191934,192116,182
109,0,blank,0,78.20764,59.37092,192116,192296,180
109,0,blank,0,80.6169,57.6539,192296,192333,37
109,0,blank,0,67.78844,63.62452,192371,192553,182
109,0,blank,0,67.48362,62.12876,192553,192732,179
109,0,blank,0,68.8756,60.0581,192732,192768,36
109,0,blank,0,114.8292,57.7944,192805,192841,36
109,0,blank,0,107.1258,55.52964,192881,193077,196
109,12,struct,46,99.8502,68.7,193077,193157,80
109,12,struct,46,102.3949,71.1676,193157,193292,135
109,12,date,47,123.8617,71.0696,193423,193511,88
109,13,int,50,51.88152,88.28802,193553,193730,177
109,13,int,50,46.87716,91.7543,193730,193917,187
109,13,int,50,52.8565,88.4105,193917,193955,38
109,0,blank,0,13.65964,88.7812,194032,194225,193
109,13,int,50,62.56934,88.2727,194262,194453,191
109,13,int,50,63.01645,87.24565,194453,194526,73
109,12,date,47,128.08078,68.64612,194599,194780,181
109,12,date,47,131.20918,70.1413,194780,194965,185
109,12,date,47,133.98348,74.40238,194965,195148,183
109,12,date,47,138.7996,74.2845,195148,195331,183
109,0,blank,0,138.5571,64.2183,195331,195445,114
109,12,struct,46,89.3682666666667,73.7867333333333,195482,195593,111
109,12,struct,46,93.6654,72.413075,195629,195781,152
109,12,date,47,124.780525,83.982375,195819,195978,159
109,0,blank,0,122.21074,86.95722,195978,196176,198
109,0,blank,0,119.76975,86.6245,196176,196251,75
109,13,numberOfDays,51,106.841633333333,93.7004333333334,196288,196402,114
109,13,numberOfDays,51,195.32485,98.75605,196475,196550,75
109,0,blank,0,204.81492,90.6116,196589,196772,183
109,0,blank,0,209.87474,97.3237,196772,196954,182
109,0,blank,0,210.1575,99.9681,196954,196991,37
109,0,blank,0,212.145566666667,106.9181,197026,197136,110
109,14,day,62,175.67052,117.47796,197174,197354,180
109,14,day,62,172.994666666667,117.564866666667,197354,197465,111
109,40,daysPerMonth,223,160.30886,701.08346,197653,197843,190
109,0,blank,0,161.6458,712.863966666667,197877,197981,104
109,0,blank,0,231.49084,711.1918,198050,198224,174
109,0,blank,0,231.10185,718.7934,198224,198292,68
109,0,blank,0,-350,-105,198360,198485,125
109,13,numberOfDays,51,112.056666666667,98.804,198579,198685,106
109,13,int,50,68.95275,103.2324,198796,198865,69
109,13,int,50,61.85146,93.19644,198935,199121,186
109,13,int,50,55.0996333333333,95.2161,199121,199230,109
109,13,int,50,56.6138,105.6058,199267,199375,108
109,0,blank,0,21.050525,103.240375,199446,199589,143
109,0,blank,0,149.2246,85.66495,199628,199771,143
109,12,tomorrow,48,178.421025,81.06975,199807,199950,143
109,13,int,50,55.57272,93.22316,200018,200193,175
109,13,int,50,51.533,99.3004,200193,200229,36
109,0,blank,0,20.83578,92.28904,200264,200447,183
109,0,blank,0,29.4215,91.9545,200447,200483,36
109,13,numberOfDays,51,84.341075,92.20105,200522,200673,151
109,0,blank,0,-350,-105,200712,200840,128
109,12,struct,46,83.3729,83.5799,201029,201054,25
109,13,numberOfDays,51,126.5909,87.19418,201094,201278,184
109,13,numberOfDays,51,128.713575,87.9777,201278,201419,141
109,13,numberOfDays,51,133.15355,89.1056,201454,201524,70
109,12,tomorrow,48,217.4804,83.29174,201559,201734,175
109,0,blank,0,207.4669,88.4357,201734,201770,36
109,12,tomorrow,48,192.841533333333,83.6756666666667,201806,201913,107
109,12,tomorrow,48,187.60172,81.33768,201948,202122,174
109,12,tomorrow,48,188.586,82.08555,202122,202190,68
109,12,date,47,128.3564,78.2156,202260,202295,35
109,0,blank,0,128.409,85.73525,202330,202400,70
109,12,tomorrow,48,175.54012,78.94098,202437,202613,176
109,12,tomorrow,48,168.8698,79.6252,202613,202649,36
109,13,numberOfDays,51,100.92668,89.75042,202686,202862,176
109,0,blank,0,91.85238,86.5102,202862,203038,176
109,13,numberOfDays,51,94.34955,87.822,203073,203146,73
109,13,numberOfDays,51,194.56964,89.8124,203181,203354,173
109,13,numberOfDays,51,193.66204,91.9483,203354,203532,178
109,12,tomorrow,48,192.1171,84.68155,203532,203603,71
109,0,blank,0,233.726,85.78314,203639,203816,177
109,12,tomorrow,48,190.2935,82.4694,203887,203922,35
109,13,numberOfDays,51,198.4513,88.8574333333333,203957,204061,104
109,13,numberOfDays,51,179.010975,90.2793,204097,204236,139
109,0,blank,0,247.40992,86.9433,204307,204482,175
109,12,;,49,246.3541,81.5265,204482,204517,35
109,13,struct,53,246.3608,89.4068,204552,204623,71
109,0,blank,0,214.044625,94.555825,204689,204828,139
109,13,numberOfDays,51,181.390533333333,88.6621333333333,204862,204964,102
109,13,numberOfDays,51,182.3002,93.03068,205032,205204,172
109,13,numberOfDays,51,175.31068,96.21718,205204,205372,168
109,0,blank,0,179.6229,86.845,205372,205406,34
109,13,int,50,57.10892,97.68376,205473,205642,169
109,13,int,50,58.0441,99.8641,205642,205775,133
109,0,blank,0,38.7759,86.8604,205808,205843,35
109,0,blank,0,35.290025,92.5752,205877,206014,137
109,0,blank,0,13.040725,95.596275,206047,206183,136
109,0,blank,0,10.0903666666666,87.1377666666667,206217,206321,104
109,13,int,50,73.75234,95.60954,206356,206535,179
109,13,int,50,71.49055,94.51285,206535,206606,71
109,13,numberOfDays,51,115.995325,97.679375,206680,206818,138
109,13,numberOfDays,51,96.518275,93.158525,206854,206994,140
109,13,numberOfDays,51,101.6015,93.6742,207029,207065,36
109,13,int,50,71.65058,93.44668,207099,207275,176
109,0,blank,0,-350,-105,207345,207429,84
109,12,tomorrow,48,179.37708,81.21158,207643,207815,172
109,12,tomorrow,48,182.52644,79.76118,207815,207988,173
109,12,tomorrow,48,184.00844,82.02926,207988,208159,171
109,12,tomorrow,48,183.1848,66.9151,208159,208194,35
109,12,tomorrow,48,174.1886,82.6814,208329,208363,34
109,13,struct,53,249.58662,88.68734,208432,208603,171
109,12,;,49,247.06176,83.72912,208603,208775,172
109,13,struct,53,243.82982,91.03988,208775,208951,176
109,13,struct,53,244.26166,91.6552,208951,209125,174
109,13,struct,53,243.68668,89.5872,209125,209297,172
109,13,struct,53,244.02892,87.75724,209297,209470,173
109,13,struct,53,239.2002,92.97745,209470,209541,71
109,13,struct,53,271.5818,98.4081,209576,209610,34
109,13,struct,53,268.24025,96.187225,209647,209788,141
109,0,blank,0,127.540533333333,54.9704,209860,209972,112
109,13,struct,53,279.87702,96.2542,210009,210191,182
109,13,struct,53,254.7965,92.879325,210229,210382,153
109,0,blank,0,-350,-105,210496,210597,101
109,0,blank,0,1011.524,164.9721,210825,210846,21
109,0,blank,0,965.3905,181.13705,210893,210964,71
109,0,blank,0,974.3182,183.06172,210999,211172,173
109,0,blank,0,977.3725,179.7736,211172,211242,70
109,0,blank,0,962.683333333333,133.218733333333,211277,211380,103
109,0,blank,0,961.0636,133.56118,211416,211591,175
109,0,blank,0,961.658333333333,132.428966666667,211591,211702,111
109,0,blank,0,957.6296,135.78816,211740,211921,181
109,0,blank,0,957.8138,131.77648,211921,212106,185
109,0,blank,0,957.0106,132.71126,212106,212288,182
109,0,blank,0,955.828,139.5021,212288,212363,75
109,0,blank,0,967.796,131.131325,212442,212581,139
109,0,blank,0,969.1938,151.29094,212618,212800,182
109,0,blank,0,969.9472,38.90424,212838,213020,182
110,0,blank,0,965.343666666667,36.0395666666667,213388,213518,130
110,0,blank,0,194.5798,135.9246,213642,213771,129
110,0,blank,0,148.0559,127.8018,213873,213914,41
110,0,blank,0,126.2516,101.1003,214058,214092,34
110,3,stdbool,19,125.33388,61.2767,214160,214330,170
110,0,blank,0,122.532166666667,67.7541666666667,214330,214429,99
110,0,blank,0,116.95714,94.38088,214462,214628,166
110,0,blank,0,120.94096,93.27054,214628,214795,167
110,0,blank,0,293.960875,265.2266,214862,214994,132
110,13,date,54,316.247725,274.071525,215027,215160,133
110,0,blank,0,144.76642,303.86644,215226,215395,169
110,14,.,61,151.19376,299.7548,215395,215561,166
110,0,blank,0,-350,-105,215595,215680,85
110,14,today,66,141.17985,289.6442,215839,215898,59
110,14,today,66,106.3951,302.745116666667,215931,216129,198
110,0,blank,0,184.40368,291.81904,216232,216397,165
110,0,blank,0,185.8987,291.03,216397,216433,36
110,14,!=,63,207.82875,299.8633,216468,216539,71
110,14,!=,63,206.21965,307.586275,216574,216714,140
110,14,day,62,171.99818,298.34934,216750,216920,170
110,0,blank,0,187.3551,299.6253,216920,216953,33
110,0,blank,0,184.5144,301.9781,217134,217168,34
110,14,!=,63,202.13406,295.69936,217247,217416,169
110,14,!=,63,198.8126,308.018433333333,217450,217554,104
110,0,blank,0,192.9138,299.9497,217587,217623,36
110,0,blank,0,216.9186,305.81736,217658,217833,175
110,0,blank,0,215.7563,295.282,217833,217867,34
110,14,numberOfDays,64,310.25026,296.1535,218019,218195,176
110,14,numberOfDays,64,277.856933333333,302.8351,218230,218336,106
110,14,numberOfDays,64,285.4623,301.4086,218373,218409,36
110,0,blank,0,962.339,122.495,218867,218902,35
110,0,blank,0,966.84325,79.23145,219123,219310,187
110,0,blank,0,969.7342,77.4519,219310,219500,190
110,0,blank,0,969.481,73.9066,219500,219578,78
110,0,blank,0,970.589333333333,78.7222666666667,219618,219734,116
111,0,blank,0,726.6625,534.88975,220286,220429,143
111,57,thisDay,329,463.761,610.0695,220501,220537,36
111,58,thisDay,338,296.07754,621.87204,220684,220865,181
111,58,thisDay,338,318.882175,622.427575,220937,221081,144
111,58,thisDay,338,287.6002,624.1319,221116,221224,108
111,58,dateUpdate,336,239.4471,626.0544,221293,221328,35
111,0,blank,0,252.7309,636.3448,221362,221431,69
111,59,"Tomorrow'sdateis%i/%i/%.2i.\n",343,257.1628,649.6785,221464,221500,36
111,58,thisDay,338,309.2788,627.40915,221700,221770,70
111,58,thisDay,338,308.223075,633.388125,221805,221942,137
111,58,thisDay,338,304.69032,627.34222,221976,222150,174
111,0,blank,0,310.2684,620.7637,222253,222287,34
111,59,"Tomorrow'sdateis%i/%i/%.2i.\n",343,229.3955,663.7809,222450,222482,32
111,59,"Tomorrow'sdateis%i/%i/%.2i.\n",343,229.0764,659.7261,222715,222746,31
111,58,thisDay,338,327.0322,638.87976,222816,222990,174
111,58,thisDay,338,323.258,637.6011,222990,223024,34
111,0,blank,0,558.7141,667.142933333333,223163,223272,109
111,0,blank,0,730.008,672.8482,223381,223417,36
111,0,blank,0,745.4546,682.22804,223453,223626,173
111,0,blank,0,742.6832,687.98458,223626,223806,180
111,59,"Tomorrow'sdateis%i/%i/%.2i.\n",343,337.9899,663.85064,224022,224198,176
111,59,"Tomorrow'sdateis%i/%i/%.2i.\n",343,324.065666666667,655.234266666667,224232,224340,108
111,0,blank,0,985.608,522.5718,224449,224486,37
111,0,blank,0,973.3215,519.665,224520,224588,68
111,0,blank,0,956.4954,509.08852,224624,224797,173
111,0,blank,0,955.4205,504.4599,224797,224867,70
111,0,blank,0,939.989,9.2008,224970,225044,74
111,0,blank,0,940.983,17.1885,225082,225119,37
111,0,blank,0,961.5395,-0.193800000000003,225157,225236,79
112,0,blank,0,964.009,13.1294,225507,225546,39
112,10,dateUpdate,39,206.72088,208.35878,225657,225839,182
112,10,dateUpdate,39,207.533,218.137,225839,225875,36
112,14,numberOfDays,64,237.356133333333,308.8465,225909,226018,109
112,0,blank,0,-350,-105,226088,226281,193
112,14,numberOfDays,64,246.564266666667,306.812133333333,226308,226407,99
112,14,day,62,180.86515,305.5228,226444,226515,71
112,14,day,62,180.85264,306.8251,226550,226718,168
112,14,day,62,176.05215,297.52185,226718,226785,67
112,0,blank,0,-350,-105,226954,227038,84
112,14,today,66,125.93,294.6998,227210,227243,33
112,14,day,62,158.4506,299.1249,227380,227414,34
112,14,!=,63,202.510066666667,295.9742,227619,227723,104
112,0,blank,0,194.5636,295.74175,227792,227930,138
112,0,blank,0,192.40595,297.59035,227965,228036,71
112,14,numberOfDays,64,225.76795,308.0112,228141,228210,69
112,0,blank,0,222.9877,290.6068,228356,228391,35
112,14,numberOfDays,64,246.9448,305.0081,228501,228538,37
112,14,numberOfDays,64,264.25474,298.4922,228645,228821,176
112,14,numberOfDays,64,261.623266666667,297.972166666667,228821,228926,105
112,14,numberOfDays,64,274.36395,308.0701,228962,229033,71
112,14,numberOfDays,64,309.7119,308.797166666667,229069,229173,104
112,0,blank,0,305.33135,311.3712,229206,229277,71
112,14,numberOfDays,64,293.6345,306.2622,229312,229347,35
112,14,numberOfDays,64,282.78324,306.40162,229383,229557,174
112,14,numberOfDays,64,329.5398,306.55228,229593,229769,176
112,14,numberOfDays,64,331.90245,303.7792,229769,229838,69
112,14,today,66,392.58102,308.7962,229909,230084,175
112,0,blank,0,345.6303,312.752325,230121,230262,141
112,0,blank,0,-350,-105,230296,230468,172
112,0,blank,0,317.7659,331.3777,230556,230589,33
112,14,numberOfDays,64,316.44462,303.29776,230625,230800,175
112,14,numberOfDays,64,299.9801,303.6415,230800,230834,34
112,14,numberOfDays,64,259.5776,301.4563,230936,230968,32
112,14,numberOfDays,64,335.47595,307.161775,231322,231463,141
112,14,numberOfDays,64,336.240366666667,308.665033333333,231498,231601,103
112,14,numberOfDays,64,283.08595,295.1421,231707,231777,70
112,14,numberOfDays,64,290.4267,302.26415,231847,231920,73
112,16,date,74,301.8168,343.219625,231991,232144,153
112,14,numberOfDays,64,316.8337,309.36095,232302,232377,75
112,0,blank,0,305.83,319.0305,232487,232524,37
112,14,numberOfDays,64,333.72605,304.923725,232633,232778,145
112,14,numberOfDays,64,329.6115,298.571,232815,232851,36
112,14,numberOfDays,64,325.7844,303.25745,232926,233002,76
112,0,blank,0,243.11655,313.3012,234894,234998,104
112,14,numberOfDays,64,339.543075,302.07165,235099,235249,150
112,0,blank,0,387.8507,311.00935,235360,235432,72
112,16,(,72,196.892933333333,352.064366666667,235655,235774,119
112,0,blank,0,182.3945,356.5351,235854,235892,38
112,0,blank,0,269.69435,341.6474,236048,236197,149
112,16,struct,73,204.4011,351.6622,236355,236391,36
112,0,blank,0,264.929866666667,349.861733333333,236429,236541,112
112,16,struct,73,262.6719,348.7094,236653,236696,43
112,16,date,74,307.3535,342.418366666667,236807,236919,112
112,0,blank,0,-350,-105,236994,237077,83
112,16,today,87,395.522,334.0578,237259,237322,63
112,0,blank,0,324.6497,354.7901,237392,237428,36
112,16,),75,314.94168,346.39576,237463,237637,174
112,0,blank,0,322.28324,351.2145,237672,237850,178
112,16,),75,317.7145,352.0723,237850,237920,70
112,16,),75,318.5169,344.672066666667,237954,238062,108
112,16,today,87,392.66436,346.92336,238131,238310,179
112,16,today,87,392.23336,346.78736,238310,238490,180
112,16,today,87,392.83266,346.26098,238490,238676,186
112,16,today,87,392.33562,350.24674,238676,238861,185
112,16,today,87,384.278133333333,350.757266666667,238861,238972,111
112,16,today,87,381.36535,351.7711,239046,239120,74
112,0,blank,0,378.952366666667,354.393233333333,239194,239304,110
112,0,blank,0,379.59076,358.84306,239378,239562,184
112,0,blank,0,384.6274,354.4743,239562,239600,38
112,0,blank,0,392.68454,355.06644,239638,239823,185
112,16,today,87,395.48135,351.44655,239823,239971,148
112,0,blank,0,394.9645,369.922,240009,240081,72
112,0,blank,0,-350,-105,240155,240339,184
112,0,blank,0,410.6791,359.918,240434,240459,25
112,0,blank,0,407.035,354.82835,240541,240602,61
112,16,today,87,386.79505,353.130625,240635,240770,135
112,16,today,87,385.0798,350.507833333333,240836,240934,98
112,0,blank,0,383.45095,357.46765,241004,241075,71
112,16,month,79,444.8027,351.8791,241145,241245,100
112,16,month,79,449.746533333333,350.533566666667,241279,241378,99
112,16,month,79,434.87192,349.2087,241444,241609,165
112,16,month,79,424.2413,341.8048,241676,241709,33
112,0,blank,0,429.3481,360.1511,241742,241808,66
112,0,blank,0,427.39434,355.66164,241842,242009,167
112,0,blank,0,430.752975,358.92615,242009,242143,134
112,0,blank,0,406.475,363.5729,242176,242243,67
112,16,today,87,397.9423,346.46385,242423,242493,70
112,0,blank,0,-350,-105,242563,242665,102
112,0,blank,0,420.6806,362.9909,242739,242801,62
112,16,month,79,453.19108,347.85528,242907,243080,173
112,16,month,79,454.3549,343.673033333333,243080,243185,105
112,16,today,87,515.72185,348.92395,243291,243436,145
112,16,today,87,517.8266,352.5273,243472,243507,35
112,16,day,83,543.1229,343.1775,243543,243578,35
112,16,day,83,549.48666,348.6924,243614,243791,177
112,16,day,83,550.41255,347.2614,243791,243930,139
112,0,blank,0,534.330333333333,359.364666666667,243964,244068,104
112,0,blank,0,533.8635,359.9063,244138,244173,35
112,0,blank,0,591.09705,355.14825,244209,244280,71
112,16,+,84,588.0792,352.19235,244314,244387,73
112,16,today,87,643.1437,340.7559,244459,244601,142
112,16,today,87,641.959,337.439425,244674,244816,142
112,16,today,87,647.08598,344.62246,244852,245031,179
112,16,today,87,636.93748,349.31166,245065,245241,176
112,16,today,87,635.81805,344.353875,245241,245385,144
112,16,today,87,677.5736,345.04602,245418,245597,179
112,16,today,87,390.2454,333.15086,245669,245847,178
112,16,{,76,342.58672,349.99828,245917,246093,176
112,16,today,87,354.7883,348.891,246127,246163,36
112,16,.,88,407.2872,351.04275,246198,246270,72
112,0,blank,0,283.8063,362.2037,246340,246377,37
112,0,blank,0,-350,-105,246705,246738,33
112,16,date,74,293.0873,351.6215,247243,247276,33
112,16,date,74,279.5512,343.7927,247314,247352,38
112,0,blank,0,332.3908,346.835733333333,247429,247534,105
112,16,today,87,395.80792,341.19788,247632,247803,171
112,16,today,87,396.5486,346.4485,247803,247838,35
112,16,today,87,390.4008,337.79535,247907,247975,68
112,0,blank,0,330.7435,344.87175,248044,248112,68
112,16,date,74,275.1768,339.4557,248217,248292,75
112,0,blank,0,270.0154,357.1366,248397,248433,36
112,0,blank,0,325.50794,346.00324,248467,248644,177
112,0,blank,0,326.3126,337.9105,248644,248679,35
112,0,blank,0,210.367275,363.137575,248751,248891,140
112,0,blank,0,136.627725,398.220825,249130,249267,137
112,0,blank,0,123.145,405.5511,249336,249372,36
112,0,blank,0,114.9112,407.0078,249406,249442,36
112,0,blank,0,-350,-105,249742,249904,162
112,18,month,98,230.2106,394.23805,250134,250213,79
112,0,blank,0,244.63,408.4459,250245,250280,35
112,0,blank,0,417.2477,631.7359,250384,250417,33
112,0,blank,0,421.7813,628.4971,250519,250586,67
112,0,blank,0,427.149866666667,632.063433333333,250620,250722,102
112,0,blank,0,422.0886,632.4081,250789,250818,29
112,0,blank,0,428.8838,641.2611,250887,250920,33
112,0,blank,0,426.0119,629.2825,250954,250989,35
112,0,blank,0,256.68218,392.4874,251091,251270,179
112,18,month,98,253.43064,394.97592,251270,251452,182
112,0,blank,0,259.5522,393.5753,251452,251486,34
112,18,month,98,251.881,389.4752,251522,251558,36
112,0,blank,0,399.8906,596.0255,251826,251871,45
112,0,blank,0,417.765166666667,634.9235,251907,252019,112
112,0,blank,0,-350,-105,252163,252201,38
112,0,blank,0,-350,-105,252266,252309,43
112,18,month,98,251.6464,394.668675,252441,252579,138
112,18,month,98,248.374233333333,389.589733333333,252615,252724,109
112,18,month,98,250.78308,392.41012,252865,253046,181
112,18,month,98,249.979233333333,391.686566666667,253082,253188,106
112,0,blank,0,316.957,392.026525,253225,253367,142
112,0,blank,0,318.7289,401.1068,253401,253437,36
112,0,blank,0,316.3549,399.0795,253474,253547,73
112,0,blank,0,301.0097,407.5268,253583,253621,38
112,18,12,100,299.1075,391.8301,253656,253692,36
112,18,month,98,253.95224,385.64102,253727,253907,180
112,0,blank,0,421.188,626.5037,253945,253981,36
112,0,blank,0,428.9113,616.3705,254064,254099,35
112,0,blank,0,418.3533,624.9174,254134,254169,35
112,0,blank,0,-350,-105,254564,254668,104
112,0,blank,0,148.6901,407.72635,254811,254903,92
112,0,blank,0,173.2971,450.8404,255105,255146,41
112,0,blank,0,130.97378,410.308,255180,255358,178
112,20,struct,106,247.3044,432.8885,255460,255498,38
112,0,blank,0,184.487433333333,357.637566666667,255718,255840,122
112,0,blank,0,157.121375,311.0033,255947,256091,144
112,14,day,62,173.616025,302.30275,256289,256453,164
112,14,numberOfDays,64,223.423233333333,303.6179,256489,256594,105
112,0,blank,0,186.7349,298.5707,256735,256770,35
112,0,blank,0,192.2454,302.761,256805,256843,38
112,14,numberOfDays,64,312.797175,303.9833,256916,257057,141
112,14,!=,63,207.275533333333,307.647533333333,257386,257487,101
112,0,blank,0,318.3845,310.8605,257623,257659,36
112,14,day,62,162.910525,299.766375,257799,257939,140
112,14,numberOfDays,64,339.3099,302.27685,258042,258178,136
112,0,blank,0,344.3474,308.059,258248,258282,34
112,14,today,66,389.901166666667,302.213266666667,258316,258420,104
112,14,numberOfDays,64,309.86566,299.93284,258522,258692,170
112,14,numberOfDays,64,311.0034,296.79295,258692,258762,70
112,0,blank,0,346.08124,294.12812,258796,258970,174
112,14,today,66,393.0547,292.4784,259005,259039,34
112,14,today,66,395.56686,300.83858,259111,259280,169
112,14,today,66,391.060875,300.851575,259280,259415,135
112,14,numberOfDays,64,338.88754,302.87168,259483,259657,174
112,14,numberOfDays,64,276.2218,300.4633,259692,259728,36
112,14,numberOfDays,64,276.06492,304.0233,259798,259967,169
112,14,numberOfDays,64,268.6696,308.5585,259967,260002,35
112,14,day,62,159.71302,307.48064,260074,260248,174
112,0,blank,0,168.2488,313.0144,260352,260388,36
112,14,!=,63,196.97906,303.98104,260421,260598,177
112,0,blank,0,195.7436,302.94774,260598,260775,177
112,14,!=,63,196.546,302.61385,260775,260846,71
112,14,!=,63,210.3299,297.3531,260917,260954,37
112,0,blank,0,218.473266666667,302.922133333333,260988,261090,102
112,14,!=,63,204.8503,302.96228,261125,261298,173
112,14,numberOfDays,64,240.74206,300.79658,261332,261506,174
112,14,numberOfDays,64,248.5638,303.3886,261506,261540,34
112,14,numberOfDays,64,288.81874,298.44048,261576,261745,169
112,14,numberOfDays,64,285.11605,301.7273,261745,261810,65
112,14,numberOfDays,64,327.3225,293.0725,261951,262016,65
112,14,numberOfDays,64,333.589175,294.765025,262051,262186,135
112,14,today,66,394.7575,304.4571,262219,262387,168
112,14,today,66,400.326733333333,306.723566666667,262422,262523,101
112,0,blank,0,293.148866666667,222.882266666667,262594,262790,196
112,0,blank,0,173.882033333333,191.896633333333,262860,262972,112
112,0,blank,0,148.2911,141.19885,263078,263160,82
112,0,blank,0,168.2253,136.7422,263196,263229,33
112,0,blank,0,158.93925,151.82415,263261,263365,104
112,0,blank,0,151.0849,158.3388,263469,263615,146
112,0,blank,0,-350,-105,263925,263955,30
112,0,blank,0,-350,-105,264011,264050,39
112,0,blank,0,159.7758,65.2902,264205,264334,129
112,0,blank,0,172.5404,89.5761,264670,264704,34
112,3,stdbool,19,156.2637,58.66438,264874,265044,170
112,3,stdbool,19,154.9086,53.3436,265044,265079,35
112,3,stdbool,19,154.69,61.215425,265148,265282,134
112,10,dateUpdate,39,188.5989,207.3829,265549,265575,26
112,0,blank,0,-350,-105,265771,265880,109
112,0,blank,0,198.2382,91.6685,266084,266116,32
112,0,blank,0,289.69185,35.39395,266928,267036,108
112,0,blank,0,608.144,-103.9846,267641,267679,38
112,0,blank,0,275.8797,60.9196,268138,268244,106
112,0,blank,0,133.72115,397.98595,268915,268982,67
112,18,(,95,132.985066666667,389.105833333333,269016,269118,102
112,0,blank,0,133.1788,392.8251,269152,269220,68
112,0,blank,0,57.634,431.124966666667,269289,269391,102
112,0,blank,0,64.45168,459.45556,269460,269626,166
112,0,blank,0,-350,-105,269694,269785,91
112,0,blank,0,172.535375,454.0085,269994,270123,129
112,0,blank,0,168.35335,449.82735,270159,270227,68
112,0,blank,0,171.55395,459.3665,270261,270328,67
112,0,blank,0,305.14374,442.67436,270431,270601,170
112,0,blank,0,299.71342,448.20538,270601,270767,166
112,0,blank,0,301.4307,447.0541,270767,270801,34
112,0,blank,0,348.70556,436.79642,270835,271003,168
112,0,blank,0,351.1353,433.144,271003,271038,35
112,0,blank,0,348.0711,439.8719,271107,271142,35
112,16,month,79,447.034866666667,345.184533333333,271210,271312,102
112,16,month,79,437.6088,335.244,271345,271379,34
112,0,blank,0,320.914333333333,354.502533333333,271413,271514,101
112,0,blank,0,313.7874,330.5186,271547,271581,34
112,16,),75,321.5566,352.1649,271680,271717,37
112,16,today,87,353.8763,344.98035,271748,271885,137
112,16,today,87,358.3377,342.984,271919,271988,69
112,16,date,74,302.29396,350.73114,272124,272297,173
112,0,blank,0,305.2856,358.2191,272369,272402,33
112,16,date,74,305.8139,351.6375,272472,272507,35
112,16,date,74,301.4584,342.307,272574,272610,36
112,16,date,74,309.5847,345.3317,272644,272678,34
112,0,blank,0,256.166775,381.73945,272782,272920,138
112,0,blank,0,236.6688,405.8559,272987,273056,69
112,0,blank,0,147.97482,415.80192,273122,273295,173
112,0,blank,0,118.0022,410.3023,273330,273365,35
112,20,tomorrow,103,130.1686,425.7128,273435,273470,35
112,0,blank,0,125.489966666667,417.550166666667,273505,273613,108
112,0,blank,0,109.9957,413.45955,273718,273791,73
112,0,blank,0,115.8858,414.826566666667,273826,273934,108
112,0,blank,0,120.54114,420.58794,273968,274147,179
112,20,tomorrow,103,119.9979,428.1486,274147,274180,33
112,0,blank,0,110.8005,420.6496,274215,274250,35
112,20,tomorrow,103,123.1146,422.41115,274285,274354,69
112,0,blank,0,116.89318,420.11988,274390,274563,173
112,0,blank,0,111.6677,416.5961,274563,274599,36
112,0,blank,0,113.2208,417.2161,274698,274823,125
112,0,blank,0,117.0643,420.972,274823,274955,132
112,0,blank,0,131.5845,417.0671,275037,275080,43
112,0,blank,0,148.22062,412.8217,275156,275332,176
112,0,blank,0,149.66064,416.62168,275332,275507,175
112,0,blank,0,151.8261,410.9379,275507,275541,34
112,0,blank,0,161.45435,402.4051,275575,275646,71
112,0,blank,0,159.84285,399.9549,275716,275785,69
112,20,struct,106,231.5856,422.2731,275888,275923,35
112,0,blank,0,227.7559,405.9414,275958,275993,35
112,20,date,107,306.0951,423.69,276133,276203,70
112,0,blank,0,209.104925,406.2032,276239,276378,139
112,0,blank,0,224.23692,408.58606,276412,276586,174
112,0,blank,0,233.8878,414.459333333333,276586,276689,103
112,0,blank,0,362.466633333333,445.7248,276723,276826,103
112,0,blank,0,373.5957,449.2924,276895,276930,35
112,0,blank,0,340.36404,460.55182,276966,277140,174
112,0,blank,0,306.0551,453.83325,277210,277281,71
112,0,blank,0,326.95648,357.71276,277420,277590,170
112,16,date,74,311.1719,352.486,277623,277691,68
112,0,blank,0,306.744925,360.168075,277760,277900,140
112,0,blank,0,350.11805,359.50955,278002,278071,69
112,0,blank,0,298.75414,359.37686,278105,278278,173
112,16,date,74,297.5853,352.38895,278278,278350,72
112,16,{,76,341.6837,351.6578,278385,278557,172
112,16,{,76,338.6417,351.1076,278557,278592,35
112,0,blank,0,303.128525,446.8703,278626,278764,138
112,0,blank,0,362.145,448.0263,278868,278903,35
112,0,blank,0,362.43968,459.44276,278969,279146,177
112,0,blank,0,394.6422,457.010666666667,279319,279426,107
112,0,blank,0,393.623133333333,457.779833333333,279461,279565,104
112,0,blank,0,470.4364,362.58475,279632,279700,68
112,16,month,79,463.812325,344.8683,279735,279872,137
112,0,blank,0,505.397233333333,354.3186,279905,280007,102
112,16,today,87,494.0752,348.9648,280043,280076,33
112,0,blank,0,388.3069,453.5316,280145,280314,169
112,0,blank,0,363.55214,461.40586,280351,280522,171
112,0,blank,0,362.78975,463.70945,280522,280592,70
112,0,blank,0,408.29008,454.18596,280627,280805,178
112,0,blank,0,408.78615,457.27135,280805,280875,70
112,0,blank,0,435.19778,455.89338,280908,281081,173
112,24,tomorrow,124,91.6706,519.955533333333,281185,281287,102
112,0,blank,0,17.6491,533.169633333333,281360,281465,105
112,0,blank,0,18.3837,515.0836,281639,281673,34
112,0,blank,0,72.969925,553.80635,281708,281848,140
112,0,blank,0,-350,-105,281990,282154,164
112,26,return,145,92.07302,561.19798,282474,282653,179
112,26,return,145,91.5521333333333,557.7102,282721,282825,104
112,26,tomorrow,146,130.35066,564.97316,282963,283137,174
112,26,tomorrow,146,124.2705,559.084666666667,283137,283244,107
112,26,tomorrow,146,134.421,560.7803,283279,283314,35
112,0,blank,0,180.49,457.8524,283525,283560,35
112,20,struct,106,218.474925,438.278575,283595,283737,142
112,0,blank,0,224.09965,457.79605,283883,283956,73
112,0,blank,0,248.3676,532.743166666667,284067,284174,107
112,0,blank,0,227.36795,561.4042,284247,284319,72
112,0,blank,0,218.171666666667,554.018533333333,284355,284464,109
112,0,blank,0,311.9744,555.4756,284501,284536,35
112,0,blank,0,321.2953,560.8425,284606,284641,35
112,0,blank,0,310.2493,566.0315,284712,284747,35
112,0,blank,0,288.4432,551.137925,284819,284963,144
112,0,blank,0,369.21865,558.23215,284998,285069,71
112,0,blank,0,367.871,554.2452,285103,285138,35
112,0,blank,0,352.928633333333,559.208333333333,285283,285392,109
112,0,blank,0,348.718775,560.011,285764,285910,146
112,24,date,128,280.261,513.44615,286056,286131,75
112,0,blank,0,101.194,552.9696,286281,286353,72
112,26,return,145,60.3081666666667,558.011433333333,286389,286498,109
112,0,blank,0,28.5521,512.4792,286671,286706,35
112,0,blank,0,281.0241,453.2829,286888,286923,35
112,0,blank,0,276.8939,463.3121,286957,286996,39
112,0,blank,0,347.77575,464.49115,287144,287222,78
112,0,blank,0,188.49915,465.18,287295,287366,71
112,0,blank,0,188.74165,455.15195,287438,287510,72
112,0,blank,0,205.041175,419.117375,287582,287726,144
112,0,blank,0,170.168025,414.65255,287833,287974,141
112,0,blank,0,127.1304,365.93425,288046,288119,73
112,0,blank,0,139.943,311.9489,288305,288341,36
112,0,blank,0,130.8608,313.9821,288379,288416,37
112,16,tomorrow,70,147.4459,338.1178,288452,288489,37
112,0,blank,0,132.43195,316.42705,288527,288602,75
112,16,struct,73,222.85086,333.79116,288676,288854,178
112,0,blank,0,225.4322,326.8296,288854,288890,36
112,0,blank,0,192.19652,325.45186,288927,289103,176
112,0,blank,0,182.5904,330.2752,289103,289138,35
112,0,blank,0,192.39945,322.0201,289173,289245,72
112,0,blank,0,198.63545,414.90345,289280,289353,73
112,20,(,105,198.18295,422.916225,289389,289532,143
112,20,struct,106,210.2607,435.8892,289567,289638,71
112,24,{,130,337.42245,525.9157,289889,289962,73
112,24,{,130,337.8043,513.708,289996,290066,70
112,0,blank,0,400.7032,544.017,290171,290208,37
112,24,today,139,392.8005,527.3865,290242,290277,35
112,0,blank,0,345.28545,529.93215,290349,290422,73
112,0,blank,0,356.16676,544.63514,290494,290676,182
112,0,blank,0,463.07485,563.2308,290783,290855,72
112,0,blank,0,462.111633333333,556.919733333333,290926,291032,106
112,0,blank,0,477.4213,549.2949,291106,291176,70
112,0,blank,0,476.6346,554.6725,291212,291248,36
112,0,blank,0,531.6921,535.1557,291284,291320,36
112,0,blank,0,533.15535,543.808875,291359,291502,143
112,0,blank,0,735.201,719.0734,291824,291860,36
112,0,blank,0,735.9908,722.48776,291894,292071,177
112,0,blank,0,726.354,719.6127,292071,292106,35
112,0,blank,0,737.807,708.6184,292141,292176,35
112,0,blank,0,850.2785,718.9961,292246,292316,70
112,0,blank,0,858.526,725.095,292351,292386,35
112,0,blank,0,861.567,718.23735,292456,292528,72
112,0,blank,0,335.8558,488.6365,292670,292817,147
112,0,blank,0,345.5322,491.8147,292855,292895,40
112,0,blank,0,428.893933333333,472.025366666667,292933,293051,118
112,0,blank,0,883.38,677.5517,293266,293306,40
112,0,blank,0,922.04,686.9346,293341,293377,36
112,0,blank,0,914.025,722.8345,293412,293447,35
112,0,blank,0,913.405,698.0783,293483,293518,35
112,0,blank,0,708.687,725.0671,293741,293815,74
112,0,blank,0,708.509,709.9688,293890,293929,39
112,0,blank,0,764.301,706.1626,294043,294084,41
112,0,blank,0,754.165,748.4523,294122,294159,37
112,0,blank,0,751.768,690.7228,294273,294312,39
112,0,blank,0,868.4045,739.2072,294506,294581,75
112,0,blank,0,885.6325,731.9028,294617,294693,76
112,0,blank,0,875.633,724.3677,294730,294769,39
112,0,blank,0,885.125,723.3314,294922,294961,39
112,0,blank,0,967.272,669.6118,295423,295469,46
112,0,blank,0,980.538,626.16315,296656,296751,95
112,0,blank,0,476.2733,411.3014,296858,296896,38
112,0,blank,0,465.382933333333,394.194533333333,296931,297039,108
112,0,blank,0,471.301333333333,415.0933,297076,297186,110
112,0,blank,0,412.11628,437.68588,297257,297437,180
112,20,today,114,413.89382,441.4993,297437,297614,177
112,20,today,114,413.00925,438.8085,297614,297684,70
112,0,blank,0,454.66636,442.30778,297757,297931,174
112,20,today,114,456.0717,438.02874,297931,298104,173
112,20,.,115,467.1071,441.3385,298104,298141,37
112,0,blank,0,402.1582,440.61148,298280,298453,173
112,20,comma,113,397.14635,438.8054,298453,298595,142
112,0,blank,0,365.38776,442.38112,298665,298840,175
112,20,today,114,450.2311,433.5281,298909,299016,107
112,0,blank,0,219.34895,442.09685,299224,299292,68
112,0,blank,0,-350,-105,299588,299757,169
112,24,1,137,357.8847,517.5912,300241,300338,97
112,0,blank,0,364.9334,533.6686,300385,300432,47
112,21,},121,47.72775,453.82005,300772,300857,85
112,0,blank,0,78.57602,433.87324,300891,301063,172
112,0,blank,0,78.9005,438.8054,301063,301133,70
112,0,blank,0,192.57112,428.36402,301201,301378,177
112,20,date,107,308.66062,426.5119,301451,301622,171
112,20,date,107,277.4645,440.1528,301691,301726,35
112,20,date,107,281.53156,429.5649,301759,301933,174
112,20,date,107,283.1992,427.4467,301933,302003,70
112,20,{,109,334.1251,430.74844,302073,302243,170
112,0,blank,0,330.0963,441.8038,302243,302310,67
112,20,{,109,333.4867,426.4392,302377,302410,33
112,0,blank,0,349.0919,447.4781,302445,302479,34
112,20,1,118,357.77824,432.65926,302514,302687,173
112,0,blank,0,353.9371,417.7908,302687,302721,34
112,0,blank,0,441.5096,477.8995,302788,302822,34
112,0,blank,0,375.91192,437.26172,302923,303095,172
112,0,blank,0,-248.3549,-103.9911,303990,304048,58
112,0,blank,0,810.062,-103.964,304363,304411,48
112,0,blank,0,809.941,-103.9548,304562,304613,51
112,0,blank,0,819.20325,-103.941775,304700,304836,136
112,0,blank,0,344.3392,459.6639,304973,305007,34
112,0,blank,0,344.805433333333,440.933933333333,305043,305152,109
112,0,blank,0,309.83705,452.862025,305190,305331,141
112,0,blank,0,285.6122,445.8267,305507,305541,34
112,0,blank,0,-350,-105,305611,305723,112
112,20,date,107,301.8076,438.7051,305806,305902,96
112,0,blank,0,312.2303,467.161,305972,305997,25
112,0,blank,0,318.1074,457.3185,306069,306103,34
112,0,blank,0,312.955733333333,461.0585,306171,306272,101
112,0,blank,0,366.8671,455.95755,306307,306376,69
112,0,blank,0,360.9517,444.67856,306409,306578,169
112,20,comma,113,366.4099,435.6389,306578,306612,34
112,0,blank,0,366.94282,456.95486,306680,306848,168
112,0,blank,0,363.4202,446.5471,306848,306916,68
112,20,comma,113,397.8322,436.6557,306950,306983,33
112,0,blank,0,404.7516,460.1099,307050,307083,33
112,0,blank,0,401.9983,459.5192,307153,307190,37
112,0,blank,0,405.5348,457.0211,307224,307261,37
112,0,blank,0,-350,-105,307364,307472,108
112,0,blank,0,417.9943,445.7729,307754,307779,25
112,0,blank,0,-350,-105,307939,308124,185
112,0,blank,0,-350,-105,308124,308179,55
112,20,today,114,447.8251,427.77445,308420,308498,78
112,0,blank,0,452.55585,443.6698,308536,308611,75
112,0,blank,0,165.442,454.5621,309165,309200,35
112,0,blank,0,224.0347,419.6938,309347,309382,35
112,0,blank,0,216.7266,418.3117,309453,309490,37
112,20,tomorrow,103,137.102775,427.4956,309525,309668,143
112,20,tomorrow,103,132.31025,429.3837,309703,309774,71
112,0,blank,0,344.58188,464.93226,309845,310023,178
112,0,blank,0,469.64815,496.4893,310059,310132,73
112,0,blank,0,-350,-105,310342,310488,146
112,0,blank,0,31.2467,517.5963,310575,310752,177
112,0,blank,0,22.8243,521.876,310839,310863,24
112,0,blank,0,35.1915,511.5142,310900,310938,38
112,0,blank,0,433.0694,553.6666,311009,311081,72
112,25,},144,46.9968,542.4513,311183,311217,34
112,25,},144,44.99755,537.66765,311287,311355,68
112,0,blank,0,419.75474,557.15996,311426,311602,176
112,0,blank,0,508.09645,563.2255,311637,311706,69
112,0,blank,0,510.49875,565.5405,311740,311809,69
112,0,blank,0,512.4871,551.1517,311844,311878,34
112,0,blank,0,508.2595,557.995633333333,311913,312021,108
112,0,blank,0,507.049433333333,546.323233333333,312202,312308,106
112,24,+,136,504.879,526.9484,312380,312491,111
112,0,blank,0,528.02245,555.46575,312725,312834,109
112,0,blank,0,499.4537,551.0905,312940,312977,37
112,0,blank,0,494.95905,547.6515,313051,313120,69
112,24,today,139,422.6603,526.3075,313304,313347,43
112,0,blank,0,344.285566666667,554.913633333333,313564,313676,112
112,0,blank,0,515.7278,534.538,313786,313823,37
112,0,blank,0,517.3893,555.3526,313860,313900,40
112,0,blank,0,516.3005,542.7603,313935,313971,36
112,0,blank,0,487.0574,550.3298,314110,314146,36
112,0,blank,0,480.8358,555.2802,314215,314251,36
112,0,blank,0,486.9461,540.1313,314319,314350,31
112,0,blank,0,207.2738,561.93385,314506,314579,73
112,0,blank,0,135.6778,552.2869,314687,314723,36
112,0,blank,0,134.7606,535.9643,314759,314797,38
112,26,return,145,66.3808333333333,559.155566666667,314906,315011,105
112,0,blank,0,58.2508,553.2937,315115,315186,71
112,26,return,145,68.6542,572.7012,315220,315254,34
112,26,return,145,49.62645,560.369575,315289,315434,145
112,26,return,145,62.79805,562.70365,315434,315626,192
112,0,blank,0,-350,-105,315757,315853,96
112,0,blank,0,175.7789,554.78,316204,316241,37
112,26,tomorrow,146,188.6119,571.3124,316311,316347,36
112,26,tomorrow,146,173.4569,555.4153,316382,316418,36
112,0,blank,0,216.2863,555.1365,316698,316734,36
112,0,blank,0,220.2421,572.3532,316944,316980,36
112,0,blank,0,253.3497,568.0665,317015,317050,35
112,0,blank,0,242.191,546.3796,317085,317121,36
112,0,blank,0,288.0197,569.9752,317264,317301,37
112,0,blank,0,339.7468,568.0905,317521,317557,36
112,0,blank,0,348.2176,551.3932,317593,317630,37
112,0,blank,0,347.40315,561.1243,317664,317734,70
112,0,blank,0,461.2977,695.4793,317838,317872,34
112,0,blank,0,363.6657,596.6294,317976,318011,35
112,0,blank,0,326.7324,555.8626,318120,318265,145
112,0,blank,0,332.1635,554.1932,318371,318408,37
112,0,blank,0,-350,-105,318480,318657,177
112,0,blank,0,-350,-105,318657,318782,125
112,0,blank,0,343.2439,540.6793,318877,318910,33
112,0,blank,0,345.88645,561.237175,318944,319085,141
112,0,blank,0,361.733,552.2666,319156,319191,35
112,0,blank,0,365.12834,559.256,319262,319437,175
112,0,blank,0,370.7099,561.8004,319437,319472,35
112,0,blank,0,428.238366666667,563.024733333333,319544,319649,105
112,0,blank,0,433.09938,558.33694,319685,319861,176
112,0,blank,0,440.11875,565.2038,319861,319935,74
112,0,blank,0,499.093866666667,558.096866666667,319970,320076,106
112,0,blank,0,498.518933333333,565.406566666667,320112,320218,106
112,0,blank,0,498.81576,565.89456,320289,320466,177
112,26,tomorrow,146,181.60132,556.43124,320573,320753,180
112,26,tomorrow,146,178.6293,560.2344,320753,320826,73
112,0,blank,0,110.7669,562.64378,320899,321079,180
112,0,blank,0,104.2224,559.0046,321079,321114,35
112,26,return,145,66.70686,561.15144,321149,321322,173
112,26,return,145,73.13688,564.4675,321357,321533,176
112,26,return,145,82.92384,565.01386,321533,321704,171
112,26,return,145,90.6212,561.2737,321704,321738,34
112,26,return,145,78.1382,560.5292,321772,321807,35
112,26,tomorrow,146,185.9994,561.7409,321944,321980,36
112,0,blank,0,196.85045,574.556,322014,322083,69
112,0,blank,0,164.634575,489.395225,322118,322258,140
112,0,blank,0,208.2833,466.122,322327,322363,36
112,0,blank,0,214.1888,472.900966666667,322434,322539,105
112,0,blank,0,184.882633333333,527.388866666667,322576,322683,107
112,0,blank,0,211.32965,569.728,322755,322896,141
112,0,blank,0,244.59515,562.565675,322967,323104,137
112,0,blank,0,242.53515,563.24365,323140,323210,70
112,0,blank,0,215.636533333333,549.5373,323314,323420,106
112,0,blank,0,251.09845,557.76105,323492,323564,72
112,0,blank,0,251.1539,561.0757,323635,323669,34
112,0,blank,0,238.6288,558.872,323741,323919,178
112,0,blank,0,241.5265,567.003,323919,323989,70
112,0,blank,0,231.001166666667,561.443966666667,324025,324131,106
112,0,blank,0,294.04848,561.47392,324166,324344,178
112,0,blank,0,292.428466666667,556.205166666667,324344,324450,106
112,0,blank,0,295.4413,568.4319,324487,324593,106
112,0,blank,0,292.3784,569.1035,324629,324664,35
112,0,blank,0,292.0557,569.485225,324735,324878,143
112,0,blank,0,294.8433,575.1341,324950,324985,35
112,0,blank,0,109.046075,573.80415,325058,325199,141
112,26,return,145,70.3275,563.3428,325304,325340,36
112,0,blank,0,269.24795,506.78775,325556,325631,75
112,0,blank,0,291.4214,470.8409,325668,325705,37
112,0,blank,0,286.8978,470.8214,325778,325814,36
112,20,struct,106,259.92074,436.65642,325923,326107,184
112,24,date,128,291.9677,510.8113,326145,326181,36
112,0,blank,0,287.297866666667,508.2586,326218,326323,105
112,0,blank,0,302.657333333333,565.2088,326358,326462,104
112,0,blank,0,-350,-105,326535,326691,156
112,0,blank,0,334.654,549.963,326890,326929,39
112,0,blank,0,332.6634,548.2588,327113,327151,38
112,0,blank,0,343.848933333333,549.388366666667,327336,327447,111
112,0,blank,0,349.6818,569.0009,327485,327523,38
112,0,blank,0,341.9965,535.1413,327595,327632,37
112,0,blank,0,377.2192,540.3773,327668,327705,37
112,0,blank,0,381.72365,550.7944,327816,327888,72
112,0,blank,0,388.1818,562.48385,327923,327997,74
112,0,blank,0,378.24365,554.45335,328034,328107,73
112,0,blank,0,382.99645,549.45185,328215,328288,73
112,0,blank,0,384.1242,563.12735,328326,328401,75
112,0,blank,0,378.1819,548.56715,328626,328704,78
112,0,blank,0,360.7194,563.3356,328855,328892,37
112,0,blank,0,366.369,550.7454,329005,329042,37
112,0,blank,0,419.792566666667,560.279833333333,329155,329266,111
112,0,blank,0,422.05715,560.6466,329375,329449,74
112,0,blank,0,-350,-105,329559,329737,178
112,0,blank,0,624.11455,533.72715,330479,330552,73
112,0,blank,0,610.4698,563.2964,330586,330621,35
112,0,blank,0,218.5363,532.1249,330690,330724,34
112,24,struct,127,231.0837,529.1422,330864,330897,33
112,24,struct,127,217.7764,520.6893,330931,330964,33
112,24,struct,127,213.6344,516.5985,331065,331099,34
112,0,blank,0,223.765,534.5609,331133,331167,34
112,0,blank,0,163.1991,553.9456,331201,331235,34
112,0,blank,0,166.4785,551.4661,331269,331304,35
112,0,blank,0,159.8595,551.70965,331338,331409,71
112,0,blank,0,319.320133333333,546.1612,331627,331741,114
112,0,blank,0,463.27624,538.15954,331811,331984,173
112,0,blank,0,458.3715,538.4347,331984,332019,35
112,0,blank,0,427.6719,534.6467,332160,332196,36
112,0,blank,0,435.874,544.8571,332265,332300,35
112,0,blank,0,329.1164,524.9283,332438,332507,69
112,0,blank,0,345.5156,507.6243,332543,332578,35
112,0,blank,0,302.66345,474.79405,332684,332755,71
112,0,blank,0,271.641,437.3043,332967,333003,36
112,0,blank,0,260.70872,398.74124,333075,333255,180
112,0,blank,0,212.414233333333,406.582566666667,333325,333434,109
112,0,blank,0,219.85365,411.06135,333469,333542,73
112,0,blank,0,199.7139,477.424,333613,333722,109
112,0,blank,0,193.1595,482.3193,333759,333795,36
112,24,tomorrow,124,129.0576,510.68645,333830,333902,72
112,0,blank,0,123.0146,507.2081,333971,334007,36
112,0,blank,0,249.169666666667,367.914866666667,334077,334183,106
112,0,blank,0,194.268033333333,589.092833333333,334253,334361,108
112,0,blank,0,144.2072,585.4244,334467,334502,35
112,0,blank,0,140.05145,574.2036,334538,334684,146
112,28,numberOfDays,150,132.3894,600.64028,334720,334902,182
112,28,numberOfDays,150,133.03576,600.67776,334902,335083,181
112,28,struct,152,190.8323,602.3876,335120,335156,36
112,28,struct,152,194.77432,609.6764,335192,335370,178
112,28,struct,152,194.1843,607.871,335370,335443,73
112,28,struct,152,199.041,612.7672,335479,335515,36
112,28,numberOfDays,150,163.54975,615.1825,335588,335660,72
112,0,blank,0,-350,-105,335734,335879,145
112,0,blank,0,-350,-105,336252,336401,149
112,0,blank,0,21.7809,649.1813,336452,336492,40
112,0,blank,0,26.5948,650.5792,336526,336561,35
112,0,blank,0,-5.27938,665.44188,336666,336838,172
112,0,blank,0,-16.213275,668.3813,336838,336980,142
112,0,blank,0,-16.7362,654.4725,337016,337052,36
112,31,bool,160,48.361925,666.740725,337158,337302,144
112,31,bool,160,80.1292,664.42788,337411,337594,183
112,0,blank,0,86.5547,662.9616,337594,337629,35
112,0,blank,0,95.374,670.8134,337668,337703,35
112,0,blank,0,190.6329,653.8221,337741,337780,39
112,0,blank,0,184.4041,654.0723,337857,337893,36
112,0,blank,0,19.3584,659.3563,338355,338392,37
112,0,blank,0,83.2415,662.9406,338591,338631,40
112,0,blank,0,82.1031333333333,652.340033333333,338672,338784,112
112,0,blank,0,-350,-105,338930,339057,127
112,0,blank,0,-350,-105,339057,339179,122
112,0,blank,0,355.0913,534.8871,339730,339766,36
112,0,blank,0,322.1872,417.739733333333,339942,340048,106
112,20,comma,113,364.23975,433.8579,340084,340156,72
112,18,today,96,187.262966666667,384.670633333333,340227,340332,105
112,18,today,96,187.6635,386.6078,340367,340401,34
112,16,tomorrow,70,130.3395,351.142675,340440,340582,142
112,0,blank,0,92.5943,301.28244,340656,340836,180
112,0,blank,0,91.5146,292.493,340836,340875,39
112,0,blank,0,91.0708,318.2941,340911,341090,179
112,0,blank,0,94.35515,330.87305,341090,341161,71
112,0,blank,0,90.0019,323.6253,341199,341235,36
112,14,day,62,165.1426,309.3621,341308,341382,74
112,0,blank,0,94.8058,288.3995,341452,341487,35
112,0,blank,0,88.65426,294.06606,341521,341700,179
112,0,blank,0,80.6003,310.8186,341700,341734,34
112,0,blank,0,70.5803,295.5089,341769,341878,109
112,0,blank,0,40.2874,316.1041,341950,341987,37
112,0,blank,0,31.8752,308.3339,342023,342059,36
112,14,today,66,108.478633333333,307.133033333333,342131,342241,110
112,0,blank,0,60.00262,639.75978,342277,342456,179
112,30,int,157,67.64855,647.297725,342456,342598,142
112,30,;,159,171.94572,653.54948,342669,342848,179
112,0,blank,0,175.2349,650.8214,342848,342953,105
112,13,numberOfDays,51,181.01692,285.18466,343060,343244,184
112,0,blank,0,189.95802,297.22614,343244,343423,179
112,0,blank,0,191.19088,305.40932,343423,343607,184
112,0,blank,0,183.9681,706.4407,343681,343753,72
112,0,blank,0,184.0999,660.73635,343900,343972,72
112,31,isLeapYear,161,178.61055,673.5768,344042,344113,71
112,32,const,168,68.9474,689.9837,344254,344289,35
112,0,blank,0,16.7316,711.04302,344499,344671,172
112,0,blank,0,-350,-105,344774,344880,106
112,31,isLeapYear,161,191.9201,672.9631,345208,345229,21
112,0,blank,0,122.2949,717.6411,345354,345389,35
112,0,blank,0,125.3028,711.211866666667,345459,345564,105
112,32,daysPerMonth,170,191.5433,699.1259,345632,345667,35
112,31,isLeapYear,161,198.4702,675.2824,345809,345843,34
112,32,daysPerMonth,170,186.0168,690.8646,345983,346018,35
112,0,blank,0,188.6048,715.1196,346053,346087,34
112,0,blank,0,192.4023,662.7255,346123,346159,36
112,0,blank,0,186.66935,706.97865,346194,346269,75
112,32,daysPerMonth,170,151.6212,703.7473,346380,346416,36
112,0,blank,0,144.0926,718.0369,346487,346525,38
112,0,blank,0,117.6,709.2333,346561,346596,35
112,0,blank,0,120.4426,711.9468,346706,346745,39
112,0,blank,0,126.03535,714.39045,346780,346855,75
112,0,blank,0,126.05015,717.16135,346893,346964,71
112,32,daysPerMonth,170,157.5136,697.0549,347038,347075,37
112,0,blank,0,164.1121,710.2368,347149,347186,37
112,0,blank,0,194.3666,713.7563,347257,347295,38
112,0,blank,0,206.81174,709.89954,347365,347545,180
112,0,blank,0,244.4415,708.4267,347763,347801,38
112,32,daysPerMonth,170,234.46318,690.59708,347909,348094,185
112,32,daysPerMonth,170,226.5311,700.7251,348168,348204,36
112,0,blank,0,226.0093,716.2819,348243,348276,33
112,0,blank,0,215.3585,707.7999,348350,348388,38
112,31,struct,163,252.3378,680.3746,348723,348761,38
112,0,blank,0,340.572,706.7281,348980,349018,38
112,0,blank,0,305.802,711.5229,349272,349347,75
112,0,blank,0,295.3745,720.3063,349457,349492,35
112,0,blank,0,305.791,715.4738,349669,349704,35
112,0,blank,0,318.3761,660.8628,349740,349775,35
112,0,blank,0,355.2045,715.9067,349885,349920,35
112,0,blank,0,376.3795,713.0049,350104,350138,34
112,0,blank,0,364.30528,728.00824,350351,350524,173
112,0,blank,0,368.1059,708.979,350524,350595,71
112,0,blank,0,351.3687,739.3429,350662,350732,70
112,0,blank,0,377.1438,708.0802,350936,350971,35
112,32,[,171,266.9888,705.9743,351113,351150,37
112,0,blank,0,354.563,707.2079,351372,351405,33
112,0,blank,0,368.3079,706.7529,351442,351479,37
112,32,=,174,322.7055,699.1182,351547,351583,36
112,0,blank,0,169.4108,742.7719,351766,351803,37
112,0,blank,0,160.375,734.1817,351838,351872,34
112,0,blank,0,139.19562,741.87566,352018,352199,181
112,0,blank,0,130.0585,737.678,352308,352344,36
112,0,blank,0,127.01165,735.90115,352453,352527,74
112,0,blank,0,132.095,745.7825,352597,352632,35
112,0,blank,0,136.212,744.8539,352704,352775,71
112,0,blank,0,134.3972,726.6251,352883,352920,37
112,0,blank,0,141.78225,733.31995,352956,353029,73
112,0,blank,0,177.7847,728.5602,353066,353101,35
112,0,blank,0,174.4872,738.0081,353173,353212,39
112,0,blank,0,172.4875,742.025,353249,353284,35
112,0,blank,0,170.4336,738.3185,353356,353393,37
112,0,blank,0,248.0173,722.2455,353575,353611,36
112,0,blank,0,237.6733,744.39115,353648,353722,74
112,0,blank,0,227.749,739.2559,353980,354019,39
112,0,blank,0,227.0385,729.0529,354093,354130,37
112,0,blank,0,218.7757,741.0711,354206,354244,38
112,0,blank,0,198.198033333333,745.055033333333,354392,354501,109
112,0,blank,0,-350,-105,354660,354741,81
112,0,blank,0,882.9252,242.48084,354929,355098,169
112,0,blank,0,885.844,255.5511,355098,355132,34
112,0,blank,0,875.1295,245.7901,355167,355239,72
112,0,blank,0,898.589,268.3644,355345,355381,36
112,0,blank,0,905.161,289.3441,355418,355452,34
112,0,blank,0,161.4154,777.4841,355646,355721,75
112,0,blank,0,912.54475,256.0315,356064,356211,147
112,0,blank,0,913.832,260.8433,356211,356288,77
112,0,blank,0,904.326,269.9025,356288,356425,137
112,0,blank,0,908.204,261.5776,356425,356551,126
112,0,blank,0,904.9565,265.7417,356551,356679,128
112,0,blank,0,905.4145,70.1373,356796,356880,84
112,0,blank,0,922.7735,16.4456,356961,357044,83
113,0,blank,0,70.2731,501.5593,358284,358320,36
113,0,blank,0,73.8469,532.7477,358393,358429,36
113,0,blank,0,68.2316333333333,518.8467,358499,358608,109
113,0,blank,0,-350,-105,358644,358806,162
113,0,blank,0,112.5709,484.2985,358951,358976,25
113,34,31,184,179.36855,461.41505,359088,359160,72
113,0,blank,0,176.4878,446.158,359541,359579,38
113,34,31,184,183.3075,463.1415,359689,359725,36
113,34,31,184,173.3298,462.3947,359834,359870,36
113,0,blank,0,174.3067,438.3909,359948,359974,26
113,34,31,184,174.8251,477.3513,360081,360115,34
113,0,blank,0,152.66,467.2444,360152,360188,36
113,0,blank,0,146.9615,453.1883,360457,360495,38
113,0,blank,0,210.583933333333,455.344866666667,360606,360722,116
113,0,blank,0,212.0246,458.5344,360798,360834,36
113,35,31,198,141.2369,486.0006,360980,361016,36
113,34,28,178,127.2107,472.9859,361052,361127,75
113,34,28,178,135.313733333333,471.216966666667,361200,361316,116
113,34,28,178,133.51985,467.09395,361390,361466,76
113,34,comma,187,110.2798,474.308,361541,361578,37
113,0,blank,0,52.6266,476.797433333333,361689,361799,110
113,0,blank,0,134.3506,452.5213,361873,361910,37
113,34,28,178,137.027733333333,470.8236,362056,362164,108
113,0,blank,0,155.615375,476.575125,362349,362496,147
113,0,blank,0,155.133166666667,466.844466666667,362534,362643,109
113,0,blank,0,157.347175,468.842125,362715,362861,146
113,34,28,178,142.05942,473.40524,362897,363080,183
113,34,28,178,135.5747,466.7055,363080,363116,36
113,0,blank,0,162.1384,466.582666666667,363187,363295,108
113,34,comma,187,150.50485,471.1979,363444,363588,144
113,34,28,178,138.71038,461.0031,363625,363806,181
113,34,comma,187,145.793,477.9749,363842,363877,35
113,34,28,178,130.6447,463.33215,363985,364058,73
113,34,31,184,175.3193,473.2663,364204,364241,37
113,0,blank,0,196.5247,465.179833333333,364463,364573,110
113,0,blank,0,222.6925,454.85485,364648,364720,72
113,0,blank,0,75.7008,514.4147,364949,364985,36
113,0,blank,0,70.53285,514.6897,365059,365131,72
113,0,blank,0,192.2628,458.3239,365348,365426,78
113,0,blank,0,76.75855,496.0718,365532,365606,74
113,0,blank,0,67.3846,497.6952,365679,365753,74
113,0,blank,0,97.42416,503.30946,365789,365973,184
113,0,blank,0,190.6874,441.889,366046,366121,75
113,0,blank,0,192.976766666667,440.903933333333,366155,366263,108
113,0,blank,0,233.6749,451.3828,366370,366406,36
113,34,comma,187,110.744833333333,471.916566666667,366513,366621,108
113,0,blank,0,-350,-105,366692,366861,169
113,0,blank,0,68.5708,521.1537,367048,367071,23
113,35,31,198,90.71435,494.053425,367191,367331,140
113,0,blank,0,92.0885,502.51618,367365,367539,174
113,0,blank,0,138.6345,506.159525,367610,367750,140
113,0,blank,0,216.9946,511.8857,367856,367926,70
113,35,31,198,207.6759,489.5939,367959,368028,69
113,0,blank,0,36.9775,544.1262,368131,368166,35
113,0,blank,0,28.7076,552.77975,368241,368315,74
113,0,blank,0,59.1538,564.5385,368612,368648,36
113,0,blank,0,26.354725,569.885675,368755,368897,142
113,0,blank,0,13.8242,595.0446,368933,368969,36
113,0,blank,0,12.6627,563.7841,369076,369110,34
113,0,blank,0,15.9663,570.1356,369320,369354,34
113,0,blank,0,70.6774,557.9776,369391,369426,35
113,0,blank,0,91.188,570.6027,369461,369496,35
113,39,else,220,76.61055,583.5987,369532,369603,71
113,0,blank,0,65.07125,567.22785,369638,369709,71
113,0,blank,0,45.837,564.5994,369746,369782,36
113,39,else,220,66.12545,574.0594,369819,369893,74
113,0,blank,0,62.2269,468.7543,370109,370144,35
113,0,blank,0,49.1455,603.323933333333,370214,370319,105
113,39,else,220,53.1987,571.874,370534,370570,36
113,0,blank,0,26.15685,596.794175,370644,370792,148
113,39,else,220,80.7086,571.687,371162,371199,37
113,0,blank,0,76.7195,566.4252,371273,371309,36
113,40,daysPerMonth,223,170.062233333333,594.6128,371420,371532,112
113,0,blank,0,192.4137,586.2698,371643,371717,74
113,0,blank,0,190.3391,579.4308,371755,371792,37
113,0,blank,0,238.3815,563.524,371831,371869,38
113,0,blank,0,243.2184,576.0221,371905,371941,36
113,0,blank,0,197.2701,569.714025,372053,372203,150
113,0,blank,0,152.4911,601.1495,372310,372345,35
113,0,blank,0,139.2587,581.20835,372381,372456,75
113,0,blank,0,170.2346,578.6512,372530,372567,37
113,40,daysPerMonth,223,221.2362,594.416,372791,372827,36
113,0,blank,0,224.317533333333,575.265833333333,372904,373022,118
113,0,blank,0,321.490425,579.357575,373059,373204,145
113,0,blank,0,313.1909,581.4218,373276,373313,37
113,0,blank,0,295.0492,565.04115,373387,373461,74
113,40,month,227,307.8403,596.6258,373497,373534,37
113,0,blank,0,259.78845,575.3208,373794,373870,76
113,0,blank,0,255.7194,571.9601,373943,373981,38
113,0,blank,0,235.6586,565.2104,374090,374125,35
113,40,daysPerMonth,223,247.577,592.3701,374231,374267,36
113,0,blank,0,41.0816,456.2065,374632,374670,38
113,0,blank,0,165.5267,443.2646,374747,374819,72
113,0,blank,0,170.3504,454.31675,374856,374929,73
113,0,blank,0,91.992475,451.315475,374967,375112,145
113,0,blank,0,55.0911,438.4227,375149,375295,146
113,0,blank,0,38.2503,446.63025,375332,375406,74
113,32,daysPerMonth,170,245.63002,433.46034,375480,375663,183
113,0,blank,0,226.3724,443.31284,375702,375885,183
113,0,blank,0,219.47,446.5256,375885,375919,34
113,0,blank,0,50.1512,459.70535,376027,376101,74
113,0,blank,0,89.65635,591.42975,376213,376284,71
113,40,days,221,94.63105,608.51015,376323,376399,76
113,40,days,221,98.7725,604.4927,376435,376474,39
113,0,blank,0,79.6395,610.3635,376553,376588,35
113,0,blank,0,42.89185,557.58615,376970,377129,159
113,38,days,216,91.4134,564.4963,377203,377276,73
113,0,blank,0,100.0934,577.3033,377315,377352,37
113,38,days,216,84.6176,556.9758,377389,377425,36
113,0,blank,0,36.7961,571.13715,377461,377535,74
113,0,blank,0,33.9576,562.9636,377572,377647,75
113,0,blank,0,20.954,566.884675,377687,377833,146
113,0,blank,0,75.7148,610.0898,378163,378203,40
113,0,blank,0,74.2375,589.50835,378241,378317,76
113,0,blank,0,103.94915,583.64055,378354,378428,74
113,40,days,221,102.4751,595.6719,378464,378502,38
113,39,else,220,69.916,585.7834,378578,378616,38
113,39,else,220,69.69755,580.7281,378689,378763,74
113,0,blank,0,148.61405,580.9741,378903,378977,74
113,0,blank,0,155.3166,578.728766666667,379010,379118,108
113,0,blank,0,165.0116,574.1453,379189,379227,38
113,0,blank,0,160.7515,574.506566666667,379299,379403,104
113,31,isLeapYear,161,191.5301,405.5088,379544,379576,32
113,0,blank,0,198.770766666667,414.345233333333,379609,379715,106
113,32,int,169,120.24538,434.2252,379749,379925,176
113,0,blank,0,100.268966666667,435.582833333333,380030,380133,103
113,32,const,168,69.8977,427.1765,380168,380270,102
113,0,blank,0,17.87584,422.00048,380305,380479,174
113,0,blank,0,12.3396,421.7169,380479,380515,36
113,0,blank,0,102.5056,424.744325,380586,380732,146
113,0,blank,0,160.0688,439.2023,380841,380912,71
113,0,blank,0,219.510466666667,443.031766666667,380980,381088,108
113,32,daysPerMonth,170,203.4175,428.04205,381123,381193,70
113,37,isLeapYear,203,110.4499,535.0278,381264,381299,35
113,37,isLeapYear,203,105.5035,531.529,381369,381404,35
113,0,blank,0,219.0212,612.6161,381509,381544,35
113,40,daysPerMonth,223,245.3751,597.4837,381650,381685,35
113,0,blank,0,253.0977,589.8186,381828,381865,37
113,0,blank,0,290.792233333333,580.524633333333,381901,382013,112
113,0,blank,0,294.189366666667,582.175266666667,382087,382195,108
113,0,blank,0,271.4492,560.7698,382234,382270,36
113,0,blank,0,285.5512,572.72745,382419,382494,75
113,0,blank,0,272.155,570.4368,382567,382606,39
113,0,blank,0,-350,-105,382642,382827,185
113,0,blank,0,268.92735,574.282,383020,383091,71
113,40,days,221,89.2572333333333,609.6562,383265,383372,107
113,0,blank,0,255.6339,564.954,383442,383480,38
113,0,blank,0,265.6217,570.3876,383514,383583,69
113,0,blank,0,294.9357,563.327,383799,383837,38
113,0,blank,0,283.1604,571.254,383906,383944,38
113,0,blank,0,321.420675,572.0921,384083,384228,145
113,0,blank,0,293.31745,570.7499,384334,384404,70
113,0,blank,0,293.1068,590.2225,384476,384512,36
113,0,blank,0,295.0439,576.5116,384583,384619,36
113,0,blank,0,283.0686,560.8643,384690,384723,33
113,0,blank,0,285.6057,568.0237,384758,384793,35
113,0,blank,0,325.76545,566.72915,384935,385005,70
113,0,blank,0,328.7531,576.4218,385040,385077,37
113,0,blank,0,359.303,565.0363,385364,385401,37
113,41,return,232,83.9015,618.3593,385585,385659,74
113,0,blank,0,78.7454,609.113,385734,385771,37
113,0,blank,0,140.126,581.4969,385844,385880,36
113,0,blank,0,135.220966666667,581.943833333333,385917,386025,108
113,40,daysPerMonth,223,254.5698,592.4438,386061,386099,38
113,0,blank,0,246.1928,573.3628,386170,386277,107
113,40,days,221,92.8177333333333,608.329033333333,386349,386454,105
113,0,blank,0,230.224025,570.6588,386778,386928,150
113,0,blank,0,284.7692,587.3917,387080,387120,40
113,0,blank,0,279.99662,574.22736,387165,387346,181
113,0,blank,0,276.9451,577.3411,387346,387385,39
113,0,blank,0,269.369433333333,574.446533333333,387459,387568,109
113,0,blank,0,274.067566666667,588.4221,387715,387827,112
113,0,blank,0,268.8127,575.5532,387900,387975,75
113,0,blank,0,268.7421,573.6108,388196,388234,38
113,0,blank,0,270.130866666667,566.1077,388308,388419,111
113,40,month,227,315.4522,592.5822,388491,388528,37
113,0,blank,0,320.1103,583.1843,388636,388672,36
113,0,blank,0,308.16775,567.26615,388708,388778,70
113,0,blank,0,311.459,575.47355,388846,388914,68
113,0,blank,0,316.6544,582.1776,388987,389021,34
113,0,blank,0,360.6772,569.54845,389271,389343,72
113,0,blank,0,331.57815,575.82755,389378,389449,71
113,0,blank,0,321.0593,566.4859,389484,389519,35
113,0,blank,0,73.7438,588.5979,389807,389843,36
113,0,blank,0,68.73645,598.211,389883,389957,74
113,0,blank,0,56.58645,593.4436,390030,390100,70
113,0,blank,0,92.9971,586.9842,390204,390241,37
113,40,days,221,99.14365,595.89825,390277,390350,73
113,0,blank,0,74.18385,489.5544,390458,390531,73
113,0,blank,0,75.8901,494.2604,390566,390602,36
113,0,blank,0,83.492725,511.751525,390672,390811,139
113,0,blank,0,79.3829,502.9586,390845,390878,33
113,0,blank,0,71.9248,595.3915,390912,390945,33
113,0,blank,0,80.5354,588.4285,391048,391082,34
113,0,blank,0,14.1243,644.3334,391187,391254,67
113,0,blank,0,24.1789,646.400266666667,391288,391390,102
113,0,blank,0,14.2821,641.4452,391425,391457,32
113,0,blank,0,-350,-105,391527,391686,159
113,0,blank,0,89.9211,635.7567,392069,392103,34
113,0,blank,0,106.035033333333,638.521733333333,392138,392241,103
113,0,blank,0,127.9729,649.0687,392311,392350,39
113,41,days,233,121.5162,626.602,392425,392464,39
113,0,blank,0,129.2235,646.443,392501,392537,36
113,0,blank,0,154.7939,643.2897,392574,392616,42
113,0,blank,0,142.3903,635.4334,392692,392728,36
113,0,blank,0,148.8716,646.4813,392764,392800,36
113,0,blank,0,171.0669,651.76745,392904,392974,70
113,0,blank,0,211.2671,647.5453,393045,393080,35
113,0,blank,0,199.6483,643.4613,393153,393188,35
113,0,blank,0,174.4736,642.2502,393304,393339,35
113,0,blank,0,170.4676,640.662575,393415,393558,143
113,0,blank,0,175.5467,656.0976,393558,393628,70
113,0,blank,0,65.95805,641.9152,393713,393788,75
113,41,return,232,64.6533,630.35405,393859,393932,73
113,0,blank,0,71.9254,644.8542,393967,394038,71
113,0,blank,0,135.4247,635.11715,394358,394434,76
113,0,blank,0,138.2978,634.5394,394502,394538,36
113,0,blank,0,190.9363,637.9708,394573,394608,35
113,0,blank,0,187.891,629.3578,394789,394827,38
113,0,blank,0,261.6201,644.17315,394902,394977,75
113,0,blank,0,239.324,638.0624,395089,395126,37
113,0,blank,0,241.9395,664.6364,395276,395314,38
113,0,blank,0,202.2681,647.3484,395465,395544,79
113,0,blank,0,191.3854,647.51695,395579,395654,75
113,0,blank,0,185.3025,636.6166,395688,395760,72
113,0,blank,0,188.20325,644.4999,395795,395871,76
113,0,blank,0,142.4344,641.3413,395982,396018,36
113,0,blank,0,138.8314,654.0713,396091,396130,39
113,0,blank,0,37.2338,645.7084,396270,396305,35
113,0,blank,0,20.8433,624.7711,396414,396449,35
113,0,blank,0,19.63225,630.70655,396486,396557,71
113,0,blank,0,18.0237,621.3345,396592,396627,35
113,0,blank,0,40.6849,609.6658,396663,396732,69
113,0,blank,0,68.4377,644.4258,396840,396878,38
113,0,blank,0,58.9433,650.1925,396952,396990,38
113,0,blank,0,83.0979,650.0836,397086,397211,125
113,0,blank,0,122.61885,645.707,397329,397478,149
113,43,isLeapYear,237,138.1139,662.9669,397629,397665,36
113,0,blank,0,151.1903,652.0214,397702,397772,70
113,0,blank,0,89.73402,526.24432,397950,398139,189
113,0,blank,0,84.7132666666667,511.352833333333,398139,398247,108
113,43,struct,239,177.2993,672.5804,398428,398503,75
113,0,blank,0,162.97962,658.3145,398539,398719,180
113,43,(,238,166.78694,662.17168,398719,398900,181
113,0,blank,0,148.1295,645.51315,398935,399006,71
113,0,blank,0,155.9252,660.6538,399044,399080,36
113,43,date,240,255.89388,660.58306,399307,399499,192
113,43,date,240,257.1246,676.1757,399499,399535,36
113,0,blank,0,234.7112,663.49838,399572,399768,196
113,43,date,240,251.1265,675.2508,399808,399847,39
113,43,(,238,165.7034,658.0862,399963,400001,38
113,0,blank,0,196.899625,650.070575,400163,400321,158
113,0,blank,0,201.2508,655.6978,400321,400363,42
113,43,struct,239,218.05105,662.62955,400404,400484,80
113,0,blank,0,210.825766666667,643.4714,400523,400647,124
113,43,isLeapYear,237,64.8116,665.5446,400811,400932,121
113,0,blank,0,32.7275,686.4731,401011,401051,40
113,43,bool,236,43.5503,671.3997,401089,401131,42
113,0,blank,0,46.38135,653.67455,401167,401244,77
113,0,blank,0,55.5876,679.1645,401282,401319,37
113,43,isLeapYear,237,138.26835,660.03335,401482,401558,76
113,43,isLeapYear,237,141.0424,671.61435,401639,401710,71
113,0,blank,0,-350,-105,402000,402158,158
113,0,blank,0,-350,-105,402158,402314,156
113,0,blank,0,279.2158,616.2798,402592,402629,37
113,0,blank,0,330.9879,628.11714,402673,402869,196
113,0,blank,0,281.8469,641.4698,403023,403063,40
113,40,month,227,329.3962,610.8606,403338,403378,40
113,0,blank,0,327.996266666667,630.995266666667,403417,403539,122
113,0,blank,0,348.6971,618.0511,403979,404019,40
113,0,blank,0,334.31185,647.75585,404058,404135,77
113,0,blank,0,339.6538,627.2711,404292,404368,76
113,40,month,227,344.1188,611.6389,404407,404445,38
113,0,blank,0,328.8183,641.6287,404485,404523,38
113,40,month,227,333.5587,611.6062,404562,404602,40
113,40,month,227,326.7335,609.5296,404678,404717,39
113,0,blank,0,350.7026,621.4489,405029,405069,40
113,0,blank,0,390.8416,624.8413,405342,405381,39
113,0,blank,0,159.8297,655.6948,405458,405497,39
113,0,blank,0,151.87905,644.2404,405573,405650,77
113,43,isLeapYear,237,125.344,677.1718,405727,405764,37
113,43,(,238,169.66895,665.3562,405956,406032,76
113,43,(,238,166.4171,671.4758,406105,406141,36
113,43,isLeapYear,237,138.7516,673.486,406179,406216,37
113,43,isLeapYear,237,143.1659,659.1082,406323,406360,37
113,43,struct,239,176.3172,664.1373,406507,406580,73
113,0,blank,0,135.666,635.0512,406766,406802,36
113,41,days,233,138.3921,633.6118,406912,406949,37
113,0,blank,0,164.2744,632.8535,406985,407022,37
113,0,blank,0,167.3493,643.46625,407094,407168,74
113,0,blank,0,227.9216,631.28755,407318,407392,74
113,0,blank,0,233.7369,653.8039,407429,407464,35
113,0,blank,0,238.369,645.376,407502,407539,37
113,0,blank,0,232.0922,640.367075,407575,407719,144
113,0,blank,0,237.1564,644.7028,407792,407827,35
113,0,blank,0,226.7515,643.2597,407981,408019,38
113,0,blank,0,258.9061,640.783,408094,408132,38
113,0,blank,0,253.35175,622.2646,408475,408552,77
113,0,blank,0,356.4837,617.0007,408590,408628,38
113,0,blank,0,362.5797,595.0339,408666,408705,39
113,0,blank,0,288.4035,640.918775,409803,409954,151
113,0,blank,0,244.994875,646.6222,410068,410224,156
113,0,blank,0,-350,-105,410260,410421,161
113,0,blank,0,-350,-105,410421,410475,54
113,0,blank,0,155.6015,646.0688,410736,410773,37
113,0,blank,0,223.8466,614.8238,410887,410925,38
113,0,blank,0,223.69675,643.33065,410960,411034,74
113,0,blank,0,311.7599,645.8856,411144,411215,71
113,0,blank,0,305.27715,633.36895,411251,411322,71
113,0,blank,0,313.5314,624.4865,411359,411396,37
113,0,blank,0,227.2277,654.09035,411470,411546,76
113,0,blank,0,192.018266666667,630.5203,411698,411813,115
113,41,days,233,150.736833333333,633.703733333333,411851,411976,125
113,41,;,234,160.6814,626.7739,412066,412104,38
113,0,blank,0,215.833575,628.03425,412297,412458,161
113,0,blank,0,166.7739,583.0036,412498,412538,40
113,0,blank,0,154.7544,439.5696,412739,412776,37
113,32,daysPerMonth,170,161.0805,427.5804,412854,412892,38
113,31,isLeapYear,161,176.02814,404.25632,412968,413161,193
113,31,isLeapYear,161,171.9,404.1658,413161,413199,38
113,0,blank,0,184.01045,350.2226,413273,413350,77
113,0,blank,0,256.418,356.558275,413422,413572,150
113,0,blank,0,293.1999,358.1027,413610,413645,35
113,0,blank,0,298.2443,343.1766,413749,413785,36
113,0,blank,0,262.2239,355.030966666667,413821,413928,107
113,0,blank,0,167.567,638.0532,414035,414073,38
113,0,blank,0,166.6222,627.4654,414179,414213,34
113,41,days,233,151.6882,629.4857,414318,414353,35
113,0,blank,0,155.5634,649.1873,414425,414459,34
113,0,blank,0,227.6195,633.4861,414493,414529,36
113,0,blank,0,235.72035,638.72515,414600,414673,73
113,0,blank,0,168.5641,624.6802,414978,415015,37
113,0,blank,0,234.110933333333,637.954933333333,415216,415329,113
113,0,blank,0,231.2255,638.1912,415523,415560,37
113,0,blank,0,256.7008,614.23855,415790,415862,72
113,0,blank,0,235.8751,633.6154,416155,416193,38
113,0,blank,0,231.3276,619.9577,416305,416343,38
113,0,blank,0,263.8552,590.8187,416530,416568,38
113,0,blank,0,326.1052,642.0302,416648,416686,38
113,0,blank,0,315.5224,619.81945,416724,416799,75
113,0,blank,0,319.7653,633.7269,416836,416875,39
113,40,.,226,299.3503,599.0146,416951,416989,38
113,0,blank,0,280.83772,649.65518,417029,417219,190
113,0,blank,0,271.59134,654.87516,417219,417408,189
113,43,date,240,273.07375,661.03395,417408,417590,182
113,0,blank,0,313.71785,668.30985,417839,417921,82
113,0,blank,0,318.4331,655.6276,418043,418122,79
113,43,),242,311.0641,658.6508,418160,418198,38
113,43,date,240,282.6343,672.2427,418239,418279,40
113,0,blank,0,289.6376,654.4981,418407,418447,40
113,0,blank,0,307.1594,416.2238,418564,418604,40
113,0,blank,0,315.5834,415.1724,418683,418722,39
113,0,blank,0,-350,-105,418841,418937,96
113,0,blank,0,309.9423,362.3153,419173,419209,36
113,0,blank,0,308.0815,353.1339,419280,419318,38
113,31,date,164,347.2095,406.1136,419495,419530,35
113,0,blank,0,232.2963,406.518,419677,419714,37
113,0,blank,0,224.2947,406.2405,419789,419825,36
113,31,isLeapYear,161,204.1826,410.4715,420045,420117,72
113,28,(,151,181.1405,344.6816,420227,420261,34
113,0,blank,0,191.2338,316.45145,420295,420366,71
113,0,blank,0,191.2796,284.8893,420472,420541,69
113,28,numberOfDays,150,125.72375,347.6225,420576,420715,139
113,28,numberOfDays,150,126.3623,342.1128,420749,420890,141
113,28,(,151,176.3094,340.87085,420994,421063,69
113,28,(,151,178.03595,332.84795,421132,421202,70
113,28,date,153,274.5407,347.6251,421305,421340,35
113,28,date,153,274.4662,339.2701,421411,421446,35
113,0,blank,0,230.9176,458.6483,421550,421585,35
113,0,blank,0,206.243,449.5785,421802,421837,35
113,0,blank,0,205.9152,448.38725,421909,421981,72
113,0,blank,0,216.2907,446.57425,422053,422125,72
113,32,daysPerMonth,170,242.6347,429.534225,422161,422303,142
113,30,days,158,161.1815,376.3495,422514,422549,35
113,0,blank,0,279.5567,511.1934,422728,422871,143
113,0,blank,0,285.38535,508.611,422906,422978,72
113,0,blank,0,296.0959,656.8829,423085,423122,37
113,43,date,240,272.56055,659.42925,423234,423309,75
113,0,blank,0,277.7237,652.9949,423345,423382,37
113,0,blank,0,331.76954,658.51294,423456,423640,184
113,0,blank,0,329.5056,665.2748,423640,423677,37
113,0,blank,0,322.58325,658.517775,423752,423900,148
113,0,blank,0,326.5838,657.9081,423936,424009,73
113,0,blank,0,327.33215,658.1856,424084,424160,76
113,0,blank,0,302.76026,449.40432,424271,424465,194
113,0,blank,0,304.1469,459.2903,424465,424537,72
113,34,comma,187,264.4536,468.174,424650,424727,77
113,0,blank,0,347.837,664.3627,424840,424877,37
113,0,blank,0,349.01378,670.5982,424915,425094,179
113,0,blank,0,348.4325,656.6628,425094,425130,36
113,0,blank,0,339.78415,675.16025,425167,425239,72
113,0,blank,0,383.733833333333,654.083233333333,425311,425419,108
113,37,==,213,259.12965,527.2844,425524,425670,146
113,0,blank,0,245.73335,508.54515,425815,425887,72
113,0,blank,0,368.22704,653.35196,425995,426177,182
113,0,blank,0,346.79316,656.27166,426212,426394,182
113,0,blank,0,279.2592,462.8785,426504,426577,73
113,0,blank,0,276.522025,469.84715,426651,426799,148
113,0,blank,0,305.57845,441.6924,426872,426946,74
113,0,blank,0,310.7482,425.164766666667,427019,427128,109
113,0,blank,0,306.26735,429.9595,427164,427238,74
113,0,blank,0,300.6708,453.36975,427275,427347,72
113,0,blank,0,285.457466666667,438.884833333333,427383,427492,109
113,32,12,172,284.9977,431.3736,427563,427598,35
113,32,12,172,282.75176,422.16266,427668,427847,179
113,31,struct,163,281.2725,408.0582,427847,427882,35
113,0,blank,0,220.067833333333,452.928866666667,427953,428057,104
113,0,blank,0,228.3261,450.0244,428091,428124,33
113,0,blank,0,285.0765,519.2692,428261,428297,36
113,0,blank,0,279.72165,510.75535,428403,428474,71
113,0,blank,0,369.6334,650.49382,428549,428732,183
113,0,blank,0,342.63386,649.6116,428844,429025,181
113,0,blank,0,343.797933333333,657.994166666667,429025,429136,111
113,0,blank,0,253.2104,630.0969,429211,429358,147
113,0,blank,0,255.4608,632.1226,429396,429434,38
113,0,blank,0,344.4538,648.010375,429471,429622,151
113,0,blank,0,339.621,672.8819,429659,429697,38
113,0,blank,0,-350,-105,429774,429965,191
113,0,blank,0,385.1525,619.9454,430250,430284,34
113,0,blank,0,398.8302,571.3655,430320,430391,71
113,0,blank,0,384.4882,575.3585,430429,430464,35
113,0,blank,0,204.23316,625.97638,430572,430755,183
113,0,blank,0,153.7791,649.7507,430790,430861,71
113,0,blank,0,144.5683,638.7916,430971,431007,36
113,0,blank,0,162.4225,656.0092,431043,431080,37
113,43,struct,239,177.8386,669.0882,431117,431153,36
113,43,struct,239,182.2544,665.982,431189,431263,74
113,0,blank,0,152.39488,651.38416,431300,431481,181
113,0,blank,0,149.4671,636.4748,431481,431515,34
113,41,days,233,150.7311,626.4935,431585,431621,36
113,0,blank,0,153.1847,650.0483,431657,431693,36
113,0,blank,0,154.116866666667,646.065633333333,431730,431842,112
113,41,;,234,157.58735,630.3401,431879,431954,75
113,43,isLeapYear,237,143.69675,659.360575,432028,432178,150
113,0,blank,0,149.8613,655.89055,432254,432328,74
113,0,blank,0,143.3395,645.3093,432402,432438,36
113,0,blank,0,149.507,649.270033333333,432511,432621,110
113,43,struct,239,203.7814,661.2864,432696,432733,37
113,0,blank,0,196.0052,682.91985,432769,432844,75
113,0,blank,0,240.15124,710.05642,432881,433063,182
113,0,blank,0,323.7616,638.905425,433134,433283,149
113,0,blank,0,391.671,637.9431,433321,433359,38
113,0,blank,0,-350,-105,433431,433580,149
113,40,-,228,369.5811,610.4817,433990,434027,37
113,40,-,228,372.8451,608.9247,434138,434175,37
113,0,blank,0,364.5931,638.0486,434212,434248,36
113,0,blank,0,356.1615,648.4333,434323,434359,36
113,40,d,225,286.5441,595.1295,434737,434774,37
113,0,blank,0,272.4192,557.03235,435034,435183,149
113,0,blank,0,279.5537,567.653533333333,435220,435329,109
113,0,blank,0,217.743133333333,582.406333333333,435365,435474,109
113,0,blank,0,212.5851,569.4244,435511,435547,36
113,0,blank,0,204.0111,581.325,435619,435656,37
113,0,blank,0,199.7808,574.9772,435725,435760,35
113,40,daysPerMonth,223,204.9998,602.2228,435796,435833,37
113,0,blank,0,198.89775,582.05025,435868,435942,74
113,40,daysPerMonth,223,199.1321,595.7347,436013,436049,36
113,0,blank,0,196.4275,590.2973,436119,436151,32
113,37,d,210,214.7046,536.36075,436258,436330,72
113,0,blank,0,340.217233333333,641.2423,436579,436687,108
113,0,blank,0,333.2958,653.848,436831,436867,36
113,0,blank,0,248.8362,649.285075,437049,437192,143
113,0,blank,0,203.242525,648.610275,437335,437476,141
113,0,blank,0,217.152,653.9724,437512,437545,33
113,0,blank,0,224.063633333333,642.474533333333,437579,437686,107
113,0,blank,0,268.7706,640.5286,437756,437790,34
113,0,blank,0,249.7536,635.1567,437826,437903,77
113,0,blank,0,336.5737,639.2487,438347,438383,36
113,0,blank,0,240.838666666667,637.8737,438456,438560,104
113,0,blank,0,163.1882,655.2869,438630,438665,35
113,0,blank,0,161.28315,647.85845,438700,438771,71
113,0,blank,0,160.85425,643.95905,438841,438911,70
113,0,blank,0,168.11765,656.9927,438945,439014,69
113,0,blank,0,-350,-105,439120,439296,176
113,0,blank,0,266.649075,651.444875,439540,439684,144
113,0,blank,0,264.6769,632.8607,439718,439753,35
113,0,blank,0,337.2555,635.8701,439890,439924,34
113,0,blank,0,336.348,653.7386,439960,439995,35
113,0,blank,0,324.2206,650.3145,440068,440136,68
113,0,blank,0,325.428625,648.80815,440212,440357,145
113,0,blank,0,633.0436,-103.9939,440687,440727,40
113,0,blank,0,631.8209,-103.9783,440799,440836,37
113,40,daysPerMonth,223,220.44522,605.46984,440944,441140,196
113,0,blank,0,234.2501,631.6983,441179,441218,39
113,0,blank,0,88.36655,530.84875,441418,441500,82
113,0,blank,0,78.36975,521.86275,441579,441652,73
113,0,blank,0,258.3093,647.1376,442001,442045,44
113,40,daysPerMonth,223,205.406,597.7371,442120,442158,38
113,40,daysPerMonth,223,206.6957,611.3184,442231,442267,36
113,0,blank,0,171.08945,515.4371,442423,442495,72
113,0,blank,0,177.2704,516.0542,442569,442609,40
113,35,comma,197,108.744166666667,484.0624,442648,442758,110
113,35,comma,197,106.4396,490.6055,442796,442833,37
113,0,blank,0,260.8196,638.4439,442906,442983,77
113,0,blank,0,233.9797,614.1105,443092,443127,35
113,0,blank,0,260.1493,641.3157,443162,443197,35
113,0,blank,0,242.51065,622.28215,443233,443377,144
113,0,blank,0,180.642233333333,453.0804,443448,443557,109
113,35,comma,197,226.45745,498.5694,443631,443706,75
113,35,comma,197,225.899366666667,495.556733333333,443777,443887,110
113,0,blank,0,304.495325,656.0207,443959,444108,149
113,0,blank,0,278.73075,643.8228,444146,444221,75
113,0,blank,0,267.5757,643.5183,444331,444407,76
113,43,date,240,273.9107,658.7511,444443,444480,37
113,0,blank,0,182.8241,652.425325,444555,444737,182
113,0,blank,0,176.5518,650.7529,444737,444774,37
113,43,isLeapYear,237,79.8592666666667,661.3676,444849,444967,118
113,0,blank,0,61.5269,678.6159,445043,445080,37
113,0,blank,0,44.1088,664.8672,445116,445156,40
113,43,isLeapYear,237,54.3464,677.0018,445194,445233,39
113,0,blank,0,219.9445,636.4514,445306,445345,39
113,0,blank,0,252.4174,646.9683,445576,445613,37
113,35,30,196,182.563833333333,493.010266666667,445870,445992,122
113,0,blank,0,198.17185,458.888225,446104,446251,147
113,0,blank,0,151.63902,445.1058,446289,446473,184
113,0,blank,0,153.936933333333,451.956866666667,446473,446583,110
113,0,blank,0,198.106,451.3026,446656,446691,35
113,0,blank,0,203.6771,455.2702,446764,446800,36
113,0,blank,0,285.2626,656.3982,446837,446873,36
113,0,blank,0,277.24466,649.81694,446909,447093,184
113,0,blank,0,243.8454,648.37175,447130,447203,73
113,0,blank,0,247.9101,641.36936,447241,447427,186
113,0,blank,0,245.1259,643.0629,447847,447886,39
113,0,blank,0,247.4263,647.695733333333,447963,448078,115
113,0,blank,0,227.2256,641.5197,448115,448152,37
113,0,blank,0,225.1917,628.3174,448226,448264,38
113,35,31,198,218.508166666667,496.220833333333,448377,448493,116
113,0,blank,0,207.215875,458.018775,448532,448686,154
113,0,blank,0,171.4591,442.046,448722,448761,39
113,0,blank,0,176.2924,452.2855,448799,448837,38
113,0,blank,0,170.9334,441.6983,448875,448914,39
113,0,blank,0,149.90548,446.37272,448951,449139,188
113,0,blank,0,148.9675,455.742,449139,449177,38
113,0,blank,0,150.7402,446.2968,449251,449287,36
113,0,blank,0,186.08564,519.74818,449361,449539,178
113,0,blank,0,179.9312,583.0986,449611,449716,105
113,0,blank,0,235.6652,554.0182,449825,449860,35
113,0,blank,0,300.2476,577.27838,449966,450141,175
113,0,blank,0,353.62415,577.8514,450247,450319,72
113,0,blank,0,353.3679,576.6472,450392,450428,36
113,0,blank,0,309.1341,547.9981,450464,450499,35
113,0,blank,0,311.336,568.266966666667,450572,450678,106
113,0,blank,0,289.4043,574.084225,450788,450932,144
113,0,blank,0,290.315066666667,576.445466666667,451005,451113,108
113,0,blank,0,338.211133333333,564.635433333333,451186,451299,113
113,0,blank,0,-350,-105,451335,451463,128
113,39,else,220,78.687675,584.299575,451758,451910,152
113,43,struct,239,193.182966666667,668.6408,451945,452057,112
113,0,blank,0,251.418533333333,645.3053,452202,452313,111
113,0,blank,0,296.259675,642.512,452349,452495,146
113,0,blank,0,301.0279,650.7645,452575,452616,41
113,0,blank,0,289.5444,646.4924,452732,452771,39
113,0,blank,0,247.281233333333,641.617366666667,452889,453004,115
113,0,blank,0,106.023366666667,622.418566666667,453122,453238,116
113,0,blank,0,78.713,637.0185,453359,453400,41
113,0,blank,0,68.2666,638.2342,453445,453485,40
113,0,blank,0,114.0538,584.2189,453794,453851,57
113,0,blank,0,322.5086,563.1671,454710,454766,56
113,0,blank,0,386.0548,561.05918,454805,454990,185
113,0,blank,0,258.856833333333,558.6556,455027,455137,110
113,0,blank,0,179.4952,571.7855,455428,455462,34
113,38,;,219,176.1871,558.6704,455570,455603,33
113,0,blank,0,301.0474,555.2332,455953,455987,34
113,0,blank,0,400.6323,549.0346,456419,456533,114
113,0,blank,0,388.5014,552.658,456571,456758,187
113,0,blank,0,387.601466666667,554.694833333333,456758,456869,111
113,0,blank,0,382.32504,559.09134,456942,457131,189
113,0,blank,0,382.00718,558.7175,457131,457324,193
113,0,blank,0,382.88186,558.83392,457324,457515,191
113,0,blank,0,381.967,557.1786,457515,457554,39
113,0,blank,0,318.6409,620.848,457592,457630,38
113,0,blank,0,423.36676,546.1913,457852,458039,187
113,37,month,212,421.5414,539.267,458039,458077,38
113,0,blank,0,368.87315,615.123675,458848,459017,169
113,0,blank,0,261.8407,637.4778,459925,459978,53
113,0,blank,0,267.1445,642.6503,460031,460086,55
113,0,blank,0,276.51625,636.8336,460145,460252,107
113,0,blank,0,361.37295,611.3357,460601,460669,68
113,0,blank,0,309.5231,632.8021,460708,460743,35
113,0,blank,0,277.9547,623.2491,460804,460857,53
113,0,blank,0,209.6669,627.892866666667,461027,461192,165
113,41,;,234,159.7619,621.5176,461250,461302,52
113,0,blank,0,187.25905,632.96615,462055,462205,150
113,0,blank,0,283.1574,638.4838,462314,462424,110
113,0,blank,0,238.2728,440.036533333333,462757,462928,171
113,0,blank,0,246.6625,438.863,462928,462982,54
113,32,daysPerMonth,170,193.3141,427.7514,463091,463144,53
113,0,blank,0,-350,-105,463221,463283,62
113,0,blank,0,77.5497,705.4289,463309,463335,26
113,32,int,169,117.09772,431.48604,463407,463576,169
113,0,blank,0,113.4479,438.9619,463576,463612,36
113,0,blank,0,69.717275,469.630325,463650,463801,151
113,0,blank,0,37.07235,475.332225,463876,464026,150
113,0,blank,0,41.16275,477.7591,464101,464176,75
113,0,blank,0,73.4731,474.465633333333,464289,464401,112
113,40,daysPerMonth,223,270.67314,611.57574,464479,464667,188
113,40,[,224,277.8054,597.5965,464667,464703,36
113,0,blank,0,275.3495,616.6084,464739,464775,36
113,37,true,208,306.13165,536.8892,464811,464884,73
113,37,true,208,302.3191,540.2943,464921,464957,36
113,37,true,208,303.1848,535.7063,465034,465073,39
113,0,blank,0,297.3854,551.5795,465111,465151,40
113,0,blank,0,106.47016,508.3707,465232,465426,194
113,0,blank,0,60.28702,474.82026,465463,465650,187
113,0,blank,0,59.4467,484.9482,465689,465726,37
113,0,blank,0,63.2477,554.81266,465764,465953,189
113,0,blank,0,62.2867,551.9744,465953,465990,37
113,0,blank,0,36.25878,565.61374,466028,466218,190
113,0,blank,0,336.09934,547.28258,466327,466513,186
113,37,||,209,340.6585,542.811,466513,466590,77
113,0,blank,0,61.74652,554.4692,466666,466858,192
113,0,blank,0,60.50955,551.2128,466858,466932,74
113,0,blank,0,61.5473,562.2772,466971,467008,37
113,0,blank,0,41.91994,556.6133,467045,467232,187
113,0,blank,0,38.6385,558.6796,467232,467307,75
113,38,days,216,83.942,565.7594,467345,467382,37
113,0,blank,0,80.12405,564.418825,467418,467562,144
113,0,blank,0,320.217,535.3808,467632,467668,36
113,0,blank,0,314.9628,549.2861,467704,467778,74
113,37,true,208,294.11378,542.08808,467887,468076,189
113,37,true,208,294.53348,544.29462,468076,468270,194
113,37,true,208,297.4643,544.932066666667,468270,468387,117
113,37,true,208,286.284,538.7632,468424,468464,40
113,37,true,208,280.040766666667,543.620933333333,468501,468614,113
113,0,blank,0,276.913,546.5193,468651,468689,38
113,0,blank,0,242.4682,569.200266666667,468726,468838,112
113,0,blank,0,51.32845,561.314125,468912,469062,150
113,0,blank,0,52.3503,609.62112,469098,469281,183
113,41,return,232,51.9392,616.1541,469281,469317,36
113,0,blank,0,-350,-105,469391,469577,186
113,0,blank,0,267.7479,532.2116,469810,469915,105
113,37,true,208,292.5712,524.43385,469994,470070,76
113,37,true,208,296.90178,533.15838,470108,470296,188
113,37,true,208,295.585675,531.872425,470371,470518,147
113,0,blank,0,346.9258,517.5633,470554,470589,35
113,37,||,209,339.17324,537.17504,470625,470798,173
113,37,||,209,335.5026,538.02445,470798,470870,72
113,37,||,209,332.8826,537.66575,470941,471014,73
113,37,isLeapYear,203,177.40676,536.98904,471239,471430,191
113,37,isLeapYear,203,173.8279,533.463625,471430,471576,146
113,0,blank,0,108.64704,591.62178,471613,471801,188
113,0,blank,0,110.452,583.967,471801,471836,35
113,0,blank,0,76.29515,559.277075,471874,472023,149
113,0,blank,0,40.10936,559.0007,472063,472245,182
113,0,blank,0,40.6188,567.6807,472245,472281,36
113,38,days,216,93.04182,554.50992,472318,472494,176
113,0,blank,0,315.03978,532.33836,472568,472750,182
113,37,true,208,273.2307,544.1271,472789,472827,38
113,0,blank,0,272.07252,537.62374,472865,473052,187
113,0,blank,0,66.7757,541.96704,473128,473325,197
113,0,blank,0,33.63845,542.1982,473365,473554,189
113,0,blank,0,34.85796,546.52528,473554,473749,195
113,0,blank,0,33.74674,549.06402,473749,473942,193
113,0,blank,0,199.71818,547.88432,474020,474203,183
113,0,blank,0,267.65585,544.44425,474278,474352,74
113,0,blank,0,55.2793,556.26488,474429,474621,192
113,0,blank,0,38.5949,547.7019,474657,474694,37
113,0,blank,0,-350,-105,474771,474945,174
113,37,if,201,59.144,539.4289,474977,475003,26
113,37,isLeapYear,203,155.615,535.2664,475090,475223,133
113,0,blank,0,62.15626,555.3007,475296,475483,187
113,0,blank,0,76.6492,548.6158,475520,475557,37
113,37,(,204,75.51916,542.04996,475592,475776,184
113,0,blank,0,70.41726,536.23888,475776,475959,183
113,0,blank,0,71.5113,537.6357,475959,475997,38
113,37,if,201,55.91862,533.81876,476033,476214,181
113,37,isLeapYear,203,119.2407,533.634425,476251,476396,145
113,0,blank,0,106.9377,415.6405,476469,476544,75
113,0,blank,0,104.287925,412.653075,476580,476726,146
113,31,isLeapYear,161,131.72516,407.96662,476763,476953,190
113,31,isLeapYear,161,131.4214,407.231,476953,476989,36
113,31,isLeapYear,161,197.03502,398.83214,477065,477259,194
113,31,isLeapYear,161,194.2614,399.970875,477259,477409,150
113,31,isLeapYear,161,197.6536,397.3372,477445,477483,38
113,0,blank,0,128.6605,522.2551,477557,477594,37
113,37,isLeapYear,203,131.865125,526.945125,477632,477781,149
113,37,isLeapYear,203,182.95656,539.07778,477818,478001,183
113,37,isLeapYear,203,181.4256,537.967,478001,478074,73
113,31,isLeapYear,161,152.67124,409.85522,478110,478299,189
113,31,isLeapYear,161,155.7002,406.869,478299,478337,38
113,0,blank,0,85.037325,411.21785,478374,478521,147
113,0,blank,0,-5.36015,668.63845,478594,478708,114
113,43,bool,236,25.4336,673.0689,478868,479056,188
113,43,bool,236,34.0369,668.3744,479056,479107,51
113,0,blank,0,-11.58515,686.6348,479142,479215,73
113,0,blank,0,-350,-105,479329,479446,117
113,43,bool,236,34.60042,671.529,479660,479837,177
113,43,bool,236,28.9309,672.7565,479837,479951,114
113,43,isLeapYear,237,89.3132,672.74708,480025,480200,175
113,43,isLeapYear,237,90.7449666666667,676.140766666667,480234,480341,107
113,0,blank,0,-350,-105,480682,480783,101
113,0,blank,0,-350,-105,480783,480895,112
113,0,blank,0,944.9056,353.3058,480938,481109,171
113,0,blank,0,941.885,353.40232,481109,481292,183
113,0,blank,0,943.6926,356.11858,481292,481471,179
113,0,blank,0,943.089,355.2357,481471,481578,107
113,0,blank,0,946.738,343.2872,481651,481690,39
113,0,blank,0,185.191733333333,680.671233333333,481797,481911,114
114,0,blank,0,243.0712,420.79125,483409,483479,70
114,0,blank,0,255.178,435.1317,483513,483549,36
114,0,blank,0,278.784466666667,393.224633333333,483621,483729,108
114,0,blank,0,282.4728,391.3759,483800,483836,36
114,0,blank,0,217.0753,388.3918,483905,483979,74
114,43,struct,239,220.952,377.8364,484016,484157,141
114,0,blank,0,-350,-105,484194,484382,188
114,0,blank,0,168.6871,399.3463,484499,484565,66
114,0,blank,0,-350,-105,485260,485439,179
114,0,blank,0,-350,-105,485439,485620,181
114,0,blank,0,1.2122,367.6441,486220,486269,49
114,43,bool,236,33.68945,379.704,486303,486373,70
114,43,bool,236,33.02135,379.0903,486409,486481,72
114,0,blank,0,59.7803,382.5111,486615,486683,68
114,43,isLeapYear,237,57.8362,374.5398,486787,486821,34
114,43,isLeapYear,237,85.6213,373.316933333333,486890,486991,101
114,0,blank,0,20.8561,390.08672,487060,487236,176
114,0,blank,0,27.13206,391.74224,487236,487411,175
114,0,blank,0,22.6067333333333,382.294966666667,487480,487586,106
114,0,blank,0,15.50914,386.9448,487656,487832,176
114,44,{,243,11.83015,393.47185,487832,487903,71
114,0,blank,0,58.86144,382.4763,488009,488181,172
114,0,blank,0,55.494725,386.556475,488181,488321,140
114,0,blank,0,102.55538,382.82228,488355,488531,176
114,0,blank,0,92.7874,387.9458,488531,488567,36
114,0,blank,0,122.99892,384.1579,488602,488780,178
114,43,struct,239,179.33288,371.94984,488816,488996,180
114,43,struct,239,179.81774,370.9695,488996,489176,180
114,43,struct,239,189.02028,371.6262,489176,489356,180
114,43,struct,239,192.01898,368.74558,489356,489533,177
114,43,struct,239,189.2265,367.1567,489533,489569,36
114,43,struct,239,179.464,378.53235,489604,489676,72
114,0,blank,0,72.3938,315.2647,489713,489749,36
114,0,blank,0,78.2583,313.72695,489786,489855,69
114,43,struct,239,192.64744,379.3216,489890,490065,175
114,43,struct,239,186.2524,378.1244,490065,490101,36
114,43,struct,239,186.0931,370.7338,490170,490205,35
114,43,struct,239,187.4478,366.894666666667,490240,490345,105
114,43,struct,239,188.8004,365.787933333333,490381,490488,107
114,43,struct,239,181.4472,370.6691,490522,490591,69
114,43,struct,239,179.1736,364.832,490625,490658,33
114,46,if,247,44.3519,428.3204,490726,490760,34
114,0,blank,0,9.33260000000001,425.4185,490928,491033,105
114,0,blank,0,9.82894999999999,416.05645,491066,491132,66
114,45,bool,244,56.374,425.4949,491199,491232,33
114,45,bool,244,60.28595,413.1819,491267,491334,67
114,0,blank,0,-350,-105,491368,491534,166
114,0,blank,0,60.2321,391.5847,491798,491831,33
114,45,bool,244,63.32535,419.9407,491864,491929,65
114,45,leapYearFlag,245,115.9693,408.8969,491994,492026,32
114,45,leapYearFlag,245,115.3254,411.0322,492122,492155,33
114,45,leapYearFlag,245,121.0837,413.2145,492250,492283,33
114,0,blank,0,73.0569,428.7127,492487,492517,30
114,0,blank,0,71.195,442.0072,492591,492633,42
114,0,blank,0,69.01585,438.21935,492668,492736,68
114,46,if,247,53.9746,433.3816,492868,492938,70
114,46,year,269,133.21845,431.07755,493006,493140,134
114,46,%,270,172.88446,429.32462,493176,493349,173
114,0,blank,0,170.773,430.7173,493349,493383,34
114,46,==,272,232.5239,447.327966666667,493451,493557,106
114,46,==,272,214.169475,437.6987,493662,493803,141
114,0,blank,0,211.997,436.9683,493873,493907,34
114,46,4,254,197.84732,444.83636,493943,494118,175
114,46,4,254,195.7968,437.3604,494152,494189,37
114,0,blank,0,254.3246,437.21794,494223,494391,168
114,0,blank,0,239.21476,440.23194,494391,494567,176
114,0,blank,0,238.415675,441.52165,494567,494703,136
114,46,d,267,294.39946,433.59056,494740,494907,167
114,0,blank,0,292.0168,446.6449,494907,494942,35
114,46,d,267,295.9196,438.5961,495009,495042,33
114,46,&&,257,272.03922,433.53684,495077,495245,168
114,46,&&,257,267.2631,432.2209,495245,495313,68
114,0,blank,0,288.20134,438.53788,495348,495516,168
114,46,d,267,295.0352,437.2999,495551,495585,34
114,46,year,269,315.2165,442.4534,495618,495685,67
114,46,year,269,314.6014,441.5049,495720,495751,31
114,46,year,269,313.753,441.042,495817,495850,33
114,0,blank,0,327.876266666667,449.578233333333,495916,496017,101
114,46,year,269,338.6552,438.4786,496085,496119,34
114,46,year,269,333.3864,431.9267,496154,496223,69
114,46,year,269,340.0748,438.44485,496328,496397,69
114,46,year,269,337.0347,434.952566666667,496503,496606,103
114,46,year,269,338.66282,439.08848,496639,496812,173
114,46,year,269,339.1194,434.5477,496812,496846,34
114,0,blank,0,360.52225,443.9774,496917,496989,72
114,46,==,272,220.8164,441.774866666667,497169,497273,104
114,46,0,273,252.44506,436.3163,497344,497524,180
114,46,0,273,249.19355,432.67165,497524,497597,73
114,46,year,269,322.95,434.764666666667,497633,497742,109
114,46,year,269,325.37674,445.11692,497777,497956,179
114,46,0,273,252.3573,442.99026,497991,498169,178
114,46,0,273,251.908,440.05205,498169,498241,72
114,46,year,269,127.188833333333,427.3413,498312,498420,108
114,46,year,269,126.057425,440.751,498456,498598,142
114,46,(,249,82.5140333333333,442.546466666667,498669,498772,103
114,0,blank,0,87.56035,442.5317,498844,498913,69
114,46,%,270,177.38385,426.9644,498982,499070,88
114,46,4,254,193.4493,428.1983,499159,499274,115
114,46,4,254,194.4945,427.3617,499394,499475,81
114,46,==,272,228.8589,442.0533,499534,499568,34
114,0,blank,0,235.66208,426.1429,499637,499805,168
114,0,blank,0,-350,-105,499840,499951,111
114,0,blank,0,286.0134,419.1913,500150,500176,26
114,0,blank,0,356.8502,441.5864,500395,500490,95
114,0,blank,0,391.1888,452.6952,500733,500782,49
114,46,100,262,394.0092,440.293,500835,500885,50
114,0,blank,0,606.335,463.8218,501341,501379,38
114,46,400,271,603.4336,439.786566666667,501417,501526,109
114,0,blank,0,624.514833333333,454.375333333333,501598,501709,111
114,0,blank,0,557.613,452.0558,501815,501857,42
114,0,blank,0,546.8497,473.8797,501894,501933,39
114,0,blank,0,541.32335,462.236575,501969,502113,144
114,0,blank,0,526.6816,483.4767,502148,502183,35
114,0,blank,0,536.46985,463.865,502220,502291,71
114,0,blank,0,605.0339,452.2578,502363,502403,40
114,0,blank,0,527.1569,448.2765,502612,502648,36
114,0,blank,0,321.67565,448.70555,502931,503001,70
114,0,blank,0,323.188566666667,456.2292,503073,503181,108
114,0,blank,0,319.3047,461.2262,503252,503288,36
114,0,blank,0,302.433566666667,469.416133333333,503358,503465,107
114,0,blank,0,301.6667,457.9689,503502,503537,35
114,0,blank,0,488.423,463.7046,503643,503718,75
114,0,blank,0,498.5911,466.5232,503828,503865,37
114,0,blank,0,500.9012,477.2043,503901,503939,38
114,0,blank,0,458.09995,466.159425,503976,504128,152
114,0,blank,0,538.6946,477.6217,504203,504244,41
114,0,blank,0,540.1725,470.182,504281,504319,38
114,0,blank,0,506.9107,454.7335,504394,504431,37
114,0,blank,0,512.3543,474.5277,504539,504576,37
114,0,blank,0,452.8387,464.5701,504613,504650,37
114,0,blank,0,429.7652,485.3566,504725,504762,37
114,0,blank,0,319.96085,465.8316,504874,504944,70
114,0,blank,0,320.365866666667,466.7934,504981,505092,111
114,47,leapYearFlag,275,184.97035,465.04275,505203,505277,74
114,0,blank,0,194.9973,448.7592,505311,505348,37
114,47,leapYearFlag,275,184.7943,453.3627,505382,505420,38
114,47,leapYearFlag,275,191.0158,463.502,505529,505571,42
114,43,struct,239,214.822,380.8061,505608,505644,36
114,0,blank,0,503.003166666667,451.088166666667,505842,505953,111
114,0,blank,0,567.65436,474.63712,505990,506168,178
114,0,blank,0,564.3813,474.6785,506239,506274,35
114,0,blank,0,605.8158,471.9991,506344,506413,69
114,0,blank,0,607.642675,469.502075,506451,506591,140
114,0,blank,0,579.5171,457.9452,506663,506699,36
114,0,blank,0,597.7448,467.948,506734,506771,37
114,0,blank,0,592.0994,479.8679,506810,506848,38
114,0,blank,0,578.43695,490.55945,506886,506963,77
114,0,blank,0,660.263,465.4095,507143,507178,35
114,0,blank,0,653.231,471.479225,507251,507398,147
114,0,blank,0,603.0876,468.55335,507484,507573,89
114,0,blank,0,611.716933333333,466.398333333333,507616,507745,129
114,0,blank,0,542.2836,475.9134,507818,507900,82
114,0,blank,0,539.0042,488.3368,507975,508018,43
114,49,false,282,263.577525,494.641475,508186,508347,161
114,0,blank,0,196.39626,480.8973,508419,508597,178
114,0,blank,0,181.08485,486.8801,508597,508666,69
114,0,blank,0,176.19094,485.49478,508702,508872,170
114,0,blank,0,172.822233333333,481.7975,508872,508977,105
114,0,blank,0,151.1791,488.974966666667,509010,509115,105
114,0,blank,0,147.599166666667,479.101733333333,509186,509292,106
114,0,blank,0,222.063366666667,478.425,509363,509468,105
114,49,=,281,220.1565,494.48325,509541,509613,72
114,50,leapYearFlag,285,136.8571,518.9554,509649,509816,167
114,50,leapYearFlag,285,145.019,523.8647,509816,509853,37
114,0,blank,0,173.9996,543.2687,509991,510026,35
114,0,blank,0,-350,-105,510098,510240,142
114,49,false,282,258.11245,497.19735,510437,510501,64
114,0,blank,0,163.6129,559.7184,510575,510685,110
114,0,blank,0,162.2247,555.0458,510720,510755,35
114,0,blank,0,133.5476,547.6947,511042,511116,74
114,0,blank,0,176.920033333333,562.8895,511190,511300,110
114,0,blank,0,177.2061,565.1691,511339,511414,75
114,0,blank,0,203.43182,574.52392,511451,511634,183
114,0,blank,0,210.5833,563.1516,511634,511669,35
114,0,blank,0,216.4131,571.00084,511705,511887,182
114,0,blank,0,243.49175,576.02845,512034,512104,70
114,0,blank,0,247.25905,564.892775,512139,512282,143
114,47,true,277,263.706625,469.001975,512356,512504,148
114,0,blank,0,229.7322,469.2664,512541,512581,40
114,47,true,277,234.07835,458.59705,512657,512732,75
114,47,leapYearFlag,275,198.3466,467.50656,512849,513044,195
114,0,blank,0,230.3095,473.67,513160,513200,40
114,0,blank,0,231.8763,463.8736,513237,513276,39
114,0,blank,0,230.62005,468.3183,513354,513432,78
114,0,blank,0,360.8543,461.54418,513552,513735,183
114,0,blank,0,357.0052,459.0909,513735,513772,37
114,0,blank,0,353.4785,468.9631,513809,513846,37
114,0,blank,0,339.1488,477.529533333333,513884,513994,110
114,0,blank,0,-350,-105,514069,514211,142
114,0,blank,0,358.9666,426.3558,514251,514327,76
114,0,blank,0,425.0208,433.5906,514502,514538,36
114,0,blank,0,415.7673,417.7534,514573,514609,36
114,0,blank,0,415.563,435.9172,514644,514680,36
114,0,blank,0,415.852825,413.82135,514714,514854,140
114,0,blank,0,418.5241,417.505533333333,514926,515031,105
114,0,blank,0,337.042166666667,412.638666666667,515373,515480,107
114,0,blank,0,319.0874,407.533425,515552,515694,142
114,0,blank,0,310.908,418.93304,515730,515906,176
114,0,blank,0,312.6786,425.62895,515906,515972,66
114,0,blank,0,300.525666666667,457.977166666667,516042,516150,108
114,0,blank,0,205.9641,462.0404,516258,516293,35
114,0,blank,0,208.8376,453.8158,516367,516403,36
114,0,blank,0,230.4628,453.8063,516440,516509,69
114,0,blank,0,231.66852,465.7929,516545,516725,180
114,0,blank,0,236.1248,470.2911,516725,516762,37
114,0,blank,0,401.963166666667,453.104966666667,516872,516981,109
114,0,blank,0,391.8988,469.60645,517017,517088,71
114,0,blank,0,418.78568,459.56642,517197,517374,177
114,0,blank,0,425.1682,452.41175,517374,517445,71
114,0,blank,0,382.6072,450.3604,517517,517554,37
114,0,blank,0,472.318466666667,461.158066666667,517699,517806,107
114,0,blank,0,450.298475,471.4408,517842,517988,146
114,0,blank,0,282.37,462.0943,518169,518240,71
114,0,blank,0,251.3527,473.2957,518311,518498,187
114,0,blank,0,254.18775,480.2764,518498,518571,73
114,0,blank,0,437.4572,453.6197,518683,518719,36
114,0,blank,0,434.9032,473.6333,518792,518903,111
114,0,blank,0,431.6188,459.358,518940,518977,37
114,0,blank,0,362.9478,471.0183,519052,519125,73
114,0,blank,0,370.7258,463.8245,519196,519233,37
114,0,blank,0,416.673875,456.182875,519271,519425,154
114,0,blank,0,459.8526,472.0124,519845,519904,59
114,0,blank,0,351.739033333333,461.894766666667,519981,520096,115
114,0,blank,0,352.063633333333,471.5027,520210,520325,115
114,0,blank,0,351.91962,464.69576,520362,520549,187
114,0,blank,0,351.90884,467.63766,520549,520736,187
114,0,blank,0,346.65375,471.2498,520736,520812,76
114,0,blank,0,329.3474,456.9008,520849,520886,37
114,0,blank,0,326.5361,469.928533333333,520962,521077,115
114,0,blank,0,206.5444,484.2526,521231,521268,37
114,0,blank,0,-350,-105,521343,521461,118
114,0,blank,0,217.1032,472.3468,521557,521652,95
114,47,=,276,223.03625,465.804,521731,521874,143
114,0,blank,0,224.90475,468.0751,521948,522024,76
114,0,blank,0,412.27875,465.01195,522098,522245,147
114,0,blank,0,411.2894,459.0809,522282,522318,36
114,0,blank,0,589.9955,462.5295,522392,522428,36
114,0,blank,0,605.575725,450.09455,522463,522610,147
114,0,blank,0,570.390766666667,468.151333333333,522681,522789,108
114,0,blank,0,574.5816,464.07725,522825,522898,73
114,0,blank,0,581.1524,470.7476,522933,523006,73
114,0,blank,0,603.56295,458.4076,523044,523115,71
114,0,blank,0,601.4889,471.2859,523151,523260,109
114,0,blank,0,597.1241,464.2069,523333,523370,37
114,0,blank,0,650.56225,468.101125,523407,523555,148
114,0,blank,0,603.3918,456.51435,523667,523742,75
114,0,blank,0,594.4675,467.7401,523778,523815,37
114,0,blank,0,585.8913,496.4976,523851,523887,36
114,0,blank,0,604.9971,460.5723,523924,523961,37
114,0,blank,0,756.706,689.7821,524071,524147,76
114,0,blank,0,712.024,679.51895,524218,524290,72
114,0,blank,0,727.4575,713.24445,524360,524431,71
114,0,blank,0,723.787,703.209,524642,524677,35
114,0,blank,0,631.85035,-103.96775,524789,524863,74
114,0,blank,0,620.2853,-103.9479,524898,524933,35
114,0,blank,0,296.3939,537.81245,525002,525075,73
114,0,blank,0,303.0839,546.35,525110,525146,36
114,50,leapYearFlag,285,195.2651,517.941133333333,525217,525327,110
114,0,blank,0,76.88165,556.76465,525508,525583,75
114,0,blank,0,46.45505,668.7041,525838,525911,73
114,0,blank,0,71.51905,624.7371,525948,526021,73
114,0,blank,0,81.9997,595.14695,526209,526280,71
114,50,leapYearFlag,285,149.751,535.8472,526315,526350,35
114,0,blank,0,597.8713,561.8444,526654,526689,35
114,0,blank,0,592.455333333333,495.043066666667,526756,526858,102
114,0,blank,0,725.684,687.5041,526998,527034,36
114,0,blank,0,719.562,687.918,527071,527107,36
114,0,blank,0,749.94,711.806325,527214,527356,142
114,0,blank,0,724.609,725.4625,527391,527428,37
114,0,blank,0,726.502666666667,709.800366666667,527532,527644,112
114,0,blank,0,783.8275,708.582175,527680,527828,148
114,0,blank,0,785.026,714.4425,527901,527937,36
114,0,blank,0,738.81925,712.560025,528048,528193,145
114,45,bool,244,80.5383,406.336833333333,528414,528526,112
114,0,blank,0,83.4897,401.9487,528563,528608,45
114,45,leapYearFlag,245,201.44885,406.85275,528697,528775,78
114,0,blank,0,198.1389,403.2875,528812,528848,36
114,0,blank,0,390.9729,518.8426,528988,529022,34
114,0,blank,0,387.40485,537.30745,529058,529127,69
114,0,blank,0,394.2095,536.6766,529196,529265,69
114,0,blank,0,644.5291,-103.9814,529340,529520,180
114,0,blank,0,628.4691,-103.9744,529520,529699,179
114,0,blank,0,617.6958,-103.9684,529699,529735,36
114,0,blank,0,204.462975,462.78645,529805,529948,143
114,0,blank,0,634.4958,527.3736,530094,530134,40
114,0,blank,0,634.48845,517.2184,530171,530246,75
114,0,blank,0,883.668,684.5296,530361,530437,76
114,0,blank,0,881.167,674.9851,530514,530552,38
114,0,blank,0,905.207333333333,696.224833333333,530589,530704,115
114,0,blank,0,912.867,697.7956,530820,530858,38
114,0,blank,0,915.707,683.2681,530935,530973,38
114,0,blank,0,950.913333333333,665.677533333333,531391,531557,166
114,0,blank,0,954.423,670.1494,531557,531613,56
114,0,blank,0,-350,-105,532326,532505,179
114,0,blank,0,145.5281,493.2072,532747,532772,25
114,47,leapYearFlag,275,156.2551,463.369225,532841,532979,138
114,47,leapYearFlag,275,177.8696,451.3198,533013,533048,35
114,47,leapYearFlag,275,168.0382,467.4886,533081,533115,34
114,46,||,266,497.5226,442.273466666667,533218,533319,101
114,46,||,266,497.69235,440.494425,533352,533492,140
114,0,blank,0,933.224,514.1694,533704,533735,31
114,50,leapYearFlag,285,134.1163,535.1823,534687,534744,57
115,54,dateUpdate,296,217.6142,537.0773,535441,535512,71
115,58,dateUpdate,336,221.46445,626.87365,535621,535694,73
115,56,"Entertoday'sdate(mmddyyyy):",311,211.7596,590.7134,535883,535918,35
115,0,blank,0,892.084,542.017866666667,537362,537467,105
115,0,blank,0,780.863,303.6172,537676,537717,41
115,0,blank,0,822.5905,397.73175,537857,537993,136
116,56,"Entertoday'sdate(mmddyyyy):",311,232.5372,591.0528,538851,538887,36
116,58,dateUpdate,336,225.2835,627.324,539035,539071,36
116,0,blank,0,114.4605,649.3648,539859,539962,103
116,0,blank,0,33.3326,653.689,540203,540251,48
116,0,blank,0,-350,-105,540309,540460,151
116,0,blank,0,-350,-105,540460,540532,72
116,0,blank,0,114.4429,651.0233,540723,540768,45
116,58,nextDay,334,110.5009,632.0172,540803,540838,35
116,0,blank,0,109.266066666667,645.252766666667,541297,541403,106
116,58,nextDay,334,105.8579,641.7256,541511,541546,35
116,59,printf,341,102.5259,649.9749,541582,541618,36
116,59,"Tomorrow'sdateis%i/%i/%.2i.\n",343,212.4305,663.4654,541797,541831,34
116,59,"Tomorrow'sdateis%i/%i/%.2i.\n",343,174.9861,644.363,541867,541903,36
116,59,"Tomorrow'sdateis%i/%i/%.2i.\n",343,186.4705,654.7207,541939,541973,34
116,59,"Tomorrow'sdateis%i/%i/%.2i.\n",343,194.1006,651.6994,542009,542044,35
116,58,dateUpdate,336,179.0112,637.8655,542080,542116,36
116,59,"Tomorrow'sdateis%i/%i/%.2i.\n",343,242.3826,649.25955,542258,542327,69
116,59,"Tomorrow'sdateis%i/%i/%.2i.\n",343,235.2009,650.388,542398,542433,35
116,59,"Tomorrow'sdateis%i/%i/%.2i.\n",343,172.2611,644.18155,542537,542608,71
116,0,blank,0,106.4777,644.1095,542750,542819,69
116,59,printf,341,102.2376,645.20725,542854,542924,70
116,59,printf,341,103.609,657.134733333333,542960,543066,106
116,58,nextDay,334,95.3574,640.0614,543099,543134,35
116,0,blank,0,107.67125,653.10805,543167,543236,69
116,59,printf,341,91.5785,645.8228,543305,543340,35
116,59,printf,341,89.7152333333333,650.603333333333,543444,543547,103
116,58,nextDay,334,87.4301,638.3204,543584,543617,33
116,57,scanf,314,69.3435,606.2197,543867,543903,36
116,59,printf,341,93.8756,645.0338,544047,544084,37
116,59,printf,341,90.3168,655.0215,544198,544235,37
116,0,blank,0,192.5428,642.3987,544680,544718,38
116,57,"%i%i%i",316,191.3703,604.4361,544788,544830,42
116,57,comma,327,204.5251,607.2242,545019,545090,71
116,0,blank,0,199.7608,642.1955,545123,545159,36
116,59,"Tomorrow'sdateis%i/%i/%.2i.\n",343,211.1484,653.4061,545266,545308,42
116,58,dateUpdate,336,201.0429,633.9546,545379,545419,40
116,0,blank,0,365.5816,636.0104,545740,545776,36
116,0,blank,0,494.676966666667,628.736,545916,546017,101
116,0,blank,0,490.6339,639.2314,546052,546087,35
116,0,blank,0,610.5073,634.9532,546227,546261,34
116,0,blank,0,658.898,642.6674,546366,546402,36
116,59,nextDay,353,655.583,650.0839,546473,546545,72
116,0,blank,0,790.778666666667,695.557033333333,546833,546938,105
116,0,blank,0,193.48205,620.86745,547148,547219,71
116,0,blank,0,122.03855,639.97875,547367,547442,75
116,59,printf,341,99.1228666666667,649.351066666667,547481,547591,110
116,59,(,342,117.1222,649.2661,547628,547665,37
116,0,blank,0,67.1986,380.692966666667,547737,547846,109
116,0,blank,0,75.4085,242.839666666667,548025,548131,106
116,41,return,232,78.0648666666667,248.248766666667,548204,548310,106
116,58,nextDay,334,106.3984,635.813866666667,548381,548490,109
116,58,nextDay,334,107.9506,634.7249,548561,548666,105
116,0,blank,0,107.15125,643.56865,548700,548840,140
116,59,"Tomorrow'sdateis%i/%i/%.2i.\n",343,276.726,654.4291,549054,549090,36
116,59,comma,352,468.28445,646.91485,549234,549306,72
116,59,comma,352,466.199666666667,648.333133333333,549413,549520,107
116,0,blank,0,348.97565,693.2076,549701,549774,73
116,0,blank,0,369.8964,682.5851,549886,549925,39
116,0,blank,0,378.5169,713.95425,549963,550037,74
116,0,blank,0,332.0621,725.4528,550151,550189,38
116,0,blank,0,313.775575,709.064175,550226,550375,149
116,0,blank,0,309.2823,704.4855,550450,550487,37
116,0,blank,0,-350,-105,550559,550751,192
116,0,blank,0,270.2885,710.4434,550888,550905,17
116,0,blank,0,346.02115,694.0977,551016,551089,73
116,0,blank,0,315.6137,676.1136,551276,551314,38
116,0,blank,0,316.9357,684.22565,551454,551561,107
116,0,blank,0,138.45468,422.82572,551670,551860,190
116,0,blank,0,158.7539,406.6006,551896,551930,34
116,38,days,216,98.4281,188.0692,552073,552110,37
116,0,blank,0,105.6645,180.2055,552182,552252,70
116,0,blank,0,100.83658,90.44374,552320,552500,180
116,0,blank,0,102.4775,87.1749,552500,552536,36
116,31,isLeapYear,161,171.9087,46.4466,552606,552643,37
116,31,isLeapYear,161,168.10065,27.72265,552680,552753,73
116,0,blank,0,98.12934,31.1272,552823,553001,178
116,0,blank,0,99.2455,23.1035,553001,553037,36
116,0,blank,0,-350,-105,553147,553219,72
116,0,blank,0,-350,-105,553219,553415,196
116,0,blank,0,-350,-105,553415,553552,137
116,0,blank,0,-350,-105,553552,553731,179
116,54,date,299,368.5662,546.9078,553758,553802,44
116,57,&,328,225.3031,619.3005,554226,554263,37
116,58,dateUpdate,336,209.5876,627.4494,554405,554441,36
116,58,dateUpdate,336,203.512,633.8987,554621,554658,37
116,58,dateUpdate,336,197.4735,640.7437,554728,554765,37
116,59,"Tomorrow'sdateis%i/%i/%.2i.\n",343,189.72265,648.77865,554836,554908,72
116,57,"%i%i%i",316,183.0754,609.962,555381,555417,36
116,0,blank,0,-350,-105,555527,555710,183
116,0,blank,0,-190.3413,-103.9552,555957,555993,36
116,0,blank,0,-171.360675,-103.9519,556104,556247,143
116,0,blank,0,-205.05868,-103.97976,556283,556463,180
116,0,blank,0,-200.8021,-103.9677,556463,556501,38
116,0,blank,0,-196.263775,-103.9677,556539,556685,146
116,0,blank,0,-185.787133333333,-103.9642,556759,556870,111
116,0,blank,0,-179.2256,-103.9555,556946,556982,36
116,0,blank,0,-185.1774,-103.9578,557056,557092,36
116,0,blank,0,-32.9288,-103.9885,557204,557280,76
116,55,thisDay,305,197.2905,556.0724,557733,557771,38
116,0,blank,0,199.1136,525.7157,557813,557850,37
116,54,dateUpdate,296,195.87855,539.2229,557889,557991,102
116,56,"Entertoday'sdate(mmddyyyy):",311,211.607333333333,588.290133333333,558031,558148,117
116,57,comma,327,210.540575,618.22765,558186,558335,149
116,58,dateUpdate,336,216.1475,630.113833333333,558490,558608,118
116,59,"Tomorrow'sdateis%i/%i/%.2i.\n",343,315.60735,644.25465,558837,558916,79
116,0,blank,0,-350,-105,559107,559202,95
116,0,blank,0,383.205975,713.98195,559390,559534,144
116,0,blank,0,354.9022,716.8954,559569,559607,38
116,0,blank,0,370.0949,702.7941,559645,559683,38
116,0,blank,0,346.3464,722.50275,559799,559875,76
116,0,blank,0,369.0878,693.1187,559919,559958,39
116,0,blank,0,358.2274,700.9544,560034,560182,148
116,0,blank,0,442.8909,-103.9838,560419,560552,133
116,0,blank,0,453.2601,-103.9827,560635,560678,43
116,0,blank,0,699.067,-103.96648,560715,560906,191
116,0,blank,0,709.613,-103.969033333333,560906,561017,111
116,47,true,277,238.9184,397.4672,561204,561276,72
116,0,blank,0,226.0524,387.704,561329,561410,81
116,37,isLeapYear,203,154.5941,162.428,561820,561921,101
116,0,blank,0,147.998233333333,26.9583666666667,562310,562448,138
116,31,isLeapYear,161,216.4757,33.6446,562520,562557,37
116,31,isLeapYear,161,221.081366666667,47.5392,562592,562701,109
116,0,blank,0,-350,-105,562774,562964,190
116,0,blank,0,-350,-105,562964,563144,180
116,0,blank,0,-350,-105,563144,563324,180
116,0,blank,0,-350,-105,563324,563501,177
116,0,blank,0,-350,-105,563501,563685,184
116,0,blank,0,-350,-105,563685,563864,179
116,0,blank,0,-350,-105,563864,564045,181
116,0,blank,0,-350,-105,564045,564228,183
116,0,blank,0,-350,-105,564228,564408,180
116,0,blank,0,-350,-105,564408,564477,69
116,57,thisDay,329,289.9778,601.8137,564655,564688,33
116,56,"Entertoday'sdate(mmddyyyy):",311,237.1797,594.2819,564796,564831,35
116,57,thisDay,329,237.4742,618.1302,564864,564898,34
116,58,dateUpdate,336,206.76734,640.75252,564935,565108,173
116,59,"Tomorrow'sdateis%i/%i/%.2i.\n",343,212.3738,644.3764,565108,565177,69
116,59,"Tomorrow'sdateis%i/%i/%.2i.\n",343,198.5137,661.0735,565212,565249,37
116,0,blank,0,201.317725,642.229225,565356,565497,141
116,59,"Tomorrow'sdateis%i/%i/%.2i.\n",343,198.63112,647.5522,565567,565740,173
116,59,"Tomorrow'sdateis%i/%i/%.2i.\n",343,196.299933333333,649.7417,565740,565875,135
116,59,"Tomorrow'sdateis%i/%i/%.2i.\n",343,193.6463,647.85595,565907,565975,68
116,56,"Entertoday'sdate(mmddyyyy):",311,226.669833333333,578.781233333333,566044,566147,103
116,0,blank,0,-350,-105,566216,566398,182
116,0,blank,0,111.5289,537.2269,566612,566635,23
116,59,"Tomorrow'sdateis%i/%i/%.2i.\n",343,375.7806,649.7981,566782,566819,37
116,0,blank,0,369.4427,628.072,566857,566894,37
116,59,"Tomorrow'sdateis%i/%i/%.2i.\n",343,370.1331,647.7269,566931,567005,74
116,59,comma,352,465.89092,657.17134,567041,567228,187
116,59,"Tomorrow'sdateis%i/%i/%.2i.\n",343,459.36345,656.04555,567301,567376,75
116,0,blank,0,506.82284,699.32378,567413,567598,185
116,0,blank,0,509.0825,696.5188,567598,567634,36
116,0,blank,0,645.404,630.9734,567784,567820,36
116,0,blank,0,766.505666666667,683.410433333333,567940,568055,115
116,0,blank,0,751.552,690.577,568092,568128,36
116,0,blank,0,763.942,694.0974,568163,568199,36
116,0,blank,0,732.371,694.0671,568236,568271,35
116,0,blank,0,734.967,682.354,568383,568419,36
116,0,blank,0,734.418,692.2187,568457,568494,37
116,0,blank,0,55.303,708.2919,568673,568709,36
116,0,blank,0,49.1918666666667,716.554633333333,568746,568860,114
116,0,blank,0,903.8635,607.17325,569088,569165,77
116,0,blank,0,896.6705,621.1273,569204,569278,74
116,0,blank,0,874.565,620.73695,569425,569500,75
116,0,blank,0,879.483,615.5343,569576,569614,38
116,0,blank,0,867.139,633.4356,569732,569768,36
116,0,blank,0,872.442,612.3296,569808,569884,76
116,0,blank,0,869.63825,629.412325,569923,570076,153
116,0,blank,0,886.874666666667,257.044066666667,570191,570306,115
116,0,blank,0,926.634666666667,30.0352333333333,570425,570538,113
117,0,blank,0,919.0245,24.28605,570885,570960,75
117,6,month,27,99.1969,119.9006,571147,571184,37
117,0,blank,0,37.58685,104.658375,571260,571413,153
117,0,blank,0,67.43962,45.70982,571488,571681,193
117,3,include,17,67.3128,55.00515,571681,571756,75
117,12,tomorrow,48,241.5756,246.5656,571795,571871,76
117,12,tomorrow,48,240.0799,249.6501,571943,572015,72
117,13,(,52,219.40076,277.99908,572051,572234,183
117,0,blank,0,-350,-105,572307,572427,120
117,18,month,98,220.711133333333,395.706633333333,572660,572765,105
117,18,month,98,216.8818,393.8297,572837,572872,35
117,0,blank,0,222.0308,399.15625,572908,573048,140
117,0,blank,0,322.6301,452.0636,573083,573156,73
117,0,blank,0,317.410466666667,446.296866666667,573245,573374,129
117,0,blank,0,427.19315,446.94355,573462,573536,74
117,20,today,114,428.4633,431.7515,573573,573609,36
117,0,blank,0,436.3475,450.95,573646,573683,37
117,0,blank,0,411.5506,458.81265,573756,573828,72
117,0,blank,0,906.041,297.7988,573940,573977,37
117,0,blank,0,908.424,299.182833333333,574054,574162,108
117,0,blank,0,679.732333333333,406.4747,574236,574343,107
117,0,blank,0,905.485,278.379175,574420,574578,158
117,0,blank,0,271.07964,450.38226,574706,574899,193
117,0,blank,0,327.8886,456.9194,574936,574974,38
117,0,blank,0,312.0291,451.4484,575013,575053,40
117,0,blank,0,-350,-105,575135,575296,161
117,0,blank,0,-350,-105,575296,575424,128
117,0,blank,0,222.920325,550.543375,575670,575851,181
117,0,blank,0,220.2596,558.1802,575851,575887,36
117,0,blank,0,312.19192,460.1154,575961,576142,181
117,0,blank,0,307.73168,449.50556,576142,576320,178
117,0,blank,0,302.945575,453.54025,576320,576468,148
117,0,blank,0,307.77888,458.64332,576544,576735,191
117,0,blank,0,306.4846,461.5953,576735,576773,38
117,0,blank,0,313.559866666667,463.1409,576848,576969,121
117,20,date,107,310.3067,432.6741,577011,577052,41
117,24,date,128,306.18155,524.9816,577178,577260,82
117,24,date,128,292.007233333333,522.154766666667,577301,577419,118
117,0,blank,0,287.482425,558.506925,577583,577739,156
117,0,blank,0,287.5634,558.5999,577776,577816,40
117,0,blank,0,277.46304,548.98212,577894,578087,193
117,26,tomorrow,146,181.5452,568.5317,578205,578403,198
117,26,tomorrow,146,181.0153,571.7864,578482,578523,41
117,0,blank,0,274.4761,456.7592,578685,578765,80
117,0,blank,0,281.229,480.1965,578805,578845,40
117,0,blank,0,221.2805,408.078533333333,578883,578998,115
117,20,struct,106,231.4315,429.4799,579036,579074,38
117,0,blank,0,183.5551,460.0461,579193,579230,37
117,0,blank,0,394.5166,458.9872,579383,579422,39
117,0,blank,0,403.39895,461.34145,579462,579541,79
117,0,blank,0,404.4635,485.771,579578,579615,37
117,0,blank,0,278.741866666667,449.166866666667,579768,579880,112
117,0,blank,0,108.5704,464.6245,580032,580069,37
117,22,else,122,79.3668,467.5377,580142,580179,37
117,0,blank,0,91.34765,485.8805,580216,580292,76
117,0,blank,0,112.1703,467.5215,580448,580600,152
117,16,(,72,201.5615,352.7107,581095,581137,42
117,0,blank,0,197.622275,357.863125,581210,581360,150
117,0,blank,0,244.572966666667,363.648866666667,581395,581507,112
117,0,blank,0,245.225,359.1246,581579,581614,35
117,0,blank,0,245.7861,357.1596,581687,581723,36
117,14,!=,63,203.30745,290.110125,581832,581984,152
117,14,day,62,182.0867,297.8699,582057,582093,36
117,14,day,62,167.9902,300.0432,582166,582202,36
117,0,blank,0,129.05845,314.163825,582238,582384,146
117,0,blank,0,91.7752,331.9421,582420,582566,146
117,0,blank,0,62.791375,321.7044,582604,582750,146
117,0,blank,0,20.21574,320.30026,582860,583044,184
117,0,blank,0,6.8695,314.944833333333,583044,583159,115
117,0,blank,0,88.8532,308.7999,583234,583271,37
117,0,blank,0,78.162,319.5854,583309,583347,38
117,0,blank,0,81.3574666666667,314.112366666667,583386,583497,111
117,0,blank,0,-350,-105,583647,583777,130
117,0,blank,0,84.0469,304.5441,583984,584028,44
117,0,blank,0,111.6438,317.1616,584139,584174,35
117,14,today,66,112.956966666667,303.619666666667,584210,584314,104
117,0,blank,0,145.067433333333,313.568933333333,584456,584566,110
117,14,.,61,149.2133,301.613225,584815,584958,143
117,16,tomorrow,70,157.5395,338.3848,585067,585140,73
117,0,blank,0,213.9111,315.68395,585177,585254,77
117,0,blank,0,214.54235,319.4642,585330,585405,75
117,0,blank,0,204.9378,314.27275,585443,585519,76
117,0,blank,0,260.958175,314.42735,585592,585742,150
117,0,blank,0,234.8686,321.3753,585780,585816,36
117,0,blank,0,225.47,319.5684,585970,586047,77
117,0,blank,0,200.40065,319.69225,586086,586161,75
117,0,blank,0,193.9764,297.4349,586199,586237,38
117,0,blank,0,195.0062,325.77565,586276,586353,77
117,0,blank,0,93.719275,326.92085,586391,586540,149
117,0,blank,0,225.442833333333,316.963,586615,586732,117
117,0,blank,0,96.8072,311.9607,586808,586847,39
117,0,blank,0,96.262825,326.49685,586884,587037,153
117,0,blank,0,74.4297,336.0268,587116,587154,38
117,0,blank,0,67.5960666666667,323.213366666667,587190,587306,116
117,0,blank,0,75.4666,334.2839,587344,587383,39
117,0,blank,0,78.7534,351.9678,587421,587458,37
117,0,blank,0,69.0323,340.3639,587495,587571,76
117,28,numberOfDays,150,118.2462,616.85435,587648,587721,73
117,0,blank,0,102.48765,357.66355,587872,587945,73
117,16,tomorrow,70,85.96138,339.00424,587983,588174,191
117,0,blank,0,81.93505,330.665025,588174,588326,152
117,16,tomorrow,70,123.5271,333.9742,588404,588445,41
117,16,tomorrow,70,108.10342,333.896,588710,588896,186
117,0,blank,0,118.9434,330.1097,588971,589008,37
117,14,today,66,95.4022,309.8218,589082,589118,36
117,16,tomorrow,70,105.636,333.2389,589153,589189,36
117,0,blank,0,119.04965,324.61315,589228,589301,73
117,0,blank,0,105.6393,312.709,589338,589374,36
117,0,blank,0,128.30725,332.3637,589411,589484,73
117,0,blank,0,145.4972,319.2456,589598,589636,38
117,0,blank,0,149.4679,323.78505,589672,589748,76
117,0,blank,0,-350,-105,589822,589982,160
117,0,blank,0,137.57465,317.4179,590136,590199,63
117,0,blank,0,111.6559,310.4574,590308,590343,35
117,0,blank,0,111.40732,321.36206,590380,590560,180
117,0,blank,0,106.851,318.8826,590560,590597,37
117,14,today,66,110.4457,306.26075,590633,590706,73
117,14,today,66,115.09412,296.61946,590743,590919,176
117,14,today,66,113.337066666667,295.0258,590919,591028,109
117,14,today,66,126.8985,295.364025,591063,591207,144
117,13,numberOfDays,51,188.666025,281.445375,591279,591423,144
117,0,blank,0,80.432,312.75905,591602,591671,69
117,0,blank,0,88.3978,324.4546,591707,591741,34
117,0,blank,0,108.84516,311.4549,591776,591957,181
117,14,today,66,107.435166666667,306.5773,591957,592067,110
117,14,today,66,123.401775,297.91615,592284,592432,148
117,0,blank,0,89.2975,290.9511,592467,592541,74
117,0,blank,0,89.09345,291.6923,592614,592685,71
117,0,blank,0,72.17918,307.13984,592757,592938,181
117,0,blank,0,88.7917,299.9334,592975,593050,75
117,0,blank,0,92.2197,311.651775,593084,593228,144
117,13,numberOfDays,51,164.323866666667,285.95,593335,593441,106
117,0,blank,0,92.4607,225.40175,593513,593586,73
117,0,blank,0,90.2863,226.0817,593660,593696,36
117,0,blank,0,102.2426,223.5286,593804,593875,71
117,14,if,58,63.47414,296.04058,593946,594131,185
117,14,if,58,61.4756,300.7741,594131,594167,36
117,0,blank,0,74.5496,324.0147,594206,594277,71
117,0,blank,0,76.6627,312.446,594315,594351,36
117,0,blank,0,45.9826,184.344325,594388,594540,152
117,0,blank,0,52.3310666666667,184.208366666667,594579,594697,118
117,12,struct,46,71.8049,246.849733333333,594853,594971,118
117,14,today,66,98.98915,304.560875,595011,595170,159
117,14,today,66,112.1116,298.2762,595247,595287,40
117,0,blank,0,251.7015,318.751833333333,595407,595520,113
117,0,blank,0,220.5841,327.3329,595598,595677,79
117,0,blank,0,323.6856,316.54862,595828,596025,197
117,0,blank,0,903.409666666667,233.752,596140,596253,113
117,0,blank,0,908.667,231.4753,596327,596364,37
117,0,blank,0,898.017,238.8337,596403,596477,74
117,0,blank,0,892.1785,236.479,596590,596664,74
117,0,blank,0,918.994,241.9515,596701,596738,37
117,0,blank,0,919.333,259.5382,596850,597039,189
117,0,blank,0,915.6515,257.20865,597039,597117,78
117,0,blank,0,912.7952,258.30342,597193,597380,187
117,0,blank,0,197.5251,456.1022,597535,597574,39
117,0,blank,0,189.7107,446.5958,597653,597691,38
117,0,blank,0,207.465,468.558,597730,597768,38
117,0,blank,0,105.02045,637.6712,597842,597917,75
118,58,=,335,130.8861,641.6132,599356,599432,76
118,59,"Tomorrow'sdateis%i/%i/%.2i.\n",343,139.3541,653.16,599469,599614,145
118,52,(,290,98.2495,496.2188,599759,599795,36
118,0,blank,0,94.1000666666667,498.872466666667,599865,599971,106
118,0,blank,0,54.3579666666667,398.4142,600329,600436,107
118,48,else,279,59.03195,404.89855,600472,600619,147
118,46,(,249,78.10204,361.96076,600655,600842,187
118,41,return,232,89.7960666666667,248.705966666667,600916,601044,128
118,0,blank,0,212.8981,668.5026,601639,601676,37
118,59,"Tomorrow'sdateis%i/%i/%.2i.\n",343,166.2876,652.3394,601963,602000,37
118,58,dateUpdate,336,168.47345,641.3627,602071,602142,71
118,58,nextDay,334,107.6662,625.81915,602212,602286,74
118,58,nextDay,334,109.4547,630.7107,602392,602429,37
118,58,dateUpdate,336,172.0635,625.1312,602861,602897,36
118,0,blank,0,112.774,666.3729,603039,603076,37
118,0,blank,0,31.2796,662.46555,603183,603254,71
118,59,"Tomorrow'sdateis%i/%i/%.2i.\n",343,231.6925,661.1714,603616,603652,36
118,0,blank,0,240.0069,678.45,603831,603868,37
118,56,"Entertoday'sdate(mmddyyyy):",311,295.4445,578.0364,604353,604389,36
118,56,"Entertoday'sdate(mmddyyyy):",311,312.1863,579.5951,604687,604726,39
118,55,nextDay,307,288.3527,567.0654,605020,605063,43
118,55,nextDay,307,258.0001,573.1057,605213,605250,37
118,55,nextDay,307,259.073,568.0042,605366,605439,73
118,55,date,304,133.7997,570.8218,605907,605945,38
118,56,"Entertoday'sdate(mmddyyyy):",311,207.4382,597.6344,606060,606098,38
118,0,blank,0,-350,-105,606134,606278,144
118,0,blank,0,146.1048,673.0452,606605,606642,37
118,0,blank,0,113.57025,687.0422,606934,607004,70
118,56,printf,309,61.8227,590.9326,607077,607256,179
118,56,printf,309,57.4052,593.8698,607329,607367,38
118,56,printf,309,100.507133333333,587.304,607443,607553,110
118,55,struct,303,89.3658,574.8936,607590,607625,35
118,56,printf,309,101.7115,591.13235,607660,607802,142
118,0,blank,0,118.52355,694.7511,607911,607983,72
118,60,;,362,128.15,681.1419,608090,608196,106
118,56,printf,309,84.9765333333333,593.627233333333,608411,608520,109
118,57,"%i%i%i",316,148.4129,600.5002,608630,608667,37
118,57,thisDay,329,256.5359,611.8724,608847,608883,36
118,56,"Entertoday'sdate(mmddyyyy):",311,248.7649,592.6716,608920,608990,70
118,57,thisDay,329,247.235,606.3991,609206,609241,35
118,0,blank,0,238.9381,703.7194,609311,609380,69
118,0,blank,0,225.9254,705.5297,609483,609518,35
118,0,blank,0,246.1642,706.3831,609624,609659,35
118,0,blank,0,235.18495,707.16795,609694,609763,69
118,0,blank,0,271.7947,696.0804,609869,609939,70
118,0,blank,0,904.041666666667,592.099066666667,610080,610187,107
118,0,blank,0,916.098,556.829,610258,610292,34
118,0,blank,0,927.256,549.1612,610749,610783,34
118,0,blank,0,906.732,565.55095,610819,610889,70
118,0,blank,0,246.69385,693.012475,611140,611288,148
118,0,blank,0,238.86815,696.9011,611325,611398,73
118,0,blank,0,224.0317,690.2879,611434,611470,36
118,0,blank,0,91.24815,706.3792,611652,611724,72
118,0,blank,0,93.535,695.5395,611945,611982,37
118,0,blank,0,72.7937,356.9829,612127,612164,37
118,0,blank,0,55.8333,131.0991,612308,612344,36
118,0,blank,0,54.278475,137.397825,612381,612521,140
118,31,bool,160,61.4403,35.67988,612557,612734,177
118,43,isLeapYear,237,62.67374,306.47162,612806,612987,181
118,0,blank,0,94.31236,322.47094,613026,613201,175
118,0,blank,0,92.5862,316.2937,613201,613236,35
119,0,blank,0,78.8835,169.2667,614426,614470,44
119,7,int,29,67.8432,155.6979,614509,614545,36
119,0,blank,0,74.1092,161.2338,614583,614620,37
119,0,blank,0,78.412625,225.416,614659,614810,151
119,0,blank,0,118.57036,219.2944,614849,615038,189
119,10,struct,41,257.745666666667,216.143933333333,615224,615339,115
119,10,struct,41,265.27928,220.19518,615377,615567,190
119,10,struct,41,268.3352,220.7037,615605,615642,37
119,0,blank,0,304.8262,218.12902,615720,615904,184
119,0,blank,0,206.73404,244.53372,615980,616163,183
119,12,tomorrow,48,209.31935,252.08455,616163,616237,74
119,10,struct,41,303.27655,208.2762,616310,616386,76
119,0,blank,0,-350,-105,616494,616682,188
119,12,tomorrow,48,240.8947,246.09655,616887,616960,73
119,0,blank,0,186.5295,242.28055,617107,617181,74
119,0,blank,0,199.4055,224.4737,617216,617252,36
119,12,tomorrow,48,180.403,260.9717,617287,617321,34
119,0,blank,0,194.0905,232.9558,617355,617390,35
119,13,numberOfDays,51,175.67334,283.32054,617493,617670,177
119,13,numberOfDays,51,177.9397,286.81295,617670,617741,71
119,14,numberOfDays,64,279.6934,294.433125,617810,617954,144
119,13,struct,53,277.7036,284.4193,617992,618030,38
119,0,blank,0,289.3708,280.9084,618065,618102,37
119,14,day,62,179.8594,295.736,618173,618208,35
119,0,blank,0,192.59915,298.8472,618282,618428,146
119,14,!=,63,198.5123,300.0122,618499,618534,35
119,0,blank,0,221.4002,303.4932,618571,618643,72
119,0,blank,0,328.3438,310.6905,618750,618787,37
119,14,numberOfDays,64,332.797533333333,303.241333333333,618822,618928,106
119,14,numberOfDays,64,301.86855,306.93155,619070,619140,70
119,14,numberOfDays,64,296.4841,292.0452,619176,619210,34
119,0,blank,0,194.60465,304.23355,619357,619426,69
119,14,!=,63,201.6436,290.4834,619501,619536,35
119,0,blank,0,-350,-105,619650,619781,131
119,0,blank,0,-350,-105,619781,619913,132
119,14,numberOfDays,64,224.8399,299.6115,619953,619972,19
119,14,numberOfDays,64,234.74964,306.17796,620014,620203,189
119,14,numberOfDays,64,248.5341,301.581,620203,620241,38
119,13,struct,53,243.7181,282.1199,620279,620316,37
119,14,numberOfDays,64,237.19795,297.27475,620355,620500,145
119,14,numberOfDays,64,237.36516,302.49314,620535,620721,186
119,14,numberOfDays,64,244.73665,298.70825,620721,620797,76
119,14,numberOfDays,64,241.6884,299.2231,620874,620949,75
119,14,numberOfDays,64,321.5971,296.6765,621024,621099,75
119,14,numberOfDays,64,316.514125,307.2721,621135,621282,147
119,0,blank,0,308.611666666667,317.759533333333,621320,621454,134
119,0,blank,0,344.6736,310.7522,621580,621703,123
119,14,today,66,389.1731,299.21665,621810,621985,175
119,14,today,66,386.216166666667,297.200066666667,621985,622107,122
119,0,blank,0,292.4537,278.5297,622147,622187,40
119,0,blank,0,289.7586,282.7112,622264,622301,37
119,0,blank,0,191.431,314.4977,622374,622411,37
119,14,day,62,180.5883,295.347775,622521,622666,145
119,14,numberOfDays,64,342.6878,301.1927,622740,622926,186
119,0,blank,0,333.1551,313.2922,622963,623002,39
119,14,numberOfDays,64,297.79865,299.70795,623079,623152,73
119,14,numberOfDays,64,271.0535,302.4815,623300,623337,37
119,14,numberOfDays,64,260.5245,304.17958,623374,623565,191
119,14,numberOfDays,64,261.8837,304.7119,623565,623603,38
119,0,blank,0,216.2687,356.2548,623679,623716,37
119,0,blank,0,216.91405,354.5011,623752,623825,73
119,0,blank,0,174.15776,364.46826,623862,624042,180
119,0,blank,0,177.6434,360.36765,624042,624116,74
119,0,blank,0,267.322933333333,349.548233333333,624190,624304,114
119,16,month,79,416.784866666667,347.484833333333,624384,624499,115
119,16,month,79,415.0117,343.25505,624574,624651,77
119,0,blank,0,579.24935,344.3914,624728,624801,73
119,0,blank,0,580.1374,358.4794,624836,624872,36
119,0,blank,0,575.9529,353.1023,624944,624981,37
119,16,day,83,556.3138,347.9285,625016,625051,35
119,0,blank,0,687.877,370.9294,625274,625310,36
119,0,blank,0,693.2675,376.6358,625345,625419,74
119,16,),75,316.817,334.9104,625605,625644,39
119,14,numberOfDays,64,315.02675,309.6801,625684,625764,80
119,0,blank,0,280.0468,313.7672,625805,625845,40
119,0,blank,0,285.173966666667,316.704366666667,625924,626041,117
119,0,blank,0,384.2017,315.0388,626119,626266,147
119,0,blank,0,349.65095,308.47345,626303,626451,148
119,14,today,66,391.4464,305.6269,626489,626638,149
119,0,blank,0,388.3106,313.28048,626710,626886,176
119,0,blank,0,341.9875,311.76628,626959,627143,184
119,14,numberOfDays,64,336.01764,303.36784,627143,627326,183
119,14,numberOfDays,64,330.78128,303.7416,627362,627540,178
119,0,blank,0,326.2498,315.7452,627613,627651,38
119,0,blank,0,-350,-105,627686,627809,123
119,0,blank,0,347.859,291.625,627980,628005,25
119,14,numberOfDays,64,290.44048,308.11254,628080,628265,185
119,0,blank,0,351.25632,306.20474,628302,628484,182
119,0,blank,0,387.5775,315.607,628518,628556,38
119,14,today,66,398.0034,307.6181,628593,628630,37
119,0,blank,0,390.58134,311.56922,628703,628888,185
119,14,today,66,391.8807,304.18705,628888,628964,76
119,0,blank,0,337.0667,313.3684,629040,629221,181
119,0,blank,0,335.7884,326.03485,629295,629370,75
119,0,blank,0,341.91986,314.16418,629408,629599,191
119,0,blank,0,347.09262,316.9251,629599,629785,186
119,0,blank,0,346.48985,324.924,629785,629860,75
119,0,blank,0,305.183775,327.809525,629900,630051,151
119,0,blank,0,401.0564,311.85778,630126,630317,191
119,14,today,66,405.3669,305.4778,630317,630354,37
119,0,blank,0,415.2061,315.619866666667,630466,630581,115
119,0,blank,0,364.829,318.8122,630655,630692,37
119,0,blank,0,369.93215,319.2666,630765,630838,73
119,14,today,66,370.738366666667,309.194866666667,630872,630979,107
119,0,blank,0,317.2508,318.286033333333,631014,631126,112
119,0,blank,0,276.8044,315.15336,631165,631351,186
119,0,blank,0,275.0071,314.1549,631351,631388,37
119,0,blank,0,338.2214,314.5738,631427,631465,38
119,0,blank,0,340.6942,314.39835,631540,631612,72
119,0,blank,0,897.3535,268.44005,631834,631915,81
119,0,blank,0,893.5265,267.706725,631950,632096,146
119,0,blank,0,893.2555,275.87825,632169,632310,141
119,0,blank,0,891.605,275.7299,632382,632418,36
119,0,blank,0,893.089,274.1714,632564,632638,74
119,0,blank,0,904.2076,228.98818,632673,632867,194
119,0,blank,0,907.0945,237.669925,632867,633021,154
119,0,blank,0,911.198,245.5232,633174,633215,41
119,0,blank,0,893.0196,229.77196,633252,633441,189
119,0,blank,0,889.792,230.8276,633441,633482,41
119,31,isLeapYear,161,135.1828,666.7214,633674,633781,107
119,31,isLeapYear,161,136.5697,672.1788,633816,633852,36
120,28,int,149,23.58482,101.6187,635418,635600,182
120,28,numberOfDays,150,76.2469,103.22896,635638,635821,183
120,0,blank,0,22.23514,98.12588,635859,636050,191
120,0,blank,0,-12.21782,111.73098,636088,636270,182
120,0,blank,0,-19.11315,115.9349,636270,636417,147
120,28,numberOfDays,150,84.3594,107.372675,636453,636600,147
120,0,blank,0,-350,-105,636673,636825,152
120,28,numberOfDays,150,148.02915,103.58735,636881,636962,81
120,28,numberOfDays,150,114.480033333333,108.060266666667,637033,637141,108
120,28,numberOfDays,150,107.242875,104.060525,637177,637318,141
120,28,(,151,178.8068,109.9704,637387,637422,35
120,0,blank,0,168.51316,99.0347,637458,637632,174
120,0,blank,0,173.264525,100.731725,637632,637772,140
120,28,struct,152,228.04608,104.74176,637878,638049,171
120,28,date,153,284.34684,102.8163,638117,638288,171
120,28,date,153,285.26692,105.62194,638288,638462,174
120,0,blank,0,307.929833333333,97.0123,638497,638602,105
120,28,d,154,308.8476,101.3285,638636,638808,172
120,28,d,154,305.98552,106.54704,638808,638981,173
120,0,blank,0,302.929,103.0087,638981,639152,171
120,0,blank,0,302.3333,99.54612,639152,639324,172
120,0,blank,0,244.30065,103.8153,639394,639463,69
120,0,blank,0,236.9077,91.6037,639497,639532,35
120,28,struct,152,239.9771,100.2078,639566,639703,137
120,28,struct,152,229.624033333333,101.145633333333,639773,639876,103
120,0,blank,0,301.16366,99.62138,640047,640220,173
120,0,blank,0,299.1911,100.88748,640220,640391,171
120,28,d,154,306.53936,101.2209,640391,640564,173
120,0,blank,0,305.16535,97.1836,640564,640633,69
120,0,blank,0,169.92108,124.55116,640771,640945,174
120,0,blank,0,170.9167,121.4977,640945,640981,36
120,0,blank,0,257.64502,98.66722,641051,641223,172
120,0,blank,0,95.1614,135.8813,641325,641395,70
120,0,blank,0,88.08992,132.06986,641430,641607,177
120,0,blank,0,90.8215,133.7498,641607,641640,33
120,0,blank,0,118.06195,135.6636,641675,641746,71
120,31,isLeapYear,161,160.3869,165.6464,642191,642304,113
120,0,blank,0,121.25838,148.0948,642339,642514,175
120,0,blank,0,121.26835,150.52505,642514,642583,69
120,0,blank,0,178.5064,147.0278,642617,642652,35
120,0,blank,0,183.78726,154.04896,642721,642895,174
120,0,blank,0,185.31546,154.48318,642895,643070,175
120,0,blank,0,179.8132,160.69055,643070,643138,68
120,30,days,158,130.8839,146.7258,643208,643380,172
120,0,blank,0,117.03092,163.81866,643415,643587,172
120,0,blank,0,114.96964,167.56658,643587,643759,172
120,0,blank,0,110.3045,160.144333333333,643759,643862,103
120,31,isLeapYear,161,200.3093,170.22628,643931,644101,170
120,31,isLeapYear,161,194.16498,172.5989,644101,644273,172
120,31,isLeapYear,161,194.078866666667,170.394533333333,644273,644379,106
120,31,isLeapYear,161,190.0792,172.1035,644414,644555,141
120,31,struct,163,289.52476,177.81958,644627,644804,177
120,32,12,172,292.1072,190.1297,644804,644838,34
120,31,struct,163,279.6014,178.2509,644876,644910,34
120,31,isLeapYear,161,213.438766666667,174.7582,644982,645093,111
120,0,blank,0,306.6527,167.072666666667,645161,645267,106
120,0,blank,0,308.3132,176.1402,645373,645549,176
120,31,date,164,313.4792,167.2763,645549,645687,138
120,0,blank,0,356.03852,174.08904,645722,645894,172
120,0,blank,0,358.40695,170.938,645894,645964,70
120,31,date,164,346.86525,179.6531,645999,646069,70
120,31,date,164,328.85498,170.4963,646104,646276,172
120,31,date,164,324.686,167.2654,646276,646310,34
120,0,blank,0,357.82806,175.67004,646346,646525,179
120,0,blank,0,318.377975,156.633075,646561,646706,145
120,0,blank,0,356.25258,169.41348,646744,646939,195
120,31,date,164,333.43035,174.265175,646978,647126,148
120,0,blank,0,-350,-105,647198,647294,96
120,31,date,164,348.68606,175.85808,647596,647785,189
120,31,date,164,350.86132,173.92116,647785,647960,175
120,0,blank,0,358.5757,176.0073,647960,648137,177
120,0,blank,0,361.5997,174.06705,648137,648206,69
120,31,date,164,314.90386,172.84724,648277,648454,177
120,0,blank,0,316.6516,187.3593,648489,648525,36
120,31,date,164,322.246,172.7841,648561,648597,36
120,31,),166,376.138275,179.659275,648634,648777,143
120,0,blank,0,358.0034,183.3503,648885,648920,35
120,0,blank,0,355.6542,178.0333,648955,649097,142
120,0,blank,0,302.45976,116.51802,649133,649311,178
120,0,blank,0,301.85254,111.95074,649311,649498,187
120,28,struct,152,238.51604,106.94782,649533,649721,188
120,28,d,154,304.6049,117.0395,649756,649790,34
120,28,d,154,312.386733333333,108.5346,649824,649931,107
120,31,date,164,321.4353,184.4074,650071,650107,36
120,31,struct,163,293.544125,172.48115,650178,650324,146
120,32,daysPerMonth,170,160.556533333333,190.659766666667,650396,650505,109
120,32,daysPerMonth,170,155.8016,194.1255,650539,650613,74
120,32,int,169,113.3859,198.8486,650652,650687,35
120,32,int,169,128.20752,204.1077,650724,650902,178
120,32,daysPerMonth,170,143.6329,201.3816,650902,650936,34
120,0,blank,0,138.2957,201.45475,650972,651041,69
120,32,daysPerMonth,170,235.753675,190.213925,651076,651215,139
120,31,isLeapYear,161,158.0585,172.785175,651250,651394,144
120,31,isLeapYear,161,195.85468,174.97662,651429,651611,182
120,31,isLeapYear,161,200.28904,170.86262,651611,651787,176
120,31,isLeapYear,161,197.1463,171.5415,651787,651861,74
120,31,date,164,321.17508,179.13024,651935,652119,184
120,31,struct,163,263.7594,170.7605,652157,652335,178
120,31,struct,163,267.6825,170.3803,652335,652369,34
120,31,date,164,328.4845,167.42645,652404,652473,69
120,28,(,151,181.62028,117.74172,652542,652718,176
120,0,blank,0,182.0249,132.0665,652753,652789,36
120,28,date,153,266.10206,100.85744,652861,653036,175
120,28,d,154,307.12306,102.80548,653105,653281,176
120,0,blank,0,360.05305,182.6756,653388,653459,71
120,32,daysPerMonth,170,176.6479,200.4049,653632,653666,34
120,32,daysPerMonth,170,144.281,198.5629,653703,653739,36
120,0,blank,0,140.86632,197.10642,653812,653993,181
120,32,daysPerMonth,170,179.33575,200.98785,654028,654100,72
120,32,daysPerMonth,170,174.2191,190.4394,654170,654206,36
120,32,12,172,276.45195,201.4462,654277,654347,70
120,32,12,172,273.6541,195.9185,654419,654454,35
120,32,daysPerMonth,170,226.75532,196.00824,654524,654699,175
120,32,daysPerMonth,170,228.482466666667,198.369433333333,654699,654803,104
120,32,daysPerMonth,170,181.2373,204.356,654838,654873,35
120,0,blank,0,190.8984,219.8478,654908,654943,35
120,0,blank,0,185.4568,210.6381,654978,655013,35
120,0,blank,0,138.55875,209.9566,655085,655154,69
120,0,blank,0,117.60215,184.1313,655259,655329,70
120,0,blank,0,110.7336,172.4704,655362,655395,33
120,31,isLeapYear,161,201.14668,173.41974,655498,655671,173
120,31,isLeapYear,161,191.56732,173.65526,655671,655846,175
120,31,isLeapYear,161,187.280566666667,176.830833333333,655881,655987,106
120,31,isLeapYear,161,220.932,175.877,656057,656161,104
120,0,blank,0,311.55824,173.30684,656232,656406,174
120,0,blank,0,158.3395,274.1619,656476,656512,36
120,0,blank,0,147.5796,290.3115,656547,656583,36
120,37,isLeapYear,203,133.6471,303.8293,656691,656727,36
120,37,isLeapYear,203,193.6645,310.13975,656945,657018,73
120,31,(,162,237.7235,182.61864,657055,657227,172
120,32,daysPerMonth,170,245.5358,189.6871,657227,657262,35
120,31,struct,163,291.171,168.688,657297,657331,34
120,31,struct,163,295.418375,174.626225,657366,657509,143
120,31,date,164,347.65354,176.67774,657582,657764,182
120,0,blank,0,352.1014,164.3489,657764,657800,36
120,35,31,198,215.8918,262.1873,657910,657947,37
120,37,d,210,217.206133333333,309.093933333333,657984,658095,111
120,0,blank,0,189.098166666667,319.3465,658168,658277,109
120,0,blank,0,192.97575,327.4595,658315,658389,74
120,31,date,164,335.691966666667,185.111666666667,658502,658608,106
120,31,d,165,368.67198,181.51366,658643,658822,179
120,0,blank,0,369.39932,186.09328,658822,659002,180
120,0,blank,0,305.21632,136.8279,659037,659217,180
120,0,blank,0,165.3446,345.63475,659328,659396,68
120,0,blank,0,188.7883,335.08115,659532,659675,143
120,0,blank,0,188.453833333333,320.939066666667,659711,659819,108
120,0,blank,0,147.32016,323.99318,659855,660033,178
120,0,blank,0,151.33142,321.54014,660033,660209,176
120,0,blank,0,-350,-105,660315,660479,164
120,31,isLeapYear,161,223.112783333333,178.42045,660508,660703,195
120,31,isLeapYear,161,216.8262,181.5743,660703,660737,34
120,37,isLeapYear,203,153.8158,314.16545,660876,660946,70
120,37,isLeapYear,203,185.2841,303.5512,660981,661050,69
120,0,blank,0,134.0615,466.392966666667,661225,661325,100
120,45,leapYearFlag,245,142.1079,474.1803,661359,661393,34
120,0,blank,0,141.0777,470.6825,661459,661491,32
120,0,blank,0,137.9761,450.5406,661525,661592,67
120,0,blank,0,152.3135,462.784,661628,661664,36
120,0,blank,0,92.7554,451.83565,661737,661809,72
120,0,blank,0,93.1031,471.6371,661846,661879,33
120,43,date,240,246.8753,441.265,661950,661984,34
120,0,blank,0,236.79635,458.0905,662091,662163,72
120,0,blank,0,294.7123,472.0751,662340,662441,101
120,0,blank,0,297.5597,472.0112,662441,662622,181
120,0,blank,0,296.38128,470.3163,662622,662810,188
120,0,blank,0,341.355166666667,204.317,662954,663063,109
120,46,4,254,203.057,508.1695,663319,663355,36
120,0,blank,0,115.59916,517.489,663695,663887,192
120,47,leapYearFlag,275,179.07392,536.0807,663999,664181,182
120,47,leapYearFlag,275,166.6537,524.3531,664218,664254,36
120,0,blank,0,176.8253,516.5955,664292,664364,72
120,46,%,270,173.4872,508.7009,664434,664470,36
120,0,blank,0,231.9199,529.7617,664539,664575,36
120,0,blank,0,222.8109,542.6077,664612,664650,38
120,0,blank,0,177.378766666667,541.380266666667,664724,664828,104
120,0,blank,0,177.72572,547.98342,664864,665045,181
120,0,blank,0,182.382133333333,554.205866666667,665045,665154,109
120,47,leapYearFlag,275,175.7944,537.1248,665295,665334,39
120,0,blank,0,176.37966,545.90566,665370,665551,181
120,47,leapYearFlag,275,173.3072,531.7114,665551,665587,36
120,0,blank,0,172.87652,545.54944,665661,665846,185
120,0,blank,0,174.9716,545.0407,665846,665996,150
120,0,blank,0,358.7587,238.602225,666106,666252,146
120,0,blank,0,344.11628,190.94124,666289,666476,187
120,0,blank,0,363.126825,187.576075,666513,666664,151
120,0,blank,0,302.213,110.1622,666776,666815,39
120,28,d,154,304.123325,110.4924,666887,667032,145
120,0,blank,0,260.1155,87.84865,667251,667327,76
120,28,struct,152,187.279125,106.2002,667366,667517,151
120,28,date,153,289.90918,106.50058,667553,667736,183
120,28,date,153,292.63766,101.27244,667736,667920,184
120,31,date,164,351.8225,169.068166666667,667991,668102,111
120,0,blank,0,358.0468,178.049033333333,668137,668251,114
120,0,blank,0,-350,-105,668325,668510,185
120,45,leapYearFlag,245,200.4446,482.311,668767,668792,25
120,0,blank,0,170.5887,472.3839,668831,668868,37
120,0,blank,0,162.60705,473.29735,668902,668973,71
120,0,blank,0,217.16345,93.3147,669079,669225,146
120,28,struct,152,231.0084,99.9423,669295,669331,36
120,0,blank,0,218.506375,93.64785,669403,669550,147
120,24,date,128,273.58295,13.64515,669625,669700,75
120,0,blank,0,266.9188,-3.69,669738,669777,39
120,24,date,128,280.4523,12.0099,669815,669854,39
120,24,date,128,312.61896,16.1042,669891,670074,183
120,0,blank,0,240.81856,416.93052,670182,670358,176
120,0,blank,0,241.509,415.6648,670392,670465,73
120,46,0,273,249.98984,503.26148,670500,670688,188
120,0,blank,0,254.5559,501.3116,670688,670727,39
120,0,blank,0,-350,-105,670799,670899,100
120,0,blank,0,931.318,373.95245,671262,671330,68
120,0,blank,0,902.793,344.2986,671365,671401,36
120,0,blank,0,902.442,327.0872,671470,671540,70
120,0,blank,0,895.36,336.22225,671648,671718,70
120,0,blank,0,901.021333333333,327.398066666667,671752,671858,106
120,0,blank,0,898.1,343.7636,671893,671929,36
120,0,blank,0,903.6856,332.12504,671965,672142,177
120,0,blank,0,900.685,339.612025,672142,672281,139
120,0,blank,0,896.719,121.7123,672421,672457,36
120,0,blank,0,896.8895,107.7388,672527,672599,72
121,0,blank,0,911.462,18.6162,673003,673042,39
121,14,day,62,168.2266,298.4102,673194,673230,36
121,0,blank,0,175.2582,310.92605,673269,673347,78
121,0,blank,0,170.8331,318.310133333333,673423,673534,111
121,12,date,47,137.9614,262.91895,673571,673644,73
121,12,date,47,137.59576,247.49858,673680,673855,175
121,10,dateUpdate,39,199.43105,207.127675,673922,674060,138
121,0,blank,0,226.9503,203.2973,674128,674163,35
121,0,blank,0,232.571633333333,202.807966666667,674196,674298,102
121,10,(,40,238.073633333333,216.2949,674332,674435,103
121,13,struct,53,241.34025,268.956075,674504,674642,138
121,13,struct,53,236.095166666667,270.477733333333,674675,674776,101
121,13,numberOfDays,51,176.553033333333,267.605466666667,674844,674946,102
121,0,blank,0,76.34695,284.88905,675048,675117,69
121,0,blank,0,81.737,283.68805,675151,675222,71
121,13,int,50,50.3647,277.159966666667,675257,675359,102
121,13,int,50,50.3192,277.34195,675394,675462,68
121,0,blank,0,29.33955,279.0678,675531,675601,70
121,0,blank,0,27.913,296.3881,675635,675670,35
121,0,blank,0,-350,-105,675705,675817,112
121,13,date,54,297.0538,271.4321,675948,675973,25
121,13,d,55,346.7427,280.8478,676106,676138,32
121,14,(,65,361.47698,293.06084,676171,676341,170
121,0,blank,0,350.304,290.0665,676341,676374,33
121,0,blank,0,301.37872,330.5219,676478,676650,172
121,16,),75,314.45665,334.6304,676684,676754,70
121,13,numberOfDays,51,160.3043,272.7686,676821,676856,35
121,13,numberOfDays,51,159.9984,287.4477,676891,676925,34
121,13,numberOfDays,51,167.73466,268.98508,676994,677166,172
121,12,tomorrow,48,164.4111,261.88155,677166,677235,69
121,13,struct,53,223.00078,271.65416,677269,677444,175
121,13,date,54,321.431725,277.359575,677513,677651,138
121,13,),56,357.8454,267.8287,677686,677862,176
121,13,d,55,352.96135,283.28795,677862,677931,69
121,0,blank,0,363.1893,275.85935,678038,678174,136
121,10,today,43,363.2685,213.38002,678208,678380,172
121,0,blank,0,361.8561,212.476775,678380,678517,137
121,10,date,42,353.2051,205.6902,678551,678586,35
121,0,blank,0,248.01525,243.75,678652,678724,72
121,12,;,49,249.1299,259.6232,678756,678791,35
121,12,tomorrow,48,185.81834,250.40522,678897,679073,176
121,12,date,47,149.68532,249.54606,679108,679287,179
121,12,tomorrow,48,173.3014,248.269075,679320,679459,139
121,12,date,47,133.523,247.2738,679494,679595,101
121,0,blank,0,131.1285,233.8308,679663,679697,34
121,0,blank,0,117.9805,243.1366,679731,679765,34
121,0,blank,0,120.76605,242.96455,679799,679866,67
121,0,blank,0,165.6039,239.0087,679967,680002,35
121,0,blank,0,185.7962,245.4842,680035,680068,33
121,12,tomorrow,48,180.38076,252.6567,680101,680269,168
121,12,tomorrow,48,192.2595,253.5952,680269,680303,34
121,12,tomorrow,48,234.264125,250.9719,680336,680471,135
121,12,tomorrow,48,239.52595,260.5643,680504,680571,67
121,12,tomorrow,48,205.121766666667,251.819333333333,680638,680742,104
121,0,blank,0,217.1092,236.1857,680775,680809,34
121,12,tomorrow,48,204.78025,252.933175,680843,680979,136
121,0,blank,0,183.5197,234.5508,681013,681081,68
121,0,blank,0,181.59218,243.29742,681115,681287,172
121,12,tomorrow,48,183.4276,249.5228,681322,681357,35
121,13,date,54,293.0125,267.89605,681495,681563,68
121,13,numberOfDays,51,152.1116,274.63035,681699,681836,137
121,0,blank,0,125.941466666667,266.545733333333,681970,682069,99
121,12,date,47,122.1382,258.90645,682136,682204,68
121,13,numberOfDays,51,114.8569,272.5233,682272,682305,33
121,0,blank,0,-350,-105,682408,682518,110
121,0,blank,0,276.1822,263.7407,682864,683013,149
121,0,blank,0,259.58755,265.82045,683042,683109,67
121,12,tomorrow,48,204.8731,256.614,683143,683177,34
121,0,blank,0,202.35425,266.56125,683211,683283,72
121,13,struct,53,236.761966666667,272.703716666667,683351,683550,199
121,13,struct,53,233.8937,274.691366666667,683550,683649,99
121,13,struct,53,241.189533333333,268.792866666667,683684,683782,98
121,13,struct,53,226.3187,283.7855,683848,683881,33
121,13,struct,53,225.1472,270.9296,683914,683947,33
121,13,date,54,298.27376,283.80128,684012,684185,173
121,13,date,54,298.070566666667,287.8818,684185,684291,106
121,13,date,54,294.8111,273.4037,684325,684362,37
121,13,numberOfDays,51,202.03425,273.5384,684470,684540,70
121,0,blank,0,213.1924,276.469933333333,684611,684718,107
121,12,tomorrow,48,234.5174,247.1093,684753,684789,36
121,12,tomorrow,48,223.3407,263.5683,684825,684898,73
121,12,tomorrow,48,228.90675,262.35165,684971,685044,73
121,13,numberOfDays,51,200.5174,270.3066,685152,685189,37
121,0,blank,0,201.89925,171.5997,685424,685498,74
121,0,blank,0,155.68988,136.77926,685602,685783,181
121,6,;,28,134.36705,129.52695,685783,685928,145
121,0,blank,0,134.52092,77.91188,686000,686182,182
121,0,blank,0,135.42726,70.85594,686182,686367,185
121,0,blank,0,136.96694,70.12402,686367,686551,184
121,0,blank,0,358.6541,252.9826,686694,686729,35
121,0,blank,0,368.13758,259.87376,686801,686984,183
121,0,blank,0,378.3204,262.6513,686984,687021,37
121,10,today,43,367.46294,201.80634,687091,687268,177
121,10,today,43,366.13058,208.13124,687268,687446,178
121,0,blank,0,270.508275,264.77455,687514,687657,143
121,0,blank,0,287.95825,259.3339,687725,687793,68
121,0,blank,0,291.6277,271.1925,687827,687860,33
121,0,blank,0,350.62185,258.6785,687961,688031,70
121,0,blank,0,352.30048,265.13666,688066,688238,172
121,0,blank,0,306.7263,259.0429,688445,688480,35
121,13,),56,356.3549,267.1086,688516,688551,35
121,0,blank,0,364.322366666667,254.350466666667,688655,688762,107
121,13,struct,53,234.2996,282.397,688939,688975,36
121,0,blank,0,205.3887,266.095666666667,689116,689226,110
121,13,numberOfDays,51,163.613,282.132575,689372,689519,147
121,13,date,54,318.01615,269.48245,689631,689771,140
121,13,;,57,364.25526,274.45186,689807,689980,173
121,13,),56,359.3895,270.6446,689980,690015,35
121,16,{,76,335.67475,336.2227,690086,690157,71
121,16,{,76,333.785,335.8408,690228,690262,34
121,0,blank,0,340.268,332.55775,690333,690404,71
121,0,blank,0,315.0691,288.5498,690579,690685,106
121,13,numberOfDays,51,203.31675,276.86975,690754,690830,76
121,13,numberOfDays,51,201.8574,275.7307,690905,690941,36
121,13,numberOfDays,51,175.95584,276.29208,691012,691186,174
121,13,numberOfDays,51,144.78686,269.51994,691220,691391,171
121,13,numberOfDays,51,147.376425,269.2977,691391,691526,135
121,13,numberOfDays,51,128.7689,267.9915,691561,691596,35
121,13,numberOfDays,51,117.7604,268.874775,691630,691772,142
121,0,blank,0,192.912425,266.335975,691841,691976,135
121,0,blank,0,122.842325,266.304425,692010,692147,137
121,0,blank,0,-350,-105,692256,692283,27
121,0,blank,0,285.67288,278.87176,692606,692779,173
121,13,struct,53,280.6959,282.4338,692779,692813,34
121,13,struct,53,274.99635,274.097175,692847,692986,139
121,14,numberOfDays,64,336.7824,293.4247,693093,693130,37
121,0,blank,0,342.251833333333,274.231633333333,693165,693273,108
121,13,numberOfDays,51,194.3033,275.23655,693377,693513,136
121,13,numberOfDays,51,165.03332,274.2778,693547,693720,173
121,13,numberOfDays,51,160.585566666667,279.221433333333,693720,693824,104
121,13,numberOfDays,51,118.70408,282.63674,693858,694033,175
121,13,numberOfDays,51,115.944675,284.847775,694140,694282,142
121,13,numberOfDays,51,124.3475,275.2549,694317,694354,37
121,13,numberOfDays,51,118.1141,272.1685,694427,694464,37
121,13,numberOfDays,51,184.64406,273.29102,694570,694745,175
121,12,tomorrow,48,188.8011,263.9314,694745,694779,34
121,13,(,52,217.3884,281.2576,694848,694883,35
121,13,struct,53,230.77995,267.19235,695023,695097,74
121,13,struct,53,232.5528,276.4254,695134,695248,114
121,13,date,54,302.7065,280.3233,695320,695357,37
121,14,numberOfDays,64,298.5859,292.505,695433,695473,40
121,13,date,54,296.9716,274.068,695512,695550,38
121,14,numberOfDays,64,297.2142,294.60465,695625,695703,78
121,14,numberOfDays,64,302.469766666667,290.2645,695741,695857,116
121,13,date,54,294.4628,278.57785,695892,695969,77
121,13,d,55,348.88768,281.0692,696011,696203,192
121,0,blank,0,348.438,294.1993,696279,696318,39
121,13,d,55,349.2208,285.93112,696355,696544,189
121,14,numberOfDays,64,339.8513,303.04375,696544,696617,73
121,0,blank,0,344.5644,290.09635,696654,696729,75
121,0,blank,0,352.1377,200.7229,696803,696988,185
121,10,today,43,362.662766666667,206.544933333333,696988,697100,112
121,0,blank,0,359.62734,211.10378,697137,697325,188
121,10,today,43,362.3943,206.1018,697325,697363,38
121,0,blank,0,149.8059,192.4762,697439,697478,39
121,10,dateUpdate,39,145.9979,203.2842,697552,697590,38
121,0,blank,0,154.6187,182.7058,697627,697663,36
121,0,blank,0,358.8835,226.6204,697736,697773,37
121,10,today,43,364.0185,214.93018,697811,697999,188
121,10,today,43,367.18354,219.49432,697999,698195,196
121,0,blank,0,350.45786,293.45118,698235,698429,194
121,0,blank,0,351.54018,289.38218,698506,698688,182
121,0,blank,0,363.744833333333,284.8865,698726,698840,114
121,13,date,54,323.8484,275.199933333333,698914,699026,112
121,13,date,54,321.1874,282.437,699063,699100,37
121,13,date,54,316.756833333333,272.881366666667,699212,699319,107
121,13,struct,53,269.65405,269.923825,699353,699498,145
121,13,date,54,312.1243,279.90145,699568,699641,73
121,0,blank,0,-350,-105,699790,699826,36
121,0,blank,0,327.520366666667,198.7791,699967,700059,92
121,0,blank,0,144.7202,169.9866,700268,700304,36
121,6,month,27,128.183775,119.729425,700337,700476,139
121,4,date,24,107.762,83.3249,700510,700544,34
121,4,date,24,100.5207,77.2112,700578,700613,35
121,4,date,24,106.136,78.8531,700646,700682,36
121,0,blank,0,139.1356,87.0504,700715,700784,69
121,0,blank,0,137.8085,82.85525,700817,700884,67
121,6,;,28,139.398,124.2753,700918,700953,35
121,6,;,28,140.0892,119.7655,700987,701092,105
121,0,blank,0,136.1915,173.0298,701126,701162,36
121,0,blank,0,132.427,169.1231,701195,701232,37
121,0,blank,0,132.3251,181.7663,701268,701303,35
121,0,blank,0,133.6793,167.54125,701376,701450,74
121,0,blank,0,148.94844,144.5076,701486,701673,187
121,0,blank,0,150.5787,145.4538,701673,701709,36
121,0,blank,0,390.789466666667,265.189466666667,701784,701892,108
121,0,blank,0,380.90885,263.9105,701927,701998,71
121,0,blank,0,383.9091,278.569,702108,702145,37
121,0,blank,0,384.939,260.3152,702181,702218,37
121,0,blank,0,392.1205,259.4488,702292,702326,34
121,14,numberOfDays,64,333.2899,295.2297,702543,702614,71
121,13,d,55,353.419,282.2883,702651,702721,70
121,13,),56,355.5327,271.1772,702794,702868,74
121,14,day,62,171.5019,299.22,702975,703170,195
121,14,today,66,131.2827,294.3559,703297,703420,123
121,14,today,66,107.2947,306.9914,703560,703704,144
121,13,date,54,331.474466666667,275.140233333333,703776,703885,109
121,0,blank,0,150.25325,544.31635,704100,704169,69
121,0,blank,0,153.1834,662.2521,704274,704343,69
121,31,isLeapYear,161,151.745966666667,672.1086,704378,704481,103
121,0,blank,0,167.5087,662.4166,704516,704588,72
121,0,blank,0,287.701375,657.2375,704655,704822,167
121,32,daysPerMonth,170,184.295433333333,692.363333333333,704997,705105,108
121,0,blank,0,143.28268,708.38098,705212,705386,174
121,32,int,169,133.077,700.493,705386,705421,35
121,32,int,169,128.9643,699.2236,705489,705523,34
121,0,blank,0,308.37626,726.16654,705558,705736,178
121,0,blank,0,305.423,721.2188,705808,705844,36
121,0,blank,0,308.1882,745.7986,705878,705914,36
121,0,blank,0,306.8021,741.77945,705951,706021,70
121,0,blank,0,345.6906,709.4368,706202,706279,77
121,0,blank,0,213.459775,721.083175,706355,706501,146
121,13,struct,53,259.4033,277.017733333333,706648,706755,107
121,0,blank,0,334.12774,285.76054,706868,707050,182
121,0,blank,0,272.1095,310.5321,707197,707234,37
121,14,numberOfDays,64,270.2531,308.6118,707269,707305,36
121,14,(,65,359.02745,296.4502,707447,707519,72
121,13,),56,356.8802,285.9106,707591,707627,36
121,14,(,65,360.405466666667,299.871266666667,707662,707772,110
121,14,numberOfDays,64,271.47632,298.6694,707842,708019,177
121,0,blank,0,159.84275,315.285,708125,708263,138
121,0,blank,0,-350,-105,708298,708444,146
121,0,blank,0,190.3168,299.7705,708476,708559,83
121,14,!=,63,199.887,304.5888,708634,708661,27
121,0,blank,0,213.8547,266.728466666667,708732,708835,103
121,12,tomorrow,48,220.197,264.6276,708871,708905,34
121,13,date,54,300.56218,277.04558,709008,709186,178
121,0,blank,0,287.55935,272.1372,709186,709256,70
121,13,numberOfDays,51,153.14735,282.56015,709291,709360,69
121,13,numberOfDays,51,152.909366666667,286.9685,709395,709501,106
121,13,numberOfDays,51,115.617833333333,287.983933333333,709570,709676,106
121,13,numberOfDays,51,118.057333333333,287.432166666667,709711,709818,107
121,13,numberOfDays,51,190.17526,287.25224,709961,710144,183
121,0,blank,0,195.7969,288.63305,710144,710215,71
121,13,numberOfDays,51,189.5563,274.6607,710250,710286,36
121,13,date,54,308.6385,268.69635,710395,710468,73
121,13,date,54,309.0449,280.9983,710504,710541,37
121,14,!=,63,201.729866666667,296.468466666667,710614,710724,110
121,0,blank,0,194.3995,294.6674,710761,710873,112
121,13,numberOfDays,51,186.413933333333,287.045033333333,710947,711057,110
121,0,blank,0,353.11825,262.11115,711131,711204,73
121,13,),56,356.78495,270.46155,711240,711312,72
121,0,blank,0,375.1581,267.551,711346,711382,36
121,13,;,57,368.78175,282.4621,711418,711490,72
121,0,blank,0,212.6059,273.149,711562,711598,36
121,0,blank,0,209.43438,284.23992,711635,711815,180
121,0,blank,0,210.8001,268.3057,711851,711888,37
121,13,date,54,306.7729,270.9306,711960,711997,37
121,14,numberOfDays,64,312.7511,295.1269,712034,712104,70
121,14,numberOfDays,64,292.8275,289.7523,712213,712248,35
121,13,date,54,332.37162,280.56958,712322,712499,177
121,13,date,54,331.887666666667,285.397866666667,712499,712605,106
121,0,blank,0,346.50836,288.83214,712639,712814,175
121,14,today,66,376.232233333333,309.217633333333,712884,712989,105
121,14,today,66,387.445,299.8463,713025,713061,36
121,14,numberOfDays,64,331.2509,296.79344,713096,713273,177
121,13,d,55,347.25855,282.528,713378,713518,140
121,14,today,66,404.0892,307.2943,713623,713728,105
121,14,today,66,400.2048,298.7612,713764,713801,37
121,14,numberOfDays,64,332.5588,308.1976,713944,713981,37
121,14,numberOfDays,64,339.328633333333,304.451566666667,714051,714159,108
121,13,d,55,343.2382,270.91755,714195,714268,73
121,13,d,55,350.9071,282.2061,714522,714559,37
121,0,blank,0,257.476,657.4718,714739,714776,37
121,0,blank,0,256.78365,642.39425,714812,714889,77
121,32,daysPerMonth,170,263.5927,694.7915,714923,714960,37
121,32,daysPerMonth,170,218.08195,701.7953,715264,715337,73
121,0,blank,0,220.408,733.3723,715376,715416,40
121,0,blank,0,144.9773,710.1731,715794,715831,37
121,0,blank,0,320.3235,742.3613,715978,716018,40
121,0,blank,0,316.3183,727.1413,716054,716131,77
121,0,blank,0,325.7931,694.7789,716170,716208,38
121,0,blank,0,274.1675,654.8833,716246,716324,78
121,0,blank,0,416.8845,316.2096,716599,716676,77
121,14,today,66,381.1247,297.5687,716912,716949,37
121,0,blank,0,-350,-105,717063,717153,90
121,0,blank,0,916.655,255.5382,717499,717556,57
121,0,blank,0,915.6755,261.96315,717591,717663,72
121,0,blank,0,905.225,251.2597,717733,717769,36
121,0,blank,0,914.799,236.67365,717805,717878,73
121,0,blank,0,903.965333333333,239.037333333333,717985,718090,105
121,0,blank,0,318.7772,315.7819,718159,718230,71
121,14,numberOfDays,64,304.5529,303.6669,718301,718336,35
121,0,blank,0,304.1818,288.3627,718371,718406,35
121,14,numberOfDays,64,310.39235,290.37925,718441,718511,70
121,14,numberOfDays,64,318.20995,306.433225,718582,718720,138
121,0,blank,0,87.90655,664.25405,719487,719556,69
121,0,blank,0,256.5627,659.1353,719840,719874,34
121,0,blank,0,300.411833333333,264.817266666667,720087,720188,101
121,0,blank,0,319.015833333333,288.8467,720255,720358,103
121,0,blank,0,873.425,318.711466666667,720597,720700,103
121,0,blank,0,876.234,330.5574,720735,720769,34
122,0,blank,0,892.334,380.261733333333,721715,721824,109
122,32,int,169,129.814066666667,319.459233333333,722004,722113,109
122,32,int,169,131.6322,327.99732,722224,722402,178
122,32,daysPerMonth,170,235.2675,322.8801,722580,722614,34
122,0,blank,0,228.858225,312.218725,722650,722790,140
122,31,isLeapYear,161,207.922225,311.132725,722827,722970,143
122,0,blank,0,142.043733333333,332.380033333333,723077,723185,108
122,32,daysPerMonth,170,144.6667,331.345,723253,723290,37
122,32,const,168,74.9769,320.7734,723906,723930,24
122,33,{,175,47.5167,338.5713,723973,724009,36
122,0,blank,0,40.4548,320.257,724046,724083,37
122,32,const,168,43.6755,323.4741,724120,724158,38
122,32,daysPerMonth,170,145.7271,322.094,724196,724234,38
122,31,isLeapYear,161,154.5406,306.8109,724271,724309,38
122,31,isLeapYear,161,208.167,313.6242,724463,724541,78
122,0,blank,0,117.9962,342.343,724657,724696,39
122,0,blank,0,110.08196,350.57512,724807,724993,186
122,0,blank,0,112.6283,353.6646,724993,725030,37
122,0,blank,0,96.72645,349.58815,725067,725216,149
122,32,const,168,68.3573,335.634166666667,725368,725479,111
122,32,int,169,127.740933333333,333.0453,725554,725667,113
122,32,int,169,122.02068,320.91156,725776,725962,186
122,0,blank,0,111.7246,314.748,725962,726034,72
122,0,blank,0,97.19658,318.38574,726069,726250,181
122,32,const,168,85.9812,325.7895,726250,726288,38
122,0,blank,0,23.7951,334.5125,726399,726472,73
122,32,daysPerMonth,170,182.8557,319.0682,726580,726618,38
122,0,blank,0,27.45066,338.90146,726690,726872,182
122,0,blank,0,25.74375,342.193975,726872,727023,151
122,0,blank,0,27.33034,340.20096,727099,727291,192
122,0,blank,0,25.6086,346.2779,727291,727328,37
122,0,blank,0,19.8821666666667,337.5022,727400,727511,111
122,33,{,175,52.17848,344.2356,727544,727731,187
122,0,blank,0,39.18535,344.1969,727768,727844,76
122,0,blank,0,36.5276,350.29195,727883,727955,72
122,0,blank,0,37.61675,344.12495,728027,728101,74
122,0,blank,0,30.1994,354.58838,728137,728317,180
122,0,blank,0,26.50168,345.43856,728390,728573,183
122,0,blank,0,28.5115,349.7102,728573,728609,36
122,0,blank,0,29.2387,364.8527,728646,728718,72
122,0,blank,0,-350,-105,728904,729069,165
122,0,blank,0,66.2075333333333,337.763166666667,729318,729424,106
122,0,blank,0,120.3939,342.23714,729459,729634,175
122,0,blank,0,116.7115,341.2326,729634,729670,36
122,0,blank,0,116.64304,338.5647,729743,729917,174
122,0,blank,0,114.37385,346.2418,729917,729986,69
122,0,blank,0,151.63728,340.30788,730021,730192,171
122,32,daysPerMonth,170,152.43108,331.78042,730192,730361,169
122,32,daysPerMonth,170,177.4188,330.9799,730395,730428,33
122,0,blank,0,184.666925,336.36245,730530,730668,138
122,32,daysPerMonth,170,211.3446,330.30245,730738,730806,68
122,32,daysPerMonth,170,205.9622,331.9918,730911,730979,68
122,32,daysPerMonth,170,202.83615,328.0931,731048,731117,69
122,0,blank,0,193.6088,340.9129,731151,731185,34
122,32,daysPerMonth,170,186.4705,328.9644,731219,731254,35
122,0,blank,0,194.209,345.205525,731288,731426,138
122,0,blank,0,47.8654666666667,249.681666666667,731530,731638,108
122,32,daysPerMonth,170,219.0201,332.0347,731709,731744,35
122,0,blank,0,210.1862,343.1309,731782,731817,35
122,0,blank,0,76.685875,395.62485,731922,732059,137
122,32,int,169,130.0075,334.115,732163,732198,35
122,32,int,169,132.049733333333,329.492933333333,732235,732342,107
122,0,blank,0,62.02304,404.11502,732484,732657,173
122,0,blank,0,53.8645,457.0925,732905,732939,34
122,0,blank,0,15.13505,442.29765,733011,733084,73
122,0,blank,0,10.2051,445.76085,733154,733224,70
122,0,blank,0,2.76920000000001,439.2248,733258,733295,37
122,0,blank,0,14.5008,452.7655,733329,733434,105
122,0,blank,0,71.8671,462.855533333333,733505,733612,107
122,0,blank,0,16.987,460.75505,733933,734006,73
122,0,blank,0,-350,-105,734079,734140,61
122,37,isLeapYear,203,149.64734,445.37234,734598,734771,173
122,0,blank,0,144.3379,450.3616,734807,734875,68
122,38,;,219,177.1797,456.6275,734910,734944,34
122,37,isLeapYear,203,174.9583,439.4664,735011,735080,69
122,0,blank,0,200.789425,426.429475,735148,735284,136
122,0,blank,0,202.77435,423.4535,735317,735387,70
122,37,true,208,275.25485,430.849,735421,735490,69
122,37,true,208,275.15,445.1932,735523,735557,34
122,0,blank,0,266.108933333333,436.520466666667,735728,735832,104
122,0,blank,0,232.788875,517.3477,735866,736007,141
122,0,blank,0,231.53415,513.88485,736075,736143,68
122,0,blank,0,213.586,484.8512,736178,736289,111
122,0,blank,0,220.34945,488.82455,736360,736433,73
122,0,blank,0,203.71295,390.3999,736469,736543,74
122,35,31,198,204.0505,392.9721,736615,736651,36
122,35,30,196,166.5175,392.78385,736726,736797,71
122,32,daysPerMonth,170,202.42655,330.9527,736902,737041,139
122,31,(,162,239.87475,309.9389,737145,737216,71
122,0,blank,0,253.8221,343.8593,737284,737320,36
122,32,daysPerMonth,170,261.3584,320.28105,737353,737424,71
122,0,blank,0,264.9232,337.5587,737459,737496,37
122,0,blank,0,289.0522,339.3584,737531,737604,73
122,0,blank,0,282.99765,338.45545,737639,737706,67
122,0,blank,0,214.9222,448.395,737812,737849,37
122,0,blank,0,215.9467,456.274975,737918,738057,139
122,0,blank,0,200.82504,469.19362,738165,738343,178
122,40,daysPerMonth,223,208.724,495.8256,738379,738417,38
122,0,blank,0,201.3557,485.14995,738454,738528,74
122,0,blank,0,222.58116,477.12754,738566,738750,184
122,0,blank,0,227.6714,479.632575,738750,738896,146
122,0,blank,0,230.2471,467.8085,738933,738970,37
122,0,blank,0,327.45412,535.3287,739006,739184,178
122,0,blank,0,333.5455,518.1474,739221,739258,37
122,0,blank,0,329.75165,527.6218,739328,739399,71
122,0,blank,0,287.89295,337.6336,739470,739544,74
122,0,blank,0,279.9085,345.2172,739581,739619,38
122,32,12,172,291.54008,323.04584,739654,739842,188
122,31,date,164,340.9121,308.8286,739916,740023,107
122,31,date,164,338.61205,309.78435,740060,740129,69
122,0,blank,0,306.0814,306.8157,740200,740270,70
122,0,blank,0,311.3805,314.260075,740307,740451,144
122,32,daysPerMonth,170,227.3075,319.2281,740487,740524,37
122,0,blank,0,231.7541,310.40208,740597,740774,177
122,0,blank,0,298.5281,536.1373,740810,740881,71
122,0,blank,0,272.0708,517.0529,741018,741052,34
122,0,blank,0,277.119,530.3146,741087,741121,34
122,0,blank,0,280.38055,537.09005,741190,741260,70
122,0,blank,0,230.9262,528.9326,741295,741330,35
122,0,blank,0,236.9585,537.91105,741365,741437,72
122,0,blank,0,224.2341,534.37004,741541,741720,179
122,0,blank,0,218.1196,540.1109,741720,741757,37
122,0,blank,0,162.9248,543.04322,741793,741974,181
122,0,blank,0,168.1813,546.5326,741974,742010,36
122,0,blank,0,260.72195,530.60125,742081,742154,73
122,0,blank,0,263.62425,542.571075,742192,742340,148
122,0,blank,0,247.80466,538.79752,742376,742563,187
122,0,blank,0,316.1173,541.29825,742599,742672,73
122,0,blank,0,321.2372,542.9812,742746,742784,38
122,0,blank,0,313.511433333333,531.808633333333,742821,742932,111
122,0,blank,0,314.837,535.81218,743042,743228,186
122,0,blank,0,309.88305,543.50935,743228,743302,74
122,35,30,196,261.75465,395.67985,743488,743564,76
122,0,blank,0,199.4389,389.71355,743600,743675,75
122,35,31,198,212.1216,394.9362,743749,743945,196
122,32,],173,301.7159,329.1879,744074,744164,90
122,0,blank,0,316.5465,338.1886,744204,744392,188
122,35,31,198,207.976533333333,387.797666666667,744506,744620,114
122,35,30,196,179.79328,393.26878,744737,744928,191
122,35,comma,197,189.0996,397.9072,744928,744966,38
122,40,month,227,350.976275,507.97185,745003,745155,152
122,0,blank,0,387.117966666667,537.799566666667,745192,745304,112
122,0,blank,0,350.6574,539.87908,745379,745565,186
122,0,blank,0,347.65562,545.47654,745565,745755,190
122,0,blank,0,343.628833333333,540.195433333333,745794,745911,117
122,0,blank,0,348.0325,520.1254,745989,746027,38
122,0,blank,0,217.181266666667,549.027433333333,746105,746219,114
122,43,struct,239,179.55385,560.485975,746296,746448,152
122,0,blank,0,156.7236,565.39975,746602,746680,78
122,0,blank,0,141.6005,552.30745,746728,746803,75
122,43,isLeapYear,237,137.5799,563.1626,746840,746878,38
122,43,isLeapYear,237,143.173166666667,563.221,746914,747025,111
122,0,blank,0,180.864125,553.576925,747171,747317,146
122,43,struct,239,182.971766666667,565.143533333333,747354,747465,111
122,0,blank,0,165.3084,549.841175,747616,747763,147
122,0,blank,0,167.5544,541.53115,747833,747907,74
122,43,(,238,171.4614,559.6989,747982,748020,38
122,0,blank,0,164.5015,545.9613,748056,748092,36
122,0,blank,0,192.6644,547.679,748128,748161,33
122,43,struct,239,189.8563,565.9768,748378,748416,38
122,0,blank,0,188.1984,547.2493,748489,748559,70
122,43,struct,239,196.48345,570.1011,748595,748668,73
122,43,struct,239,194.7678,564.452333333333,748740,748848,108
122,40,daysPerMonth,223,209.224975,501.220625,748956,749098,142
122,0,blank,0,181.2113,545.35735,749204,749278,74
122,0,blank,0,179.5019,533.4357,749318,749355,37
122,0,blank,0,267.73054,472.81042,749660,749838,178
122,0,blank,0,348.9804,462.2684,749980,750050,70
122,0,blank,0,394.2443,463.7898,750085,750119,34
122,0,blank,0,406.8598,457.5298,750228,750264,36
122,0,blank,0,407.4043,477.86295,750299,750373,74
122,0,blank,0,338.873366666667,458.5003,750480,750584,104
122,0,blank,0,244.001966666667,473.108066666667,750656,750764,108
122,0,blank,0,-350,-105,750872,750987,115
122,0,blank,0,181.0059,481.8378,751152,751191,39
122,0,blank,0,253.9804,469.6866,751371,751408,37
122,0,blank,0,306.9559,458.869866666667,751443,751548,105
122,0,blank,0,268.4825,430.9636,751654,751688,34
122,0,blank,0,275.05805,446.55025,751722,751791,69
122,0,blank,0,250.037,422.1926,751860,751894,34
122,0,blank,0,249.3875,459.9593,751961,751995,34
122,45,leapYearFlag,245,176.8984,613.0039,752129,752235,106
122,0,blank,0,176.4877,590.0681,752307,752343,36
122,0,blank,0,214.5253,482.6417,752485,752520,35
122,0,blank,0,215.7536,474.3195,752631,752670,39
122,0,blank,0,219.2051,484.7178,752707,752744,37
122,0,blank,0,290.4778,466.264066666667,752819,752928,109
122,0,blank,0,195.2557,465.6938,753037,753075,38
122,0,blank,0,197.8793,461.5618,753112,753149,37
122,37,isLeapYear,203,192.6685,441.8864,753221,753256,35
122,0,blank,0,185.50905,469.9158,753291,753361,70
122,38,;,219,176.85655,465.2113,753432,753502,70
122,38,29,218,159.32466,461.24046,753543,753721,178
122,38,29,218,162.9711,465.9713,753721,753756,35
122,38,;,219,181.78195,453.3545,753963,754033,70
122,38,=,217,138.200075,450.15535,754136,754270,134
122,38,days,216,113.62095,455.79965,754304,754371,67
122,0,blank,0,239.9981,457.2842,754472,754540,68
122,0,blank,0,235.7751,436.289,754575,754644,69
122,35,30,196,181.2999,394.1216,754713,754747,34
122,0,blank,0,187.316033333333,382.760966666667,754782,754889,107
122,37,==,213,256.3012,437.43705,754995,755066,71
122,37,==,213,254.871566666667,442.124233333333,755101,755206,105
122,0,blank,0,266.4218,448.7183,755241,755277,36
122,37,==,213,262.4772,444.4152,755346,755380,34
122,37,true,208,312.1713,435.296,755450,755487,37
122,0,blank,0,322.8731,449.4494,755559,755595,36
122,0,blank,0,204.4495,657.6761,755700,755734,34
122,0,blank,0,206.0695,661.1233,755803,755837,34
122,0,blank,0,224.34082,659.22032,755872,756041,169
122,47,=,276,217.7302,653.619033333333,756041,756145,104
122,47,leapYearFlag,275,198.7842,655.71035,756181,756249,68
122,0,blank,0,272.12002,603.97124,756283,756458,175
122,0,blank,0,277.8403,600.0046,756458,756495,37
122,0,blank,0,296.238775,606.0607,756529,756670,141
122,47,leapYearFlag,275,201.7132,647.8512,756777,756813,36
122,0,blank,0,-350,-105,756885,757053,168
122,43,isLeapYear,237,141.1088,560.7147,757306,757340,34
122,0,blank,0,260.8285,606.5389,757549,757582,33
122,0,blank,0,255.58115,596.1949,757617,757720,103
122,47,leapYearFlag,275,154.625466666667,650.8364,758179,758286,107
122,47,leapYearFlag,275,130.3025,662.61336,758357,758532,175
122,47,leapYearFlag,275,129.4374,659.94975,758532,758605,73
122,47,leapYearFlag,275,166.411125,658.44565,758679,758828,149
122,46,year,269,162.7369,643.1931,758864,758899,35
122,0,blank,0,210.0799,659.5025,759084,759156,72
122,0,blank,0,212.7249,661.9888,759263,759298,35
122,0,blank,0,174.709933333333,669.233433333333,759333,759446,113
122,0,blank,0,160.597766666667,689.5231,759589,759697,108
122,46,==,272,222.325,642.0544,760207,760279,72
122,47,=,276,215.63925,653.2356,760316,760386,70
122,47,leapYearFlag,275,177.33245,653.3541,760461,760533,72
122,47,leapYearFlag,275,178.2626,654.6392,760654,760691,37
122,47,leapYearFlag,275,174.7328,655.8527,760995,761071,76
122,46,%,270,177.9092,643.1514,761109,761184,75
122,47,leapYearFlag,275,176.6919,648.3562,761369,761407,38
122,0,blank,0,187.0522,632.4673,761629,761666,37
122,0,blank,0,191.6253,631.923,761706,761743,37
122,0,blank,0,212.57855,648.71305,761892,761968,76
122,47,=,276,213.8746,646.986,762008,762055,47
122,47,true,277,236.4532,659.2083,762355,762393,38
122,46,%,270,175.0005,629.90495,762834,762906,72
122,47,leapYearFlag,275,202.7229,653.4318,763015,763051,36
122,46,year,269,156.2157,624.3535,763249,763286,37
122,45,leapYearFlag,245,148.0586,608.713375,763323,763467,144
122,45,leapYearFlag,245,138.9031,613.1129,763539,763576,37
122,47,leapYearFlag,275,200.71,659.765,763648,763682,34
122,47,leapYearFlag,275,196.607125,656.217925,763718,763859,141
122,46,year,269,152.9517,643.6668,763933,764004,71
122,0,blank,0,-350,-105,764109,764213,104
122,0,blank,0,226.4479,652.0161,764682,764708,26
122,45,leapYearFlag,245,195.3621,619.6069,765003,765038,35
122,0,blank,0,151.5443,594.9085,765109,765143,34
122,45,leapYearFlag,245,168.6559,612.087233333333,765214,765318,104
122,43,(,238,171.3873,569.71255,765423,765498,75
122,45,leapYearFlag,245,153.769075,611.9518,765606,765749,143
122,0,blank,0,229.4105,655.9588,765820,765854,34
122,0,blank,0,227.4633,655.2654,765886,765956,70
122,0,blank,0,234.76496,644.87484,766130,766307,177
122,0,blank,0,230.92165,649.05135,766378,766447,69
122,0,blank,0,236.3027,644.7458,766552,766588,36
122,0,blank,0,268.7994,607.7148,766766,766805,39
122,0,blank,0,210.34596,660.08654,767053,767229,176
122,45,leapYearFlag,245,174.0076,619.1967,767401,767436,35
122,0,blank,0,167.7666,594.7805,767536,767569,33
122,0,blank,0,174.2779,584.4017,767735,767803,68
122,0,blank,0,144.8671,597.0911,767976,768043,67
122,0,blank,0,259.8969,602.7682,768077,768111,34
122,0,blank,0,265.4662,603.2347,768179,768213,34
122,0,blank,0,249.5002,607.68005,768318,768386,68
122,0,blank,0,241.202,672.542,768453,768487,34
122,46,==,272,233.973533333333,636.769066666667,768520,768648,128
122,0,blank,0,174.44095,668.82495,768813,768912,99
122,0,blank,0,386.3714,651.997,769046,769146,100
122,46,&&,257,273.237,641.713,769250,769285,35
122,0,blank,0,198.4068,705.9583,769618,769651,33
122,0,blank,0,201.1371,674.71285,769865,769940,75
122,0,blank,0,-350,-105,770221,770392,171
122,46,4,254,194.4247,637.8187,770665,770721,56
122,47,leapYearFlag,275,139.4965,649.0615,771009,771044,35
122,0,blank,0,123.5754,680.645,771184,771220,36
122,47,leapYearFlag,275,165.0231,659.7726,771472,771539,67
122,47,leapYearFlag,275,187.55085,663.3681,771708,771778,70
122,0,blank,0,184.6577,686.0287,771850,771885,35
122,0,blank,0,193.7159,668.2073,771927,771966,39
122,0,blank,0,-350,-105,772073,772244,171
122,0,blank,0,-350,-105,772244,772279,35
122,0,blank,0,237.7041,644.4392,772577,772614,37
122,0,blank,0,229.6686,667.938,772751,772787,36
122,0,blank,0,233.19322,671.31564,772890,773060,170
122,0,blank,0,231.2663,668.5926,773060,773167,107
122,47,true,277,235.3217,658.7979,773235,773268,33
122,0,blank,0,256.2908,622.9376,773366,773399,33
122,0,blank,0,276.6129,680.6052,773501,773536,35
122,47,true,277,268.834,665.8907,773746,773780,34
122,47,;,278,274.0919,663.0991,773881,773917,36
122,0,blank,0,274.294,671.647933333333,774068,774171,103
122,0,blank,0,272.667,690.1141,774207,774243,36
122,0,blank,0,288.4013,677.1951,774277,774312,35
122,0,blank,0,275.17335,679.3535,774382,774451,69
122,0,blank,0,298.0104,614.5532,774897,774932,35
122,0,blank,0,243.556,465.63045,775189,775260,71
122,37,true,208,290.7698,436.8552,775436,775474,38
122,37,true,208,296.82025,433.06495,775509,775578,69
122,0,blank,0,315.1803,458.757,775684,775719,35
122,0,blank,0,317.79095,449.40125,775857,775924,67
122,0,blank,0,292.63156,535.43086,775994,776165,171
122,0,blank,0,282.0272,533.1693,776165,776200,35
122,0,blank,0,302.1976,514.6573,776235,776270,35
122,0,blank,0,193.3204,516.692,776375,776411,36
122,40,daysPerMonth,223,182.9699,495.91735,776519,776591,72
122,0,blank,0,169.403166666667,541.4179,776626,776733,107
122,47,true,277,237.98645,664.2564,776840,776911,71
122,47,true,277,252.2545,664.2547,777133,777172,39
122,0,blank,0,196.3824,681.7855,778109,778146,37
122,0,blank,0,-350,-105,778184,778379,195
122,0,blank,0,-350,-105,778379,778434,55
122,0,blank,0,217.5976,645.4492,778877,778910,33
122,0,blank,0,234.1005,669.5822,778947,778985,38
122,0,blank,0,243.8056,670.67945,779299,779369,70
122,0,blank,0,296.555333333333,676.959133333333,779404,779519,115
122,0,blank,0,280.6786,608.9575,779697,779731,34
122,0,blank,0,318.1063,681.7682,779909,779944,35
122,0,blank,0,322.2302,674.9754,780162,780199,37
122,0,blank,0,323.6848,675.0774,780269,780306,37
122,0,blank,0,325.246,666.3063,780342,780381,39
122,0,blank,0,316.913725,658.78595,780453,780604,151
122,0,blank,0,317.44095,668.85575,780682,780757,75
122,0,blank,0,321.8273,677.5147,780832,780870,38
122,0,blank,0,315.0667,648.637,780945,780984,39
122,0,blank,0,339.2541,658.3045,781021,781059,38
122,0,blank,0,330.2745,671.2787,781171,781207,36
122,0,blank,0,349.0674,653.1982,781321,781359,38
122,0,blank,0,356.8773,677.0145,781588,781627,39
122,0,blank,0,353.4662,688.7482,781666,781742,76
122,0,blank,0,418.063675,673.258,781973,782125,152
122,0,blank,0,396.0269,685.8074,782277,782315,38
122,0,blank,0,398.5011,677.3141,782392,782430,38
122,0,blank,0,416.6609,694.90505,782581,782658,77
122,0,blank,0,461.06735,683.78445,782921,782996,75
122,0,blank,0,455.4724,710.2126,783033,783073,40
122,0,blank,0,461.6393,687.5309,783151,783189,38
122,0,blank,0,453.3638,714.7451,783264,783301,37
122,0,blank,0,457.8931,658.2246,783340,783378,38
122,0,blank,0,467.6367,692.3289,783572,783685,113
122,0,blank,0,677.981,768.8311,784012,784049,37
122,0,blank,0,652.515,-103.9243,784086,784123,37
122,0,blank,0,402.35415,660.07145,784229,784300,71
122,0,blank,0,409.8635,687.0466,784371,784408,37
122,0,blank,0,383.9751,683.7762,784480,784515,35
122,0,blank,0,274.4812,681.4564,785109,785147,38
122,0,blank,0,259.894,668.7433,785183,785255,72
122,0,blank,0,276.1035,644.7378,785290,785326,36
122,0,blank,0,144.854,692.22165,785439,785509,70
122,0,blank,0,138.24875,680.30855,785610,785679,69
122,0,blank,0,-350,-105,785790,785989,199
122,0,blank,0,-350,-105,785989,786031,42
122,0,blank,0,188.4014,674.4146,786233,786272,39
122,0,blank,0,175.7059,676.2281,786342,786412,70
122,0,blank,0,141.294,685.4066,786447,786513,66
122,0,blank,0,413.4213,673.6222,786961,786994,33
122,0,blank,0,394.1202,674.314033333333,787239,787345,106
122,0,blank,0,395.058,674.7461,787413,787483,70
122,0,blank,0,484.3504,646.337,787588,787623,35
122,0,blank,0,481.8472,677.7636,787694,787730,36
122,0,blank,0,465.859833333333,676.5114,787801,787906,105
122,0,blank,0,464.54635,673.83145,788081,788152,71
122,0,blank,0,479.7566,659.6769,788258,788294,36
122,0,blank,0,481.4752,673.82095,788368,788441,73
122,0,blank,0,514.70235,647.82165,788587,788659,72
122,0,blank,0,512.200333333333,659.4911,788695,788810,115
122,0,blank,0,498.571933333333,656.3219,788846,788954,108
122,47,leapYearFlag,275,94.4822,665.0909,789025,789062,37
122,0,blank,0,112.1137,683.3206,789281,789318,37
122,0,blank,0,507.5733,630.3104,789718,789752,34
122,0,blank,0,493.1791,674.8231,789891,789927,36
122,46,year,269,544.060166666667,643.1269,790109,790218,109
122,46,year,269,544.0283,640.2496,790254,790290,36
122,0,blank,0,522.5248,665.0297,790361,790397,36
122,0,blank,0,100.803,687.56645,790663,790735,72
122,0,blank,0,105.0522,709.2909,790808,790846,38
122,0,blank,0,-350,-105,790883,791000,117
122,0,blank,0,76.79124,696.29766,791248,791441,193
122,48,else,279,74.4987,681.8631,791441,791477,36
122,0,blank,0,-350,-105,791588,791781,193
122,0,blank,0,-350,-105,791781,791952,171
122,0,blank,0,-350,-105,791952,792121,169
122,0,blank,0,-350,-105,792121,792293,172
122,0,blank,0,-350,-105,792293,792360,67
122,48,else,279,62.36035,682.298,792684,792753,69
122,0,blank,0,-350,-105,792932,793128,196
122,0,blank,0,-350,-105,793128,793306,178
122,0,blank,0,-350,-105,793306,793474,168
122,0,blank,0,-350,-105,793474,793650,176
122,0,blank,0,-350,-105,793650,793810,160
122,0,blank,0,-350,-105,793810,794001,191
122,0,blank,0,-350,-105,794001,794155,154
122,0,blank,0,-350,-105,794155,794325,170
122,0,blank,0,-350,-105,794325,794496,171
122,0,blank,0,-350,-105,794496,794680,184
122,0,blank,0,-350,-105,794680,794832,152
122,0,blank,0,-350,-105,794832,794989,157
122,0,blank,0,-350,-105,794989,795174,185
122,0,blank,0,-350,-105,795174,795353,179
122,0,blank,0,-350,-105,795353,795532,179
122,0,blank,0,-350,-105,795532,795647,115
122,47,leapYearFlag,275,184.8045,648.1199,795839,795891,52
122,46,%,270,172.4339,637.8762,795993,796043,50
122,0,blank,0,-350,-105,796156,796339,183
122,0,blank,0,-350,-105,796339,796518,179
122,0,blank,0,-350,-105,796518,796698,180
122,0,blank,0,-350,-105,796698,796883,185
122,0,blank,0,-350,-105,796883,797060,177
122,0,blank,0,-350,-105,797060,797236,176
122,0,blank,0,-350,-105,797236,797415,179
122,0,blank,0,-350,-105,797415,797592,177
122,0,blank,0,-350,-105,797592,797769,177
122,0,blank,0,-350,-105,797769,797954,185
122,0,blank,0,-350,-105,797954,798133,179
122,0,blank,0,-350,-105,798133,798298,165
122,0,blank,0,-350,-105,798298,798459,161
122,0,blank,0,-350,-105,798459,798573,114
122,0,blank,0,-350,-105,798573,798722,149
122,0,blank,0,-350,-105,798722,798911,189
122,0,blank,0,-350,-105,798911,799100,189
122,0,blank,0,-350,-105,799100,799243,143
122,0,blank,0,-350,-105,799243,799426,183
122,0,blank,0,-350,-105,799426,799617,191
122,0,blank,0,-350,-105,799617,799726,109
122,0,blank,0,-350,-105,799857,800030,173
122,0,blank,0,-350,-105,800030,800225,195
122,0,blank,0,-350,-105,800225,800396,171
122,0,blank,0,-350,-105,800396,800576,180
122,0,blank,0,-350,-105,800576,800715,139
122,0,blank,0,-350,-105,801187,801361,174
122,0,blank,0,-350,-105,801361,801548,187
122,0,blank,0,-350,-105,801548,801735,187
122,0,blank,0,-350,-105,801735,801912,177
122,0,blank,0,-350,-105,801912,802089,177
122,0,blank,0,-350,-105,802089,802268,179
122,0,blank,0,-350,-105,802268,802400,132
122,0,blank,0,-350,-105,802400,802512,112
122,0,blank,0,-350,-105,802512,802623,111
122,0,blank,0,-350,-105,802623,802780,157
122,0,blank,0,-350,-105,802780,802897,117
122,0,blank,0,-350,-105,802897,803004,107
122,0,blank,0,-350,-105,803004,803119,115
122,0,blank,0,-350,-105,803119,803300,181
122,0,blank,0,-350,-105,803300,803466,166
122,0,blank,0,-350,-105,803466,803647,181
122,0,blank,0,-350,-105,803647,803827,180
122,0,blank,0,-350,-105,803827,804013,186
122,0,blank,0,-350,-105,804013,804197,184
122,0,blank,0,-350,-105,804197,804372,175
122,0,blank,0,-350,-105,804372,804548,176
122,0,blank,0,-350,-105,804548,804726,178
122,0,blank,0,-350,-105,804726,804905,179
122,0,blank,0,-350,-105,804905,805096,191
122,0,blank,0,-350,-105,805096,805286,190
122,0,blank,0,-350,-105,805701,805891,190
122,0,blank,0,-350,-105,805891,806057,166
122,0,blank,0,-350,-105,806057,806235,178
122,0,blank,0,-350,-105,806235,806421,186
122,0,blank,0,-350,-105,806421,806600,179
122,0,blank,0,-350,-105,806600,806727,127
122,0,blank,0,-350,-105,806727,806897,170
122,0,blank,0,-350,-105,806897,807073,176
122,0,blank,0,-350,-105,807073,807248,175
122,0,blank,0,-350,-105,807248,807284,36
122,46,year,269,567.73,628.9313,807460,807574,114
122,0,blank,0,554.767,651.8933,807714,807760,46
122,0,blank,0,549.8042,665.3074,807910,807959,49
122,0,blank,0,-350,-105,808314,808505,191
122,0,blank,0,-350,-105,808505,808681,176
122,0,blank,0,-350,-105,808681,808862,181
122,0,blank,0,-350,-105,808862,809044,182
122,0,blank,0,-350,-105,809044,809221,177
122,0,blank,0,-350,-105,809221,809398,177
122,0,blank,0,-350,-105,809398,809578,180
122,0,blank,0,-350,-105,809578,809756,178
122,0,blank,0,-350,-105,809756,809925,169
122,0,blank,0,-350,-105,809925,810119,194
122,0,blank,0,-350,-105,810119,810271,152
122,0,blank,0,-350,-105,810271,810453,182
122,0,blank,0,-350,-105,810453,810626,173
122,0,blank,0,-350,-105,810626,810825,199
122,0,blank,0,-350,-105,810825,811166,341
122,0,blank,0,422.8073,661.9373,811498,811536,38
122,0,blank,0,487.4718,653.392,811602,811635,33
122,0,blank,0,481.99502,644.61388,811706,811881,175
122,46,||,266,487.27345,643.605,811881,811954,73
122,0,blank,0,334.9758,647.01035,812176,812250,74
122,46,d,267,303.05716,631.7659,812287,812472,185
122,46,d,267,299.262,640.0549,812472,812509,37
122,46,.,268,311.9599,635.6943,812548,812584,36
122,46,0,273,253.9666,634.258533333333,812622,812733,111
122,0,blank,0,242.45646,640.13394,812770,812954,184
122,46,0,273,244.3926,639.9156,812954,812991,37
122,47,leapYearFlag,275,168.50018,657.30742,813028,813209,181
122,47,leapYearFlag,275,172.83325,656.8591,813209,813282,73
122,0,blank,0,464.8776,652.346033333333,813353,813455,102
122,0,blank,0,477.44348,656.09388,813525,813705,180
122,0,blank,0,478.2552,659.0305,813705,813741,36
122,0,blank,0,478.6379,650.2729,813775,813812,37
122,0,blank,0,522.97,765.87295,813891,813964,73
122,0,blank,0,511.693266666667,766.977433333333,814002,814115,113
122,46,%,270,369.813566666667,630.884566666667,814186,814300,114
122,0,blank,0,-350,-105,814375,814490,115
122,0,blank,0,-350,-105,814559,814595,36
122,46,year,269,162.88478,641.49452,814677,814855,178
122,46,year,269,125.27216,638.03236,814891,815069,178
122,46,year,269,123.94664,641.86472,815069,815243,174
122,46,year,269,122.392966666667,636.262366666667,815243,815349,106
122,0,blank,0,290.28314,642.0284,815417,815594,177
122,0,blank,0,291.049,645.23284,815594,815770,176
122,0,blank,0,286.9923,649.2274,815806,815876,70
122,0,blank,0,289.89638,641.50342,815912,816091,179
122,46,d,267,293.12708,643.44526,816091,816273,182
122,0,blank,0,297.36244,644.73234,816273,816453,180
122,46,d,267,295.46674,636.8431,816453,816632,179
122,0,blank,0,291.1623,631.38794,816632,816810,178
122,0,blank,0,292.551,636.1902,816810,816845,35
122,46,0,273,246.50104,632.55476,816919,817100,181
122,46,0,273,247.00608,639.6912,817100,817282,182
122,46,&&,257,277.27675,630.07795,817319,817467,148
122,46,year,269,151.66578,632.42144,817540,817724,184
122,46,year,269,154.6652,633.9154,817724,817760,36
122,0,blank,0,90.64608,632.36854,817832,818010,178
122,0,blank,0,68.49586,632.57172,818010,818189,179
122,46,if,247,63.96695,628.2154,818189,818261,72
122,0,blank,0,-350,-105,818333,818464,131
122,46,==,272,231.9656,637.00232,818581,818745,164
122,0,blank,0,235.00518,643.65502,818745,818919,174
122,47,true,277,238.9069,649.0104,818919,818955,36
122,47,leapYearFlag,275,199.60368,646.52664,818989,819161,172
122,47,leapYearFlag,275,196.391375,646.606675,819161,819300,139
122,0,blank,0,479.6423,766.9293,819439,819474,35
122,0,blank,0,469.3089,772.9701,819510,819578,68
122,0,blank,0,496.75045,786.387,819612,819682,70
122,0,blank,0,507.9963,788.0089,819717,819752,35
122,0,blank,0,-350,-105,819819,820011,192
122,0,blank,0,-350,-105,820011,820196,185
122,0,blank,0,-350,-105,820196,820277,81
122,46,%,270,176.475325,638.804875,820328,820467,139
122,47,leapYearFlag,275,114.4512,655.8901,820534,820602,68
122,46,.,268,121.7409,630.08655,820634,820701,67
122,0,blank,0,290.054225,628.663325,820873,821017,144
122,46,.,268,308.8619,622.6049,821087,821123,36
122,0,blank,0,302.3405,644.9899,821192,821226,34
122,0,blank,0,310.9755,621.3357,821259,821296,37
122,46,.,268,305.13772,629.64864,821329,821503,174
122,46,year,269,316.3734,624.6625,821503,821539,36
122,0,blank,0,300.5803,648.6521,821643,821678,35
122,46,d,267,302.6667,629.5137,821714,821750,36
122,46,d,267,300.3389,633.696433333333,821785,821893,108
122,0,blank,0,238.1707,641.3183,821968,822006,38
122,46,0,273,244.3825,634.21456,822044,822224,180
122,46,0,273,245.91865,632.76045,822224,822294,70
122,0,blank,0,242.1017,636.022,822331,822505,174
122,0,blank,0,236.2749,644.4539,822505,822541,36
122,0,blank,0,-350,-105,822610,822799,189
122,0,blank,0,-350,-105,822799,822989,190
122,0,blank,0,-350,-105,822989,823159,170
122,0,blank,0,-350,-105,823159,823339,180
122,0,blank,0,-350,-105,823339,823471,132
122,0,blank,0,-350,-105,823471,823597,126
122,0,blank,0,-350,-105,823597,823786,189
122,0,blank,0,-350,-105,823786,823983,197
122,0,blank,0,-350,-105,823983,824174,191
122,0,blank,0,-350,-105,824174,824364,190
122,0,blank,0,-350,-105,824364,824430,66
122,0,blank,0,318.17675,649.096725,824467,824584,117
122,0,blank,0,-350,-105,824820,824929,109
122,46,year,269,338.6669,630.0098,825118,825152,34
122,46,year,269,338.9724,640.4883,825188,825222,34
122,0,blank,0,312.4194,650.958866666667,825256,825362,106
122,47,;,278,275.8533,659.6979,825465,825507,42
122,47,;,278,276.969633333333,662.556633333333,825986,826089,103
122,0,blank,0,497.7339,654.151333333333,826264,826369,105
122,0,blank,0,522.4911,653.2745,826403,826437,34
122,47,true,277,272.61525,663.15485,826751,826818,67
122,0,blank,0,227.9218,671.8275,826995,827030,35
122,0,blank,0,232.798875,668.551775,827065,827208,143
122,0,blank,0,328.70935,657.42975,827314,827387,73
122,0,blank,0,-350,-105,827526,827720,194
122,0,blank,0,191.95425,671.79585,827998,828069,71
122,0,blank,0,177.3799,666.4728,828104,828139,35
122,0,blank,0,257.52355,674.6598,828375,828441,66
122,0,blank,0,-350,-105,828742,828911,169
122,0,blank,0,-350,-105,828911,828950,39
122,0,blank,0,249.71275,669.84565,829250,829389,139
122,0,blank,0,256.2671,673.13445,829457,829527,70
122,0,blank,0,283.97235,669.77695,829628,829700,72
122,0,blank,0,289.1766,654.9388,829736,829769,33
122,47,true,277,270.19535,659.63385,829840,829911,71
122,0,blank,0,376.7802,664.22925,830164,830235,71
122,0,blank,0,376.938,668.9961,830270,830373,103
122,0,blank,0,373.0204,669.3782,830408,830444,36
122,0,blank,0,397.13535,648.6239,830515,830585,70
122,0,blank,0,394.2672,654.9329,830669,830847,178
122,0,blank,0,395.60592,664.3535,830847,831023,176
122,0,blank,0,401.9908,670.465466666667,831164,831271,107
122,0,blank,0,374.3932,663.1608,831377,831413,36
122,0,blank,0,364.346425,662.593075,831448,831590,142
122,0,blank,0,356.8969,677.0557,831625,831660,35
122,0,blank,0,348.44875,657.41915,831766,831837,71
122,0,blank,0,327.376525,662.252075,831944,832092,148
122,0,blank,0,343.491433333333,650.482233333333,832128,832236,108
122,0,blank,0,-350,-105,832272,832468,196
122,0,blank,0,363.379566666667,649.174466666667,832661,832763,102
122,0,blank,0,359.46,665.96,832833,832868,35
122,0,blank,0,341.1663,659.3795,832938,832975,37
122,0,blank,0,328.7686,648.4001,833043,833078,35
122,0,blank,0,336.0586,665.8048,833112,833219,107
122,0,blank,0,314.6474,664.184933333333,833288,833390,102
122,0,blank,0,316.86605,656.3243,833462,833536,74
122,0,blank,0,313.5323,673.9873,833680,833717,37
122,0,blank,0,319.4112,656.8419,833753,833790,37
122,0,blank,0,321.211275,664.8774,833827,833970,143
122,0,blank,0,319.6974,675.86615,834040,834112,72
122,0,blank,0,411.09866,663.8296,834335,834518,183
122,0,blank,0,413.93065,675.70175,834518,834592,74
122,0,blank,0,371.568466666667,658.2289,834629,834755,126
122,0,blank,0,379.4153,660.8937,834793,834830,37
122,0,blank,0,376.21795,663.773,834903,834976,73
122,0,blank,0,374.9772,662.6982,835011,835046,35
122,0,blank,0,385.521,656.3652,835156,835193,37
122,0,blank,0,406.28446,657.4976,835230,835414,184
122,0,blank,0,409.414775,662.075225,835414,835560,146
122,0,blank,0,417.42524,656.61772,835596,835779,183
122,0,blank,0,418.1008,653.83245,835779,835849,70
122,0,blank,0,417.9117,657.62656,835993,836172,179
122,0,blank,0,424.16016,659.56892,836243,836423,180
122,0,blank,0,420.22645,658.56895,836423,836493,70
122,0,blank,0,425.1702,663.3033,836566,836603,37
122,0,blank,0,391.19222,671.93482,836787,836969,182
122,0,blank,0,388.61305,665.72335,837005,837079,74
122,0,blank,0,390.1941,682.8297,837115,837151,36
122,0,blank,0,385.1385,668.30405,837188,837261,73
122,0,blank,0,391.46185,683.77685,837299,837374,75
122,0,blank,0,411.89675,665.049,837411,837484,73
122,0,blank,0,411.1363,657.68346,837556,837739,183
122,0,blank,0,404.65145,654.412675,837739,837889,150
122,0,blank,0,352.2843,653.66025,837925,838072,147
122,0,blank,0,349.883166666667,651.4125,838143,838252,109
122,0,blank,0,359.5,676.99225,838362,838434,72
122,0,blank,0,392.835466666667,654.241966666667,838510,838627,117
122,0,blank,0,398.333966666667,653.597666666667,838778,838888,110
122,0,blank,0,405.33326,662.51622,838964,839152,188
122,0,blank,0,368.7239,791.38165,839268,839349,81
122,0,blank,0,420.9142,-103.9885,839584,839661,77
122,0,blank,0,418.554,792.8661,839699,839739,40
122,0,blank,0,439.37698,-103.97532,839814,839999,185
122,0,blank,0,430.7144,-103.9845,840036,840109,73
122,0,blank,0,429.228833333333,-103.9901,840181,840296,115
122,0,blank,0,634.49214,781.10398,840485,840665,180
122,0,blank,0,614.2548,780.5853,840737,840773,36
122,0,blank,0,616.4348,784.107066666667,840883,840993,110
122,0,blank,0,607.7655,790.6816,841030,841066,36
122,0,blank,0,615.9896,786.0347,841104,841141,37
122,0,blank,0,620.7088,-103.9971,841215,841252,37
122,0,blank,0,611.1042,792.6954,841290,841328,38
122,0,blank,0,617.7756,777.4846,841593,841631,38
122,0,blank,0,416.6604,666.3471,841716,841755,39
122,0,blank,0,420.589775,656.83515,841797,841965,168
122,0,blank,0,428.9911,669.0419,841965,842005,40
122,0,blank,0,407.636,675.0763,842124,842163,39
122,0,blank,0,393.5666,644.8102,842204,842242,38
122,0,blank,0,394.298025,651.931275,842281,842433,152
122,0,blank,0,389.4895,652.6898,842470,842543,73
122,0,blank,0,342.50736,651.81458,842654,842845,191
122,0,blank,0,348.784,661.04982,842922,843109,187
122,0,blank,0,348.114133333333,654.783666666667,843109,843220,111
122,0,blank,0,344.9532,646.9707,843328,843366,38
122,0,blank,0,353.8154,656.4495,843438,843475,37
122,0,blank,0,225.2314,674.51212,843584,843764,180
122,0,blank,0,222.3361,688.3691,843764,843803,39
122,0,blank,0,220.439066666667,675.8635,843838,843944,106
122,47,leapYearFlag,275,186.8118,656.7793,844016,844051,35
122,47,leapYearFlag,275,192.0837,657.8523,844086,844121,35
122,0,blank,0,447.561433333333,703.9116,844435,844541,106
122,0,blank,0,397.4651,-103.9837,844930,845034,104
122,0,blank,0,398.2826,-103.9859,845106,845176,70
122,0,blank,0,398.0553,790.11,845213,845248,35
122,0,blank,0,399.787666666667,-103.9881,845284,845389,105
122,0,blank,0,317.14594,-103.98116,845427,845608,181
122,0,blank,0,316.8082,-103.98848,845608,845791,183
122,0,blank,0,313.424,-103.984075,845791,845989,198
122,0,blank,0,312.0376,-103.9885,845989,846109,120
122,0,blank,0,167.728766666667,-103.906766666667,846240,846413,173
122,0,blank,0,187.8469,-103.8697,846451,846491,40
122,0,blank,0,184.286233333333,-103.884933333333,846529,846648,119
122,0,blank,0,178.3975,-103.88425,846688,846764,76
122,46,==,272,214.922425,627.461675,846875,847026,151
122,0,blank,0,273.5674,668.2277,847101,847254,153
122,0,blank,0,359.848975,645.136,847294,847437,143
122,0,blank,0,363.59208,651.99922,847472,847647,175
122,0,blank,0,405.41715,654.6131,847751,847822,71
122,0,blank,0,345.82615,658.66825,847892,847961,69
122,0,blank,0,351.952,670.0062,848032,848066,34
122,0,blank,0,347.4902,656.46725,848101,848172,71
122,0,blank,0,198.6759,774.0936,848430,848466,36
122,0,blank,0,381.0187,-103.98914,849264,849440,176
122,0,blank,0,387.8469,-103.9976,849440,849476,36
122,0,blank,0,413.78644,789.25648,849616,849794,178
122,0,blank,0,416.8569,786.4058,849794,849830,36
122,0,blank,0,420.4851,-103.99605,849865,849936,71
122,0,blank,0,613.2181,772.5042,850080,850117,37
122,0,blank,0,628.2655,791.4691,850190,850226,36
122,0,blank,0,613.444675,775.223675,850302,850446,144
122,0,blank,0,608.0798,789.0018,850518,850554,36
122,0,blank,0,609.2049,785.27355,850590,850662,72
122,0,blank,0,607.953533333333,760.238166666667,850698,850807,109
122,0,blank,0,609.142275,779.2157,850842,850985,143
122,0,blank,0,469.9929,659.2977,851097,851208,111
122,0,blank,0,418.37114,644.1153,851283,851469,186
122,0,blank,0,421.11095,660.1012,851469,851542,73
122,0,blank,0,310.045725,674.021475,851579,851724,145
122,47,true,277,247.348433333333,659.0643,851942,852050,108
122,0,blank,0,258.44605,674.0296,852088,852162,74
122,0,blank,0,418.2909,651.357525,852235,852379,144
122,0,blank,0,373.965,674.1617,852484,852519,35
122,0,blank,0,348.347,649.612,852554,852591,37
122,0,blank,0,363.4329,653.8248,852626,852661,35
122,0,blank,0,259.66295,694.0059,852801,852871,70
122,0,blank,0,209.060366666667,677.7684,853048,853154,106
122,47,;,278,274.1821,659.0258,853426,853464,38
122,0,blank,0,153.0682,711.6746,853674,853709,35
122,0,blank,0,161.8128,706.662733333333,853744,853851,107
122,0,blank,0,180.238,730.1242,853922,853957,35
122,0,blank,0,-350,-105,854032,854206,174
122,0,blank,0,-350,-105,854206,854390,184
122,0,blank,0,-350,-105,854390,854583,193
122,0,blank,0,-350,-105,854583,854766,183
122,0,blank,0,-350,-105,854766,854943,177
122,0,blank,0,-350,-105,854943,855112,169
122,0,blank,0,948.4935,470.87175,855654,855730,76
122,0,blank,0,941.7082,381.22444,855769,855956,187
122,0,blank,0,936.3362,380.29136,855956,856144,188
122,0,blank,0,950.076333333333,367.2144,856181,856293,112
122,0,blank,0,950.0216,373.06908,856330,856517,187
122,0,blank,0,946.5428,376.134,856517,856698,181
122,0,blank,0,950.9474,373.89,856698,856878,180
122,0,blank,0,943.9302,379.17038,856878,857061,183
122,0,blank,0,942.3774,374.48048,857061,857246,185
122,0,blank,0,955.154,376.0309,857246,857284,38
122,0,blank,0,947.4528,565.81734,857357,857547,190
122,0,blank,0,960.751,590.2205,857623,857661,38
123,0,blank,0,940.397,602.24185,859047,859122,75
123,49,false,282,243.32536,433.252,859235,859424,189
123,49,false,282,239.6982,429.7449,859424,859461,37
123,49,leapYearFlag,280,157.8268,440.7745,859536,859571,35
123,0,blank,0,175.4279,445.1358,859607,859641,34
123,49,leapYearFlag,280,168.5984,435.8611,859676,859711,35
123,50,leapYearFlag,285,169.83705,452.1606,859820,859892,72
123,47,leapYearFlag,275,144.76204,398.94764,859962,860138,176
123,0,blank,0,163.4255,402.26965,860172,860312,140
123,0,blank,0,-350,-105,860384,860497,113
123,0,blank,0,178.2746,411.05772,860663,860830,167
123,0,blank,0,191.34705,409.895975,860830,860968,138
123,0,blank,0,163.5941,409.00866,861004,861183,179
123,0,blank,0,163.77245,409.313675,861183,861328,145
123,0,blank,0,159.3918,407.4918,861364,861401,37
123,0,blank,0,157.02276,400.7023,861438,861631,193
123,0,blank,0,157.61868,402.17686,861631,861816,185
123,0,blank,0,159.8432,401.456133333333,861816,861922,106
123,0,blank,0,207.09514,401.6108,861957,862135,178
123,0,blank,0,207.8275,401.268166666667,862135,862240,105
123,0,blank,0,211.45768,402.1474,862310,862487,177
123,0,blank,0,-350,-105,862660,862804,144
123,0,blank,0,-350,-105,862804,863003,199
123,0,blank,0,-350,-105,863003,863042,39
123,0,blank,0,295.4847,421.7167,863057,863118,61
123,0,blank,0,274.123,409.9272,863258,863302,44
123,49,false,282,245.2008,436.31405,863946,864024,78
123,0,blank,0,-350,-105,864230,864295,65
123,50,leapYearFlag,285,176.5331,455.8851,864703,864740,37
123,50,leapYearFlag,285,211.3134,462.4392,864814,864853,39
123,0,blank,0,214.41075,467.92875,864889,864965,76
123,50,leapYearFlag,285,206.2878,448.6589,865003,865041,38
123,50,leapYearFlag,285,153.2334,460.598275,865116,865267,151
123,50,leapYearFlag,285,155.09495,462.1914,865552,865705,153
123,50,leapYearFlag,285,170.0983,456.5345,865739,865777,38
123,50,leapYearFlag,285,174.25155,457.0175,865815,865894,79
123,50,leapYearFlag,285,204.68724,461.68318,865932,866124,192
123,50,leapYearFlag,285,203.22808,463.85534,866124,866320,196
123,0,blank,0,269.567325,164.57365,867341,867484,143
123,37,true,208,277.589,170.7536,867519,867553,34
123,0,blank,0,220.301,152.28212,867627,867809,182
123,37,isLeapYear,203,159.822825,158.264775,867880,868028,148
123,0,blank,0,319.4118,157.39355,868102,868244,142
123,0,blank,0,125.84076,157.3835,868319,868500,181
123,37,isLeapYear,203,107.116533333333,161.865266666667,868500,868614,114
123,0,blank,0,241.3839,104.25678,868690,868879,189
123,0,blank,0,238.611525,106.8525,868879,869037,158
123,0,blank,0,263.148466666667,144.738033333333,869078,869195,117
123,37,d,210,361.12195,169.728725,869234,869390,156
123,37,month,212,385.7465,167.4257,869428,869625,197
123,37,month,212,385.304266666667,169.385566666667,869625,869744,119
123,37,.,211,367.7599,169.3832,869784,869943,159
123,37,month,212,384.0104,165.77478,869981,870177,196
123,37,month,212,381.8395,160.88328,870177,870370,193
123,0,blank,0,380.14762,157.93922,870370,870569,199
123,37,month,212,379.216533333333,158.7219,870569,870687,118
123,37,month,212,406.7181,162.7223,870727,870839,112
123,37,.,211,369.20462,159.47416,871288,871473,185
123,37,month,212,374.747,165.7657,871473,871509,36
123,37,month,212,411.62796,162.63378,871545,871730,185
123,37,month,212,413.0104,168.2328,871730,871879,149
123,37,isLeapYear,203,185.7568,176.6282,871918,872076,158
123,37,month,212,388.10798,164.05122,872217,872392,175
123,37,month,212,391.246175,170.71665,872392,872531,139
123,37,month,212,409.5726,166.4435,872566,872675,109
123,37,month,212,406.279125,174.874625,872712,872860,148
123,37,==,213,448.04066,167.84898,872897,873083,186
123,37,month,212,376.7716,167.6203,873156,873230,74
123,37,month,212,376.21055,163.3501,873268,873342,74
123,0,blank,0,206.58465,153.89705,873414,873486,72
123,34,31,184,175.4939,111.644,873595,873735,140
123,0,blank,0,-350,-105,873807,873934,127
123,0,blank,0,312.3373,35.3688,874031,874073,42
123,31,struct,163,295.8206,43.5512333333333,874140,874246,106
123,0,blank,0,223.858,142.869,874318,874353,35
123,37,),215,225.60915,160.38645,874390,874460,70
123,37,isLeapYear,203,191.4727,165.235433333333,874529,874631,102
123,37,isLeapYear,203,179.9312,162.7761,874667,874700,33
123,0,blank,0,300.5007,199.0496,874804,874839,35
123,37,||,209,327.194666666667,165.4311,874989,875093,104
123,37,month,212,392.5609,168.8262,875126,875160,34
123,37,month,212,387.9581,169.67018,875196,875373,177
123,37,month,212,381.1255,168.63705,875407,875478,71
123,0,blank,0,-350,-105,875550,875679,129
123,0,blank,0,-350,-105,875863,876019,156
123,0,blank,0,-350,-105,876146,876211,65
123,0,blank,0,202.0035,216.5168,876643,876676,33
123,0,blank,0,280.74638,222.82044,877424,877597,173
123,0,blank,0,356.70968,231.75438,877631,877809,178
123,40,month,227,324.5174,230.2589,877844,877880,36
123,40,month,227,329.2201,227.0294,877950,878020,70
123,40,month,227,307.28088,229.202,878055,878230,175
123,40,days,221,92.582,241.3572,879184,879282,98
123,0,blank,0,146.7729,226.8102,879833,879879,46
123,0,blank,0,151.5002,238.430725,880027,880178,151
123,40,daysPerMonth,223,201.34112,233.67446,880216,880399,183
123,0,blank,0,144.012933333333,188.7412,880472,880581,109
123,0,blank,0,-350,-105,880654,880806,152
123,38,;,219,175.03502,193.35122,880871,881060,189
123,0,blank,0,193.3005,218.47875,881097,881171,74
123,40,daysPerMonth,223,197.70245,229.0022,881206,881277,71
123,0,blank,0,141.14546,212.6453,881312,881483,171
123,0,blank,0,130.5324,205.553,881483,881519,36
123,0,blank,0,142.687825,213.62905,881552,881690,138
123,0,blank,0,162.54885,260.76655,881760,881830,70
123,0,blank,0,163.903,269.70075,881863,881934,71
123,41,days,233,136.2469,261.12134,882005,882183,178
123,41,days,233,141.0986,259.8221,882183,882256,73
123,41,days,233,125.71756,265.89478,882293,882475,182
123,0,blank,0,133.3729,277.9257,882475,882511,36
123,40,daysPerMonth,223,154.67564,245.85612,882625,882806,181
123,40,daysPerMonth,223,209.9982,244.535533333333,882842,882954,112
123,0,blank,0,215.4046,249.5726,882991,883106,115
123,0,blank,0,215.3527,250.27056,883147,883335,188
123,0,blank,0,188.7661,248.7926,883372,883556,184
123,40,d,225,283.89905,244.822175,883630,883782,152
123,40,month,227,345.15634,245.98342,883819,884008,189
123,0,blank,0,349.4617,254.3937,884008,884044,36
123,40,month,227,317.074125,245.62265,884084,884234,150
123,40,daysPerMonth,223,218.5434,240.0159,884308,884344,36
123,0,blank,0,223.92518,246.70008,884380,884559,179
123,0,blank,0,218.2001,246.7265,884559,884596,37
123,0,blank,0,-350,-105,884633,884785,152
123,40,daysPerMonth,223,221.88185,239.69085,884816,884875,59
123,40,daysPerMonth,223,227.9393,239.5161,884910,884947,37
123,40,daysPerMonth,223,258.73838,238.86262,884984,885167,183
123,0,blank,0,265.4301,248.2702,885167,885204,37
123,40,month,227,313.29638,235.20496,885276,885460,184
123,40,month,227,315.63196,243.35514,885496,885675,179
123,40,month,227,324.7912,243.8181,885675,885711,36
123,40,month,227,340.093166666667,227.303966666667,885746,885851,105
123,40,month,227,349.236775,234.48815,885886,886025,139
123,0,blank,0,201.6352,108.52232,886096,886278,182
123,0,blank,0,202.035033333333,111.2155,886278,886385,107
123,0,blank,0,353.64984,247.97852,886457,886633,176
123,0,blank,0,353.08445,251.95345,886633,886704,71
123,0,blank,0,304.553,223.3946,886895,887056,161
123,40,daysPerMonth,223,180.38705,235.225475,887122,887277,155
123,40,daysPerMonth,223,188.164975,243.822125,887313,887457,144
123,0,blank,0,200.79128,92.24836,887529,887716,187
123,32,12,172,285.93342,53.0815,887790,887976,186
123,0,blank,0,304.4894,60.863,887976,888013,37
123,32,],173,295.76135,50.4084,888051,888122,71
123,0,blank,0,377.732366666667,250.536166666667,888234,888348,114
123,40,month,227,339.47748,245.5933,888386,888578,192
123,40,month,227,316.6139,237.27948,888617,888807,190
123,40,month,227,318.18236,233.62598,888807,888999,192
123,0,blank,0,289.105233333333,73.0714,889076,889190,114
123,32,],173,294.89204,63.7464,889266,889457,191
123,32,],173,295.36956,61.42808,889533,889725,192
123,32,12,172,293.9376,67.0126,889725,889766,41
123,32,12,172,273.901866666667,57.3955666666667,889806,889922,116
123,32,[,171,266.558,54.5201,889958,889994,36
123,0,blank,0,360.51908,237.9525,890069,890259,190
123,40,month,227,339.092825,240.107375,890295,890445,150
123,35,30,196,260.04675,124.242625,890521,890662,141
123,34,comma,187,191.290833333333,108.163466666667,890698,890806,108
123,34,comma,187,185.9811,111.8444,890840,890877,37
123,0,blank,0,163.257866666667,109.850866666667,890911,891018,107
123,35,31,198,285.11936,124.72958,891090,891267,177
123,0,blank,0,276.41644,130.23814,891267,891447,180
123,0,blank,0,273.7872,128.62175,891447,891519,72
123,35,31,198,298.96752,131.7946,891556,891741,185
123,35,31,198,302.3563,129.9078,891741,891776,35
123,40,daysPerMonth,223,218.44394,233.23224,891850,892030,180
123,40,daysPerMonth,223,167.41114,243.38748,892068,892247,179
123,41,days,233,146.19262,248.83638,892282,892456,174
123,0,blank,0,-350,-105,892490,892612,122
123,0,blank,0,-350,-105,892689,892761,72
123,0,blank,0,145.0773,241.2248,892818,893002,184
123,40,=,222,140.43325,238.5503,893002,893070,68
123,40,=,222,142.830866666667,240.890633333333,893103,893206,103
123,0,blank,0,169.8302,249.1752,893241,893276,35
123,0,blank,0,173.0325,251.5071,893312,893346,34
123,41,;,234,161.8199,251.4611,893380,893415,35
123,40,-,228,364.7741,233.9936,893488,893524,36
123,40,month,227,351.329325,239.903875,893592,893738,146
123,40,month,227,352.47675,240.711825,893811,893950,139
123,40,month,227,348.41035,232.8609,893987,894057,70
123,40,month,227,324.75148,236.97252,894093,894269,176
123,40,month,227,327.93826,235.38016,894269,894442,173
123,40,month,227,331.2424,232.3781,894442,894478,36
123,0,blank,0,305.26365,116.64405,894515,894655,140
123,34,comma,187,304.26215,110.3847,894689,894758,69
123,31,struct,163,298.656433333333,46.6897,894825,894932,107
123,31,struct,163,295.9024,38.0166,894969,895071,102
123,0,blank,0,310.47894,216.45494,895175,895357,182
123,0,blank,0,305.1919,219.5124,895357,895394,37
123,40,daysPerMonth,223,192.67525,239.516525,895465,895610,145
123,0,blank,0,-350,-105,895685,895781,96
123,40,[,224,280.4075,235.59412,895817,895993,176
123,0,blank,0,281.61305,249.3818,896029,896102,73
123,40,month,227,326.87505,234.6051,896173,896309,136
123,34,30,186,221.48832,96.01178,896376,896546,170
123,31,isLeapYear,161,201.6397,47.3376,896581,896617,36
123,32,daysPerMonth,170,209.7197,60.9434333333333,896684,896788,104
123,31,struct,163,245.2206,46.5425,896823,896893,70
123,32,daysPerMonth,170,252.0389,55.936,896962,897030,68
123,0,blank,0,302.68852,231.26786,897100,897270,170
123,40,month,227,332.56394,238.59914,897338,897512,174
123,40,month,227,330.0765,235.466166666667,897512,897615,103
123,0,blank,0,270.138825,81.79805,897684,897823,139
123,31,struct,163,268.0034,45.55062,897857,898030,173
123,32,daysPerMonth,170,250.36302,52.39038,898030,898202,172
123,32,daysPerMonth,170,253.93355,58.14865,898202,898271,69
123,0,blank,0,-350,-105,898341,898516,175
123,0,blank,0,234.4587,47.2159,898548,898568,20
123,32,daysPerMonth,170,211.1774,55.052,898646,898682,36
123,31,isLeapYear,161,193.7198,44.3094,898717,898754,37
123,32,daysPerMonth,170,205.004066666667,56.7526666666667,898787,898892,105
123,0,blank,0,227.5851,48.6944,898927,898962,35
123,32,daysPerMonth,170,219.177475,52.519175,899031,899170,139
123,32,daysPerMonth,170,191.45608,59.41242,899206,899379,173
123,32,daysPerMonth,170,195.6102,54.4971,899379,899414,35
123,32,daysPerMonth,170,154.2286,62.11415,899483,899616,133
123,32,daysPerMonth,170,236.6179,60.8366333333333,899717,899821,104
123,0,blank,0,-350,-105,899855,900052,197
123,32,daysPerMonth,170,227.588633333333,51.1498666666667,900095,900286,191
123,32,daysPerMonth,170,189.73288,51.6288,900321,900492,171
123,0,blank,0,214.86256,48.74926,900525,900699,174
123,0,blank,0,231.97048,46.82016,900734,900906,172
123,32,daysPerMonth,170,236.8525,51.9995,900906,900941,35
123,31,struct,163,276.0737,44.96634,900975,901148,173
123,31,struct,163,269.1371,44.240825,901148,901284,136
123,31,isLeapYear,161,219.04812,42.16222,901352,901525,173
123,31,isLeapYear,161,218.9122,42.3341,901525,901560,35
123,31,isLeapYear,161,197.69528,46.20058,901597,901772,175
123,0,blank,0,198.9108,49.7571,901772,901808,36
123,0,blank,0,278.62948,221.96532,901917,902105,188
123,0,blank,0,281.5471,221.92735,902105,902182,77
123,40,month,227,319.1931,233.38696,902220,902408,188
123,40,month,227,319.058633333333,227.4565,902408,902519,111
123,31,struct,163,269.18648,37.86534,902594,902782,188
123,31,struct,163,269.90404,34.86992,902782,902969,187
123,31,struct,163,263.4821,34.7186,902969,903007,38
123,0,blank,0,195.75352,25.90462,903045,903234,189
123,0,blank,0,190.2929,25.5148,903234,903272,38
123,0,blank,0,150.81206,247.81468,903422,903620,198
123,0,blank,0,146.4626,244.307375,903659,903815,156
123,40,daysPerMonth,223,227.12502,240.7571,903853,904048,195
123,40,daysPerMonth,223,212.676866666667,245.379066666667,904088,904204,116
123,0,blank,0,-350,-105,904283,904454,171
123,0,blank,0,-350,-105,904454,904621,167
123,0,blank,0,-350,-105,904621,904787,166
123,0,blank,0,-350,-105,904787,904823,36
123,40,d,225,283.5261,243.36035,904863,904964,101
123,0,blank,0,281.0381,246.9977,905038,905074,36
123,40,month,227,328.794166666667,233.4087,905109,905216,107
123,40,month,227,332.52166,235.5248,905288,905476,188
123,40,month,227,335.18598,240.65544,905516,905706,190
123,40,month,227,324.2947,235.41292,905706,905900,194
123,40,month,227,330.28896,240.2666,905900,906093,193
123,40,month,227,331.085,240.00018,906093,906291,198
123,40,month,227,325.23938,239.41744,906291,906484,193
123,0,blank,0,319.3599,247.0702,906484,906565,81
123,40,.,226,296.61154,237.91336,906605,906802,197
123,40,.,226,295.06496,236.51594,906802,906995,193
123,40,daysPerMonth,223,273.020733333333,234.4909,907036,907195,159
123,40,daysPerMonth,223,271.5392,231.1439,907195,907336,141
123,0,blank,0,271.53145,84.4836,907482,907585,103
123,31,struct,163,260.744433333333,46.0155666666667,907623,907734,111
123,0,blank,0,229.64204,49.56972,907773,907961,188
123,0,blank,0,226.73345,44.6778,907961,908037,76
123,40,month,227,324.28444,231.89076,908075,908262,187
123,40,month,227,327.31335,236.07665,908262,908340,78
123,32,12,172,288.59765,69.207675,908379,908532,153
123,32,12,172,293.3225,54.55086,908570,908751,181
123,32,12,172,292.347666666667,51.9514333333333,908751,908861,110
123,31,struct,163,297.69902,46.17008,908899,909080,181
123,31,struct,163,298.34978,47.74232,909080,909259,179
123,32,],173,299.42635,52.13745,909259,909332,73
123,40,-,228,369.06952,231.32646,909444,909629,185
123,40,-,228,370.0773,236.656966666667,909629,909741,112
123,0,blank,0,296.10034,89.53068,909816,910009,193
123,0,blank,0,170.4581,88.2204,910049,910088,39
123,34,31,184,174.548075,100.366675,910126,910288,162
123,34,31,184,176.392,101.026775,910288,910451,163
123,34,31,184,167.3222,106.192175,910451,910613,162
123,34,31,184,173.071175,107.34955,910613,910769,156
123,32,12,172,277.25684,59.68142,910808,911002,194
123,32,12,172,281.753,59.06935,911002,911079,77
123,0,blank,0,303.4006,53.47225,911120,911272,152
123,0,blank,0,402.05524,241.58838,911310,911497,187
123,40,],230,401.6924,240.0149,911497,911534,37
123,40,-,228,366.55972,245.60064,911571,911755,184
123,0,blank,0,370.25325,248.20065,911755,911828,73
123,0,blank,0,298.97718,78.50002,911902,912095,193
123,0,blank,0,299.08352,82.47216,912095,912273,178
123,0,blank,0,297.6008,79.2068,912273,912308,35
123,0,blank,0,313.8546,96.47624,912342,912531,189
123,31,struct,163,303.1717,42.992075,912569,912721,152
123,31,struct,163,301.2049,47.7819,912758,912797,39
123,0,blank,0,373.3209,222.36466,912873,913063,190
123,0,blank,0,358.66514,241.85956,913100,913293,193
123,0,blank,0,360.4596,240.8621,913293,913334,41
123,32,12,172,290.872266666667,69.8089,913409,913525,116
123,0,blank,0,-350,-105,913638,913838,200
123,0,blank,0,-350,-105,913838,914025,187
123,0,blank,0,-350,-105,914025,914198,173
123,0,blank,0,189.128033333333,261.9466,914233,914333,100
123,41,;,234,158.26368,251.12734,914402,914578,176
123,40,daysPerMonth,223,269.3365,242.4357,915138,915333,195
123,0,blank,0,430.316366666667,251.855933333333,915371,915484,113
123,0,blank,0,953.75175,340.265125,915602,915760,158
123,0,blank,0,944.446,353.2963,915912,915948,36
123,0,blank,0,960.22,424.688025,916179,916339,160
123,0,blank,0,961.058,425.5499,916339,916379,40
123,0,blank,0,956.6996,390.07696,916417,916616,199
123,0,blank,0,956.1234,395.1297,916616,916812,196
123,0,blank,0,952.8084,394.91396,916812,917006,194
123,0,blank,0,954.7396,388.31524,917006,917196,190
123,0,blank,0,954.97,387.5856,917196,917234,38
123,0,blank,0,965.9282,53.49238,917310,917502,192
123,0,blank,0,962.0555,54.98865,917502,917580,78
124,0,blank,0,340.9153,97.88084,921069,921238,169
124,0,blank,0,338.3331,95.4427,921238,921377,139
124,0,blank,0,321.77155,150.49665,921411,921481,70
124,0,blank,0,319.5183,151.5114,921515,921553,38
124,0,blank,0,306.35855,141.52565,921588,921660,72
124,0,blank,0,-350,-105,921731,921869,138
124,0,blank,0,-350,-105,921869,921941,72
124,0,blank,0,269.6204,158.9283,921979,921998,19
124,16,.,88,407.76295,176.71275,922120,922193,73
124,16,today,87,402.667075,174.530375,922230,922368,138
124,0,blank,0,338.04725,111.209275,922405,922555,150
124,0,blank,0,190.50372,123.8921,922628,922804,176
124,13,numberOfDays,51,191.0752,113.4365,922804,922840,36
124,13,date,54,318.38498,110.94726,922878,923059,181
124,13,date,54,310.33648,109.0335,923059,923243,184
124,0,blank,0,287.2657,109.61164,923281,923461,180
124,0,blank,0,292.5138,115.1373,923461,923497,36
124,14,numberOfDays,64,311.306825,124.526625,923536,923680,144
124,14,numberOfDays,64,281.1154,130.56116,923715,923897,182
124,14,today,66,383.0925,125.29432,923935,924120,185
124,14,today,66,384.32744,131.24616,924120,924309,189
124,14,numberOfDays,64,286.7505,128.1686,924384,924567,183
124,14,numberOfDays,64,279.87584,130.71998,924567,924748,181
124,14,numberOfDays,64,274.9136,128.3933,924748,924891,143
124,14,!=,63,208.3421,133.0501,924929,924967,38
124,14,!=,63,200.6417,128.7983,925039,925110,71
124,14,day,62,171.2153,133.9297,925146,925182,36
124,14,day,62,167.6205,125.5734,925252,925323,71
124,0,blank,0,192.37542,123.82784,925360,925529,169
124,0,blank,0,192.3557,126.38315,925563,925631,68
124,0,blank,0,221.34686,124.18696,925666,925840,174
124,0,blank,0,219.7919,125.6934,925840,925945,105
124,14,numberOfDays,64,232.74546,127.92904,925979,926156,177
124,14,numberOfDays,64,234.1333,125.0736,926156,926191,35
124,14,numberOfDays,64,235.90782,130.18162,926227,926403,176
124,14,numberOfDays,64,315.63794,125.01546,926475,926648,173
124,14,numberOfDays,64,316.5286,131.217666666667,926648,926757,109
124,14,today,66,382.81468,132.07586,926792,926969,177
124,16,struct,73,215.46416,173.83064,927005,927189,184
124,16,struct,73,220.0985,172.52965,927189,927263,74
124,18,month,98,224.80356,215.04638,927302,927493,191
124,18,month,98,222.6758,216.3322,927493,927551,58
124,18,==,99,265.61,219.4233,927682,927784,102
124,18,==,99,271.7155,213.5442,927784,927910,126
124,18,month,98,208.78376,221.12108,927953,928143,190
124,18,.,97,200.6166,219.5723,928143,928180,37
124,18,today,96,148.09375,218.6908,928217,928364,147
124,18,month,98,241.41166,216.01974,928435,928615,180
124,18,month,98,241.5295,219.783,928615,928652,37
124,18,month,98,228.80242,221.11906,928691,928877,186
124,0,blank,0,245.40406,228.80356,928877,929066,189
124,18,month,98,247.6494,225.905,929066,929140,74
124,18,month,98,237.8757,217.265,929211,929246,35
124,18,month,98,244.9222,225.4668,929282,929316,34
124,0,blank,0,194.52936,127.47796,929386,929562,176
124,14,!=,63,202.37355,131.9299,929562,929629,67
124,0,blank,0,201.5364,143.0238,929665,929699,34
124,0,blank,0,-350,-105,929798,929887,89
124,0,blank,0,218.27394,151.9135,929964,930141,177
124,0,blank,0,219.263525,157.257075,930141,930313,172
124,0,blank,0,228.1716,157.3215,930313,930346,33
124,14,numberOfDays,64,250.3628,139.63415,930380,930446,66
124,14,numberOfDays,64,246.054233333333,132.286266666667,930480,930584,104
124,16,tomorrow,70,157.2849,177.2377,930619,930653,34
124,0,blank,0,153.4282,189.021525,930688,930828,140
124,0,blank,0,132.12205,200.7596,930861,930929,68
124,0,blank,0,130.43146,194.74652,930963,931133,170
124,16,struct,73,245.845,180.6475,931204,931231,27
124,16,struct,73,251.8987,181.22072,931303,931482,179
124,14,numberOfDays,64,338.54392,121.53736,931552,931725,173
124,14,numberOfDays,64,340.2098,127.6469,931725,931761,36
124,14,numberOfDays,64,295.81354,129.15112,931796,931975,179
124,14,numberOfDays,64,292.68188,131.52978,931975,932154,179
124,0,blank,0,218.0965,121.7562,932191,932263,72
124,14,numberOfDays,64,231.1637,136.9055,932298,932332,34
124,14,!=,63,206.2042,121.7654,932366,932401,35
124,0,blank,0,214.21786,128.119,932436,932614,178
124,14,!=,63,206.61205,132.4253,932614,932758,144
124,14,numberOfDays,64,298.61025,121.254625,932830,933025,195
124,14,numberOfDays,64,299.63135,122.10375,933025,933102,77
124,14,today,66,369.82746,132.90502,933141,933334,193
124,14,today,66,378.1476,125.7981,933409,933446,37
124,18,month,98,223.3255,218.16704,933517,933699,182
124,18,month,98,208.88648,226.28796,933699,933879,180
124,18,.,97,199.08605,216.0559,933879,933949,70
124,18,.,97,198.326,213.1668,933984,934019,35
124,18,month,98,247.778733333333,222.231366666667,934195,934314,119
124,18,month,98,247.55718,223.81766,934350,934536,186
124,18,month,98,250.88585,223.8909,934536,934608,72
124,0,blank,0,-350,-105,934680,934838,158
124,0,blank,0,-350,-105,934838,934889,51
124,18,today,96,178.4605,223.8861,935034,935067,33
124,18,month,98,231.14084,223.90636,935104,935273,169
124,18,month,98,230.6707,225.8149,935273,935307,34
124,0,blank,0,305.0865,229.79476,935374,935554,180
124,0,blank,0,310.3959,231.17895,935554,935625,71
124,0,blank,0,341.7073,243.436566666667,935660,935764,104
124,18,==,99,282.3611,226.7883,935870,935904,34
124,0,blank,0,295.6151,245.2599,935937,935970,33
124,0,blank,0,295.5182,314.8047,936071,936106,35
124,0,blank,0,246.0884,241.052,936144,936178,34
124,18,.,97,195.830225,219.797475,936453,936587,134
124,0,blank,0,-350,-105,936655,936740,85
124,18,month,98,213.610925,217.659875,936982,937118,136
124,18,month,98,215.28465,211.4587,937219,937286,67
124,18,month,98,231.5669,226.8834,937389,937422,33
124,18,month,98,243.7142,223.9578,937525,937556,31
124,0,blank,0,245.8377,240.3563,937656,937690,34
124,18,.,97,199.4924,213.6382,937861,937894,33
124,18,month,98,204.29342,218.32398,937928,938098,170
124,0,blank,0,206.8333,233.1064,938098,938131,33
124,18,month,98,207.2651,215.6552,938201,938236,35
124,18,month,98,203.4031,227.4574,938270,938305,35
124,20,date,107,279.3981,260.2451,938445,938479,34
124,0,blank,0,246.0294,228.7028,938855,938892,37
124,18,12,100,294.52532,223.5069,939244,939423,179
124,18,12,100,296.7362,217.2304,939423,939530,107
124,0,blank,0,321.124225,222.420625,939565,939707,142
124,20,comma,113,401.52076,257.29816,939777,939950,173
124,0,blank,0,402.70438,256.76988,939950,940123,173
124,0,blank,0,403.06265,260.08975,940123,940192,69
124,20,today,114,460.95382,265.35502,940226,940400,174
124,0,blank,0,464.7355,273.7346,940400,940436,36
124,20,today,114,458.99385,266.72925,940469,940537,68
124,0,blank,0,355.8085,241.1124,940639,940673,34
124,0,blank,0,342.8931,233.8872,940708,940744,36
124,0,blank,0,322.99415,220.229725,940776,940917,141
124,20,year,116,474.5341,253.3242,940986,941019,33
124,20,year,116,478.3313,263.898066666667,941087,941189,102
124,0,blank,0,514.2942,267.3735,941222,941256,34
124,20,year,116,510.911725,260.988475,941291,941426,135
124,20,year,116,508.03395,268.30685,941459,941525,66
124,0,blank,0,434.9452,566.6081,942067,942101,34
124,0,blank,0,-350,-105,942135,942167,32
124,24,tomorrow,124,147.469775,343.0788,942299,942428,129
124,0,blank,0,-350,-105,942613,942793,180
124,0,blank,0,-350,-105,942793,942868,75
124,0,blank,0,194.0551,371.7201,942925,942966,41
124,0,blank,0,264.4999,234.5331,943070,943141,71
124,0,blank,0,256.9064,234.0555,943174,943207,33
124,0,blank,0,290.5718,219.0066,943411,943445,34
124,0,blank,0,292.7974,212.1652,943513,943579,66
124,18,),101,325.7093,221.5016,943645,943678,33
124,0,blank,0,321.81156,212.13366,943711,943878,167
124,0,blank,0,318.069133333333,218.494666666667,943878,943979,101
124,18,),101,330.4808,214.77795,944013,944081,68
124,0,blank,0,323.80336,219.9504,944115,944284,169
124,18,),101,325.7723,220.3208,944284,944352,68
124,18,month,98,250.22848,217.28196,944387,944561,174
124,18,month,98,252.666566666667,221.786566666667,944561,944667,106
124,0,blank,0,254.6534,231.1688,944737,944773,36
124,18,month,98,247.34388,218.11306,944808,944984,176
124,0,blank,0,257.0427,226.0783,944984,945020,36
124,18,month,98,247.06762,223.68312,945091,945266,175
124,18,month,98,246.77588,222.90622,945266,945436,170
124,18,12,100,294.0358,226.0688,945506,945542,36
124,18,12,100,303.421175,226.589525,945578,945719,141
124,0,blank,0,316.94314,326.88802,945789,945965,176
124,0,blank,0,410.244275,360.34735,946034,946176,142
124,0,blank,0,415.4402,363.0785,946317,946388,71
124,0,blank,0,494.00825,346.26975,946460,946530,70
124,0,blank,0,499.923066666667,348.001933333333,946640,946748,108
124,24,month,135,455.9885,353.5918,946855,946890,35
124,0,blank,0,453.7122,362.3385,946924,946960,36
124,24,today,139,392.53632,355.83986,947027,947201,174
124,0,blank,0,381.4756,359.5216,947271,947304,33
124,0,blank,0,378.9849,352.9546,947339,947374,35
124,24,today,139,383.4192,354.8475,947444,947479,35
124,24,today,139,391.439833333333,358.5072,947514,947616,102
124,24,today,139,427.17675,356.5087,947650,947719,69
124,24,today,139,423.7167,355.8141,947819,947889,70
124,24,+,136,513.0679,354.1468,948168,948291,123
124,0,blank,0,509.42322,362.19904,948326,948525,199
124,24,+,136,510.49148,354.22368,948525,948704,179
124,0,blank,0,507.1071,369.0674,948741,948775,34
124,0,blank,0,507.7013,366.2193,948848,948882,34
124,24,+,136,510.3043,346.4761,948918,948954,36
124,24,+,136,508.47506,358.90548,948989,949168,179
124,0,blank,0,518.01482,352.9942,949168,949349,181
124,0,blank,0,521.1539,355.5195,949349,949455,106
124,0,blank,0,522.47275,360.70025,949491,949566,75
124,24,month,135,471.75798,359.60636,949604,949782,178
124,0,blank,0,470.39018,360.49928,949782,949963,181
124,0,blank,0,420.13375,369.20855,949998,950070,72
124,0,blank,0,416.45,370.4472,950104,950139,35
124,0,blank,0,204.771733333333,394.089533333333,950207,950310,103
124,0,blank,0,208.2162,393.7,950342,950374,32
124,0,blank,0,151.3195,415.588,950675,950708,33
124,24,=,125,175.75115,353.70135,951616,951686,70
124,0,blank,0,166.7675,347.7841,951756,951791,35
124,0,blank,0,166.31588,352.1884,951857,952022,165
124,24,tomorrow,124,162.2351,356.6278,952022,952092,70
124,0,blank,0,-350,-105,952559,952622,63
124,28,date,153,266.6346,443.80265,952805,952866,61
124,28,date,153,261.122,434.7718,952936,952969,33
124,28,date,153,262.9171,445.581,953002,953037,35
124,0,blank,0,209.871333333333,461.018566666667,953135,953239,104
124,0,blank,0,207.6989,463.1177,953275,953383,108
124,0,blank,0,-350,-105,953452,953626,174
124,0,blank,0,-350,-105,953626,953655,29
124,0,blank,0,886.276,270.2975,953714,953754,40
124,0,blank,0,969.9422,306.25416,953823,953996,173
124,0,blank,0,964.781,302.9905,953996,954033,37
124,0,blank,0,969.093,289.3824,954102,954137,35
124,0,blank,0,964.728,294.7411,954171,954206,35
124,0,blank,0,257.9389,486.625025,954380,954518,138
124,0,blank,0,949.83875,263.912625,954929,955074,145
124,0,blank,0,932.871,179.8466,955451,955486,35
124,0,blank,0,961.0755,214.4579,955522,955594,72
124,0,blank,0,958.964,218.82185,955667,955739,72
124,0,blank,0,961.2935,213.84825,955885,955957,72
124,0,blank,0,956.5935,212.09865,956033,956107,74
124,0,blank,0,965.432,187.08102,956143,956327,184
124,0,blank,0,967.608,191.7032,956403,956440,37
124,0,blank,0,964.822,189.7588,956478,956515,37
124,0,blank,0,943.796,404.84575,956590,956662,72
125,0,blank,0,954.856,604.0527,957132,957168,36
125,56,"Entertoday'sdate(mmddyyyy):",311,214.105,586.34385,957351,957426,75
125,56,"Entertoday'sdate(mmddyyyy):",311,217.4576,584.19055,957503,957578,75
125,0,blank,0,152.16935,667.69555,958084,958158,74
125,0,blank,0,166.4476,682.829,958195,958229,34
125,57,"%i%i%i",316,139.52364,612.29154,958303,958481,178
125,0,blank,0,-350,-105,958518,958715,197
125,59,"Tomorrow'sdateis%i/%i/%.2i.\n",343,166.0026,662.7433,958953,958997,44
125,59,"Tomorrow'sdateis%i/%i/%.2i.\n",343,169.9016,650.214,959036,959074,38
125,0,blank,0,135.1271,667.7667,959226,959262,36
125,59,"Tomorrow'sdateis%i/%i/%.2i.\n",343,152.9542,661.739,959340,959377,37
125,0,blank,0,226.36095,678.14315,959710,959791,81
125,0,blank,0,-350,-105,959864,960023,159
125,0,blank,0,-350,-105,960180,960332,152
125,0,blank,0,169.7775,676.747,960465,960505,40
125,0,blank,0,154.0378,676.5216,960541,960579,38
125,0,blank,0,284.96275,670.688225,960813,960961,148
125,0,blank,0,299.3304,671.76135,961141,961208,67
125,0,blank,0,349.453825,664.236625,961447,961589,142
125,0,blank,0,422.610433333333,673.362933333333,961659,961765,106
125,0,blank,0,389.537833333333,675.9256,961835,961940,105
125,0,blank,0,379.87885,674.93435,961976,962046,70
125,0,blank,0,367.97096,671.5357,962081,962259,178
125,0,blank,0,362.47816,669.72954,962259,962443,184
125,0,blank,0,364.48816,671.14386,962443,962626,183
125,0,blank,0,362.027,669.569225,962626,962768,142
125,0,blank,0,405.822,665.9457,962838,962876,38
125,0,blank,0,405.2599,679.761,962912,962984,72
125,0,blank,0,411.745266666667,667.2621,963019,963127,108
125,0,blank,0,423.03562,668.73312,963161,963343,182
125,0,blank,0,432.76745,673.7302,963378,963450,72
125,0,blank,0,416.174275,667.852375,963486,963634,148
125,0,blank,0,422.30706,675.84772,963670,963848,178
125,0,blank,0,419.13365,673.503525,963848,963992,144
125,0,blank,0,403.08908,666.36892,964027,964205,178
125,0,blank,0,406.426,673.7125,964205,964311,106
125,0,blank,0,-350,-105,964380,964554,174
125,0,blank,0,391.2903,679.02026,964580,964746,166
125,0,blank,0,384.60845,672.65205,964781,964850,69
125,0,blank,0,381.3132,671.7706,964918,964953,35
125,0,blank,0,379.58525,670.5585,964987,965054,67
125,59,"Tomorrow'sdateis%i/%i/%.2i.\n",343,411.266025,658.021175,965287,965417,130
125,0,blank,0,422.0223,684.9952,965516,965549,33
125,0,blank,0,412.79645,664.29975,965581,965717,136
125,59,"Tomorrow'sdateis%i/%i/%.2i.\n",343,417.0039,659.31626,965749,965916,167
125,59,"Tomorrow'sdateis%i/%i/%.2i.\n",343,424.4958,654.9633,965916,965949,33
125,0,blank,0,425.8932,664.4341,965983,966015,32
125,59,"Tomorrow'sdateis%i/%i/%.2i.\n",343,421.24445,662.78305,966081,966147,66
125,0,blank,0,438.0156,675.8797,966282,966380,98
125,0,blank,0,414.1368,670.5785,966448,966480,32
125,0,blank,0,418.4187,677.7246,966546,966582,36
125,0,blank,0,427.87284,676.71168,966647,966813,166
125,0,blank,0,437.487033333333,673.523033333333,966813,966917,104
125,0,blank,0,432.73435,669.020525,966985,967122,137
125,0,blank,0,435.71645,665.76,967191,967262,71
125,0,blank,0,398.30382,668.1184,967296,967469,173
125,0,blank,0,396.32528,670.34424,967469,967643,174
125,0,blank,0,405.1746,672.1633,967643,967676,33
125,0,blank,0,394.294,667.3312,967710,967747,37
125,0,blank,0,408.91675,674.11115,967782,967849,67
125,0,blank,0,393.3846,677.3951,967917,967952,35
125,0,blank,0,370.9123,673.9532,967988,968129,141
125,0,blank,0,376.443,687.6071,968162,968197,35
125,0,blank,0,362.0373,672.84405,968231,968320,89
125,0,blank,0,-350,-105,968537,968671,134
125,58,dateUpdate,336,213.3932,633.3779,969037,969071,34
125,0,blank,0,403.30295,668.944125,969243,969382,139
125,0,blank,0,416.54404,677.13246,969451,969622,171
125,59,"Tomorrow'sdateis%i/%i/%.2i.\n",343,418.4421,661.6591,969622,969656,34
125,59,"Tomorrow'sdateis%i/%i/%.2i.\n",343,251.883233333333,648.7327,969760,969862,102
125,58,dateUpdate,336,186.3957,636.1672,969998,970033,35
125,58,dateUpdate,336,156.6418,626.443,970244,970277,33
125,0,blank,0,420.66064,681.28794,970514,970682,168
125,0,blank,0,415.3361,668.9318,970682,970717,35
125,0,blank,0,415.37135,678.1143,970783,970852,69
125,0,blank,0,426.862466666667,701.0482,970887,970987,100
125,0,blank,0,417.4434,674.0977,971091,971125,34
125,0,blank,0,410.7049,667.73995,971158,971228,70
125,0,blank,0,420.74995,692.77035,971262,971331,69
125,0,blank,0,418.512,677.679,971399,971436,37
125,0,blank,0,423.9072,670.02365,971675,971746,71
125,59,"Tomorrow'sdateis%i/%i/%.2i.\n",343,423.67206,663.21558,971781,971954,173
125,0,blank,0,440.4631,665.4597,972127,972160,33
125,0,blank,0,458.5481,678.93555,972195,972266,71
125,0,blank,0,440.10395,671.93685,972516,972586,70
125,0,blank,0,438.3399,677.970175,972622,972762,140
125,59,nextDay,353,514.489,660.5915,972901,972938,37
125,59,nextDay,353,505.66795,650.544925,973009,973150,141
125,0,blank,0,511.1225,666.6122,973184,973221,37
125,59,nextDay,353,643.95338,648.24646,973329,973515,186
125,59,nextDay,353,650.023,650.69235,973515,973587,72
125,59,comma,352,760.68525,662.6864,973621,973763,142
125,0,blank,0,820.7994,664.38382,973836,974013,177
125,0,blank,0,814.059,681.0168,974013,974048,35
125,0,blank,0,822.035,665.91918,974082,974256,174
125,0,blank,0,832.0188,668.4753,974256,974429,173
125,0,blank,0,845.242333333333,666.071466666667,974429,974536,107
125,0,blank,0,761.0902,666.60526,974606,974788,182
125,0,blank,0,758.6992,670.2524,974788,974978,190
125,0,blank,0,760.222,673.4996,974978,975017,39
125,0,blank,0,743.9635,670.435,975132,975211,79
125,59,day,351,735.129666666667,662.749,975327,975446,119
125,59,day,351,730.731,662.7499,975569,975610,41
125,59,nextDay,353,764.803333333333,659.206733333333,975689,975810,121
125,0,blank,0,443.77625,670.06845,975930,976092,162
125,0,blank,0,424.0051,670.87632,976210,976402,192
125,0,blank,0,422.13255,669.22415,976402,976555,153
125,0,blank,0,427.63498,673.82452,976593,976778,185
125,0,blank,0,423.4479,677.0273,976815,976852,37
125,0,blank,0,420.62294,673.87768,976890,977073,183
125,0,blank,0,421.40586,677.97708,977073,977256,183
125,0,blank,0,419.76664,675.762,977256,977440,184
125,0,blank,0,414.28385,671.122675,977440,977584,144
125,0,blank,0,410.0518,675.7809,977620,977656,36
125,0,blank,0,813.836,666.664125,977764,977908,144
125,0,blank,0,854.22,666.3976,977979,978051,72
125,0,blank,0,852.672,666.553825,978085,978225,140
125,0,blank,0,460.21812,672.91334,978331,978510,179
125,0,blank,0,445.846466666667,675.478433333333,978547,978654,107
125,0,blank,0,426.1153,671.85668,978690,978870,180
125,0,blank,0,418.02448,680.05974,978870,979054,184
125,0,blank,0,410.525,672.4338,979091,979164,73
125,0,blank,0,410.649,678.4559,979201,979383,182
125,0,blank,0,-350,-105,979418,979611,193
125,0,blank,0,407.067,678.3119,979687,979756,69
125,0,blank,0,418.69736,680.89858,979848,980014,166
125,0,blank,0,420.098775,678.491325,980014,980151,137
125,0,blank,0,426.7905,678.7886,980185,980220,35
125,59,"Tomorrow'sdateis%i/%i/%.2i.\n",343,441.20394,660.67562,980597,980765,168
125,0,blank,0,434.4605,671.88,980799,980867,68
125,0,blank,0,426.12208,676.11404,980935,981104,169
125,0,blank,0,415.9113,668.4249,981104,981206,102
125,0,blank,0,420.6471,680.74258,981240,981415,175
125,0,blank,0,-350,-105,981485,981622,137
125,0,blank,0,422.5045,682.655,981830,981854,24
125,0,blank,0,417.6655,671.8182,981925,981960,35
125,0,blank,0,407.7745,683.24,981995,982029,34
125,0,blank,0,411.614666666667,676.4708,982100,982208,108
125,0,blank,0,416.03966,669.8135,982244,982430,186
125,0,blank,0,427.8168,679.9229,982430,982469,39
125,0,blank,0,415.88438,665.5488,982507,982696,189
125,0,blank,0,412.72842,664.96894,982696,982877,181
125,0,blank,0,412.6553,671.2434,982877,982988,111
125,59,"Tomorrow'sdateis%i/%i/%.2i.\n",343,405.3542,662.6947,983024,983061,37
125,0,blank,0,410.5372,669.5229,983137,983175,38
125,0,blank,0,414.5175,686.3134,983212,983250,38
125,0,blank,0,418.1381,665.349266666667,983290,983407,117
125,0,blank,0,417.29032,671.07126,983445,983635,190
125,0,blank,0,414.0862,671.1259,983710,983749,39
125,0,blank,0,415.8742,669.95976,983787,983976,189
125,59,"Tomorrow'sdateis%i/%i/%.2i.\n",343,411.2659,662.04595,983976,984050,74
125,0,blank,0,413.274533333333,670.667033333333,984087,984200,113
125,0,blank,0,415.860333333333,675.677,984237,984352,115
125,0,blank,0,823.860666666667,665.1139,984429,984544,115
125,0,blank,0,865.8645,666.56855,984581,984655,74
125,59,year,355,870.418,658.949966666667,984693,984803,110
125,0,blank,0,875.5945,671.7719,984838,984985,147
125,0,blank,0,880.339,687.8122,985022,985057,35
125,0,blank,0,728.46,788.0387,985168,985205,37
125,0,blank,0,732.213,777.8184,985240,985279,39
125,0,blank,0,730.627,781.3217,985353,985390,37
125,0,blank,0,739.906,773.3771,985428,985467,39
125,0,blank,0,481.7937,675.5914,985543,985623,80
125,0,blank,0,480.9839,666.9031,985663,985702,39
125,0,blank,0,467.8457,674.551925,985743,985904,161
125,0,blank,0,451.06205,674.12495,985944,986025,81
125,0,blank,0,450.7783,673.2966,986105,986147,42
125,0,blank,0,439.5051,678.68985,986187,986267,80
125,0,blank,0,837.144333333333,664.471333333333,986345,986463,118
125,59,year,355,872.3385,657.9326,986500,986574,74
125,59,year,355,865.375,663.4794,986648,986685,37
125,59,year,355,861.0572,660.2368,986722,986906,184
125,59,year,355,860.872666666667,660.079966666667,986906,987016,110
125,0,blank,0,862.1016,667.15716,987051,987235,184
125,0,blank,0,867.554,671.4473,987235,987271,36
125,0,blank,0,913.591,745.653866666667,987307,987419,112
125,0,blank,0,918.690666666667,753.7677,987457,987570,113
125,0,blank,0,900.8225,790.5014,987683,987759,76
125,0,blank,0,904.40925,788.228875,987835,987993,158
125,59,year,355,869.99825,663.4133,988071,988231,160
125,0,blank,0,865.268,666.25775,988231,988310,79
125,59,year,355,875.672,649.5505,988350,988390,40
125,59,nextDay,353,522.669733333333,655.000633333333,988513,988637,124
125,0,blank,0,461.9677,666.1567,988898,989042,144
125,0,blank,0,436.642925,673.732275,989109,989267,158
125,0,blank,0,-350,-105,989305,989486,181
125,0,blank,0,-350,-105,989486,989556,70
125,0,blank,0,644.8177,-103.9864,989659,989698,39
125,0,blank,0,621.03055,783.90525,989812,989885,73
125,0,blank,0,624.05735,-103.98745,990000,990074,74
125,0,blank,0,850.079,670.1682,990257,990368,111
125,0,blank,0,870.748,664.4461,990407,990521,114
125,0,blank,0,866.261333333333,672.6664,990560,990672,112
125,0,blank,0,866.452666666667,668.225733333333,990824,990938,114
125,59,year,355,869.689333333333,655.5402,991013,991125,112
125,0,blank,0,864.0064,665.10978,991202,991392,190
125,0,blank,0,868.1605,671.26755,991392,991469,77
125,0,blank,0,865.374,672.1939,991508,991623,115
125,0,blank,0,863.7805,673.199,991662,991739,77
125,0,blank,0,457.967066666667,668.658666666667,991854,991976,122
125,0,blank,0,417.3754,673.53,992015,992056,41
125,0,blank,0,422.741266666667,675.7654,992096,992216,120
125,0,blank,0,425.55595,672.67185,992295,992373,78
125,0,blank,0,421.55286,677.45658,992411,992600,189
125,0,blank,0,419.26472,676.48394,992600,992786,186
125,0,blank,0,415.6071,674.563,992786,992974,188
125,0,blank,0,414.626925,673.827025,992974,993125,151
125,0,blank,0,580.2418,783.0243,993309,993380,71
125,0,blank,0,605.1532,782.5468,993487,993522,35
125,0,blank,0,596.0314,782.2698,993592,993627,35
125,0,blank,0,856.81975,680.840875,993846,993999,153
125,0,blank,0,877.73,671.8141,994149,994187,38
125,0,blank,0,877.9728,684.8428,994225,994416,191
125,0,blank,0,917.2915,790.85965,994796,994871,75
125,0,blank,0,914.4485,-103.9916,994909,994984,75
125,0,blank,0,868.1324,678.08922,995059,995256,197
125,0,blank,0,874.469,667.0592,995256,995298,42
125,0,blank,0,872.043,679.6396,995337,995416,79
125,0,blank,0,873.485,629.8801,995496,995535,39
125,59,year,355,889.115,650.9424,995575,995616,41
125,0,blank,0,880.76925,665.1117,995695,995849,154
125,0,blank,0,876.363333333333,682.255433333333,995887,996000,113
125,0,blank,0,878.277,669.9688,996075,996113,38
125,0,blank,0,878.448,690.5326,996151,996189,38
125,0,blank,0,-350,-105,996379,996539,160
125,0,blank,0,-350,-105,996539,996685,146
125,0,blank,0,-350,-105,996685,996833,148
125,59,"Tomorrow'sdateis%i/%i/%.2i.\n",343,404.994666666667,655.6895,996867,996972,105
125,0,blank,0,371.9773,664.9901,997007,997044,37
125,0,blank,0,379.812466666667,676.035033333333,997080,997193,113
125,59,"Tomorrow'sdateis%i/%i/%.2i.\n",343,380.6219,656.6758,997230,997267,37
125,0,blank,0,366.82745,668.6912,997444,997512,68
125,59,"Tomorrow'sdateis%i/%i/%.2i.\n",343,361.572733333333,648.233166666667,997547,997652,105
125,58,),339,340.7751,638.9833,997686,997721,35
125,57,thisDay,329,296.3207,610.666966666667,997754,997856,102
125,57,thisDay,329,420.8603,601.0916,998353,998388,35
125,57,&,328,534.2542,613.581266666667,998592,998699,107
125,57,thisDay,329,566.2965,615.9454,998770,998806,36
125,57,thisDay,329,563.0011,608.0209,998878,998912,34
125,57,thisDay,329,565.33834,615.84488,998948,999125,177
125,0,blank,0,524.0674,620.27585,999197,999271,74
125,59,"Tomorrow'sdateis%i/%i/%.2i.\n",343,212.8329,643.1977,999378,999412,34
125,58,dateUpdate,336,214.4551,621.4654,999545,999578,33
125,59,"Tomorrow'sdateis%i/%i/%.2i.\n",343,234.5915,654.863,999675,999713,38
125,59,"Tomorrow'sdateis%i/%i/%.2i.\n",343,324.1119,653.1077,999913,999944,31
125,59,nextDay,353,817.829,661.7285,1000190,1000225,35
125,59,nextDay,353,817.825,659.9406,1000292,1000325,33
125,0,blank,0,843.815,670.3795,1000390,1000423,33
125,0,blank,0,849.250666666667,669.3836,1000489,1000588,99
125,0,blank,0,843.205,672.343733333333,1000654,1000751,97
125,57,thisDay,329,442.92194,611.74294,1000880,1001055,175
125,57,thisDay,329,435.4473,612.9797,1001055,1001089,34
125,0,blank,0,-350,-105,1001125,1001293,168
125,0,blank,0,849.981,680.5408,1001331,1001413,82
125,0,blank,0,824.088,665.3245,1002039,1002114,75
125,0,blank,0,-350,-105,1003174,1003360,186
125,0,blank,0,-350,-105,1003360,1003559,199
125,0,blank,0,-350,-105,1003559,1003725,166
125,0,blank,0,-350,-105,1003725,1003901,176
125,0,blank,0,-350,-105,1003901,1004080,179
125,0,blank,0,-350,-105,1004080,1004259,179
125,0,blank,0,-350,-105,1004259,1004439,180
125,0,blank,0,-350,-105,1004439,1004626,187
125,0,blank,0,-350,-105,1004626,1004807,181
125,0,blank,0,-350,-105,1004807,1004983,176
125,0,blank,0,-350,-105,1004983,1005158,175
125,0,blank,0,-350,-105,1005158,1005336,178
125,0,blank,0,-350,-105,1005336,1005512,176
125,0,blank,0,-350,-105,1005512,1005694,182
125,0,blank,0,-350,-105,1005694,1005875,181
125,0,blank,0,-350,-105,1005875,1006051,176
125,0,blank,0,-350,-105,1006051,1006148,97
125,0,blank,0,-350,-105,1006148,1006279,131
125,0,blank,0,-350,-105,1006279,1006402,123
125,0,blank,0,-350,-105,1006402,1006568,166
125,0,blank,0,-350,-105,1006568,1006707,139
125,0,blank,0,-350,-105,1006707,1006882,175
125,0,blank,0,-350,-105,1006882,1007065,183
125,0,blank,0,-350,-105,1007065,1007247,182
125,0,blank,0,-350,-105,1007247,1007418,171
125,0,blank,0,-350,-105,1007418,1007612,194
125,0,blank,0,-350,-105,1007612,1007783,171
125,0,blank,0,-350,-105,1007783,1007954,171
125,0,blank,0,-350,-105,1007954,1008131,177
125,0,blank,0,-350,-105,1008131,1008307,176
125,0,blank,0,-350,-105,1008307,1008487,180
125,0,blank,0,-350,-105,1008487,1008670,183
125,0,blank,0,-350,-105,1008670,1008849,179
125,0,blank,0,-350,-105,1008849,1009028,179
125,0,blank,0,-350,-105,1009028,1009218,190
125,0,blank,0,-350,-105,1009218,1009389,171
125,0,blank,0,-350,-105,1009389,1009552,163
125,0,blank,0,-350,-105,1009552,1009723,171
125,0,blank,0,-350,-105,1009723,1009909,186
125,0,blank,0,-350,-105,1009909,1010084,175
125,0,blank,0,-350,-105,1010084,1010267,183
125,0,blank,0,-350,-105,1010267,1010444,177
125,0,blank,0,-350,-105,1010444,1010622,178
125,0,blank,0,-350,-105,1010622,1010819,197
125,0,blank,0,-350,-105,1010819,1011056,237
125,0,blank,0,-350,-105,1011056,1011292,236
125,0,blank,0,-350,-105,1011292,1011554,262
125,0,blank,0,-350,-105,1011554,1011733,179
125,0,blank,0,-350,-105,1011733,1011913,180
125,0,blank,0,-350,-105,1011913,1012093,180
125,0,blank,0,-350,-105,1012093,1012202,109
125,0,blank,0,382.7868,677.3862,1012249,1012424,175
125,59,year,355,865.854,658.6675,1013536,1013571,35
125,0,blank,0,840.251,679.9616,1013641,1013676,35
125,0,blank,0,-350,-105,1013744,1013932,188
125,0,blank,0,-350,-105,1013932,1014109,177
125,0,blank,0,-350,-105,1014109,1014295,186
125,0,blank,0,-350,-105,1014295,1014470,175
125,0,blank,0,-350,-105,1014470,1014648,178
125,0,blank,0,-350,-105,1014648,1014835,187
125,0,blank,0,-350,-105,1014835,1014979,144
125,0,blank,0,-350,-105,1014979,1015150,171
125,0,blank,0,-350,-105,1015150,1015323,173
125,0,blank,0,-350,-105,1015323,1015508,185
125,0,blank,0,-350,-105,1015508,1015676,168
125,0,blank,0,-350,-105,1015676,1015841,165
125,0,blank,0,-350,-105,1015841,1016019,178
125,0,blank,0,-350,-105,1016019,1016197,178
125,0,blank,0,-350,-105,1016197,1016378,181
125,0,blank,0,-350,-105,1016378,1016526,148
125,0,blank,0,-350,-105,1016526,1016596,70
125,0,blank,0,-350,-105,1016596,1016740,144
125,0,blank,0,-350,-105,1016740,1016927,187
125,0,blank,0,-350,-105,1016927,1017102,175
125,0,blank,0,-350,-105,1017102,1017280,178
125,0,blank,0,-350,-105,1017280,1017460,180
125,0,blank,0,-350,-105,1017460,1017635,175
125,0,blank,0,-350,-105,1017635,1017812,177
125,0,blank,0,-350,-105,1017812,1017990,178
125,0,blank,0,-350,-105,1017990,1018168,178
125,0,blank,0,-350,-105,1018168,1018349,181
125,0,blank,0,-350,-105,1018349,1018460,111
125,0,blank,0,-350,-105,1020425,1020557,132
125,0,blank,0,-350,-105,1020557,1020703,146
125,0,blank,0,-350,-105,1020703,1020859,156
125,0,blank,0,-350,-105,1020859,1021022,163
125,0,blank,0,-350,-105,1021022,1021212,190
125,58,nextDay,334,104.8768,640.1361,1021240,1021271,31
125,0,blank,0,124.0869,527.3046,1021429,1021467,38
125,0,blank,0,163.2453,555.8373,1021538,1021574,36
125,55,nextDay,307,265.9802,561.7519,1022196,1022228,32
125,0,blank,0,153.0571,515.8927,1022304,1022378,74
125,0,blank,0,166.2637,521.9345,1022413,1022449,36
125,0,blank,0,-350,-105,1022520,1022609,89
125,0,blank,0,-350,-105,1022609,1022752,143
125,55,nextDay,307,324.1012,566.7733,1022854,1022893,39
125,55,nextDay,307,311.531533333333,562.833266666667,1022931,1023042,111
125,0,blank,0,323.9423,576.8247,1023343,1023379,36
125,0,blank,0,381.875,563.607866666667,1023414,1023522,108
125,0,blank,0,380.075733333333,554.6411,1023556,1023664,108
125,0,blank,0,391.288,558.8906,1023702,1023742,40
125,56,"Entertoday'sdate(mmddyyyy):",311,363.91336,594.27788,1023778,1023966,188
125,56,"Entertoday'sdate(mmddyyyy):",311,366.80326,595.30498,1024003,1024189,186
125,0,blank,0,334.899125,570.835625,1024225,1024373,148
125,0,blank,0,157.9452,560.305,1024674,1024708,34
125,54,date,299,138.5071,549.9025,1024744,1024780,36
125,49,leapYearFlag,280,170.925825,433.38975,1024817,1024965,148
125,50,leapYearFlag,285,198.8627,454.3444,1025004,1025042,38
125,50,leapYearFlag,285,199.748633333333,446.994733333333,1025114,1025223,109
125,50,leapYearFlag,285,199.7004,454.79275,1025328,1025398,70
125,49,leapYearFlag,280,201.1519,443.121825,1025506,1025653,147
125,50,leapYearFlag,285,228.7883,453.3414,1025688,1025888,200
125,50,leapYearFlag,285,191.8521,455.166,1026285,1026391,106
125,50,;,286,241.54335,461.05295,1026502,1026573,71
125,0,blank,0,215.1547,526.1339,1026828,1026864,36
125,0,blank,0,-350,-105,1027325,1027450,125
125,0,blank,0,-350,-105,1027871,1028005,134
125,0,blank,0,324.9733,310.4352,1028050,1028108,58
125,0,blank,0,334.9252,319.5655,1028142,1028178,36
125,46,year,269,353.9807,368.7279,1028213,1028284,71
125,46,year,269,319.11826,374.01536,1028319,1028490,171
125,0,blank,0,308.6586,381.8704,1028560,1028598,38
125,46,%,270,374.3706,375.9851,1028950,1028985,35
125,46,%,270,374.61355,366.93025,1029054,1029124,70
125,0,blank,0,382.18754,371.99784,1029192,1029364,172
125,0,blank,0,391.4966,387.102,1029364,1029399,35
125,46,year,269,332.62376,372.05016,1029468,1029646,178
125,46,year,269,330.902175,373.979025,1029646,1029786,140
125,46,.,268,305.9987,360.2044,1029954,1030045,91
125,46,.,268,306.3534,363.7926,1030045,1030182,137
125,46,year,269,322.93984,377.80874,1030307,1030480,173
125,0,blank,0,328.7005,386.337,1030480,1030515,35
125,46,.,268,310.691133333333,370.289466666667,1030548,1030652,104
125,0,blank,0,474.32018,376.15264,1030761,1030933,172
125,0,blank,0,478.04195,376.5662,1030933,1031003,70
125,46,.,268,528.11614,373.19588,1031075,1031251,176
125,0,blank,0,530.0125,382.5165,1031251,1031323,72
125,0,blank,0,295.52025,420.40355,1031506,1031581,75
125,47,;,278,276.1093,398.2382,1031655,1031692,37
125,0,blank,0,273.7291,411.71505,1031836,1031906,70
125,0,blank,0,273.0187,415.6548,1031979,1032014,35
125,57,thisDay,329,400.05395,612.5661,1032119,1032192,73
125,57,thisDay,329,414.1089,617.2919,1032226,1032264,38
125,0,blank,0,409.68165,630.11985,1032298,1032368,70
125,0,blank,0,402.5966,628.9783,1032477,1032510,33
125,0,blank,0,406.4689,627.0907,1032582,1032617,35
125,59,"Tomorrow'sdateis%i/%i/%.2i.\n",343,417.87365,663.91415,1032686,1032829,143
125,0,blank,0,419.9384,667.9082,1032866,1033013,147
125,0,blank,0,445.736533333333,672.173733333333,1033048,1033160,112
125,59,"Tomorrow'sdateis%i/%i/%.2i.\n",343,448.9526,657.7557,1033306,1033343,37
125,57,thisDay,329,432.5495,609.79675,1033382,1033456,74
125,57,thisDay,329,439.2782,602.6781,1033492,1033567,75
125,56,"Entertoday'sdate(mmddyyyy):",311,418.0261,596.77732,1033605,1033791,186
125,0,blank,0,381.25484,601.23348,1033829,1034018,189
125,0,blank,0,378.4831,603.51924,1034018,1034201,183
125,56,"Entertoday'sdate(mmddyyyy):",311,410.300433333333,593.221066666667,1034273,1034380,107
125,56,"Entertoday'sdate(mmddyyyy):",311,405.1636,593.19165,1034416,1034491,75
125,56,"Entertoday'sdate(mmddyyyy):",311,413.0339,594.213866666667,1034564,1034671,107
125,57,&,328,389.2781,605.32755,1034743,1034811,68
125,57,&,328,384.34845,606.557525,1034954,1035097,143
125,58,thisDay,338,305.64325,623.482,1035167,1035238,71
125,59,"Tomorrow'sdateis%i/%i/%.2i.\n",343,318.4898,644.3405,1035308,1035342,34
125,58,thisDay,338,309.9073,632.87715,1035378,1035446,68
125,58,thisDay,338,314.0264,641.7294,1035482,1035515,33
125,57,thisDay,329,402.44465,610.53495,1036432,1036501,69
125,57,thisDay,329,399.154366666667,608.3151,1036535,1036640,105
125,56,"Entertoday'sdate(mmddyyyy):",311,411.37206,595.46808,1036710,1036885,175
125,56,"Entertoday'sdate(mmddyyyy):",311,405.4313,595.5459,1036885,1036957,72
125,56,"Entertoday'sdate(mmddyyyy):",311,410.8567,597.358966666667,1037097,1037203,106
125,0,blank,0,-350,-105,1038484,1038545,61
125,0,blank,0,373.6777,642.1442,1038773,1038811,38
125,0,blank,0,467.4031,639.2181,1039201,1039251,50
125,0,blank,0,504.6202,621.1209,1039597,1039654,57
125,0,blank,0,411.9135,624.9092,1039763,1039816,53
125,57,.,330,467.0299,607.41075,1039868,1039956,88
125,57,thisDay,329,417.56494,615.52844,1040027,1040202,175
125,57,thisDay,329,236.0473,612.42914,1040271,1040443,172
125,0,blank,0,-350,-105,1041083,1041211,128
125,54,struct,298,103.8913,551.6384,1041788,1041837,49
125,56,"Entertoday'sdate(mmddyyyy):",311,240.364,578.3291,1042003,1042054,51
125,52,int,288,11.66186,496.42816,1042397,1042571,174
125,52,int,288,9.3162,502.996166666667,1042571,1042673,102
125,56,printf,309,103.235,580.02738,1042781,1042953,172
125,0,blank,0,106.00265,600.3883,1043059,1043128,69
125,0,blank,0,106.65566,601.1575,1043200,1043379,179
125,0,blank,0,102.99478,605.80022,1043379,1043558,179
125,0,blank,0,104.3894,608.7457,1043558,1043735,177
125,0,blank,0,102.02602,607.95478,1043735,1043910,175
125,0,blank,0,96.4674666666667,611.658833333333,1043910,1044015,105
125,57,scanf,314,86.10356,604.35388,1044086,1044263,177
125,57,scanf,314,78.2109,615.411933333333,1044263,1044370,107
125,57,scanf,314,74.62176,610.53568,1044406,1044580,174
125,57,scanf,314,77.595,612.049033333333,1044580,1044683,103
125,0,blank,0,-350,-105,1044717,1044896,179
125,0,blank,0,-350,-105,1044896,1045054,158
125,0,blank,0,-350,-105,1045054,1045175,121
125,0,blank,0,-350,-105,1045589,1045661,72
125,0,blank,0,567.509275,-103.86805,1045920,1046105,185
125,0,blank,0,571.96845,-103.8704,1046105,1046300,195
125,0,blank,0,570.11555,-103.87155,1046300,1046401,101
125,0,blank,0,571.4952,-103.8617,1046451,1046501,50
125,0,blank,0,487.500375,-103.8852,1046658,1046824,166
125,0,blank,0,488.8715,-103.88914,1046824,1047021,197
125,0,blank,0,488.5609,-103.8926,1047021,1047058,37
125,0,blank,0,156.16948,565.81352,1047167,1047350,183
125,55,date,304,153.1686,574.1135,1047350,1047495,145
125,0,blank,0,145.707133333333,532.5618,1047531,1047640,109
125,47,leapYearFlag,275,125.445475,398.421175,1047712,1047857,145
125,0,blank,0,128.3206,406.889475,1047893,1048039,146
125,31,struct,163,290.28235,37.11815,1048186,1048256,70
125,0,blank,0,286.2824,-14.5516,1048329,1048364,35
125,0,blank,0,-350,-105,1048518,1048560,42
125,0,blank,0,-350,-105,1048671,1048732,61
125,0,blank,0,325.6749,-32.2077,1049268,1049307,39
125,0,blank,0,412.8156,-18.6459,1049561,1049598,37
125,0,blank,0,-350,-105,1050048,1050161,113
125,0,blank,0,586.1717,752.9166,1050737,1050904,167
125,0,blank,0,657.4695,778.86845,1051293,1051396,103
125,0,blank,0,576.78255,-103.9527,1051448,1051550,102
125,0,blank,0,-350,-105,1051654,1051822,168
125,0,blank,0,-350,-105,1051822,1052018,196
125,0,blank,0,-350,-105,1052018,1052195,177
125,0,blank,0,-350,-105,1052195,1052372,177
125,0,blank,0,-350,-105,1052372,1052546,174
125,0,blank,0,-350,-105,1052546,1052722,176
125,0,blank,0,-350,-105,1052722,1052898,176
125,0,blank,0,-350,-105,1052898,1053081,183
125,0,blank,0,-350,-105,1053081,1053177,96
125,0,blank,0,-350,-105,1053177,1053323,146
125,0,blank,0,-350,-105,1053323,1053491,168
125,0,blank,0,-350,-105,1053491,1053625,134
125,0,blank,0,-350,-105,1053625,1053824,199
125,0,blank,0,-350,-105,1053824,1054003,179
125,0,blank,0,-350,-105,1054003,1054163,160
125,0,blank,0,-350,-105,1054163,1054351,188
125,0,blank,0,-350,-105,1054351,1054519,168
125,0,blank,0,-350,-105,1054519,1054689,170
125,0,blank,0,-350,-105,1054689,1054872,183
125,0,blank,0,-350,-105,1054872,1055062,190
125,0,blank,0,-350,-105,1055062,1055229,167
125,0,blank,0,-350,-105,1055229,1055412,183
125,0,blank,0,-350,-105,1055412,1055591,179
125,0,blank,0,-350,-105,1055591,1055773,182
125,0,blank,0,-350,-105,1055773,1055961,188
125,0,blank,0,-350,-105,1055961,1056136,175
125,0,blank,0,-350,-105,1056136,1056312,176
125,0,blank,0,-350,-105,1056312,1056490,178
125,0,blank,0,-350,-105,1056490,1056668,178
125,0,blank,0,-350,-105,1056668,1056845,177
125,0,blank,0,-350,-105,1056845,1057029,184
125,0,blank,0,-350,-105,1057029,1057171,142
125,55,thisDay,305,162.5154,572.8209,1057628,1057680,52
125,56,"Entertoday'sdate(mmddyyyy):",311,165.6084,584.3024,1058035,1058089,54
125,56,printf,309,81.6687666666667,597.125833333333,1058191,1058315,124
125,57,scanf,314,80.84272,614.26698,1058385,1058562,177
125,57,scanf,314,71.932575,604.228975,1058562,1058708,146
125,0,blank,0,24.81936,604.07046,1058744,1058929,185
125,0,blank,0,26.3709,608.7749,1058929,1058964,35
125,0,blank,0,19.36278,614.2615,1059000,1059177,177
125,57,scanf,314,84.84115,608.37525,1059267,1059440,173
125,57,scanf,314,90.38925,610.65035,1059440,1059601,161
125,57,scanf,314,92.7917,615.8638,1059601,1059645,44
125,57,scanf,314,88.9808,614.1536,1059682,1059848,166
125,57,scanf,314,88.4704333333333,611.832266666667,1059888,1060011,123
125,0,blank,0,203.0073,613.8892,1060094,1060131,37
125,58,dateUpdate,336,194.624666666667,621.760533333333,1060168,1060273,105
125,57,"%i%i%i",316,184.2112,609.4156,1060309,1060414,105
125,57,"%i%i%i",316,187.5018,614.653,1060486,1060523,37
125,57,"%i%i%i",316,163.7751,610.3902,1060556,1060706,150
125,0,blank,0,-350,-105,1060746,1060922,176
125,0,blank,0,-350,-105,1060922,1061077,155
125,0,blank,0,108.711,619.3133,1061296,1061335,39
125,58,nextDay,334,103.316,624.3634,1061382,1061452,70
125,0,blank,0,104.1338,592.6171,1061487,1061522,35
125,0,blank,0,106.3795,608.0965,1061628,1061665,37
125,0,blank,0,102.8243,620.207166666667,1061701,1061805,104
125,57,scanf,314,91.66665,616.853825,1061875,1062013,138
125,58,nextDay,334,86.9455666666667,621.933933333333,1062047,1062153,106
125,57,scanf,314,91.6304333333333,610.258933333333,1062225,1062332,107
125,0,blank,0,91.4563,620.3079,1062438,1062474,36
125,58,nextDay,334,86.5968,627.1729,1062544,1062579,35
125,0,blank,0,-350,-105,1062684,1062799,115
125,58,nextDay,334,97.30585,622.2246,1063013,1063149,136
125,0,blank,0,36.00104,630.54066,1063183,1063361,178
125,0,blank,0,35.5928333333333,629.731066666667,1063361,1063466,105
125,0,blank,0,35.30494,617.60196,1063501,1063683,182
125,58,nextDay,334,97.4961333333334,629.541433333333,1063718,1063829,111
125,0,blank,0,108.7774,620.2316,1063865,1063901,36
125,0,blank,0,71.56756,431.88202,1063938,1064115,177
125,0,blank,0,72.41745,435.97075,1064115,1064260,145
125,0,blank,0,65.533,193.56052,1064329,1064503,174
125,0,blank,0,78.50132,112.37198,1064572,1064748,176
125,0,blank,0,80.12665,110.45465,1064748,1064820,72
125,0,blank,0,21.1524,141.5834,1064854,1064923,69
125,0,blank,0,24.4831333333333,152.093166666667,1064990,1065089,99
125,37,isLeapYear,203,116.932933333333,159.844233333333,1065156,1065260,104
125,0,blank,0,122.8263,156.0249,1065294,1065330,36
125,0,blank,0,-350,-105,1065401,1065485,84
125,59,"Tomorrow'sdateis%i/%i/%.2i.\n",343,198.40965,660.09745,1065623,1065683,60
125,57,comma,327,210.883,604.880125,1065719,1065859,140
125,0,blank,0,198.63652,620.7852,1065895,1066076,181
125,58,;,340,351.09532,622.1513,1066180,1066354,174
125,57,month,321,356.91825,615.23435,1066354,1066422,68
125,58,thisDay,338,327.0654,625.65955,1066456,1066526,70
125,58,thisDay,338,317.615166666667,621.673033333333,1066560,1066664,104
125,58,thisDay,338,311.746225,626.6959,1066696,1066835,139
125,58,=,335,125.0033,624.8447,1066905,1066941,36
125,57,"%i%i%i",316,124.2649,609.593266666667,1066975,1067080,105
125,0,blank,0,102.58964,616.12298,1067113,1067287,174
125,0,blank,0,105.1644,606.7053,1067287,1067323,36
125,56,"Entertoday'sdate(mmddyyyy):",311,204.549966666667,597.102433333333,1067462,1067566,104
125,56,"Entertoday'sdate(mmddyyyy):",311,207.20015,590.752325,1067634,1067779,145
125,56,"Entertoday'sdate(mmddyyyy):",311,204.956833333333,595.539866666667,1067847,1067949,102
125,57,"%i%i%i",316,145.7736,602.6912,1068018,1068053,35
125,0,blank,0,99.73225,606.93395,1068228,1068367,139
125,0,blank,0,101.969825,607.09915,1068401,1068544,143
125,58,dateUpdate,336,198.64715,632.6627,1068616,1068689,73
125,58,dateUpdate,336,197.2998,629.603866666667,1068830,1068937,107
125,59,"Tomorrow'sdateis%i/%i/%.2i.\n",343,248.769666666667,660.704866666667,1068973,1069080,107
125,0,blank,0,245.8865,668.348325,1069151,1069292,141
125,0,blank,0,291.488275,678.858275,1069435,1069577,142
125,0,blank,0,293.714533333333,680.988833333333,1069648,1069756,108
125,0,blank,0,294.47528,685.13072,1069794,1069975,181
125,0,blank,0,293.09355,692.2785,1069975,1070049,74
125,59,"Tomorrow'sdateis%i/%i/%.2i.\n",343,338.28724,646.07228,1070121,1070302,181
125,58,),339,334.53215,640.08585,1070302,1070445,143
125,0,blank,0,463.3284,672.67845,1070517,1070618,101
125,0,blank,0,463.6978,665.257,1070618,1070737,119
125,57,thisDay,329,262.8501,609.6032,1071664,1071699,35
125,57,thisDay,329,257.7734,608.8267,1071736,1071807,71
125,0,blank,0,180.3196,576.4045,1071951,1071985,34
125,56,"Entertoday'sdate(mmddyyyy):",311,127.741725,581.23455,1072126,1072271,145
125,56,"Entertoday'sdate(mmddyyyy):",311,124.2713,582.4977,1072308,1072345,37
125,56,printf,309,86.17938,593.242,1072383,1072564,181
125,56,printf,309,79.4772,595.3761,1072564,1072634,70
125,0,blank,0,38.8422,626.13222,1072702,1072874,172
125,0,blank,0,41.09085,632.449175,1072874,1073008,134
125,59,printf,341,76.1248,658.15,1073041,1073075,34
125,59,printf,341,69.2566333333333,653.879266666667,1073108,1073211,103
125,0,blank,0,155.514833333333,673.592433333333,1073278,1073382,104
125,0,blank,0,282.1533,683.1448,1073553,1073588,35
125,0,blank,0,291.2272,669.507266666667,1073620,1073721,101
125,0,blank,0,257.782766666667,667.220966666667,1073824,1073927,103
125,0,blank,0,327.8571,674.7574,1073996,1074031,35
125,0,blank,0,337.46262,679.72572,1074100,1074270,170
125,0,blank,0,335.4977,667.1872,1074270,1074304,34
125,0,blank,0,315.431366666667,677.435333333333,1074338,1074440,102
125,0,blank,0,-350,-105,1075070,1075211,141
125,0,blank,0,-350,-105,1075211,1075355,144
125,0,blank,0,442.2108,691.2213,1075628,1075657,29
125,0,blank,0,457.47365,671.42085,1075692,1075761,69
125,59,"Tomorrow'sdateis%i/%i/%.2i.\n",343,294.0506,661.838,1075828,1075861,33
125,59,"Tomorrow'sdateis%i/%i/%.2i.\n",343,310.9037,663.5842,1075930,1075966,36
125,59,"Tomorrow'sdateis%i/%i/%.2i.\n",343,264.208766666667,651.019566666667,1076034,1076135,101
125,0,blank,0,-350,-105,1076202,1076394,192
125,59,"Tomorrow'sdateis%i/%i/%.2i.\n",343,297.6604,663.4216,1076449,1076526,77
125,0,blank,0,87.33355,738.06245,1076763,1076828,65
125,0,blank,0,-350,-105,1077065,1077098,33
125,0,blank,0,813.396,674.3442,1077659,1077746,87
125,0,blank,0,393.6591,697.4352,1077934,1078023,89
125,59,"Tomorrow'sdateis%i/%i/%.2i.\n",343,313.292066666667,654.4468,1078166,1078282,116
125,59,"Tomorrow'sdateis%i/%i/%.2i.\n",343,320.3395,655.0327,1078315,1078349,34
125,0,blank,0,-350,-105,1078417,1078607,190
125,0,blank,0,-350,-105,1078607,1078799,192
125,0,blank,0,-350,-105,1078799,1078993,194
125,0,blank,0,-350,-105,1078993,1079117,124
125,0,blank,0,-350,-105,1079117,1079216,99
125,0,blank,0,436.453875,676.45415,1079285,1079429,144
125,0,blank,0,425.2525,677.48404,1079463,1079632,169
125,0,blank,0,422.24075,676.852966666667,1079632,1079828,196
125,0,blank,0,424.9153,674.3553,1079828,1079861,33
125,0,blank,0,417.37665,676.760825,1079893,1080024,131
125,0,blank,0,427.0302,690.241,1080057,1080090,33
125,0,blank,0,416.649233333333,680.177533333333,1080154,1080253,99
125,0,blank,0,416.9178,674.03036,1080318,1080488,170
125,0,blank,0,419.4928,679.7797,1080488,1080591,103
125,0,blank,0,421.74435,683.25085,1080591,1080785,194
125,0,blank,0,424.69485,693.6679,1080821,1080895,74
125,0,blank,0,-350,-105,1081835,1082019,184
125,0,blank,0,-350,-105,1082019,1082058,39
125,0,blank,0,-350,-105,1082418,1082471,53
125,0,blank,0,-350,-105,1082471,1082629,158
125,0,blank,0,-350,-105,1082629,1082810,181
125,0,blank,0,-350,-105,1082810,1082897,87
125,0,blank,0,-350,-105,1082897,1083090,193
125,0,blank,0,-350,-105,1083090,1083322,232
125,0,blank,0,-350,-105,1083322,1083628,306
125,0,blank,0,-350,-105,1083628,1084109,481
125,0,blank,0,-350,-105,1084109,1084155,46
125,0,blank,0,-350,-105,1084155,1084428,273
125,0,blank,0,-350,-105,1084428,1084618,190
125,0,blank,0,-350,-105,1084618,1084772,154
125,56,"Entertoday'sdate(mmddyyyy):",311,265.2286,589.0824,1084814,1084868,54
125,0,blank,0,-350,-105,1085004,1085035,31
125,0,blank,0,-350,-105,1085035,1085215,180
125,0,blank,0,946.779,514.2362,1085624,1085671,47
126,16,month,79,459.0843,333.83025,1086336,1086472,136
126,16,struct,73,229.491275,344.2717,1086679,1086815,136
126,0,blank,0,965.98325,451.73405,1087015,1087158,143
126,0,blank,0,962.649,329.1634,1087264,1087299,35
126,0,blank,0,971.17925,320.649025,1087333,1087473,140
126,0,blank,0,969.24,312.5784,1087508,1087543,35
126,0,blank,0,977.298,302.9439,1087578,1087614,36
126,0,blank,0,974.5055,319.99835,1087648,1087717,69
126,0,blank,0,970.028,327.3841,1087753,1087788,35
126,0,blank,0,972.708,308.3035,1087823,1087859,36
126,0,blank,0,750.7106,299.44362,1087931,1088105,174
126,0,blank,0,745.5875,304.71845,1088105,1088174,69
126,16,today,87,639.6809,352.54296,1088210,1088397,187
126,16,today,87,639.7169,340.94168,1088435,1088617,182
126,16,today,87,643.3042,343.6722,1088617,1088689,72
126,0,blank,0,964.2016,319.34688,1088797,1088968,171
126,0,blank,0,965.531,345.0008,1089002,1089036,34
126,0,blank,0,936.148,188.63,1089137,1089172,35
126,0,blank,0,929.092,192.73705,1089207,1089277,70
126,0,blank,0,932.545,190.4303,1089310,1089346,36
126,0,blank,0,283.13536,180.28034,1089449,1089627,178
126,0,blank,0,291.3555,188.0894,1089627,1089662,35
126,0,blank,0,657.392,374.0722,1089771,1089808,37
126,0,blank,0,716.5268,-103.8951,1089985,1090159,174
126,0,blank,0,700.941,-103.8889,1090159,1090194,35
126,0,blank,0,632.85364,-103.8986,1090229,1090404,175
126,0,blank,0,630.2568,-103.9013,1090404,1090439,35
126,0,blank,0,629.2048,-103.8997,1090508,1090581,73
126,0,blank,0,795.940666666667,790.756566666667,1090692,1090802,110
126,0,blank,0,913.216,472.9095,1091167,1091296,129
126,0,blank,0,968.553,287.96815,1091380,1091537,157
126,0,blank,0,972.5156,195.03098,1091574,1091761,187
126,0,blank,0,964.1686,54.24822,1091835,1092027,192
126,0,blank,0,964.579,62.5988,1092027,1092066,39
126,0,blank,0,961.918,127.045,1092104,1092296,192
126,0,blank,0,957.9326,130.00764,1092296,1092486,190
126,0,blank,0,960.864333333333,137.040033333333,1092486,1092598,112
126,0,blank,0,889.3136,544.47588,1092677,1092870,193
126,0,blank,0,977.989,593.87886,1092907,1093094,187
126,0,blank,0,982.090333333333,597.261666666667,1093094,1093207,113
126,0,blank,0,965.3786,102.00882,1093320,1093508,188
126,0,blank,0,965.1902,101.34338,1093508,1093695,187
126,0,blank,0,964.819,94.4757,1093695,1093732,37
126,0,blank,0,960.819666666667,100.421333333333,1093769,1093882,113
126,0,blank,0,973.7764,7.80918,1093958,1094157,199
126,0,blank,0,967.797,10.4865,1094157,1094197,40
126,14,today,66,390.78905,289.798275,1094279,1094444,165
126,14,today,66,393.1301,295.3662,1094444,1094485,41
126,0,blank,0,946.24825,150.122825,1094607,1094758,151
126,0,blank,0,972.9422,127.01038,1094796,1094987,191
126,0,blank,0,974.077,127.5405,1094987,1095061,74
127,0,blank,0,264.19342,456.7124,1096476,1096659,183
127,0,blank,0,264.5305,454.8416,1096659,1096697,38
127,0,blank,0,272.3123,556.18198,1096735,1096914,179
127,0,blank,0,251.568625,532.21085,1096950,1097095,145
127,0,blank,0,-350,-105,1097168,1097348,180
127,32,daysPerMonth,170,228.82518,516.0949,1097383,1097549,166
127,0,blank,0,229.0618,522.77106,1097549,1097728,179
127,0,blank,0,321.38652,526.14832,1097763,1097946,183
127,0,blank,0,318.1446,528.5487,1097946,1097982,36
127,0,blank,0,274.02516,578.14202,1098057,1098244,187
127,0,blank,0,939.905,319.57575,1098355,1098500,145
127,0,blank,0,965.0398,246.71574,1098535,1098718,183
127,0,blank,0,302.10622,590.59852,1098829,1099012,183
127,0,blank,0,298.7436,598.1674,1099012,1099048,36
127,0,blank,0,202.2366,640.62252,1099312,1099492,180
127,0,blank,0,201.2224,629.8731,1099492,1099529,37
128,0,blank,0,988.096,478.6684,1101460,1101494,34
128,0,blank,0,281.67645,134.6628,1101669,1101806,137
128,0,blank,0,158.55572,124.62086,1101842,1102017,175
128,0,blank,0,154.80132,70.88388,1102088,1102264,176
128,0,blank,0,160.7262,73.0963,1102264,1102300,36
128,0,blank,0,294.88132,143.02332,1102371,1102541,170
128,0,blank,0,242.8289,174.25672,1102574,1102747,173
128,37,isLeapYear,203,189.1291,174.22472,1102780,1102950,170
128,37,isLeapYear,203,188.40194,173.39454,1102950,1103118,168
128,37,isLeapYear,203,190.1659,174.2442,1103118,1103187,69
128,37,isLeapYear,203,164.12986,170.26778,1103221,1103388,167
128,37,isLeapYear,203,168.3961,173.2959,1103388,1103421,33
128,0,blank,0,198.6554,171.3129,1103455,1103488,33
128,37,isLeapYear,203,187.1665,165.56045,1103521,1103587,66
128,37,true,208,313.663366666667,164.547783333333,1103621,1103820,199
128,37,true,208,312.420975,164.68235,1103820,1103953,133
128,37,month,212,382.0407,160.04664,1103986,1104154,168
128,37,month,212,378.32656,166.2269,1104154,1104327,173
128,37,month,212,373.10855,167.5477,1104327,1104396,69
128,0,blank,0,239.572,169.10002,1104429,1104601,172
128,0,blank,0,-348.867925,283.910875,1104954,1105100,146
128,0,blank,0,360.38128,152.23982,1105205,1105382,177
128,37,true,208,312.69468,165.02596,1105417,1105591,174
128,0,blank,0,320.42255,162.52755,1105591,1105663,72
128,37,month,212,419.0255,171.5094,1105698,1105838,140
128,0,blank,0,180.663166666667,202.3864,1105907,1106012,105
128,0,blank,0,-350,-105,1106046,1106160,114
128,0,blank,0,325.9469,167.9803,1106320,1106346,26
128,37,month,212,397.12534,160.22756,1106385,1106556,171
128,37,month,212,389.95768,164.96734,1106556,1106735,179
128,37,month,212,388.70712,167.63828,1106735,1106915,180
128,37,month,212,389.21418,164.69644,1106915,1107091,176
128,37,month,212,395.06134,173.225,1107091,1107263,172
128,37,month,212,388.80526,167.4089,1107263,1107434,171
128,37,month,212,395.3988,173.3172,1107434,1107502,68
128,0,blank,0,200.8024,200.4456,1107537,1107572,35
128,0,blank,0,204.0271,207.43205,1107605,1107673,68
128,0,blank,0,196.747,206.0622,1107741,1107774,33
128,38,;,219,179.455633333333,195.644533333333,1107810,1107914,104
128,37,month,212,401.46565,174.000625,1107985,1108123,138
128,37,month,212,410.6979,173.9829,1108194,1108229,35
128,37,month,212,391.68448,171.30234,1108265,1108443,178
128,0,blank,0,234.8467,121.0691,1108516,1108658,142
128,34,31,184,176.60982,111.7521,1108692,1108868,176
128,34,31,184,175.707,109.8624,1108868,1108905,37
128,38,29,218,164.6737,186.3797,1109074,1109108,34
128,0,blank,0,-350,-105,1109177,1109259,82
128,0,blank,0,242.5637,168.6968,1109380,1109406,26
128,0,blank,0,242.875,184.13405,1109439,1109509,70
128,0,blank,0,323.817933333333,176.4147,1109647,1109747,100
128,37,month,212,384.570075,171.6892,1109849,1109985,136
128,37,d,210,362.9742,177.1195,1110021,1110054,33
128,0,blank,0,135.0211,319.4957,1110357,1110392,35
128,0,blank,0,-350,-105,1110848,1111002,154
128,46,year,269,343.19695,359.39025,1112264,1112351,87
128,46,year,269,344.04084,367.74534,1112384,1112555,171
128,46,year,269,340.8474,373.3375,1112555,1112590,35
128,46,0,273,458.74898,366.61946,1112623,1112796,173
128,46,!=,263,434.20964,365.18648,1112865,1113037,172
128,46,!=,263,438.5518,365.26995,1113037,1113173,136
128,0,blank,0,474.76955,369.3637,1113208,1113276,68
128,0,blank,0,479.11574,367.65842,1113346,1113518,172
128,0,blank,0,482.22324,365.76172,1113518,1113690,172
128,0,blank,0,475.7149,365.150133333333,1113690,1113797,107
128,0,blank,0,488.7692,354.6257,1113830,1113865,35
128,0,blank,0,476.6183,362.8117,1113935,1113968,33
128,46,),274,466.059333333333,362.8234,1114005,1114103,98
128,46,0,273,459.268333333333,369.116766666667,1114137,1114241,104
128,0,blank,0,74.01398,400.63102,1114312,1114487,175
128,0,blank,0,73.16118,398.5805,1114487,1114660,173
128,48,else,279,73.2271,402.244975,1114660,1114796,136
128,47,leapYearFlag,275,146.1019,395.2927,1114830,1114896,66
128,0,blank,0,146.23575,401.2357,1114962,1115098,136
128,49,leapYearFlag,280,149.88555,431.21785,1115131,1115199,68
128,49,leapYearFlag,280,147.1056,432.046533333333,1115232,1115335,103
128,50,return,284,84.73104,449.8743,1115370,1115537,167
128,0,blank,0,87.48622,444.6172,1115537,1115707,170
128,49,leapYearFlag,280,90.79176,442.41224,1115707,1115878,171
128,49,leapYearFlag,280,103.6926,441.3179,1115878,1115912,34
128,47,leapYearFlag,275,145.23606,388.6714,1115946,1116119,173
128,47,leapYearFlag,275,143.967333333333,384.0113,1116119,1116220,101
128,0,blank,0,106.45274,421.3679,1116287,1116456,169
128,0,blank,0,109.8068,418.8401,1116456,1116489,33
128,55,nextDay,307,268.8497,557.5973,1116692,1116728,36
128,54,dateUpdate,296,261.5922,548.2288,1116797,1116831,34
128,54,dateUpdate,296,205.8092,553.741566666667,1116864,1116967,103
128,54,dateUpdate,296,208.089375,548.4042,1117002,1117140,138
128,0,blank,0,350.34095,575.358,1117211,1117281,70
128,56,"Entertoday'sdate(mmddyyyy):",311,335.68625,586.5952,1117315,1117385,70
128,56,"Entertoday'sdate(mmddyyyy):",311,352.7627,581.74125,1117420,1117489,69
128,56,"Entertoday'sdate(mmddyyyy):",311,344.8673,594.4272,1117523,1117627,104
128,0,blank,0,122.8913,471.4232,1117696,1117872,176
128,56,"Entertoday'sdate(mmddyyyy):",311,307.87058,597.39284,1117944,1118118,174
128,56,"Entertoday'sdate(mmddyyyy):",311,311.65545,595.8621,1118118,1118185,67
128,56,"Entertoday'sdate(mmddyyyy):",311,335.948966666667,595.287533333333,1118219,1118320,101
128,56,"Entertoday'sdate(mmddyyyy):",311,349.9161,589.16095,1118353,1118419,66
128,57,month,321,333.15,613.7502,1118486,1118521,35
128,0,blank,0,168.65912,576.19386,1118589,1118760,171
128,56,printf,309,96.82608,579.6844,1118828,1119000,172
128,55,struct,303,84.55525,571.73775,1119067,1119134,67
128,56,printf,309,77.8354,593.8863,1119168,1119201,33
128,55,thisDay,305,202.2559,572.1102,1119267,1119301,34
128,56,"Entertoday'sdate(mmddyyyy):",311,194.574175,577.24265,1119335,1119471,136
128,56,"Entertoday'sdate(mmddyyyy):",311,306.0695,586.3221,1119571,1119673,102
128,55,nextDay,307,256.4808,570.8996,1119907,1119942,35
128,55,thisDay,305,184.465,570.7813,1120072,1120105,33
128,55,thisDay,305,182.3315,571.9171,1120172,1120206,34
128,0,blank,0,112.04535,581.4109,1120272,1120339,67
128,55,date,304,113.3525,575.86245,1120373,1120440,67
128,56,printf,309,74.1816,591.9994,1120573,1120606,33
128,56,"Entertoday'sdate(mmddyyyy):",311,212.1204,581.1567,1120672,1120705,33
128,56,"Entertoday'sdate(mmddyyyy):",311,220.7364,593.13,1120771,1120837,66
128,56,"Entertoday'sdate(mmddyyyy):",311,276.4298,583.078533333333,1120870,1120969,99
128,56,printf,309,90.6297,589.9018,1121686,1121754,68
128,57,scanf,314,82.51675,604.8918,1121823,1121888,65
128,0,blank,0,123.8427,586.1172,1121920,1121953,33
128,0,blank,0,108.20135,600.98875,1122019,1122086,67
128,57,(,315,119.0626,616.077566666667,1122185,1122283,98
128,58,dateUpdate,336,205.647,626.0125,1122383,1122417,34
128,58,dateUpdate,336,212.1331,622.881233333333,1122482,1122582,100
128,0,blank,0,101.2229,619.061,1123113,1123178,65
128,58,dateUpdate,336,169.48116,635.56826,1123438,1123602,164
128,59,"Tomorrow'sdateis%i/%i/%.2i.\n",343,166.6642,649.45105,1123668,1123733,65
128,58,dateUpdate,336,166.707,641.8992,1123865,1123933,68
128,58,dateUpdate,336,143.915633333333,640.541066666667,1123967,1124066,99
128,0,blank,0,137.60864,641.9556,1124100,1124270,170
128,60,0,361,123.5732,672.9272,1124304,1124338,34
128,59,"Tomorrow'sdateis%i/%i/%.2i.\n",343,124.5491,654.225,1124406,1124439,33
128,0,blank,0,123.3524,654.2267,1124506,1124541,35
128,59,"Tomorrow'sdateis%i/%i/%.2i.\n",343,219.5234,647.4219,1124810,1124844,34
128,59,"Tomorrow'sdateis%i/%i/%.2i.\n",343,226.904,651.1788,1124914,1124949,35
128,59,"Tomorrow'sdateis%i/%i/%.2i.\n",343,207.274,652.9365,1125015,1125048,33
128,59,"Tomorrow'sdateis%i/%i/%.2i.\n",343,187.0271,653.5446,1125150,1125184,34
128,59,"Tomorrow'sdateis%i/%i/%.2i.\n",343,227.7579,652.647433333333,1125285,1125386,101
128,0,blank,0,67.78352,468.21606,1125522,1125693,171
128,50,return,284,72.36985,459.9977,1125693,1125763,70
128,0,blank,0,72.7260333333333,443.9008,1125831,1125934,103
128,47,leapYearFlag,275,91.61394,396.14886,1126037,1126204,167
128,46,year,269,126.39755,363.98325,1126236,1126304,68
128,46,year,269,132.000566666667,356.0914,1126338,1126438,100
128,46,year,269,130.497375,361.42405,1126471,1126606,135
128,43,isLeapYear,237,130.580333333333,299.453866666667,1126673,1126774,101
128,43,isLeapYear,237,129.443933333333,298.6735,1126808,1126908,100
128,43,isLeapYear,237,54.33614,304.40622,1127012,1127181,169
128,43,bool,236,4.07869999999999,311.727933333333,1127216,1127320,104
128,0,blank,0,-21.1176,304.151633333333,1127389,1127491,102
128,0,blank,0,942.508,446.9744,1127741,1127812,71
128,0,blank,0,134.0446,334.6201,1128392,1128425,33
128,0,blank,0,88.8914,320.6936,1128564,1128600,36
128,43,isLeapYear,237,127.8627,307.9088,1130202,1130236,34
128,0,blank,0,137.184825,314.959525,1130269,1130401,132
128,45,leapYearFlag,245,136.8685,337.0284,1130434,1130467,33
128,0,blank,0,197.8881,330.1416,1130499,1130531,32
128,0,blank,0,190.15885,312.036775,1130565,1130698,133
128,0,blank,0,198.6761,327.2269,1130732,1130765,33
128,0,blank,0,190.8903,313.7544,1130799,1130832,33
128,43,struct,239,189.0214,300.2767,1130867,1130897,30
128,0,blank,0,185.7734,315.5923,1131095,1131127,32
128,0,blank,0,78.9807,278.942,1131227,1131398,171
128,0,blank,0,31.604675,269.193225,1131467,1131600,133
128,0,blank,0,40.5776,278.1713,1131667,1131699,32
128,0,blank,0,41.1875,253.8578,1131886,1131971,85
128,0,blank,0,36.8958,266.0669,1131971,1132093,122
128,41,days,233,126.4103,258.675766666667,1132198,1132302,104
128,40,days,221,118.2904,233.8457,1132335,1132369,34
128,41,days,233,121.5362,250.58535,1132403,1132471,68
128,41,days,233,125.0183,255.98145,1132570,1132639,69
128,40,days,221,122.40325,244.1256,1132706,1132775,69
128,41,days,233,122.518,260.2922,1132808,1132875,67
128,0,blank,0,149.4061,241.9792,1132908,1132942,34
128,41,;,234,160.49754,252.0942,1132976,1133145,169
128,41,;,234,155.67035,248.45695,1133145,1133214,69
128,0,blank,0,152.606333333333,242.980933333333,1133247,1133347,100
128,40,daysPerMonth,223,220.0724,244.151,1133381,1133414,33
128,40,daysPerMonth,223,233.2928,238.1542,1133516,1133549,33
128,40,daysPerMonth,223,224.97385,243.7546,1133650,1133786,136
128,0,blank,0,945.896,444.0028,1134061,1134130,69
128,0,blank,0,951.525,442.7214,1134198,1134233,35
128,0,blank,0,880.5375,385.5765,1134615,1134687,72
128,0,blank,0,867.630666666667,388.450833333333,1134722,1134831,109
128,0,blank,0,867.722,389.7763,1134903,1134939,36
128,0,blank,0,876.113,383.9348,1135010,1135046,36
128,0,blank,0,964.524,439.2603,1135119,1135145,26
128,40,daysPerMonth,223,239.2948,239.53465,1135364,1135433,69
128,40,daysPerMonth,223,234.4982,236.695,1135468,1135504,36
128,0,blank,0,178.4273,253.101166666667,1135573,1135678,105
128,0,blank,0,239.0107,268.2443,1135783,1135818,35
128,0,blank,0,-350,-105,1135955,1136137,182
128,40,days,221,106.166533333333,244.366233333333,1136376,1136485,109
128,41,return,232,48.5036,255.0518,1136590,1136624,34
128,41,return,232,50.40755,261.77205,1136693,1136761,68
128,41,return,232,48.2572,264.01795,1136864,1136996,132
128,0,blank,0,126.4117,238.750975,1137064,1137200,136
128,40,days,221,121.2387,235.5574,1137234,1137302,68
128,0,blank,0,242.4016,251.6607,1137405,1137472,67
128,40,daysPerMonth,223,236.6116,234.0723,1137504,1137538,34
128,0,blank,0,236.1548,251.3513,1137604,1137637,33
128,0,blank,0,223.7086,216.1079,1137704,1137738,34
128,40,days,221,105.0469,241.0767,1137938,1138007,69
128,41,return,232,49.6045,255.965775,1138144,1138277,133
128,0,blank,0,64.18265,268.6589,1138311,1138377,66
128,0,blank,0,70.8022,183.6234,1138480,1138514,34
128,39,else,220,73.67955,206.4043,1138549,1138618,69
128,38,days,216,92.13006,197.44268,1138651,1138819,168
128,38,days,216,93.8225,197.7093,1138885,1138984,99
128,0,blank,0,95.4462,202.4265,1139086,1139153,67
128,0,blank,0,59.75625,188.5537,1139185,1139251,66
128,0,blank,0,72.2518,125.8531,1139417,1139452,35
128,0,blank,0,213.9904,115.8441,1139659,1139694,35
128,35,31,198,214.3544,130.6763,1139728,1139764,36
128,0,blank,0,387.5212,190.25175,1139833,1139968,135
128,37,true,208,304.3447,170.39645,1140001,1140069,68
128,37,true,208,303.7559,175.7928,1140135,1140169,34
128,0,blank,0,6.23102000000001,171.75348,1140270,1140441,171
128,0,blank,0,23.1636666666667,53.0830333333333,1140475,1140579,104
128,0,blank,0,28.5481,54.4693,1140614,1140648,34
128,0,blank,0,868.217,490.4359,1140861,1140894,33
128,0,blank,0,864.684,485.7203,1140997,1141031,34
128,0,blank,0,870.074,492.2133,1141064,1141098,34
128,0,blank,0,881.112,570.1058,1141274,1141308,34
128,0,blank,0,893.415,556.79595,1141343,1141410,67
128,0,blank,0,882.562,563.1008,1141517,1141589,72
128,0,blank,0,891.429333333333,571.9208,1141735,1141843,108
128,0,blank,0,879.136,573.0406,1141880,1141916,36
128,0,blank,0,883.399,100.69145,1142061,1142132,71
128,0,blank,0,889.278,101.322766666667,1142239,1142347,108
129,0,blank,0,116.4514,55.8859,1145402,1145438,36
129,0,blank,0,126.392975,44.1212,1145554,1145694,140
129,0,blank,0,139.657,113.8479,1145798,1145828,30
129,0,blank,0,170.7552,123.6288,1145863,1145896,33
129,0,blank,0,949.997,132.7252,1147292,1147325,33
130,0,blank,0,934.359,88.6906,1148579,1148615,36
130,10,struct,41,243.4744,26.85748,1149041,1149219,178
130,0,blank,0,243.0538,36.892,1149219,1149254,35
130,0,blank,0,118.2788,50.3094,1149319,1149352,33
130,10,dateUpdate,39,128.8352,21.66034,1149389,1149557,168
130,0,blank,0,120.7406,25.772,1149557,1149591,34
130,0,blank,0,93.4961,7.0314,1149693,1149725,32
130,10,date,42,100.0295,15.41184,1149795,1149967,172
130,0,blank,0,88.4485,4.8761,1150000,1150173,173
130,0,blank,0,84.35356,3.63048,1150173,1150345,172
130,0,blank,0,82.49765,6.66529999999999,1150345,1150479,134
130,10,dateUpdate,39,143.378325,11.985325,1150547,1150685,138
130,0,blank,0,128.31618,4.75678,1150719,1150893,174
130,0,blank,0,126.23494,5.92324,1150893,1151069,176
130,0,blank,0,127.418766666667,8.04353333333333,1151069,1151174,105
130,0,blank,0,184.34272,8.85896,1151244,1151415,171
130,0,blank,0,-350,-105,1151511,1152000,489
130,0,blank,0,123.7071,3.9306,1152140,1152211,71
130,0,blank,0,190.2867,0.432400000000001,1152362,1152491,129
130,10,dateUpdate,39,184.63125,14.35505,1152564,1152642,78
130,0,blank,0,169.207066666667,1.20476666666667,1152678,1152780,102
130,10,dateUpdate,39,132.71112,9.6945,1152849,1153016,167
130,0,blank,0,131.6062,7.4032,1153016,1153049,33
130,0,blank,0,172.5021,7.62846,1153082,1153254,172
130,10,dateUpdate,39,168.368,9.96486666666667,1153254,1153359,105
130,0,blank,0,163.872366666667,4.68073333333333,1153394,1153501,107
130,0,blank,0,180.4874,-0.599599999999995,1153537,1153572,35
130,10,dateUpdate,39,195.2075,14.5873,1153608,1153644,36
130,10,dateUpdate,39,206.4248,16.035,1153747,1153914,167
130,10,dateUpdate,39,199.4348,9.31522,1153914,1154083,169
130,10,dateUpdate,39,192.883233333333,12.6997333333333,1154083,1154186,103
130,10,(,40,237.098,15.1484,1154222,1154394,172
130,10,struct,41,300.1935,13.6214,1154462,1154598,136
130,0,blank,0,240.545366666667,127.254766666667,1154670,1154778,108
130,0,blank,0,262.738025,-3.194825,1154852,1154992,140
130,10,dateUpdate,39,211.0961,15.3128,1155063,1155239,176
130,10,struct,41,289.1729,9.65143333333334,1156049,1156165,116
130,0,blank,0,352.45898,-0.966999999999999,1156201,1156384,183
130,0,blank,0,348.40686,-0.042900000000003,1156384,1156564,180
130,0,blank,0,343.93506,7.55994,1156564,1156738,174
130,0,blank,0,345.03888,5.93598,1156738,1156913,175
130,0,blank,0,342.46338,-1.11858,1156913,1157087,174
130,0,blank,0,345.930175,8.979475,1157087,1157234,147
130,12,date,47,135.29006,55.71864,1157309,1157499,190
130,12,date,47,134.86236,60.75666,1157499,1157693,194
130,12,date,47,130.92396,62.6117,1157693,1157876,183
130,12,tomorrow,48,164.65728,62.1094,1157912,1158098,186
130,12,date,47,118.91166,61.63448,1158138,1158322,184
130,12,date,47,128.27175,64.62755,1158322,1158393,71
130,12,tomorrow,48,174.09892,59.65814,1158430,1158612,182
130,12,tomorrow,48,175.67294,62.41158,1158612,1158795,183
130,12,tomorrow,48,173.60405,57.28335,1158795,1158941,146
130,12,tomorrow,48,238.2852,71.5657,1158977,1159014,37
130,12,tomorrow,48,223.0737,61.4659,1159051,1159127,76
130,12,tomorrow,48,165.6118,64.82714,1159202,1159393,191
130,12,tomorrow,48,171.26942,64.5489,1159393,1159580,187
130,12,tomorrow,48,172.8981,63.1811,1159580,1159618,38
130,12,tomorrow,48,235.10558,54.60818,1159653,1159831,178
130,12,date,47,130.45266,66.51776,1159903,1160085,182
130,12,date,47,116.06344,63.86602,1160085,1160264,179
130,0,blank,0,105.958366666667,66.8940333333333,1160264,1160370,106
130,12,tomorrow,48,170.99942,57.6849,1160405,1160584,179
130,12,tomorrow,48,171.303,61.1979,1160622,1160695,73
130,13,numberOfDays,51,146.36808,81.63826,1160731,1160910,179
130,13,numberOfDays,51,113.57772,82.68216,1160945,1161119,174
130,13,numberOfDays,51,113.5691,85.6346,1161119,1161293,174
130,13,numberOfDays,51,105.87648,81.93346,1161293,1161465,172
130,13,numberOfDays,51,107.9247,85.0843,1161465,1161499,34
130,13,numberOfDays,51,176.87506,83.41254,1161604,1161784,180
130,13,numberOfDays,51,162.96966,85.07642,1161784,1161965,181
130,13,numberOfDays,51,161.31226,82.85484,1161965,1162144,179
130,13,numberOfDays,51,160.9262,83.29845,1162144,1162215,71
130,13,numberOfDays,51,135.82194,86.30422,1162250,1162425,175
130,13,numberOfDays,51,133.2666,75.2977,1162425,1162459,34
130,13,numberOfDays,51,111.52774,89.25428,1162493,1162667,174
130,13,numberOfDays,51,108.47236,85.24182,1162667,1162841,174
130,13,numberOfDays,51,107.560233333333,87.8378666666667,1162841,1162948,107
130,0,blank,0,105.5735,74.20374,1162984,1163161,177
130,13,numberOfDays,51,106.99558,76.98308,1163161,1163336,175
130,13,numberOfDays,51,102.05936,75.34384,1163336,1163510,174
130,13,numberOfDays,51,152.84436,76.95558,1163581,1163761,180
130,13,numberOfDays,51,154.84704,77.61872,1163761,1163944,183
130,13,numberOfDays,51,157.121,78.5485666666667,1163944,1164053,109
130,13,numberOfDays,51,128.33696,78.15718,1164088,1164267,179
130,13,numberOfDays,51,128.0082,82.649425,1164267,1164410,143
130,13,numberOfDays,51,147.92252,82.82098,1164445,1164628,183
130,13,numberOfDays,51,147.18094,80.11172,1164628,1164806,178
130,13,numberOfDays,51,142.8538,81.8179,1164806,1164842,36
130,13,numberOfDays,51,166.129,82.39388,1164878,1165057,179
130,13,numberOfDays,51,159.9442,77.6225,1165057,1165093,36
130,0,blank,0,204.00288,75.61274,1165165,1165339,174
130,13,numberOfDays,51,203.540566666667,76.0409666666667,1165339,1165446,107
130,13,struct,53,277.039433333333,79.4774,1165518,1165629,111
130,0,blank,0,996.212,26.0689,1165776,1165813,37
130,13,struct,53,231.659125,80.72295,1166119,1166258,139
130,13,numberOfDays,51,175.5089,86.33166,1166296,1166475,179
130,13,numberOfDays,51,182.8507,78.89428,1166511,1166693,182
130,13,numberOfDays,51,151.162,83.661475,1166765,1166907,142
130,0,blank,0,-350,-105,1166977,1167065,88
130,13,struct,53,256.1881,79.0562,1167127,1167187,60
130,13,struct,53,256.1304,90.1721,1167265,1167292,27
130,12,;,49,246.14965,69.22145,1167331,1167401,70
130,13,struct,53,257.307575,78.37285,1167437,1167581,144
130,12,tomorrow,48,210.97738,70.40606,1167617,1167793,176
130,12,tomorrow,48,207.3896,62.859,1167793,1167827,34
130,0,blank,0,279.0433,68.8902333333333,1167934,1168041,107
130,0,blank,0,280.86678,72.68564,1168076,1168254,178
130,13,date,54,327.5922,86.2993,1168289,1168323,34
130,13,date,54,328.64532,79.37816,1168462,1168634,172
130,13,date,54,328.43164,82.11922,1168634,1168806,172
130,13,date,54,325.53216,80.2164,1168806,1168983,177
130,13,date,54,323.4778,89.6308,1168983,1169019,36
130,13,date,54,299.047066666667,75.6358333333333,1169054,1169197,143
130,13,numberOfDays,51,170.6301,85.466,1169295,1169457,162
130,13,numberOfDays,51,89.2824,82.9469,1169955,1170005,50
130,0,blank,0,74.5342,75.25395,1170431,1170527,96
130,0,blank,0,-350,-105,1170669,1170846,177
130,0,blank,0,-350,-105,1170846,1171028,182
130,0,blank,0,-350,-105,1171028,1171141,113
130,0,blank,0,-350,-105,1171141,1171299,158
130,0,blank,0,-350,-105,1171299,1171466,167
130,0,blank,0,-350,-105,1171466,1171571,105
130,0,blank,0,-350,-105,1171571,1171762,191
130,0,blank,0,176.1805,124.9669,1171852,1171890,38
130,14,day,62,183.4097,98.9256,1171960,1171994,34
130,13,numberOfDays,51,186.39726,87.55354,1172028,1172196,168
130,12,tomorrow,48,179.4603,67.2325,1172265,1172300,35
130,12,date,47,116.97448,71.7311,1172336,1172507,171
130,0,blank,0,110.7001,73.9675,1172507,1172542,35
130,13,numberOfDays,51,150.8766,78.1415,1172606,1172724,118
130,13,numberOfDays,51,108.65422,85.36194,1172942,1173119,177
130,13,numberOfDays,51,111.9569,83.5869,1173119,1173152,33
130,13,numberOfDays,51,108.21314,79.80682,1173259,1173437,178
130,0,blank,0,113.1024,73.7808,1173437,1173509,72
130,13,numberOfDays,51,132.499925,83.464325,1173580,1173726,146
130,0,blank,0,210.32608,80.4191,1173797,1173974,177
130,0,blank,0,205.7701,79.7087,1173974,1174009,35
130,13,struct,53,233.056025,80.440875,1174046,1174186,140
130,0,blank,0,116.00436,74.69538,1174296,1174474,178
130,13,int,50,58.53795,77.08275,1174511,1174583,72
130,39,else,220,53.7744,663.1696,1174939,1174973,34
130,0,blank,0,45.2548333333333,664.609933333333,1175041,1175145,104
130,0,blank,0,48.9158,668.27715,1175212,1175280,68
130,0,blank,0,-6.25709999999998,722.3845,1175613,1175647,34
130,0,blank,0,37.5304,571.1337,1175781,1175814,33
130,33,{,175,49.3672,521.5176,1175983,1176017,34
130,0,blank,0,56.0678,533.2039,1176084,1176116,32
130,32,const,168,75.3166,504.539233333333,1176217,1176319,102
130,28,numberOfDays,150,44.4002,405.6088,1176488,1176554,66
130,28,numberOfDays,150,45.3831,407.5133,1176686,1176718,32
130,28,int,149,32.53,425.5285,1176751,1176785,34
130,0,blank,0,42.5125,440.3168,1176885,1176918,33
130,0,blank,0,18.461625,444.5878,1176985,1177118,133
130,0,blank,0,5.018,453.78925,1177152,1177218,66
130,0,blank,0,-0.752875000000003,440.12085,1177251,1177387,136
130,0,blank,0,-12.079,440.43735,1177421,1177487,66
130,0,blank,0,119.382,395.0517,1177755,1177788,33
130,0,blank,0,84.806175,113.52215,1177856,1177990,134
130,13,numberOfDays,51,84.98248,88.17822,1178025,1178193,168
130,0,blank,0,131.4171,73.498025,1178228,1178360,132
130,13,numberOfDays,51,188.39275,75.30025,1178458,1178525,67
130,13,numberOfDays,51,178.7585,78.377,1178558,1178590,32
130,13,numberOfDays,51,172.01958,77.07594,1178623,1178790,167
130,13,numberOfDays,51,131.69975,80.0466,1178822,1178887,65
130,13,numberOfDays,51,138.8943,77.61735,1178920,1179117,197
130,13,numberOfDays,51,140.25,76.7889,1179117,1179148,31
130,13,numberOfDays,51,178.1422,83.36405,1179246,1179312,66
130,12,tomorrow,48,188.437,56.7854,1179344,1179377,33
130,12,tomorrow,48,183.0811,69.0933,1179412,1179445,33
130,13,numberOfDays,51,189.63656,75.48252,1179515,1179684,169
130,13,numberOfDays,51,190.1757,87.8758,1179684,1179717,33
130,0,blank,0,211.374733333333,75.0658,1179749,1179849,100
130,0,blank,0,-350,-105,1179952,1180089,137
130,0,blank,0,316.1784,64.0123,1180115,1180141,26
130,0,blank,0,319.795716666667,70.3557666666667,1180219,1180404,185
130,0,blank,0,320.755,64.9201,1180404,1180437,33
130,0,blank,0,295.5698,71.3055,1180470,1180665,195
130,0,blank,0,294.6166,69.505,1180665,1180698,33
130,0,blank,0,337.955,78.1544,1180731,1180897,166
130,0,blank,0,336.86252,74.83518,1180897,1181065,168
130,0,blank,0,340.6127,77.11934,1181065,1181233,168
130,0,blank,0,338.5152,79.218,1181233,1181301,68
130,0,blank,0,275.22755,65.7606,1181367,1181435,68
130,0,blank,0,276.547166666667,69.7704666666667,1181467,1181566,99
130,0,blank,0,347.5868,71.84495,1181599,1181797,198
130,0,blank,0,344.270666666667,67.7378333333333,1181830,1181928,98
130,0,blank,0,312.1895,367.6098,1182163,1182194,31
130,0,blank,0,315.457033333333,385.299733333333,1182295,1182393,98
130,0,blank,0,260.78288,56.00952,1182560,1182729,169
130,13,numberOfDays,51,153.75872,79.98132,1182762,1182928,166
130,13,numberOfDays,51,120.8373,75.6504,1182962,1183098,136
130,0,blank,0,108.8307,402.44685,1183199,1183272,73
130,0,blank,0,128.5193,344.1638,1183307,1183377,70
130,26,tomorrow,146,132.9634,379.1865,1183447,1183479,32
130,0,blank,0,161.6951,345.5391,1183548,1183581,33
130,0,blank,0,155.4606,315.9804,1183615,1183649,34
130,28,numberOfDays,150,158.1423,413.1412,1183853,1183887,34
130,28,numberOfDays,150,148.438,419.6328,1184094,1184128,34
130,28,struct,152,235.3638,422.1662,1184196,1184229,33
130,0,blank,0,185.89175,430.93315,1184434,1184507,73
130,28,struct,152,191.5152,412.3605,1184574,1184607,33
130,0,blank,0,192.7826,463.5573,1184743,1184778,35
130,34,31,184,254.6283,550.1686,1185122,1185156,34
130,0,blank,0,215.232733333333,647.8534,1185256,1185358,102
130,40,daysPerMonth,223,193.1451,682.252175,1185492,1185626,134
130,0,blank,0,177.2832,669.0478,1185693,1185726,33
130,0,blank,0,171.1561,743.6427,1185928,1185960,32
130,0,blank,0,173.0696,738.0037,1185995,1186027,32
130,0,blank,0,192.9289,717.1965,1186162,1186197,35
130,0,blank,0,182.3453,726.7033,1186334,1186367,33
130,0,blank,0,152.7864,516.4169,1186401,1186436,35
130,32,daysPerMonth,170,153.6316,504.2032,1186680,1186719,39
130,30,days,158,155.610133333333,458.276933333333,1186961,1187065,104
130,0,blank,0,110.13788,486.10366,1187200,1187374,174
130,0,blank,0,107.7515,491.0093,1187374,1187408,34
130,0,blank,0,160.3533,427.9301,1187442,1187477,35
130,13,numberOfDays,51,158.0272,93.78685,1187615,1187683,68
130,14,day,62,166.2272,98.2376,1187783,1187817,34
130,14,day,62,161.2127,98.6731,1187851,1187883,32
130,13,numberOfDays,51,135.8192,84.2701,1187916,1187949,33
130,13,numberOfDays,51,142.09632,84.45016,1188016,1188182,166
130,13,date,54,304.65872,87.41926,1188249,1188414,165
130,0,blank,0,338.949125,82.57005,1188449,1188585,136
130,14,numberOfDays,64,293.26226,103.34078,1188721,1188892,171
130,13,struct,53,281.7209,86.3273333333333,1188926,1189030,104
130,0,blank,0,266.0596,96.8755,1189065,1189099,34
130,14,numberOfDays,64,275.95835,104.52,1189168,1189236,68
130,13,date,54,308.891966666667,92.7643,1189269,1189374,105
130,14,numberOfDays,64,304.2388,103.48865,1189408,1189476,68
130,13,struct,53,261.0167,95.0083,1189511,1189546,35
130,0,blank,0,340.14365,95.48015,1189719,1189856,137
130,14,numberOfDays,64,342.1109,104.01395,1189891,1189961,70
130,14,today,66,402.04545,100.63545,1190098,1190169,71
130,0,blank,0,144.3616,519.4521,1190426,1190497,71
130,0,blank,0,347.417466666667,101.849033333333,1190771,1190870,99
130,0,blank,0,344.4596,96.8354,1190903,1191002,99
130,0,blank,0,206.243,74.3479,1191034,1191068,34
130,12,tomorrow,48,201.37575,69.9704,1191134,1191199,65
130,0,blank,0,211.80018,75.61308,1191232,1191400,168
130,13,d,55,346.5248,79.503,1191465,1191602,137
130,0,blank,0,-350,-105,1191636,1191762,126
130,13,numberOfDays,51,182.69612,78.48512,1191795,1191959,164
130,13,numberOfDays,51,180.2701,87.1859,1191994,1192028,34
130,13,numberOfDays,51,160.907933333333,76.9630666666667,1192061,1192165,104
130,13,d,55,352.94586,93.21864,1192232,1192402,170
130,0,blank,0,283.42055,653.7395,1192539,1192606,67
130,0,blank,0,280.10835,637.9038,1192641,1192709,68
130,0,blank,0,293.4427,736.615,1192879,1192914,35
130,0,blank,0,174.3691,727.8528,1193144,1193269,125
130,0,blank,0,175.308233333333,734.679866666667,1193387,1193487,100
130,0,blank,0,302.810766666667,164.842266666667,1193588,1193690,102
130,0,blank,0,319.818033333333,96.6553,1194001,1194104,103
130,14,numberOfDays,64,310.6349,105.4913,1194139,1194209,70
130,0,blank,0,272.071175,65.2156,1194243,1194380,137
130,0,blank,0,292.41545,78.910325,1194414,1194549,135
130,13,date,54,298.109966666667,90.4465666666667,1194585,1194687,102
130,13,struct,53,270.1707,84.43082,1194754,1194922,168
130,0,blank,0,160.55895,71.730825,1194989,1195130,141
130,12,tomorrow,48,205.60525,71.88215,1195236,1195378,142
130,0,blank,0,296.62475,74.4236,1195412,1195479,67
130,13,date,54,296.26878,76.46274,1195513,1195683,170
130,0,blank,0,334.48666,79.98038,1195718,1195896,178
130,0,blank,0,334.878,78.8783666666667,1195896,1196004,108
130,0,blank,0,394.284533333333,96.6303666666667,1196075,1196181,106
130,14,today,66,395.8882,104.315,1196321,1196355,34
130,14,today,66,399.1176,97.806,1196391,1196426,35
130,0,blank,0,397.43325,84.3946,1196464,1196532,68
130,14,today,66,395.4761,97.7324333333333,1196567,1196672,105
130,13,date,54,297.90962,85.79892,1196741,1196913,172
130,13,date,54,300.695,81.61235,1196913,1196982,69
130,13,struct,53,257.940166666667,86.1850333333334,1197054,1197155,101
130,13,d,55,353.42176,79.0151,1197257,1197426,169
130,0,blank,0,-350,-105,1197529,1197667,138
130,0,blank,0,189.2188,102.18235,1197841,1197904,63
130,13,struct,53,226.348416666667,90.4994,1198005,1198204,199
130,13,struct,53,231.0738,89.2059,1198204,1198270,66
130,13,struct,53,243.076766666667,90.3036666666667,1198304,1198404,100
130,13,numberOfDays,51,183.64974,87.72652,1198472,1198639,167
130,13,numberOfDays,51,183.73646,88.77756,1198639,1198806,167
130,13,numberOfDays,51,186.1748,85.8606,1198806,1198974,168
130,13,numberOfDays,51,183.6228,86.40322,1198974,1199144,170
130,13,numberOfDays,51,174.2399,82.41285,1199144,1199213,69
130,13,numberOfDays,51,171.883575,86.401725,1199283,1199423,140
130,13,numberOfDays,51,168.0777,83.4321,1199459,1199561,102
130,13,numberOfDays,51,164.3265,83.460825,1199631,1199771,140
130,0,blank,0,198.44315,96.8824,1199807,1199878,71
130,13,numberOfDays,51,202.6686,92.18095,1199914,1199983,69
130,10,date,42,315.13064,15.94966,1200054,1200236,182
130,10,date,42,324.37644,16.43088,1200236,1200407,171
130,10,date,42,326.1998,17.71085,1200407,1200476,69
130,13,struct,53,267.5065,78.3507,1200511,1200546,35
130,13,struct,53,273.0682,90.5994,1200581,1200652,71
130,0,blank,0,213.22326,92.92786,1200967,1201143,176
130,14,!=,63,210.37872,98.12112,1201143,1201320,177
130,13,(,52,217.7591,93.8316666666667,1201320,1201424,104
130,0,blank,0,215.57652,98.53788,1201459,1201634,175
130,0,blank,0,211.0138,95.95195,1201634,1201703,69
130,14,numberOfDays,64,308.87375,100.79835,1201772,1201841,69
130,0,blank,0,-350,-105,1201911,1202050,139
130,0,blank,0,334.2915,137.615,1202158,1202221,63
130,0,blank,0,335.5606,129.9005,1202254,1202289,35
130,14,numberOfDays,64,288.5607,102.7613,1202357,1202391,34
130,0,blank,0,296.4255,118.4566,1202425,1202460,35
130,14,numberOfDays,64,294.0332,115.503833333333,1202529,1202635,106
130,14,numberOfDays,64,299.085633333333,112.5738,1202669,1202774,105
130,14,today,66,363.522,105.9592,1202876,1202910,34
130,0,blank,0,321.43168,96.89854,1203112,1203283,171
130,14,numberOfDays,64,315.960333333333,105.2892,1203283,1203385,102
130,14,numberOfDays,64,255.81064,105.69984,1203420,1203593,173
130,14,numberOfDays,64,263.4081,101.4164,1203593,1203626,33
130,14,numberOfDays,64,334.9781,106.81505,1203661,1203731,70
130,14,numberOfDays,64,329.0745,100.89375,1203765,1203835,70
130,14,numberOfDays,64,327.6296,99.7645,1203939,1203973,34
130,40,daysPerMonth,223,218.4197,673.83575,1204084,1204155,71
130,0,blank,0,219.6992,666.1383,1204190,1204225,35
130,0,blank,0,213.78164,659.3006,1204295,1204470,175
130,0,blank,0,209.5923,662.31575,1204470,1204540,70
130,0,blank,0,182.053466666667,699.960466666667,1204645,1204752,107
130,0,blank,0,193.7946,705.6208,1204855,1204890,35
130,40,daysPerMonth,223,197.874,681.73695,1204923,1204993,70
130,0,blank,0,190.86,695.0572,1205063,1205099,36
130,0,blank,0,310.55904,127.4045,1205346,1205516,170
130,0,blank,0,302.5887,118.7323,1205549,1205583,34
130,0,blank,0,191.281,119.605,1205650,1205685,35
130,0,blank,0,192.6811,129.6923,1205718,1205850,132
130,0,blank,0,-350,-105,1205917,1206028,111
130,0,blank,0,347.9783,111.46415,1206203,1206266,63
130,14,numberOfDays,64,339.0742,101.1591,1206298,1206331,33
130,0,blank,0,194.167666666667,132.2033,1206399,1206501,102
130,0,blank,0,194.123,136.0259,1206600,1206635,35
130,0,blank,0,200.048866666667,138.896533333333,1206701,1206803,102
130,13,struct,53,240.80882,92.84912,1206907,1207073,166
130,13,struct,53,238.75812,94.47432,1207106,1207275,169
130,14,numberOfDays,64,235.9312,99.8368,1207308,1207340,32
130,13,struct,53,233.54868,90.5694,1207373,1207539,166
130,13,numberOfDays,51,173.73278,95.5385,1207572,1207743,171
130,13,numberOfDays,51,170.947566666667,95.8499,1207743,1207846,103
130,13,numberOfDays,51,160.6699,89.0906,1207882,1207918,36
130,0,blank,0,390.86835,87.22245,1207989,1208056,67
130,0,blank,0,399.6511,92.8354,1208128,1208163,35
130,13,numberOfDays,51,153.38055,88.48745,1208233,1208301,68
130,13,numberOfDays,51,157.08644,87.93834,1208368,1208540,172
130,13,numberOfDays,51,151.9278,95.044,1208540,1208574,34
130,16,struct,73,237.8992,142.5218,1208642,1208677,35
130,16,struct,73,244.3125,150.0122,1208712,1208780,68
130,16,struct,73,233.544,155.642166666667,1208814,1208916,102
130,16,today,87,396.93674,141.02186,1209018,1209188,170
130,0,blank,0,399.07234,138.01748,1209188,1209358,170
130,0,blank,0,304.8868,136.8855,1209426,1209563,137
130,0,blank,0,533.40895,129.4418,1209766,1209833,67
130,16,.,88,541.2635,143.7138,1209867,1209901,34
130,0,blank,0,581.5548,123.689,1209935,1209969,34
130,0,blank,0,594.3578,137.3851,1210069,1210138,69
130,0,blank,0,678.349,165.9286,1210205,1210238,33
130,16,today,87,675.64,142.2397,1210307,1210341,34
130,0,blank,0,684.354,147.0496,1210376,1210410,34
130,0,blank,0,683.237,168.111,1210444,1210478,34
130,0,blank,0,691.269,134.64,1210512,1210546,34
130,16,today,87,681.2135,145.2417,1210581,1210718,137
130,16,today,87,682.8945,144.3808,1210753,1210823,70
130,0,blank,0,458.02342,128.1969,1211065,1211239,174
130,0,blank,0,467.5206,121.8352,1211239,1211274,35
130,16,today,87,682.1955,158.77045,1211448,1211516,68
130,0,blank,0,684.611,149.3268,1211551,1211585,34
130,16,today,87,678.96,142.390666666667,1211621,1211723,102
130,0,blank,0,679.904,164.2331,1211825,1211859,34
130,16,today,87,655.6062,150.5173,1211963,1212137,174
130,0,blank,0,302.5654,169.8436,1212208,1212279,71
130,0,blank,0,206.23575,135.56585,1212416,1212487,71
130,16,struct,73,205.5663,144.2053,1212522,1212558,36
130,0,blank,0,267.90332,137.50014,1212932,1213099,167
130,16,date,74,274.45195,143.0092,1213099,1213166,67
130,0,blank,0,270.87585,140.140225,1213200,1213334,134
130,0,blank,0,258.1052,130.8179,1213334,1213408,74
130,0,blank,0,258.7125,175.1441,1213654,1213731,77
130,18,today,96,165.50085,189.3015,1213805,1213874,69
130,0,blank,0,164.37,179.9174,1213908,1213943,35
130,0,blank,0,138.4476,169.19,1213977,1214011,34
130,0,blank,0,137.54105,177.21315,1214046,1214113,67
130,0,blank,0,133.243066666667,179.362266666667,1214147,1214250,103
130,18,month,98,213.254533333333,187.687066666667,1214318,1214419,101
130,0,blank,0,212.436925,171.275275,1214451,1214585,134
130,18,month,98,208.66125,186.8383,1214617,1214684,67
130,0,blank,0,-350,-105,1214718,1214860,142
130,0,blank,0,268.413966666667,182.9237,1215015,1215114,99
130,0,blank,0,368.6273,217.0114,1215247,1215280,33
130,0,blank,0,364.478533333333,209.083966666667,1215313,1215412,99
130,0,blank,0,370.7454,204.9477,1215481,1215512,31
130,0,blank,0,472.666,204.4229,1215579,1215612,33
130,0,blank,0,472.79945,220.1091,1215712,1215779,67
130,0,blank,0,260.6557,182.9364,1216183,1216217,34
130,0,blank,0,271.99416,179.09934,1216283,1216450,167
130,18,==,99,267.26132,185.12194,1216450,1216618,168
130,0,blank,0,268.0963,168.9874,1216651,1216684,33
130,0,blank,0,263.5689,181.097266666667,1216718,1216818,100
130,0,blank,0,266.240033333333,184.9258,1216852,1216954,102
130,0,blank,0,260.01116,176.40246,1216988,1217159,171
130,0,blank,0,258.7891,182.0202,1217159,1217193,34
130,0,blank,0,262.641075,174.29395,1217229,1217365,136
130,0,blank,0,260.833633333333,181.062033333333,1217433,1217535,102
130,0,blank,0,202.0959,190.4129,1217602,1217637,35
130,0,blank,0,205.4162,172.221,1217706,1217741,35
130,0,blank,0,199.26705,183.4361,1217775,1217844,69
130,18,.,97,196.98526,188.07278,1217911,1218081,170
130,0,blank,0,144.4852,172.0601,1218184,1218217,33
130,0,blank,0,145.919575,183.166625,1218251,1218389,138
130,14,numberOfDays,64,259.406383333333,98.7579666666667,1218490,1218688,198
130,13,struct,53,268.36808,91.6055,1218688,1218855,167
130,0,blank,0,229.93484,96.16904,1218888,1219056,168
130,0,blank,0,219.3831,104.25,1219056,1219089,33
130,14,numberOfDays,64,342.9844,102.2718,1219225,1219259,34
130,0,blank,0,153.91568,120.83036,1219360,1219533,173
130,0,blank,0,104.3792,176.511,1219567,1219601,34
130,16,tomorrow,70,108.8452,159.40575,1219704,1219771,67
130,0,blank,0,128.5096,170.4133,1219805,1219875,70
130,0,blank,0,136.66105,172.895925,1219946,1220084,138
130,0,blank,0,122.4183,127.3977,1220117,1220152,35
130,0,blank,0,118.58988,118.35824,1220186,1220356,170
130,14,today,66,124.7195,107.535066666667,1220356,1220459,103
130,0,blank,0,121.795633333333,125.4524,1220492,1220593,101
130,0,blank,0,273.652133333333,133.950766666667,1220661,1220762,101
130,0,blank,0,275.686866666667,123.733133333333,1220796,1220898,102
130,0,blank,0,444.425675,139.45745,1220965,1221099,134
130,0,blank,0,615.0924,162.9071,1221267,1221370,103
130,16,struct,73,222.7764,143.5135,1221473,1221506,33
130,0,blank,0,229.21635,128.10485,1221541,1221609,68
130,0,blank,0,706.701,168.5482,1221709,1221745,36
130,16,year,89,712.516,153.60184,1221780,1221949,169
130,0,blank,0,649.9735,137.5734,1222084,1222117,33
130,0,blank,0,642.74,137.8385,1222191,1222225,34
130,16,today,87,650.832775,141.014975,1222258,1222392,134
130,0,blank,0,645.046533333333,132.567433333333,1222458,1222559,101
130,16,today,87,643.4161,146.3461,1222591,1222659,68
130,0,blank,0,657.773,134.6395,1222829,1222863,34
130,16,today,87,643.8565,154.956675,1222896,1223036,140
130,16,today,87,645.190866666667,150.226433333333,1223103,1223208,105
130,16,today,87,644.9521,158.6074,1223353,1223389,36
130,18,(,95,131.0973,201.42585,1223491,1223564,73
130,18,(,95,129.6129,203.2905,1223599,1223635,36
130,0,blank,0,75.2025,209.8847,1223670,1223706,36
130,0,blank,0,61.2232666666667,211.2205,1223742,1223848,106
130,0,blank,0,17.2661,204.203933333333,1223883,1223987,104
130,0,blank,0,16.21494,195.98722,1224055,1224222,167
130,0,blank,0,21.70205,199.86875,1224222,1224290,68
130,0,blank,0,16.532025,192.566275,1224322,1224456,134
130,0,blank,0,8.18876666666667,199.129333333333,1224556,1224656,100
130,0,blank,0,7.47840000000002,194.8843,1224689,1224722,33
130,0,blank,0,13.2845333333333,196.572666666667,1224822,1224921,99
130,0,blank,0,9.16685000000001,194.94615,1224955,1225020,65
130,0,blank,0,2.69635999999999,137.69346,1225121,1225288,167
130,0,blank,0,-350,-105,1225455,1225641,186
130,16,+,84,585.7594,159.3041,1225818,1225842,24
130,0,blank,0,647.9658,164.854666666667,1225953,1226054,101
130,16,today,87,647.0154,160.8788,1226123,1226158,35
130,0,blank,0,58.8563,180.9213,1226290,1226461,171
130,0,blank,0,65.6579,170.4781,1226461,1226495,34
130,0,blank,0,16.7292,119.35445,1226562,1226630,68
130,17,},92,50.60495,179.7585,1226767,1226835,68
130,17,},92,53.7599,177.9502,1226901,1226937,36
130,18,today,96,152.37035,193.44065,1227070,1227139,69
130,18,today,96,151.5316,187.3618,1227241,1227311,70
130,18,today,96,160.9288,203.2432,1227346,1227380,34
130,0,blank,0,133.0196,175.51335,1227451,1227518,67
130,18,today,96,147.7181,186.75915,1227588,1227658,70
130,18,today,96,143.227,200.6,1227693,1227796,103
130,0,blank,0,141.3424,184.6717,1227864,1227901,37
130,18,today,96,149.2583,198.4721,1227937,1228005,68
130,0,blank,0,146.004233333333,213.998966666667,1228040,1228146,106
130,0,blank,0,114.047,206.0976,1228181,1228252,71
130,0,blank,0,115.3197,210.29565,1228287,1228359,72
130,0,blank,0,113.4554,216.65645,1228429,1228499,70
130,0,blank,0,-350,-105,1228605,1228737,132
130,18,==,99,277.384,194.9633,1228984,1229019,35
130,0,blank,0,294.2872,171.2756,1229053,1229087,34
130,18,==,99,273.1252,189.8153,1229121,1229157,36
130,0,blank,0,285.8655,171.8777,1229258,1229292,34
130,18,month,98,229.63206,186.3766,1229360,1229526,166
130,0,blank,0,335.1401,171.4722,1229594,1229628,34
130,0,blank,0,333.7204,178.291633333333,1229662,1229764,102
130,0,blank,0,478.0729,197.6257,1229830,1229864,34
130,0,blank,0,478.475833333333,209.006266666667,1229933,1230035,102
130,0,blank,0,470.3701,220.0352,1230071,1230104,33
130,20,+,117,526.726166666667,233.400866666667,1230173,1230277,104
130,0,blank,0,522.0186,233.6957,1230347,1230382,35
130,0,blank,0,505.1462,208.79795,1230418,1230486,68
130,0,blank,0,510.9277,210.5523,1230522,1230590,68
130,0,blank,0,498.204,212.6407,1230626,1230661,35
130,0,blank,0,507.37065,217.42275,1230695,1230764,69
130,0,blank,0,514.9376,247.5872,1230798,1230831,33
130,20,year,116,504.614625,230.2482,1230970,1231113,143
130,0,blank,0,345.13498,177.75766,1231182,1231363,181
130,18,),101,326.122,189.6617,1231469,1231540,71
130,0,blank,0,497.59675,225.72275,1231608,1231679,71
130,0,blank,0,503.3312,224.16305,1231747,1231816,69
130,20,year,116,505.4572,233.3066,1231953,1231986,33
130,0,blank,0,375.672333333333,183.1573,1232193,1232293,100
130,0,blank,0,340.02245,176.47145,1232328,1232395,67
130,0,blank,0,340.9217,178.7937,1232498,1232532,34
130,0,blank,0,484.8348,214.4051,1232670,1232705,35
130,20,1,118,544.0674,240.5615,1233018,1233053,35
130,0,blank,0,538.7211,232.5638,1233122,1233157,35
130,0,blank,0,524.1896,219.8683,1233226,1233297,71
130,0,blank,0,520.1943,207.525,1233402,1233473,71
130,0,blank,0,513.3201,215.4965,1233577,1233612,35
130,0,blank,0,508.9745,220.2978,1233683,1233718,35
130,20,today,114,451.3485,236.8592,1233783,1233904,121
130,0,blank,0,451.4443,223.2022,1233904,1234002,98
130,0,blank,0,439.751,211.8611,1234122,1234157,35
130,0,blank,0,433.2478,219.9143,1234234,1234268,34
130,20,today,114,443.3462,233.787,1234304,1234340,36
130,0,blank,0,448.381966666667,227.172066666667,1234375,1234485,110
130,0,blank,0,438.4664,219.89,1234521,1234557,36
130,20,today,114,452.4465,230.7641,1234593,1234628,35
130,0,blank,0,483.3053,214.7812,1234664,1234737,73
130,0,blank,0,481.5287,216.8209,1234848,1234885,37
130,20,year,116,495.6943,231.2275,1234922,1234997,75
130,20,today,114,462.7932,243.8352,1235033,1235070,37
130,0,blank,0,473.32485,222.39505,1235292,1235367,75
130,0,blank,0,477.0912,227.3637,1235440,1235477,37
130,0,blank,0,439.90735,227.58175,1235513,1235587,74
130,20,today,114,444.551,232.797633333333,1235694,1235798,104
130,0,blank,0,-350,-105,1235834,1235957,123
130,20,today,114,446.6017,236.3574,1236119,1236159,40
130,20,.,115,470.224533333333,232.261866666667,1236231,1236337,106
130,0,blank,0,461.6598,251.2559,1236373,1236407,34
130,0,blank,0,429.7793,216.2054,1236726,1236762,36
130,20,year,116,498.5878,235.7094,1237046,1237080,34
130,0,blank,0,437.7009,215.4406,1237644,1237681,37
130,0,blank,0,423.0192,223.5081,1237717,1237755,38
130,0,blank,0,418.6648,228.1283,1237898,1237936,38
130,0,blank,0,401.4448,228.5946,1238194,1238230,36
130,0,blank,0,242.36145,270.5577,1238565,1238638,73
130,0,blank,0,262.5504,296.467,1238822,1238856,34
130,0,blank,0,165.2459,340.1615,1238927,1238962,35
130,0,blank,0,167.8798,318.0135,1239069,1239104,35
130,0,blank,0,126.5693,282.9552,1239285,1239321,36
130,0,blank,0,129.8125,308.9214,1239464,1239499,35
130,0,blank,0,301.4276,304.5912,1239674,1239710,36
130,0,blank,0,308.8522,253.5583,1239813,1239849,36
130,20,today,114,440.7866,235.3177,1240025,1240062,37
130,0,blank,0,428.6588,213.394,1240098,1240135,37
130,0,blank,0,320.37598,191.05842,1240245,1240431,186
130,18,==,99,269.37954,187.67924,1240466,1240649,183
130,18,==,99,273.53368,186.38602,1240649,1240833,184
130,0,blank,0,276.9111,178.2597,1240833,1240871,38
130,18,today,96,179.98242,190.08114,1240943,1241124,181
130,0,blank,0,179.8187,176.0842,1241124,1241160,36
130,0,blank,0,151.78085,183.738825,1241197,1241346,149
130,18,today,96,152.5148,197.9884,1241416,1241453,37
130,0,blank,0,302.0969,207.44045,1241634,1241706,72
130,0,blank,0,294.9197,210.2039,1241850,1241959,109
130,24,month,135,470.5974,320.91955,1242294,1242439,145
130,0,blank,0,477.411,307.4515,1242585,1242622,37
130,24,month,135,457.32605,320.88025,1242934,1243011,77
130,24,today,139,422.104975,326.9394,1243087,1243244,157
130,24,1,137,523.5441,317.3293,1243320,1243432,112
130,24,1,137,530.60675,321.5948,1243471,1243624,153
130,24,today,139,588.2057,336.11325,1243661,1243736,75
130,24,today,139,585.4051,335.3908,1243808,1243843,35
130,0,blank,0,-350,-105,1243912,1244069,157
130,0,blank,0,-350,-105,1244069,1244125,56
130,26,tomorrow,146,180.7593,372.222,1244342,1244364,22
130,0,blank,0,118.45595,390.5113,1244716,1244790,74
130,0,blank,0,116.5578,381.5259,1244861,1244895,34
130,0,blank,0,123.5212,389.7093,1244930,1244965,35
130,0,blank,0,110.0142,393.8211,1245173,1245206,33
130,0,blank,0,446.33832,175.26728,1245411,1245585,174
130,0,blank,0,398.16128,166.415,1245620,1245800,180
130,16,today,87,395.9482,150.7433,1245800,1245837,37
130,16,month,79,443.48174,148.36564,1245873,1246048,175
130,16,month,79,458.7978,151.0083,1246048,1246082,34
130,16,day,83,550.38538,158.34752,1246116,1246291,175
130,16,day,83,552.21436,156.83986,1246291,1246466,175
130,16,day,83,544.889,161.8142,1246466,1246501,35
130,0,blank,0,325.20245,131.8494,1246570,1246642,72
130,0,blank,0,324.46815,137.45145,1246676,1246746,70
130,0,blank,0,519.9176,140.6909,1246921,1246956,35
130,16,+,84,592.6598,149.7129,1247063,1247174,111
130,0,blank,0,556.8896,134.2943,1247248,1247283,35
130,16,day,83,552.2308,152.9834,1247318,1247424,106
130,0,blank,0,534.74415,148.27245,1247459,1247531,72
130,0,blank,0,466.74204,140.11332,1247567,1247745,178
130,0,blank,0,465.53155,135.6507,1247745,1247817,72
130,0,blank,0,443.98348,137.55608,1247853,1248033,180
130,16,month,79,436.3889,141.7079,1248033,1248105,72
130,0,blank,0,411.9692,140.01045,1248213,1248284,71
130,0,blank,0,416.3436,133.2447,1248319,1248355,36
130,0,blank,0,403.475566666667,132.5493,1248391,1248498,107
130,0,blank,0,403.5075,130.8966,1248532,1248568,36
130,0,blank,0,461.2552,137.21665,1248603,1248674,71
130,0,blank,0,463.885,138.16944,1248710,1248889,179
130,0,blank,0,466.6696,140.6905,1248889,1248924,35
130,0,blank,0,420.419225,223.274675,1248997,1249144,147
130,20,today,114,455.8095,237.4622,1249257,1249294,37
130,0,blank,0,461.66714,227.05676,1249370,1249555,185
130,0,blank,0,464.919666666667,221.4581,1249555,1249665,110
130,0,blank,0,458.8768,302.63785,1249739,1249815,76
130,0,blank,0,494.6648,333.69515,1250043,1250122,79
130,0,blank,0,484.87375,345.04775,1250162,1250238,76
130,24,month,135,484.42,335.648,1250279,1250318,39
130,0,blank,0,549.66535,340.50765,1250437,1250512,75
130,16,month,79,439.51046,144.15778,1250624,1250808,184
130,16,month,79,436.0196,152.3402,1250808,1250846,38
130,0,blank,0,416.604566666667,162.088466666667,1250884,1250997,113
130,0,blank,0,325.68135,145.9109,1251036,1251109,73
130,0,blank,0,325.98816,151.36946,1251145,1251333,188
130,0,blank,0,323.9029,152.75995,1251333,1251408,75
130,16,date,74,274.05404,147.4764,1251445,1251630,185
130,0,blank,0,271.48715,150.00245,1251630,1251701,71
130,16,=,71,180.235133333333,141.100366666667,1251737,1251848,111
130,16,=,71,179.52292,150.18364,1251885,1252062,177
130,16,date,74,280.58655,142.70005,1252133,1252202,69
130,16,date,74,279.395,160.4253,1252238,1252273,35
130,0,blank,0,-350,-105,1252341,1252373,32
130,0,blank,0,346.25855,169.8149,1252515,1252579,64
130,0,blank,0,350.1304,154.2091,1252613,1252648,35
130,0,blank,0,324.3703,150.6104,1252716,1252784,68
130,16,month,79,437.2726,147.6857,1252887,1253059,172
130,16,month,79,438.1197,161.211,1253059,1253095,36
130,16,1,85,604.061,153.35708,1253198,1253374,176
130,0,blank,0,602.7289,157.5618,1253374,1253410,36
130,0,blank,0,602.402,132.6994,1253447,1253483,36
130,0,blank,0,542.9885,158.4942,1253589,1253692,103
130,16,day,83,547.02895,157.8664,1253725,1253793,68
130,0,blank,0,291.17702,183.7939,1253863,1254042,179
130,0,blank,0,289.1794,187.1736,1254042,1254078,36
130,18,month,98,230.1557,194.6396,1254177,1254305,128
130,0,blank,0,163.2774,172.3974,1254419,1254519,100
130,16,tomorrow,70,150.1399,144.32032,1254560,1254740,180
130,14,day,62,160.50194,103.2691,1254776,1254949,173
130,14,day,62,158.5426,107.6288,1254949,1255016,67
130,0,blank,0,272.31902,149.15872,1255085,1255256,171
130,0,blank,0,266.0738,149.5826,1255256,1255324,68
130,0,blank,0,351.11076,153.63684,1255359,1255535,176
130,16,month,79,415.08488,151.39782,1255570,1255743,173
130,16,month,79,413.2722,154.2523,1255778,1255813,35
130,16,month,79,419.33715,155.68605,1255883,1256022,139
130,0,blank,0,412.87604,160.15456,1256093,1256268,175
130,16,month,79,417.26975,161.6866,1256268,1256340,72
130,0,blank,0,424.650366666667,222.299766666667,1256445,1256552,107
130,0,blank,0,409.8178,235.230166666667,1256588,1256695,107
130,20,year,116,480.29365,247.3597,1256801,1256872,71
130,20,.,115,470.487433333333,244.305633333333,1256907,1257017,110
130,20,today,114,436.16965,238.2027,1257093,1257165,72
130,0,blank,0,433.6987,226.2696,1257200,1257237,37
130,0,blank,0,464.8107,240.58734,1257273,1257456,183
130,0,blank,0,464.0337,239.291,1257456,1257493,37
130,20,year,116,493.3158,238.57408,1257528,1257708,180
130,20,year,116,489.5421,240.7262,1257708,1257817,109
130,20,year,116,486.4135,242.39695,1257853,1257923,70
130,20,.,115,470.03295,244.40655,1257960,1258031,71
130,20,.,115,467.90175,236.6468,1258067,1258139,72
130,0,blank,0,458.0491,340.9689,1258385,1258422,37
130,24,month,135,455.2452,330.8988,1258529,1258565,36
130,24,month,135,451.40485,337.0273,1258600,1258672,72
130,0,blank,0,501.247233333333,325.778433333333,1258744,1258850,106
130,0,blank,0,492.07245,340.0667,1258921,1258992,71
130,0,blank,0,472.631,152.101266666667,1259028,1259135,107
130,0,blank,0,479.5781,151.168,1259170,1259205,35
130,16,month,79,453.16112,143.78222,1259273,1259450,177
130,0,blank,0,451.620325,135.499025,1259484,1259621,137
130,16,month,79,448.435,145.1085,1259655,1259690,35
130,0,blank,0,451.4295,124.08845,1259758,1259825,67
130,16,day,83,546.886566666667,142.080833333333,1259927,1260027,100
130,0,blank,0,-350,-105,1260127,1260214,87
130,16,day,83,556.16358,145.90764,1260456,1260632,176
130,16,day,83,557.5218,141.188,1260632,1260669,37
130,16,day,83,557.5561,155.92125,1260704,1260775,71
130,0,blank,0,593.4866,184.6011,1260810,1260844,34
130,16,+,84,593.4222,152.83448,1260879,1261053,174
130,0,blank,0,601.5054,153.3433,1261053,1261089,36
130,0,blank,0,498.499025,170.355725,1261156,1261298,142
130,0,blank,0,429.611966666667,166.431166666667,1261367,1261479,112
130,0,blank,0,428.4726,174.8629,1261517,1261556,39
130,0,blank,0,459.99718,168.12818,1261592,1261776,184
130,0,blank,0,465.13,167.8315,1261776,1261813,37
130,0,blank,0,431.57625,164.1448,1261967,1262042,75
130,0,blank,0,434.33615,171.0769,1262190,1262262,72
130,0,blank,0,499.93478,171.37272,1262335,1262510,175
130,0,blank,0,502.1634,165.8715,1262615,1262649,34
130,0,blank,0,304.4247,137.9558,1262718,1262753,35
130,16,date,74,306.64395,151.33895,1262789,1262858,69
130,16,date,74,311.5989,152.4875,1262895,1262929,34
130,16,),75,316.364233333333,153.194933333333,1263037,1263140,103
130,16,),75,316.7191,150.2462,1263176,1263212,36
130,16,month,79,446.04814,151.53768,1263315,1263485,170
130,14,numberOfDays,64,289.00134,105.89902,1263552,1263723,171
130,14,numberOfDays,64,228.509825,100.2943,1263792,1263924,132
130,14,numberOfDays,64,230.6112,98.2564,1263990,1264023,33
130,16,date,74,312.78115,148.82335,1264090,1264226,136
130,16,month,79,421.7873,146.48168,1264293,1264465,172
130,16,month,79,422.640566666667,152.590433333333,1264500,1264604,104
130,16,month,79,458.7561,141.99538,1264637,1264807,170
130,16,month,79,433.9815,145.773,1264943,1265012,69
130,16,month,79,428.17546,148.6929,1265079,1265250,171
130,16,month,79,425.9766,149.417,1265319,1265353,34
130,0,blank,0,485.32555,164.46415,1265521,1265590,69
130,0,blank,0,630.901,164.5559,1265656,1265689,33
130,0,blank,0,625.4715,170.0782,1265756,1265789,33
130,16,.,88,687.3085,146.4795,1265994,1266062,68
130,0,blank,0,684.1475,159.3883,1266096,1266165,69
130,16,month,79,427.9292,156.751566666667,1266269,1266373,104
130,16,month,79,430.8649,155.963666666667,1266408,1266510,102
130,16,.,88,411.2132,151.77296,1266543,1266718,175
130,0,blank,0,412.734975,146.715525,1266718,1266860,142
130,0,blank,0,-350,-105,1266928,1267009,81
130,13,struct,53,277.58175,95.7502,1267166,1267240,74
130,13,struct,53,272.454,93.1037,1267310,1267345,35
130,13,(,52,218.03865,93.2127,1267450,1267518,68
130,14,!=,63,210.5115,112.5048,1267553,1267587,34
130,0,blank,0,364.0816,134.2381,1267692,1267725,33
130,0,blank,0,373.2334,131.56465,1267758,1267824,66
130,16,month,79,433.009533333333,152.046666666667,1267859,1267962,103
130,0,blank,0,560.859966666667,164.232666666667,1268103,1268208,105
130,16,day,83,565.759,158.0245,1268242,1268278,36
130,16,today,87,527.6908,158.61685,1268346,1268414,68
130,16,.,88,538.3856,154.9463,1268485,1268624,139
130,0,blank,0,600.6909,170.2112,1268659,1268693,34
130,16,+,84,591.8579,158.1042,1268795,1268829,34
130,16,+,84,583.7473,148.6607,1268897,1268931,34
130,0,blank,0,535.99964,162.12234,1269000,1269175,175
130,0,blank,0,531.2239,177.3431,1269175,1269208,33
130,0,blank,0,532.2728,174.3983,1269279,1269313,34
130,16,.,88,541.2501,158.7763,1269349,1269383,34
130,0,blank,0,536.793133333333,163.051233333333,1269418,1269523,105
130,0,blank,0,661.387,134.1573,1269628,1269662,34
130,0,blank,0,648.0134,135.7732,1269841,1269878,37
130,0,blank,0,660.345,169.3512,1270207,1270281,74
130,0,blank,0,443.66842,186.083,1270423,1270604,181
130,0,blank,0,430.6946,185.2341,1270604,1270641,37
130,0,blank,0,365.356866666667,205.4087,1270677,1270783,106
130,16,date,74,305.52454,155.43424,1270855,1271027,172
130,16,date,74,284.772725,143.885,1271060,1271198,138
130,0,blank,0,260.591625,194.831525,1271269,1271404,135
130,0,blank,0,409.5122,248.179933333333,1271542,1271646,104
130,0,blank,0,415.12745,227.22755,1271679,1271748,69
130,18,month,98,231.00066,185.53376,1271924,1272099,175
130,0,blank,0,171.1647,157.1837,1272168,1272202,34
130,0,blank,0,-350,-105,1272308,1272454,146
130,16,struct,73,224.8555,143.3874,1272650,1272675,25
130,16,today,87,384.85675,156.324,1272787,1272858,71
130,0,blank,0,380.87845,139.1343,1272894,1272965,71
130,0,blank,0,356.7565,135.21995,1273037,1273109,72
130,16,struct,73,239.39404,149.23594,1273183,1273356,173
130,16,struct,73,242.6823,152.959,1273356,1273391,35
130,16,struct,73,242.1703,148.0969,1273429,1273464,35
130,0,blank,0,184.5343,156.30064,1273501,1273685,184
130,0,blank,0,186.1983,150.039,1273721,1273793,72
130,16,struct,73,222.8631,155.6135,1273828,1273897,69
130,0,blank,0,268.341975,133.623575,1274003,1274141,138
130,16,date,74,276.7656,152.3495,1274174,1274209,35
130,16,date,74,307.22695,152.03165,1274313,1274385,72
130,0,blank,0,313.46085,136.69585,1274420,1274490,70
130,16,date,74,297.6661,143.8643,1274862,1274935,73
130,14,day,62,175.5769,107.07398,1275047,1275225,178
130,14,day,62,173.1044,109.5553,1275225,1275261,36
130,0,blank,0,180.88778,134.31278,1275297,1275472,175
130,0,blank,0,-350,-105,1275543,1275630,87
130,0,blank,0,272.518666666667,145.801333333333,1275826,1275926,100
130,14,day,62,155.2153,108.2577,1275997,1276032,35
130,0,blank,0,152.06956,96.87628,1276067,1276242,175
130,13,numberOfDays,51,155.81235,84.1723,1276242,1276311,69
130,13,numberOfDays,51,173.34298,83.94666,1276346,1276518,172
130,13,numberOfDays,51,174.46285,89.6151,1276518,1276588,70
130,12,tomorrow,48,219.13202,65.79362,1276623,1276791,168
130,13,struct,53,270.2814,82.6324,1276860,1276894,34
130,0,blank,0,264.8583,70.05955,1276929,1276995,66
130,13,struct,53,266.0276,81.8824,1277028,1277062,34
130,0,blank,0,184.2331,129.8989,1277130,1277234,104
130,0,blank,0,181.54475,131.4105,1277302,1277371,69
130,0,blank,0,162.10256,74.83852,1277476,1277661,185
130,13,struct,53,252.91048,80.85166,1277697,1277871,174
130,0,blank,0,194.9097,107.9109,1277938,1277973,35
130,14,!=,63,197.1493,99.6701666666667,1278007,1278111,104
130,12,tomorrow,48,174.26964,62.08738,1278145,1278317,172
130,12,tomorrow,48,173.062833333333,62.9322666666667,1278317,1278419,102
130,12,tomorrow,48,205.02072,61.68428,1278561,1278731,170
130,12,tomorrow,48,208.2916,67.3579,1278731,1278766,35
130,0,blank,0,293.5285,134.59485,1278833,1278970,137
130,0,blank,0,277.4848,131.7767,1279005,1279040,35
130,0,blank,0,274.7584,135.5905,1279074,1279109,35
130,12,date,47,146.42808,64.21022,1279176,1279349,173
130,12,tomorrow,48,176.25875,59.68745,1279453,1279589,136
130,0,blank,0,350.04584,142.4301,1279656,1279825,169
130,0,blank,0,354.4515,140.65375,1279859,1279925,66
130,0,blank,0,332.8062,162.6255,1279959,1279992,33
130,16,{,76,335.302925,146.6167,1280025,1280159,134
130,10,struct,41,274.669775,14.153175,1280226,1280363,137
130,10,struct,41,269.105175,12.1868,1280395,1280531,136
130,16,today,87,366.8935,146.9208,1280597,1280666,69
130,0,blank,0,366.80945,136.88825,1280700,1280768,68
130,0,blank,0,412.1451,147.32684,1281010,1281181,171
130,16,.,88,411.25032,152.97806,1281181,1281353,172
130,16,month,79,416.00155,146.38535,1281353,1281422,69
130,16,comma,86,471.679783333333,150.701183333333,1281559,1281752,193
130,16,month,79,454.56085,146.218675,1281786,1281920,134
130,0,blank,0,261.514,173.20825,1281987,1282053,66
130,0,blank,0,263.0261,174.64905,1282121,1282189,68
130,16,struct,73,246.520575,153.4654,1282223,1282357,134
130,0,blank,0,245.70236,138.48888,1282424,1282591,167
130,0,blank,0,186.9085,183.26985,1282884,1282951,67
130,0,blank,0,178.8673,171.2012,1282983,1283016,33
130,0,blank,0,144.5313,170.7704,1283180,1283214,34
130,0,blank,0,144.8333,183.8774,1283246,1283277,31
130,0,blank,0,282.3626,181.6225,1283341,1283438,97
130,0,blank,0,402.52128,223.06556,1283599,1283762,163
130,0,blank,0,482.79865,217.262475,1283795,1283927,132
130,0,blank,0,482.816266666667,207.264933333333,1283959,1284057,98
130,0,blank,0,482.940133333333,222.297566666667,1284089,1284188,99
130,0,blank,0,546.9246,217.5096,1284253,1284286,33
130,0,blank,0,535.54305,230.5571,1284353,1284419,66
130,0,blank,0,516.9658,237.2541,1284485,1284518,33
130,0,blank,0,410.3308,308.867,1284583,1284616,33
130,0,blank,0,404.372066666667,293.7517,1284650,1284751,101
130,0,blank,0,289.3113,313.6328,1284854,1284888,34
130,24,date,128,288.2509,325.3465,1284921,1284955,34
130,0,blank,0,281.9558,297.8325,1284988,1285023,35
130,24,=,125,173.994466666667,317.238433333333,1285124,1285323,199
130,0,blank,0,284.3377,314.8048,1285520,1285588,68
130,0,blank,0,464.212,309.1154,1285655,1285688,33
130,24,month,135,457.3963,323.9714,1285723,1285754,31
130,0,blank,0,453.3355,306.9824,1285789,1285823,34
130,0,blank,0,456.7052,311.4045,1285994,1286060,66
130,0,blank,0,476.5038,213.686,1286228,1286261,33
130,0,blank,0,473.65238,212.81898,1286359,1286522,163
130,0,blank,0,477.50005,223.7445,1286556,1286619,63
130,0,blank,0,531.7859,217.7659,1286750,1286783,33
130,0,blank,0,285.2348,225.1617,1286916,1286949,33
130,20,date,107,289.1497,231.1136,1287017,1287051,34
130,0,blank,0,294.602466666667,218.453266666667,1287084,1287187,103
130,0,blank,0,291.0355,213.0683,1287255,1287290,35
130,0,blank,0,255.026233333333,96.4998,1287324,1287425,101
130,14,numberOfDays,64,250.687566666667,97.469,1287457,1287556,99
130,0,blank,0,193.32384,33.20238,1287622,1287788,166
130,0,blank,0,191.962575,33.36265,1287788,1287917,129
130,0,blank,0,398.8385,198.85835,1288050,1288119,69
130,20,.,115,468.4116,230.506766666667,1288188,1288289,101
130,20,year,116,474.1009,231.3857,1288322,1288356,34
130,20,.,115,468.9504,234.7757,1288423,1288457,34
130,0,blank,0,470.86665,223.07785,1288525,1288590,65
130,0,blank,0,478.26485,150.59455,1288689,1288757,68
130,0,blank,0,475.7214,137.41266,1288793,1288962,169
130,0,blank,0,472.1186,143.30015,1288962,1289029,67
130,0,blank,0,433.91054,202.80858,1289063,1289235,172
130,0,blank,0,411.3778,220.82142,1289270,1289440,170
130,0,blank,0,408.3969,233.212025,1289440,1289576,136
130,0,blank,0,395.858,207.8018,1289745,1289782,37
130,0,blank,0,394.9167,225.05895,1289879,1289948,69
130,0,blank,0,463.9857,220.9574,1290083,1290152,69
130,20,today,114,463.67675,232.24525,1290185,1290255,70
130,0,blank,0,464.341133333333,218.272266666667,1290325,1290432,107
130,0,blank,0,463.0229,227.1949,1290504,1290541,37
130,16,month,79,429.2771,151.9966,1290614,1290650,36
130,16,month,79,438.767225,153.1929,1290687,1290832,145
130,16,month,79,439.8574,157.8607,1290868,1290903,35
130,0,blank,0,460.76005,185.46775,1290938,1291010,72
130,0,blank,0,464.5264,183.2443,1291046,1291080,34
130,0,blank,0,502.3697,265.9331,1291186,1291221,35
130,20,year,116,494.8456,245.9899,1291331,1291366,35
130,20,year,116,503.18565,229.5266,1291402,1291474,72
130,20,year,116,505.4486,241.4643,1291546,1291582,36
130,16,month,79,436.1039,161.751,1291655,1291691,36
130,0,blank,0,-350,-105,1291866,1291945,79
130,0,blank,0,387.0347,178.3383,1292163,1292214,51
130,20,1,118,388.21615,230.996325,1292326,1292472,146
130,0,blank,0,374.59226,236.53752,1292509,1292686,177
130,0,blank,0,373.2655,236.3096,1292755,1292793,38
130,20,comma,113,370.8002,245.5636,1292935,1292970,35
130,0,blank,0,378.8615,209.93035,1293179,1293251,72
130,20,comma,113,371.614033333333,237.215333333333,1293321,1293428,107
130,0,blank,0,373.35295,228.22765,1293499,1293572,73
130,20,1,118,390.365333333333,244.598633333333,1293642,1293751,109
130,20,1,118,389.3489,237.7608,1293825,1293862,37
130,0,blank,0,417.5197,340.6046,1293900,1293935,35
130,24,today,139,422.122266666667,329.021866666667,1294049,1294160,111
130,0,blank,0,432.444,171.95365,1294309,1294382,73
130,0,blank,0,430.82045,173.5779,1294417,1294488,71
130,16,month,79,439.7653,150.6336,1294526,1294563,37
130,0,blank,0,440.004,162.9424,1294598,1294631,33
130,16,month,79,437.444166666667,155.306533333333,1294738,1294845,107
130,16,month,79,434.95835,161.00885,1294882,1294983,101
130,0,blank,0,437.3635,176.8174,1295326,1295404,78
130,16,today,87,516.9745,154.931233333333,1295483,1295595,112
130,0,blank,0,525.2104,167.7715,1295633,1295670,37
130,0,blank,0,545.862,175.3641,1295744,1295780,36
130,0,blank,0,567.043866666667,164.724333333333,1295853,1295962,109
130,0,blank,0,557.0528,180.9993,1295998,1296033,35
130,0,blank,0,565.32974,164.16948,1296178,1296357,179
130,16,day,83,559.0106,154.3192,1296429,1296464,35
130,0,blank,0,599.5452,169.024,1296621,1296657,36
130,0,blank,0,-350,-105,1296837,1297024,187
130,0,blank,0,-350,-105,1297024,1297050,26
130,16,month,79,460.7224,157.5984,1297136,1297224,88
130,16,month,79,419.582,154.086,1297329,1297369,40
130,0,blank,0,412.409,146.51605,1297405,1297551,146
130,0,blank,0,543.999,140.4669,1297877,1297913,36
130,0,blank,0,535.9538,123.8751,1297950,1297984,34
130,0,blank,0,524.35245,105.1632,1298054,1298123,69
130,0,blank,0,518.8359,120.8072,1298158,1298193,35
130,0,blank,0,520.8243,88.4216,1298231,1298268,37
130,0,blank,0,500.7126,65.556,1298413,1298450,37
130,0,blank,0,537.989,138.634,1298488,1298528,40
130,16,today,87,533.39765,143.50455,1298670,1298742,72
130,16,today,87,511.3891,145.94744,1298813,1298994,181
130,0,blank,0,509.3964,136.844,1298994,1299030,36
130,16,today,87,520.7751,149.2924,1299068,1299104,36
130,0,blank,0,543.8531,166.3596,1299141,1299180,39
130,16,day,83,564.0564,160.6964,1299253,1299329,76
130,16,day,83,573.16635,150.54745,1299368,1299441,73
130,0,blank,0,578.24375,149.65405,1299516,1299606,90
130,0,blank,0,572.9595,163.147866666667,1299643,1299756,113
130,16,day,83,573.7449,152.669,1299793,1299831,38
130,16,date,74,313.41146,150.0729,1299944,1300134,190
130,16,date,74,311.733,154.48795,1300134,1300211,77
130,16,date,74,298.6762,145.402125,1300248,1300404,156
130,0,blank,0,269.7701,67.77075,1300554,1300629,75
130,10,struct,41,254.57556,20.32876,1300703,1300882,179
130,10,struct,41,256.5619,24.9341,1300882,1300917,35
130,0,blank,0,360.794275,135.035475,1300988,1301135,147
130,0,blank,0,401.9673,139.52862,1301208,1301390,182
130,0,blank,0,400.1896,136.2796,1301462,1301499,37
130,16,today,87,365.7438,148.27695,1301608,1301681,73
130,16,today,87,363.94286,144.90042,1301717,1301903,186
130,16,today,87,371.4242,145.0564,1301903,1301940,37
130,0,blank,0,415.1566,140.8066,1302014,1302051,37
130,0,blank,0,407.2524,139.7472,1302124,1302198,74
130,0,blank,0,412.2493,144.64692,1302235,1302417,182
130,16,.,88,409.7456,149.262,1302417,1302454,37
130,0,blank,0,890.507,184.1881,1302639,1302698,59
130,0,blank,0,889.634,205.65225,1302729,1302797,68
130,0,blank,0,891.145,254.5331,1302832,1302867,35
130,0,blank,0,274.04308,166.62368,1302973,1303151,178
130,0,blank,0,355.3273,140.16195,1303186,1303256,70
130,0,blank,0,354.8968,133.7368,1303329,1303366,37
130,16,today,87,357.1056,153.4719,1303403,1303439,36
130,0,blank,0,232.261233333333,139.087533333333,1303510,1303621,111
130,0,blank,0,227.0821,135.6877,1303698,1303736,38
130,0,blank,0,-350,-105,1303880,1303943,63
130,0,blank,0,920.57,277.0005,1304176,1304220,44
130,0,blank,0,900.165,291.893766666667,1304288,1304395,107
130,14,today,66,381.3873,117.7614,1304608,1304642,34
130,0,blank,0,312.5026,131.6129,1304712,1304747,35
130,16,),75,320.58536,160.60194,1304782,1304959,177
130,16,struct,73,231.5288,159.444425,1305067,1305203,136
130,16,struct,73,239.4417,154.3152,1305273,1305307,34
130,16,tomorrow,70,120.7673,141.485933333333,1305446,1305552,106
130,16,=,71,179.0653,143.187275,1305590,1305733,143
130,0,blank,0,176.7232,140.0712,1305805,1305842,37
130,0,blank,0,873.511,322.93645,1305991,1306137,146
130,0,blank,0,900.755,320.7134,1306174,1306212,38
130,0,blank,0,895.767,326.0854,1306250,1306288,38
130,0,blank,0,894.511,329.80135,1306363,1306437,74
130,0,blank,0,904.796,322.3509,1306474,1306511,37
130,0,blank,0,908.535,321.5906,1306586,1306623,37
130,0,blank,0,329.945066666667,303.989,1306735,1306842,107
130,0,blank,0,322.8824,301.90405,1306877,1306949,72
130,20,date,107,307.5664,248.21575,1307019,1307159,140
130,20,struct,106,211.4797,232.39872,1307194,1307370,176
130,20,struct,106,215.3057,234.4131,1307370,1307404,34
130,0,blank,0,229.65455,251.7017,1307473,1307613,140
130,0,blank,0,350.655925,252.562375,1307649,1307790,141
130,0,blank,0,344.830566666667,255.253733333333,1307825,1307931,106
130,0,blank,0,348.1767,269.692666666667,1308001,1308109,108
130,0,blank,0,317.22675,260.6919,1308144,1308287,143
130,0,blank,0,159.601,262.78035,1308357,1308430,73
130,0,blank,0,161.1569,257.4491,1308504,1308545,41
130,0,blank,0,65.7523,307.5497,1308591,1308627,36
130,0,blank,0,27.54235,307.51835,1308818,1308890,72
130,0,blank,0,73.08312,361.34432,1308970,1309153,183
130,0,blank,0,70.9373,355.7012,1309153,1309190,37
130,0,blank,0,84.10855,395.5104,1309299,1309374,75
130,0,blank,0,53.11734,400.29016,1309412,1309603,191
130,0,blank,0,61.7435,398.6449,1309603,1309641,38
130,0,blank,0,109.5652,397.801966666667,1309718,1309830,112
130,0,blank,0,56.1506666666667,391.4761,1309902,1310012,110
130,0,blank,0,894.099,403.2064,1310406,1310443,37
130,0,blank,0,893.168333333333,409.234466666667,1310479,1310588,109
130,0,blank,0,889.9255,417.19095,1310696,1310769,73
130,0,blank,0,897.57,428.799,1310880,1310916,36
130,0,blank,0,911.863,389.5438,1311026,1311062,36
130,0,blank,0,282.5422,355.2994,1311277,1311386,109
130,26,;,147,197.9004,367.9661,1311424,1311496,72
130,0,blank,0,190.651,353.6423,1311531,1311568,37
130,26,tomorrow,146,170.0107,365.385133333333,1311605,1311717,112
130,26,tomorrow,146,168.1188,365.0408,1311826,1311861,35
130,0,blank,0,202.245066666667,348.5639,1311897,1312001,104
131,0,blank,0,225.7198,678.93388,1313290,1313471,181
131,0,blank,0,222.22455,678.57295,1313471,1313542,71
131,0,blank,0,297.022,713.3354,1313613,1313650,37
131,0,blank,0,308.4817,712.8093,1313720,1313754,34
131,0,blank,0,192.3904,705.7745,1313893,1313927,34
131,0,blank,0,185.7831,703.4574,1313964,1314069,105
131,0,blank,0,140.1515,699.286475,1314105,1314247,142
131,0,blank,0,103.2707,710.8595,1314391,1314424,33
131,0,blank,0,121.7592,726.6198,1314495,1314533,38
131,0,blank,0,33.6516,718.7672,1314644,1314678,34
131,0,blank,0,24.1098333333333,692.128866666667,1314714,1314822,108
131,0,blank,0,42.1297,708.5765,1314964,1315002,38
131,0,blank,0,142.9955,715.6081,1315073,1315149,76
131,0,blank,0,213.1079,699.37715,1315251,1315340,89
131,0,blank,0,352.5476,705.819,1315740,1315780,40
131,0,blank,0,335.56425,695.76315,1315819,1315894,75
131,0,blank,0,460.3587,685.6306,1315969,1316004,35
131,0,blank,0,470.8722,705.9941,1316040,1316076,36
131,0,blank,0,446.27295,683.3984,1316185,1316261,76
131,0,blank,0,436.6514,665.2208,1316484,1316522,38
131,0,blank,0,468.2739,693.25765,1316779,1316850,71
131,0,blank,0,470.2917,709.1296,1316921,1316957,36
131,0,blank,0,477.014,664.8699,1317030,1317065,35
131,57,thisDay,329,265.4302,611.9629,1317137,1317173,36
131,58,(,337,262.71335,630.17145,1317211,1317286,75
131,59,"Tomorrow'sdateis%i/%i/%.2i.\n",343,201.1874,655.924,1317471,1317506,35
131,56,printf,309,103.8542,586.1404,1317762,1317798,36
131,0,blank,0,113.2353,592.2987,1317872,1317942,70
131,0,blank,0,45.3354,740.1282,1318122,1318158,36
131,0,blank,0,46.5992,743.5461,1318231,1318267,36
131,0,blank,0,54.07712,731.93286,1318304,1318483,179
131,0,blank,0,60.77825,737.38395,1318556,1318630,74
131,0,blank,0,60.421,642.7195,1318665,1318702,37
131,0,blank,0,62.3862,642.9053,1318811,1318849,38
131,0,blank,0,103.36275,712.6134,1319118,1319197,79
131,0,blank,0,178.6301,693.76385,1319235,1319390,155
131,0,blank,0,182.1023,698.2471,1319464,1319501,37
131,57,scanf,314,65.0477,612.7313,1320318,1320357,39
131,0,blank,0,110.2848,594.334,1320471,1320511,40
131,57,"%i%i%i",316,130.2865,609.0152,1320589,1320628,39
131,60,return,360,101.6126,679.4698,1320823,1320861,38
131,59,printf,341,59.6629,663.0173,1320900,1320939,39
131,0,blank,0,66.2583,693.322,1321439,1321517,78
131,0,blank,0,182.03,688.8936,1321669,1321790,121
131,0,blank,0,231.48928,676.68688,1321869,1322063,194
131,0,blank,0,239.9491,686.3052,1322141,1322180,39
131,0,blank,0,238.40345,679.37935,1322259,1322340,81
131,0,blank,0,140.926733333333,681.755133333333,1322418,1322532,114
131,0,blank,0,139.1522,681.186733333333,1322569,1322684,115
131,59,"Tomorrow'sdateis%i/%i/%.2i.\n",343,131.8378,663.0154,1322722,1322761,39
131,0,blank,0,60.3455,688.6505,1322836,1322874,38
131,60,return,360,45.5975,676.7107,1323025,1323063,38
131,0,blank,0,56.7365,698.087,1323101,1323139,38
131,0,blank,0,43.5464,674.4813,1323176,1323214,38
131,0,blank,0,54.5369,693.6873,1323290,1323403,113
131,0,blank,0,38.6355,690.876033333333,1323477,1323586,109
131,0,blank,0,65.4388,702.4037,1323697,1323735,38
131,60,return,360,55.1297,684.605,1323773,1323810,37
131,60,return,360,103.96235,679.0103,1323995,1324068,73
131,0,blank,0,127.7857,686.2338,1324105,1324140,35
131,60,return,360,102.7799,683.5369,1324212,1324249,37
131,0,blank,0,131.3314,694.4709,1324357,1324393,36
131,60,0,361,119.27935,679.9476,1324428,1324499,71
131,0,blank,0,182.7971,694.1865,1324571,1324607,36
131,0,blank,0,179.7488,688.00375,1324679,1324751,72
131,0,blank,0,169.16442,680.24174,1324786,1324961,175
131,0,blank,0,225.65895,687.25125,1324995,1325068,73
131,0,blank,0,228.372566666667,687.227766666667,1325142,1325249,107
131,0,blank,0,139.377333333333,694.3147,1325357,1325462,105
131,0,blank,0,50.7194,706.5665,1325496,1325532,36
131,0,blank,0,35.8688,686.07705,1325566,1325634,68
131,0,blank,0,36.3947,695.0498,1325703,1325738,35
131,0,blank,0,48.28275,685.08065,1325845,1325916,71
131,0,blank,0,106.282375,691.974875,1326023,1326167,144
131,0,blank,0,203.7267,684.2047,1326315,1326352,37
131,0,blank,0,208.3043,674.8279,1326424,1326460,36
131,0,blank,0,60.146025,687.113825,1326568,1326713,145
131,0,blank,0,40.7051,684.9422,1326751,1326786,35
131,0,blank,0,132.2489,697.9428,1327148,1327185,37
131,0,blank,0,137.5165,721.3984,1327220,1327255,35
131,0,blank,0,357.9787,703.5195,1327323,1327364,41
131,0,blank,0,480.86,700.1644,1327511,1327547,36
131,0,blank,0,455.21906,696.22402,1327654,1327832,178
131,0,blank,0,64.9083333333333,706.330266666667,1327905,1328013,108
131,0,blank,0,56.4134,711.997,1328085,1328122,37
131,0,blank,0,57.45735,690.269275,1328160,1328301,141
131,0,blank,0,130.87495,214.9955,1328446,1328522,76
131,0,blank,0,123.0793,208.2197,1328595,1328630,35
131,0,blank,0,113.71205,155.9945,1328667,1328742,75
131,60,return,360,55.7809,667.0419,1328884,1328921,37
131,59,printf,341,51.3505666666667,663.8953,1328992,1329099,107
131,0,blank,0,42.95275,684.42435,1329135,1329275,140
131,0,blank,0,50.3887666666667,692.1235,1329344,1329448,104
131,0,blank,0,57.6572,697.04584,1329483,1329662,179
131,0,blank,0,62.861825,687.597875,1329698,1329840,142
131,0,blank,0,102.88005,620.2741,1329911,1329983,72
131,57,"%i%i%i",316,159.2184,606.4357,1330091,1330127,36
131,57,"%i%i%i",316,157.722533333333,610.964433333333,1330199,1330310,111
131,57,"%i%i%i",316,146.21738,609.66442,1330345,1330527,182
131,57,"%i%i%i",316,189.25685,611.173,1330597,1330667,70
131,0,blank,0,220.2436,598.3243,1330774,1330811,37
131,0,blank,0,214.9468,615.9487,1330848,1330883,35
131,0,blank,0,220.5837,620.5753,1331027,1331065,38
131,58,dateUpdate,336,148.2176,622.8537,1331207,1331244,37
131,57,"%i%i%i",316,156.6879,611.8266,1331279,1331314,35
131,57,"%i%i%i",316,151.1667,609.8265,1331385,1331420,35
131,58,dateUpdate,336,159.2213,625.1783,1331492,1331526,34
131,58,dateUpdate,336,171.0542,625.2222,1331597,1331669,72
131,57,&,328,232.38815,600.03585,1331741,1331811,70
131,0,blank,0,233.6665,598.72895,1331881,1331952,71
131,56,(,310,120.5982,582.6197,1332057,1332092,35
131,0,blank,0,123.983833333333,593.253066666667,1332164,1332269,105
131,58,dateUpdate,336,150.3854,622.9207,1332304,1332340,36
131,57,"%i%i%i",316,144.926333333333,614.020966666667,1332376,1332482,106
131,54,struct,298,92.321,545.7642,1332623,1332658,35
131,0,blank,0,134.5227,631.9917,1332837,1332874,37
131,0,blank,0,136.5029,639.912,1332946,1332982,36
131,0,blank,0,108.9198,686.0522,1333089,1333125,36
131,0,blank,0,110.361933333333,697.800866666667,1333194,1333299,105
131,0,blank,0,204.4022,686.6711,1333445,1333482,37
131,0,blank,0,385.4176,701.3316,1333631,1333668,37
131,0,blank,0,434.87145,685.3058,1333741,1333813,72
131,0,blank,0,439.0201,700.875,1333850,1333885,35
131,0,blank,0,439.0222,698.859766666667,1333955,1334063,108
131,0,blank,0,487.773,668.3297,1334171,1334207,36
131,0,blank,0,494.7861,694.62565,1334315,1334386,71
131,0,blank,0,781.062,695.2151,1334496,1334532,36
131,0,blank,0,780.7725,700.5593,1334604,1334677,73
131,0,blank,0,770.626,684.817,1334714,1334751,37
131,0,blank,0,901.35,597.243,1334892,1334999,107
131,0,blank,0,903.749,599.1829,1335072,1335116,44
131,0,blank,0,894.497,578.6437,1335261,1335297,36
131,0,blank,0,897.7985,573.34625,1335405,1335478,73
131,0,blank,0,892.521,631.251,1335587,1335621,34
131,0,blank,0,548.2781,678.2944,1336140,1336184,44
131,0,blank,0,500.9882,694.96816,1336266,1336448,182
131,0,blank,0,506.6699,691.9004,1336448,1336484,36
131,0,blank,0,424.40336,696.22964,1336521,1336700,179
131,0,blank,0,424.2117,695.9321,1336700,1336738,38
131,0,blank,0,733.1395,672.03395,1336958,1337030,72
131,0,blank,0,723.469,700.9783,1337065,1337102,37
131,0,blank,0,-350,-105,1337248,1337447,199
131,0,blank,0,-350,-105,1337447,1337536,89
131,31,struct,163,250.28705,42.964625,1337736,1337863,127
131,31,struct,163,247.740166666667,41.1668333333333,1337933,1338034,101
131,0,blank,0,398.29114,46.36966,1338102,1338276,174
131,0,blank,0,411.9057,62.6939,1338276,1338311,35
132,0,blank,0,307.1256,282.74745,1338862,1339002,140
132,0,blank,0,309.7824,287.9615,1339072,1339107,35
132,0,blank,0,304.865266666667,287.054266666667,1339216,1339326,110
132,18,12,100,306.1438,264.2781,1339364,1339400,36
132,0,blank,0,318.6393,274.0216,1339438,1339475,37
132,0,blank,0,330.17455,306.75805,1339510,1339583,73
132,0,blank,0,343.5046,307.1767,1339729,1339766,37
132,0,blank,0,326.1075,311.02585,1339801,1339876,75
132,0,blank,0,325.9371,299.57795,1339914,1339988,74
132,0,blank,0,324.736,320.6197,1340061,1340098,37
132,20,1,118,384.8906,314.6919,1340138,1340179,41
132,0,blank,0,382.3512,300.7191,1340217,1340255,38
132,0,blank,0,137.58084,344.34188,1340371,1340554,183
132,0,blank,0,220.9571,346.1338,1340848,1340886,38
132,0,blank,0,-350,-105,1341269,1341386,117
132,0,blank,0,263.3121,288.7173,1341429,1341578,149
132,0,blank,0,-350,-105,1341620,1341796,176
132,0,blank,0,-350,-105,1341796,1341993,197
132,0,blank,0,-350,-105,1341993,1342175,182
132,0,blank,0,-350,-105,1342175,1342327,152
132,0,blank,0,-350,-105,1342327,1342522,195
132,0,blank,0,-350,-105,1342522,1342691,169
132,0,blank,0,-350,-105,1342691,1342800,109
132,0,blank,0,312.9363,238.7906,1343129,1343169,40
132,0,blank,0,312.59836,240.64104,1343197,1343374,177
132,0,blank,0,192.1463,233.0993,1343443,1343478,35
132,0,blank,0,191.8347,242.89,1343550,1343658,108
132,16,{,76,335.19024,218.68192,1343725,1343896,171
132,0,blank,0,302.708766666667,245.317166666667,1343930,1344032,102
132,0,blank,0,-350,-105,1344104,1344297,193
132,0,blank,0,-350,-105,1344297,1344475,178
132,0,blank,0,-350,-105,1344475,1344661,186
132,0,blank,0,-350,-105,1344661,1344835,174
132,0,blank,0,-350,-105,1344835,1345010,175
132,0,blank,0,-350,-105,1345010,1345199,189
132,0,blank,0,-350,-105,1345199,1345379,180
132,0,blank,0,-350,-105,1345379,1345555,176
132,0,blank,0,-350,-105,1345555,1345753,198
132,0,blank,0,-350,-105,1345753,1345931,178
132,0,blank,0,-350,-105,1345931,1346110,179
132,0,blank,0,-350,-105,1346110,1346290,180
132,0,blank,0,-350,-105,1346290,1346470,180
132,0,blank,0,-350,-105,1346470,1346652,182
132,0,blank,0,-350,-105,1346652,1346839,187
132,0,blank,0,-350,-105,1346839,1347014,175
132,0,blank,0,-350,-105,1347014,1347192,178
132,0,blank,0,-350,-105,1347192,1347369,177
132,0,blank,0,-350,-105,1347369,1347546,177
132,0,blank,0,-350,-105,1347546,1347723,177
132,0,blank,0,-350,-105,1347723,1347907,184
132,0,blank,0,-350,-105,1347907,1348088,181
132,0,blank,0,-350,-105,1348088,1348269,181
132,0,blank,0,-350,-105,1348269,1348451,182
132,0,blank,0,-350,-105,1348451,1348618,167
132,0,blank,0,-350,-105,1348618,1348719,101
132,0,blank,0,-350,-105,1348719,1348895,176
132,0,blank,0,-350,-105,1348895,1349062,167
132,0,blank,0,-350,-105,1349062,1349185,123
132,0,blank,0,-350,-105,1349185,1349309,124
132,0,blank,0,-350,-105,1349309,1349433,124
132,0,blank,0,-350,-105,1349433,1349614,181
132,0,blank,0,-350,-105,1349614,1349784,170
132,0,blank,0,-350,-105,1349784,1349915,131
132,0,blank,0,-350,-105,1349915,1350110,195
132,0,blank,0,-350,-105,1350110,1350263,153
132,0,blank,0,-350,-105,1350263,1350450,187
132,0,blank,0,301.2692,663.17015,1350977,1351089,112
132,0,blank,0,327.3481,702.639333333333,1351405,1351592,187
132,0,blank,0,-350,-105,1351695,1351873,178
132,0,blank,0,967.1115,228.6007,1351906,1351988,82
132,0,blank,0,956.852,224.4037,1352023,1352057,34
132,0,blank,0,951.37,244.65785,1352126,1352195,69
132,0,blank,0,948.825666666667,243.998433333333,1352229,1352337,108
132,0,blank,0,948.6162,255.46832,1352406,1352584,178
132,0,blank,0,949.9002,262.72896,1352584,1352758,174
132,0,blank,0,955.932,255.8676,1352794,1352862,68
132,0,blank,0,952.61,264.73365,1352895,1352966,71
132,0,blank,0,954.4012,256.96792,1353005,1353187,182
132,0,blank,0,960.352333333333,262.552566666667,1353187,1353301,114
132,0,blank,0,953.221,267.355075,1353341,1353495,154
132,0,blank,0,479.49922,684.24952,1353571,1353761,190
133,16,month,79,442.458,269.7907,1357108,1357253,145
133,20,today,114,450.6089,359.0031,1357290,1357466,176
133,0,blank,0,434.42952,364.1311,1357502,1357672,170
133,0,blank,0,430.45552,448.14462,1357706,1357872,166
133,24,month,135,464.5642,441.81308,1357939,1358107,168
133,0,blank,0,462.87725,448.42735,1358107,1358173,66
133,24,month,135,465.105266666667,441.7029,1358238,1358437,199
133,24,month,135,464.23282,442.52738,1358437,1358600,163
133,24,today,139,429.195525,438.53795,1358633,1358767,134
133,0,blank,0,252.22942,454.6022,1358834,1359018,184
133,0,blank,0,202.542575,452.87275,1359053,1359193,140
133,0,blank,0,284.20905,451.463275,1359227,1359368,141
133,24,month,135,444.15738,440.7563,1359479,1359657,178
133,0,blank,0,442.4001,444.9403,1359657,1359691,34
133,0,blank,0,423.8029,449.3878,1359726,1359761,35
133,0,blank,0,-350,-105,1359832,1360026,194
133,0,blank,0,-350,-105,1360026,1360204,178
133,0,blank,0,-350,-105,1360204,1360389,185
133,0,blank,0,-350,-105,1360389,1360567,178
133,0,blank,0,-350,-105,1360567,1360744,177
133,0,blank,0,-350,-105,1360744,1360923,179
133,0,blank,0,-350,-105,1360923,1361048,125
133,0,blank,0,-350,-105,1361048,1361210,162
133,0,blank,0,-350,-105,1361210,1361390,180
133,0,blank,0,-350,-105,1361390,1361460,70
133,16,today,87,516.67476,261.1732,1361697,1361865,168
133,16,.,88,538.94316,264.27202,1361898,1362066,168
133,16,day,83,544.649733333333,261.708166666667,1362066,1362167,101
133,0,blank,0,-350,-105,1362235,1362425,190
133,0,blank,0,-350,-105,1362425,1362603,178
133,0,blank,0,-350,-105,1362603,1362789,186
133,0,blank,0,-350,-105,1362789,1362971,182
133,0,blank,0,-350,-105,1362971,1363153,182
133,0,blank,0,-350,-105,1363153,1363321,168
133,0,blank,0,-350,-105,1363321,1363492,171
133,0,blank,0,-350,-105,1363492,1363684,192
133,0,blank,0,-350,-105,1363684,1363861,177
133,0,blank,0,-350,-105,1363861,1364035,174
133,0,blank,0,-350,-105,1364035,1364211,176
133,0,blank,0,-350,-105,1364211,1364385,174
133,0,blank,0,-350,-105,1364385,1364562,177
133,0,blank,0,-350,-105,1364562,1364745,183
133,0,blank,0,-350,-105,1364745,1364922,177
133,0,blank,0,-350,-105,1365504,1365683,179
133,0,blank,0,-350,-105,1365683,1365869,186
133,0,blank,0,-350,-105,1365869,1366067,198
133,0,blank,0,-350,-105,1366067,1366252,185
133,0,blank,0,-350,-105,1366252,1366426,174
133,0,blank,0,-350,-105,1366426,1366555,129
133,0,blank,0,-350,-105,1366555,1366636,81
133,0,blank,0,-350,-105,1366636,1366831,195
133,0,blank,0,-350,-105,1366831,1366963,132
133,0,blank,0,-350,-105,1366963,1367039,76
133,0,blank,0,-350,-105,1367039,1367326,287
133,6,month,27,128.9887,49.8253,1367587,1367636,49
133,0,blank,0,142.407966666667,53.7277,1367673,1367772,99
133,0,blank,0,143.31804,62.96444,1367870,1368039,169
133,16,day,83,551.5802,261.254,1368142,1368176,34
133,16,day,83,573.4538,257.2312,1368281,1368385,104
133,0,blank,0,414.0193,312.3317,1368486,1368520,34
133,0,blank,0,421.9755,329.9274,1368554,1368622,68
133,0,blank,0,405.241175,346.9634,1368758,1368892,134
133,0,blank,0,404.035566666667,348.125366666667,1368926,1369028,102
133,0,blank,0,-350,-105,1369130,1369323,193
133,0,blank,0,-350,-105,1369323,1369500,177
133,0,blank,0,-350,-105,1369500,1369678,178
133,0,blank,0,-350,-105,1369678,1369853,175
133,0,blank,0,-350,-105,1369853,1370033,180
133,0,blank,0,-350,-105,1370033,1370134,101
133,0,blank,0,-350,-105,1370134,1370304,170
133,0,blank,0,-350,-105,1370304,1370376,72
133,20,),108,318.678466666667,340.358266666667,1370512,1370605,93
133,0,blank,0,310.7833,331.3896,1370637,1370670,33
133,0,blank,0,365.6263,336.26435,1370803,1370870,67
133,0,blank,0,-350,-105,1370937,1371131,194
133,0,blank,0,-350,-105,1371131,1371309,178
133,0,blank,0,-350,-105,1371309,1371490,181
133,0,blank,0,-350,-105,1371490,1371672,182
133,0,blank,0,-350,-105,1371672,1371812,140
133,0,blank,0,380.9833,354.30145,1371953,1372021,68
133,0,blank,0,377.853,344.167033333333,1372086,1372186,100
133,0,blank,0,324.556925,334.952975,1372320,1372453,133
133,20,),108,319.8132,346.1155,1372487,1372521,34
133,20,),108,317.472333333333,343.6022,1372589,1372692,103
133,20,),108,318.0218,353.2729,1372726,1372828,102
133,0,blank,0,438.95465,363.31005,1373104,1373173,69
133,0,blank,0,-350,-105,1373241,1373432,191
133,0,blank,0,-350,-105,1373432,1373611,179
133,0,blank,0,-350,-105,1373611,1373791,180
133,0,blank,0,-350,-105,1373791,1373974,183
133,0,blank,0,-350,-105,1373974,1374151,177
133,0,blank,0,-350,-105,1374151,1374346,195
133,0,blank,0,-350,-105,1374346,1374506,160
133,0,blank,0,-350,-105,1374506,1374650,144
133,0,blank,0,-350,-105,1374650,1374771,121
133,0,blank,0,-350,-105,1374771,1374939,168
133,0,blank,0,-350,-105,1374939,1375125,186
133,0,blank,0,-350,-105,1375125,1375244,119
133,0,blank,0,-350,-105,1375244,1375393,149
133,0,blank,0,-350,-105,1375393,1375544,151
133,0,blank,0,-350,-105,1375544,1375710,166
133,0,blank,0,-350,-105,1375710,1375900,190
133,0,blank,0,-350,-105,1375900,1376072,172
133,0,blank,0,-350,-105,1376072,1376108,36
133,24,today,139,413.83625,439.3942,1376430,1376595,165
133,0,blank,0,-350,-105,1376782,1376968,186
133,0,blank,0,-350,-105,1376968,1377132,164
133,0,blank,0,-350,-105,1377132,1377314,182
133,0,blank,0,-350,-105,1377314,1377496,182
133,0,blank,0,-350,-105,1377496,1377674,178
133,0,blank,0,-350,-105,1377674,1377848,174
133,0,blank,0,-350,-105,1377848,1378030,182
133,0,blank,0,-350,-105,1378030,1378211,181
133,0,blank,0,-350,-105,1378211,1378381,170
133,0,blank,0,-350,-105,1378381,1378577,196
133,0,blank,0,-350,-105,1378577,1378667,90
133,0,blank,0,-350,-105,1378667,1378843,176
133,0,blank,0,-350,-105,1378843,1378879,36
133,0,blank,0,348.9174,444.5039,1379490,1379523,33
133,24,1,137,354.0887,437.639325,1379557,1379694,137
133,0,blank,0,-350,-105,1379729,1379918,189
133,0,blank,0,-350,-105,1379918,1380096,178
133,0,blank,0,-350,-105,1380096,1380276,180
133,0,blank,0,-350,-105,1380276,1380458,182
133,0,blank,0,-350,-105,1380458,1380639,181
133,0,blank,0,-350,-105,1380639,1380817,178
133,0,blank,0,-350,-105,1380817,1380998,181
133,0,blank,0,-350,-105,1380998,1381179,181
133,0,blank,0,-350,-105,1381179,1381359,180
133,0,blank,0,-350,-105,1381359,1381540,181
133,0,blank,0,-350,-105,1381540,1381720,180
133,0,blank,0,-350,-105,1381720,1381914,194
133,0,blank,0,-350,-105,1381914,1382090,176
133,0,blank,0,-350,-105,1382090,1382270,180
133,0,blank,0,-350,-105,1382270,1382449,179
133,0,blank,0,-350,-105,1382449,1382626,177
133,0,blank,0,-350,-105,1382626,1382751,125
133,0,blank,0,-350,-105,1382751,1382829,78
133,0,blank,0,-350,-105,1382829,1383057,228
133,0,blank,0,-350,-105,1383057,1383240,183
133,0,blank,0,-350,-105,1383240,1383345,105
133,0,blank,0,-350,-105,1383345,1383473,128
133,0,blank,0,-350,-105,1383473,1383580,107
133,0,blank,0,-350,-105,1383580,1383688,108
133,0,blank,0,-350,-105,1383688,1383869,181
133,0,blank,0,-350,-105,1383869,1384064,195
133,0,blank,0,-350,-105,1384064,1384169,105
133,0,blank,0,-350,-105,1384169,1384342,173
133,0,blank,0,-350,-105,1384342,1384441,99
133,0,blank,0,-350,-105,1384441,1384764,323
133,0,blank,0,-350,-105,1384764,1384844,80
133,0,blank,0,949.395,343.2985,1385900,1385952,52
133,0,blank,0,956.555,333.135166666667,1385986,1386090,104
133,0,blank,0,957.0484,343.65166,1386125,1386298,173
133,0,blank,0,956.661,349.2997,1386298,1386367,69
133,0,blank,0,964.295,336.6983,1386400,1386469,69
133,0,blank,0,962.1626,342.7312,1386503,1386678,175
133,0,blank,0,960.9148,345.7961,1386678,1386855,177
133,0,blank,0,962.4896,347.86224,1386855,1387035,180
133,0,blank,0,961.817,348.128033333333,1387035,1387143,108
133,24,today,139,581.9073,447.05936,1387215,1387398,183
133,0,blank,0,536.99005,414.2767,1387435,1387510,75
134,24,today,139,392.412875,202.109425,1390164,1390296,132
134,24,date,128,312.43615,211.4024,1390424,1390522,98
134,24,),129,317.6382,211.422,1390593,1390627,34
134,24,),129,318.1435,202.1709,1390699,1390741,42
134,0,blank,0,378.655775,194.511025,1390846,1390987,141
134,24,+,136,510.56415,203.6938,1391022,1391089,67
134,24,month,135,493.315616666667,206.236233333333,1391221,1391419,198
134,24,today,139,575.3291,200.3205,1391452,1391553,101
134,0,blank,0,571.374875,196.971525,1391585,1391717,132
134,0,blank,0,450.74215,189.9593,1391785,1391921,136
134,0,blank,0,423.921,131.6066,1391956,1392061,105
134,0,blank,0,426.37296,130.59044,1392097,1392271,174
134,20,today,114,421.243,123.3988,1392271,1392306,35
134,20,today,114,450.77276,113.13674,1392624,1392810,186
134,16,month,79,428.1091,37.2142,1393090,1393125,35
134,16,today,87,493.74135,31.38525,1393261,1393336,75
134,16,today,87,515.616,27.5549,1393527,1393570,43
134,16,today,87,514.0045,30.3819,1393604,1393636,32
134,0,blank,0,511.3672,44.1466,1393771,1393802,31
134,16,today,87,513.5641,38.415,1393834,1393901,67
134,0,blank,0,388.5684,73.4808666666667,1394004,1394111,107
134,0,blank,0,358.5804,80.2982,1394145,1394180,35
134,18,),101,326.291466666667,65.9147,1394245,1394346,101
134,0,blank,0,894.0565,236.3069,1394516,1394652,136
134,0,blank,0,957.739,335.6826,1394686,1394721,35
134,0,blank,0,953.932,355.7285,1394854,1394887,33
134,0,blank,0,961.743,383.0239,1395089,1395122,33
134,0,blank,0,955.233,368.1401,1395156,1395191,35
134,0,blank,0,954.089,377.8529,1395296,1395330,34
134,0,blank,0,962.824,369.0082,1395401,1395435,34
134,0,blank,0,958.229,383.6576,1395470,1395504,34
134,0,blank,0,433.44668,43.87718,1395680,1395850,170
134,0,blank,0,434.3656,45.60078,1395850,1396020,170
135,0,blank,0,-350,-105,1396572,1396598,26
136,16,),75,318.6819,41.2823,1396741,1396809,68
136,0,blank,0,964.4525,399.8597,1397162,1397354,192
136,0,blank,0,477.85105,712.93755,1397440,1397508,68
137,0,blank,0,514.34525,640.9939,1398371,1398438,67
137,0,blank,0,554.6494,664.868866666667,1398507,1398608,101
137,0,blank,0,524.360933333333,674.7055,1398676,1398775,99
137,0,blank,0,518.2328,672.345633333333,1398843,1398946,103
137,0,blank,0,525.59612,670.01298,1398980,1399168,188
137,0,blank,0,526.5931,676.7368,1399168,1399205,37
137,59,"Tomorrow'sdateis%i/%i/%.2i.\n",343,344.19264,651.37356,1399318,1399504,186
137,59,nextDay,353,537.620466666667,656.409566666667,1399579,1399686,107
137,0,blank,0,382.5878,629.1882,1399757,1399794,37
137,0,blank,0,375.6069,625.291533333333,1399835,1399944,109
137,58,thisDay,338,314.7633,634.8842,1399981,1400051,70
137,59,"Tomorrow'sdateis%i/%i/%.2i.\n",343,311.98695,643.72135,1400087,1400161,74
137,59,"Tomorrow'sdateis%i/%i/%.2i.\n",343,314.5421,658.9699,1400197,1400234,37
137,58,thisDay,338,294.71838,640.27672,1400271,1400458,187
137,58,thisDay,338,295.5044,640.2966,1400458,1400530,72
137,57,month,321,329.75118,609.02074,1400567,1400745,178
137,55,nextDay,307,320.489,575.5378,1400781,1400930,149
137,0,blank,0,373.9352,564.348533333333,1401003,1401120,117
137,0,blank,0,370.0173,566.6151,1401156,1401193,37
137,0,blank,0,938.5794,515.5346,1401270,1401465,195
137,0,blank,0,935.663,519.2272,1401465,1401502,37
137,56,"Entertoday'sdate(mmddyyyy):",311,348.2164,589.2484,1401581,1401619,38
137,0,blank,0,353.9673,598.1425,1401699,1401738,39
137,0,blank,0,374.080233333333,620.959866666667,1401817,1401934,117
137,58,thisDay,338,314.04825,631.83925,1402016,1402094,78
137,59,"Tomorrow'sdateis%i/%i/%.2i.\n",343,294.7736,652.489,1402174,1402216,42
137,58,thisDay,338,289.27175,637.66885,1402254,1402331,77
137,58,dateUpdate,336,224.2468,634.9737,1402449,1402489,40
137,59,"Tomorrow'sdateis%i/%i/%.2i.\n",343,212.7635,644.6763,1402569,1402609,40
137,58,dateUpdate,336,156.555775,638.748825,1402683,1402840,157
137,58,thisDay,338,319.6179,630.59135,1402918,1402992,74
137,58,thisDay,338,323.470066666667,633.821733333333,1403028,1403138,110
137,59,"Tomorrow'sdateis%i/%i/%.2i.\n",343,300.7107,645.79346,1403174,1403358,184
137,0,blank,0,369.580533333333,626.880333333333,1403430,1403546,116
137,0,blank,0,364.30045,626.9146,1403620,1403693,73
137,0,blank,0,965.27,538.6602,1403843,1403919,76
137,0,blank,0,958.917,555.942966666667,1403958,1404071,113
137,59,"Tomorrow'sdateis%i/%i/%.2i.\n",343,392.617633333333,643.293066666667,1404218,1404329,111
137,0,blank,0,446.403925,626.141175,1404364,1404511,147
137,0,blank,0,465.35174,626.97046,1404548,1404734,186
137,0,blank,0,470.1299,624.7245,1404734,1404772,38
137,0,blank,0,999.894,540.0134,1404882,1404994,112
137,0,blank,0,970.500666666667,541.369866666667,1405104,1405215,111
137,0,blank,0,402.289675,664.484975,1405325,1405469,144
137,0,blank,0,410.861575,636.62805,1405505,1405647,142
137,0,blank,0,434.215566666667,640.956033333333,1405682,1405787,105
137,0,blank,0,433.709633333333,631.664766666667,1405859,1405965,106
137,0,blank,0,423.4706,633.13,1406000,1406035,35
137,59,"Tomorrow'sdateis%i/%i/%.2i.\n",343,424.5919,645.9207,1406070,1406106,36
137,0,blank,0,475.029425,636.255925,1406141,1406324,183
137,0,blank,0,496.4361,635.8221,1406360,1406461,101
137,0,blank,0,481.7145,634.1768,1406494,1406529,35
137,0,blank,0,444.163775,632.679625,1406564,1406700,136
137,59,"Tomorrow'sdateis%i/%i/%.2i.\n",343,431.9633,643.53376,1406770,1406940,170
137,0,blank,0,433.232066666667,635.3893,1406974,1407078,104
137,0,blank,0,544.90164,626.83882,1407148,1407322,174
137,0,blank,0,547.72732,624.71322,1407322,1407499,177
137,0,blank,0,547.442266666667,622.194333333333,1407499,1407607,108
137,57,thisDay,329,560.8538,619.40154,1407645,1407827,182
137,0,blank,0,565.1968,622.4832,1407827,1407863,36
137,0,blank,0,953.1872,539.49958,1407930,1408099,169
137,0,blank,0,963.392,537.8985,1408099,1408132,33
137,0,blank,0,560.22866,622.2779,1408229,1408395,166
137,0,blank,0,557.9151,620.6376,1408395,1408463,68
137,0,blank,0,584.218,666.0828,1408498,1408534,36
137,59,month,347,578.9744,658.2335,1408638,1408671,33
137,58,),339,336.223533333333,634.8211,1408740,1408842,102
137,59,"Tomorrow'sdateis%i/%i/%.2i.\n",343,259.52775,644.8789,1409014,1409083,69
137,58,dateUpdate,336,215.218,634.0215,1409118,1409154,36
137,58,dateUpdate,336,213.562233333333,633.3203,1409223,1409326,103
137,0,blank,0,-350,-105,1409427,1409573,146
137,57,&,328,389.3924,612.39175,1409661,1409791,130
137,57,thisDay,329,403.0274,611.7177,1409926,1409959,33
137,0,blank,0,379.0623,609.1374,1409994,1410027,33
137,0,blank,0,382.7354,601.032175,1410093,1410227,134
137,57,thisDay,329,398.36015,602.30825,1410260,1410328,68
137,57,thisDay,329,405.468275,606.963425,1410394,1410528,134
137,57,thisDay,329,404.1461,608.99885,1410561,1410627,66
137,57,&,328,394.9226,601.650775,1410726,1410862,136
137,56,"Entertoday'sdate(mmddyyyy):",311,392.4142,593.5937,1410963,1410997,34
137,57,thisDay,329,396.2372,615.5836,1411030,1411065,35
137,0,blank,0,422.775166666667,675.072133333333,1411099,1411201,102
137,0,blank,0,428.9385,682.2508,1411267,1411301,34
137,0,blank,0,389.4225,666.9291,1411335,1411367,32
137,0,blank,0,385.932,672.159833333333,1411469,1411570,101
137,0,blank,0,542.00412,669.39494,1411671,1411842,171
137,0,blank,0,545.873725,675.58465,1411842,1411976,134
137,0,blank,0,443.771,683.9428,1412113,1412186,73
137,0,blank,0,421.121,678.26398,1412255,1412426,171
137,0,blank,0,420.5789,685.3898,1412426,1412458,32
137,0,blank,0,549.9114,672.244025,1412595,1412731,136
137,0,blank,0,441.1002,673.1308,1412801,1412905,104
137,0,blank,0,435.6866,676.8476,1412938,1412973,35
137,0,blank,0,436.7445,682.2819,1413041,1413074,33
137,59,month,347,595.4664,662.81856,1413179,1413351,172
137,0,blank,0,771.9808,669.37868,1413416,1413584,168
137,0,blank,0,768.5115,669.15715,1413584,1413652,68
137,0,blank,0,840.3766,677.38188,1413687,1413857,170
137,0,blank,0,618.64956,676.4242,1413990,1414157,167
137,0,blank,0,617.130433333333,670.472966666667,1414227,1414329,102
137,0,blank,0,616.986266666667,676.1536,1414364,1414464,100
137,0,blank,0,569.93455,670.7773,1414497,1414632,135
137,0,blank,0,563.77225,665.90055,1414666,1414733,67
137,0,blank,0,531.1083,668.514166666667,1414767,1414866,99
137,0,blank,0,532.315225,670.831625,1414965,1415098,133
137,0,blank,0,398.8574,673.763933333333,1415268,1415372,104
137,0,blank,0,356.7945,671.8468,1415515,1415552,37
137,0,blank,0,595.5991,669.3673,1415659,1415728,69
137,0,blank,0,641.19394,671.19992,1415827,1415998,171
137,0,blank,0,636.656925,673.02655,1415998,1416134,136
137,0,blank,0,641.8531,674.3336,1416170,1416207,37
137,0,blank,0,680.3214,665.59026,1416240,1416415,175
137,0,blank,0,682.4914,669.39502,1416415,1416583,168
137,0,blank,0,682.2455,673.256425,1416583,1416722,139
137,0,blank,0,808.90625,673.10525,1416758,1416895,137
137,0,blank,0,965.0075,542.2103,1416966,1417034,68
137,0,blank,0,962.3308,541.114,1417070,1417240,170
137,0,blank,0,964.614,548.2718,1417240,1417294,54
137,0,blank,0,633.33224,666.38648,1417656,1417847,191
137,0,blank,0,631.981725,664.77635,1417847,1417989,142
137,0,blank,0,679.44075,683.520275,1418280,1418419,139
137,0,blank,0,685.8932,679.41568,1418523,1418697,174
137,0,blank,0,686.68525,675.7199,1418697,1418832,135
137,59,comma,352,757.542,661.4953,1418866,1419034,168
137,59,comma,352,761.514333333333,662.852266666667,1419034,1419137,103
137,59,nextDay,353,790.763,662.2486,1419172,1419310,138
137,0,blank,0,575.256775,668.48495,1419450,1419587,137
137,59,month,347,573.02235,656.45835,1419621,1419759,138
137,0,blank,0,576.6602,664.9624,1419794,1419864,70
137,0,blank,0,577.3477,666.043266666667,1419898,1420002,104
137,0,blank,0,574.80486,664.02362,1420072,1420248,176
137,59,month,347,580.1717,663.87775,1420316,1420386,70
137,0,blank,0,784.901,673.44142,1420456,1420630,174
137,0,blank,0,786.3175,668.14405,1420630,1420701,71
137,0,blank,0,790.097,671.7827,1420772,1420949,177
137,0,blank,0,788.49525,669.318425,1420949,1421091,142
137,0,blank,0,-350,-105,1421163,1421353,190
137,0,blank,0,-350,-105,1421353,1421545,192
137,0,blank,0,-350,-105,1421545,1421670,125
137,0,blank,0,-350,-105,1421670,1421846,176
137,0,blank,0,-350,-105,1421846,1422028,182
137,0,blank,0,-350,-105,1422028,1422214,186
137,0,blank,0,-350,-105,1422214,1422324,110
137,0,blank,0,276.95765,317.6471,1422360,1422461,101
137,0,blank,0,256.039716666667,77.45175,1422525,1422720,195
138,0,blank,0,213.4663,124.39246,1424131,1424303,172
138,13,struct,53,248.0775,62.4969,1424442,1424480,38
138,13,struct,53,250.55505,67.5328,1424596,1424663,67
138,0,blank,0,959.7766,310.09058,1424807,1424983,176
138,0,blank,0,945.448,306.9512,1425018,1425052,34
138,12,tomorrow,48,237.3294,43.8592,1425156,1425335,179
138,12,tomorrow,48,237.90915,47.5319,1425335,1425408,73
138,13,struct,53,237.1114,69.3824,1425443,1425512,69
139,0,blank,0,126.59206,84.39114,1426131,1426311,180
139,6,;,28,138.5029,112.8512,1426417,1426450,33
139,10,dateUpdate,39,164.7424,214.1027,1426561,1426601,40
139,0,blank,0,133.3216,135.3152,1426639,1426711,72
139,0,blank,0,140.3437,139.54444,1426751,1426919,168
139,0,blank,0,139.64475,142.25425,1426919,1426988,69
139,12,tomorrow,48,237.21835,262.9145,1427127,1427196,69
139,0,blank,0,199.7289,286.6254,1427300,1427335,35
139,0,blank,0,224.7122,322.128475,1427770,1427942,172
139,0,blank,0,217.3774,322.5839,1427942,1427980,38
139,0,blank,0,197.54218,359.16768,1428018,1428206,188
139,0,blank,0,202.935366666667,413.312566666667,1428283,1428396,113
139,16,struct,73,213.296266666667,339.836733333333,1428473,1428586,113
139,0,blank,0,223.1168,312.6776,1428660,1428696,36
139,0,blank,0,226.8962,318.37676,1428805,1428980,175
139,0,blank,0,219.8449,319.266166666667,1428980,1429088,108
139,0,blank,0,273.4859,356.698075,1429124,1429273,149
139,0,blank,0,268.3146,347.7908,1429309,1429381,72
139,0,blank,0,334.95088,360.80092,1429419,1429597,178
139,16,today,87,400.67848,351.54526,1429668,1429854,186
139,16,today,87,402.170875,347.0691,1429854,1430005,151
139,16,month,79,432.1657,347.19184,1430044,1430223,179
139,0,blank,0,386.38692,352.3227,1430258,1430438,180
139,16,month,79,415.92422,348.63414,1430474,1430651,177
139,0,blank,0,412.2916,353.5141,1430651,1430687,36
139,18,12,100,307.79216,382.05472,1430725,1430904,179
139,18,month,98,241.72085,391.45285,1430940,1431009,69
139,0,blank,0,238.57385,398.0088,1431042,1431111,69
139,0,blank,0,372.5634,356.9055,1431212,1431246,34
139,16,today,87,369.97204,350.56948,1431281,1431453,172
139,16,today,87,370.1058,345.3949,1431453,1431520,67
139,0,blank,0,206.76565,353.61025,1431622,1431758,136
139,16,tomorrow,70,164.0382,340.1555,1431791,1431823,32
139,16,tomorrow,70,163.54768,351.8539,1431856,1432025,169
139,0,blank,0,280.0447,353.09982,1432092,1432263,171
139,16,date,74,281.58482,347.98856,1432263,1432434,171
139,16,.,88,409.167125,343.751875,1432538,1432677,139
139,0,blank,0,349.252733333333,348.138233333333,1432712,1432816,104
139,0,blank,0,596.79114,345.74024,1432887,1433065,178
139,0,blank,0,595.813625,346.42335,1433065,1433208,143
139,0,blank,0,536.416425,355.393925,1433244,1433384,140
139,20,),108,321.17028,421.46478,1433454,1433629,175
139,20,),108,317.5501,420.4637,1433629,1433703,74
139,0,blank,0,374.5681,444.1149,1433738,1433914,176
139,20,date,107,287.0262,426.868825,1433982,1434122,140
139,0,blank,0,429.7861,456.9824,1434194,1434229,35
139,20,today,114,425.66235,438.0015,1434395,1434461,66
139,20,today,114,449.2994,434.7483,1434493,1434525,32
139,0,blank,0,450.754675,443.731825,1434592,1434727,135
139,20,today,114,450.8051,439.869066666667,1434760,1434860,100
139,0,blank,0,472.30228,442.76678,1434959,1435124,165
139,0,blank,0,406.97916,444.97806,1435190,1435359,169
139,0,blank,0,416.9379,451.4139,1435359,1435392,33
139,0,blank,0,459.3368,447.48065,1435426,1435560,134
139,24,today,139,424.429566666667,518.9088,1435626,1435723,97
139,24,today,139,428.19075,526.222,1435757,1435824,67
139,0,blank,0,432.61756,532.41086,1435857,1436024,167
139,0,blank,0,433.7059,536.0843,1436024,1436163,139
139,0,blank,0,432.64894,537.66614,1436234,1436407,173
139,0,blank,0,407.9556,534.6754,1436442,1436613,171
139,0,blank,0,405.427266666667,531.7373,1436613,1436715,102
139,0,blank,0,409.08075,535.84455,1436749,1436820,71
139,0,blank,0,488.75092,533.73106,1436887,1437060,173
139,0,blank,0,483.8304,531.2362,1437060,1437092,32
139,0,blank,0,408.41818,534.11664,1437161,1437336,175
139,0,blank,0,269.16965,567.758,1437372,1437440,68
139,0,blank,0,279.866333333333,574.6888,1437475,1437575,100
139,0,blank,0,225.0018,561.3398,1437647,1437704,57
139,28,struct,152,212.49205,608.4491,1438287,1438356,69
139,0,blank,0,130.1502,584.0583,1438453,1438486,33
139,0,blank,0,-350,-105,1438714,1438877,163
139,0,blank,0,197.9847,580.82074,1439155,1439321,166
139,0,blank,0,192.3864,577.9967,1439321,1439355,34
139,0,blank,0,563.54356,532.2464,1439455,1439626,171
139,0,blank,0,564.306175,535.545625,1439626,1439763,137
139,0,blank,0,211.123,586.1428,1439864,1439966,102
139,0,blank,0,-350,-105,1440069,1440262,193
139,0,blank,0,-350,-105,1440262,1440460,198
139,0,blank,0,-350,-105,1440460,1440578,118
139,0,blank,0,-350,-105,1440578,1440770,192
139,0,blank,0,-350,-105,1440770,1440952,182
139,0,blank,0,-350,-105,1440952,1441137,185
139,0,blank,0,-350,-105,1441137,1441309,172
139,0,blank,0,-350,-105,1441309,1441498,189
139,0,blank,0,-350,-105,1441498,1441679,181
139,0,blank,0,-350,-105,1441679,1441856,177
139,0,blank,0,239.5154,571.6663,1441873,1441901,28
139,28,struct,152,242.6291,604.31665,1441973,1442045,72
139,31,isLeapYear,161,152.88778,675.21904,1442077,1442251,174
139,0,blank,0,-350,-105,1442321,1442512,191
139,0,blank,0,-350,-105,1442512,1442691,179
139,0,blank,0,-350,-105,1442691,1442854,163
139,0,blank,0,-350,-105,1442854,1443035,181
139,0,blank,0,-350,-105,1443035,1443213,178
139,0,blank,0,-350,-105,1443213,1443409,196
139,0,blank,0,-350,-105,1443409,1443560,151
139,0,blank,0,413.19,646.0914,1443620,1443645,25
139,0,blank,0,424.5671,650.3597,1443707,1443739,32
139,32,12,172,282.8134,687.117,1443933,1443967,34
139,0,blank,0,402.6058,463.9997,1444196,1444229,33
139,0,blank,0,411.9818,457.3887,1444297,1444363,66
139,0,blank,0,402.906666666667,459.3599,1444429,1444529,100
139,0,blank,0,381.106,724.479225,1444664,1444796,132
139,0,blank,0,379.45516,727.06084,1444829,1444994,165
139,0,blank,0,363.78,472.050975,1445062,1445199,137
139,0,blank,0,367.37954,736.49756,1445446,1445617,171
139,0,blank,0,425.0622,776.6044,1445651,1445685,34
139,0,blank,0,421.68935,784.172975,1445754,1445890,136
