Frameno_fix,lineno_fix,Tokenname_fix,tokens_id,gaze_X_fix,gaze_Y_fix,timestamp_fix_start,timestamp_fix_end,time_duration
100,0,blank,0,228.4836,84.80504,3970,4140,170
100,0,blank,0,232.134016666667,80.4318,4140,4339,199
100,0,blank,0,230.503616666667,81.8244666666667,4339,4538,199
100,0,blank,0,233.06025,86.2942166666667,4538,4737,199
100,0,blank,0,213.98944,79.9284,4737,4905,168
100,0,blank,0,228.38198,80.00694,4905,5076,171
100,0,blank,0,233.66796,83.86932,5076,5243,167
100,0,blank,0,228.79806,79.01578,5243,5411,168
100,0,blank,0,231.23826,78.00274,5411,5579,168
100,0,blank,0,446.91778,23.43516,5646,5815,169
100,0,blank,0,427.508383333333,24.4416833333333,5815,6013,198
100,0,blank,0,367.8654,30.94616,6013,6181,168
100,0,blank,0,268.44832,37.27698,6181,6351,170
100,0,blank,0,191.25282,37.81014,6351,6522,171
100,0,blank,0,228.81654,30.10014,6522,6689,167
100,0,blank,0,235.663,30.4306,6689,6856,167
100,2,.,13,155.66828,30.90254,6856,7027,171
100,2,.,13,161.345933333333,33.0044,7027,7129,102
100,0,blank,0,281.16312,27.75778,7163,7335,172
100,0,blank,0,318.11428,33.5085,7335,7509,174
100,0,blank,0,370.7693,29.1205,7509,7684,175
100,0,blank,0,372.98408,16.47842,7684,7857,173
100,0,blank,0,394.80272,23.4104,7857,8030,173
100,0,blank,0,423.09158,23.90828,8030,8203,173
100,0,blank,0,396.3086,26.5518,8203,8374,171
100,0,blank,0,336.0209,41.4504,8374,8410,36
100,0,blank,0,146.05516,123.3183,8444,8615,171
100,0,blank,0,151.64546,139.33128,8615,8787,172
100,0,blank,0,166.49736,154.94298,8787,8959,172
100,0,blank,0,180.46078,169.46906,8959,9136,177
100,0,blank,0,182.7473,165.0038,9136,9311,175
100,0,blank,0,183.79792,162.86356,9311,9483,172
100,0,blank,0,160.5153,120.23458,9483,9655,172
100,0,blank,0,148.70324,114.2249,9655,9827,172
100,0,blank,0,136.0664,105.32366,9827,9997,170
100,0,blank,0,150.6172,104.06604,9997,10169,172
100,0,blank,0,168.45684,101.13436,10169,10341,172
100,0,blank,0,168.65934,101.681,10341,10515,174
100,0,blank,0,170.58008,97.91682,10515,10687,172
100,0,blank,0,169.78594,94.50222,10687,10862,175
100,0,blank,0,171.38282,96.40108,10862,11032,170
100,0,blank,0,194.79616,129.82224,11032,11204,172
100,0,blank,0,1015.0704,194.08166,11273,11450,177
100,0,blank,0,1013.743,195.5922,11450,11563,113
100,0,blank,0,1025.003,208.1789,11563,11683,120
100,0,blank,0,1017.766,200.78,11683,11813,130
100,0,blank,0,1001.6635,178.6469,11813,12001,188
100,0,blank,0,992.938,180.29868,12001,12179,178
100,0,blank,0,989.8736,181.04972,12179,12356,177
100,0,blank,0,991.4854,183.04806,12356,12532,176
100,0,blank,0,999.862,186.31538,12532,12723,191
100,0,blank,0,1008.2444,201.12854,12723,12904,181
100,0,blank,0,1003.1362,203.53436,12904,13086,182
100,0,blank,0,996.1256,197.0093,13086,13267,181
100,0,blank,0,997.737,192.20834,13267,13446,179
100,0,blank,0,996.9646,194.66058,13446,13628,182
100,0,blank,0,999.2422,187.7355,13628,13822,194
100,0,blank,0,997.5506,185.1365,13822,14008,186
100,0,blank,0,998.6064,183.98846,14008,14191,183
100,0,blank,0,1001.0184,188.85386,14191,14373,182
100,0,blank,0,1002.3356,182.76844,14373,14554,181
100,0,blank,0,1000.3498,181.13222,14554,14734,180
100,0,blank,0,989.892333333333,178.2998,14734,14839,105
100,0,blank,0,189.8928,152.80434,14912,15093,181
100,0,blank,0,151.44946,150.63738,15093,15274,181
100,0,blank,0,183.54404,139.4708,15274,15456,182
100,0,blank,0,171.0126,142.81248,15456,15632,176
100,0,blank,0,166.06346,146.18554,15632,15801,169
100,0,blank,0,151.59272,157.24564,15801,15972,171
100,0,blank,0,162.12285,146.307116666667,15972,16171,199
100,0,blank,0,164.298566666667,148.726866666667,16171,16368,197
100,0,blank,0,166.6359,149.191883333333,16368,16566,198
100,0,blank,0,165.14364,147.9381,16566,16734,168
100,0,blank,0,175.96522,140.78792,16734,16906,172
100,0,blank,0,166.67712,144.16492,16906,17073,167
100,0,blank,0,162.31062,142.29746,17073,17246,173
100,0,blank,0,183.30052,145.96402,17246,17418,172
100,0,blank,0,176.95804,143.56578,17418,17587,169
100,0,blank,0,162.70622,148.1277,17587,17758,171
100,0,blank,0,163.90126,145.7819,17758,17930,172
100,0,blank,0,172.11952,134.40492,17930,18099,169
100,0,blank,0,178.6716,131.29636,18099,18271,172
100,0,blank,0,155.06516,131.46282,18271,18442,171
100,0,blank,0,163.07614,139.28492,18442,18609,167
100,0,blank,0,188.7444,136.802433333333,18609,18805,196
100,0,blank,0,194.41095,149.822433333333,18805,19004,199
100,0,blank,0,185.864266666667,164.2907,19004,19203,199
100,0,blank,0,192.91636,171.74088,19203,19372,169
100,0,blank,0,192.658566666667,170.8581,19372,19571,199
100,0,blank,0,177.68102,182.99476,19571,19738,167
100,0,blank,0,183.35456,185.89826,19738,19906,168
100,0,blank,0,188.6718,181.80975,19906,20038,132
100,0,blank,0,209.3708,77.74688,20071,20240,169
100,0,blank,0,177.01485,65.0339333333333,20240,20438,198
100,0,blank,0,191.0514,47.145,20438,20633,195
100,0,blank,0,251.755866666667,27.0078666666667,20633,20830,197
100,0,blank,0,281.4616,29.7679833333333,20830,21027,197
100,1,tomorrow,6,328.51525,22.0455333333333,21027,21223,196
100,0,blank,0,372.485,27.0437166666667,21223,21418,195
100,0,blank,0,395.7701,19.74315,21418,21611,193
100,0,blank,0,410.55768,22.82384,21611,21779,168
100,0,blank,0,393.105016666667,26.1304166666667,21779,21978,199
100,0,blank,0,391.96172,23.8369,21978,22148,170
100,0,blank,0,390.51368,25.7608,22148,22317,169
100,0,blank,0,384.5304,23.9363,22317,22484,167
100,0,blank,0,384.3124,21.51134,22484,22651,167
100,0,blank,0,399.0673,10.25452,22651,22821,170
100,0,blank,0,382.84822,23.56534,22821,22993,172
100,0,blank,0,379.63744,23.10906,22993,23189,196
100,0,blank,0,396.5762,21.0523,23189,23359,170
100,0,blank,0,394.38494,26.78204,23359,23524,165
100,0,blank,0,209.08066,194.27272,23557,23725,168
100,0,blank,0,208.56526,193.48984,23725,23893,168
100,0,blank,0,189.754866666667,183.638716666667,23893,24092,199
100,0,blank,0,192.54795,167.73025,24092,24291,199
100,0,blank,0,198.009833333333,162.692,24291,24488,197
100,0,blank,0,205.18272,174.74558,24488,24657,169
100,0,blank,0,205.227083333333,184.961983333333,24657,24856,199
100,10,dateUpdate,39,218.8715,211.68614,24856,25024,168
100,10,dateUpdate,39,218.3867,215.619333333333,25024,25220,196
100,0,blank,0,180.749583333333,233.617466666667,25220,25419,199
100,0,blank,0,151.6725,239.53826,25419,25586,167
100,0,blank,0,151.179333333333,230.44995,25586,25783,197
100,0,blank,0,182.71592,234.62028,25783,25950,167
100,0,blank,0,177.431416666667,153.98395,25950,26148,198
100,0,blank,0,190.24885,107.6675,26148,26343,195
100,0,blank,0,175.6347,102.30205,26343,26536,193
100,0,blank,0,133.495033333333,106.279283333333,26536,26731,195
100,0,blank,0,148.070866666667,107.412883333333,26731,26929,198
100,0,blank,0,172.468183333333,95.6876166666667,26929,27126,197
100,0,blank,0,170.13542,100.18322,27126,27296,170
100,0,blank,0,175.9217,99.15462,27296,27467,171
100,0,blank,0,167.37944,101.90304,27467,27639,172
100,0,blank,0,151.19818,109.17336,27639,27806,167
100,0,blank,0,137.237816666667,107.545316666667,27806,28005,199
100,0,blank,0,144.24914,105.24678,28005,28172,167
100,0,blank,0,149.38166,104.14818,28172,28338,166
100,0,blank,0,149.89548,94.63138,28338,28506,168
100,0,blank,0,147.91486,94.1301,28506,28674,168
100,0,blank,0,149.65264,93.9923,28674,28840,166
100,0,blank,0,165.89894,88.30794,28840,29007,167
100,0,blank,0,166.0962,87.9185,29007,29175,168
100,0,blank,0,150.46232,89.8802,29175,29342,167
100,0,blank,0,129.84146,81.48224,29342,29510,168
100,0,blank,0,130.997766666667,76.0385,29510,29612,102
100,0,blank,0,-350,-105,29753,29904,151
100,0,blank,0,-350,-105,29904,30051,147
100,0,blank,0,-350,-105,30051,30241,190
100,0,blank,0,-350,-105,30241,30405,164
100,0,blank,0,-350,-105,30405,30586,181
100,0,blank,0,-350,-105,30586,30767,181
100,0,blank,0,-350,-105,30767,30849,82
100,0,blank,0,-350,-105,30849,30970,121
100,0,blank,0,-350,-105,30970,31062,92
100,0,blank,0,-350,-105,31062,31234,172
100,0,blank,0,-350,-105,31234,31397,163
100,0,blank,0,-350,-105,31397,31547,150
100,0,blank,0,-350,-105,31547,31723,176
100,0,blank,0,-350,-105,31723,31941,218
100,0,blank,0,-350,-105,31941,32124,183
100,0,blank,0,-350,-105,32124,32301,177
100,0,blank,0,-350,-105,32301,32478,177
100,0,blank,0,-350,-105,32478,32652,174
100,0,blank,0,-350,-105,32652,32757,105
100,0,blank,0,-350,-105,32757,32951,194
100,0,blank,0,-350,-105,32951,33119,168
100,0,blank,0,-350,-105,33119,33312,193
100,0,blank,0,-350,-105,33312,33493,181
100,0,blank,0,-350,-105,33493,33648,155
100,0,blank,0,-350,-105,33648,33825,177
100,0,blank,0,-350,-105,33825,33975,150
100,0,blank,0,-350,-105,33975,34068,93
100,0,blank,0,-350,-105,34068,34255,187
100,0,blank,0,-350,-105,34255,34430,175
100,0,blank,0,-350,-105,34430,34517,87
100,0,blank,0,-350,-105,34517,34690,173
100,0,blank,0,-350,-105,34690,34888,198
100,0,blank,0,-350,-105,34888,35007,119
100,0,blank,0,-350,-105,35007,35262,255
100,0,blank,0,120.2694,184.0052,35378,35540,162
100,0,blank,0,125.3382,225.372433333333,35540,35696,156
100,0,blank,0,89.0446333333333,244.0278,35696,35846,150
100,12,struct,46,74.9383,256.816066666667,35846,36003,157
100,12,date,47,136.852433333333,251.716133333333,36003,36158,155
100,0,blank,0,154.868133333333,255.9888,36158,36313,155
100,0,blank,0,251.7952,226.407575,36313,36484,171
100,0,blank,0,238.38336,227.57404,36484,36654,170
100,0,blank,0,221.38198,224.92374,36654,36825,171
100,0,blank,0,177.87392,227.34848,36825,36995,170
100,0,blank,0,144.82764,224.20736,36995,37168,173
100,0,blank,0,187.15436,225.16668,37168,37347,179
100,0,blank,0,187.9446,222.28274,37347,37523,176
100,0,blank,0,164.30184,129.22438,37523,37701,178
100,0,blank,0,156.41404,90.54836,37701,37872,171
100,0,blank,0,151.437,97.4519,37872,37906,34
100,0,blank,0,-350,-105,38047,38182,135
100,0,blank,0,-350,-105,38182,38332,150
100,0,blank,0,-350,-105,38332,38500,168
100,0,blank,0,-350,-105,38500,38675,175
100,0,blank,0,-350,-105,38675,38861,186
100,0,blank,0,-350,-105,38861,38987,126
100,0,blank,0,-350,-105,38987,39075,88
100,0,blank,0,-350,-105,39075,39219,144
100,0,blank,0,-350,-105,39219,39413,194
100,0,blank,0,-350,-105,39413,39592,179
100,0,blank,0,-350,-105,39592,39774,182
100,0,blank,0,-350,-105,39774,39970,196
100,0,blank,0,-350,-105,39970,40148,178
100,10,date,42,73.590525,217.0589,40495,40675,180
100,0,blank,0,101.28854,232.88624,40675,40859,184
100,0,blank,0,137.0457,223.53044,40859,41043,184
100,0,blank,0,109.56796,223.30986,41043,41229,186
100,10,date,42,106.01134,218.62292,41229,41422,193
100,10,dateUpdate,39,140.8579,218.09916,41422,41602,180
100,0,blank,0,136.88758,223.64934,41602,41785,183
100,0,blank,0,126.52708,226.9176,41785,41961,176
100,0,blank,0,160.04554,225.93564,41961,42134,173
100,0,blank,0,182.03338,226.4472,42134,42303,169
100,0,blank,0,259.26238,224.22736,42303,42474,171
100,0,blank,0,280.23704,222.68242,42474,42651,177
100,0,blank,0,311.3518,220.78536,42651,42829,178
100,10,struct,41,282.6153,218.57054,42829,43010,181
100,10,struct,41,278.53714,214.01378,43010,43198,188
100,0,blank,0,312.12474,212.44682,43198,43386,188
100,10,struct,41,256.46168,211.64488,43386,43577,191
100,0,blank,0,260.586,222.33035,43577,43750,173
100,10,struct,41,294.226825,210.74695,43750,43893,143
100,10,struct,41,17.5882,211.607,43939,44112,173
100,10,struct,41,41.26482,215.3004,44112,44283,171
100,0,blank,0,70.9914,211.4182,44283,44383,100
100,4,struct,23,34.05716,83.0438,44418,44587,169
100,4,struct,23,44.2338,78.94628,44587,44758,171
100,4,struct,23,63.2004,72.5806,44758,44927,169
100,0,blank,0,276.06354,246.41344,44995,45164,169
100,10,struct,41,243.74988,216.39762,45164,45336,172
100,10,struct,41,268.30496,211.54882,45336,45506,170
100,10,struct,41,246.19682,212.3953,45506,45678,172
100,10,struct,41,266.326,212.1114,45678,45853,175
100,10,date,42,323.6542,206.88838,45853,46026,173
100,10,date,42,347.64704,206.2963,46026,46198,172
100,10,struct,41,297.78322,212.1454,46198,46369,171
100,10,struct,41,288.7738,209.36054,46369,46546,177
100,0,blank,0,91.35138,240.92732,46583,46754,171
100,13,int,50,55.14898,273.87008,46754,46930,176
100,0,blank,0,74.06862,265.45782,46930,47106,176
100,12,struct,46,90.9226,259.88698,47106,47277,171
100,12,date,47,134.1864,255.2173,47277,47446,169
100,12,date,47,146.200716666667,254.169566666667,47446,47644,198
100,12,struct,46,93.27686,255.39552,47644,47814,170
100,12,struct,46,92.39916,257.4082,47814,47983,169
100,12,tomorrow,48,163.16042,251.85762,47983,48155,172
100,12,tomorrow,48,184.7071,258.14786,48155,48326,171
100,12,tomorrow,48,182.41864,258.43918,48326,48498,172
100,12,date,47,116.94448,258.19436,48498,48669,171
100,12,date,47,116.7628,256.9238,48669,48839,170
100,0,blank,0,114.04658,266.07118,48839,49009,170
100,13,numberOfDays,51,97.16704,277.7888,49009,49180,171
100,13,numberOfDays,51,94.57754,277.5994,49180,49349,169
100,13,int,50,48.07208,285.6819,49349,49522,173
100,13,numberOfDays,51,93.29372,275.83974,49522,49694,172
100,13,numberOfDays,51,124.03266,276.8008,49694,49866,172
100,13,numberOfDays,51,139.49984,277.00444,49866,50039,173
100,13,numberOfDays,51,161.67804,273.51376,50039,50209,170
100,13,struct,53,254.26872,280.41894,50209,50379,170
100,13,struct,53,253.3937,278.40606,50379,50547,168
100,13,struct,53,253.15804,272.42808,50547,50716,169
100,13,struct,53,236.5033,275.5158,50716,50892,176
100,13,struct,53,242.31332,278.04958,50892,51067,175
100,13,struct,53,271.6672,276.0442,51067,51240,173
100,0,blank,0,285.36148,277.48756,51240,51416,176
100,13,struct,53,272.02868,279.71052,51416,51589,173
100,13,struct,53,258.99636,281.38558,51589,51762,173
100,0,blank,0,214.32822,276.7997,51762,51935,173
100,13,(,52,220.63122,280.37504,51935,52102,167
100,13,struct,53,261.62728,282.35876,52102,52271,169
100,0,blank,0,284.6886,284.1484,52271,52424,153
100,0,blank,0,291.6643,282.3122,52424,52622,198
100,13,struct,53,237.2544,285.76985,52622,52797,175
100,0,blank,0,188.56446,295.02874,52797,52981,184
100,14,today,66,108.67794,295.72976,52981,53150,169
100,14,today,66,119.35816,289.5875,53150,53322,172
100,14,today,66,139.8274,290.85806,53322,53495,173
100,14,today,66,123.72058,295.62296,53495,53666,171
100,0,blank,0,72.73448,299.22976,53666,53839,173
100,14,if,58,47.41852,299.62776,53839,54012,173
100,14,if,58,46.8875,301.4477,54012,54083,71
100,13,numberOfDays,51,162.16924,276.88624,54117,54288,171
100,14,today,66,131.00626,303.5106,54288,54462,174
100,14,today,66,136.26676,302.4095,54462,54635,173
100,14,day,62,180.57346,302.6692,54635,54806,171
100,14,numberOfDays,64,224.92706,305.54226,54806,54977,171
100,14,numberOfDays,64,247.60096,302.784,54977,55149,172
100,14,numberOfDays,64,287.09892,296.91544,55149,55321,172
100,14,numberOfDays,64,273.01976,296.81716,55321,55493,172
100,14,numberOfDays,64,246.43748,300.07238,55493,55669,176
100,14,numberOfDays,64,244.3154,299.6504,55669,55841,172
100,14,numberOfDays,64,240.43728,300.81758,55841,56014,173
100,14,today,66,135.4064,302.94474,56014,56190,176
100,14,today,66,130.855,293.0876,56190,56368,178
100,0,blank,0,126.466325,288.30075,56368,56507,139
100,13,struct,53,243.4795,278.88418,56541,56712,171
100,13,struct,53,261.732,280.65096,56712,56883,171
100,13,struct,53,262.40966,277.6709,56883,57051,168
100,13,struct,53,233.656075,282.00605,57051,57185,134
100,14,if,58,60.19376,289.46264,57218,57391,173
100,14,if,58,60.38152,295.831,57391,57564,173
100,13,int,50,56.29844,287.63716,57564,57737,173
100,0,blank,0,90.8736,288.2481,57737,57909,172
100,0,blank,0,115.89792,288.6573,57909,58076,167
100,13,numberOfDays,51,132.287083333333,285.987333333333,58076,58275,199
100,13,numberOfDays,51,150.412333333333,285.99695,58275,58470,195
100,13,numberOfDays,51,149.453,281.188133333333,58470,58666,196
100,14,today,66,100.598083333333,290.84165,58666,58864,198
100,0,blank,0,82.6906,286.59984,58864,59033,169
100,13,int,50,51.38584,286.30604,59033,59200,167
100,13,numberOfDays,51,109.26166,287.8322,59200,59368,168
100,13,numberOfDays,51,111.9074,286.47252,59368,59535,167
100,13,numberOfDays,51,111.453216666667,282.807566666667,59535,59730,195
100,13,numberOfDays,51,138.190033333333,280.384866666667,59730,59924,194
100,13,numberOfDays,51,176.559083333333,283.016166666667,59924,60118,194
100,13,struct,53,242.78765,286.409516666667,60118,60312,194
100,0,blank,0,284.4132,274.654466666667,60312,60508,196
100,13,date,54,306.04275,274.880925,60508,60637,129
100,13,numberOfDays,51,140.3908,282.85476,60668,60838,170
100,13,numberOfDays,51,154.789283333333,276.039033333333,60838,61035,197
100,13,numberOfDays,51,125.4242,281.60364,61035,61206,171
100,13,numberOfDays,51,113.44128,283.51578,61206,61374,168
100,0,blank,0,76.3774666666666,277.70085,61374,61571,197
100,0,blank,0,86.71512,288.75412,61571,61739,168
100,13,numberOfDays,51,109.51424,282.19286,61739,61910,171
100,13,numberOfDays,51,182.262566666667,276.924616666667,61910,62106,196
100,13,(,52,217.231533333333,274.137216666667,62106,62300,194
100,13,struct,53,272.1198,273.97735,62300,62492,192
100,13,struct,53,281.618116666667,276.9374,62492,62687,195
100,14,numberOfDays,64,251.80296,303.8592,62687,62852,165
100,13,struct,53,236.648,273.50205,62888,63026,138
100,7,int,29,65.641,136.683066666667,63062,63261,199
100,0,blank,0,76.6678166666667,95.5428666666667,63261,63459,198
100,7,day,30,103.61755,149.118333333333,63459,63657,198
100,0,blank,0,129.284,185.26195,63657,63723,66
100,13,struct,53,255.9554,270.28335,63755,63947,192
100,13,struct,53,269.801683333333,284.550366666667,63947,64140,193
100,13,struct,53,279.473266666667,281.7602,64140,64336,196
100,13,struct,53,266.911966666667,282.198733333333,64336,64532,196
100,13,struct,53,246.06295,285.20205,64532,64725,193
100,13,numberOfDays,51,195.1843,279.733516666667,64725,64918,193
100,13,numberOfDays,51,156.402583333333,267.425283333333,64918,65115,197
100,0,blank,0,106.396383333333,262.892933333333,65115,65311,196
100,0,blank,0,107.31772,261.26224,65311,65479,168
100,0,blank,0,115.20676,266.69412,65479,65648,169
100,0,blank,0,157.85228,263.02454,65648,65815,167
100,12,tomorrow,48,178.61246,259.16902,65815,65982,167
100,13,numberOfDays,51,140.05355,270.815116666667,65982,66180,198
100,12,date,47,122.68354,263.5396,66180,66349,169
100,12,date,47,116.939983333333,264.934883333333,66349,66548,199
100,12,date,47,132.481933333333,263.408683333333,66548,66747,199
100,13,numberOfDays,51,88.6499833333333,268.381366666667,66747,66944,197
100,13,int,50,68.28326,275.81994,66944,67111,167
100,13,int,50,68.40162,273.61836,67111,67280,169
100,13,int,50,62.39322,274.64728,67280,67451,171
100,0,blank,0,56.27244,288.1829,67451,67621,170
100,13,int,50,52.25294,287.40402,67621,67794,173
100,14,today,66,104.5914,292.65648,67794,67966,172
100,13,numberOfDays,51,107.28124,282.16968,67966,68136,170
100,13,numberOfDays,51,146.0903,279.68254,68136,68304,168
100,13,numberOfDays,51,140.38145,279.7463,68304,68500,196
100,13,numberOfDays,51,141.77505,281.228566666667,68500,68697,197
100,13,numberOfDays,51,164.603916666667,280.060416666667,68697,68893,196
100,13,numberOfDays,51,166.681266666667,274.984333333333,68893,69087,194
100,14,today,66,136.6774,289.900733333333,69087,69285,198
100,13,struct,53,233.92215,267.912233333333,69285,69482,197
100,13,struct,53,255.61366,272.2517,69482,69649,167
100,13,struct,53,272.085683333333,272.488933333333,69649,69847,198
100,0,blank,0,290.25442,274.436,69847,70014,167
100,0,blank,0,285.43485,276.065233333333,70014,70213,199
100,0,blank,0,257.9402,232.043666666667,70213,70411,198
100,10,struct,41,292.071933333333,217.319266666667,70411,70610,199
100,0,blank,0,284.99525,245.725516666667,70610,70809,199
100,0,blank,0,286.2887,277.889983333333,70809,71007,198
100,13,date,54,296.50324,278.51348,71007,71173,166
100,13,struct,53,271.05292,273.41416,71173,71341,168
100,13,struct,53,248.286383333333,268.685083333333,71341,71534,193
100,0,blank,0,264.094583333333,263.1023,71534,71728,194
100,0,blank,0,227.2347,236.175883333333,71728,71923,195
100,10,dateUpdate,39,153.31285,221.748366666667,71923,72119,196
100,10,date,42,111.500083333333,208.832016666667,72119,72318,199
100,10,date,42,100.01636,212.58896,72318,72485,167
100,10,date,42,83.3403666666667,221.21185,72485,72683,198
100,10,struct,41,22.503525,217.36715,72683,72865,182
100,0,blank,0,137.7543,226.1918,72978,73096,118
100,0,blank,0,117.522875,315.062525,73096,73288,192
100,14,today,66,114.58735,297.662733333333,73288,73483,195
100,14,today,66,137.859666666667,289.277166666667,73483,73681,198
100,0,blank,0,98.56985,184.3979,73681,73878,197
100,0,blank,0,77.57545,118.417366666667,73878,74072,194
100,0,blank,0,69.8626166666667,74.52845,74072,74265,193
100,0,blank,0,70.9066333333333,71.06445,74265,74461,196
100,0,blank,0,64.6134,75.81062,74461,74629,168
100,3,include,17,80.42825,49.95205,74629,74828,199
100,0,blank,0,87.77888,36.37236,74828,74994,166
100,0,blank,0,69.9041666666667,99.4655333333333,74994,75192,198
100,0,blank,0,57.09464,178.1976,75192,75360,168
100,0,blank,0,69.82438,209.70192,75360,75535,175
100,0,blank,0,83.78664,225.30852,75535,75711,176
100,10,struct,41,32.96036,212.91442,75711,75884,173
100,10,struct,41,38.22006,215.63594,75884,76052,168
100,10,dateUpdate,39,159.24752,219.28978,76052,76218,166
100,10,dateUpdate,39,167.36808,221.28044,76218,76385,167
100,0,blank,0,116.553766666667,209.58855,76385,76582,197
100,0,blank,0,118.149466666667,215.604266666667,76582,76778,196
100,10,dateUpdate,39,142.1908,216.178583333333,76778,76976,198
100,0,blank,0,109.537716666667,224.335116666667,76976,77172,196
100,12,date,47,141.213583333333,260.818266666667,77172,77370,198
100,13,numberOfDays,51,162.562066666667,282.765333333333,77370,77566,196
100,14,.,61,151.821616666667,289.068716666667,77566,77761,195
100,14,.,61,148.013016666667,290.01405,77761,77956,195
100,13,struct,53,234.9653,282.985333333333,77956,78154,198
100,13,struct,53,246.12435,285.121866666667,78154,78348,194
100,14,numberOfDays,64,273.772833333333,291.0021,78348,78543,195
100,0,blank,0,276.3968,288.8986,78543,78739,196
100,14,numberOfDays,64,289.124566666667,295.66135,78739,78933,194
100,13,numberOfDays,51,147.3714,287.90188,78966,79133,167
100,0,blank,0,137.191333333333,288.4413,79133,79332,199
100,13,int,50,67.2084333333333,287.29215,79332,79529,197
100,14,if,58,49.9456666666667,289.582733333333,79529,79726,197
100,13,int,50,53.1825166666667,286.852583333333,79726,79923,197
100,13,int,50,58.5381166666667,281.869316666667,79923,80122,199
100,13,int,50,61.5779,286.52624,80122,80291,169
100,13,int,50,59.30302,283.18906,80291,80465,174
100,13,int,50,54.9311833333333,286.047116666667,80465,80663,198
100,13,int,50,58.063,277.72236,80663,80831,168
100,0,blank,0,89.88776,289.2949,80831,81004,173
100,13,numberOfDays,51,127.58946,283.2978,81004,81176,172
100,14,today,66,119.855283333333,292.62045,81176,81372,196
100,14,(,65,80.70818,304.47028,81372,81539,167
100,14,if,58,49.4349,306.63142,81539,81709,170
100,14,if,58,48.68868,297.8101,81709,81876,167
100,12,struct,46,53.97324,263.40592,81876,82044,168
100,12,struct,46,54.77974,264.43056,82044,82210,166
100,12,struct,46,92.01994,260.82786,82210,82378,168
100,0,blank,0,63.5380166666667,222.251933333333,82378,82576,198
100,10,date,42,78.7813166666667,216.806383333333,82576,82772,196
100,10,date,42,112.307933333333,215.030383333333,82772,82967,195
100,10,date,42,90.3750833333333,210.420166666667,82967,83162,195
100,10,date,42,83.00578,214.23048,83162,83331,169
100,10,dateUpdate,39,124.1344,213.52154,83331,83500,169
100,10,dateUpdate,39,149.195183333333,210.014,83500,83696,196
100,0,blank,0,147.276733333333,223.946716666667,83696,83890,194
100,10,date,42,89.66488,217.91872,83890,84057,167
100,10,date,42,92.81162,218.15622,84057,84226,169
100,10,dateUpdate,39,143.34365,216.30495,84226,84421,195
100,0,blank,0,139.011983333333,236.520416666667,84421,84616,195
100,12,date,47,116.51652,259.58898,84616,84812,196
100,13,numberOfDays,51,101.15752,275.77702,84812,84985,173
100,13,int,50,69.18214,273.85694,84985,85149,164
100,0,blank,0,111.10048,288.03756,85149,85317,168
100,13,numberOfDays,51,108.863433333333,282.35775,85317,85513,196
100,13,numberOfDays,51,151.0707,278.45626,85513,85679,166
100,0,blank,0,40.44108,298.3367,85718,85888,170
100,0,blank,0,104.720333333333,312.34315,85888,86087,199
100,0,blank,0,113.01626,315.47606,86087,86261,174
100,14,today,66,138.15635,307.901,86261,86457,196
100,14,.,61,148.63595,301.6605,86457,86654,197
100,0,blank,0,116.46954,310.21354,86654,86824,170
100,0,blank,0,125.54842,314.08722,86824,86997,173
100,14,.,61,150.387116666667,303.3677,86997,87191,194
100,0,blank,0,196.437083333333,310.92965,87191,87390,199
100,14,!=,63,204.09355,305.0968,87390,87588,198
100,0,blank,0,173.891466666667,317.527983333333,87588,87787,199
100,0,blank,0,165.97155,310.42575,87787,87984,197
100,14,day,62,175.29285,306.633883333333,87984,88178,194
100,14,day,62,183.907766666667,306.11345,88178,88374,196
100,14,!=,63,202.029983333333,299.1931,88374,88570,196
100,14,numberOfDays,64,227.4239,306.980933333333,88570,88769,199
100,0,blank,0,226.56962,310.2252,88769,88936,167
100,14,numberOfDays,64,229.681366666667,305.911333333333,88936,89036,100
100,0,blank,0,-350,-105,89069,89218,149
100,0,blank,0,59.93105,310.658116666667,89410,89608,198
100,14,numberOfDays,64,231.774883333333,309.427333333333,89641,89840,199
100,14,numberOfDays,64,227.131233333333,301.93175,89840,90036,196
100,14,numberOfDays,64,224.993,303.0524,90036,90069,33
100,13,;,57,367.4955,284.322333333333,90103,90292,189
100,0,blank,0,362.562,288.86005,90292,90484,192
100,14,today,66,109.44314,308.53736,90516,90680,164
100,14,today,66,102.33334,299.35032,90680,90848,168
100,14,today,66,106.09466,300.29384,90848,91018,170
100,14,today,66,110.932,301.86788,91018,91186,168
100,14,numberOfDays,64,247.145016666667,296.739683333333,91186,91384,198
100,14,numberOfDays,64,261.41136,296.28158,91384,91550,166
100,14,numberOfDays,64,287.5691,301.76712,91550,91720,170
100,14,numberOfDays,64,340.90024,300.46278,91720,91889,169
100,14,numberOfDays,64,342.93174,302.08262,91889,92059,170
100,14,numberOfDays,64,340.8255,308.62124,92059,92229,170
100,14,numberOfDays,64,335.9805,301.5472,92229,92264,35
100,14,day,62,178.66286,300.89232,92297,92471,174
100,14,numberOfDays,64,227.38504,299.17612,92471,92644,173
100,0,blank,0,350.53688,294.69796,92644,92812,168
100,14,numberOfDays,64,263.81324,291.59438,92812,92980,168
100,14,numberOfDays,64,242.86686,291.14964,92980,93149,169
100,0,blank,0,87.1124,306.6699,93195,93381,186
100,14,today,66,138.68435,302.30215,93381,93576,195
100,14,today,66,135.24748,298.40448,93576,93746,170
100,14,today,66,138.0048,291.129175,93746,93919,173
100,0,blank,0,191.221216666667,291.506233333333,93919,94115,196
100,14,day,62,164.31192,289.8204,94115,94281,166
100,14,.,61,145.623066666667,292.184833333333,94281,94479,198
100,14,today,66,139.01325,297.549283333333,94479,94677,198
100,14,day,62,168.933583333333,292.253133333333,94677,94874,197
100,14,!=,63,198.09495,298.2271,94874,95070,196
100,14,!=,63,204.08548,295.63578,95070,95237,167
100,14,numberOfDays,64,247.622966666667,303.74225,95237,95434,197
100,14,numberOfDays,64,266.0948,297.05655,95434,95630,196
100,14,numberOfDays,64,291.762383333333,305.992916666667,95630,95824,194
100,14,numberOfDays,64,329.326333333333,306.260933333333,95824,96020,196
100,0,blank,0,347.4831,296.965283333333,96020,96216,196
100,0,blank,0,348.156733333333,300.276266666667,96216,96407,191
100,0,blank,0,347.546466666667,299.570866666667,96407,96600,193
100,14,numberOfDays,64,267.67685,297.882,96600,96793,193
100,14,numberOfDays,64,256.04995,294.3208,96793,96858,65
100,14,today,66,133.28452,305.63534,96891,97060,169
100,14,today,66,142.31182,298.52652,97060,97235,175
100,14,day,62,161.32348,300.3433,97235,97407,172
100,14,day,62,156.687,303.1849,97407,97440,33
100,14,numberOfDays,64,331.58805,302.637216666667,97474,97669,195
100,14,numberOfDays,64,331.676466666667,299.965966666667,97669,97765,96
100,14,numberOfDays,64,229.811833333333,298.126983333333,97797,97995,198
100,14,numberOfDays,64,277.57635,289.64355,98061,98256,195
100,14,numberOfDays,64,254.7618,290.208066666667,98256,98451,195
100,13,struct,53,244.2939,282.19328,98451,98610,159
100,16,tomorrow,70,125.33882,347.59186,98643,98813,170
100,16,tomorrow,70,119.47584,344.65422,98813,98980,167
100,16,tomorrow,70,123.246016666667,343.771716666667,98980,99176,196
100,16,tomorrow,70,96.34732,334.24024,99176,99343,167
100,0,blank,0,65.4856666666667,328.752216666667,99343,99540,197
100,15,{,69,46.95278,325.51262,99540,99703,163
100,16,struct,73,206.097,341.9556,99736,99935,199
100,0,blank,0,193.5649,323.415766666667,99935,100132,197
100,14,day,62,180.554883333333,292.315666666667,100132,100331,199
100,14,day,62,166.291,292.547233333333,100331,100528,197
100,14,today,66,114.674466666667,303.1047,100528,100726,198
100,14,if,58,60.0676166666667,309.298783333333,100726,100923,197
100,15,{,69,48.5015,317.954075,100923,101074,151
100,0,blank,0,77.37072,324.71606,101074,101259,185
100,0,blank,0,95.0832166666667,320.766433333333,101259,101457,198
100,0,blank,0,86.61185,313.469583333333,101457,101651,194
100,0,blank,0,189.04718,310.99242,101651,101821,170
100,0,blank,0,193.579166666667,313.508933333333,101821,102020,199
100,16,struct,73,246.230583333333,345.155616666667,102020,102212,192
100,16,struct,73,243.897533333333,343.78495,102212,102409,197
100,16,=,71,183.55885,337.518933333333,102409,102604,195
100,0,blank,0,156.546116666667,326.25815,102604,102800,196
100,13,struct,53,240.05555,284.513766666667,102800,102993,193
100,14,numberOfDays,64,268.031716666667,299.1101,102993,103188,195
100,14,numberOfDays,64,292.504,292.70715,103188,103380,192
100,14,numberOfDays,64,265.176333333333,306.278666666667,103380,103573,193
100,14,numberOfDays,64,276.2068,304.8576,103573,103668,95
100,14,numberOfDays,64,248.8583,300.01155,103731,103927,196
100,14,numberOfDays,64,253.66165,295.570916666667,103927,104120,193
100,0,blank,0,289.8963,287.106683333333,104120,104315,195
100,14,numberOfDays,64,258.475133333333,295.315966666667,104315,104511,196
100,13,numberOfDays,51,193.915133333333,287.95035,104511,104708,197
100,13,numberOfDays,51,143.53328,285.62458,104708,104881,173
100,14,today,66,132.286,297.293933333333,104881,104986,105
100,13,struct,53,251.21048,277.28568,105020,105192,172
100,13,struct,53,272.2582,274.99492,105192,105364,172
100,16,struct,73,219.605283333333,333.182966666667,105364,105556,192
100,0,blank,0,210.0304,355.14235,105556,105622,66
100,16,tomorrow,70,88.3299666666667,348.9573,105655,105854,199
100,16,tomorrow,70,113.61805,347.1856,105854,105920,66
100,16,tomorrow,70,144.02244,347.29724,105992,106164,172
100,16,struct,73,209.412583333333,335.967616666667,106164,106360,196
100,16,struct,73,206.40736,341.63842,106360,106527,167
100,0,blank,0,221.44636,332.37406,106527,106695,168
100,16,struct,73,239.8097,336.9507,106695,106893,198
100,16,struct,73,253.053,334.884266666667,106893,107090,197
100,16,struct,73,256.31014,342.18928,107090,107258,168
100,16,date,74,277.694583333333,333.770433333333,107258,107456,198
100,0,blank,0,348.566483333333,334.05775,107456,107654,198
100,0,blank,0,266.19292,335.55458,107654,107822,168
100,0,blank,0,302.515566666667,327.188433333333,107822,108021,199
100,0,blank,0,351.95185,332.03525,108021,108217,196
100,16,today,87,377.320166666667,340.264866666667,108217,108416,199
100,16,today,87,387.86918,337.87574,108416,108583,167
100,16,today,87,386.951066666667,333.091433333333,108583,108781,198
100,16,today,87,389.431866666667,341.961983333333,108781,108978,197
100,16,month,79,458.264033333333,339.485866666667,108978,109174,196
100,0,blank,0,477.9744,342.343016666667,109174,109369,195
100,16,today,87,495.086583333333,343.9766,109369,109566,197
100,16,comma,86,466.125783333333,341.259033333333,109566,109760,194
100,16,month,79,455.139716666667,341.9611,109760,109953,193
100,16,today,87,501.007183333333,340.459366666667,109953,110152,199
100,16,today,87,491.921,340.5692,110152,110347,195
100,16,today,87,492.826466666667,338.54955,110347,110542,195
100,16,today,87,512.72112,342.319,110542,110712,170
100,16,today,87,517.971883333333,337.2774,110712,110907,195
100,16,month,79,445.874,338.7946,110907,111105,198
100,16,.,88,408.36476,340.75576,111105,111271,166
100,16,=,71,183.60272,352.06552,111305,111472,167
100,0,blank,0,215.56908,326.15716,111472,111643,171
100,14,day,62,177.860566666667,307.912733333333,111643,111841,198
100,14,day,62,160.980166666667,297.958683333333,111841,112037,196
100,18,today,96,148.2662,394.3607,112037,112206,169
100,18,today,96,163.308933333333,394.98875,112206,112402,196
100,0,blank,0,221.217583333333,409.411183333333,112402,112596,194
100,0,blank,0,225.933416666667,401.917766666667,112596,112790,194
100,0,blank,0,110.14365,399.008916666667,112823,113016,193
100,18,else,93,50.82208,396.49338,113016,113181,165
100,18,else,93,60.05075,396.83795,113181,113249,68
100,14,day,62,177.889166666667,298.381866666667,113283,113476,193
100,13,numberOfDays,51,192.9576,272.3287,113476,113512,36
100,13,numberOfDays,51,140.4058,282.32675,113775,113961,186
100,13,numberOfDays,51,111.88018,282.45654,114049,114219,170
100,13,numberOfDays,51,151.6379,271.966516666667,114219,114413,194
100,13,int,50,67.99174,284.50724,114413,114584,171
100,13,int,50,71.80502,277.64438,114584,114756,172
100,13,numberOfDays,51,134.7251,276.1938,114756,114953,197
100,13,numberOfDays,51,142.343116666667,279.279116666667,114953,115143,190
100,13,struct,53,268.844516666667,281.473316666667,115174,115373,199
100,13,struct,53,264.113766666667,267.2634,115373,115568,195
100,13,struct,53,236.797116666667,271.81915,115568,115764,196
100,12,tomorrow,48,162.53935,262.477916666667,115764,115960,196
100,12,date,47,137.3409,262.345866666667,115960,116153,193
100,0,blank,0,119.997783333333,266.599033333333,116153,116346,193
100,0,blank,0,133.169916666667,244.452216666667,116346,116542,196
100,10,dateUpdate,39,153.264733333333,215.905166666667,116542,116732,190
100,0,blank,0,150.14215,225.086333333333,116732,116930,198
100,13,numberOfDays,51,116.380533333333,274.8091,116930,117129,199
100,13,numberOfDays,51,129.69528,276.41052,117129,117306,177
100,13,numberOfDays,51,147.61514,280.0947,117306,117475,169
100,13,numberOfDays,51,92.8640833333333,283.135583333333,117475,117674,199
100,13,int,50,44.17546,282.95056,117674,117841,167
100,13,int,50,43.25016,283.66082,117841,118007,166
100,13,numberOfDays,51,100.6321,275.377066666667,118007,118205,198
100,13,numberOfDays,51,125.14424,278.44758,118205,118374,169
100,13,numberOfDays,51,167.053483333333,276.920083333333,118374,118571,197
100,13,numberOfDays,51,159.9952,277.4689,118571,118767,196
100,0,blank,0,213.57196,280.74168,118767,118939,172
100,13,struct,53,250.31425,267.714233333333,118939,119128,189
100,13,struct,53,257.6929,273.37218,119128,119297,169
100,13,struct,53,279.372966666667,271.91225,119297,119491,194
100,13,struct,53,281.43965,274.7778,119491,119683,192
100,13,date,54,294.109383333333,269.50455,119683,119876,193
100,13,date,54,297.15495,272.9172,119876,120070,194
100,13,date,54,302.080733333333,282.770433333333,120070,120262,192
100,14,!=,63,204.630516666667,301.366783333333,120262,120457,195
100,14,!=,63,210.163433333333,301.558433333333,120457,120553,96
100,13,struct,53,269.30052,280.6862,120585,120749,164
100,14,numberOfDays,64,250.2581,292.64046,120749,120922,173
100,13,struct,53,255.2676,279.262875,120922,121089,167
100,13,struct,53,270.323133333333,280.405833333333,121089,121201,112
100,13,struct,53,273.8884,271.98065,121275,121342,67
100,14,today,66,127.80216,289.92746,121378,121551,173
100,14,today,66,127.1571,290.337633333333,121551,121654,103
100,13,struct,53,260.8885,275.59845,121723,121920,197
100,13,struct,53,248.54098,275.23096,121920,122098,178
100,0,blank,0,247.26614,265.9245,122098,122278,180
100,0,blank,0,206.69006,286.6005,122278,122461,183
100,14,day,62,161.06775,293.77815,122461,122598,137
100,13,struct,53,266.32765,281.525716666667,122632,122823,191
100,13,numberOfDays,51,139.76396,279.35506,122823,122999,176
100,13,numberOfDays,51,147.72392,283.10172,122999,123177,178
100,13,struct,53,283.56964,274.17554,123177,123344,167
100,13,struct,53,255.99895,269.3622,123344,123540,196
100,12,tomorrow,48,240.9379,260.6962,123540,123604,64
100,0,blank,0,76.8143833333333,101.219933333333,123636,123832,196
100,0,blank,0,75.5029666666667,108.70835,123832,124025,193
100,0,blank,0,90.6028333333333,222.209,124025,124222,197
100,10,struct,41,261.302083333333,210.130516666667,124256,124449,193
100,10,struct,41,265.144166666667,206.164833333333,124449,124546,97
100,10,dateUpdate,39,144.221566666667,219.60895,124579,124778,199
100,0,blank,0,104.356266666667,252.86835,124778,124975,197
100,12,struct,46,90.34304,262.62928,124975,125141,166
100,12,struct,46,69.2111,264.49758,125141,125308,167
100,10,date,42,93.0008166666667,217.357666666667,125308,125507,199
100,0,blank,0,96.14422,133.93584,125507,125676,169
100,7,day,30,84.1282333333333,147.79845,125676,125875,199
100,7,int,29,73.0180166666667,139.306333333333,125875,126068,193
100,0,blank,0,75.5117666666667,131.7678,126068,126267,199
100,0,blank,0,269.6845,185.9543,126302,126334,32
100,0,blank,0,-350,-105,126366,126511,145
100,13,struct,53,279.1239,287.1992,126658,126683,25
100,0,blank,0,-350,-105,126751,126901,150
100,13,struct,53,251.35758,276.89382,126959,127123,164
100,13,date,54,321.69415,274.552625,127123,127312,189
100,0,blank,0,328.838375,264.137025,127312,127498,186
100,13,date,54,332.2405,286.47445,127498,127690,192
100,0,blank,0,335.6144,224.3359,127690,127734,44
100,13,(,52,218.3004,285.701475,127780,127976,196
100,13,struct,53,237.82646,270.5665,127976,128173,197
100,13,struct,53,276.92362,276.83834,128173,128342,169
100,13,struct,53,279.35338,272.99452,128342,128508,166
100,13,numberOfDays,51,157.690516666667,277.772033333333,128543,128740,197
100,14,today,66,133.239983333333,293.006466666667,128740,128936,196
100,13,numberOfDays,51,140.13278,283.11114,128936,129105,169
100,14,.,61,151.7599,304.772066666667,129105,129304,199
100,14,day,62,160.7446,306.8947,129304,129338,34
100,14,numberOfDays,64,294.93885,298.800766666667,129372,129570,198
100,14,numberOfDays,64,340.469766666667,296.954883333333,129570,129766,196
100,14,numberOfDays,64,338.0272,300.37646,129766,129933,167
100,14,numberOfDays,64,247.637866666667,296.1912,129933,130132,199
100,14,numberOfDays,64,252.94746,297.60352,130132,130300,168
100,14,numberOfDays,64,284.459183333333,297.813983333333,130300,130497,197
100,14,numberOfDays,64,253.53445,300.724,130497,130694,197
100,14,numberOfDays,64,243.15405,298.3615,130694,130826,132
100,0,blank,0,348.45634,298.17076,130858,131025,167
100,13,struct,53,245.043016666667,281.682083333333,131025,131222,197
100,13,numberOfDays,51,165.012016666667,280.22335,131222,131417,195
100,13,numberOfDays,51,121.5096,274.238716666667,131417,131615,198
100,13,numberOfDays,51,166.395666666667,271.0751,131615,131813,198
100,13,struct,53,247.0133,277.0515,131813,131981,168
100,13,struct,53,249.53895,282.257816666667,131981,132179,198
100,14,numberOfDays,64,261.323866666667,296.803833333333,132179,132279,100
100,14,(,65,82.89618,303.78372,132313,132480,167
100,0,blank,0,92.18396,304.50772,132480,132648,168
100,14,today,66,133.9802,296.32086,132648,132818,170
100,14,today,66,95.65552,297.07692,132818,132986,168
100,0,blank,0,74.56452,297.81652,132986,133156,170
100,14,(,65,78.0459,301.8196,133156,133328,172
100,14,if,58,58.66516,296.7041,133328,133499,171
100,14,if,58,43.7506,299.54914,133499,133669,170
100,13,int,50,56.22376,279.79466,133669,133839,170
100,13,int,50,73.72565,281.938125,133839,133999,160
100,12,date,47,120.7664,264.5076,133999,134113,114
100,13,numberOfDays,51,122.2632,269.2303,134113,134201,88
100,13,struct,53,240.96492,271.60576,134331,134517,186
100,12,tomorrow,48,178.94098,263.46832,134517,134684,167
100,12,date,47,136.60506,256.59274,134684,134851,167
100,12,date,47,140.22188,262.23694,134851,135021,170
100,13,numberOfDays,51,151.14022,285.69676,135021,135188,167
100,14,day,62,155.70576,290.17468,135188,135355,167
100,12,date,47,133.95978,261.11592,135355,135523,168
100,13,numberOfDays,51,131.57252,268.46806,135523,135693,170
100,13,numberOfDays,51,164.11732,274.00002,135693,135860,167
100,13,(,52,215.03738,277.971,135860,136028,168
100,13,struct,53,248.98578,274.03564,136028,136199,171
100,13,struct,53,253.72068,267.6809,136199,136376,177
100,13,struct,53,271.81672,272.00836,136376,136549,173
100,0,blank,0,284.4394,269.33546,136549,136736,187
100,13,struct,53,257.76502,270.36448,136736,136922,186
100,0,blank,0,204.05318,273.28384,136922,137097,175
100,0,blank,0,205.76956,265.13014,137097,137266,169
100,13,numberOfDays,51,97.3779333333333,269.777033333333,137266,137465,199
100,12,struct,46,72.06835,263.40105,137465,137659,194
100,13,numberOfDays,51,93.1430666666667,272.936116666667,137659,137858,199
100,0,blank,0,122.21238,266.5788,137858,138026,168
100,12,date,47,124.15986,256.55506,138026,138197,171
100,12,date,47,125.20614,257.61846,138197,138387,190
100,12,struct,46,69.32356,259.85614,138387,138564,177
100,12,struct,46,80.9759,252.04118,138564,138731,167
100,10,dateUpdate,39,135.3968,213.48952,138731,138901,170
100,10,dateUpdate,39,137.19045,210.5614,138901,138964,63
100,10,struct,41,303.217466666667,204.76765,138996,139190,194
100,0,blank,0,304.94675,208.466925,139190,139377,187
100,0,blank,0,290.4148,229.86256,139413,139580,167
100,0,blank,0,309.60542,255.8079,139580,139753,173
100,13,date,54,309.12596,286.34564,139753,139919,166
100,13,struct,53,278.8105,280.998,139919,140114,195
100,13,struct,53,250.5195,279.255516666667,140114,140312,198
100,13,(,52,221.4737,273.3618,140312,140507,195
100,13,numberOfDays,51,189.218666666667,267.5416,140507,140700,193
100,0,blank,0,161.44535,255.166183333333,140700,140896,196
100,13,numberOfDays,51,117.10825,269.769,140896,141093,197
100,13,numberOfDays,51,84.3384,271.961475,141093,141261,168
100,0,blank,0,81.92715,281.7055,141261,141331,70
100,13,struct,53,280.973266666667,273.176383333333,141367,141566,199
100,0,blank,0,273.19934,265.57792,141566,141736,170
100,0,blank,0,252.1249,255.25984,141736,141919,183
100,0,blank,0,271.71455,263.239975,141919,142090,171
100,0,blank,0,286.20096,274.83618,142090,142256,166
100,13,date,54,303.69824,268.95854,142256,142432,176
100,0,blank,0,214.12326,286.42374,142432,142599,167
100,13,numberOfDays,51,191.91412,287.10478,142599,142771,172
100,14,today,66,129.1799,289.5136,142771,142874,103
100,0,blank,0,134.08286,288.60446,142985,143172,187
100,13,numberOfDays,51,96.31204,284.92652,143172,143341,169
100,13,numberOfDays,51,92.0315,283.37942,143341,143506,165
100,0,blank,0,82.33908,275.4577,143506,143687,181
100,13,numberOfDays,51,86.5078,274.1846,143687,143722,35
100,13,struct,53,240.50392,269.28002,143758,143925,167
100,13,struct,53,264.36146,273.50046,143925,144092,167
100,13,struct,53,277.61438,274.7117,144092,144265,173
100,13,struct,53,279.8021,279.16892,144265,144434,169
100,13,date,54,299.897966666667,280.885083333333,144434,144629,195
100,14,numberOfDays,64,338.84836,291.77908,144629,144802,173
100,14,numberOfDays,64,336.1874,291.5627,144802,144835,33
100,14,day,62,159.20906,290.16384,144869,145049,180
100,0,blank,0,144.92345,300.1767,145049,145214,165
100,16,tomorrow,70,137.08292,337.84676,145214,145393,179
100,16,struct,73,205.131816666667,334.01835,145393,145592,199
100,16,struct,73,244.07432,335.95626,145592,145766,174
100,16,tomorrow,70,163.23382,343.23814,145766,145950,184
100,16,tomorrow,70,137.86236,338.43848,145950,146117,167
100,0,blank,0,134.15354,327.42974,146117,146284,167
100,14,today,66,127.770216666667,305.91335,146284,146482,198
100,14,today,66,123.6515,308.60375,146482,146615,133
100,0,blank,0,247.84516,332.70888,146648,146817,169
100,16,struct,73,245.49282,334.09686,146817,146988,171
100,16,struct,73,238.914933333333,334.995766666667,146988,147185,197
100,16,struct,73,228.97336,341.03876,147185,147356,171
100,16,struct,73,226.27662,343.95198,147356,147540,184
100,16,struct,73,232.54908,344.1553,147540,147722,182
100,0,blank,0,264.71906,338.4178,147722,147900,178
100,0,blank,0,255.578933333333,313.771333333333,147900,148096,196
100,13,struct,53,258.783133333333,286.86855,148096,148294,198
100,13,struct,53,278.42125,278.274216666667,148294,148485,191
100,13,struct,53,282.9386,271.149,148485,148617,132
100,13,struct,53,282.4818,272.3596,148689,148720,31
100,12,tomorrow,48,210.512816666667,264.505666666667,148794,148990,196
100,12,tomorrow,48,185.067716666667,255.87875,148990,149187,197
100,12,date,47,146.920483333333,258.34105,149187,149380,193
100,12,date,47,129.633116666667,252.266883333333,149380,149576,196
100,12,date,47,122.67768,247.39428,149576,149746,170
100,12,struct,46,58.9796833333333,257.229266666667,149746,149939,193
100,12,struct,46,71.5461166666667,263.484616666667,149939,150133,194
100,12,date,47,127.4682,258.2082,150133,150299,166
100,13,numberOfDays,51,151.489483333333,270.348483333333,150333,150529,196
100,12,date,47,145.1168,258.1666,150529,150593,64
100,0,blank,0,300.0298,246.6607,150625,150657,32
100,13,struct,53,259.563533333333,277.202766666667,150726,150821,95
100,13,numberOfDays,51,115.7816,281.4493,150853,151044,191
100,14,day,62,167.21185,296.189716666667,151044,151239,195
100,14,day,62,154.24524,297.24186,151239,151407,168
100,14,today,66,128.967875,290.780525,151407,151549,142
100,14,day,62,164.889,294.48798,151625,151794,169
100,14,day,62,157.36462,295.21288,151794,151965,171
100,14,today,66,95.87755,294.83655,151965,152164,199
100,0,blank,0,83.3314166666667,294.6462,152164,152363,199
100,14,.,61,146.10582,296.58128,152363,152540,177
100,14,day,62,159.0032,290.72024,152540,152708,168
100,13,date,54,302.089783333333,270.9336,152741,152938,197
100,13,struct,53,255.765983333333,275.022716666667,152938,153134,196
100,0,blank,0,251.7337,235.5781,153134,153167,33
100,14,numberOfDays,64,339.571616666667,298.716533333333,153199,153396,197
100,14,numberOfDays,64,241.02154,293.17102,153396,153565,169
100,13,struct,53,246.423933333333,276.54255,153565,153764,199
100,13,struct,53,246.3159,276.47865,153764,153831,67
100,13,numberOfDays,51,118.74962,270.85208,153865,154040,175
100,13,numberOfDays,51,94.26702,280.83426,154040,154213,173
100,0,blank,0,79.38,275.3629,154213,154247,34
100,0,blank,0,-350,-105,154282,154384,102
100,0,blank,0,-350,-105,154384,154555,171
100,0,blank,0,-350,-105,154555,154859,304
100,0,blank,0,-350,-105,154859,155041,182
100,0,blank,0,-350,-105,155041,155220,179
100,0,blank,0,-350,-105,155220,155385,165
100,0,blank,0,-350,-105,155385,155576,191
100,0,blank,0,-350,-105,155576,155670,94
100,0,blank,0,-350,-105,155670,155879,209
100,0,blank,0,-350,-105,155879,156059,180
100,0,blank,0,-350,-105,156059,156240,181
100,0,blank,0,-350,-105,156240,156433,193
100,0,blank,0,-350,-105,156433,156541,108
100,0,blank,0,-350,-105,156541,156702,161
100,0,blank,0,-350,-105,156702,156862,160
100,0,blank,0,-350,-105,156862,157045,183
100,0,blank,0,-350,-105,157045,157082,37
100,0,blank,0,-350,-105,157218,157407,189
100,0,blank,0,-350,-105,157407,157599,192
100,0,blank,0,-350,-105,157599,157773,174
100,0,blank,0,-350,-105,157773,157951,178
100,0,blank,0,-350,-105,157951,158130,179
100,0,blank,0,-350,-105,158130,158307,177
100,0,blank,0,-350,-105,158307,158485,178
100,0,blank,0,-350,-105,158485,158666,181
100,0,blank,0,-350,-105,158666,158833,167
100,0,blank,0,-350,-105,158833,159108,275
100,0,blank,0,-350,-105,159108,159251,143
100,0,blank,0,-350,-105,159251,159344,93
100,0,blank,0,-350,-105,159344,159521,177
100,0,blank,0,-350,-105,159521,159693,172
100,0,blank,0,-350,-105,159693,159906,213
100,0,blank,0,-350,-105,159906,160066,160
100,0,blank,0,-350,-105,160066,160306,240
100,0,blank,0,-350,-105,160306,160498,192
100,0,blank,0,-350,-105,160498,160695,197
100,0,blank,0,187.9431,354.3264,160858,161042,184
100,14,day,62,181.514533333333,304.461666666667,161042,161202,160
100,14,!=,63,198.6087,307.7094,161202,161354,152
100,14,numberOfDays,64,244.490766666667,296.306766666667,161354,161507,153
100,0,blank,0,344.5106,292.105875,161507,161685,178
100,0,blank,0,347.642933333333,288.090966666667,161685,161787,102
100,0,blank,0,-350,-105,161822,161990,168
100,0,blank,0,-350,-105,161990,162127,137
100,0,blank,0,-350,-105,162127,162319,192
100,0,blank,0,-350,-105,162319,162492,173
100,0,blank,0,-350,-105,162492,162670,178
100,0,blank,0,-350,-105,162670,162795,125
100,0,blank,0,-350,-105,162795,162964,169
100,0,blank,0,-350,-105,162964,163122,158
100,0,blank,0,-350,-105,163122,163388,266
100,0,blank,0,-350,-105,163388,163570,182
100,0,blank,0,-350,-105,163570,163696,126
100,0,blank,0,-350,-105,163696,163868,172
100,0,blank,0,-350,-105,163868,164062,194
100,0,blank,0,-350,-105,164062,164232,170
100,0,blank,0,-350,-105,164232,164418,186
100,0,blank,0,-350,-105,164418,164598,180
100,0,blank,0,-350,-105,164598,164790,192
100,0,blank,0,-350,-105,164790,164951,161
100,0,blank,0,-350,-105,164951,165141,190
100,0,blank,0,-350,-105,165141,165322,181
100,0,blank,0,-350,-105,165322,165510,188
100,0,blank,0,-350,-105,165510,165669,159
100,0,blank,0,-350,-105,165669,165848,179
100,0,blank,0,-350,-105,165848,166038,190
100,0,blank,0,-350,-105,166038,166223,185
100,0,blank,0,-350,-105,166223,166361,138
100,0,blank,0,-350,-105,166361,166552,191
100,0,blank,0,-350,-105,166552,166628,76
100,0,blank,0,-350,-105,166628,166884,256
100,0,blank,0,-350,-105,166884,167138,254
100,0,blank,0,-350,-105,167138,167392,254
100,0,blank,0,-350,-105,167392,167575,183
100,0,blank,0,-350,-105,167575,167749,174
100,0,blank,0,-350,-105,167749,167918,169
100,0,blank,0,-350,-105,167918,168058,140
100,0,blank,0,349.8173,262.6494,168077,168218,141
100,14,(,65,361.022033333333,296.1172,168218,168403,185
100,0,blank,0,365.0735,288.55495,168403,168502,99
100,0,blank,0,287.538166666667,265.4236,168552,168704,152
100,13,date,54,293.720625,269.647725,168704,168902,198
100,14,numberOfDays,64,333.770125,291.26385,168902,169096,194
100,0,blank,0,419.519166666667,288.5949,169096,169232,136
100,14,!=,63,206.739,297.75142,169266,169438,172
100,0,blank,0,220.37574,294.07092,169438,169612,174
100,13,struct,53,256.59064,279.7574,169612,169786,174
100,13,),56,360.88414,276.48498,169786,169960,174
100,0,blank,0,393.31568,275.7279,169960,170137,177
100,0,blank,0,339.2858,276.62794,170137,170315,178
100,13,date,54,326.107733333333,275.113933333333,170315,170420,105
100,0,blank,0,-350,-105,170455,170647,192
100,0,blank,0,-350,-105,170647,170824,177
100,0,blank,0,-350,-105,170824,171004,180
100,0,blank,0,-350,-105,171004,171193,189
100,0,blank,0,-350,-105,171193,171255,62
100,0,blank,0,195.623833333333,314.502966666667,171348,171463,115
100,0,blank,0,-350,-105,171511,171689,178
100,0,blank,0,-350,-105,171689,171870,181
100,0,blank,0,-350,-105,171870,172057,187
100,0,blank,0,-350,-105,172057,172193,136
100,13,date,54,324.7163,284.26555,172228,172338,110
100,12,tomorrow,48,204.958933333333,249.990466666667,172338,172524,186
100,13,struct,53,223.40455,267.0093,172524,172632,108
100,0,blank,0,156.2387,257.8641,172632,172812,180
100,12,tomorrow,48,214.487966666667,255.821833333333,172812,172998,186
100,0,blank,0,268.97722,259.50208,172998,173184,186
100,0,blank,0,221.20745,230.07175,173184,173259,75
100,0,blank,0,313.4691,318.9299,173467,173549,82
100,0,blank,0,391.50438,228.71982,173588,173769,181
100,10,today,43,393.05314,221.69634,173769,173947,178
100,0,blank,0,355.37676,218.18834,173947,174129,182
100,10,today,43,410.58655,216.9678,174129,174313,184
100,0,blank,0,435.70906,215.10298,174313,174488,175
100,10,today,43,403.39484,217.96822,174488,174676,188
100,10,today,43,382.64665,219.92725,174676,174773,97
100,10,today,43,386.3766,211.1904,174773,174894,121
100,0,blank,0,430.9078,291.5977,174894,174985,91
100,14,),68,421.4199,301.1571,174985,175171,186
100,14,today,66,404.652275,292.635075,175171,175344,173
100,14,today,66,408.15,295.503,175344,175418,74
100,13,struct,53,279.5509,284.851975,175456,175605,149
100,14,.,61,149.7486,300.90808,175642,175827,185
100,0,blank,0,69.79008,295.45224,175827,176010,183
100,0,blank,0,74.82736,307.9203,176010,176193,183
100,0,blank,0,-350,-105,176229,176402,173
100,0,blank,0,-350,-105,176402,176577,175
100,0,blank,0,-350,-105,176577,176767,190
100,0,blank,0,-350,-105,176767,176950,183
100,0,blank,0,-350,-105,176950,177132,182
100,0,blank,0,-350,-105,177132,177324,192
100,0,blank,0,-350,-105,177324,177468,144
100,0,blank,0,-350,-105,177468,177760,292
100,0,blank,0,-350,-105,177760,177943,183
100,0,blank,0,-350,-105,177943,178126,183
100,0,blank,0,-350,-105,178126,178296,170
100,0,blank,0,-350,-105,178296,178419,123
100,0,blank,0,-350,-105,178419,178607,188
100,0,blank,0,-350,-105,178607,178711,104
100,14,today,66,124.20424,298.89698,178763,178936,173
100,14,(,65,76.32494,290.5156,178936,179115,179
100,14,(,65,78.41852,296.96522,179115,179285,170
100,14,today,66,112.62982,292.62038,179285,179454,169
100,13,numberOfDays,51,128.6654,282.56924,179454,179627,173
100,13,numberOfDays,51,153.9349,287.38446,179627,179797,170
100,14,.,61,149.73412,294.17596,179797,179965,168
100,13,numberOfDays,51,139.3424,285.03424,179965,180136,171
100,13,numberOfDays,51,170.9203,287.05916,180136,180304,168
100,13,(,52,218.74906,279.82746,180304,180473,169
100,13,struct,53,256.2394,272.83914,180473,180647,174
100,13,date,54,293.41948,267.60102,180647,180817,170
100,0,blank,0,292.91436,269.32412,180817,180990,173
100,0,blank,0,261.27396,263.936,180990,181162,172
100,13,struct,53,279.72836,269.744,181162,181334,172
100,13,struct,53,280.7515,272.72948,181334,181507,173
100,13,struct,53,283.98762,273.06192,181507,181679,172
100,13,struct,53,278.657933333333,270.0399,181679,181781,102
100,12,tomorrow,48,162.51516,252.78464,181816,181983,167
100,12,tomorrow,48,178.520183333333,252.686416666667,181983,182179,196
100,12,tomorrow,48,204.9,251.10166,182179,182346,167
100,13,numberOfDays,51,139.75412,282.7953,182346,182530,184
100,14,today,66,112.60982,298.07264,182530,182705,175
100,14,day,62,159.17042,299.593,182705,182876,171
100,14,today,66,131.07455,300.410933333333,182876,183071,195
100,14,today,66,107.45354,304.30472,183071,183253,182
100,14,today,66,107.41316,303.3562,183253,183434,181
100,14,day,62,172.06668,302.15584,183434,183612,178
100,14,day,62,175.45424,301.96308,183612,183781,169
100,0,blank,0,194.96694,295.90238,183781,183955,174
100,14,numberOfDays,64,232.68986,295.91652,183955,184132,177
100,14,numberOfDays,64,261.51908,298.8081,184132,184300,168
100,14,numberOfDays,64,255.577433333333,292.466866666667,184300,184494,194
100,14,numberOfDays,64,227.04318,293.96514,184494,184662,168
100,14,numberOfDays,64,227.72692,294.2925,184662,184827,165
100,0,blank,0,284.99776,281.86682,184827,184993,166
100,14,numberOfDays,64,262.430683333333,303.7785,184993,185188,195
100,14,numberOfDays,64,240.9155,291.343766666667,185188,185384,196
100,0,blank,0,266.37658,288.64126,185384,185554,170
100,14,numberOfDays,64,276.189166666667,295.831716666667,185554,185751,197
100,14,numberOfDays,64,319.626866666667,303.680716666667,185751,185948,197
100,0,blank,0,352.756866666667,301.67365,185948,186144,196
100,14,(,65,356.920666666667,295.119683333333,186144,186340,196
100,14,numberOfDays,64,301.26548,295.45976,186340,186504,164
100,14,numberOfDays,64,268.9634,294.147333333333,186574,186668,94
100,0,blank,0,108.3456,325.01816,186704,186873,169
100,16,tomorrow,70,101.52538,346.64198,186873,187039,166
100,16,tomorrow,70,100.17088,344.42422,187039,187206,167
100,0,blank,0,82.50246,328.45622,187206,187374,168
100,0,blank,0,96.19164,314.26866,187374,187540,166
100,14,today,66,142.6692,296.59288,187540,187707,167
100,14,today,66,134.37286,290.27044,187707,187872,165
100,14,today,66,102.9578,301.00564,187872,188038,166
100,0,blank,0,66.04518,303.82372,188038,188206,168
100,0,blank,0,65.78566,299.80388,188206,188376,170
100,14,if,58,60.02088,291.665,188376,188546,170
100,13,int,50,55.60832,279.68052,188546,188717,171
100,14,today,66,118.09545,304.057383333333,188717,188915,198
100,13,numberOfDays,51,160.552183333333,279.84225,188915,189113,198
100,13,numberOfDays,51,165.798533333333,271.955533333333,189113,189311,198
100,0,blank,0,168.210725,265.223325,189311,189443,132
100,0,blank,0,280.852883333333,264.62905,189475,189672,197
100,13,date,54,296.92188,269.0102,189672,189835,163
100,12,date,47,152.6204,259.84565,189868,190064,196
100,0,blank,0,146.5824,266.357025,190064,190196,132
100,0,blank,0,270.0441,262.72212,190230,190396,166
100,0,blank,0,177.47792,227.6182,190396,190563,167
100,0,blank,0,164.57626,227.8342,190563,190732,169
100,12,date,47,129.22028,249.5641,190732,190901,169
100,12,date,47,126.7954,258.83942,190901,191071,170
100,0,blank,0,76.8097,271.64346,191071,191241,170
100,0,blank,0,79.28228,275.10948,191241,191409,168
100,13,numberOfDays,51,138.87086,273.84264,191409,191577,168
100,13,numberOfDays,51,139.51785,267.329075,191577,191712,135
100,0,blank,0,307.9744,266.5946,191746,191944,198
100,13,date,54,313.722466666667,268.528066666667,191944,192141,197
100,12,;,49,251.890366666667,256.98265,192141,192339,198
100,12,tomorrow,48,234.174166666667,257.888383333333,192339,192535,196
100,0,blank,0,269.244883333333,262.681116666667,192535,192730,195
100,13,numberOfDays,51,138.65414,274.11976,192764,192931,167
100,13,numberOfDays,51,137.88785,269.358533333333,192931,193128,197
100,13,numberOfDays,51,127.9176,269.45155,193128,193327,199
100,13,numberOfDays,51,107.9739,273.40682,193327,193498,171
100,13,numberOfDays,51,105.72734,271.937,193498,193664,166
100,13,numberOfDays,51,137.97238,275.89582,193664,193832,168
100,13,numberOfDays,51,153.48124,276.42564,193832,193999,167
100,14,today,66,120.21092,305.81994,193999,194165,166
100,14,today,66,108.67662,306.28572,194165,194334,169
100,14,today,66,101.64224,303.92522,194334,194504,170
100,14,today,66,102.7747,300.81828,194504,194677,173
100,14,numberOfDays,64,248.809633333333,293.141433333333,194677,194876,199
100,14,numberOfDays,64,253.427016666667,294.972416666667,194876,195074,198
100,14,numberOfDays,64,249.8488,294.637833333333,195074,195224,150
100,13,numberOfDays,51,185.1843,276.904,195224,195345,121
100,14,day,62,176.4819,303.68705,195345,195543,198
100,14,today,66,143.1408,290.7631,195543,195715,172
100,14,today,66,120.1054,295.775,195715,195882,167
100,12,date,47,144.4266,262.7786,195882,196051,169
100,12,date,47,141.4014,252.87474,196051,196221,170
100,0,blank,0,125.21244,265.5687,196221,196391,170
100,13,numberOfDays,51,186.68212,268.86726,196391,196563,172
100,13,struct,53,244.912816666667,282.738066666667,196563,196762,199
100,14,numberOfDays,64,264.241066666667,294.27545,196762,196960,198
100,14,numberOfDays,64,278.95416,292.55902,196960,197127,167
100,14,numberOfDays,64,300.288266666667,290.5651,197127,197227,100
100,13,numberOfDays,51,104.20662,276.16324,197260,197428,168
100,13,int,50,67.97932,278.18654,197428,197596,168
100,13,int,50,52.99158,282.84936,197596,197768,172
100,13,int,50,51.7624,268.4504,197768,197837,69
100,0,blank,0,-350,-105,197873,197991,118
100,14,numberOfDays,64,233.72855,293.7252,198041,198236,195
100,13,numberOfDays,51,171.98932,286.56962,198236,198405,169
100,13,numberOfDays,51,124.2358,275.37554,198405,198572,167
100,13,numberOfDays,51,123.4133,276.0534,198572,198770,198
100,13,numberOfDays,51,146.8491,279.193666666667,198770,198968,198
100,13,numberOfDays,51,161.188233333333,271.871783333333,198968,199164,196
100,13,numberOfDays,51,188.399266666667,269.254883333333,199164,199360,196
100,12,tomorrow,48,210.22352,262.54756,199360,199535,175
100,13,(,52,219.1606,270.153833333333,199535,199731,196
100,13,struct,53,273.51374,268.18384,199731,199899,168
100,13,struct,53,273.3887,271.08478,199899,200066,167
100,13,(,52,220.829266666667,268.146066666667,200066,200265,199
100,13,(,52,218.507716666667,267.467766666667,200265,200463,198
100,13,numberOfDays,51,156.54005,268.73485,200463,200662,199
100,13,numberOfDays,51,131.62414,276.89984,200662,200833,171
100,13,numberOfDays,51,127.304016666667,275.883366666667,200833,201030,197
100,13,numberOfDays,51,135.72462,267.8859,201030,201198,168
100,13,struct,53,255.07578,281.9154,201198,201364,166
100,0,blank,0,256.98148,288.85946,201364,201533,169
100,14,numberOfDays,64,292.26696,295.42062,201533,201703,170
100,14,numberOfDays,64,288.3876,298.97576,201703,201872,169
100,14,numberOfDays,64,286.0778,295.0067,201872,202039,167
100,13,struct,53,239.55034,282.0449,202039,202213,174
100,13,struct,53,244.315066666667,279.483966666667,202213,202326,113
100,13,numberOfDays,51,112.4287,268.767466666667,202362,202476,114
100,0,blank,0,-350,-105,202553,202744,191
100,0,blank,0,-350,-105,202744,202799,55
100,13,int,50,73.9781,274.4139,202861,202969,108
100,0,blank,0,265.83072,258.72438,203002,203176,174
100,0,blank,0,286.7118,266.6705,203176,203345,169
100,13,date,54,304.17092,271.56722,203345,203517,172
100,13,date,54,305.794,271.117933333333,203517,203716,199
100,13,struct,53,250.79684,271.51534,203716,203883,167
100,13,struct,53,250.13682,270.53678,203883,204051,168
100,13,struct,53,240.9678,269.40228,204051,204217,166
100,13,numberOfDays,51,178.98924,275.76036,204217,204395,178
100,13,struct,53,238.29182,274.45992,204395,204564,169
100,13,struct,53,251.17862,278.89642,204564,204731,167
100,13,struct,53,273.33018,270.203,204731,204900,169
100,13,struct,53,270.8721,269.9353,204900,205002,102
100,0,blank,0,-350,-105,205035,205225,190
100,0,blank,0,-350,-105,205225,205421,196
100,0,blank,0,-350,-105,205421,205603,182
100,0,blank,0,-350,-105,205603,205771,168
100,0,blank,0,-350,-105,205771,205911,140
100,0,blank,0,-350,-105,205911,206088,177
100,0,blank,0,-350,-105,206088,206256,168
100,0,blank,0,-350,-105,206256,206447,191
100,0,blank,0,-350,-105,206447,206563,116
100,0,blank,0,-350,-105,206563,206739,176
100,0,blank,0,-350,-105,206739,206915,176
100,0,blank,0,-350,-105,206915,207114,199
100,0,blank,0,-350,-105,207114,207306,192
100,0,blank,0,-350,-105,207306,207487,181
100,0,blank,0,-350,-105,207487,207871,384
100,0,blank,0,-350,-105,207871,208250,379
100,0,blank,0,-350,-105,208250,208429,179
100,0,blank,0,-350,-105,208429,208608,179
100,0,blank,0,-350,-105,208608,208793,185
100,0,blank,0,-350,-105,208793,208898,105
100,0,blank,0,-350,-105,208898,209014,116
100,0,blank,0,-350,-105,209014,209203,189
100,0,blank,0,-350,-105,209203,209367,164
100,0,blank,0,-350,-105,209655,209767,112
100,14,!=,63,212.172,303.8094,209791,209898,107
100,14,!=,63,211.5777,305.50015,209898,210056,158
100,13,struct,53,283.8532,276.4047,210097,210291,194
100,14,numberOfDays,64,312.04465,294.8145,210291,210487,196
100,0,blank,0,320.0575,311.460533333333,210487,210639,152
100,14,numberOfDays,64,343.937266666667,303.720433333333,210639,210790,151
100,0,blank,0,446.78816,315.75604,210790,210987,197
100,0,blank,0,452.20184,312.29216,210987,211162,175
100,0,blank,0,462.21586,314.046,211162,211337,175
100,0,blank,0,405.90344,310.03374,211337,211512,175
100,0,blank,0,337.07108,313.30774,211512,211692,180
100,0,blank,0,277.6705,310.53206,211692,211868,176
100,0,blank,0,265.89558,310.69898,211868,212044,176
100,0,blank,0,248.72522,316.31956,212044,212219,175
100,14,numberOfDays,64,285.59206,307.8379,212219,212392,173
100,14,today,66,371.89666,306.78866,212392,212563,171
100,14,today,66,363.7149,305.5194,212563,212632,69
100,0,blank,0,191.89164,320.01652,212666,212840,174
100,0,blank,0,189.98406,322.69548,212840,213015,175
100,16,struct,73,221.30992,350.33392,213015,213192,177
100,16,struct,73,213.745766666667,353.1818,213192,213297,105
100,0,blank,0,323.104,360.10952,213332,213504,172
100,0,blank,0,333.96416,354.52602,213504,213679,175
100,0,blank,0,355.89744,356.68716,213679,213855,176
100,0,blank,0,339.05586,356.93218,213855,214043,188
100,0,blank,0,336.035,361.6832,214043,214217,174
100,0,blank,0,370.00528,358.11864,214217,214394,177
100,0,blank,0,366.493,361.71838,214394,214572,178
100,0,blank,0,352.27156,354.499,214572,214746,174
100,0,blank,0,347.79088,354.41592,214746,214917,171
100,16,today,87,353.13352,351.65998,214917,215088,171
100,0,blank,0,381.78022,357.8965,215088,215261,173
100,0,blank,0,407.14938,360.38312,215261,215431,170
100,0,blank,0,447.199166666667,355.320033333333,215431,215552,121
100,0,blank,0,462.8442,358.1539,215552,215671,119
100,16,comma,86,465.5001,352.5901,215671,215759,88
100,0,blank,0,462.65305,356.0898,215759,215935,176
100,0,blank,0,463.3861,354.36726,215935,216115,180
100,0,blank,0,472.19496,354.60812,216115,216291,176
100,16,today,87,493.51882,351.96394,216291,216463,172
100,0,blank,0,503.2188,355.8689,216463,216642,179
100,16,today,87,532.66584,352.21792,216642,216818,176
100,16,day,83,565.07916,353.15648,216818,216997,179
100,0,blank,0,580.7547,355.782,216997,217174,177
100,16,1,85,605.7855,351.72264,217174,217351,177
100,16,+,84,592.8437,350.83772,217351,217528,177
100,0,blank,0,592.20396,354.24128,217528,217708,180
100,16,+,84,593.31978,348.42298,217708,217883,175
100,0,blank,0,582.57996,356.81312,217883,218057,174
100,16,day,83,573.21782,351.67382,218057,218231,174
100,0,blank,0,597.83828,346.07978,218231,218407,176
100,16,1,85,613.82408,350.02234,218407,218582,175
100,16,today,87,647.88998,347.1468,218582,218761,179
100,16,today,87,652.84642,347.13042,218761,218938,177
100,16,year,89,711.0464,351.06988,218938,219113,175
100,16,year,89,711.7874,348.79194,219113,219288,175
100,16,year,89,693.352,348.55134,219288,219464,176
100,16,year,89,705.546475,350.851075,219464,219604,140
100,0,blank,0,281.48986,367.69372,219638,219812,174
100,18,month,98,223.46682,393.55014,219812,219985,173
100,0,blank,0,191.2959,402.65532,219985,220159,174
100,0,blank,0,152.25548,402.31054,220159,220331,172
100,0,blank,0,196.49062,402.2253,220331,220505,174
100,0,blank,0,188.57106,412.02198,220505,220681,176
100,0,blank,0,172.68098,373.3809,220681,220855,174
100,0,blank,0,183.18338,322.43094,220855,221025,170
100,0,blank,0,240.84796,319.42726,221025,221196,171
100,0,blank,0,234.03188,319.42096,221196,221379,183
100,0,blank,0,243.13162,313.06432,221379,221558,179
100,14,numberOfDays,64,243.3539,308.93854,221558,221739,181
100,14,numberOfDays,64,235.80276,305.08706,221739,221913,174
100,0,blank,0,261.872775,314.7968,221913,222049,136
100,0,blank,0,247.144366666667,311.3226,222049,222177,128
100,0,blank,0,247.77345,316.988775,222177,222355,178
100,16,struct,73,251.65,334.43872,222355,222526,171
100,0,blank,0,266.1478,412.56806,222526,222708,182
100,0,blank,0,278.118525,401.4118,222708,222877,169
100,0,blank,0,303.5181,402.0107,222877,223044,167
100,0,blank,0,308.06678,409.62776,223044,223220,176
100,0,blank,0,373.4788,408.9085,223220,223390,170
100,0,blank,0,371.46948,406.9843,223390,223565,175
100,0,blank,0,351.5105,408.56234,223565,223738,173
100,0,blank,0,339.64098,403.81002,223738,223913,175
100,0,blank,0,335.793,411.57935,223913,223984,71
100,0,blank,0,-350,-105,224018,224105,87
100,0,blank,0,344.76015,405.6042,224214,224412,198
100,0,blank,0,361.58048,397.6386,224412,224588,176
100,0,blank,0,352.78152,400.84646,224588,224771,183
100,0,blank,0,345.62774,400.62068,224771,224958,187
100,18,12,100,304.46664,396.47064,224958,225136,178
100,0,blank,0,310.31796,399.4124,225136,225310,174
100,0,blank,0,361.22494,391.71798,225310,225487,177
100,0,blank,0,353.502,394.70256,225487,225662,175
100,0,blank,0,334.5743,402.918166666667,225662,225766,104
100,20,struct,106,219.8383,434.31656,225801,225976,175
100,20,struct,106,218.35315,434.97715,225976,226047,71
100,0,blank,0,334.54288,444.24434,226081,226255,174
100,20,date,107,297.4752,441.61674,226255,226428,173
100,0,blank,0,243.77286,446.66992,226428,226604,176
100,0,blank,0,232.43978,444.46758,226604,226775,171
100,20,struct,106,249.60748,441.06908,226775,226947,172
100,0,blank,0,327.49422,444.48362,226947,227121,174
100,0,blank,0,341.80126,448.21984,227121,227295,174
100,0,blank,0,350.8692,440.82992,227295,227468,173
100,0,blank,0,328.1479,445.23064,227468,227647,179
100,0,blank,0,345.4746,445.5355,227647,227683,36
100,20,today,114,461.28696,440.94962,227720,227888,168
100,20,year,116,492.02276,436.37024,227888,228061,173
100,20,year,116,497.96906,435.26874,228061,228238,177
100,20,today,114,442.98012,434.79078,228238,228413,175
100,20,today,114,439.66154,436.02724,228413,228590,177
100,20,today,114,437.73456,433.83434,228590,228766,176
100,20,today,114,440.0178,424.4149,228766,228838,72
100,0,blank,0,543.52246,445.04448,228874,229046,172
100,20,year,116,508.10042,440.63062,229046,229216,170
100,20,year,116,499.14254,435.32358,229216,229388,172
100,20,today,114,462.84998,437.55456,229388,229559,171
100,20,year,116,491.22132,438.16222,229559,229734,175
100,20,+,117,526.73348,440.37688,229734,229910,176
100,20,+,117,526.9965,433.07684,229910,230097,187
100,20,+,117,527.26726,436.39874,230097,230269,172
100,20,year,116,513.52442,434.93536,230269,230442,173
100,20,year,116,499.547,435.68208,230442,230617,175
100,20,today,114,450.74626,437.72368,230617,230788,171
100,20,today,114,445.57664,436.27914,230788,230961,173
100,20,today,114,444.71028,436.9301,230961,231140,179
100,0,blank,0,468.70834,442.51952,231140,231317,177
100,20,.,115,467.84828,439.75742,231317,231491,174
100,20,year,116,486.15306,436.86404,231491,231663,172
100,20,year,116,508.50826,440.57964,231663,231839,176
100,0,blank,0,510.77212,450.27044,231839,232012,173
100,0,blank,0,532.72892,448.31894,232012,232183,171
100,0,blank,0,559.45936,453.36934,232183,232355,172
100,20,},119,572.19834,440.51596,232355,232525,170
100,0,blank,0,562.4315,435.01406,232525,232694,169
100,0,blank,0,238.9613,473.43508,232761,232937,176
100,0,blank,0,172.43412,489.39852,232937,233110,173
100,0,blank,0,170.13676,490.64304,233110,233282,172
100,0,blank,0,227.92098,542.71408,233282,233460,178
100,0,blank,0,221.51032,534.85732,233460,233637,177
100,0,blank,0,327.5258,523.76296,233637,233808,171
100,24,),129,319.58166,528.808,233808,233979,171
100,0,blank,0,348.387766666667,526.90065,233979,234177,198
100,24,today,139,393.9469,522.44478,234177,234348,171
100,24,month,135,464.33138,528.50808,234348,234518,170
100,24,month,135,463.31636,524.24918,234518,234687,169
100,0,blank,0,518.78422,525.9047,234687,234857,170
100,0,blank,0,501.89854,527.92438,234857,235025,168
100,24,month,135,484.224283333333,519.872033333333,235025,235223,198
100,24,month,135,450.20095,524.94965,235223,235422,199
100,24,month,135,467.3313,519.3052,235422,235620,198
100,24,month,135,478.70828,513.3817,235620,235787,167
100,24,month,135,485.1416,520.039575,235787,235929,142
100,0,blank,0,551.1732,520.9189,235929,235994,65
100,24,today,139,560.7595,522.6949,235994,236133,139
100,24,+,136,512.47935,525.5862,236133,236327,194
100,24,+,136,511.54178,518.6718,236327,236507,180
100,24,+,136,510.5774,517.70492,236507,236682,175
100,0,blank,0,501.061,518.81278,236682,236856,174
100,24,month,135,484.21018,525.20888,236856,237028,172
100,24,month,135,488.6325,527.32322,237028,237204,176
100,0,blank,0,494.7654,526.96028,237204,237379,175
100,24,+,136,506.38034,525.234,237379,237556,177
100,24,month,135,473.61184,523.67106,237556,237726,170
100,24,month,135,489.42516,524.1431,237726,237900,174
100,24,comma,138,534.5784,516.55182,237900,238083,183
100,24,today,139,553.61416,517.25186,238083,238254,171
100,24,today,139,571.35512,523.0819,238254,238425,171
100,24,today,139,553.7824,514.92204,238425,238594,169
100,0,blank,0,549.7773,520.08496,238594,238765,171
100,24,1,137,526.2378,515.9361,238765,238935,170
100,0,blank,0,519.24952,515.4667,238935,239105,170
100,24,comma,138,536.82372,522.9443,239105,239280,175
100,0,blank,0,550.4313,521.61774,239280,239451,171
100,24,+,136,509.83096,522.72794,239451,239624,173
100,24,month,135,451.443,520.27836,239624,239798,174
100,24,month,135,448.65648,518.45628,239798,239973,175
100,24,month,135,445.9212,523.29784,239973,240144,171
100,0,blank,0,486.29884,418.77506,240144,240326,182
100,0,blank,0,509.95702,363.83574,240326,240495,169
100,0,blank,0,451.35908,354.2516,240495,240666,171
100,16,month,79,452.39178,345.7528,240666,240838,172
100,16,today,87,487.4856,349.98672,240838,241014,176
100,16,today,87,491.127475,348.19755,241014,241153,139
100,24,month,135,465.47564,514.01656,241187,241362,175
100,24,month,135,469.65678,516.0938,241362,241545,183
100,24,month,135,486.91496,518.55576,241545,241728,183
100,0,blank,0,522.71374,523.24806,241728,241907,179
100,24,today,139,429.8999,510.68904,241907,242079,172
100,24,today,139,422.58136,509.54414,242079,242261,182
100,0,blank,0,434.96006,453.0837,242261,242450,189
100,20,today,114,437.66906,434.35908,242450,242623,173
100,0,blank,0,512.83992,443.5084,242623,242797,174
100,0,blank,0,534.10528,448.61402,242797,242970,173
100,0,blank,0,569.58546,392.20734,242970,243144,174
100,0,blank,0,603.87942,359.9175,243144,243316,172
100,0,blank,0,603.47125,354.9763,243316,243384,68
100,0,blank,0,340.56026,315.30136,243418,243588,170
100,0,blank,0,335.49286,314.13148,243588,243760,172
100,13,date,54,318.72974,286.13378,243760,243931,171
100,10,date,42,351.22804,206.5194,243931,244102,171
100,0,blank,0,189.21458,137.66862,244135,244305,170
100,0,blank,0,187.9491,142.96944,244305,244475,170
100,0,blank,0,197.52828,156.67,244475,244645,170
100,0,blank,0,189.70766,164.38562,244645,244819,174
100,0,blank,0,194.76118,152.15214,244819,245016,197
100,0,blank,0,190.51534,179.31724,245016,245214,198
100,0,blank,0,189.9345,181.96026,245214,245388,174
100,0,blank,0,192.585275,175.163075,245388,245526,138
100,0,blank,0,473.28848,532.3061,245597,245771,174
100,0,blank,0,328.05994,518.29738,245771,245948,177
100,0,blank,0,277.58414,543.6498,245948,246121,173
100,24,struct,127,221.62914,528.0679,246121,246296,175
100,24,struct,127,220.94594,524.50658,246296,246473,177
100,24,struct,127,246.73928,525.44152,246473,246652,179
100,0,blank,0,256.36482,533.8788,246652,246830,178
100,0,blank,0,251.70734,530.10394,246830,247008,178
100,0,blank,0,330.67992,529.16834,247008,247184,176
100,0,blank,0,348.8331,537.56585,247184,247253,69
100,20,1,118,354.765,439.636975,247289,247436,147
100,0,blank,0,457.47052,445.37718,247470,247647,177
100,20,year,116,476.5465,437.52076,247647,247824,177
100,20,year,116,507.54646,437.18382,247824,247999,175
100,0,blank,0,485.08924,442.17674,247999,248174,175
100,0,blank,0,500.95682,443.57272,248174,248348,174
100,0,blank,0,536.00178,446.56394,248348,248522,174
100,0,blank,0,530.50312,448.13586,248522,248697,175
100,0,blank,0,532.18286,446.74358,248697,248871,174
100,0,blank,0,520.3873,448.99846,248871,249040,169
100,0,blank,0,499.10894,447.44126,249040,249212,172
100,20,year,116,495.44462,438.21194,249212,249386,174
100,20,year,116,492.83026,439.04338,249386,249562,176
100,0,blank,0,476.1005,481.65036,249562,249740,178
100,0,blank,0,498.60774,521.29594,249740,249923,183
100,0,blank,0,543.53722,528.26776,249923,250095,172
100,24,comma,138,534.4016,525.91592,250095,250267,172
100,24,.,140,435.27874,527.96764,250267,250444,177
100,0,blank,0,442.94625,526.215475,250444,250588,144
100,24,.,140,609.82906,519.1658,250625,250801,176
100,24,.,140,609.01604,521.0454,250801,250978,177
100,24,year,141,634.72548,526.30034,250978,251157,179
100,24,year,141,633.8163,521.0916,251157,251193,36
100,24,month,135,454.17226,527.44382,251228,251407,179
100,24,month,135,493.19964,523.52682,251407,251585,178
100,0,blank,0,497.18916,525.58204,251585,251765,180
100,24,month,135,474.96674,528.84968,251765,251948,183
100,0,blank,0,487.00856,532.39888,251948,252141,193
100,0,blank,0,-350,-105,252280,252441,161
100,0,blank,0,-350,-105,252441,252583,142
100,0,blank,0,-350,-105,252583,252779,196
100,0,blank,0,-350,-105,252779,252922,143
100,0,blank,0,-350,-105,252922,253025,103
100,0,blank,0,-350,-105,253025,253165,140
100,0,blank,0,-350,-105,253165,253335,170
100,0,blank,0,-350,-105,253335,253447,112
100,0,blank,0,-350,-105,253447,253639,192
100,0,blank,0,-350,-105,253639,254012,373
100,0,blank,0,-350,-105,254012,254179,167
100,0,blank,0,-350,-105,254179,254312,133
100,0,blank,0,-350,-105,254312,254469,157
100,0,blank,0,84.6948666666667,465.507966666667,254825,255009,184
100,0,blank,0,91.0789333333333,468.605933333333,255009,255202,193
100,20,tomorrow,103,112.729533333333,433.764066666667,255202,255355,153
100,18,today,96,147.420175,385.004925,255355,255549,194
100,0,blank,0,246.188366666667,356.844266666667,255657,255811,154
100,18,==,99,264.749725,384.100525,255811,256009,198
100,0,blank,0,260.75704,397.8852,256009,256190,181
100,0,blank,0,291.77205,397.364925,256190,256352,162
100,0,blank,0,328.2292,401.4712,256352,256441,89
100,0,blank,0,406.7021,548.6359,256562,256750,188
100,0,blank,0,498.940625,522.36865,256750,256927,177
100,24,month,135,492.8831,528.6429,256927,256964,37
100,0,blank,0,436.85116,321.66036,256999,257173,174
100,16,today,87,495.83586,352.2121,257173,257348,175
100,16,today,87,497.00386,346.69528,257348,257524,176
100,16,+,84,591.095,346.09164,257524,257704,180
100,16,+,84,590.694533333333,335.3555,257704,257811,107
100,16,struct,73,245.92006,335.8031,257847,258024,177
100,0,blank,0,223.13788,316.13906,258024,258197,173
100,0,blank,0,220.79478,315.12622,258197,258371,174
100,14,(,65,357.39252,309.23902,258405,258577,172
100,14,numberOfDays,64,336.59406,301.84108,258577,258749,172
100,14,numberOfDays,64,262.15212,306.68282,258749,258920,171
100,14,numberOfDays,64,275.32452,306.11426,258920,259096,176
100,0,blank,0,329.30646,315.41724,259096,259269,173
100,14,today,66,371.64674,304.27732,259269,259462,193
100,14,numberOfDays,64,298.8642,308.67658,259462,259636,174
100,14,numberOfDays,64,288.76336,307.9255,259636,259807,171
100,14,numberOfDays,64,288.684,309.4989,259807,259877,70
100,14,today,66,413.79706,308.23716,259911,260086,175
100,0,blank,0,367.55356,312.33962,260086,260260,174
100,0,blank,0,361.17472,313.68818,260260,260437,177
100,0,blank,0,352.32176,307.31066,260437,260621,184
100,14,),68,420.86824,306.02862,260621,260794,173
100,0,blank,0,434.77346,315.21228,260794,260967,173
100,14,(,65,358.1244,309.35004,260967,261139,172
100,14,(,65,359.52938,307.84534,261139,261316,177
100,0,blank,0,354.7576,304.89928,261316,261495,179
100,14,numberOfDays,64,333.32776,304.8536,261495,261670,175
100,0,blank,0,353.4151,309.6548,261670,261843,173
100,14,numberOfDays,64,342.63052,305.7606,261843,262026,183
100,0,blank,0,257.64734,310.21804,262026,262198,172
100,0,blank,0,222.35882,310.25598,262198,262371,173
100,14,numberOfDays,64,225.42612,309.59212,262371,262544,173
100,14,numberOfDays,64,239.03864,309.12738,262544,262718,174
100,0,blank,0,242.11712,310.45,262718,262890,172
100,0,blank,0,254.99298,314.37456,262890,263063,173
100,14,numberOfDays,64,280.84756,306.69564,263063,263234,171
100,14,today,66,376.41682,299.52532,263234,263405,171
100,14,today,66,365.0329,303.31188,263405,263578,173
100,0,blank,0,350.08964,302.24124,263578,263750,172
100,14,today,66,406.02298,306.83498,263750,263922,172
100,0,blank,0,442.5491,312.5989,263922,264095,173
100,0,blank,0,414.2859,313.64766,264095,264268,173
100,0,blank,0,356.07066,311.75632,264268,264437,169
100,0,blank,0,362.0778,311.79714,264437,264610,173
100,0,blank,0,360.96232,314.85658,264610,264780,170
100,14,today,66,369.84784,305.88274,264780,264951,171
100,0,blank,0,391.90094,317.5838,264951,265120,169
100,0,blank,0,358.72224,311.29652,265120,265291,171
100,0,blank,0,352.0547,310.1623,265291,265463,172
100,0,blank,0,351.34106,308.14708,265463,265636,173
100,0,blank,0,354.46722,308.99286,265636,265811,175
100,0,blank,0,336.88086,315.33074,265811,265985,174
100,0,blank,0,361.347,311.42632,265985,266160,175
100,14,today,66,373.18024,305.16118,266160,266334,174
100,14,numberOfDays,64,320.81562,296.04834,266334,266509,175
100,14,numberOfDays,64,270.6118,291.6267,266509,266683,174
100,0,blank,0,240.7543,288.2753,266683,266857,174
100,13,struct,53,245.45544,283.92658,266857,267032,175
100,0,blank,0,210.38276,283.21234,267032,267211,179
100,13,struct,53,228.731,281.33442,267211,267384,173
100,13,struct,53,258.3304,286.1138,267384,267556,172
100,0,blank,0,394.47554,280.796,267590,267765,175
100,0,blank,0,403.3012,286.53358,267765,267939,174
100,14,),68,415.18126,290.66,267939,268114,175
100,14,today,66,380.4351,290.9366,268114,268148,34
100,0,blank,0,289.20482,455.32142,268185,268362,177
100,0,blank,0,280.28575,471.81505,268362,268430,68
100,0,blank,0,251.81946,652.57348,268465,268633,168
100,0,blank,0,206.228,630.743183333333,268633,268830,197
100,0,blank,0,197.33284,624.61088,268830,268994,164
100,28,struct,152,203.66238,612.4976,268994,269165,171
100,0,blank,0,161.224866666667,623.23415,269165,269360,195
100,0,blank,0,160.037333333333,622.7501,269360,269555,195
100,0,blank,0,186.0105,628.821766666667,269555,269753,198
100,0,blank,0,220.92854,623.37762,269753,269920,167
100,28,struct,152,230.27882,617.81666,269920,270087,167
100,0,blank,0,228.40896,635.07226,270087,270257,170
100,0,blank,0,229.7377,667.96296,270257,270423,166
100,0,blank,0,230.59998,675.97736,270423,270590,167
100,30,;,159,164.464366666667,653.137616666667,270590,270789,199
100,30,;,159,166.098183333333,652.898,270789,270988,199
100,0,blank,0,223.1641,645.42654,270988,271154,166
100,0,blank,0,214.86374,638.62666,271154,271321,167
100,0,blank,0,193.61676,637.49022,271321,271488,167
100,0,blank,0,187.90808,654.04658,271488,271658,170
100,30,days,158,150.04732,644.03056,271658,271835,177
100,0,blank,0,240.7351,623.48226,271835,272012,177
100,0,blank,0,323.32084,624.14056,272012,272184,172
100,0,blank,0,346.15412,618.57188,272184,272361,177
100,0,blank,0,357.41394,616.4389,272361,272538,177
100,0,blank,0,352.6697,613.84774,272538,272713,175
100,0,blank,0,356.52894,611.23084,272713,272888,175
100,0,blank,0,354.63154,616.71788,272888,273059,171
100,0,blank,0,323.54418,614.82706,273059,273229,170
100,0,blank,0,332.33172,618.647,273229,273403,174
100,0,blank,0,348.65376,614.8125,273403,273575,172
100,0,blank,0,334.63266,614.92874,273575,273749,174
100,28,),155,319.01114,617.58142,273749,273917,168
100,0,blank,0,344.72964,621.62134,273917,274083,166
100,0,blank,0,340.56005,615.68955,274083,274150,67
100,31,isLeapYear,161,220.58756,671.48428,274184,274351,167
100,31,isLeapYear,161,189.33976,667.54496,274351,274519,168
100,31,isLeapYear,161,156.99224,666.1686,274519,274688,169
100,31,isLeapYear,161,196.14934,678.3686,274688,274859,171
100,31,isLeapYear,161,214.296683333333,668.1653,274859,275058,199
100,31,isLeapYear,161,156.758,676.98806,275058,275226,168
100,31,isLeapYear,161,210.39102,666.90134,275226,275396,170
100,31,isLeapYear,161,220.2728,666.57378,275396,275564,168
100,31,isLeapYear,161,220.50474,673.51654,275564,275737,173
100,31,isLeapYear,161,178.57868,678.28874,275737,275905,168
100,32,daysPerMonth,170,165.2474,702.4907,275905,275971,66
100,32,daysPerMonth,170,169.58648,694.06258,276039,276232,193
100,31,isLeapYear,161,166.62254,678.15306,276232,276401,169
100,31,struct,163,251.1141,675.67316,276401,276570,169
100,31,struct,163,245.0472,681.48364,276570,276769,199
100,31,struct,163,250.3984,676.8311,276769,276889,120
100,31,date,164,338.4951,666.403,276889,277003,114
100,31,date,164,352.47625,671.08535,277003,277156,153
100,31,d,165,367.01668,677.75892,277156,277341,185
100,31,date,164,349.40382,672.29016,277341,277510,169
100,31,date,164,317.3674,672.85754,277510,277678,168
100,0,blank,0,291.23072,685.47316,277678,277848,170
100,32,12,172,273.97544,700.54484,277848,278019,171
100,32,12,172,273.11036,699.06984,278019,278188,169
100,32,12,172,274.60002,701.5561,278188,278360,172
100,32,[,171,271.95922,698.08042,278360,278532,172
100,32,[,171,270.15124,704.5445,278532,278702,170
100,32,[,171,268.476533333333,690.434733333333,278702,278810,108
100,0,blank,0,178.11266,707.49812,278845,279021,176
100,0,blank,0,188.15066,711.36054,279021,279198,177
100,0,blank,0,196.0649,706.82792,279198,279369,171
100,0,blank,0,291.88576,706.39202,279369,279539,170
100,0,blank,0,308.1189,696.70996,279539,279709,170
100,0,blank,0,356.77472,676.15164,279709,279877,168
100,31,d,165,364.5386,669.546716666667,279877,280075,198
100,0,blank,0,962.6894,477.35134,280183,280353,170
100,0,blank,0,998.747,399.9641,280353,280388,35
100,0,blank,0,1003.6552,256.83308,280424,280600,176
100,0,blank,0,998.8478,214.5887,280600,280775,175
100,0,blank,0,999.7314,193.49256,280775,280952,177
100,0,blank,0,1009.056,187.89472,280952,281131,179
100,0,blank,0,1004.1638,185.33648,281131,281311,180
100,0,blank,0,994.198,188.90522,281311,281491,180
100,0,blank,0,1006.8398,191.5511,281491,281669,178
100,0,blank,0,1001.52075,194.2987,281669,281812,143
100,0,blank,0,247.88316,761.69166,281921,282099,178
100,32,daysPerMonth,170,202.41878,705.91676,282099,282270,171
100,32,daysPerMonth,170,174.9403,695.77112,282270,282443,173
100,32,daysPerMonth,170,177.10524,695.40104,282443,282617,174
100,32,daysPerMonth,170,185.69216,694.81416,282617,282794,177
100,32,daysPerMonth,170,148.97426,689.81968,282794,282966,172
100,32,daysPerMonth,170,143.61014,689.8528,282966,283136,170
100,0,blank,0,227.9125,676.76892,283136,283307,171
100,32,daysPerMonth,170,146.8612,689.27294,283307,283481,174
100,0,blank,0,145.97144,685.24904,283481,283655,174
100,32,daysPerMonth,170,192.45118,692.62486,283655,283830,175
100,0,blank,0,228.30054,671.74768,283830,284006,176
100,31,(,162,235.2928,676.76768,284006,284183,177
100,32,daysPerMonth,170,192.13974,687.88322,284183,284362,179
100,31,isLeapYear,161,218.85634,675.46908,284362,284538,176
100,32,daysPerMonth,170,198.6341,687.13778,284538,284714,176
100,31,isLeapYear,161,200.52962,679.24896,284714,284889,175
100,31,isLeapYear,161,186.56234,677.3208,284889,285062,173
100,31,isLeapYear,161,163.73088,682.73476,285062,285232,170
100,31,isLeapYear,161,222.5268,681.92612,285232,285406,174
100,0,blank,0,227.26144,674.59624,285406,285580,174
100,31,isLeapYear,161,217.91292,671.54134,285580,285753,173
100,31,(,162,240.06048,682.37622,285753,285927,174
100,0,blank,0,235.22352,685.70844,285927,286102,175
100,0,blank,0,192.75422,684.73096,286102,286275,173
100,32,daysPerMonth,170,157.53558,688.07046,286275,286442,167
100,0,blank,0,234.36016,681.56702,286442,286615,173
100,0,blank,0,233.1499,683.299,286615,286786,171
100,31,isLeapYear,161,208.7733,676.76802,286786,286957,171
100,31,isLeapYear,161,211.31312,673.1357,286957,287127,170
100,31,isLeapYear,161,180.81028,671.6447,287127,287296,169
100,0,blank,0,229.243383333333,672.666383333333,287296,287495,199
100,0,blank,0,224.45348,664.81806,287495,287669,174
100,0,blank,0,224.8231,668.45058,287669,287840,171
100,31,isLeapYear,161,214.49696,671.56294,287840,288013,173
100,31,isLeapYear,161,219.0683,675.05634,288013,288186,173
100,0,blank,0,244.52554,685.94606,288186,288359,173
100,31,isLeapYear,161,212.9445,681.87652,288359,288530,171
100,31,isLeapYear,161,143.98934,679.15532,288530,288698,168
100,31,isLeapYear,161,197.17416,683.17448,288698,288864,166
100,31,struct,163,246.71966,682.15018,288864,289038,174
100,32,daysPerMonth,170,257.53334,688.51216,289038,289218,180
100,31,struct,163,262.59414,677.08252,289218,289391,173
100,0,blank,0,232.64044,681.08958,289391,289562,171
100,0,blank,0,227.8446,670.26688,289562,289729,167
100,31,struct,163,245.2293,672.40648,289729,289897,168
100,31,struct,163,265.3848,680.33384,289897,290064,167
100,0,blank,0,393.301833333333,679.926916666667,290097,290291,194
100,0,blank,0,412.756583333333,676.43285,290291,290486,195
100,31,date,164,353.318166666667,680.888166666667,290486,290684,198
100,31,struct,163,302.05692,675.98722,290684,290853,169
100,32,[,171,267.23436,703.29124,290853,291025,172
100,0,blank,0,263.12054,709.18128,291025,291196,171
100,32,daysPerMonth,170,262.43938,703.40706,291196,291368,172
100,0,blank,0,275.2965,716.407,291368,291403,35
100,0,blank,0,228.6661,587.77616,291438,291616,178
100,0,blank,0,212.45038,581.20432,291616,291785,169
100,0,blank,0,198.470725,579.212975,291785,291922,137
100,0,blank,0,334.831366666667,590.195533333333,291955,292065,110
100,0,blank,0,964.3214,600.08044,292135,292306,171
100,0,blank,0,982.126,555.9658,292306,292338,32
100,0,blank,0,1001.7364,426.50446,292372,292541,169
100,0,blank,0,995.0368,370.69436,292541,292710,169
100,0,blank,0,989.635,368.7056,292710,292744,34
100,28,d,154,310.7641,615.60726,292812,292978,166
100,0,blank,0,287.57164,711.77236,293014,293184,170
100,32,[,171,265.342775,695.807375,293184,293320,136
101,0,blank,0,170.31148,648.86852,297714,297884,170
101,37,isLeapYear,203,161.15942,603.70362,297884,298053,169
101,35,30,196,164.96386,560.01508,298053,298221,168
101,31,isLeapYear,161,155.79986,465.86404,298221,298390,169
101,0,blank,0,189.94972,518.13794,298390,298559,169
101,37,d,210,217.87242,605.50112,298559,298728,169
101,0,blank,0,201.15838,501.55034,298728,298894,166
101,31,isLeapYear,161,191.26268,462.47026,298894,299065,171
101,0,blank,0,190.07994,442.25318,299065,299236,171
101,0,blank,0,194.60328,423.50228,299236,299409,173
101,0,blank,0,194.6545,423.28356,299409,299581,172
101,0,blank,0,194.26176,416.60304,299581,299754,173
101,0,blank,0,175.02504,413.89728,299754,299929,175
101,0,blank,0,146.71064,423.97128,299929,300101,172
101,0,blank,0,135.82322,419.25726,300101,300269,168
101,0,blank,0,210.93136,413.997,300269,300437,168
101,0,blank,0,169.52994,414.20176,300437,300609,172
101,0,blank,0,142.10416,425.22558,300609,300790,181
101,0,blank,0,119.54504,420.93368,300790,300973,183
101,0,blank,0,186.00006,415.69454,300973,301148,175
101,28,struct,152,185.29004,409.93492,301148,301321,173
101,28,struct,152,188.7274,408.92906,301321,301492,171
101,28,struct,152,184.81752,409.90956,301492,301662,170
101,28,(,151,181.97238,408.30958,301662,301833,171
101,0,blank,0,222.86932,412.28662,301833,302007,174
101,28,struct,152,219.127,408.5203,302007,302181,174
101,28,d,154,303.29724,410.0142,302181,302357,176
101,28,d,154,312.12768,408.69004,302357,302538,181
101,28,d,154,307.72704,406.11708,302538,302729,191
101,0,blank,0,313.09826,415.40054,302729,302909,180
101,0,blank,0,322.07466,408.78602,302909,303087,178
101,0,blank,0,334.3304,411.07932,303087,303265,178
101,0,blank,0,321.0991,413.85532,303265,303453,188
101,0,blank,0,299.15228,399.85664,303453,303638,185
101,0,blank,0,331.1321,401.2678,303638,303819,181
101,0,blank,0,338.3593,429.72812,303819,304001,182
101,0,blank,0,324.9851,424.9548,304001,304186,185
101,0,blank,0,300.86254,408.58464,304186,304372,186
101,28,d,154,306.1983,407.6143,304372,304409,37
101,0,blank,0,184.09962,422.0987,304446,304631,185
101,31,isLeapYear,161,211.63495,470.1521,304631,304705,74
101,0,blank,0,291.2396,446.2479,304705,304897,192
101,0,blank,0,315.9996,527.371,304897,304989,92
101,0,blank,0,337.97258,428.26386,305024,305203,179
101,0,blank,0,351.48268,414.8113,305203,305381,178
101,0,blank,0,343.71412,422.46086,305381,305553,172
101,0,blank,0,359.57878,404.27602,305553,305724,171
101,0,blank,0,358.6277,401.76518,305724,305901,177
101,0,blank,0,338.3432,411.15698,305901,306081,180
101,0,blank,0,349.50098,412.57252,306081,306252,171
101,0,blank,0,366.334833333333,406.849733333333,306252,306354,102
101,31,isLeapYear,161,170.46916,464.34058,306388,306556,168
101,31,isLeapYear,161,165.26016,472.21978,306556,306727,171
101,32,daysPerMonth,170,182.5456,481.472325,306727,306867,140
101,32,daysPerMonth,170,247.502,495.36682,306935,307111,176
101,31,(,162,235.37158,471.33682,307111,307279,168
101,31,isLeapYear,161,194.217633333333,463.116216666667,307279,307478,199
101,0,blank,0,207.759983333333,451.846083333333,307478,307677,199
101,31,isLeapYear,161,199.35796,460.0222,307677,307845,168
101,31,isLeapYear,161,159.14344,466.76952,307845,308013,168
101,31,isLeapYear,161,177.675266666667,471.026433333333,308013,308212,199
101,31,isLeapYear,161,211.79814,470.9681,308212,308381,169
101,31,(,162,236.212,472.43332,308381,308551,170
101,31,struct,163,252.7934,474.63792,308551,308722,171
101,32,daysPerMonth,170,257.4856,480.49306,308722,308893,171
101,32,=,174,320.67944,483.81922,308893,309064,171
101,31,d,165,365.8432,471.18398,309064,309237,173
101,31,date,164,346.5772,475.37606,309237,309408,171
101,0,blank,0,389.88932,482.90686,309408,309582,174
101,0,blank,0,412.07388,470.33574,309582,309753,171
101,0,blank,0,430.11884,471.06306,309753,309926,173
101,31,struct,163,260.37494,470.69798,309961,310135,174
101,31,struct,163,253.82508,476.36262,310135,310308,173
101,31,isLeapYear,161,216.6559,471.42796,310308,310481,173
101,31,isLeapYear,161,150.77526,474.66416,310481,310655,174
101,0,blank,0,153.2616,478.61246,310655,310826,171
101,31,struct,163,264.44228,467.88742,310826,310998,172
101,31,struct,163,263.0193,468.5985,310998,311033,35
101,0,blank,0,361.70444,469.15024,311067,311239,172
101,0,blank,0,354.90684,466.7144,311239,311409,170
101,0,blank,0,395.87704,467.33988,311409,311581,172
101,0,blank,0,411.02352,461.50878,311581,311754,173
101,0,blank,0,425.9026,460.9277,311754,311822,68
101,32,daysPerMonth,170,257.69506,482.1762,311857,312030,173
101,32,daysPerMonth,170,214.86216,484.43884,312030,312203,173
101,32,daysPerMonth,170,181.80158,489.9597,312203,312376,173
101,32,daysPerMonth,170,176.45888,495.63392,312376,312550,174
101,32,daysPerMonth,170,240.53996,494.87648,312550,312727,177
101,0,blank,0,251.1953,500.274,312727,312902,175
101,0,blank,0,279.14146,501.35246,312902,313078,176
101,0,blank,0,275.98028,508.14436,313078,313254,176
101,32,[,171,267.97566,498.50196,313254,313426,172
101,0,blank,0,302.49592,501.7606,313426,313599,173
101,0,blank,0,329.19906,497.5235,313599,313771,172
101,0,blank,0,353.63044,498.75144,313771,313944,173
101,0,blank,0,352.57472,492.9196,313944,314114,170
101,0,blank,0,327.5973,497.89542,314114,314284,170
101,0,blank,0,272.0434,512.79682,314284,314453,169
101,0,blank,0,266.38652,521.4233,314453,314624,171
101,34,comma,187,227.79008,539.46708,314624,314796,172
101,0,blank,0,235.60176,541.92232,314796,314968,172
101,0,blank,0,193.0659,561.45838,314968,315140,172
101,35,comma,197,189.51982,554.62968,315140,315313,173
101,0,blank,0,196.16636,541.18376,315313,315488,175
101,34,30,186,223.59406,538.52174,315488,315661,173
101,34,31,184,246.33944,542.5871,315661,315835,174
101,34,comma,187,271.26616,539.6861,315835,316008,173
101,34,comma,187,271.00704,541.21648,316008,316181,173
101,0,blank,0,280.62,538.0748,316181,316354,173
101,34,30,186,303.00458,539.98492,316354,316525,171
101,0,blank,0,319.84996,540.83728,316525,316696,171
101,0,blank,0,348.44214,534.4265,316696,316866,170
101,0,blank,0,360.0276,540.9236,316866,316900,34
101,0,blank,0,199.23562,566.65784,316935,317105,170
101,35,31,198,204.21416,564.5953,317105,317277,172
101,0,blank,0,230.63904,566.06002,317277,317448,171
101,35,31,198,211.1706,561.88765,317448,317576,128
101,0,blank,0,176.1313,515.2717,317576,317684,108
101,0,blank,0,175.6931,510.467,317684,317812,128
101,0,blank,0,239.3062,500.401533333333,317812,317984,172
101,0,blank,0,278.58448,501.6507,317984,318153,169
101,0,blank,0,299.06064,504.20764,318153,318321,168
101,0,blank,0,320.07964,500.41834,318321,318490,169
101,32,12,172,289.5043,496.72674,318490,318657,167
101,32,daysPerMonth,170,262.73906,496.24438,318657,318826,169
101,0,blank,0,310.5307,501.44282,318826,318996,170
101,0,blank,0,313.29074,504.43398,318996,319166,170
101,0,blank,0,270.64246,501.01036,319166,319337,171
101,0,blank,0,240.9622,595.10624,319371,319543,172
101,0,blank,0,207.16648,612.97452,319543,319718,175
101,37,d,210,217.26338,606.98616,319718,319894,176
101,0,blank,0,197.82074,611.1105,319894,320069,175
101,37,isLeapYear,203,148.3179,601.81552,320069,320242,173
101,0,blank,0,148.59822,611.72144,320242,320416,174
101,0,blank,0,206.68264,582.61956,320416,320591,175
101,35,comma,197,264.85128,563.71054,320591,320763,172
101,0,blank,0,241.5523,543.40882,320763,320934,171
101,35,comma,197,228.8158,552.8119,320934,321108,174
101,35,comma,197,229.60368,547.56718,321108,321282,174
101,0,blank,0,230.83888,544.03404,321282,321457,175
101,32,],173,300.20462,485.01672,321457,321628,171
101,32,],173,299.6934,486.6512,321628,321662,34
101,0,blank,0,172.14988,506.1157,321695,321865,170
101,32,daysPerMonth,170,198.28642,496.52234,321865,322036,171
101,32,daysPerMonth,170,212.82526,496.9038,322036,322207,171
101,31,struct,163,257.039,470.7025,322207,322378,171
101,32,[,171,272.3909,481.84182,322378,322550,172
101,32,],173,295.12244,495.73234,322550,322720,170
101,0,blank,0,273.52418,505.40368,322720,322889,169
101,0,blank,0,311.37558,497.47914,322889,323061,172
101,0,blank,0,288.77588,580.58542,323061,323230,169
101,37,==,213,248.49722,604.49574,323230,323401,171
101,0,blank,0,242.57658,620.57056,323401,323573,172
101,37,d,210,214.06562,609.2023,323573,323744,171
101,37,),215,229.73784,609.22962,323744,323914,170
101,0,blank,0,239.75612,604.27712,323914,324085,171
101,37,true,208,303.30132,605.1828,324085,324257,172
101,37,true,208,304.16936,606.77808,324257,324430,173
101,0,blank,0,350.09542,596.9677,324430,324602,172
101,0,blank,0,351.55198,596.92438,324602,324775,173
101,0,blank,0,341.22596,603.1919,324775,324951,176
101,0,blank,0,364.30476,598.5716,324951,325123,172
101,37,month,212,406.86212,594.96426,325123,325298,175
101,0,blank,0,454.27782,602.3058,325298,325471,173
101,0,blank,0,427.53254,593.90084,325471,325646,175
101,37,month,212,419.52184,597.41514,325646,325820,174
101,37,month,212,406.86796,597.26476,325820,325996,176
101,37,month,212,408.5459,601.20248,325996,326173,177
101,37,==,213,439.39414,597.79408,326173,326346,173
101,37,==,213,437.02298,598.02648,326346,326521,175
101,37,==,213,446.20902,602.00078,326521,326697,176
101,0,blank,0,483.56622,597.52452,326697,326874,177
101,0,blank,0,496.04462,592.564,326874,327049,175
101,37,==,213,451.26622,596.0866,327049,327224,175
101,0,blank,0,475.98604,592.35244,327224,327401,177
101,0,blank,0,496.86672,583.83496,327401,327575,174
101,0,blank,0,431.93834,591.50824,327575,327750,175
101,37,==,213,434.03566,591.92454,327750,327927,177
101,37,.,211,365.7523,594.00428,327927,328102,175
101,37,true,208,291.72232,598.58014,328102,328276,174
101,0,blank,0,358.7279,583.14402,328276,328450,174
101,37,month,212,397.0493,590.69286,328450,328622,172
101,37,==,213,453.30424,590.56608,328622,328793,171
101,37,==,213,435.43486,595.3735,328793,328964,171
101,0,blank,0,426.823525,593.594375,328964,329104,140
101,0,blank,0,226.47142,617.876,329139,329310,171
101,0,blank,0,203.00266,631.3023,329310,329481,171
101,0,blank,0,190.11958,635.14966,329481,329648,167
101,0,blank,0,184.93302,632.92728,329648,329816,168
101,38,;,219,175.0649,630.24996,329816,329985,169
101,0,blank,0,182.08872,629.8673,329985,330154,169
101,0,blank,0,209.77674,630.69238,330154,330321,167
101,0,blank,0,223.49062,635.9495,330321,330491,170
101,38,;,219,179.9048,616.83182,330491,330660,169
101,0,blank,0,192.10664,632.09484,330660,330829,169
101,0,blank,0,188.10734,631.69498,330829,331000,171
101,0,blank,0,181.52958,632.90722,331000,331171,171
101,38,29,218,169.6015,631.67608,331171,331342,171
101,0,blank,0,191.74032,612.51202,331342,331516,174
101,37,d,210,222.82616,609.85174,331516,331690,174
101,37,d,210,222.1052,605.9126,331690,331794,104
101,0,blank,0,235.89114,452.0521,331829,332002,173
101,0,blank,0,299.6339,408.6395,332002,332174,172
101,0,blank,0,228.84328,420.81598,332174,332342,168
101,0,blank,0,178.07034,430.68228,332342,332512,170
101,0,blank,0,181.49742,417.37836,332512,332684,172
101,0,blank,0,186.10698,418.2302,332684,332853,169
101,0,blank,0,205.82588,438.14786,332853,333020,167
101,31,(,162,240.55606,462.01704,333020,333188,168
101,31,(,162,239.682966666667,466.124316666667,333188,333387,199
101,31,struct,163,250.2388,474.65424,333387,333556,169
101,0,blank,0,311.23012,473.77768,333556,333727,171
101,31,date,164,353.6192,476.3012,333727,333795,68
101,31,isLeapYear,161,167.65406,477.76608,333829,333999,170
101,0,blank,0,-350,-105,334033,334145,112
101,0,blank,0,-350,-105,334145,334249,104
101,31,isLeapYear,161,208.95666,467.5564,334280,334449,169
101,31,struct,163,262.05892,468.45944,334449,334616,167
101,31,struct,163,287.08516,477.58464,334616,334785,169
101,31,),166,379.12676,475.1422,334785,334956,171
101,0,blank,0,405.41498,470.73648,334956,335126,170
101,31,;,167,390.46872,474.33554,335126,335298,172
101,0,blank,0,330.54974,485.012,335298,335468,170
101,0,blank,0,343.61656,484.63078,335468,335640,172
101,31,struct,163,294.71888,475.7128,335640,335812,172
101,31,struct,163,262.08762,474.71232,335812,335983,171
101,0,blank,0,260.0144,479.78404,335983,336153,170
101,32,daysPerMonth,170,249.20278,490.59956,336153,336324,171
101,32,daysPerMonth,170,241.7226,498.22095,336324,336393,69
101,0,blank,0,219.74026,683.80626,336428,336599,171
101,0,blank,0,207.11334,682.27242,336599,336770,171
101,40,daysPerMonth,223,199.8759,663.92025,336770,336838,68
101,40,month,227,311.59174,660.69318,336871,337042,171
101,40,.,226,298.36684,665.65748,337042,337210,168
101,40,[,224,277.20816,670.05728,337210,337379,169
101,0,blank,0,261.3333,633.64168,337379,337550,171
101,37,),215,231.05908,599.86042,337550,337722,172
101,0,blank,0,238.037275,607.207725,337722,337856,134
101,37,true,208,277.4053,596.60565,337856,338038,182
101,0,blank,0,199.7345,605.1795,338038,338132,94
101,0,blank,0,192.0574,616.109566666667,338132,338330,198
101,0,blank,0,239.52602,606.94934,338330,338499,169
101,37,true,208,277.59422,607.52832,338499,338667,168
101,37,true,208,274.32856,602.74264,338667,338835,168
101,37,true,208,294.45138,596.63238,338835,339003,168
101,37,true,208,292.45624,606.35538,339003,339170,167
101,0,blank,0,323.4757,603.84422,339170,339339,169
101,37,d,210,358.43704,606.48938,339339,339507,168
101,37,||,209,327.20712,598.7501,339507,339680,173
101,37,true,208,310.07896,605.68726,339680,339848,168
101,37,month,212,388.0978,607.00242,339848,340021,173
101,37,==,213,434.7931,603.83702,340021,340192,171
101,37,==,213,436.90428,602.61012,340192,340366,174
101,37,month,212,419.09348,604.2527,340366,340540,174
101,37,month,212,417.50026,597.15156,340540,340716,176
101,37,==,213,446.65476,609.26342,340716,340888,172
101,37,==,213,447.72998,605.24152,340888,341061,173
101,37,==,213,445.94118,603.26456,341061,341234,173
101,0,blank,0,441.0458,617.7939,341234,341406,172
101,0,blank,0,490.2342,611.68515,341406,341476,70
101,0,blank,0,226.36816,639.22804,341510,341684,174
101,0,blank,0,205.2644,639.86326,341684,341854,170
101,0,blank,0,197.44384,630.28836,341854,342027,173
101,0,blank,0,195.09324,635.40662,342027,342199,172
101,0,blank,0,204.96762,638.24818,342199,342371,172
101,0,blank,0,235.18732,633.51236,342371,342539,168
101,0,blank,0,250.71788,582.57342,342539,342708,169
101,0,blank,0,254.50636,479.5602,342708,342877,169
101,0,blank,0,225.24858,427.28942,342877,343047,170
101,0,blank,0,192.08232,416.09112,343047,343216,169
101,0,blank,0,169.43508,410.04938,343216,343387,171
101,0,blank,0,237.7691,632.49896,343421,343590,169
101,0,blank,0,236.83256,632.9161,343590,343757,167
101,0,blank,0,229.60652,632.42378,343757,343925,168
101,0,blank,0,225.3619,634.40804,343925,344093,168
101,0,blank,0,245.53298,636.6657,344093,344264,171
101,0,blank,0,248.39912,632.733,344264,344436,172
101,0,blank,0,227.783,632.37956,344436,344611,175
101,0,blank,0,215.1786,628.20196,344611,344785,174
101,0,blank,0,214.23762,625.32584,344785,344957,172
101,0,blank,0,190.18936,646.2491,344957,345127,170
101,40,daysPerMonth,223,179.08454,663.92472,345127,345301,174
101,40,daysPerMonth,223,179.13834,657.01892,345301,345473,172
101,0,blank,0,163.71634,655.82974,345473,345648,175
101,0,blank,0,162.2228,653.36482,345648,345823,175
101,0,blank,0,166.12058,650.01636,345823,345999,176
101,40,daysPerMonth,223,197.78628,668.13264,345999,346170,171
101,40,daysPerMonth,223,203.2894,671.79088,346170,346338,168
101,40,daysPerMonth,223,223.5029,670.26886,346338,346510,172
101,40,daysPerMonth,223,251.07186,668.96642,346510,346682,172
101,40,daysPerMonth,223,250.2471,664.28934,346682,346852,170
101,40,[,224,281.51646,661.09456,346852,347023,171
101,40,d,225,292.3344,661.6112,347023,347191,168
101,40,d,225,283.2747,665.77304,347191,347361,170
101,40,[,224,276.1601,670.26806,347361,347528,167
101,40,month,227,321.9826,660.46166,347528,347697,169
101,0,blank,0,357.94532,653.9355,347697,347867,170
101,40,d,225,292.25206,665.75168,347867,348034,167
101,40,d,225,283.6442,662.98834,348034,348203,169
101,40,month,227,322.14818,658.59326,348203,348374,171
101,40,month,227,353.07172,657.49928,348374,348546,172
101,0,blank,0,373.41888,661.45466,348546,348721,175
101,40,month,227,345.5901,664.47858,348721,348893,172
101,40,month,227,330.91396,671.75664,348893,349065,172
101,40,month,227,318.4905,666.00904,349065,349235,170
101,40,month,227,320.41162,662.52818,349235,349403,168
101,40,month,227,303.5127,657.6867,349403,349574,171
101,0,blank,0,274.11272,669.39842,349574,349746,172
101,40,daysPerMonth,223,273.2391,667.45424,349746,349919,173
101,40,d,225,290.61332,667.11026,349919,350091,172
101,40,d,225,291.50696,667.23826,350091,350266,175
101,40,[,224,280.71048,668.411,350266,350438,172
101,0,blank,0,270.33612,637.51908,350438,350615,177
101,0,blank,0,259.78188,616.22084,350615,350789,174
101,0,blank,0,261.4041,619.27222,350789,350964,175
101,0,blank,0,235.7755,620.7135,350964,351134,170
101,0,blank,0,231.6676,631.2756,351134,351305,171
101,0,blank,0,218.46778,633.0101,351305,351476,171
101,0,blank,0,190.56672,640.8665,351476,351649,173
101,0,blank,0,206.67044,646.61152,351649,351820,171
101,0,blank,0,235.79994,637.696,351820,351988,168
101,0,blank,0,232.8616,631.38682,351988,352160,172
101,37,(,204,211.0551,607.14934,352160,352328,168
101,37,(,204,211.6175,593.1331,352328,352361,33
101,0,blank,0,335.89434,566.0654,352395,352564,169
101,35,31,198,298.68032,562.1415,352564,352732,168
101,0,blank,0,264.68558,607.17232,352732,352901,169
101,0,blank,0,233.5255,627.11654,352901,353068,167
101,0,blank,0,201.98088,629.14096,353068,353236,168
101,0,blank,0,201.28782,628.21226,353236,353403,167
101,0,blank,0,203.551116666667,637.579583333333,353403,353601,198
101,0,blank,0,187.004325,626.1071,353601,353736,135
101,0,blank,0,268.9071,448.9444,353769,353936,167
101,0,blank,0,242.01898,424.46422,353936,354106,170
101,0,blank,0,198.76518,419.71264,354106,354274,168
101,0,blank,0,146.4805,417.97018,354274,354442,168
101,0,blank,0,112.60088,418.85242,354442,354611,169
101,28,struct,152,190.250683333333,410.893833333333,354611,354809,198
101,0,blank,0,245.32654,414.3669,354809,354979,170
101,0,blank,0,337.656066666667,407.6639,354979,355178,199
101,0,blank,0,336.493,408.2991,355178,355210,32
101,31,isLeapYear,161,201.75568,461.48616,355243,355411,168
101,31,isLeapYear,161,176.96232,464.45054,355411,355579,168
101,0,blank,0,153.41154,456.43132,355579,355747,168
101,31,isLeapYear,161,170.70448,470.5738,355747,355917,170
101,31,isLeapYear,161,195.47326,473.11068,355917,356088,171
101,0,blank,0,229.83162,463.35242,356088,356258,170
101,0,blank,0,224.33354,682.0707,356292,356461,169
101,0,blank,0,200.05186,679.36216,356461,356632,171
101,0,blank,0,172.74876,688.8655,356632,356804,172
101,0,blank,0,191.25506,693.91968,356804,356973,169
101,0,blank,0,211.79392,690.17014,356973,357140,167
101,0,blank,0,214.08706,693.49634,357140,357308,168
101,0,blank,0,210.54634,698.5997,357308,357475,167
101,0,blank,0,187.6156,701.8236,357475,357647,172
101,0,blank,0,173.64922,695.8629,357647,357818,171
101,0,blank,0,171.6284,691.032,357818,357852,34
101,0,blank,0,272.13896,627.78026,357887,358058,171
101,40,daysPerMonth,223,229.77092,664.22112,358058,358230,172
101,0,blank,0,228.9347,650.56705,358230,358334,104
101,0,blank,0,222.8547,640.9299,358334,358458,124
101,0,blank,0,424.40305,667.85365,358587,358785,198
101,40,month,227,326.4314,672.33242,358785,358954,169
101,40,daysPerMonth,223,259.75722,675.03988,358954,359127,173
101,40,daysPerMonth,223,255.13208,666.3757,359127,359299,172
101,0,blank,0,373.1587,664.74698,359299,359471,172
101,40,-,228,364.21152,663.26662,359471,359640,169
101,40,month,227,350.6701,673.5986,359640,359810,170
101,40,-,228,364.0348,671.7633,359810,359982,172
101,0,blank,0,403.90218,666.79116,359982,360159,177
101,40,1,229,393.8432,667.715,360159,360331,172
101,40,month,227,309.95012,663.9454,360331,360503,172
101,40,month,227,306.4117,670.71436,360503,360676,173
101,40,d,225,286.46516,669.55516,360676,360850,174
101,40,daysPerMonth,223,268.4157,667.12778,360850,361026,176
101,0,blank,0,356.2546,669.39428,361026,361197,171
101,40,month,227,310.10994,672.90524,361197,361366,169
101,0,blank,0,267.1444,677.7824,361366,361537,171
101,0,blank,0,286.77146,679.65614,361537,361707,170
101,0,blank,0,296.38146,686.49234,361707,361876,169
101,0,blank,0,273.40644,687.82602,361876,362046,170
101,0,blank,0,338.14428,684.76296,362046,362217,171
101,0,blank,0,398.77276,679.89076,362217,362390,173
101,0,blank,0,375.46148,680.95288,362390,362558,168
101,0,blank,0,375.24482,674.76584,362558,362728,170
101,0,blank,0,358.91784,675.40978,362728,362898,170
101,0,blank,0,355.87884,681.10432,362898,363069,171
101,40,month,227,352.62286,673.28976,363069,363236,167
101,0,blank,0,392.4007,680.27828,363236,363406,170
101,0,blank,0,393.2623,681.371,363406,363441,35
101,0,blank,0,285.08284,684.2727,363476,363645,169
101,0,blank,0,239.28756,681.53376,363645,363813,168
101,40,daysPerMonth,223,184.81728,673.15846,363813,363985,172
101,40,daysPerMonth,223,180.7701,658.76182,363985,364158,173
101,40,daysPerMonth,223,185.29258,668.54728,364158,364332,174
101,40,daysPerMonth,223,165.98804,672.12666,364332,364507,175
101,40,daysPerMonth,223,160.8498,665.7381,364507,364541,34
101,40,month,227,303.94054,667.51536,364575,364746,171
101,40,.,226,299.9876,665.576,364746,364916,170
101,40,daysPerMonth,223,265.396,661.26484,364916,365089,173
101,40,daysPerMonth,223,261.19104,668.11712,365089,365266,177
101,40,daysPerMonth,223,265.14414,671.35272,365266,365441,175
101,40,month,227,308.5967,666.99826,365441,365611,170
101,40,month,227,327.19172,662.06536,365611,365782,171
101,0,blank,0,376.40398,664.14406,365782,365954,172
101,0,blank,0,378.64478,668.10456,365954,366124,170
101,40,],230,397.28056,662.35168,366124,366295,171
101,40,],230,400.55864,668.86444,366295,366467,172
101,0,blank,0,412.9899,669.76268,366467,366634,167
101,0,blank,0,417.91308,669.83402,366634,366804,170
101,0,blank,0,382.24498,664.9969,366804,366971,167
101,0,blank,0,377.80396,665.95482,366971,367140,169
101,0,blank,0,374.5838,671.99836,367140,367306,166
101,40,month,227,353.3757,673.41718,367306,367474,168
101,40,.,226,298.43544,672.99402,367474,367641,167
101,40,d,225,290.648233333333,672.954483333333,367641,367840,199
101,0,blank,0,277.7905,683.025,367840,368009,169
101,0,blank,0,271.3477,628.23306,368009,368177,168
101,0,blank,0,249.54892,584.8933,368177,368349,172
101,0,blank,0,248.21474,570.01572,368349,368522,173
101,40,month,227,307.10216,668.54974,368557,368728,171
101,40,month,227,308.74686,667.70162,368728,368899,171
101,40,month,227,320.9852,662.96336,368899,369069,170
101,0,blank,0,376.15358,669.325,369069,369241,172
101,40,1,229,383.13522,672.84568,369241,369414,173
101,0,blank,0,410.07524,678.84534,369414,369584,170
101,0,blank,0,420.57846,668.24374,369584,369756,172
101,0,blank,0,417.18386,671.7006,369756,369927,171
101,40,1,229,387.42366,666.6049,369927,370100,173
101,40,1,229,383.33986,661.50836,370100,370274,174
101,0,blank,0,362.9121,674.59204,370274,370447,173
101,0,blank,0,368.2779,680.11402,370447,370622,175
101,0,blank,0,373.8177,690.4637,370622,370657,35
101,0,blank,0,200.63414,698.69296,370692,370862,170
101,0,blank,0,210.99516,695.22054,370862,371035,173
101,0,blank,0,223.1983,695.36654,371035,371206,171
101,0,blank,0,243.20168,685.54632,371206,371374,168
101,0,blank,0,308.07562,682.42156,371374,371543,169
101,0,blank,0,227.52122,693.00378,371543,371712,169
101,0,blank,0,265.80096,680.97048,371712,371882,170
101,0,blank,0,283.4019,680.71888,371882,372055,173
101,0,blank,0,281.62984,677.2323,372055,372226,171
101,0,blank,0,425.29962,659.74484,372260,372432,172
101,0,blank,0,403.40258,629.2126,372432,372602,170
101,0,blank,0,390.6011,654.81198,372602,372773,171
101,0,blank,0,376.0453,652.71726,372773,372945,172
101,0,blank,0,363.70154,662.03226,372945,373117,172
101,0,blank,0,363.73925,675.4696,373117,373297,180
101,0,blank,0,364.71115,705.78,373297,373375,78
101,0,blank,0,361.5473,642.2411,373375,373560,185
101,0,blank,0,363.223766666667,633.254566666667,373560,373698,138
101,0,blank,0,351.252166666667,630.905466666667,374077,374240,163
101,0,blank,0,375.8159,705.7389,374240,374616,376
101,0,blank,0,356.662933333333,680.762566666667,374616,374784,168
101,40,-,228,366.79218,663.78406,374784,374961,177
101,0,blank,0,382.08076,663.04798,374961,375144,183
101,40,1,229,385.42034,663.7962,375144,375324,180
101,40,1,229,386.1383,661.96132,375324,375506,182
101,0,blank,0,382.19678,657.77868,375506,375686,180
101,0,blank,0,382.2906,659.84298,375686,375863,177
101,40,;,231,408.36794,658.95556,375863,376043,180
101,0,blank,0,425.86676,663.74866,376043,376221,178
101,0,blank,0,418.92882,658.62782,376221,376400,179
101,0,blank,0,419.088866666667,659.151633333333,376400,376509,109
101,40,daysPerMonth,223,227.73112,669.1233,376546,376720,174
101,0,blank,0,216.88704,685.11836,376720,376896,176
101,0,blank,0,201.04332,694.74926,376896,377074,178
101,0,blank,0,191.21992,694.44492,377074,377250,176
101,0,blank,0,177.29308,690.16012,377250,377429,179
101,0,blank,0,171.24088,695.50338,377429,377608,179
101,0,blank,0,168.3544,707.05682,377608,377785,177
101,0,blank,0,219.53662,692.90948,377785,377961,176
101,0,blank,0,218.49122,693.22872,377961,378134,173
101,0,blank,0,210.36984,690.45182,378134,378308,174
101,0,blank,0,207.91318,691.69696,378308,378484,176
101,0,blank,0,208.46422,685.82662,378484,378661,177
101,0,blank,0,207.00235,688.6518,378661,378847,186
101,0,blank,0,210.8929,682.6862,378847,378976,129
101,0,blank,0,216.028775,690.89235,378976,379168,192
101,0,blank,0,216.77188,695.3884,379168,379344,176
101,0,blank,0,220.88906,690.63488,379344,379520,176
101,0,blank,0,994.6192,307.56226,379629,379810,181
101,0,blank,0,995.129,315.49468,379810,379988,178
101,0,blank,0,987.0398,307.77252,379988,380163,175
101,0,blank,0,984.0078,314.12932,380163,380337,174
101,0,blank,0,992.1182,307.44332,380337,380511,174
101,0,blank,0,989.3672,309.20518,380511,380683,172
101,0,blank,0,201.44736,691.25088,380787,380962,175
101,0,blank,0,182.37192,698.8397,380962,381138,176
101,0,blank,0,198.94832,699.25682,381138,381310,172
101,0,blank,0,203.94508,701.79436,381310,381481,171
101,0,blank,0,199.66362,701.81934,381481,381653,172
101,0,blank,0,202.154333333333,694.881566666667,381653,381754,101
102,43,struct,239,193.12874,308.53774,386206,386377,171
102,0,blank,0,171.81926,318.43406,386377,386548,171
102,0,blank,0,184.21052,315.17556,386548,386719,171
102,0,blank,0,178.62688,320.40338,386719,386889,170
102,45,;,246,215.2452,350.65608,386889,387061,172
102,45,leapYearFlag,245,183.24872,349.72142,387061,387235,174
102,45,leapYearFlag,245,167.02965,355.49925,387235,387303,68
102,0,blank,0,-350,-105,387404,387486,82
102,0,blank,0,-350,-105,387621,387788,167
102,0,blank,0,148.765933333333,335.631233333333,387895,388092,197
102,46,year,269,154.7277,361.755566666667,388092,388247,155
102,46,year,269,149.990333333333,373.805766666667,388247,388402,155
102,46,year,269,140.014325,373.64425,388402,388596,194
102,45,leapYearFlag,245,144.516175,340.87685,388596,388787,191
102,45,leapYearFlag,245,118.2939,350.6885,388787,388967,180
102,45,leapYearFlag,245,110.5673,346.471933333333,388967,389165,198
102,0,blank,0,92.05758,345.28964,389165,389332,167
102,0,blank,0,77.1001333333333,316.6205,389332,389530,198
102,43,isLeapYear,237,79.8456,310.0817,389530,389697,167
102,43,isLeapYear,237,85.5143,304.257066666667,389697,389896,199
102,43,isLeapYear,237,80.53402,298.10316,389896,390067,171
102,43,isLeapYear,237,88.15752,298.99488,390067,390236,169
102,43,isLeapYear,237,112.4816,304.19906,390236,390408,172
102,0,blank,0,198.01386,287.25834,390408,390577,169
102,43,struct,239,218.58524,293.06812,390577,390743,166
102,43,struct,239,226.09312,298.92542,390743,390916,173
102,0,blank,0,246.16892,290.98596,390916,391087,171
102,0,blank,0,241.38994,295.63054,391087,391258,171
102,0,blank,0,233.73424,287.92652,391258,391429,171
102,0,blank,0,243.16934,289.01346,391429,391597,168
102,0,blank,0,145.96694,326.06384,391597,391766,169
102,45,bool,244,63.10762,345.07952,391766,391935,169
102,45,bool,244,61.6316,340.458,391935,392107,172
102,45,leapYearFlag,245,98.03516,345.34676,392107,392280,173
102,45,leapYearFlag,245,99.6072,344.36642,392280,392452,172
102,45,leapYearFlag,245,136.37716,343.43022,392452,392625,173
102,0,blank,0,139.598,330.92142,392625,392797,172
102,45,leapYearFlag,245,147.27012,338.95436,392797,392974,177
102,0,blank,0,161.92888,335.40366,392974,393146,172
102,0,blank,0,125.07244,332.82808,393146,393319,173
102,0,blank,0,114.54406,326.49054,393319,393488,169
102,0,blank,0,116.24472,331.63268,393488,393659,171
102,45,leapYearFlag,245,94.67654,336.29522,393659,393828,169
102,0,blank,0,61.82868,324.0681,393828,393997,169
102,0,blank,0,91.21536,345.06556,393997,394167,170
102,45,leapYearFlag,245,111.30058,349.9976,394167,394337,170
102,45,leapYearFlag,245,112.4533,352.48382,394337,394506,169
102,45,leapYearFlag,245,127.25886,350.04,394506,394674,168
102,45,leapYearFlag,245,138.00798,353.87622,394674,394844,170
102,45,leapYearFlag,245,161.216133333333,351.582466666667,394844,395043,199
102,45,leapYearFlag,245,169.78034,348.42,395043,395210,167
102,45,leapYearFlag,245,207.12234,350.46164,395210,395378,168
102,45,leapYearFlag,245,182.40972,353.66006,395378,395547,169
102,45,leapYearFlag,245,120.605566666667,353.102016666667,395547,395745,198
102,45,leapYearFlag,245,130.997733333333,352.3528,395745,395943,198
102,45,leapYearFlag,245,150.61096,352.9071,395943,396109,166
102,45,leapYearFlag,245,173.7808,351.009183333333,396109,396308,199
102,45,leapYearFlag,245,186.08655,352.662833333333,396308,396505,197
102,0,blank,0,205.57416,359.081,396505,396673,168
102,46,==,272,233.719383333333,359.5004,396673,396871,198
102,0,blank,0,264.059366666667,353.963533333333,396871,397069,198
102,0,blank,0,282.206633333333,352.208233333333,397069,397265,196
102,46,year,269,326.7076,359.170716666667,397265,397461,196
102,0,blank,0,298.83534,354.09524,397461,397626,165
102,46,&&,257,280.10702,357.48094,397626,397796,170
102,0,blank,0,274.27996,355.52766,397796,397966,170
102,0,blank,0,316.47536,354.01078,397966,398137,171
102,0,blank,0,360.56892,364.79448,398137,398304,167
102,46,%,270,365.586083333333,364.261216666667,398304,398502,198
102,46,year,269,340.835166666667,363.904583333333,398502,398700,198
102,46,year,269,352.07316,358.79674,398700,398867,167
102,46,%,270,365.6685,357.91722,398867,399035,168
102,46,%,270,372.5726,365.0199,399035,399181,146
102,46,100,262,393.947,361.7699,399181,399272,91
102,0,blank,0,400.63405,333.0082,399272,399455,183
102,0,blank,0,397.27146,347.87928,399455,399627,172
102,0,blank,0,451.335683333333,360.70095,399627,399823,196
102,46,0,273,463.564233333333,362.618716666667,399823,400022,199
102,46,!=,263,437.872416666667,360.9475,400022,400220,198
102,46,!=,263,429.66056,364.1817,400220,400388,168
102,46,!=,263,428.58038,360.88468,400388,400556,168
102,0,blank,0,351.24625,352.817233333333,400556,400755,199
102,0,blank,0,303.786166666667,350.36485,400755,400953,198
102,46,0,273,453.135733333333,359.263166666667,400953,401150,197
102,0,blank,0,481.50732,364.4773,401150,401316,166
102,46,year,269,543.5576,368.84525,401316,401515,199
102,46,year,269,543.271133333333,374.756533333333,401515,401711,196
102,46,d,267,522.38332,362.58094,401711,401878,167
102,0,blank,0,582.32166,393.21608,401878,402050,172
102,46,400,271,606.3837,368.713733333333,402050,402153,103
102,47,leapYearFlag,275,131.869216666667,389.635133333333,402221,402419,198
102,47,leapYearFlag,275,91.10106,386.60046,402419,402590,171
102,47,leapYearFlag,275,108.93874,387.8186,402590,402761,171
102,47,leapYearFlag,275,132.433466666667,391.4401,402761,402959,198
102,47,leapYearFlag,275,184.049516666667,386.796216666667,402959,403156,197
102,47,=,276,216.6864,395.229766666667,403156,403349,193
102,0,blank,0,222.06816,379.6756,403349,403510,161
102,49,leapYearFlag,280,130.187566666667,443.381766666667,403543,403741,198
102,50,return,284,100.6198,446.163383333333,403741,403940,199
102,50,return,284,89.10256,453.04474,403940,404107,167
102,0,blank,0,147.462816666667,444.107133333333,404107,404306,199
102,50,leapYearFlag,285,145.794075,454.0397,404306,404437,131
102,0,blank,0,100.508466666667,323.7578,404469,404667,198
102,0,blank,0,33.5932333333333,313.056483333333,404667,404859,192
102,0,blank,0,32.9296333333333,316.84075,404859,405054,195
102,0,blank,0,41.48808,441.24948,405054,405222,168
102,0,blank,0,44.44918,480.59314,405222,405390,168
102,0,blank,0,40.76942,509.00336,405390,405558,168
102,52,int,288,14.97634,490.36574,405558,405728,170
102,0,blank,0,29.0055,436.7498,405761,405796,35
102,0,blank,0,-350,-105,405829,405861,32
102,0,blank,0,28.718425,313.307025,405992,406114,122
102,0,blank,0,-350,-105,406148,406317,169
102,50,return,284,59.212,465.039733333333,406460,406650,190
102,50,return,284,98.05722,458.83326,406650,406819,169
102,0,blank,0,105.9423,469.95914,406819,406991,172
102,52,main,289,49.9924,495.09826,406991,407159,168
102,52,int,288,29.8867166666667,500.597166666667,407159,407356,197
102,0,blank,0,84.56394,498.51,407356,407522,166
102,52,(,290,95.85458,496.06146,407522,407694,172
102,0,blank,0,126.29754,511.788,407694,407868,174
102,0,blank,0,168.35756,532.28122,407868,408038,170
102,0,blank,0,106.8987,534.23168,408038,408213,175
102,0,blank,0,106.20472,536.34558,408213,408389,176
102,54,date,299,142.92238,541.37424,408389,408568,179
102,54,dateUpdate,296,171.84402,546.2053,408568,408740,172
102,54,dateUpdate,296,178.30878,538.73492,408740,408912,172
102,54,dateUpdate,296,174.86184,540.6651,408912,409086,174
102,0,blank,0,162.2217,538.88908,409086,409259,173
102,54,dateUpdate,296,192.8574,542.35524,409259,409430,171
102,54,dateUpdate,296,201.01354,543.66248,409430,409602,172
102,54,dateUpdate,296,244.10064,544.00436,409602,409772,170
102,54,(,297,277.987316666667,541.107266666667,409772,409971,199
102,54,struct,298,317.774733333333,538.912616666667,409971,410169,198
102,0,blank,0,344.43998,545.77802,410169,410334,165
102,54,date,299,378.02942,537.21386,410334,410503,169
102,0,blank,0,336.128083333333,520.9865,410503,410702,199
102,0,blank,0,290.309733333333,530.434016666667,410702,410900,198
102,54,dateUpdate,296,251.156833333333,545.470066666667,410900,411000,100
102,55,struct,303,97.80108,560.0987,411033,411207,174
102,0,blank,0,63.05104,518.06724,411207,411377,170
102,52,main,289,58.37436,502.94472,411377,411544,167
102,0,blank,0,71.11846,511.27834,411544,411712,168
102,55,date,304,147.82924,568.44736,411712,411879,167
102,55,date,304,130.591733333333,560.790983333333,411879,412077,198
102,55,date,304,115.75235,566.727033333333,412077,412276,199
102,55,date,304,131.0782,567.069333333333,412276,412474,198
102,0,blank,0,154.896083333333,563.98955,412474,412673,199
102,56,"Entertoday'sdate(mmddyyyy):",311,136.42882,591.10084,412673,412839,166
102,55,date,304,119.28736,566.8525,412839,413008,169
102,0,blank,0,110.71014,555.86516,413008,413178,170
102,56,"Entertoday'sdate(mmddyyyy):",311,198.15864,578.6619,413178,413345,167
102,0,blank,0,244.904566666667,570.80505,413345,413541,196
102,55,nextDay,307,253.12945,574.15665,413541,413607,66
102,56,"Entertoday'sdate(mmddyyyy):",311,367.58964,590.23444,413640,413806,166
102,56,"Entertoday'sdate(mmddyyyy):",311,369.561933333333,580.210566666667,413806,413906,100
102,0,blank,0,201.967083333333,524.113916666667,413939,414138,199
102,0,blank,0,183.191416666667,527.3235,414138,414336,198
102,54,dateUpdate,296,165.212716666667,535.216966666667,414336,414535,199
102,0,blank,0,312.321,529.35175,414568,414762,194
102,0,blank,0,264.568133333333,535.389433333333,414762,414858,96
102,54,date,299,141.30985,540.515783333333,414890,415083,193
102,0,blank,0,339.144683333333,529.812066666667,415115,415309,194
102,54,struct,298,298.0178,542.08938,415309,415474,165
102,0,blank,0,833.354,517.18145,415541,415607,66
102,0,blank,0,974.5585,513.39725,415640,415838,198
102,0,blank,0,1002.197,525.36414,415838,416009,171
102,0,blank,0,987.9386,519.75408,416009,416186,177
102,0,blank,0,991.0572,526.51386,416186,416355,169
102,0,blank,0,979.1024,520.73082,416355,416531,176
102,0,blank,0,980.7638,511.11394,416531,416708,177
102,0,blank,0,979.4332,497.0095,416708,416882,174
102,0,blank,0,976.9582,498.66504,416882,417058,176
102,0,blank,0,986.3308,505.71444,417058,417236,178
102,0,blank,0,992.62,513.11316,417236,417416,180
102,0,blank,0,993.655,513.02098,417416,417594,178
102,0,blank,0,974.14175,504.002575,417594,417739,145
102,0,blank,0,697.269333333333,283.032666666667,417774,417877,103
102,0,blank,0,252.4974,211.98264,417946,418118,172
102,37,true,208,288.99156,174.41938,418118,418290,172
102,0,blank,0,287.35758,180.16358,418290,418462,172
102,37,true,208,292.854666666667,161.7824,418462,418567,105
103,0,blank,0,198.71668,166.39706,420125,420302,177
103,0,blank,0,184.43076,188.57592,420302,420480,178
103,0,blank,0,190.1621,226.34256,420480,420662,182
103,0,blank,0,129.60838,225.91288,420662,420841,179
103,10,dateUpdate,39,129.92355,220.6927,420841,420910,69
103,0,blank,0,285.68244,266.90502,420945,421122,177
103,13,struct,53,256.50764,281.23376,421122,421302,180
103,14,numberOfDays,64,229.79966,291.69516,421302,421486,184
103,14,numberOfDays,64,230.43288,293.63376,421486,421667,181
103,13,struct,53,248.03858,287.16382,421667,421845,178
103,14,numberOfDays,64,333.23052,295.98338,421845,422025,180
103,14,numberOfDays,64,230.57612,298.96246,422025,422207,182
103,0,blank,0,218.1168,300.32692,422207,422389,182
103,0,blank,0,215.39936,305.33762,422389,422572,183
103,0,blank,0,191.78778,293.93242,422572,422750,178
103,13,numberOfDays,51,191.0154,272.18026,422750,422931,181
103,13,struct,53,254.01722,273.2073,422931,423108,177
103,13,struct,53,246.75266,273.9735,423108,423284,176
103,0,blank,0,209.33072,273.31118,423284,423459,175
103,13,struct,53,252.83828,275.59498,423459,423632,173
103,13,date,54,331.53172,283.16722,423632,423810,178
103,13,date,54,316.0128,285.77636,423810,423986,176
103,14,numberOfDays,64,308.42004,294.42844,423986,424163,177
103,16,struct,73,216.7304,345.75422,424163,424341,178
103,16,struct,73,219.35504,345.81428,424341,424522,181
103,16,struct,73,219.13424,350.08516,424522,424700,178
103,16,date,74,279.9972,351.57592,424700,424876,176
103,16,),75,319.48906,351.83146,424876,425055,179
103,16,date,74,312.1032,350.0584,425055,425092,37
103,16,month,79,454.65216,345.50216,425128,425304,176
103,16,month,79,449.4088,352.21086,425304,425478,174
103,16,today,87,488.90632,344.56892,425478,425653,175
103,16,today,87,526.20378,345.33828,425653,425832,179
103,16,day,83,568.88798,348.819,425832,426008,176
103,0,blank,0,579.56086,351.0965,426008,426184,176
103,16,today,87,525.43238,351.08408,426184,426359,175
103,16,comma,86,466.1972,351.69898,426359,426531,172
103,16,month,79,454.91054,342.95908,426531,426705,174
103,16,today,87,497.64832,353.1174,426705,426885,180
103,0,blank,0,490.0193,354.57306,426885,427068,183
103,0,blank,0,473.2991,352.82508,427068,427242,174
103,16,today,87,484.55596,349.98136,427242,427427,185
103,16,day,83,550.73584,344.95312,427427,427610,183
103,16,today,87,530.56644,349.88134,427610,427788,178
103,0,blank,0,477.31632,346.4822,427788,427964,176
103,16,comma,86,470.694,345.7452,427964,427999,35
103,24,month,135,476.82418,513.63674,428034,428206,172
103,24,month,135,469.23205,517.36645,428206,428276,70
103,24,struct,127,222.33144,527.33586,428312,428487,175
103,0,blank,0,159.90302,536.54076,428487,428664,177
103,0,blank,0,91.69356,534.90362,428664,428839,175
103,0,blank,0,115.2871,540.92575,428839,428909,70
103,0,blank,0,337.02826,530.04308,428945,429124,179
103,24,{,130,335.67612,528.97542,429124,429303,179
103,0,blank,0,332.16445,531.4941,429303,429444,141
103,24,month,135,488.43788,522.92184,429478,429655,177
103,24,month,135,490.43476,521.96772,429655,429826,171
103,24,1,137,529.6903,513.12676,429826,429998,172
103,24,today,139,593.76632,515.06476,429998,430175,177
103,24,year,141,632.3976,520.0756,430175,430351,176
103,24,today,139,568.29374,516.17066,430351,430529,178
103,24,1,137,533.33864,516.90982,430529,430708,179
103,24,comma,138,534.83465,512.05445,430708,430850,142
103,24,year,141,642.2263,522.1065,430886,430994,108
103,24,month,135,486.08846,519.45956,431029,431211,182
103,24,month,135,446.9093,516.70522,431211,431389,178
103,24,today,139,426.26636,513.20624,431389,431567,178
103,24,today,139,410.47308,513.73624,431567,431743,176
103,24,comma,138,370.41048,520.43878,431743,431917,174
103,24,date,128,288.60122,525.81534,431917,432092,175
103,0,blank,0,283.891366666667,532.2715,432092,432193,101
103,24,month,135,462.5116,521.65074,432227,432405,178
103,0,blank,0,447.2422,420.3622,432405,432580,175
103,20,today,114,456.8349,428.054,432580,432754,174
103,0,blank,0,462.3913,486.57864,432754,432933,179
103,0,blank,0,470.0153,531.27164,432933,433110,177
103,24,month,135,484.68048,520.47344,433110,433284,174
103,24,month,135,478.84406,524.344,433284,433459,175
103,0,blank,0,496.91976,518.27034,433459,433632,173
103,0,blank,0,494.96838,521.4549,433632,433805,173
103,0,blank,0,496.6736,521.89035,433805,433874,69
103,24,),129,321.60316,529.51334,433908,434079,171
103,0,blank,0,295.93368,483.333,434079,434249,170
103,0,blank,0,285.2155,466.99115,434249,434320,71
103,20,year,116,492.31202,441.51146,434355,434534,179
103,24,=,125,173.09716,509.53142,434571,434747,176
103,0,blank,0,141.81784,492.42876,434747,434921,174
103,0,blank,0,151.0162,501.8889,434921,434956,35
103,18,.,97,195.71294,377.73062,434991,435165,174
103,16,=,71,183.7768,349.1167,435165,435339,174
103,0,blank,0,165.24415,318.24055,435339,435478,139
103,0,blank,0,351.1921,300.22804,435513,435684,171
103,14,(,65,355.8921,299.68054,435684,435855,171
103,0,blank,0,349.24282,296.45264,435855,436030,175
103,14,today,66,403.66272,296.34776,436030,436203,173
103,14,today,66,392.70168,300.68316,436203,436373,170
103,14,(,65,358.87474,298.70658,436373,436548,175
103,0,blank,0,354.45142,297.3671,436548,436723,175
103,14,numberOfDays,64,272.79674,308.86988,436723,436904,181
103,0,blank,0,285.6014,321.5034,436904,436939,35
103,0,blank,0,357.7546,315.97148,436974,437150,176
103,14,numberOfDays,64,271.24118,296.53144,437150,437326,176
103,14,!=,63,210.76362,300.4237,437326,437505,179
103,14,numberOfDays,64,256.06016,297.24708,437505,437684,179
103,14,numberOfDays,64,275.9953,305.34368,437684,437860,176
103,14,(,65,356.93916,306.04164,437860,438035,175
103,14,(,65,357.2017,300.6858,438035,438208,173
103,14,(,65,360.45284,308.0122,438208,438382,174
103,0,blank,0,418.63736,315.6065,438382,438557,175
103,14,),68,437.76742,307.35328,438557,438732,175
103,0,blank,0,445.77028,312.11788,438732,438905,173
103,0,blank,0,450.4079,313.4688,438905,439081,176
103,0,blank,0,451.2493,308.4095,439081,439152,71
103,0,blank,0,341.5951,318.33124,439186,439362,176
103,0,blank,0,334.5757,318.5275,439362,439432,70
103,16,struct,73,207.4221,346.40552,439467,439642,175
103,16,struct,73,206.31882,339.28794,439642,439817,175
103,16,struct,73,243.77945,341.695,439817,440011,194
103,16,date,74,307.5542,349.3782,440011,440144,133
103,16,date,74,311.657566666667,353.399033333333,440144,440322,178
103,16,),75,315.5175,351.55534,440322,440498,176
103,16,{,76,336.62094,347.38854,440498,440673,175
103,0,blank,0,347.99352,350.89282,440673,440846,173
103,16,today,87,392.72228,348.25032,440846,441019,173
103,16,month,79,453.3979,348.17498,441019,441195,176
103,16,month,79,452.06578,345.57888,441195,441366,171
103,16,month,79,449.6809,343.99506,441366,441538,172
103,16,month,79,443.30114,346.98626,441538,441712,174
103,16,month,79,440.76028,343.94498,441712,441884,172
103,16,month,79,438.76056,337.073,441884,442055,171
103,16,month,79,437.66944,344.72356,442055,442227,172
103,16,month,79,433.12202,348.68828,442227,442399,172
103,16,month,79,458.26988,347.46036,442399,442570,171
103,16,month,79,452.60948,351.53632,442570,442744,174
103,16,month,79,447.53998,341.83702,442744,442919,175
103,16,month,79,456.5741,340.6306,442919,443094,175
103,16,today,87,483.61282,342.47002,443094,443269,175
103,16,today,87,503.23644,349.18568,443269,443444,175
103,16,day,83,562.02624,341.8655,443444,443617,173
103,16,day,83,565.329125,351.27215,443617,443756,139
103,0,blank,0,-350,-105,443790,443931,141
103,16,day,83,550.5355,351.48975,443980,444119,139
103,0,blank,0,-350,-105,444187,444220,33
103,0,blank,0,643.2495,-103.8253,444245,444270,25
103,0,blank,0,542.993275,345.319325,444418,444584,166
103,0,blank,0,546.377575,360.26135,444584,444772,188
103,0,blank,0,610.9592,325.7776,444772,444868,96
103,0,blank,0,598.063525,382.8374,444920,445108,188
103,0,blank,0,579.9815,346.0093,445108,445155,47
103,0,blank,0,627.147466666667,353.7783,445202,445378,176
103,0,blank,0,595.051333333333,427.184633333333,445443,445546,103
103,0,blank,0,607.37455,360.62045,445614,445714,100
103,16,tomorrow,70,164.42878,353.99838,445812,445988,176
103,0,blank,0,165.82298,371.36986,445988,446161,173
103,18,today,96,165.167866666667,387.575966666667,446161,446266,105
103,20,),108,319.54384,422.50318,446301,446475,174
103,20,1,118,354.612,425.76778,446475,446647,172
103,20,today,114,423.35032,424.88942,446647,446816,169
103,20,today,114,419.77288,430.15444,446816,446985,169
103,0,blank,0,410.94506,429.05482,446985,447153,168
103,0,blank,0,356.0254,419.60946,447153,447323,170
103,0,blank,0,354.87874,420.15602,447323,447490,167
103,0,blank,0,326.78282,420.11398,447490,447660,170
103,0,blank,0,344.9968,374.97462,447660,447834,174
103,16,today,87,364.1812,350.80678,447834,448003,169
103,16,month,79,413.24466,349.9313,448003,448175,172
103,16,month,79,440.54626,348.55926,448175,448346,171
103,16,today,87,376.63106,349.7953,448346,448519,173
103,16,month,79,416.90878,351.46996,448519,448692,173
103,16,today,87,483.33762,352.63636,448692,448860,168
103,16,today,87,494.48476,348.70716,448860,449030,170
103,0,blank,0,501.5132,357.562283333333,449030,449229,199
103,0,blank,0,473.64882,355.17122,449229,449396,167
103,0,blank,0,480.44506,355.46658,449396,449567,171
103,0,blank,0,343.90918,333.62864,449600,449770,170
103,0,blank,0,192.88178,334.45836,449804,449981,177
103,0,blank,0,179.76216,313.2846,449981,450159,178
103,14,day,62,172.43346,293.4426,450159,450332,173
103,14,day,62,172.91876,300.26652,450332,450505,173
103,0,blank,0,216.4931,303.95205,450505,450575,70
103,16,month,79,413.94396,349.62894,450610,450780,170
103,0,blank,0,462.94014,358.77372,450780,450954,174
103,16,today,87,490.486883333333,343.605233333333,450954,451152,198
103,16,today,87,490.42874,345.55206,451152,451322,170
103,16,today,87,487.79408,338.08768,451322,451491,169
103,16,month,79,440.35586,339.07134,451491,451658,167
103,0,blank,0,329.66068,326.44938,451658,451831,173
103,14,numberOfDays,64,282.02795,300.422175,451831,451963,132
103,14,day,62,157.67222,296.09456,451999,452168,169
103,14,.,61,149.38392,295.9604,452168,452340,172
103,0,blank,0,218.80686,289.83176,452340,452510,170
103,14,numberOfDays,64,250.75954,294.3526,452510,452681,171
103,0,blank,0,253.20758,288.64246,452681,452849,168
103,0,blank,0,480.30464,340.63232,452883,453055,172
103,0,blank,0,481.44288,338.34448,453055,453225,170
103,16,month,79,443.63662,339.68416,453225,453393,168
103,0,blank,0,380.84584,329.2118,453393,453562,169
103,0,blank,0,362.7026,332.35084,453562,453732,170
103,16,{,76,341.67736,334.06176,453732,453902,170
103,16,{,76,341.3855,335.03615,453902,453970,68
103,16,today,87,497.12594,347.06792,454004,454174,170
103,16,today,87,496.00174,340.62598,454174,454343,169
103,0,blank,0,489.7354,322.1896,454343,454377,34
103,0,blank,0,358.30298,330.81232,454411,454582,171
103,0,blank,0,328.81198,311.72368,454582,454758,176
103,14,numberOfDays,64,277.77598,293.55672,454758,454927,169
103,13,(,52,219.31268,285.31126,454927,455097,170
103,14,!=,63,201.36558,289.67828,455097,455266,169
103,14,numberOfDays,64,243.69572,301.91026,455266,455440,174
103,0,blank,0,255.48114,310.44312,455440,455613,173
103,14,numberOfDays,64,258.94822,303.52288,455613,455788,175
103,14,numberOfDays,64,258.0968,309.14806,455788,455960,172
103,14,numberOfDays,64,262.95254,307.29878,455960,456129,169
103,16,today,87,401.502783333333,338.938733333333,456163,456362,199
103,16,today,87,358.11658,333.77778,456362,456533,171
103,16,{,76,335.62684,338.32672,456533,456706,173
103,16,{,76,333.25828,333.23992,456706,456882,176
103,0,blank,0,326.177,338.08676,456882,457060,178
103,16,{,76,335.59928,338.5137,457060,457236,176
103,16,today,87,379.3471,335.41526,457236,457412,176
103,16,today,87,388.7663,337.4931,457412,457591,179
103,16,month,79,416.77264,343.45834,457591,457762,171
103,16,month,79,417.00332,337.88334,457762,457937,175
103,16,today,87,394.49734,343.79244,457937,458106,169
103,16,today,87,393.9794,345.19372,458106,458278,172
103,16,month,79,425.82008,347.00698,458278,458450,172
103,16,month,79,458.00696,348.79226,458450,458618,168
103,16,today,87,489.27498,349.28666,458618,458786,168
103,16,today,87,485.24682,343.04752,458786,458954,168
103,0,blank,0,486.119933333333,354.0128,458954,459056,102
103,0,blank,0,565.264666666667,448.7968,459090,459243,153
103,20,;,120,576.58465,438.9749,459243,459399,156
103,0,blank,0,586.135633333333,371.509766666667,459399,459540,141
103,0,blank,0,563.057833333333,539.0658,459612,459709,97
103,0,blank,0,604.142625,394.0244,459885,460062,177
103,0,blank,0,629.3999,439.945666666667,460062,460164,102
103,20,1,118,361.1765,423.1692,460261,460351,90
103,0,blank,0,328.3328,427.2121,460351,460501,150
103,0,blank,0,322.626966666667,427.273266666667,460501,460697,196
103,0,blank,0,328.6373,422.85176,460697,460873,176
103,0,blank,0,325.85352,426.97002,460873,461050,177
103,0,blank,0,331.97338,434.77376,461050,461223,173
103,20,comma,113,400.54084,422.50414,461223,461397,174
103,20,1,118,384.41286,425.69606,461397,461571,174
103,0,blank,0,379.36188,423.31136,461571,461745,174
103,0,blank,0,402.34358,428.64162,461745,461922,177
103,0,blank,0,412.0842,436.44246,461922,462100,178
103,20,today,114,432.54774,432.52214,462100,462276,176
103,20,today,114,435.2008,427.65454,462276,462451,175
103,20,year,116,478.68772,439.92348,462451,462624,173
103,20,year,116,483.58226,436.36238,462624,462798,174
103,20,.,115,466.049,436.85035,462798,462867,69
103,0,blank,0,350.97076,515.72236,462903,463073,170
103,0,blank,0,326.22704,522.88568,463073,463245,172
103,24,struct,127,215.25478,510.4716,463245,463418,173
103,0,blank,0,189.70158,504.223,463418,463591,173
103,24,struct,127,221.09612,514.63154,463591,463759,168
103,0,blank,0,109.91786,508.09452,463759,463930,171
103,24,tomorrow,124,96.5393666666667,512.2748,463930,464031,101
103,24,1,137,363.81034,516.31796,464065,464237,172
103,24,),129,319.2516,523.60854,464237,464412,175
103,24,),129,314.0711,513.9506,464412,464587,175
103,24,{,130,342.68394,520.49744,464587,464762,175
103,24,today,139,395.47514,526.07394,464762,464935,173
103,0,blank,0,194.7649,516.7599,464970,465145,175
103,0,blank,0,55.03184,521.68318,465145,465320,175
103,0,blank,0,8.63073999999999,512.963,465320,465493,173
103,0,blank,0,-22.92575,512.6277,465493,465567,74
103,0,blank,0,-350,-105,465639,465826,187
103,0,blank,0,-350,-105,465826,465985,159
103,0,blank,0,-350,-105,465985,466101,116
103,0,blank,0,-350,-105,466101,466271,170
103,0,blank,0,-350,-105,466271,466452,181
103,0,blank,0,-350,-105,466452,466578,126
103,0,blank,0,-350,-105,466578,466755,177
103,0,blank,0,-350,-105,466755,466946,191
103,0,blank,0,-350,-105,466946,467115,169
103,0,blank,0,-350,-105,467115,467311,196
103,0,blank,0,-350,-105,467311,467504,193
103,0,blank,0,-350,-105,467504,467681,177
103,0,blank,0,-350,-105,467681,467864,183
103,0,blank,0,-350,-105,467864,468005,141
103,0,blank,0,-29.65895,519.9289,468023,468107,84
103,24,tomorrow,124,108.60564,520.73228,468138,468312,174
103,24,tomorrow,124,142.46468,516.61342,468312,468479,167
103,24,struct,127,207.42448,514.0565,468479,468646,167
103,24,struct,127,212.90988,510.58776,468646,468819,173
103,0,blank,0,249.23956,507.90928,468819,468989,170
103,0,blank,0,255.2506,502.29338,468989,469162,173
103,24,date,128,274.13664,509.24486,469162,469331,169
103,0,blank,0,345.98276,511.98552,469331,469502,171
103,0,blank,0,331.4717,519.58762,469502,469671,169
103,0,blank,0,325.9639,519.42736,469671,469843,172
103,24,comma,138,368.35648,520.41986,469843,470018,175
103,24,1,137,358.25712,519.34626,470018,470194,176
103,24,{,130,342.93058,509.72372,470194,470373,179
103,24,comma,138,368.72528,519.40012,470373,470550,177
103,24,comma,138,366.5306,510.05108,470550,470729,179
103,24,1,137,353.25242,516.44772,470729,470901,172
103,0,blank,0,352.30616,509.596,470901,471074,173
103,0,blank,0,381.57546,514.0554,471074,471248,174
103,24,today,139,397.79878,511.14052,471248,471422,174
103,24,today,139,429.2769,515.0457,471422,471596,174
103,24,.,140,441.98816,513.82996,471596,471772,176
103,24,today,139,422.39948,515.18,471772,471946,174
103,0,blank,0,431.496,506.57166,471946,472120,174
103,0,blank,0,479.93456,508.18982,472120,472291,171
103,24,month,135,453.341,511.38596,472291,472465,174
103,24,month,135,468.23926,518.33836,472465,472638,173
103,24,1,137,532.66788,520.66546,472638,472810,172
103,24,comma,138,535.57102,521.86278,472810,472983,173
103,24,month,135,487.25374,520.41508,472983,473156,173
103,24,today,139,415.20178,524.67946,473156,473327,171
103,24,today,139,417.26092,517.15258,473327,473498,171
103,24,today,139,411.40636,523.92886,473498,473667,169
103,24,today,139,394.54264,528.85634,473667,473840,173
103,24,today,139,386.21208,515.11004,473840,474010,170
103,24,today,139,385.48968,514.6985,474010,474178,168
103,0,blank,0,347.97708,511.28878,474178,474349,171
103,0,blank,0,351.24252,511.96512,474349,474522,173
103,0,blank,0,325.3736,520.92798,474522,474693,171
103,24,),129,317.00998,518.48556,474693,474862,169
103,0,blank,0,249.0907,508.0172,474862,475033,171
103,24,=,125,179.90742,512.48606,475033,475205,172
103,0,blank,0,185.326925,514.231425,475205,475342,137
103,0,blank,0,382.46288,519.31174,475377,475548,171
103,24,today,139,387.26502,520.35142,475548,475720,172
103,0,blank,0,373.1008,523.26172,475720,475894,174
103,24,{,130,334.62504,517.35014,475894,476067,173
103,24,{,130,335.85616,516.63364,476067,476239,172
103,0,blank,0,351.4138,503.45084,476239,476412,173
103,0,blank,0,362.73592,504.21778,476412,476588,176
103,0,blank,0,347.02542,500.21002,476588,476762,174
103,24,),129,320.03266,513.68326,476762,476937,175
103,24,1,137,355.71856,509.04116,476937,477109,172
103,24,today,139,410.58616,514.85932,477109,477282,173
103,0,blank,0,387.54062,508.92592,477282,477456,174
103,0,blank,0,345.22386,500.52816,477456,477629,173
103,0,blank,0,323.91574,503.10532,477629,477804,175
103,0,blank,0,344.62314,482.75202,477804,477978,174
103,0,blank,0,382.2069,435.54094,477978,478150,172
103,0,blank,0,142.22944,489.06158,478184,478353,169
103,0,blank,0,142.32534,496.39926,478353,478522,169
103,0,blank,0,146.4003,453.8911,478522,478555,33
103,16,struct,73,217.893416666667,338.77155,478588,478786,198
103,0,blank,0,268.320966666667,400.647016666667,478786,478985,199
103,0,blank,0,343.96028,498.53004,478985,479158,173
103,24,1,137,359.51782,512.82638,479158,479335,177
103,24,1,137,363.78766,515.95692,479335,479510,175
103,24,comma,138,368.17774,514.62614,479510,479685,175
103,24,1,137,357.78624,519.10474,479685,479861,176
103,0,blank,0,327.29938,509.68904,479861,480037,176
103,24,comma,138,370.95892,513.47552,480037,480210,173
103,24,today,139,393.71088,522.21658,480210,480386,176
103,0,blank,0,427.53002,508.2312,480386,480563,177
103,0,blank,0,429.33705,507.28545,480563,480662,99
103,24,today,139,426.8978,512.7629,480662,480787,125
103,0,blank,0,442.4147,523.3882,480787,480918,131
103,24,month,135,462.11115,523.4875,480918,481086,168
103,24,month,135,466.26494,526.94302,481086,481274,188
103,24,today,139,417.33288,526.48118,481274,481450,176
103,0,blank,0,365.3437,534.6376,481450,481555,105
103,0,blank,0,532.70678,530.58202,481590,481761,171
103,0,blank,0,529.46634,531.0001,481761,481935,174
103,0,blank,0,168.52126,530.73728,481970,482147,177
103,24,tomorrow,124,137.9518,523.89156,482147,482323,176
103,0,blank,0,152.2463,531.1338,482323,482399,76
103,24,comma,138,371.78675,517.1464,482434,482503,69
103,7,day,30,96.68116,136.69886,482576,482749,173
103,0,blank,0,75.18268,152.33102,482749,482924,175
103,8,int,32,64.77808,160.1436,482924,483094,170
103,8,int,32,68.6713,165.021725,483094,483230,136
103,0,blank,0,-350,-105,483336,483448,112
103,0,blank,0,334.290233333333,463.834016666667,483584,483774,190
103,24,date,128,299.69995,512.827225,483774,483911,137
103,0,blank,0,69.40804,549.7923,483945,484116,171
103,0,blank,0,122.4492,553.70512,484116,484287,171
103,26,tomorrow,146,130.61316,565.06794,484287,484465,178
103,26,return,145,59.34096,568.4791,484465,484636,171
103,26,return,145,63.82406,566.86908,484636,484810,174
103,26,tomorrow,146,132.61482,567.24234,484810,484984,174
103,26,return,145,71.81838,572.5524,484984,485155,171
103,0,blank,0,57.4247,574.83416,485155,485328,173
103,26,return,145,86.31322,570.88622,485328,485500,172
103,26,tomorrow,146,125.71332,563.86632,485500,485672,172
103,13,int,50,67.9483,287.476675,485706,485843,137
103,24,tomorrow,124,98.49896,509.76138,485877,486057,180
103,24,tomorrow,124,113.20964,517.16716,486057,486235,178
103,0,blank,0,74.83548,241.25186,486304,486477,173
103,0,blank,0,94.7944,243.28716,486477,486649,172
103,12,date,47,122.6407,251.79152,486649,486821,172
103,12,struct,46,81.73272,260.04626,486821,486997,176
103,12,date,47,114.75694,250.39798,486997,487168,171
103,12,date,47,131.3757,249.44922,487168,487339,171
103,12,tomorrow,48,165.97052,250.2828,487339,487509,170
103,12,date,47,145.67606,258.98728,487509,487678,169
103,13,numberOfDays,51,119.56492,276.86552,487678,487849,171
103,13,numberOfDays,51,117.26054,281.44134,487849,488019,170
103,0,blank,0,160.39052,259.75642,488019,488192,173
103,12,tomorrow,48,192.01612,255.1955,488192,488365,173
103,12,tomorrow,48,203.4934,259.28418,488365,488540,175
103,0,blank,0,181.82156,265.4972,488540,488715,175
103,13,numberOfDays,51,145.82142,284.123,488715,488887,172
103,13,numberOfDays,51,141.2442,283.70285,488887,488955,68
103,14,numberOfDays,64,280.88864,298.5416,488990,489163,173
103,14,numberOfDays,64,252.5909,297.8044,489163,489198,35
103,14,today,66,116.22846,289.94438,489233,489405,172
103,13,numberOfDays,51,124.14072,278.5846,489405,489577,172
103,13,numberOfDays,51,132.32858,274.28262,489577,489745,168
103,14,day,62,168.67158,299.2619,489745,489914,169
103,14,!=,63,199.96122,302.9116,489914,490086,172
103,14,numberOfDays,64,270.19722,294.76994,490086,490257,171
103,0,blank,0,284.02994,312.17456,490257,490427,170
103,16,date,74,310.382,338.12164,490427,490598,171
103,16,),75,314.799566666667,342.905866666667,490598,490702,104
103,0,blank,0,872.096,343.0514,490770,490804,34
103,0,blank,0,1014.8098,352.006,490838,491009,171
103,0,blank,0,995.4474,334.74826,491009,491179,170
103,0,blank,0,994.1962,315.41998,491179,491348,169
103,0,blank,0,1001.1344,272.19274,491348,491519,171
103,0,blank,0,982.942,295.05136,491519,491689,170
103,0,blank,0,978.651,303.9489,491689,491724,35
103,0,blank,0,320.12342,627.40002,491793,491965,172
103,0,blank,0,318.0849,630.22505,491965,492036,71
103,31,isLeapYear,161,202.5005,667.86766,492070,492241,171
103,0,blank,0,245.87506,684.40158,492241,492408,167
103,32,],173,295.6861,692.95514,492408,492576,168
103,32,=,174,314.59916,691.06,492576,492743,167
103,0,blank,0,340.65334,686.1258,492743,492911,168
103,31,date,164,341.73655,682.6038,492911,492980,69
104,56,"Entertoday'sdate(mmddyyyy):",311,233.4471,596.39976,493525,493696,171
104,54,dateUpdate,296,166.1758,534.19626,493696,493868,172
104,0,blank,0,148.69984,517.58466,493868,494040,172
104,0,blank,0,190.02828,513.11706,494040,494211,171
104,0,blank,0,220.797,518.6501,494211,494384,173
104,0,blank,0,205.7207,518.65868,494384,494553,169
104,0,blank,0,198.5741,519.78578,494553,494725,172
104,0,blank,0,176.2486,519.3386,494725,494899,174
104,0,blank,0,172.34918,519.81798,494899,495073,174
104,0,blank,0,147.47538,526.4689,495073,495242,169
104,0,blank,0,134.0163,521.71008,495242,495414,172
104,0,blank,0,115.94212,524.6199,495414,495587,173
104,0,blank,0,146.2849,529.07818,495587,495762,175
104,0,blank,0,156.50346,530.35804,495762,495948,186
104,0,blank,0,144.41428,528.12954,495948,496134,186
104,0,blank,0,143.32158,524.76246,496134,496316,182
104,0,blank,0,168.22224,525.09658,496316,496496,180
104,54,dateUpdate,296,213.95258,541.14578,496496,496673,177
104,55,nextDay,307,259.22806,556.88208,496673,496851,178
104,54,dateUpdate,296,233.12794,546.4067,496851,497028,177
104,54,dateUpdate,296,193.50568,551.83538,497028,497212,184
104,54,dateUpdate,296,193.9205,545.48788,497212,497394,182
104,0,blank,0,348.69946,543.24882,497394,497573,179
104,54,date,299,363.95754,545.38014,497573,497752,179
104,54,today,300,404.39168,543.80374,497752,497932,180
104,54,today,300,438.61756,541.25566,497932,498109,177
104,0,blank,0,269.2906,543.43076,498143,498318,175
104,54,dateUpdate,296,245.20462,542.76214,498318,498495,177
104,54,dateUpdate,296,202.82664,542.01606,498495,498672,177
104,0,blank,0,202.7276,532.34098,498672,498850,178
104,54,dateUpdate,296,194.40808,540.086,498850,499025,175
104,54,dateUpdate,296,259.61344,543.17412,499025,499199,174
104,0,blank,0,269.86206,545.92134,499199,499370,171
104,54,struct,298,297.4295,542.62044,499370,499543,173
104,54,struct,298,298.059466666667,544.054233333333,499543,499648,105
104,0,blank,0,415.42774,530.35726,499682,499853,171
104,0,blank,0,394.48576,535.74484,499853,500025,172
104,54,today,300,412.53544,543.10568,500025,500195,170
104,54,today,300,428.25338,537.71868,500195,500364,169
104,54,today,300,406.8451,537.87368,500364,500536,172
104,54,today,300,410.59004,547.96742,500536,500707,171
104,54,today,300,429.16944,543.27502,500707,500877,170
104,54,today,300,427.730975,539.99185,500877,501037,160
104,0,blank,0,483.7678,548.685,501037,501156,119
104,0,blank,0,479.6617,542.1561,501156,501246,90
104,54,today,300,446.863966666667,550.632066666667,501246,501442,196
104,56,"Entertoday'sdate(mmddyyyy):",311,225.462933333333,578.329266666667,501475,501673,198
104,55,thisDay,305,222.24222,562.82108,501673,501839,166
104,56,"Entertoday'sdate(mmddyyyy):",311,202.34126,587.04438,501839,502006,167
104,56,"Entertoday'sdate(mmddyyyy):",311,231.277816666667,582.521133333333,502006,502205,199
104,0,blank,0,252.916766666667,572.582133333333,502205,502403,198
104,56,"Entertoday'sdate(mmddyyyy):",311,261.80328,578.02322,502403,502569,166
104,0,blank,0,201.970416666667,576.803883333333,502569,502767,198
104,56,"Entertoday'sdate(mmddyyyy):",311,169.3036,580.26872,502767,502935,168
104,56,"Entertoday'sdate(mmddyyyy):",311,203.163283333333,577.20165,502935,503134,199
104,0,blank,0,244.0141,571.0745,503134,503300,166
104,55,nextDay,307,273.2297,572.39718,503300,503470,170
104,55,nextDay,307,270.96048,568.75692,503470,503638,168
104,0,blank,0,323.83458,576.77352,503638,503809,171
104,0,blank,0,336.32042,569.12956,503809,503979,170
104,0,blank,0,350.605983333333,561.242083333333,503979,504178,199
104,55,nextDay,307,308.493,574.9309,504178,504346,168
104,55,nextDay,307,268.09332,574.8829,504346,504515,169
104,56,"Entertoday'sdate(mmddyyyy):",311,267.27838,580.15502,504515,504683,168
104,56,"Entertoday'sdate(mmddyyyy):",311,272.11782,582.64346,504683,504850,167
104,56,"Entertoday'sdate(mmddyyyy):",311,261.856083333333,585.481016666667,504850,505049,199
104,56,"Entertoday'sdate(mmddyyyy):",311,229.2978,591.07405,505049,505248,199
104,56,"Entertoday'sdate(mmddyyyy):",311,258.80978,584.89216,505248,505417,169
104,56,"Entertoday'sdate(mmddyyyy):",311,332.23236,584.41022,505417,505585,168
104,56,"Entertoday'sdate(mmddyyyy):",311,396.78196,577.59058,505585,505752,167
104,56,"Entertoday'sdate(mmddyyyy):",311,403.47838,580.75844,505752,505919,167
104,56,"Entertoday'sdate(mmddyyyy):",311,376.58498,579.4008,505919,506090,171
104,56,"Entertoday'sdate(mmddyyyy):",311,346.25666,580.75966,506090,506262,172
104,56,"Entertoday'sdate(mmddyyyy):",311,451.5878,577.97752,506294,506465,171
104,0,blank,0,453.863125,571.945625,506465,506601,136
104,56,"Entertoday'sdate(mmddyyyy):",311,250.00642,594.29102,506634,506806,172
104,57,thisDay,329,248.58932,602.08968,506806,506978,172
104,57,thisDay,329,238.03274,614.18832,506978,507147,169
104,57,&,328,228.39786,617.19488,507147,507313,166
104,0,blank,0,249.21456,629.62996,507313,507482,169
104,58,thisDay,338,268.42735,621.320716666667,507482,507679,197
104,58,(,337,260.366383333333,624.4836,507679,507874,195
104,58,thisDay,338,321.845816666667,623.018716666667,507874,508068,194
104,57,month,321,323.565016666667,614.8009,508068,508263,195
104,57,month,321,323.482583333333,617.348583333333,508263,508459,196
104,0,blank,0,304.65572,615.38806,508459,508626,167
104,57,month,321,343.4117,613.49614,508626,508792,166
104,57,month,321,345.46476,618.97782,508792,508961,169
104,57,month,321,338.031733333333,615.180683333333,508961,509160,199
104,57,month,321,325.80875,611.695483333333,509160,509358,198
104,57,month,321,343.6621,605.486083333333,509358,509557,199
104,0,blank,0,380.50684,612.1745,509557,509723,166
104,0,blank,0,374.7031,609.12664,509723,509890,167
104,57,month,321,353.52074,613.07804,509890,510061,171
104,56,"Entertoday'sdate(mmddyyyy):",311,272.0013,588.19352,510061,510229,168
104,56,"Entertoday'sdate(mmddyyyy):",311,243.79515,586.431875,510229,510367,138
104,57,thisDay,329,445.98754,614.07222,510402,510572,170
104,57,thisDay,329,440.3396,614.79526,510572,510746,174
104,57,thisDay,329,461.02078,607.0974,510746,510914,168
104,57,thisDay,329,455.08606,605.14768,510914,511086,172
104,57,thisDay,329,447.49424,600.09086,511086,511256,170
104,57,thisDay,329,453.331,603.73828,511256,511428,172
104,57,thisDay,329,455.63454,604.78688,511428,511599,171
104,57,day,326,488.9415,604.58218,511599,511767,168
104,57,day,326,498.73948,606.46102,511767,511938,171
104,57,day,326,497.27934,605.68922,511938,512109,171
104,57,day,326,497.93736,603.67494,512109,512279,170
104,0,blank,0,517.45846,604.18884,512279,512452,173
104,57,comma,327,511.06542,608.6181,512452,512622,170
104,57,day,326,495.15088,600.18234,512622,512795,173
104,57,comma,327,508.98346,606.25198,512795,512969,174
104,0,blank,0,515.27934,600.31582,512969,513144,175
104,0,blank,0,472.24474,606.4754,513144,513317,173
104,57,day,326,476.16138,599.33366,513317,513491,174
104,57,thisDay,329,461.951066666667,602.0479,513491,513596,105
104,56,"Entertoday'sdate(mmddyyyy):",311,271.59838,593.86296,513631,513808,177
104,56,"Entertoday'sdate(mmddyyyy):",311,263.30312,589.2309,513808,513984,176
104,56,"Entertoday'sdate(mmddyyyy):",311,232.0398,588.7667,513984,514167,183
104,54,dateUpdate,296,207.16206,542.94068,514167,514360,193
104,54,dateUpdate,296,220.505933333333,536.342033333333,514360,514470,110
104,54,date,299,390.50852,537.93052,514505,514682,177
104,54,date,299,390.13244,540.22934,514682,514862,180
104,54,today,300,414.42632,548.51166,514862,515038,176
104,54,today,300,429.7726,538.62846,515038,515214,176
104,54,),301,454.39358,543.18908,515214,515398,184
104,54,today,300,422.0616,548.93078,515398,515578,180
104,54,date,299,389.38016,540.54434,515578,515759,181
104,54,today,300,445.24166,542.98726,515759,515938,179
104,56,"Entertoday'sdate(mmddyyyy):",311,412.94022,581.14476,515938,516120,182
104,57,&,328,387.9109,613.81898,516120,516298,178
104,0,blank,0,340.92462,620.27218,516298,516480,182
104,57,month,321,314.20214,619.73468,516480,516663,183
104,57,month,321,315.11082,619.87224,516663,516844,181
104,56,"Entertoday'sdate(mmddyyyy):",311,315.97906,587.53258,516844,517025,181
104,56,"Entertoday'sdate(mmddyyyy):",311,268.58908,580.81568,517025,517205,180
104,0,blank,0,246.77854,598.55068,517205,517393,188
104,56,"Entertoday'sdate(mmddyyyy):",311,216.39774,582.556,517393,517577,184
104,56,"Entertoday'sdate(mmddyyyy):",311,179.13544,587.30074,517577,517761,184
104,56,"Entertoday'sdate(mmddyyyy):",311,218.51334,595.02082,517761,517945,184
104,56,"Entertoday'sdate(mmddyyyy):",311,235.00108,597.16456,517945,518129,184
104,57,&,328,223.89842,599.015,518129,518311,182
104,58,thisDay,338,274.36422,628.17596,518311,518498,187
104,58,thisDay,338,305.88502,623.11862,518498,518687,189
104,57,month,321,325.009,618.26774,518687,518877,190
104,58,thisDay,338,318.10582,633.34394,518877,519062,185
104,57,month,321,344.50684,613.40576,519062,519243,181
104,58,),339,341.86078,631.16136,519243,519427,184
104,58,thisDay,338,327.3457,635.0948,519427,519605,178
104,0,blank,0,366.40848,627.47176,519605,519786,181
104,0,blank,0,372.59616,613.84152,519786,519960,174
104,57,month,321,353.25332,617.64532,519960,520138,178
104,57,month,321,331.27346,610.25976,520138,520317,179
104,57,month,321,339.56804,614.89416,520317,520498,181
104,0,blank,0,377.069533333333,617.766833333333,520498,520610,112
104,55,thisDay,305,230.04106,570.45408,520647,520832,185
104,56,"Entertoday'sdate(mmddyyyy):",311,210.43758,584.36898,520832,521013,181
104,56,"Entertoday'sdate(mmddyyyy):",311,185.99336,592.96558,521013,521197,184
104,57,thisDay,329,235.88004,603.33392,521197,521378,181
104,56,"Entertoday'sdate(mmddyyyy):",311,243.23465,589.9533,521378,521566,188
104,56,"Entertoday'sdate(mmddyyyy):",311,280.5026,583.7435,521566,521693,127
104,0,blank,0,338.3828,570.944833333333,521693,521890,197
104,0,blank,0,340.64598,572.83018,521890,522063,173
104,0,blank,0,346.83158,572.24196,522063,522236,173
104,56,"Entertoday'sdate(mmddyyyy):",311,296.31158,594.9147,522236,522407,171
104,56,"Entertoday'sdate(mmddyyyy):",311,249.76898,593.95704,522407,522583,176
104,0,blank,0,245.95514,598.38596,522583,522762,179
104,58,dateUpdate,336,189.323,625.23504,522762,522941,179
104,57,thisDay,329,260.24156,612.91842,522941,523114,173
104,56,"Entertoday'sdate(mmddyyyy):",311,335.9615,583.5209,523114,523287,173
104,0,blank,0,340.39998,571.93444,523287,523460,173
104,0,blank,0,307.59942,598.7381,523460,523636,176
104,57,thisDay,329,274.86714,600.58724,523636,523812,176
104,57,thisDay,329,265.59146,615.67296,523812,523989,177
104,59,"Tomorrow'sdateis%i/%i/%.2i.\n",343,241.84064,647.94158,523989,524163,174
104,59,"Tomorrow'sdateis%i/%i/%.2i.\n",343,172.71182,644.27664,524163,524337,174
104,58,dateUpdate,336,168.637933333333,629.459166666667,524337,524440,103
104,57,month,321,322.73534,615.60062,524475,524651,176
104,57,month,321,318.58498,599.90066,524651,524825,174
104,58,;,340,344.3305,621.52656,524825,524997,172
104,57,month,321,317.40156,618.16306,524997,525175,178
104,57,.,330,311.63264,619.75654,525175,525352,177
104,57,month,321,351.92174,614.92516,525352,525530,178
104,57,month,321,346.2293,618.90788,525530,525710,180
104,58,thisDay,338,276.19482,629.82412,525710,525897,187
104,57,thisDay,329,290.33736,619.24518,525897,526084,187
104,58,thisDay,338,322.94722,630.78914,526084,526263,179
104,57,thisDay,329,247.01636,618.39212,526263,526443,180
104,58,(,337,262.37336,626.8193,526443,526625,182
104,58,thisDay,338,332.24836,629.17858,526625,526806,181
104,58,thisDay,338,332.0119,629.2188,526806,526875,69
104,0,blank,0,448.5944,622.85218,526911,527083,172
104,57,.,330,465.99042,614.96494,527083,527261,178
104,57,thisDay,329,537.1272,604.54632,527261,527434,173
104,0,blank,0,586.38298,597.93358,527434,527615,181
104,57,thisDay,329,591.17322,599.2585,527615,527799,184
104,0,blank,0,593.14642,598.52928,527799,527985,186
104,57,thisDay,329,586.28634,600.07754,527985,528169,184
104,0,blank,0,616.43162,595.51054,528169,528354,185
104,0,blank,0,619.9808,584.93924,528354,528540,186
104,0,blank,0,660.37922,580.176,528540,528719,179
104,0,blank,0,647.0258,589.84038,528719,528902,183
104,0,blank,0,641.403825,595.60545,528902,529044,142
104,59,"Tomorrow'sdateis%i/%i/%.2i.\n",343,200.11098,659.56526,529117,529290,173
104,0,blank,0,186.91444,693.73894,529327,529502,175
104,0,blank,0,160.42285,700.16075,529502,529572,70
104,59,"Tomorrow'sdateis%i/%i/%.2i.\n",343,267.57932,650.43876,529606,529780,174
104,59,"Tomorrow'sdateis%i/%i/%.2i.\n",343,254.95936,650.69272,529780,529957,177
104,0,blank,0,243.0121,665.35482,529957,530134,177
104,59,"Tomorrow'sdateis%i/%i/%.2i.\n",343,235.82982,658.56594,530134,530306,172
104,59,"Tomorrow'sdateis%i/%i/%.2i.\n",343,233.00624,650.64358,530306,530479,173
104,59,"Tomorrow'sdateis%i/%i/%.2i.\n",343,238.83624,649.78694,530479,530653,174
104,59,"Tomorrow'sdateis%i/%i/%.2i.\n",343,244.04374,662.24336,530653,530826,173
104,59,"Tomorrow'sdateis%i/%i/%.2i.\n",343,251.73102,660.44328,530826,531011,185
104,0,blank,0,296.01152,726.73684,531011,531192,181
104,59,"Tomorrow'sdateis%i/%i/%.2i.\n",343,288.4902,661.176833333333,531192,531362,170
104,59,"Tomorrow'sdateis%i/%i/%.2i.\n",343,318.84742,655.50094,531362,531534,172
104,0,blank,0,344.98374,642.1267,531534,531713,179
104,59,"Tomorrow'sdateis%i/%i/%.2i.\n",343,342.359,652.08542,531713,531890,177
104,58,),339,335.4323,640.53304,531890,532069,179
104,59,"Tomorrow'sdateis%i/%i/%.2i.\n",343,351.16034,661.60796,532069,532245,176
104,59,"Tomorrow'sdateis%i/%i/%.2i.\n",343,302.02908,647.82766,532245,532423,178
104,0,blank,0,276.41905,681.060425,532423,532601,178
104,59,"Tomorrow'sdateis%i/%i/%.2i.\n",343,261.49434,649.32072,532601,532771,170
104,59,"Tomorrow'sdateis%i/%i/%.2i.\n",343,244.90536,659.84738,532771,532954,183
104,59,"Tomorrow'sdateis%i/%i/%.2i.\n",343,241.50038,657.96292,532954,533136,182
104,0,blank,0,240.69416,676.11942,533136,533319,183
104,59,"Tomorrow'sdateis%i/%i/%.2i.\n",343,281.34868,661.4087,533319,533504,185
104,59,"Tomorrow'sdateis%i/%i/%.2i.\n",343,323.60828,660.27506,533504,533677,173
104,59,"Tomorrow'sdateis%i/%i/%.2i.\n",343,355.35972,654.099,533677,533852,175
104,59,"Tomorrow'sdateis%i/%i/%.2i.\n",343,396.881,662.42474,533852,534030,178
104,59,"Tomorrow'sdateis%i/%i/%.2i.\n",343,401.2216,661.0533,534030,534206,176
104,59,"Tomorrow'sdateis%i/%i/%.2i.\n",343,409.50976,656.17818,534206,534379,173
104,59,"Tomorrow'sdateis%i/%i/%.2i.\n",343,453.394,647.52302,534379,534551,172
104,59,"Tomorrow'sdateis%i/%i/%.2i.\n",343,444.6227,648.139,534551,534723,172
104,59,"Tomorrow'sdateis%i/%i/%.2i.\n",343,433.8685,644.6317,534723,534895,172
104,59,"Tomorrow'sdateis%i/%i/%.2i.\n",343,439.04876,646.99006,534895,535067,172
104,59,"Tomorrow'sdateis%i/%i/%.2i.\n",343,422.10012,649.86576,535067,535241,174
104,59,"Tomorrow'sdateis%i/%i/%.2i.\n",343,426.76294,651.7584,535241,535411,170
104,59,"Tomorrow'sdateis%i/%i/%.2i.\n",343,419.38058,659.10144,535411,535582,171
104,59,"Tomorrow'sdateis%i/%i/%.2i.\n",343,413.34792,647.19316,535582,535754,172
104,0,blank,0,404.92896,642.51298,535754,535927,173
104,0,blank,0,405.03874,642.014,535927,536098,171
104,59,"Tomorrow'sdateis%i/%i/%.2i.\n",343,397.25238,644.30484,536098,536270,172
104,0,blank,0,394.99676,641.0978,536270,536446,176
104,0,blank,0,428.96388,641.08882,536446,536619,173
104,0,blank,0,443.84488,636.75388,536619,536791,172
104,0,blank,0,432.74852,635.87484,536791,536962,171
104,59,"Tomorrow'sdateis%i/%i/%.2i.\n",343,423.31534,644.45724,536962,537131,169
104,0,blank,0,519.1439,642.61134,537131,537303,172
104,0,blank,0,573.77852,642.5953,537303,537476,173
104,59,month,347,598.17216,648.8822,537476,537650,174
104,59,month,347,611.03572,651.98732,537650,537824,174
104,59,nextDay,353,656.302625,662.98895,537860,538046,186
104,59,nextDay,353,692.2552,644.13788,538046,538234,188
104,59,nextDay,353,692.2762,644.65744,538234,538406,172
104,59,.,354,695.5394,643.41496,538406,538575,169
104,59,day,351,729.882,645.22098,538575,538746,171
104,0,blank,0,692.6026,640.19124,538746,538914,168
104,0,blank,0,691.5576,639.11076,538914,539085,171
104,0,blank,0,724.6204,636.19256,539085,539256,171
104,0,blank,0,816.4805,642.658,539256,539394,138
104,56,"Entertoday'sdate(mmddyyyy):",311,318.58232,583.7368,539465,539641,176
104,55,nextDay,307,317.23112,559.2405,539641,539817,176
104,0,blank,0,368.65118,564.90722,539817,539990,173
104,0,blank,0,341.05992,562.4896,539990,540165,175
104,55,nextDay,307,312.691833333333,565.0661,540165,540268,103
104,54,today,300,452.81632,547.8954,540303,540476,173
104,54,today,300,432.78146,545.15902,540476,540649,173
104,54,today,300,432.4211,543.3109,540649,540684,35
104,56,"Entertoday'sdate(mmddyyyy):",311,302.2971,582.73916,540718,540890,172
104,56,"Entertoday'sdate(mmddyyyy):",311,252.20166,589.4893,540890,541059,169
104,55,thisDay,305,218.07994,572.05042,541059,541229,170
104,55,thisDay,305,173.9772,569.50832,541229,541400,171
104,55,thisDay,305,162.97264,559.59582,541400,541569,169
104,55,thisDay,305,228.44878,557.58586,541569,541737,168
104,54,dateUpdate,296,239.4063,549.6023,541737,541845,108
104,55,thisDay,305,211.0717,563.2724,541845,541965,120
104,56,"Entertoday'sdate(mmddyyyy):",311,219.4319,579.9415,541965,542092,127
104,55,nextDay,307,274.69545,556.47315,542092,542285,193
104,55,nextDay,307,274.2039,559.23952,542285,542453,168
104,54,struct,298,342.34202,546.1567,542453,542621,168
104,54,date,299,373.30638,539.71552,542621,542794,173
104,54,date,299,375.29518,541.66654,542794,542966,172
104,54,today,300,424.99742,537.15866,542966,543137,171
104,54,today,300,422.13148,536.75682,543137,543309,172
104,54,today,300,430.97528,537.35446,543309,543482,173
104,54,today,300,450.09238,541.81868,543482,543657,175
104,54,),301,461.9298,544.62454,543657,543827,170
104,54,;,302,471.3514,545.64176,543827,544003,176
104,0,blank,0,485.5367,555.7294,544003,544036,33
104,55,nextDay,307,319.44488,560.34376,544072,544243,171
104,56,"Entertoday'sdate(mmddyyyy):",311,265.77694,577.24558,544243,544414,171
104,0,blank,0,251.20576,571.04812,544414,544585,171
104,55,thisDay,305,216.30636,570.65226,544585,544755,170
104,55,thisDay,305,204.89676,569.7781,544755,544922,167
104,55,nextDay,307,253.77656,568.83588,544922,545090,168
104,55,nextDay,307,261.25392,571.11892,545090,545257,167
104,55,nextDay,307,263.74434,567.2675,545257,545426,169
104,56,"Entertoday'sdate(mmddyyyy):",311,271.4203,577.88188,545426,545595,169
104,0,blank,0,344.99364,561.5392,545595,545763,168
104,0,blank,0,342.44172,567.07356,545763,545934,171
104,55,nextDay,307,328.48705,570.135766666667,545934,546133,199
104,55,nextDay,307,325.98238,573.7581,546133,546300,167
104,0,blank,0,335.80278,576.12456,546300,546467,167
104,0,blank,0,357.68322,571.20286,546467,546635,168
104,0,blank,0,363.33618,576.12648,546635,546805,170
104,56,"Entertoday'sdate(mmddyyyy):",311,328.59882,579.91484,546805,546973,168
104,56,"Entertoday'sdate(mmddyyyy):",311,291.668166666667,589.0086,546973,547167,194
104,56,"Entertoday'sdate(mmddyyyy):",311,318.764933333333,577.771733333333,547167,547363,196
104,55,nextDay,307,304.480516666667,569.640066666667,547363,547562,199
104,56,"Entertoday'sdate(mmddyyyy):",311,273.03888,577.64086,547562,547728,166
104,55,nextDay,307,261.88764,574.67492,547728,547895,167
104,55,nextDay,307,266.4153,575.82792,547895,548062,167
104,55,nextDay,307,300.63106,569.85864,548062,548228,166
104,0,blank,0,349.78256,571.65368,548228,548395,167
104,57,month,321,327.61472,608.10248,548395,548562,167
104,58,thisDay,338,303.2938,628.43802,548562,548731,169
104,58,thisDay,338,296.714516666667,638.470416666667,548731,548930,199
104,59,"Tomorrow'sdateis%i/%i/%.2i.\n",343,274.3374,648.82554,548930,549097,167
104,58,),339,335.31146,637.28396,549097,549263,166
104,0,blank,0,357.984133333333,630.442816666667,549263,549461,198
104,58,;,340,344.251366666667,635.599233333333,549461,549658,197
104,58,thisDay,338,321.895716666667,635.11865,549658,549855,197
104,0,blank,0,270.58725,642.612316666667,549855,550050,195
104,59,"Tomorrow'sdateis%i/%i/%.2i.\n",343,254.30515,648.228783333333,550050,550243,193
104,59,"Tomorrow'sdateis%i/%i/%.2i.\n",343,259.197933333333,648.22745,550243,550438,195
104,59,"Tomorrow'sdateis%i/%i/%.2i.\n",343,219.442333333333,661.1501,550438,550634,196
104,0,blank,0,167.00744,687.0305,550634,550800,166
104,0,blank,0,157.1846,673.8885,550800,550868,68
104,59,"Tomorrow'sdateis%i/%i/%.2i.\n",343,290.0766,661.34098,550901,551070,169
104,59,"Tomorrow'sdateis%i/%i/%.2i.\n",343,372.91022,662.8809,551070,551236,166
104,59,"Tomorrow'sdateis%i/%i/%.2i.\n",343,376.92276,652.974,551236,551403,167
104,59,"Tomorrow'sdateis%i/%i/%.2i.\n",343,462.80482,653.90592,551403,551572,169
104,59,nextDay,353,521.65282,657.46284,551572,551742,170
104,59,month,347,580.67926,651.9188,551742,551911,169
104,0,blank,0,554.54296,646.04614,551911,552078,167
104,59,month,347,580.20016,651.99148,552078,552249,171
104,59,nextDay,353,624.74234,644.95062,552249,552418,169
104,59,nextDay,353,640.00698,645.35494,552418,552585,167
104,59,nextDay,353,676.3308,644.8252,552585,552755,170
104,59,nextDay,353,678.3072,644.49688,552755,552926,171
104,59,nextDay,353,681.345,650.4971,552926,552959,33
104,59,nextDay,353,808.2036,645.26712,552992,553162,170
104,59,nextDay,353,810.752833333333,643.427283333333,553162,553361,199
104,59,year,355,871.7908,660.50514,553361,553533,172
104,59,year,355,858.3422,650.63344,553533,553706,173
104,0,blank,0,875.7954,650.17916,553706,553878,172
104,0,blank,0,899.0164,656.4717,553878,554049,171
104,59,%,356,884.2182,650.96376,554049,554225,176
104,0,blank,0,902.1996,648.6765,554225,554400,175
104,0,blank,0,905.3304,638.44732,554400,554574,174
104,0,blank,0,893.5052,636.19226,554574,554753,179
104,0,blank,0,873.6832,637.97954,554753,554931,178
104,0,blank,0,864.24125,641.5225,554931,555070,139
104,59,nextDay,353,756.574,650.56748,555106,555281,175
104,0,blank,0,817.6536,642.43176,555281,555455,174
104,59,.,354,829.803,650.99298,555455,555629,174
104,0,blank,0,823.465,640.5971,555629,555802,173
104,0,blank,0,812.7414,641.87992,555802,555979,177
104,0,blank,0,811.4746,640.68692,555979,556151,172
104,0,blank,0,809.7928,642.50408,556151,556324,173
104,0,blank,0,807.6284,641.1419,556324,556499,175
104,59,nextDay,353,806.1106,646.81746,556499,556673,174
104,0,blank,0,822.8658,637.41942,556673,556848,175
104,59,year,355,854.319,645.8442,556848,557021,173
104,59,year,355,846.131,645.65752,557021,557198,177
104,59,nextDay,353,820.0568,650.93928,557198,557372,174
104,59,nextDay,353,798.0586,649.51586,557372,557544,172
104,59,nextDay,353,795.63,656.41614,557544,557720,176
104,59,nextDay,353,792.602,654.12066,557720,557896,176
104,59,nextDay,353,796.636,656.76174,557896,558070,174
104,59,nextDay,353,809.379,657.68552,558070,558241,171
104,59,.,354,826.0732,650.12634,558241,558413,172
104,59,year,355,834.7068,654.2109,558413,558586,173
104,59,year,355,844.8038,654.2741,558586,558761,175
104,0,blank,0,876.1042,652.55774,558761,558934,173
104,59,%,356,890.2588,650.71296,558934,559110,176
104,59,year,355,872.9146,647.4808,559110,559289,179
104,59,%,356,882.5868,662.25208,559289,559463,174
104,59,%,356,894.8464,660.2921,559463,559636,173
104,59,%,356,894.4724,655.48844,559636,559809,173
104,59,year,355,864.9032,652.0097,559809,559985,176
104,59,.,354,826.3882,646.5185,559985,560157,172
104,59,nextDay,353,821.569,645.6243,560157,560192,35
104,59,day,351,706.903333333333,644.082233333333,560226,560334,108
104,0,blank,0,-350,-105,560369,560507,138
104,0,blank,0,694.8151,651.005066666667,560651,560849,198
104,59,month,347,597.52606,647.5319,560849,561020,171
104,59,month,347,596.4239,650.58808,561020,561187,167
104,59,nextDay,353,542.96242,657.14218,561187,561354,167
104,0,blank,0,520.3027,664.6619,561354,561387,33
104,0,blank,0,874.3782,670.47798,561422,561592,170
104,59,year,355,848.1892,658.47794,561592,561761,169
104,59,nextDay,353,804.5598,655.54504,561761,561928,167
104,59,nextDay,353,786.2198,658.14928,561928,562097,169
104,0,blank,0,791.858666666667,664.432766666667,562097,562244,147
104,0,blank,0,472.689,653.5774,562361,562482,121
104,0,blank,0,481.588375,655.475075,562482,562667,185
104,0,blank,0,643.93088,670.08604,562701,562873,172
104,0,blank,0,629.76886,668.90724,562873,563043,170
104,59,month,347,564.46598,660.31008,563043,563213,170
104,59,month,347,563.12648,658.38862,563213,563387,174
104,59,.,354,557.3186,651.26588,563387,563559,172
104,0,blank,0,628.55222,642.28406,563559,563728,169
104,59,nextDay,353,628.785583333333,644.37125,563728,563927,199
104,0,blank,0,589.152683333333,634.577666666667,563927,564126,199
104,57,year,331,614.7729,617.973,564126,564292,166
104,0,blank,0,578.32674,625.9067,564292,564460,168
104,59,nextDay,353,534.91968,648.39608,564460,564630,170
104,59,nextDay,353,630.20228,647.86258,564630,564799,169
104,59,comma,352,614.31092,648.00558,564799,564966,167
104,59,month,347,600.1533,645.92546,564966,565134,168
104,59,month,347,576.51292,649.4166,565134,565301,167
104,59,month,347,567.6399,643.36956,565301,565473,172
104,0,blank,0,570.4016,638.336466666667,565473,565575,102
104,59,day,351,726.8804,650.13568,565610,565781,171
104,59,nextDay,353,764.5558,647.90712,565781,565948,167
104,0,blank,0,813.8578,638.45062,565948,566114,166
104,59,year,355,837.6106,650.09056,566114,566285,171
104,59,year,355,857.3934,648.84072,566285,566455,170
104,0,blank,0,875.5216,654.6855,566455,566626,171
104,59,%,356,889.0146,653.29494,566626,566802,176
104,59,year,355,872.7334,647.31968,566802,566974,172
104,59,year,355,869.96,648.68466,566974,567147,173
104,59,year,355,863.957,645.89658,567147,567320,173
104,0,blank,0,843.2278,641.91378,567320,567495,175
104,0,blank,0,832.8572,639.93882,567495,567670,175
104,0,blank,0,874.155,649.6361,567670,567847,177
104,59,%,356,887.746,654.01572,567847,568033,186
104,59,.,354,825.19,643.9002,568033,568213,180
104,59,nextDay,353,788.1768,647.11076,568213,568389,176
104,59,nextDay,353,762.616,653.62264,568389,568565,176
104,59,day,351,731.879,652.5414,568565,568740,175
104,59,nextDay,353,691.1325,645.696775,568740,568881,141
104,59,"Tomorrow'sdateis%i/%i/%.2i.\n",343,232.83946,647.31412,568917,569088,171
104,0,blank,0,155.23042,684.67398,569088,569262,174
104,0,blank,0,163.89452,685.53652,569262,569431,169
104,0,blank,0,177.318783333333,684.1626,569431,569628,197
104,0,blank,0,182.0977,689.224866666667,569628,569725,97
104,0,blank,0,446.670833333333,638.58335,569789,569986,197
104,0,blank,0,361.782366666667,634.820966666667,569986,570185,199
104,57,thisDay,329,411.108283333333,613.7609,570185,570381,196
104,57,thisDay,329,460.693433333333,605.945333333333,570381,570480,99
104,57,;,333,666.78675,614.6133,570513,570711,198
104,57,year,331,634.9047,609.3332,570711,570910,199
104,0,blank,0,1008.0044,547.20424,570976,571145,169
104,0,blank,0,992.6248,520.82244,571145,571315,170
104,0,blank,0,992.5135,530.499775,571315,571451,136
104,0,blank,0,515.60518,582.88886,571518,571688,170
104,0,blank,0,514.5374,577.5326,571688,571723,35
104,56,"Entertoday'sdate(mmddyyyy):",311,363.10448,578.76608,571757,571925,168
104,56,"Entertoday'sdate(mmddyyyy):",311,341.69566,582.27098,571925,572092,167
104,56,"Entertoday'sdate(mmddyyyy):",311,324.70536,581.14898,572092,572264,172
104,0,blank,0,352.768766666667,624.28935,572264,572463,199
104,0,blank,0,358.40744,629.88416,572463,572630,167
104,0,blank,0,249.06394,512.33202,572630,572799,169
104,0,blank,0,230.8156,512.17958,572799,572968,169
104,0,blank,0,488.49494,635.03324,573036,573205,169
104,57,thisDay,329,451.65874,619.92348,573205,573372,167
104,57,thisDay,329,445.99466,613.47488,573372,573539,167
104,57,thisDay,329,434.09634,610.07138,573539,573708,169
104,57,thisDay,329,419.6083,608.58976,573708,573876,168
104,57,thisDay,329,442.98064,603.51926,573876,574043,167
104,0,blank,0,375.615916666667,623.5844,574043,574242,199
104,58,thisDay,338,320.67376,627.83902,574242,574409,167
104,0,blank,0,254.6594,631.502816666667,574409,574608,199
104,57,thisDay,329,280.87972,606.86254,574608,574774,166
104,57,thisDay,329,299.82945,609.6128,574774,574973,199
104,57,thisDay,329,266.604383333333,619.127183333333,574973,575169,196
104,57,thisDay,329,267.439283333333,615.196283333333,575169,575364,195
104,57,thisDay,329,272.5606,613.8035,575364,575397,33
104,57,thisDay,329,407.12585,605.167566666667,575430,575626,196
104,57,thisDay,329,437.06862,600.80578,575626,575822,196
104,56,"Entertoday'sdate(mmddyyyy):",311,449.105625,595.934825,575822,575959,137
104,59,"Tomorrow'sdateis%i/%i/%.2i.\n",343,254.6146,655.93215,575992,576186,194
104,0,blank,0,249.13845,621.450166666667,576186,576380,194
104,58,(,337,260.71475,621.366216666667,576380,576577,197
104,58,thisDay,338,306.027316666667,622.3461,576577,576775,198
104,0,blank,0,359.58386,621.89994,576775,576939,164
104,57,thisDay,329,598.777266666667,606.064033333333,576972,577168,196
104,57,thisDay,329,589.283633333333,606.6515,577168,577362,194
104,57,.,330,607.918116666667,604.405666666667,577362,577558,196
104,0,blank,0,682.412666666667,480.881583333333,577558,577754,196
104,0,blank,0,626.6796,303.1126,577754,577788,34
104,0,blank,0,483.305383333333,318.991983333333,577822,578017,195
104,0,blank,0,445.80144,360.44508,578017,578185,168
104,46,.,268,530.258916666667,370.54605,578185,578384,199
104,0,blank,0,529.33645,382.35615,578384,578452,68
104,49,=,281,223.932316666667,441.641366666667,578519,578717,198
104,0,blank,0,204.077116666667,437.4252,578717,578916,199
104,50,leapYearFlag,285,222.073683333333,454.1869,578916,579114,198
104,0,blank,0,250.7798,458.23188,579114,579280,166
104,0,blank,0,991.979833333333,451.369766666667,579346,579543,197
104,0,blank,0,990.879333333333,521.15155,579543,579741,198
104,0,blank,0,994.9608,529.00368,579741,579911,170
104,0,blank,0,968.6402,509.59488,579911,580081,170
104,0,blank,0,948.573333333333,450.428766666667,580081,580182,101
104,0,blank,0,1005.4056,176.49946,580217,580388,171
104,0,blank,0,996.109666666667,163.1205,580388,580491,103
105,0,blank,0,172.75446,191.50554,581560,581733,173
105,10,dateUpdate,39,184.92418,216.16578,581733,581907,174
105,0,blank,0,124.36056,227.10656,581907,582078,171
105,0,blank,0,133.92312,198.18144,582078,582249,171
105,0,blank,0,149.22706,164.49386,582249,582423,174
105,10,today,43,391.362975,218.1646,582458,582634,176
105,10,date,42,336.4718,202.8402,582634,582759,125
105,0,blank,0,346.0266,223.0243,582759,582882,123
105,0,blank,0,216.46718,245.93524,582969,583147,178
105,12,tomorrow,48,225.74224,264.91632,583147,583320,173
105,13,struct,53,236.54756,285.9066,583320,583496,176
105,13,struct,53,251.58902,285.60258,583496,583674,178
105,14,numberOfDays,64,290.11828,301.9517,583674,583848,174
105,14,numberOfDays,64,285.2469,305.73232,583848,584024,176
105,14,numberOfDays,64,286.21618,303.01418,584024,584197,173
105,14,numberOfDays,64,337.9943,298.19308,584197,584375,178
105,14,numberOfDays,64,317.51272,302.97096,584375,584551,176
105,14,numberOfDays,64,272.07932,306.95758,584551,584730,179
105,14,numberOfDays,64,269.0346,302.36184,584730,584907,177
105,0,blank,0,353.36354,310.2077,584907,585085,178
105,0,blank,0,373.62418,311.43384,585085,585258,173
105,14,numberOfDays,64,334.8056,309.74638,585258,585431,173
105,14,numberOfDays,64,331.76128,307.46092,585431,585610,179
105,14,numberOfDays,64,329.96744,302.20712,585610,585784,174
105,14,(,65,362.41262,301.65416,585784,585957,173
105,14,today,66,368.02182,304.39846,585957,586128,171
105,14,today,66,365.0408,301.35316,586128,586300,172
105,14,today,66,407.95992,289.52234,586300,586473,173
105,0,blank,0,427.7987,296.21008,586473,586648,175
105,14,today,66,381.97938,295.15734,586648,586824,176
105,0,blank,0,344.73312,290.92714,586824,587003,179
105,0,blank,0,349.19708,292.7586,587003,587178,175
105,14,today,66,391.8441,294.7687,587178,587357,179
105,0,blank,0,426.22792,293.54234,587357,587531,174
105,0,blank,0,430.4684,303.3107,587531,587599,68
105,0,blank,0,263.33186,313.2848,587634,587808,174
105,0,blank,0,258.90672,316.14708,587808,587981,173
105,0,blank,0,253.75264,312.80906,587981,588156,175
105,16,struct,73,210.3913,342.36486,588156,588326,170
105,16,struct,73,211.35768,351.56258,588326,588495,169
105,0,blank,0,197.17608,356.75466,588495,588665,170
105,0,blank,0,201.4037,359.97432,588665,588833,168
105,0,blank,0,192.82892,345.8349,588833,589005,172
105,16,struct,73,221.98508,351.29616,589005,589174,169
105,16,struct,73,223.91556,345.17742,589174,589341,167
105,16,date,74,307.36398,343.9674,589341,589512,171
105,16,date,74,303.07006,345.05356,589512,589687,175
105,16,today,87,357.60726,344.90752,589687,589858,171
105,0,blank,0,325.63588,344.93438,589858,590033,175
105,0,blank,0,324.141466666667,341.852066666667,590033,590140,107
105,16,comma,86,466.58368,343.61864,590175,590348,173
105,16,month,79,450.86468,346.36356,590348,590519,171
105,16,month,79,442.564,348.67576,590519,590691,172
105,16,today,87,487.68036,347.67412,590691,590862,171
105,16,.,88,539.61664,346.34106,590862,591033,171
105,0,blank,0,575.97296,350.37454,591033,591204,171
105,0,blank,0,575.106533333333,352.191033333333,591204,591306,102
105,16,year,89,703.273,350.9786,591340,591510,170
105,16,.,88,689.58792,352.72158,591510,591680,170
105,16,comma,86,616.65312,344.4109,591680,591852,172
105,16,day,83,566.29988,347.24758,591852,592020,168
105,16,today,87,501.35764,342.87192,592020,592192,172
105,16,month,79,431.73922,338.93462,592192,592367,175
105,16,month,79,433.5401,337.009425,592367,592502,135
105,0,blank,0,600.71804,343.89498,592536,592708,172
105,16,day,83,567.4691,347.13236,592708,592879,171
105,16,day,83,556.99232,345.33512,592879,593052,173
105,16,today,87,506.4439,347.48692,593052,593227,175
105,16,comma,86,468.13076,347.79382,593227,593396,169
105,16,comma,86,467.16246,345.048,593396,593566,170
105,16,today,87,501.15632,347.94328,593566,593738,172
105,16,today,87,513.77612,346.02276,593738,593909,171
105,16,day,83,552.37744,353.09666,593909,594079,170
105,16,day,83,563.8198,353.0975,594079,594252,173
105,16,comma,86,617.79032,347.15514,594252,594421,169
105,16,today,87,657.04488,341.0019,594421,594591,170
105,16,.,88,691.658,345.93406,594591,594761,170
105,16,year,89,693.3902,347.56678,594761,594933,172
105,16,today,87,642.1261,341.2335,594933,595105,172
105,0,blank,0,630.75166,336.40458,595105,595275,170
105,16,1,85,606.80965,343.3858,595275,595345,70
105,16,year,89,721.4688,338.48036,595378,595551,173
105,0,blank,0,633.389,331.8488,595551,595586,35
105,0,blank,0,244.95904,363.46128,595621,595795,174
105,0,blank,0,247.78386,372.13244,595795,595972,177
105,0,blank,0,257.33954,384.98392,595972,596143,171
105,0,blank,0,252.45346,409.43652,596143,596312,169
105,0,blank,0,224.13275,443.95495,596312,596450,138
105,20,1,118,353.32462,437.99194,596483,596656,173
105,0,blank,0,347.417433333333,437.218866666667,596656,596763,107
105,0,blank,0,515.00246,434.31102,596797,596967,170
105,20,year,116,491.95396,439.16576,596967,597135,168
105,20,year,116,476.8291,435.61446,597135,597301,166
105,0,blank,0,515.06032,435.82716,597301,597469,168
105,0,blank,0,521.1435,466.6939,597469,597642,173
105,24,month,135,490.296733333333,509.641516666667,597642,597839,197
105,24,month,135,462.54164,512.1865,597839,598006,167
105,0,blank,0,520.86664,518.8126,598006,598174,168
105,0,blank,0,516.38865,513.4871,598174,598241,67
105,0,blank,0,247.13482,553.7548,598274,598439,165
105,0,blank,0,235.06086,563.13604,598439,598610,171
105,0,blank,0,225.72534,580.5638,598610,598781,171
105,0,blank,0,230.32628,637.95546,598781,598950,169
105,0,blank,0,254.76384,660.35222,598950,599120,170
105,31,struct,163,285.585183333333,677.683133333333,599120,599319,199
105,0,blank,0,344.7746,696.2909,599319,599488,169
105,0,blank,0,307.35085,693.271216666667,599488,599685,197
105,32,],173,296.172716666667,700.93245,599685,599882,197
105,32,=,174,319.6454,697.5184,599882,600081,199
105,32,daysPerMonth,170,245.2517,704.6335,600081,600248,167
105,32,12,172,276.8102,699.82965,600248,600447,199
105,32,daysPerMonth,170,248.796,691.251583333333,600447,600644,197
105,32,daysPerMonth,170,227.355366666667,687.4807,600644,600843,199
105,31,isLeapYear,161,207.28764,666.25938,600843,601013,170
105,31,isLeapYear,161,160.35246,671.2452,601013,601183,170
105,0,blank,0,228.07966,661.03056,601183,601351,168
105,31,(,162,236.9283,668.67084,601351,601520,169
105,0,blank,0,226.79472,668.5539,601520,601688,168
105,31,isLeapYear,161,150.7311,678.26004,601688,601855,167
105,31,isLeapYear,161,160.5325,680.368516666667,601855,602053,198
105,31,isLeapYear,161,194.8758,679.31742,602053,602222,169
105,31,(,162,242.99112,670.85634,602222,602391,169
105,31,(,162,240.863133333333,675.365733333333,602391,602588,197
105,32,daysPerMonth,170,237.6075,686.5461,602588,602621,33
105,31,;,167,386.96665,682.740516666667,602654,602851,197
105,0,blank,0,393.260575,673.1641,602851,603013,162
105,31,date,164,351.1699,673.8058,603013,603133,120
105,31,date,164,345.8778,663.9391,603133,603226,93
105,0,blank,0,352.6228,655.0975,603226,603339,113
105,0,blank,0,962.274,393.0215,603414,603582,168
105,0,blank,0,995.897833333333,378.0842,603582,603780,198
105,0,blank,0,993.7394,364.64222,603780,603947,167
105,0,blank,0,988.951,352.4161,603947,604118,171
105,0,blank,0,992.6368,348.73526,604118,604293,175
105,0,blank,0,983.604,352.52802,604293,604469,176
105,0,blank,0,310.67984,689.36156,604536,604706,170
105,0,blank,0,308.933133333333,681.327366666667,604706,604807,101
105,0,blank,0,-350,-105,604840,605003,163
105,0,blank,0,392.051983333333,673.85335,605125,605316,191
105,0,blank,0,385.6097,686.978,605316,605349,33
105,32,[,171,269.032883333333,686.737633333333,605383,605580,197
106,37,true,208,292.8542,489.72706,607346,607517,171
106,37,),215,225.191716666667,493.065033333333,607517,607716,199
106,37,true,208,285.05766,487.47416,607716,607884,168
106,0,blank,0,364.53968,477.8469,607884,608053,169
106,37,||,209,332.3464,487.530433333333,608053,608252,199
106,0,blank,0,321.4502,502.0425,608252,608284,32
106,37,(,204,210.41006,489.31848,608319,608486,167
106,0,blank,0,209.53358,499.56118,608486,608653,167
106,37,d,210,360.54012,483.1805,608653,608821,168
106,0,blank,0,425.89732,477.6921,608821,608989,168
106,0,blank,0,421.83468,471.559,608989,609156,167
106,37,month,212,410.77624,481.28496,609156,609325,169
106,37,month,212,386.07404,489.50208,609325,609493,168
106,37,month,212,385.30096,489.03484,609493,609660,167
106,37,true,208,310.47174,487.88796,609660,609828,168
106,0,blank,0,303.4251,496.26196,609828,609998,170
106,0,blank,0,285.9603,496.04394,609998,610166,168
106,37,true,208,286.269525,488.2981,610166,610300,134
106,37,month,212,421.74068,476.03218,610335,610503,168
106,0,blank,0,426.51548,476.0776,610503,610670,167
106,37,month,212,388.4759,483.55654,610670,610838,168
106,37,month,212,385.49424,484.54566,610838,611007,169
106,0,blank,0,426.46028,481.78568,611007,611176,169
106,37,==,213,450.7568,485.0124,611176,611346,170
106,0,blank,0,506.12298,478.79678,611346,611513,167
106,0,blank,0,481.06004,472.41994,611513,611683,170
106,37,==,213,453.2418,476.28694,611683,611851,168
106,37,2,214,471.27278,476.30634,611851,612021,170
106,0,blank,0,244.8737,496.1064,612055,612226,171
106,0,blank,0,211.92096,497.846,612226,612405,179
106,0,blank,0,198.911,505.7883,612405,612582,177
106,0,blank,0,232.6095,509.31166,612582,612756,174
106,0,blank,0,202.50744,528.43814,612756,612929,173
106,40,daysPerMonth,223,227.68056,546.00966,612929,613098,169
106,40,daysPerMonth,223,258.76992,547.214,613098,613269,171
106,40,d,225,293.8468,552.29348,613269,613441,172
106,40,daysPerMonth,223,261.51814,550.5785,613441,613614,173
106,40,daysPerMonth,223,249.66556,551.17368,613614,613789,175
106,40,daysPerMonth,223,238.7875,546.9755,613789,613825,36
106,0,blank,0,362.69272,221.13762,613862,614033,171
106,24,1,137,353.89856,203.94496,614033,614207,174
106,24,month,135,465.4846,194.30958,614242,614416,174
106,24,month,135,465.0474,197.31554,614416,614586,170
106,24,month,135,483.10016,196.69318,614586,614761,175
106,24,month,135,449.41944,193.06994,614761,614933,172
106,24,today,139,420.01418,191.92998,614933,615105,172
106,24,month,135,462.37836,191.91398,615105,615285,180
106,24,month,135,481.9851,197.36402,615285,615462,177
106,24,+,136,509.48212,199.228,615462,615641,179
106,24,+,136,508.12496,196.53524,615641,615820,179
106,0,blank,0,336.24418,186.9711,615856,616032,176
106,24,{,130,338.28065,187.9641,616032,616102,70
106,24,(,126,199.05914,203.88996,616136,616310,174
106,24,struct,127,226.41344,197.2714,616310,616483,173
106,24,struct,127,239.881375,196.869875,616483,616628,145
106,24,today,139,389.23204,190.66594,616664,616839,175
106,24,1,137,357.732,203.51558,616839,617015,176
106,0,blank,0,331.4272,196.89388,617015,617187,172
106,0,blank,0,332.93488,201.66626,617187,617359,172
106,0,blank,0,347.02518,198.20962,617359,617528,169
106,24,today,139,391.68768,196.05894,617528,617704,176
106,24,1,137,363.13968,197.69542,617704,617881,177
106,0,blank,0,325.51674,191.1371,617881,618057,176
106,24,struct,127,241.45954,196.00204,618057,618234,177
106,0,blank,0,222.349825,213.300225,618234,618375,141
106,0,blank,0,-350,-105,618411,618605,194
106,0,blank,0,-350,-105,618605,618779,174
106,0,blank,0,-350,-105,618779,618924,145
106,0,blank,0,-350,-105,618924,619097,173
106,0,blank,0,-350,-105,619097,619275,178
106,0,blank,0,-350,-105,619275,619474,199
106,0,blank,0,-350,-105,619474,619673,199
106,0,blank,0,-350,-105,619673,619703,30
106,0,blank,0,-350,-105,619703,619948,245
106,0,blank,0,-350,-105,619948,620176,228
106,0,blank,0,-350,-105,620176,620544,368
106,0,blank,0,-350,-105,620544,620954,410
106,0,blank,0,-350,-105,620954,621134,180
106,0,blank,0,-350,-105,621134,621314,180
106,0,blank,0,-350,-105,621314,621507,193
106,0,blank,0,-350,-105,621507,621685,178
106,0,blank,0,-350,-105,621685,621851,166
106,0,blank,0,-350,-105,621851,622031,180
106,0,blank,0,-350,-105,622031,622212,181
106,0,blank,0,-350,-105,622212,622287,75
106,0,blank,0,-350,-105,622287,622560,273
106,0,blank,0,-350,-105,622560,622814,254
106,0,blank,0,-350,-105,622814,622991,177
106,0,blank,0,-350,-105,622991,623171,180
106,0,blank,0,-350,-105,623171,623352,181
106,0,blank,0,-350,-105,623352,623514,162
106,0,blank,0,-350,-105,623514,623700,186
106,0,blank,0,-350,-105,623700,623874,174
106,0,blank,0,-350,-105,623874,624237,363
106,0,blank,0,-350,-105,624237,624255,18
106,0,blank,0,-350,-105,624255,624668,413
106,0,blank,0,-350,-105,624668,625067,399
106,0,blank,0,-350,-105,625067,625242,175
106,0,blank,0,-350,-105,625242,625273,31
106,0,blank,0,-350,-105,625273,625647,374
106,0,blank,0,-350,-105,625647,626104,457
106,0,blank,0,-350,-105,626104,626730,626
106,0,blank,0,-350,-105,626730,626920,190
106,0,blank,0,-350,-105,626920,627108,188
106,0,blank,0,-350,-105,627108,627287,179
106,0,blank,0,-350,-105,627287,627617,330
106,0,blank,0,-350,-105,627617,627798,181
106,0,blank,0,-350,-105,627798,627973,175
106,0,blank,0,-350,-105,627973,628326,353
106,0,blank,0,-350,-105,628326,628504,178
106,0,blank,0,-350,-105,628504,628682,178
106,0,blank,0,-350,-105,628682,628738,56
106,0,blank,0,-350,-105,628738,628943,205
106,0,blank,0,-350,-105,628943,629118,175
106,0,blank,0,-350,-105,629118,629194,76
106,0,blank,0,-350,-105,629194,629448,254
106,0,blank,0,-350,-105,629448,629529,81
106,0,blank,0,-350,-105,629529,630043,514
106,0,blank,0,-350,-105,630043,630553,510
106,0,blank,0,-350,-105,630553,630718,165
106,0,blank,0,-350,-105,630718,630877,159
106,0,blank,0,-350,-105,630877,631034,157
106,0,blank,0,-350,-105,631034,631229,195
106,0,blank,0,-350,-105,631229,631394,165
106,0,blank,0,-350,-105,631394,631571,177
106,0,blank,0,-350,-105,631571,631725,154
106,0,blank,0,-350,-105,631725,631923,198
106,0,blank,0,-350,-105,631923,632033,110
106,0,blank,0,-350,-105,632033,632205,172
106,0,blank,0,-350,-105,632205,632368,163
106,0,blank,0,-350,-105,632368,632536,168
106,0,blank,0,-350,-105,632536,632724,188
106,0,blank,0,-350,-105,632724,632756,32
106,0,blank,0,-350,-105,632756,632974,218
106,0,blank,0,-350,-105,632974,633169,195
106,0,blank,0,-350,-105,633169,633354,185
106,0,blank,0,-350,-105,633354,633539,185
106,0,blank,0,-350,-105,633539,633689,150
106,0,blank,0,-350,-105,633689,633888,199
106,0,blank,0,-350,-105,633888,634146,258
106,0,blank,0,-350,-105,634146,634458,312
106,0,blank,0,-350,-105,634458,634714,256
106,0,blank,0,-350,-105,634714,634892,178
106,0,blank,0,-350,-105,634892,635083,191
106,0,blank,0,-350,-105,635083,635275,192
106,0,blank,0,-350,-105,635275,635390,115
106,0,blank,0,-350,-105,635390,635533,143
106,0,blank,0,-350,-105,635533,635627,94
106,0,blank,0,-350,-105,635627,635784,157
106,0,blank,0,-350,-105,635784,636002,218
106,0,blank,0,-350,-105,636002,636128,126
106,0,blank,0,242.59425,463.457075,636613,636786,173
106,0,blank,0,191.569733333333,471.322533333333,636786,636964,178
106,37,==,213,255.52395,490.330016666667,637023,637210,187
106,37,==,213,257.43825,493.1082,637210,637272,62
106,37,(,204,206.7501,483.7811,637272,637514,242
106,37,==,213,259.549466666667,490.2982,637514,637713,199
106,37,true,208,302.616066666667,487.337833333333,637713,637912,199
106,37,true,208,311.806983333333,485.565916666667,637912,638110,198
106,0,blank,0,333.984516666667,497.103166666667,638110,638307,197
106,37,month,212,386.386633333333,493.44005,638307,638506,199
106,37,month,212,392.62075,489.81435,638506,638573,67
106,0,blank,0,84.33998,528.25548,638606,638774,168
106,0,blank,0,85.3120166666667,531.152533333333,638774,638970,196
106,38,days,216,117.0684,515.098166666667,638970,639168,198
106,0,blank,0,146.5099,533.57776,639168,639340,172
106,40,daysPerMonth,223,189.95324,548.9554,639340,639518,178
106,40,daysPerMonth,223,191.77665,545.4973,639518,639587,69
106,40,month,227,311.3432,553.45562,639620,639790,170
106,40,[,224,282.53602,557.3272,639790,639962,172
106,40,daysPerMonth,223,273.79166,551.42114,639962,640133,171
106,40,daysPerMonth,223,259.11294,546.71002,640133,640307,174
106,40,daysPerMonth,223,267.14682,553.00264,640307,640481,174
106,40,d,225,293.8126,549.7256,640481,640651,170
106,40,month,227,311.74986,548.76788,640651,640823,172
106,40,month,227,321.70456,549.01392,640823,640990,167
106,40,month,227,318.5883,558.5584,640990,641024,34
106,0,blank,0,115.68282,561.29336,641059,641228,169
106,41,return,232,95.67898,567.04048,641228,641396,168
106,41,return,232,68.51178,569.66356,641396,641564,168
106,43,isLeapYear,237,98.14126,611.17702,641564,641733,169
106,43,isLeapYear,237,89.3985,609.7469,641733,641866,133
106,43,struct,239,225.85196,618.35582,641900,642066,166
106,43,struct,239,229.10116,614.59024,642066,642236,170
106,43,struct,239,232.191,613.443525,642236,642371,135
106,46,.,268,116.79996,676.93394,642406,642576,170
106,46,.,268,117.4913,676.1392,642576,642711,135
106,46,==,272,223.60168,676.42804,642744,642912,168
106,0,blank,0,190.9771,683.62184,642912,643080,168
106,46,==,272,228.47894,687.14224,643080,643251,171
106,0,blank,0,255.1246,689.74092,643251,643423,172
106,46,==,272,232.65618,677.36974,643423,643594,171
106,0,blank,0,238.907675,674.595175,643594,643729,135
106,46,%,270,363.30166,688.85436,643764,643960,196
106,46,year,269,341.9268,686.3075,643960,644075,115
106,0,blank,0,345.0742,696.4974,644075,644173,98
106,0,blank,0,378.7143,688.3288,644173,644338,165
106,46,%,270,371.9493,686.52646,644338,644515,177
106,46,year,269,339.26342,682.33046,644515,644685,170
106,46,d,267,296.95608,673.3802,644685,644854,169
106,46,&&,257,274.96206,674.28432,644854,645025,171
106,46,0,273,252.1788,685.3721,645025,645197,172
106,46,&&,257,280.70184,683.43574,645197,645367,170
106,46,year,269,316.7658,681.82542,645367,645536,169
106,0,blank,0,352.07324,692.09254,645536,645707,171
106,0,blank,0,378.08218,688.8917,645707,645878,171
106,46,%,270,364.78686,688.51326,645878,646052,174
106,0,blank,0,361.71158,687.47504,646052,646227,175
106,46,%,270,373.3376,687.01078,646227,646399,172
106,46,year,269,331.21556,682.43714,646399,646570,171
106,46,year,269,315.44416,678.47624,646570,646742,172
106,46,&&,257,276.60478,684.15664,646742,646913,171
106,46,==,272,230.51202,685.41488,646913,647086,173
106,0,blank,0,185.39686,682.31782,647086,647258,172
106,0,blank,0,165.4891,687.26326,647258,647429,171
106,46,year,269,158.8449,687.67806,647429,647600,171
106,46,year,269,139.00704,682.08944,647600,647772,172
106,0,blank,0,190.1402,689.97132,647772,647943,171
106,0,blank,0,212.835833333333,695.0314,647943,648044,101
106,0,blank,0,499.48064,698.70878,648079,648246,167
106,0,blank,0,480.43372,696.6582,648246,648414,168
106,0,blank,0,489.66994,705.13554,648414,648581,167
106,0,blank,0,552.5781,698.64294,648581,648750,169
106,0,blank,0,518.5016,699.40416,648750,648919,169
106,0,blank,0,469.2631,696.03252,648919,649087,168
106,0,blank,0,428.5493,702.23382,649087,649257,170
106,0,blank,0,386.68896,698.63604,649257,649432,175
106,0,blank,0,384.47092,692.37204,649432,649606,174
106,46,100,262,383.802066666667,690.913433333333,649606,649708,102
106,0,blank,0,165.184,685.8644,649743,649914,171
106,0,blank,0,93.62982,685.16574,649914,650086,172
106,0,blank,0,89.80372,672.07608,650086,650259,173
106,0,blank,0,92.47084,684.6191,650259,650433,174
106,0,blank,0,93.2446,688.7366,650433,650467,34
106,0,blank,0,219.68776,708.0619,650501,650671,170
106,0,blank,0,234.694,707.60985,650671,650738,67
106,0,blank,0,1006.7366,489.17692,650806,650981,175
106,0,blank,0,996.2922,481.94622,650981,651148,167
106,0,blank,0,1002.159,481.6847,651148,651214,66
106,0,blank,0,418.091325,700.6485,651281,651416,135
106,46,0,273,249.80254,673.3864,651449,651616,167
106,46,0,273,253.44882,671.90672,651616,651784,168
106,46,&&,257,266.39094,676.11006,651784,651954,170
106,46,.,268,307.59716,690.98754,651954,652125,171
106,0,blank,0,322.50484,695.05342,652125,652293,168
106,0,blank,0,327.05705,697.43335,652293,652428,135
106,0,blank,0,690.8186,674.5997,652494,652665,171
106,0,blank,0,717.008333333333,660.3699,652665,652766,101
106,0,blank,0,989.2612,475.74478,652800,652969,169
106,0,blank,0,977.0232,482.03058,652969,653136,167
106,0,blank,0,503.595025,683.494375,653170,653305,135
106,0,blank,0,211.63928,686.72966,653339,653508,169
106,46,4,254,201.40108,684.88066,653508,653675,167
106,46,4,254,203.71434,671.41444,653675,653846,171
106,0,blank,0,199.69005,646.9143,653846,653915,69
107,0,blank,0,220.1782,487.3653,657295,657331,36
107,0,blank,0,-350,-105,657366,657554,188
107,0,blank,0,267.7978,514.19095,657680,657876,196
107,0,blank,0,267.59845,508.91325,657876,657944,68
107,54,;,302,471.02138,590.01708,657978,658148,170
107,0,blank,0,428.63252,598.15348,658148,658316,168
107,0,blank,0,361.42076,596.60252,658316,658484,168
107,0,blank,0,363.72906,604.54124,658484,658653,169
107,56,"Entertoday'sdate(mmddyyyy):",311,264.33404,624.0691,658686,658854,168
107,56,"Entertoday'sdate(mmddyyyy):",311,266.173366666667,623.010033333333,658854,658956,102
107,54,date,299,148.03576,590.4966,658991,659162,171
107,0,blank,0,162.21162,567.4192,659162,659330,168
107,54,dateUpdate,296,172.29714,576.23122,659330,659499,169
107,55,thisDay,305,185.55498,608.76838,659499,659669,170
107,55,thisDay,305,180.529566666667,615.8343,659669,659771,102
107,0,blank,0,221.33764,486.89456,659806,659980,174
107,47,=,276,222.37162,425.4977,659980,660149,169
107,47,=,276,218.3323,425.38794,660149,660317,168
107,47,true,277,257.14564,423.23718,660317,660484,167
107,0,blank,0,331.90362,430.44686,660484,660653,169
107,46,==,272,662.4974,400.16826,660687,660856,169
107,0,blank,0,666.7105,394.3926,660856,660924,68
107,0,blank,0,297.72516,432.8233,660957,661127,170
107,47,true,277,271.88796,435.93634,661127,661295,168
107,0,blank,0,248.91196,448.37988,661295,661466,171
107,55,nextDay,307,269.4921,602.98414,661466,661638,172
107,55,nextDay,307,286.08536,613.27708,661638,661807,169
107,0,blank,0,364.38748,613.9135,661807,661981,174
107,55,nextDay,307,298.4076,609.11966,661981,662151,170
107,55,thisDay,305,224.70398,616.61064,662151,662322,171
107,55,thisDay,305,220.24922,613.46312,662322,662491,169
107,55,thisDay,305,230.4678,613.968,662491,662525,34
107,54,today,300,437.1788,586.57232,662560,662730,170
107,54,date,299,390.28858,585.7819,662730,662898,168
107,0,blank,0,365.10604,596.43778,662898,663066,168
107,0,blank,0,488.37962,586.50796,663100,663270,170
107,0,blank,0,478.28596,591.4253,663270,663440,170
107,0,blank,0,417.83634,609.89158,663440,663610,170
107,56,"Entertoday'sdate(mmddyyyy):",311,397.59858,632.58184,663610,663781,171
107,56,"Entertoday'sdate(mmddyyyy):",311,269.27656,639.02168,663781,663951,170
107,57,thisDay,329,249.66256,647.08578,663951,664126,175
107,57,thisDay,329,242.85446,652.16236,664126,664295,169
107,57,&,328,234.3318,647.2615,664295,664337,42
107,57,month,321,351.4489,646.3732,664428,664535,107
107,57,month,321,322.90065,658.60385,664535,664728,193
107,57,month,321,315.44762,656.19102,664728,664917,189
107,57,.,330,310.42486,660.94458,664917,665109,192
107,0,blank,0,304.4888,660.5674,665109,665142,33
107,0,blank,0,624.11014,621.84166,665209,665377,168
107,0,blank,0,576.7441,640.245733333333,665377,665576,199
107,57,&,328,525.95732,649.8827,665576,665742,166
107,57,day,326,478.1859,655.68856,665742,665911,169
107,57,thisDay,329,448.85744,650.16722,665911,666079,168
107,57,thisDay,329,450.59348,657.79992,666079,666248,169
107,0,blank,0,472.2761,652.0497,666248,666316,68
107,0,blank,0,352.12012,662.96272,666806,666994,188
107,0,blank,0,309.41226,662.06082,666994,667166,172
107,57,thisDay,329,292.87716,651.37616,667166,667336,170
107,58,(,337,255.12664,679.14858,667336,667507,171
107,0,blank,0,246.48216,667.90778,667507,667680,173
107,0,blank,0,358.44546,669.43482,667714,667886,172
107,0,blank,0,364.2435,672.4594,667886,668059,173
107,0,blank,0,364.03394,676.5427,668059,668227,168
107,58,(,337,260.95622,677.31598,668227,668396,169
107,0,blank,0,250.79792,679.93582,668396,668563,167
107,58,(,337,256.2393,677.04924,668563,668730,167
107,59,"Tomorrow'sdateis%i/%i/%.2i.\n",343,307.9677,685.00804,668730,668897,167
107,0,blank,0,374.45828,677.42492,668897,669066,169
107,59,"Tomorrow'sdateis%i/%i/%.2i.\n",343,362.83715,686.458733333333,669066,669265,199
107,0,blank,0,319.78818,684.34564,669265,669432,167
107,0,blank,0,219.9456,684.184666666667,669432,669629,197
107,59,"Tomorrow'sdateis%i/%i/%.2i.\n",343,176.552266666667,690.735016666667,669629,669827,198
107,59,"Tomorrow'sdateis%i/%i/%.2i.\n",343,207.704616666667,693.894933333333,669827,670025,198
107,58,thisDay,338,320.96392,678.48514,670025,670193,168
107,0,blank,0,358.529983333333,679.77285,670193,670392,199
107,58,thisDay,338,332.1546,678.20346,670392,670559,167
107,58,thisDay,338,271.96076,682.65584,670559,670727,168
107,59,"Tomorrow'sdateis%i/%i/%.2i.\n",343,283.400566666667,696.234333333333,670727,670828,101
107,0,blank,0,493.78026,681.57716,670861,671030,169
107,0,blank,0,545.95372,684.41656,671030,671199,169
107,59,month,347,582.39968,686.70812,671199,671367,168
107,59,month,347,563.37332,687.98054,671367,671539,172
107,59,nextDay,353,551.5244,687.7528,671539,671574,35
107,0,blank,0,877.3968,694.11176,671643,671811,168
107,0,blank,0,878.8788,693.9615,671811,671978,167
107,59,nextDay,353,816.8096,687.13522,671978,672144,166
107,59,nextDay,353,781.3412,688.05194,672144,672315,171
107,0,blank,0,823.2706,683.74806,672315,672482,167
107,0,blank,0,823.111666666667,683.052533333333,672482,672582,100
107,0,blank,0,940.899,666.51752,672616,672784,168
107,0,blank,0,977.883,626.00334,672784,672953,169
108,0,blank,0,163.34874,680.586,673498,673669,171
108,0,blank,0,171.95368,694.36904,673669,673840,171
108,0,blank,0,188.79554,691.04106,673840,674009,169
108,0,blank,0,187.99562,668.96296,674009,674176,167
108,0,blank,0,189.9088,684.4219,674176,674210,34
108,59,"Tomorrow'sdateis%i/%i/%.2i.\n",343,342.5458,648.164766666667,674242,674440,198
108,59,"Tomorrow'sdateis%i/%i/%.2i.\n",343,349.261416666667,650.485966666667,674440,674637,197
108,0,blank,0,399.50618,666.91772,674637,674804,167
108,0,blank,0,406.57424,671.51068,674804,674970,166
108,59,nextDay,353,545.19425,653.542616666667,675003,675202,199
108,59,.,354,555.751866666667,660.632166666667,675202,675399,197
108,59,comma,352,617.3058,656.047533333333,675399,675596,197
108,59,month,347,582.649766666667,658.245083333333,675596,675793,197
108,59,month,347,567.622633333333,652.1378,675793,675991,198
108,59,nextDay,353,552.5658,643.9857,675991,676158,167
108,59,nextDay,353,634.60046,648.30308,676158,676325,167
108,0,blank,0,652.276566666667,635.422033333333,676325,676522,197
108,0,blank,0,747.799,648.941733333333,676522,676720,198
108,59,nextDay,353,791.4908,652.6502,676720,676886,166
108,59,nextDay,353,811.7498,650.78208,676886,677053,167
108,59,year,355,850.4764,653.78552,677053,677222,169
108,59,year,355,848.722,651.89714,677222,677391,169
108,59,%,356,886.6442,644.60178,677391,677561,170
108,0,blank,0,537.3563,625.10635,677630,677823,193
108,0,blank,0,513.5196,625.1531,677823,677927,104
108,0,blank,0,362.76984,641.34012,677962,678134,172
108,59,"Tomorrow'sdateis%i/%i/%.2i.\n",343,285.53918,649.67982,678134,678305,171
108,59,"Tomorrow'sdateis%i/%i/%.2i.\n",343,268.81428,646.59254,678305,678474,169
108,58,dateUpdate,336,239.00564,640.09362,678474,678643,169
108,0,blank,0,246.58152,631.6687,678643,678811,168
108,58,thisDay,338,295.284483333333,633.6359,678811,679006,195
108,57,thisDay,329,300.481333333333,602.636933333333,679006,679201,195
108,56,"Entertoday'sdate(mmddyyyy):",311,326.5577,583.696083333333,679201,679394,193
108,55,nextDay,307,325.968216666667,567.983266666667,679394,679588,194
108,0,blank,0,311.06485,576.331283333333,679588,679783,195
108,56,"Entertoday'sdate(mmddyyyy):",311,266.516466666667,592.865966666667,679783,679979,196
108,56,"Entertoday'sdate(mmddyyyy):",311,252.58915,582.893366666667,679979,680173,194
108,0,blank,0,226.793533333333,438.871633333333,680173,680365,192
108,0,blank,0,248.777283333333,446.303566666667,680365,680563,198
108,0,blank,0,257.4042,455.11478,680563,680730,167
108,0,blank,0,246.30758,462.10012,680730,680896,166
108,0,blank,0,291.782633333333,473.1472,680896,681094,198
108,0,blank,0,276.813433333333,465.8994,681094,681293,199
108,0,blank,0,284.425416666667,459.666133333333,681293,681491,198
108,0,blank,0,278.9387,448.7667,681491,681659,168
108,0,blank,0,231.81798,444.06182,681659,681827,168
108,0,blank,0,311.0005,440.09165,681827,682025,198
108,0,blank,0,226.996233333333,407.126733333333,682025,682224,199
108,0,blank,0,225.0013,409.550966666667,682224,682325,101
108,0,blank,0,341.66675,388.888633333333,682358,682556,198
108,0,blank,0,353.3371,385.03792,682556,682724,168
108,0,blank,0,308.234983333333,384.62285,682724,682922,198
108,0,blank,0,338.61875,386.766283333333,682922,683119,197
108,0,blank,0,414.390133333333,386.58705,683119,683316,197
108,46,0,273,457.359683333333,376.635516666667,683316,683512,196
108,0,blank,0,502.18772,378.86696,683512,683680,168
108,0,blank,0,550.135433333333,378.18285,683680,683877,197
108,46,400,271,622.05478,375.20814,683877,684045,168
108,0,blank,0,666.9708,381.79512,684045,684209,164
108,43,date,240,273.95426,309.24904,684276,684445,169
108,0,blank,0,252.7421,289.17208,684445,684617,172
108,0,blank,0,237.28055,256.70985,684617,684792,175
108,40,month,227,346.7703,236.3538,684910,685028,118
108,0,blank,0,345.27035,256.10815,685028,685149,121
108,0,blank,0,400.2543,220.4249,685149,685552,403
108,0,blank,0,381.37544,222.7637,685552,685718,166
108,0,blank,0,369.03982,219.60918,685718,685887,169
108,0,blank,0,423.57348,232.83684,685887,686055,168
108,40,;,231,405.66456,229.05384,686055,686225,170
108,0,blank,0,369.35928,224.81898,686225,686392,167
108,0,blank,0,372.24492,220.6908,686392,686561,169
108,0,blank,0,356.8774,232.440833333333,686561,686662,101
108,0,blank,0,452.9571,182.244283333333,686940,687136,196
108,0,blank,0,432.53856,179.98906,687136,687304,168
108,0,blank,0,432.926,185.3625,687304,687372,68
108,0,blank,0,265.65356,176.99376,687406,687577,171
108,0,blank,0,242.69386,176.97422,687577,687746,169
108,37,),215,228.05536,179.57778,687746,687917,171
108,0,blank,0,240.21404,193.02278,687917,688089,172
108,0,blank,0,245.007833333333,194.6457,688089,688192,103
108,0,blank,0,452.05396,180.19294,688226,688395,169
108,37,==,213,453.644566666667,179.169933333333,688395,688496,101
108,0,blank,0,946.3364,364.586,688564,688733,169
108,0,blank,0,942.2275,364.52295,688733,688802,69
108,37,month,212,381.93368,177.84664,689056,689238,182
108,0,blank,0,363.86128,180.44328,689238,689409,171
108,0,blank,0,346.68136,182.22808,689409,689578,169
108,37,==,213,448.79064,169.13008,689612,689780,168
108,37,2,214,464.70228,176.319,689780,689948,168
108,0,blank,0,494.336275,178.0386,689948,690082,134
108,37,true,208,296.42294,161.89816,690116,690283,167
108,0,blank,0,276.2234,153.97062,690283,690452,169
108,0,blank,0,259.96758,154.7593,690452,690624,172
108,0,blank,0,259.399266666667,182.222066666667,690624,690726,102
109,0,blank,0,343.12062,399.32038,692247,692417,170
109,0,blank,0,290.627116666667,391.9265,692417,692616,199
109,0,blank,0,406.742366666667,392.772766666667,692616,692815,199
109,0,blank,0,439.821033333333,397.825333333333,692815,693013,198
109,0,blank,0,480.33854,387.24046,693013,693180,167
109,0,blank,0,477.3428,393.8221,693180,693248,68
109,0,blank,0,282.948366666667,403.499783333333,693282,693481,199
109,0,blank,0,275.596816666667,390.225416666667,693481,693680,199
109,0,blank,0,295.48428,194.47856,693713,693879,166
109,0,blank,0,312.68512,193.75296,693879,694046,167
109,0,blank,0,333.23524,190.64406,694046,694213,167
109,31,isLeapYear,161,213.50574,244.4828,694247,694417,170
109,31,isLeapYear,161,223.77456,245.1993,694417,694584,167
109,32,12,172,280.0606,266.56388,694584,694755,171
109,32,12,172,282.999,266.365,694755,694789,34
109,31,;,167,389.2622,252.623383333333,694856,695047,191
109,31,date,164,329.03044,252.45202,695047,695218,171
109,0,blank,0,255.31256,258.63918,695218,695392,174
109,32,daysPerMonth,170,238.594566666667,270.361166666667,695392,695496,104
109,0,blank,0,268.8823,292.9774,695496,695800,304
109,0,blank,0,265.0815,288.18134,695800,695967,167
109,0,blank,0,264.05774,286.45842,695967,696140,173
109,0,blank,0,252.5661,287.426,696140,696315,175
109,0,blank,0,283.634,317.9443,696315,696852,537
109,0,blank,0,238.36952,350.54136,696852,697026,174
109,0,blank,0,264.243,361.86102,697026,697195,169
109,0,blank,0,295.9921,390.27996,697195,697366,171
109,37,||,209,336.55188,386.39952,697366,697537,171
109,0,blank,0,388.4882,390.76738,697537,697710,173
109,37,==,213,437.70866,384.8414,697710,697881,171
109,0,blank,0,442.57304,390.88168,697881,698050,169
109,0,blank,0,421.8045,395.4566,698050,698084,34
109,0,blank,0,205.776,424.33574,698118,698286,168
109,0,blank,0,228.60016,425.78918,698286,698453,167
109,40,daysPerMonth,223,238.15434,451.63802,698453,698620,167
109,0,blank,0,228.991733333333,478.107233333333,698620,698817,197
109,0,blank,0,203.313666666667,487.852166666667,698817,699015,198
109,0,blank,0,180.167983333333,477.4773,699015,699214,199
109,0,blank,0,178.46598,486.43044,699214,699381,167
109,0,blank,0,212.187066666667,484.563466666667,699381,699579,198
109,0,blank,0,217.285816666667,490.670916666667,699579,699773,194
109,0,blank,0,184.0174,482.82535,699773,699970,197
109,0,blank,0,190.748066666667,478.405666666667,699970,700164,194
109,0,blank,0,221.554616666667,472.3336,700164,700358,194
109,0,blank,0,286.137033333333,464.281666666667,700358,700555,197
109,0,blank,0,279.3404,457.532966666667,700555,700754,199
109,40,daysPerMonth,223,256.75362,450.08626,700754,700923,169
109,40,daysPerMonth,223,227.726466666667,437.177116666667,700923,701121,198
109,0,blank,0,207.4757,433.705033333333,701121,701320,199
109,0,blank,0,199.3266,429.1496,701320,701486,166
109,28,struct,152,213.421083333333,182.246466666667,701553,701752,199
109,28,struct,152,189.0189,191.2989,701752,701884,132
109,0,blank,0,992.725,385.98422,702017,702183,166
109,0,blank,0,998.6562,395.1986,702183,702350,167
109,0,blank,0,999.1214,396.95304,702350,702516,166
109,0,blank,0,1003.61325,401.323425,702516,702651,135
109,0,blank,0,314.01634,193.26766,702716,702882,166
109,0,blank,0,278.96678,160.38444,702882,703055,173
109,0,blank,0,247.26422,142.66398,703055,703227,172
109,0,blank,0,260.72542,156.4887,703227,703394,167
109,0,blank,0,313.9424,150.9712,703394,703428,34
110,0,blank,0,328.43778,441.1362,703964,704133,169
110,0,blank,0,338.87888,492.95208,704133,704299,166
110,0,blank,0,346.50424,527.77876,704299,704467,168
110,37,d,210,359.8015,534.07976,704467,704634,167
110,0,blank,0,360.0732,544.3706,704634,704667,33
110,0,blank,0,478.1885,530.89372,704700,704869,169
110,0,blank,0,482.75185,527.668,704869,704936,67
110,37,==,213,245.5375,521.96694,704970,705163,193
110,0,blank,0,287.8842,496.438,705163,705284,121
110,35,31,198,302.9208,490.2653,705284,705378,94
110,40,d,225,288.0944,603.0469,705485,705672,187
110,0,blank,0,354.56882,596.93754,705672,705841,169
110,40,;,231,406.457,601.73492,705841,706010,169
110,0,blank,0,278.93954,375.24658,706044,706209,165
110,0,blank,0,310.06326,261.00538,706209,706397,188
110,0,blank,0,310.468733333333,255.918,706397,706595,198
110,0,blank,0,499.1259,246.00968,706629,706796,167
110,24,month,135,460.71048,248.48222,706796,706962,166
110,0,blank,0,413.25942,179.8318,706962,707131,169
110,0,blank,0,387.28272,124.00278,707131,707303,172
110,16,1,85,603.17468,67.04084,707337,707505,168
110,16,today,87,660.65276,64.90198,707505,707672,167
110,0,blank,0,734.8235,59.9961,707672,707807,135
110,0,blank,0,613.0456,1.82294,707840,708009,169
110,0,blank,0,614.5349,-6.04203333333333,708009,708113,104
110,0,blank,0,424.50362,26.1208,708148,708319,171
110,14,),68,419.726733333333,21.5819666666667,708319,708423,104
110,0,blank,0,297.8704,40.42796,708457,708632,175
110,0,blank,0,297.1327,40.94922,708632,708805,173
110,0,blank,0,288.20845,44.5204,708805,708874,69
110,20,(,105,195.11018,145.54794,708908,709084,176
110,0,blank,0,193.4026,143.61515,709084,709155,71
110,0,blank,0,132.54908,-3.5466,709190,709366,176
110,0,blank,0,299.3329,-7.111,709402,709578,176
110,0,blank,0,302.07108,-10.50042,709578,709754,176
110,0,blank,0,300.6781,3.1647,709754,709789,35
110,0,blank,0,628.64452,-5.59952,709823,709996,173
110,0,blank,0,628.223575,3.02375,709996,710139,143
110,0,blank,0,747.1842,6.88778,710171,710345,174
110,0,blank,0,719.245,6.1434,710345,710528,183
110,0,blank,0,710.71425,11.525675,710528,710666,138
110,0,blank,0,367.5585,287.09228,710737,710912,175
110,0,blank,0,364.22038,291.0706,710912,711086,174
110,0,blank,0,358.45006,743.53758,711242,711416,174
110,0,blank,0,354.0859,740.1857,711416,711451,35
110,0,blank,0,179.4781,726.48386,711487,711658,171
110,0,blank,0,179.0596,726.81505,711658,711730,72
110,0,blank,0,260.64916,214.64822,711797,711972,175
110,0,blank,0,261.61494,214.40512,711972,712148,176
110,0,blank,0,261.7171,215.10028,712148,712320,172
110,0,blank,0,264.25658,222.45584,712320,712489,169
110,0,blank,0,258.20046,221.04994,712489,712662,173
110,0,blank,0,216.63536,179.23278,712662,712837,175
110,0,blank,0,193.2395,169.30955,712837,712908,71
