Frameno_fix,lineno_fix,Tokenname_fix,tokens_id,gaze_X_fix,gaze_Y_fix,timestamp_fix_start,timestamp_fix_end,time_duration
100,0,blank,0,477.86485,29.6560833333333,3576,3764,188
100,0,blank,0,414.48625,69.2616833333333,3764,3951,187
100,0,blank,0,415.35244,77.7084,3951,4107,156
100,0,blank,0,612.8886,196.011666666667,4138,4325,187
100,0,blank,0,450.91595,124.078575,4357,4482,125
100,0,blank,0,617.913916666667,106.196733333333,4514,4699,185
100,0,blank,0,465.631383333333,95.12395,4699,4884,185
100,0,blank,0,383.17815,88.5132833333333,4884,5071,187
100,0,blank,0,356.77442,99.67102,5071,5226,155
100,0,blank,0,643.1451,187.6918,5261,5291,30
100,0,blank,0,1338.9916,356.9802,5358,5527,169
100,0,blank,0,1335.70633333333,445.2277,5527,5723,196
100,0,blank,0,1326.50066666667,496.968616666667,5723,5920,197
100,0,blank,0,0,0,5952,6035,83
100,0,blank,0,759.8819,379.6755,6067,6099,32
100,0,blank,0,767.483116666667,398.59395,6165,6345,180
100,0,blank,0,766.040216666667,398.235283333333,6345,6539,194
100,0,blank,0,773.7418,388.5328,6539,6635,96
100,0,blank,0,0,0,6691,6885,194
100,0,blank,0,0,0,6885,7013,128
100,0,blank,0,0,0,7208,7376,168
100,0,blank,0,0,0,7376,7557,181
100,0,blank,0,0,0,7557,7616,59
100,0,blank,0,729.4034,422.595766666667,7644,7724,80
100,0,blank,0,508.140033333333,248.1497,7757,7952,195
100,0,blank,0,546.72594,181.15542,7952,8116,164
100,0,blank,0,434.181233333333,147.767916666667,8149,8342,193
100,0,blank,0,435.10235,122.21135,8342,8534,192
100,0,blank,0,474.460083333333,117.382033333333,8534,8724,190
100,0,blank,0,495.233383333333,125.2913,8724,8910,186
100,0,blank,0,525.487133333333,132.683516666667,8910,9098,188
100,0,blank,0,494.861866666667,126.881883333333,9098,9287,189
100,0,blank,0,513.46625,133.494683333333,9287,9479,192
100,0,blank,0,441.723166666667,152.522983333333,9479,9672,193
100,0,blank,0,411.815233333333,142.201533333333,9672,9766,94
100,0,blank,0,0,0,9798,9911,113
100,0,blank,0,450.1887,150.0202,9943,9985,42
100,0,blank,0,451.5137,147.124183333333,10050,10234,184
100,0,blank,0,459.05722,159.82064,10234,10393,159
100,0,blank,0,652.340383333333,267.931516666667,10425,10617,192
100,0,blank,0,655.31735,273.030566666667,10617,10809,192
100,0,blank,0,650.538366666667,270.178666666667,10809,10996,187
100,0,blank,0,650.71485,265.1977,10996,11121,125
100,0,blank,0,422.7728,210.7312,11153,11186,33
100,0,blank,0,0,0,11249,11351,102
100,0,blank,0,438.6201,189.5811,11385,11410,25
100,0,blank,0,402.4761,152.329583333333,11466,11642,176
100,0,blank,0,455.5743,166.30725,11642,11831,189
100,0,blank,0,469.024216666667,186.505433333333,11831,12018,187
100,0,blank,0,464.032433333333,191.636633333333,12018,12207,189
100,0,blank,0,446.427966666667,209.918916666667,12207,12390,183
100,0,blank,0,472.475483333333,212.563566666667,12390,12576,186
100,0,blank,0,481.512333333333,214.743316666667,12576,12765,189
100,0,blank,0,448.359133333333,176.18135,12765,12949,184
100,0,blank,0,409.403916666667,154.027683333333,12949,13136,187
100,0,blank,0,439.8846,146.7909,13136,13323,187
100,0,blank,0,429.596733333333,146.385216666667,13323,13510,187
100,0,blank,0,428.343583333333,151.015766666667,13510,13697,187
100,0,blank,0,451.069233333333,147.95365,13697,13886,189
100,10,),44,421.8837,217.8241,13886,14072,186
100,0,blank,0,398.473633333333,246.827083333333,14072,14258,186
100,0,blank,0,394.6254,240.0817,14258,14289,31
100,0,blank,0,432.821283333333,133.33965,14320,14506,186
100,0,blank,0,461.023116666667,172.07965,14506,14692,186
100,0,blank,0,475.6144,192.949966666667,14692,14877,185
100,0,blank,0,427.350633333333,194.1066,14877,15063,186
100,0,blank,0,451.697116666667,206.870566666667,15063,15249,186
100,0,blank,0,454.351266666667,171.858866666667,15249,15435,186
100,0,blank,0,429.105683333333,129.14585,15435,15620,185
100,0,blank,0,413.531033333333,130.0255,15620,15805,185
100,0,blank,0,503.03065,114.5259,15805,15989,184
100,0,blank,0,502.654916666667,122.440766666667,15989,16172,183
100,0,blank,0,491.931516666667,109.815183333333,16172,16358,186
100,0,blank,0,501.253533333333,148.246016666667,16358,16545,187
100,0,blank,0,434.301783333333,223.806616666667,16545,16731,186
100,0,blank,0,426.32245,296.6751,16731,16915,184
100,0,blank,0,458.398083333333,295.433916666667,16915,17097,182
100,0,blank,0,474.677416666667,291.1118,17097,17283,186
100,0,blank,0,524.858116666667,290.949266666667,17283,17467,184
100,0,blank,0,531.91105,270.747583333333,17467,17652,185
100,0,blank,0,515.61565,286.57095,17652,17834,182
100,0,blank,0,504.7315,296.0817,17834,18004,170
100,0,blank,0,486.54345,319.8502,18004,18088,84
100,0,blank,0,617.028475,286.01555,18130,18298,168
100,0,blank,0,621.53985,300.459975,18298,18464,166
100,0,blank,0,692.679233333333,291.432766666667,18464,18657,193
100,0,blank,0,0,0,18687,18839,152
100,0,blank,0,664.886485714286,286.188485714286,18869,19068,199
100,0,blank,0,626.511516666667,296.406883333333,19068,19248,180
100,0,blank,0,650.055183333333,290.716583333333,19248,19427,179
100,0,blank,0,691.9384,291.232633333333,19427,19603,176
100,0,blank,0,706.1915,302.1828,19603,19783,180
100,0,blank,0,736.35682,296.41142,19783,19930,147
100,0,blank,0,422.843733333333,195.206433333333,19959,20139,180
100,0,blank,0,429.181816666667,198.392833333333,20139,20320,181
100,0,blank,0,436.362383333333,142.3648,20320,20499,179
100,0,blank,0,450.61025,167.7998,20499,20680,181
100,0,blank,0,473.552816666667,186.905866666667,20680,20861,181
100,0,blank,0,483.77485,207.184783333333,20861,21049,188
100,0,blank,0,467.092933333333,251.414216666667,21049,21231,182
100,0,blank,0,476.4191,275.4919,21231,21324,93
100,0,blank,0,0,0,21352,21482,130
100,0,blank,0,725.999128571429,291.343114285714,21578,21777,199
100,0,blank,0,695.0358,286.2156,21777,21958,181
100,0,blank,0,700.209083333333,279.581616666667,21958,22138,180
100,0,blank,0,640.376966666667,313.6744,22138,22317,179
100,0,blank,0,534.014466666667,330.861466666667,22317,22498,181
100,0,blank,0,533.069366666667,323.556483333333,22498,22677,179
100,0,blank,0,535.3143,326.657416666667,22677,22857,180
100,16,today,87,507.740916666667,346.609016666667,22857,23035,178
100,16,today,87,484.504216666667,334.855033333333,23035,23212,177
100,16,today,87,516.014416666667,343.718566666667,23212,23392,180
100,16,day,83,565.481566666667,333.066816666667,23392,23572,180
100,0,blank,0,599.635633333333,344.5304,23572,23752,180
100,0,blank,0,602.232966666667,332.301233333333,23752,23843,91
100,0,blank,0,475.3256,328.447166666667,23873,24053,180
100,16,month,79,459.925133333333,336.165,24053,24232,179
100,0,blank,0,463.535633333333,325.7128,24232,24417,185
100,16,1,85,603.333066666667,335.569533333333,24417,24596,179
100,0,blank,0,600.968816666667,332.279233333333,24596,24775,179
100,16,day,83,556.243883333333,334.357383333333,24775,24953,178
100,16,today,87,514.26415,333.581683333333,24953,25132,179
100,16,today,87,515.391183333333,341.890433333333,25132,25312,180
100,0,blank,0,564.4732,328.8912,25312,25491,179
100,16,+,84,591.471283333333,336.6088,25491,25671,180
100,0,blank,0,590.945,327.061833333333,25671,25760,89
100,0,blank,0,694.314116666667,300.649766666667,25789,25969,180
100,0,blank,0,678.07295,284.873283333333,25969,26149,180
100,0,blank,0,713.4386,288.413883333333,26149,26329,180
100,0,blank,0,663.681016666667,282.82415,26329,26509,180
100,0,blank,0,636.8289,276.04855,26509,26691,182
100,0,blank,0,504.720416666667,289.937833333333,26722,26901,179
100,0,blank,0,535.75282,291.45852,26901,27053,152
100,0,blank,0,549.1346,292.7456,27053,27113,60
100,16,today,87,497.04775,337.4858,27281,27466,185
100,0,blank,0,481.1416,330.979416666667,27466,27652,186
100,16,month,79,457.533066666667,345.7578,27652,27834,182
100,16,month,79,454.926066666667,342.417066666667,27834,28020,186
100,0,blank,0,0,0,28050,28207,157
100,0,blank,0,542.86085,358.625966666667,28237,28407,170
100,16,1,85,606.867433333333,344.376566666667,28407,28593,186
100,0,blank,0,600.86475,331.78445,28593,28774,181
100,16,+,84,592.317683333333,338.693766666667,28774,28956,182
100,0,blank,0,630.413983333333,346.150016666667,28956,29136,180
100,0,blank,0,606.3308,313.646,29136,29166,30
100,0,blank,0,451.381316666667,378.01425,29196,29382,186
100,0,blank,0,456.2221,375.8198,29382,29475,93
100,0,blank,0,0,0,29506,29613,107
100,16,month,79,456.2675,339.4496,29639,29665,26
100,16,today,87,495.9278,347.1373,29725,29901,176
100,16,day,83,564.079333333333,341.36305,29901,30093,192
100,16,today,87,516.914833333333,345.215566666667,30093,30286,193
100,16,today,87,517.281,342.33015,30286,30478,192
100,16,day,83,571.81395,350.699966666667,30478,30669,191
100,16,day,83,570.833675,344.986925,30669,30796,127
100,0,blank,0,476.108933333333,261.446166666667,30827,31021,194
100,0,blank,0,463.6368,215.643316666667,31021,31214,193
100,0,blank,0,465.598733333333,202.141566666667,31214,31406,192
100,0,blank,0,460.3846,216.6562,31406,31438,32
100,0,blank,0,474.263433333333,347.490616666667,31471,31660,189
100,0,blank,0,487.296366666667,367.16,31660,31849,189
100,0,blank,0,468.564733333333,370.042816666667,31849,32043,194
100,0,blank,0,440.986316666667,378.22585,32043,32232,189
100,0,blank,0,546.549783333333,363.798083333333,32232,32424,192
100,0,blank,0,604.0664,356.230383333333,32424,32612,188
100,0,blank,0,595.775166666667,360.220766666667,32612,32799,187
100,0,blank,0,583.399233333333,360.865666666667,32799,32986,187
100,0,blank,0,469.549583333333,370.65195,32986,33175,189
100,0,blank,0,435.663866666667,369.3786,33175,33366,191
100,0,blank,0,501.00585,371.326583333333,33366,33554,188
100,0,blank,0,581.282183333333,372.995016666667,33554,33742,188
100,0,blank,0,648.539816666667,368.017366666667,33742,33930,188
100,0,blank,0,676.6231,357.294183333333,33930,34119,189
100,0,blank,0,711.4964,378.60455,34119,34308,189
100,0,blank,0,643.294916666667,355.529016666667,34308,34499,191
100,0,blank,0,657.89966,369.99916,34499,34659,160
100,0,blank,0,0,0,34691,34799,108
100,0,blank,0,679.5928,377.1442,34824,34850,26
100,0,blank,0,675.6326,386.732333333333,34905,35077,172
100,0,blank,0,662.288416666667,379.228783333333,35077,35268,191
100,0,blank,0,661.8213,377.776183333333,35268,35458,190
100,0,blank,0,624.156683333333,369.545233333333,35458,35647,189
100,0,blank,0,631.8022,366.00965,35647,35835,188
100,0,blank,0,649.201916666667,377.738683333333,35835,36022,187
100,0,blank,0,681.019316666667,378.7159,36022,36209,187
100,0,blank,0,668.901116666667,371.843483333333,36209,36395,186
100,0,blank,0,676.860633333333,377.362083333333,36395,36583,188
100,0,blank,0,576.899716666667,354.587666666667,36583,36773,190
100,0,blank,0,514.747833333333,356.0834,36773,36962,189
100,16,today,87,503.93776,343.76836,36962,37119,157
100,0,blank,0,688.597966666667,358.669616666667,37151,37340,189
100,0,blank,0,703.411716666667,361.2168,37340,37525,185
100,0,blank,0,703.98396,366.74524,37525,37683,158
100,20,year,116,502.989533333333,424.319033333333,37714,37910,196
100,0,blank,0,445.99262,386.76342,37910,38101,191
100,0,blank,0,508.11895,389.268383333333,38101,38289,188
100,0,blank,0,510.85815,383.068183333333,38289,38477,188
100,0,blank,0,511.4768,391.403466666667,38477,38571,94
100,0,blank,0,506.088,397.4482,38571,38847,276
100,0,blank,0,537.551583333333,386.72465,38847,39037,190
100,0,blank,0,538.097966666667,381.688216666667,39037,39228,191
100,0,blank,0,583.631166666667,385.870583333333,39228,39413,185
100,0,blank,0,628.2067,387.31045,39413,39600,187
100,0,blank,0,661.641883333333,391.4695,39600,39788,188
100,0,blank,0,662.7997,379.3307,39788,39819,31
100,0,blank,0,0,0,39850,39932,82
100,0,blank,0,686.79655,387.78105,40054,40233,179
100,0,blank,0,610.5516,386.4032,40233,40422,189
100,0,blank,0,566.399266666667,394.909483333333,40422,40610,188
100,0,blank,0,518.928166666667,354.727316666667,40610,40798,188
100,16,today,87,510.7013,342.324083333333,40798,40988,190
100,0,blank,0,523.822866666667,324.320216666667,40988,41184,196
100,0,blank,0,518.6865,304.19185,41184,41373,189
100,16,today,87,528.113316666667,343.073383333333,41373,41567,194
100,0,blank,0,594.882016666667,387.953133333333,41567,41754,187
100,0,blank,0,613.68085,389.929083333333,41754,41938,184
100,0,blank,0,622.727266666667,392.215633333333,41938,42124,186
100,0,blank,0,658.273383333333,398.3687,42124,42311,187
100,0,blank,0,589.680016666667,398.952716666667,42311,42497,186
100,0,blank,0,554.515416666667,393.714766666667,42497,42683,186
100,0,blank,0,554.215266666667,386.3942,42683,42777,94
100,0,blank,0,0,0,42808,42915,107
100,0,blank,0,531.077933333333,384.941716666667,43010,43185,175
100,0,blank,0,521.77745,389.7924,43185,43373,188
100,0,blank,0,557.17575,388.121233333333,43373,43558,185
100,0,blank,0,537.317466666667,403.393333333333,43558,43743,185
100,0,blank,0,725.80275,372.39775,43774,43953,179
100,0,blank,0,731.404933333333,380.624766666667,43953,44133,180
100,0,blank,0,737.175766666667,381.703566666667,44133,44224,91
100,0,blank,0,555.782566666667,385.9835,44253,44434,181
100,0,blank,0,618.2254,397.6584,44434,44612,178
100,0,blank,0,658.691466666667,382.471033333333,44612,44792,180
100,0,blank,0,671.9268,366.3468,44792,44974,182
100,0,blank,0,627.464383333333,391.3887,44974,45154,180
100,0,blank,0,582.817883333333,389.33925,45154,45333,179
100,0,blank,0,526.465316666667,384.803566666667,45333,45513,180
100,0,blank,0,0,0,45543,45685,142
100,0,blank,0,515.993966666667,373.4496,45799,45971,172
100,0,blank,0,504.401916666667,380.103066666667,45971,46150,179
100,0,blank,0,481.6803,366.681083333333,46150,46327,177
100,0,blank,0,481.827425,319.41035,46327,46445,118
100,0,blank,0,476.707366666667,223.5574,46445,46631,186
100,0,blank,0,475.79665,225.774833333333,46631,46826,195
100,0,blank,0,433.241,240.2076,46826,47013,187
100,0,blank,0,452.2015,229.143628571429,47013,47207,194
100,0,blank,0,428.947316666667,198.065683333333,47207,47392,185
100,0,blank,0,456.457,235.557533333333,47392,47547,155
100,0,blank,0,456.396,218.5762,47547,47650,103
100,0,blank,0,451.9077,216.8728,47650,47758,108
100,0,blank,0,682.80465,423.471066666667,47845,48034,189
100,0,blank,0,648.246466666667,388.3308,48034,48222,188
100,0,blank,0,633.619766666667,386.547983333333,48222,48413,191
100,0,blank,0,633.67378,396.16888,48413,48576,163
100,0,blank,0,742.27185,399.84275,48607,48796,189
100,0,blank,0,619.216816666667,381.599633333333,48796,48985,189
100,0,blank,0,603.24245,378.707383333333,48985,49177,192
100,0,blank,0,570.13975,389.314183333333,49177,49372,195
100,0,blank,0,652.30235,381.2175,49372,49562,190
100,0,blank,0,726.40645,395.641983333333,49562,49750,188
100,0,blank,0,735.43652,393.99098,49750,49908,158
100,0,blank,0,560.273216666667,397.157583333333,49940,50129,189
100,0,blank,0,555.33335,391.21635,50129,50192,63
100,0,blank,0,0,0,50224,50305,81
100,0,blank,0,826.9504,795.7479,50331,50356,25
100,0,blank,0,618.184883333333,384.9647,50405,50575,170
100,0,blank,0,679.492116666667,392.557183333333,50575,50762,187
100,0,blank,0,717.015133333333,399.52085,50762,50949,187
100,0,blank,0,745.712333333333,397.844,50949,51136,187
100,0,blank,0,674.629366666667,402.099216666667,51136,51325,189
100,0,blank,0,665.03865,403.50815,51325,51512,187
100,0,blank,0,731.364383333333,408.77345,51512,51699,187
100,0,blank,0,725.4619,392.3476,51699,51887,188
100,0,blank,0,751.4395,393.9286,51887,51918,31
100,0,blank,0,0,0,51981,52060,79
100,0,blank,0,752.4384,388.3625,52085,52111,26
100,0,blank,0,742.0485,396.757016666667,52163,52335,172
100,0,blank,0,729.41465,401.2314,52335,52397,62
100,20,+,117,525.006183333333,429.011266666667,52429,52617,188
100,0,blank,0,505.840733333333,464.410366666667,52617,52804,187
100,0,blank,0,556.484383333333,438.94665,52804,52987,183
100,0,blank,0,596.210833333333,429.81,52987,53168,181
100,0,blank,0,660.917233333333,438.40725,53168,53353,185
100,0,blank,0,636.197666666667,430.488383333333,53353,53537,184
100,0,blank,0,591.82145,433.875325,53537,53657,120
100,0,blank,0,744.752633333333,444.0028,53688,53872,184
100,0,blank,0,757.443416666667,449.7174,53872,54053,181
100,0,blank,0,811.523383333333,452.23715,54053,54235,182
100,0,blank,0,755.266083333333,451.0466,54235,54414,179
100,0,blank,0,731.34325,434.04255,54414,54595,181
100,0,blank,0,725.793675,444.219925,54595,54715,120
100,0,blank,0,544.51615,451.355266666667,54748,54925,177
100,0,blank,0,551.18925,511.5559,54925,55104,179
100,0,blank,0,615.53534,440.86552,55194,55380,186
100,0,blank,0,620.168483333333,440.204733333333,55380,55563,183
100,0,blank,0,635.630533333333,423.49715,55563,55741,178
100,0,blank,0,628.5991,438.53868,55741,55923,182
100,0,blank,0,596.728516666667,428.416733333333,55923,56102,179
100,0,blank,0,629.481066666667,384.573283333333,56102,56281,179
100,0,blank,0,545.335983333333,374.7976,56281,56460,179
100,0,blank,0,538.26,394.023633333333,56460,56641,181
100,0,blank,0,592.098766666667,392.678516666667,56641,56822,181
100,0,blank,0,634.560683333333,400.950633333333,56822,56999,177
100,0,blank,0,649.958966666667,388.677716666667,56999,57177,178
100,0,blank,0,660.31635,385.906666666667,57177,57355,178
100,0,blank,0,669.67045,399.286133333333,57355,57532,177
100,0,blank,0,651.789375,441.59685,57532,57675,143
100,0,blank,0,592.051325,474.454275,57675,57852,177
100,24,today,139,577.91325,512.11925,57852,58033,181
100,0,blank,0,530.984575,497.139425,58033,58213,180
100,0,blank,0,661.551433333333,391.627316666667,58275,58455,180
100,0,blank,0,683.40105,669.8596,58945,59001,56
100,0,blank,0,0,0,59060,59191,131
100,0,blank,0,633.542233333333,473.1351,59285,59366,81
100,0,blank,0,633.486116666667,403.878316666667,59395,59570,175
100,0,blank,0,654.38775,399.921616666667,59570,59751,181
100,0,blank,0,629.2183,599.7642,59893,60008,115
100,0,blank,0,609.56645,449.976133333333,60098,60281,183
100,0,blank,0,575.114333333333,444.3072,60281,60460,179
100,0,blank,0,604.335283333333,437.0372,60668,60845,177
100,0,blank,0,653.448466666667,468.893083333333,60845,61022,177
100,0,blank,0,661.98035,463.072033333333,61022,61202,180
100,0,blank,0,656.931333333333,457.631,61202,61379,177
100,0,blank,0,689.839916666667,439.3957,61379,61559,180
100,0,blank,0,713.751316666667,440.344633333333,61559,61737,178
100,0,blank,0,749.248666666667,461.810266666667,61737,61917,180
100,0,blank,0,774.385616666667,435.21135,61917,62095,178
100,0,blank,0,794.335966666667,452.372133333333,62095,62186,91
100,0,blank,0,0,0,62217,62376,159
100,0,blank,0,758.4865,442.202571428571,62407,62602,195
100,0,blank,0,762.3561,458.8416,62602,62751,149
100,0,blank,0,641.798,461.79255,62780,62868,88
100,0,blank,0,660.17286,441.35908,63050,63227,177
100,0,blank,0,690.817583333333,444.709616666667,63227,63405,178
100,0,blank,0,688.7316,434.7628,63405,63435,30
100,0,blank,0,768.90845,444.859266666667,63464,63642,178
100,0,blank,0,811.8592,445.886833333333,63642,63819,177
100,0,blank,0,856.234266666667,439.3089,63819,63997,178
100,0,blank,0,888.166016666667,463.47415,63997,64177,180
100,0,blank,0,886.385516666667,457.8505,64177,64356,179
100,0,blank,0,883.79535,458.948583333333,64356,64534,178
100,0,blank,0,903.82045,448.34075,64534,64713,179
100,0,blank,0,897.324833333333,465.337883333333,64713,64893,180
100,0,blank,0,918.668833333333,458.312733333333,64893,65069,176
100,0,blank,0,937.238783333333,452.99005,65069,65249,180
100,0,blank,0,941.228466666667,466.265883333333,65249,65427,178
100,0,blank,0,991.822133333333,443.4611,65427,65607,180
100,0,blank,0,985.6285,454.1194,65607,65637,30
100,0,blank,0,0,0,65668,65722,54
100,0,blank,0,974.8448,741.9422,65748,65773,25
100,0,blank,0,1002.111,431.36,65916,65941,25
100,0,blank,0,778.8254,413.862925,65973,66145,172
100,0,blank,0,838.12915,418.3476,66145,66306,161
100,0,blank,0,820.8208,455.8351,66306,66430,124
100,0,blank,0,868.845025,423.122675,66470,66630,160
100,0,blank,0,887.076933333333,463.863,66630,66741,111
100,0,blank,0,737.688366666667,442.85715,66770,66944,174
100,0,blank,0,747.3865,466.2504,66944,66974,30
100,0,blank,0,557.75786,458.07584,67003,67151,148
100,0,blank,0,0,0,67351,67432,81
100,0,blank,0,0,0,67516,67682,166
100,0,blank,0,502.16152,410.98426,67708,67859,151
100,20,year,116,483.2074,421.4399,67859,67915,56
100,0,blank,0,471.1451,465.2421,68097,68228,131
100,0,blank,0,499.4933,483.222666666667,68228,68413,185
100,0,blank,0,552.661625,471.29625,68413,68585,172
100,0,blank,0,569.801125,490.358925,68585,68752,167
100,0,blank,0,592.974775,461.86945,68752,68915,163
100,0,blank,0,576.73916,504.24744,68915,69095,180
100,0,blank,0,582.950483333333,492.23095,69095,69273,178
100,0,blank,0,613.875166666667,493.232466666667,69273,69447,174
100,24,year,141,643.02995,525.125216666667,69447,69626,179
100,0,blank,0,617.888916666667,501.084583333333,69626,69805,179
100,0,blank,0,565.21425,484.608566666667,69805,69979,174
100,0,blank,0,587.58435,635.4877,69979,70159,180
100,0,blank,0,518.73006,627.18568,70189,70335,146
100,0,blank,0,514.1176,557.804,70335,70419,84
100,0,blank,0,469.9005,589.4136,70534,70562,28
100,0,blank,0,555.041716666667,478.603366666667,70590,70768,178
100,0,blank,0,564.77585,467.90265,70768,70827,59
100,0,blank,0,559.301666666667,627.403783333333,70856,71033,177
100,0,blank,0,612.2385,588.913683333333,71033,71210,177
100,0,blank,0,581.165366666667,485.007733333333,71210,71299,89
100,0,blank,0,597.698066666667,468.744083333333,71357,71534,177
100,0,blank,0,547.221266666667,482.3558,71534,71712,178
100,0,blank,0,541.902283333333,465.159233333333,71712,71888,176
100,0,blank,0,593.7355,459.152066666667,71888,72065,177
100,0,blank,0,606.09905,469.56865,72065,72124,59
100,0,blank,0,0,0,72154,72319,165
100,0,blank,0,634.2271,463.83285,72347,72396,49
100,0,blank,0,639.14155,467.394033333333,72423,72601,178
100,0,blank,0,635.798983333333,469.71995,72601,72777,176
100,24,year,141,648.939083333333,515.366783333333,72777,72951,174
100,0,blank,0,834.5391,715.5694,73096,73127,31
100,0,blank,0,636.5622,478.24516,73155,73307,152
100,0,blank,0,564.373325,500.1613,73307,73484,177
100,0,blank,0,517.2746,522.107766666667,73484,73681,197
100,0,blank,0,604.92752,561.73916,73681,73856,175
100,0,blank,0,603.38396,551.95656,73856,74033,177
100,24,.,140,606.907783333333,515.55405,74172,74347,175
100,0,blank,0,642.163566666667,502.119583333333,74347,74524,177
100,0,blank,0,622.95495,462.213566666667,74524,74699,175
100,0,blank,0,629.30476,439.70274,74699,74845,146
100,0,blank,0,662.12496,445.6016,74874,75060,186
100,0,blank,0,664.6034,439.92804,75089,75265,176
100,0,blank,0,652.4315,444.6487,75265,75300,35
100,0,blank,0,709.655966666667,530.352383333333,75330,75506,176
100,0,blank,0,733.437483333333,529.240133333333,75506,75684,178
100,0,blank,0,710.848533333333,537.754083333333,75684,75861,177
100,0,blank,0,713.827883333333,536.397366666667,75861,76038,177
100,0,blank,0,741.372533333333,526.211866666667,76038,76216,178
100,0,blank,0,735.849766666667,528.1846,76216,76391,175
100,0,blank,0,727.818083333333,535.012083333333,76391,76569,178
100,0,blank,0,786.483216666667,528.034816666667,76569,76746,177
100,0,blank,0,836.074716666667,535.682233333333,76746,76921,175
100,0,blank,0,795.904016666667,522.130383333333,76921,77095,174
100,0,blank,0,796.725233333333,535.610416666667,77095,77271,176
100,0,blank,0,839.524933333333,538.55675,77271,77446,175
100,0,blank,0,825.213775,536.89275,77446,77562,116
100,0,blank,0,690.272066666667,424.617466666667,77591,77767,176
100,0,blank,0,703.489416666667,424.210883333333,77767,77943,176
100,0,blank,0,744.249633333333,432.587783333333,77943,78122,179
100,0,blank,0,712.7534,425.7048,78122,78151,29
100,0,blank,0,599.604275,506.844875,78180,78357,177
100,24,today,139,578.12582,509.98956,78357,78505,148
100,0,blank,0,517.344266666667,378.858233333333,78677,78854,177
100,0,blank,0,550.36396,401.55286,78854,79029,175
100,0,blank,0,647.88418,438.73232,79029,79206,177
100,0,blank,0,0,0,79240,79266,26
100,0,blank,0,699.207066666667,569.349966666667,79383,79461,78
100,0,blank,0,790.77005,532.60835,79490,79666,176
100,0,blank,0,748.743766666667,498.0806,79666,79843,177
100,0,blank,0,682.878516666667,413.021916666667,79843,80019,176
100,0,blank,0,650.402,396.669666666667,80019,80196,177
100,0,blank,0,649.343766666667,414.881133333333,80196,80287,91
100,0,blank,0,808.947983333333,543.772533333333,80316,80496,180
100,0,blank,0,808.999133333333,536.2459,80496,80673,177
100,0,blank,0,822.243216666667,533.718433333333,80673,80852,179
100,0,blank,0,868.147816666667,548.541433333333,80852,81030,178
100,0,blank,0,877.394133333333,534.655,81030,81210,180
100,0,blank,0,884.84165,532.66045,81210,81328,118
100,0,blank,0,0,0,81358,81489,131
100,0,blank,0,825.7121,530.0771,81525,81567,42
100,0,blank,0,832.348216666667,544.0235,81629,81800,171
100,0,blank,0,863.341483333333,553.815,81800,81983,183
100,0,blank,0,882.128483333333,548.281816666667,81983,82163,180
100,0,blank,0,719.353216666667,508.086216666667,82193,82372,179
100,0,blank,0,726.71692,524.70664,82372,82519,147
100,0,blank,0,513.82655,626.8685,82773,82832,59
100,0,blank,0,0,0,83002,83189,187
100,0,blank,0,555.399116666667,643.501083333333,83242,83421,179
100,0,blank,0,598.830066666667,647.819366666667,83421,83598,177
100,0,blank,0,624.380633333333,625.413783333333,83598,83775,177
100,0,blank,0,624.717125,643.31765,83775,83892,117
100,0,blank,0,658.63085,489.363166666667,83921,84097,176
100,0,blank,0,695.7581,467.553516666667,84097,84273,176
100,0,blank,0,689.3643,517.6314,84273,84391,118
100,24,today,139,590.2585,514.118666666667,84478,84654,176
100,0,blank,0,551.469333333333,484.905866666667,84654,84743,89
100,0,blank,0,649.691266666667,629.2281,84801,84976,175
100,0,blank,0,593.049925,623.19585,84976,85120,144
100,0,blank,0,626.3549,633.8349,85120,85292,172
100,0,blank,0,643.03104,624.43632,85321,85495,174
100,0,blank,0,662.7698,621.524566666667,85495,85673,178
100,0,blank,0,714.325233333333,618.1886,85673,85851,178
100,0,blank,0,739.25295,602.5125,85851,86028,177
100,0,blank,0,735.629583333333,597.897783333333,86028,86208,180
100,0,blank,0,728.077333333333,613.196033333333,86208,86391,183
100,0,blank,0,757.592333333333,601.863516666667,86391,86570,179
100,0,blank,0,763.0676,603.518216666667,86570,86749,179
100,0,blank,0,734.423,585.41785,86749,86810,61
100,0,blank,0,667.54715,477.571225,86840,86957,117
100,0,blank,0,571.50666,453.3279,87016,87160,144
100,0,blank,0,573.26854,496.86706,87390,87535,145
100,0,blank,0,540.6634,536.1778,87594,87740,146
100,0,blank,0,0,0,87850,87879,29
100,0,blank,0,759.485,656.6064,87905,87932,27
100,0,blank,0,608.035171428571,499.831928571429,87989,88183,194
100,0,blank,0,598.966233333333,485.188766666667,88183,88309,126
100,0,blank,0,586.9437,505.5273,88309,88425,116
100,0,blank,0,592.63125,465.3214,88425,88613,188
100,0,blank,0,641.478366666667,480.587483333333,88613,88798,185
100,0,blank,0,654.607383333333,475.26505,88798,88977,179
100,0,blank,0,662.079066666667,483.678533333333,88977,89155,178
100,0,blank,0,707.0219,457.684533333333,89155,89332,177
100,0,blank,0,730.73985,450.117583333333,89332,89508,176
100,0,blank,0,705.36015,457.453566666667,89508,89686,178
100,0,blank,0,660.23435,492.07815,89686,89804,118
100,0,blank,0,833.932016666667,636.214766666667,89833,90016,183
100,0,blank,0,780.177833333333,621.0763,90016,90195,179
100,0,blank,0,691.648116666667,620.621683333333,90195,90378,183
100,0,blank,0,605.18402,636.55918,90378,90554,176
100,0,blank,0,579.901016666667,644.532816666667,90554,90728,174
100,0,blank,0,549.89212,633.93352,90728,90875,147
100,0,blank,0,732.1724,703.3226,91017,91051,34
100,0,blank,0,619.0175,614.7713,91222,91393,171
100,0,blank,0,617.23224,627.73446,91393,91539,146
100,0,blank,0,0,0,91569,91673,104
100,0,blank,0,665.0544,613.597,91698,91724,26
100,0,blank,0,716.318914285714,636.119285714286,91786,91983,197
100,0,blank,0,772.085333333333,611.8378,91983,92161,178
100,0,blank,0,793.03875,605.056616666667,92161,92336,175
100,0,blank,0,735.4268,617.267833333333,92336,92515,179
100,0,blank,0,748.945916666667,598.9845,92515,92694,179
100,0,blank,0,724.796616666667,611.170383333333,92694,92874,180
100,0,blank,0,750.16395,606.040366666667,92874,93053,179
100,0,blank,0,739.945783333333,606.060766666667,93053,93233,180
100,0,blank,0,718.169566666667,607.1081,93233,93413,180
100,0,blank,0,755.514516666667,618.604316666667,93413,93593,180
100,0,blank,0,775.353633333333,603.199183333333,93593,93773,180
100,0,blank,0,818.78525,628.680316666667,93773,93950,177
100,0,blank,0,818.258416666667,625.44675,93950,94128,178
100,0,blank,0,844.306333333333,615.257683333333,94128,94306,178
100,0,blank,0,825.211516666667,625.372483333333,94306,94483,177
100,0,blank,0,851.501433333333,627.39415,94483,94662,179
100,0,blank,0,861.27005,631.87665,94662,94844,182
100,0,blank,0,916.5143,622.3176,94844,95023,179
100,0,blank,0,932.854216666667,615.390666666667,95023,95199,176
100,0,blank,0,952.6375,622.260433333333,95199,95287,88
100,0,blank,0,0,0,95316,95500,184
100,0,blank,0,0,0,95500,95679,179
100,0,blank,0,0,0,95679,95862,183
100,0,blank,0,0,0,95862,96044,182
100,0,blank,0,0,0,96044,96230,186
100,0,blank,0,0,0,96230,96412,182
100,0,blank,0,0,0,96412,96592,180
100,0,blank,0,0,0,96592,96779,187
100,0,blank,0,0,0,96779,96963,184
100,0,blank,0,0,0,96963,97146,183
100,0,blank,0,0,0,97146,97334,188
100,0,blank,0,0,0,97334,97518,184
100,0,blank,0,0,0,97518,97701,183
100,0,blank,0,0,0,97701,97848,147
100,0,blank,0,713.5393,732.05332,97928,98073,145
100,0,blank,0,0,0,98241,98422,181
100,0,blank,0,0,0,98422,98451,29
100,0,blank,0,653.0272,677.1275,98855,98880,25
100,0,blank,0,532.90565,724.0332,98977,99036,59
100,0,blank,0,744.6476,816.7784,99353,99644,291
100,0,blank,0,741.54675,778.38915,99644,99754,110
100,0,blank,0,600.018016666667,731.464933333333,99842,100014,172
100,0,blank,0,591.704616666667,724.459316666667,100014,100192,178
100,0,blank,0,651.514666666667,724.198866666667,100192,100369,177
100,0,blank,0,674.513283333333,704.63815,100369,100547,178
100,0,blank,0,0,0,100607,100710,103
100,0,blank,0,937.476,565.5675,100735,100762,27
100,0,blank,0,942.585116666667,609.6192,100823,100993,170
100,0,blank,0,841.540316666667,601.361016666667,100993,101173,180
100,0,blank,0,855.9021,606.32465,101173,101352,179
100,0,blank,0,904.366833333333,611.233366666667,101352,101533,181
100,0,blank,0,932.03622,605.29524,101533,101683,150
100,0,blank,0,746.13225,621.068866666667,101713,101891,178
100,0,blank,0,768.07185,614.795833333333,101891,102071,180
100,0,blank,0,810.85805,610.374316666667,102071,102251,180
100,0,blank,0,805.17035,609.945916666667,102251,102430,179
100,0,blank,0,851.24545,614.69865,102430,102610,180
100,0,blank,0,764.24575,614.91885,102610,102789,179
100,0,blank,0,720.8358,566.0861,102789,102819,30
100,0,blank,0,830.042,617.175083333333,102848,103027,179
100,0,blank,0,555.05854,750.55348,103087,103238,151
100,0,blank,0,636.91795,758.6506,103238,103379,141
100,0,blank,0,706.4242,741.87375,103701,103762,61
100,0,blank,0,0,0,103958,104139,181
100,0,blank,0,0,0,104139,104202,63
100,0,blank,0,801.8061,789.53245,104233,104282,49
100,0,blank,0,676.5349,761.4283,104365,104560,195
100,0,blank,0,780.265925,677.00425,104587,104739,152
100,0,blank,0,766.8685,759.1842,104795,104992,197
100,0,blank,0,812.873,753.4244,104992,105046,54
100,0,blank,0,830.9409,818.65085,105046,105218,172
100,0,blank,0,773.557,793.45025,105584,105749,165
100,0,blank,0,0,0,106103,106154,51
100,24,},142,671.699425,513.514775,106400,106587,187
100,0,blank,0,457.9117,570.16935,106626,106789,163
100,0,blank,0,466.8828,627.3325,106789,106831,42
100,0,blank,0,513.1352,623.45246,107034,107221,187
100,0,blank,0,553.281366666667,639.1897,107221,107395,174
100,0,blank,0,608.237583333333,627.50205,107395,107570,175
100,0,blank,0,627.1118,601.3382,107570,107599,29
100,16,month,79,443.069483333333,341.47935,107657,107831,174
100,0,blank,0,451.5482,359.8905,107831,107860,29
100,0,blank,0,346.27125,346.017216666667,107889,108066,177
100,16,today,87,391.006666666667,350.2414,108066,108244,178
100,0,blank,0,410.263716666667,355.463116666667,108244,108420,176
100,0,blank,0,383.526366666667,324.088983333333,108420,108597,177
100,14,numberOfDays,64,335.5558,300.6034,108597,108692,95
100,14,numberOfDays,64,341.5464,296.5793,108692,108805,113
100,14,today,66,396.5577,297.8173,108805,108915,110
100,0,blank,0,374.733928571429,284.953171428571,109127,109325,198
100,0,blank,0,357.7873,239.466266666667,109325,109500,175
100,10,today,43,376.254883333333,212.002133333333,109500,109678,178
100,10,today,43,375.37445,205.73645,109678,109855,177
100,0,blank,0,351.066916666667,238.082633333333,109855,110032,177
100,0,blank,0,360.358633333333,223.87625,110032,110209,177
100,0,blank,0,352.08835,190.485983333333,110209,110386,177
100,0,blank,0,339.48145,151.614133333333,110386,110564,178
100,0,blank,0,330.9939,159.036983333333,110564,110742,178
100,0,blank,0,374.00808,166.17082,110742,110893,151
100,0,blank,0,0,0,110923,111003,80
100,0,blank,0,365.4652,197.0743,111029,111054,25
100,0,blank,0,367.401533333333,224.398366666667,111116,111286,170
100,0,blank,0,383.098316666667,231.07985,111286,111465,179
100,0,blank,0,382.803083333333,236.855233333333,111465,111643,178
100,0,blank,0,380.687466666667,251.6848,111643,111821,178
100,0,blank,0,344.59585,244.240683333333,111821,111997,176
100,0,blank,0,378.665566666667,251.213,111997,112173,176
100,0,blank,0,384.516283333333,253.359766666667,112173,112352,179
100,13,),56,360.168333333333,283.844033333333,112352,112527,175
100,14,numberOfDays,64,333.1355,300.915516666667,112527,112702,175
100,14,numberOfDays,64,324.716116666667,304.221633333333,112702,112879,177
100,0,blank,0,365.586433333333,321.9899,112879,113057,178
100,0,blank,0,423.32405,320.637466666667,113057,113234,177
100,0,blank,0,424.817183333333,323.21665,113234,113412,178
100,0,blank,0,445.04705,323.844533333333,113412,113592,180
100,0,blank,0,463.277383333333,323.7705,113592,113764,172
100,0,blank,0,385.068916666667,322.589533333333,113764,113942,178
100,0,blank,0,470.602483333333,321.0287,113942,114119,177
100,0,blank,0,528.294016666667,323.953166666667,114119,114296,177
100,0,blank,0,564.146533333333,303.63355,114296,114472,176
100,0,blank,0,552.9197,319.2135,114472,114531,59
100,0,blank,0,423.25145,329.5645,114561,114738,177
100,0,blank,0,357.50625,319.071333333333,114738,114913,175
100,0,blank,0,346.3547,322.812633333333,114913,115089,176
100,16,today,87,395.899916666667,352.71835,115089,115266,177
100,16,today,87,393.986066666667,350.452333333333,115266,115442,176
100,0,blank,0,394.3767,362.8913,115442,115504,62
100,0,blank,0,0,0,115532,115637,105
100,0,blank,0,364.1522,368.6621,115663,115701,38
100,0,blank,0,399.177857142857,371.236885714286,115763,115962,199
100,16,comma,86,465.126716666667,352.225083333333,115962,116137,175
100,0,blank,0,463.979533333333,356.7913,116137,116313,176
100,0,blank,0,446.25335,355.466766666667,116313,116489,176
100,0,blank,0,408.173566666667,369.68605,116489,116665,176
100,0,blank,0,373.059033333333,364.788216666667,116665,116842,177
100,0,blank,0,353.51795,386.1689,116842,117021,179
100,20,comma,113,397.486316666667,440.028966666667,117021,117201,180
100,0,blank,0,442.6097,393.8422,117201,117399,198
100,0,blank,0,423.4811,413.991,117399,117426,27
100,0,blank,0,0,0,117481,117582,101
100,16,.,88,411.431457142857,350.138428571429,117608,117796,188
100,0,blank,0,390.1256,373.889866666667,117796,117968,172
100,16,today,87,356.14535,349.934166666667,117968,118140,172
100,13,d,55,343.7341,268.8739,118140,118315,175
100,0,blank,0,337.612966666667,225.540166666667,118315,118492,177
100,10,date,42,346.8831,213.95965,118492,118672,180
100,0,blank,0,362.80475,186.45515,118672,118731,59
100,0,blank,0,447.1862,407.222133333333,118761,118939,178
100,0,blank,0,434.475666666667,399.971316666667,118939,119117,178
100,0,blank,0,415.107716666667,380.544383333333,119117,119297,180
100,0,blank,0,419.619616666667,371.614066666667,119297,119479,182
100,0,blank,0,391.4982,389.537466666667,119479,119661,182
100,0,blank,0,400.520033333333,370.927633333333,119661,119843,182
100,0,blank,0,403.990033333333,385.793666666667,119843,120026,183
100,0,blank,0,391.48765,390.37845,120026,120207,181
100,0,blank,0,393.439916666667,410.302616666667,120207,120388,181
100,0,blank,0,420.10495,406.830366666667,120388,120570,182
100,0,blank,0,370.717083333333,407.680933333333,120570,120748,178
100,0,blank,0,351.942766666667,409.510483333333,120748,120928,180
100,0,blank,0,351.495966666667,396.577566666667,120928,121019,91
100,0,blank,0,498.366583333333,403.965866666667,121051,121229,178
100,0,blank,0,526.860383333333,402.948083333333,121229,121408,179
100,0,blank,0,522.680716666667,408.648366666667,121408,121587,179
100,0,blank,0,533.3064,406.125366666667,121587,121766,179
100,0,blank,0,511.220716666667,410.006133333333,121766,121944,178
100,0,blank,0,444.952,402.812483333333,121944,122123,179
100,0,blank,0,416.797183333333,400.274566666667,122123,122300,177
100,0,blank,0,388.84225,390.733025,122300,122420,120
100,0,blank,0,542.00165,396.717816666667,122449,122627,178
100,0,blank,0,570.05605,396.758416666667,122627,122805,178
100,0,blank,0,564.52245,391.873683333333,122805,122983,178
100,0,blank,0,502.522666666667,394.191416666667,122983,123163,180
100,0,blank,0,541.41495,395.143183333333,123163,123341,178
100,0,blank,0,529.8359,385.4134,123341,123372,31
100,0,blank,0,380.665266666667,398.006283333333,123401,123580,179
100,0,blank,0,368.849233333333,401.404983333333,123580,123759,179
100,0,blank,0,347.29875,391.1399,123759,123936,177
100,0,blank,0,369.0874,398.841466666667,123936,124114,178
100,0,blank,0,413.355416666667,400.124333333333,124114,124293,179
100,0,blank,0,383.96245,419.83295,124293,124471,178
100,0,blank,0,408.44285,410.511766666667,124471,124650,179
100,0,blank,0,387.724033333333,417.973966666667,124650,124826,176
100,0,blank,0,355.854516666667,410.752883333333,124826,125005,179
100,0,blank,0,390.121033333333,395.407716666667,125005,125190,185
100,0,blank,0,492.127133333333,397.753133333333,125190,125370,180
100,0,blank,0,423.560633333333,394.068383333333,125370,125547,177
100,18,),101,327.08145,383.61255,125547,125731,184
100,0,blank,0,553.6666,377.458966666667,125760,125944,184
100,0,blank,0,604.3591,398.22395,125944,126124,180
100,0,blank,0,600.159866666667,404.0101,126124,126214,90
100,0,blank,0,387.14585,388.767133333333,126244,126424,180
100,0,blank,0,353.497683333333,359.0752,126424,126608,184
100,0,blank,0,330.23575,329.054733333333,126608,126803,195
100,0,blank,0,329.244675,321.637175,126803,126922,119
100,16,month,79,431.8156,334.8767,126952,127130,178
100,0,blank,0,494.84045,384.943416666667,127130,127310,180
100,0,blank,0,585.234833333333,388.322083333333,127310,127490,180
100,0,blank,0,601.488733333333,395.91545,127490,127671,181
100,0,blank,0,609.269725,392.197675,127671,127790,119
100,0,blank,0,423.584916666667,408.038633333333,127820,127999,179
100,0,blank,0,445.229833333333,408.346516666667,127999,128177,178
100,0,blank,0,463.201416666667,402.8494,128177,128355,178
100,0,blank,0,404.692966666667,396.191416666667,128355,128532,177
100,0,blank,0,365.37555,399.07015,128532,128713,181
100,0,blank,0,347.38415,391.156416666667,128713,128890,177
100,0,blank,0,443.0668,393.55494,128890,129065,175
100,0,blank,0,413.84165,407.8083,129065,129228,163
100,0,blank,0,386.58715,391.27535,129228,129400,172
100,0,blank,0,411.7612,427.15646,129400,129571,171
100,0,blank,0,369.880416666667,417.215666666667,129571,129751,180
100,0,blank,0,470.040383333333,419.314883333333,129751,129929,178
100,20,today,114,454.96845,439.19605,129929,129990,61
100,0,blank,0,538.45675,411.3655,130020,130202,182
100,0,blank,0,604.175766666667,404.314983333333,130202,130387,185
100,0,blank,0,608.99625,393.899916666667,130387,130565,178
100,0,blank,0,517.38115,397.919483333333,130565,130747,182
100,0,blank,0,446.648283333333,393.345716666667,130747,130932,185
100,0,blank,0,431.21125,386.7318,130932,131115,183
100,0,blank,0,455.53615,396.090283333333,131115,131299,184
100,0,blank,0,500.221816666667,401.182816666667,131299,131484,185
100,0,blank,0,0,0,131516,131598,82
100,0,blank,0,589.073583333333,406.694883333333,131693,131868,175
100,0,blank,0,554.950883333333,403.283566666667,131868,132053,185
100,0,blank,0,586.501316666667,394.237233333333,132053,132233,180
100,0,blank,0,595.384983333333,400.174983333333,132233,132413,180
100,0,blank,0,562.392483333333,400.847833333333,132413,132591,178
100,0,blank,0,532.953183333333,398.993033333333,132591,132768,177
100,0,blank,0,492.487783333333,379.408983333333,132768,132947,179
100,0,blank,0,424.211433333333,398.789933333333,132947,133126,179
100,0,blank,0,365.126766666667,408.47895,133126,133303,177
100,0,blank,0,352.967433333333,385.172166666667,133303,133480,177
100,0,blank,0,403.80805,385.780433333333,133480,133662,182
100,0,blank,0,412.42855,392.40285,133662,133841,179
100,0,blank,0,407.4962,401.72135,133841,134021,180
100,0,blank,0,408.250916666667,401.481933333333,134021,134203,182
100,16,today,87,523.345316666667,339.578516666667,134233,134413,180
100,16,today,87,521.153016666667,343.52115,134413,134590,177
100,0,blank,0,377.74825,425.527333333333,134619,134795,176
100,0,blank,0,341.401916666667,415.23925,134795,134972,177
100,0,blank,0,374.5619,427.8502,134972,135151,179
100,0,blank,0,400.3342,417.853833333333,135151,135333,182
100,0,blank,0,390.9407,368.59215,135333,135394,61
100,14,numberOfDays,64,339.683216666667,308.17895,135423,135602,179
100,0,blank,0,365.047116666667,320.780116666667,135602,135779,177
100,0,blank,0,429.72175,328.788866666667,135779,135957,178
100,14,),68,438.4176,307.158966666667,135957,136047,90
100,0,blank,0,565.77055,316.843133333333,136074,136249,175
100,0,blank,0,597.353816666667,331.737583333333,136249,136427,178
100,16,1,85,608.08915,333.47045,136427,136607,180
100,16,.,88,541.068016666667,338.141916666667,136607,136786,179
100,0,blank,0,534.4878,328.463325,136786,136904,118
100,10,date,42,345.139116666667,221.438966666667,136933,137109,176
100,0,blank,0,352.2392,223.96545,137109,137168,59
100,0,blank,0,394.54235,614.996833333333,137227,137404,177
100,0,blank,0,336.727816666667,687.529466666667,137404,137582,178
100,32,=,174,313.3722,687.687366666667,137582,137757,175
100,31,date,164,315.856233333333,675.750266666667,137757,137844,87
100,20,1,118,355.07524,433.26448,137874,138021,147
100,0,blank,0,350.07975,358.451066666667,138051,138226,175
100,16,today,87,361.7071,340.0625,138226,138256,30
100,0,blank,0,456.663033333333,406.097666666667,138285,138461,176
100,0,blank,0,439.16185,412.417666666667,138461,138638,177
100,0,blank,0,398.4731,396.21815,138638,138817,179
100,0,blank,0,400.84746,402.65898,138817,138964,147
100,0,blank,0,558.011966666667,384.089366666667,138995,139174,179
100,0,blank,0,504.056916666667,395.867533333333,139174,139350,176
100,0,blank,0,514.2264,384.9126,139350,139379,29
100,0,blank,0,380.727833333333,410.250866666667,139409,139590,181
100,0,blank,0,369.906666666667,411.52235,139590,139772,182
100,0,blank,0,364.50055,402.191533333333,139772,139951,179
100,0,blank,0,417.63405,408.792233333333,139951,140130,179
100,0,blank,0,414.814983333333,409.564483333333,140130,140306,176
100,0,blank,0,445.00255,411.577633333333,140306,140483,177
100,20,.,115,469.694833333333,421.762366666667,140483,140661,178
100,20,year,116,474.1537,424.361616666667,140661,140841,180
100,20,.,115,465.693516666667,426.5989,140841,141021,180
100,20,today,114,458.551933333333,424.468716666667,141021,141197,176
100,0,blank,0,521.984366666667,416.83005,141197,141373,176
100,0,blank,0,515.68265,426.40185,141373,141550,177
100,20,+,117,527.9943,422.071883333333,141550,141728,178
100,0,blank,0,550.859883333333,416.539466666667,141728,141904,176
100,20,1,118,547.47945,424.8652,141904,142082,178
100,0,blank,0,0,0,142112,142267,155
100,0,blank,0,622.3276,408.7596,142293,142319,26
100,0,blank,0,618.534471428571,409.319314285714,142366,142562,196
100,20,year,116,507.271733333333,434.676916666667,142591,142766,175
100,20,1,118,548.972083333333,432.347716666667,142766,142941,175
100,20,1,118,546.682683333333,429.892033333333,142941,143116,175
100,0,blank,0,613.129866666667,429.636683333333,143116,143290,174
100,0,blank,0,619.90305,435.153166666667,143290,143468,178
100,0,blank,0,619.0382,443.323233333333,143468,143644,176
100,0,blank,0,621.154583333333,431.795933333333,143644,143821,177
100,0,blank,0,629.2716,410.967533333333,143821,143998,177
100,0,blank,0,644.369,433.1861,143998,144028,30
100,0,blank,0,414.050116666667,467.06395,144056,144234,178
100,0,blank,0,396.668933333333,465.230983333333,144234,144409,175
100,0,blank,0,409.9754,485.137933333333,144409,144583,174
100,0,blank,0,481.024733333333,468.306383333333,144583,144758,175
100,0,blank,0,484.299583333333,475.93325,144758,144933,175
100,0,blank,0,516.724033333333,481.2933,144933,145108,175
100,0,blank,0,548.699566666667,470.696533333333,145108,145282,174
100,0,blank,0,486.7956,469.689133333333,145282,145458,176
100,0,blank,0,502.934283333333,461.80135,145458,145634,176
100,0,blank,0,578.71772,455.99772,145634,145782,148
100,0,blank,0,626.00915,404.360216666667,145812,145989,177
100,0,blank,0,607.2831,432.6662,145989,146018,29
100,0,blank,0,0,0,146047,146151,104
100,20,+,117,534.239166666667,432.7046,146240,146320,80
100,0,blank,0,400.668216666667,467.489516666667,146350,146531,181
100,0,blank,0,395.9713,469.61385,146531,146651,120
100,0,blank,0,521.99925,474.589533333333,146681,146859,178
100,0,blank,0,491.4167,464.0157,146859,147034,175
100,0,blank,0,554.847333333333,479.004,147034,147211,177
100,0,blank,0,552.850566666667,477.156166666667,147211,147385,174
100,0,blank,0,596.718,483.925416666667,147385,147561,176
100,0,blank,0,537.5165,469.161166666667,147561,147737,176
100,0,blank,0,516.0987,473.357266666667,147737,147912,175
100,0,blank,0,521.762666666667,456.506233333333,147912,148087,175
100,0,blank,0,530.861783333333,480.561916666667,148087,148263,176
100,0,blank,0,605.049016666667,468.80655,148263,148438,175
100,0,blank,0,644.765533333333,464.077,148438,148612,174
100,0,blank,0,651.4122,467.549425,148612,148730,118
100,0,blank,0,503.35765,479.904916666667,148757,148933,176
100,0,blank,0,449.44845,446.327816666667,148933,149108,175
100,20,today,114,413.03405,427.66955,149108,149284,176
100,0,blank,0,381.24394,413.35056,149284,149454,170
100,20,today,114,456.90635,436.4435,149454,149625,171
100,0,blank,0,461.77825,417.8218,149625,149803,178
100,20,today,114,452.423816666667,430.0866,149803,149985,182
100,20,today,114,437.03825,424.732,149985,150162,177
100,20,today,114,434.220583333333,432.6937,150162,150343,181
100,20,today,114,449.3274,429.317266666667,150343,150524,181
100,0,blank,0,554.05485,423.8031,150524,150699,175
100,0,blank,0,561.898033333333,428.2612,150699,150873,174
100,0,blank,0,610.641666666667,427.627583333333,150873,151049,176
100,0,blank,0,611.30234,429.48186,151049,151195,146
100,0,blank,0,0,0,151254,151391,137
100,0,blank,0,516.540271428571,427.200842857143,151423,151617,194
100,0,blank,0,540.6716,439.499833333333,151617,151794,177
100,20,;,120,578.4968,422.948916666667,151794,151970,176
100,20,;,120,581.82985,427.25505,151970,152087,117
100,0,blank,0,413.714766666667,615.03075,152120,152294,174
100,0,blank,0,442.00615,476.767266666667,152294,152476,182
100,0,blank,0,507.538316666667,459.228733333333,152476,152655,179
100,0,blank,0,408.884633333333,476.47055,152655,152832,177
100,0,blank,0,396.4674,469.5901,152832,152862,30
100,0,blank,0,564.68944,464.13586,152893,153043,150
100,0,blank,0,721.635,479.44975,153070,153158,88
100,0,blank,0,0,0,153183,153366,183
100,0,blank,0,0,0,153366,153550,184
100,0,blank,0,0,0,153550,153724,174
100,0,blank,0,607.798283333333,404.1252,153753,153924,171
100,0,blank,0,641.478366666667,446.404133333333,153924,154013,89
100,0,blank,0,0,0,154043,154124,81
100,0,blank,0,633.4943,399.5671,154149,154180,31
100,0,blank,0,639.5284,410.8377,154242,154415,173
100,0,blank,0,637.940216666667,417.048833333333,154415,154601,186
100,0,blank,0,642.413133333333,416.531433333333,154601,154693,92
100,0,blank,0,1090.8276,389.58834,154756,154910,154
100,0,blank,0,1329.609,300.7473,154941,155129,188
100,0,blank,0,1318.99933333333,282.999083333333,155129,155315,186
100,0,blank,0,1319.77283333333,279.56305,155315,155506,191
100,0,blank,0,1324.3915,274.11175,155506,155694,188
100,0,blank,0,1323.679,274.0119,155694,155725,31
100,0,blank,0,1028.76616666667,452.342483333333,155756,155943,187
100,0,blank,0,705.271983333333,430.0516,156005,156195,190
100,0,blank,0,746.23515,435.919266666667,156195,156386,191
100,0,blank,0,752.07145,435.8141,156386,156452,66
101,0,blank,0,439.127966666667,86.3409,157591,157780,189
101,0,blank,0,511.2384,104.252633333333,157780,157970,190
101,0,blank,0,512.629033333333,110.504633333333,157970,158154,184
101,0,blank,0,453.6478,105.353183333333,158154,158344,190
101,0,blank,0,509.5018,105.654633333333,158344,158536,192
101,0,blank,0,527.5733,110.582933333333,158536,158730,194
101,0,blank,0,451.477333333333,283.58735,158761,158956,195
101,0,blank,0,535.971783333333,267.902683333333,158956,159147,191
101,0,blank,0,543.36615,298.083966666667,159147,159336,189
101,0,blank,0,575.183633333333,326.066683333333,159336,159523,187
101,0,blank,0,641.0762,328.292416666667,159523,159712,189
101,0,blank,0,645.741766666667,322.058916666667,159712,159902,190
101,0,blank,0,650.095675,315.76035,159902,160030,128
101,0,blank,0,382.66805,330.59785,160062,160251,189
101,0,blank,0,372.8073,315.2711,160251,160282,31
101,0,blank,0,388.3947,86.5264166666667,160313,160503,190
101,0,blank,0,379.7809,94.0667166666667,160503,160693,190
101,0,blank,0,474.11942,88.76404,160693,160856,163
101,0,blank,0,0,0,161001,161081,80
101,0,blank,0,534.1649,112.2154,161119,161177,58
101,0,blank,0,524.968116666667,121.600166666667,161243,161424,181
101,0,blank,0,566.865633333333,96.5937333333333,161424,161616,192
101,0,blank,0,634.5455,104.587775,161616,161741,125
101,0,blank,0,467.488266666667,89.1632666666666,161773,161962,189
101,0,blank,0,449.475483333333,83.7031166666667,161962,162149,187
101,0,blank,0,519.7938,84.5519,162149,162306,157
101,0,blank,0,478.645583333333,364.245933333333,162338,162528,190
101,0,blank,0,499.43095,396.2414,162528,162718,190
101,0,blank,0,430.7476,401.28335,162718,162904,186
101,0,blank,0,417.72172,416.83242,162904,163061,157
101,0,blank,0,507.8639,221.7306,163125,163314,189
101,0,blank,0,493.28162,196.7761,163314,163471,157
101,0,blank,0,514.229083333333,411.577466666667,163502,163692,190
101,0,blank,0,514.2319,326.4937,163692,163723,31
101,0,blank,0,510.299366666667,188.43425,163753,163943,190
101,0,blank,0,523.4562,205.0375,163943,163975,32
101,0,blank,0,476.16255,286.95615,164007,164197,190
101,0,blank,0,520.444516666667,329.355916666667,164197,164384,187
101,0,blank,0,524.515416666667,323.912233333333,164384,164572,188
101,0,blank,0,597.584816666667,338.874783333333,164572,164759,187
101,0,blank,0,610.476,329.77515,164759,164822,63
101,0,blank,0,489.032766666667,532.238566666667,164853,165038,185
101,0,blank,0,482.522916666667,501.982116666667,165038,165226,188
101,0,blank,0,475.509233333333,440.848666666667,165226,165412,186
101,0,blank,0,481.06775,429.321933333333,165412,165600,188
101,0,blank,0,485.3979,445.90225,165600,165662,62
101,0,blank,0,507.001866666667,198.258766666667,165724,165908,184
101,0,blank,0,513.907066666667,202.241566666667,165908,166092,184
101,0,blank,0,0,0,166154,166204,50
101,0,blank,0,504.49075,263.96025,166314,166486,172
101,0,blank,0,503.1063,267.616225,166486,166611,125
101,0,blank,0,389.65742,188.3503,166643,166798,155
101,0,blank,0,352.556933333333,65.3036,166829,167018,189
101,0,blank,0,348.649366666667,91.6456166666667,167018,167204,186
101,0,blank,0,384.136983333333,110.85375,167204,167388,184
101,0,blank,0,458.462366666667,138.528866666667,167388,167575,187
101,0,blank,0,520.343516666667,127.622533333333,167575,167760,185
101,0,blank,0,445.099083333333,526.50005,167822,168009,187
101,0,blank,0,456.115983333333,519.604016666667,168009,168195,186
101,0,blank,0,449.7777,493.3728,168195,168256,61
101,59,nextDay,353,483.5125,656.1401,168287,168403,116
101,0,blank,0,446.33496,814.37154,168489,168638,149
101,0,blank,0,448.17295,248.143016666667,168775,168957,182
101,0,blank,0,492.626266666667,254.956183333333,168957,169139,182
101,0,blank,0,513.933816666667,250.198366666667,169139,169320,181
101,0,blank,0,474.699333333333,175.22465,169320,169502,182
101,37,2,214,466.904483333333,168.171016666667,169502,169686,184
101,0,blank,0,462.87278,138.6539,169686,169867,181
101,0,blank,0,464.0117,133.3783,169867,169988,121
101,0,blank,0,458.2457,295.4089,170078,170192,114
101,0,blank,0,443.297466666667,407.597766666667,170408,170592,184
101,0,blank,0,477.433533333333,400.1089,170592,170775,183
101,0,blank,0,583.02495,392.469466666667,170775,170959,184
101,0,blank,0,585.81425,387.9711,170959,171142,183
101,0,blank,0,631.6058,401.8141,171142,171323,181
101,0,blank,0,549.676216666667,317.512933333333,171323,171506,183
101,0,blank,0,537.414116666667,323.520833333333,171506,171688,182
101,0,blank,0,567.006783333333,324.83695,171688,171870,182
101,0,blank,0,563.926733333333,323.939566666667,171870,172051,181
101,46,year,269,552.74495,377.099133333333,172051,172233,182
101,0,blank,0,543.726683333333,391.197783333333,172233,172414,181
101,0,blank,0,563.991916666667,423.041816666667,172414,172597,183
101,0,blank,0,536.258483333333,452.242233333333,172597,172779,182
101,0,blank,0,498.714316666667,431.051516666667,172779,172960,181
101,46,year,269,567.857033333333,373.511133333333,172960,173144,184
101,0,blank,0,596.524416666667,397.477566666667,173144,173326,182
101,0,blank,0,666.534083333333,406.92495,173326,173511,185
101,0,blank,0,665.574566666667,403.116583333333,173511,173696,185
101,0,blank,0,661.3249,388.72375,173696,173758,62
101,0,blank,0,0,0,173788,173869,81
101,0,blank,0,1009.715,323.9266,173894,173928,34
101,0,blank,0,578.6699,343.713333333333,173993,174172,179
101,0,blank,0,662.704633333333,404.8421,174172,174355,183
101,0,blank,0,658.9099,393.892,174355,174447,92
101,0,blank,0,1074.052,382.509,174477,174664,187
101,0,blank,0,1320.60383333333,445.966683333333,174695,174883,188
101,0,blank,0,1319.323,446.341866666667,174883,175071,188
101,0,blank,0,1320.30783333333,437.975066666667,175071,175261,190
101,0,blank,0,1319.12533333333,492.81635,175261,175448,187
101,0,blank,0,1330.75633333333,530.4521,175448,175636,188
101,0,blank,0,1327.7135,482.145333333333,175636,175827,191
101,0,blank,0,1329.09366666667,486.60245,175827,176016,189
101,0,blank,0,1331.82816666667,489.2987,176016,176205,189
101,0,blank,0,978.503216666667,241.007133333333,176268,176460,192
101,0,blank,0,974.381,243.8653,176460,176492,32
101,0,blank,0,570.842375,145.54675,176524,176653,129
102,0,blank,0,387.1809,302.88935,177796,177985,189
102,0,blank,0,369.114933333333,313.638466666667,177985,178078,93
102,0,blank,0,538.455716666667,286.7195,178110,178302,192
102,0,blank,0,563.93485,285.058783333333,178302,178490,188
102,0,blank,0,524.569866666667,272.209083333333,178490,178678,188
102,0,blank,0,489.59765,265.270366666667,178678,178865,187
102,0,blank,0,494.97905,267.56865,178865,179058,193
102,0,blank,0,592.259933333333,276.58615,179058,179248,190
102,0,blank,0,501.302566666667,274.884083333333,179248,179441,193
102,0,blank,0,457.216266666667,272.970233333333,179441,179634,193
102,0,blank,0,441.0577,275.51725,179634,179765,131
102,0,blank,0,585.102033333333,283.732883333333,179798,179989,191
102,0,blank,0,585.810166666667,278.305716666667,179989,180177,188
102,0,blank,0,586.7223,276.62845,180177,180243,66
102,0,blank,0,460.301983333333,281.536616666667,180272,180461,189
102,0,blank,0,434.43765,277.272733333333,180461,180650,189
102,0,blank,0,491.3817,276.693916666667,180650,180841,191
102,0,blank,0,500.734183333333,289.957333333333,180841,181028,187
102,0,blank,0,489.7891,271.4461,181028,181060,32
102,0,blank,0,581.338133333333,280.270683333333,181092,181280,188
102,0,blank,0,590.922816666667,295.10415,181280,181467,187
102,0,blank,0,597.59372,290.84836,181467,181623,156
102,0,blank,0,443.4188,288.925116666667,181655,181843,188
102,0,blank,0,437.309233333333,291.0856,181843,181937,94
102,0,blank,0,593.085916666667,286.766533333333,181968,182156,188
102,0,blank,0,592.60385,287.0253,182156,182344,188
102,0,blank,0,588.276983333333,288.234366666667,182344,182530,186
102,0,blank,0,557.5669,270.31035,182530,182717,187
102,0,blank,0,457.519066666667,300.592933333333,182717,182903,186
102,0,blank,0,429.3934,285.357916666667,182903,183090,187
102,0,blank,0,454.76135,282.672183333333,183090,183277,187
102,0,blank,0,499.8426,273.666733333333,183277,183465,188
102,0,blank,0,564.9763,273.879233333333,183465,183650,185
102,0,blank,0,580.623033333333,283.04925,183650,183833,183
102,0,blank,0,566.388475,274.798675,183833,183955,122
102,0,blank,0,456.852566666667,280.98675,183985,184171,186
102,0,blank,0,507.381333333333,273.107333333333,184171,184354,183
102,0,blank,0,569.2344,264.62015,184354,184539,185
102,0,blank,0,570.554183333333,259.916466666667,184539,184721,182
102,0,blank,0,499.483333333333,254.026366666667,184721,184904,183
102,0,blank,0,507.4307,241.57545,184904,185089,185
102,0,blank,0,539.857283333333,242.955716666667,185089,185274,185
102,0,blank,0,619.8643,266.135083333333,185274,185457,183
102,0,blank,0,618.933883333333,271.653583333333,185457,185642,185
102,0,blank,0,553.598666666667,272.20055,185642,185824,182
102,0,blank,0,624.222233333333,281.162583333333,185824,186009,185
102,0,blank,0,470.8577,287.3791,186039,186070,31
102,0,blank,0,0,0,186132,186208,76
102,0,blank,0,450.3434,278.0532,186233,186259,26
102,0,blank,0,473.595166666667,296.955133333333,186324,186498,174
102,0,blank,0,525.334583333333,287.617616666667,186498,186680,182
102,0,blank,0,521.04065,288.926466666667,186680,186861,181
102,0,blank,0,460.547516666667,283.435633333333,186861,187044,183
102,0,blank,0,480.230416666667,295.416033333333,187044,187226,182
102,0,blank,0,515.045183333333,282.317416666667,187226,187406,180
102,0,blank,0,566.155883333333,271.352283333333,187406,187587,181
102,0,blank,0,616.142183333333,276.845483333333,187587,187767,180
102,0,blank,0,635.4271,277.439233333333,187767,187947,180
102,0,blank,0,627.786483333333,279.252733333333,187947,188128,181
102,0,blank,0,578.845233333333,301.4214,188128,188309,181
102,0,blank,0,516.531183333333,321.008933333333,188309,188490,181
102,0,blank,0,472.045283333333,329.890133333333,188490,188673,183
102,0,blank,0,444.77875,325.0541,188673,188734,61
102,0,blank,0,0,0,188796,188872,76
102,0,blank,0,513.0933,296.4821,188897,188929,32
102,0,blank,0,497.30685,329.471783333333,189004,189178,174
102,0,blank,0,466.075383333333,340.39085,189178,189362,184
102,0,blank,0,498.1421,316.0331,189362,189543,181
102,0,blank,0,521.588766666667,325.433183333333,189543,189724,181
102,0,blank,0,500.492316666667,350.480716666667,189724,189905,181
102,0,blank,0,478.6365,359.072,189905,189936,31
102,0,blank,0,495.256833333333,352.983816666667,189999,190178,179
102,0,blank,0,541.68915,368.361,190178,190282,104
102,0,blank,0,543.7426,344.81895,190500,190684,184
102,0,blank,0,585.356583333333,351.323816666667,190684,190864,180
102,0,blank,0,656.99235,365.947633333333,190864,191041,177
102,0,blank,0,669.546,357.583933333333,191041,191220,179
102,0,blank,0,620.199383333333,358.313083333333,191220,191401,181
102,0,blank,0,678.150616666667,353.709116666667,191401,191580,179
102,0,blank,0,668.47745,356.947966666667,191580,191758,178
102,0,blank,0,625.2061,363.2617,191758,191789,31
102,0,blank,0,0,0,191851,191929,78
102,0,blank,0,694.010516666667,366.107433333333,192017,192190,173
102,0,blank,0,684.1047,372.5938,192190,192249,59
102,0,blank,0,495.943216666667,342.894783333333,192281,192462,181
102,0,blank,0,475.42602,388.4285,192462,192641,179
102,0,blank,0,455.8266,381.85626,192641,192817,176
102,0,blank,0,486.7696,345.305116666667,192817,192996,179
102,0,blank,0,507.995366666667,324.92665,192996,193175,179
102,0,blank,0,511.440916666667,335.426466666667,193175,193356,181
102,0,blank,0,507.389716666667,362.0608,193356,193540,184
102,0,blank,0,557.23285,340.45945,193540,193718,178
102,0,blank,0,635.0896,354.25065,193718,193897,179
102,0,blank,0,657.417283333333,350.612183333333,193897,194074,177
102,0,blank,0,684.2746,349.72686,194074,194222,148
102,0,blank,0,515.367175,459.499075,194282,194427,145
102,0,blank,0,535.50625,440.8456,194427,194601,174
102,0,blank,0,509.347883333333,379.6983,194743,194921,178
102,0,blank,0,471.627366666667,380.183483333333,194921,195100,179
102,0,blank,0,494.245316666667,409.886333333333,195100,195283,183
102,0,blank,0,541.62615,384.388266666667,195343,195527,184
102,0,blank,0,540.291883333333,368.679483333333,195527,195706,179
102,0,blank,0,580.654566666667,387.85725,195706,195883,177
102,0,blank,0,598.888333333333,389.413166666667,195883,196060,177
102,0,blank,0,638.178875,378.338775,196060,196178,118
102,0,blank,0,0,0,196237,196374,137
102,0,blank,0,599.811642857143,362.880985714286,196403,196602,199
102,0,blank,0,574.285716666667,357.25065,196602,196778,176
102,0,blank,0,612.3155,374.109533333333,196778,196956,178
102,0,blank,0,630.866266666667,372.411116666667,196956,197134,178
102,0,blank,0,640.671933333333,372.781316666667,197134,197313,179
102,0,blank,0,642.898316666667,373.823833333333,197313,197490,177
102,0,blank,0,666.978016666667,379.233216666667,197490,197671,181
102,0,blank,0,668.3504,361.84735,197671,197730,59
102,0,blank,0,523.93545,407.3406,197759,197937,178
102,0,blank,0,535.03355,430.1637,197937,197997,60
102,0,blank,0,0,0,198026,198131,105
102,0,blank,0,535.9154,395.2166,198157,198183,26
102,0,blank,0,556.368257142857,385.973357142857,198232,198429,197
102,0,blank,0,548.6688,372.424683333333,198429,198609,180
102,0,blank,0,562.6646,373.04755,198609,198785,176
102,0,blank,0,603.807766666667,381.749533333333,198785,198961,176
102,0,blank,0,586.226,393.45825,198961,199137,176
102,0,blank,0,553.246416666667,369.090633333333,199137,199313,176
102,0,blank,0,619.3007,403.466283333333,199313,199491,178
102,0,blank,0,509.654866666667,376.784366666667,199491,199669,178
102,0,blank,0,505.61005,416.231,199669,199728,59
102,0,blank,0,466.305916666667,295.681066666667,199758,199937,179
102,0,blank,0,440.110716666667,289.033366666667,199937,200116,179
102,0,blank,0,504.800933333333,280.238233333333,200116,200295,179
102,0,blank,0,519.6294,310.411733333333,200295,200474,179
102,0,blank,0,530.397983333333,321.1921,200474,200653,179
102,0,blank,0,587.986116666667,274.122016666667,200653,200831,178
102,0,blank,0,593.27265,273.440066666667,200831,201011,180
102,0,blank,0,625.752933333333,281.7764,201011,201192,181
102,0,blank,0,620.398316666667,274.57445,201192,201373,181
102,0,blank,0,630.350166666667,283.772216666667,201373,201554,181
102,0,blank,0,623.072766666667,275.112466666667,201554,201735,181
102,0,blank,0,620.24435,283.386966666667,201735,201916,181
102,0,blank,0,522.22445,308.91605,201916,202096,180
102,0,blank,0,501.285983333333,323.775416666667,202096,202276,180
102,0,blank,0,490.3661,320.27435,202276,202457,181
102,0,blank,0,443.390566666667,327.0094,202457,202637,180
102,0,blank,0,506.559766666667,327.909033333333,202637,202818,181
102,0,blank,0,452.136966666667,352.103616666667,202818,202999,181
102,0,blank,0,520.85225,352.78575,202999,203178,179
102,0,blank,0,574.520533333333,348.009066666667,203178,203358,180
102,0,blank,0,635.4027,365.5372,203358,203536,178
102,0,blank,0,652.359966666667,348.82765,203536,203714,178
102,0,blank,0,682.563766666667,365.864133333333,203714,203804,90
102,0,blank,0,548.567216666667,361.886083333333,203833,204011,178
102,0,blank,0,522.085033333333,358.176,204011,204189,178
102,0,blank,0,586.5241,347.289416666667,204189,204367,178
102,0,blank,0,648.992275,362.194025,204367,204486,119
102,0,blank,0,556.730283333333,365.53165,204515,204690,175
102,0,blank,0,646.832833333333,351.931033333333,204690,204871,181
102,0,blank,0,644.160016666667,350.6009,204871,205048,177
102,0,blank,0,690.123366666667,334.883416666667,205048,205224,176
102,0,blank,0,691.211783333333,372.685133333333,205224,205402,178
102,0,blank,0,575.307083333333,384.913866666667,205402,205578,176
102,0,blank,0,547.98325,372.9635,205578,205752,174
102,37,),215,486.116483333333,385.457083333333,205752,205930,178
102,0,blank,0,598.7891,551.0002,205993,206081,88
102,0,blank,0,525.156566666667,390.838833333333,206140,206227,87
102,0,blank,0,0,0,206285,206364,79
102,0,blank,0,783.3786,736.7723,206390,206415,25
102,0,blank,0,493.1061,392.188116666667,206439,206610,171
102,37,2,214,468.114533333333,386.5318,206610,206789,179
102,0,blank,0,464.58775,381.47495,206789,206877,88
102,0,blank,0,542.63825,444.0203,206906,207051,145
102,0,blank,0,535.3425,401.2319,207080,207264,184
102,0,blank,0,585.5405,402.1613,207264,207444,180
102,0,blank,0,598.044933333333,388.011166666667,207444,207621,177
102,0,blank,0,624.659883333333,417.247116666667,207621,207796,175
102,0,blank,0,642.40345,365.4655,207796,207855,59
102,0,blank,0,649.35245,381.015616666667,207914,208090,176
102,0,blank,0,639.294233333333,394.1056,208090,208267,177
102,0,blank,0,644.6684,438.4061,208297,208327,30
102,0,blank,0,618.961183333333,401.170183333333,208355,208530,175
102,0,blank,0,568.036425,386.98185,208530,208647,117
102,0,blank,0,668.481266666667,391.25945,208676,208854,178
102,0,blank,0,538.439683333333,432.413733333333,208854,209029,175
102,0,blank,0,520.7515,447.3874,209029,209058,29
102,0,blank,0,0,0,209145,209247,102
102,0,blank,0,554.9214,494.6607,209282,209330,48
102,0,blank,0,512.599916666667,439.997233333333,209421,209599,178
102,0,blank,0,528.555166666667,438.107216666667,209599,209778,179
102,0,blank,0,521.063466666667,434.514266666667,209778,209954,176
102,0,blank,0,556.68384,447.618,209954,210131,177
102,0,blank,0,576.09924,437.59938,210131,210316,185
102,0,blank,0,579.916966666667,424.709716666667,210316,210490,174
102,0,blank,0,590.254075,435.25505,210490,210632,142
102,0,blank,0,582.45895,431.11965,210632,210799,167
102,0,blank,0,638.18775,426.85195,210799,210983,184
102,0,blank,0,613.085116666667,425.991683333333,210983,211166,183
102,0,blank,0,618.07185,424.24985,211166,211345,179
102,0,blank,0,591.818066666667,431.976133333333,211345,211524,179
102,0,blank,0,650.88255,432.0198,211524,211703,179
102,0,blank,0,644.024316666667,413.9932,211703,211880,177
102,0,blank,0,651.9508,435.37706,211880,212028,148
102,0,blank,0,527.056833333333,413.125366666667,212057,212236,179
102,0,blank,0,508.7992,422.7735,212236,212296,60
102,0,blank,0,649.255533333333,416.887566666667,212326,212506,180
102,0,blank,0,640.781816666667,417.260633333333,212506,212685,179
102,0,blank,0,521.941333333333,439.9625,212715,212893,178
102,0,blank,0,515.82788,471.44108,212893,213040,147
102,0,blank,0,503.79,453.4263,213069,213098,29
102,0,blank,0,530.758516666667,487.976916666667,213157,213333,176
102,0,blank,0,537.16776,471.64924,213333,213506,173
102,0,blank,0,550.8072,445.63494,213506,213682,176
102,0,blank,0,531.3576,503.3599,213682,213712,30
102,0,blank,0,522.437166666667,447.2082,213743,213917,174
102,0,blank,0,516.497133333333,433.725016666667,213917,214091,174
102,0,blank,0,551.450233333333,462.359916666667,214091,214267,176
102,0,blank,0,565.28384,461.91896,214267,214444,177
102,0,blank,0,574.210183333333,440.784666666667,214444,214620,176
102,0,blank,0,585.41785,443.286966666667,214620,214798,178
102,0,blank,0,605.587433333333,437.343716666667,214798,214975,177
102,0,blank,0,631.493866666667,468.1757,214975,215158,183
102,0,blank,0,538.479116666667,496.58085,215251,215428,177
102,0,blank,0,692.947925,646.99125,215512,215683,171
102,0,blank,0,566.7431,444.379533333333,215714,215892,178
102,0,blank,0,581.283,429.353016666667,215892,216067,175
102,0,blank,0,660.09992,495.42408,216067,216213,146
102,0,blank,0,602.2542,601.6931,216415,216441,26
102,0,blank,0,528.5983,576.0477,216470,216499,29
102,0,blank,0,745.610916666667,489.525883333333,216562,216741,179
102,0,blank,0,766.717716666667,494.901583333333,216741,216919,178
102,0,blank,0,746.721366666667,516.22445,216919,217095,176
102,0,blank,0,731.644066666667,497.404916666667,217095,217272,177
102,0,blank,0,740.29835,507.4468,217272,217451,179
102,0,blank,0,802.968975,486.3762,217451,217570,119
102,0,blank,0,572.760033333333,453.66155,217629,217807,178
102,0,blank,0,576.212133333333,444.85265,217807,217983,176
102,0,blank,0,575.36805,443.343916666667,217983,218160,177
102,0,blank,0,552.287733333333,453.6986,218160,218334,174
102,0,blank,0,584.33845,466.130283333333,218334,218509,175
102,0,blank,0,633.949016666667,485.91765,218509,218686,177
102,0,blank,0,685.375483333333,500.136266666667,218686,218862,176
102,0,blank,0,704.856416666667,485.941133333333,218862,219039,177
102,0,blank,0,710.5887,510.728,219039,219215,176
102,0,blank,0,727.102,523.009466666667,219215,219394,179
102,0,blank,0,772.630183333333,505.566166666667,219394,219576,182
102,0,blank,0,746.734166666667,513.91815,219576,219756,180
102,0,blank,0,742.898233333333,501.8933,219756,219848,92
102,0,blank,0,578.925383333333,512.20445,219879,220058,179
102,0,blank,0,537.087133333333,544.439683333333,220058,220233,175
102,0,blank,0,544.22115,574.618033333333,220233,220409,176
102,0,blank,0,507.943766666667,524.1398,220409,220496,87
102,0,blank,0,535.8734,560.3544,220554,220585,31
102,0,blank,0,536.8404,510.4342,220614,220789,175
102,0,blank,0,571.661416666667,507.286583333333,220789,220967,178
102,0,blank,0,571.636383333333,516.757066666667,220967,221145,178
102,0,blank,0,520.361066666667,519.302433333333,221145,221233,88
102,0,blank,0,499.700366666667,514.627633333333,221262,221439,177
102,0,blank,0,513.717916666667,513.823416666667,221439,221615,176
102,0,blank,0,609.80675,508.702333333333,221615,221793,178
102,0,blank,0,617.604633333333,510.9854,221823,222000,177
102,0,blank,0,627.148483333333,518.998416666667,222000,222177,177
102,0,blank,0,599.69815,487.2734,222177,222236,59
102,0,blank,0,710.519183333333,512.357166666667,222266,222445,179
102,0,blank,0,701.616783333333,495.067616666667,222445,222623,178
102,0,blank,0,709.2678,497.2531,222623,222801,178
102,0,blank,0,725.554466666667,510.581233333333,222801,222891,90
102,0,blank,0,752.393283333333,492.14945,222921,223110,189
102,0,blank,0,723.570683333333,509.455216666667,223110,223294,184
102,0,blank,0,722.6851,492.0187,223294,223324,30
102,0,blank,0,601.42445,500.153233333333,223354,223534,180
102,0,blank,0,590.4387,487.84005,223534,223713,179
102,0,blank,0,556.6881,508.8514,223713,223892,179
102,0,blank,0,519.74304,530.7298,223892,224066,174
102,0,blank,0,521.5803,561.64868,224066,224213,147
102,0,blank,0,545.0278,556.2557,224213,224271,58
102,0,blank,0,776.966266666667,499.870333333333,224328,224510,182
102,0,blank,0,815.756575,501.902125,224510,224631,121
102,0,blank,0,544.538933333333,548.58355,224661,224840,179
102,0,blank,0,536.06995,540.034983333333,224840,225017,177
102,0,blank,0,570.200366666667,511.722483333333,225017,225193,176
102,0,blank,0,759.244,506.2753,225222,225412,190
102,0,blank,0,726.46895,492.87065,225412,225532,120
102,0,blank,0,535.62802,443.65902,225561,225736,175
102,0,blank,0,539.01575,433.6101,225736,225795,59
102,0,blank,0,458.08586,343.48582,225825,225976,151
102,0,blank,0,565.944866666667,370.25355,226172,226347,175
102,0,blank,0,575.642216666667,379.32185,226347,226526,179
102,0,blank,0,528.664416666667,371.285433333333,226526,226704,178
102,0,blank,0,587.63865,389.383116666667,226704,226884,180
102,0,blank,0,613.166916666667,379.474583333333,226884,227062,178
102,0,blank,0,633.172516666667,380.3333,227062,227240,178
102,0,blank,0,624.00155,371.179325,227240,227358,118
102,0,blank,0,531.088016666667,358.0125,227387,227566,179
102,0,blank,0,564.197916666667,374.395233333333,227566,227744,178
102,0,blank,0,538.084566666667,401.799,227744,227922,178
102,0,blank,0,522.638,445.105616666667,227922,228098,176
102,0,blank,0,521.00245,444.205433333333,228098,228274,176
102,0,blank,0,781.869266666667,513.933483333333,228306,228486,180
102,0,blank,0,731.203633333333,505.2091,228486,228664,178
102,0,blank,0,741.599333333333,516.937433333333,228664,228844,180
102,0,blank,0,816.84216,527.13938,228844,228994,150
102,0,blank,0,549.0056,563.83316,229023,229176,153
102,0,blank,0,560.9993,560.5244,229176,229263,87
102,0,blank,0,503.9797,512.9119,229263,229378,115
102,0,blank,0,579.240183333333,549.467866666667,229438,229615,177
102,0,blank,0,513.155866666667,439.6306,229645,229736,91
102,0,blank,0,508.2517,444.5424,229767,229823,56
102,0,blank,0,510.383025,440.7277,229913,230036,123
102,0,blank,0,582.9549,370.669066666667,230126,230302,176
102,0,blank,0,583.811483333333,376.468866666667,230302,230479,177
102,0,blank,0,574.1591,389.0748,230479,230509,30
102,0,blank,0,618.1353,651.6747,230539,230568,29
102,0,blank,0,517.784,507.0853,230626,230718,92
102,0,blank,0,469.585316666667,509.514683333333,230781,230955,174
102,0,blank,0,459.05195,507.9651,230955,231054,99
102,0,blank,0,486.3642,528.4169,231054,231163,109
102,37,),215,490.210775,388.2706,231275,231457,182
102,0,blank,0,461.072816666667,352.42875,231457,231637,180
102,0,blank,0,496.126516666667,358.418133333333,231637,231815,178
102,0,blank,0,527.263383333333,363.23085,231815,231993,178
102,0,blank,0,565.3783,379.282883333333,231993,232172,179
102,0,blank,0,589.602966666667,364.860333333333,232172,232350,178
102,0,blank,0,667.767033333333,376.033516666667,232350,232531,181
102,0,blank,0,644.578266666667,370.0426,232531,232714,183
102,0,blank,0,563.520966666667,371.094233333333,232714,232895,181
102,0,blank,0,576.664433333333,375.7713,232895,233073,178
102,0,blank,0,605.676783333333,382.078166666667,233073,233253,180
102,0,blank,0,630.392025,405.3172,233253,233369,116
102,0,blank,0,503.1007,468.352366666667,233398,233574,176
102,0,blank,0,518.4321,505.75765,233574,233633,59
102,0,blank,0,727.9481,698.5878,233776,233807,31
102,0,blank,0,564.1356,602.972,234037,234096,59
102,0,blank,0,713.44785,650.2817,234242,234303,61
102,46,d,267,516.2051,586.7302,234332,234362,30
102,0,blank,0,516.5681,529.770833333333,234627,234804,177
102,0,blank,0,717.3843,657.6304,234970,234998,28
102,0,blank,0,595.357557142857,588.784942857143,235055,235254,199
102,0,blank,0,634.496433333333,556.946866666667,235254,235429,175
102,46,==,272,647.43985,599.32935,235429,235489,60
102,0,blank,0,605.795033333333,548.670133333333,235518,235697,179
102,0,blank,0,577.044916666667,572.825083333333,235697,235873,176
102,0,blank,0,558.715783333333,556.500383333333,235873,236052,179
102,0,blank,0,555.102366666667,541.715133333333,236052,236226,174
102,0,blank,0,560.868833333333,517.595816666667,236226,236405,179
102,0,blank,0,589.671933333333,491.8626,236405,236585,180
102,0,blank,0,641.359866666667,500.843533333333,236585,236765,180
102,0,blank,0,679.438016666667,508.4255,236765,236947,182
102,0,blank,0,711.70408,474.80714,236947,237100,153
102,0,blank,0,741.39554,459.8079,237131,237285,154
102,0,blank,0,749.170483333333,486.998066666667,237315,237494,179
102,0,blank,0,745.122916666667,493.1169,237494,237677,183
102,0,blank,0,788.6293,489.4051,237677,237768,91
102,0,blank,0,783.535583333333,500.309683333333,237797,237984,187
102,0,blank,0,725.670183333333,502.189583333333,237984,238165,181
102,0,blank,0,732.67,505.1352,238165,238198,33
102,0,blank,0,550.088866666667,502.752283333333,238288,238466,178
102,0,blank,0,560.18324,536.52996,238466,238614,148
102,0,blank,0,513.9856,506.7968,238724,238774,50
102,0,blank,0,727.79975,480.3106,238799,238976,177
102,0,blank,0,733.041983333333,507.8492,238976,239158,182
102,0,blank,0,741.6847,399.0276,239158,239189,31
102,0,blank,0,739.873383333333,491.194083333333,239219,239403,184
102,0,blank,0,729.511575,473.1543,239403,239526,123
102,0,blank,0,738.87615,514.542383333333,239588,239771,183
102,0,blank,0,722.968083333333,498.760616666667,239771,239952,181
102,0,blank,0,703.090583333333,500.3872,239952,240131,179
102,0,blank,0,656.2392,485.79465,240131,240191,60
102,0,blank,0,0,0,240221,240326,105
102,0,blank,0,628.7527,474.3761,240352,240377,25
102,0,blank,0,608.1266,499.892628571429,240433,240631,198
102,0,blank,0,621.977866666667,502.9173,240631,240815,184
102,0,blank,0,640.27815,505.528983333333,240815,240999,184
102,0,blank,0,580.1398,545.16624,240999,241149,150
102,0,blank,0,542.8992,536.49295,241244,241354,110
102,0,blank,0,473.195516666667,534.840083333333,241415,241589,174
102,0,blank,0,418.68585,531.3397,241589,241766,177
102,0,blank,0,388.16625,544.258783333333,241766,241945,179
102,0,blank,0,372.2223,540.3921,241945,242006,61
102,0,blank,0,643.81085,472.875983333333,242066,242249,183
102,0,blank,0,658.11295,482.45245,242249,242435,186
102,0,blank,0,754.66415,471.874333333333,242435,242621,186
102,0,blank,0,508.111016666667,503.469683333333,242652,242835,183
102,0,blank,0,510.308283333333,519.025233333333,242835,243018,183
102,0,blank,0,513.4049,523.112033333333,243018,243199,181
102,0,blank,0,457.5415,520.301533333333,243199,243379,180
102,0,blank,0,503.1148,505.711333333333,243379,243559,180
102,0,blank,0,506.489116666667,496.238933333333,243559,243740,181
102,0,blank,0,526.68735,524.45795,243740,243938,198
102,0,blank,0,530.5855,542.1078,243938,243965,27
102,0,blank,0,446.166183333333,517.6883,243995,244173,178
102,0,blank,0,473.3603,504.490966666667,244173,244354,181
102,0,blank,0,490.344475,499.24955,244354,244473,119
102,0,blank,0,428.8328,404.7081,244503,244533,30
102,0,blank,0,489.31558,472.24432,244563,244739,176
102,0,blank,0,517.83552,538.75754,244739,244886,147
102,0,blank,0,511.14562,531.29816,244886,245062,176
102,0,blank,0,550.7022,500.956066666667,245062,245241,179
102,0,blank,0,548.771733333333,500.189233333333,245241,245419,178
102,0,blank,0,432.056133333333,518.940783333333,245449,245630,181
102,0,blank,0,382.846533333333,516.48275,245630,245810,180
102,0,blank,0,397.4629,515.1888,245810,245840,30
102,0,blank,0,0,0,245926,246105,179
102,0,blank,0,0,0,246105,246299,194
102,0,blank,0,0,0,246299,246495,196
102,0,blank,0,0,0,246495,246693,198
102,0,blank,0,0,0,246693,246782,89
102,0,blank,0,0,0,246782,246919,137
102,0,blank,0,0,0,246919,247045,126
102,0,blank,0,0,0,247045,247243,198
102,0,blank,0,0,0,247243,247436,193
102,0,blank,0,0,0,247436,247525,89
102,0,blank,0,0,0,247525,247680,155
102,0,blank,0,0,0,247680,247895,215
102,0,blank,0,0,0,247895,248070,175
102,0,blank,0,0,0,248070,248221,151
102,0,blank,0,0,0,248221,248291,70
102,0,blank,0,0,0,248291,248474,183
102,0,blank,0,0,0,248474,248653,179
102,0,blank,0,0,0,248653,248766,113
102,0,blank,0,0,0,248766,248947,181
102,0,blank,0,0,0,248947,249082,135
102,0,blank,0,0,0,249082,249234,152
102,0,blank,0,0,0,249234,249347,113
102,0,blank,0,0,0,249347,249475,128
102,0,blank,0,0,0,249475,249586,111
102,0,blank,0,0,0,249586,249764,178
102,0,blank,0,0,0,249764,249937,173
102,0,blank,0,0,0,249937,250127,190
102,0,blank,0,0,0,250127,250325,198
102,0,blank,0,0,0,250325,250517,192
102,0,blank,0,0,0,250517,250695,178
102,0,blank,0,0,0,250695,250878,183
102,0,blank,0,0,0,250878,251077,199
102,0,blank,0,0,0,251077,251264,187
102,0,blank,0,0,0,251264,251404,140
102,0,blank,0,0,0,251404,251511,107
102,0,blank,0,0,0,251511,251620,109
102,0,blank,0,0,0,251620,251797,177
102,0,blank,0,621.367733333333,491.475166666667,251955,252139,184
102,0,blank,0,674.134533333333,506.404633333333,252139,252319,180
102,0,blank,0,654.43325,505.521116666667,252319,252505,186
102,0,blank,0,627.517683333333,493.105733333333,252505,252694,189
102,0,blank,0,583.977733333333,477.211416666667,252694,252884,190
102,0,blank,0,637.81328,471.5869,252884,253040,156
102,0,blank,0,515.816,381.33975,253072,253256,184
102,0,blank,0,521.010166666667,424.85445,253256,253440,184
102,0,blank,0,524.429066666667,462.740533333333,253440,253531,91
102,0,blank,0,0,0,253563,253723,160
102,0,blank,0,515.0474,382.6351,253749,253775,26
102,0,blank,0,504.569833333333,360.490133333333,253831,254004,173
102,0,blank,0,489.220666666667,311.3261,254004,254191,187
102,0,blank,0,538.666766666667,320.934366666667,254191,254286,95
102,0,blank,0,538.234433333333,435.369233333333,254317,254505,188
102,0,blank,0,497.19775,414.8055,254505,254566,61
102,0,blank,0,0,0,254628,254715,87
102,0,blank,0,560.297,438.5852,254801,254970,169
102,0,blank,0,555.4692,478.2376,254970,255157,187
102,0,blank,0,603.977466666667,449.273166666667,255157,255342,185
102,0,blank,0,579.859433333333,454.602916666667,255342,255519,177
102,0,blank,0,666.4841,502.581,255519,255550,31
102,0,blank,0,590.50905,435.898616666667,255581,255764,183
102,0,blank,0,555.745333333333,428.166216666667,255764,255945,181
102,0,blank,0,560.883816666667,427.60985,255945,256129,184
102,0,blank,0,601.249675,455.77175,256129,256249,120
102,0,blank,0,650.809816666667,497.67865,256278,256458,180
102,0,blank,0,522.478566666667,499.026916666667,256458,256639,181
102,0,blank,0,465.9853,493.36155,256639,256762,123
102,0,blank,0,0,0,256820,256921,101
102,0,blank,0,520.3577,550.87,256951,256993,42
102,0,blank,0,468.8981,475.508666666667,257056,257134,78
102,0,blank,0,547.016416666667,482.1667,257162,257339,177
102,0,blank,0,595.341533333333,497.913616666667,257339,257520,181
102,0,blank,0,599.98545,484.384066666667,257520,257703,183
102,0,blank,0,665.852583333333,495.070483333333,257703,257879,176
102,0,blank,0,684.16005,501.32905,257879,257938,59
102,0,blank,0,695.010516666667,490.580966666667,257968,258146,178
102,0,blank,0,689.409733333333,493.745466666667,258146,258234,88
102,0,blank,0,507.218866666667,500.256633333333,258263,258442,179
102,0,blank,0,453.8237,517.3475,258442,258621,179
102,0,blank,0,395.548266666667,492.381333333333,258621,258802,181
102,0,blank,0,410.587866666667,528.5289,258802,258893,91
102,0,blank,0,700.297233333333,487.988283333333,258923,259106,183
102,0,blank,0,698.2652,484.892283333333,259106,259284,178
102,0,blank,0,710.6251,483.1799,259284,259462,178
102,0,blank,0,752.823766666667,498.179816666667,259462,259642,180
102,0,blank,0,760.14575,491.389516666667,259642,259821,179
102,0,blank,0,807.2931,493.925116666667,259821,260002,181
102,0,blank,0,806.365233333333,487.104266666667,260002,260092,90
102,0,blank,0,584.5034,502.048733333333,260122,260302,180
102,0,blank,0,611.809833333333,503.142483333333,260302,260482,180
102,0,blank,0,677.637183333333,503.332516666667,260482,260662,180
102,0,blank,0,537.503883333333,492.5029,260662,260842,180
102,0,blank,0,519.967333333333,494.246916666667,260842,261023,181
102,0,blank,0,495.3413,496.569083333333,261023,261203,180
102,0,blank,0,612.71925,491.755066666667,261203,261383,180
102,0,blank,0,651.4807,491.8724,261383,261503,120
102,0,blank,0,745.62605,491.467983333333,261533,261714,181
102,0,blank,0,727.196816666667,487.528166666667,261714,261891,177
102,0,blank,0,740.244916666667,494.802916666667,261891,262069,178
102,0,blank,0,776.067616666667,495.55675,262069,262250,181
102,0,blank,0,778.802233333333,498.881116666667,262250,262431,181
102,0,blank,0,808.2146,502.3824,262431,262579,148
102,0,blank,0,524.577516666667,520.0776,262610,262789,179
102,0,blank,0,532.826116666667,530.659666666667,262789,262970,181
102,0,blank,0,509.407633333333,516.89855,262970,263149,179
102,0,blank,0,498.090233333333,533.401366666667,263149,263328,179
102,0,blank,0,542.86,530.898333333333,263328,263505,177
102,0,blank,0,533.295716666667,520.10225,263505,263685,180
102,0,blank,0,510.084333333333,509.354666666667,263685,263866,181
102,0,blank,0,549.9059,518.717616666667,263866,264042,176
102,0,blank,0,631.79435,502.044866666667,264042,264221,179
102,0,blank,0,659.401,547.7469,264221,264251,30
102,0,blank,0,510.5023,577.1196,264281,264429,148
102,0,blank,0,0,0,264459,264565,106
102,46,year,269,546.7653,587.8915,264595,264637,42
102,46,year,269,566.500516666667,590.185666666667,264704,264886,182
102,46,%,270,588.174966666667,582.8863,264886,265064,178
102,0,blank,0,610.6625,560.050266666667,265064,265241,177
102,0,blank,0,621.985783333333,576.823983333333,265241,265417,176
102,46,%,270,591.89595,582.647233333333,265417,265593,176
102,46,%,270,588.434483333333,580.0982,265593,265769,176
102,46,400,271,627.97374,591.31738,265769,265916,147
102,0,blank,0,667.652416666667,568.38025,265945,266122,177
102,0,blank,0,651.2493,572.66258,266122,266269,147
102,0,blank,0,0,0,266330,266406,76
102,0,blank,0,727.0724,562.638514285714,266491,266686,195
102,0,blank,0,710.519233333333,568.88665,266686,266863,177
102,0,blank,0,676.816416666667,565.585,266863,267041,178
102,0,blank,0,674.381833333333,556.7903,267041,267218,177
102,0,blank,0,679.114266666667,563.043316666667,267218,267395,177
102,0,blank,0,614.249516666667,577.765633333333,267395,267571,176
102,46,400,271,615.540566666667,585.21195,267571,267748,177
102,0,blank,0,674.9889,575.515266666667,267748,267925,177
102,0,blank,0,613.216116666667,577.221733333333,267925,268101,176
102,46,%,270,587.621616666667,593.979316666667,268101,268277,176
102,0,blank,0,581.542433333333,585.9575,268277,268454,177
102,0,blank,0,500.561016666667,607.680483333333,268454,268630,176
102,0,blank,0,508.702366666667,589.705966666667,268630,268808,178
102,46,year,269,553.0924,588.2795,268808,268985,177
102,0,blank,0,578.922125,562.13035,268985,269103,118
102,0,blank,0,601.664333333333,572.993466666667,269161,269338,177
102,0,blank,0,582.8877,551.3505,269338,269396,58
102,0,blank,0,754.8976,713.5546,269482,269511,29
102,46,%,270,590.56955,591.088116666667,269601,269775,174
102,0,blank,0,622.729383333333,561.977383333333,269775,269953,178
102,46,400,271,628.976816666667,586.154033333333,269953,270131,178
102,0,blank,0,589.3581,535.90588,270131,270277,146
102,0,blank,0,514.051666666667,367.95215,270307,270485,178
102,0,blank,0,568.6547,385.848183333333,270485,270664,179
102,0,blank,0,605.228483333333,375.859583333333,270664,270841,177
102,0,blank,0,627.4263,386.7285,270841,271017,176
102,0,blank,0,640.913383333333,385.6774,271017,271193,176
102,0,blank,0,684.221733333333,583.389266666667,271222,271400,178
102,0,blank,0,643.680783333333,569.232083333333,271400,271575,175
102,0,blank,0,680.681916666667,562.490433333333,271575,271754,179
102,0,blank,0,708.990733333333,563.7181,271754,271868,114
102,0,blank,0,638.9372,373.98915,271942,272141,199
102,0,blank,0,565.48798,379.56128,272141,272339,198
102,0,blank,0,563.111633333333,385.331766666667,272339,272518,179
102,0,blank,0,532.054383333333,382.51495,272518,272698,180
102,0,blank,0,559.7114,371.057116666667,272698,272876,178
102,0,blank,0,602.883783333333,388.171566666667,272876,273053,177
102,0,blank,0,562.014083333333,370.2775,273053,273232,179
102,0,blank,0,545.703966666667,388.8948,273232,273410,178
102,0,blank,0,531.316783333333,412.522033333333,273410,273589,179
102,0,blank,0,538.740866666667,437.094516666667,273589,273768,179
102,0,blank,0,541.449216666667,477.608316666667,273768,273944,176
102,0,blank,0,548.5167,474.9634,273944,274003,59
102,0,blank,0,707.00545,566.8841,274032,274209,177
102,0,blank,0,705.283783333333,564.931483333333,274209,274387,178
102,0,blank,0,744.1383,523.99605,274416,274592,176
102,0,blank,0,583.00744,413.5613,274710,274882,172
102,0,blank,0,537.996966666667,402.458183333333,274882,275059,177
102,0,blank,0,513.035516666667,445.282433333333,275059,275236,177
102,0,blank,0,508.79276,441.76346,275236,275383,147
102,0,blank,0,0,0,275441,275542,101
102,0,blank,0,530.944916666667,433.317883333333,275653,275847,194
102,0,blank,0,574.387966666667,394.531766666667,275847,276025,178
102,0,blank,0,564.430683333333,431.885883333333,276025,276205,180
102,0,blank,0,543.4306,474.252666666667,276205,276381,176
102,0,blank,0,532.0004,465.2272,276381,276410,29
102,0,blank,0,0,0,276439,276620,181
102,0,blank,0,0,0,276620,276803,183
102,0,blank,0,0,0,276803,276956,153
102,0,blank,0,0,0,276956,277122,166
102,0,blank,0,0,0,277122,277159,37
102,46,100,262,393.036416666667,597.682416666667,277273,277449,176
102,0,blank,0,368.846316666667,577.422,277449,277626,177
102,46,100,262,392.907533333333,586.700933333333,277626,277804,178
102,0,blank,0,417.759933333333,586.7821,277804,277980,176
102,0,blank,0,425.84825,580.67025,277980,278098,118
102,0,blank,0,799.66922,508.32432,278156,278327,171
102,0,blank,0,1169.13,555.574883333333,278359,278533,174
102,0,blank,0,1128.454,558.3109,278533,278563,30
102,0,blank,0,462.911833333333,567.99875,278624,278804,180
102,0,blank,0,397.489466666667,579.2325,278804,278986,182
102,46,100,262,407.575866666667,596.72005,278986,279171,185
102,0,blank,0,370.045883333333,625.8756,279171,279353,182
102,0,blank,0,329.092433333333,619.581216666667,279353,279533,180
102,0,blank,0,381.389066666667,616.440766666667,279533,279714,181
102,46,100,262,390.464983333333,596.479566666667,279714,279898,184
102,0,blank,0,389.61195,620.129166666667,279898,280082,184
102,0,blank,0,452.19615,629.912666666667,280082,280264,182
102,0,blank,0,451.5597,623.63475,280264,280325,61
102,0,blank,0,1200.2855,503.76475,280416,280597,181
102,0,blank,0,1185.585,512.7728,280597,280628,31
102,0,blank,0,452.25875,622.544616666667,280718,280899,181
102,0,blank,0,363.867116666667,630.574583333333,280899,281082,183
102,0,blank,0,417.6501,627.8181,281082,281112,30
102,0,blank,0,1237.724,512.714083333333,281173,281355,182
102,0,blank,0,1230.49225,484.2153,281355,281475,120
102,0,blank,0,427.493483333333,635.4384,281566,281744,178
102,46,year,269,351.0663,596.5936,281744,281774,30
103,0,blank,0,358.2677,407.989333333333,282020,282199,179
103,0,blank,0,397.004766666667,407.452833333333,282199,282382,183
103,0,blank,0,402.90448,416.72142,282382,282533,151
103,0,blank,0,1070.49916666667,633.944333333333,282594,282777,183
103,0,blank,0,1047.245,664.359,282777,282808,31
103,0,blank,0,461.957783333333,432.415233333333,282867,283049,182
103,0,blank,0,384.1519,427.6854,283049,283140,91
103,0,blank,0,0,0,283170,283341,171
103,0,blank,0,0,0,283341,283455,114
103,0,blank,0,356.245714285714,422.7619,283489,283685,196
103,0,blank,0,359.56445,416.252916666667,283685,283866,181
103,0,blank,0,414.501933333333,426.4912,283866,284047,181
103,0,blank,0,423.107333333333,423.161766666667,284047,284228,181
103,0,blank,0,478.3226,444.871,284228,284410,182
103,0,blank,0,513.889283333333,438.623766666667,284410,284592,182
103,0,blank,0,451.528916666667,424.801533333333,284592,284774,182
103,0,blank,0,0,0,284807,284912,105
103,46,||,266,493.8486,376.3713,284937,284963,26
103,0,blank,0,486.24015,399.996175,285018,285122,104
103,0,blank,0,363.351816666667,441.031433333333,285152,285335,183
103,0,blank,0,366.78925,428.128766666667,285335,285518,183
103,0,blank,0,361.1734,430.086516666667,285518,285700,182
103,0,blank,0,443.810833333333,436.025033333333,285700,285882,182
103,0,blank,0,482.00885,412.2531,285882,286064,182
103,0,blank,0,490.821716666667,410.701366666667,286064,286242,178
103,0,blank,0,509.159783333333,421.1052,286242,286422,180
103,0,blank,0,488.209516666667,404.841716666667,286422,286603,181
103,0,blank,0,480.627366666667,408.451716666667,286603,286783,180
103,0,blank,0,493.173783333333,406.164816666667,286783,286964,181
103,0,blank,0,514.61725,407.080866666667,286964,287144,180
103,0,blank,0,457.196233333333,415.314333333333,287144,287325,181
103,0,blank,0,520.53985,411.0142,287325,287505,180
103,0,blank,0,378.7768,415.06215,287505,287685,180
103,0,blank,0,386.1464,410.6673,287685,287865,180
103,0,blank,0,419.7367,433.487383333333,287865,288044,179
103,0,blank,0,524.377183333333,422.11095,288044,288222,178
103,0,blank,0,479.136816666667,414.70905,288222,288401,179
103,0,blank,0,512.018733333333,419.20575,288401,288579,178
103,0,blank,0,500.396383333333,418.96055,288579,288758,179
103,0,blank,0,456.296466666667,421.0207,288758,288939,181
103,0,blank,0,508.9932,412.202266666667,288939,289117,178
103,0,blank,0,518.01882,412.32678,289117,289266,149
103,0,blank,0,388.3325,440.237133333333,289295,289472,177
103,0,blank,0,462.9665,429.845266666667,289472,289650,178
103,0,blank,0,474.155866666667,420.305366666667,289650,289826,176
103,0,blank,0,367.463016666667,451.329283333333,289856,290032,176
103,0,blank,0,357.0064,445.225333333333,290032,290209,177
103,0,blank,0,360.4817,454.6055,290209,290383,174
103,0,blank,0,400.214916666667,450.648333333333,290383,290560,177
103,0,blank,0,423.250166666667,453.141866666667,290560,290734,174
103,0,blank,0,454.824616666667,454.198366666667,290734,290912,178
103,0,blank,0,453.06065,455.8946,290912,291089,177
103,0,blank,0,419.33575,472.483666666667,291089,291267,178
103,0,blank,0,390.82165,469.961666666667,291267,291443,176
103,0,blank,0,388.510816666667,466.834283333333,291443,291618,175
103,0,blank,0,384.393066666667,469.23945,291618,291795,177
103,0,blank,0,417.469016666667,479.43775,291795,291973,178
103,0,blank,0,398.99206,484.44786,291973,292119,146
103,0,blank,0,0,0,292178,292282,104
103,0,blank,0,446.7719,491.3307,292377,292435,58
103,0,blank,0,384.034683333333,477.136783333333,292608,292778,170
103,0,blank,0,356.912283333333,483.858883333333,292778,292954,176
103,0,blank,0,380.1619,479.006483333333,292954,293128,174
103,0,blank,0,410.18845,495.8254,293128,293304,176
103,0,blank,0,404.327166666667,484.22175,293304,293479,175
103,0,blank,0,461.557633333333,488.081416666667,293479,293650,171
103,0,blank,0,466.015716666667,485.995783333333,293650,293826,176
103,0,blank,0,456.173266666667,482.616633333333,293826,294006,180
103,0,blank,0,480.27335,469.194083333333,294006,294180,174
103,0,blank,0,489.78165,475.481516666667,294180,294355,175
103,0,blank,0,506.358933333333,477.151933333333,294355,294533,178
103,0,blank,0,528.083733333333,471.419866666667,294533,294710,177
103,0,blank,0,553.697016666667,475.77865,294710,294887,177
103,0,blank,0,569.624016666667,483.392266666667,294887,295064,177
103,0,blank,0,606.68325,476.11785,295064,295241,177
103,0,blank,0,617.0183,463.599566666667,295241,295418,177
103,0,blank,0,511.894966666667,479.3422,295447,295623,176
103,0,blank,0,525.769133333333,478.492933333333,295623,295801,178
103,0,blank,0,586.478983333333,468.195716666667,295801,295975,174
103,0,blank,0,639.01735,476.393,295975,296150,175
103,0,blank,0,621.907416666667,468.3816,296150,296326,176
103,0,blank,0,629.647466666667,457.342533333333,296326,296503,177
103,0,blank,0,636.889283333333,462.626433333333,296503,296678,175
103,0,blank,0,642.696933333333,467.34515,296678,296854,176
103,0,blank,0,601.639166666667,475.186416666667,296854,297030,176
103,0,blank,0,564.0605,467.130183333333,297030,297207,177
103,0,blank,0,571.384833333333,467.468866666667,297207,297384,177
103,0,blank,0,564.461683333333,468.743983333333,297384,297562,178
103,0,blank,0,671.841516666667,468.464033333333,297591,297771,180
103,0,blank,0,658.392416666667,477.60005,297771,297946,175
103,0,blank,0,0,0,298004,298104,100
103,0,blank,0,637.8822,481.0685,298130,298155,25
103,0,blank,0,646.0906,460.023085714286,298215,298410,195
103,0,blank,0,624.87545,472.96265,298410,298585,175
103,0,blank,0,603.005766666667,477.846983333333,298585,298761,176
103,0,blank,0,610.571583333333,470.441383333333,298761,298937,176
103,0,blank,0,690.53355,464.875016666667,298937,299112,175
103,0,blank,0,678.171716666667,473.526966666667,299112,299285,173
103,0,blank,0,672.435583333333,467.435033333333,299285,299463,178
103,0,blank,0,674.246833333333,460.374283333333,299463,299635,172
103,0,blank,0,719.145466666666,454.86635,299635,299808,173
103,0,blank,0,680.4366,506.6278,299866,299895,29
103,0,blank,0,684.62405,570.77045,299952,300009,57
103,0,blank,0,726.39245,477.426766666667,300037,300209,172
103,0,blank,0,710.91965,467.266033333333,300209,300385,176
103,0,blank,0,750.472416666667,464.62645,300385,300561,176
103,0,blank,0,811.0388,463.55115,300561,300736,175
103,0,blank,0,817.470516666667,463.201316666667,300736,300913,177
103,0,blank,0,778.973216666667,476.298416666667,300913,301089,176
103,0,blank,0,818.852183333333,471.71935,301089,301268,179
103,0,blank,0,837.827283333333,454.287066666667,301268,301442,174
103,0,blank,0,843.594083333333,453.151233333333,301442,301618,176
103,0,blank,0,886.924716666667,457.293516666667,301618,301794,176
103,0,blank,0,887.797666666667,444.982966666667,301794,301881,87
103,0,blank,0,0,0,301940,302043,103
103,0,blank,0,842.255128571428,466.340085714286,302119,302310,191
103,0,blank,0,849.3816,467.0949,302310,302339,29
103,0,blank,0,702.313466666667,469.072666666667,302368,302543,175
103,0,blank,0,685.273683333333,470.82125,302543,302719,176
103,0,blank,0,647.667183333333,465.762383333333,302719,302898,179
103,0,blank,0,625.99045,458.3928,302898,302956,58
103,0,blank,0,861.385616666667,473.34745,302985,303160,175
103,0,blank,0,860.789083333333,474.625683333333,303160,303334,174
103,0,blank,0,762.057066666667,471.9101,303334,303508,174
103,0,blank,0,736.251483333333,486.160416666667,303508,303684,176
103,0,blank,0,715.859683333333,466.46175,303684,303858,174
103,0,blank,0,633.212833333333,467.895016666667,303858,304032,174
103,0,blank,0,620.0244,464.39615,304032,304090,58
103,0,blank,0,523.2654,479.835566666667,304120,304295,175
103,0,blank,0,546.83935,476.781833333333,304295,304471,176
103,0,blank,0,629.21645,476.5741,304471,304651,180
103,0,blank,0,687.734866666667,468.0877,304651,304827,176
103,0,blank,0,677.744383333333,468.004433333333,304827,305002,175
103,0,blank,0,721.583866666667,462.657016666667,305002,305177,175
103,0,blank,0,725.58405,487.648875,305177,305294,117
103,0,blank,0,0,0,305324,305478,154
103,0,blank,0,836.453671428571,470.100757142857,305596,305792,196
103,0,blank,0,864.155016666667,464.085966666667,305792,305974,182
103,0,blank,0,883.3332,463.54005,305974,306031,57
103,0,blank,0,532.79368,460.1664,306061,306210,149
103,0,blank,0,420.1591,476.35215,306240,306418,178
103,0,blank,0,440.815183333333,474.142533333333,306418,306594,176
103,0,blank,0,466.91855,483.069716666667,306594,306771,177
103,0,blank,0,456.398183333333,480.7754,306771,306948,177
103,0,blank,0,0,0,306977,307056,79
103,0,blank,0,438.6477,470.2681,307082,307107,25
103,0,blank,0,420.367857142857,483.875314285714,307167,307363,196
103,0,blank,0,401.989966666667,490.3691,307363,307538,175
103,0,blank,0,463.207,485.7517,307538,307715,177
103,0,blank,0,482.53185,478.7349,307715,307891,176
103,0,blank,0,505.649216666667,475.32795,307891,308067,176
103,0,blank,0,525.683275,474.379725,308067,308183,116
103,0,blank,0,0,0,308213,308342,129
103,0,blank,0,574.0984,478.3898,308368,308393,25
103,0,blank,0,549.734328571429,493.730357142857,308455,308646,191
103,0,blank,0,604.4541,472.366216666667,308646,308823,177
103,0,blank,0,624.76435,467.815866666667,308823,308999,176
103,0,blank,0,645.385266666667,476.119383333333,308999,309174,175
103,0,blank,0,645.12495,483.990866666667,309174,309350,176
103,0,blank,0,644.363466666667,475.505483333333,309350,309523,173
103,0,blank,0,632.763133333333,465.919466666667,309523,309702,179
103,0,blank,0,675.802933333334,474.502766666667,309702,309875,173
103,0,blank,0,670.069,453.7227,309875,309963,88
103,0,blank,0,0,0,310022,310178,156
103,0,blank,0,675.0823,468.3158,310203,310229,26
103,0,blank,0,627.816228571429,469.381528571429,310277,310469,192
103,0,blank,0,614.108716666667,474.31485,310469,310646,177
103,0,blank,0,665.001666666667,472.155433333333,310646,310825,179
103,0,blank,0,681.989966666667,477.2158,310825,311002,177
103,0,blank,0,653.474716666667,468.8029,311002,311182,180
103,0,blank,0,654.034383333333,464.03065,311182,311354,172
103,0,blank,0,662.781883333333,478.7675,311354,311529,175
103,0,blank,0,675.667533333333,458.10205,311529,311705,176
103,0,blank,0,559.195416666667,475.809266666667,311735,311910,175
103,0,blank,0,551.51085,468.8659,311910,312088,178
103,0,blank,0,508.565466666667,481.588966666667,312088,312265,177
103,0,blank,0,514.1497,479.67105,312265,312442,177
103,0,blank,0,511.871266666667,484.650783333333,312442,312626,184
103,0,blank,0,514.0247,489.4803,312626,312676,50
103,0,blank,0,629.1007,490.12245,312766,312946,180
103,0,blank,0,471.7464,498.780533333333,313010,313203,193
103,0,blank,0,454.4527,496.883616666667,313203,313382,179
103,0,blank,0,412.120816666667,486.771333333333,313382,313561,179
103,0,blank,0,455.422716666667,498.048283333333,313561,313737,176
103,0,blank,0,454.362983333333,500.82655,313737,313914,177
103,0,blank,0,536.318483333333,480.196716666667,313914,314092,178
103,0,blank,0,558.421533333333,484.4668,314092,314269,177
103,0,blank,0,557.295883333333,481.949333333333,314269,314445,176
103,0,blank,0,513.888033333333,482.2194,314445,314623,178
103,0,blank,0,471.722683333333,489.594133333333,314623,314802,179
103,0,blank,0,513.707633333333,478.2951,314802,314984,182
103,0,blank,0,497.01674,480.55866,314984,315138,154
103,0,blank,0,0,0,315167,315273,106
103,0,blank,0,433.1244,485.172,315308,315353,45
103,0,blank,0,458.966828571429,492.354271428571,315416,315615,199
103,0,blank,0,461.1528,495.746275,315615,315736,121
103,0,blank,0,0,0,315767,315873,106
103,0,blank,0,501.3589,478.8192,315909,315959,50
103,0,blank,0,500.9758,497.204342857143,316020,316218,198
103,0,blank,0,487.914183333333,489.55425,316218,316398,180
103,0,blank,0,479.248316666667,501.348533333333,316398,316576,178
103,0,blank,0,477.500016666667,496.7985,316576,316753,177
103,0,blank,0,439.368783333333,500.7376,316753,316932,179
103,0,blank,0,438.8984,493.56075,316932,316992,60
103,0,blank,0,0,0,317022,317102,80
103,0,blank,0,438.7706,476.6333,317127,317157,30
103,0,blank,0,438.156316666667,488.730783333333,317218,317388,170
103,0,blank,0,492.733516666667,480.85435,317388,317568,180
103,0,blank,0,492.917616666667,482.830916666667,317568,317747,179
103,0,blank,0,523.06275,480.187483333333,317747,317925,178
103,0,blank,0,562.07945,472.526616666667,317925,318105,180
103,0,blank,0,593.3456,476.34365,318105,318284,179
103,0,blank,0,623.2277,466.621166666667,318284,318461,177
103,0,blank,0,617.439233333333,465.712816666667,318461,318639,178
103,0,blank,0,604.428383333333,469.404066666667,318639,318817,178
103,0,blank,0,604.904216666667,474.409633333333,318817,318992,175
103,0,blank,0,649.47225,469.050816666667,318992,319168,176
103,0,blank,0,670.072316666667,462.588166666667,319168,319345,177
103,0,blank,0,675.302066666667,470.928933333333,319345,319433,88
103,0,blank,0,548.376016666667,475.484716666667,319462,319638,176
103,0,blank,0,548.29265,479.590483333333,319638,319814,176
103,0,blank,0,531.43975,477.01735,319814,319990,176
103,0,blank,0,508.485633333333,483.8101,319990,320167,177
103,0,blank,0,510.85405,481.6143,320167,320344,177
103,0,blank,0,503.037616666667,480.874416666667,320344,320520,176
103,0,blank,0,456.11055,487.593616666667,320520,320697,177
103,0,blank,0,471.268733333333,483.677933333333,320697,320875,178
103,0,blank,0,524.455866666667,473.788816666667,320875,321051,176
103,0,blank,0,572.653566666667,475.030383333333,321051,321227,176
103,0,blank,0,614.132133333333,478.162983333333,321227,321403,176
103,0,blank,0,640.66925,474.183316666667,321403,321577,174
103,0,blank,0,635.0855,485.148566666667,321577,321749,172
103,0,blank,0,553.721416666667,485.554566666667,321749,321923,174
103,0,blank,0,526.498966666667,482.449866666667,321923,322100,177
103,0,blank,0,480.5293,475.0741,322100,322275,175
103,0,blank,0,459.704716666667,500.950433333333,322275,322451,176
103,0,blank,0,438.158566666667,489.834933333333,322451,322628,177
103,0,blank,0,415.215416666667,482.970083333333,322628,322805,177
103,0,blank,0,405.17745,485.6598,322805,322979,174
103,0,blank,0,427.48395,480.951433333333,322979,323153,174
103,0,blank,0,468.8555,490.33515,323153,323329,176
103,0,blank,0,478.701,478.4825,323329,323506,177
103,0,blank,0,489.502633333333,477.1364,323506,323594,88
103,0,blank,0,0,0,323623,323728,105
103,0,blank,0,528.9196,481.1309,323753,323779,26
103,0,blank,0,555.124042857143,494.913842857143,323842,324038,196
103,0,blank,0,571.368716666667,491.418583333333,324038,324213,175
103,0,blank,0,564.889866666667,495.917933333333,324213,324391,178
103,0,blank,0,549.0729,498.781883333333,324391,324566,175
103,0,blank,0,520.42575,498.88245,324566,324741,175
103,0,blank,0,559.20865,497.3532,324741,324915,174
103,0,blank,0,601.746583333333,485.880716666667,324915,325090,175
103,0,blank,0,567.2036,488.602316666667,325090,325264,174
103,0,blank,0,540.825966666667,496.6308,325264,325439,175
103,0,blank,0,545.682916666667,488.849833333333,325439,325615,176
103,0,blank,0,539.282133333333,491.372416666667,325615,325790,175
103,0,blank,0,601.16815,479.2743,325790,325963,173
103,0,blank,0,662.7859,483.74815,325963,326141,178
103,0,blank,0,631.146883333333,475.317183333333,326141,326316,175
103,0,blank,0,621.054533333333,477.549483333333,326316,326491,175
103,0,blank,0,627.404733333333,468.176183333333,326491,326667,176
103,0,blank,0,572.20965,483.6965,326667,326843,176
103,0,blank,0,574.71055,467.064366666667,326843,327019,176
103,0,blank,0,606.4623,484.4982,327019,327195,176
103,0,blank,0,612.549566666667,479.841816666667,327195,327369,174
103,0,blank,0,566.931116666667,480.459866666667,327369,327545,176
103,0,blank,0,569.797233333333,466.727816666667,327545,327721,176
103,0,blank,0,566.38565,476.1152,327721,327898,177
103,0,blank,0,566.3375,471.38945,327898,328075,177
103,0,blank,0,603.383283333333,465.42675,328075,328252,177
103,0,blank,0,610.0414,470.065066666667,328252,328427,175
103,0,blank,0,542.03315,477.266883333333,328427,328603,176
103,0,blank,0,543.769533333333,482.647683333333,328603,328778,175
103,0,blank,0,544.060716666667,478.30125,328778,328952,174
103,0,blank,0,575.485133333333,472.89905,328952,329128,176
103,0,blank,0,570.61555,478.57225,329128,329186,58
103,0,blank,0,0,0,329216,329320,104
103,0,blank,0,520.9,537.2813,329349,329391,42
103,0,blank,0,572.9097,491.551271428571,329452,329647,195
103,0,blank,0,601.818066666667,481.450716666667,329647,329822,175
103,0,blank,0,647.980133333333,467.359933333333,329822,329998,176
103,0,blank,0,670.329283333333,457.3839,329998,330170,172
103,0,blank,0,674.200933333333,476.212383333333,330170,330343,173
103,0,blank,0,692.57755,463.514733333333,330343,330515,172
103,0,blank,0,683.788,474.859083333333,330515,330690,175
103,0,blank,0,652.380128571429,463.900571428571,330690,330889,199
103,0,blank,0,659.315633333333,469.214266666667,330889,331061,172
103,0,blank,0,0,0,331119,331195,76
103,0,blank,0,455.493042857143,499.356528571429,331331,331524,193
103,0,blank,0,406.95195,495.586216666667,331524,331699,175
103,0,blank,0,460.148083333333,490.959783333333,331699,331875,176
103,0,blank,0,552.83165,487.5927,331875,332048,173
103,0,blank,0,547.7527,497.0775,332048,332077,29
103,0,blank,0,781.800833333333,495.5829,332107,332285,178
103,0,blank,0,743.27156,468.57724,332285,332433,148
103,0,blank,0,0,0,332491,332569,78
103,0,blank,0,731.597514285714,481.863428571429,332645,332841,196
103,0,blank,0,756.289075,471.708975,332841,332956,115
103,0,blank,0,837.6626,512.23825,332988,333068,80
103,0,blank,0,0,0,333128,333266,138
103,0,blank,0,743.194371428571,456.211485714286,333479,333677,198
103,0,blank,0,763.331766666667,462.2204,333677,333854,177
103,0,blank,0,648.44515,463.337816666667,333854,334029,175
103,0,blank,0,657.204683333333,459.358266666667,334029,334203,174
103,0,blank,0,654.446733333333,466.3854,334203,334290,87
103,0,blank,0,559.223016666667,480.915566666667,334320,334495,175
103,0,blank,0,559.401233333333,472.2291,334495,334670,175
103,0,blank,0,558.286683333333,470.91865,334670,334847,177
103,0,blank,0,522.488483333333,474.948383333333,334847,335024,177
103,0,blank,0,495.391566666667,475.02415,335024,335201,177
103,0,blank,0,479.138283333333,476.2822,335201,335377,176
103,0,blank,0,436.066716666667,490.45965,335377,335553,176
103,0,blank,0,422.666733333333,492.689466666667,335553,335730,177
103,0,blank,0,443.040116666667,500.834116666667,335730,335907,177
103,0,blank,0,459.604216666667,485.9318,335907,336084,177
103,0,blank,0,437.525533333333,491.112633333333,336084,336260,176
103,0,blank,0,426.646533333333,481.305633333333,336260,336438,178
103,0,blank,0,726.0441,451.988166666667,336496,336674,178
103,0,blank,0,763.413566666667,461.833916666667,336674,336849,175
103,0,blank,0,758.6738,473.5722,336849,336879,30
103,0,blank,0,429.82495,519.072283333333,336938,337113,175
103,0,blank,0,400.992533333333,501.042883333333,337113,337288,175
103,0,blank,0,608.69426,480.09768,337317,337464,147
103,0,blank,0,435.01665,519.188433333333,337494,337671,177
103,0,blank,0,488.6884,500.267,337671,337848,177
103,0,blank,0,464.161933333333,496.555966666667,337848,338026,178
103,0,blank,0,442.221666666667,519.424566666667,338026,338114,88
103,0,blank,0,0,0,338144,338273,129
103,0,blank,0,0,0,338337,338517,180
103,0,blank,0,0,0,338517,338562,45
103,0,blank,0,453.844,494.321442857143,338597,338790,193
103,0,blank,0,423.801366666667,491.339183333333,338790,338967,177
103,0,blank,0,426.23725,502.547733333333,338967,339142,175
103,0,blank,0,458.359666666667,515.415666666667,339142,339316,174
103,0,blank,0,458.883016666667,497.478716666667,339316,339489,173
103,0,blank,0,479.65695,493.510866666667,339489,339665,176
103,0,blank,0,511.4609,481.8007,339665,339840,175
103,0,blank,0,479.188883333333,486.5389,339840,340016,176
103,0,blank,0,452.141366666667,491.948016666667,340016,340194,178
103,0,blank,0,426.246866666667,490.422433333333,340194,340372,178
103,0,blank,0,416.9622,490.721383333333,340372,340550,178
103,0,blank,0,442.893033333333,490.588383333333,340550,340730,180
103,0,blank,0,499.8375,487.261266666667,340730,340908,178
103,0,blank,0,510.359633333333,488.34435,340908,341089,181
103,0,blank,0,508.3679,470.4485,341089,341116,27
103,0,blank,0,737.636916666667,419.811516666667,341146,341322,176
103,0,blank,0,745.267466666667,418.3513,341322,341410,88
103,0,blank,0,0,0,341469,341495,26
103,0,blank,0,437.9552,1.0545,341520,341545,25
103,0,blank,0,652.136842857143,-0.1557,341595,341789,194
103,0,blank,0,649.56295,-0.1714,341789,341969,180
103,0,blank,0,650.719366666667,-0.155516666666667,341969,342143,174
103,0,blank,0,647.293575,-0.154925,342143,342262,119
103,0,blank,0,563.13395,75.8775166666667,342292,342475,183
103,0,blank,0,556.66226,75.41488,342475,342627,152
103,0,blank,0,588.981933333333,245.652116666667,342657,342841,184
103,0,blank,0,594.04502,255.81214,342841,342992,151
103,0,blank,0,621.487766666667,449.630066666667,343022,343207,185
103,0,blank,0,506.39788,479.18514,343207,343361,154
103,0,blank,0,0,0,343392,343448,56
103,0,blank,0,470.788828571429,483.733828571429,343549,343747,198
103,0,blank,0,463.388466666667,487.521616666667,343747,343930,183
103,0,blank,0,459.272483333333,491.573216666667,343930,344111,181
103,0,blank,0,454.90015,496.168533333333,344111,344291,180
103,0,blank,0,444.940033333333,494.001616666667,344291,344470,179
103,0,blank,0,448.3938,490.457466666667,344470,344649,179
103,0,blank,0,455.52575,501.011016666667,344649,344827,178
103,0,blank,0,454.273083333333,489.599766666667,344827,345005,178
103,0,blank,0,445.2337,486.0811,345005,345185,180
103,0,blank,0,428.68225,496.53345,345185,345361,176
103,0,blank,0,433.892833333333,500.066233333333,345361,345537,176
103,0,blank,0,455.7799,495.58845,345537,345715,178
103,0,blank,0,479.321,457.7479,345715,345745,30
103,0,blank,0,0,0,345775,345919,144
103,0,blank,0,456.972257142857,479.308371428571,345945,346140,195
103,0,blank,0,472.37485,487.0142,346140,346317,177
103,0,blank,0,468.8939,480.124533333333,346317,346495,178
103,0,blank,0,460.6346,479.408333333333,346495,346673,178
103,0,blank,0,458.324516666667,482.1647,346673,346851,178
103,0,blank,0,479.790416666667,487.42945,346851,347029,178
103,0,blank,0,512.98155,473.272966666667,347029,347205,176
103,0,blank,0,530.94635,473.10975,347205,347383,178
103,0,blank,0,547.84825,474.23345,347383,347562,179
103,0,blank,0,587.1183,475.506866666667,347562,347739,177
103,0,blank,0,617.331366666667,470.563383333333,347739,347920,181
103,0,blank,0,577.396716666667,470.074483333333,347920,348100,180
103,0,blank,0,471.36068,475.68474,348100,348250,150
103,0,blank,0,0,0,348280,348385,105
103,0,blank,0,462.2664,461.3776,348410,348435,25
103,0,blank,0,449.705285714286,496.763142857143,348490,348686,196
103,0,blank,0,456.229833333333,477.113816666667,348686,348864,178
103,0,blank,0,454.876433333333,497.431633333333,348864,349042,178
103,0,blank,0,485.674833333333,486.952016666667,349042,349221,179
103,0,blank,0,503.355016666667,491.613383333333,349221,349395,174
103,0,blank,0,489.410233333333,484.07595,349395,349571,176
103,0,blank,0,492.771333333333,483.4009,349571,349746,175
103,0,blank,0,456.001866666667,485.420316666667,349746,349923,177
103,0,blank,0,0,0,349954,350095,141
103,0,blank,0,449.3213,513.185683333333,350121,350293,172
103,0,blank,0,455.557833333333,499.79535,350293,350471,178
103,0,blank,0,459.514466666667,478.235316666667,350471,350646,175
103,0,blank,0,500.630983333333,487.1795,350646,350822,176
103,0,blank,0,506.259583333333,483.930666666667,350822,350997,175
103,0,blank,0,492.234416666667,490.279416666667,350997,351172,175
103,0,blank,0,495.808233333333,477.036733333333,351172,351260,88
103,0,blank,0,0,0,351319,351420,101
103,0,blank,0,492.3541,501.315,351445,351480,35
103,0,blank,0,491.4103,477.010628571429,351541,351733,192
103,0,blank,0,456.240383333333,478.547883333333,351733,351911,178
103,0,blank,0,475.529433333333,488.697966666667,351911,352088,177
103,0,blank,0,488.3897,483.1751,352088,352261,173
103,0,blank,0,460.7,496.9235,352261,352438,177
103,0,blank,0,452.374383333333,485.70625,352438,352614,176
103,0,blank,0,477.79045,479.481483333333,352614,352788,174
103,0,blank,0,505.547233333333,491.4897,352788,352965,177
103,0,blank,0,456.573766666667,490.069733333333,352965,353141,176
103,0,blank,0,435.037983333333,496.363933333333,353141,353317,176
103,0,blank,0,468.72164,486.18262,353317,353501,184
103,0,blank,0,482.7207,479.608,353501,353611,110
103,0,blank,0,484.1323,461.1423,353611,353713,102
103,0,blank,0,0,0,353810,353923,113
103,0,blank,0,450.337628571429,485.4404,354028,354221,193
103,0,blank,0,475.0512,486.69445,354221,354400,179
103,0,blank,0,473.3481,482.822283333333,354400,354578,178
103,0,blank,0,515.981366666667,489.8098,354578,354752,174
103,0,blank,0,534.114416666667,471.088066666667,354752,354927,175
103,0,blank,0,554.571416666667,475.307483333333,354927,355102,175
103,0,blank,0,543.786783333333,486.7301,355102,355281,179
103,0,blank,0,568.241583333333,479.051,355281,355457,176
103,0,blank,0,578.054933333333,474.573183333333,355457,355634,177
103,0,blank,0,549.93785,488.946683333333,355634,355811,177
103,0,blank,0,547.2888,477.7888,355811,355840,29
103,0,blank,0,0,0,355869,355998,129
103,0,blank,0,553.9695,491.6993,356024,356049,25
103,0,blank,0,551.802257142857,492.753414285714,356098,356289,191
103,0,blank,0,567.179933333333,479.081483333333,356289,356464,175
103,0,blank,0,561.858733333333,487.184816666667,356464,356641,177
103,0,blank,0,550.8241,512.24465,356641,356817,176
103,0,blank,0,571.1502,465.49815,356817,356993,176
103,0,blank,0,578.769316666667,477.8746,356993,357169,176
103,0,blank,0,611.773283333333,465.915583333333,357169,357345,176
103,0,blank,0,615.47445,476.6223,357345,357520,175
103,0,blank,0,554.5811,475.3841,357520,357549,29
103,0,blank,0,574.1408,493.7141,357549,357809,260
103,0,blank,0,578.286457142857,482.561028571429,357809,358001,192
103,0,blank,0,601.684033333333,474.46505,358001,358180,179
103,0,blank,0,625.372066666667,459.481683333333,358180,358358,178
103,0,blank,0,639.75345,482.527416666667,358358,358533,175
103,0,blank,0,622.121633333333,462.7709,358533,358710,177
103,0,blank,0,616.919116666667,480.205566666667,358710,358886,176
103,0,blank,0,637.9864,472.972316666667,358886,359061,175
103,0,blank,0,661.885916666667,478.2618,359061,359238,177
103,0,blank,0,632.980633333333,481.460583333333,359238,359417,179
103,0,blank,0,632.80935,462.352416666667,359417,359593,176
103,0,blank,0,629.73965,467.737983333333,359593,359768,175
103,0,blank,0,639.451166666667,464.51545,359768,359944,176
103,0,blank,0,668.19545,461.77345,359944,360124,180
103,0,blank,0,624.797066666667,477.387566666667,360124,360300,176
103,0,blank,0,623.184266666667,463.586333333333,360300,360475,175
103,0,blank,0,625.804,472.4374,360475,360650,175
103,0,blank,0,617.9574,469.0941,360650,360826,176
103,0,blank,0,673.698566666667,462.554666666667,360826,361003,177
103,0,blank,0,665.545183333333,460.444,361003,361182,179
103,0,blank,0,622.6522,462.295983333333,361182,361357,175
103,0,blank,0,576.917716666667,476.2117,361357,361534,177
103,0,blank,0,579.98325,471.09145,361534,361594,60
103,0,blank,0,690.183483333333,462.670283333333,361624,361803,179
103,0,blank,0,692.36745,459.118933333333,361803,361980,177
103,0,blank,0,678.7993,462.721483333333,361980,362158,178
103,0,blank,0,611.811316666667,464.117983333333,362158,362336,178
103,0,blank,0,582.396533333333,459.639233333333,362336,362514,178
103,0,blank,0,550.9443,466.133866666667,362514,362690,176
103,0,blank,0,605.172083333333,469.213933333333,362690,362867,177
103,0,blank,0,746.331,464.228033333333,362897,363075,178
103,0,blank,0,730.75855,472.782266666667,363075,363252,177
103,0,blank,0,0,0,363310,363492,182
103,0,blank,0,720.532157142857,463.752057142857,363521,363715,194
103,0,blank,0,746.088933333333,476.51105,363715,363890,175
103,0,blank,0,791.87525,474.498316666667,363890,364065,175
103,0,blank,0,780.8214,467.0161,364065,364092,27
103,0,blank,0,662.724533333333,467.67615,364120,364292,172
103,0,blank,0,656.6739,466.8327,364292,364350,58
103,0,blank,0,552.3404,466.502225,364660,364761,101
103,0,blank,0,533.421,440.9022,364761,364945,184
103,0,blank,0,530.558657142857,479.1467,364945,365134,189
103,0,blank,0,538.29655,467.969066666667,365134,365312,178
103,0,blank,0,488.345216666667,480.638616666667,365312,365488,176
103,0,blank,0,464.806883333333,484.408883333333,365488,365666,178
103,0,blank,0,449.4762,478.772066666667,365666,365844,178
103,0,blank,0,435.3886,479.132383333333,365844,366020,176
103,0,blank,0,464.4719,485.3886,366020,366197,177
103,0,blank,0,502.320083333333,488.802533333333,366197,366374,177
103,0,blank,0,580.6238,475.2544,366374,366553,179
103,0,blank,0,564.420816666667,481.3285,366553,366733,180
103,0,blank,0,569.660333333333,472.619066666667,366733,366823,90
103,0,blank,0,532.7017,463.7249,366823,367057,234
103,0,blank,0,595.6544,465.012942857143,367057,367245,188
103,0,blank,0,634.321066666667,465.4069,367245,367426,181
103,0,blank,0,639.10435,476.5955,367426,367546,120
103,0,blank,0,780.65015,460.506233333333,367576,367752,176
103,0,blank,0,732.1017,488.396333333333,367752,367840,88
103,0,blank,0,0,0,367898,367998,100
103,0,blank,0,746.0284,472.0734,368038,368089,51
103,0,blank,0,808.335128571429,462.414771428571,368155,368350,195
103,0,blank,0,812.090233333333,471.75245,368350,368526,176
103,0,blank,0,847.403883333333,470.348416666667,368526,368699,173
103,0,blank,0,808.2991,465.5547,368699,368898,199
103,0,blank,0,743.650616666667,480.42775,368898,369072,174
103,0,blank,0,755.32296,466.9815,369072,369224,152
103,0,blank,0,748.908516666667,470.094933333333,369280,369456,176
103,0,blank,0,778.012116666667,466.626983333333,369456,369630,174
103,0,blank,0,833.80655,470.257466666667,369630,369804,174
103,0,blank,0,863.916466666667,475.88525,369804,369979,175
103,0,blank,0,825.1076,475.213633333333,369979,370159,180
103,0,blank,0,810.600183333333,459.659383333333,370159,370334,175
103,0,blank,0,850.9318,473.526466666667,370334,370508,174
103,0,blank,0,840.88835,471.94715,370508,370684,176
103,0,blank,0,793.265733333333,476.1062,370684,370859,175
103,0,blank,0,719.3811,482.6478,370859,371034,175
103,0,blank,0,681.7217,460.542316666667,371034,371212,178
103,0,blank,0,677.448633333333,486.061,371212,371303,91
103,0,blank,0,0,0,371331,371435,104
103,0,blank,0,612.7624,473.1584,371466,371509,43
103,0,blank,0,639.8993,476.6935,371572,371655,83
103,0,blank,0,860.029216666667,472.796,371684,371860,176
103,0,blank,0,865.028933333333,477.291866666667,371860,372035,175
103,0,blank,0,805.4369,469.0093,372035,372064,29
103,0,blank,0,712.435,503.8712,372064,372324,260
103,0,blank,0,675.365642857143,528.201742857143,372324,372518,194
103,0,blank,0,518.70695,510.066583333333,372518,372693,175
103,0,blank,0,482.425666666667,505.492933333333,372693,372869,176
103,0,blank,0,395.552675,499.38785,372869,372986,117
103,0,blank,0,0,0,373016,373145,129
103,0,blank,0,400.3486,480.6744,373170,373202,32
103,0,blank,0,449.519042857143,506.430214285714,373260,373458,198
103,0,blank,0,442.5613,514.28355,373458,373636,178
103,0,blank,0,409.22045,524.084383333333,373636,373821,185
103,0,blank,0,391.2622,532.9269,373821,373882,61
103,54,today,300,407.1597,535.5235,374191,374229,38
103,0,blank,0,496.372471428571,557.017271428571,374291,374487,196
103,0,blank,0,523.205416666667,520.96755,374487,374666,179
103,0,blank,0,489.650266666667,500.393983333333,374666,374843,177
103,0,blank,0,463.307366666667,492.201866666667,374843,375019,176
103,0,blank,0,402.678516666667,484.733416666667,375019,375195,176
103,0,blank,0,406.824166666667,485.5617,375195,375371,176
103,0,blank,0,445.413983333333,479.616133333333,375371,375547,176
103,0,blank,0,464.084866666667,472.5169,375547,375725,178
103,0,blank,0,477.670066666667,481.4224,375725,375903,178
103,0,blank,0,519.093283333333,474.519766666667,375903,376080,177
103,0,blank,0,525.223,470.41735,376080,376257,177
103,0,blank,0,556.41895,463.367016666667,376257,376434,177
103,0,blank,0,523.83025,474.807816666667,376434,376611,177
103,0,blank,0,502.702666666667,484.300533333333,376611,376788,177
103,0,blank,0,532.66234,474.3497,376788,376936,148
103,0,blank,0,0,0,376966,377070,104
103,0,blank,0,496.066542857143,528.0779,377177,377371,194
103,0,blank,0,411.407816666667,573.57145,377371,377548,177
103,0,blank,0,388.005966666667,571.223316666667,377548,377726,178
103,0,blank,0,453.699266666667,564.30855,377726,377902,176
103,56,"Entertoday'sdate(mmddyyyy):",311,405.88745,579.9005,377902,378078,176
103,56,"Entertoday'sdate(mmddyyyy):",311,374.052233333333,595.63545,378078,378255,177
103,57,month,321,349.0387,603.104616666667,378255,378432,177
103,0,blank,0,322.859033333333,598.377166666667,378432,378609,177
103,57,month,321,363.321916666667,619.523066666667,378609,378787,178
103,0,blank,0,392.803133333333,637.335283333333,378787,378964,177
103,0,blank,0,442.684083333333,640.522116666667,378964,379144,180
103,0,blank,0,479.94345,639.0089,379144,379323,179
103,0,blank,0,478.73005,632.895733333333,379323,379500,177
103,57,thisDay,329,474.816033333333,616.91175,379500,379679,179
103,59,nextDay,353,561.489833333333,654.361133333333,379679,379858,179
103,59,.,354,564.328983333333,646.721083333333,379858,380038,180
103,0,blank,0,579.6117,725.6985,380038,380068,30
103,0,blank,0,0,0,380098,380261,163
103,59,month,347,612.022633333333,655.33065,380289,380460,171
103,59,nextDay,353,559.059616666667,659.977033333333,380460,380647,187
103,59,nextDay,353,558.811933333333,644.661,380647,380832,185
103,59,month,347,605.965383333333,657.791716666667,380832,381011,179
103,0,blank,0,609.603233333333,670.2141,381011,381099,88
103,0,blank,0,0,0,381130,381231,101
103,0,blank,0,583.3186,628.0345,381280,381343,63
103,0,blank,0,604.518283333333,641.977116666667,381406,381576,170
103,59,comma,352,631.21505,655.438883333333,381576,381757,181
103,59,nextDay,353,646.465033333333,662.625516666667,381757,381935,178
103,59,nextDay,353,668.3,653.018966666667,381935,382113,178
103,59,month,347,606.162833333333,657.19285,382113,382291,178
103,59,month,347,613.703866666667,658.65175,382291,382475,184
103,59,comma,352,632.254233333333,650.131,382475,382564,89
103,0,blank,0,438.9205,671.8409,382593,382774,181
103,59,"Tomorrow'sdateis%i/%i/%.2i.\n",343,415.655333333333,654.976516666667,382774,382953,179
103,59,"Tomorrow'sdateis%i/%i/%.2i.\n",343,384.556966666667,655.007166666667,382953,383132,179
103,59,"Tomorrow'sdateis%i/%i/%.2i.\n",343,355.511566666667,651.29855,383132,383311,179
103,59,"Tomorrow'sdateis%i/%i/%.2i.\n",343,421.902916666667,663.0956,383311,383491,180
103,0,blank,0,462.425666666667,665.8527,383491,383675,184
103,59,"Tomorrow'sdateis%i/%i/%.2i.\n",343,457.85985,655.375466666667,383675,383855,180
103,0,blank,0,472.103783333333,660.452483333333,383855,384036,181
103,59,nextDay,353,533.808516666667,663.410916666667,384036,384211,175
103,0,blank,0,541.965066666667,670.628866666667,384211,384391,180
103,0,blank,0,491.868983333333,673.6861,384391,384569,178
103,0,blank,0,439.289916666667,671.885383333333,384569,384751,182
103,0,blank,0,435.284516666667,665.893733333333,384751,384931,180
103,59,"Tomorrow'sdateis%i/%i/%.2i.\n",343,462.306083333333,660.50095,384931,385109,178
103,0,blank,0,467.845866666667,664.182216666667,385109,385286,177
103,59,nextDay,353,507.77195,663.399866666667,385286,385463,177
103,0,blank,0,546.8736,670.822883333333,385463,385641,178
103,0,blank,0,543.49968,681.56806,385641,385788,147
103,0,blank,0,410.948816666667,672.785683333333,385818,385998,180
103,0,blank,0,377.53525,666.389966666667,385998,386176,178
103,0,blank,0,0,0,386205,386310,105
103,57,thisDay,329,437.5601,610.5204,386340,386383,43
103,0,blank,0,378.095557142857,678.037128571429,386447,386644,197
103,0,blank,0,416.547216666667,678.199833333333,386644,386825,181
103,0,blank,0,478.812766666667,680.43235,386825,387002,177
103,0,blank,0,522.5781,689.985783333333,387002,387177,175
103,0,blank,0,491.827366666667,673.004216666667,387177,387355,178
103,59,"Tomorrow'sdateis%i/%i/%.2i.\n",343,458.066283333333,661.792583333333,387355,387531,176
103,0,blank,0,449.912766666667,681.238366666667,387531,387712,181
103,0,blank,0,515.583516666667,682.66885,387712,387890,178
103,0,blank,0,615.123116666667,693.328066666667,387890,388067,177
103,0,blank,0,593.94695,699.16625,388067,388246,179
103,0,blank,0,632.424433333333,698.27465,388246,388422,176
103,0,blank,0,642.43585,692.669883333333,388422,388600,178
103,0,blank,0,636.190216666667,689.142216666667,388600,388778,178
103,0,blank,0,676.383583333333,703.926966666667,388778,388956,178
103,0,blank,0,633.275866666667,695.195883333333,388956,389133,177
103,0,blank,0,586.360433333333,689.497816666667,389133,389313,180
103,0,blank,0,603.68075,695.12855,389313,389490,177
103,59,"Tomorrow'sdateis%i/%i/%.2i.\n",343,459.343983333333,660.987916666667,389520,389699,179
103,0,blank,0,418.189883333333,698.6,389699,389884,185
103,0,blank,0,431.0817,690.631866666667,389884,389975,91
103,0,blank,0,607.416166666667,688.342083333333,390005,390181,176
103,0,blank,0,595.851466666667,701.121633333333,390181,390358,177
103,0,blank,0,592.777666666667,699.40315,390358,390534,176
103,0,blank,0,411.4471,670.7739,390563,390744,181
103,0,blank,0,542.430883333333,695.241183333333,390774,390950,176
103,0,blank,0,592.564466666667,684.9964,390950,391128,178
103,0,blank,0,589.309666666667,700.4307,391128,391303,175
103,0,blank,0,588.704575,695.57775,391303,391420,117
103,0,blank,0,0,0,391450,391555,105
103,0,blank,0,442.522,861.5226,391581,391606,25
103,0,blank,0,653.134042857143,673.081014285714,391655,391843,188
103,0,blank,0,630.74135,689.6001,391843,392020,177
103,0,blank,0,620.32165,712.11015,392020,392196,176
103,0,blank,0,647.00384,711.43518,392196,392340,144
103,0,blank,0,452.3216,690.07326,392368,392541,173
103,0,blank,0,441.909966666667,698.660733333333,392541,392723,182
103,0,blank,0,375.396583333333,704.92275,392723,392903,180
103,0,blank,0,358.890733333333,688.863883333333,392903,393078,175
103,0,blank,0,439.586516666667,698.786783333333,393078,393253,175
103,0,blank,0,492.161033333333,679.0197,393253,393428,175
103,0,blank,0,524.639766666667,700.347316666667,393428,393605,177
103,0,blank,0,542.390783333333,695.99515,393605,393781,176
103,0,blank,0,529.26295,701.7977,393781,393957,176
103,0,blank,0,508.9746,680.503466666667,393957,394133,176
103,0,blank,0,519.4084,704.5285,394133,394257,124
103,0,blank,0,504.21275,723.8407,394257,394449,192
103,0,blank,0,548.2977,712.473433333333,394449,394628,179
103,0,blank,0,542.512066666667,707.30745,394628,394804,176
103,0,blank,0,466.338466666667,664.268983333333,394804,394983,179
103,59,"Tomorrow'sdateis%i/%i/%.2i.\n",343,443.942416666667,645.562866666667,394983,395158,175
103,0,blank,0,446.74605,622.541933333333,395158,395337,179
103,0,blank,0,486.06995,629.152516666667,395337,395513,176
103,59,"Tomorrow'sdateis%i/%i/%.2i.\n",343,458.3178,659.9382,395513,395690,177
103,59,"Tomorrow'sdateis%i/%i/%.2i.\n",343,427.7883,650.43305,395690,395872,182
103,0,blank,0,472.3549,661.457066666667,395872,396052,180
103,0,blank,0,539.5428,666.415166666667,396052,396229,177
103,0,blank,0,525.575366666667,679.3516,396229,396404,175
103,0,blank,0,478.474666666667,663.466833333333,396404,396580,176
103,59,"Tomorrow'sdateis%i/%i/%.2i.\n",343,376.792183333333,649.603616666667,396580,396755,175
103,0,blank,0,422.1544,639.668766666667,396755,396933,178
103,59,"Tomorrow'sdateis%i/%i/%.2i.\n",343,462.50665,653.541166666667,396933,397111,178
103,0,blank,0,473.047066666667,662.272983333333,397111,397286,175
103,59,comma,352,468.0164,650.427116666667,397286,397462,176
103,0,blank,0,460.641683333333,634.375266666667,397462,397638,176
103,59,nextDay,353,487.476133333333,647.027116666667,397638,397813,175
103,59,nextDay,353,551.169883333333,645.033533333333,397813,397987,174
103,59,.,354,566.576116666667,661.557033333333,397987,398162,175
103,59,month,347,580.525216666667,648.315783333333,398162,398336,174
103,0,blank,0,606.3654,642.21255,398336,398395,59
103,59,"Tomorrow'sdateis%i/%i/%.2i.\n",343,432.7207,643.921033333333,398424,398601,177
103,0,blank,0,413.4474,639.72856,398601,398749,148
103,0,blank,0,541.038216666667,633.85145,398778,398953,175
103,59,month,347,584.30705,643.965683333333,398953,399127,174
103,59,month,347,607.586725,644.682675,399127,399244,117
103,0,blank,0,510.107666666667,684.05495,399274,399452,178
103,59,comma,352,471.545233333333,663.743216666667,399452,399632,180
103,59,"Tomorrow'sdateis%i/%i/%.2i.\n",343,433.387416666667,657.622316666667,399632,399812,180
103,59,"Tomorrow'sdateis%i/%i/%.2i.\n",343,431.11785,646.828566666667,399812,399989,177
103,59,"Tomorrow'sdateis%i/%i/%.2i.\n",343,429.5229,648.2088,399989,400167,178
103,59,comma,352,628.022983333333,659.3184,400198,400372,174
103,59,comma,352,624.600466666667,656.65355,400372,400548,176
103,0,blank,0,467.259883333333,666.885516666667,400577,400756,179
103,0,blank,0,463.510083333333,678.791266666667,400756,400934,178
103,0,blank,0,426.022416666667,691.790683333333,400934,401114,180
103,0,blank,0,496.186066666667,671.726566666667,401114,401291,177
103,0,blank,0,530.568566666667,679.514366666667,401291,401466,175
103,0,blank,0,533.944466666667,684.720283333333,401466,401640,174
103,0,blank,0,488.0186,682.005633333333,401640,401821,181
103,0,blank,0,429.45125,676.920883333333,401821,402001,180
103,0,blank,0,431.4743,684.284133333333,402001,402180,179
103,0,blank,0,419.787933333333,693.820916666667,402180,402360,180
103,0,blank,0,421.038425,671.690075,402360,402481,121
103,0,blank,0,0,0,402510,402618,108
103,0,blank,0,423.8377,714.2781,402649,402693,44
103,0,blank,0,446.261633333333,712.784166666667,402757,402927,170
103,0,blank,0,453.477166666667,685.538733333333,402927,403106,179
103,0,blank,0,506.059166666667,724.76325,403106,403287,181
103,0,blank,0,532.355783333333,712.984433333333,403287,403460,173
103,0,blank,0,496.579825,725.418525,403460,403574,114
103,0,blank,0,506.743783333333,694.0186,403631,403803,172
103,0,blank,0,534.476733333333,718.54785,403803,403975,172
103,0,blank,0,530.12785,692.885583333333,403975,404150,175
103,0,blank,0,530.811257142857,683.224042857143,404150,404349,199
103,0,blank,0,542.193416666667,700.623166666667,404349,404523,174
103,0,blank,0,568.4733,709.00425,404523,404699,176
103,0,blank,0,566.4605,703.140433333333,404699,404891,192
103,0,blank,0,626.79904,705.85922,404891,405082,191
103,0,blank,0,631.556016666667,715.42585,405082,405255,173
103,0,blank,0,650.972883333333,720.598633333333,405255,405431,176
103,0,blank,0,689.2858,731.5786,405431,405606,175
103,0,blank,0,694.1011,731.034383333333,405606,405780,174
103,0,blank,0,727.703866666667,731.362966666667,405780,405955,175
103,0,blank,0,770.74065,737.238566666667,405955,406127,172
103,0,blank,0,752.485233333333,756.691916666667,406127,406297,170
103,0,blank,0,0,0,406355,406456,101
103,0,blank,0,693.577057142857,783.492471428571,406571,406770,199
103,0,blank,0,739.8403,730.800416666667,406770,406943,173
103,0,blank,0,756.655666666667,739.991116666667,406943,407115,172
103,0,blank,0,766.8589,757.213,407115,407143,28
103,0,blank,0,550.1363,702.3213,407174,407351,177
103,0,blank,0,503.61035,702.677466666667,407351,407530,179
103,0,blank,0,448.33455,697.319483333333,407530,407707,177
103,0,blank,0,421.680125,698.458425,407707,407824,117
103,0,blank,0,448.442766666667,679.843633333333,407883,408062,179
103,0,blank,0,420.673516666667,689.70445,408062,408238,176
103,59,"Tomorrow'sdateis%i/%i/%.2i.\n",343,393.374,658.8224,408238,408352,114
103,0,blank,0,370.628383333333,722.201633333333,408381,408552,171
103,0,blank,0,503.686866666667,705.9146,408580,408754,174
103,0,blank,0,450.94035,689.890166666667,408754,408932,178
103,0,blank,0,540.667066666667,722.28705,408932,409112,180
103,0,blank,0,551.112333333333,722.7798,409112,409284,172
103,0,blank,0,562.88134,721.5218,409284,409430,146
103,0,blank,0,402.21175,706.888833333333,409460,409636,176
103,0,blank,0,415.925833333333,702.845866666667,409636,409814,178
103,0,blank,0,403.2753,739.4751,409814,409874,60
103,0,blank,0,536.9472,737.516466666667,409901,410075,174
103,0,blank,0,552.071816666667,757.373183333333,410075,410253,178
103,0,blank,0,592.046066666667,742.838533333333,410253,410341,88
103,0,blank,0,739.099316666667,765.644516666667,410370,410547,177
103,0,blank,0,720.184383333333,757.776616666667,410547,410721,174
103,0,blank,0,722.096883333333,760.720116666667,410721,410899,178
103,0,blank,0,730.938516666667,770.585416666667,410899,411074,175
103,0,blank,0,808.675283333333,782.493883333333,411074,411251,177
103,0,blank,0,821.4696,775.927933333333,411251,411429,178
103,0,blank,0,773.0788,779.527166666667,411429,411605,176
103,0,blank,0,802.212933333333,769.934266666667,411605,411783,178
103,0,blank,0,838.546316666666,774.29475,411783,411958,175
103,0,blank,0,859.68455,769.7634,411958,412074,116
103,0,blank,0,763.6502,775.386316666667,412103,412280,177
103,0,blank,0,779.959066666667,777.6616,412280,412457,177
103,0,blank,0,740.491066666667,774.263966666667,412457,412632,175
103,0,blank,0,762.87645,764.230833333333,412632,412808,176
103,0,blank,0,790.925016666667,770.031183333333,412808,412984,176
103,0,blank,0,826.534333333333,771.581316666667,412984,413162,178
103,0,blank,0,862.607033333333,787.834433333333,413162,413339,177
103,0,blank,0,870.09355,802.171016666667,413339,413519,180
103,0,blank,0,866.933,798.692433333333,413519,413698,179
103,0,blank,0,978.066,788.3721,413698,414005,307
103,0,blank,0,1018.47728333333,785.423866666667,414005,414178,173
103,0,blank,0,1025.6003,778.210333333333,414178,414267,89
103,0,blank,0,724.542383333333,764.125583333333,414296,414472,176
103,0,blank,0,727.870225,760.12255,414472,414603,131
103,0,blank,0,551.3602,762.2609,414657,414767,110
103,0,blank,0,749.985325,772.6516,414878,415061,183
103,0,blank,0,730.0545,773.85375,415061,415234,173
103,0,blank,0,731.9202,781.89175,415234,415292,58
103,0,blank,0,436.572566666667,721.605816666667,415321,415497,176
103,0,blank,0,434.9968,723.2936,415497,415527,30
103,0,blank,0,348.508733333333,712.630766666667,415556,415733,177
103,0,blank,0,376.952,701.1263,415733,415908,175
103,0,blank,0,421.2645,726.37185,415908,416086,178
103,0,blank,0,460.100233333333,706.411083333333,416086,416268,182
103,0,blank,0,450.1508,722.43205,416268,416385,117
103,0,blank,0,562.059516666667,725.376283333333,416414,416599,185
103,0,blank,0,535.653333333333,732.445583333333,416599,416778,179
103,0,blank,0,715.8457,803.8703,416898,416953,55
103,0,blank,0,858.155366666667,775.359266666667,416982,417158,176
103,0,blank,0,852.67565,794.58125,417158,417217,59
103,0,blank,0,985.804383333333,774.138533333333,417278,417464,186
103,0,blank,0,1016.202,811.9424,417464,417528,64
103,0,blank,0,0,0,417558,417664,106
103,0,blank,0,1044.729,810.5339,417690,417717,27
103,0,blank,0,931.0784,805.757,417832,417919,87
103,0,blank,0,443.934883333333,764.496783333333,418011,418207,196
103,0,blank,0,387.240683333333,772.645116666667,418207,418401,194
103,0,blank,0,393.335033333333,776.5616,418401,418589,188
103,0,blank,0,395.584966666667,771.563966666667,418589,418682,93
103,0,blank,0,725.857966666667,699.38405,418745,418928,183
103,0,blank,0,529.289183333333,556.077616666667,418959,419150,191
103,0,blank,0,355.008733333333,488.3142,419181,419372,191
103,0,blank,0,357.5849,494.4624,419372,419404,32
103,0,blank,0,400.344383333333,345.595316666667,419437,419625,188
103,0,blank,0,355.3099,373.265483333333,419625,419813,188
103,0,blank,0,381.182016666667,399.896933333333,419813,420001,188
103,0,blank,0,0,0,420033,420202,169
103,0,blank,0,420.5315,458.6966,420228,420405,177
103,0,blank,0,447.576933333333,468.400683333333,420405,420594,189
103,0,blank,0,538.28595,476.825783333333,420594,420783,189
103,0,blank,0,566.62035,479.069483333333,420783,420969,186
103,0,blank,0,564.9076,498.0336,420969,421031,62
103,0,blank,0,765.25515,469.3592,421062,421244,182
103,0,blank,0,772.392,480.3446,421244,421275,31
103,0,blank,0,424.818183333333,511.602033333333,421305,421488,183
103,0,blank,0,391.06006,526.46688,421488,421639,151
103,0,blank,0,389.616383333333,307.161133333333,421670,421852,182
103,0,blank,0,392.82215,322.0704,421852,422034,182
103,0,blank,0,391.8246,138.7797,422064,422156,92
103,0,blank,0,0,0,422188,422218,30
103,0,blank,0,409.1773,816.2073,422244,422269,25
103,0,blank,0,397.6879,106.399214285714,422318,422515,197
103,0,blank,0,447.884616666667,125.740733333333,422515,422700,185
103,0,blank,0,411.3051,127.20552,422700,422899,199
103,0,blank,0,412.84455,129.829,422899,422960,61
103,0,blank,0,518.47085,116.32515,422990,423173,183
103,0,blank,0,477.915083333333,141.376916666667,423173,423361,188
103,0,blank,0,456.039466666667,147.1827,423361,423540,179
103,0,blank,0,468.2517,143.60335,423540,423724,184
103,0,blank,0,509.082316666667,135.417316666667,423724,423908,184
103,0,blank,0,431.685516666667,124.872666666667,423908,424092,184
103,0,blank,0,369.432333333333,129.626133333333,424092,424277,185
103,0,blank,0,344.213983333333,120.674433333333,424277,424461,184
103,0,blank,0,397.230933333333,108.928233333333,424461,424646,185
103,0,blank,0,413.67535,106.3499,424646,424828,182
103,0,blank,0,474.0629,110.6213,424828,424858,30
103,0,blank,0,1306.37733333333,503.534483333333,424920,425108,188
103,0,blank,0,1317.06716666667,512.904166666667,425108,425299,191
103,0,blank,0,1308.59966666667,522.31725,425299,425485,186
103,0,blank,0,1317.0595,512.831416666667,425485,425667,182
103,0,blank,0,1336.77566666667,446.405216666667,425667,425856,189
103,0,blank,0,1314.1555,421.190983333333,425856,426044,188
103,0,blank,0,1307.116,426.8739,426044,426075,31
103,0,blank,0,823.46895,252.98645,426136,426199,63
104,0,blank,0,789.7014,604.688866666667,426884,426978,94
104,0,blank,0,583.58864,695.59352,427010,427166,156
104,0,blank,0,496.969283333333,788.7927,427197,427379,182
104,0,blank,0,534.201466666667,792.53835,427379,427563,184
104,0,blank,0,532.36815,812.405883333333,427563,427746,183
104,0,blank,0,537.0813,787.9061,427746,427776,30
104,0,blank,0,460.246616666667,764.007583333333,427808,427990,182
104,0,blank,0,457.6715,775.644975,427990,428113,123
104,0,blank,0,480.977016666667,311.9179,428174,428360,186
104,0,blank,0,487.533166666667,314.224383333333,428360,428541,181
104,0,blank,0,485.012916666667,323.501866666667,428541,428729,188
104,0,blank,0,489.545316666667,328.34585,428729,428915,186
104,0,blank,0,489.814266666667,316.67985,428915,429103,188
104,0,blank,0,498.970716666667,319.7978,429103,429289,186
104,0,blank,0,499.996583333333,308.943233333333,429289,429475,186
104,0,blank,0,495.9991,307.0861,429475,429660,185
104,0,blank,0,496.18965,312.227283333333,429660,429849,189
104,0,blank,0,496.81935,313.313266666667,429849,430043,194
104,0,blank,0,495.385433333333,317.505666666667,430043,430140,97
104,0,blank,0,460.67806,550.9058,430172,430328,156
104,0,blank,0,456.274033333333,736.281383333333,430360,430543,183
104,0,blank,0,396.637066666667,762.6233,430543,430636,93
104,0,blank,0,0,0,430668,430776,108
104,0,blank,0,480.3795,371.0856,430801,430829,28
104,0,blank,0,477.29054,383.35594,430892,431039,147
104,0,blank,0,496.01045,672.955783333333,431102,431285,183
104,0,blank,0,500.996666666667,702.033,431285,431376,91
104,0,blank,0,503.43795,725.683466666667,431437,431617,180
104,0,blank,0,555.2875,795.8883,431617,431648,31
104,0,blank,0,506.7416,717.6884,431678,431708,30
104,0,blank,0,564.01964,771.39822,431768,431947,179
104,0,blank,0,574.62275,743.3095,431947,432036,89
104,0,blank,0,640.13055,808.8253,432284,432362,78
104,0,blank,0,521.792366666667,816.975166666667,432393,432569,176
104,0,blank,0,552.822575,824.8009,432569,432690,121
104,0,blank,0,625.539433333333,826.004333333333,432751,432841,90
104,0,blank,0,0,0,432872,432902,30
104,0,blank,0,554.27555,321.8363,433002,433052,50
104,0,blank,0,0,0,433107,433138,31
104,0,blank,0,485.742671428571,308.665085714286,433241,433439,198
104,0,blank,0,480.183016666667,386.570183333333,433439,433623,184
104,0,blank,0,529.077966666667,360.384766666667,433623,433807,184
104,0,blank,0,539.090933333333,372.3573,433807,433988,181
104,0,blank,0,532.241333333333,377.320283333333,433988,434170,182
104,0,blank,0,535.2225,380.35045,434170,434352,182
104,0,blank,0,533.665,378.963016666667,434352,434534,182
104,0,blank,0,527.195633333333,369.321716666667,434534,434716,182
104,0,blank,0,536.628866666667,399.927633333333,434716,434808,92
104,0,blank,0,701.43654,374.05012,434838,435009,171
104,0,blank,0,704.0785,379.3194,435009,435075,66
104,0,blank,0,514.98585,354.3892,435172,435353,181
104,0,blank,0,522.076766666667,366.068583333333,435353,435549,196
104,16,today,87,515.52125,353.9173,435549,435730,181
104,0,blank,0,524.18205,361.459966666667,435730,435912,182
104,0,blank,0,509.9064,360.9934,435912,436095,183
104,0,blank,0,482.403766666667,356.610533333333,436095,436277,182
104,0,blank,0,481.82445,354.985375,436277,436398,121
104,0,blank,0,792.7636,405.722816666667,436428,436613,185
104,0,blank,0,793.2774,406.747883333333,436613,436797,184
104,0,blank,0,754.26505,383.83585,436797,436859,62
104,0,blank,0,554.369,366.073533333333,436890,437073,183
104,0,blank,0,548.095966666667,357.573733333333,437073,437165,92
104,0,blank,0,715.914483333333,360.253216666667,437196,437381,185
104,0,blank,0,728.907383333333,364.879983333333,437381,437568,187
104,0,blank,0,731.7388,355.8136,437568,437599,31
104,0,blank,0,523.1055,367.41325,437631,437817,186
104,0,blank,0,529.249233333333,393.491366666667,437817,437910,93
104,0,blank,0,677.727433333333,427.127966666667,437942,438130,188
104,0,blank,0,717.53075,424.796983333333,438130,438318,188
104,0,blank,0,781.304233333333,433.771033333333,438318,438506,188
104,0,blank,0,779.709666666667,438.11525,438506,438690,184
104,0,blank,0,772.965966666667,414.7442,438690,438873,183
104,0,blank,0,785.032783333333,428.9618,438873,439059,186
104,0,blank,0,611.4461,401.080883333333,439089,439272,183
104,0,blank,0,615.821616666667,416.0368,439272,439456,184
104,0,blank,0,604.302033333333,405.8281,439456,439637,181
104,0,blank,0,598.54395,395.606216666667,439637,439819,182
104,0,blank,0,613.550566666667,426.291333333333,439819,439911,92
104,0,blank,0,806.742016666667,455.26655,439941,440123,182
104,0,blank,0,524.95075,469.007833333333,440185,440366,181
104,0,blank,0,527.168733333333,479.098466666667,440366,440457,91
104,0,blank,0,729.161566666667,412.377266666667,440487,440670,183
104,0,blank,0,733.00075,412.81315,440670,440854,184
104,0,blank,0,732.11135,424.519675,440854,440978,124
104,20,year,116,507.700033333333,439.693266666667,441009,441195,186
104,20,year,116,510.305983333333,429.145416666667,441195,441376,181
104,0,blank,0,597.409866666667,362.12295,441408,441591,183
104,0,blank,0,606.342633333333,369.789766666667,441591,441773,182
104,0,blank,0,754.57765,440.81395,441804,441987,183
104,0,blank,0,696.510716666667,438.613966666667,441987,442170,183
104,0,blank,0,839.424866666667,453.434716666667,442170,442352,182
104,0,blank,0,843.5563,451.8478,442352,442382,30
104,0,blank,0,965.28432,470.6631,442412,442568,156
104,0,blank,0,631.1489,474.616583333333,442627,442811,184
104,0,blank,0,619.06895,474.28665,442811,442869,58
104,0,blank,0,637.298466666667,488.964116666667,442899,443081,182
104,0,blank,0,590.620266666667,466.7232,443081,443261,180
104,0,blank,0,567.1937,476.556766666667,443261,443439,178
104,20,year,116,512.9233,437.75615,443439,443559,120
104,0,blank,0,0,0,443676,443791,115
104,0,blank,0,685.498642857143,440.841185714286,443932,444130,198
104,0,blank,0,684.4038,456.0442,444130,444160,30
104,0,blank,0,520.78742,509.20092,444190,444368,178
104,0,blank,0,495.050533333333,493.9616,444368,444556,188
104,0,blank,0,472.43372,540.72358,444556,444706,150
104,0,blank,0,604.2684,452.606883333333,444736,444911,175
104,0,blank,0,587.790466666667,449.263733333333,444911,445090,179
104,20,+,117,533.550583333333,423.4683,445090,445267,177
104,0,blank,0,491.64515,414.031916666667,445267,445444,177
104,0,blank,0,507.20072,370.23784,445444,445620,176
104,16,day,83,544.206883333333,348.500166666667,445620,445801,181
104,16,today,87,509.78215,346.904933333333,445801,445979,178
104,0,blank,0,504.569716666667,356.060033333333,445979,446164,185
104,0,blank,0,488.326816666667,461.40215,446164,446349,185
104,0,blank,0,486.715616666667,455.905916666667,446349,446532,183
104,0,blank,0,634.526233333333,432.982033333333,446564,446745,181
104,0,blank,0,631.627,444.161,446745,446894,149
104,0,blank,0,880.82725,440.957733333333,446955,447138,183
104,0,blank,0,790.7313,447.182,447138,447169,31
104,0,blank,0,549.1613,452.463116666667,447200,447383,183
104,0,blank,0,634.052583333333,439.093783333333,447383,447564,181
104,0,blank,0,632.1923,426.888133333333,447564,447743,179
104,0,blank,0,638.0632,441.219466666667,447743,447923,180
104,0,blank,0,625.414316666667,435.425666666667,447923,448103,180
104,20,+,117,524.163833333333,429.0882,448103,448284,181
104,0,blank,0,514.671666666667,455.1035,448284,448405,121
104,0,blank,0,506.095725,487.709575,448405,448583,178
104,0,blank,0,490.50662,468.26914,448583,448761,178
104,24,+,136,504.3165,514.4907,448761,448789,28
104,0,blank,0,0,0,448818,448923,105
104,0,blank,0,750.6962,655.4254,448948,448974,26
104,0,blank,0,530.909266666667,445.196516666667,448997,449173,176
104,0,blank,0,612.099983333333,462.695,449173,449365,192
104,0,blank,0,542.534566666667,477.53445,449365,449556,191
104,0,blank,0,607.572266666667,445.9707,449556,449740,184
104,0,blank,0,749.04544,441.54144,449740,449892,152
104,0,blank,0,528.54055,448.69755,449923,450105,182
104,0,blank,0,492.139583333333,386.279183333333,450105,450288,183
104,0,blank,0,462.08685,354.43485,450288,450471,183
104,0,blank,0,479.966833333333,346.5991,450471,450654,183
104,16,today,87,504.2588,352.03855,450654,450840,186
104,0,blank,0,490.12548,363.96192,450840,451023,183
104,0,blank,0,448.06746,386.54756,451023,451216,193
104,0,blank,0,428.5877,392.0138,451216,451279,63
104,0,blank,0,542.638983333333,372.947016666667,451391,451563,172
104,0,blank,0,620.865566666667,373.311466666667,451563,451754,191
104,0,blank,0,594.4241,368.6611,451754,451818,64
104,0,blank,0,0,0,451882,451938,56
104,0,blank,0,674.627566666667,375.0851,452048,452230,182
104,0,blank,0,663.667275,365.07645,452230,452360,130
104,0,blank,0,496.04112,415.67868,452392,452549,157
104,0,blank,0,462.819916666667,400.4862,452611,452795,184
104,0,blank,0,515.160266666667,395.586833333333,452795,452977,182
104,0,blank,0,501.1643,370.457,452977,453007,30
104,0,blank,0,602.115083333333,410.605433333333,453037,453217,180
104,0,blank,0,633.829033333333,397.132266666667,453217,453399,182
104,0,blank,0,671.932533333333,385.012833333333,453399,453580,181
104,0,blank,0,729.149883333333,385.738483333333,453580,453763,183
104,0,blank,0,526.36385,444.4862,453794,453974,180
104,0,blank,0,522.1123,446.295333333333,453974,454065,91
104,0,blank,0,0,0,454096,454151,55
104,0,blank,0,619.347,423.3694,454177,454202,25
104,0,blank,0,660.352142857143,386.302642857143,454254,454453,199
104,0,blank,0,675.03545,378.749633333333,454453,454635,182
104,0,blank,0,642.754516666667,399.026533333333,454635,454820,185
104,0,blank,0,582.887883333333,399.943433333333,454820,455003,183
104,0,blank,0,593.424733333333,397.900316666667,455003,455188,185
104,0,blank,0,510.000933333333,398.288683333333,455188,455370,182
104,0,blank,0,529.0351,393.48285,455370,455524,154
104,0,blank,0,508.96948,332.52722,455775,455946,171
104,16,today,87,509.975916666667,333.466433333333,455946,456129,183
104,0,blank,0,575.7949,334.559316666667,456129,456312,183
104,0,blank,0,602.997883333333,362.82635,456312,456493,181
104,0,blank,0,644.8189,378.633233333333,456493,456676,183
104,0,blank,0,669.922666666667,368.8906,456676,456769,93
104,0,blank,0,515.386233333333,435.056833333333,456799,456982,183
104,0,blank,0,511.573966666667,444.238133333333,456982,457072,90
104,0,blank,0,617.552033333333,422.015233333333,457102,457282,180
104,0,blank,0,686.0779,449.77372,457282,457462,180
104,0,blank,0,0,0,457523,457574,51
104,0,blank,0,731.2641,445.909314285714,457675,457870,195
104,0,blank,0,666.119633333333,445.5651,457870,458051,181
104,0,blank,0,671.67984,436.63386,458051,458238,187
104,0,blank,0,742.161466666667,440.194883333333,458238,458422,184
104,0,blank,0,784.5435,440.939466666667,458422,458606,184
104,0,blank,0,822.438533333333,449.730466666667,458606,458789,183
104,0,blank,0,855.742783333333,456.806866666667,458789,458971,182
104,0,blank,0,898.02775,459.168333333333,458971,459164,193
104,0,blank,0,894.257733333333,451.0678,459164,459347,183
104,0,blank,0,952.860083333333,451.805783333333,459347,459531,184
104,0,blank,0,944.383633333333,454.382083333333,459531,459714,183
104,0,blank,0,917.15805,450.952333333333,459714,459896,182
104,0,blank,0,903.16345,448.979316666667,459896,460082,186
104,0,blank,0,958.7245,446.087183333333,460082,460267,185
104,0,blank,0,987.04215,441.703616666667,460267,460454,187
104,0,blank,0,1004.59911666667,447.0216,460454,460640,186
104,0,blank,0,1033.69025,441.5733,460640,460760,120
104,0,blank,0,533.048166666667,468.44095,460790,460976,186
104,0,blank,0,496.590933333333,494.054566666667,460976,461161,185
104,24,comma,138,534.3602,510.29115,461161,461222,61
104,0,blank,0,0,0,461253,461358,105
104,0,blank,0,675.928566666667,443.859966666667,461452,461532,80
104,0,blank,0,764.77698,445.70152,461562,461715,153
104,20,1,118,551.6067,433.558133333333,461743,461929,186
104,0,blank,0,557.03855,434.605916666667,461929,462116,187
104,0,blank,0,605.56755,425.350033333333,462116,462300,184
104,0,blank,0,618.79485,436.2669,462300,462484,184
104,0,blank,0,545.2976,444.878816666667,462514,462701,187
104,0,blank,0,521.058083333333,435.449533333333,462701,462886,185
104,0,blank,0,502.6122,406.619883333333,462886,463073,187
104,0,blank,0,493.16695,391.187733333333,463073,463256,183
104,0,blank,0,488.39505,389.520316666667,463256,463442,186
104,0,blank,0,587.50025,379.35285,463442,463627,185
104,0,blank,0,610.456916666667,375.163666666667,463627,463810,183
104,0,blank,0,632.233233333333,386.843866666667,463810,463903,93
104,0,blank,0,447.073416666667,385.7804,463933,464117,184
104,0,blank,0,481.240966666667,384.617733333333,464117,464300,183
104,0,blank,0,562.36885,400.967066666667,464300,464487,187
104,0,blank,0,589.1445,426.558183333333,464487,464671,184
104,0,blank,0,617.3856,429.9388,464671,464794,123
104,0,blank,0,523.444416666667,496.1093,464826,465006,180
104,0,blank,0,490.85692,474.49192,465006,465157,151
104,0,blank,0,508.5705,506.6313,465157,465217,60
104,0,blank,0,579.005916666667,463.089766666667,465420,465604,184
104,0,blank,0,599.5828,478.4296,465604,465784,180
104,0,blank,0,542.71655,467.727433333333,465784,465967,183
104,0,blank,0,636.53785,465.6923,465967,466150,183
104,0,blank,0,604.263933333333,474.389583333333,466150,466335,185
104,0,blank,0,617.44398,460.03728,466335,466513,178
104,0,blank,0,666.609716666667,455.578533333333,466513,466695,182
104,0,blank,0,687.891933333333,422.0086,466695,466880,185
104,0,blank,0,749.288033333333,422.380933333333,466880,467062,182
104,0,blank,0,754.3799,430.684066666667,467062,467153,91
104,0,blank,0,613.567583333333,472.6724,467183,467366,183
104,0,blank,0,609.6761,474.707016666667,467366,467547,181
104,0,blank,0,601.810866666667,468.868883333333,467547,467728,181
104,0,blank,0,732.948166666667,440.396116666667,467728,467912,184
104,0,blank,0,584.64115,463.99335,467912,468095,183
104,0,blank,0,584.9716,452.1687,468095,468154,59
104,0,blank,0,613.0158,615.6476,468184,468214,30
104,0,blank,0,0,0,468245,468275,30
104,0,blank,0,590.968066666667,484.73425,468387,468563,176
104,0,blank,0,595.291933333333,481.25275,468563,468745,182
104,0,blank,0,679.434666666667,455.394516666667,468745,468927,182
104,0,blank,0,687.684183333333,447.400316666667,468927,469107,180
104,0,blank,0,610.483216666667,479.517666666667,469107,469288,181
104,0,blank,0,635.41536,480.72124,469288,469438,150
104,0,blank,0,521.836583333333,571.1406,469470,469650,180
104,0,blank,0,541.670783333333,598.172166666667,469650,469833,183
104,0,blank,0,608.40095,606.478466666667,469833,470012,179
104,0,blank,0,634.036816666667,609.30015,470012,470191,179
104,0,blank,0,697.132066666667,600.976616666667,470191,470373,182
104,0,blank,0,764.01835,606.691466666667,470373,470553,180
104,0,blank,0,805.513733333333,604.655966666667,470553,470734,181
104,0,blank,0,799.44605,618.999366666667,470734,470916,182
104,0,blank,0,887.943233333333,616.5959,470916,471098,182
104,0,blank,0,939.394166666667,625.044283333333,471098,471283,185
104,0,blank,0,872.442216666667,623.016016666667,471283,471464,181
104,0,blank,0,844.315916666667,639.92995,471464,471646,182
104,0,blank,0,794.040266666667,616.827266666667,471646,471825,179
104,0,blank,0,777.2955,613.797783333333,471825,472006,181
104,0,blank,0,724.245333333333,644.946566666667,472006,472095,89
104,0,blank,0,512.87385,694.635616666667,472125,472308,183
104,0,blank,0,467.7836,715.346383333333,472308,472493,185
104,0,blank,0,541.518166666667,675.693366666667,472493,472678,185
104,0,blank,0,547.0884,689.2863,472678,472709,31
104,0,blank,0,861.895416666667,608.134683333333,472742,472929,187
104,0,blank,0,791.30825,612.64585,472929,473111,182
104,0,blank,0,762.347083333333,619.732366666667,473111,473291,180
104,0,blank,0,675.697183333333,613.834766666667,473291,473472,181
104,0,blank,0,574.847583333333,621.265233333333,473472,473653,181
104,0,blank,0,482.072833333333,622.942933333333,473653,473835,182
104,0,blank,0,467.418933333333,598.743433333333,473835,474019,184
104,0,blank,0,507.612816666667,613.11275,474019,474205,186
104,0,blank,0,568.533333333333,631.112566666667,474205,474387,182
104,0,blank,0,643.330316666667,644.551466666667,474387,474572,185
104,0,blank,0,742.632866666667,640.4555,474603,474786,183
104,0,blank,0,789.823916666667,626.085183333333,474786,474970,184
104,0,blank,0,705.359683333333,617.964616666667,474970,475153,183
104,0,blank,0,596.0703,630.121233333333,475153,475335,182
104,0,blank,0,569.7267,593.296066666667,475335,475458,123
104,0,blank,0,481.021633333333,464.10895,475602,475794,192
104,0,blank,0,476.51645,368.763,475794,475983,189
104,0,blank,0,475.1038,383.97315,475983,476171,188
104,0,blank,0,484.121183333333,384.806716666667,476171,476362,191
104,0,blank,0,570.60465,397.379483333333,476362,476550,188
104,0,blank,0,615.98935,381.243483333333,476550,476736,186
104,0,blank,0,571.884883333333,378.7166,476736,476915,179
104,0,blank,0,538.044683333333,383.856616666667,476915,477099,184
104,0,blank,0,533.218466666667,387.275866666667,477099,477279,180
104,0,blank,0,601.13285,373.131566666667,477279,477462,183
104,0,blank,0,612.473966666667,388.440533333333,477462,477552,90
104,0,blank,0,734.500216666667,388.835566666667,477582,477764,182
104,0,blank,0,738.768566666667,393.3067,477764,477855,91
104,0,blank,0,622.01995,623.2402,477885,478067,182
104,0,blank,0,667.60452,609.72342,478067,478260,193
104,0,blank,0,783.198283333333,626.31975,478260,478449,189
104,0,blank,0,799.364433333333,633.396383333333,478449,478637,188
104,0,blank,0,832.5104,644.657966666667,478637,478730,93
104,0,blank,0,0,0,478791,478895,104
104,0,blank,0,809.4785,637.4686,478922,478948,26
104,0,blank,0,842.955014285714,624.029414285714,479000,479195,195
104,0,blank,0,836.295216666667,545.914966666667,479195,479373,178
104,0,blank,0,836.32285,545.036183333333,479373,479552,179
104,0,blank,0,881.7494,611.90005,479552,479732,180
104,0,blank,0,913.10715,620.2991,479732,479910,178
104,0,blank,0,893.388166666667,544.838116666667,479910,480090,180
104,0,blank,0,824.985816666667,528.491133333333,480090,480272,182
104,0,blank,0,838.922183333333,538.1325,480272,480456,184
104,0,blank,0,871.42885,551.204766666667,480456,480639,183
104,0,blank,0,923.31405,612.375033333333,480639,480824,185
104,0,blank,0,919.631425,604.558375,480824,480944,120
104,0,blank,0,757.395933333333,625.085083333333,480974,481156,182
104,0,blank,0,723.61785,622.0077,481156,481221,65
104,0,blank,0,0,0,481251,481385,134
104,0,blank,0,591.7751,659.5668,481410,481451,41
104,0,blank,0,618.975933333333,718.620233333333,481519,481693,174
104,0,blank,0,544.484716666667,749.206616666667,481693,481882,189
104,0,blank,0,521.909433333333,747.71015,481882,482067,185
104,0,blank,0,516.1967,773.9608,482067,482251,184
104,0,blank,0,537.616583333333,794.316616666667,482251,482437,186
104,0,blank,0,556.962333333333,792.4268,482437,482621,184
104,0,blank,0,556.644216666667,783.26375,482621,482809,188
104,0,blank,0,533.409816666667,790.3438,482809,482997,188
104,0,blank,0,519.47215,780.303583333333,482997,483183,186
104,0,blank,0,523.245825,747.3988,483183,483307,124
104,0,blank,0,496.0981,762.91825,483338,483525,187
104,0,blank,0,535.498966666667,768.851466666667,483525,483647,122
104,0,blank,0,936.006175,565.204625,483706,483829,123
104,0,blank,0,525.976033333333,786.125233333333,483859,484046,187
104,0,blank,0,539.289866666667,795.454566666667,484046,484136,90
104,0,blank,0,1325.90766666667,314.95125,484197,484382,185
104,0,blank,0,1336.50816666667,297.103383333333,484382,484569,187
104,0,blank,0,1328.392,270.8609,484569,484600,31
104,0,blank,0,0,0,484722,484903,181
104,0,blank,0,0,0,484903,484930,27
104,0,blank,0,480.315183333333,772.798166666667,485063,485239,176
104,0,blank,0,474.660133333333,785.380283333333,485239,485424,185
104,0,blank,0,511.319683333333,782.622416666667,485424,485610,186
104,0,blank,0,522.99715,776.026483333333,485610,485793,183
104,0,blank,0,535.345266666667,797.43535,485793,485975,182
104,0,blank,0,526.9888,804.494466666667,485975,486157,182
104,0,blank,0,535.0707,796.553533333333,486157,486338,181
104,0,blank,0,659.29075,783.9772,486510,486684,174
104,0,blank,0,654.119966666667,784.59955,486684,486873,189
104,0,blank,0,628.3475,771.515633333333,486873,487065,192
104,0,blank,0,667.075733333333,776.697733333333,487065,487253,188
104,0,blank,0,692.860066666667,772.5974,487253,487437,184
104,0,blank,0,699.69905,790.1312,487437,487498,61
104,0,blank,0,536.0026,784.621816666667,487529,487715,186
104,0,blank,0,551.64,782.797325,487715,487838,123
104,0,blank,0,521.726833333333,807.650633333333,487838,488019,181
104,0,blank,0,477.556633333333,779.906033333333,488019,488162,143
104,0,blank,0,539.123825,817.58895,488162,488339,177
104,0,blank,0,541.01395,799.019033333333,488339,488522,183
104,0,blank,0,637.484566666667,794.906083333333,488611,488791,180
104,0,blank,0,641.996316666667,800.514616666667,488791,488978,187
104,0,blank,0,633.36045,796.98545,488978,489101,123
104,0,blank,0,0,0,489133,489164,31
104,0,blank,0,1338.17816666667,279.375766666667,489239,489412,173
104,0,blank,0,1332.7445,275.81035,489412,489474,62
104,0,blank,0,774.1789,764.99445,489535,489660,125
104,0,blank,0,1270.6595,728.545566666667,489691,489874,183
104,0,blank,0,1268.9436,740.29894,489874,490027,153
105,0,blank,0,1372.14716666667,685.7159,490572,490757,185
105,0,blank,0,1363.85433333333,690.839333333333,490757,490848,91
105,0,blank,0,784.2967,422.8115,490910,490941,31
105,0,blank,0,597.95505,172.243566666667,490973,491164,191
105,0,blank,0,590.150783333333,104.924716666667,491164,491353,189
105,0,blank,0,612.3879,91.2218,491353,491547,194
105,0,blank,0,540.808166666667,124.213983333333,491547,491745,198
105,0,blank,0,585.254916666667,133.65895,491745,491941,196
105,0,blank,0,610.26325,132.874066666667,491941,492133,192
105,0,blank,0,628.751233333333,133.119866666667,492133,492228,95
105,0,blank,0,480.29165,113.630916666667,492260,492450,190
105,0,blank,0,504.3537,142.162833333333,492450,492637,187
105,0,blank,0,494.34005,170.805766666667,492637,492827,190
105,0,blank,0,537.674666666667,174.769066666667,492827,493016,189
105,0,blank,0,607.685283333333,180.47145,493016,493208,192
105,0,blank,0,657.63336,194.44478,493208,493367,159
105,0,blank,0,501.97036,229.4987,493399,493568,169
105,0,blank,0,513.130333333333,241.084666666667,493568,493766,198
105,0,blank,0,498.02444,247.0905,493766,493939,173
105,0,blank,0,621.910433333333,243.679066666667,493974,494170,196
105,0,blank,0,600.600683333333,251.035233333333,494170,494363,193
105,0,blank,0,589.88735,251.51515,494363,494426,63
105,0,blank,0,720.574866666667,245.01265,494458,494648,190
105,0,blank,0,718.948275,245.167925,494648,494775,127
105,0,blank,0,0,0,494806,494887,81
105,0,blank,0,788.5321,235.8336,494913,494938,25
105,0,blank,0,784.975333333333,240.938616666667,494996,495168,172
105,0,blank,0,761.5898,229.4389,495168,495198,30
105,0,blank,0,520.466916666667,244.271216666667,495231,495417,186
105,0,blank,0,494.856433333333,242.1895,495417,495607,190
105,0,blank,0,587.194433333333,241.445533333333,495607,495797,190
105,0,blank,0,586.573816666667,243.809966666667,495797,495981,184
105,0,blank,0,498.865333333333,257.030416666667,495981,496172,191
105,0,blank,0,472.4035,275.47935,496172,496357,185
105,0,blank,0,527.629,266.1645,496357,496477,120
105,0,blank,0,480.06805,254.3796,496477,496656,179
105,0,blank,0,408.55865,248.988833333333,496656,496855,199
105,40,1,229,392.715233333333,241.0589,496855,497041,186
105,0,blank,0,480.85125,251.07025,497041,497232,191
105,0,blank,0,515.25478,250.68192,497232,497397,165
105,0,blank,0,573.5234,249.255266666667,497397,497594,197
105,0,blank,0,598.378683333333,246.30865,497594,497779,185
105,0,blank,0,641.123133333333,250.2291,497779,497966,187
105,0,blank,0,668.66865,257.569483333333,497966,498154,188
105,0,blank,0,689.727066666667,254.25185,498154,498342,188
105,0,blank,0,716.812566666667,249.545316666667,498342,498528,186
105,0,blank,0,729.561333333333,257.366166666667,498528,498715,187
105,0,blank,0,783.993383333333,257.936166666667,498715,498902,187
105,0,blank,0,784.167216666667,265.786233333333,498902,499090,188
105,0,blank,0,714.2051,246.447775,499090,499213,123
105,0,blank,0,572.934016666667,240.930866666667,499245,499430,185
105,0,blank,0,611.52325,243.575333333333,499430,499618,188
105,0,blank,0,622.69915,235.10515,499618,499679,61
105,0,blank,0,485.7237,242.402116666667,499711,499895,184
105,0,blank,0,532.889933333333,237.798216666667,499895,500083,188
105,0,blank,0,522.716366666667,244.30235,500083,500269,186
105,0,blank,0,520.26645,253.95295,500269,500330,61
105,0,blank,0,496.915733333333,143.925233333333,500361,500558,197
105,0,blank,0,493.738683333333,135.08135,500558,500748,190
105,0,blank,0,483.5888,145.1432,500748,500782,34
105,0,blank,0,573.533583333333,244.6696,500813,501003,190
105,0,blank,0,591.002483333333,241.779983333333,501003,501192,189
105,0,blank,0,626.205666666667,242.7515,501192,501379,187
105,0,blank,0,593.443333333333,243.607,501379,501567,188
105,0,blank,0,583.07055,237.6733,501567,501756,189
105,0,blank,0,590.8887,243.51595,501756,501819,63
105,0,blank,0,723.16395,249.92385,501850,502033,183
105,0,blank,0,693.22415,241.12195,502033,502218,185
105,0,blank,0,688.423916666667,238.894533333333,502218,502402,184
105,0,blank,0,722.549316666667,245.3211,502402,502589,187
105,0,blank,0,734.499083333333,245.318333333333,502589,502778,189
105,0,blank,0,681.061766666667,243.6154,502778,502964,186
105,0,blank,0,721.041733333333,245.306566666667,502964,503148,184
105,0,blank,0,759.147383333333,258.4635,503148,503330,182
105,0,blank,0,780.10145,254.712533333333,503330,503517,187
105,0,blank,0,709.1138,257.867733333333,503517,503611,94
105,0,blank,0,489.8451,275.0863,503642,503833,191
105,0,blank,0,468.770166666667,272.341133333333,503833,504028,195
105,0,blank,0,509.6227,266.7609,504028,504218,190
105,0,blank,0,511.908783333333,286.186466666667,504218,504417,199
105,0,blank,0,469.737333333333,320.80175,504417,504613,196
105,0,blank,0,433.08318,316.1111,504613,504767,154
105,0,blank,0,0,0,504854,504931,77
105,57,&,328,550.1813,614.6779,504956,504982,26
105,0,blank,0,447.067466666667,384.212083333333,505035,505208,173
105,0,blank,0,416.752483333333,393.104316666667,505208,505397,189
105,0,blank,0,535.71005,475.456533333333,505397,505583,186
105,0,blank,0,521.87075,538.46985,505583,505767,184
105,0,blank,0,510.00025,567.874,505767,505827,60
105,0,blank,0,484.6589,405.72705,505887,506063,176
105,0,blank,0,429.946816666667,399.9814,506063,506245,182
105,0,blank,0,531.229583333333,397.259983333333,506245,506429,184
105,0,blank,0,544.2078,405.250266666667,506429,506521,92
105,0,blank,0,662.04978,586.82592,506552,506710,158
105,0,blank,0,501.716333333333,482.930466666667,506743,506931,188
105,46,||,266,502.9203,375.14575,506931,507118,187
105,0,blank,0,472.94545,396.381483333333,507118,507308,190
105,0,blank,0,466.8326,401.23905,507308,507501,193
105,0,blank,0,471.656866666667,412.498566666667,507501,507697,196
105,0,blank,0,486.809983333333,425.936133333333,507697,507893,196
105,0,blank,0,536.0734,443.463183333333,507893,508085,192
105,0,blank,0,514.20336,459.38966,508085,508248,163
105,0,blank,0,771.4626,462.24375,508280,508476,196
105,0,blank,0,767.8403,450.6141,508476,508509,33
105,0,blank,0,640.341316666667,476.560716666667,508542,508730,188
105,0,blank,0,567.549283333333,475.217116666667,508730,508922,192
105,0,blank,0,539.03314,473.71548,508922,509075,153
105,0,blank,0,0,0,509106,509302,196
105,0,blank,0,0,0,509302,509378,76
105,0,blank,0,513.832685714286,557.367928571429,509411,509608,197
105,0,blank,0,524.794816666667,572.932533333333,509608,509788,180
105,0,blank,0,544.99415,581.23425,509788,509968,180
105,0,blank,0,522.915,580.6558,509968,510149,181
105,0,blank,0,552.71665,578.94775,510149,510330,181
105,0,blank,0,559.594083333333,581.877683333333,510330,510508,178
105,0,blank,0,512.91515,577.215733333333,510508,510687,179
105,56,"Entertoday'sdate(mmddyyyy):",311,470.440683333333,582.5696,510687,510868,181
105,0,blank,0,527.9013,567.517583333333,510868,511049,181
105,0,blank,0,510.3312,490.364683333333,511078,511262,184
105,0,blank,0,556.389533333333,499.515116666667,511262,511443,181
105,0,blank,0,597.642466666667,505.429116666667,511443,511624,181
105,0,blank,0,603.54085,519.6377,511624,511807,183
105,0,blank,0,592.3776,556.835766666667,511807,511989,182
105,0,blank,0,504.61405,566.185716666667,511989,512169,180
105,0,blank,0,496.85776,576.00802,512169,512320,151
105,57,.,330,489.136233333333,613.36715,512349,512530,181
105,0,blank,0,445.207983333333,622.003833333333,512530,512709,179
105,59,nextDay,353,486.538916666667,658.48935,512709,512889,180
105,0,blank,0,541.817533333333,670.69475,512889,513067,178
105,0,blank,0,566.490783333333,696.654516666667,513067,513246,179
105,59,month,347,575.19945,660.367283333333,513246,513423,177
105,0,blank,0,553.57695,672.447133333333,513423,513599,176
105,0,blank,0,588.017533333333,664.427883333333,513599,513776,177
105,59,month,347,578.9317,646.4012,513776,513805,29
105,0,blank,0,648.2709,676.124083333333,513834,514012,178
105,0,blank,0,649.252716666667,682.380983333333,514012,514189,177
105,59,nextDay,353,681.726166666667,662.3471,514189,514367,178
105,0,blank,0,701.939666666667,634.0956,514367,514545,178
105,0,blank,0,750.46075,649.5207,514545,514724,179
105,59,nextDay,353,783.866366666667,652.402566666667,514724,514813,89
105,0,blank,0,518.83185,701.808316666667,514840,515017,177
105,0,blank,0,560.713433333333,692.16995,515017,515193,176
105,0,blank,0,584.198466666667,711.035766666667,515193,515369,176
105,0,blank,0,533.309416666667,703.487766666667,515369,515547,178
105,0,blank,0,463.091966666667,694.008166666667,515547,515723,176
105,0,blank,0,534.195666666667,705.38335,515723,515899,176
105,0,blank,0,642.122783333333,712.725966666667,515899,516074,175
105,0,blank,0,603.1558,688.29515,516074,516249,175
105,0,blank,0,686.114266666667,698.22285,516249,516425,176
105,0,blank,0,721.5637,692.08988,516425,516590,165
105,0,blank,0,806.59,690.8168,516590,516759,169
105,0,blank,0,718.2576,700.2795,516759,516872,113
105,0,blank,0,562.461316666667,706.260583333333,516935,517117,182
105,0,blank,0,511.75745,714.740266666667,517117,517291,174
105,0,blank,0,474.63415,726.863566666667,517291,517467,176
105,0,blank,0,588.226933333333,746.67745,517467,517646,179
105,0,blank,0,612.08515,693.323575,517646,517766,120
105,0,blank,0,786.4723,695.747016666667,517796,517971,175
105,0,blank,0,747.9066,698.79905,517971,518029,58
105,0,blank,0,510.74195,738.4314,518058,518238,180
105,0,blank,0,487.41635,762.758433333333,518238,518414,176
105,0,blank,0,546.296866666667,755.337433333333,518414,518590,176
105,0,blank,0,573.950566666667,751.879266666666,518590,518766,176
105,0,blank,0,572.629125,760.8845,518766,518881,115
105,0,blank,0,677.99765,726.81855,518909,519082,173
105,0,blank,0,661.7423,721.2098,519082,519140,58
105,0,blank,0,520.5952,781.1133,519169,519288,119
105,0,blank,0,484.30786,760.77272,519318,519468,150
105,0,blank,0,587.311066666667,760.468316666667,519498,519676,178
105,0,blank,0,636.1712,758.559516666667,519676,519851,175
105,0,blank,0,680.818766666667,742.86465,519851,520028,177
105,0,blank,0,715.22025,747.31335,520028,520144,116
105,0,blank,0,869.892816666667,717.511383333333,520173,520349,176
105,0,blank,0,850.145516666667,726.779483333333,520349,520524,175
105,0,blank,0,913.389366666667,721.9054,520524,520700,176
105,0,blank,0,966.092833333333,728.06685,520700,520874,174
105,0,blank,0,906.950016666667,723.901083333333,520932,521107,175
105,0,blank,0,970.209083333333,720.14085,521107,521282,175
105,0,blank,0,985.97925,716.031566666667,521282,521454,172
105,0,blank,0,1018.08641666667,731.75375,521454,521630,176
105,0,blank,0,1024.35916666667,726.4938,521630,521807,177
105,0,blank,0,1036.29933333333,738.696116666667,521807,521985,178
105,0,blank,0,1086.65916666667,734.6,521985,522163,178
105,0,blank,0,886.099833333333,695.56785,522190,522366,176
105,0,blank,0,910.21294,696.65872,522366,522512,146
105,0,blank,0,1174.55683333333,718.328683333333,522542,522719,177
105,0,blank,0,1116.79266666667,714.827733333333,522719,522808,89
105,0,blank,0,0,0,522837,522919,82
105,0,blank,0,1126.701,689.58015,523020,523069,49
105,0,blank,0,460.294,790.8445,523126,523185,59
105,0,blank,0,490.047283333333,801.128783333333,523214,523393,179
105,0,blank,0,518.675133333333,787.940833333333,523393,523574,181
105,0,blank,0,568.87255,785.72265,523574,523694,120
105,0,blank,0,1239.587,772.13448,523751,523899,148
105,0,blank,0,1321.48783333333,747.113766666667,523929,524110,181
105,0,blank,0,588.03775,716.88655,524170,524291,121
105,0,blank,0,498.565766666667,789.509766666667,524322,524505,183
105,0,blank,0,466.6111,785.232216666667,524505,524686,181
105,0,blank,0,487.992,773.24445,524686,524810,124
105,0,blank,0,0,0,524871,524972,101
105,0,blank,0,517.9245,591.1082,525005,525050,45
105,0,blank,0,493.86825,686.181333333333,525115,525289,174
105,59,comma,352,469.441883333333,652.463283333333,525289,525469,180
105,0,blank,0,470.503233333333,641.04595,525469,525650,181
105,0,blank,0,476.57405,638.4945,525680,525861,181
105,0,blank,0,521.10935,625.551383333333,525861,526042,181
105,0,blank,0,477.69695,625.0737,526042,526101,59
105,0,blank,0,473.202,727.6558,526226,526255,29
105,0,blank,0,535.8425,785.965433333333,526286,526465,179
105,0,blank,0,497.16045,754.736733333333,526465,526644,179
105,0,blank,0,476.33842,770.9006,526644,526794,150
105,0,blank,0,733.08608,571.59282,526854,527004,150
105,0,blank,0,968.96175,490.73765,527034,527216,182
105,0,blank,0,970.516233333333,498.392283333333,527216,527399,183
105,0,blank,0,957.49844,478.17268,527399,527552,153
105,0,blank,0,763.840683333333,264.785566666667,527585,527764,179
105,0,blank,0,766.09345,275.151833333333,527764,527948,184
105,0,blank,0,765.51795,286.05495,527948,528131,183
105,0,blank,0,765.096766666667,278.029083333333,528131,528316,185
105,0,blank,0,767.165966666667,277.961433333333,528316,528502,186
105,0,blank,0,664.234633333333,265.082833333333,528502,528689,187
105,0,blank,0,603.32695,268.25735,528689,528871,182
105,0,blank,0,603.39655,265.690066666667,528871,529054,183
105,0,blank,0,625.7712,259.4493,529054,529085,31
105,0,blank,0,1196.6788,396.89728,529147,529303,156
105,0,blank,0,1305.138,451.002825,529334,529459,125
105,0,blank,0,1270.38783333333,11.65055,529491,529678,187
105,0,blank,0,1190.4246,37.35502,529678,529858,180
105,0,blank,0,1165.77016666667,31.7052833333333,529858,530049,191
105,0,blank,0,1157.704,31.7153,530049,530080,31
105,0,blank,0,656.895266666667,259.486716666667,530144,530341,197
105,0,blank,0,674.675966666667,267.80525,530341,530536,195
105,0,blank,0,683.248783333333,280.224483333333,530536,530729,193
105,0,blank,0,681.00372,277.2986,530729,530888,159
105,0,blank,0,771.38206,406.40546,530921,531089,168
105,0,blank,0,768.423716666667,416.2631,531089,531286,197
105,0,blank,0,778.68335,423.51525,531286,531350,64
105,0,blank,0,0,0,531416,531608,192
105,0,blank,0,0,0,531608,531783,175
105,0,blank,0,0,0,531783,531976,193
105,0,blank,0,0,0,531976,532116,140
105,0,blank,0,0,0,532116,532285,169
105,0,blank,0,0,0,532285,532424,139
105,57,year,331,659.2855,599.98635,532600,532686,86
105,0,blank,0,788.1439,479.14896,532714,532869,155
105,0,blank,0,1098.18266666667,876.937216666667,532933,533123,190
105,0,blank,0,1095.7735,877.58745,533123,533314,191
105,0,blank,0,896.3629,558.309016666667,533345,533531,186
105,0,blank,0,900.166725,560.8162,533531,533655,124
105,0,blank,0,1297.845,730.27916,533718,533878,160
105,0,blank,0,1046.9745,861.249816666667,533910,534104,194
105,0,blank,0,1043.08,860.3884,534104,534136,32
105,0,blank,0,588.04655,771.029683333333,534175,534369,194
105,0,blank,0,0,0,534436,534597,161
105,0,blank,0,0,0,534597,534760,163
105,0,blank,0,0,0,534760,534922,162
105,0,blank,0,0,0,534922,535111,189
105,0,blank,0,0,0,535111,535269,158
105,0,blank,0,0,0,535269,535463,194
105,0,blank,0,0,0,535463,535642,179
105,0,blank,0,0,0,535642,535817,175
105,0,blank,0,0,0,535817,535982,165
