Frameno_fix,lineno_fix,Tokenname_fix,tokens_id,gaze_X_fix,gaze_Y_fix,timestamp_fix_start,timestamp_fix_end,time_duration
100,0,blank,0,27.6905,-67.1356,4270,4459,189
100,0,blank,0,29.6338,-64.0844333333333,4459,4553,94
100,14,numberOfDays,64,316.231533333333,53.5303333333333,4584,4773,189
100,0,blank,0,327.842466666667,-3.23958333333333,4773,4964,191
100,1,tomorrow,6,281.8457,5.48523333333333,4964,5153,189
100,1,tomorrow,6,326.968166666667,6.24525,5153,5341,188
100,1,s,7,337.861766666667,9.80978333333333,5341,5528,187
100,1,s,7,339.654016666667,18.1304833333333,5528,5716,188
100,1,s,7,337.614533333333,12.7304333333333,5716,5811,95
100,3,include,17,39.63065,59.7915,5875,6064,189
100,14,if,58,43.1119666666667,66.2978666666667,6064,6255,191
100,3,include,17,42.3537166666667,61.7541333333333,6255,6452,197
100,13,int,50,64.23765,47.43725,6452,6649,197
100,13,numberOfDays,51,104.315766666667,44.6411166666667,6649,6845,196
100,3,stdbool,19,107.192633333333,51.2275333333333,6845,7036,191
100,3,stdbool,19,110.049416666667,50.5341,7036,7227,191
100,3,stdbool,19,107.2036,55.6346,7227,7417,190
100,3,stdbool,19,109.6546,49.9337833333333,7417,7607,190
100,3,stdbool,19,113.020383333333,49.60135,7607,7795,188
100,0,blank,0,955.647,104.196566666667,7857,8052,195
100,0,blank,0,956.859333333333,104.7575,8052,8149,97
100,0,blank,0,195.553766666667,90.1911166666667,8244,8435,191
100,0,blank,0,202.622483333333,92.4391833333333,8435,8631,196
100,0,blank,0,200.5979,89.7241,8631,8727,96
100,0,blank,0,422.2843,41.7146333333333,8758,8950,192
100,0,blank,0,427.081533333333,44.0825833333333,8950,9142,192
100,0,blank,0,428.89508,44.16974,9142,9302,160
100,0,blank,0,142.88225,116.866,9333,9526,193
100,14,today,66,126.03405,71.0541333333333,9526,9719,193
100,13,numberOfDays,51,125.330383333333,43.2047166666667,9719,9918,199
100,12,tomorrow,48,162.555116666667,24.4000666666667,9918,10113,195
100,1,determine,5,186.8448,19.1095333333333,10113,10310,197
100,1,determine,5,186.3313,14.18835,10310,10506,196
100,1,determine,5,180.491716666667,17.5189833333333,10506,10701,195
100,1,Program,3,102.4,21.8796,10701,10834,133
100,0,blank,0,110.5325,7.56486666666667,10834,10998,164
100,1,determine,5,198.5419,19.46532,10998,11179,181
100,1,determine,5,203.791916666667,16.9342166666667,11179,11375,196
100,1,determine,5,192.73734,20.64144,11375,11544,169
100,1,determine,5,176.01414,20.56392,11544,11717,173
100,1,determine,5,176.65984,15.08078,11717,11902,185
100,1,determine,5,212.43584,12.28088,11902,12090,188
100,1,determine,5,208.53226,8.53482,12090,12270,180
100,14,today,66,107.126833333333,67.5498666666667,12306,12459,153
100,2,stdio,12,114.405875,36.35935,12534,12708,174
100,2,stdio,12,127.916525,40.4425,12708,12854,146
100,16,tomorrow,70,140.995425,95.61335,12854,13028,174
100,16,tomorrow,70,148.77608,99.01284,13028,13211,183
100,16,tomorrow,70,145.25722,109.35542,13211,13391,180
100,6,;,28,138.21966,121.65714,13391,13575,184
100,0,blank,0,145.912675,134.1098,13575,13758,183
100,8,year,33,94.15698,166.69508,13758,13944,186
100,0,blank,0,139.55238,180.15278,13944,14129,185
100,0,blank,0,195.45118,181.45032,14129,14307,178
100,0,blank,0,210.96798,182.82332,14307,14484,177
100,20,struct,106,211.64488,190.10416,14484,14663,179
100,0,blank,0,-350,-105,14836,15098,262
100,0,blank,0,-350,-105,15098,15242,144
100,0,blank,0,177.851883333333,182.509283333333,15289,15477,188
100,20,tomorrow,103,141.12186,183.12622,15477,15654,177
100,0,blank,0,140.0543,181.30948,15654,15825,171
100,0,blank,0,130.7257,181.911675,15825,15963,138
100,8,year,33,92.3675,175.154,15963,16130,167
100,24,today,139,426.1177,271.964375,16269,16435,166
100,0,blank,0,411.385975,313.55515,16435,16615,180
100,24,today,139,419.2746,283.2591,16615,16693,78
100,0,blank,0,148.1259,223.61994,16877,17070,193
100,0,blank,0,195.30262,226.10348,17070,17252,182
100,0,blank,0,197.2364,231.6961,17252,17437,185
100,0,blank,0,172.49372,226.79048,17437,17624,187
100,0,blank,0,170.33152,225.32374,17624,17813,189
100,0,blank,0,167.6319,223.4397,17813,17883,70
100,0,blank,0,130.40746,76.56274,17919,18103,184
100,0,blank,0,106.23968,14.45106,18103,18278,175
100,0,blank,0,98.0007666666667,-5.65413333333333,18278,18384,106
100,0,blank,0,107.9623,-0.772966666666671,18384,18553,169
100,14,.,61,150.57882,69.77078,18553,18730,177
100,0,blank,0,226.47826,181.47766,18730,18906,176
100,0,blank,0,228.049233333333,180.098,18906,19073,167
100,0,blank,0,225.472,182.8294,19073,19203,130
100,20,),108,321.293775,190.324075,19315,19508,193
100,20,),108,320.8074,188.4366,19508,19543,35
100,0,blank,0,160.72472,173.5308,19578,19754,176
100,0,blank,0,158.14138,168.25664,19754,19932,178
100,8,year,33,114.89262,173.13758,19932,20115,183
100,9,;,36,15.10478,192.4247,20115,20304,189
100,20,tomorrow,103,84.90424,189.30636,20304,20493,189
100,0,blank,0,80.44798,196.5785,20493,20678,185
100,9,},35,13.67088,192.06702,20678,20868,190
100,10,struct,41,44.11018,202.40762,20868,21055,187
100,0,blank,0,65.24266,200.9842,21055,21240,185
100,0,blank,0,70.183475,200.893375,21240,21385,145
100,0,blank,0,-350,-105,21422,21564,142
100,0,blank,0,91.3198,182.6586,21713,21732,19
100,20,struct,106,216.9888,186.47742,21772,21951,179
100,20,struct,106,212.19505,195.37895,21951,22025,74
100,20,date,107,276.6628,184.9875,22025,22191,166
100,0,blank,0,291.4844,234.6937,22191,22383,192
100,20,date,107,284.174866666667,191.0714,22383,22569,186
100,0,blank,0,264.02282,196.68684,22569,22766,197
100,20,struct,106,238.65205,193.7963,22766,22903,137
100,20,struct,106,240.37755,192.10215,22903,23071,168
100,20,struct,106,236.9577,199.59405,23071,23241,170
100,10,(,40,242.3534,204.827175,23241,23384,143
100,20,struct,106,239.172675,197.547625,23384,23556,172
100,20,struct,106,240.37756,198.1004,23556,23734,178
100,20,struct,106,252.647566666667,194.176333333333,23734,23904,170
100,20,date,107,282.2838,194.70335,23904,24098,194
100,20,date,107,280.792166666667,198.5529,24098,24277,179
100,0,blank,0,89.68626,157.44594,24307,24487,180
100,0,blank,0,62.8102,182.1543,24487,24669,182
100,0,blank,0,56.0987,193.87698,24669,24850,181
100,0,blank,0,53.582475,188.93635,24850,25031,181
100,0,blank,0,57.3805,185.2197,25031,25056,25
100,0,blank,0,-350,-105,25130,25321,191
100,0,blank,0,-350,-105,25321,25504,183
100,0,blank,0,-350,-105,25504,25689,185
100,0,blank,0,-350,-105,25689,25735,46
100,0,blank,0,-350,-105,25789,26003,214
100,0,blank,0,-350,-105,26003,26047,44
100,20,tomorrow,103,122.8072,186.1684,26080,26117,37
100,20,tomorrow,103,125.1503,187.49402,26196,26365,169
100,10,date,42,78.03756,220.50652,26365,26547,182
100,0,blank,0,98.74128,236.8843,26547,26729,182
100,0,blank,0,123.81152,237.94704,26729,26910,181
100,0,blank,0,108.10336,238.32434,26910,27089,179
100,0,blank,0,134.82872,240.2016,27089,27261,172
100,0,blank,0,174.59216,241.25674,27261,27441,180
100,0,blank,0,110.48578,225.47862,27441,27620,179
100,10,struct,41,50.45526,209.89734,27620,27793,173
100,0,blank,0,45.9198,100.518825,27864,28004,140
100,0,blank,0,-350,-105,28040,28193,153
100,2,include,10,57.452,39.8809,28236,28360,124
100,0,blank,0,-350,-105,28431,28609,178
100,0,blank,0,-350,-105,28609,28756,147
100,0,blank,0,-350,-105,28756,28833,77
100,0,blank,0,94.23276,223.87698,29151,29327,176
100,22,else,122,74.12834,231.86612,29327,29511,184
100,10,struct,41,60.9381,205.3287,29511,29547,36
100,0,blank,0,-350,-105,29584,29759,175
100,0,blank,0,-350,-105,29759,29944,185
100,0,blank,0,-350,-105,29944,30083,139
100,0,blank,0,-350,-105,30083,30150,67
100,20,tomorrow,103,108.9126,194.936,30332,30532,200
100,20,tomorrow,103,149.4276,197.38735,30532,30713,181
100,10,dateUpdate,39,177.7579,206.0143,30713,30873,160
100,20,tomorrow,103,99.3149666666667,200.466066666667,30873,31031,158
100,10,struct,41,57.4627666666667,202.352266666667,31031,31188,157
100,0,blank,0,57.2557,199.851075,31188,31385,197
100,10,struct,41,38.5851,202.047033333333,31385,31566,181
100,9,},35,7.04604,196.23952,31566,31738,172
100,9,},35,7.76050000000001,190.09306,31738,31910,172
100,9,},35,6.29363999999999,193.72964,31910,32083,173
100,0,blank,0,36.87324,197.30664,32083,32257,174
100,20,tomorrow,103,110.16798,193.73996,32257,32434,177
100,20,(,105,197.66978,199.6931,32434,32617,183
100,20,date,107,273.6084,199.58506,32617,32801,184
100,10,struct,41,270.44552,205.82182,32801,32981,180
100,20,tomorrow,103,128.92304,200.09662,33017,33194,177
100,10,struct,41,49.64016,208.81756,33194,33369,175
100,10,struct,41,24.60078,205.1316,33369,33544,175
100,10,struct,41,27.27324,201.3685,33544,33721,177
100,0,blank,0,60.98576,196.91572,33721,33894,173
100,0,blank,0,81.80288,191.05206,33894,34067,173
100,20,tomorrow,103,84.16934,190.86384,34067,34240,173
100,0,blank,0,82.2474,190.3932,34240,34417,177
100,20,tomorrow,103,86.27766,187.60482,34417,34592,175
100,20,tomorrow,103,84.87242,188.71686,34592,34767,175
100,0,blank,0,83.45442,224.17616,34767,34943,176
100,0,blank,0,127.96934,237.78024,34943,35116,173
100,0,blank,0,155.947233333333,248.3966,35116,35224,108
100,0,blank,0,-350,-105,35259,35429,170
100,22,else,122,79.9035,235.70564,35611,35803,192
100,0,blank,0,141.3373,238.4709,35803,36002,199
100,0,blank,0,157.21892,233.3272,36002,36173,171
100,12,struct,46,78.51868,258.6691,36173,36342,169
100,12,struct,46,69.34006,262.50284,36342,36513,171
100,12,struct,46,60.11394,261.70926,36513,36687,174
100,0,blank,0,107.48518,265.76692,36687,36859,172
100,13,numberOfDays,51,182.9091,270.28572,36859,37029,170
100,12,tomorrow,48,212.75262,260.21878,37029,37199,170
100,13,struct,53,233.133666666667,269.778383333333,37199,37398,199
100,13,struct,53,267.483775,267.49455,37398,37533,135
100,12,struct,46,97.32658,260.0072,37568,37736,168
100,12,struct,46,94.52118,261.02262,37736,37907,171
100,12,struct,46,56.1235,261.3563,37907,38079,172
100,12,struct,46,53.812275,256.329975,38079,38215,136
100,0,blank,0,161.82512,262.11728,38248,38420,172
100,12,tomorrow,48,181.64124,261.44324,38420,38591,171
100,13,struct,53,266.21704,268.01754,38591,38764,173
100,13,struct,53,267.830175,268.56605,38764,38900,136
100,0,blank,0,121.21392,266.28004,38935,39106,171
100,12,struct,46,78.05904,260.7892,39106,39279,173
100,12,struct,46,58.6899666666667,258.639266666667,39279,39412,133
100,12,struct,46,55.8295,259.3413,39412,39531,119
100,10,date,42,87.0099,206.1491,39531,39656,125
100,10,dateUpdate,39,129.596175,213.277875,39656,39855,199
100,12,tomorrow,48,180.9237,261.66364,39855,40029,174
100,13,struct,53,261.59996,267.61822,40029,40200,171
100,13,struct,53,261.16916,269.45818,40200,40368,168
100,0,blank,0,256.72234,266.67732,40368,40537,169
100,12,tomorrow,48,233.8387,264.2075,40537,40704,167
100,0,blank,0,214.20072,270.3342,40704,40876,172
100,0,blank,0,211.0101,233.32094,40876,41053,177
100,10,dateUpdate,39,210.22556,212.89394,41053,41235,182
100,0,blank,0,309.954533333333,207.994766666667,41235,41374,139
100,10,struct,41,296.122066666667,204.122833333333,41374,41557,183
100,20,date,107,275.3799,199.6068,41557,41689,132
100,10,struct,41,271.02995,203.96335,41689,41790,101
100,0,blank,0,52.6322333333333,111.117333333333,41890,42053,163
100,0,blank,0,50.426275,103.1151,42053,42226,173
100,0,blank,0,-350,-105,42324,42473,149
100,0,blank,0,-350,-105,42473,42604,131
100,0,blank,0,-350,-105,42604,42673,69
100,0,blank,0,-350,-105,42754,42947,193
100,0,blank,0,-350,-105,42947,43080,133
100,0,blank,0,-350,-105,43301,43454,153
100,0,blank,0,205.19918,244.83886,43480,43665,185
100,0,blank,0,269.69304,261.78486,43665,43850,185
100,0,blank,0,269.65505,259.3517,43850,43997,147
100,0,blank,0,75.2896666666667,117.638,44032,44207,175
100,0,blank,0,72.7071,113.797833333333,44207,44337,130
100,0,blank,0,75.7859,120.1058,44337,44436,99
100,0,blank,0,-350,-105,44529,44707,178
100,0,blank,0,-350,-105,44756,44936,180
100,0,blank,0,-350,-105,44936,45077,141
100,0,blank,0,-350,-105,45077,45211,134
100,10,dateUpdate,39,193.6859,218.81075,45274,45338,64
100,6,int,26,69.9755,114.6702,45375,45448,73
100,0,blank,0,109.2668,260.88214,45602,45777,175
100,12,struct,46,100.92432,262.9001,45777,45957,180
100,12,struct,46,64.38954,263.95566,45957,46134,177
100,12,date,47,115.05964,262.74084,46134,46308,174
100,12,tomorrow,48,167.56404,258.93732,46308,46484,176
100,12,tomorrow,48,168.89728,262.19156,46484,46656,172
100,12,tomorrow,48,166.54062,255.90204,46656,46828,172
100,12,tomorrow,48,182.30934,262.69406,46828,47004,176
100,0,blank,0,293.89226,261.19568,47004,47177,173
100,0,blank,0,299.1822,265.9756,47177,47211,34
100,0,blank,0,78.24188,282.56904,47246,47421,175
100,13,numberOfDays,51,91.88228,283.42488,47421,47593,172
100,13,numberOfDays,51,107.64216,277.48598,47593,47770,177
100,13,numberOfDays,51,115.18635,278.6375,47770,47840,70
100,0,blank,0,-350,-105,47874,48036,162
100,0,blank,0,-350,-105,48036,48076,40
100,13,struct,53,225.20966,281.1472,48124,48296,172
100,13,struct,53,283.53632,284.3897,48296,48467,171
100,13,date,54,318.69812,287.68722,48467,48640,173
100,14,numberOfDays,64,248.68062,290.75726,48640,48812,172
100,24,struct,127,205.55922,275.79868,48812,48984,172
100,0,blank,0,105.6517,258.2138,48984,49154,170
100,12,struct,46,102.33658,260.50222,49154,49322,168
100,12,tomorrow,48,220.81914,261.90622,49356,49529,173
100,12,tomorrow,48,220.05952,258.02842,49529,49700,171
100,12,date,47,135.87186,254.32614,49700,49873,173
100,12,struct,46,101.09206,249.61844,49873,50047,174
100,12,struct,46,99.39894,263.79438,50047,50219,172
100,13,numberOfDays,51,104.87064,280.75046,50219,50397,178
100,13,numberOfDays,51,134.45958,281.33576,50397,50572,175
100,13,numberOfDays,51,125.81248,283.76302,50572,50749,177
100,13,numberOfDays,51,101.72184,282.71544,50749,50927,178
100,13,numberOfDays,51,105.0941,286.5386,50927,51102,175
100,13,numberOfDays,51,103.79535,286.01225,51102,51243,141
100,10,dateUpdate,39,185.15125,205.097675,51279,51417,138
100,10,struct,41,302.357066666667,201.268266666667,51557,51727,170
100,20,date,107,278.069066666667,196.6334,51727,51827,100
100,20,struct,106,234.4621,189.2743,51827,51999,172
100,20,struct,106,236.499266666667,197.3039,51999,52169,170
100,20,date,107,282.9538,198.5816,52169,52271,102
100,20,date,107,279.73135,195.4926,52271,52402,131
100,20,date,107,282.536,196.318,52402,52532,130
100,10,struct,41,281.0497,203.77505,52532,52664,132
100,0,blank,0,250.67495,175.3551,52664,52795,131
100,0,blank,0,-350,-105,52830,53006,176
100,0,blank,0,-350,-105,53006,53067,61
100,0,blank,0,-350,-105,53067,53212,145
100,0,blank,0,-350,-105,53212,53351,139
100,0,blank,0,-350,-105,53351,53415,64
100,20,struct,106,245.76305,198.656925,53636,53834,198
100,0,blank,0,-350,-105,54093,54224,131
100,0,blank,0,-350,-105,54379,54441,62
100,1,Program,3,93.8571,21.5777,54481,54509,28
100,0,blank,0,-350,-105,54607,54720,113
100,0,blank,0,343.9482,190.25585,54855,55036,181
100,10,date,42,346.5166,212.52065,55036,55137,101
100,0,blank,0,77.97345,135.378275,55185,55380,195
100,0,blank,0,64.96985,83.0406,55380,55574,194
100,0,blank,0,66.43875,75.0752,55574,55667,93
100,0,blank,0,305.587966666667,205.1351,55978,56155,177
100,0,blank,0,309.7756,208.156866666667,56155,56305,150
100,10,today,43,373.30722,216.93594,56305,56502,197
100,10,),44,420.93256,216.74828,56502,56681,179
100,10,today,43,381.10016,218.60034,56681,56857,176
100,0,blank,0,372.9397,222.25968,56857,57031,174
100,10,today,43,372.02892,219.60976,57031,57202,171
100,0,blank,0,371.01412,223.29734,57202,57372,170
100,0,blank,0,346.64734,223.47424,57372,57543,171
100,0,blank,0,305.4939,223.83696,57543,57718,175
100,0,blank,0,307.55838,224.38954,57718,57893,175
100,10,today,43,375.13264,215.9959,57893,58066,173
100,0,blank,0,381.487466666667,222.0298,58066,58170,104
100,16,tomorrow,70,103.58646,97.56592,58239,58419,180
100,16,tomorrow,70,103.89806,99.6675,58419,58594,175
100,16,tomorrow,70,97.9039,103.5967,58594,58774,180
100,16,tomorrow,70,101.80368,100.40818,58774,58950,176
100,6,month,27,129.4869,124.9846,58950,58986,36
100,0,blank,0,397.14146,223.03968,59022,59203,181
100,10,today,43,370.8201,219.3784,59203,59383,180
100,10,date,42,320.60775,216.4071,59383,59526,143
100,16,tomorrow,70,124.9428,109.92536,59561,59756,195
100,16,tomorrow,70,124.1229,98.2464,59756,59846,90
100,4,date,24,93.8055,78.8143,59846,59957,111
100,4,date,24,92.2668,78.63085,59957,60140,183
100,0,blank,0,119.64654,81.55428,60140,60322,182
100,0,blank,0,135.46314,76.98346,60322,60495,173
100,0,blank,0,135.3674,77.15238,60495,60678,183
100,0,blank,0,134.675,75.1132,60678,60786,108
100,0,blank,0,328.03236,171.45338,60823,61002,179
100,0,blank,0,351.77874,183.93626,61002,61183,181
100,10,today,43,374.76202,210.52248,61183,61362,179
100,10,date,42,317.97654,201.27198,61362,61544,182
100,20,struct,106,253.21926,193.78018,61544,61720,176
100,20,date,107,308.08682,203.3674,61720,61895,175
100,10,today,43,372.25458,213.39178,61895,62072,177
100,10,today,43,365.7134,214.966533333333,62072,62177,105
100,0,blank,0,163.45842,169.08748,62213,62392,179
100,0,blank,0,202.97358,180.20922,62392,62568,176
100,10,date,42,325.84928,214.3854,62568,62743,175
100,10,date,42,324.6337,212.52674,62743,62920,177
100,10,date,42,334.0072,215.755925,62920,63060,140
100,10,dateUpdate,39,134.81348,214.12822,63095,63270,175
100,10,dateUpdate,39,138.06264,213.11978,63270,63441,171
100,0,blank,0,120.1537,210.11326,63441,63612,171
100,10,date,42,91.8594,215.16376,63612,63785,173
100,10,date,42,113.73536,217.71116,63785,63958,173
100,10,dateUpdate,39,153.60574,218.83268,63958,64128,170
100,10,dateUpdate,39,184.63636,219.8951,64128,64303,175
100,10,dateUpdate,39,208.83038,215.85514,64303,64475,172
100,0,blank,0,226.69236,218.02966,64475,64649,174
100,10,(,40,239.55174,207.2237,64649,64825,176
100,10,dateUpdate,39,143.71758,209.94668,64825,65001,176
100,10,dateUpdate,39,129.124,209.64766,65001,65174,173
100,0,blank,0,117.86502,216.74028,65174,65352,178
100,10,date,42,94.03712,217.77968,65352,65528,176
100,10,date,42,92.12284,217.96922,65528,65701,173
100,10,date,42,106.61482,217.11034,65701,65872,171
100,0,blank,0,138.38152,224.72804,65872,66043,171
100,0,blank,0,143.0463,225.68738,66043,66216,173
100,10,dateUpdate,39,145.439933333333,221.6315,66216,66321,105
100,10,date,42,341.82278,218.19274,66354,66532,178
100,0,blank,0,305.10692,215.19152,66532,66708,176
100,10,dateUpdate,39,194.81344,218.02518,66708,66884,176
100,0,blank,0,195.062166666667,237.2519,66884,66991,107
100,0,blank,0,-350,-105,67025,67138,113
100,20,struct,106,220.7541,198.09366,67277,67467,190
100,0,blank,0,216.2451,164.0958,67467,67506,39
100,10,struct,41,263.19476,211.82724,67798,67967,169
100,0,blank,0,308.78016,212.483,67967,68138,171
100,10,date,42,324.96648,218.35496,68138,68308,170
100,0,blank,0,340.34628,228.00588,68308,68478,170
100,10,dateUpdate,39,183.35208,217.56862,68514,68684,170
100,0,blank,0,184.6325,197.2756,68684,68719,35
100,12,date,47,114.98294,249.51882,68753,68926,173
100,12,date,47,135.01102,257.43356,68926,69101,175
100,12,tomorrow,48,182.4995,261.273,69101,69276,175
100,13,numberOfDays,51,185.15328,268.30746,69276,69450,174
100,13,numberOfDays,51,171.75036,271.3064,69450,69627,177
100,0,blank,0,133.1263,266.67334,69627,69802,175
100,12,tomorrow,48,186.28722,259.19798,69802,69974,172
100,13,struct,53,233.76502,267.15742,69974,70149,175
100,13,numberOfDays,51,163.79424,278.33602,70149,70329,180
100,13,numberOfDays,51,143.43998,279.46066,70329,70504,175
100,14,today,66,120.40648,289.14934,70504,70681,177
100,14,day,62,164.17976,292.05076,70681,70859,178
100,24,struct,127,213.51256,282.72724,70859,71039,180
100,24,struct,127,212.57978,286.51832,71039,71219,180
100,13,numberOfDays,51,182.02358,285.3408,71219,71397,178
100,13,numberOfDays,51,140.990575,287.7614,71397,71538,141
100,13,struct,53,278.90158,279.24002,71574,71749,175
100,24,date,128,280.79788,288.37828,71749,71923,174
100,14,numberOfDays,64,290.24004,294.80714,71923,72101,178
100,14,numberOfDays,64,324.52016,290.34938,72101,72276,175
100,14,numberOfDays,64,313.47936,289.27592,72276,72452,176
100,14,numberOfDays,64,310.12388,290.86616,72452,72622,170
100,14,(,65,361.16258,290.49618,72622,72793,171
100,24,1,137,359.11738,288.3443,72793,72968,175
100,0,blank,0,263.03032,239.54376,72968,73143,175
100,0,blank,0,218.57426,223.2373,73143,73313,170
100,10,dateUpdate,39,164.8142,220.38892,73313,73485,172
100,0,blank,0,154.26012,224.97828,73485,73660,175
100,10,dateUpdate,39,175.0773,220.5006,73660,73729,69
100,0,blank,0,311.17018,228.52788,73764,73939,175
100,0,blank,0,355.35,258.49662,73939,74112,173
100,0,blank,0,328.94582,266.34628,74112,74283,171
100,13,struct,53,233.64014,277.37378,74283,74458,175
100,13,numberOfDays,51,182.30978,281.71526,74458,74634,176
100,13,numberOfDays,51,165.2541,286.88935,74634,74706,72
100,13,date,54,328.61376,283.18508,74741,74919,178
100,14,numberOfDays,64,325.896,290.5008,74919,75026,107
100,14,day,62,173.70532,294.15436,75061,75236,175
100,14,day,62,174.108,289.7294,75236,75271,35
100,0,blank,0,356.95842,232.6079,75305,75479,174
100,0,blank,0,325.6272,238.63705,75479,75548,69
100,10,dateUpdate,39,181.6463,220.55908,75583,75756,173
100,12,tomorrow,48,223.59696,249.64046,75756,75929,173
100,14,numberOfDays,64,342.05084,306.60194,75929,76109,180
100,0,blank,0,239.88966,318.79576,76109,76288,179
100,0,blank,0,185.55006,311.32908,76288,76464,176
100,0,blank,0,230.71856,314.74952,76464,76639,175
100,14,day,62,183.54384,294.20844,76639,76818,179
100,13,numberOfDays,51,159.66128,286.22524,76818,76996,178
100,24,struct,127,220.32736,289.36,76996,77177,181
100,13,(,52,218.35776,284.88754,77177,77357,180
100,24,struct,127,218.48455,291.063525,77357,77503,146
100,13,),56,361.3301,285.11948,77539,77720,181
100,13,date,54,312.5416,285.76708,77720,77904,184
100,14,numberOfDays,64,295.95468,295.97268,77904,78085,181
100,0,blank,0,158.75552,235.85534,78121,78303,182
100,0,blank,0,137.17818,175.57722,78303,78482,179
100,0,blank,0,133.9858,151.61054,78482,78663,181
100,18,today,96,151.61044,142.163,78663,78845,182
100,16,tomorrow,70,141.7639,102.34242,78845,79028,183
100,16,tomorrow,70,158.277,95.3516,79028,79103,75
100,24,today,139,404.1883,287.17814,79140,79326,186
100,0,blank,0,377.51194,286.59954,79326,79514,188
100,0,blank,0,377.40078,258.348,79514,79700,186
100,0,blank,0,383.2307,236.87396,79700,79884,184
100,0,blank,0,318.90168,230.00346,79884,80066,182
100,0,blank,0,323.63955,265.3806,80066,80164,98
100,0,blank,0,336.49,270.8073,80164,80286,122
100,0,blank,0,149.279666666667,226.762166666667,80419,80590,171
100,20,tomorrow,103,143.43044,191.32492,80590,80776,186
100,0,blank,0,142.70278,156.4216,80776,80962,186
100,0,blank,0,151.23685,172.51595,80962,81115,153
100,0,blank,0,250.89886,244.44032,81152,81345,193
100,13,numberOfDays,51,203.96252,268.13954,81345,81539,194
100,12,tomorrow,48,166.76,259.35608,81539,81727,188
100,0,blank,0,160.62185,255.4256,81727,81802,75
100,0,blank,0,331.17582,245.994,81839,82028,189
100,0,blank,0,359.0983,245.605,82028,82222,194
100,0,blank,0,378.446366666667,281.100866666667,82300,82420,120
100,24,struct,127,209.6284,285.03024,82458,82649,191
100,13,struct,53,233.25478,275.71818,82649,82835,186
100,12,tomorrow,48,238.78348,263.09588,82835,83019,184
100,12,tomorrow,48,183.73608,259.8098,83019,83199,180
100,12,tomorrow,48,184.8786,264.79812,83199,83379,180
100,12,tomorrow,48,186.084066666667,263.5052,83379,83490,111
100,14,numberOfDays,64,312.6999,289.73238,83525,83706,181
100,0,blank,0,334.8346,270.59548,83706,83889,183
100,0,blank,0,378.02054,280.594,83889,84075,186
100,24,today,139,394.9963,279.053366666667,84075,84185,110
100,13,numberOfDays,51,196.21384,282.05178,84222,84406,184
100,13,numberOfDays,51,149.12386,283.52352,84406,84587,181
100,14,day,62,154.98952,289.40072,84587,84766,179
100,13,numberOfDays,51,155.38496,284.94956,84766,84946,180
100,14,day,62,175.96744,290.00992,84946,85124,178
100,0,blank,0,193.74734,298.23914,85124,85301,177
100,0,blank,0,193.27358,304.75278,85301,85481,180
100,14,!=,63,199.9406,298.30515,85481,85624,143
100,0,blank,0,339.05324,226.62436,85659,85835,176
100,0,blank,0,391.0598,226.26902,85835,86013,178
100,14,numberOfDays,64,236.49722,289.2908,86049,86226,177
100,13,struct,53,224.623,280.0918,86226,86295,69
100,18,(,95,126.4392,143.4488,86330,86510,180
100,0,blank,0,136.04698,146.2359,86510,86692,182
100,18,today,96,154.77058,158.07948,86692,86875,183
100,0,blank,0,246.39036,313.16682,86912,87099,187
100,14,numberOfDays,64,259.33112,309.9276,87099,87283,184
100,14,numberOfDays,64,273.1788,309.98476,87283,87468,185
100,14,numberOfDays,64,329.41066,309.39904,87468,87648,180
100,0,blank,0,331.3244,310.87034,87648,87823,175
100,0,blank,0,348.94246,311.58434,87823,88002,179
100,14,numberOfDays,64,341.49148,293.60668,88002,88183,181
100,13,struct,53,235.10164,272.47806,88183,88360,177
100,13,numberOfDays,51,194.55082,268.55494,88360,88537,177
100,13,numberOfDays,51,200.93208,270.69418,88537,88713,176
100,13,struct,53,267.8474,287.31788,88713,88892,179
100,13,date,54,299.90022,286.20606,88892,89068,176
100,0,blank,0,344.82772,289.3591,89068,89246,178
100,14,today,66,397.155,306.26554,89246,89425,179
100,14,today,66,405.94156,303.39054,89425,89608,183
100,14,today,66,386.9333,305.882633333333,89608,89719,111
100,13,numberOfDays,51,196.41076,270.46668,89754,89935,181
100,12,tomorrow,48,200.6842,261.96496,89935,90115,180
100,0,blank,0,212.89945,270.8642,90115,90187,72
100,0,blank,0,341.1514,226.46926,90222,90406,184
100,14,!=,63,202.10126,299.53936,90406,90590,184
100,14,!=,63,201.802366666667,303.307866666667,90590,90700,110
100,14,today,66,376.74538,300.78836,90737,90922,185
100,14,numberOfDays,64,317.55586,305.36996,90922,91107,185
100,14,numberOfDays,64,269.6892,294.47414,91107,91288,181
100,13,struct,53,255.12814,279.519,91288,91470,182
100,13,date,54,329.5428,279.81752,91470,91654,184
100,13,date,54,328.11654,274.00532,91654,91839,185
100,13,d,55,351.22798,276.43494,91839,92022,183
100,13,;,57,364.43765,277.5155,92022,92094,72
100,13,numberOfDays,51,199.42164,276.16674,92130,92311,181
100,13,numberOfDays,51,150.29024,273.65074,92311,92491,180
100,13,numberOfDays,51,141.2731,276.31378,92491,92672,181
100,13,numberOfDays,51,141.79455,280.83465,92672,92743,71
100,13,struct,53,270.86084,276.02638,92779,92960,181
100,13,struct,53,266.42514,276.42066,92960,93141,181
100,13,numberOfDays,51,184.32972,278.4123,93141,93320,179
100,13,numberOfDays,51,169.66722,279.01456,93320,93495,175
100,13,numberOfDays,51,172.126933333333,282.8186,93495,93600,105
100,24,),129,319.46706,288.63646,93634,93808,174
100,13,date,54,316.42844,282.5202,93808,93984,176
100,24,{,130,339.03084,283.81458,93984,94161,177
100,0,blank,0,372.77494,286.56502,94161,94338,177
100,13,d,55,353.205825,284.031625,94338,94479,141
100,13,numberOfDays,51,161.28592,285.28662,94515,94693,178
100,13,(,52,221.70768,284.43266,94693,94870,177
100,13,struct,53,231.27982,276.55612,94870,95050,180
100,0,blank,0,218.5924,265.4279,95050,95087,37
100,20,tomorrow,103,129.87206,189.39476,95124,95305,181
100,20,tomorrow,103,134.9897,199.34415,95305,95377,72
100,12,struct,46,103.13314,25.08308,95413,95592,179
100,2,stdio,12,111.4377,32.1415,95592,95771,179
100,38,29,218,171.00354,592.52252,95842,96026,184
100,40,daysPerMonth,223,160.33468,633.08598,96026,96211,185
100,40,daysPerMonth,223,155.831766666667,639.039866666667,96211,96319,108
100,40,daysPerMonth,223,262.3215,636.53314,96354,96534,180
100,40,month,227,320.22506,626.19086,96534,96713,179
100,40,month,227,317.28324,634.02742,96713,96890,177
100,40,month,227,322.507766666667,640.9005,96890,96997,107
100,0,blank,0,181.44308,619.915,97032,97207,175
100,28,numberOfDays,150,100.73628,607.56728,97207,97379,172
100,28,numberOfDays,150,107.51415,600.83595,97379,97449,70
100,20,tomorrow,103,152.7358,199.04428,97519,97700,181
100,12,date,47,139.94606,250.53308,97700,97879,179
100,12,date,47,142.27428,257.20338,97879,98056,177
100,13,numberOfDays,51,172.17856,280.02298,98056,98236,180
100,13,numberOfDays,51,175.39965,277.85105,98236,98309,73
100,13,date,54,297.97056,282.71562,98345,98528,183
100,13,struct,53,273.5432,281.35618,98528,98713,185
100,13,numberOfDays,51,169.39154,281.15858,98713,98899,186
100,24,struct,127,205.16378,275.5748,98899,99081,182
100,13,struct,53,243.60136,278.77208,99081,99267,186
100,13,numberOfDays,51,182.87704,273.66568,99267,99453,186
100,13,numberOfDays,51,133.58706,280.36878,99453,99636,183
100,13,numberOfDays,51,156.6375,267.44228,99636,99818,182
100,13,numberOfDays,51,194.95852,281.42742,99818,100000,182
100,13,numberOfDays,51,195.69656,285.47834,100000,100183,183
100,13,numberOfDays,51,197.0723,281.95168,100183,100364,181
100,13,numberOfDays,51,197.398825,285.223675,100364,100521,157
100,0,blank,0,192.3646,291.0826,100521,100603,82
100,13,numberOfDays,51,197.309,282.4059,100603,100734,131
100,24,date,128,284.36645,272.23935,100734,100919,185
100,0,blank,0,326.45884,264.08708,100919,101112,193
100,0,blank,0,284.2246,269.11774,101112,101304,192
100,13,;,57,366.0086,286.80966,101304,101493,189
100,0,blank,0,402.29744,269.15388,101493,101680,187
100,24,{,130,342.9944,274.98354,101680,101868,188
100,14,numberOfDays,64,314.34828,289.4545,101868,102053,185
100,0,blank,0,255.15658,260.84564,102053,102240,187
100,13,numberOfDays,51,193.34472,271.94858,102240,102424,184
100,0,blank,0,177.3737,233.7848,102424,102496,72
100,40,days,221,121.68618,624.7449,102569,102753,184
100,0,blank,0,157.17798,620.68382,102753,102940,187
100,30,;,159,170.13778,655.41078,102940,103123,183
100,31,isLeapYear,161,134.26592,670.8834,103123,103300,177
100,32,daysPerMonth,170,234.15902,705.49722,103300,103482,182
100,32,daysPerMonth,170,230.65938,692.15418,103482,103662,180
100,0,blank,0,220.75604,714.77754,103662,103844,182
100,0,blank,0,196.6433,714.5368,103844,104020,176
100,0,blank,0,178.2041,727.88982,104020,104197,177
100,31,isLeapYear,161,176.093925,683.22545,104197,104368,171
100,0,blank,0,180.68504,649.2851,104368,104547,179
100,0,blank,0,181.776,657.4729,104547,104583,36
100,28,date,153,278.81584,606.78192,104619,104800,181
100,40,daysPerMonth,223,251.0221,632.35255,104800,104874,74
100,40,days,221,101.95058,632.85304,104910,105092,182
100,13,numberOfDays,51,187.61228,279.81008,105163,105340,177
100,13,struct,53,247.78514,275.0635,105340,105514,174
100,13,date,54,303.99998,282.63442,105514,105690,176
100,13,date,54,312.5951,281.13538,105690,105866,176
100,13,date,54,293.1526,282.4937,105866,105937,71
100,13,numberOfDays,51,153.50204,278.33246,105972,106149,177
100,13,numberOfDays,51,157.2728,275.48106,106149,106326,177
100,13,numberOfDays,51,134.08834,273.95064,106326,106504,178
100,13,numberOfDays,51,120.16296,278.50478,106504,106681,177
100,13,numberOfDays,51,123.09158,281.60448,106681,106860,179
100,13,numberOfDays,51,122.43004,282.90626,106860,107037,177
100,24,struct,127,204.32588,281.1266,107037,107213,176
100,13,struct,53,256.17272,279.93056,107213,107388,175
100,13,d,55,350.20224,283.68552,107388,107568,180
100,0,blank,0,382.86986,285.97008,107568,107751,183
100,0,blank,0,380.1604,283.8214,107751,107788,37
100,13,(,52,216.39986,270.86132,107825,108011,186
100,13,(,52,216.03936,278.61808,108011,108193,182
100,28,numberOfDays,150,128.69884,616.88744,108230,108411,181
100,40,days,221,98.530425,626.24235,108411,108555,144
100,0,blank,0,122.74476,234.06526,108629,108819,190
100,10,date,42,93.26538,211.65352,108819,109000,181
100,10,date,42,89.90756,208.53058,109000,109179,179
100,10,date,42,87.60305,209.538525,109179,109324,145
100,0,blank,0,-350,-105,109361,109449,88
100,10,date,42,102.31394,211.84486,109658,109831,173
100,0,blank,0,129.21868,242.76132,109831,110013,182
100,12,date,47,151.81926,263.37626,110013,110193,180
100,12,date,47,152.38928,264.62206,110193,110373,180
100,13,numberOfDays,51,155.91816,267.36086,110373,110554,181
100,0,blank,0,151.0887,265.24244,110554,110735,181
100,13,numberOfDays,51,154.00785,267.98305,110735,110809,74
100,7,;,31,119.17966,155.34292,110846,111033,187
100,8,year,33,123.81296,160.09596,111033,111222,189
100,10,dateUpdate,39,138.5833,203.79884,111222,111412,190
100,0,blank,0,157.86862,254.33138,111412,111600,188
100,13,struct,53,248.08472,280.61778,111600,111790,190
100,14,numberOfDays,64,301.3498,289.33136,111790,111979,189
100,14,today,66,381.19254,294.14312,111979,112169,190
100,14,today,66,395.4078,294.9885,112169,112206,37
100,14,day,62,156.05984,296.01504,112244,112430,186
100,14,day,62,163.75874,293.85128,112430,112614,184
100,13,numberOfDays,51,195.02678,284.90864,112614,112798,184
100,13,numberOfDays,51,162.576,284.59054,112798,112982,184
100,13,numberOfDays,51,136.36004,280.76524,112982,113162,180
100,13,numberOfDays,51,160.4568,278.89878,113162,113343,181
100,13,numberOfDays,51,194.1243,285.88414,113343,113521,178
100,13,numberOfDays,51,197.758,283.55002,113521,113702,181
100,13,numberOfDays,51,194.41258,279.35008,113702,113884,182
100,13,date,54,317.8803,286.91222,113920,114102,182
100,13,date,54,313.788,287.0358,114102,114175,73
100,14,.,61,150.07586,295.0087,114210,114387,177
100,0,blank,0,-350,-105,114421,114567,146
100,13,struct,53,261.35786,282.28976,114593,114759,166
100,14,numberOfDays,64,331.44296,289.83586,114759,114938,179
100,13,struct,53,234.31784,286.05652,114938,115117,179
100,14,day,62,183.67522,291.16602,115117,115292,175
100,0,blank,0,186.26126,290.3713,115292,115467,175
100,14,day,62,183.76958,291.82828,115467,115642,175
100,0,blank,0,189.38524,293.62666,115642,115816,174
100,14,!=,63,200.93524,306.42024,115816,115992,176
100,14,numberOfDays,64,317.65222,308.7387,116026,116205,179
100,14,numberOfDays,64,341.88044,306.11626,116205,116386,181
100,14,today,66,410.13992,300.0898,116386,116568,182
100,24,struct,127,243.40292,288.35256,116605,116788,183
100,13,numberOfDays,51,198.02418,281.846,116788,116969,181
100,13,numberOfDays,51,164.67232,276.80114,116969,117148,179
100,24,struct,127,207.13364,271.17958,117148,117328,180
100,12,tomorrow,48,234.3994,264.86415,117328,117398,70
100,0,blank,0,358.49978,224.01916,117435,117617,182
100,14,(,65,362.12912,292.00136,117617,117797,180
100,0,blank,0,354.93012,326.50694,117797,117975,178
100,0,blank,0,320.92116,313.7226,117975,118157,182
100,14,numberOfDays,64,293.42832,300.80268,118157,118340,183
100,14,numberOfDays,64,285.20398,304.66812,118340,118519,179
100,0,blank,0,185.24568,349.63606,118519,118696,177
100,16,=,71,175.96144,345.33958,118696,118876,180
100,16,struct,73,247.73642,349.11302,118876,119056,180
100,0,blank,0,268.63388,352.94328,119056,119236,180
100,0,blank,0,301.84858,358.05606,119236,119412,176
100,16,date,74,303.74966,350.63846,119412,119591,179
100,16,struct,73,216.43514,349.93066,119591,119768,177
100,16,=,71,181.6058,347.21428,119768,119940,172
100,16,=,71,178.16128,347.8225,119940,120112,172
100,0,blank,0,330.29362,340.47166,120112,120288,176
100,16,month,79,419.88844,349.12328,120288,120466,178
100,16,month,79,420.84218,351.17102,120466,120646,180
100,16,month,79,419.03274,347.55556,120646,120826,180
100,0,blank,0,343.2215,350.386166666667,120826,120972,146
100,0,blank,0,279.4008,325.887,120972,121092,120
100,16,date,74,284.1744,346.9465,121092,121218,126
100,16,date,74,289.2008,338.90115,121218,121404,186
100,16,date,74,297.1565,342.31016,121404,121583,179
100,16,{,76,335.54542,348.0583,121583,121754,171
100,0,blank,0,327.2894,349.5731,121754,121789,35
100,0,blank,0,168.2269,351.79826,121825,122004,179
100,0,blank,0,165.86746,348.55708,122004,122178,174
100,16,struct,73,238.78662,344.00466,122178,122354,176
100,16,struct,73,229.5793,344.7809,122354,122427,73
100,14,(,65,360.50042,303.03718,122462,122640,178
100,0,blank,0,354.9353,299.5956,122640,122709,69
100,14,day,62,175.61034,305.22756,122745,122920,175
100,14,day,62,181.70602,294.133,122920,123096,176
100,0,blank,0,208.03094,265.70988,123096,123272,176
100,12,tomorrow,48,187.87046,263.44076,123272,123447,175
100,12,date,47,150.534,261.14736,123447,123623,176
100,12,date,47,141.66824,260.49482,123623,123797,174
100,12,date,47,139.37672,263.79502,123797,123970,173
100,0,blank,0,144.87516,265.90314,123970,124145,175
100,12,tomorrow,48,168.9442,256.20302,124145,124320,175
100,12,tomorrow,48,190.31284,255.71976,124320,124495,175
100,12,tomorrow,48,190.48092,260.07988,124495,124671,176
100,12,tomorrow,48,189.22182,263.61162,124671,124853,182
100,12,tomorrow,48,193.65148,263.28146,124853,125033,180
100,12,tomorrow,48,180.88848,261.89804,125033,125213,180
100,0,blank,0,156.79146,264.37576,125213,125392,179
100,14,numberOfDays,64,234.27332,302.19914,125392,125573,181
100,16,),75,314.90408,346.62718,125573,125756,183
100,16,{,76,333.01388,344.72124,125756,125942,186
100,0,blank,0,376.3281,355.6046,125942,126129,187
100,0,blank,0,420.90862,358.46906,126129,126312,183
100,0,blank,0,441.28374,360.67164,126312,126495,183
100,0,blank,0,548.066533333333,359.4936,126495,126604,109
100,12,tomorrow,48,174.3562,259.76662,126677,126856,179
100,16,=,71,174.61588,333.42498,126856,127033,177
100,13,numberOfDays,51,178.89372,284.33508,127033,127210,177
100,12,tomorrow,48,187.875,247.21822,127210,127389,179
100,0,blank,0,186.28184,242.88538,127389,127568,179
100,12,tomorrow,48,188.32578,249.5871,127568,127750,182
100,12,tomorrow,48,192.809975,249.54445,127750,127897,147
100,18,(,95,129.4818,149.06272,127934,128115,181
100,18,(,95,127.64842,151.15452,128115,128300,185
100,0,blank,0,123.5955,152.58175,128300,128373,73
100,0,blank,0,335.90944,366.31052,128447,128634,187
100,16,today,87,375.78552,342.73066,128634,128823,189
100,16,date,74,298.1729,349.81578,128823,129014,191
100,16,date,74,282.21236,351.13032,129014,129195,181
100,16,date,74,282.078,348.84104,129195,129377,182
100,16,date,74,282.54214,351.97094,129377,129560,183
100,16,date,74,309.38506,352.93262,129560,129735,175
100,16,{,76,340.954875,333.431325,129735,129876,141
100,16,=,71,182.63556,349.08546,129913,130088,175
100,0,blank,0,184.73528,353.5527,130088,130263,175
100,16,today,87,403.2923,348.72078,130298,130476,178
100,16,month,79,458.58536,345.14836,130476,130654,178
100,16,today,87,492.6561,353.041366666667,130654,130762,108
100,0,blank,0,610.275,367.3011,130797,130833,36
100,16,today,87,509.2603,347.1724,130869,131049,180
100,16,month,79,456.1255,345.37206,131049,131224,175
100,16,month,79,456.30948,339.1231,131224,131399,175
100,0,blank,0,460.4019,362.2933,131399,131435,36
100,0,blank,0,603.13138,356.56988,131470,131646,176
100,0,blank,0,602.11098,349.57328,131646,131819,173
100,0,blank,0,648.09672,366.69314,131819,131995,176
100,0,blank,0,631.90665,367.0957,131995,132064,69
100,16,today,87,363.05352,338.49222,132099,132274,175
100,16,.,88,406.43092,336.7767,132274,132449,175
100,16,comma,86,467.296375,352.029375,132449,132586,137
100,0,blank,0,166.41996,350.77122,132655,132831,176
100,16,struct,73,206.91112,345.6681,132831,133006,175
100,16,struct,73,228.4788,337.0401,133006,133113,107
100,18,(,95,128.21762,386.49984,133148,133330,182
100,0,blank,0,140.16918,400.09852,133330,133501,171
100,18,today,96,156.9478,394.1259,133501,133673,172
100,18,month,98,216.47138,394.07846,133673,133843,170
100,0,blank,0,254.6599,389.23552,133843,134012,169
100,18,==,99,281.38488,390.60496,134012,134179,167
100,18,month,98,244.67386,397.05006,134179,134350,171
100,18,month,98,249.45476,386.48152,134350,134520,170
100,0,blank,0,316.3617,386.27738,134520,134689,169
100,18,12,100,311.8177,388.2517,134689,134723,34
100,16,=,71,181.36982,346.57088,134757,134929,172
100,0,blank,0,184.8949,313.46946,134929,135102,173
100,0,blank,0,185.91438,288.1734,135102,135275,173
100,28,struct,152,222.83548,362.82128,135275,135449,174
100,18,month,98,212.29208,388.12356,135449,135622,173
100,18,today,96,173.63872,397.42924,135622,135795,173
100,0,blank,0,248.28272,398.15282,135795,135969,174
100,18,month,98,249.74532,396.78744,135969,136142,173
100,18,month,98,248.2299,392.10988,136142,136317,175
100,18,==,99,280.79352,386.83794,136317,136491,174
100,0,blank,0,315.981966666667,391.330666666667,136491,136595,104
100,0,blank,0,140.24432,399.65662,136630,136805,175
100,0,blank,0,148.57652,401.16892,136805,136980,175
100,0,blank,0,176.9543,407.7778,136980,137014,34
100,0,blank,0,342.41196,386.43754,137049,137222,173
100,31,isLeapYear,161,165.78422,425.75106,137256,137426,170
100,20,struct,106,214.25932,441.3166,137426,137599,173
100,20,struct,106,253.64508,434.58098,137599,137770,171
100,20,date,107,309.81588,441.72218,137770,137940,170
100,0,blank,0,382.01788,441.97322,137940,138114,174
100,20,comma,113,400.39944,431.9943,138114,138291,177
100,0,blank,0,496.06108,456.23078,138291,138469,178
100,0,blank,0,496.56314,448.59384,138469,138642,173
100,0,blank,0,499.447733333333,448.5424,138642,138748,106
100,20,date,107,313.19184,430.9905,138783,138960,177
100,20,1,118,383.16378,434.69116,138960,139131,171
100,0,blank,0,399.7107,446.9005,139131,139167,36
100,20,date,107,297.1504,433.12966,139203,139377,174
100,20,date,107,293.78724,431.50652,139377,139551,174
100,32,],173,297.2213,455.9287,139551,139585,34
100,0,blank,0,146.78,468.49616,139621,139798,177
100,32,daysPerMonth,170,151.419,465.24895,139798,139867,69
100,20,date,107,309.08688,426.94162,139901,140076,175
100,0,blank,0,305.98395,418.6816,140076,140147,71
100,0,blank,0,166.7079,366.08784,140182,140357,175
100,0,blank,0,166.93394,370.10234,140357,140532,175
100,18,(,95,126.0656,387.40576,140532,140709,177
100,30,days,158,159.56582,404.7709,140709,140883,174
100,20,(,105,201.601875,421.32935,140883,141022,139
100,0,blank,0,155.4779,238.864,141056,141231,175
100,0,blank,0,150.882566666667,236.3174,141231,141426,195
100,20,tomorrow,103,137.1323,199.4271,141426,141523,97
100,6,month,27,109.17985,126.68125,141523,141694,171
100,16,tomorrow,70,106.60644,99.18954,141694,141876,182
100,3,stdbool,19,107.98702,62.77196,141876,142050,174
100,4,date,24,110.624,72.61874,142050,142228,178
100,0,blank,0,-350,-105,142300,142492,192
100,0,blank,0,342.86444,390.63416,142714,142887,173
100,0,blank,0,388.93186,373.08034,142887,143077,190
100,0,blank,0,395.99598,391.43466,143077,143272,195
100,20,date,107,285.21032,429.5777,143272,143455,183
100,20,date,107,292.64978,431.99166,143455,143631,176
100,20,date,107,289.804375,440.4954,143631,143772,141
100,0,blank,0,434.58982,450.9764,143807,143988,181
100,0,blank,0,528.67164,444.67616,143988,144169,181
100,0,blank,0,538.24962,450.00816,144169,144351,182
100,0,blank,0,458.7744,467.9572,144351,144388,37
100,0,blank,0,140.26544,480.25192,144424,144599,175
100,0,blank,0,111.97188,487.6966,144599,144773,174
100,0,blank,0,117.2793,497.11255,144773,144840,67
100,0,blank,0,429.7858,455.61864,144909,145085,176
100,0,blank,0,429.410425,454.33295,145085,145225,140
100,0,blank,0,155.1141,507.33754,145297,145471,174
100,0,blank,0,154.99588,494.7356,145471,145639,168
100,24,(,126,201.01592,509.79114,145639,145810,171
100,24,date,128,284.46718,520.605,145810,145980,170
100,0,blank,0,365.87196,531.73678,145980,146149,169
100,24,today,139,410.593,525.6647,146149,146184,35
100,38,29,218,163.50218,583.6794,146220,146390,170
100,26,tomorrow,146,140.77914,572.75506,146390,146560,170
100,37,isLeapYear,203,184.26256,577.84784,146560,146729,169
100,0,blank,0,168.4116,542.13654,146729,146899,170
100,24,tomorrow,124,132.1294,516.360825,146899,147036,137
100,20,tomorrow,103,109.51954,199.63794,147105,147279,174
100,20,tomorrow,103,130.00786,199.93952,147279,147454,175
100,10,dateUpdate,39,177.39074,207.15798,147454,147629,175
100,0,blank,0,195.1707,492.22516,147700,147884,184
100,0,blank,0,185.66592,472.60976,147884,148067,183
100,31,isLeapYear,161,187.72915,443.03105,148067,148141,74
100,10,struct,41,256.60098,208.39244,148178,148362,184
100,0,blank,0,231.46546,210.86386,148362,148542,180
100,0,blank,0,164.88456,223.7833,148542,148722,180
100,0,blank,0,167.68038,226.29666,148722,148902,180
100,12,tomorrow,48,230.57288,260.13302,148902,149085,183
100,12,tomorrow,48,180.98926,259.13264,149085,149270,185
100,0,blank,0,154.73106,253.51356,149270,149453,183
100,24,struct,127,213.66554,276.62136,149453,149636,183
100,13,struct,53,245.39618,280.2261,149636,149818,182
100,13,date,54,316.62032,280.013,149818,149998,180
100,13,date,54,319.11385,286.383,149998,150071,73
100,13,numberOfDays,51,177.47596,285.07976,150107,150287,180
100,13,numberOfDays,51,179.44202,281.98328,150287,150472,185
100,13,struct,53,259.80544,280.76252,150472,150658,186
100,13,date,54,331.55456,286.02678,150658,150842,184
100,14,(,65,360.5432,290.2667,150842,151026,184
100,14,today,66,378.16075,294.9052,151026,151099,73
100,12,struct,46,102.28632,261.95608,151134,151316,182
100,12,struct,46,100.92584,258.87068,151316,151494,178
100,0,blank,0,105.296433333333,260.7303,151494,151602,108
100,14,!=,63,209.159,304.23348,151638,151818,180
100,14,!=,63,210.23536,304.71068,151818,151996,178
100,0,blank,0,217.15264,299.75132,151996,152175,179
100,13,struct,53,223.00818,286.92844,152175,152360,185
100,24,struct,127,220.65418,290.47454,152360,152544,184
100,14,numberOfDays,64,225.1126,292.4124,152544,152727,183
100,0,blank,0,344.7691,331.87998,152763,152947,184
100,0,blank,0,349.324266666667,328.410733333333,152947,153056,109
100,0,blank,0,-350,-105,153093,153261,168
100,0,blank,0,-350,-105,153261,153370,109
100,26,tomorrow,146,158.06898,325.4854,153403,153568,165
100,0,blank,0,177.18678,312.24114,153568,153744,176
100,0,blank,0,248.0496,314.77975,153744,153886,142
100,18,today,96,146.35168,397.2004,153921,154098,177
100,20,=,104,174.95124,422.1867,154098,154268,170
100,31,isLeapYear,161,210.12972,445.21652,154268,154441,173
100,31,date,164,324.91568,443.98934,154476,154651,175
100,0,blank,0,351.18228,448.08902,154651,154825,174
100,0,blank,0,429.0221,452.272675,154825,154966,141
100,0,blank,0,148.80292,628.4567,155002,155175,173
100,0,blank,0,131.73378,629.73924,155175,155353,178
100,30,;,159,168.4162,643.77778,155353,155532,179
100,40,daysPerMonth,223,226.26816,626.97874,155532,155713,181
100,40,[,224,282.61592,627.27276,155713,155890,177
100,28,date,153,288.723275,607.24365,155890,156027,137
100,30,days,158,160.06062,661.56994,156065,156237,172
100,30,days,158,160.09928,651.6532,156237,156413,176
100,40,daysPerMonth,223,210.73886,640.79638,156413,156589,176
100,40,daysPerMonth,223,230.71174,637.27274,156589,156770,181
100,31,(,162,241.05242,670.0337,156770,156957,187
100,31,isLeapYear,161,186.82854,672.47806,156957,157139,182
100,0,blank,0,192.27398,655.34622,157139,157326,187
100,40,daysPerMonth,223,186.0102,639.994733333333,157326,157436,110
100,0,blank,0,919.458,361.6961,157509,157549,40
100,0,blank,0,761.375333333333,312.723966666667,157590,157712,122
100,0,blank,0,812.934,396.6097,157748,157790,42
100,0,blank,0,900.8358,251.22342,157829,158027,198
100,0,blank,0,907.2238,253.57458,158027,158219,192
100,0,blank,0,912.6406,252.37418,158219,158416,197
100,0,blank,0,924.541,265.6355,158416,158608,192
100,0,blank,0,924.5822,265.79384,158608,158807,199
100,0,blank,0,935.2465,243.033925,158807,158972,165
100,0,blank,0,927.2565,225.212525,158972,159137,165
100,0,blank,0,941.32975,246.381225,159137,159298,161
100,0,blank,0,936.6888,247.26326,159298,159488,190
100,0,blank,0,951.37725,270.675325,159488,159647,159
100,0,blank,0,939.6614,237.15628,159685,159879,194
100,0,blank,0,950.18925,266.019475,159879,160035,156
100,0,blank,0,927.673,210.0831,160112,160149,37
100,26,tomorrow,146,190.0772,570.4196,160268,160345,77
101,0,blank,0,216.2344,399.0265,161839,161918,79
101,0,blank,0,331.48892,373.83066,162045,162225,180
101,0,blank,0,334.22092,362.82544,162225,162393,168
101,0,blank,0,337.62506,380.17202,162393,162566,173
101,0,blank,0,332.27354,379.76188,162566,162742,176
101,0,blank,0,356.3613,401.0595,162742,162777,35
101,0,blank,0,-350,-105,162813,162966,153
101,0,blank,0,-350,-105,162966,163021,55
101,28,numberOfDays,150,144.267,374.85116,163209,163388,179
101,0,blank,0,142.53986,390.82352,163388,163568,180
101,0,blank,0,142.86828,388.97468,163568,163739,171
101,28,numberOfDays,150,146.2792,369.40235,163739,163808,69
101,0,blank,0,340.40698,368.52832,163842,164009,167
101,0,blank,0,341.65364,367.30228,164009,164178,169
101,0,blank,0,342.29744,362.44066,164178,164347,169
101,0,blank,0,342.687066666667,366.260166666667,164347,164450,103
101,28,struct,152,213.9166,377.80208,164484,164659,175
101,28,struct,152,212.8708,378.14042,164659,164835,176
101,18,month,98,212.44442,381.07704,164835,165007,172
101,18,month,98,208.85684,383.03522,165007,165176,169
101,18,month,98,215.11646,386.53196,165176,165344,168
101,18,month,98,209.95714,390.70216,165344,165514,170
101,0,blank,0,224.756,357.6825,165514,165582,68
101,0,blank,0,-350,-105,165617,165791,174
101,18,today,96,164.881766666667,394.752366666667,166021,166137,116
101,0,blank,0,37.21628,370.72166,166492,166670,178
101,28,int,149,28.489225,367.431875,166670,166805,135
101,26,tomorrow,146,168.95136,324.36396,166838,167008,170
101,0,blank,0,191.81465,313.039275,167008,167147,139
101,28,date,153,270.43658,371.19728,167181,167357,176
101,18,12,100,303.35448,386.7325,167357,167531,174
101,0,blank,0,298.269,364.8854,167531,167601,70
101,31,isLeapYear,161,140.98522,442.57678,167635,167811,176
101,31,isLeapYear,161,138.6233,434.9859,167811,167983,172
101,31,isLeapYear,161,174.25224,431.2477,167983,168155,172
101,31,isLeapYear,161,178.46442,425.458,168155,168329,174
101,18,today,96,146.36774,393.69732,168329,168499,170
101,0,blank,0,179.3553,355.46018,168499,168671,172
101,0,blank,0,238.10064,311.7853,168671,168841,170
101,14,numberOfDays,64,305.08326,292.47028,168841,169016,175
101,24,date,128,305.3786,291.43175,169016,169087,71
101,24,month,135,447.1416,285.52298,169122,169299,177
101,24,month,135,444.121875,289.35995,169299,169445,146
101,0,blank,0,116.62166,397.83972,169480,169660,180
101,0,blank,0,118.55996,395.59032,169660,169835,175
101,30,;,159,166.48458,414.13744,169835,170015,180
101,0,blank,0,178.00346,419.4319,170015,170191,176
101,31,isLeapYear,161,132.80504,431.72772,170191,170369,178
101,31,isLeapYear,161,151.38364,435.70964,170369,170544,175
101,31,isLeapYear,161,218.8424,430.50224,170544,170718,174
101,0,blank,0,216.93632,409.89884,170718,170893,175
101,28,struct,152,243.58094,370.73726,170893,171068,175
101,0,blank,0,205.9255,402.1321,171068,171241,173
101,0,blank,0,182.46374,417.64154,171241,171415,174
101,31,isLeapYear,161,194.34548,426.1479,171415,171585,170
101,31,isLeapYear,161,204.16708,433.78718,171585,171758,173
101,31,isLeapYear,161,172.973,433.29028,171758,171931,173
101,0,blank,0,122.51658,442.08448,171931,172106,175
101,31,isLeapYear,161,170.56308,439.90136,172106,172281,175
101,31,struct,163,301.88532,425.35184,172281,172455,174
101,20,date,107,306.61832,429.7876,172455,172633,178
101,20,1,118,383.46772,433.15556,172633,172810,177
101,0,blank,0,124.4822,403.0969,172845,173023,178
101,30,days,158,127.53726,414.0279,173023,173199,176
101,31,isLeapYear,161,155.85742,427.57456,173199,173373,174
101,31,isLeapYear,161,198.7207,425.96416,173373,173551,178
101,31,isLeapYear,161,194.5836,443.54614,173551,173731,180
101,31,isLeapYear,161,187.00998,439.0268,173731,173908,177
101,30,days,158,155.16546,410.66674,173908,174088,180
101,28,numberOfDays,150,124.57404,376.33664,174088,174265,177
101,28,numberOfDays,150,122.7241,375.35912,174265,174440,175
101,28,numberOfDays,150,123.09418,373.23422,174440,174616,176
101,28,numberOfDays,150,113.53916,377.79754,174616,174793,177
101,0,blank,0,174.12026,407.44114,174793,174970,177
101,31,(,162,238.739,435.4139,174970,175150,180
101,31,(,162,242.0871,441.2579,175150,175187,37
101,37,isLeapYear,203,122.18854,562.32364,175224,175407,183
101,0,blank,0,112.4937,549.9982,175407,175443,36
101,41,days,233,118.76374,664.47134,175478,175660,182
101,0,blank,0,119.78624,675.50382,175660,175840,180
101,0,blank,0,158.30506,706.2823,175840,176023,183
101,32,daysPerMonth,170,207.85352,703.0004,176023,176205,182
101,30,days,158,162.01052,410.3334,176243,176431,188
101,30,days,158,144.60124,420.2003,176431,176614,183
101,30,days,158,132.96924,405.03356,176614,176801,187
101,30,days,158,135.05978,404.81736,176801,176989,188
101,30,days,158,133.47716,412.1551,176989,177179,190
101,0,blank,0,131.7052,402.6262,177179,177370,191
101,30,days,158,139.46252,405.1072,177370,177562,192
101,30,days,158,139.16016,407.43794,177562,177755,193
101,30,;,159,169.23214,412.34252,177755,177945,190
101,18,month,98,250.70596,396.78396,177945,178138,193
101,0,blank,0,304.83642,415.75212,178138,178334,196
101,20,{,109,339.99218,421.0838,178334,178529,195
101,31,date,164,345.45788,425.45088,178529,178721,192
101,0,blank,0,372.32758,422.45344,178721,178908,187
101,20,1,118,356.657866666667,427.4146,178908,179021,113
101,31,isLeapYear,161,146.66994,429.26438,179058,179245,187
101,30,days,158,138.59554,423.7914,179245,179432,187
101,31,isLeapYear,161,159.03086,433.29986,179432,179627,195
101,31,isLeapYear,161,203.39728,428.70528,179627,179812,185
101,20,struct,106,233.56786,440.56742,179812,179994,182
101,31,isLeapYear,161,191.40562,436.43336,179994,180177,183
101,31,isLeapYear,161,156.25676,438.66928,180177,180363,186
101,31,isLeapYear,161,172.84416,434.08622,180363,180551,188
101,31,isLeapYear,161,220.00598,441.91122,180551,180740,189
101,31,struct,163,256.8558,440.98102,180740,180926,186
101,32,[,171,266.17202,456.65324,180926,181112,186
101,31,struct,163,264.68576,438.60202,181112,181297,185
101,0,blank,0,305.174,452.89476,181297,181479,182
101,32,=,174,319.07594,461.55414,181479,181660,181
101,0,blank,0,332.2178,475.691466666667,181660,181769,109
101,34,31,184,181.89094,497.16814,181806,181987,181
101,34,31,184,182.173,505.9735,181987,182133,146
101,34,comma,187,227.5964,498.6357,182133,182257,124
101,34,30,186,222.806,506.4874,182257,182394,137
101,35,comma,197,229.74235,517.825275,182394,182571,177
101,24,struct,127,229.08182,514.70698,182571,182749,178
101,34,30,186,219.48404,505.55446,182749,182929,180
101,35,30,196,247.10032,518.4169,182929,183109,180
101,0,blank,0,266.10606,512.15438,183109,183288,179
101,35,31,198,291.54914,518.89046,183288,183469,181
101,24,date,128,307.33638,515.8881,183469,183652,183
101,24,date,128,307.3465,519.93488,183652,183833,181
101,0,blank,0,329.5077,516.65536,183833,184013,180
101,0,blank,0,173.69746,534.5646,184049,184228,179
101,0,blank,0,176.81466,537.15986,184228,184406,178
101,0,blank,0,208.13082,540.77812,184406,184588,182
101,0,blank,0,209.18618,544.55786,184588,184765,177
101,0,blank,0,242.56796,540.48272,184765,184945,180
101,0,blank,0,243.87868,545.0296,184945,185125,180
101,35,30,196,256.53886,525.6611,185125,185307,182
101,24,date,128,283.73494,524.05294,185307,185487,180
101,0,blank,0,289.1805,534.9584,185487,185599,112
101,37,isLeapYear,203,141.85532,576.37774,185635,185814,179
101,38,=,217,143.79974,580.7194,185814,185991,177
101,37,isLeapYear,203,147.5384,576.9338,185991,186026,35
101,32,int,169,125.86966,448.44936,186061,186239,178
101,32,int,169,122.58058,454.79618,186239,186415,176
101,31,isLeapYear,161,132.8378,429.60848,186415,186589,174
101,31,isLeapYear,161,128.389225,425.973175,186589,186729,140
101,20,struct,106,237.02432,424.52704,186764,186937,173
101,0,blank,0,236.93952,417.70716,186937,187110,173
101,31,isLeapYear,161,217.41328,431.55354,187110,187284,174
101,31,isLeapYear,161,207.75194,438.72572,187284,187457,173
101,31,struct,163,288.49692,432.376,187457,187629,172
101,31,date,164,314.3192,425.2651,187629,187804,175
101,20,{,109,336.00184,421.6674,187804,187978,174
101,20,1,118,362.26198,426.65068,187978,188156,178
101,20,1,118,362.1711,421.1817,188156,188227,71
101,31,isLeapYear,161,140.4499,432.94432,188261,188436,175
101,31,isLeapYear,161,135.877675,439.988875,188436,188575,139
101,0,blank,0,-350,-105,188610,188809,199
101,31,isLeapYear,161,207.70468,438.7787,189060,189256,196
101,31,isLeapYear,161,216.1961,428.36935,189256,189326,70
101,0,blank,0,126.6704,548.7876,189361,189536,175
101,37,isLeapYear,203,174.06692,561.46478,189536,189708,172
101,37,isLeapYear,203,186.07464,569.59502,189708,189882,174
101,37,),215,228.45186,562.55262,189882,190060,178
101,0,blank,0,198.90786,530.22086,190060,190234,174
101,32,daysPerMonth,170,168.8131,453.51726,190234,190409,175
101,31,struct,163,254.95976,445.12322,190409,190584,175
101,31,struct,163,250.8926,432.53686,190584,190759,175
101,31,struct,163,301.7899,433.26936,190759,190933,174
101,0,blank,0,340.61564,417.44242,190933,191109,176
101,0,blank,0,364.02446,412.13568,191109,191286,177
101,31,),166,377.793133333333,433.657166666667,191286,191397,111
101,18,today,96,161.46038,395.75792,191432,191611,179
101,18,month,98,212.02744,383.62982,191611,191786,175
101,28,d,154,310.76162,371.82826,191786,191963,177
101,28,d,154,309.24095,369.4443,191963,192035,72
101,30,days,158,136.81576,409.7752,192070,192251,181
101,30,days,158,137.28,415.2232,192251,192286,35
101,0,blank,0,255.38706,581.6867,192322,192500,178
101,37,true,208,291.38152,577.27852,192500,192680,180
101,0,blank,0,325.95744,576.52378,192680,192863,183
101,37,true,208,312.232925,566.274475,192863,193009,146
101,38,;,219,174.11114,591.74266,193046,193225,179
101,38,29,218,168.432975,583.3477,193225,193365,140
101,0,blank,0,334.92502,538.69718,193400,193579,179
101,0,blank,0,330.49552,545.49372,193579,193758,179
101,31,struct,163,254.9489,430.10012,193794,193977,183
101,32,daysPerMonth,170,232.37294,449.42004,193977,194158,181
101,31,isLeapYear,161,160.2006,432.21456,194158,194338,180
101,31,isLeapYear,161,155.19564,426.98808,194338,194517,179
101,31,isLeapYear,161,156.83215,429.6608,194517,194587,70
101,0,blank,0,335.06696,611.08066,194659,194841,182
101,0,blank,0,330.53564,591.56456,194841,195025,184
101,0,blank,0,420.73194,581.2913,195025,195211,186
101,0,blank,0,444.38086,591.58294,195211,195400,189
101,0,blank,0,457.66925,580.69335,195400,195473,73
101,0,blank,0,315.44712,570.22068,195511,195697,186
101,0,blank,0,321.0544,572.22382,195697,195884,187
101,0,blank,0,325.43516,585.16642,195884,196072,188
101,37,||,209,326.8556,577.08686,196072,196261,189
101,0,blank,0,329.13086,583.26692,196261,196448,187
101,0,blank,0,325.89338,585.58908,196448,196635,187
101,0,blank,0,322.68948,572.48072,196635,196817,182
101,0,blank,0,339.77676,589.41192,196817,197001,184
101,0,blank,0,338.82476,585.06758,197001,197188,187
101,0,blank,0,339.74736,597.507,197188,197371,183
101,0,blank,0,340.86222,583.77792,197371,197554,183
101,0,blank,0,316.31978,581.40756,197554,197740,186
101,0,blank,0,297.78994,580.36894,197740,197924,184
101,37,month,212,373.61668,574.58192,197924,198119,195
101,0,blank,0,429.64168,587.82176,198119,198310,191
101,0,blank,0,428.5343,585.7215,198310,198347,37
101,38,29,218,171.19522,597.47336,198421,198602,181
101,38,days,216,123.50532,586.06284,198602,198778,176
101,37,isLeapYear,203,116.85828,573.31586,198778,198952,174
101,38,days,216,118.6999,581.4733,198952,198988,36
101,37,||,209,328.8622,569.73884,199058,199234,176
101,37,||,209,336.60784,570.3548,199234,199407,173
101,0,blank,0,416.44144,581.6236,199407,199578,171
101,0,blank,0,444.3376,583.52284,199578,199759,181
101,37,==,213,437.71512,560.129,199759,199945,186
101,0,blank,0,343.70358,575.6974,199945,200126,181
101,37,||,209,338.50718,572.3782,200126,200305,179
101,37,||,209,337.51276,570.85982,200305,200484,179
101,0,blank,0,341.60284,563.97338,200484,200665,181
101,0,blank,0,341.28564,579.17974,200665,200846,181
101,0,blank,0,338.48454,590.3226,200846,201026,180
101,0,blank,0,280.95822,590.12954,201026,201207,181
101,0,blank,0,236.35748,586.5113,201207,201387,180
101,0,blank,0,187.93398,587.01672,201387,201566,179
101,28,struct,152,184.87166,597.62684,201566,201750,184
101,28,struct,152,210.97505,599.87945,201750,201893,143
101,0,blank,0,412.46534,586.71132,201928,202106,178
101,0,blank,0,404.01818,588.70078,202106,202286,180
101,37,month,212,412.514675,571.6504,202286,202431,145
101,0,blank,0,393.4153,580.72175,202431,202615,184
101,0,blank,0,371.5742,588.2753,202615,202733,118
101,0,blank,0,254.44218,415.48446,202831,203016,185
101,0,blank,0,302.8754,374.69904,203016,203195,179
101,0,blank,0,297.66094,370.26636,203195,203371,176
101,0,blank,0,316.62365,385.8135,203371,203442,71
101,0,blank,0,413.25552,544.42502,203477,203659,182
101,37,==,213,448.67228,573.50778,203659,203843,184
101,0,blank,0,454.43184,586.00052,203843,204023,180
101,0,blank,0,-350,-105,204061,204239,178
101,0,blank,0,-350,-105,204239,204391,152
101,0,blank,0,253.986125,584.711975,204599,204780,181
101,0,blank,0,61.278,596.75265,204815,204885,70
101,37,isLeapYear,203,160.4608,564.5213,204919,205106,187
101,0,blank,0,197.26418,587.84978,205106,205289,183
101,34,31,184,173.3604,498.8152,205289,205360,71
101,37,isLeapYear,203,165.702775,560.423125,205397,205555,158
101,0,blank,0,184.5423,470.014675,205591,205764,173
101,0,blank,0,234.0346,405.35218,205800,205986,186
101,0,blank,0,210.42756,399.62618,205986,206165,179
101,30,;,159,171.5952,412.30064,206165,206350,185
101,31,isLeapYear,161,218.75716,442.55788,206350,206531,181
101,31,struct,163,243.70326,444.66582,206531,206721,190
101,0,blank,0,219.38024,417.30158,206721,206913,192
101,0,blank,0,185.75624,413.04354,206913,207100,187
101,30,days,158,135.11804,413.4326,207100,207296,196
101,30,days,158,138.44194,411.78516,207296,207479,183
101,0,blank,0,191.65924,402.57632,207479,207661,182
101,40,daysPerMonth,223,184.62186,633.58206,207697,207881,184
101,0,blank,0,206.26438,582.6251,207881,208061,180
101,28,numberOfDays,150,150.27388,600.7438,208061,208245,184
101,38,=,217,140.83034,594.50364,208245,208443,198
101,0,blank,0,180.28304,618.07018,208443,208639,196
101,0,blank,0,242.42112,618.2736,208639,208823,184
101,40,daysPerMonth,223,259.72558,631.82234,208823,209006,183
101,40,d,225,290.8343,643.41216,209006,209193,187
101,0,blank,0,302.59796,645.63162,209193,209374,181
101,0,blank,0,242.5551,620.24342,209374,209554,180
101,40,daysPerMonth,223,241.38676,624.54726,209554,209734,180
101,0,blank,0,277.36082,618.39864,209734,209916,182
101,32,daysPerMonth,170,179.56878,467.95474,209953,210137,184
101,32,daysPerMonth,170,242.4829,454.61852,210137,210314,177
101,32,12,172,275.89894,455.85962,210314,210492,178
101,32,=,174,323.35716,448.91436,210492,210670,178
101,0,blank,0,314.1627,500.2393,210670,210706,36
101,0,blank,0,339.29594,614.32998,210743,210928,185
101,0,blank,0,395.9219,614.39452,210928,211114,186
101,0,blank,0,366.38916,648.64588,211114,211302,188
101,0,blank,0,360.31912,641.77444,211302,211483,181
101,40,month,227,330.838866666667,634.861466666667,211483,211590,107
101,0,blank,0,149.73294,636.8457,211625,211809,184
101,0,blank,0,170.43036,606.90976,211809,211988,179
101,26,;,147,201.17656,565.9819,211988,212170,182
101,28,struct,152,201.4187,600.9886,212170,212252,82
101,40,;,231,408.0246,624.03578,212293,212479,186
101,0,blank,0,378.20398,628.922,212479,212667,188
101,40,month,227,314.53684,624.76036,212667,212851,184
101,41,days,233,141.98102,662.40564,212887,213070,183
101,30,days,158,144.38472,644.66366,213070,213254,184
101,40,daysPerMonth,223,174.71022,628.58068,213254,213449,195
101,38,=,217,134.755,583.0388,213449,213640,191
101,0,blank,0,130.2909,545.349125,213640,213830,190
101,37,isLeapYear,203,126.44502,557.17846,213830,214018,188
101,26,;,147,196.354725,572.398575,214018,214180,162
101,26,tomorrow,146,194.20668,563.78346,214180,214372,192
101,26,;,147,196.45008,555.06742,214372,214555,183
101,37,isLeapYear,203,185.94314,563.86904,214555,214740,185
101,34,31,184,170.3882,494.5316,214740,214925,185
101,0,blank,0,161.7053,403.18255,214925,215000,75
101,31,isLeapYear,161,162.6752,444.21098,215035,215219,184
101,31,isLeapYear,161,172.52192,440.5427,215219,215404,185
101,31,struct,163,243.55602,430.8351,215404,215588,184
101,0,blank,0,237.59418,420.17744,215588,215772,184
101,16,tomorrow,70,152.727925,347.532125,215772,215925,153
101,0,blank,0,155.894925,357.48545,215925,216115,190
101,28,struct,152,204.81164,360.84798,216115,216303,188
101,28,struct,152,228.54836,372.33096,216303,216500,197
101,0,blank,0,227.456175,355.79655,216500,216662,162
101,12,tomorrow,48,179.838275,260.3569,216662,216827,165
101,12,tomorrow,48,188.920966666667,252.6749,216827,216950,123
101,0,blank,0,203.828525,224.876475,217031,217199,168
101,0,blank,0,263.30302,223.77718,217199,217397,198
101,0,blank,0,319.244775,225.576825,217397,217555,158
101,0,blank,0,218.4804,83.3997,217594,217754,160
101,0,blank,0,225.90482,90.99506,217754,217952,198
101,0,blank,0,179.808425,-6.798225,217952,218119,167
101,0,blank,0,172.928575,-7.79865,218119,218281,162
101,0,blank,0,164.730075,-56.2308,218281,218443,162
101,0,blank,0,159.316925,-75.769075,218443,218608,165
101,0,blank,0,170.351975,-47.0237,218608,218779,171
101,0,blank,0,169.758075,-47.713025,218779,218954,175
101,0,blank,0,213.810725,-45.42435,218954,219118,164
101,0,blank,0,194.770925,-16.97795,219118,219282,164
101,2,>,15,179.172275,28.90805,219282,219444,162
101,12,tomorrow,48,220.42876,23.5596,219444,219642,198
101,1,tomorrow,6,303.52246,17.04732,219642,219837,195
101,1,tomorrow,6,316.415875,16.503575,219837,219998,161
101,1,s,7,339.458775,19.521475,219998,220158,160
101,1,date,8,357.99452,17.50696,220158,220357,199
101,0,blank,0,343.627033333333,-2.37026666666666,220357,220477,120
101,0,blank,0,205.687625,0.437725,220519,220679,160
101,12,tomorrow,48,179.96816,20.01392,220679,220875,196
101,12,tomorrow,48,170.39282,17.3628,220875,221067,192
101,13,struct,53,252.54296,31.73644,221067,221262,195
101,1,tomorrow,6,321.28584,13.10814,221262,221455,193
101,0,blank,0,376.27474,36.46136,221455,221647,192
101,0,blank,0,409.35864,39.38458,221647,221840,193
101,1,s,7,335.36856,22.37904,221840,222036,196
101,13,date,54,296.906125,29.10735,222036,222189,153
101,0,blank,0,164.0724,-8.67338,222227,222416,189
101,0,blank,0,206.24284,0.254999999999998,222416,222605,189
101,1,tomorrow,6,272.503666666667,7.67866666666667,222605,222718,113
101,37,isLeapYear,203,174.82685,563.9574,222794,222913,119
101,24,tomorrow,124,155.2617,519.2082,222913,223054,141
101,32,int,169,130.3795,457.4846,223054,223185,131
101,18,if,94,113.9547,395.2892,223185,223372,187
101,28,numberOfDays,150,127.65252,374.20136,223372,223550,178
101,18,today,96,158.14736,391.95666,223550,223729,179
101,30,days,158,137.2626,413.69886,223729,223906,177
101,31,isLeapYear,161,206.19094,436.8382,223906,224084,178
101,0,blank,0,225.49494,447.5917,224084,224265,181
101,31,isLeapYear,161,222.77506,439.00882,224265,224446,181
101,20,struct,106,225.09658,437.0498,224446,224631,185
101,0,blank,0,181.67018,420.32498,224631,224818,187
101,31,isLeapYear,161,141.8559,441.64218,224818,225005,187
101,31,struct,163,287.10558,426.9604,225042,225231,189
101,0,blank,0,340.35444,418.03894,225231,225416,185
101,0,blank,0,341.28915,400.9464,225416,225574,158
101,30,days,158,150.15454,415.54618,225611,225796,185
101,30,days,158,157.38218,416.18188,225796,225974,178
101,31,isLeapYear,161,189.91382,431.93122,225974,226158,184
101,32,daysPerMonth,170,177.72504,459.21754,226158,226337,179
101,31,isLeapYear,161,141.55965,444.20865,226337,226409,72
101,31,isLeapYear,161,136.7843,683.4189,226445,226521,76
101,41,days,233,143.341275,656.521325,226558,226710,152
101,32,daysPerMonth,170,162.19562,460.52732,226750,226942,192
101,32,daysPerMonth,170,160.42218,449.17778,226942,227126,184
101,31,isLeapYear,161,201.68996,436.49662,227126,227310,184
101,0,blank,0,239.3213,468.988,227310,227347,37
101,20,struct,106,225.94754,427.43916,227383,227568,185
101,31,isLeapYear,161,190.76244,439.19496,227568,227751,183
101,0,blank,0,224.93648,409.17588,227751,227934,183
101,20,struct,106,234.712375,431.925375,227934,228082,148
101,0,blank,0,389.79512,402.66828,228119,228306,187
101,0,blank,0,383.67288,417.27776,228306,228491,185
101,0,blank,0,174.36338,409.99516,228528,228716,188
101,31,isLeapYear,161,173.11446,436.54824,228716,228902,186
101,20,struct,106,229.62906,423.10208,228902,229093,191
101,0,blank,0,-350,-105,229131,229284,153
101,0,blank,0,143.47996,549.83284,229450,229620,170
101,0,blank,0,182.98092,578.73586,229620,229808,188
101,37,),215,228.98826,558.66914,229808,229986,178
101,37,==,213,250.966,576.84692,229986,230160,174
101,0,blank,0,223.19514,582.0013,230160,230334,174
101,37,isLeapYear,203,181.86754,573.38312,230334,230515,181
101,0,blank,0,183.85545,589.5065,230515,230585,70
101,31,isLeapYear,161,211.98484,440.50038,230620,230796,176
101,32,daysPerMonth,170,211.43396,448.96384,230796,230974,178
101,31,isLeapYear,161,218.9496,438.5781,230974,231009,35
101,20,tomorrow,103,115.0925,434.25546,231046,231223,177
101,0,blank,0,121.4136,415.7039,231223,231258,35
101,38,29,218,163.90404,595.96338,231293,231473,180
101,0,blank,0,252.9648,580.79124,231473,231651,178
101,0,blank,0,263.84274,582.34634,231651,231831,180
101,0,blank,0,258.1063,551.8148,231831,231904,73
101,20,date,107,311.37578,426.30388,231941,232124,183
101,31,struct,163,298.4225,444.6751,232124,232162,38
101,31,isLeapYear,161,144.6103,443.84234,232198,232377,179
101,35,30,196,164.49226,527.18386,232377,232560,183
101,38,;,219,174.625975,583.0054,232560,232702,142
101,0,blank,0,110.67138,656.41392,232738,232921,183
101,0,blank,0,118.72972,666.05988,232921,233113,192
101,40,days,221,111.09165,637.5472,233113,233271,158
101,40,=,222,143.9708,630.5771,233271,233470,199
101,31,isLeapYear,161,162.934325,663.94045,233470,233638,168
101,0,blank,0,200.000025,592.6012,233638,233798,160
101,37,d,210,215.0475,565.4417,233798,233960,162
101,0,blank,0,204.797525,547.4219,233960,234133,173
101,0,blank,0,186.0769,550.783175,234133,234294,161
101,24,tomorrow,124,157.68715,516.36845,234294,234454,160
101,35,31,198,207.005925,522.829325,234454,234628,174
101,0,blank,0,201.456175,536.23815,234628,234790,162
101,0,blank,0,286.38054,543.60942,234790,234984,194
101,0,blank,0,283.8782,540.55144,234984,235180,196
101,37,),215,227.4715,557.775075,235180,235338,158
101,0,blank,0,201.4363,552.12724,235338,235533,195
101,0,blank,0,198.17085,550.3262,235533,235610,77
101,31,isLeapYear,161,154.0802,436.89994,235649,235835,186
101,31,isLeapYear,161,184.0756,427.12976,235835,236029,194
101,0,blank,0,230.42925,402.87605,236029,236174,145
101,0,blank,0,287.96682,554.78818,236210,236390,180
101,0,blank,0,193.1851,553.31964,236390,236572,182
101,0,blank,0,186.9031,544.3253,236572,236608,36
101,0,blank,0,336.13702,539.05,236643,236840,197
101,0,blank,0,377.1479,536.53602,236840,237037,197
101,0,blank,0,410.92728,539.64576,237037,237233,196
101,24,today,139,409.96148,522.05516,237233,237431,198
101,0,blank,0,409.87164,551.31436,237431,237624,193
101,0,blank,0,376.36144,537.89976,237624,237819,195
101,0,blank,0,389.63242,550.34328,237819,238016,197
101,24,today,139,418.44004,521.65718,238016,238215,199
101,0,blank,0,382.776725,517.560625,238215,238376,161
101,0,blank,0,346.2092,532.44438,238376,238574,198
101,0,blank,0,390.425633333333,503.7504,238574,238691,117
101,37,month,212,404.175625,576.1509,238728,238892,164
101,0,blank,0,428.09628,566.9505,238892,239078,186
101,0,blank,0,414.25914,549.29484,239078,239265,187
101,0,blank,0,457.52128,578.39172,239265,239457,192
101,0,blank,0,492.4758,571.36228,239457,239643,186
101,0,blank,0,460.02004,587.25786,239643,239835,192
101,37,month,212,377.762075,568.666725,239835,239988,153
101,0,blank,0,182.41958,584.78208,240026,240220,194
101,37,isLeapYear,203,175.71324,574.55626,240220,240414,194
101,26,;,147,198.0465,567.212766666667,240414,240530,116
101,0,blank,0,412.47226,588.54154,240567,240755,188
101,0,blank,0,480.9476,556.74995,240755,240907,152
101,0,blank,0,-350,-105,240984,241175,191
101,0,blank,0,-350,-105,241175,241331,156
101,0,blank,0,-350,-105,241331,241401,70
101,37,),215,231.514725,570.10035,241465,241633,168
101,37,true,208,295.12322,575.15672,241633,241817,184
101,37,||,209,328.155175,571.5014,241817,241960,143
101,0,blank,0,204.79534,571.42198,241996,242174,178
101,0,blank,0,203.71176,564.26908,242174,242352,178
101,37,(,204,205.10698,575.17172,242352,242528,176
101,0,blank,0,206.82752,580.5497,242528,242701,173
101,0,blank,0,203.80916,578.5156,242701,242875,174
101,0,blank,0,240.50442,578.13118,242875,243052,177
101,0,blank,0,323.44606,549.80358,243052,243236,184
101,0,blank,0,203.7748,506.7269,243299,243424,125
101,35,31,198,215.598,531.1676,243424,243549,125
101,37,d,210,218.792933333333,559.391433333333,243549,243719,170
101,0,blank,0,203.47878,556.78768,243719,243909,190
101,37,isLeapYear,203,165.77206,565.09704,243909,244097,188
101,37,isLeapYear,203,166.81286,566.2651,244097,244285,188
101,37,isLeapYear,203,162.0181,570.3728,244285,244322,37
101,37,month,212,416.52946,573.38544,244361,244544,183
101,0,blank,0,427.93168,559.6507,244544,244726,182
101,0,blank,0,203.62996,563.52704,244762,244949,187
101,37,isLeapYear,203,189.64706,558.72094,244949,245136,187
101,37,isLeapYear,203,183.77298,557.98786,245136,245322,186
101,0,blank,0,177.31562,550.04944,245322,245511,189
101,0,blank,0,180.122433333333,549.436866666667,245511,245625,114
101,28,struct,152,184.98314,361.24906,245662,245851,189
101,26,tomorrow,146,188.686733333333,318.195233333333,245851,245963,112
101,18,today,96,152.8813,139.613325,246001,246167,166
101,18,today,96,158.08334,141.76394,246167,246355,188
101,13,numberOfDays,51,165.37302,31.1247,246394,246585,191
101,0,blank,0,175.8908,-9.72876,246585,246775,190
101,0,blank,0,203.47702,-42.7686,246775,246964,189
101,0,blank,0,274.72804,-36.0309,246964,247161,197
101,0,blank,0,341.882575,-27.293925,247201,247365,164
101,0,blank,0,316.207825,-1.05405,247365,247533,168
101,0,blank,0,270.446833333333,-34.8961333333333,247533,247653,120
101,0,blank,0,167.4339,-62.075375,247735,247915,180
101,0,blank,0,194.335025,-94.117525,247915,248096,181
101,0,blank,0,274.272225,-56.534025,248096,248271,175
101,0,blank,0,234.07385,-30.754775,248271,248439,168
101,0,blank,0,210.506533333333,-54.1733,248439,248561,122
101,0,blank,0,-350,-105,248604,248799,195
101,0,blank,0,-350,-105,248799,248926,127
101,0,blank,0,-350,-105,248926,249083,157
101,0,blank,0,-350,-105,249083,249148,65
101,0,blank,0,188.35608,618.31006,249269,249438,169
101,28,numberOfDays,150,158.37112,611.0391,249438,249614,176
101,40,daysPerMonth,223,157.53232,624.46442,249614,249788,174
101,28,numberOfDays,150,152.37836,616.5518,249788,249961,173
101,41,days,233,122.3254,651.85668,249961,250136,175
101,41,days,233,144.47998,658.04632,250136,250309,173
101,40,daysPerMonth,223,204.34422,632.82986,250309,250491,182
101,40,daysPerMonth,223,251.81156,629.29628,250491,250673,182
101,0,blank,0,276.20712,623.1539,250673,250858,185
101,0,blank,0,327.17775,616.10545,250858,251015,157
101,0,blank,0,354.84282,634.97594,251015,251207,192
101,0,blank,0,357.9219,656.22428,251207,251395,188
101,0,blank,0,356.3412,647.39614,251395,251584,189
101,0,blank,0,374.0901,637.84452,251584,251773,189
101,0,blank,0,424.71536,643.43478,251773,251961,188
101,0,blank,0,348.4871,653.91198,251961,252151,190
101,0,blank,0,273.40104,658.97656,252151,252337,186
101,0,blank,0,331.05186,655.62576,252337,252520,183
101,0,blank,0,372.48228,656.9298,252520,252708,188
101,31,date,164,350.96424,665.30042,252708,252894,186
101,0,blank,0,436.70996,586.37752,252894,253079,185
101,0,blank,0,461.72934,584.26498,253079,253263,184
101,0,blank,0,493.722725,578.027975,253263,253412,149
101,0,blank,0,234.1836,547.25726,253488,253672,184
101,0,blank,0,237.2554,548.2766,253672,253709,37
101,0,blank,0,440.08998,596.23598,253744,253926,182
101,0,blank,0,441.1059,595.30134,253926,254107,181
101,0,blank,0,448.9302,583.9379,254107,254143,36
101,40,daysPerMonth,223,168.0162,639.80698,254179,254363,184
101,40,daysPerMonth,223,176.32844,635.20958,254363,254547,184
101,41,days,233,137.42454,657.69146,254547,254734,187
101,41,days,233,142.42146,665.45254,254734,254914,180
101,31,isLeapYear,161,177.88714,676.24366,254914,255091,177
101,31,isLeapYear,161,204.16036,682.94598,255091,255271,180
101,40,daysPerMonth,223,246.5485,641.01336,255271,255450,179
101,40,daysPerMonth,223,260.3177,635.07992,255450,255628,178
101,0,blank,0,291.8427,650.22002,255628,255807,179
101,40,daysPerMonth,223,249.75894,635.86886,255807,255984,177
101,40,daysPerMonth,223,251.373,625.16886,255984,256160,176
101,34,30,186,218.85398,494.36636,256160,256335,175
101,0,blank,0,178.3895,485.531433333333,256335,256442,107
101,31,isLeapYear,161,206.2571,434.8196,256442,256672,230
101,0,blank,0,261.6907,406.96224,256672,256844,172
101,0,blank,0,255.94518,404.29364,256844,257027,183
101,31,struct,163,258.06918,437.52836,257027,257213,186
101,31,struct,163,262.54634,439.21248,257213,257394,181
101,31,struct,163,259.111,432.4861,257394,257579,185
101,20,struct,106,259.11718,423.76672,257579,257765,186
101,0,blank,0,416.2054,490.1215,257802,257841,39
101,0,blank,0,375.8698,640.331775,257961,258126,165
101,0,blank,0,351.1497,623.20024,258126,258320,194
101,31,date,164,343.8428,664.1907,258320,258360,40
101,0,blank,0,-350,-105,258440,258617,177
101,0,blank,0,-350,-105,258617,258755,138
101,0,blank,0,-350,-105,258755,258896,141
101,24,(,126,195.74484,514.9029,258923,259117,194
101,35,comma,197,185.6965,531.90796,259117,259307,190
101,35,comma,197,185.76682,527.91062,259307,259489,182
101,35,comma,197,187.743175,522.527225,259489,259640,151
101,0,blank,0,395.24852,646.39552,259679,259860,181
101,0,blank,0,449.34998,598.42304,259860,260037,177
101,0,blank,0,416.4526,605.03255,260037,260109,72
101,28,struct,152,183.72902,613.38936,260146,260331,185
101,0,blank,0,207.6768,620.2197,260331,260517,186
101,0,blank,0,176.2792,618.20118,260517,260712,195
101,0,blank,0,171.695166666667,607.022366666667,260712,260822,110
101,0,blank,0,403.55558,585.91996,260896,261076,180
101,0,blank,0,262.5737,585.4175,261076,261262,186
101,0,blank,0,261.01766,593.6136,261262,261439,177
101,0,blank,0,187.19136,584.76222,261439,261620,181
101,0,blank,0,213.34646,588.79498,261620,261800,180
101,37,==,213,248.15278,577.37254,261800,261981,181
101,0,blank,0,-350,-105,262018,262209,191
101,35,30,196,245.1306,532.9611,262248,262267,19
101,0,blank,0,367.52402,595.55602,262368,262558,190
101,0,blank,0,262.96814,586.518,262558,262740,182
101,0,blank,0,230.20638,591.566,262740,262917,177
101,0,blank,0,227.59814,578.18256,262917,263099,182
101,28,struct,152,193.31788,598.07924,263099,263279,180
101,41,;,234,156.55934,648.03946,263279,263458,179
101,0,blank,0,139.1546,696.86875,263458,263605,147
101,32,daysPerMonth,170,146.9625,703.33055,263605,263751,146
101,31,struct,163,279.55915,667.4786,263871,264058,187
101,0,blank,0,305.67155,690.732575,264058,264224,166
101,0,blank,0,311.3314,694.05075,264224,264302,78
101,40,daysPerMonth,223,173.18412,643.09388,264341,264540,199
101,40,daysPerMonth,223,171.2893,640.84226,264540,264725,185
101,0,blank,0,175.5125,661.5626,264725,264764,39
101,34,31,184,174.784975,503.786275,264801,264955,154
101,28,struct,152,200.1307,371.1268,264994,265034,40
101,0,blank,0,182.44255,545.854525,265072,265240,168
101,0,blank,0,181.94618,540.9572,265240,265422,182
101,0,blank,0,187.2402,416.8687,265422,265457,35
101,37,isLeapYear,203,142.11515,574.6948,265494,265577,83
101,34,28,178,143.69122,503.1924,265650,265821,171
101,0,blank,0,154.45678,468.34968,265821,265992,171
101,0,blank,0,243.68676,473.7102,265992,266168,176
101,32,daysPerMonth,170,219.2108,464.21488,266168,266339,171
101,37,isLeapYear,203,172.4906,562.21226,266339,266508,169
101,28,numberOfDays,150,149.332375,598.896925,266508,266641,133
101,28,numberOfDays,150,158.48208,613.22384,266707,266874,167
101,38,;,219,178.9536,588.1811,266874,267046,172
101,28,struct,152,213.66248,608.81842,267046,267218,172
101,31,isLeapYear,161,194.0783,673.29014,267218,267389,171
101,31,(,162,239.0648,675.40846,267389,267561,172
101,0,blank,0,265.983266666667,649.068766666667,267561,267673,112
101,0,blank,0,-350,-105,267711,267828,117
101,0,blank,0,188.516225,659.15355,268158,268343,185
101,0,blank,0,215.9998,652.66672,268343,268519,176
101,40,daysPerMonth,223,221.05128,629.87276,268519,268687,168
101,37,d,210,214.25206,575.11206,268687,268866,179
101,37,d,210,220.9474,568.5435,268866,268901,35
101,0,blank,0,180.75036,471.05702,268936,269111,175
101,0,blank,0,178.6513,478.33324,269111,269284,173
101,0,blank,0,124.1837,722.3816,269320,269433,113
102,56,"Entertoday'sdate(mmddyyyy):",311,125.19678,680.5293,269504,269675,171
102,0,blank,0,151.05262,614.11218,269675,269848,173
102,0,blank,0,146.2058,580.67015,269848,269915,67
102,55,thisDay,305,173.48016,659.55612,269952,270125,173
103,57,"%i%i%i",316,165.53354,604.63232,270194,270364,170
103,0,blank,0,216.92896,525.92206,270364,270533,169
103,55,nextDay,307,278.83016,561.15476,270533,270704,171
103,55,nextDay,307,285.23055,560.132233333333,270704,270902,198
103,0,blank,0,278.905483333333,554.962283333333,270902,271098,196
103,55,nextDay,307,280.684416666667,561.825066666667,271098,271296,198
103,55,nextDay,307,277.1882,563.75814,271296,271463,167
103,56,"Entertoday'sdate(mmddyyyy):",311,304.7151,581.2094,271463,271497,34
103,0,blank,0,786.05925,520.511,271565,271751,186
103,0,blank,0,786.783,535.9323,271751,271788,37
103,0,blank,0,896.0484,513.3449,271823,272004,181
103,0,blank,0,905.6556,527.29718,272004,272190,186
103,0,blank,0,913.0304,514.79516,272190,272374,184
103,0,blank,0,922.4832,494.63186,272374,272562,188
103,0,blank,0,920.5978,505.5388,272562,272747,185
103,0,blank,0,937.0808,511.63234,272747,272934,187
103,0,blank,0,940.428333333333,520.980733333333,272934,273048,114
103,56,"Entertoday'sdate(mmddyyyy):",311,234.703775,591.514025,273164,273320,156
103,58,nextDay,334,91.36455,624.33585,273359,273437,78
104,0,blank,0,231.92285,644.25235,274005,274077,72
105,0,blank,0,232.18982,598.94182,274219,274394,175
105,55,thisDay,305,200.14608,568.41882,274394,274571,177
105,55,thisDay,305,208.93184,569.4963,274571,274739,168
105,55,date,304,145.69952,562.42158,274739,274909,170
105,54,date,299,132.07756,542.98632,274909,275076,167
105,0,blank,0,149.07602,520.27928,275076,275252,176
105,0,blank,0,136.11865,478.523466666667,275252,275449,197
105,52,(,290,101.1526,491.580166666667,275449,275645,196
105,54,date,299,135.062333333333,533.962233333333,275645,275843,198
105,54,dateUpdate,296,180.557666666667,553.3181,275843,276040,197
105,55,comma,306,235.237233333333,561.998766666667,276040,276239,199
105,54,dateUpdate,296,244.957183333333,542.717383333333,276239,276437,198
105,55,nextDay,307,281.977883333333,572.68585,276437,276635,198
105,56,"Entertoday'sdate(mmddyyyy):",311,281.6513,579.848216666667,276635,276833,198
105,0,blank,0,347.946333333333,573.430683333333,276833,277032,199
105,54,date,299,361.61502,544.81684,277032,277199,167
105,0,blank,0,438.71852,566.2942,277199,277367,168
105,0,blank,0,437.372783333333,554.237466666667,277367,277564,197
105,0,blank,0,466.9777,557.49962,277564,277730,166
105,0,blank,0,457.5447,521.5089,277730,277764,34
105,0,blank,0,309.57158,522.3499,277797,277960,163
105,56,"Entertoday'sdate(mmddyyyy):",311,143.8768,580.989166666667,277993,278190,197
105,55,thisDay,305,163.84884,573.24198,278190,278361,171
105,55,thisDay,305,195.872,573.43488,278361,278531,170
105,54,dateUpdate,296,231.1435,552.6532,278531,278701,170
105,54,dateUpdate,296,240.55422,546.93458,278701,278869,168
105,0,blank,0,267.99844,549.9009,278869,279038,169
105,0,blank,0,264.65332,555.41668,279038,279206,168
105,0,blank,0,161.1135,536.28064,279206,279374,168
105,0,blank,0,125.28356,517.05462,279374,279541,167
105,52,void,291,115.936983333333,493.922483333333,279541,279739,198
105,52,(,290,102.47116,495.03688,279739,279913,174
105,47,leapYearFlag,275,109.659633333333,388.877,279913,280112,199
105,0,blank,0,110.735866666667,316.685316666667,280112,280310,198
105,45,leapYearFlag,245,129.187,345.95065,280310,280508,198
105,46,year,269,156.721883333333,363.92565,280508,280705,197
105,45,leapYearFlag,245,189.538466666667,337.424466666667,280705,280904,199
105,45,;,246,217.5904,351.34455,280904,281101,197
105,0,blank,0,229.775066666667,346.657766666667,281101,281300,199
105,45,leapYearFlag,245,184.725933333333,353.781683333333,281300,281496,196
105,46,year,269,157.9528,365.173833333333,281496,281692,196
105,0,blank,0,188.110433333333,372.577983333333,281692,281891,199
105,0,blank,0,228.10268,343.79978,281891,282058,167
105,0,blank,0,188.84818,374.522,282058,282230,172
105,45,leapYearFlag,245,169.13532,353.87404,282262,282435,173
105,45,leapYearFlag,245,146.99968,340.4056,282435,282601,166
105,0,blank,0,142.0878,333.7691,282601,282635,34
105,43,date,240,265.26206,300.53994,282669,282839,170
105,0,blank,0,301.97694,262.57378,282839,283010,171
105,46,==,272,223.25364,365.45608,283043,283214,171
105,45,;,246,220.71056,344.87898,283214,283383,169
105,0,blank,0,206.73124,360.14516,283383,283553,170
105,46,==,272,229.32434,372.46284,283553,283725,172
105,46,&&,257,277.77398,365.53202,283725,283894,169
105,0,blank,0,316.499725,332.604425,283894,284050,156
105,0,blank,0,307.5042,355.1717,284050,284130,80
105,0,blank,0,303.2281,331.3032,284130,284259,129
105,0,blank,0,383.18645,301.3957,284259,284437,178
105,0,blank,0,385.5801,340.6526,284437,284586,149
105,37,month,212,423.8797,159.86,284621,284656,35
105,0,blank,0,423.3105,246.341,284691,284768,77
105,0,blank,0,315.3032,326.66512,284806,284995,189
105,0,blank,0,316.69988,324.97002,284995,285170,175
105,0,blank,0,330.08714,330.09046,285170,285348,178
105,46,!=,263,436.57646,374.30642,285384,285564,180
105,0,blank,0,435.9809,394.85028,285564,285737,173
105,0,blank,0,422.30032,385.03716,285737,285909,172
105,0,blank,0,480.31362,388.9254,285909,286076,167
105,0,blank,0,478.72972,399.25,286076,286247,171
105,0,blank,0,457.5685,381.60028,286247,286420,173
105,46,!=,263,437.88105,376.582925,286420,286555,135
105,47,true,277,256.89502,380.17584,286590,286761,171
105,46,&&,257,275.93552,364.75336,286761,286928,167
105,0,blank,0,295.08808,379.13506,286928,287098,170
105,47,leapYearFlag,275,190.5119,386.45792,287098,287267,169
105,47,leapYearFlag,275,181.19412,382.51904,287267,287434,167
105,47,true,277,249.168916666667,393.204816666667,287434,287632,198
105,46,.,268,308.4654,377.70604,287632,287799,167
105,46,%,270,368.87412,364.9722,287799,287969,170
105,0,blank,0,433.01478,383.78094,287969,288137,168
105,0,blank,0,456.97396,381.70772,288137,288304,167
105,0,blank,0,480.37388,383.8763,288304,288472,168
105,0,blank,0,493.58504,378.71698,288472,288642,170
105,0,blank,0,528.71556,397.31772,288642,288810,168
105,0,blank,0,571.86694,389.2461,288810,288978,168
105,0,blank,0,612.74854,392.71036,288978,289149,171
105,46,year,269,534.9002,359.906075,289183,289322,139
105,0,blank,0,423.86942,366.13716,289355,289525,170
105,46,||,266,494.6917,376.75638,289525,289695,170
105,0,blank,0,516.14792,389.56436,289695,289864,169
105,46,year,269,567.55342,377.25364,289864,290033,169
105,46,year,269,567.855,375.1565,290033,290200,167
105,46,year,269,572.15764,377.97458,290200,290370,170
105,46,year,269,560.3323,362.86985,290370,290439,69
105,46,100,262,406.64196,362.05578,290473,290646,173
105,46,year,269,336.30152,362.4925,290646,290813,167
105,0,blank,0,314.89925,312.07925,290813,290881,68
105,46,year,269,321.77742,374.3255,290915,291084,169
105,0,blank,0,313.6131,355.80386,291084,291252,168
105,46,year,269,312.621766666667,359.149866666667,291252,291357,105
105,46,year,269,533.24742,377.23218,291391,291565,174
105,46,year,269,535.03296,368.16996,291565,291740,175
105,46,.,268,529.0157,360.8412,291740,291914,174
105,46,year,269,535.19512,375.14512,291914,292090,176
105,0,blank,0,543.386466666667,355.083466666667,292090,292198,108
105,0,blank,0,554.2361,347.83,292233,292416,183
105,0,blank,0,600.6107,361.639,292416,292530,114
105,0,blank,0,69.4754,376.83562,292640,292820,180
105,0,blank,0,81.7032,389.73908,292820,292990,170
105,46,year,269,122.41674,365.12506,292990,293163,173
105,43,isLeapYear,237,141.05164,302.08464,293163,293336,173
105,0,blank,0,148.3879,226.4158,293336,293372,36
105,0,blank,0,109.47074,378.6545,293409,293589,180
105,0,blank,0,207.55652,372.95822,293589,293757,168
105,0,blank,0,210.03476,385.35952,293757,293925,168
105,49,leapYearFlag,280,197.96466,428.38342,293925,294099,174
105,49,leapYearFlag,280,134.70892,437.29346,294099,294266,167
105,0,blank,0,91.46674,410.96816,294266,294432,166
105,48,else,279,43.41592,414.78484,294432,294600,168
105,0,blank,0,31.04662,436.42558,294600,294774,174
105,0,blank,0,167.48832,358.42944,294807,294978,171
105,0,blank,0,182.2344,334.0162,294978,295086,108
105,0,blank,0,232.4016,387.97566,295123,295301,178
105,46,0,273,244.35164,367.64698,295301,295486,185
105,49,;,283,284.97616,430.38614,295486,295659,173
105,0,blank,0,232.9505,439.659266666667,295659,295858,199
105,49,leapYearFlag,280,164.79416,430.08946,295858,296025,167
105,50,leapYearFlag,285,124.482333333333,459.1813,296025,296224,199
105,47,leapYearFlag,275,122.90848,389.82062,296224,296399,175
105,0,blank,0,166.478416666667,379.127566666667,296399,296592,193
105,46,==,272,228.78795,365.554016666667,296592,296786,194
105,46,&&,257,277.483983333333,366.70305,296786,296981,195
105,46,d,267,303.84304,370.1532,296981,297144,163
105,46,100,262,405.571216666667,377.748566666667,297176,297372,196
105,0,blank,0,412.7871,378.5962,297372,297405,33
105,0,blank,0,631.47962,394.65498,297438,297606,168
105,46,400,271,632.20042,375.30534,297606,297776,170
105,0,blank,0,635.84416,373.57958,297776,297946,170
105,0,blank,0,-350,-105,298015,298049,34
105,0,blank,0,424.23175,373.27135,298236,298312,76
105,47,leapYearFlag,275,197.38256,387.0679,298344,298510,166
105,47,leapYearFlag,275,150.27058,384.44486,298510,298677,167
105,47,leapYearFlag,275,111.6796,381.1558,298677,298845,168
105,0,blank,0,75.25578,382.74402,298845,299012,167
105,46,(,249,98.1051,368.71095,299012,299078,66
105,0,blank,0,368.091466666667,384.830616666667,299111,299310,199
105,46,100,262,407.876583333333,369.998833333333,299310,299504,194
105,0,blank,0,483.8032,366.184916666667,299504,299700,196
105,46,||,266,497.0134,362.6787,299700,299797,97
105,0,blank,0,84.9305166666667,403.760566666667,299896,300093,197
105,0,blank,0,96.00116,406.27512,300093,300263,170
105,0,blank,0,181.97114,415.19782,300263,300430,167
105,50,return,284,57.6977166666667,460.42435,300430,300629,199
105,0,blank,0,38.79632,466.05246,300629,300795,166
105,50,leapYearFlag,285,128.95556,456.91006,300795,300972,177
105,0,blank,0,215.17682,445.44798,300972,301148,176
105,0,blank,0,210.538525,418.963025,301148,301288,140
105,52,void,291,109.18948,491.36,301323,301500,177
105,0,blank,0,112.66636,408.83782,301500,301679,179
105,0,blank,0,163.88042,473.78168,301679,301857,178
105,0,blank,0,165.17944,479.0672,301857,302032,175
105,0,blank,0,178.5824,379.5481,302032,302069,37
105,0,blank,0,157.141466666667,495.194633333333,302105,302211,106
105,0,blank,0,141.882133333333,471.963166666667,302246,302353,107
105,0,blank,0,147.7414,473.64848,302424,302600,176
105,0,blank,0,202.45172,519.93978,302600,302773,173
105,49,leapYearFlag,280,195.5908,435.5102,302773,302846,73
105,0,blank,0,269.052666666667,506.884,302879,303077,198
105,0,blank,0,267.93044,525.06328,303077,303253,176
105,54,struct,298,335.63948,535.30492,303318,303493,175
105,0,blank,0,374.5768,564.59398,303493,303662,169
105,54,date,299,374.4562,534.1433,303662,303695,33
105,54,dateUpdate,296,194.69158,543.2223,303729,303901,172
105,0,blank,0,194.7232,521.07602,303901,304072,171
105,0,blank,0,253.14436,530.6666,304072,304244,172
105,0,blank,0,252.76396,568.81834,304244,304420,176
105,56,"Entertoday'sdate(mmddyyyy):",311,201.55465,579.02615,304420,304609,189
105,0,blank,0,172.0312,473.5695,304609,304736,127
105,0,blank,0,132.652,521.7185,304736,304920,184
105,54,date,299,135.8965,552.7211,304920,304956,36
105,56,"Entertoday'sdate(mmddyyyy):",311,378.90558,583.72822,304990,305159,169
105,0,blank,0,378.68302,574.60264,305159,305327,168
105,56,"Entertoday'sdate(mmddyyyy):",311,435.52508,593.6566,305327,305495,168
105,56,"Entertoday'sdate(mmddyyyy):",311,439.14036,585.07858,305495,305663,168
105,56,"Entertoday'sdate(mmddyyyy):",311,382.6509,588.4505,305663,305697,34
105,55,comma,306,234.06432,559.1036,305730,305897,167
105,0,blank,0,190.295816666667,514.2918,305897,306096,199
105,0,blank,0,180.673,520.77875,306096,306231,135
105,0,blank,0,395.300183333333,562.923666666667,306266,306465,199
105,56,"Entertoday'sdate(mmddyyyy):",311,404.787033333333,579.7102,306465,306565,100
105,54,dateUpdate,296,184.7042,549.98642,306599,306772,173
105,54,dateUpdate,296,181.3118,549.59285,306772,306841,69
105,0,blank,0,500.89808,476.26296,306876,307057,181
105,0,blank,0,459.0208,561.4578,307057,307237,180
105,0,blank,0,498.5648,575.88766,307237,307404,167
105,0,blank,0,399.57402,557.48308,307404,307569,165
105,0,blank,0,377.3198,570.7458,307569,307736,167
105,54,dateUpdate,296,213.8013,545.124716666667,307769,307967,198
105,55,thisDay,305,216.8116,557.30666,307967,308132,165
105,54,date,299,140.30945,534.185816666667,308197,308396,199
105,0,blank,0,369.83526,506.66818,308429,308597,168
105,0,blank,0,363.85552,508.08328,308597,308768,171
105,0,blank,0,431.68054,518.19174,308768,308938,170
105,0,blank,0,426.91038,560.8609,308938,309108,170
105,0,blank,0,393.328883333333,560.8373,309108,309306,198
105,0,blank,0,368.240766666667,554.514683333333,309306,309501,195
105,56,"Entertoday'sdate(mmddyyyy):",311,391.7765,577.89845,309501,309700,199
105,56,"Entertoday'sdate(mmddyyyy):",311,468.301483333333,578.808566666667,309700,309898,198
105,0,blank,0,423.355933333333,562.75005,309898,310097,199
105,54,date,299,370.50148,543.96938,310097,310263,166
105,0,blank,0,352.891633333333,532.422066666667,310263,310368,105
105,54,dateUpdate,296,191.44584,543.49666,310402,310572,170
105,55,thisDay,305,171.49662,558.56952,310572,310739,167
105,0,blank,0,131.4597,554.47956,310739,310908,169
105,0,blank,0,145.27432,525.6196,310908,311076,168
105,54,dateUpdate,296,212.15312,545.12374,311076,311244,168
105,54,dateUpdate,296,226.191966666667,549.036716666667,311244,311443,199
105,54,dateUpdate,296,248.350433333333,551.4382,311443,311642,199
105,55,thisDay,305,180.93666,568.51436,311642,311810,168
105,0,blank,0,184.94196,526.79634,311810,311975,165
105,55,thisDay,305,176.09914,558.23112,311975,312143,168
105,54,date,299,147.85845,537.137175,312143,312277,134
105,0,blank,0,257.1379,505.45262,312347,312521,174
105,0,blank,0,274.08362,529.49218,312521,312692,171
105,0,blank,0,335.43602,506.60144,312692,312866,174
105,0,blank,0,257.3306,526.85904,312866,313042,176
105,0,blank,0,240.27498,528.9636,313042,313214,172
105,0,blank,0,242.41154,528.23152,313214,313386,172
105,0,blank,0,162.24092,526.63386,313421,313595,174
105,0,blank,0,168.59054,529.853,313595,313766,171
105,55,thisDay,305,177.63196,568.3201,313766,313937,171
105,55,thisDay,305,223.64218,557.09366,313937,314105,168
105,0,blank,0,209.6109,554.85954,314105,314273,168
105,55,thisDay,305,165.2896,560.33148,314273,314445,172
105,0,blank,0,194.25766,522.84868,314445,314612,167
105,54,dateUpdate,296,222.02996,543.18688,314612,314786,174
105,54,dateUpdate,296,177.48592,548.27496,314786,314958,172
105,0,blank,0,188.44006,531.80122,314958,315132,174
105,54,dateUpdate,296,235.92176,546.85888,315132,315307,175
105,0,blank,0,250.00312,563.86776,315307,315477,170
105,54,dateUpdate,296,242.73454,536.02954,315477,315645,168
105,56,"Entertoday'sdate(mmddyyyy):",311,160.22932,580.28516,315645,315817,172
105,56,"Entertoday'sdate(mmddyyyy):",311,179.6654,586.087216666667,315817,316016,199
105,55,thisDay,305,204.73374,569.38188,316016,316184,168
105,56,"Entertoday'sdate(mmddyyyy):",311,225.44944,583.12864,316184,316353,169
105,54,dateUpdate,296,213.54214,546.92664,316353,316520,167
105,55,thisDay,305,185.17732,556.7239,316520,316687,167
105,0,blank,0,189.02055,576.61545,316687,316753,66
105,0,blank,0,-350,-105,316821,316982,161
105,0,blank,0,-350,-105,316982,317032,50
105,55,nextDay,307,301.085016666667,570.059383333333,317063,317257,194
105,57,month,321,333.528733333333,602.5079,317257,317450,193
105,57,month,321,333.0295,607.4915,317450,317482,32
105,57,"%i%i%i",316,160.517733333333,603.53455,317515,317708,193
105,58,dateUpdate,336,151.15385,623.564816666667,317708,317907,199
105,0,blank,0,243.418866666667,571.39085,317907,318103,196
105,0,blank,0,295.283183333333,555.032633333333,318103,318302,199
105,56,"Entertoday'sdate(mmddyyyy):",311,341.46425,587.0696,318302,318501,199
105,0,blank,0,342.6599,571.38384,318501,318665,164
105,0,blank,0,327.137733333333,512.7411,318665,318772,107
105,0,blank,0,216.96386,606.94788,318806,318984,178
105,57,"%i%i%i",316,165.086666666667,606.922433333333,318984,319183,199
105,58,=,335,131.795383333333,628.1366,319183,319381,198
105,56,"Entertoday'sdate(mmddyyyy):",311,214.35946,581.10814,319381,319550,169
105,57,thisDay,329,284.1639,618.61584,319550,319721,171
105,58,thisDay,338,300.331,629.829216666667,319721,319919,198
105,58,thisDay,338,328.16914,628.18308,319919,320117,198
105,57,comma,327,370.290783333333,601.36455,320117,320314,197
105,0,blank,0,445.8935,620.73526,320314,320490,176
105,0,blank,0,456.13874,630.48012,320490,320657,167
105,0,blank,0,467.45128,637.62988,320657,320824,167
105,0,blank,0,483.7234,628.39135,320824,320891,67
105,56,"Entertoday'sdate(mmddyyyy):",311,248.43186,580.36032,320925,321096,171
105,55,comma,306,239.075075,559.0592,321096,321275,179
105,56,"Entertoday'sdate(mmddyyyy):",311,255.95798,587.41926,321275,321447,172
105,55,thisDay,305,230.27642,558.19022,321447,321620,173
105,54,dateUpdate,296,170.90582,546.4659,321620,321793,173
105,54,dateUpdate,296,203.40475,548.0715,321793,321962,169
105,0,blank,0,212.0569,401.2206,321962,321999,37
105,55,thisDay,305,229.45728,559.56766,322033,322218,185
105,55,nextDay,307,323.72354,565.70152,322218,322391,173
105,56,"Entertoday'sdate(mmddyyyy):",311,335.22732,587.734,322391,322565,174
105,56,"Entertoday'sdate(mmddyyyy):",311,426.8121,591.8953,322565,322600,35
105,0,blank,0,555.37328,636.1889,322634,322808,174
105,0,blank,0,486.6931,634.9353,322808,322843,35
105,56,"Entertoday'sdate(mmddyyyy):",311,333.8342,592.90256,322877,323056,179
105,0,blank,0,342.76882,598.85458,323056,323233,177
105,0,blank,0,499.04584,630.58598,323268,323445,177
105,0,blank,0,604.13772,641.12996,323445,323622,177
105,57,comma,327,505.3809,617.1427,323622,323658,36
105,59,printf,341,78.8432333333333,655.406433333333,323732,323839,107
105,58,dateUpdate,336,146.0817,621.1619,323874,323990,116
105,58,dateUpdate,336,146.30285,633.07755,323990,324137,147
105,58,dateUpdate,336,228.42306,630.17892,324213,324388,175
105,0,blank,0,235.3184,642.3178,324388,324423,35
105,0,blank,0,197.0509,515.1412,324460,324493,33
105,58,thisDay,338,303.6772,630.62745,324533,324719,186
105,58,),339,336.834666666667,637.595333333333,324719,324847,128
105,0,blank,0,329.3142,665.7413,324847,324975,128
105,54,dateUpdate,296,171.877933333333,547.848133333333,325104,325283,179
105,57,"%i%i%i",316,172.2378,613.0646,325283,325321,38
105,0,blank,0,188.09786,598.14112,325405,325595,190
105,0,blank,0,254.0813,631.109975,325595,325779,184
105,57,thisDay,329,249.177625,618.0954,325779,325961,182
105,59,"Tomorrow'sdateis%i/%i/%.2i.\n",343,254.5424,648.5053,325961,325996,35
105,0,blank,0,191.574175,518.24735,326034,326190,156
105,0,blank,0,177.07,493.675033333333,326227,326351,124
105,54,date,299,143.26702,540.80576,326386,326565,179
105,0,blank,0,287.73506,528.34918,326600,326781,181
105,0,blank,0,246.29186,514.9412,326781,326959,178
105,0,blank,0,209.5545,508.55428,326959,327134,175
105,0,blank,0,190.54952,527.4171,327134,327310,176
105,0,blank,0,187.82404,528.2208,327310,327489,179
105,0,blank,0,196.064033333333,512.0563,327489,327595,106
105,0,blank,0,445.84402,564.55144,327629,327806,177
105,0,blank,0,418.149466666667,576.7697,327806,327911,105
105,0,blank,0,160.97652,526.10846,327945,328123,178
105,0,blank,0,160.45724,502.36206,328123,328304,181
105,0,blank,0,158.77382,522.24066,328304,328483,179
105,0,blank,0,160.78228,513.40404,328483,328660,177
105,0,blank,0,162.22776,525.1921,328660,328838,178
105,0,blank,0,165.73086,526.83386,328838,329016,178
105,0,blank,0,224.18342,512.21474,329052,329228,176
105,0,blank,0,221.571,528.83524,329228,329405,177
105,0,blank,0,188.82842,525.37326,329405,329583,178
105,0,blank,0,210.56322,498.25888,329583,329757,174
105,0,blank,0,264.77906,529.98504,329757,329936,179
105,55,nextDay,307,274.7495,565.5714,329936,329971,35
105,0,blank,0,440.45226,571.7265,330006,330180,174
105,54,date,299,368.44048,543.10684,330180,330353,173
105,0,blank,0,386.39692,531.23958,330353,330528,175
105,54,today,300,444.2299,553.91372,330528,330700,172
105,0,blank,0,445.166,560.2086,330700,330873,173
105,0,blank,0,397.0541,542.8315,330873,330907,34
105,0,blank,0,215.17868,525.21216,330942,331112,170
105,54,dateUpdate,296,186.35224,542.58242,331112,331281,169
105,54,date,299,147.66854,543.1473,331281,331455,174
105,0,blank,0,160.31354,514.14952,331455,331627,172
105,0,blank,0,192.61164,504.29932,331627,331802,175
105,0,blank,0,202.1918,527.5023,331802,331905,103
105,54,date,299,379.5562,544.85414,331982,332159,177
105,0,blank,0,398.21516,536.6296,332159,332334,175
105,54,today,300,436.75276,551.75786,332334,332511,177
105,0,blank,0,428.21878,558.00818,332511,332686,175
105,0,blank,0,434.77304,563.44128,332686,332860,174
105,54,date,299,390.2335,546.6391,332860,332897,37
105,0,blank,0,235.20684,519.39774,332932,333109,177
105,54,dateUpdate,296,246.74372,535.1918,333109,333285,176
105,0,blank,0,267.13514,541.50566,333285,333461,176
105,0,blank,0,274.5435,519.2463,333461,333496,35
105,54,date,299,147.93744,546.31598,333533,333718,185
105,55,thisDay,305,181.95014,561.71648,333718,333888,170
105,54,dateUpdate,296,215.076175,534.551775,333888,334023,135
105,55,nextDay,307,274.09668,559.10038,334056,334223,167
105,55,nextDay,307,308.559533333333,571.905816666667,334223,334422,199
105,56,"Entertoday'sdate(mmddyyyy):",311,316.5036,592.9131,334422,334557,135
105,56,"Entertoday'sdate(mmddyyyy):",311,154.01355,588.5742,334591,334789,198
105,58,dateUpdate,336,180.22324,623.6376,334789,334963,174
105,57,thisDay,329,239.6026,615.7278,334963,335137,174
105,57,thisDay,329,242.58324,602.4886,335137,335314,177
105,57,month,321,332.624075,613.17525,335314,335492,178
105,0,blank,0,332.9091,668.7789,335492,335526,34
105,0,blank,0,339.9282,642.7028,335594,335627,33
105,54,dateUpdate,296,174.320166666667,537.948266666667,335694,335801,107
105,55,thisDay,305,188.64182,573.78798,335835,336014,179
105,54,dateUpdate,296,254.40638,543.74984,336014,336181,167
105,54,dateUpdate,296,261.82428,547.87706,336181,336348,167
105,55,nextDay,307,254.6457,558.69458,336348,336517,169
105,56,"Entertoday'sdate(mmddyyyy):",311,274.19218,587.42342,336517,336698,181
105,57,month,321,347.45018,619.2965,336698,336890,192
105,57,month,321,344.3846,600.7261,336890,336925,35
105,57,"%i%i%i",316,174.755275,600.255475,336959,337102,143
105,58,dateUpdate,336,143.8243,639.2926,337176,337348,172
105,58,thisDay,338,273.58806,623.95336,337383,337561,178
105,0,blank,0,278.9083,504.8062,337561,337596,35
105,56,"Entertoday'sdate(mmddyyyy):",311,405.262133333333,592.452166666667,337631,337741,110
105,57,thisDay,329,406.4257,614.8992,337781,337821,40
105,0,blank,0,610.0211,676.4584,337862,337897,35
105,0,blank,0,483.436,664.87175,337933,338104,171
105,59,comma,352,471.547975,661.7147,338104,338237,133
105,59,nextDay,353,683.566,660.18768,338271,338441,170
105,0,blank,0,723.175,676.12518,338441,338611,170
105,0,blank,0,755.5746,669.7651,338611,338783,172
105,0,blank,0,801.2746,678.0896,338783,338954,171
105,0,blank,0,570.16152,669.3745,339022,339196,174
105,0,blank,0,596.79766,677.07064,339196,339376,180
105,59,nextDay,353,632.14568,650.57866,339376,339559,183
105,59,nextDay,353,539.21214,657.0043,339559,339746,187
105,0,blank,0,495.4328,538.7299,339746,339782,36
105,0,blank,0,492.28574,623.2218,339818,340006,188
105,0,blank,0,371.3617,566.10288,340006,340198,192
105,54,struct,298,295.235025,547.553525,340198,340360,162
105,54,dateUpdate,296,206.682425,540.858425,340440,340604,164
105,55,nextDay,307,274.7927,569.732925,340604,340767,163
105,0,blank,0,251.9469,485.024,340807,340847,40
105,58,dateUpdate,336,152.12918,636.5285,340887,341079,192
105,0,blank,0,140.3572,629.4029,341079,341150,71
105,59,"Tomorrow'sdateis%i/%i/%.2i.\n",343,442.03622,652.1701,341255,341453,198
105,59,"Tomorrow'sdateis%i/%i/%.2i.\n",343,425.67096,659.8542,341453,341626,173
105,57,"%i%i%i",316,181.8272,619.0476,341661,341833,172
105,0,blank,0,122.07734,630.11994,341833,342010,177
105,58,nextDay,334,109.5192,634.86494,342010,342187,177
105,59,printf,341,60.55135,643.562125,342187,342327,140
105,57,"%i%i%i",316,141.5871,603.8223,342363,342436,73
105,56,"Entertoday'sdate(mmddyyyy):",311,325.69366,579.43868,342470,342650,180
105,56,"Entertoday'sdate(mmddyyyy):",311,328.17942,596.95402,342650,342833,183
105,0,blank,0,332.66562,571.7877,342833,343016,183
105,57,thisDay,329,281.90214,611.92364,343016,343206,190
105,56,"Entertoday'sdate(mmddyyyy):",311,251.7257,594.336675,343206,343352,146
105,56,"Entertoday'sdate(mmddyyyy):",311,391.79476,594.20398,343388,343576,188
105,59,"Tomorrow'sdateis%i/%i/%.2i.\n",343,391.85766,656.41572,343576,343775,199
105,0,blank,0,566.79252,677.96048,343810,343986,176
105,0,blank,0,603.38988,690.87908,343986,344159,173
105,0,blank,0,529.64828,670.2887,344193,344374,181
105,0,blank,0,599.5756,668.7406,344374,344550,176
105,0,blank,0,600.373166666667,665.572,344550,344655,105
105,0,blank,0,627.34084,684.4814,344689,344862,173
105,59,nextDay,353,633.15496,658.5773,344862,345040,178
105,0,blank,0,648.7237,684.5037,345040,345108,68
105,0,blank,0,454.37585,678.8018,345143,345241,98
105,56,"Entertoday'sdate(mmddyyyy):",311,173.719,597.4052,345374,345504,130
105,58,dateUpdate,336,172.46005,630.961,345504,345650,146
105,57,thisDay,329,427.26845,610.878625,345687,345866,179
105,0,blank,0,416.18036,620.19932,345866,346061,195
105,57,thisDay,329,397.3054,611.6664,346061,346096,35
105,58,dateUpdate,336,171.63162,636.25518,346132,346305,173
105,0,blank,0,122.98534,638.72756,346305,346477,172
105,59,"Tomorrow'sdateis%i/%i/%.2i.\n",343,148.84036,644.667,346477,346655,178
105,59,"Tomorrow'sdateis%i/%i/%.2i.\n",343,187.719525,643.464725,346655,346830,175
105,57,thisDay,329,241.39184,608.04654,346830,347006,176
105,57,thisDay,329,250.209133333333,617.130333333333,347006,347112,106
105,0,blank,0,597.21705,684.444775,347147,347289,142
105,0,blank,0,721.2648,689.35832,347358,347537,179
105,0,blank,0,745.58,704.62982,347537,347714,177
105,0,blank,0,792.6948,690.15262,347714,347894,180
105,0,blank,0,744.959,702.99335,347894,347964,70
105,0,blank,0,120.06616,706.24736,348036,348220,184
105,0,blank,0,152.823175,715.22175,348220,348361,141
105,0,blank,0,897.118,559.17046,348468,348652,184
105,0,blank,0,918.364,557.61732,348652,348833,181
105,0,blank,0,918.935,575.94116,348833,349009,176
105,0,blank,0,928.5412,573.08952,349009,349184,175
105,0,blank,0,922.411,577.76658,349184,349361,177
105,0,blank,0,848.045,589.9808,349361,349398,37
105,57,thisDay,329,284.18576,606.71108,349471,349647,176
105,0,blank,0,98.44014,612.83788,349684,349862,178
105,57,scanf,314,86.5751,608.58895,349862,350003,141
105,0,blank,0,155.31196,142.79804,350372,350565,193
105,37,isLeapYear,203,170.33408,179.0782,350565,350739,174
105,0,blank,0,203.0502,170.425025,350739,350876,137
106,0,blank,0,246.4364,376.4371,352418,352571,153
106,18,month,98,204.626166666667,382.610166666667,352571,352721,150
106,18,month,98,226.99235,392.0439,352721,352864,143
106,0,blank,0,233.9793,409.48685,352864,352969,105
106,20,comma,113,394.80406,432.04246,353019,353205,186
106,0,blank,0,385.9868,462.6066,353205,353238,33
106,0,blank,0,-350,-105,353272,353382,110
106,0,blank,0,332.0211,427.924783333333,353435,353626,191
106,0,blank,0,139.62284,449.22358,353659,353834,175
106,20,tomorrow,103,86.8977,436.01056,353834,354006,172
106,20,tomorrow,103,84.7543,434.86418,354006,354177,171
106,20,tomorrow,103,85.1205333333333,437.959066666667,354177,354277,100
106,20,date,107,284.4587,437.72606,354310,354482,172
106,20,1,118,359.5405,438.16912,354482,354657,175
106,20,1,118,363.5469,436.33408,354657,354824,167
106,0,blank,0,348.467866666667,427.302566666667,354824,354924,100
106,16,=,71,183.1572,338.981166666667,354958,355157,199
106,0,blank,0,106.723483333333,318.76815,355157,355356,199
106,13,numberOfDays,51,100.81565,273.780183333333,355356,355554,198
106,13,numberOfDays,51,97.3659666666667,274.97025,355554,355752,198
106,0,blank,0,76.9689666666666,279.546233333333,355752,355850,98
106,13,struct,53,224.366266666667,271.604566666667,355882,356081,199
106,13,struct,53,231.634516666667,275.61265,356081,356277,196
106,13,struct,53,260.900766666667,281.593766666667,356277,356475,198
106,14,today,66,138.05234,290.62332,356475,356641,166
106,0,blank,0,110.76395,288.246216666667,356641,356837,196
106,13,numberOfDays,51,102.302233333333,274.52545,356837,357033,196
106,13,numberOfDays,51,126.2098,277.8134,357033,357231,198
106,13,numberOfDays,51,150.56665,280.890216666667,357231,357430,199
106,13,numberOfDays,51,122.670816666667,287.792233333333,357430,357629,199
106,14,today,66,104.3168,296.45408,357629,357796,167
106,14,day,62,180.8555,301.40192,357796,357964,168
106,14,day,62,179.35766,307.6404,357964,358130,166
106,14,today,66,134.4004,297.21385,358130,358329,199
106,14,today,66,134.4729,292.178883333333,358329,358527,198
106,14,today,66,140.46605,299.323583333333,358527,358724,197
106,0,blank,0,214.14425,299.969116666667,358724,358920,196
106,14,numberOfDays,64,268.830066666667,298.25835,358920,359119,199
106,14,numberOfDays,64,326.59225,300.1441,359119,359316,197
106,0,blank,0,302.6095,313.6342,359316,359349,33
106,14,today,66,102.73245,296.727783333333,359382,359579,197
106,14,today,66,118.685866666667,297.59855,359579,359775,196
106,14,.,61,150.055583333333,308.446,359775,359968,193
106,14,today,66,143.491333333333,304.855333333333,359968,360162,194
106,13,numberOfDays,51,143.917683333333,286.79535,360162,360355,193
106,12,date,47,140.396966666667,264.96245,360355,360549,194
106,13,numberOfDays,51,147.847,271.8699,360549,360612,63
106,7,int,29,67.3922166666667,150.830533333333,360645,360843,198
106,6,int,26,73.6483833333333,131.62955,360843,361042,199
106,0,blank,0,74.2720166666667,130.201683333333,361042,361241,199
106,6,int,26,73.54984,129.74188,361241,361409,168
106,8,year,33,92.9122,169.9193,361409,361442,33
106,0,blank,0,148.973783333333,265.4674,361476,361674,198
106,12,date,47,152.7107,264.4163,361674,361706,32
106,0,blank,0,-350,-105,361772,361960,188
106,0,blank,0,251.30038,312.81288,362006,362175,169
106,0,blank,0,221.00925,295.949033333333,362175,362372,197
106,14,!=,63,211.83365,298.925116666667,362372,362565,193
106,14,numberOfDays,64,288.96985,295.398916666667,362565,362760,195
106,0,blank,0,290.1017,316.641,362760,362792,32
106,16,tomorrow,70,133.478433333333,333.590883333333,362826,363024,198
106,16,tomorrow,70,100.1567,337.554,363024,363056,32
107,0,blank,0,114.26766,327.6405,363154,363320,166
107,0,blank,0,144.6296,300.53502,363320,363487,167
107,14,.,61,145.66375,304.602966666667,363487,363685,198
107,14,today,66,143.3959,299.11725,363685,363817,132
107,0,blank,0,106.3098,420.6255,363852,364018,166
107,0,blank,0,104.4536,400.57848,364018,364186,168
107,18,today,96,185.30334,389.86452,364186,364353,167
107,18,month,98,207.6232,391.101433333333,364353,364552,199
107,18,today,96,171.992316666667,386.083516666667,364552,364749,197
107,0,blank,0,142.578066666667,385.339616666667,364749,364948,199
107,18,today,96,179.064483333333,387.711233333333,364948,365143,195
107,18,today,96,180.6089,397.105983333333,365143,365342,199
107,0,blank,0,134.358383333333,385.7431,365342,365540,198
107,18,today,96,165.082,386.79175,365540,365644,104
107,0,blank,0,245.0797,399.1632,365644,365761,117
107,0,blank,0,106.63575,419.4347,365877,366067,190
107,20,struct,106,204.208133333333,426.199016666667,366067,366265,198
107,20,struct,106,234.329516666667,423.303033333333,366265,366463,198
107,20,),108,321.534683333333,422.3535,366463,366655,192
107,20,comma,113,400.0094,424.99265,366655,366850,195
107,20,today,114,418.2594,425.485633333333,366850,367047,197
107,0,blank,0,439.698483333333,420.74005,367047,367241,194
107,20,today,114,440.634483333333,427.672366666667,367241,367435,194
107,18,month,98,224.762166666667,384.37775,367469,367663,194
107,18,month,98,207.93744,379.34806,367663,367827,164
107,0,blank,0,-350,-105,367860,367957,97
107,18,today,96,146.27234,380.3127,368009,368174,165
107,0,blank,0,-350,-105,368241,368379,138
107,0,blank,0,236.7452,399.8368,368415,368457,42
107,0,blank,0,238.384283333333,402.07345,368530,368721,191
107,0,blank,0,190.10668,400.45662,368721,368892,171
107,18,today,96,156.40512,396.06626,368892,369061,169
107,0,blank,0,159.203783333333,399.747766666667,369061,369259,198
107,18,today,96,165.06444,396.7985,369259,369426,167
107,20,struct,106,215.02902,425.07134,369426,369591,165
107,20,struct,106,235.73558,438.34846,369591,369761,170
107,20,struct,106,233.45665,438.245,369761,369830,69
107,16,tomorrow,70,161.2477,333.5562,369864,370035,171
107,0,blank,0,164.33682,323.7261,370035,370204,169
107,0,blank,0,157.66134,327.86674,370204,370374,170
107,16,tomorrow,70,102.3372,346.46102,370374,370544,170
107,16,tomorrow,70,103.9503,342.55434,370544,370713,169
107,0,blank,0,106.70538,331.1548,370713,370883,170
107,14,today,66,134.11002,290.99276,370883,371051,168
107,0,blank,0,187.44766,299.72856,371051,371219,168
107,0,blank,0,221.42508,301.24946,371219,371386,167
107,14,numberOfDays,64,227.07936,298.06276,371386,371554,168
107,0,blank,0,218.4454,300.41856,371554,371720,166
107,14,day,62,175.34876,304.47632,371720,371888,168
107,14,day,62,160.23165,304.120983333333,371888,372087,199
107,0,blank,0,202.08642,314.49364,372087,372254,167
107,0,blank,0,241.18094,315.29224,372254,372423,169
107,0,blank,0,236.19368,331.39542,372423,372591,168
107,16,date,74,293.99042,340.86842,372591,372760,169
107,16,today,87,363.00284,349.3635,372760,372930,170
107,0,blank,0,456.84238,364.97238,372930,373097,167
107,0,blank,0,451.391433333333,355.540016666667,373097,373295,198
107,16,month,79,432.67586,347.37286,373295,373461,166
107,16,comma,86,469.59618,353.08624,373461,373629,168
107,16,today,87,365.11412,349.62024,373629,373797,168
107,16,today,87,367.006883333333,346.745733333333,373797,373996,199
107,16,month,79,424.31948,346.96292,373996,374164,168
107,16,comma,86,468.8668,343.67872,374164,374332,168
107,0,blank,0,513.96124,355.34634,374332,374499,167
107,0,blank,0,587.18226,357.85086,374499,374668,169
107,0,blank,0,599.05578,359.09988,374668,374836,168
107,16,today,87,532.50506,348.86568,374836,375005,169
107,16,today,87,492.58256,346.64678,375005,375174,169
107,0,blank,0,442.154,329.3342,375174,375207,33
107,14,numberOfDays,64,302.7288,304.6051,375240,375408,168
107,14,numberOfDays,64,223.07502,305.72452,375408,375574,166
107,0,blank,0,222.908166666667,301.7893,375574,375674,100
107,14,today,66,93.92754,306.24018,375709,375877,168
107,14,today,66,94.9628,302.47382,375877,376044,167
107,14,today,66,95.3327,308.5961,376044,376111,67
107,0,blank,0,304.55578,315.61312,376145,376314,169
107,0,blank,0,309.15622,315.73052,376314,376481,167
107,16,{,76,341.18052,334.93044,376481,376650,169
107,16,today,87,353.1831,335.99418,376650,376819,169
107,0,blank,0,407.68332,360.94536,376819,376988,169
107,0,blank,0,408.8724,356.65524,376988,377160,172
107,0,blank,0,474.4358,360.3947,377160,377331,171
107,0,blank,0,489.300666666667,355.73,377331,377433,102
107,16,tomorrow,70,128.4174,346.87232,377467,377640,173
107,14,today,66,132.4546,307.96936,377640,377810,170
107,14,today,66,127.21482,303.28538,377810,377979,169
107,18,if,94,99.4034,389.92816,377979,378148,169
107,18,today,96,158.96876,396.387,378148,378318,170
107,0,blank,0,168.58764,399.5031,378318,378484,166
107,18,today,96,182.80628,395.52034,378484,378652,168
107,0,blank,0,185.46596,399.91938,378652,378820,168
107,0,blank,0,128.9716,373.79082,378820,378988,168
107,0,blank,0,125.365833333333,371.0389,378988,379183,195
107,0,blank,0,130.40658,376.00548,379183,379350,167
107,0,blank,0,137.2898,375.3866,379350,379548,198
107,18,(,95,130.097483333333,381.998083333333,379548,379744,196
107,0,blank,0,187.10825,412.532366666667,379744,379943,199
107,20,struct,106,257.27982,437.84714,379943,380110,167
107,0,blank,0,317.90268,445.57586,380110,380278,168
107,0,blank,0,302.28295,448.1376,380278,380345,67
107,18,today,96,174.52664,397.96132,380379,380549,170
107,0,blank,0,172.53036,398.23982,380549,380717,168
107,18,today,96,172.82328,397.31992,380717,380885,168
107,18,today,96,171.7234,391.579725,380885,381018,133
107,20,{,109,340.83638,438.9351,381053,381220,167
107,20,1,118,389.6068,437.3254,381220,381389,169
107,20,today,114,429.37862,437.7547,381389,381559,170
107,0,blank,0,427.7469,453.57578,381559,381730,171
107,20,today,114,446.113533333333,436.670166666667,381730,381831,101
107,0,blank,0,222.89744,401.12596,381864,382034,170
107,0,blank,0,185.32792,430.77006,382034,382200,166
107,24,tomorrow,124,94.79736,517.23868,382200,382369,169
107,24,tomorrow,124,140.5516,523.30278,382369,382539,170
107,0,blank,0,192.538183333333,518.97,382539,382738,199
107,0,blank,0,203.51435,501.441083333333,382738,382937,199
107,24,(,126,195.7413,516.09095,382937,383132,195
107,24,struct,127,206.384766666667,511.1142,383132,383326,194
107,0,blank,0,148.8632,443.823183333333,383326,383518,192
107,0,blank,0,119.6676,489.6586,383518,383551,33
107,0,blank,0,270.25745,423.3184,383703,383851,148
107,20,date,107,306.80695,424.3536,383851,384037,186
107,0,blank,0,353.772366666667,444.311433333333,384037,384217,180
107,0,blank,0,357.0699,398.4407,384217,384263,46
107,0,blank,0,131.447225,418.43835,384314,384507,193
107,18,(,95,125.0093,390.3169,384507,384607,100
107,0,blank,0,322.920875,501.616575,384652,384836,184
107,0,blank,0,304.52725,636.6384,384868,384933,65
107,0,blank,0,278.3904,732.0942,384997,385023,26
107,32,],173,296.762266666667,693.016966666667,385087,385181,94
107,0,blank,0,188.5972,492.19398,385247,385408,161
107,24,tomorrow,124,113.485083333333,524.332133333333,385439,385633,194
107,22,else,122,58.9495333333333,479.458816666667,385633,385826,193
107,0,blank,0,114.8426,415.75762,385826,386013,187
107,0,blank,0,140.0232,401.2188,386013,386207,194
107,0,blank,0,132.3218,413.13175,386207,386375,168
107,0,blank,0,135.149566666667,402.212533333333,386375,386571,196
107,18,today,96,183.942516666667,388.987066666667,386571,386763,192
107,0,blank,0,178.691233333333,401.310666666667,386763,386859,96
107,0,blank,0,103.072516666667,491.243416666667,386891,387089,198
107,0,blank,0,106.415433333333,478.7623,387089,387286,197
107,0,blank,0,121.63284,391.64278,387286,387453,167
107,18,.,97,196.47825,394.37265,387453,387647,194
107,18,month,98,214.071333333333,392.084833333333,387647,387842,195
107,0,blank,0,189.84795,354.554016666667,387842,388035,193
107,0,blank,0,183.229266666667,323.67025,388035,388230,195
107,0,blank,0,236.59285,311.012183333333,388230,388424,194
107,18,month,98,227.1808,384.8628,388424,388456,32
107,0,blank,0,277.13068,498.45784,388489,388652,163
107,0,blank,0,395.87665,542.9562,388717,388786,69
107,0,blank,0,403.80935,537.1128,388858,389026,168
107,24,today,139,420.5268,525.43025,389026,389222,196
107,24,today,139,425.277833333333,519.824916666667,389222,389417,195
107,24,today,139,413.3167,529.0695,389417,389450,33
107,0,blank,0,138.921166666667,500.522466666667,389483,389676,193
107,0,blank,0,145.212266666667,496.31875,389676,389871,195
107,24,tomorrow,124,160.9619,514.2592,389871,389904,33
107,24,today,139,433.38325,511.813416666667,389936,390134,198
107,24,today,139,428.4019,525.7148,390134,390202,68
107,0,blank,0,320.98474,356.21944,390234,390401,167
107,0,blank,0,244.63066,329.48182,390401,390568,167
107,0,blank,0,202.56184,313.80952,390568,390736,168
107,14,day,62,163.37472,302.55204,390736,390904,168
107,14,day,62,164.38346,299.2739,390904,391072,168
107,0,blank,0,221.90402,304.71464,391072,391239,167
107,14,numberOfDays,64,276.94838,307.7788,391239,391408,169
107,14,numberOfDays,64,247.1539,299.9877,391408,391440,32
107,0,blank,0,80.90266,324.81602,391474,391643,169
107,0,blank,0,81.13002,341.58334,391643,391810,167
107,18,else,93,73.088,394.28176,391810,391979,169
107,0,blank,0,75.74734,399.01978,391979,392147,168
107,0,blank,0,66.7869,428.00844,392147,392315,168
107,22,else,122,63.03816,477.45676,392315,392482,167
107,0,blank,0,66.67898,453.93906,392482,392652,170
107,14,today,66,127.67026,297.95742,392652,392818,166
107,14,day,62,177.54576,296.815,392818,392986,168
107,14,!=,63,206.10685,306.095066666667,392986,393185,199
107,14,numberOfDays,64,272.4169,297.687616666667,393185,393384,199
107,14,numberOfDays,64,271.6587,302.947716666667,393384,393583,199
107,14,numberOfDays,64,240.86392,301.18896,393583,393752,169
107,0,blank,0,261.31645,324.19195,393752,393819,67
107,0,blank,0,363.936233333333,486.353583333333,393853,394052,199
107,24,today,139,412.4106,518.730266666667,394052,394250,198
107,0,blank,0,498.62342,531.63814,394250,394416,166
107,0,blank,0,492.24028,537.9243,394416,394584,168
107,0,blank,0,387.89426,567.39742,394584,394751,167
107,0,blank,0,342.7887,620.18,394751,394784,33
107,0,blank,0,84.69048,553.55524,394823,394990,167
107,26,return,145,85.88742,556.32226,394990,395159,169
107,28,numberOfDays,150,95.14766,597.85032,395159,395327,168
107,28,numberOfDays,150,104.5708,609.545825,395327,395461,134
107,8,int,32,55.56236,175.37602,395528,395698,170
107,8,int,32,55.8686,175.53188,395698,395864,166
107,7,day,30,109.6769,149.296633333333,395864,396063,199
107,4,date,24,102.903083333333,73.729,396063,396259,196
107,0,blank,0,145.4941,132.78744,396259,396426,167
107,10,dateUpdate,39,198.23964,207.24486,396426,396594,168
107,10,dateUpdate,39,124.40532,209.71574,396594,396764,170
107,10,date,42,89.10182,209.62488,396764,396934,170
107,10,struct,41,33.17586,201.06638,396934,397103,169
107,10,date,42,73.90468,218.42596,397103,397274,171
107,0,blank,0,120.9946,215.05994,397274,397441,167
107,0,blank,0,120.77934,220.5931,397441,397611,170
107,10,dateUpdate,39,146.3926,220.77242,397611,397782,171
107,10,dateUpdate,39,204.49042,218.78114,397782,397955,173
107,10,(,40,239.62514,218.23834,397955,398130,175
107,10,struct,41,295.46354,216.9702,398130,398304,174
107,10,struct,41,284.9908,214.5118,398304,398339,35
107,10,struct,41,63.0704,205.81846,398373,398547,174
107,10,struct,41,58.9041,212.47054,398547,398722,175
107,4,struct,23,35.6771,72.33914,398722,398893,171
107,0,blank,0,30.96678,68.2195,398893,399062,169
107,0,blank,0,81.2777,104.38752,399062,399232,170
107,6,int,26,72.02508,122.13358,399232,399402,170
107,7,int,29,66.54695,146.922775,399402,399532,130
107,0,blank,0,-350,-105,399563,399713,150
107,0,blank,0,-350,-105,399713,399878,165
107,0,blank,0,-350,-105,399878,400059,181
107,0,blank,0,-350,-105,400059,400130,71
107,13,numberOfDays,51,132.4284,282.007416666667,400165,400345,180
107,13,numberOfDays,51,117.149966666667,271.084116666667,400345,400531,186
107,0,blank,0,-350,-105,400563,400723,160
107,0,blank,0,83.1788,240.886,400750,400776,26
107,13,numberOfDays,51,93.6544833333333,270.244433333333,400832,401021,189
107,13,numberOfDays,51,194.877666666667,277.77425,401021,401214,193
107,13,(,52,220.599933333333,282.69225,401214,401408,194
107,0,blank,0,80.213,287.50804,401441,401608,167
107,14,(,65,82.8759,294.723616666667,401608,401807,199
107,0,blank,0,82.21336,288.30352,401807,401977,170
107,0,blank,0,75.88746,283.89434,401977,402145,168
107,13,int,50,45.61625,280.1601,402145,402339,194
107,0,blank,0,38.3297,306.7572,402339,402372,33
107,0,blank,0,29.8734,540.1719,402405,402572,167
107,28,int,149,31.36722,611.89444,402572,402740,168
107,28,numberOfDays,150,63.83482,613.8932,402740,402911,171
107,0,blank,0,74.50485,619.23825,402911,402982,71
107,0,blank,0,114.31475,266.0189,403052,403250,198
107,13,numberOfDays,51,112.3158,274.09285,403250,403448,198
107,13,numberOfDays,51,131.0445,274.6555,403448,403646,198
107,0,blank,0,221.17344,289.2103,403646,403814,168
107,14,numberOfDays,64,226.7232,294.759,403814,403879,65
107,28,numberOfDays,150,50.59922,611.04354,403948,404122,174
107,28,numberOfDays,150,50.68534,609.959,404122,404293,171
107,0,blank,0,138.93236,553.94282,404293,404462,169
107,0,blank,0,133.51175,533.5772,404462,404528,66
107,16,tomorrow,70,105.7225,344.15495,404561,404760,199
107,0,blank,0,137.913316666667,320.3799,404760,404956,196
107,0,blank,0,160.42646,311.5805,404956,405123,167
107,0,blank,0,161.036,314.56115,405123,405321,198
107,0,blank,0,160.28976,313.09162,405321,405489,168
107,0,blank,0,160.66432,316.80132,405489,405659,170
107,0,blank,0,134.507183333333,316.801716666667,405659,405854,195
107,0,blank,0,107.244216666667,322.716516666667,405854,406049,195
107,0,blank,0,208.49484,357.9017,406049,406218,169
107,0,blank,0,211.57086,357.00244,406218,406414,196
107,14,day,62,181.225,309.8867,406414,406533,119
107,14,numberOfDays,64,238.3666,309.3987,406533,406650,117
107,0,blank,0,233.778166666667,314.378133333333,406650,406818,168
107,0,blank,0,234.35268,315.09106,406818,406988,170
107,0,blank,0,233.33385,322.3945,406988,407055,67
107,0,blank,0,86.2569666666667,293.429383333333,407088,407286,198
107,0,blank,0,86.9896166666667,298.323483333333,407286,407483,197
107,0,blank,0,87.98002,299.88928,407483,407650,167
107,0,blank,0,91.74644,304.84668,407650,407817,167
107,0,blank,0,91.67968,300.8776,407817,407984,167
107,0,blank,0,77.5126,286.19192,407984,408152,168
107,0,blank,0,28.1172,231.51732,408152,408321,169
107,0,blank,0,29.5920666666667,233.733866666667,408321,408421,100
107,13,numberOfDays,51,122.258466666667,278.54775,408455,408653,198
107,13,numberOfDays,51,121.582933333333,281.637966666667,408653,408852,199
107,13,numberOfDays,51,121.8035,281.61144,408852,409017,165
107,14,numberOfDays,64,231.10724,302.82276,409050,409217,167
107,14,numberOfDays,64,286.496483333333,308.09485,409217,409414,197
107,14,numberOfDays,64,324.86644,306.53902,409414,409580,166
107,14,numberOfDays,64,322.114133333333,301.236,409580,409680,100
107,14,today,66,100.205083333333,307.15935,409714,409909,195
107,14,.,61,145.82335,303.9369,409909,410105,196
107,0,blank,0,222.6558,304.443183333333,410105,410301,196
107,14,numberOfDays,64,252.2386,309.389083333333,410301,410499,198
107,0,blank,0,210.9441,402.4731,410499,410960,461
107,0,blank,0,220.9834,403.1039,410960,410989,29
107,0,blank,0,-350,-105,411022,411183,161
107,18,today,96,191.8387,396.9723,411213,411252,39
107,0,blank,0,166.504583333333,423.867333333333,411345,411538,193
107,0,blank,0,74.89158,449.78696,411538,411708,170
107,0,blank,0,92.9327,550.924,411741,411939,198
107,26,return,145,94.9992166666667,568.962233333333,411939,412136,197
107,0,blank,0,125.356533333333,591.634483333333,412136,412330,194
107,28,struct,152,206.618783333333,602.19315,412330,412524,194
107,0,blank,0,198.4554,582.0863,412524,412556,32
108,38,days,216,120.44535,532.29255,412620,412811,191
108,0,blank,0,87.9633,485.4816,412811,412875,64
108,31,bool,160,79.6674,365.466216666667,412907,413095,188
108,0,blank,0,76.0369666666667,320.807166666667,413095,413280,185
108,28,numberOfDays,150,70.472025,308.864225,413280,413404,124
109,0,blank,0,128.966233333333,241.041283333333,413465,413652,187
109,0,blank,0,184.1526,242.372,413652,413845,193
109,13,numberOfDays,51,200.203983333333,275.5608,413845,414041,196
109,13,struct,53,226.345066666667,286.7622,414041,414237,196
109,14,numberOfDays,64,240.140616666667,293.072683333333,414237,414435,198
109,14,numberOfDays,64,230.744033333333,295.684666666667,414435,414533,98
109,13,int,50,68.3876333333333,268.0366,414566,414761,195
109,10,struct,41,30.7652333333333,215.374933333333,414761,414958,197
109,10,struct,41,26.8616666666667,214.732816666667,414958,415154,196
109,10,struct,41,28.8881166666667,217.411983333333,415154,415347,193
109,10,struct,41,56.3363666666667,216.403533333333,415347,415543,196
109,10,date,42,108.9271,218.253216666667,415543,415739,196
109,10,date,42,113.700833333333,220.027333333333,415739,415937,198
109,10,date,42,112.299566666667,219.805233333333,415937,416135,198
109,12,date,47,132.589033333333,263.95525,416135,416332,197
109,0,blank,0,144.061483333333,290.8875,416332,416525,193
109,0,blank,0,29.59234,567.19164,416559,416731,172
109,0,blank,0,60.02228,590.2995,416731,416901,170
109,0,blank,0,56.253,591.5989,416901,416935,34
109,14,day,62,168.597016666667,291.93615,417002,417199,197
109,14,!=,63,212.806,298.375483333333,417199,417398,199
109,14,numberOfDays,64,228.47974,297.3593,417398,417566,168
109,14,numberOfDays,64,225.24746,302.40646,417566,417737,171
109,14,numberOfDays,64,225.2899,297.0795,417737,417804,67
109,14,today,66,104.828083333333,307.273666666667,417837,418032,195
109,14,today,66,109.76755,308.655333333333,418032,418230,198
109,0,blank,0,104.7631,310.8775,418230,418263,33
109,0,blank,0,237.18348,320.15716,418296,418465,169
109,0,blank,0,168.27922,365.09084,418465,418632,167
109,20,tomorrow,103,100.91425,428.2572,418632,418830,198
109,20,tomorrow,103,102.7734,427.95156,418830,418997,167
109,0,blank,0,347.95258,449.2186,419028,419197,169
109,0,blank,0,354.97112,452.1704,419197,419363,166
109,0,blank,0,213.104516666667,419.524516666667,419396,419594,198
109,0,blank,0,166.128916666667,401.697016666667,419594,419789,195
109,0,blank,0,188.997566666667,429.907833333333,419789,419985,196
109,0,blank,0,169.584383333333,462.226483333333,419985,420184,199
109,0,blank,0,67.96734,552.01248,420184,420351,167
109,0,blank,0,107.8217,564.230283333333,420351,420549,198
109,0,blank,0,115.630383333333,576.477633333333,420549,420745,196
109,0,blank,0,63.1605333333333,585.112333333333,420745,420939,194
109,0,blank,0,140.7843,637.7123,420939,421002,63
109,0,blank,0,203.2276,589.9977,421033,421130,97
109,28,numberOfDays,150,152.678266666667,605.124983333333,421194,421389,195
109,0,blank,0,91.2434,653.7997,421389,421425,36
109,0,blank,0,144.05975,633.51035,421489,421683,194
109,30,days,158,125.531283333333,655.520616666667,421683,421876,193
109,0,blank,0,117.817033333333,653.884333333333,421876,421972,96
110,0,blank,0,64.4564333333333,561.61815,422067,422260,193
110,0,blank,0,67.1506,557.789725,422260,422388,128
110,31,bool,160,58.4351166666667,382.9073,422421,422614,193
110,0,blank,0,79.0161333333333,337.9834,422614,422805,191
110,0,blank,0,60.9021,333.0464,422805,422999,194
110,30,int,157,52.6611833333333,346.14075,422999,423192,193
110,31,bool,160,75.2078333333333,383.2629,423192,423387,195
110,32,daysPerMonth,170,147.08585,387.967633333333,423387,423580,193
110,31,isLeapYear,161,181.078666666667,382.26365,423580,423775,195
110,31,isLeapYear,161,216.939716666667,382.897,423775,423970,195
110,31,struct,163,265.863633333333,374.854833333333,423970,424162,192
110,31,struct,163,276.268316666667,377.35295,424162,424354,192
110,32,const,168,69.64045,397.73575,424386,424580,194
110,0,blank,0,57.73655,407.499533333333,424580,424776,196
110,0,blank,0,145.857883333333,407.4062,424776,424970,194
110,32,daysPerMonth,170,148.9422,401.029416666667,424970,425161,191
110,30,int,157,73.3301166666667,347.257566666667,425161,425350,189
110,0,blank,0,99.7666833333333,367.2391,425350,425543,193
110,31,isLeapYear,161,126.035216666667,382.983416666667,425543,425736,193
110,31,isLeapYear,161,160.318583333333,374.947083333333,425736,425926,190
110,31,struct,163,258.30935,372.085683333333,425926,426115,189
110,31,struct,163,259.42475,378.2386,426115,426242,127
110,34,31,184,102.7384,438.897866666667,426275,426469,194
110,34,comma,187,107.267433333333,442.9586,426469,426659,190
110,37,(,204,78.846275,507.71875,426659,426847,188
110,0,blank,0,84.7753,506.0056,426847,426954,107
110,0,blank,0,344.2547,613.853466666667,427070,427241,171
110,0,blank,0,362.7265,657.2758,427241,427278,37
110,16,.,88,689.563,48.1634,427346,427383,37
110,0,blank,0,482.3699,746.5219,427534,427578,44
110,0,blank,0,978.1545,390.65445,427959,428085,126
111,31,isLeapYear,161,131.5666,355.304033333333,435442,435630,188
111,31,isLeapYear,161,186.037966666667,359.0691,435630,435820,190
111,31,isLeapYear,161,216.169833333333,353.953466666667,435820,436007,187
111,0,blank,0,199.794566666667,336.360333333333,436007,436197,190
111,31,isLeapYear,161,217.327083333333,362.431683333333,436197,436385,188
111,0,blank,0,232.992566666667,373.54775,436385,436574,189
111,32,daysPerMonth,170,165.095683333333,375.52505,436574,436766,192
111,32,daysPerMonth,170,163.2066,381.9632,436766,436959,193
111,32,daysPerMonth,170,216.5319,390.9816,436959,437157,198
111,31,isLeapYear,161,187.8792,364.3866,437157,437193,36
112,0,blank,0,518.0754,364.856825,460350,460474,124
112,0,blank,0,338.7105,226.877033333333,460504,460689,185
112,0,blank,0,342.879066666667,235.927916666667,460689,460872,183
112,0,blank,0,342.76345,224.4746,460872,460932,60
112,0,blank,0,231.532366666667,120.189866666667,460961,461052,91
112,13,struct,53,279.741916666667,187.661983333333,461111,461281,170
112,0,blank,0,-350,-105,461340,461522,182
112,0,blank,0,-350,-105,461522,461698,176
112,0,blank,0,-350,-105,461698,461875,177
112,0,blank,0,-350,-105,461875,462051,176
112,0,blank,0,-350,-105,462051,462225,174
112,0,blank,0,-350,-105,462225,462406,181
112,0,blank,0,-350,-105,462406,462597,191
112,0,blank,0,-350,-105,462597,462783,186
112,0,blank,0,-350,-105,462783,462964,181
112,0,blank,0,-350,-105,462964,463163,199
112,0,blank,0,-350,-105,463163,463334,171
112,0,blank,0,-350,-105,463334,463499,165
112,0,blank,0,-350,-105,463499,463674,175
112,0,blank,0,-350,-105,463674,463848,174
112,0,blank,0,-350,-105,463848,464033,185
112,0,blank,0,-350,-105,464033,464161,128
112,0,blank,0,-350,-105,464161,464458,297
112,0,blank,0,138.931866666667,592.489683333333,464690,464877,187
112,31,isLeapYear,161,132.17365,590.441333333333,464877,465056,179
112,30,days,158,149.21395,568.931716666667,465056,465234,178
