Frameno_fix,lineno_fix,Tokenname_fix,tokens_id,gaze_X_fix,gaze_Y_fix,timestamp_fix_start,timestamp_fix_end,time_duration
100,0,blank,0,82.8687,-99.8632833333334,3474,3667,193
100,0,blank,0,87.7944666666667,-85.8560666666667,3667,3862,195
100,0,blank,0,85.041,-77.25295,3862,3926,64
100,0,blank,0,318.991066666667,-1.64501666666667,3958,4150,192
100,0,blank,0,311.3115,-5.3448,4150,4279,129
100,0,blank,0,463.832316666667,-7.89783333333334,4311,4506,195
100,0,blank,0,385.038466666667,7.6194,4506,4696,190
100,0,blank,0,374.56965,14.1351166666667,4696,4885,189
100,0,blank,0,283.8116,-6.58196666666666,4885,5076,191
100,1,tomorrow,6,304.9756,4.28579999999999,5076,5109,33
100,2,include,10,74.27295,37.0471166666667,5137,5325,188
100,1,Program,3,38.5383333333333,4.13593333333333,5325,5514,189
100,0,blank,0,109.98245,14.73475,5514,5702,188
100,3,<,18,102.099,62.4823833333333,5702,5892,190
100,0,blank,0,97.0683333333333,90.84745,5892,6085,193
100,0,blank,0,110.275183333333,91.0914333333333,6085,6278,193
100,0,blank,0,67.0402333333333,44.8023333333333,6278,6468,190
100,0,blank,0,87.538,45.3857666666667,6468,6661,193
100,2,stdio,12,118.758066666667,29.4510333333333,6661,6756,95
100,0,blank,0,254.9248,-22.35095,6787,6974,187
100,0,blank,0,90.863,-11.3201,6974,7005,31
100,0,blank,0,-350,-105,7068,7178,110
100,6,month,27,98.8216,121.359,7204,7230,26
100,0,blank,0,113.610216666667,106.923533333333,7286,7460,174
100,0,blank,0,117.2488,97.1455666666667,7460,7653,193
100,0,blank,0,96.0254166666667,107.723366666667,7653,7839,186
100,0,blank,0,110.793683333333,97.9668666666667,7839,8027,188
100,0,blank,0,116.942216666667,104.784383333333,8027,8213,186
100,6,month,27,124.829883333333,130.3216,8213,8401,188
100,6,month,27,119.940466666667,132.023483333333,8401,8585,184
100,6,month,27,118.326683333333,129.098316666667,8585,8770,185
100,7,day,30,95.42035,142.6518,8770,8956,186
100,0,blank,0,68.2488333333333,182.762383333333,8956,9145,189
100,0,blank,0,60.6074,181.090266666667,9145,9238,93
100,10,dateUpdate,39,157.429783333333,201.589583333333,9269,9460,191
100,0,blank,0,194.061133333333,196.603766666667,9460,9650,190
100,0,blank,0,202.286916666667,196.4388,9650,9845,195
100,0,blank,0,203.378466666667,195.34115,9845,10037,192
100,0,blank,0,206.308733333333,199.852733333333,10037,10226,189
100,0,blank,0,308.227183333333,207.36895,10226,10412,186
100,0,blank,0,293.04285,189.237116666667,10412,10595,183
100,0,blank,0,289.910583333333,198.538916666667,10595,10779,184
100,10,date,42,343.636483333333,206.805866666667,10779,10962,183
100,0,blank,0,363.075333333333,195.677383333333,10962,11148,186
100,10,today,43,389.28785,208.691775,11148,11271,123
100,12,date,47,115.091983333333,254.121833333333,11302,11487,185
100,0,blank,0,100.931583333333,239.02795,11487,11672,185
100,0,blank,0,114.410533333333,235.7157,11672,11857,185
100,0,blank,0,168.90765,235.848083333333,11857,12045,188
100,0,blank,0,164.373666666667,241.961966666667,12045,12228,183
100,0,blank,0,219.56885,240.257633333333,12228,12413,185
100,0,blank,0,226.016716666667,245.963883333333,12413,12597,184
100,13,numberOfDays,51,150.1855,268.517616666667,12597,12785,188
100,13,numberOfDays,51,124.536633333333,278.220066666667,12785,12976,191
100,12,struct,46,71.26675,260.804766666667,12976,13164,188
100,12,date,47,147.353533333333,255.530616666667,13164,13349,185
100,12,tomorrow,48,186.147166666667,260.427116666667,13349,13532,183
100,12,tomorrow,48,225.257533333333,254.819383333333,13532,13718,186
100,0,blank,0,267.418783333333,255.65,13718,13908,190
100,13,struct,53,267.957733333333,270.79045,13908,14094,186
100,0,blank,0,303.2574,265.790916666667,14094,14281,187
100,13,date,54,333.36075,282.266716666667,14281,14469,188
100,0,blank,0,342.740333333333,275.8618,14469,14659,190
100,14,numberOfDays,64,333.385,292.5049,14659,14691,32
100,14,today,66,121.62725,298.087033333333,14723,14910,187
100,14,today,66,130.436166666667,307.39845,14910,15098,188
100,13,numberOfDays,51,170.551016666667,284.98865,15098,15284,186
100,12,date,47,140.2797,260.498783333333,15284,15467,183
100,12,date,47,132.127533333333,248.44445,15467,15651,184
100,13,numberOfDays,51,99.1934166666667,271.91705,15651,15838,187
100,12,struct,46,99.1763833333333,260.388616666667,15838,16024,186
100,13,numberOfDays,51,128.191933333333,276.7978,16024,16209,185
100,12,date,47,150.9684,259.434616666667,16209,16392,183
100,12,tomorrow,48,167.989183333333,258.5418,16392,16577,185
100,0,blank,0,287.914416666667,276.708416666667,16607,16797,190
100,13,date,54,316.55075,278.788183333333,16797,16987,190
100,13,numberOfDays,51,155.427516666667,271.828083333333,17018,17205,187
100,13,numberOfDays,51,178.241216666667,278.028216666667,17205,17390,185
100,12,date,47,122.03975,261.047883333333,17390,17577,187
100,0,blank,0,93.9904,238.245033333333,17577,17761,184
100,0,blank,0,100.107233333333,244.602066666667,17761,17948,187
100,0,blank,0,146.311466666667,231.4527,17948,18138,190
100,10,dateUpdate,39,166.749533333333,214.9315,18138,18323,185
100,0,blank,0,206.23785,232.949716666667,18323,18508,185
100,0,blank,0,210.88875,224.36615,18508,18570,62
100,0,blank,0,-350,-105,18632,18738,106
100,8,year,33,105.353766666667,160.565066666667,18790,18952,162
100,0,blank,0,60.8668,241.4248,18952,19002,50
100,0,blank,0,49.477,225.6341,19128,19170,42
100,0,blank,0,82.738625,192.32285,19252,19419,167
100,8,year,33,82.18255,166.64975,19419,19500,81
100,10,dateUpdate,39,135.33916,210.9627,19621,19792,171
100,0,blank,0,185.483466666667,223.776683333333,19792,19976,184
100,13,numberOfDays,51,201.130966666667,286.570933333333,19976,20165,189
100,13,numberOfDays,51,195.962166666667,277.6327,20165,20261,96
100,3,<,18,97.8395666666667,60.3162666666667,20291,20384,93
100,4,date,24,84.79495,73.141,20470,20651,181
100,4,date,24,106.142266666667,85.3610666666667,20651,20827,176
100,4,date,24,93.5644,85.702975,20827,20972,145
100,7,day,30,87.2748666666667,154.9357,21176,21374,198
100,8,year,33,86.2092166666667,169.161333333333,21374,21555,181
100,0,blank,0,91.9472666666667,157.538216666667,21555,21736,181
100,8,year,33,106.04145,173.366775,21736,21859,123
100,8,year,33,112.483116666667,165.393333333333,21888,22069,181
100,8,year,33,96.2883,167.375433333333,22069,22250,181
100,8,year,33,92.0164,164.744866666667,22250,22436,186
100,13,int,50,68.0221,274.4009,22436,22466,30
100,0,blank,0,77.9495,192.1085,22497,22528,31
100,16,tomorrow,70,124.1969,352.190433333333,22592,22682,90
100,0,blank,0,73.69085,309.049466666667,22712,22894,182
100,0,blank,0,138.384633333333,314.184666666667,22894,23081,187
100,0,blank,0,143.231683333333,323.886883333333,23081,23269,188
100,0,blank,0,136.469375,321.8242,23269,23391,122
100,14,today,66,114.20835,303.2045,23421,23481,60
100,13,numberOfDays,51,142.62525,281.0644,23539,23656,117
100,14,.,61,145.916416666667,291.601016666667,23685,23868,183
100,13,numberOfDays,51,176.7875,277.509033333333,23868,23962,94
100,13,int,50,65.6633333333333,279.654016666667,23994,24174,180
100,13,numberOfDays,51,125.700633333333,275.479966666667,24174,24353,179
100,14,day,62,179.4963,305.993333333333,24353,24532,179
100,13,numberOfDays,51,156.12755,277.008716666667,24532,24711,179
100,14,numberOfDays,64,238.48305,295.675733333333,24711,24891,180
100,13,struct,53,248.655233333333,276.510133333333,24891,25070,179
100,13,date,54,294.276316666667,281.85355,25070,25249,179
100,13,date,54,296.91795,287.253266666667,25249,25428,179
100,13,date,54,318.1965,286.198583333333,25428,25605,177
100,13,struct,53,282.5866,279.623316666667,25605,25784,179
100,13,struct,53,242.801816666667,282.034583333333,25784,25963,179
100,13,struct,53,271.847616666667,271.269366666667,25963,26143,180
100,10,struct,41,290.104516666667,202.918733333333,26143,26323,180
100,10,struct,41,297.53345,210.853683333333,26323,26501,178
100,0,blank,0,300.280933333333,236.850366666667,26501,26682,181
100,14,numberOfDays,64,305.142166666667,294.44605,26682,26861,179
100,14,numberOfDays,64,244.4782,294.066216666667,26861,27042,181
100,13,struct,53,233.602166666667,286.290966666667,27042,27224,182
100,14,numberOfDays,64,309.92435,291.53605,27224,27405,181
100,13,date,54,306.7635,285.2552,27405,27434,29
100,7,int,29,59.4466166666667,142.22655,27465,27644,179
100,0,blank,0,73.18685,97.42105,27644,27831,187
100,3,<,18,101.004133333333,48.2747333333333,27831,27922,91
100,0,blank,0,91.6987333333333,88.7997333333333,27983,28077,94
100,0,blank,0,103.1143,101.7782,28139,28168,29
100,13,struct,53,278.04845,280.111883333333,28229,28410,181
100,13,struct,53,268.356575,282.6774,28410,28531,121
100,14,today,66,143.1722,290.840033333333,28561,28742,181
100,14,today,66,101.45105,289.269033333333,28742,28924,182
100,14,today,66,94.1435166666667,297.580766666667,28924,29106,182
100,13,numberOfDays,51,137.1813,281.0258,29106,29288,182
100,0,blank,0,185.914716666667,289.7631,29288,29468,180
100,13,struct,53,242.665283333333,286.653066666667,29468,29649,181
100,13,struct,53,241.021816666667,281.79165,29649,29833,184
100,13,numberOfDays,51,142.73215,282.88005,29833,30016,183
100,0,blank,0,77.79935,283.5084,30016,30201,185
100,13,int,50,55.4517666666667,284.580016666667,30201,30385,184
100,14,today,66,101.2826,291.439216666667,30385,30569,184
100,14,today,66,134.77095,297.2192,30569,30753,184
100,0,blank,0,142.40445,288.455933333333,30753,30936,183
100,14,.,61,147.923816666667,290.052033333333,30936,31117,181
100,13,numberOfDays,51,175.62185,281.412466666667,31117,31300,183
100,0,blank,0,209.463416666667,285.324266666667,31300,31482,182
100,13,struct,53,227.27055,281.824066666667,31482,31664,182
100,14,day,62,181.116966666667,305.753416666667,31664,31852,188
100,0,blank,0,190.73956,303.66674,31852,32007,155
100,0,blank,0,-350,-105,32070,32227,157
100,7,int,29,62.3539,145.6768,32275,32334,59
100,7,int,29,67.8738833333333,143.378633333333,32428,32606,178
100,4,struct,23,51.4922666666667,77.1132666666667,32606,32787,181
100,0,blank,0,68.1736833333333,87.56765,32787,32970,183
100,0,blank,0,61.3964666666667,87.7946,32970,33060,90
100,13,numberOfDays,51,140.586433333333,274.32435,33090,33272,182
100,14,today,66,139.9633,305.0701,33272,33454,182
100,14,.,61,148.989666666667,290.059583333333,33454,33642,188
100,0,blank,0,144.7362,298.156483333333,33642,33828,186
100,14,numberOfDays,64,242.960466666667,293.718966666667,33860,34043,183
100,0,blank,0,286.919783333333,287.056166666667,34043,34231,188
100,14,numberOfDays,64,283.275033333333,295.687816666667,34231,34420,189
100,14,numberOfDays,64,279.074633333333,289.1249,34420,34610,190
100,13,struct,53,239.2369,285.142116666667,34610,34798,188
100,0,blank,0,220.813233333333,288.2737,34798,34984,186
100,0,blank,0,217.2027,296.7335,34984,35077,93
100,0,blank,0,-350,-105,35109,35191,82
100,0,blank,0,185.935883333333,313.661816666667,35308,35483,175
100,13,numberOfDays,51,162.179675,287.251025,35575,35730,155
100,13,numberOfDays,51,170.967716666667,274.72285,35765,35958,193
100,13,numberOfDays,51,112.51714,284.43316,35958,36115,157
100,13,numberOfDays,51,90.0417833333333,279.507183333333,36241,36430,189
100,13,int,50,71.9284666666667,287.346466666667,36430,36622,192
100,13,numberOfDays,51,144.1076,273.41855,36622,36809,187
100,13,numberOfDays,51,185.9983,276.92558,36809,37008,199
100,13,struct,53,246.491266666667,281.461716666667,37008,37197,189
100,0,blank,0,219.663333333333,289.6638,37197,37386,189
100,13,struct,53,255.299266666667,287.373483333333,37386,37575,189
100,14,numberOfDays,64,278.304283333333,292.409516666667,37575,37766,191
100,14,numberOfDays,64,313.3319,296.74825,37766,37956,190
100,14,numberOfDays,64,341.997966666667,289.729366666667,37956,38138,182
100,0,blank,0,-350,-105,38199,38341,142
100,14,!=,63,205.124533333333,292.155966666667,38373,38550,177
100,13,(,52,217.419966666667,283.1697,38550,38737,187
100,14,!=,63,201.577,294.9617,38737,38799,62
100,6,int,26,43.7183,128.544683333333,38830,39016,186
100,0,blank,0,64.4665833333333,95.6439666666667,39016,39200,184
100,0,blank,0,68.163,70.4789666666667,39200,39388,188
100,3,include,17,76.3631333333333,58.8513,39388,39573,185
100,0,blank,0,52.758,44.0160166666667,39573,39759,186
100,3,include,17,24.70715,62.1678,39759,39821,62
100,0,blank,0,188.4198,366.119866666667,39884,40068,184
100,0,blank,0,105.89755,326.435466666667,40068,40253,185
100,14,today,66,100.068133333333,299.266983333333,40253,40434,181
100,0,blank,0,152.053966666667,289.155383333333,40434,40618,184
100,13,numberOfDays,51,178.334883333333,284.296116666667,40618,40805,187
100,14,numberOfDays,64,244.50025,297.642966666667,40805,40990,185
100,14,numberOfDays,64,272.936166666667,295.976216666667,40990,41181,191
100,14,numberOfDays,64,274.068925,296.198925,41181,41316,135
100,13,date,54,307.0616,285.9787,41316,41385,69
100,0,blank,0,89.06175,308.3038,41497,41686,189
100,14,today,66,102.6306,299.06618,41686,41849,163
100,0,blank,0,-350,-105,41913,42018,105
100,0,blank,0,141.2816,315.561683333333,42107,42284,177
100,0,blank,0,140.715183333333,317.540716666667,42284,42474,190
100,0,blank,0,122.51615,310.388333333333,42474,42661,187
100,0,blank,0,147.10262,314.43446,42661,42843,182
100,0,blank,0,211.7741,319.793216666667,42843,43033,190
100,0,blank,0,246.17335,314.9788,43033,43222,189
100,16,today,87,353.419875,336.375575,43222,43354,132
100,0,blank,0,312.74768,316.489,43385,43549,164
100,14,numberOfDays,64,280.31622,302.90504,43549,43746,197
100,0,blank,0,286.06022,312.96442,43746,43909,163
100,0,blank,0,350.749183333333,321.09305,43941,44137,196
100,0,blank,0,313.771566666667,313.736683333333,44137,44336,199
100,0,blank,0,279.460483333333,316.40295,44336,44531,195
100,0,blank,0,288.269166666667,312.164316666667,44531,44730,199
100,0,blank,0,351.04995,319.368466666667,44730,44922,192
100,0,blank,0,351.1274,312.9039,44922,45113,191
100,14,numberOfDays,64,280.47275,301.114283333333,45113,45301,188
100,14,numberOfDays,64,300.407483333333,304.619933333333,45301,45490,189
100,14,numberOfDays,64,302.45234,296.81704,45490,45649,159
100,13,numberOfDays,51,170.831266666667,272.091883333333,45680,45870,190
100,13,numberOfDays,51,153.755166666667,284.136166666667,45870,46057,187
100,14,today,66,111.785683333333,289.9972,46057,46244,187
100,13,numberOfDays,51,108.644116666667,283.273366666667,46244,46430,186
100,12,date,47,136.37755,251.636116666667,46430,46618,188
100,13,numberOfDays,51,165.456866666667,271.6199,46618,46805,187
100,10,struct,41,250.6836,216.1366,46805,46992,187
100,10,struct,41,299.294116666667,211.454433333333,46992,47178,186
100,0,blank,0,358.432583333333,204.006366666667,47178,47366,188
100,0,blank,0,368.329833333333,196.767883333333,47366,47553,187
100,10,today,43,382.280775,207.191775,47553,47681,128
100,10,dateUpdate,39,123.476133333333,210.427333333333,47710,47899,189
100,0,blank,0,90.3981666666667,223.240666666667,47899,48086,187
100,10,date,42,81.3758166666667,221.270183333333,48086,48272,186
100,10,struct,41,19.1525666666667,220.041016666667,48272,48456,184
100,0,blank,0,158.174516666667,265.291583333333,48488,48675,187
100,0,blank,0,158.871233333333,263.538916666667,48675,48860,185
100,13,numberOfDays,51,116.612,276.839433333333,48860,49046,186
100,13,numberOfDays,51,84.29065,287.103466666667,49046,49232,186
100,13,int,50,46.98458,286.8579,49232,49389,157
100,6,month,27,88.8509833333333,126.094866666667,49421,49607,186
100,14,today,66,119.358766666667,298.550083333333,49640,49829,189
100,13,numberOfDays,51,138.473283333333,279.301483333333,49829,50017,188
100,13,numberOfDays,51,151.449966666667,274.3826,50017,50205,188
100,0,blank,0,158.2548,323.09625,50205,50267,62
100,0,blank,0,-350,-105,50299,50382,83
100,0,blank,0,184.9821,295.4193,50425,50484,59
100,13,numberOfDays,51,163.959266666667,280.704483333333,50554,50735,181
100,0,blank,0,207.249433333333,283.62995,50735,50921,186
100,13,struct,53,267.073083333333,277.500333333333,50921,51103,182
100,13,date,54,293.422616666667,270.985433333333,51103,51287,184
100,13,struct,53,270.157966666667,277.299516666667,51287,51467,180
100,13,struct,53,239.29435,282.4025,51467,51649,182
100,13,date,54,301.487333333333,276.4203,51649,51831,182
100,13,date,54,303.998525,271.180325,51831,51953,122
100,0,blank,0,74.73885,123.68365,51985,52171,186
100,0,blank,0,76.2165666666667,134.36535,52171,52358,187
100,0,blank,0,79.3345166666667,161.13165,52358,52544,186
100,0,blank,0,123.9506,187.0577,52544,52576,32
100,14,numberOfDays,64,269.511283333333,309.348316666667,52607,52797,190
100,14,numberOfDays,64,253.5339,293.553333333333,52797,52893,96
100,13,numberOfDays,51,145.132416666667,279.709966666667,52926,53117,191
100,13,numberOfDays,51,147.79835,279.286733333333,53117,53308,191
100,0,blank,0,271.236066666667,321.199583333333,53339,53531,192
100,14,numberOfDays,64,292.1048,300.076183333333,53531,53724,193
100,14,numberOfDays,64,338.972016666667,305.9063,53724,53914,190
100,14,numberOfDays,64,254.9242,307.78875,53914,54103,189
100,0,blank,0,244.82255,313.533116666667,54103,54294,191
100,0,blank,0,235.886283333333,315.749733333333,54294,54487,193
100,0,blank,0,223.29395,318.74315,54487,54614,127
100,14,numberOfDays,64,337.42255,307.7948,54645,54833,188
100,14,numberOfDays,64,268.623583333333,302.87765,54833,55020,187
100,0,blank,0,248.349,316.021,55020,55211,191
100,0,blank,0,259.939266666667,316.5173,55211,55402,191
100,14,numberOfDays,64,333.497533333333,309.069566666667,55402,55591,189
100,14,numberOfDays,64,339.347133333333,307.3389,55591,55780,189
100,14,numberOfDays,64,270.618583333333,308.852366666667,55780,55969,189
100,14,numberOfDays,64,273.467383333333,306.318283333333,55969,56156,187
100,12,tomorrow,48,238.9927,261.351,56156,56188,32
100,3,include,17,65.3604,63.50905,56219,56408,189
100,0,blank,0,65.40375,72.7932666666667,56408,56596,188
100,7,int,29,73.7195166666667,150.300283333333,56596,56785,189
100,8,int,32,70.6295,167.139516666667,56785,56974,189
100,0,blank,0,72.7471166666667,218.202216666667,56974,57164,190
100,10,dateUpdate,39,145.528983333333,216.261716666667,57164,57358,194
100,10,dateUpdate,39,153.0115,220.03536,57358,57520,162
100,16,struct,73,235.491716666667,335.407733333333,57551,57749,198
100,0,blank,0,239.331016666667,316.34315,57749,57945,196
100,0,blank,0,236.70715,319.16035,57945,58010,65
100,28,numberOfDays,150,54.9584833333333,597.608733333333,58075,58268,193
100,0,blank,0,94.20395,640.989783333333,58268,58461,193
100,0,blank,0,92.3410333333333,633.19695,58461,58654,193
100,0,blank,0,88.91705,629.49035,58654,58717,63
100,13,numberOfDays,51,185.436683333333,269.46995,58779,58968,189
100,12,tomorrow,48,180.650416666667,258.69995,58968,59154,186
100,13,numberOfDays,51,202.745633333333,274.2468,59154,59343,189
100,13,struct,53,243.65525,281.859816666667,59343,59534,191
100,13,struct,53,231.23665,286.318133333333,59534,59726,192
100,0,blank,0,192.716366666667,300.657166666667,59726,59922,196
100,14,today,66,128.895316666667,301.903383333333,59922,60117,195
100,14,today,66,131.834333333333,304.264483333333,60117,60315,198
100,0,blank,0,166.92385,310.909783333333,60315,60508,193
100,0,blank,0,180.0794,315.2464,60508,60538,30
100,14,numberOfDays,64,229.444516666667,304.75425,60630,60817,187
100,0,blank,0,195.154783333333,239.011533333333,60817,61006,189
100,10,struct,41,296.406,204.7597,61006,61034,28
100,12,tomorrow,48,164.083883333333,255.409133333333,61064,61254,190
100,13,numberOfDays,51,152.54545,275.059933333333,61254,61444,190
100,13,numberOfDays,51,145.2102,271.73555,61444,61621,177
100,13,numberOfDays,51,161.163733333333,278.2682,61621,61737,116
100,14,numberOfDays,64,253.49595,290.71915,61853,62042,189
100,13,date,54,297.44296,287.00308,62042,62227,185
100,14,numberOfDays,64,290.610216666667,295.992216666667,62227,62416,189
100,10,struct,41,303.676366666667,211.92525,62416,62604,188
100,10,struct,41,294.9476,219.283133333333,62604,62700,96
100,0,blank,0,144.235566666667,265.525616666667,62731,62924,193
100,12,date,47,127.014933333333,254.319816666667,62924,63114,190
100,0,blank,0,140.02675,225.15965,63114,63176,62
100,13,struct,53,258.861533333333,278.102566666667,63208,63397,189
100,0,blank,0,284.85405,276.274166666667,63397,63585,188
100,0,blank,0,259.16245,243.9649,63585,63647,62
100,10,date,42,79.3408166666667,219.72715,63679,63866,187
100,10,date,42,80.8096166666667,212.073183333333,63866,64052,186
100,10,date,42,79.8338,220.419183333333,64052,64237,185
100,12,tomorrow,48,175.7761,254.5028,64237,64268,31
100,13,date,54,300.038566666667,277.998283333333,64300,64487,187
100,0,blank,0,314.404516666667,288.685816666667,64487,64677,190
100,14,numberOfDays,64,312.839466666667,289.412266666667,64677,64771,94
100,0,blank,0,1012.23116666667,103.071783333333,64936,65133,197
100,0,blank,0,1012.682,112.322925,65133,65330,197
100,0,blank,0,1000.1364,128.10266,65330,65522,192
100,0,blank,0,1010.46983333333,125.385833333333,65522,65720,198
100,0,blank,0,1014.672,131.7432,65720,65754,34
100,0,blank,0,302.7448,597.9173,65821,65994,173
100,0,blank,0,279.9858,581.1628,65994,66124,130
101,0,blank,0,216.393616666667,141.986066666667,68581,68771,190
101,0,blank,0,276.918383333333,126.576066666667,68771,68964,193
101,0,blank,0,311.527466666667,136.307716666667,68964,69158,194
101,0,blank,0,342.753433333333,147.8157,69158,69350,192
101,0,blank,0,289.897266666667,138.403483333333,69350,69540,190
101,0,blank,0,285.918016666667,135.11725,69540,69729,189
101,0,blank,0,348.53295,150.906583333333,69729,69923,194
101,0,blank,0,355.8293,133.70855,69923,70055,132
101,30,days,158,150.067516666667,153.187766666667,70121,70316,195
101,0,blank,0,183.17265,139.476666666667,70316,70503,187
101,0,blank,0,101.84135,151.318316666667,70503,70695,192
101,31,bool,160,65.7863333333333,163.918,70695,70795,100
101,0,blank,0,141.420266666667,464.940383333333,70824,71019,195
101,43,isLeapYear,237,143.6345,437.511466666667,71019,71115,96
101,50,leapYearFlag,285,213.4659,584.991,71178,71208,30
101,0,blank,0,146.441116666667,658.532633333333,71335,71522,187
101,0,blank,0,153.5997,652.656366666667,71522,71707,185
101,52,),292,149.2227,638.1724,71707,71738,31
101,0,blank,0,149.805316666667,369.212316666667,71767,71957,190
101,41,;,234,159.4647,383.005925,71957,72083,126
101,45,leapYearFlag,245,133.3288,472.630616666667,72113,72301,188
101,47,leapYearFlag,275,148.039883333333,510.166133333333,72301,72487,186
101,46,(,249,96.7525,495.0095,72487,72676,189
101,45,leapYearFlag,245,111.2902,476.0815,72676,72709,33
101,43,struct,239,218.26175,430.58405,72736,72924,188
101,43,date,240,264.124183333333,424.871833333333,72924,73116,192
101,0,blank,0,285.454416666667,431.860666666667,73116,73312,196
101,0,blank,0,290.5428,432.4117,73312,73344,32
101,46,year,269,132.7357,502.12245,73376,73569,193
101,45,leapYearFlag,245,122.655466666667,466.80365,73569,73761,192
101,45,leapYearFlag,245,159.350816666667,471.986066666667,73761,73949,188
101,45,leapYearFlag,245,146.5598,467.0273,73949,74137,188
101,45,leapYearFlag,245,198.850733333333,476.427183333333,74137,74335,198
101,45,leapYearFlag,245,211.105725,470.979225,74335,74466,131
101,0,blank,0,-349.77502,-88.08192,74529,74672,143
101,0,blank,0,-350,-105,74672,74768,96
101,0,blank,0,187.2985,488.407383333333,74816,75005,189
101,45,leapYearFlag,245,180.1499,484.236025,75005,75133,128
101,0,blank,0,128.119233333333,284.116833333333,75163,75347,184
101,0,blank,0,164.056466666667,498.731733333333,75379,75570,191
101,46,4,254,203.833916666667,491.495866666667,75570,75765,195
101,0,blank,0,227.8821,462.250366666667,75765,75962,197
101,0,blank,0,292.153916666667,444.699266666667,75962,76157,195
101,0,blank,0,325.13272,449.99728,76157,76323,166
101,0,blank,0,312.93734,458.65962,76323,76495,172
101,0,blank,0,315.122333333333,435.135916666667,76565,76760,195
101,0,blank,0,268.59035,446.762216666667,76760,76958,198
101,0,blank,0,267.43988,448.61504,76958,77128,170
101,0,blank,0,302.221283333333,449.273183333333,77128,77321,193
101,0,blank,0,315.68975,459.8339,77321,77385,64
101,46,year,269,132.765016666667,502.467716666667,77416,77606,190
101,47,leapYearFlag,275,144.114466666667,524.430166666667,77606,77797,191
101,47,leapYearFlag,275,155.375566666667,519.23925,77797,77984,187
101,47,leapYearFlag,275,200.9374,528.319466666667,77984,78173,189
101,0,blank,0,203.472733333333,508.828316666667,78173,78364,191
101,47,leapYearFlag,275,175.0398,527.022616666667,78364,78561,197
101,47,leapYearFlag,275,172.04005,524.875316666667,78561,78758,197
101,47,leapYearFlag,275,184.027383333333,512.900716666667,78758,78952,194
101,46,==,272,221.994483333333,504.17465,78952,79142,190
101,47,true,277,265.088533333333,513.55385,79142,79341,199
101,47,;,278,279.286516666667,526.27585,79341,79539,198
101,0,blank,0,287.24338,514.2888,79539,79705,166
101,0,blank,0,342.192883333333,529.105933333333,79705,79903,198
101,0,blank,0,335.114966666667,528.993916666667,79903,80098,195
101,0,blank,0,358.7094,548.741,80098,80131,33
101,0,blank,0,330.062,533.93882,80292,80457,165
101,0,blank,0,409.2512,545.7269,80457,80617,160
101,0,blank,0,416.5411,515.2075,81154,81382,228
101,0,blank,0,-350,-105,82395,82576,181
101,0,blank,0,441.7278,653.526125,82637,82823,186
101,0,blank,0,444.72375,660.12595,82823,82883,60
101,0,blank,0,487.37474,611.9373,82913,83093,180
101,0,blank,0,498.58655,643.227383333333,83093,83286,193
101,0,blank,0,495.6052,643.9877,83286,83348,62
101,0,blank,0,518.7035,623.782566666667,83414,83583,169
101,0,blank,0,495.588416666667,599.83825,83583,83764,181
101,0,blank,0,388.1875,572.58665,83764,83825,61
101,0,blank,0,387.621125,631.0426,83855,83971,116
101,0,blank,0,-350,-105,84742,85137,395
101,0,blank,0,-350,-105,85137,85230,93
101,0,blank,0,518.4883,-103.8602,88269,88422,153
101,0,blank,0,530.960966666667,605.258966666667,88532,88706,174
101,0,blank,0,514.0112,614.1805,88706,88740,34
101,0,blank,0,481.6828,660.9149,88740,89111,371
101,0,blank,0,-350,-105,89199,89262,63
101,0,blank,0,-350,-105,89340,89523,183
101,0,blank,0,-350,-105,89523,89592,69
101,0,blank,0,370.64855,646.36775,91334,91429,95
101,55,nextDay,307,264.3376,699.5383,91429,91547,118
101,0,blank,0,307.1473,536.8149,91711,92556,845
101,0,blank,0,340.9558,576.16,92556,92686,130
101,0,blank,0,744.956,727.3351,92808,93164,356
101,0,blank,0,750.295333333333,688.255333333333,93225,93386,161
101,0,blank,0,784.730333333333,644.735866666667,93386,93511,125
101,0,blank,0,301.7729,525.706,93783,93913,130
102,0,blank,0,407.5386,445.6922,94883,94920,37
102,0,blank,0,-350,-105,95025,95204,179
102,0,blank,0,-350,-105,95204,95384,180
102,0,blank,0,-350,-105,95384,95410,26
102,0,blank,0,-350,-105,95410,95619,209
102,0,blank,0,-350,-105,95619,95651,32
102,0,blank,0,174.7255,132.6536,96047,96072,25
102,0,blank,0,-350,-105,96137,96332,195
102,0,blank,0,-350,-105,96332,96511,179
102,0,blank,0,-350,-105,96511,96708,197
102,0,blank,0,-350,-105,96708,96768,60
102,0,blank,0,-350,-105,96768,96925,157
102,0,blank,0,119.6455,259.2206,97312,97384,72
102,31,isLeapYear,161,195.522133333333,266.646433333333,97458,97594,136
102,0,blank,0,249.3064,236.12555,97680,97857,177
102,0,blank,0,284.296275,240.14675,97857,98024,167
102,31,struct,163,279.258033333333,264.9448,98024,98222,198
102,31,struct,163,292.294266666667,260.110183333333,98222,98418,196
102,31,date,164,346.106716666667,252.362116666667,98418,98608,190
102,31,date,164,348.0657,254.885233333333,98608,98802,194
102,31,date,164,353.285316666667,253.368833333333,98802,98990,188
102,31,d,165,368.437,253.0052,98990,99178,188
102,0,blank,0,381.7842,244.7416,99178,99304,126
102,0,blank,0,123.58925,268.690616666667,99335,99529,194
102,0,blank,0,112.794466666667,266.113233333333,99529,99720,191
102,0,blank,0,106.19925,250.96995,99720,99911,191
102,0,blank,0,93.0043,252.762733333333,99911,100102,191
102,0,blank,0,85.6942666666667,251.5738,100102,100294,192
102,30,;,159,169.77605,239.881783333333,100294,100490,196
102,0,blank,0,176.26286,238.85966,100490,100652,162
102,0,blank,0,-350,-105,100716,100821,105
102,0,blank,0,230.6145,235.6465,100875,100940,65
102,0,blank,0,104.957966666667,234.950966666667,101057,101255,198
102,0,blank,0,197.677016666667,239.60005,101255,101449,194
102,0,blank,0,194.71235,234.1686,101449,101640,191
102,0,blank,0,190.042683333333,234.37255,101640,101831,191
102,0,blank,0,237.862783333333,243.274583333333,101831,102024,193
102,31,date,164,316.7763,251.046916666667,102024,102216,192
102,0,blank,0,350.7548,242.116216666667,102216,102406,190
102,31,date,164,338.352233333333,250.0288,102406,102529,123
102,31,bool,160,83.6431,261.7628,102639,102729,90
102,32,int,169,105.6435,277.8512,102729,102908,179
102,0,blank,0,97.91172,260.3738,102908,103078,170
102,31,isLeapYear,161,149.083866666667,262.8059,103078,103268,190
102,31,isLeapYear,161,165.078783333333,265.96075,103268,103457,189
102,31,isLeapYear,161,141.639033333333,266.075383333333,103457,103647,190
102,31,isLeapYear,161,161.169283333333,264.200816666667,103647,103837,190
102,31,isLeapYear,161,190.880833333333,266.93385,103837,104025,188
102,32,daysPerMonth,170,219.839116666667,272.693633333333,104025,104214,189
102,31,struct,163,250.799383333333,269.708216666667,104214,104404,190
102,32,],173,300.9986,274.21295,104404,104594,190
102,32,12,172,281.95085,288.4779,104594,104657,63
102,34,28,178,136.59795,332.128466666667,104690,104878,188
102,0,blank,0,144.531983333333,314.649833333333,104878,105066,188
102,0,blank,0,149.68355,313.179883333333,105066,105253,187
102,0,blank,0,152.598616666667,320.511933333333,105253,105438,185
102,34,comma,187,226.371433333333,329.398483333333,105438,105624,186
102,34,comma,187,228.357033333333,329.091483333333,105624,105806,182
102,0,blank,0,163.909133333333,320.017666666667,105806,105992,186
102,34,28,178,143.87255,323.1714,105992,106177,185
102,34,31,184,166.79745,319.554933333333,106177,106365,188
102,31,struct,163,276.551583333333,265.0161,106365,106551,186
102,31,struct,163,286.940433333333,268.921766666667,106551,106744,193
102,32,],173,297.3186,278.107483333333,106744,106934,190
102,32,],173,295.087266666667,276.701633333333,106934,107027,93
102,34,28,178,139.08755,329.535466666667,107059,107250,191
102,34,comma,187,150.32865,326.337666666667,107250,107443,193
102,34,comma,187,145.554466666667,333.026483333333,107443,107634,191
102,0,blank,0,159.297316666667,328.915683333333,107634,107825,191
102,0,blank,0,180.598633333333,316.67345,107825,108021,196
102,0,blank,0,190.70858,309.11496,108021,108190,169
102,37,isLeapYear,203,96.96128,395.43974,108223,108390,167
102,37,isLeapYear,203,135.12945,391.809866666667,108390,108588,198
102,37,isLeapYear,203,163.860433333333,400.759633333333,108588,108782,194
102,0,blank,0,200.1902,398.004616666667,108782,108973,191
102,0,blank,0,237.849816666667,385.770266666667,108973,109169,196
102,0,blank,0,242.854766666667,397.841483333333,109169,109366,197
102,37,),215,228.2777,389.74325,109366,109432,66
102,31,isLeapYear,161,167.0157,252.11274,109465,109630,165
102,31,isLeapYear,161,196.7855,252.400516666667,109630,109827,197
102,0,blank,0,275.631216666667,242.759283333333,109827,110019,192
102,0,blank,0,294.030933333333,185.159383333333,110019,110216,197
102,0,blank,0,299.466466666667,200.9085,110216,110315,99
102,0,blank,0,266.22405,406.711766666667,110348,110544,196
102,37,true,208,287.92968,387.02532,110544,110712,168
102,37,true,208,306.38686,397.34852,110712,110880,168
102,0,blank,0,295.4628,378.27815,110880,111079,199
102,37,true,208,304.35756,380.69924,111079,111250,171
102,0,blank,0,351.28488,397.22492,111250,111415,165
102,37,month,212,400.46818,387.23892,111415,111583,168
102,37,month,212,391.12806,392.80092,111583,111753,170
102,37,month,212,383.973316666667,386.766066666667,111753,111950,197
102,37,.,211,371.911,382.09274,111950,112118,168
102,37,d,210,354.69675,394.8355,112118,112184,66
102,37,month,212,414.2559,396.13075,112301,112483,182
102,37,month,212,413.41202,392.61546,112483,112652,169
102,0,blank,0,456.680966666667,393.908383333333,112652,112851,199
102,0,blank,0,461.04974,394.00624,112851,113019,168
102,0,blank,0,432.175933333333,395.2834,113019,113217,198
102,0,blank,0,419.26005,404.294716666667,113217,113409,192
102,0,blank,0,420.42605,404.3929,113409,113602,193
102,35,31,198,212.153416666667,342.094683333333,113666,113860,194
102,34,31,184,177.9189,318.07994,113860,114055,195
102,35,30,196,173.40948,342.66502,114055,114252,197
102,0,blank,0,214.00762,412.33508,114252,114443,191
102,38,29,218,168.467983333333,423.40055,114443,114636,193
102,38,=,217,135.2927,423.80115,114636,114829,193
102,38,=,217,136.7858,416.462,114829,115011,182
102,0,blank,0,162.524525,435.671775,115011,115197,186
102,40,daysPerMonth,223,173.650225,448.3525,115197,115380,183
102,40,daysPerMonth,223,187.49685,457.47545,115380,115444,64
102,0,blank,0,229.91282,447.1877,115477,115671,194
102,0,blank,0,293.786416666667,403.0848,115671,115866,195
102,0,blank,0,324.7622,404.564,115866,115900,34
102,38,29,218,159.88102,406.18246,115935,116127,192
102,38,;,219,177.093416666667,415.526916666667,116127,116325,198
102,0,blank,0,176.76744,402.61238,116325,116516,191
102,0,blank,0,263.0092,411.9074,116516,116550,34
102,0,blank,0,440.95368,407.88918,116581,116748,167
102,37,month,212,420.194433333333,390.92645,116748,116945,197
102,0,blank,0,432.249,401.429125,116945,117114,169
102,0,blank,0,433.395833333333,411.193483333333,117114,117310,196
102,0,blank,0,428.915733333333,397.8939,117310,117506,196
102,0,blank,0,424.999066666667,399.357933333333,117506,117601,95
102,0,blank,0,200.125966666667,305.940933333333,117634,117825,191
102,0,blank,0,152.418766666667,307.481016666667,117825,118019,194
102,0,blank,0,160.559,313.234766666667,118019,118214,195
102,37,month,212,405.591866666667,388.517266666667,118246,118444,198
102,0,blank,0,454.178716666667,390.3037,118444,118640,196
102,0,blank,0,426.942916666667,400.127216666667,118640,118833,193
102,37,month,212,403.6565,391.16245,118833,118964,131
102,0,blank,0,195.480966666667,270.145,118997,119191,194
102,31,isLeapYear,161,204.279633333333,263.258166666667,119191,119382,191
102,31,struct,163,259.153116666667,266.43295,119382,119572,190
102,32,[,171,265.674516666667,276.500233333333,119572,119764,192
102,32,12,172,280.3254,282.25335,119764,119828,64
102,0,blank,0,-350,-105,119860,119995,135
102,0,blank,0,485.8329,412.8175,120020,120062,42
102,37,==,213,453.5503,397.64794,120156,120325,169
102,37,==,213,444.27895,400.4376,120325,120521,196
102,0,blank,0,427.9307,388.4989,120521,120551,30
102,0,blank,0,317.66596,387.25966,120588,120783,195
102,0,blank,0,314.5241,394.76448,120783,120975,192
102,37,==,213,247.696116666667,383.0572,120975,121168,193
102,0,blank,0,270.1424,389.11804,121168,121362,194
102,0,blank,0,288.362025,377.5114,121362,121529,167
102,37,true,208,307.8366,395.7933,121529,121629,100
102,0,blank,0,440.41795,403.737183333333,121663,121861,198
102,0,blank,0,277.57062,410.446,121893,122084,191
102,0,blank,0,244.24006,406.28476,122084,122252,168
102,37,==,213,441.673883333333,401.597,122287,122484,197
102,37,month,212,403.762333333333,395.661516666667,122484,122683,199
102,0,blank,0,354.18708,412.44722,122683,122853,170
102,37,isLeapYear,203,171.8048,386.2787,122910,123034,124
102,37,isLeapYear,203,166.6685,384.0155,123034,123140,106
102,37,isLeapYear,203,162.88015,391.3667,123140,123325,185
102,37,isLeapYear,203,159.26246,385.38138,123325,123503,178
102,37,(,204,212.6799,386.9381,123503,123699,196
102,0,blank,0,236.32028,390.27508,123699,123893,194
102,37,d,210,222.44015,385.3279,123893,124088,195
102,38,29,218,168.718883333333,414.1086,124088,124278,190
102,0,blank,0,255.51378,406.47764,124278,124475,197
102,0,blank,0,249.24335,407.642716666667,124475,124671,196
102,0,blank,0,257.46726,411.31622,124671,124862,191
102,37,==,213,250.41326,401.79634,124862,125053,191
102,0,blank,0,278.942016666667,408.207583333333,125053,125249,196
102,37,true,208,308.2542,392.0983,125249,125413,164
102,0,blank,0,-350,-105,125446,125557,111
102,37,month,212,413.6119,400.961633333333,125712,125813,101
102,37,==,213,246.4159,393.00575,125845,126039,194
102,37,==,213,253.345633333333,398.498766666667,126039,126230,191
102,37,true,208,299.68252,386.08142,126230,126418,188
102,37,true,208,305.08675,392.352875,126418,126575,157
102,0,blank,0,407.14948,378.48726,126608,126769,161
102,0,blank,0,180.73244,424.14208,126800,126963,163
102,0,blank,0,150.73868,415.97512,126963,127151,188
102,38,=,217,138.547066666667,412.606683333333,127151,127349,198
102,38,29,218,166.15416,420.25112,127349,127508,159
102,0,blank,0,150.51196,433.52802,127508,127703,195
102,0,blank,0,108.79446,439.85954,127703,127872,169
102,0,blank,0,132.8304,456.6606,127872,128042,170
102,0,blank,0,169.263116666667,471.3314,128042,128238,196
102,0,blank,0,211.849,479.2469,128238,128404,166
102,0,blank,0,230.81085,476.026066666667,128404,128593,189
102,0,blank,0,238.888966666667,470.03025,128593,128787,194
102,40,daysPerMonth,223,264.35088,465.03248,128787,128974,187
102,0,blank,0,273.722875,468.4138,128974,129158,184
102,40,daysPerMonth,223,257.94624,458.03512,129158,129350,192
102,0,blank,0,210.4788,485.830333333333,129350,129543,193
102,0,blank,0,259.42175,478.816925,129543,129730,187
102,0,blank,0,282.00328,471.65254,129730,129917,187
102,0,blank,0,292.1177,478.42626,129917,130110,193
102,0,blank,0,332.92968,490.62966,130110,130275,165
102,40,month,227,318.927933333333,461.9394,130275,130471,196
102,40,month,227,314.8106,463.42362,130471,130639,168
102,0,blank,0,279.90962,470.37622,130639,130807,168
102,0,blank,0,269.8062,489.386375,130807,130945,138
102,0,blank,0,241.16234,474.2638,130945,131137,192
102,0,blank,0,211.955533333333,479.79805,131137,131333,196
102,40,month,227,308.42108,457.97328,131333,131499,166
102,40,month,227,325.50954,460.45954,131499,131668,169
102,40,month,227,325.75826,462.04726,131668,131831,163
102,0,blank,0,340.28336,622.10014,131864,132033,169
102,0,blank,0,350.0052,609.7268,132033,132102,69
102,0,blank,0,326.70478,479.94358,132136,132305,169
102,0,blank,0,302.5991,456.96655,132305,132504,199
102,0,blank,0,357.659666666667,468.24505,132504,132703,199
102,0,blank,0,375.95975,443.23815,132703,132769,66
102,0,blank,0,213.1884,471.17464,132801,132991,190
102,40,daysPerMonth,223,174.778583333333,454.687566666667,132991,133189,198
102,0,blank,0,144.470616666667,463.61755,133189,133384,195
102,41,days,233,150.9104,471.99642,133384,133550,166
102,41,days,233,140.814866666667,480.471533333333,133550,133648,98
102,0,blank,0,252.03634,497.01208,133680,133845,165
102,0,blank,0,238.03956,471.87878,133845,134015,170
102,0,blank,0,226.947333333333,472.3246,134015,134214,199
102,0,blank,0,232.29746,471.87604,134214,134383,169
102,0,blank,0,302.62094,459.94038,134383,134551,168
102,0,blank,0,335.90515,475.49375,134551,134748,197
102,0,blank,0,330.672433333333,473.284733333333,134748,134944,196
102,0,blank,0,267.334216666667,478.405333333333,134944,135141,197
102,0,blank,0,255.754766666667,502.157466666667,135141,135333,192
102,0,blank,0,266.046133333333,485.320366666667,135333,135530,197
102,40,month,227,311.29808,461.56714,135530,135720,190
102,0,blank,0,338.61832,476.0049,135720,135885,165
102,0,blank,0,353.74806,494.15862,135885,136052,167
102,0,blank,0,360.9721,511.1246,136052,136086,34
102,0,blank,0,200.49655,338.783683333333,136119,136310,191
102,0,blank,0,202.1706,311.47315,136310,136502,192
102,32,daysPerMonth,170,186.704933333333,278.353966666667,136502,136697,195
102,40,daysPerMonth,223,236.292116666667,467.833016666667,136762,136957,195
102,0,blank,0,196.658483333333,497.7374,136957,137150,193
102,0,blank,0,213.859383333333,478.948616666667,137150,137340,190
102,0,blank,0,254.65095,491.069383333333,137340,137534,194
102,40,daysPerMonth,223,238.223366666667,462.226416666667,137534,137733,199
102,31,isLeapYear,161,200.018083333333,261.536933333333,137765,137956,191
102,31,isLeapYear,161,206.028133333333,263.922316666667,137956,138149,193
102,31,struct,163,246.322016666667,263.896216666667,138149,138341,192
102,32,daysPerMonth,170,231.180866666667,273.885533333333,138341,138440,99
102,0,blank,0,292.7552,492.948183333333,138472,138670,198
102,0,blank,0,301.697816666667,509.429916666667,138670,138862,192
102,40,month,227,348.04335,458.173466666667,138862,139057,195
102,0,blank,0,360.722366666667,473.09435,139057,139255,198
102,0,blank,0,370.656583333333,475.766066666667,139255,139446,191
102,40,],230,394.890116666667,463.939066666667,139446,139643,197
102,40,1,229,389.9494,449.1745,139643,139709,66
102,32,[,171,265.582,285.69355,139741,139933,192
102,34,31,184,260.326033333333,318.259133333333,139933,140127,194
102,0,blank,0,159.321533333333,328.2817,140127,140320,193
102,0,blank,0,161.5764,331.0828,140320,140352,32
102,0,blank,0,356.156066666667,477.84215,140416,140606,190
102,0,blank,0,355.75975,480.965975,140606,140740,134
102,0,blank,0,135.6612,468.3469,140773,140967,194
102,41,days,233,140.53635,475.49795,140967,141159,192
102,0,blank,0,391.08164,477.44758,141192,141357,165
102,40,month,227,352.5283,462.19255,141357,141519,162
102,40,month,227,333.8744,449.4451,141519,141612,93
102,0,blank,0,-350,-105,141676,141760,84
102,0,blank,0,97.067275,447.2842,141811,141974,163
102,41,days,233,134.1909,485.8452,141974,142173,199
102,41,days,233,144.13592,478.3968,142173,142333,160
102,0,blank,0,191.61435,581.31705,142396,142483,87
102,0,blank,0,208.16855,613.95875,142483,142631,148
102,0,blank,0,130.4064,552.0372,142696,142873,177
102,0,blank,0,214.4052,640.8203,142873,142905,32
102,0,blank,0,85.2636333333333,221.531066666667,143176,143311,135
102,0,blank,0,234.907975,182.35985,143538,143721,183
102,0,blank,0,265.280233333333,181.661433333333,143721,143818,97
102,0,blank,0,117.02815,166.767916666667,143851,144045,194
102,0,blank,0,137.4477,175.7494,144045,144240,195
102,0,blank,0,104.437633333333,177.0096,144240,144433,193
102,0,blank,0,104.02828,179.40088,144433,144591,158
102,0,blank,0,156.6359,376.81,144622,144816,194
102,0,blank,0,146.6553,439.92574,144816,145003,187
102,0,blank,0,168.6798,442.02725,145003,145159,156
102,38,29,218,171.9806,405.9776,145159,145226,67
102,0,blank,0,294.775883333333,417.046066666667,145255,145450,195
102,0,blank,0,302.888166666667,408.766083333333,145450,145644,194
102,0,blank,0,256.055433333333,422.2512,145644,145740,96
102,0,blank,0,185.5562,439.27574,145831,146017,186
102,38,;,219,175.81724,421.6797,146017,146172,155
102,37,month,212,397.10025,393.63435,146201,146332,131
102,0,blank,0,170.45174,432.63982,146397,146587,190
102,0,blank,0,181.72246,435.62476,146587,146778,191
102,0,blank,0,256.635933333333,424.706716666667,146778,146966,188
102,0,blank,0,300.868616666667,415.340766666667,146966,147162,196
102,37,true,208,301.19586,394.50074,147162,147351,189
102,0,blank,0,318.022,418.67185,147351,147418,67
102,0,blank,0,188.17706,721.74008,147487,147677,190
102,0,blank,0,188.729466666667,713.0179,147677,147809,132
102,0,blank,0,486.80025,631.2833,147876,148070,194
102,0,blank,0,439.536266666667,619.452966666667,148070,148224,154
102,46,==,272,645.276533333333,594.9743,148407,148501,94
102,0,blank,0,361.481575,361.21795,148534,148726,192
102,37,month,212,423.922333333333,390.62875,148726,148924,198
102,0,blank,0,430.73435,401.45335,148924,149114,190
102,37,month,212,418.859,397.45806,149114,149281,167
102,37,month,212,423.80996,400.4759,149281,149452,171
102,0,blank,0,424.97594,395.96036,149452,149620,168
102,37,==,213,441.016325,397.8029,149620,149759,139
102,0,blank,0,410.04398,418.86252,149759,149958,199
102,0,blank,0,409.60948,426.0877,149958,150133,175
102,0,blank,0,-350,-105,150166,150277,111
102,0,blank,0,476.969433333333,405.285,150424,150612,188
102,0,blank,0,480.258516666667,408.337383333333,150612,150811,199
102,0,blank,0,458.981666666667,408.665166666667,150811,150908,97
102,40,daysPerMonth,223,188.100916666667,454.476816666667,150973,151171,198
102,0,blank,0,162.251533333333,441.55855,151171,151367,196
102,38,=,217,140.412966666667,417.187166666667,151367,151467,100
102,0,blank,0,271.494916666667,499.489983333333,151501,151698,197
102,0,blank,0,273.78215,470.026575,151698,151833,135
102,0,blank,0,142.590433333333,505.1682,151866,152065,199
102,0,blank,0,161.10095,503.20195,152065,152133,68
102,0,blank,0,1012.6774,448.69532,152201,152397,196
102,0,blank,0,1004.22216666667,456.873866666667,152397,152593,196
102,0,blank,0,1011.0845,439.635983333333,152593,152789,196
102,0,blank,0,1013.84,438.87758,152789,152956,167
102,0,blank,0,1013.918,435.9224,152956,153123,167
102,0,blank,0,1012.7126,442.66942,153123,153292,169
102,0,blank,0,1007.9195,447.285775,153292,153428,136
102,0,blank,0,290.9073,137.71524,153528,153692,164
102,0,blank,0,293.53846,70.1177,153692,153863,171
102,0,blank,0,280.35052,89.75326,153863,154032,169
102,0,blank,0,271.6826,96.5294,154032,154066,34
103,10,today,43,387.1365,191.157683333333,156321,156519,198
103,10,today,43,401.24068,190.3791,156519,156686,167
103,10,today,43,404.1622,186.856,156686,156753,67
103,0,blank,0,208.891116666667,250.53485,156786,156983,197
103,12,tomorrow,48,220.98688,237.5112,156983,157148,165
103,0,blank,0,175.285,227.59576,157148,157314,166
103,0,blank,0,127.08794,220.30212,157314,157484,170
103,0,blank,0,168.702783333333,227.4439,157484,157682,198
103,12,tomorrow,48,166.373033333333,236.312683333333,157682,157876,194
103,12,date,47,147.16865,245.663983333333,157876,158074,198
103,0,blank,0,113.099883333333,249.134816666667,158074,158271,197
103,13,numberOfDays,51,175.8976,251.13295,158271,158338,67
103,13,date,54,304.79605,251.25165,158371,158570,199
103,0,blank,0,335.86442,256.57824,158570,158739,169
103,0,blank,0,338.6246,260.301,158739,158771,32
103,13,numberOfDays,51,191.7247,259.567983333333,158806,159001,195
103,13,numberOfDays,51,168.061216666667,254.128116666667,159001,159199,198
103,0,blank,0,152.6512,222.47098,159199,159367,168
103,0,blank,0,134.651083333333,181.5478,159367,159563,196
103,10,dateUpdate,39,162.713083333333,186.78495,159563,159757,194
103,10,dateUpdate,39,161.24696,186.8404,159757,159923,166
103,0,blank,0,308.41236,232.10074,159957,160129,172
103,0,blank,0,312.46702,243.19054,160129,160297,168
103,0,blank,0,321.23792,245.29904,160297,160464,167
103,13,struct,53,252.79436,258.75404,160464,160632,168
103,13,date,54,314.8444,253.17954,160632,160800,168
103,0,blank,0,311.541066666667,246.0927,160800,160900,100
103,0,blank,0,156.811966666667,247.491316666667,160934,161130,196
103,0,blank,0,195.545183333333,250.260466666667,161130,161325,195
103,12,tomorrow,48,191.94685,247.5635,161325,161391,66
103,12,struct,46,98.47245,242.037925,161423,161553,130
103,0,blank,0,314.8854,238.996733333333,161584,161777,193
103,13,d,55,346.8169,260.96405,161777,161976,199
103,0,blank,0,370.00455,208.060683333333,161976,162174,198
103,0,blank,0,370.67992,180.21914,162174,162339,165
103,0,blank,0,130.112266666667,122.031566666667,162372,162571,199
103,0,blank,0,112.727933333333,78.0367833333333,162571,162768,197
103,3,<,18,95.6461166666667,35.1678166666667,162768,162965,197
103,0,blank,0,104.172483333333,27.5890833333333,162965,163161,196
103,3,stdbool,19,116.2363,39.25105,163161,163356,195
103,0,blank,0,338.88698,240.0694,163389,163558,169
103,0,blank,0,349.103666666667,248.603966666667,163558,163694,136
103,0,blank,0,383.4678,272.5339,163694,163815,121
103,13,numberOfDays,51,111.558333333333,271.926566666667,163930,164099,169
103,13,numberOfDays,51,146.555166666667,269.81815,164099,164294,195
103,14,day,62,177.757466666667,275.192833333333,164294,164483,189
103,13,numberOfDays,51,191.939983333333,271.05395,164483,164674,191
103,0,blank,0,369.638516666667,180.3837,164708,164900,192
103,0,blank,0,381.59235,181.32695,164900,164962,62
103,14,numberOfDays,64,236.45615,275.187316666667,164993,165185,192
103,14,numberOfDays,64,246.387083333333,276.60535,165185,165375,190
103,14,numberOfDays,64,270.954333333333,281.915433333333,165375,165568,193
103,14,numberOfDays,64,299.638916666667,279.4765,165568,165762,194
103,14,numberOfDays,64,322.606133333333,279.809666666667,165762,165954,192
103,14,numberOfDays,64,319.53896,275.0654,165954,166113,159
103,14,today,66,400.74455,291.55235,166113,166296,183
103,13,date,54,299.523783333333,259.059583333333,166326,166519,193
103,0,blank,0,216.430833333333,249.232866666667,166519,166717,198
103,12,tomorrow,48,175.25415,245.006516666667,166717,166916,199
103,12,tomorrow,48,242.09224,244.36172,166916,167082,166
103,0,blank,0,291.33264,244.92932,167082,167252,170
103,0,blank,0,322.3005,242.72604,167252,167421,169
103,0,blank,0,317.4497,250.718283333333,167421,167620,199
103,0,blank,0,313.23642,248.12734,167620,167790,170
103,0,blank,0,340.39778,272.64526,167790,167957,167
103,0,blank,0,379.12692,298.41532,167957,168128,171
103,0,blank,0,348.35055,280.523166666667,168128,168325,197
103,14,numberOfDays,64,327.85525,274.916775,168325,168455,130
103,0,blank,0,-350,-105,168519,168665,146
103,14,today,66,394.297233333333,280.027433333333,168792,168982,190
103,14,today,66,390.87365,286.983066666667,168982,169172,190
103,0,blank,0,403.8833,302.78875,169172,169238,66
103,14,numberOfDays,64,275.809,274.511816666667,169269,169466,197
103,14,numberOfDays,64,320.296483333333,275.654266666667,169466,169659,193
103,14,numberOfDays,64,327.167616666667,285.321766666667,169659,169854,195
103,14,numberOfDays,64,325.2616,282.009583333333,169854,170050,196
103,13,date,54,313.268266666667,271.366533333333,170050,170249,199
103,0,blank,0,304.612716666667,294.3559,170249,170441,192
103,14,numberOfDays,64,305.33325,276.580516666667,170441,170638,197
103,14,today,66,394.607616666667,285.145466666667,170638,170830,192
103,14,),68,414.81935,286.2184,170830,171025,195
103,14,numberOfDays,64,232.79736,287.97006,171057,171219,162
103,14,.,61,146.9908,283.515266666667,171251,171448,197
103,0,blank,0,183.766466666667,311.539533333333,171448,171647,199
103,0,blank,0,185.6135,296.02805,171647,171839,192
103,0,blank,0,190.858716666667,289.533183333333,171839,172033,194
103,13,struct,53,240.530566666667,264.281433333333,172033,172225,192
103,0,blank,0,192.441,293.585716666667,172225,172420,195
103,0,blank,0,181.66825,303.859016666667,172420,172611,191
103,13,numberOfDays,51,153.000866666667,265.931683333333,172611,172804,193
103,14,day,62,170.7018,278.822,172804,172999,195
103,13,numberOfDays,51,155.93645,263.8373,172999,173065,66
103,14,numberOfDays,64,293.9911,273.335,173097,173295,198
103,14,numberOfDays,64,286.7843,277.91568,173295,173465,170
103,13,struct,53,281.511233333333,263.751133333333,173465,173660,195
103,14,day,62,181.638266666667,292.371233333333,173660,173853,193
103,14,day,62,160.571816666667,285.980916666667,173853,174047,194
103,14,day,62,163.42595,279.99185,174047,174239,192
103,14,day,62,165.65185,289.849033333333,174239,174431,192
103,14,.,61,145.3238,273.519416666667,174431,174630,199
103,0,blank,0,142.587583333333,272.0602,174630,174826,196
103,14,day,62,167.63025,278.1578,174826,175021,195
103,14,day,62,163.94436,291.66274,175021,175181,160
103,0,blank,0,243.152066666667,171.5196,175211,175407,196
103,0,blank,0,245.7351,168.741533333333,175407,175503,96
103,14,day,62,160.550583333333,293.307066666667,175535,175729,194
103,0,blank,0,152.92185,292.770533333333,175729,175925,196
103,14,.,61,151.778333333333,279.521783333333,175925,176122,197
103,0,blank,0,143.984,301.8887,176122,176289,167
103,16,=,71,174.828983333333,323.729583333333,176289,176482,193
103,16,struct,73,228.525483333333,320.1071,176482,176676,194
103,16,date,74,285.1975,323.439,176676,176866,190
103,0,blank,0,313.746566666667,338.33905,176866,177064,198
103,16,),75,316.11828,332.6561,177064,177233,169
103,0,blank,0,398.661533333333,316.83035,177233,177430,197
103,16,today,87,396.436466666667,317.127433333333,177430,177624,194
103,16,month,79,429.958683333333,326.029316666667,177624,177818,194
103,16,month,79,458.97535,334.9516,177818,178014,196
103,16,today,87,400.306,323.930266666667,178014,178207,193
103,16,today,87,402.4663,332.9709,178207,178400,193
103,16,today,87,360.514516666667,331.776733333333,178400,178591,191
103,16,date,74,291.294083333333,324.287866666667,178591,178785,194
103,16,),75,320.42682,335.27362,178785,178967,182
103,16,date,74,309.048016666667,324.182333333333,178967,179157,190
103,0,blank,0,317.026266666667,339.248733333333,179157,179348,191
103,0,blank,0,301.829033333333,315.825566666667,179348,179443,95
103,0,blank,0,400.30356,311.45978,179475,179664,189
103,16,month,79,441.894933333333,331.700516666667,179664,179855,191
103,16,month,79,457.111083333333,329.708833333333,179855,180045,190
103,16,today,87,492.079883333333,331.116233333333,180045,180237,192
103,16,today,87,525.5904,324.40175,180237,180430,193
103,0,blank,0,564.336666666667,338.792,180430,180623,193
103,0,blank,0,569.953416666667,341.229216666667,180623,180818,195
103,16,day,83,569.093116666667,336.43455,180818,181011,193
103,0,blank,0,565.48315,340.862733333333,181011,181203,192
103,0,blank,0,602.38705,331.3274,181203,181398,195
103,0,blank,0,627.411383333333,337.7377,181398,181588,190
103,16,today,87,679.322833333333,336.07325,181588,181783,195
103,0,blank,0,705.424166666667,338.076466666667,181783,181977,194
103,16,year,89,711.229666666667,329.0927,181977,182073,96
103,0,blank,0,164.704516666667,395.449683333333,182136,182332,196
103,0,blank,0,111.437416666667,391.87825,182332,182528,196
103,0,blank,0,129.3781,382.07396,182528,182693,165
103,13,numberOfDays,51,110.49935,264.429216666667,182693,182889,196
103,13,numberOfDays,51,105.246566666667,255.833983333333,182889,183081,192
103,0,blank,0,98.13725,308.3567,183081,183273,192
103,0,blank,0,156.841883333333,400.287833333333,183273,183466,193
103,18,today,96,173.01558,365.36256,183466,183663,197
103,18,month,98,250.490616666667,376.1466,183663,183855,192
103,0,blank,0,257.48395,368.79215,183855,183951,96
103,0,blank,0,-350,-105,183981,184114,133
103,0,blank,0,242.3896,385.1057,184229,184355,126
103,0,blank,0,232.02442,387.20768,184473,184639,166
103,0,blank,0,334.8828,386.717633333333,184672,184775,103
103,0,blank,0,201.77944,359.03496,184841,185037,196
103,0,blank,0,218.1652,394.3595,185037,185205,168
103,0,blank,0,194.9031,370.81142,185205,185375,170
103,18,today,96,165.4021,377.108575,185375,185543,168
103,0,blank,0,138.33955,374.64275,185543,185668,125
103,13,numberOfDays,51,117.4602,262.66825,185700,185865,165
103,14,day,62,160.0794,273.7401,185865,186035,170
103,14,day,62,177.67592,273.96476,186035,186204,169
103,14,numberOfDays,64,253.56706,289.91288,186204,186371,167
103,14,numberOfDays,64,290.75122,279.08604,186371,186540,169
103,14,numberOfDays,64,285.945166666667,278.713933333333,186540,186636,96
103,0,blank,0,143.06326,309.13892,186669,186861,192
103,14,.,61,150.7779,275.870833333333,186861,187058,197
103,0,blank,0,168.499733333333,300.7428,187058,187255,197
103,0,blank,0,181.570316666667,307.0323,187255,187445,190
103,14,numberOfDays,64,261.021466666667,290.04385,187445,187640,195
103,14,numberOfDays,64,314.369966666667,291.633716666667,187640,187838,198
103,0,blank,0,341.60136,296.35606,187838,188013,175
103,0,blank,0,348.137116666667,303.016516666667,188013,188212,199
103,14,numberOfDays,64,319.61048,289.16614,188212,188384,172
103,14,numberOfDays,64,277.84618,283.13518,188384,188556,172
103,14,numberOfDays,64,293.25254,281.02302,188556,188725,169
103,0,blank,0,353.06208,278.44654,188725,188897,172
103,0,blank,0,347.57976,283.84406,188897,189067,170
103,14,today,66,382.151466666667,291.818366666667,189067,189265,198
103,14,numberOfDays,64,303.772433333333,286.2788,189265,189462,197
103,14,numberOfDays,64,310.6818,281.0259,189462,189657,195
103,14,numberOfDays,64,324.25158,285.69646,189657,189829,172
103,14,numberOfDays,64,324.17464,287.55008,189829,189996,167
103,14,today,66,391.29225,285.175666666667,189996,190195,199
103,14,),68,414.06138,292.53834,190195,190364,169
103,14,today,66,395.044766666667,292.583716666667,190364,190562,198
103,14,today,66,379.75346,286.23126,190562,190729,167
103,14,today,66,380.9196,280.81362,190729,190896,167
103,14,today,66,138.468616666667,293.378666666667,190931,191129,198
103,0,blank,0,193.13965,286.122266666667,191129,191328,199
103,0,blank,0,186.6345,286.734016666667,191328,191523,195
103,14,day,62,169.1953,278.218,191523,191716,193
103,0,blank,0,152.253533333333,278.033283333333,191716,191910,194
103,20,tomorrow,103,153.59918,411.59418,191973,192163,190
103,0,blank,0,138.44688,379.27432,192163,192330,167
103,0,blank,0,162.6328,399.7184,192330,192363,33
103,0,blank,0,-350,-105,192395,192530,135
103,18,today,96,192.13636,381.05398,192719,192879,160
103,18,month,98,248.2369,380.76094,192879,193073,194
103,18,month,98,239.41256,379.83352,193073,193267,194
103,0,blank,0,263.753925,390.98775,193267,193458,191
103,18,12,100,313.98315,374.287983333333,193458,193654,196
103,0,blank,0,303.02706,384.19592,193654,193825,171
103,0,blank,0,239.38644,385.68046,193825,193991,166
103,18,month,98,241.58078,381.07792,193991,194162,171
103,18,today,96,183.879083333333,372.837183333333,194162,194360,198
103,0,blank,0,184.1443,392.2045,194360,194393,33
103,18,12,100,300.1702,371.305225,194426,194603,177
103,0,blank,0,316.560625,387.4026,194603,194793,190
103,20,comma,113,397.8575,416.588625,194793,194930,137
103,0,blank,0,422.414,433.8805,194930,195026,96
103,20,year,116,494.7666,425.2376,195026,195282,256
103,20,year,116,504.234866666667,425.950133333333,195282,195479,197
103,20,year,116,507.7169,423.99515,195479,195651,172
103,0,blank,0,458.2706,428.7365,195651,195683,32
103,0,blank,0,295.28192,387.24016,195718,195892,174
103,0,blank,0,254.4621,380.21405,195892,196062,170
103,0,blank,0,237.1794,390.0009,196062,196247,185
103,0,blank,0,149.174733333333,429.3255,196281,196480,199
103,20,tomorrow,103,147.142766666667,425.504533333333,196480,196579,99
103,20,struct,106,260.407525,425.7404,196613,196752,139
103,0,blank,0,272.8455,419.981633333333,196752,196882,130
103,0,blank,0,-350,-105,196949,197126,177
103,0,blank,0,-350,-105,198467,198658,191
103,0,blank,0,-350,-105,198658,198857,199
103,0,blank,0,-350,-105,198857,199026,169
103,0,blank,0,509.9344,542.61738,199111,199307,196
103,0,blank,0,476.8486,579.4134,199307,199338,31
103,20,year,116,509.9398,423.8112,199371,199402,31
103,0,blank,0,529.526783333333,536.3815,199434,199623,189
103,0,blank,0,552.5446,536.0253,199623,199687,64
103,0,blank,0,608.64845,457.32865,199718,199781,63
103,24,today,139,564.76605,500.0589,199812,199877,65
103,0,blank,0,570.99016,558.2128,199909,200074,165
103,0,blank,0,521.502825,585.2842,200074,200241,167
103,0,blank,0,472.158533333333,632.776266666667,200241,200395,154
103,0,blank,0,459.9831,631.993,200395,200447,52
103,0,blank,0,537.91325,562.742625,200541,200733,192
103,0,blank,0,567.11276,581.36696,200733,200908,175
103,0,blank,0,588.105533333333,566.4403,200908,201023,115
103,0,blank,0,657.5865,458.7688,201122,201187,65
103,0,blank,0,591.9529,544.5028,201220,201289,69
103,0,blank,0,-350,-105,202319,202438,119
103,0,blank,0,590.63225,597.07165,202519,202654,135
103,0,blank,0,591.9828,611.0566,202654,202740,86
103,0,blank,0,-350,-105,202891,203047,156
103,0,blank,0,502.7687,170.2279,203186,203272,86
103,0,blank,0,446.8413,246.33575,203342,203423,81
103,0,blank,0,-350,-105,203850,204068,218
103,0,blank,0,-350,-105,204068,204199,131
103,0,blank,0,-350,-105,204199,204374,175
103,0,blank,0,-350,-105,204374,204473,99
103,0,blank,0,-350,-105,204473,204664,191
103,0,blank,0,-350,-105,204664,204859,195
103,0,blank,0,-350,-105,204859,205008,149
103,0,blank,0,-350,-105,205008,206404,1396
103,0,blank,0,-350,-105,206404,206585,181
103,0,blank,0,-350,-105,206585,206646,61
103,0,blank,0,-350,-105,206646,207284,638
103,0,blank,0,-350,-105,207284,207482,198
103,0,blank,0,-350,-105,207482,207527,45
103,0,blank,0,-350,-105,207527,208968,1441
103,0,blank,0,-350,-105,208968,209346,378
103,0,blank,0,-350,-105,209346,209603,257
103,0,blank,0,-350,-105,209603,209772,169
103,0,blank,0,365.90745,532.198125,210512,210679,167
103,24,struct,127,207.779325,497.971975,210710,210835,125
103,0,blank,0,310.475433333333,526.900216666667,210867,211056,189
103,0,blank,0,350.5671,526.309266666667,211056,211246,190
103,0,blank,0,422.234233333333,521.860516666667,211246,211435,189
103,0,blank,0,418.459183333333,532.7549,211435,211623,188
103,0,blank,0,438.43615,530.8364,211623,211812,189
103,0,blank,0,475.921283333333,529.827216666667,211812,211999,187
103,0,blank,0,558.277116666667,536.078166666667,211999,212188,189
103,0,blank,0,558.2952,547.5116,212188,212283,95
103,28,numberOfDays,150,76.1197666666667,582.042083333333,212346,212540,194
103,0,blank,0,68.9690333333333,570.4696,212540,212732,192
103,0,blank,0,131.51375,561.391816666667,212732,212921,189
103,0,blank,0,147.361375,559.58135,212921,213047,126
103,0,blank,0,969.086333333333,227.849116666667,213110,213302,192
103,0,blank,0,998.87,263.6666,213302,213494,192
103,0,blank,0,1009.58783333333,256.579583333333,213494,213685,191
103,0,blank,0,1009.653,259.006466666667,213685,213880,195
103,0,blank,0,1010.81733333333,271.753166666667,213880,213978,98
103,13,(,52,219.29614,261.32302,214080,214249,169
103,13,numberOfDays,51,201.91582,257.27948,214249,214416,167
103,14,day,62,180.502316666667,282.250533333333,214416,214613,197
103,14,day,62,181.288416666667,292.101033333333,214613,214811,198
103,14,day,62,165.63498,276.10822,214811,214978,167
103,14,!=,63,212.42948,280.6492,214978,215174,196
103,14,numberOfDays,64,301.387533333333,286.969266666667,215174,215369,195
103,16,date,74,290.8652,327.77085,215369,215567,198
103,0,blank,0,319.038466666667,341.60335,215567,215766,199
103,0,blank,0,311.19,348.3007,215766,215802,36
103,14,day,62,183.662516666667,282.356116666667,215834,216028,194
103,0,blank,0,187.731883333333,288.668016666667,216028,216222,194
103,14,numberOfDays,64,237.7407,283.4195,216222,216415,193
103,14,numberOfDays,64,231.5848,292.8905,216415,216481,66
103,0,blank,0,-350,-105,216512,216622,110
103,18,today,96,175.7834,366.2929,216659,216708,49
103,18,today,96,147.11485,362.430466666667,216806,216995,189
103,0,blank,0,124.029625,369.510775,216995,217184,189
103,24,tomorrow,124,91.2434,503.296816666667,217213,217407,194
103,24,tomorrow,124,108.206925,495.497525,217407,217599,192
103,26,tomorrow,146,156.148116666667,544.0372,217599,217792,193
103,26,tomorrow,146,151.318875,552.390875,217792,217924,132
103,0,blank,0,286.653033333333,520.380866666667,217991,218084,93
103,24,tomorrow,124,102.97274,504.86794,218149,218333,184
103,24,tomorrow,124,100.041,497.0396,218333,218523,190
103,24,tomorrow,124,95.9711,509.462333333333,218523,218620,97
103,0,blank,0,307.22022,479.902,218686,218859,173
103,0,blank,0,411.3149,517.06528,218859,219035,176
103,0,blank,0,424.30245,530.971125,219035,219179,144
103,0,blank,0,444.65185,524.6743,219179,219352,173
103,0,blank,0,464.97876,526.19806,219352,219532,180
103,0,blank,0,500.29952,541.0706,219532,219710,178
103,0,blank,0,490.83234,528.14314,219710,219886,176
103,0,blank,0,527.87076,524.38134,219886,220064,178
103,0,blank,0,537.6206,529.99976,220064,220241,177
103,0,blank,0,1012.0258,307.9927,220313,220510,197
103,0,blank,0,1017.87175,272.61565,220510,220652,142
103,16,today,87,399.48474,324.72754,220719,220893,174
103,0,blank,0,310.0966,314.30258,220893,221067,174
103,0,blank,0,275.594025,302.282025,221067,221210,143
103,16,{,76,338.356266666667,335.583966666667,221210,221404,194
103,0,blank,0,404.89276,326.6847,221404,221579,175
103,0,blank,0,414.9346,307.503475,221579,221719,140
103,0,blank,0,409.38574,313.0867,221719,221918,199
103,0,blank,0,412.79215,320.95665,221918,221985,67
104,0,blank,0,210.19975,677.9083,223743,223834,91
104,60,;,362,127.7777,673.2376,223834,224079,245
104,59,"Tomorrow'sdateis%i/%i/%.2i.\n",343,124.171775,654.745675,224079,224264,185
104,0,blank,0,111.321,698.4404,224264,224393,129
104,59,"Tomorrow'sdateis%i/%i/%.2i.\n",343,168.6854,654.1276,224393,224520,127
104,0,blank,0,-350,-105,225264,225354,90
104,0,blank,0,-350,-105,225354,229973,4619
104,0,blank,0,-350,-105,229973,230149,176
104,0,blank,0,-350,-105,230149,230329,180
104,0,blank,0,-350,-105,230329,230434,105
104,0,blank,0,-350,-105,230434,230686,252
104,0,blank,0,-350,-105,230686,230882,196
104,0,blank,0,-350,-105,230882,230961,79
105,0,blank,0,238.644016666667,225.232933333333,234037,234228,191
105,37,true,208,287.972433333333,227.394616666667,234228,234425,197
105,0,blank,0,318.47188,219.82416,234425,234591,166
105,0,blank,0,243.3078,165.86004,234591,234789,198
105,34,30,186,223.99508,154.40856,234789,234979,190
105,0,blank,0,244.1931,525.073966666667,235043,235203,160
105,47,true,277,252.17046,444.19864,235236,235412,176
105,0,blank,0,234.965133333333,421.871166666667,235412,235607,195
105,45,leapYearFlag,245,207.70166,399.94526,235607,235797,190
105,0,blank,0,242.397416666667,356.639116666667,235797,235983,186
105,0,blank,0,290.6317,361.5489,235983,236047,64
105,0,blank,0,210.449566666667,195.187933333333,236112,236303,191
105,0,blank,0,220.111683333333,208.776483333333,236303,236498,195
105,0,blank,0,289.26012,392.47854,236564,236733,169
105,0,blank,0,279.05384,381.8404,236733,236905,172
105,43,date,240,269.74846,362.2282,236905,237075,170
105,0,blank,0,286.422625,388.388575,237075,237243,168
105,0,blank,0,286.39254,385.89782,237243,237412,169
105,46,&&,257,279.52405,416.55335,237412,237610,198
105,47,true,277,268.13766,437.56686,237610,237805,195
105,46,==,272,224.23834,414.18292,237805,238000,195
105,46,4,254,204.023133333333,427.8607,238000,238191,191
105,46,%,270,175.32218,423.22394,238191,238387,196
105,47,leapYearFlag,275,169.447866666667,442.0721,238387,238489,102
105,46,year,269,343.6267,429.45426,238557,238744,187
105,46,%,270,374.4027,420.46645,238744,238875,131
105,0,blank,0,-350,-105,238997,239180,183
105,0,blank,0,-350,-105,239180,239298,118
105,46,&&,257,277.21235,421.13335,239349,239544,195
105,0,blank,0,289.300983333333,431.914666666667,239544,239743,199
105,0,blank,0,286.9804,425.8226,239743,239849,106
105,0,blank,0,187.0664,532.366283333333,239881,240069,188
105,50,leapYearFlag,285,182.562216666667,508.872216666667,240069,240255,186
105,50,leapYearFlag,285,186.08992,505.73454,240255,240412,157
105,49,leapYearFlag,280,163.00175,481.104,240506,240571,65
105,0,blank,0,295.1408,542.35688,240631,240826,195
105,0,blank,0,267.985166666667,603.231533333333,240991,241116,125
105,0,blank,0,-350,-105,241205,241391,186
105,0,blank,0,-350,-105,241391,241417,26
105,0,blank,0,225.653783333333,525.371766666667,241610,241793,183
105,0,blank,0,225.954116666667,525.49685,241793,241980,187
105,0,blank,0,-350,-105,242281,242440,159
105,50,leapYearFlag,285,203.92982,498.49586,242596,242784,188
105,49,false,282,244.734,486.986666666667,242784,242975,191
105,0,blank,0,300.8661,499.987416666667,242975,243166,191
105,0,blank,0,309.5449,510.425,243166,243293,127
105,0,blank,0,193.647166666667,520.671116666667,243325,243520,195
105,50,leapYearFlag,285,179.826416666667,509.058283333333,243520,243718,198
105,0,blank,0,132.00998,497.57934,243718,243890,172
105,49,leapYearFlag,280,156.0387,487.267616666667,243890,244086,196
105,49,leapYearFlag,280,149.88475,494.2066,244086,244152,66
105,49,leapYearFlag,280,158.615433333333,483.75145,244217,244408,191
105,0,blank,0,131.596033333333,475.07285,244408,244598,190
105,49,leapYearFlag,280,185.376016666667,485.242183333333,244598,244790,192
105,49,leapYearFlag,280,187.461316666667,486.844616666667,244790,244980,190
105,49,leapYearFlag,280,203.55754,485.84374,244980,245165,185
105,0,blank,0,231.819733333333,487.0163,245165,245305,140
105,0,blank,0,291.4259,503.5186,245305,245424,119
105,0,blank,0,273.49355,458.09215,245424,245612,188
105,0,blank,0,279.3374,460.462,245612,245718,106
105,0,blank,0,157.54345,462.200666666667,245749,245941,192
105,0,blank,0,153.020583333333,456.092316666667,245941,246134,193
105,0,blank,0,224.963266666667,448.071566666667,246134,246327,193
105,47,=,276,213.873633333333,445.058616666667,246327,246516,189
105,47,true,277,264.799433333333,449.89535,246516,246713,197
105,49,false,282,274.60814,476.0896,246713,246880,167
105,0,blank,0,282.365275,504.184025,246880,247052,172
105,50,leapYearFlag,285,195.2889,508.09056,247052,247220,168
105,0,blank,0,200.59208,526.4146,247220,247393,173
105,0,blank,0,178.812383333333,532.209833333333,247393,247592,199
105,0,blank,0,192.7682,553.5535,247592,247625,33
105,54,dateUpdate,296,183.80072,597.81158,247659,247827,168
105,54,dateUpdate,296,171.90344,598.16078,247827,248018,191
105,0,blank,0,140.41306,366.33954,248051,248217,166
105,0,blank,0,144.439733333333,335.610666666667,248217,248412,195
105,40,daysPerMonth,223,160.865866666667,297.7264,248412,248601,189
105,0,blank,0,147.327933333333,282.231216666667,248601,248789,188
105,0,blank,0,152.895966666667,272.795266666667,248789,248975,186
105,40,daysPerMonth,223,201.0363,281.430283333333,248975,249161,186
105,0,blank,0,196.51285,249.11935,249161,249225,64
105,0,blank,0,246.876833333333,265.425016666667,249321,249510,189
105,40,month,227,334.901166666667,289.1103,249510,249696,186
105,0,blank,0,325.46328,302.58414,249696,249865,169
105,40,month,227,332.18576,295.6126,249865,250032,167
105,0,blank,0,380.210775,293.36595,250032,250164,132
105,41,days,233,126.3154,319.39158,250196,250363,167
105,0,blank,0,161.528233333333,204.53865,250363,250562,199
105,0,blank,0,188.303816666667,140.2543,250562,250754,192
105,0,blank,0,202.297066666667,166.79135,250754,250947,193
105,0,blank,0,201.2877,188.57705,250947,251145,198
105,37,(,204,210.056766666667,213.123483333333,251145,251340,195
105,0,blank,0,221.509533333333,187.051166666667,251340,251524,184
105,35,31,198,300.227083333333,173.18195,251524,251718,194
105,0,blank,0,321.233416666667,183.50415,251718,251911,193
105,34,comma,187,306.134383333333,149.687683333333,251911,252109,198
105,0,blank,0,319.2664,176.444933333333,252109,252303,194
105,0,blank,0,158.64302,180.91992,252336,252495,159
105,34,comma,187,265.25448,164.54372,252495,252674,179
105,35,31,198,286.833866666667,186.555766666667,252674,252864,190
105,35,31,198,292.780416666667,176.0998,252864,253055,191
105,35,31,198,295.256866666667,174.910133333333,253055,253248,193
105,0,blank,0,272.506316666667,177.441016666667,253248,253436,188
105,0,blank,0,279.01315,171.592866666667,253436,253621,185
105,34,30,186,289.8742,163.9995,253621,253806,185
105,35,31,198,302.834883333333,170.006866666667,253806,253995,189
105,34,30,186,298.120116666667,164.349116666667,253995,254194,199
105,0,blank,0,323.94255,181.9219,254194,254327,133
105,0,blank,0,1043.1348,620.14242,254478,254665,187
105,0,blank,0,1030.06566666667,560.327616666667,254665,254859,194
105,0,blank,0,1022.7265,488.558033333333,254859,255057,198
105,0,blank,0,1028.59383333333,504.416716666667,255057,255254,197
105,0,blank,0,1025.1715,501.577125,255254,255382,128
105,0,blank,0,1008.8978,165.0188,255446,255606,160
106,0,blank,0,355.766333333333,215.031166666667,256372,256569,197
106,0,blank,0,354.9924,196.9861,256569,256603,34
106,0,blank,0,-350,-105,256669,256706,37
106,3,<,18,98.3179,61.9647,256845,257024,179
106,0,blank,0,122.818983333333,104.98085,257024,257210,186
106,7,day,30,106.54285,142.8539,257210,257400,190
106,6,month,27,93.7647,119.9239,257400,257462,62
106,0,blank,0,-350,-105,257525,257660,135
106,0,blank,0,330.375483333333,547.366883333333,257847,258021,174
106,0,blank,0,355.40245,541.947566666667,258021,258207,186
106,0,blank,0,430.378766666667,546.817,258207,258390,183
106,0,blank,0,478.69916,533.3048,258390,258569,179
106,24,month,135,483.927766666667,524.855366666667,258569,258751,182
106,0,blank,0,517.6695,525.792683333333,258751,258933,182
106,0,blank,0,540.564966666667,471.405966666667,258933,259126,193
106,0,blank,0,553.045666666667,451.267333333333,259126,259219,93
106,0,blank,0,252.87308,535.99916,259250,259434,184
106,24,struct,127,249.7698,512.8331,259434,259460,26
106,0,blank,0,171.12485,550.053466666667,259489,259676,187
106,26,tomorrow,146,179.52415,559.252616666667,259676,259863,187
106,0,blank,0,180.6205,546.97435,259863,259926,63
106,0,blank,0,183.625516666667,459.9661,259957,260144,187
106,18,.,97,195.205833333333,388.835783333333,260144,260330,186
106,18,today,96,190.607066666667,383.067983333333,260330,260515,185
106,18,month,98,213.4124,391.91065,260515,260575,60
106,0,blank,0,222.640616666667,301.902966666667,260606,260793,187
106,0,blank,0,206.194383333333,324.697633333333,260793,260978,185
106,0,blank,0,201.238716666667,310.128616666667,260978,261165,187
106,0,blank,0,347.003366666667,318.637533333333,261196,261380,184
106,0,blank,0,344.705975,307.4107,261380,261504,124
106,0,blank,0,354.24275,310.2032,261504,261675,171
106,0,blank,0,382.428825,312.27565,261675,261799,124
