Frameno_fix,lineno_fix,Tokenname_fix,tokens_id,gaze_X_fix,gaze_Y_fix,timestamp_fix_start,timestamp_fix_end,time_duration
100,0,blank,0,-3.46023333333333,-47.2758,17559,17733,174
100,0,blank,0,14.48445,-40.5351,17733,17796,63
100,0,blank,0,408.226583333333,-17.7661833333333,17828,18021,193
100,0,blank,0,377.808566666667,-16.5634,18021,18215,194
100,0,blank,0,347.210483333333,-13.2691333333333,18215,18412,197
100,0,blank,0,332.989683333333,-4.81706666666666,18412,18607,195
100,1,tomorrow,6,316.494983333333,9.73001666666667,18607,18803,196
100,0,blank,0,218.779083333333,0.585599999999999,18803,18999,196
100,0,blank,0,84.7093,2.19953333333333,18999,19196,197
100,0,blank,0,74.8585166666667,-18.4579333333333,19196,19390,194
100,0,blank,0,140.080733333333,-15.41355,19390,19587,197
100,0,blank,0,145.5424,-5.7306,19587,19653,66
100,0,blank,0,-350,-105,19749,19931,182
100,0,blank,0,-350,-105,19931,20012,81
100,0,blank,0,233.221116666667,208.277683333333,20042,20230,188
100,0,blank,0,232.49975,207.64705,20230,20299,69
100,0,blank,0,78.21878,176.58336,20332,20501,169
100,8,year,33,84.3952666666667,162.5182,20501,20599,98
100,0,blank,0,92.3639666666667,48.4062666666667,20631,20823,192
100,3,<,18,101.1896,51.75156,20823,20983,160
100,0,blank,0,900.241166666667,101.587183333333,21047,21246,199
100,0,blank,0,915.7895,90.9555,21246,21310,64
100,0,blank,0,1003.433,88.35612,21343,21511,168
100,0,blank,0,1000.0666,89.50054,21511,21682,171
100,0,blank,0,1001.7902,88.60614,21682,21855,173
100,0,blank,0,1004.7156,103.66214,21855,22027,172
100,0,blank,0,1006.0116,108.27144,22027,22204,177
100,0,blank,0,1008.86966666667,97.8775333333333,22204,22307,103
100,0,blank,0,115.891016666667,42.1465333333333,22411,22610,199
100,3,stdbool,19,170.02334,49.94834,22610,22781,171
100,0,blank,0,175.47848,46.45728,22781,22950,169
100,0,blank,0,259.1876,43.794,22950,22983,33
100,0,blank,0,959.5948,242.9497,23051,23219,168
100,0,blank,0,995.337666666667,264.104033333333,23219,23414,195
100,0,blank,0,1005.10866666667,326.872233333333,23414,23511,97
100,0,blank,0,194.169216666667,157.635183333333,23609,23804,195
100,10,dateUpdate,39,200.469,209.98448,23804,23977,173
100,10,dateUpdate,39,135.0254,206.26304,23977,24146,169
100,0,blank,0,149.583466666667,200.019866666667,24146,24344,198
100,10,date,42,87.516,211.63175,24344,24539,195
100,0,blank,0,114.20485,214.774266666667,24539,24732,193
100,10,dateUpdate,39,178.432983333333,213.680783333333,24732,24929,197
100,0,blank,0,207.575033333333,224.8356,24929,25124,195
100,10,struct,41,288.7547,220.572333333333,25124,25320,196
100,0,blank,0,354.429316666667,213.317616666667,25320,25516,196
100,10,date,42,343.55835,211.502683333333,25516,25713,197
100,10,struct,41,300.46345,212.8654,25713,25778,65
100,0,blank,0,125.671166666667,143.034216666667,25811,26007,196
100,0,blank,0,140.488216666667,149.7853,26007,26204,197
100,0,blank,0,142.9081,113.60516,26204,26372,168
100,0,blank,0,-350,-105,26437,26545,108
100,0,blank,0,80.5927,91.3972,26571,26604,33
100,0,blank,0,102.6545,86.5817833333333,26671,26857,186
100,0,blank,0,125.739283333333,79.5120333333333,26857,27056,199
100,8,year,33,99.38118,177.66038,27089,27258,169
100,0,blank,0,112.4367,199.7462,27258,27291,33
100,0,blank,0,219.40366,488.50106,27324,27494,170
100,24,=,125,178.44158,514.76334,27494,27658,164
100,0,blank,0,302.3213,539.4708,27691,27759,68
100,0,blank,0,-350.0286,-103.647,27826,28023,197
100,0,blank,0,-350.030533333333,-103.681,28023,28150,127
100,0,blank,0,-350.0196,-103.6952,28150,28331,181
100,0,blank,0,-330.4013,-104.34995,28331,28430,99
100,0,blank,0,-350,-105,28430,28581,151
100,0,blank,0,-350,-105,28581,28635,54
100,0,blank,0,-350,-105,28635,28844,209
100,0,blank,0,-350,-105,28844,28981,137
100,0,blank,0,-269.147475,-103.777025,28981,29145,164
100,8,year,33,82.3541166666667,177.29345,29213,29412,199
100,0,blank,0,75.2589333333333,194.874733333333,29412,29610,198
100,12,struct,46,100.2484,246.233833333333,29610,29804,194
100,12,struct,46,97.3143,246.45695,29804,29867,63
100,3,include,17,43.2475833333333,51.6057833333333,29899,30089,190
100,0,blank,0,71.7640666666667,42.7112666666667,30089,30277,188
100,0,blank,0,52.0564,93.5089333333333,30277,30468,191
100,4,struct,23,52.53885,80.1,30468,30659,191
100,0,blank,0,55.0775833333333,67.77805,30659,30850,191
100,0,blank,0,42.0772333333333,152.87185,30850,31042,192
100,0,blank,0,65.93205,190.86195,31042,31236,194
100,7,int,29,66.6957,154.64965,31236,31429,193
100,6,int,26,61.1019166666667,125.236483333333,31429,31621,192
100,0,blank,0,24.9920833333333,109.944283333333,31621,31815,194
100,0,blank,0,25.2901666666667,98.5985,31815,32010,195
100,0,blank,0,34.42725,67.6327333333333,32010,32200,190
100,0,blank,0,44.4655833333333,68.9059833333333,32200,32389,189
100,4,struct,23,42.6532666666667,71.1251166666667,32389,32579,190
100,3,include,17,16.3123833333333,61.5143333333333,32579,32768,189
100,4,struct,23,34.3877166666667,79.8109333333333,32768,32959,191
100,0,blank,0,56.4372166666667,100.280283333333,32959,33149,190
100,6,int,26,67.203,121.09375,33149,33338,189
100,7,int,29,65.2005166666667,144.5058,33338,33527,189
100,6,int,26,63.51765,129.660816666667,33527,33718,191
100,0,blank,0,52.1224166666667,64.0307666666667,33718,33908,190
100,3,include,17,49.545225,56.856775,33908,34036,128
100,0,blank,0,69.6203166666667,211.5946,34067,34257,190
100,10,struct,41,12.9383666666667,208.803383333333,34257,34451,194
100,10,struct,41,24.35645,201.154066666667,34451,34646,195
100,10,date,42,81.9263833333333,201.923683333333,34646,34838,192
100,10,dateUpdate,39,123.384766666667,206.127916666667,34838,35024,186
100,10,date,42,111.80355,208.624533333333,35024,35212,188
100,10,date,42,84.7734166666667,206.39415,35212,35401,189
100,10,struct,41,57.25595,207.624183333333,35401,35588,187
100,0,blank,0,28.0010166666667,198.987366666667,35588,35777,189
100,10,struct,41,56.9467833333333,205.364966666667,35777,35967,190
100,0,blank,0,29.3916666666667,120.993433333333,35967,36153,186
100,4,struct,23,19.87745,70.687,36153,36345,192
100,0,blank,0,35.7930833333333,64.8121,36345,36537,192
100,0,blank,0,53.7339666666667,99.0503166666667,36537,36731,194
100,10,struct,41,57.6923,206.3869,36731,36897,166
100,10,struct,41,20.7182,216.39014,36897,37065,168
100,0,blank,0,114.4768,213.277066666667,37065,37262,197
100,10,date,42,113.137316666667,215.328966666667,37262,37458,196
100,10,date,42,110.675016666667,208.6189,37458,37653,195
100,0,blank,0,68.9999,206.817933333333,37653,37818,165
100,10,struct,41,7.4871,212.5739,37818,37919,101
100,0,blank,0,-350,-105,38044,38164,120
100,10,struct,41,55.5356,210.6457,38196,38229,33
100,10,struct,41,46.0055666666667,212.7464,38295,38480,185
100,0,blank,0,31.7362666666667,507.27575,38514,38711,197
100,29,{,156,7.54785,634.894483333333,38711,38909,198
100,0,blank,0,24.99506,631.27898,38909,39073,164
100,10,struct,41,35.1906666666667,217.511433333333,39137,39327,190
100,10,struct,41,41.4075166666667,217.259966666667,39327,39517,190
100,10,date,42,89.5180833333333,214.027516666667,39517,39712,195
100,10,dateUpdate,39,126.3268,215.593616666667,39712,39903,191
100,10,dateUpdate,39,147.632583333333,206.202916666667,39903,40093,190
100,10,(,40,237.299366666667,212.901116666667,40093,40285,192
100,0,blank,0,225.19212,201.13034,40285,40449,164
100,3,#,16,13.1503666666667,49.6708333333333,40514,40709,195
100,3,include,17,40.6099666666667,49.9496166666667,40709,40899,190
100,3,include,17,53.4586666666667,50.7742,40899,41087,188
100,3,include,17,26.5039666666667,54.5416333333333,41087,41277,190
100,3,#,16,11.3515,48.4324,41277,41309,32
100,0,blank,0,45.2664166666667,197.095116666667,41341,41534,193
100,10,struct,41,15.9040333333333,206.0135,41534,41731,197
100,0,blank,0,120.138983333333,210.729083333333,41731,41929,198
100,10,date,42,111.53225,216.547516666667,41929,42120,191
100,10,date,42,88.79805,209.9961,42120,42313,193
100,0,blank,0,71.9426833333333,217.1156,42313,42508,195
100,12,struct,46,47.7056666666667,246.112583333333,42508,42704,196
100,10,struct,41,11.9335,214.664816666667,42704,42896,192
100,10,struct,41,33.5986666666667,208.832533333333,42896,43085,189
100,10,struct,41,61.1634666666667,204.73945,43085,43277,192
100,10,struct,41,46.633725,210.62585,43277,43408,131
100,0,blank,0,224.492516666667,208.10235,43441,43629,188
100,10,struct,41,265.806583333333,201.907466666667,43629,43817,188
100,10,struct,41,257.578916666667,207.014966666667,43817,44006,189
100,10,dateUpdate,39,200.08805,211.43185,44006,44196,190
100,10,date,42,103.14425,206.748233333333,44196,44386,190
100,10,struct,41,14.7806666666667,202.847216666667,44386,44576,190
100,10,struct,41,14.6726166666667,206.896033333333,44576,44768,192
100,10,struct,41,47.2818666666667,204.56075,44768,44960,192
100,10,struct,41,45.9962333333333,213.428,44960,45152,192
100,10,struct,41,28.7438666666667,207.034066666667,45152,45347,195
100,0,blank,0,72.1346166666667,206.873816666667,45347,45539,192
100,10,struct,41,19.9529166666667,210.360766666667,45539,45731,192
100,10,struct,41,31.8729333333333,212.80015,45731,45923,192
100,0,blank,0,68.6555333333333,214.55475,45923,46114,191
100,0,blank,0,72.5703,221.7112,46114,46146,32
100,0,blank,0,-350,-105,46178,46312,134
100,0,blank,0,130.0509,187.5862,46353,46403,50
100,10,date,42,83.0243833333333,212.84925,46470,46651,181
100,10,struct,41,51.1838666666667,204.47285,46651,46843,192
100,0,blank,0,59.5694666666667,200.7857,46843,46939,96
100,0,blank,0,-350,-105,47523,47560,37
100,0,blank,0,-350,-105,47560,48336,776
100,0,blank,0,-350,-105,48336,48495,159
100,0,blank,0,-350,-105,48495,48674,179
100,0,blank,0,-350,-105,48674,48852,178
100,0,blank,0,-350,-105,48852,49026,174
100,0,blank,0,-350,-105,49026,49208,182
100,0,blank,0,-350,-105,49208,49386,178
100,0,blank,0,-350,-105,49386,49568,182
100,0,blank,0,-350,-105,49568,49756,188
100,0,blank,0,-350,-105,49756,49931,175
100,0,blank,0,-350,-105,49931,50110,179
100,0,blank,0,-350,-105,50110,50287,177
100,0,blank,0,-350,-105,50287,50464,177
100,0,blank,0,-350,-105,50464,50641,177
100,0,blank,0,-350,-105,50641,50819,178
100,0,blank,0,-350,-105,50819,50998,179
100,0,blank,0,-350,-105,50998,51175,177
100,0,blank,0,-350,-105,51175,51354,179
100,0,blank,0,-350,-105,51354,51532,178
100,0,blank,0,-350,-105,51532,51710,178
100,0,blank,0,-350,-105,51710,51892,182
100,0,blank,0,-350,-105,51892,52070,178
100,0,blank,0,-350,-105,52070,52248,178
100,0,blank,0,-350,-105,52248,52426,178
100,0,blank,0,-350,-105,52426,52603,177
100,0,blank,0,-350,-105,52603,52781,178
100,0,blank,0,-350,-105,52781,52960,179
100,0,blank,0,-350,-105,52960,53138,178
100,0,blank,0,-350,-105,53138,53321,183
100,0,blank,0,-350,-105,53321,53498,177
100,0,blank,0,-350,-105,53498,53680,182
100,0,blank,0,-350,-105,53680,53867,187
100,0,blank,0,-350,-105,53867,54042,175
100,0,blank,0,-350,-105,54042,54229,187
100,0,blank,0,-350,-105,54229,54413,184
100,0,blank,0,-350,-105,54413,54591,178
100,0,blank,0,-350,-105,54591,54768,177
100,0,blank,0,-350,-105,54768,54946,178
100,0,blank,0,-350,-105,54946,55125,179
100,0,blank,0,-350,-105,55125,55304,179
100,0,blank,0,-350,-105,55304,55480,176
100,0,blank,0,-350,-105,55480,55657,177
100,0,blank,0,-350,-105,55657,55837,180
100,0,blank,0,-350,-105,55837,56016,179
100,0,blank,0,-350,-105,56016,56195,179
100,0,blank,0,-350,-105,56195,56372,177
100,0,blank,0,-350,-105,56372,56551,179
100,0,blank,0,-350,-105,56551,56621,70
100,0,blank,0,-350,-105,56621,56770,149
100,0,blank,0,-350,-105,56770,57185,415
100,13,numberOfDays,51,125.014216666667,275.3498,57316,57491,175
100,13,numberOfDays,51,87.5443333333333,281.10635,57491,57675,184
100,13,int,50,46.2884166666667,278.23855,57675,57861,186
100,13,int,50,50.84585,282.692083333333,57861,58047,186
100,13,numberOfDays,51,121.898766666667,272.314766666667,58047,58213,166
100,12,tomorrow,48,196.5383,260.9768,58213,58303,90
100,12,tomorrow,48,202.76485,259.37185,58303,58485,182
100,13,struct,53,227.9266,269.561583333333,58485,58675,190
100,13,numberOfDays,51,198.331216666667,272.782333333333,58675,58862,187
100,13,numberOfDays,51,150.896933333333,278.584083333333,58862,59049,187
100,13,numberOfDays,51,111.597333333333,273.659983333333,59049,59235,186
100,13,int,50,46.8293833333333,270.921016666667,59235,59424,189
100,13,int,50,55.9927833333333,277.038166666667,59424,59613,189
100,13,numberOfDays,51,92.62424,275.04892,59613,59773,160
100,26,return,145,49.1326333333333,571.0974,59805,59997,192
100,0,blank,0,20.69355,622.651983333333,59997,60189,192
100,0,blank,0,91.8460333333333,619.42275,60189,60385,196
100,0,blank,0,169.836016666667,619.8474,60385,60579,194
100,28,struct,152,184.6332,617.6655,60579,60707,128
100,0,blank,0,126.805916666667,226.030766666667,60772,60964,192
100,0,blank,0,138.544783333333,226.194383333333,60964,61150,186
100,12,tomorrow,48,171.291383333333,250.310116666667,61150,61339,189
100,13,struct,53,252.425666666667,274.8617,61339,61532,193
100,13,struct,53,249.1391,275.348016666667,61532,61722,190
100,13,struct,53,243.31428,282.46154,61722,61879,157
100,12,date,47,130.35205,251.634583333333,61912,62100,188
100,12,struct,46,79.5689,249.407216666667,62100,62288,188
100,12,struct,46,91.48794,262.52144,62288,62444,156
100,0,blank,0,992.803666666667,139.5647,62572,62767,195
100,0,blank,0,994.743833333333,148.130766666667,62767,62960,193
100,0,blank,0,991.079166666667,153.466166666667,62960,63153,193
100,0,blank,0,991.5805,147.665333333333,63153,63347,194
100,0,blank,0,985.5722,149.18338,63347,63509,162
100,0,blank,0,213.11415,285.363616666667,63574,63771,197
100,0,blank,0,210.467483333333,286.3676,63771,63970,199
100,0,blank,0,222.39115,291.4213,63970,64035,65
101,28,numberOfDays,150,161.885616666667,205.531266666667,68878,69070,192
101,28,struct,152,213.84785,210.3533,69070,69196,126
101,34,31,184,255.039516666667,338.9799,69228,69421,193
101,34,31,184,252.2604,341.81855,69421,69484,63
101,0,blank,0,-324.685666666667,-103.694866666667,69549,69649,100
101,0,blank,0,-350,-105,69649,69784,135
101,0,blank,0,-350,-105,69784,69876,92
101,0,blank,0,21.4423833333333,306.567333333333,70276,70461,185
101,0,blank,0,36.3581333333333,238.89365,70461,70648,187
101,28,numberOfDays,150,44.1634,206.98825,70648,70773,125
101,0,blank,0,-350,-105,70836,71016,180
101,0,blank,0,-350,-105,71016,71197,181
101,0,blank,0,-350,-105,71197,71316,119
101,0,blank,0,87.24618,187.85074,71341,71488,147
101,0,blank,0,-115.2066,-34.4232833333333,71552,71745,193
101,0,blank,0,100.139916666667,220.4859,71777,71965,188
101,28,numberOfDays,150,100.10298,207.02768,71965,72122,157
101,0,blank,0,718.407,793.7383,72279,72310,31
101,0,blank,0,723.716,784.0792,72372,72403,31
101,0,blank,0,857.979666666667,-103.993933333333,72434,72526,92
101,0,blank,0,964.016833333333,779.084266666667,72618,72807,189
101,0,blank,0,969.4462,768.49248,72807,72972,165
101,0,blank,0,639.017466666667,724.571933333333,73004,73193,189
101,0,blank,0,646.9455,725.338875,73193,73320,127
101,0,blank,0,194.573483333333,189.057116666667,73386,73575,189
101,28,numberOfDays,150,160.5082,205.085116666667,73575,73764,189
101,28,numberOfDays,150,147.69155,212.821,73764,73952,188
101,28,numberOfDays,150,144.826733333333,209.490583333333,73952,74145,193
101,28,numberOfDays,150,145.16105,213.7362,74145,74336,191
101,28,numberOfDays,150,111.862066666667,215.7302,74336,74526,190
101,28,numberOfDays,150,152.120416666667,207.646083333333,74526,74714,188
101,28,struct,152,238.84675,209.014833333333,74714,74902,188
101,0,blank,0,-350,-105,74965,74991,26
101,0,blank,0,338.2146,423.1885,75043,75069,26
101,0,blank,0,301.519616666667,218.301716666667,75092,75281,189
101,0,blank,0,302.69215,213.1622,75281,75345,64
101,28,numberOfDays,150,152.1466,210.030516666667,75378,75574,196
101,28,numberOfDays,150,148.53432,211.9205,75574,75741,167
101,28,numberOfDays,150,156.4947,214.84442,75741,75911,170
101,28,struct,152,204.14038,210.45724,75911,76080,169
101,28,struct,152,235.3138,206.8826,76080,76250,170
101,0,blank,0,294.67096,205.32844,76250,76417,167
101,28,date,153,269.27936,202.68864,76417,76591,174
101,28,struct,152,235.99498,197.01768,76591,76763,172
101,0,blank,0,162.15058,196.75312,76763,76933,170
101,28,numberOfDays,150,162.9805,204.011833333333,76933,77131,198
101,0,blank,0,174.959333333333,207.000383333333,77131,77326,195
101,28,struct,152,222.398883333333,200.9228,77326,77524,198
101,28,date,153,272.968233333333,207.86665,77524,77718,194
101,28,d,154,305.54955,205.01295,77718,77911,193
101,28,),155,314.14045,207.489,77911,77976,65
101,28,numberOfDays,150,157.728583333333,211.97935,78008,78200,192
101,0,blank,0,168.979116666667,216.0986,78200,78390,190
101,0,blank,0,187.830675,229.156025,78390,78563,173
101,30,;,159,164.0317,244.1657,78563,78673,110
101,0,blank,0,118.4441,247.1951,78673,78789,116
101,30,days,158,145.5683,247.887475,78789,78974,185
101,28,numberOfDays,150,141.2941,217.348983333333,78974,79171,197
101,28,numberOfDays,150,120.5994,214.27795,79171,79363,192
101,30,days,158,144.458283333333,247.2936,79363,79553,190
101,0,blank,0,186.159316666667,248.554383333333,79553,79746,193
101,31,isLeapYear,161,168.120783333333,265.76505,79746,79939,193
101,0,blank,0,121.46414,275.74112,79939,80100,161
101,0,blank,0,233.103566666667,266.574566666667,80133,80329,196
101,31,isLeapYear,161,191.792916666667,272.8414,80329,80525,196
101,31,isLeapYear,161,185.993466666667,273.955433333333,80525,80721,196
101,31,isLeapYear,161,205.1345,277.4645,80721,80754,33
101,31,date,164,333.036266666667,275.147416666667,80788,80984,196
101,0,blank,0,354.529233333333,273.946933333333,80984,81176,192
101,31,d,165,372.713416666667,273.286133333333,81176,81369,193
101,0,blank,0,311.545716666667,267.25535,81369,81558,189
101,0,blank,0,308.718516666667,264.430933333333,81558,81746,188
101,31,struct,163,243.359133333333,280.147283333333,81746,81936,190
101,32,daysPerMonth,170,194.872366666667,289.413333333333,81936,82127,191
101,0,blank,0,309.786966666667,256.773966666667,82127,82318,191
101,31,),166,380.354916666667,263.16175,82318,82509,191
101,31,),166,374.596466666667,266.869383333333,82509,82700,191
101,31,d,165,368.54765,270.151616666667,82700,82891,191
101,0,blank,0,382.077983333333,270.283083333333,82891,83080,189
101,0,blank,0,382.3545,265.064683333333,83080,83270,190
101,32,daysPerMonth,170,207.611116666667,290.9721,83302,83491,189
101,32,daysPerMonth,170,153.469583333333,291.319033333333,83491,83682,191
101,32,daysPerMonth,170,153.016816666667,294.831033333333,83682,83871,189
101,32,daysPerMonth,170,197.21725,294.399216666667,83871,84061,190
101,32,12,172,276.737883333333,295.611166666667,84061,84252,191
101,0,blank,0,305.721266666667,297.0244,84252,84439,187
101,32,[,171,266.829716666667,291.3076,84439,84627,188
101,32,daysPerMonth,170,246.076,293.546033333333,84627,84817,190
101,0,blank,0,242.665133333333,346.48065,84817,85006,189
101,0,blank,0,190.836333333333,310.12885,85006,85196,190
101,32,daysPerMonth,170,213.160933333333,305.720583333333,85196,85385,189
101,32,daysPerMonth,170,260.456325,293.5692,85385,85512,127
101,0,blank,0,-350,-105,85575,85655,80
101,31,isLeapYear,161,135.8024,274.8639,85680,85716,36
101,0,blank,0,162.981316666667,285.605483333333,85782,85960,178
101,32,daysPerMonth,170,168.374983333333,287.720783333333,85960,86150,190
101,32,daysPerMonth,170,144.86935,300.745066666667,86150,86340,190
101,32,daysPerMonth,170,252.092216666667,299.332533333333,86340,86528,188
101,32,daysPerMonth,170,251.096833333333,296.6089,86528,86715,187
101,0,blank,0,303.298266666667,293.666683333333,86715,86901,186
101,0,blank,0,309.749533333333,295.748533333333,86901,87089,188
101,0,blank,0,245.70225,313.610333333333,87089,87277,188
101,0,blank,0,215.5237,350.2784,87277,87463,186
101,32,daysPerMonth,170,228.483216666667,294.73305,87463,87653,190
101,32,daysPerMonth,170,230.590033333333,289.114216666667,87653,87840,187
101,32,daysPerMonth,170,248.1865,301.34795,87840,88027,187
101,32,],173,296.605966666667,296.4006,88027,88213,186
101,32,=,174,315.76645,300.737633333333,88213,88398,185
101,0,blank,0,319.128366666667,341.362233333333,88398,88585,187
101,0,blank,0,325.72146,363.77672,88585,88741,156
101,35,30,196,171.923916666667,353.5584,88773,88961,188
101,34,comma,187,150.071983333333,343.787616666667,88961,89149,188
101,34,31,184,183.581983333333,348.026833333333,89149,89334,185
101,34,31,184,179.413316666667,333.4953,89334,89517,183
101,34,30,186,206.824033333333,346.4028,89517,89700,183
101,34,30,186,216.639733333333,334.224166666667,89700,89885,185
101,32,daysPerMonth,170,239.04265,299.212566666667,89885,90070,185
101,0,blank,0,189.16105,285.3289,90070,90255,185
101,0,blank,0,135.467866666667,296.149783333333,90255,90441,186
101,0,blank,0,131.651483333333,385.545166666667,90441,90627,186
101,37,isLeapYear,203,140.29905,414.7011,90627,90817,190
101,37,isLeapYear,203,169.317433333333,411.047916666667,90817,91006,189
101,0,blank,0,351.565033333333,404.7617,91037,91131,94
101,0,blank,0,181.07255,450.87645,91164,91350,186
101,0,blank,0,154.66534,438.54006,91350,91505,155
101,0,blank,0,404.864566666667,416.388616666667,91567,91766,199
101,37,month,212,417.65046,413.10842,91766,91933,167
101,37,2,214,471.429716666667,414.627666666667,91933,92128,195
101,37,month,212,423.0169,411.786983333333,92128,92325,197
101,37,true,208,294.626733333333,415.434916666667,92325,92517,192
101,0,blank,0,328.86255,416.334016666667,92517,92711,194
101,0,blank,0,427.0087,414.194366666667,92711,92900,189
101,37,==,213,445.333033333333,410.874283333333,92900,93089,189
101,0,blank,0,462.800583333333,402.667183333333,93089,93276,187
101,37,==,213,449.439466666667,403.684433333333,93276,93464,188
101,0,blank,0,232.469766666667,316.478566666667,93495,93682,187
101,32,daysPerMonth,170,200.14855,292.849766666667,93682,93868,186
101,32,daysPerMonth,170,232.5258,293.782233333333,93868,94054,186
101,32,],173,300.189566666667,298.303483333333,94054,94243,189
101,32,=,174,318.365033333333,302.84795,94243,94429,186
101,32,=,174,320.122533333333,303.8747,94429,94621,192
101,32,daysPerMonth,170,256.9315,298.012966666667,94621,94812,191
101,32,daysPerMonth,170,239.099966666667,301.82215,94812,95000,188
101,32,daysPerMonth,170,215.228866666667,297.414516666667,95000,95191,191
101,32,daysPerMonth,170,210.6252,299.4763,95191,95224,33
101,0,blank,0,-350,-105,95255,95439,184
101,37,isLeapYear,203,191.103083333333,402.485716666667,95471,95654,183
101,37,),215,224.797766666667,406.369533333333,95654,95848,194
101,37,==,213,257.23505,410.385233333333,95848,96044,196
101,0,blank,0,341.621933333333,407.494533333333,96044,96238,194
101,37,true,208,288.2284,403.530716666667,96238,96432,194
101,37,),215,225.2662,413.153183333333,96432,96628,196
101,0,blank,0,172.3694,416.947183333333,96628,96821,193
101,38,days,216,118.893933333333,419.460716666667,96821,97016,195
101,38,days,216,123.876266666667,420.045833333333,97016,97112,96
101,37,true,208,275.339933333333,407.979533333333,97145,97341,196
101,37,||,209,340.7599,410.334416666667,97341,97539,198
101,37,.,211,367.52515,414.3734,97539,97738,199
101,37,d,210,357.02475,405.8449,97738,97805,67
101,37,==,213,246.83234,409.4088,97840,98012,172
101,37,==,213,434.23698,405.71644,98045,98213,168
101,0,blank,0,414.67218,392.98704,98213,98381,168
101,0,blank,0,431.1167,394.235675,98381,98523,142
101,0,blank,0,482.1343,526.8553,98595,98626,31
101,0,blank,0,455.86536,379.61006,98659,98830,171
101,37,month,212,413.49095,397.1584,98830,98917,87
101,37,month,212,410.908,407.6535,98917,99034,117
101,37,month,212,413.7068,406.5678,99034,99137,103
101,38,29,218,173.62824,425.49786,99251,99433,182
101,38,29,218,165.37038,432.6047,99433,99603,170
101,0,blank,0,214.81914,437.50822,99603,99785,182
101,37,month,212,419.03616,399.2283,99821,99996,175
101,37,month,212,414.83212,396.57632,99996,100163,167
101,37,month,212,409.31514,404.0321,100163,100333,170
101,0,blank,0,429.8931,390.7608,100333,100403,70
101,0,blank,0,-350,-105,100439,100577,138
101,28,struct,152,218.4431,205.9249,100604,100633,29
101,0,blank,0,213.2092,229.0602,100705,100904,199
101,0,blank,0,197.511,242.14946,100904,101075,171
101,0,blank,0,162.88392,190.41648,101075,101247,172
101,28,numberOfDays,150,157.7119,198.82106,101247,101414,167
101,0,blank,0,232.77478,257.30834,101414,101580,166
101,0,blank,0,315.3681,244.01872,101580,101753,173
101,28,d,154,307.98188,202.40356,101753,101925,172
101,28,),155,321.59432,203.39684,101925,102096,171
101,0,blank,0,477.77928,431.0832,102132,102302,170
101,0,blank,0,425.84248,414.42758,102302,102472,170
101,0,blank,0,427.96242,406.3648,102472,102642,170
101,0,blank,0,462.63676,403.52888,102642,102816,174
101,0,blank,0,481.460475,394.082175,102816,102954,138
101,0,blank,0,217.9958,422.3495,102986,103154,168
101,38,;,219,174.656583333333,425.6698,103154,103349,195
101,38,29,218,163.22445,427.78485,103349,103415,66
101,0,blank,0,439.951483333333,388.963216666667,103448,103647,199
101,37,month,212,411.145725,395.9811,103647,103780,133
101,37,==,213,259.875833333333,408.474816666667,103813,104010,197
101,0,blank,0,321.95605,405.979533333333,104010,104208,198
101,37,||,209,337.4397,413.7557,104208,104377,169
101,37,true,208,287.71786,408.32712,104377,104545,168
101,37,==,213,255.3119,405.177816666667,104545,104740,195
101,37,==,213,256.4733,410.7895,104740,104804,64
101,37,month,212,374.884066666667,412.01145,104836,105029,193
101,0,blank,0,-350,-105,105062,105202,140
101,0,blank,0,272.077,405.172383333333,105357,105541,184
101,37,d,210,221.91164,414.19808,105541,105707,166
101,0,blank,0,198.6351,417.175466666667,105707,105808,101
101,0,blank,0,366.97966,420.87128,105842,106008,166
101,0,blank,0,397.22916,416.00224,106008,106175,167
101,37,month,212,405.737,405.80232,106175,106345,170
101,0,blank,0,459.9639,402.83634,106345,106517,172
101,37,),215,491.25544,412.18786,106517,106688,171
101,37,==,213,441.04874,409.89488,106688,106861,173
101,37,month,212,422.57516,406.48896,106861,107028,167
101,37,month,212,386.4364,405.35518,107028,107196,168
101,37,.,211,369.97762,406.11366,107196,107362,166
101,37,true,208,308.8259,407.9689,107362,107397,35
101,0,blank,0,139.849833333333,416.223733333333,107430,107629,199
101,37,isLeapYear,203,116.950016666667,408.171916666667,107629,107828,199
101,37,isLeapYear,203,137.73665,408.367033333333,107828,108023,195
101,37,isLeapYear,203,181.673933333333,412.062483333333,108023,108221,198
101,37,isLeapYear,203,185.98896,413.06148,108221,108391,170
101,37,isLeapYear,203,178.019566666667,407.6826,108391,108488,97
101,0,blank,0,252.087983333333,254.138566666667,108522,108716,194
101,0,blank,0,258.4086,257.54585,108716,108782,66
101,0,blank,0,302.04576,435.54734,108813,108980,167
101,40,month,227,316.16678,468.78906,108980,109146,166
101,0,blank,0,321.24114,488.62796,109146,109314,168
101,40,month,227,338.510483333333,477.75715,109314,109512,198
101,40,1,229,392.839333333333,481.419533333333,109512,109708,196
101,0,blank,0,219.052233333333,482.023133333333,109741,109936,195
101,40,daysPerMonth,223,169.2103,478.093566666667,109936,110134,198
101,0,blank,0,146.03465,473.970733333333,110134,110330,196
101,0,blank,0,151.985833333333,444.698933333333,110330,110527,197
101,40,daysPerMonth,223,187.873366666667,476.572233333333,110527,110719,192
101,0,blank,0,217.499066666667,503.705183333333,110719,110915,196
101,0,blank,0,245.82375,487.24415,110915,111105,190
101,40,month,227,335.844066666667,477.55985,111105,111304,199
101,0,blank,0,363.549566666667,475.456616666667,111304,111499,195
101,40,1,229,390.06765,477.651183333333,111499,111690,191
101,40,-,228,368.031183333333,476.45915,111690,111884,194
101,40,1,229,383.7478,480.805983333333,111884,112080,196
101,0,blank,0,403.111625,486.286575,112080,112207,127
101,40,daysPerMonth,223,221.243383333333,474.773266666667,112238,112431,193
101,0,blank,0,193.956133333333,424.640083333333,112431,112626,195
101,38,;,219,174.359266666667,428.998033333333,112626,112817,191
101,38,29,218,172.696033333333,430.3139,112817,113008,191
101,43,(,238,169.971033333333,528.80005,113008,113204,196
101,0,blank,0,177.270283333333,526.3231,113204,113398,194
101,0,blank,0,252.125,549.52305,113398,113593,195
101,0,blank,0,306.00046,559.72622,113593,113760,167
101,0,blank,0,322.1984,528.9446,113760,113794,34
101,37,==,213,449.71104,408.02002,113827,113990,163
101,0,blank,0,-350,-105,114054,114231,177
101,0,blank,0,398.9586,382.4624,114262,114281,19
101,0,blank,0,311.341183333333,420.15425,114314,114512,198
101,37,||,209,333.527416666667,404.796833333333,114512,114711,199
101,37,true,208,273.4097,400.694033333333,114711,114908,197
101,0,blank,0,264.386466666667,401.227766666667,114908,115100,192
101,0,blank,0,-350,-105,115696,115834,138
101,0,blank,0,-350,-105,115834,116000,166
101,0,blank,0,-350,-105,116000,116111,111
101,0,blank,0,210.52286,326.69716,116230,116379,149
101,38,29,218,170.3943,436.95815,116411,116599,188
101,0,blank,0,178.3171,449.1524,116599,116695,96
101,0,blank,0,253.885883333333,321.383866666667,116727,116919,192
101,0,blank,0,165.3162,329.747866666667,116919,117109,190
101,0,blank,0,197.251766666667,325.163016666667,117109,117297,188
101,34,30,186,218.1699,346.213075,117297,117422,125
101,0,blank,0,428.012133333333,397.402566666667,117454,117642,188
101,37,==,213,436.221366666667,402.106633333333,117642,117832,190
101,0,blank,0,462.7951,400.8801,117832,117861,29
101,34,comma,187,224.567483333333,348.275033333333,117923,118110,187
101,0,blank,0,242.997,262.55315,118110,118299,189
101,31,isLeapYear,161,222.755066666667,272.087916666667,118299,118486,187
101,0,blank,0,209.074416666667,253.94585,118486,118677,191
101,0,blank,0,212.974433333333,236.543183333333,118677,118868,191
101,31,struct,163,259.08705,269.476283333333,118868,119059,191
101,0,blank,0,322.66255,252.8134,119059,119249,190
101,0,blank,0,346.43315,255.05685,119249,119362,113
101,0,blank,0,370.303,257.9096,119362,119477,115
101,0,blank,0,368.7151,253.2022,119477,119582,105
101,0,blank,0,453.19425,391.904666666667,119661,119856,195
101,0,blank,0,477.5774,400.838866666667,119856,120049,193
101,0,blank,0,487.4488,390.660866666667,120049,120145,96
101,0,blank,0,263.385733333333,309.810633333333,120177,120366,189
101,0,blank,0,259.707216666667,313.256416666667,120366,120553,187
101,31,struct,163,249.849416666667,279.553,120553,120741,188
101,31,date,164,316.94085,282.80015,120741,120930,189
101,0,blank,0,311.05955,281.61325,120930,120994,64
101,0,blank,0,-350,-105,121058,121139,81
101,43,date,240,275.5276,531.6478,121165,121190,25
101,34,30,186,206.719516666667,335.886616666667,121246,121421,175
101,34,31,184,173.4996,341.4057,121421,121610,189
101,34,comma,187,184.253316666667,346.29495,121610,121801,191
101,35,comma,197,188.598383333333,358.016233333333,121801,121989,188
101,0,blank,0,232.398,406.8617,121989,122177,188
101,0,blank,0,240.919933333333,431.37795,122177,122362,185
101,0,blank,0,238.058216666667,419.733233333333,122362,122546,184
101,37,true,208,304.772333333333,395.775016666667,122546,122736,190
101,0,blank,0,363.13185,416.75655,122736,122925,189
101,0,blank,0,371.2117,421.6541,122925,122956,31
101,0,blank,0,299.8652,486.84205,122988,123115,127
101,43,struct,239,177.93045,535.235533333333,123146,123337,191
101,43,isLeapYear,237,146.976216666667,546.05185,123337,123527,190
101,0,blank,0,130.313383333333,557.595083333333,123527,123716,189
101,0,blank,0,165.368166666667,552.956216666667,123716,123906,190
101,43,date,240,275.449725,535.938625,123906,124032,126
102,0,blank,0,286.443033333333,449.377916666667,124096,124289,193
102,0,blank,0,290.193125,389.3259,124289,124416,127
102,40,=,222,140.247716666667,243.9047,124447,124636,189
102,0,blank,0,145.834016666667,313.279066666667,124636,124823,187
102,0,blank,0,137.227283333333,334.157633333333,124823,125011,188
102,0,blank,0,130.4264,322.7097,125011,125042,31
102,45,leapYearFlag,245,211.98375,344.860416666667,125074,125263,189
102,0,blank,0,191.846566666667,368.315316666667,125263,125454,191
102,46,year,269,148.156533333333,358.982,125454,125647,193
102,46,year,269,145.1024,358.726866666667,125647,125837,190
102,45,leapYearFlag,245,194.30255,352.839583333333,125837,126024,187
102,0,blank,0,234.42835,346.712983333333,126024,126207,183
102,0,blank,0,247.837383333333,351.54335,126207,126395,188
102,45,;,246,220.6831,351.46395,126395,126581,186
102,46,==,272,219.952016666667,360.29785,126581,126768,187
102,46,%,270,174.708683333333,359.676383333333,126768,126953,185
102,46,year,269,136.075716666667,360.24445,126953,127139,186
102,46,year,269,124.648966666667,357.11395,127139,127324,185
102,45,leapYearFlag,245,167.56895,353.261983333333,127324,127507,183
102,45,;,246,214.318333333333,355.662916666667,127507,127693,186
102,0,blank,0,243.270833333333,352.971533333333,127693,127877,184
102,0,blank,0,256.074875,352.89295,127877,128001,124
102,0,blank,0,457.256066666667,348.212533333333,128032,128214,182
102,46,%,270,586.158066666667,377.015016666667,128214,128400,186
102,46,400,271,632.467283333333,367.827133333333,128400,128587,187
102,0,blank,0,566.612216666667,378.66985,128587,128774,187
102,46,year,269,553.44862,359.32298,128774,128927,153
102,0,blank,0,161.0293,405.702716666667,128990,129178,188
102,0,blank,0,216.912533333333,415.314733333333,129178,129364,186
102,0,blank,0,279.094333333333,421.481516666667,129364,129548,184
102,49,false,282,258.726466666667,431.2516,129548,129734,186
102,46,year,269,149.4686,363.186183333333,129734,129917,183
102,45,leapYearFlag,245,133.3617,348.707216666667,129917,130101,184
102,46,year,269,147.5378,369.043016666667,130101,130285,184
102,47,leapYearFlag,275,176.024683333333,382.13905,130285,130470,185
102,0,blank,0,240.992233333333,377.092633333333,130470,130653,183
102,46,==,272,230.690766666667,376.541583333333,130653,130844,191
102,46,4,254,204.704833333333,374.796866666667,130844,131032,188
102,0,blank,0,185.061,368.3422,131032,131063,31
102,0,blank,0,-350,-105,131125,131282,157
102,46,==,272,218.1619,360.2402,131309,131335,26
102,46,==,272,224.918266666667,362.7644,131387,131558,171
102,0,blank,0,238.262533333333,369.791583333333,131558,131749,191
102,0,blank,0,238.14255,371.8455,131749,131813,64
102,0,blank,0,378.4152,354.671616666667,131846,132029,183
103,46,d,267,294.0104,375.299433333333,132091,132279,188
103,0,blank,0,256.902333333333,361.3645,132279,132462,183
103,0,blank,0,280.162966666667,379.103783333333,132462,132648,186
103,46,&&,257,270.8498,372.728733333333,132648,132832,184
103,0,blank,0,238.287666666667,373.530766666667,132832,133019,187
103,0,blank,0,212.778583333333,335.336016666667,133019,133208,189
103,41,days,233,137.625983333333,254.197166666667,133208,133399,191
103,0,blank,0,131.3179,268.5448,133399,133430,31
103,0,blank,0,262.140683333333,369.370183333333,133462,133655,193
103,0,blank,0,238.85235,373.045516666667,133655,133845,190
103,0,blank,0,236.2223,370.527,133845,133908,63
103,0,blank,0,28.199675,241.155775,133972,134099,127
103,46,0,273,243.064633333333,362.60995,134131,134325,194
103,46,&&,257,265.589616666667,367.84645,134325,134519,194
103,0,blank,0,292.981016666667,373.296966666667,134519,134707,188
103,46,d,267,300.3383,375.429333333333,134707,134900,193
103,0,blank,0,256.117966666667,374.8988,134900,135092,192
103,0,blank,0,260.521633333333,369.8948,135092,135189,97
103,0,blank,0,-158.572225,710.835225,135251,135378,127
103,0,blank,0,326.615666666667,346.978733333333,135442,135630,188
103,46,year,269,334.7245,366.325716666667,135630,135817,187
103,46,year,269,335.2056,370.9155,135817,136005,188
103,46,%,270,371.34642,367.06998,136005,136161,156
103,0,blank,0,-350,-105,136224,136383,159
103,0,blank,0,-350,-105,136383,136446,63
103,0,blank,0,440.9735,352.1572,136483,136655,172
103,46,100,262,383.897633333333,364.224383333333,136655,136846,191
103,46,year,269,325.761083333333,376.70455,136846,137031,185
103,46,year,269,346.256183333333,376.4922,137031,137215,184
103,46,%,270,371.940766666667,367.489816666667,137215,137397,182
103,46,%,270,373.710783333333,367.102183333333,137397,137581,184
103,46,100,262,386.456133333333,358.905133333333,137581,137764,183
103,0,blank,0,414.3814,358.809566666667,137764,137947,183
103,0,blank,0,416.849316666667,355.6456,137947,138130,183
103,0,blank,0,404.2338,406.0315,138130,138160,30
103,0,blank,0,-350,-105,138192,138298,106
103,46,!=,263,426.5509,366.6656,138324,138350,26
103,0,blank,0,430.19125,378.316083333333,138415,138587,172
103,0,blank,0,424.264283333333,367.742083333333,138587,138771,184
103,46,!=,263,442.276766666667,374.565266666667,138771,138952,181
103,46,0,273,463.435133333333,374.706966666667,138952,139134,182
103,0,blank,0,481.786683333333,373.202783333333,139134,139314,180
103,46,year,269,552.823616666667,366.344516666667,139314,139497,183
103,46,year,269,554.01592,365.66954,139497,139649,152
103,0,blank,0,630.85585,381.96325,139649,139779,130
103,46,400,271,619.7916,375.9718,139779,139877,98
103,0,blank,0,427.8541,378.97698,139991,140181,190
103,0,blank,0,453.32385,385.18245,140181,140362,181
103,0,blank,0,464.669566666667,379.8889,140362,140545,183
103,46,),274,466.360833333333,374.674016666667,140545,140728,183
103,0,blank,0,453.9265,378.8292,140728,140789,61
103,46,==,272,223.7065,359.0483,140819,141000,181
103,46,0,273,253.187266666667,376.572483333333,141000,141182,182
103,0,blank,0,290.740633333333,372.450733333333,141182,141363,181
103,46,d,267,299.29615,375.74185,141363,141424,61
103,0,blank,0,477.43585,361.24825,141454,141637,183
103,46,0,273,457.0065,366.761233333333,141637,141818,181
103,46,),274,471.01455,368.115716666667,141818,142000,182
103,0,blank,0,483.94745,372.6217,142000,142123,123
103,0,blank,0,-9.70496666666667,-12.2152666666667,142184,142368,184
103,0,blank,0,13.356,5.884,142368,142429,61
103,0,blank,0,522.68195,379.968466666667,142490,142676,186
103,46,year,269,542.059716666667,369.632483333333,142676,142860,184
103,46,year,269,554.57655,375.087516666667,142860,143043,183
103,0,blank,0,568.495016666667,379.470533333333,143043,143226,183
103,0,blank,0,556.861783333333,391.954816666667,143226,143407,181
103,46,d,267,513.491433333333,377.795416666667,143407,143590,183
103,0,blank,0,503.42055,376.567066666667,143590,143770,180
103,0,blank,0,483.33905,362.606383333333,143770,143951,181
103,46,.,268,529.213633333333,373.497683333333,143951,144133,182
103,46,year,269,541.592166666667,375.070833333333,144133,144316,183
103,46,year,269,552.542766666667,367.057466666667,144316,144495,179
103,0,blank,0,530.48885,379.638975,144495,144616,121
103,46,&&,257,267.69755,369.727333333333,144675,144855,180
103,46,&&,257,272.85375,374.261466666667,144855,145035,180
103,46,year,269,318.36875,370.255116666667,145035,145215,180
103,46,year,269,329.16345,377.189033333333,145215,145396,181
103,0,blank,0,350.56755,395.011,145396,145456,60
103,0,blank,0,532.381016666667,381.762383333333,145486,145668,182
103,46,d,267,517.777233333333,369.447033333333,145668,145851,183
103,46,0,273,462.4593,366.2719,145851,145882,31
103,0,blank,0,243.43285,415.049216666667,145912,146093,181
103,47,true,277,254.811433333333,395.572116666667,146093,146274,181
103,0,blank,0,554.907716666667,379.74755,146335,146519,184
103,46,.,268,529.7783,368.573816666667,146519,146700,181
103,0,blank,0,480.860833333333,369.7634,146700,146887,187
103,46,0,273,458.603383333333,358.467683333333,146887,147071,184
103,0,blank,0,421.8305,375.3438,147071,147102,31
103,0,blank,0,304.784416666667,385.690433333333,147133,147319,186
103,0,blank,0,302.391,378.16395,147319,147506,187
103,46,year,269,315.799525,376.22525,147506,147631,125
103,0,blank,0,557.764033333333,353.23755,147663,147852,189
103,0,blank,0,529.473783333333,355.793533333333,147852,148037,185
103,46,.,268,525.360483333333,364.218983333333,148037,148227,190
103,46,!=,263,430.57965,361.216566666667,148227,148415,188
103,46,!=,263,435.31565,369.5442,148415,148539,124
104,0,blank,0,525.41495,354.029016666667,148602,148786,184
104,0,blank,0,470.970916666667,355.085833333333,148786,148973,187
104,0,blank,0,480.357766666667,357.813816666667,148973,149160,187
104,0,blank,0,524.314033333333,357.069066666667,149160,149346,186
104,0,blank,0,532.593633333333,351.630466666667,149346,149441,95
104,0,blank,0,-350,-105,149505,149637,132
104,46,year,269,558.30665,369.061416666667,149729,149920,191
104,46,year,269,561.8358,363.814783333333,149920,150111,191
104,46,%,270,590.329033333333,375.021683333333,150111,150305,194
104,46,400,271,623.324566666667,373.2493,150305,150496,191
104,0,blank,0,612.07925,383.91655,150496,150686,190
104,46,year,269,568.527,372.00365,150686,150748,62
104,0,blank,0,169.613816666667,378.259616666667,150812,151001,189
104,0,blank,0,170.565433333333,365.088033333333,151001,151188,187
104,45,leapYearFlag,245,183.266633333333,348.12675,151188,151376,188
104,0,blank,0,222.807083333333,348.914283333333,151376,151563,187
104,45,leapYearFlag,245,158.4691,350.885583333333,151563,151748,185
104,45,leapYearFlag,245,138.4712,346.03285,151748,151934,186
104,45,leapYearFlag,245,142.455616666667,355.4844,151934,152118,184
104,45,leapYearFlag,245,187.939533333333,343.331333333333,152118,152304,186
104,0,blank,0,192.614883333333,373.9907,152304,152490,186
104,0,blank,0,241.507383333333,361.939783333333,152490,152680,190
104,46,==,272,224.936883333333,377.2312,152680,152868,188
104,47,leapYearFlag,275,197.187033333333,383.8965,152868,153054,186
104,47,leapYearFlag,275,188.98625,391.32945,153054,153240,186
104,46,==,272,233.831833333333,376.301616666667,153240,153431,191
104,47,true,277,234.036783333333,380.738566666667,153431,153615,184
104,46,0,273,246.130333333333,366.78805,153615,153806,191
104,46,d,267,300.065766666667,372.07025,153806,153999,193
104,0,blank,0,289.8199,365.4897,153999,154195,196
104,46,%,270,365.479183333333,366.259483333333,154195,154389,194
104,46,year,269,348.96675,367.592383333333,154389,154579,190
104,0,blank,0,332.9701,343.8348,154579,154642,63
104,0,blank,0,451.968366666667,362.031966666667,154672,154854,182
104,46,!=,263,438.488383333333,373.0451,154854,155038,184
104,0,blank,0,473.943066666667,359.737283333333,155038,155223,185
104,0,blank,0,438.291166666667,355.83475,155223,155407,184
104,46,%,270,368.92355,361.712766666667,155407,155592,185
104,46,year,269,341.7015,362.416083333333,155592,155777,185
104,46,year,269,343.2796,356.9176,155777,155809,32
104,0,blank,0,465.755766666667,354.716733333333,155840,156027,187
104,46,),274,466.16365,367.63045,156027,156214,187
104,0,blank,0,447.451375,372.9118,156214,156340,126
104,46,&&,257,271.7551,375.48326,156371,156526,155
104,46,400,271,618.37285,358.670766666667,156558,156745,187
104,46,year,269,544.90246,360.42476,156745,156902,157
104,45,leapYearFlag,245,203.11655,353.614966666667,156934,157124,190
104,0,blank,0,165.444733333333,356.50005,157124,157314,190
104,46,year,269,147.681166666667,370.0723,157314,157503,189
104,46,year,269,136.12105,362.564833333333,157503,157692,189
104,47,leapYearFlag,275,152.638866666667,382.533733333333,157692,157886,194
104,45,leapYearFlag,245,138.75895,342.893233333333,157886,158080,194
104,43,isLeapYear,237,132.248783333333,305.9906,158080,158271,191
104,43,isLeapYear,237,141.558975,306.0872,158271,158401,130
104,54,date,299,126.5839,538.015233333333,158433,158624,191
104,0,blank,0,125.881333333333,518.561716666667,158624,158812,188
104,47,leapYearFlag,275,141.7112,390.231783333333,158812,159003,191
104,45,leapYearFlag,245,154.846,351.581883333333,159003,159196,193
104,0,blank,0,171.802266666667,379.195616666667,159196,159384,188
104,0,blank,0,161.3801,411.073166666667,159384,159575,191
104,47,=,276,213.039133333333,395.68355,159575,159767,192
104,47,true,277,268.055116666667,392.053316666667,159767,159963,196
104,0,blank,0,285.842675,414.014,159963,160128,165
104,0,blank,0,294.5074,443.5228,160128,160242,114
104,50,leapYearFlag,285,204.5434,458.6987,160242,160356,114
104,50,leapYearFlag,285,195.203625,460.033375,160356,160544,188
104,50,leapYearFlag,285,151.337116666667,459.638933333333,160544,160738,194
104,50,leapYearFlag,285,194.71295,449.23025,160738,160932,194
104,50,leapYearFlag,285,233.47515,455.52545,160932,161125,193
104,50,;,286,236.988616666667,453.483416666667,161125,161317,192
104,0,blank,0,212.8342,384.7346,161317,161506,189
104,46,4,254,203.8595,376.692233333333,161506,161695,189
104,47,=,276,217.887183333333,390.746166666667,161695,161882,187
104,47,;,278,276.312666666667,399.475383333333,161882,162074,192
104,49,;,283,288.667716666667,425.8759,162074,162264,190
104,49,;,283,288.44695,428.214116666667,162264,162454,190
104,0,blank,0,287.770316666667,401.661283333333,162454,162644,190
104,47,true,277,240.0849,394.873116666667,162644,162834,190
104,46,==,272,222.064833333333,376.550616666667,162834,163027,193
104,46,%,270,182.824333333333,375.360733333333,163027,163217,190
104,0,blank,0,211.026616666667,368.502766666667,163217,163405,188
104,0,blank,0,246.9698,353.865,163405,163468,63
104,0,blank,0,-350,-105,163531,163673,142
104,0,blank,0,331.074933333333,348.1069,163700,163873,173
104,46,year,269,328.533,356.5037,163873,164030,157
104,0,blank,0,498.127166666667,347.521533333333,164062,164255,193
104,46,year,269,559.7459,356.944966666667,164255,164445,190
104,46,400,271,607.4114,365.489633333333,164445,164634,189
104,46,400,271,631.11645,360.1025,164634,164823,189
104,46,==,272,655.775516666667,357.69805,164823,165014,191
104,0,blank,0,671.821333333333,361.412866666667,165014,165204,190
104,46,400,271,608.582233333333,371.728316666667,165204,165394,190
104,46,400,271,603.7018,367.9104,165394,165426,32
105,46,400,271,611.692366666667,366.3341,165490,165681,191
105,46,400,271,609.541366666667,371.461466666667,165681,165778,97
105,0,blank,0,-350,-105,165813,165975,162
105,0,blank,0,-350,-105,165975,166014,39
105,0,blank,0,-350,-105,166014,166517,503
105,0,blank,0,-350,-105,166517,166691,174
105,0,blank,0,-350,-105,166691,166883,192
105,0,blank,0,-350,-105,166883,167067,184
105,0,blank,0,-350,-105,167067,167264,197
105,0,blank,0,-350,-105,167264,167433,169
105,0,blank,0,-350,-105,167433,167618,185
105,0,blank,0,-350,-105,167618,167735,117
105,0,blank,0,-350,-105,170525,170630,105
105,0,blank,0,-350,-105,170630,170958,328
105,0,blank,0,169.987925,370.182675,170991,171169,178
105,46,year,269,161.39695,365.341775,171169,171297,128
105,0,blank,0,334.2819,378.787616666667,171329,171523,194
105,0,blank,0,329.262033333333,379.300283333333,171523,171713,190
105,0,blank,0,323.306016666667,386.495933333333,171713,171904,191
105,46,year,269,323.070383333333,372.836833333333,171904,172094,190
105,46,year,269,333.76605,376.18625,172094,172220,126
105,0,blank,0,-350,-105,172283,172385,102
105,0,blank,0,304.8549,368.2355,172415,172453,38
105,46,d,267,300.81235,375.18115,172517,172633,116
105,0,blank,0,-111.781883333333,639.4436,172697,172889,192
105,0,blank,0,-98.1821,630.9326,172889,172921,32
105,0,blank,0,261.9505,329.477383333333,172952,173141,189
105,0,blank,0,293.188933333333,348.625066666667,173141,173326,185
105,0,blank,0,316.789016666667,340.123,173326,173511,185
105,0,blank,0,393.4993,263.5147,173511,173544,33
105,0,blank,0,685.449,231.3084,173677,173764,87
105,0,blank,0,-348.791066666667,165.964466666667,173854,174033,179
105,0,blank,0,-348.81555,181.38445,174033,174122,89
105,40,month,227,328.9588,244.48,174254,174300,46
105,46,&&,257,268.728,360.16735,174344,174434,90
105,0,blank,0,516.332816666667,382.510333333333,174467,174659,192
105,0,blank,0,472.891366666667,386.9486,174659,174847,188
105,0,blank,0,465.3193,388.1737,174847,174879,32
105,46,year,269,321.932316666667,372.5409,174910,175099,189
105,46,year,269,332.0933,374.104016666667,175099,175284,185
105,46,year,269,327.18095,375.7733,175284,175408,124
105,46,%,270,184.339166666667,360.375516666667,175438,175624,186
105,46,year,269,145.981383333333,359.025166666667,175624,175811,187
105,46,year,269,142.619766666667,366.184816666667,175811,175993,182
105,46,d,267,112.994916666667,366.106983333333,175993,176176,183
105,46,d,267,297.511883333333,364.6067,176208,176393,185
105,46,==,272,230.240316666667,367.115016666667,176393,176576,183
105,0,blank,0,209.762133333333,366.438783333333,176576,176761,185
105,46,year,269,315.7137,371.818283333333,176761,176947,186
105,46,year,269,327.319816666667,373.244416666667,176947,177133,186
105,46,year,269,315.439933333333,374.590633333333,177133,177317,184
105,46,year,269,312.9785,366.8751,177317,177348,31
105,46,year,269,162.19575,365.150016666667,177379,177563,184
105,46,year,269,154.792166666667,364.928816666667,177563,177747,184
105,46,year,269,147.615733333333,370.274733333333,177747,177932,185
105,46,year,269,146.976466666667,367.089033333333,177932,178117,185
105,0,blank,0,242.5369,366.791,178117,178147,30
105,0,blank,0,376.183383333333,376.296283333333,178179,178364,185
105,0,blank,0,520.396333333333,384.830766666667,178396,178580,184
105,46,.,268,526.44915,376.955266666667,178580,178767,187
105,0,blank,0,511.07595,383.5157,178767,178829,62
105,0,blank,0,164.138,367.556866666667,178859,179048,189
105,46,year,269,133.299883333333,362.046666666667,179048,179238,190
105,46,year,269,129.77205,362.598683333333,179238,179426,188
105,46,year,269,139.3425,367.453666666667,179426,179614,188
105,46,year,269,163.874266666667,363.347166666667,179614,179799,185
105,46,%,270,181.178883333333,364.040266666667,179799,179984,185
105,46,==,272,213.657666666667,367.845833333333,179984,180169,185
105,46,==,272,216.326166666667,369.139266666667,180169,180353,184
105,0,blank,0,262.04695,363.5095,180353,180506,153
105,0,blank,0,380.62615,377.98385,180624,180823,199
105,46,%,270,365.716983333333,373.7724,180823,181013,190
105,46,year,269,342.07932,369.90538,181013,181168,155
105,46,year,269,156.1877,364.950833333333,181199,181384,185
105,46,year,269,153.1787,372.15475,181384,181446,62
105,0,blank,0,-350,-105,181477,181663,186
105,0,blank,0,-350,-105,181663,181847,184
105,0,blank,0,-350,-105,181847,182009,162
105,0,blank,0,-350,-105,182009,182119,110
105,0,blank,0,-350,-105,182119,182312,193
105,0,blank,0,-350,-105,182312,182491,179
105,0,blank,0,-350,-105,182491,182668,177
105,0,blank,0,-350,-105,182668,182855,187
105,0,blank,0,-350,-105,182855,183032,177
105,0,blank,0,-350,-105,183032,183197,165
105,0,blank,0,-350,-105,183197,183377,180
105,0,blank,0,-350,-105,183377,183561,184
105,0,blank,0,-350,-105,183561,183747,186
105,0,blank,0,-350,-105,183747,183910,163
105,0,blank,0,-350,-105,183910,184060,150
105,0,blank,0,-350,-105,184060,184210,150
105,0,blank,0,-350,-105,184210,184385,175
105,0,blank,0,-350,-105,184385,184491,106
105,0,blank,0,-350,-105,184491,184589,98
105,0,blank,0,-350,-105,184589,184780,191
105,0,blank,0,-350,-105,184780,184961,181
105,0,blank,0,-350,-105,184961,184994,33
105,0,blank,0,-350,-105,184994,185458,464
105,0,blank,0,-350,-105,185458,185539,81
105,0,blank,0,-350,-105,185539,185774,235
105,0,blank,0,-350,-105,185774,185940,166
105,0,blank,0,-350,-105,185940,186099,159
105,0,blank,0,-350,-105,186099,186233,134
105,0,blank,0,-350,-105,186233,186394,161
105,0,blank,0,-350,-105,186394,186582,188
105,0,blank,0,-350,-105,186582,186781,199
105,0,blank,0,-350,-105,186781,186955,174
105,0,blank,0,-350,-105,186955,187040,85
105,0,blank,0,-350,-105,187040,187211,171
105,0,blank,0,-350,-105,187211,188803,1592
105,0,blank,0,-350,-105,188803,188983,180
105,0,blank,0,-350,-105,188983,189162,179
105,0,blank,0,-350,-105,189162,189339,177
105,0,blank,0,-350,-105,189339,189529,190
105,0,blank,0,-350,-105,189529,189711,182
105,0,blank,0,-350,-105,189711,189891,180
105,0,blank,0,-350,-105,189891,190072,181
105,0,blank,0,-350,-105,190072,190256,184
105,0,blank,0,-350,-105,190256,190440,184
105,0,blank,0,-350,-105,190440,190634,194
105,0,blank,0,-350,-105,190634,190829,195
105,0,blank,0,-350,-105,190829,191021,192
105,0,blank,0,-350,-105,191021,191220,199
105,0,blank,0,-350,-105,191220,191397,177
105,0,blank,0,-350,-105,191397,191573,176
105,0,blank,0,-350,-105,191573,191748,175
105,0,blank,0,-350,-105,191748,191808,60
105,0,blank,0,-350,-105,191808,191992,184
105,0,blank,0,-350,-105,191992,192148,156
105,0,blank,0,-350,-105,192148,192315,167
105,0,blank,0,-350,-105,192315,192493,178
105,0,blank,0,-350,-105,192493,192672,179
105,0,blank,0,-350,-105,192672,192855,183
105,0,blank,0,-350,-105,192855,193033,178
105,0,blank,0,-350,-105,193033,193219,186
105,0,blank,0,-350,-105,193219,193401,182
105,0,blank,0,-350,-105,193401,193584,183
105,0,blank,0,-350,-105,193584,193762,178
105,0,blank,0,-350,-105,193762,193937,175
105,0,blank,0,-350,-105,193937,194112,175
105,0,blank,0,-350,-105,194112,194295,183
105,0,blank,0,-350,-105,194295,194471,176
105,0,blank,0,-350,-105,194471,194650,179
105,0,blank,0,-350,-105,194650,194831,181
105,0,blank,0,-350,-105,194831,195011,180
105,0,blank,0,-350,-105,195011,195191,180
105,0,blank,0,-350,-105,195191,195379,188
105,0,blank,0,-350,-105,195379,195553,174
105,0,blank,0,-350,-105,195553,195728,175
105,0,blank,0,-350,-105,195728,195904,176
105,0,blank,0,-350,-105,195904,196081,177
105,0,blank,0,-350,-105,196081,196258,177
105,0,blank,0,-350,-105,196258,196443,185
105,0,blank,0,-350,-105,196443,196623,180
105,0,blank,0,-350,-105,196623,196805,182
105,0,blank,0,-350,-105,196805,196986,181
105,0,blank,0,-350,-105,196986,197165,179
105,0,blank,0,-350,-105,197165,197340,175
105,0,blank,0,-350,-105,197340,197520,180
105,0,blank,0,-350,-105,197520,197697,177
105,0,blank,0,-350,-105,197697,197873,176
105,0,blank,0,-350,-105,197873,198053,180
105,0,blank,0,-350,-105,198053,198237,184
105,0,blank,0,-350,-105,198237,198421,184
105,0,blank,0,-350,-105,198421,198582,161
105,0,blank,0,-350,-105,198582,198756,174
105,0,blank,0,-350,-105,198756,198933,177
105,0,blank,0,-350,-105,198933,199104,171
105,0,blank,0,-350,-105,199104,199296,192
105,0,blank,0,-350,-105,199296,199481,185
105,0,blank,0,-350,-105,199481,199668,187
105,0,blank,0,-350,-105,199668,199852,184
105,0,blank,0,-350,-105,199852,200025,173
105,0,blank,0,-350,-105,200025,200200,175
105,0,blank,0,-350,-105,200200,200378,178
105,0,blank,0,-350,-105,200378,200554,176
105,0,blank,0,-350,-105,200554,200627,73
105,0,blank,0,505.0958,362.8688,200660,200740,80
105,0,blank,0,577.8452,313.0197,200826,200903,77
105,46,400,271,616.1193,367.0619,200903,201050,147
105,0,blank,0,638.8336,342.9501,201050,201197,147
105,0,blank,0,599.61125,326.3284,201197,201347,150
105,0,blank,0,594.0108,341.1149,201347,201484,137
105,0,blank,0,-350,-105,201622,201813,191
105,0,blank,0,-350,-105,201813,201990,177
105,0,blank,0,-350,-105,201990,202187,197
105,0,blank,0,-350,-105,202187,202298,111
105,0,blank,0,592.9594,295.888175,202365,202547,182
105,46,year,269,552.0601,357.1618,202547,202644,97
105,0,blank,0,-350,-105,202728,202916,188
105,0,blank,0,-350,-105,202916,203092,176
105,0,blank,0,-350,-105,203092,203283,191
105,0,blank,0,-350,-105,203283,203462,179
105,0,blank,0,-350,-105,203462,203644,182
105,0,blank,0,-350,-105,203644,203824,180
105,0,blank,0,-350,-105,203824,204002,178
105,0,blank,0,-350,-105,204002,204176,174
105,0,blank,0,-350,-105,204176,204355,179
105,0,blank,0,-350,-105,204355,204533,178
105,0,blank,0,-350,-105,204533,204709,176
105,0,blank,0,-350,-105,204709,204901,192
105,0,blank,0,-350,-105,204901,205053,152
105,0,blank,0,-350,-105,205053,205237,184
105,0,blank,0,-350,-105,205237,205372,135
105,0,blank,0,-350,-105,205372,205559,187
105,0,blank,0,-350,-105,205559,205714,155
105,0,blank,0,-350,-105,205714,205900,186
105,0,blank,0,-350,-105,205900,206081,181
105,0,blank,0,-350,-105,206081,206268,187
105,0,blank,0,-350,-105,206268,206451,183
105,0,blank,0,-350,-105,206451,206633,182
105,0,blank,0,-350,-105,206633,206811,178
105,0,blank,0,-350,-105,206811,206986,175
105,0,blank,0,-350,-105,206986,207161,175
105,0,blank,0,-350,-105,207161,207344,183
105,0,blank,0,-350,-105,207344,207521,177
105,0,blank,0,-350,-105,207521,207699,178
105,0,blank,0,-350,-105,207699,207879,180
105,0,blank,0,-350,-105,207879,208060,181
105,0,blank,0,-350,-105,208060,208240,180
105,0,blank,0,-350,-105,208240,208429,189
105,0,blank,0,-350,-105,208429,208606,177
105,0,blank,0,-350,-105,208606,208779,173
105,0,blank,0,-350,-105,208779,208955,176
105,0,blank,0,-350,-105,208955,209106,151
105,0,blank,0,-350,-105,209106,209299,193
105,0,blank,0,-350,-105,209299,209461,162
105,0,blank,0,484.741225,341.024175,209806,209992,186
105,0,blank,0,490.822675,306.78425,209992,210175,183
105,0,blank,0,475.6156,301.4652,210175,210355,180
105,0,blank,0,512.659275,357.547975,210399,210567,168
105,46,year,269,557.662516666667,370.536333333333,210567,210754,187
105,0,blank,0,578.4873,368.29612,210754,210910,156
105,0,blank,0,423.233566666667,363.51165,210941,211129,188
105,46,!=,263,434.643433333333,365.086133333333,211129,211319,190
105,46,year,269,538.084283333333,362.873916666667,211319,211508,189
105,46,year,269,563.264383333333,372.437216666667,211508,211698,190
105,46,year,269,573.52628,371.68856,211698,211857,159
105,0,blank,0,416.809,371.693325,211889,212017,128
105,46,0,273,246.737366666667,358.056183333333,212049,212243,194
105,46,year,269,146.72625,362.3186,212243,212437,194
105,46,year,269,140.97425,360.6457,212437,212628,191
105,46,year,269,163.6774,359.675083333333,212628,212818,190
105,46,4,254,198.25315,358.43305,212818,213007,189
105,0,blank,0,212.266983333333,357.831783333333,213007,213195,188
105,45,leapYearFlag,245,166.619966666667,352.2964,213195,213383,188
105,46,year,269,145.91105,358.441766666667,213383,213571,188
105,46,year,269,137.956933333333,360.678566666667,213571,213762,191
105,46,.,268,118.103216666667,367.997133333333,213762,213954,192
105,46,d,267,111.284233333333,365.374516666667,213954,214148,194
105,46,year,269,144.2444,366.772183333333,214148,214340,192
105,46,year,269,160.984983333333,362.9709,214340,214530,190
105,46,%,270,182.292433333333,356.976033333333,214530,214720,190
105,46,year,269,141.498116666667,358.8865,214720,214910,190
105,45,leapYearFlag,245,144.233833333333,352.7464,214910,215004,94
105,0,blank,0,-350,-105,215036,215222,186
105,45,leapYearFlag,245,177.368133333333,342.746383333333,215251,215427,176
105,0,blank,0,259.202083333333,367.644516666667,215427,215615,188
105,46,year,269,316.4881,361.29385,215615,215803,188
105,46,year,269,338.1811,364.262633333333,215803,215992,189
105,46,%,270,373.9994,372.69805,215992,216179,187
105,46,%,270,366.5997,370.5998,216179,216364,185
105,46,%,270,362.56025,365.3555,216364,216425,61
105,46,year,269,150.22985,357.8773,216457,216645,188
105,45,leapYearFlag,245,151.693033333333,352.2761,216645,216831,186
105,46,year,269,122.4732,361.6084,216831,217020,189
105,46,d,267,112.299433333333,366.35165,217020,217208,188
105,46,year,269,143.433983333333,363.5244,217208,217397,189
105,46,year,269,136.758283333333,358.150166666667,217397,217584,187
105,46,year,269,133.08905,365.06885,217584,217771,187
105,0,blank,0,170.75135,360.085116666667,217771,217959,188
105,0,blank,0,234.6246,374.786516666667,217959,218143,184
105,46,d,267,303.6532,366.3486,218143,218329,186
105,46,year,269,312.068233333333,360.413483333333,218329,218515,186
105,46,year,269,348.014883333333,369.239,218515,218700,185
105,46,%,270,373.751083333333,374.79745,218700,218884,184
105,46,%,270,369.050366666667,377.538433333333,218884,218977,93
105,0,blank,0,-350,-105,219008,219193,185
105,0,blank,0,-350,-105,219193,219372,179
105,0,blank,0,-350,-105,219372,219569,197
105,0,blank,0,-350,-105,219569,219751,182
105,0,blank,0,-350,-105,219751,219899,148
105,0,blank,0,-350,-105,219899,220085,186
105,0,blank,0,-350,-105,220085,220268,183
105,0,blank,0,-350,-105,220268,220438,170
105,0,blank,0,-350,-105,220438,220618,180
105,0,blank,0,-350,-105,220618,220798,180
105,0,blank,0,-350,-105,220798,220980,182
105,0,blank,0,-350,-105,220980,221166,186
105,0,blank,0,-350,-105,221166,221320,154
105,0,blank,0,-350,-105,221320,221507,187
105,0,blank,0,-350,-105,221507,221665,158
105,0,blank,0,-350,-105,221665,221834,169
105,0,blank,0,-350,-105,221834,222022,188
105,0,blank,0,-350,-105,222022,222200,178
105,0,blank,0,-350,-105,222200,222380,180
105,0,blank,0,-350,-105,222380,222565,185
105,0,blank,0,-350,-105,222565,222746,181
105,0,blank,0,-350,-105,222746,222929,183
105,0,blank,0,-350,-105,222929,223107,178
105,0,blank,0,-350,-105,223107,223282,175
105,0,blank,0,-350,-105,223282,223456,174
105,0,blank,0,-350,-105,223456,223639,183
105,0,blank,0,-350,-105,223639,223838,199
105,0,blank,0,-350,-105,223838,223898,60
105,0,blank,0,-350,-105,223898,224119,221
105,0,blank,0,-350,-105,224119,224259,140
105,0,blank,0,-350,-105,224259,224439,180
105,0,blank,0,-350,-105,224439,224614,175
105,0,blank,0,-350,-105,224614,224810,196
105,0,blank,0,-350,-105,224810,225007,197
105,0,blank,0,-350,-105,225007,225188,181
105,0,blank,0,-350,-105,225188,225373,185
105,0,blank,0,-350,-105,225373,225571,198
105,0,blank,0,-350,-105,225571,225765,194
105,0,blank,0,-350,-105,225765,225914,149
105,0,blank,0,-350,-105,225914,226088,174
105,0,blank,0,-350,-105,226088,226252,164
105,0,blank,0,-350,-105,226252,226362,110
105,0,blank,0,-350,-105,226362,226512,150
105,0,blank,0,230.564833333333,283.953533333333,226658,226842,184
105,46,%,270,179.16166,361.76018,226842,227029,187
105,47,leapYearFlag,275,119.3859,385.483316666667,227029,227213,184
105,0,blank,0,104.088083333333,406.8731,227213,227396,183
105,48,else,279,76.0281,412.3821,227396,227580,184
105,0,blank,0,80.8848,399.614766666667,227580,227673,93
105,47,leapYearFlag,275,193.366883333333,388.08555,227703,227886,183
105,47,leapYearFlag,275,185.84624,389.2021,227886,228040,154
105,52,main,289,76.7014,497.9574,228071,228255,184
105,49,leapYearFlag,280,129.286566666667,426.38155,228255,228441,186
105,0,blank,0,154.3198,408.296125,228441,228565,124
105,50,return,284,89.1095333333333,462.569983333333,228596,228784,188
105,50,return,284,95.0114,461.6539,228784,228816,32
105,55,struct,303,87.7004166666667,565.4009,228849,229039,190
105,0,blank,0,136.312883333333,622.150416666667,229039,229236,197
105,0,blank,0,138.32845,629.158966666667,229236,229434,198
105,58,dateUpdate,336,157.219266666667,628.423366666667,229434,229633,199
105,0,blank,0,212.35155,613.038116666667,229633,229828,195
105,57,&,328,229.3355,617.934133333333,229828,230016,188
105,0,blank,0,356.81485,626.5173,230016,230211,195
105,0,blank,0,485.129166666667,638.548066666667,230244,230436,192
105,0,blank,0,502.305966666667,682.5678,230436,230629,193
105,0,blank,0,567.781283333333,677.2082,230629,230822,193
105,0,blank,0,748.619333333333,691.91455,230855,231049,194
105,0,blank,0,717.707833333333,691.6785,231049,231240,191
105,0,blank,0,687.9265,694.781033333333,231240,231436,196
105,0,blank,0,734.3815,712.1896,231436,231498,62
105,59,printf,341,88.5586,654.7863,231561,231760,199
105,0,blank,0,34.1192166666667,658.265083333333,231760,231955,195
105,59,"Tomorrow'sdateis%i/%i/%.2i.\n",343,140.1991,652.250916666667,231955,232150,195
105,59,"Tomorrow'sdateis%i/%i/%.2i.\n",343,224.651433333333,657.014616666667,232150,232342,192
105,0,blank,0,244.4765,666.7393,232342,232375,33
105,0,blank,0,88.37375,91.76905,232439,232567,128
106,0,blank,0,92.0235,82.8841,232631,232695,64
106,0,blank,0,226.469733333333,753.5686,232759,232951,192
106,0,blank,0,235.254783333333,666.367183333333,232951,233141,190
106,0,blank,0,243.9075,636.1236,233141,233172,31
107,59,"Tomorrow'sdateis%i/%i/%.2i.\n",343,268.695116666667,661.17015,233235,233422,187
107,0,blank,0,361.880283333333,677.72075,233422,233613,191
107,59,"Tomorrow'sdateis%i/%i/%.2i.\n",343,426.1334,659.3792,233613,233678,65
108,59,"Tomorrow'sdateis%i/%i/%.2i.\n",343,445.0707,662.632583333333,233742,233935,193
108,0,blank,0,479.9581,661.4193,233935,233968,33
108,59,"Tomorrow'sdateis%i/%i/%.2i.\n",343,275.937083333333,656.927833333333,234001,234194,193
108,0,blank,0,280.97738,664.76142,234194,234356,162
109,0,blank,0,329.251883333333,665.070883333333,234420,234612,192
109,0,blank,0,331.16,671.921833333333,234612,234707,95
109,56,"Entertoday'sdate(mmddyyyy):",311,185.831816666667,593.311916666667,234739,234931,192
109,56,(,310,115.55252,583.13102,234931,235092,161
109,41,return,232,86.6462,249.1877,235124,235156,32
109,0,blank,0,31.6247333333333,-4.06108333333333,235188,235374,186
109,0,blank,0,32.828175,-1.502125,235374,235501,127
110,0,blank,0,0,0,0,0,0
110,0,blank,0,30.9682,7.1313,235563,235595,32
111,0,blank,0,34.5647666666667,140.382366666667,235658,235848,190
111,0,blank,0,62.2654166666667,183.3755,235848,236040,192
111,0,blank,0,113.76515,196.359175,236040,236167,127
111,0,blank,0,78.1121666666667,399.28085,236199,236389,190
111,0,blank,0,119.412783333333,403.091116666667,236389,236579,190
111,18,today,96,193.894616666667,392.76795,236579,236769,190
111,18,month,98,207.49595,394.957883333333,236769,236960,191
111,0,blank,0,120.778066666667,399.885416666667,236960,237150,190
111,0,blank,0,-350,-105,237181,237315,134
111,0,blank,0,63.15245,368.83705,237340,237391,51
111,18,today,96,174.6809,392.32015,237419,237618,199
111,0,blank,0,177.869766666667,410.364866666667,237618,237811,193
111,0,blank,0,115.309566666667,420.868316666667,237811,238003,192
111,0,blank,0,69.10845,426.4906,238003,238132,129
111,0,blank,0,225.733533333333,449.86725,238166,238362,196
111,20,struct,106,216.8429,422.20565,238362,238559,197
111,18,month,98,215.993,379.80468,238559,238727,168
111,18,today,96,147.068383333333,383.32315,238727,238925,198
111,18,today,96,162.34395,381.870375,238925,239057,132
111,0,blank,0,-350,-105,239090,239199,109
111,0,blank,0,293.510433333333,446.096933333333,239339,239533,194
111,0,blank,0,377.40332,430.61648,239533,239701,168
111,20,comma,113,400.14726,432.95728,239701,239871,170
111,20,today,114,441.89425,424.234375,239871,240043,172
111,20,today,114,457.9965,435.3701,240043,240143,100
111,20,tomorrow,103,89.56132,427.03666,240209,240376,167
111,0,blank,0,81.1025,429.53275,240376,240444,68
111,0,blank,0,34.0909,336.252883333333,240478,240675,197
111,0,blank,0,40.5877833333333,296.357216666667,240675,240867,192
111,0,blank,0,40.3866666666667,299.005233333333,240867,240964,97
112,14,today,66,100.5535,295.360125,241029,241226,197
112,14,today,66,137.855533333333,296.92095,241226,241422,196
112,14,today,66,118.004083333333,297.765183333333,241422,241619,197
112,14,today,66,112.6562,295.39755,241619,241818,199
112,14,today,66,124.470566666667,289.744233333333,241818,241941,123
112,0,blank,0,-350,-105,242040,242129,89
112,13,struct,53,238.91076,275.73308,242353,242530,177
112,14,numberOfDays,64,252.106033333333,289.8582,242530,242729,199
112,13,date,54,310.28385,282.692066666667,242729,242925,196
112,14,numberOfDays,64,321.371066666667,292.4671,242925,243024,99
112,13,numberOfDays,51,123.16335,271.792833333333,243056,243248,192
112,14,today,66,119.786283333333,292.044266666667,243248,243445,197
112,14,today,66,126.2563,306.41852,243445,243624,179
112,14,.,61,145.95518,290.18478,243624,243795,171
112,14,.,61,151.92776,293.60448,243795,243989,194
112,0,blank,0,144.1468,295.87364,243989,244177,188
112,13,struct,53,242.318766666667,282.563266666667,244271,244386,115
112,13,struct,53,233.81835,284.4676,244386,244505,119
112,14,numberOfDays,64,274.4656,289.522,244505,244628,123
112,14,numberOfDays,64,316.72945,292.979,244628,244742,114
112,0,blank,0,317.58435,332.7637,244742,244893,151
112,0,blank,0,323.4898,362.9054,244893,244983,90
112,0,blank,0,-350,-105,245047,245230,183
112,0,blank,0,-350,-105,245230,245416,186
112,0,blank,0,-350,-105,245526,245704,178
112,0,blank,0,-350,-105,245704,245783,79
112,0,blank,0,-350,-105,245975,246081,106
112,0,blank,0,-350,-105,246081,246177,96
112,14,numberOfDays,64,280.8182,298.42325,246219,246416,197
112,13,struct,53,235.89945,287.0748,246416,246496,80
112,14,numberOfDays,64,232.4819,289.7263,246496,247436,940
112,14,numberOfDays,64,228.239766666667,289.790883333333,247436,247632,196
112,13,(,52,219.179266666667,285.096683333333,247632,247824,192
112,13,struct,53,248.0526,284.83368,247824,247991,167
112,13,struct,53,278.18734,284.306,247991,248160,169
112,14,numberOfDays,64,295.17666,295.70908,248160,248329,169
112,14,numberOfDays,64,260.49968,289.11192,248329,248496,167
112,0,blank,0,230.97858,288.95414,248496,248663,167
112,14,!=,63,210.474066666667,295.37765,248663,248862,199
112,0,blank,0,220.112283333333,300.9031,248862,249060,198
112,14,numberOfDays,64,230.032716666667,308.843533333333,249060,249258,198
112,28,numberOfDays,150,55.82784,611.37102,249292,249463,171
112,28,numberOfDays,150,56.36642,616.82034,249463,249631,168
112,28,numberOfDays,150,135.326433333333,605.034283333333,249631,249828,197
112,28,struct,152,198.330133333333,611.035666666667,249828,250024,196
112,28,struct,152,223.032833333333,600.863116666667,250024,250220,196
112,0,blank,0,285.865066666667,267.712683333333,250255,250449,194
112,14,numberOfDays,64,319.08655,290.089166666667,250449,250646,197
112,14,numberOfDays,64,304.92095,292.913616666667,250646,250844,198
112,14,numberOfDays,64,229.32412,297.08262,250844,251013,169
112,14,numberOfDays,64,249.52104,289.8632,251013,251182,169
112,0,blank,0,289.45858,287.3219,251182,251350,168
112,0,blank,0,266.493883333333,228.105066666667,251350,251549,199
112,10,struct,41,274.174516666667,215.093516666667,251549,251748,199
112,10,struct,41,284.3042,210.9226,251748,251814,66
112,0,blank,0,322.1691,196.1984,251814,252102,288
112,0,blank,0,310.8238,259.2183,252102,252159,57
112,24,1,137,355.9708,529.7475,252194,252226,32
112,13,date,54,320.047466666667,286.258633333333,252257,252447,190
112,0,blank,0,245.7303,313.525275,252447,252572,125
112,0,blank,0,129.81315,622.1884,252603,252789,186
112,0,blank,0,123.4497,664.11235,252789,252978,189
112,31,isLeapYear,161,127.958766666667,682.2103,252978,253165,187
112,0,blank,0,142.51855,699.153975,253165,253292,127
112,0,blank,0,40.1019,599.369883333333,253323,253512,189
112,28,int,149,21.17775,605.27845,253512,253700,188
112,0,blank,0,48.31035,594.116783333333,253700,253888,188
112,0,blank,0,116.435133333333,593.155,253888,253982,94
113,0,blank,0,113.39615,612.7161,254045,254108,63
113,0,blank,0,164.851233333333,292.88765,254171,254361,190
113,0,blank,0,275.992966666667,74.9793666666667,254393,254584,191
113,0,blank,0,296.829483333333,22.1151,254584,254771,187
113,0,blank,0,330.666416666667,24.6034666666667,254771,254962,191
113,16,today,87,369.643116666667,34.7538166666667,254962,255155,193
113,0,blank,0,345.431725,89.90735,255155,255287,132
114,0,blank,0,312.01952,212.30772,255353,255519,166
114,0,blank,0,288.25784,273.1152,255519,255685,166
114,13,struct,53,268.363,275.7613,255685,255884,199
114,0,blank,0,92.7271666666667,303.5672,255917,256114,197
114,0,blank,0,88.1605333333333,310.74865,256114,256308,194
114,14,if,58,53.7282333333333,302.006583333333,256308,256503,195
114,0,blank,0,42.6031,304.5875,256503,256536,33
114,14,day,62,163.742483333333,295.831033333333,256568,256758,190
114,0,blank,0,216.721933333333,302.085566666667,256758,256853,95
114,0,blank,0,-350,-105,256885,256993,108
114,13,date,54,294.1758,281.925366666667,257071,257243,172
114,14,today,66,138.5257,290.575283333333,257275,257466,191
114,14,day,62,154.4388,293.067033333333,257466,257659,193
114,13,numberOfDays,51,193.248566666667,287.626883333333,257659,257851,192
114,13,struct,53,269.371133333333,285.681616666667,257851,258043,192
114,14,numberOfDays,64,297.10008,293.30042,258043,258200,157
114,0,blank,0,41.19485,488.750533333333,258264,258456,192
114,0,blank,0,42.0041,479.179716666667,258456,258647,191
114,0,blank,0,11.6391,375.05755,258647,258711,64
114,0,blank,0,12.6178666666667,288.416983333333,258742,258933,191
114,14,if,58,43.0873166666667,302.16565,258933,259122,189
114,0,blank,0,13.069325,332.719975,259122,259249,127
114,0,blank,0,51.9501333333333,554.245166666667,259280,259470,190
114,26,return,145,73.9277666666667,570.443083333333,259470,259664,194
114,28,numberOfDays,150,74.1091333333333,598.872533333333,259664,259853,189
114,0,blank,0,62.7659,593.544466666667,259853,260040,187
114,0,blank,0,76.4534,531.23625,260040,260227,187
114,25,},144,52.61805,536.785966666667,260227,260416,189
114,24,tomorrow,124,91.1042166666667,519.700433333333,260416,260605,189
114,24,tomorrow,124,93.6656666666667,517.697616666667,260605,260797,192
114,0,blank,0,78.9434333333333,525.46925,260797,260986,189
114,0,blank,0,97.3139333333333,594.931233333333,260986,261176,190
114,0,blank,0,100.844,591.355333333333,261176,261367,191
114,0,blank,0,107.01035,586.7973,261367,261432,65
114,0,blank,0,268.301683333333,541.65915,261463,261657,194
114,0,blank,0,277.5859,536.3692,261657,261690,33
114,0,blank,0,213.48645,54.6370333333333,261755,261952,197
114,0,blank,0,232.517416666667,63.3471833333333,261952,262149,197
114,0,blank,0,254.64058,69.60774,262149,262332,183
115,14,today,66,103.1531,306.58334,262658,262846,188
115,0,blank,0,81.35335,270.664166666667,262846,263039,193
115,13,numberOfDays,51,126.734333333333,275.346083333333,263039,263232,193
115,13,struct,53,234.0785,267.756333333333,263232,263423,191
115,13,struct,53,243.970983333333,274.953166666667,263423,263615,192
115,14,numberOfDays,64,313.43155,294.441966666667,263615,263807,192
115,14,numberOfDays,64,320.721566666667,301.008716666667,263807,264001,194
115,0,blank,0,331.99185,325.816,264001,264067,66
116,16,month,79,416.345533333333,338.57215,264131,264328,197
116,16,month,79,453.1457,349.4895,264328,264392,64
117,16,today,87,355.95405,342.622316666667,264458,264652,194
117,0,blank,0,349.869366666667,343.7343,264652,264747,95
118,0,blank,0,331.37165,340.9679,264811,265003,192
118,16,{,76,340.06102,339.75544,265003,265161,158
118,0,blank,0,545.661366666667,358.69475,265193,265383,190
118,16,+,84,585.34615,349.6243,265383,265508,125
118,0,blank,0,94.7279333333333,368.70675,265570,265759,189
118,18,else,93,64.3272833333333,378.250616666667,265759,265950,191
118,0,blank,0,65.16625,376.138816666667,265950,266139,189
118,0,blank,0,64.9975,375.259233333333,266139,266328,189
118,0,blank,0,63.15875,373.033066666667,266328,266514,186
118,0,blank,0,63.8473,375.3814,266514,266576,62
118,16,struct,73,251.3638,353.44035,266607,266733,126
118,0,blank,0,952.59,209.759083333333,266796,266989,193
118,0,blank,0,971.975166666667,210.9874,266989,267182,193
118,0,blank,0,984.187833333333,206.122866666667,267182,267379,197
118,0,blank,0,988.2722,179.12342,267379,267547,168
118,0,blank,0,997.1228,202.9402,267547,267713,166
118,0,blank,0,976.164,205.1072,267713,267881,168
118,0,blank,0,189.78256,358.42512,267948,268116,168
118,0,blank,0,192.026433333333,346.61755,268116,268315,199
118,16,=,71,182.982783333333,333.157433333333,268315,268509,194
119,18,today,96,189.527733333333,173.99215,269356,269544,188
119,18,today,96,185.564616666667,171.9708,269544,269733,189
119,18,today,96,191.059,170.33,269733,269764,31
119,0,blank,0,400.730816666667,180.672883333333,269796,269985,189
119,0,blank,0,400.366333333333,185.66475,269985,270175,190
119,0,blank,0,402.848,183.320633333333,270175,270270,95
119,20,struct,106,231.120916666667,202.971966666667,270301,270490,189
119,20,(,105,198.98965,199.203016666667,270490,270681,191
119,20,date,107,301.69805,203.178933333333,270681,270872,191
119,0,blank,0,185.12215,209.2211,270872,271061,189
119,20,=,104,175.172483333333,217.659033333333,271061,271254,193
119,0,blank,0,-350,-105,271287,271455,168
119,20,date,107,292.38732,213.08448,271485,271629,144
119,20,today,114,431.623566666667,201.597016666667,271661,271855,194
119,0,blank,0,483.244366666667,191.51405,271855,272047,192
119,0,blank,0,439.057416666667,190.977916666667,272047,272239,192
119,20,1,118,390.1579,206.90264,272239,272404,165
119,20,struct,106,241.2003,202.938216666667,272435,272623,188
119,20,=,104,176.795816666667,202.388116666667,272623,272811,188
119,0,blank,0,210.256883333333,196.6283,272811,273002,191
119,0,blank,0,293.755766666667,194.009133333333,273002,273192,190
119,0,blank,0,297.34665,192.877666666667,273192,273383,191
119,20,),108,321.83985,200.7783,273383,273576,193
119,0,blank,0,373.42635,195.421483333333,273576,273772,196
119,20,today,114,435.580966666667,199.36845,273772,273970,198
119,20,today,114,413.833533333333,199.8477,273970,274162,192
119,0,blank,0,516.8823,192.900033333333,274162,274357,195
119,0,blank,0,488.2722,196.2447,274357,274454,97
119,0,blank,0,204.745783333333,195.781516666667,274485,274678,193
119,20,=,104,177.52858,197.13424,274678,274844,166
119,0,blank,0,284.433566666667,193.724933333333,274877,275076,199
119,20,date,107,282.7595,206.9016,275076,275108,32
119,18,today,96,171.252883333333,168.50605,275141,275331,190
119,0,blank,0,258.666516666667,157.394816666667,275331,275526,195
119,0,blank,0,303.109816666667,152.935783333333,275526,275721,195
119,0,blank,0,264.4232,149.138266666667,275721,275920,199
119,18,month,98,237.533583333333,157.777983333333,275920,276117,197
119,0,blank,0,274.9356,190.97906,276117,276285,168
119,0,blank,0,438.328616666667,190.834016666667,276317,276515,198
119,0,blank,0,459.345383333333,191.496866666667,276515,276712,197
119,0,blank,0,503.600466666667,181.697216666667,276712,276909,197
119,0,blank,0,480.38335,184.855233333333,276909,277103,194
119,0,blank,0,426.856516666667,192.482966666667,277103,277302,199
119,0,blank,0,527.943566666667,184.970716666667,277302,277497,195
119,0,blank,0,409.433333333333,189.9012,277497,277693,196
119,0,blank,0,405.745916666667,181.215666666667,277693,277888,195
119,0,blank,0,410.411,202.26965,277888,278086,198
119,0,blank,0,403.044,279.026116666667,278086,278281,195
119,24,struct,127,214.7467,286.696583333333,278281,278479,198
119,0,blank,0,233.17804,277.5403,278479,278646,167
119,0,blank,0,296.1884,284.85838,278646,278815,169
119,0,blank,0,146.545483333333,249.0917,278847,279043,196
119,0,blank,0,129.623275,243.9564,279043,279172,129
119,0,blank,0,213.9436,93.8895833333333,279205,279397,192
119,0,blank,0,220.45636,96.97842,279397,279559,162
119,0,blank,0,312.33215,247.870433333333,279591,279788,197
119,0,blank,0,322.1264,251.5259,279788,279820,32
119,0,blank,0,220.486083333333,93.173,279854,280052,198
119,0,blank,0,148.82244,108.37654,280052,280221,169
119,0,blank,0,108.735633333333,38.0910333333333,280221,280419,198
119,12,tomorrow,48,240.747566666667,29.6172166666667,280419,280617,198
119,0,blank,0,300.913333333333,36.9596833333333,280617,280815,198
119,0,blank,0,387.15696,40.73586,280815,280983,168
119,0,blank,0,414.448875,40.8031,280983,281119,136
119,12,tomorrow,48,227.65946,40.7295,281153,281323,170
119,12,tomorrow,48,242.98,40.51436,281323,281495,172
119,0,blank,0,291.7122,43.32254,281495,281661,166
119,0,blank,0,338.16434,56.14858,281661,281833,172
119,0,blank,0,406.6417,45.0661,281833,282002,169
119,0,blank,0,411.778733333333,44.6865666666667,282002,282104,102
119,20,=,104,176.20632,210.87284,282138,282311,173
119,16,tomorrow,70,141.47742,111.52618,282311,282481,170
119,0,blank,0,119.12662,64.43368,282481,282650,169
119,13,numberOfDays,51,104.0609,60.61395,282650,282746,96
119,13,numberOfDays,51,115.7223,54.8497,282746,282863,117
119,13,numberOfDays,51,133.481,49.1228,282863,283061,198
119,13,numberOfDays,51,136.960833333333,48.0900333333333,283061,283175,114
119,0,blank,0,140.56482,158.22924,283210,283377,167
119,0,blank,0,150.13876,151.31502,283377,283548,171
119,0,blank,0,261.68444,139.48324,283548,283718,170
119,0,blank,0,272.14532,134.08638,283718,283886,168
119,0,blank,0,306.5489,148.79075,283886,284020,134
119,0,blank,0,-350,-105,284089,284171,82
119,0,blank,0,236.9411,140.794,284196,284222,26
119,0,blank,0,229.322183333333,132.039083333333,284282,284470,188
119,13,struct,53,228.245066666667,55.3448833333333,284470,284668,198
119,13,numberOfDays,51,201.074233333333,58.2592166666667,284668,284866,198
119,14,day,62,173.62234,68.14794,284866,285033,167
119,16,struct,73,222.62676,119.826,285033,285200,167
119,0,blank,0,234.48856,138.32198,285200,285374,174
119,0,blank,0,287.48898,142.05444,285374,285545,171
119,0,blank,0,316.765366666667,144.413466666667,285545,285648,103
119,0,blank,0,150.9521,229.64124,285682,285852,170
119,0,blank,0,156.47678,263.3322,285852,286024,172
119,0,blank,0,157.743433333333,271.554166666667,286024,286129,105
119,0,blank,0,197.589766666667,88.9738333333333,286164,286362,198
119,13,numberOfDays,51,194.769383333333,45.3120833333333,286362,286557,195
119,13,numberOfDays,51,203.422716666667,53.4698,286557,286751,194
119,13,numberOfDays,51,202.13856,57.2293,286751,286914,163
119,20,=,104,173.129083333333,215.441516666667,286947,287145,198
119,18,today,96,151.10954,169.7525,287145,287312,167
119,0,blank,0,205.4542,144.103166666667,287312,287510,198
119,0,blank,0,302.75765,146.136166666667,287510,287705,195
119,16,struct,73,252.632483333333,120.2879,287705,287902,197
119,12,tomorrow,48,199.55896,30.19906,287902,288069,167
119,13,numberOfDays,51,179.70715,54.45345,288069,288205,136
119,0,blank,0,-350,-105,288273,288432,159
119,0,blank,0,278.2878,235.0583,288458,288484,26
119,0,blank,0,278.92822,193.4204,288552,288709,157
119,0,blank,0,207.2721,336.58728,288741,288911,170
119,0,blank,0,185.32568,311.3192,288911,289077,166
119,0,blank,0,126.7341,270.5924,289077,289271,194
119,26,tomorrow,146,147.532816666667,342.121133333333,289271,289461,190
119,26,tomorrow,146,178.185616666667,348.531033333333,289461,289650,189
119,0,blank,0,180.79835,327.22705,289650,289838,188
119,0,blank,0,130.68185,268.478066666667,289838,290027,189
119,0,blank,0,140.03505,272.95895,290027,290215,188
119,24,struct,127,216.150983333333,293.1612,290215,290404,189
119,24,struct,127,236.70065,298.23415,290404,290468,64
119,24,month,135,481.122,302.63255,290499,290562,63
119,0,blank,0,847.660666666667,239.2636,290594,290785,191
119,0,blank,0,842.9045,243.15775,290785,290849,64
119,24,1,137,526.2024,287.317283333333,290881,291072,191
119,0,blank,0,527.18525,277.716,291072,291136,64
119,24,tomorrow,124,158.843683333333,293.663816666667,291199,291392,193
119,0,blank,0,189.32155,305.102,291392,291590,198
119,0,blank,0,265.217533333333,301.142983333333,291590,291779,189
119,0,blank,0,270.4685,297.9635,291779,291842,63
119,24,year,141,635.722083333333,305.090933333333,291874,292064,190
119,24,},142,671.142016666667,288.104733333333,292064,292256,192
119,24,},142,669.8575,287.01005,292256,292385,129
119,24,struct,127,236.680183333333,301.530266666667,292451,292643,192
119,24,date,128,306.918716666667,300.787916666667,292643,292835,192
119,0,blank,0,379.269183333333,302.068883333333,292835,293025,190
119,24,today,139,405.504633333333,302.004816666667,293025,293216,191
119,24,today,139,397.01792,300.48522,293216,293375,159
119,24,struct,127,205.012066666667,295.20145,293408,293598,190
119,0,blank,0,171.959033333333,303.953883333333,293598,293789,191
119,0,blank,0,189.167166666667,298.616183333333,293789,293979,190
119,24,struct,127,254.5114,299.01465,293979,294171,192
119,24,date,128,286.9469,302.946,294171,294359,188
119,24,struct,127,241.5873,296.91575,294359,294548,189
119,0,blank,0,266.0125,303.1912,294548,294737,189
119,24,date,128,290.166433333333,300.1141,294737,294927,190
119,24,),129,320.284166666667,304.4649,294927,295114,187
119,0,blank,0,334.7517,311.254716666667,295114,295302,188
119,24,date,128,299.022,292.7282,295302,295334,32
119,24,=,125,177.554533333333,288.6912,295365,295556,191
119,0,blank,0,171.547633333333,284.4992,295556,295747,191
119,24,(,126,200.535933333333,302.85445,295747,295941,194
119,0,blank,0,303.848316666667,306.363083333333,295941,296129,188
119,0,blank,0,305.294683333333,309.578183333333,296129,296319,190
119,0,blank,0,305.021883333333,306.190966666667,296319,296512,193
119,24,),129,317.957316666667,302.933633333333,296512,296701,189
119,0,blank,0,318.60435,306.1287,296701,296889,188
119,0,blank,0,272.544583333333,300.02715,296889,297079,190
119,24,struct,127,250.078275,285.05275,297079,297205,126
119,0,blank,0,488.3943,625.0419,297346,297371,25
119,0,blank,0,168.394716666667,286.46435,297395,297577,182
119,24,date,128,303.424916666667,302.6554,297577,297767,190
119,24,date,128,284.398666666667,303.054766666667,297767,297960,193
119,0,blank,0,289.5395,309.68415,297960,298023,63
119,24,today,139,431.082516666667,302.718533333333,298056,298244,188
119,24,today,139,428.849333333333,301.175716666667,298244,298430,186
119,24,month,135,460.920133333333,297.591083333333,298430,298618,188
119,24,+,136,512.645583333333,288.57435,298618,298802,184
119,24,today,139,589.728716666667,285.690033333333,298802,298990,188
119,24,.,140,605.936316666667,285.200783333333,298990,299178,188
119,0,blank,0,586.5387,278.3124,299178,299210,32
119,0,blank,0,275.424416666667,278.366633333333,299240,299430,190
119,24,struct,127,232.663083333333,289.44105,299430,299620,190
119,0,blank,0,191.3699,296.2075,299620,299684,64
119,0,blank,0,-350,-105,299716,299847,131
119,0,blank,0,253.4708,329.7967,299873,299901,28
119,24,struct,127,214.952466666667,302.730283333333,299966,300147,181
119,0,blank,0,184.85895,307.006666666667,300147,300339,192
119,0,blank,0,185.4204,303.564816666667,300339,300529,190
119,0,blank,0,201.331133333333,308.14405,300529,300718,189
119,24,struct,127,256.12755,302.789,300718,300909,191
119,24,date,128,281.357433333333,288.826316666667,300909,301099,190
119,0,blank,0,327.0404,294.7855,301099,301291,192
119,0,blank,0,332.468083333333,289.261966666667,301291,301483,192
119,24,{,130,333.00575,305.2165,301483,301547,64
119,0,blank,0,520.337866666667,292.332066666667,301578,301770,192
119,0,blank,0,520.5699,297.8789,301770,301802,32
119,0,blank,0,-350,-105,301928,302113,185
119,0,blank,0,-350,-105,302113,302297,184
119,0,blank,0,-350,-105,302297,302435,138
119,0,blank,0,429.728833333333,347.039966666667,302467,302546,79
119,24,date,128,300.475033333333,288.029283333333,302577,302765,188
119,0,blank,0,302.9319,280.800716666667,302765,302954,189
119,24,struct,127,221.80784,302.33584,302954,303139,185
119,24,=,125,183.6906,303.9824,303139,303249,110
119,24,=,125,176.181,297.4969,303249,303341,92
119,0,blank,0,322.55095,310.860516666667,303457,303651,194
119,0,blank,0,325.8139,310.3293,303651,303745,94
119,24,month,135,454.2299,296.506633333333,303776,303965,189
119,24,today,139,414.74365,290.232266666667,303965,304152,187
119,24,1,137,353.477716666667,290.8571,304152,304342,190
119,24,),129,319.893216666667,287.033133333333,304342,304532,190
119,24,date,128,303.564666666667,290.321633333333,304532,304722,190
119,0,blank,0,314.577433333333,244.980933333333,304722,304911,189
119,24,today,139,420.900333333333,294.33545,304911,305099,188
119,24,today,139,418.912966666667,292.039466666667,305099,305289,190
119,24,month,135,456.87045,291.5147,305289,305487,198
119,24,month,135,493.805,294.106,305487,305685,198
119,0,blank,0,515.53558,284.03678,305685,305852,167
119,24,1,137,532.3655,288.630733333333,305852,306051,199
119,24,date,128,310.601866666667,293.598366666667,306082,306179,97
119,0,blank,0,188.0855,273.581783333333,306211,306403,192
119,0,blank,0,135.006266666667,232.55275,306403,306599,196
119,0,blank,0,138.5007,238.7372,306599,306633,34
119,0,blank,0,194.87945,130.968666666667,306666,306862,196
119,0,blank,0,308.7714,107.085733333333,306862,307054,192
119,0,blank,0,327.766066666667,137.975366666667,307054,307247,193
119,0,blank,0,261.532316666667,101.623216666667,307247,307444,197
119,0,blank,0,215.236983333333,85.8161333333333,307444,307643,199
119,0,blank,0,288.05095,60.3979166666667,307643,307841,198
119,13,date,54,304.0737,50.15848,307841,308008,167
119,13,date,54,303.8899,53.52265,308008,308075,67
119,0,blank,0,370.358916666667,276.406483333333,308112,308311,199
119,0,blank,0,377.528,283.7735,308311,308344,33
119,0,blank,0,187.3804,284.44318,308377,308546,169
119,0,blank,0,135.82048,249.16376,308546,308714,168
119,0,blank,0,114.05895,235.2701,308714,308779,65
119,0,blank,0,174.344533333333,98.0209666666667,308812,309011,199
119,14,today,66,124.718316666667,75.4328166666667,309011,309207,196
119,14,today,66,117.154833333333,65.3034333333333,309207,309397,190
119,13,date,54,298.236883333333,52.9610166666667,309428,309621,193
119,13,d,55,343.050483333333,54.7753333333333,309621,309816,195
119,0,blank,0,401.168016666667,61.9684833333333,309816,310012,196
119,0,blank,0,412.1873,56.3347,310012,310045,33
119,13,numberOfDays,51,165.513083333333,53.6650333333333,310078,310275,197
119,13,struct,53,226.268966666667,54.6305333333333,310275,310470,195
119,13,struct,53,244.94016,50.9591,310470,310635,165
119,13,date,54,300.5407,53.6203,310635,310808,173
119,13,date,54,319.43078,51.1666,310808,310981,173
119,0,blank,0,291.2747,54.21434,310981,311151,170
119,13,numberOfDays,51,203.045133333333,43.3982333333333,311151,311350,199
119,12,tomorrow,48,206.4057,38.422,311350,311549,199
119,13,struct,53,226.331933333333,49.6435333333333,311549,311746,197
119,13,struct,53,233.587683333333,49.4384666666667,311746,311943,197
119,0,blank,0,207.5141,57.9708333333333,311943,312138,195
119,0,blank,0,206.064016666667,50.489,312138,312336,198
119,13,struct,53,234.48415,44.0104833333333,312336,312534,198
119,13,struct,53,229.4375,54.0534166666667,312534,312731,197
119,13,date,54,305.975583333333,54.3383166666667,312731,312927,196
119,0,blank,0,340.86492,53.79638,312927,313095,168
119,0,blank,0,400.90974,47.60668,313095,313266,171
119,0,blank,0,421.7191,47.7809666666667,313266,313368,102
119,0,blank,0,176.0131,565.27476,313436,313609,173
119,0,blank,0,175.33986,558.944,313609,313778,169
119,0,blank,0,167.8124,556.3759,313778,313811,33
120,49,leapYearFlag,280,156.7599,537.1854,313878,313911,33
120,26,tomorrow,146,161.26205,31.0816166666667,313978,314171,193
120,0,blank,0,159.7648,27.3003,314171,314233,62
121,0,blank,0,212.3595,122.238333333333,314296,314491,195
121,0,blank,0,209.8277,136.153983333333,314491,314685,194
121,16,date,74,211.8837,142.20235,314685,314751,66
121,0,blank,0,198.88895,42.2869333333333,314784,314982,198
121,0,blank,0,241.51674,52.23368,314982,315148,166
121,0,blank,0,166.50374,52.32852,315148,315316,168
121,0,blank,0,131.05426,55.0712,315316,315482,166
121,16,struct,73,151.588216666667,150.375416666667,315514,315713,199
121,16,today,87,251.39832,153.39586,315713,315882,169
121,0,blank,0,310.54208,142.4911,315882,316053,171
121,16,month,79,327.989,140.504916666667,316053,316252,199
121,16,today,87,251.877383333333,142.84505,316252,316450,198
121,16,{,76,237.5384,147.558925,316450,316581,131
121,0,blank,0,237.936916666667,256.3014,316616,316815,199
121,24,(,126,210.17882,282.96056,316815,316988,173
121,0,blank,0,204.155933333333,282.851,316988,317086,98
121,24,date,128,338.01956,280.97964,317119,317288,169
121,0,blank,0,341.6003,275.5682,317288,317322,34
121,0,blank,0,318.6847,124.35205,317355,317551,196
121,0,blank,0,309.63455,125.2872,317551,317613,62
121,20,date,107,430.38026,213.20384,317645,317807,162
121,0,blank,0,193.3691,509.96146,317873,318041,168
121,34,31,184,190.435633333333,507.662133333333,318041,318142,101
121,0,blank,0,511.597425,718.355225,318175,318311,136
121,0,blank,0,356.123583333333,133.237266666667,318379,318577,198
122,0,blank,0,0,0,0,0,0
122,0,blank,0,136.5539,110.4408,318674,318707,33
123,0,blank,0,140.215166666667,139.451433333333,318774,318872,98
124,0,blank,0,155.23025,155.775533333333,318937,319132,195
124,0,blank,0,146.79115,142.4488,319132,319198,66
125,0,blank,0,0,0,0,0,0
125,0,blank,0,524.9007,450.3502,319266,319300,34
126,0,blank,0,517.60714,438.54496,319370,319540,170
126,46,year,269,542.15575,405.26345,319540,319608,68
127,0,blank,0,596.82844,342.57076,319675,319843,168
127,0,blank,0,602.967166666667,354.037066666667,319843,319946,103
127,46,100,262,387.1909,365.16544,319982,320150,168
127,46,100,262,389.2951,366.586,320150,320186,36
128,0,blank,0,-350,-105,320255,320449,194
128,0,blank,0,-350,-105,320449,320523,74
129,0,blank,0,-350,-105,320573,320760,187
129,0,blank,0,-350,-105,320760,320926,166
129,0,blank,0,-350,-105,320926,321210,284
129,0,blank,0,-350,-105,321210,321375,165
129,0,blank,0,-350,-105,321375,321461,86
129,0,blank,0,-350,-105,321461,321629,168
129,0,blank,0,-350,-105,321629,321827,198
129,0,blank,0,-350,-105,321827,322008,181
129,0,blank,0,-350,-105,322008,322039,31
129,0,blank,0,-350,-105,322039,322328,289
129,0,blank,0,-350,-105,322328,322477,149
129,0,blank,0,-350,-105,322477,322670,193
129,0,blank,0,-350,-105,322670,322707,37
129,0,blank,0,-350,-105,322707,322982,275
130,0,blank,0,-350,-105,323077,323194,117
130,0,blank,0,-350,-105,323194,323353,159
130,0,blank,0,-350,-105,323353,323527,174
130,0,blank,0,-350,-105,323527,323710,183
130,0,blank,0,-350,-105,323710,323855,145
131,0,blank,0,0,0,0,0,0
131,0,blank,0,0,0,0,0,0
132,0,blank,0,-350,-105,324317,324496,179
132,0,blank,0,-350,-105,324496,324658,162
132,0,blank,0,-350,-105,324658,324818,160
132,0,blank,0,-350,-105,324818,325001,183
132,0,blank,0,-350,-105,325001,325189,188
132,0,blank,0,-350,-105,325189,325295,106
132,0,blank,0,267.63018,387.21152,325561,325729,168
132,45,;,246,216.99098,382.00324,325729,325903,174
132,46,0,273,243.2969,398.40296,325903,326077,174
132,0,blank,0,265.96565,415.83005,326077,326148,71
132,0,blank,0,424.387475,384.8945,326181,326320,139
132,0,blank,0,699.7366,668.23444,326389,326563,174
132,0,blank,0,703.264,666.8978,326563,326667,104
132,0,blank,0,945.06225,663.87515,326702,326843,141
132,0,blank,0,1002.8608,407.9909,326879,327055,176
132,0,blank,0,-350,-105,327090,327235,145
132,0,blank,0,-350,-105,327235,327338,103
132,0,blank,0,-350,-105,327338,327473,135
132,0,blank,0,-350,-105,327473,327654,181
132,0,blank,0,-350,-105,327654,327823,169
132,0,blank,0,-350,-105,327823,327986,163
132,0,blank,0,-350,-105,327986,328156,170
132,0,blank,0,-350,-105,328156,328347,191
132,0,blank,0,-350,-105,328347,328517,170
132,0,blank,0,-350,-105,328517,328664,147
132,0,blank,0,-350,-105,328664,328791,127
132,0,blank,0,-350,-105,328791,328917,126
132,0,blank,0,-350,-105,328917,329006,89
132,0,blank,0,-350,-105,329006,329182,176
132,0,blank,0,-350,-105,329182,329362,180
132,0,blank,0,-350,-105,329362,329556,194
132,0,blank,0,-350,-105,329556,329603,47
132,59,nextDay,353,648.358766666667,679.358533333333,329788,329939,151
132,0,blank,0,629.2835,733.4719,329939,330108,169
132,0,blank,0,620.96015,658.3408,330169,330276,107
132,0,blank,0,426.497666666667,705.891633333333,330391,330519,128
132,0,blank,0,-350,-105,330730,330913,183
132,0,blank,0,-350,-105,330913,331079,166
132,0,blank,0,-350,-105,331079,331267,188
132,0,blank,0,-350,-105,331267,331456,189
132,0,blank,0,-350,-105,331456,331494,38
132,0,blank,0,572.89606,512.76346,331509,331676,167
132,0,blank,0,580.9452,507.78134,331676,331859,183
