Frameno_fix,lineno_fix,Tokenname_fix,tokens_id,gaze_X_fix,gaze_Y_fix,timestamp_fix_start,timestamp_fix_end,time_duration
100,0,blank,0,178.7201,-51.5793,3362,3460,98
100,0,blank,0,377.2136,27.5256,3635,3667,32
100,0,blank,0,205.78165,155.816,3697,3758,61
100,0,blank,0,325.0769,-26.689,3957,4019,62
100,0,blank,0,488.7677,-14.708,4122,4190,68
100,0,blank,0,516.0832,-61.943,4630,4669,39
100,0,blank,0,-323,-105,4917,5006,89
100,0,blank,0,452.803,59.3059,5234,5287,53
100,0,blank,0,867.369,109.1194,5471,5521,50
100,0,blank,0,917.191,139.3164,5653,5695,42
100,0,blank,0,968.1434,333.90064,5778,5944,166
100,0,blank,0,256.58845,585.4206,6005,6137,132
100,0,blank,0,101.697166666667,595.957466666667,6167,6351,184
100,30,days,158,129.52924,643.00106,6351,6500,149
100,0,blank,0,-323,-105,6530,6710,180
100,0,blank,0,-323,-105,6710,6888,178
100,0,blank,0,-323,-105,6888,6975,87
100,0,blank,0,229.615375,637.589525,7004,7128,124
100,0,blank,0,949.9295,427.1592,7257,7388,131
100,0,blank,0,499.3903,218.6389,7477,7587,110
100,0,blank,0,164.9837,81.2722,7920,7983,63
100,0,blank,0,190.0817,112.7153,8026,8074,48
100,0,blank,0,-323,-105,8207,8311,104
100,0,blank,0,195.55105,79.6644333333333,8336,8534,198
100,0,blank,0,148.31055,131.7483,8667,8728,61
100,0,blank,0,151.0609,103.6039,9075,9106,31
100,0,blank,0,172.72255,151.00705,9139,9205,66
100,0,blank,0,242.28405,17.04415,9234,9399,165
100,0,blank,0,312.8716,51.9687,9399,9514,115
100,0,blank,0,-323,-105,9810,10009,199
100,0,blank,0,-323,-105,10009,10189,180
100,0,blank,0,-323,-105,10189,10377,188
100,0,blank,0,-323,-105,10377,10555,178
100,0,blank,0,-323,-105,10555,10740,185
100,0,blank,0,-323,-105,10740,10895,155
100,0,blank,0,-323,-105,10895,11056,161
100,0,blank,0,-323,-105,11056,11285,229
100,0,blank,0,27.9594,141.2119,11317,11349,32
100,0,blank,0,-323,-105,12030,12200,170
100,0,blank,0,-323,-105,12200,12409,209
100,0,blank,0,-323,-105,12409,12560,151
100,0,blank,0,-323,-105,12560,12735,175
100,0,blank,0,-323,-105,12735,12950,215
100,0,blank,0,-323,-105,12950,13016,66
100,0,blank,0,-323,-105,13016,13741,725
100,0,blank,0,-323,-105,13741,14454,713
100,0,blank,0,-323,-105,14454,14621,167
100,0,blank,0,-323,-105,14621,14762,141
100,0,blank,0,-323,-105,14762,14844,82
100,0,blank,0,-323,-105,14844,15103,259
100,0,blank,0,-323,-105,15103,15422,319
100,0,blank,0,-323,-105,15422,15591,169
100,0,blank,0,-323,-105,15591,15779,188
100,0,blank,0,-323,-105,15779,15959,180
100,0,blank,0,-323,-105,15959,16140,181
100,0,blank,0,-323,-105,16140,16313,173
100,0,blank,0,-323,-105,16313,16492,179
100,0,blank,0,-323,-105,16492,16539,47
100,0,blank,0,-323,-105,16539,16704,165
100,0,blank,0,-323,-105,16704,16812,108
100,0,blank,0,-323,-105,16812,17064,252
100,0,blank,0,-323,-105,17064,17269,205
100,0,blank,0,-323,-105,17269,17315,46
100,0,blank,0,-323,-105,17315,17491,176
100,0,blank,0,-323,-105,18228,18330,102
100,4,struct,23,54.222,81.5258,18387,18453,66
100,0,blank,0,228.9403,408.6097,18650,18684,34
100,14,day,62,181.4248,293.63745,18719,18778,59
100,13,numberOfDays,51,144.476716666667,282.936416666667,18808,18986,178
100,13,numberOfDays,51,160.496433333333,278.840666666667,18986,19074,88
100,13,numberOfDays,51,107.9516,286.2584,19132,19225,93
100,0,blank,0,-323,-105,19254,19359,105
100,0,blank,0,133.821857142857,288.156585714286,19504,19701,197
100,12,tomorrow,48,220.9399,260.8547,19731,19761,30
100,0,blank,0,87.1775,318.219775,19789,19943,154
100,0,blank,0,-323,-105,19971,20101,130
100,0,blank,0,-323,-105,20593,20698,105
100,0,blank,0,344.44465,293.2499,21196,21314,118
100,13,numberOfDays,51,168.1558,284.0381,21816,21898,82
100,0,blank,0,-323,-105,21942,22048,106
100,0,blank,0,-323,-105,22185,22378,193
100,0,blank,0,211.337471428571,284.454942857143,22404,22599,195
100,10,dateUpdate,39,214.3255,216.0789,22599,22628,29
100,14,numberOfDays,64,233.915275,293.883775,22658,22775,117
100,0,blank,0,-323,-105,22842,22971,129
100,14,numberOfDays,64,276.3844,292.7523,23101,23126,25
100,13,struct,53,245.1873,279.72692,23194,23380,186
100,0,blank,0,259.27015,250.4984,23380,23466,86
100,0,blank,0,297.8696,265.0533,23508,23593,85
100,0,blank,0,286.61605,269.2373,23678,23756,78
100,0,blank,0,-323,-105,23845,24038,193
100,0,blank,0,-323,-105,24038,24218,180
100,0,blank,0,-323,-105,24218,24339,121
100,0,blank,0,-323,-105,24339,24807,468
100,0,blank,0,-323,-105,24807,24845,38
100,0,blank,0,-323,-105,24845,25128,283
100,0,blank,0,-323,-105,25784,25911,127
100,0,blank,0,270.3166,353.784175,26002,26112,110
100,16,struct,73,240.985166666667,333.861333333333,26141,26232,91
100,16,),75,315.449183333333,348.713783333333,26292,26471,179
100,18,12,100,310.10445,386.599,26471,26530,59
100,0,blank,0,430.72725,324.11835,26588,26644,56
100,0,blank,0,401.0497,315.4977,26732,26758,26
100,0,blank,0,582.33354,429.21234,26818,26998,180
100,0,blank,0,591.001225,444.471875,26998,27116,118
100,0,blank,0,612.8687,437.5248,27147,27177,30
100,0,blank,0,362.950833333333,326.002816666667,27209,27387,178
100,0,blank,0,290.57832,332.79738,27387,27556,169
100,0,blank,0,-323,-105,27585,27753,168
100,0,blank,0,129.28535,321.7566,27783,27898,115
100,0,blank,0,217.2794,312.8869,28017,28042,25
100,0,blank,0,-323,-105,28072,28204,132
100,10,struct,41,273.1778,220.4024,28319,28379,60
100,0,blank,0,-323,-105,28658,28851,193
100,0,blank,0,-323,-105,28851,29031,180
100,0,blank,0,-323,-105,29031,29224,193
100,0,blank,0,-323,-105,29224,29260,36
100,13,numberOfDays,51,159.4241,275.2524,29295,29340,45
100,0,blank,0,414.486,230.0865,29458,29548,90
100,0,blank,0,-323,-105,30127,30177,50
100,10,date,42,350.548783333333,210.217666666667,30253,30430,177
100,0,blank,0,329.2595,233.5031,30430,30459,29
100,0,blank,0,-323,-105,30518,30647,129
100,10,dateUpdate,39,184.5752,202.1763,30674,30700,26
100,0,blank,0,-323,-105,30723,30849,126
100,0,blank,0,361.4136,189.4405,30963,30988,25
100,0,blank,0,155.326,88.0145,31171,31208,37
100,0,blank,0,240.51194,55.12534,31263,31456,193
100,0,blank,0,199.0722,107.0703,31517,31543,26
100,0,blank,0,272.1933,97.2286,32312,32373,61
100,10,date,42,348.72,216.95275,32436,32488,52
100,10,dateUpdate,39,220.11308,211.91518,32547,32719,172
100,0,blank,0,264.258633333333,224.134816666667,32719,32899,180
100,0,blank,0,292.7188,252.5392,32899,32929,30
100,0,blank,0,-323,-105,32988,33066,78
100,10,date,42,325.055314285714,205.303985714286,33192,33387,195
100,10,struct,41,279.7873,214.646,33387,33417,30
100,0,blank,0,228.415075,-5.671275,33634,33750,116
100,0,blank,0,274.220666666667,-19.9331333333333,33816,33901,85
100,0,blank,0,269.36015,-15.81705,33930,34126,196
100,0,blank,0,174.6417,86.9549,34126,34156,30
100,0,blank,0,240.9097,58.21935,34185,34243,58
100,0,blank,0,506.4868,197.41338,34332,34485,153
100,0,blank,0,-323,-105,34515,34652,137
100,0,blank,0,372.549083333333,173.937816666667,34678,34848,170
100,10,struct,41,301.809425,205.5212,34848,34966,118
100,0,blank,0,-323,-105,34996,35126,130
100,0,blank,0,96.2739,196.9294,35261,35286,25
100,10,date,42,88.1684,202.8058,35340,35369,29
100,0,blank,0,147.269733333333,228.725166666667,35428,35604,176
100,10,dateUpdate,39,212.3633,209.53825,35604,35663,59
100,0,blank,0,155.6621,263.1687,35720,35749,29
100,0,blank,0,-323,-105,35778,35945,167
100,10,dateUpdate,39,209.6575,211.953816666667,35971,36145,174
100,0,blank,0,209.65416,224.32264,36145,36289,144
100,10,today,43,408.726325,209.67,36318,36434,116
100,0,blank,0,-323,-105,36492,36622,130
100,0,blank,0,491.84596,195.54416,36734,36879,145
100,0,blank,0,506.646575,177.426075,36909,37036,127
100,0,blank,0,497.8434,186.9305,37099,37157,58
100,0,blank,0,382.66285,271.043033333333,37244,37418,174
100,0,blank,0,436.801475,265.32465,37418,37569,151
100,14,numberOfDays,64,297.078166666667,296.893,37598,37775,177
100,0,blank,0,287.28385,278.824366666667,37775,37957,182
100,14,numberOfDays,64,266.9919,290.9829,37957,38105,148
100,16,date,74,313.4783,336.93035,38194,38248,54
100,0,blank,0,-323,-105,38308,38413,105
100,16,date,74,285.1228,353.227,38442,38483,41
100,14,numberOfDays,64,277.9537,303.102616666667,38561,38732,171
100,14,numberOfDays,64,306.485916666667,296.2156,38732,38912,180
100,14,numberOfDays,64,265.8147,308.46735,38912,39032,120
100,13,struct,53,228.377533333333,282.5649,39093,39281,188
100,0,blank,0,322.5754,311.7907,39281,39311,30
100,0,blank,0,-323,-105,39340,39514,174
100,10,(,40,240.51425,202.310816666667,39540,39716,176
100,14,.,61,150.3528,294.4001,39716,39752,36
100,13,struct,53,227.1275,275.07662,39779,39930,151
100,0,blank,0,-323,-105,39960,40091,131
100,0,blank,0,248.5306,371.0753,40116,40150,34
100,12,;,49,245.246,262.2348,40216,40390,174
100,0,blank,0,222.438733333333,228.4565,40390,40569,179
100,0,blank,0,207.990075,265.1182,40569,40718,149
100,12,tomorrow,48,228.423716666667,253.315416666667,40747,40923,176
100,12,tomorrow,48,213.89645,254.051116666667,40923,41100,177
100,0,blank,0,221.6904,265.3349,41100,41129,29
100,0,blank,0,-323,-105,41188,41292,104
100,10,dateUpdate,39,186.867683333333,209.418233333333,41404,41575,171
100,0,blank,0,218.889,47.3547,41575,41606,31
100,0,blank,0,153.790625,162.992625,41636,41758,122
100,0,blank,0,262.8025,55.5785,41789,41857,68
100,0,blank,0,330.0886,245.920616666667,41948,42131,183
100,0,blank,0,372.79338,247.57862,42131,42282,151
100,0,blank,0,-323,-105,42374,42505,131
100,14,numberOfDays,64,236.818716666667,298.90435,42615,42786,171
100,0,blank,0,302.92415,311.2654,42786,42967,181
100,0,blank,0,399.518466666667,311.017816666667,42967,43149,182
100,0,blank,0,465.6045,300.2077,43149,43179,30
100,13,d,55,345.362733333333,278.86205,43209,43391,182
100,0,blank,0,337.702133333333,274.542983333333,43391,43571,180
100,0,blank,0,421.992383333333,246.153266666667,43571,43752,181
100,0,blank,0,505.4254,245.9865,43752,43787,35
100,0,blank,0,-323,-105,43817,43954,137
100,0,blank,0,239.649533333333,57.7311,44064,44250,186
100,0,blank,0,194.69535,123.43145,44284,44354,70
100,14,numberOfDays,64,325.134216666667,296.496633333333,44384,44569,185
100,14,numberOfDays,64,307.764225,294.566,44569,44694,125
100,14,numberOfDays,64,289.565833333333,295.604033333333,44756,44942,186
100,13,struct,53,224.5599,268.0012,44942,44973,31
100,10,dateUpdate,39,154.71395,202.96915,45003,45186,183
100,0,blank,0,138.2872,182.5036,45186,45216,30
100,0,blank,0,250.4543,82.32715,45402,45569,167
100,0,blank,0,293.6396,47.52185,45569,45670,101
100,0,blank,0,-323,-105,45734,45894,160
100,0,blank,0,-323,-105,46000,46194,194
100,0,blank,0,-323,-105,46194,46290,96
100,0,blank,0,262.57892,315.6134,46337,46528,191
100,0,blank,0,267.835116666667,310.46285,46528,46709,181
100,14,numberOfDays,64,316.714766666667,308.803716666667,46709,46889,180
100,14,today,66,382.72026,294.96998,46889,47037,148
100,0,blank,0,-323,-105,47096,47200,104
100,14,numberOfDays,64,323.7108,301.6094,47230,47274,44
100,14,numberOfDays,64,304.261671428571,298.3987,47338,47536,198
100,0,blank,0,245.457266666667,313.139733333333,47536,47714,178
100,0,blank,0,207.442916666667,244.093983333333,47714,47888,174
100,10,dateUpdate,39,191.95485,221.4249,47888,47947,59
100,0,blank,0,266.19742,322.18916,47976,48127,151
100,14,numberOfDays,64,273.186433333333,297.496216666667,48157,48337,180
100,13,struct,53,255.633566666667,283.085916666667,48337,48518,181
100,13,struct,53,239.912633333333,276.987633333333,48518,48699,181
100,13,(,52,219.765783333333,287.613116666667,48699,48881,182
100,13,(,52,220.5974,281.3157,48881,49010,129
100,0,blank,0,324.5367,198.345033333333,49071,49161,90
100,0,blank,0,210.70188,280.81452,49313,49463,150
100,0,blank,0,-323,-105,49493,49598,105
100,0,blank,0,141.12732,243.23268,49747,49945,198
100,0,blank,0,158.4845,224.1351,49945,49980,35
100,0,blank,0,-323,-105,50039,50169,130
100,0,blank,0,281.3735,258.7002,50311,50444,133
100,0,blank,0,332.30134,251.27364,50558,50696,138
100,13,struct,53,263.778116666667,274.9433,50725,50902,177
100,13,date,54,293.613683333333,275.811716666667,50902,51078,176
100,0,blank,0,364.906883333333,261.1978,51078,51254,176
100,13,d,55,350.1351,283.5243,51254,51283,29
100,0,blank,0,-323,-105,51312,51416,104
100,0,blank,0,317.1584,266.5371,51532,51557,25
100,12,tomorrow,48,185.301,260.79985,51583,51762,179
100,14,!=,63,204.1943,296.3123,51762,51792,30
100,0,blank,0,-323,-105,51821,51952,131
100,14,!=,63,199.7664,305.0421,51977,52003,26
100,12,date,47,145.104133333333,253.429433333333,52067,52177,110
100,13,struct,53,224.7302,268.657633333333,52301,52485,184
100,0,blank,0,244.390616666667,266.49205,52485,52665,180
100,0,blank,0,257.6449,260.171733333333,52665,52845,180
100,0,blank,0,211.8998,276.669,52845,52964,119
100,0,blank,0,-323,-105,53053,53129,76
100,0,blank,0,-323,-105,53180,53204,24
100,12,;,49,248.4983,252.1824,53230,53256,26
100,16,struct,73,220.468314285714,335.549128571429,53308,53504,196
100,0,blank,0,246.521516666667,329.22835,53504,53681,177
100,0,blank,0,281.5265,312.109533333333,53681,53857,176
100,0,blank,0,304.4393,318.4903,53857,53916,59
100,0,blank,0,142.11052,323.22866,53946,54093,147
100,0,blank,0,-323,-105,54122,54302,180
100,13,numberOfDays,51,200.794733333333,284.019316666667,54394,54568,174
100,0,blank,0,369.736833333333,327.341166666667,54597,54775,178
100,16,today,87,366.97515,341.946133333333,54775,54953,178
100,16,month,79,434.729616666667,341.588866666667,54953,55130,177
100,16,month,79,425.7064,343.3843,55130,55159,29
100,0,blank,0,553.168475,354.784825,55220,55343,123
100,0,blank,0,313.667383333333,399.679466666667,55373,55553,180
100,18,month,98,243.9825,390.64465,55553,55736,183
100,0,blank,0,224.113933333333,373.236416666667,55736,55918,182
100,18,today,96,189.373933333333,380.369933333333,55918,56008,90
100,0,blank,0,-323,-105,56039,56169,130
100,0,blank,0,180.72954,361.08268,56315,56457,142
100,0,blank,0,-323,-105,56487,56644,157
100,0,blank,0,286.3038,369.224533333333,56797,56967,170
100,0,blank,0,-323,-105,57027,57183,156
100,18,==,99,275.6906,391.356,57208,57234,26
100,16,struct,73,213.007471428571,349.3682,57293,57489,196
100,0,blank,0,191.774933333333,375.487483333333,57489,57667,178
100,16,struct,73,238.829083333333,345.444633333333,57667,57848,181
100,14,numberOfDays,64,288.809566666667,303.908083333333,57848,58025,177
100,13,date,54,314.040733333333,280.603466666667,58025,58207,182
100,0,blank,0,339.189083333333,267.274533333333,58207,58389,182
100,14,(,65,357.019083333333,292.649266666667,58389,58569,180
100,14,numberOfDays,64,272.272166666667,304.386533333333,58600,58783,183
100,14,numberOfDays,64,261.0473,301.463033333333,58783,58966,183
100,14,numberOfDays,64,271.999666666667,308.708083333333,58966,59149,183
100,0,blank,0,187.573766666667,413.562816666667,59179,59363,184
100,0,blank,0,148.20545,410.26175,59363,59545,182
100,0,blank,0,216.393216666667,417.5437,59545,59729,184
100,0,blank,0,251.87865,416.9237,59729,59788,59
100,0,blank,0,-323,-105,59850,60003,153
100,0,blank,0,401.0886,405.711571428571,60093,60288,195
100,0,blank,0,432.5823,406.017233333333,60288,60464,176
100,20,today,114,454.517566666667,426.509016666667,60464,60638,174
100,0,blank,0,499.2642,388.179725,60638,60754,116
100,0,blank,0,-323,-105,60783,60938,155
100,20,today,114,433.1545,427.867714285714,61030,61221,191
100,0,blank,0,445.937433333333,466.724183333333,61221,61395,174
100,0,blank,0,459.6217,480.114966666667,61395,61482,87
100,0,blank,0,560.082616666667,489.971566666667,61510,61683,173
100,0,blank,0,229.6613,484.872016666667,61712,61889,177
100,0,blank,0,132.31,471.888116666667,61918,62096,178
100,24,tomorrow,124,130.600516666667,516.3782,62096,62276,180
100,26,tomorrow,146,140.927283333333,559.386833333333,62276,62459,183
100,26,tomorrow,146,129.0046,555.2948,62459,62641,182
100,26,return,145,88.9107166666667,557.049366666667,62641,62822,181
100,0,blank,0,93.03785,537.435616666667,62822,63002,180
100,24,tomorrow,124,129.662866666667,518.918933333333,63002,63185,183
100,0,blank,0,166.062583333333,513.30405,63185,63366,181
100,24,tomorrow,124,142.6273,511.92625,63366,63546,180
100,0,blank,0,129.707233333333,473.515933333333,63546,63726,180
100,0,blank,0,-323,-105,63787,63980,193
100,0,blank,0,113.214028571429,505.655757142857,64009,64204,195
100,0,blank,0,-323,-105,64264,64417,153
100,32,daysPerMonth,170,194.09,692.6005,64443,64468,25
100,24,tomorrow,124,143.618766666667,510.39565,64492,64664,172
100,0,blank,0,170.028116666667,513.249983333333,64664,64844,180
100,0,blank,0,214.92405,475.749883333333,64844,65023,179
100,0,blank,0,236.914016666667,476.966316666667,65023,65202,179
100,0,blank,0,193.272216666667,508.967216666667,65202,65381,179
100,0,blank,0,167.5645,523.517675,65381,65502,121
100,0,blank,0,379.41695,473.958433333333,65532,65713,181
100,0,blank,0,403.247566666667,427.543616666667,65713,65896,183
100,20,1,118,386.2866,429.3058,65896,66078,182
100,0,blank,0,285.305966666667,366.344083333333,66078,66260,182
100,0,blank,0,273.9116,364.5118,66260,66291,31
100,0,blank,0,-323,-105,66322,66428,106
100,0,blank,0,-323,-105,66570,66750,180
100,0,blank,0,-323,-105,66750,66782,32
100,0,blank,0,111.27775,574.643383333333,66808,66981,173
100,0,blank,0,134.089083333333,553.27945,66981,67165,184
100,0,blank,0,167.273766666667,533.777883333333,67165,67346,181
100,0,blank,0,219.421983333333,547.115466666667,67346,67526,180
100,0,blank,0,227.232825,554.5658,67526,67645,119
100,0,blank,0,120.02612,548.9732,67674,67824,150
100,26,tomorrow,146,128.117566666667,559.188133333333,67854,67942,88
100,0,blank,0,-323,-105,68001,68182,181
100,0,blank,0,-323,-105,68182,68208,26
100,28,numberOfDays,150,146.4054,610.21315,68356,68530,174
100,28,numberOfDays,150,110.836833333333,614.0607,68530,68713,183
100,0,blank,0,86.7558333333333,624.5206,68713,68890,177
100,28,numberOfDays,150,78.53065,617.6346,68890,68948,58
100,0,blank,0,227.448716666667,646.829316666667,68977,69158,181
100,0,blank,0,221.487883333333,643.35555,69158,69338,180
100,0,blank,0,251.7606,649.727416666667,69338,69520,182
100,0,blank,0,238.70065,638.031416666667,69520,69702,182
100,0,blank,0,197.432783333333,639.457616666667,69702,69887,185
100,0,blank,0,198.507866666667,630.6572,69887,69979,92
100,0,blank,0,269.60385,584.6443,70009,70194,185
100,0,blank,0,266.657016666667,570.0821,70194,70378,184
100,0,blank,0,268.78835,578.973575,70378,70538,160
100,0,blank,0,235.1039,543.9601,70538,70653,115
100,0,blank,0,-323,-105,70765,70950,185
100,0,blank,0,-323,-105,70950,71132,182
100,0,blank,0,-323,-105,71132,71170,38
100,0,blank,0,119.26264,541.17944,71214,71385,171
100,0,blank,0,126.88965,535.176966666667,71385,71563,178
100,0,blank,0,150.46996,530.30906,71563,71711,148
100,0,blank,0,304.37535,240.92425,71801,71954,153
100,0,blank,0,238.02728,231.70936,72019,72169,150
100,14,numberOfDays,64,229.68185,289.86845,72228,72288,60
100,12,;,49,245.2022,264.9252,72318,72349,31
100,12,tomorrow,48,223.714433333333,258.338333333333,72439,72623,184
100,12,tomorrow,48,163.712416666667,250.039416666667,72623,72806,183
100,14,.,61,146.7801,292.3413,72806,72835,29
100,0,blank,0,-323,-105,72950,72990,40
100,0,blank,0,197.9123,244.7924,73015,73044,29
100,0,blank,0,321.608,183.6794,73106,73131,25
100,0,blank,0,231.809866666667,240.464066666667,73157,73245,88
100,0,blank,0,255.274933333333,259.562666666667,73276,73365,89
100,13,struct,53,245.8718,284.6016,73455,73546,91
100,0,blank,0,-323,-105,73576,73681,105
100,0,blank,0,-323,-105,73809,73988,179
100,0,blank,0,-323,-105,73988,74014,26
100,10,struct,41,252.2008,220.1429,74098,74190,92
100,0,blank,0,297.818057142857,259.106685714286,74274,74472,198
100,0,blank,0,316.803533333333,263.225133333333,74472,74648,176
100,0,blank,0,331.141775,249.485375,74648,74764,116
100,0,blank,0,248.975966666667,573.242533333333,74823,75000,177
100,0,blank,0,240.331175,562.4994,75000,75118,118
100,28,numberOfDays,150,103.66315,602.42225,75148,75326,178
100,28,numberOfDays,150,114.195716666667,610.119783333333,75326,75504,178
100,28,numberOfDays,150,85.8414166666667,617.13895,75504,75688,184
100,0,blank,0,94.6618833333333,573.290883333333,75688,75874,186
100,0,blank,0,88.9106,586.53105,75874,76056,182
100,0,blank,0,91.3423,624.276033333333,76056,76239,183
100,0,blank,0,156.745566666667,632.0868,76239,76420,181
100,0,blank,0,147.847366666667,640.074483333333,76420,76602,182
100,0,blank,0,150.633333333333,631.2773,76602,76694,92
100,0,blank,0,900.076,438.12945,76756,76820,64
100,0,blank,0,921.2245,367.8032,76909,76970,61
100,0,blank,0,483.7553,712.5771,77000,77061,61
100,0,blank,0,400.229875,672.283775,77092,77239,147
100,18,month,98,221.2949,393.8235,77386,77452,66
100,0,blank,0,-323,-105,77660,77805,145
100,0,blank,0,732.9135,326.0721,78177,78275,98
100,0,blank,0,821.33,358.3476,78275,78403,128
100,0,blank,0,879.378,437.0381,78630,78662,32
100,0,blank,0,833.767,270.695,78972,79048,76
100,0,blank,0,977.981333333333,323.276933333333,79304,79398,94
100,0,blank,0,971.492666666667,277.809066666667,79428,79622,194
100,0,blank,0,948.536166666667,308.614166666667,79622,79812,190
100,0,blank,0,960.878333333333,309.993066666667,79812,79999,187
100,0,blank,0,945.528,300.17205,79999,80186,187
100,0,blank,0,957.6665,302.176775,80186,80311,125
101,0,blank,0,221.7908,55.7361,81786,81811,25
101,0,blank,0,292.7493,-53.757475,81847,81970,123
101,0,blank,0,-152.0396,271.3035,82030,82067,37
101,0,blank,0,-323,-105,82194,82255,61
101,0,blank,0,-323,-105,82350,82443,93
101,0,blank,0,419.116633333333,14.8572,82513,82625,112
101,0,blank,0,291.794075,53.3702,82686,82847,161
101,54,dateUpdate,296,203.339166666667,588.279283333333,82907,83096,189
101,54,dateUpdate,296,198.37992,594.4922,83096,83252,156
101,0,blank,0,75.2449833333333,486.654233333333,83282,83464,182
101,0,blank,0,77.27618,477.58568,83464,83617,153
101,0,blank,0,101.924475,330.4615,83646,83771,125
101,0,blank,0,136.997166666667,316.902716666667,83801,83982,181
101,0,blank,0,110.89755,327.172633333333,83982,84166,184
101,0,blank,0,105.0212,309.7058,84166,84229,63
101,0,blank,0,-323,-105,84401,84523,122
101,0,blank,0,-323,-105,84523,84705,182
101,0,blank,0,290.8063,64.0099,84833,84869,36
101,0,blank,0,-323,-105,84928,85120,192
101,0,blank,0,-323,-105,85120,85307,187
101,0,blank,0,-323,-105,85307,85374,67
101,0,blank,0,141.3468,454.496,85815,85851,36
101,47,leapYearFlag,275,150.0879,435.9054,85851,86070,219
101,0,blank,0,148.197,468.7437,86070,86137,67
101,45,leapYearFlag,245,183.7513,384.4219,86291,86322,31
101,0,blank,0,-323,-105,87056,87130,74
101,0,blank,0,252.438,2.5493,87263,87300,37
101,0,blank,0,348.3512,-27.7977,87300,87488,188
101,0,blank,0,-323,-105,87827,88002,175
101,0,blank,0,-323,-105,88002,88182,180
101,0,blank,0,-323,-105,88182,88243,61
101,0,blank,0,88.2968,48.3214,88273,88312,39
101,0,blank,0,-323,-105,88930,89027,97
101,0,blank,0,-323,-105,89027,89155,128
101,0,blank,0,-323,-105,89155,89353,198
101,0,blank,0,-323,-105,89353,89412,59
101,0,blank,0,116.89125,147.3835,89462,89520,58
101,34,31,184,99.90702,157.35828,89579,89757,178
101,0,blank,0,183.653466666667,161.324233333333,89757,89846,89
101,0,blank,0,-323,-105,89905,89985,80
101,0,blank,0,209.8192,-86.2765333333333,90094,90185,91
101,0,blank,0,-323,-105,90217,90393,176
101,31,isLeapYear,161,171.3098,86.6608,90763,90849,86
101,0,blank,0,102.2068,-35.3302,91451,91545,94
101,0,blank,0,-323,-105,91775,91873,98
101,0,blank,0,55.308,434.9031,91898,91924,26
101,0,blank,0,213.82715,65.60805,91973,92023,50
101,0,blank,0,72.779675,127.257325,92048,92214,166
101,0,blank,0,129.3944,120.4238,92214,92312,98
101,0,blank,0,244.0145,126.4479,92347,92377,30
101,0,blank,0,162.526716666667,117.298466666667,92407,92587,180
101,0,blank,0,146.715433333333,124.6116,92587,92770,183
101,32,int,169,128.5628,114.7337,92770,92800,30
101,0,blank,0,16.39695,142.5217,92859,92918,59
101,0,blank,0,-323,-105,92977,93081,104
101,0,blank,0,232.24972,127.28952,93237,93412,175
101,0,blank,0,166.70295,491.640266666667,93475,93654,179
101,0,blank,0,192.8756,531.7546,93654,93684,30
101,0,blank,0,165.0848,563.545766666667,93746,93924,178
101,50,leapYearFlag,285,157.79125,509.95795,93924,93982,58
101,43,struct,239,185.065283333333,350.7854,94011,94190,179
101,0,blank,0,199.575683333333,371.173616666667,94190,94365,175
101,0,blank,0,185.43005,370.490166666667,94365,94541,176
101,46,year,269,125.65635,419.127216666667,94570,94748,178
101,45,leapYearFlag,245,172.6185,395.5165,94748,94810,62
101,46,year,269,139.016,413.179183333333,94955,95133,178
101,45,leapYearFlag,245,119.5253,397.8428,95133,95162,29
101,0,blank,0,-323,-105,95191,95371,180
101,0,blank,0,210.862766666667,410.7705,95475,95552,77
101,0,blank,0,156.6255,447.77786,95642,95788,146
101,46,d,267,109.7748,411.968,95846,95871,25
101,0,blank,0,186.7432,407.63266,95939,96088,149
101,0,blank,0,-323,-105,96146,96324,178
101,0,blank,0,-323,-105,96324,96458,134
101,49,leapYearFlag,280,201.590985714286,484.849271428571,96501,96698,197
101,0,blank,0,224.6117,444.006775,96784,96901,117
101,0,blank,0,303.47645,462.789766666667,96933,97107,174
101,0,blank,0,276.674316666667,502.853616666667,97166,97346,180
101,0,blank,0,273.7172,467.14255,97456,97508,52
101,0,blank,0,-323,-105,97538,97667,129
101,0,blank,0,154.2432,202.3665,97865,97953,88
101,32,daysPerMonth,170,158.447866666667,110.895333333333,97982,98070,88
101,0,blank,0,182.15802,123.24114,98104,98251,147
101,0,blank,0,361.6504,444.4954,98281,98434,153
101,0,blank,0,418.97572,388.53266,98434,98630,196
101,0,blank,0,433.2371,394.4761,98630,98720,90
101,46,&&,257,298.282683333333,407.590766666667,98772,98943,171
101,46,&&,257,297.15762,423.03904,98943,99090,147
101,45,leapYearFlag,245,169.3607,395.7815,99090,99181,91
101,0,blank,0,239.4133,422.9794,99215,99300,85
101,0,blank,0,-323,-105,99392,99522,130
101,43,struct,239,203.707233333333,354.379766666667,99752,99841,89
101,0,blank,0,194.678116666667,363.671616666667,99871,100052,181
101,46,year,269,161.5777,403.222075,100052,100170,118
101,0,blank,0,164.6563,381.66786,100200,100370,170
101,45,leapYearFlag,245,162.2274,397.8568,100399,100429,30
101,0,blank,0,-323,-105,100488,100642,154
101,46,d,267,109.167533333333,422.856966666667,100809,100944,135
101,45,leapYearFlag,245,158.4213,398.1466,100995,101057,62
101,45,leapYearFlag,245,209.1395,384.613,101122,101150,28
101,46,year,269,124.23094,423.6443,101214,101365,151
101,0,blank,0,182.6267,526.0031,101395,101423,28
101,0,blank,0,-323,-105,101452,101632,180
101,46,==,272,214.57,423.46945,101919,102062,143
101,0,blank,0,196.3546,376.2234,102062,102130,68
101,0,blank,0,-323,-105,102167,102347,180
101,0,blank,0,-323,-105,102347,102526,179
101,0,blank,0,-323,-105,102526,102707,181
101,0,blank,0,-323,-105,102707,102781,74
101,0,blank,0,-323,-105,102781,102945,164
101,0,blank,0,-323,-105,102945,103116,171
101,0,blank,0,-323,-105,103116,103396,280
101,0,blank,0,-323,-105,103396,103575,179
101,0,blank,0,-323,-105,103575,103648,73
101,0,blank,0,356.3647,313.0504,103678,103707,29
101,0,blank,0,-323,-105,104077,104161,84
101,0,blank,0,-323,-105,104161,104281,120
101,0,blank,0,-323,-105,104281,104424,143
101,46,400,271,633.0101,422.1293,105212,105517,305
101,49,leapYearFlag,280,180.53335,475.3706,105756,105878,122
101,47,true,277,262.48355,428.646925,105961,106129,168
101,0,blank,0,-323,-105,106214,106354,140
101,0,blank,0,281.021866666667,334.87705,106614,106804,190
101,0,blank,0,273.9307,322.6966,106804,106834,30
101,0,blank,0,296.140766666667,331.0968,106893,106978,85
101,0,blank,0,273.9584,262.8271,107007,107037,30
101,0,blank,0,221.04225,242.89295,107070,107135,65
101,0,blank,0,164.7779,311.0856,107165,107195,30
101,37,d,210,216.3026,211.893566666667,107225,107410,185
101,37,d,210,216.5587,206.8346,107410,107440,30
101,0,blank,0,118.29062,150.74278,107470,107619,149
101,35,31,198,135.7002,172.1376,107648,107844,196
101,0,blank,0,193.067366666667,166.199533333333,107844,107949,105
101,0,blank,0,-323,-105,108032,108147,115
101,0,blank,0,-323,-105,108147,108424,277
101,0,blank,0,-323,-105,108424,108619,195
101,0,blank,0,-323,-105,108619,108918,299
101,0,blank,0,-323,-105,108918,109107,189
101,0,blank,0,-323,-105,109107,109292,185
101,0,blank,0,-323,-105,109292,109327,35
101,0,blank,0,-323,-105,109327,109495,168
101,0,blank,0,210.0504,238.1546,109780,109819,39
101,0,blank,0,147.18095,195.441675,109953,110112,159
101,34,31,184,176.553133333333,146.5784,110112,110225,113
101,0,blank,0,235.571075,34.512675,110284,110462,178
101,31,struct,163,293.8434,92.3559,110462,110491,29
101,0,blank,0,-323,-105,110577,110741,164
101,0,blank,0,244.4309,116.6783,110768,110794,26
101,0,blank,0,158.517733333333,129.251233333333,110819,110911,92
101,32,daysPerMonth,170,252.641933333333,115.1056,110974,111063,89
101,0,blank,0,-323,-105,111093,111222,129
101,0,blank,0,387.1113,122.599,111687,111796,109
101,0,blank,0,375.52615,115.3744,111962,112131,169
101,0,blank,0,361.143,177.7287,112173,112220,47
101,0,blank,0,175.2712,188.6291,112389,112471,82
101,0,blank,0,182.908033333333,162.010583333333,112545,112723,178
101,34,31,184,165.327,158.963616666667,112723,112901,178
101,0,blank,0,-323,-105,112931,113098,167
101,0,blank,0,304.2338,230.4083,113231,113256,25
101,0,blank,0,126.536266666667,227.3018,113343,113524,181
101,0,blank,0,208.686516666667,50.4078333333333,113611,113798,187
101,31,isLeapYear,161,162.0108,78.5478,113798,113827,29
101,34,31,184,250.19625,141.5531,113885,113947,62
101,0,blank,0,105.566383333333,200.15925,114036,114216,180
101,0,blank,0,197.5391,72.2513,114245,114274,29
101,0,blank,0,132.69385,134.84345,114303,114361,58
101,0,blank,0,255.9447,52.4697,114392,114419,27
101,0,blank,0,167.71115,134.812516666667,114448,114631,183
101,0,blank,0,259.2887,121.062433333333,114689,114779,90
101,0,blank,0,246.7779,40.7466,114838,115119,281
101,32,],173,299.367425,113.1818,115119,115243,124
101,0,blank,0,327.86685,101.8426,115303,115361,58
101,0,blank,0,225.1887,86.5527,115800,115826,26
101,0,blank,0,-323,-105,115855,116036,181
101,0,blank,0,-323,-105,116036,116071,35
101,0,blank,0,94.7143857142857,227.128828571429,116097,116291,194
101,0,blank,0,145.64794,228.16268,116320,116468,148
101,38,;,219,181.64735,246.947383333333,116497,116671,174
101,0,blank,0,-323,-105,116729,116858,129
101,35,31,198,294.562775,173.6021,116967,117069,102
101,37,true,208,293.0843,222.630466666667,117098,117214,116
101,0,blank,0,387.6124,194.932,117247,117276,29
101,0,blank,0,240.839275,217.39235,117313,117430,117
101,0,blank,0,505.835,209.68,117490,117518,28
101,37,d,210,354.5784,215.6505,117548,117610,62
101,0,blank,0,482.6101,233.368466666667,117642,117731,89
101,37,==,213,433.523,225.1217,117768,117798,30
101,37,(,204,209.005716666667,204.99305,117890,118064,174
101,38,=,217,143.9862,241.4658,118064,118182,118
101,0,blank,0,-323,-105,118242,118407,165
101,38,29,218,157.763816666667,229.517783333333,118434,118598,164
101,0,blank,0,211.5451,201.029633333333,118627,118804,177
101,35,comma,197,184.706933333333,179.90535,118804,118981,177
101,35,30,196,180.5298,173.2593,118981,119010,29
101,0,blank,0,204.99342,181.75922,119069,119215,146
101,0,blank,0,469.4741,171.3891,119275,119304,29
101,0,blank,0,616.2098,243.1347,119364,119460,96
101,0,blank,0,431.21866,213.21776,119554,119735,181
101,0,blank,0,489.6235,199.4767,119735,119769,34
101,0,blank,0,408.565,241.5293,119858,119888,30
101,38,29,218,170.001816666667,234.4971,119947,120129,182
101,0,blank,0,-323,-105,120218,120319,101
101,0,blank,0,144.611142857143,258.272357142857,120344,120538,194
101,35,30,196,261.45295,176.24475,120538,120601,63
101,0,blank,0,242.912133333333,201.174766666667,120634,120766,132
101,0,blank,0,277.7582,236.8688,120828,120858,30
101,0,blank,0,-323,-105,120886,121041,155
101,0,blank,0,254.648125,270.264975,121162,121270,108
101,0,blank,0,342.813816666667,297.093416666667,121299,121476,177
101,0,blank,0,411.087066666667,265.48865,121509,121689,180
101,0,blank,0,425.7707,235.0714,121689,121718,29
101,40,d,225,290.447166666667,284.892833333333,121747,121920,173
101,0,blank,0,251.36415,256.568366666667,121920,122094,174
101,0,blank,0,255.608183333333,239.004083333333,122094,122267,173
101,40,daysPerMonth,223,227.624183333333,291.727133333333,122267,122442,175
101,40,daysPerMonth,223,218.869116666667,280.286616666667,122442,122623,181
101,0,blank,0,-323,-105,122683,122812,129
101,40,daysPerMonth,223,243.04965,280.2248,122933,122981,48
101,0,blank,0,285.1698,45.187,123011,123040,29
101,0,blank,0,237.7266,162.701,123070,123099,29
101,0,blank,0,259.6423,54.6763,123158,123188,30
101,0,blank,0,225.13666,139.85248,123248,123432,184
101,32,12,172,289.9099,113.831,123462,123554,92
101,0,blank,0,367.7912,54.06265,123586,123653,67
101,0,blank,0,232.8933,155.6742,123689,123719,30
101,0,blank,0,392.508233333333,64.7293,123749,123846,97
101,40,month,227,333.6981,282.2602,123935,123964,29
101,40,month,227,329.10245,282.4172,124022,124200,178
101,0,blank,0,321.09026,293.0819,124200,124350,150
101,0,blank,0,482.5306,307.1696,124380,124410,30
101,0,blank,0,422.384716666667,280.927983333333,124440,124616,176
101,40,;,231,408.625775,283.948975,124616,124735,119
101,37,==,213,256.67008,216.1936,124765,124918,153
101,0,blank,0,190.655766666667,260.417366666667,124947,125041,94
101,0,blank,0,-323,-105,125075,125234,159
101,0,blank,0,198.841,225.907828571429,125286,125480,194
101,0,blank,0,323.2324,183.6898,125480,125510,30
101,0,blank,0,328.9313,302.3972,125539,125571,32
101,41,days,233,119.458316666667,299.903816666667,125628,125807,179
101,0,blank,0,112.561183333333,295.52045,125807,125982,175
101,0,blank,0,147.7416,264.7951,125982,126011,29
101,38,;,219,181.620583333333,240.1006,126100,126277,177
101,0,blank,0,127.43198,255.353,126277,126423,146
101,0,blank,0,271.420583333333,248.4911,126453,126628,175
101,40,daysPerMonth,223,230.940033333333,275.348333333333,126628,126714,86
101,40,month,227,319.5694,281.25934,126744,126922,178
101,0,blank,0,335.4891,313.6321,126922,126956,34
101,0,blank,0,375.7077,292.5232,126986,127016,30
101,40,month,227,306.689616666667,287.2546,127076,127256,180
101,40,month,227,311.0737,290.67144,127256,127407,151
101,40,month,227,345.35692,282.18896,127437,127616,179
101,0,blank,0,231.598133333333,226.494333333333,127616,127803,187
101,0,blank,0,187.9509,194.07515,127803,127862,59
101,35,30,196,244.260375,180.0556,127892,128012,120
101,31,date,164,352.792033333333,87.0777,128077,128213,136
101,0,blank,0,312.0657,297.664,128286,128479,193
101,0,blank,0,336.3574,297.4032,128479,128540,61
101,0,blank,0,-323,-105,128569,128761,192
101,0,blank,0,341.222483333333,271.991016666667,128787,128965,178
101,40,-,228,365.15615,289.35625,128965,129054,89
101,0,blank,0,480.358833333333,280.3405,129088,129210,122
101,0,blank,0,469.1036,289.0819,129269,129298,29
101,0,blank,0,367.828516666667,263.14115,129400,129577,177
101,0,blank,0,399.7501,255.70565,129577,129636,59
101,0,blank,0,287.5146,292.7742,129665,129727,62
101,40,daysPerMonth,223,227.150233333333,278.477533333333,129854,130031,177
101,0,blank,0,364.067983333333,290.989366666667,130031,130208,177
101,0,blank,0,362.38118,304.89968,130237,130387,150
101,40,month,227,329.882583333333,285.193816666667,130417,130595,178
101,40,month,227,332.046625,276.642125,130595,130713,118
101,0,blank,0,258.839925,230.236375,130772,130891,119
101,0,blank,0,-323,-105,130921,131026,105
101,0,blank,0,220.84866,188.3811,131150,131323,173
101,0,blank,0,195.572566666667,196.3569,131323,131509,186
101,0,blank,0,148.0798,273.3888,131509,131568,59
101,0,blank,0,-323,-105,131682,131784,102
101,0,blank,0,237.3437,248.634516666667,132046,132218,172
101,0,blank,0,213.362725,295.488375,132218,132345,127
101,40,daysPerMonth,223,192.8485,279.9251,132375,132565,190
101,0,blank,0,190.621233333333,256.234016666667,132595,132777,182
101,0,blank,0,122.912183333333,251.1375,132777,132954,177
101,0,blank,0,127.8953,244.5446,132954,132983,29
101,37,isLeapYear,203,147.7766,219.107833333333,133043,133220,177
101,0,blank,0,204.2595,216.9266,133220,133280,60
101,40,[,224,278.1604,285.6107,133310,133339,29
101,0,blank,0,255.8874,199.903883333333,133368,133548,180
101,37,),215,229.54372,224.51724,133548,133698,150
101,0,blank,0,258.23125,245.459025,133757,133879,122
101,0,blank,0,102.4503,292.8963,133909,133939,30
101,0,blank,0,134.3214,258.4038,133969,134029,60
101,0,blank,0,-323,-105,134090,134193,103
101,0,blank,0,285.979816666667,242.054416666667,134341,134512,171
101,40,.,226,298.6113,286.8418,134512,134542,30
101,0,blank,0,331.4267,235.9731,134602,134637,35
101,37,true,208,313.338,223.7417,134667,134848,181
101,0,blank,0,237.92365,231.8743,134848,134907,59
101,0,blank,0,212.819816666667,245.07345,134967,135142,175
101,0,blank,0,207.621316666667,244.929616666667,135142,135318,176
101,0,blank,0,209.7764,226.005166666667,135318,135407,89
101,0,blank,0,-323,-105,135466,135592,126
101,0,blank,0,236.547233333333,219.277166666667,135683,135762,79
101,32,daysPerMonth,170,228.569,108.7521,135913,135942,29
101,0,blank,0,483.642966666667,-8.0446,136278,136400,122
101,0,blank,0,481.326,26.0164,136433,136680,247
101,40,daysPerMonth,223,196.005225,290.198525,136835,136956,121
101,40,daysPerMonth,223,254.1,285.6731,137016,137046,30
101,40,daysPerMonth,223,222.44575,281.618616666667,137107,137294,187
101,40,daysPerMonth,223,239.955866666667,278.701133333333,137294,137471,177
101,0,blank,0,246.5496,301.8922,137471,137502,31
101,0,blank,0,-323,-105,137533,137666,133
101,0,blank,0,343.24444,296.17588,137832,137974,142
101,40,month,227,338.873275,291.22775,138004,138198,194
101,0,blank,0,-323,-105,138260,138448,188
101,0,blank,0,-323,-105,138448,138612,164
101,0,blank,0,-323,-105,138612,138730,118
101,0,blank,0,328.72435,340.2005,138774,138864,90
101,0,blank,0,314.39755,396.08335,139047,139237,190
101,0,blank,0,322.9747,371.750466666667,139237,139428,191
101,0,blank,0,310.451833333333,308.250966666667,139428,139523,95
101,0,blank,0,313.9884,307.2875,139555,139585,30
101,0,blank,0,-323,-105,139656,139765,109
101,0,blank,0,273.8444,296.7044,139913,139966,53
101,0,blank,0,-323,-105,140425,140637,212
101,0,blank,0,-323,-105,140637,140858,221
101,0,blank,0,-323,-105,140858,141293,435
101,0,blank,0,-323,-105,141293,141646,353
101,0,blank,0,-323,-105,141646,141774,128
101,0,blank,0,-323,-105,141774,141955,181
101,0,blank,0,-323,-105,141955,142146,191
101,0,blank,0,-323,-105,142146,142324,178
101,0,blank,0,-323,-105,142324,142514,190
101,0,blank,0,-323,-105,142514,142579,65
101,0,blank,0,110.3479,446.42295,142614,142698,84
101,0,blank,0,-323,-105,142877,142939,62
101,45,leapYearFlag,245,130.3966,393.3036,143215,143364,149
101,46,4,254,199.7149,407.5123,143364,143534,170
101,47,leapYearFlag,275,199.74325,428.15675,143769,143904,135
101,43,struct,239,233.4366,353.8769,143990,144035,45
101,0,blank,0,-323,-105,144126,144322,196
101,0,blank,0,-323,-105,144322,144511,189
101,0,blank,0,255.29875,336.83325,144543,144693,150
101,0,blank,0,158.3316,454.950866666667,144740,144864,124
101,0,blank,0,-323,-105,144924,145107,183
101,47,leapYearFlag,275,145.4008,434.01305,145215,145300,85
101,47,leapYearFlag,275,202.0399,437.14805,145335,145398,63
101,47,leapYearFlag,275,103.35638,442.05638,145468,145659,191
101,0,blank,0,-323,-105,145728,145865,137
101,49,leapYearFlag,280,185.8842,470.9473,145911,145968,57
101,43,date,240,265.6546,352.9683,146062,146111,49
101,49,false,282,249.1279,481.1525,146152,146197,45
101,46,==,272,231.5365,403.9029,146240,146283,43
101,47,true,277,247.0969,430.8677,146325,146369,44
101,0,blank,0,-323,-105,146415,146610,195
101,0,blank,0,-323,-105,146610,146791,181
101,0,blank,0,-323,-105,146791,146978,187
101,0,blank,0,-323,-105,146978,147147,169
101,0,blank,0,-323,-105,147147,147281,134
101,0,blank,0,-323,-105,147281,147790,509
101,0,blank,0,-323,-105,147790,147956,166
101,0,blank,0,-323,-105,147956,148055,99
101,0,blank,0,-323,-105,148055,148424,369
101,0,blank,0,-323,-105,148424,148451,27
101,0,blank,0,-323,-105,148451,148668,217
101,0,blank,0,-323,-105,148668,148885,217
101,0,blank,0,-323,-105,148885,148952,67
101,0,blank,0,-323,-105,148952,149285,333
101,0,blank,0,-323,-105,149285,149456,171
101,0,blank,0,-323,-105,149456,149631,175
101,0,blank,0,-323,-105,149631,149662,31
101,0,blank,0,-323,-105,149662,149973,311
101,0,blank,0,-323,-105,149973,150324,351
101,0,blank,0,-323,-105,150324,150516,192
101,0,blank,0,-323,-105,150516,150621,105
101,0,blank,0,-323,-105,150621,150784,163
101,0,blank,0,-323,-105,150784,150872,88
101,0,blank,0,-323,-105,150872,151059,187
101,0,blank,0,-323,-105,151059,151122,63
101,0,blank,0,-323,-105,151122,151890,768
101,0,blank,0,-323,-105,151890,152070,180
101,0,blank,0,-323,-105,152070,152366,296
101,0,blank,0,-323,-105,152366,152622,256
101,0,blank,0,-323,-105,152622,152687,65
101,0,blank,0,-323,-105,152687,153047,360
101,0,blank,0,-323,-105,153047,153407,360
101,0,blank,0,-323,-105,153407,153465,58
101,0,blank,0,-323,-105,153465,153752,287
101,0,blank,0,-323,-105,153752,153908,156
101,0,blank,0,-323,-105,153908,154507,599
101,0,blank,0,-323,-105,154507,154774,267
101,0,blank,0,-323,-105,154774,154870,96
101,0,blank,0,-323,-105,154870,155021,151
101,0,blank,0,-323,-105,155021,155126,105
101,0,blank,0,-323,-105,155126,155345,219
101,0,blank,0,-323,-105,155345,155682,337
101,0,blank,0,-323,-105,155682,155863,181
101,0,blank,0,-323,-105,155863,156359,496
101,0,blank,0,-323,-105,156359,156500,141
101,0,blank,0,-323,-105,156500,156670,170
101,0,blank,0,-323,-105,156670,156767,97
101,0,blank,0,-323,-105,156767,157016,249
101,0,blank,0,-323,-105,157016,157098,82
101,0,blank,0,-323,-105,157098,157260,162
101,0,blank,0,-323,-105,157260,157424,164
101,0,blank,0,-323,-105,157424,157920,496
101,0,blank,0,-323,-105,157920,158077,157
101,0,blank,0,-323,-105,158077,158266,189
101,0,blank,0,-323,-105,158266,158655,389
101,0,blank,0,-323,-105,158655,159117,462
101,0,blank,0,-323,-105,159117,159234,117
101,0,blank,0,-323,-105,159234,159387,153
101,0,blank,0,-323,-105,159387,159800,413
101,0,blank,0,-323,-105,159800,159959,159
101,0,blank,0,-323,-105,159959,160018,59
101,0,blank,0,-323,-105,160018,160388,370
101,0,blank,0,-323,-105,160388,160570,182
101,0,blank,0,-323,-105,160570,160764,194
101,0,blank,0,-323,-105,160764,160833,69
101,0,blank,0,-323,-105,160833,161051,218
101,0,blank,0,-323,-105,161051,161186,135
101,0,blank,0,-323,-105,161186,161358,172
101,0,blank,0,-323,-105,161358,161557,199
101,0,blank,0,-323,-105,161557,161714,157
101,0,blank,0,-323,-105,161714,161803,89
101,0,blank,0,-323,-105,161803,162018,215
101,0,blank,0,-323,-105,162018,162065,47
101,0,blank,0,-323,-105,162065,162343,278
101,0,blank,0,-323,-105,162343,162631,288
101,0,blank,0,-323,-105,162631,162741,110
101,0,blank,0,-323,-105,162741,162951,210
101,0,blank,0,-323,-105,162951,163019,68
101,0,blank,0,-323,-105,163019,163309,290
101,0,blank,0,-323,-105,163309,163447,138
101,0,blank,0,-323,-105,163447,163968,521
101,0,blank,0,-323,-105,163968,164196,228
101,0,blank,0,-323,-105,164196,164375,179
101,0,blank,0,-323,-105,164375,164570,195
101,0,blank,0,-323,-105,164570,164638,68
101,0,blank,0,-323,-105,164638,164930,292
101,0,blank,0,-323,-105,164930,165015,85
101,0,blank,0,-323,-105,165015,165304,289
101,0,blank,0,-323,-105,165304,165364,60
101,0,blank,0,-323,-105,165364,165691,327
101,0,blank,0,-323,-105,165691,165740,49
101,0,blank,0,-323,-105,165740,166431,691
101,0,blank,0,-323,-105,166431,166598,167
101,0,blank,0,-323,-105,166598,166720,122
101,0,blank,0,-323,-105,166720,167118,398
101,0,blank,0,-323,-105,167118,167871,753
101,0,blank,0,-323,-105,167871,168051,180
101,0,blank,0,-323,-105,168051,168126,75
101,0,blank,0,-323,-105,168126,168308,182
101,0,blank,0,-323,-105,168308,168378,70
101,0,blank,0,-323,-105,168378,168623,245
101,0,blank,0,-323,-105,168623,169040,417
101,0,blank,0,-323,-105,169040,169342,302
101,0,blank,0,-323,-105,169342,169513,171
101,0,blank,0,-323,-105,169513,169687,174
101,0,blank,0,-323,-105,169687,169845,158
101,0,blank,0,-323,-105,169845,170041,196
101,0,blank,0,-323,-105,170041,170190,149
101,0,blank,0,-323,-105,170190,170283,93
101,0,blank,0,-323,-105,170283,170480,197
101,0,blank,0,-323,-105,170480,170630,150
101,0,blank,0,-323,-105,170630,170701,71
101,0,blank,0,-323,-105,170701,170852,151
101,0,blank,0,-323,-105,170852,171028,176
101,0,blank,0,-323,-105,171028,171215,187
101,0,blank,0,-323,-105,171215,171439,224
101,0,blank,0,-323,-105,171439,172733,1294
101,0,blank,0,-323,-105,172733,172931,198
101,0,blank,0,-323,-105,172931,172965,34
101,0,blank,0,-323,-105,172965,173261,296
101,0,blank,0,-323,-105,173261,174837,1576
101,0,blank,0,-323,-105,174837,175007,170
101,0,blank,0,-323,-105,175007,175098,91
101,0,blank,0,-323,-105,175098,175284,186
101,0,blank,0,-323,-105,175284,175410,126
101,0,blank,0,-323,-105,175410,175580,170
101,0,blank,0,-323,-105,175580,175681,101
101,0,blank,0,-323,-105,175681,175937,256
101,0,blank,0,-323,-105,175937,176191,254
101,0,blank,0,-323,-105,176191,176445,254
101,0,blank,0,-323,-105,176445,176615,170
101,0,blank,0,-323,-105,176615,177167,552
101,0,blank,0,-323,-105,177167,177348,181
101,0,blank,0,-323,-105,177348,177533,185
101,0,blank,0,-323,-105,177533,177564,31
101,0,blank,0,-323,-105,177564,177930,366
101,0,blank,0,-323,-105,177930,177978,48
101,0,blank,0,-323,-105,177978,178462,484
101,0,blank,0,-323,-105,178462,178697,235
101,0,blank,0,-323,-105,178697,178824,127
101,0,blank,0,-323,-105,178824,179025,201
101,0,blank,0,-323,-105,179025,179206,181
101,0,blank,0,-323,-105,179206,179402,196
101,0,blank,0,-323,-105,179402,179596,194
101,0,blank,0,-323,-105,179596,179778,182
101,0,blank,0,-323,-105,179778,179939,161
101,0,blank,0,-323,-105,179939,180121,182
101,0,blank,0,-323,-105,180121,180292,171
101,0,blank,0,-323,-105,180292,180417,125
101,0,blank,0,-323,-105,180417,180514,97
101,0,blank,0,-323,-105,180514,180650,136
101,0,blank,0,-323,-105,180650,180839,189
101,0,blank,0,-323,-105,180839,181031,192
101,0,blank,0,-323,-105,181031,181333,302
101,0,blank,0,-323,-105,181333,181514,181
101,0,blank,0,-323,-105,181514,182079,565
101,0,blank,0,-323,-105,182079,182414,335
101,0,blank,0,-323,-105,182414,182593,179
101,0,blank,0,-323,-105,182593,182620,27
101,0,blank,0,-323,-105,182620,182962,342
101,0,blank,0,-323,-105,182962,183301,339
101,0,blank,0,-323,-105,183301,183484,183
101,0,blank,0,-323,-105,183484,184112,628
101,0,blank,0,-323,-105,184112,184757,645
101,0,blank,0,-323,-105,184757,184859,102
101,0,blank,0,-323,-105,184859,184960,101
101,47,leapYearFlag,275,146.86305,434.9173,185423,185517,94
101,46,==,272,215.669533333333,416.5771,185565,185739,174
101,0,blank,0,199.970175,378.083175,185739,185912,173
101,46,==,272,217.0513,408.7632,185912,185956,44
101,0,blank,0,355.538866666667,393.647066666667,185986,186166,180
101,0,blank,0,305.083216666667,394.03545,186166,186348,182
101,47,true,277,269.2652,443.3342,186348,186378,30
101,0,blank,0,-323,-105,186409,186566,157
101,0,blank,0,399.14365,372.9615,186718,186772,54
101,0,blank,0,304.1754,438.365733333333,186803,186892,89
101,0,blank,0,-323,-105,186952,187135,183
101,0,blank,0,-323,-105,187135,187161,26
101,46,&&,257,263.52415,405.9097,187321,187414,93
101,0,blank,0,166.076166666667,416.518133333333,187505,187660,155
101,46,year,269,153.14,419.90985,187660,187841,181
101,47,leapYearFlag,275,169.0976,432.111,187886,187929,43
101,0,blank,0,-323,-105,187975,188151,176
101,0,blank,0,-323,-105,188151,188330,179
101,0,blank,0,-323,-105,188330,188511,181
101,0,blank,0,-323,-105,188511,188651,140
101,0,blank,0,-323,-105,189027,189453,426
101,0,blank,0,-323,-105,189453,189580,127
101,0,blank,0,-323,-105,189580,189764,184
101,0,blank,0,-323,-105,189764,189947,183
101,0,blank,0,-323,-105,189947,190140,193
101,0,blank,0,-323,-105,190140,190246,106
101,0,blank,0,-323,-105,190246,190409,163
101,0,blank,0,-323,-105,190409,190548,139
101,45,leapYearFlag,245,190.19132,393.42494,190577,190722,145
101,0,blank,0,-323,-105,190783,190941,158
101,45,leapYearFlag,245,205.9425,388.302033333333,191124,191302,178
101,46,==,272,216.14782,405.04352,191302,191453,151
101,47,true,277,252.7173,429.111966666667,191529,191663,134
101,46,100,262,396.986125,412.89585,191706,191875,169
101,0,blank,0,564.0603,432.3317,191875,192044,169
101,0,blank,0,571.245366666667,445.8056,192044,192219,175
101,0,blank,0,554.67445,428.466525,192219,192382,163
101,46,d,267,527.68586,417.74958,192382,192579,197
101,0,blank,0,523.2814,439.9003,192579,192609,30
101,0,blank,0,345.9394,393.8549,192638,192835,197
101,0,blank,0,299.6159,393.55,192835,193023,188
101,46,&&,257,295.171,406.918,193023,193072,49
101,46,100,262,407.04868,404.07772,193108,193259,151
101,0,blank,0,530.689866666667,393.963833333333,193290,193469,179
101,0,blank,0,570.139183333333,399.979,193469,193648,179
101,0,blank,0,598.92,410.7134,193648,193678,30
101,0,blank,0,692.752,371.4788,193774,193803,29
101,46,%,270,604.978,404.4029,193833,193863,30
101,0,blank,0,-323,-105,193966,194080,114
101,0,blank,0,-323,-105,194188,194374,186
101,0,blank,0,-323,-105,194374,194426,52
101,0,blank,0,511.0656,396.6693,194464,194481,17
101,46,400,271,627.849075,410.59285,194513,194684,171
101,46,year,269,587.1017,406.1117,194684,194715,31
101,0,blank,0,-323,-105,194788,194870,82
101,0,blank,0,581.3899,382.4887,195107,195157,50
101,0,blank,0,-323,-105,195308,195487,179
101,0,blank,0,-323,-105,195487,195602,115
101,0,blank,0,-323,-105,195602,195762,160
101,0,blank,0,-323,-105,195762,196278,516
101,0,blank,0,-323,-105,196278,196423,145
101,0,blank,0,696.569,468.5934,196750,196893,143
101,0,blank,0,658.0033,431.48735,196893,197077,184
101,0,blank,0,656.6811,431.581675,197077,197268,191
101,0,blank,0,173.926616666667,456.7576,197357,197555,198
101,49,leapYearFlag,280,153.39104,480.64022,197555,197716,161
101,0,blank,0,-323,-105,197783,197910,127
101,0,blank,0,162.5453,451.366066666667,197963,198139,176
101,47,leapYearFlag,275,190.544933333333,441.624816666667,198139,198333,194
101,47,leapYearFlag,275,159.346725,429.0042,198333,198463,130
101,0,blank,0,-323,-105,198553,198728,175
101,0,blank,0,-323,-105,198728,198862,134
101,0,blank,0,265.9128,399.9696,198908,199128,220
101,46,&&,257,293.5198,418.2773,199128,199173,45
101,0,blank,0,-323,-105,199355,199534,179
101,0,blank,0,-323,-105,199534,199713,179
101,0,blank,0,-323,-105,199713,199900,187
101,0,blank,0,-323,-105,199900,200040,140
101,0,blank,0,-323,-105,200040,200550,510
101,0,blank,0,-323,-105,200550,200838,288
101,0,blank,0,-323,-105,200838,200914,76
101,0,blank,0,-323,-105,200914,201192,278
101,0,blank,0,-323,-105,201192,201269,77
101,0,blank,0,-323,-105,201269,201414,145
101,0,blank,0,-323,-105,201414,201970,556
101,0,blank,0,-323,-105,201970,202117,147
101,0,blank,0,-323,-105,202117,202189,72
101,0,blank,0,-323,-105,202189,202416,227
101,0,blank,0,-323,-105,202416,202799,383
101,0,blank,0,-323,-105,202799,203384,585
101,0,blank,0,-323,-105,203384,203532,148
101,0,blank,0,-323,-105,203532,203641,109
101,0,blank,0,-323,-105,203641,204051,410
101,0,blank,0,-323,-105,204051,204257,206
101,0,blank,0,-323,-105,204257,204623,366
101,0,blank,0,-323,-105,204623,204816,193
101,0,blank,0,-323,-105,204816,204987,171
101,0,blank,0,-323,-105,204987,205289,302
101,0,blank,0,-323,-105,205289,205451,162
101,0,blank,0,-323,-105,205451,205643,192
101,0,blank,0,283.4236,366.0596,205869,205899,30
101,0,blank,0,511.7074,400.5716,206356,206402,46
101,46,||,266,502.233625,422.024475,206643,206809,166
101,0,blank,0,506.1127,447.3062,206809,206892,83
101,45,leapYearFlag,245,192.201966666667,392.023283333333,206933,207124,191
101,45,leapYearFlag,245,197.329683333333,392.849533333333,207124,207304,180
101,0,blank,0,117.77655,424.1538,207304,207423,119
101,0,blank,0,-323,-105,207484,207613,129
101,0,blank,0,571.0463,561.4276,207639,207664,25
101,0,blank,0,602.924,404.8016,207747,207892,145
101,46,%,270,612.846775,402.368175,207892,208050,158
101,0,blank,0,-323,-105,208107,208288,181
101,0,blank,0,-323,-105,208288,208468,180
101,0,blank,0,-323,-105,208468,208652,184
101,0,blank,0,-323,-105,208652,208809,157
101,0,blank,0,-323,-105,208809,208899,90
101,0,blank,0,-323,-105,208899,209072,173
101,0,blank,0,-323,-105,209072,209339,267
101,0,blank,0,-323,-105,209339,209653,314
101,0,blank,0,-323,-105,209653,209897,244
101,0,blank,0,-323,-105,209897,210070,173
101,0,blank,0,-323,-105,210070,210286,216
101,0,blank,0,-323,-105,210286,210588,302
101,0,blank,0,-323,-105,210588,210777,189
101,46,400,271,623.9532,404.6284,211024,211087,63
101,0,blank,0,550.5295,428.9452,211087,211278,191
101,46,!=,263,461.8313,419.9639,211278,211450,172
101,0,blank,0,402.9462,387.9755,211450,211496,46
101,0,blank,0,-323,-105,211582,211759,177
101,0,blank,0,-323,-105,211759,211940,181
101,0,blank,0,-323,-105,211940,212131,191
101,0,blank,0,-323,-105,212131,212308,177
101,0,blank,0,-323,-105,212308,212342,34
101,0,blank,0,-323,-105,212342,212593,251
101,0,blank,0,-323,-105,212593,212762,169
101,0,blank,0,-323,-105,212762,212804,42
101,43,date,240,248.1881,352.2614,213028,213133,105
101,0,blank,0,-323,-105,213412,213541,129
101,0,blank,0,208.9015,416.530633333333,213674,213855,181
101,0,blank,0,171.6158,404.40525,213855,214040,185
101,47,leapYearFlag,275,174.6601,428.2947,214040,214070,30
101,0,blank,0,-323,-105,214131,214258,127
101,46,year,269,146.70235,406.4816,214360,214412,52
101,45,leapYearFlag,245,151.1756,399.9175,214473,214628,155
101,0,blank,0,207.96685,432.4563,214660,214843,183
101,0,blank,0,-323,-105,214931,215128,197
101,0,blank,0,-323,-105,215128,215308,180
101,0,blank,0,-323,-105,215308,215461,153
101,0,blank,0,-323,-105,215461,215655,194
101,0,blank,0,-323,-105,215655,215754,99
101,0,blank,0,-323,-105,215754,216092,338
101,0,blank,0,-323,-105,216092,216143,51
101,0,blank,0,-323,-105,216143,216426,283
101,0,blank,0,-323,-105,216426,216470,44
101,0,blank,0,-323,-105,216470,216695,225
101,0,blank,0,-323,-105,216695,216876,181
101,0,blank,0,-323,-105,216876,217133,257
101,0,blank,0,-323,-105,217133,217214,81
101,0,blank,0,-323,-105,217214,217558,344
101,0,blank,0,-323,-105,217558,217777,219
101,0,blank,0,-323,-105,217777,217913,136
101,0,blank,0,-323,-105,217913,218080,167
101,0,blank,0,-323,-105,218080,218251,171
101,0,blank,0,-323,-105,218251,218710,459
101,0,blank,0,-323,-105,218710,218942,232
101,0,blank,0,-323,-105,218942,219032,90
101,0,blank,0,-323,-105,219032,219161,129
101,0,blank,0,-323,-105,219161,219433,272
101,0,blank,0,-323,-105,219433,219712,279
101,0,blank,0,-323,-105,219712,220050,338
101,0,blank,0,-323,-105,220050,220150,100
101,0,blank,0,-323,-105,220150,220257,107
101,0,blank,0,-323,-105,220257,220351,94
101,0,blank,0,-323,-105,220351,220529,178
101,0,blank,0,-323,-105,220529,220861,332
101,0,blank,0,-323,-105,220861,221033,172
101,0,blank,0,-323,-105,221033,221301,268
101,0,blank,0,-323,-105,221301,221332,31
101,0,blank,0,-323,-105,221332,221519,187
101,0,blank,0,-323,-105,221519,221692,173
101,0,blank,0,-323,-105,221692,221828,136
101,0,blank,0,-323,-105,221828,222056,228
101,0,blank,0,-323,-105,222056,222088,32
101,0,blank,0,-323,-105,222088,222685,597
101,0,blank,0,-323,-105,222685,222967,282
101,0,blank,0,-323,-105,222967,223029,62
101,0,blank,0,-323,-105,223029,223277,248
101,0,blank,0,-323,-105,223277,223643,366
101,0,blank,0,-323,-105,223643,223978,335
101,0,blank,0,-323,-105,223978,224175,197
101,0,blank,0,-323,-105,224175,224293,118
101,0,blank,0,-323,-105,224293,224416,123
101,0,blank,0,-323,-105,224416,224790,374
101,0,blank,0,-323,-105,224790,225284,494
101,0,blank,0,-323,-105,225284,225556,272
101,0,blank,0,-323,-105,225556,225671,115
101,0,blank,0,-323,-105,225671,225857,186
101,0,blank,0,-323,-105,225857,226010,153
101,0,blank,0,-323,-105,226010,226140,130
101,0,blank,0,-323,-105,226140,226275,135
101,0,blank,0,-323,-105,226275,226441,166
101,0,blank,0,-323,-105,226441,226627,186
101,0,blank,0,-323,-105,226627,226791,164
101,0,blank,0,-323,-105,226791,226862,71
101,0,blank,0,-323,-105,226862,227091,229
101,0,blank,0,-323,-105,227091,227211,120
101,0,blank,0,-323,-105,227211,227558,347
101,0,blank,0,-323,-105,227558,227825,267
101,0,blank,0,-323,-105,227825,228207,382
101,0,blank,0,-323,-105,228207,228374,167
101,0,blank,0,-323,-105,228374,228555,181
101,0,blank,0,-323,-105,228555,228723,168
101,0,blank,0,-323,-105,228723,228825,102
101,0,blank,0,-323,-105,228825,229016,191
101,0,blank,0,-323,-105,229016,229152,136
101,0,blank,0,-323,-105,229152,229228,76
101,0,blank,0,-323,-105,229228,229395,167
101,0,blank,0,-323,-105,229395,229522,127
101,0,blank,0,-323,-105,229522,229696,174
101,0,blank,0,-323,-105,229696,229890,194
101,0,blank,0,-323,-105,229890,230080,190
101,0,blank,0,-323,-105,230080,230212,132
101,0,blank,0,-323,-105,230212,230284,72
101,0,blank,0,-323,-105,230284,230504,220
101,0,blank,0,-323,-105,230504,230709,205
101,0,blank,0,-323,-105,230709,230895,186
101,0,blank,0,-323,-105,230895,230991,96
101,0,blank,0,-323,-105,230991,231189,198
101,0,blank,0,-323,-105,231189,231352,163
101,0,blank,0,-323,-105,231352,231533,181
101,0,blank,0,-323,-105,231533,231715,182
101,0,blank,0,-323,-105,231715,231770,55
101,0,blank,0,-323,-105,231770,232179,409
101,0,blank,0,-323,-105,232179,232379,200
101,0,blank,0,-323,-105,232379,232841,462
101,0,blank,0,-323,-105,232841,233039,198
101,0,blank,0,-323,-105,233039,233328,289
101,0,blank,0,-323,-105,233328,233522,194
101,0,blank,0,-323,-105,233522,233836,314
101,0,blank,0,-323,-105,233836,234293,457
101,0,blank,0,-323,-105,234293,234476,183
101,0,blank,0,-323,-105,234476,234586,110
101,0,blank,0,-323,-105,234586,234757,171
101,0,blank,0,-323,-105,234757,234925,168
101,0,blank,0,-323,-105,234925,235110,185
101,0,blank,0,-323,-105,235110,235261,151
101,0,blank,0,-323,-105,235261,235379,118
101,0,blank,0,-323,-105,235379,235601,222
101,0,blank,0,-323,-105,235601,235707,106
101,0,blank,0,-323,-105,235707,235962,255
101,0,blank,0,-323,-105,236359,236396,37
101,0,blank,0,452.551225,525.661625,236481,236657,176
101,0,blank,0,505.0997,554.9787,236657,236730,73
101,0,blank,0,-323,-105,236858,237031,173
101,0,blank,0,-323,-105,237031,237063,32
101,0,blank,0,-323,-105,237063,237257,194
101,0,blank,0,-323,-105,237257,237446,189
101,0,blank,0,-323,-105,237446,237631,185
101,0,blank,0,-323,-105,237631,237803,172
101,0,blank,0,-323,-105,237803,237979,176
101,0,blank,0,-323,-105,237979,238116,137
101,0,blank,0,-323,-105,238116,238382,266
101,0,blank,0,-323,-105,238382,238605,223
101,0,blank,0,-323,-105,238605,238751,146
101,0,blank,0,352.60786,394.239,238787,238985,198
101,0,blank,0,385.876033333333,342.7015,238985,239159,174
101,0,blank,0,373.852833333333,387.298633333333,239159,239333,174
101,0,blank,0,353.167116666667,364.975083333333,239333,239507,174
101,0,blank,0,302.774433333333,369.931616666667,239507,239683,176
101,0,blank,0,235.1284,338.6949,239683,239712,29
101,47,leapYearFlag,275,168.5483,426.994916666667,239771,239948,177
101,47,leapYearFlag,275,188.589833333333,433.315416666667,239948,240128,180
101,0,blank,0,206.142283333333,470.028766666667,240128,240309,181
101,47,leapYearFlag,275,163.562466666667,443.20905,240309,240491,182
101,0,blank,0,186.1119,402.8462,240491,240672,181
101,45,leapYearFlag,245,197.1683,392.801,240672,240702,30
101,0,blank,0,-323,-105,240732,240888,156
101,0,blank,0,393.6277,602.6901,240913,240938,25
101,0,blank,0,-323,-105,240962,241138,176
101,0,blank,0,-323,-105,241138,241213,75
101,45,leapYearFlag,245,160.77245,384.1872,241241,241427,186
101,0,blank,0,162.8972,376.4485,241427,241458,31
101,0,blank,0,276.92826,462.73358,241490,241648,158
101,46,==,272,220.189533333333,408.879533333333,241680,241869,189
101,0,blank,0,208.599316666667,412.28385,241869,242055,186
101,0,blank,0,258.043366666667,420.576566666667,242055,242240,185
101,47,true,277,262.3219,426.059733333333,242240,242332,92
101,0,blank,0,-323,-105,242364,242501,137
101,0,blank,0,344.1233,720.8332,242528,242554,26
101,56,"Entertoday'sdate(mmddyyyy):",311,304.863516666667,632.86175,242613,242788,175
101,0,blank,0,283.84795,622.574333333333,242788,242983,195
101,56,"Entertoday'sdate(mmddyyyy):",311,242.411733333333,624.205366666667,242983,243177,194
101,55,thisDay,305,175.1699,615.5873,243177,243209,32
101,0,blank,0,-323,-105,243272,243465,193
101,47,true,277,248.677583333333,436.921783333333,243496,243679,183
101,45,;,246,218.53505,392.188833333333,243679,243862,183
101,0,blank,0,180.85175,376.709466666667,243862,244045,183
101,45,leapYearFlag,245,182.1427,384.9794,244045,244137,92
101,0,blank,0,320.699925,148.913375,244198,244390,192
101,0,blank,0,327.74878,144.093,244390,244543,153
101,35,30,196,253.7149,165.5572,244543,244607,64
101,0,blank,0,352.9056,188.0018,244673,244739,66
101,0,blank,0,219.123283333333,453.370516666667,244777,244958,181
101,0,blank,0,227.701066666667,437.099866666667,244958,245140,182
101,47,true,277,233.6698,429.5151,245140,245171,31
101,0,blank,0,-323,-105,245263,245451,188
101,0,blank,0,-323,-105,245451,245566,115
101,0,blank,0,-323,-105,245566,245740,174
101,0,blank,0,-323,-105,245833,246021,188
101,46,==,272,228.567633333333,419.885983333333,246257,246431,174
101,0,blank,0,242.715883333333,415.64225,246431,246612,181
101,46,==,272,225.30405,421.361266666667,246612,246789,177
101,0,blank,0,240.725833333333,381.860483333333,246789,246964,175
101,0,blank,0,187.491516666667,414.578866666667,246964,247140,176
101,46,year,269,142.7235,410.51622,247140,247286,146
101,43,struct,239,219.8558,344.5491,247315,247345,30
101,46,year,269,135.676925,408.7098,247374,247494,120
101,0,blank,0,-323,-105,247553,247680,127
101,0,blank,0,-323,-105,247792,247975,183
101,58,(,337,267.6859,667.7669,248000,248026,26
101,46,%,270,181.212383333333,420.410566666667,248116,248286,170
101,46,%,270,175.556333333333,409.966966666667,248286,248468,182
101,45,leapYearFlag,245,183.989966666667,401.485966666667,248468,248647,179
101,0,blank,0,243.486433333333,390.504266666667,248647,248823,176
101,0,blank,0,335.4071,388.3841,248823,248852,29
101,0,blank,0,-323,-105,248910,249038,128
101,0,blank,0,-323,-105,249149,249330,181
101,0,blank,0,256.4446,415.721666666667,249500,249664,164
101,0,blank,0,234.209266666667,377.7378,249664,249837,173
101,0,blank,0,282.42885,372.55985,249837,249921,84
101,0,blank,0,-323,-105,250174,250369,195
101,0,blank,0,-323,-105,250369,250548,179
101,0,blank,0,-323,-105,250548,250734,186
101,0,blank,0,-323,-105,250734,250845,111
101,47,leapYearFlag,275,194.2406,439.0268,250961,251048,87
101,0,blank,0,234.71654,396.81704,251097,251295,198
101,46,==,272,220.651566666667,412.945533333333,251295,251473,178
101,0,blank,0,280.8506,497.9001,251473,251502,29
101,0,blank,0,-323,-105,251531,251713,182
101,0,blank,0,254.07128,333.57354,251796,251930,134
101,0,blank,0,379.9235,365.533516666667,251960,252139,179
101,0,blank,0,397.490383333333,358.74495,252139,252316,177
101,0,blank,0,-323,-105,252374,252554,180
101,0,blank,0,-323,-105,252554,252734,180
101,0,blank,0,-323,-105,252734,252914,180
101,0,blank,0,-323,-105,252914,253063,149
101,0,blank,0,345.4036,430.1357,253100,253245,145
101,0,blank,0,305.814275,427.12665,253245,253430,185
101,46,.,268,312.092925,409.393075,253430,253598,168
101,0,blank,0,335.3968,393.9832,254179,254333,154
101,0,blank,0,331.86545,397.078975,254333,254516,183
101,0,blank,0,381.87615,379.452016666667,254516,254691,175
101,0,blank,0,386.81425,375.649816666667,254691,254868,177
101,0,blank,0,381.42,369.7342,254868,255045,177
101,0,blank,0,297.297266666667,391.554866666667,255045,255225,180
101,0,blank,0,335.740375,383.558125,255225,255345,120
101,0,blank,0,-323,-105,255405,255590,185
101,0,blank,0,404.648585714286,392.846785714286,255616,255815,199
101,0,blank,0,387.18025,391.34105,255815,255876,61
101,0,blank,0,-323,-105,255906,256062,156
101,46,100,262,399.0438,402.304,256116,256182,66
101,0,blank,0,-323,-105,256527,256715,188
101,0,blank,0,-323,-105,256715,256910,195
101,0,blank,0,348.7785,386.5627,257400,257636,236
101,0,blank,0,414.145,434.572566666667,257636,257801,165
101,0,blank,0,430.222866666667,432.874366666667,257801,257929,128
101,46,100,262,417.9382,423.2348,257971,258098,127
101,0,blank,0,-323,-105,258228,258325,97
101,0,blank,0,-323,-105,258483,258638,155
101,0,blank,0,-323,-105,258638,258694,56
101,0,blank,0,381.79444,394.52684,258721,258878,157
101,0,blank,0,-323,-105,258939,259095,156
101,0,blank,0,380.5638,367.0751,259156,259227,71
101,0,blank,0,357.74115,352.1478,259293,259348,55
101,0,blank,0,-323,-105,259409,259596,187
101,0,blank,0,-323,-105,259596,259781,185
101,0,blank,0,-323,-105,260372,260426,54
101,0,blank,0,476.3401,421.4447,260516,260740,224
101,0,blank,0,422.887966666667,434.314466666667,260740,260919,179
101,0,blank,0,-323,-105,260961,261159,198
101,0,blank,0,-323,-105,261159,261339,180
101,0,blank,0,-323,-105,261339,261525,186
101,0,blank,0,-323,-105,261525,261672,147
101,0,blank,0,-323,-105,261672,261761,89
101,0,blank,0,-323,-105,261846,262044,198
101,0,blank,0,-323,-105,262044,262221,177
101,0,blank,0,-323,-105,262221,262404,183
101,0,blank,0,-323,-105,262404,262584,180
101,0,blank,0,-323,-105,262584,262732,148
101,0,blank,0,-323,-105,262732,263239,507
101,0,blank,0,-323,-105,263239,263410,171
101,0,blank,0,-323,-105,263410,263511,101
101,0,blank,0,-323,-105,263511,263685,174
101,0,blank,0,-323,-105,263685,263843,158
101,0,blank,0,-323,-105,263843,264055,212
101,0,blank,0,-323,-105,264055,264205,150
101,0,blank,0,-323,-105,264205,264384,179
101,0,blank,0,441.14595,386.5222,264617,264777,160
101,0,blank,0,-323,-105,264820,264996,176
101,0,blank,0,-323,-105,264996,265046,50
101,46,4,254,197.076666666667,422.8008,265071,265152,81
101,0,blank,0,175.23545,448.408,265215,265408,193
101,47,leapYearFlag,275,158.6253,434.0181,265408,265437,29
101,0,blank,0,-323,-105,265497,265608,111
101,0,blank,0,-323,-105,265608,265758,150
101,0,blank,0,-323,-105,265758,265926,168
101,0,blank,0,-323,-105,265926,266082,156
101,0,blank,0,-323,-105,266082,266199,117
101,0,blank,0,-323,-105,266199,266335,136
101,0,blank,0,-323,-105,266335,266527,192
101,0,blank,0,-323,-105,266527,266689,162
101,0,blank,0,-323,-105,266689,266758,69
101,0,blank,0,-323,-105,266758,266955,197
101,0,blank,0,-323,-105,266955,267407,452
101,0,blank,0,-323,-105,267407,267604,197
101,0,blank,0,-323,-105,267604,267743,139
101,0,blank,0,-323,-105,267743,267862,119
101,0,blank,0,-323,-105,267991,268179,188
101,0,blank,0,-323,-105,268179,268372,193
101,0,blank,0,-323,-105,268372,268401,29
101,46,400,271,623.5397,414.7842,268939,268982,43
101,0,blank,0,430.44075,365.6385,269025,269110,85
101,0,blank,0,-323,-105,269191,269294,103
101,0,blank,0,-323,-105,269394,269554,160
101,0,blank,0,-323,-105,269554,269743,189
101,0,blank,0,401.4138,424.5718,269787,269821,34
101,0,blank,0,-323,-105,269907,270059,152
101,0,blank,0,-323,-105,270059,270204,145
101,0,blank,0,-323,-105,270204,270309,105
101,0,blank,0,-323,-105,270309,270463,154
101,0,blank,0,-323,-105,270463,270624,161
101,0,blank,0,-323,-105,270624,270831,207
101,0,blank,0,-323,-105,270831,270987,156
101,0,blank,0,-323,-105,270987,271316,329
101,0,blank,0,-323,-105,271316,271461,145
101,0,blank,0,-323,-105,271461,271578,117
101,46,100,262,416.7267,416.22655,272328,272471,143
101,0,blank,0,-323,-105,272556,272750,194
101,0,blank,0,-323,-105,272750,272930,180
101,0,blank,0,-323,-105,272930,272990,60
101,46,d,267,111.73,404.8924,273021,273059,38
101,0,blank,0,417.2695,400.7631,273521,273567,46
101,0,blank,0,-323,-105,273689,273856,167
101,0,blank,0,-323,-105,273856,273958,102
101,0,blank,0,296.9696,436.4125,274013,274087,74
101,0,blank,0,-323,-105,274250,274366,116
101,0,blank,0,299.098216666667,428.327866666667,274649,274842,193
101,0,blank,0,295.4813,482.8732,274842,274873,31
101,0,blank,0,-323,-105,274905,275093,188
101,0,blank,0,-323,-105,275093,275267,174
101,0,blank,0,-323,-105,275267,275438,171
101,0,blank,0,-323,-105,275438,275618,180
101,0,blank,0,-323,-105,275618,275717,99
101,0,blank,0,-323,-105,275717,275880,163
101,0,blank,0,-323,-105,275880,276080,200
101,0,blank,0,-323,-105,276080,276250,170
101,0,blank,0,-323,-105,276250,276441,191
101,0,blank,0,-323,-105,276441,276470,29
101,0,blank,0,-323,-105,276470,276999,529
101,0,blank,0,-323,-105,276999,277173,174
101,0,blank,0,-323,-105,277173,277353,180
101,0,blank,0,-323,-105,277353,277464,111
101,46,year,269,163.7124,404.29,277709,277778,69
101,0,blank,0,305.375933333333,470.352633333333,277851,277947,96
101,0,blank,0,-323,-105,277979,278148,169
101,0,blank,0,-323,-105,278148,278300,152
101,0,blank,0,-323,-105,278300,278386,86
101,0,blank,0,-323,-105,278386,278506,120
101,0,blank,0,-323,-105,278506,278660,154
101,0,blank,0,-323,-105,278660,278854,194
101,0,blank,0,-323,-105,278854,279015,161
101,0,blank,0,-323,-105,279015,279103,88
101,0,blank,0,-323,-105,279103,279404,301
101,0,blank,0,-323,-105,279404,279575,171
101,0,blank,0,-323,-105,279575,279682,107
101,0,blank,0,-323,-105,279682,279940,258
101,0,blank,0,430.175933333333,367.7292,279985,280075,90
101,0,blank,0,641.62745,379.377466666667,280104,280280,176
101,0,blank,0,616.39015,362.2672,280280,280455,175
101,0,blank,0,562.185016666667,385.91175,280455,280630,175
101,0,blank,0,599.684883333333,384.27485,280630,280805,175
101,0,blank,0,625.868816666667,364.583466666667,280805,280981,176
101,0,blank,0,636.835166666667,384.490133333333,280981,281157,176
101,0,blank,0,632.175175,389.223075,281157,281277,120
101,0,blank,0,-323,-105,281308,281413,105
101,0,blank,0,664.60015,371.013516666667,281488,281664,176
101,0,blank,0,551.37935,368.679575,281695,281817,122
101,0,blank,0,525.688166666667,375.2184,281847,282029,182
101,46,d,267,527.329316666667,405.393866666667,282029,282209,180
101,0,blank,0,519.831266666667,381.278083333333,282209,282390,181
101,0,blank,0,432.6202,412.88615,282390,282448,58
101,0,blank,0,-323,-105,282597,282753,156
101,0,blank,0,-323,-105,282895,283086,191
101,0,blank,0,329.0971,478.5714,283140,283207,67
101,0,blank,0,-323,-105,283309,283423,114
101,0,blank,0,673.8986,499.061025,283664,283801,137
101,0,blank,0,595.490275,397.271,284496,284668,172
101,0,blank,0,536.22055,400.65995,284668,284752,84
101,0,blank,0,405.467775,447.709675,284836,285003,167
101,46,100,262,415.52245,408.94325,285003,285169,166
101,0,blank,0,-323,-105,285212,285369,157
101,0,blank,0,-323,-105,285546,285698,152
101,0,blank,0,384.385485714286,368.734928571429,285809,286000,191
101,0,blank,0,417.448716666667,349.728283333333,286000,286176,176
101,0,blank,0,418.828,372.600533333333,286176,286264,88
101,0,blank,0,-323,-105,286322,286505,183
101,0,blank,0,-323,-105,286505,286685,180
101,0,blank,0,-323,-105,286685,286857,172
101,0,blank,0,-323,-105,286857,286996,139
101,0,blank,0,-323,-105,286996,287190,194
101,0,blank,0,-323,-105,287190,287358,168
101,0,blank,0,-323,-105,287358,287422,64
101,0,blank,0,-323,-105,287422,287720,298
101,0,blank,0,-323,-105,287720,287794,74
101,0,blank,0,-323,-105,287794,287924,130
101,0,blank,0,-323,-105,287924,288047,123
101,0,blank,0,-323,-105,288047,288164,117
101,0,blank,0,-323,-105,288164,288355,191
101,0,blank,0,-323,-105,288355,288504,149
101,0,blank,0,-323,-105,288504,288595,91
101,0,blank,0,-323,-105,288595,288791,196
101,0,blank,0,-323,-105,288791,288947,156
101,0,blank,0,-323,-105,288947,289094,147
101,0,blank,0,-323,-105,289094,289159,65
101,0,blank,0,-323,-105,289159,289690,531
101,0,blank,0,-323,-105,289690,289844,154
101,0,blank,0,-323,-105,289844,290007,163
101,0,blank,0,-323,-105,290007,290142,135
101,0,blank,0,-323,-105,290142,290314,172
101,0,blank,0,-323,-105,290314,290472,158
101,0,blank,0,-323,-105,290472,291032,560
101,0,blank,0,-323,-105,291032,291210,178
101,0,blank,0,-323,-105,291210,291335,125
101,0,blank,0,-323,-105,291335,291513,178
101,0,blank,0,-323,-105,291513,291875,362
101,0,blank,0,-323,-105,291875,292021,146
101,0,blank,0,-323,-105,292021,292508,487
101,0,blank,0,-323,-105,292508,292860,352
101,0,blank,0,-323,-105,292860,293054,194
101,0,blank,0,-323,-105,293054,293223,169
101,0,blank,0,-323,-105,293223,293318,95
101,0,blank,0,268.0083,711.6553,293972,294018,46
101,0,blank,0,-323,-105,294066,294262,196
101,0,blank,0,-323,-105,294262,294443,181
101,0,blank,0,-323,-105,294443,294638,195
101,0,blank,0,-323,-105,294638,294833,195
101,0,blank,0,-323,-105,294833,295008,175
101,0,blank,0,-323,-105,295008,295040,32
101,0,blank,0,-323,-105,295040,295258,218
101,57,comma,327,211.44925,648.0896,295334,295482,148
101,0,blank,0,280.281375,644.505125,295615,295785,170
101,56,"Entertoday'sdate(mmddyyyy):",311,210.07625,631.540466666667,295785,295970,185
101,55,thisDay,305,201.813716666667,618.8804,295970,296155,185
101,54,(,297,277.5888,597.605616666667,296155,296339,184
101,56,"Entertoday'sdate(mmddyyyy):",311,276.1891,623.9335,296339,296370,31
101,0,blank,0,-323,-105,296431,296559,128
101,56,"Entertoday'sdate(mmddyyyy):",311,356.2567,636.0085,296585,296625,40
101,0,blank,0,-323,-105,296682,296817,135
101,46,&&,257,287.176775,405.976425,296924,297100,176
101,46,d,267,311.0491,421.75095,297100,297277,177
101,0,blank,0,319.774,390.6997,297277,297318,41
101,0,blank,0,285.206025,436.5144,297360,297538,178
101,0,blank,0,328.2737,437.8776,297538,297581,43
101,0,blank,0,-323,-105,297664,297833,169
101,0,blank,0,-323,-105,297833,298021,188
101,0,blank,0,-323,-105,298021,298196,175
101,0,blank,0,-323,-105,298196,298567,371
101,0,blank,0,-323,-105,298567,298929,362
101,0,blank,0,-323,-105,298929,299080,151
101,0,blank,0,-323,-105,299080,299148,68
101,47,leapYearFlag,275,128.2678,441.45815,299239,299407,168
101,47,leapYearFlag,275,146.288933333333,434.849766666667,299407,299549,142
101,0,blank,0,-323,-105,299607,299710,103
101,0,blank,0,477.8946,332.1098,299887,299962,75
101,43,),242,308.23695,349.10415,300039,300102,63
101,0,blank,0,436.5055,366.1129,300140,300205,65
101,0,blank,0,-323,-105,300235,300403,168
101,0,blank,0,-323,-105,300403,300573,170
101,0,blank,0,-323,-105,300573,300642,69
101,0,blank,0,385.066466666667,400.914333333333,300940,301050,110
101,0,blank,0,-323,-105,301094,301291,197
101,0,blank,0,-323,-105,301291,301471,180
101,0,blank,0,-323,-105,301471,301654,183
101,0,blank,0,-323,-105,301654,301783,129
101,0,blank,0,-323,-105,301783,302072,289
101,0,blank,0,-323,-105,302072,302120,48
101,0,blank,0,-323,-105,302120,302375,255
101,0,blank,0,-323,-105,302375,302482,107
101,0,blank,0,-323,-105,302828,303010,182
101,0,blank,0,-323,-105,303010,303142,132
101,0,blank,0,-323,-105,303142,303288,146
101,0,blank,0,-323,-105,303288,303459,171
101,0,blank,0,-323,-105,303459,303641,182
101,0,blank,0,-323,-105,303641,303804,163
101,0,blank,0,-323,-105,303804,303927,123
101,0,blank,0,-323,-105,303927,304126,199
101,0,blank,0,-323,-105,304126,304323,197
101,0,blank,0,-323,-105,304323,304683,360
101,0,blank,0,-323,-105,304683,304871,188
101,0,blank,0,-323,-105,304871,304971,100
101,0,blank,0,239.914425,462.244575,305096,305283,187
101,0,blank,0,224.1042,437.1939,305283,305354,71
101,47,leapYearFlag,275,124.71045,443.4296,305390,305455,65
101,0,blank,0,174.4262,463.5803,305486,305517,31
101,46,==,272,229.879766666667,405.215333333333,305585,305769,184
101,0,blank,0,206.097633333333,427.226133333333,305769,305882,113
101,0,blank,0,-323,-105,305916,306102,186
101,0,blank,0,-323,-105,306102,306282,180
101,0,blank,0,-323,-105,306282,306468,186
101,0,blank,0,-323,-105,306468,306647,179
101,0,blank,0,-323,-105,306647,306786,139
101,0,blank,0,-323,-105,306786,306913,127
101,0,blank,0,-323,-105,306913,307103,190
101,0,blank,0,-323,-105,307103,307224,121
101,0,blank,0,-323,-105,307224,307400,176
101,0,blank,0,-323,-105,307400,307540,140
101,0,blank,0,-323,-105,307540,307727,187
101,0,blank,0,-323,-105,307727,307888,161
101,0,blank,0,-323,-105,307888,308022,134
101,0,blank,0,-323,-105,308022,308617,595
101,0,blank,0,-323,-105,308617,309232,615
101,0,blank,0,-323,-105,309232,309412,180
101,0,blank,0,-323,-105,309412,309440,28
101,0,blank,0,-323,-105,309440,309616,176
101,0,blank,0,-323,-105,309616,309750,134
101,0,blank,0,-323,-105,309750,309852,102
101,0,blank,0,-323,-105,309852,310178,326
101,0,blank,0,-323,-105,310178,310301,123
101,0,blank,0,-323,-105,310301,310500,199
101,0,blank,0,-323,-105,310500,310686,186
101,0,blank,0,-323,-105,310686,310811,125
101,0,blank,0,-323,-105,310811,310889,78
101,0,blank,0,-323,-105,310889,311079,190
101,0,blank,0,-323,-105,311079,311152,73
101,0,blank,0,-323,-105,311152,311344,192
101,0,blank,0,-323,-105,311344,311475,131
101,0,blank,0,-323,-105,311475,311618,143
101,0,blank,0,-323,-105,311618,311766,148
101,0,blank,0,-323,-105,311766,311948,182
101,0,blank,0,-323,-105,311948,312135,187
101,0,blank,0,-323,-105,312135,312317,182
101,0,blank,0,-323,-105,312317,312414,97
101,0,blank,0,-323,-105,312414,312546,132
101,0,blank,0,-323,-105,312546,312732,186
101,0,blank,0,-323,-105,312732,312894,162
101,0,blank,0,-323,-105,312894,313085,191
101,0,blank,0,-323,-105,313085,313260,175
101,0,blank,0,-323,-105,313260,313388,128
101,0,blank,0,-323,-105,313388,313572,184
101,0,blank,0,-323,-105,313572,313731,159
101,0,blank,0,-323,-105,313731,313863,132
101,0,blank,0,-323,-105,313863,313980,117
101,0,blank,0,-323,-105,313980,314121,141
101,0,blank,0,-323,-105,314121,314291,170
101,0,blank,0,-323,-105,314291,314489,198
101,0,blank,0,-323,-105,314489,314670,181
101,0,blank,0,-323,-105,314670,314812,142
101,0,blank,0,-323,-105,315026,315080,54
101,0,blank,0,-323,-105,315080,315526,446
101,0,blank,0,-323,-105,315526,315690,164
101,0,blank,0,-323,-105,315690,315728,38
101,0,blank,0,-323,-105,315728,315985,257
101,0,blank,0,-323,-105,315985,316240,255
101,0,blank,0,-323,-105,316240,316421,181
101,0,blank,0,-323,-105,316421,316529,108
101,0,blank,0,-323,-105,316529,316745,216
101,0,blank,0,-323,-105,316745,316938,193
101,0,blank,0,-323,-105,316938,317289,351
101,0,blank,0,-323,-105,317289,317461,172
101,0,blank,0,-323,-105,317461,317854,393
101,0,blank,0,-323,-105,317854,318202,348
101,0,blank,0,-323,-105,318202,318886,684
101,0,blank,0,-323,-105,318886,319077,191
101,0,blank,0,-323,-105,319077,319184,107
101,0,blank,0,389.4186,481.3023,319219,319246,27
101,0,blank,0,348.6009,377.9268,319366,319409,43
101,0,blank,0,358.18955,394.3072,319585,319732,147
101,0,blank,0,382.3477,420.39875,319732,319926,194
101,46,100,262,409.712,412.8325,319926,320014,88
101,0,blank,0,402.7708,384.205666666667,320103,320237,134
101,46,==,272,226.21816,416.97684,320283,320454,171
101,47,=,276,222.6328,431.6424,320454,320485,31
101,0,blank,0,-323,-105,320516,320673,157
101,46,&&,257,290.71975,412.4071,320799,320851,52
101,0,blank,0,-323,-105,320912,321107,195
101,0,blank,0,381.902816666667,391.553433333333,321173,321354,181
101,46,100,262,420.574566666667,408.037333333333,321354,321538,184
101,0,blank,0,371.0928,445.297275,321538,321703,165
101,46,year,269,331.49875,423.093,321703,321875,172
101,49,false,282,267.1409,481.5248,321875,321918,43
101,46,year,269,352.1156,422.715375,322134,322309,175
101,46,year,269,374.50364,408.65576,322309,322503,194
101,46,100,262,404.730216666667,405.248766666667,322503,322686,183
101,46,%,270,393.548866666667,404.081283333333,322686,322871,185
101,0,blank,0,376.9755,409.9761,322871,322902,31
101,0,blank,0,-323,-105,322933,323120,187
101,0,blank,0,300.534666666667,396.888066666667,323181,323366,185
101,46,&&,257,300.06265,404.5664,323366,323553,187
101,0,blank,0,296.068866666667,401.75345,323553,323740,187
101,46,&&,257,295.473933333333,404.703866666667,323740,323922,182
101,46,.,268,321.538083333333,406.46135,323922,324106,184
101,46,d,267,309.92875,407.52975,324106,324169,63
101,0,blank,0,-323,-105,324199,324330,131
101,0,blank,0,357.39305,394.37255,324458,324632,174
101,0,blank,0,400.461616666667,396.85565,324632,324816,184
101,46,%,270,384.304,411.922266666667,324816,324999,183
101,0,blank,0,368.08664,400.19174,324999,325152,153
101,0,blank,0,-323,-105,325213,325346,133
101,0,blank,0,384.09505,400.444583333333,325503,325682,179
101,0,blank,0,-323,-105,325743,325900,157
101,0,blank,0,-323,-105,325900,326030,130
101,0,blank,0,-323,-105,326030,326139,109
101,0,blank,0,-323,-105,326139,326711,572
101,0,blank,0,-323,-105,326711,326971,260
101,0,blank,0,-323,-105,326971,327141,170
101,0,blank,0,-323,-105,327141,327246,105
101,0,blank,0,-323,-105,327246,327502,256
101,0,blank,0,-323,-105,327502,327647,145
101,0,blank,0,-323,-105,327647,327765,118
101,0,blank,0,-323,-105,327765,327958,193
101,0,blank,0,-323,-105,327958,328057,99
101,0,blank,0,244.673225,270.508825,328129,328327,198
101,40,daysPerMonth,223,231.5352,277.1546,328415,328562,147
101,37,(,204,211.9319,206.410766666667,328562,328759,197
101,0,blank,0,171.14575,226.8587,328759,328824,65
101,0,blank,0,-323,-105,329253,329405,152
101,0,blank,0,122.71095,83.4918833333333,329439,329623,184
101,0,blank,0,28.796675,100.7186,329623,329745,122
101,0,blank,0,297.8358,43.19325,329775,329904,129
101,0,blank,0,446.0845,392.663,330239,330283,44
101,0,blank,0,266.3669,448.82245,330328,330457,129
101,0,blank,0,149.2189,140.2216,331029,331127,98
101,0,blank,0,-323,-105,331652,331848,196
101,0,blank,0,-323,-105,331848,332029,181
101,0,blank,0,-323,-105,332029,332225,196
101,0,blank,0,-323,-105,332225,332337,112
101,0,blank,0,-323,-105,332792,332922,130
101,0,blank,0,-323,-105,332922,333057,135
101,46,==,272,225.741828571429,407.238828571429,333098,333293,195
101,46,0,273,251.16695,417.527075,333293,333413,120
101,0,blank,0,486.2745,130.7301,333611,333650,39
101,0,blank,0,325.45375,24.6982,333811,333994,183
101,31,date,164,345.8049,74.6125,334081,334172,91
101,0,blank,0,-323,-105,334490,334586,96
101,0,blank,0,-6.80500000000001,59.3056,334756,334806,50
101,0,blank,0,-323,-105,334894,334976,82
101,0,blank,0,312.18978,85.08968,335106,335258,152
101,0,blank,0,160.39686,169.33906,335289,335447,158
101,0,blank,0,167.2978,307.4653,335625,335715,90
101,43,struct,239,197.14518,349.66876,335821,335990,169
101,43,struct,239,232.71518,345.15624,335990,336144,154
101,0,blank,0,-323,-105,336205,336334,129
101,0,blank,0,-323,-105,336547,336626,79
101,0,blank,0,70.0929,271.519,336858,336899,41
101,38,29,218,164.9412,246.931666666667,336947,337080,133
101,0,blank,0,188.747366666667,241.4641,337165,337291,126
101,38,days,216,110.2166,235.2113,337370,337411,41
101,0,blank,0,-323,-105,337454,337652,198
101,0,blank,0,-323,-105,337652,337831,179
101,0,blank,0,-323,-105,337831,337894,63
101,37,(,204,80.6134,220.618,337925,337962,37
101,0,blank,0,-323,-105,338418,338672,254
101,0,blank,0,-323,-105,338672,338846,174
101,0,blank,0,-323,-105,338846,339008,162
101,0,blank,0,374.2862,498.7622,339033,339083,50
101,46,100,262,396.6502,412.7366,339134,339160,26
101,0,blank,0,-323,-105,339448,339629,181
101,0,blank,0,-323,-105,339629,339816,187
101,0,blank,0,-323,-105,339816,339987,171
101,0,blank,0,-323,-105,339987,340144,157
101,0,blank,0,-323,-105,340144,340326,182
101,0,blank,0,257.23624,324.90854,340364,340542,178
101,0,blank,0,230.6455,308.555533333333,340542,340662,120
101,0,blank,0,18.03665,137.29875,341062,341143,81
101,32,daysPerMonth,170,201.836416666667,109.751116666667,341198,341385,187
101,31,isLeapYear,161,175.61035,92.4207,341385,341448,63
101,0,blank,0,160.5875,129.7182,341505,341542,37
101,0,blank,0,340.1337,113.079,341579,341612,33
101,0,blank,0,261.108433333333,95.9880666666667,341693,341868,175
101,38,29,218,159.30164,229.96676,341898,342057,159
101,0,blank,0,200.246933333333,216.147833333333,342087,342181,94
101,0,blank,0,311.78792,171.22868,342305,342488,183
101,0,blank,0,-323,-105,342553,342654,101
101,0,blank,0,578.8113,82.5326,343158,343292,134
101,0,blank,0,628.2848,143.843033333333,343320,343410,90
101,0,blank,0,-323,-105,343466,343570,104
101,0,blank,0,-323,-105,343922,344109,187
101,0,blank,0,-323,-105,344109,344288,179
101,0,blank,0,-323,-105,344288,344480,192
101,0,blank,0,-323,-105,344480,344656,176
101,0,blank,0,290.196333333333,318.0164,344759,344883,124
101,43,d,241,297.1587,343.4782,344883,345036,153
101,0,blank,0,-323,-105,345067,345242,175
101,0,blank,0,-323,-105,345470,345662,192
101,0,blank,0,-323,-105,345662,345858,196
101,0,blank,0,-323,-105,345858,345888,30
101,0,blank,0,180.473228571429,116.109671428571,346427,346624,197
101,0,blank,0,132.544816666667,136.790433333333,346624,346797,173
101,0,blank,0,25.2214,142.9897,346797,346827,30
101,0,blank,0,68.422075,146.21105,346856,346974,118
101,0,blank,0,-323,-105,347029,347129,100
101,0,blank,0,-323,-105,347295,347466,171
101,34,comma,187,144.9898,145.177,347922,348006,84
101,0,blank,0,141.8831,135.7894,348094,348181,87
101,0,blank,0,207.7754,183.9304,348440,348497,57
101,0,blank,0,-323,-105,348671,348804,133
101,0,blank,0,502.8298,150.6476,348951,349095,144
101,0,blank,0,418.70055,153.1259,349192,349386,194
101,0,blank,0,444.37985,144.80895,349386,349511,125
101,31,date,164,344.1354,86.9343666666667,349632,349798,166
101,0,blank,0,315.77895,204.8388,350265,350349,84
101,0,blank,0,257.9512,250.1998,350571,350623,52
101,0,blank,0,-323,-105,350747,350937,190
101,0,blank,0,-323,-105,350937,351117,180
101,0,blank,0,-323,-105,351117,351246,129
101,0,blank,0,-323,-105,351246,351953,707
101,0,blank,0,-323,-105,351953,352654,701
101,0,blank,0,-323,-105,352654,352793,139
101,0,blank,0,-323,-105,352793,353323,530
101,0,blank,0,-323,-105,353323,353867,544
101,0,blank,0,-323,-105,353867,354041,174
101,0,blank,0,-323,-105,354041,354210,169
101,0,blank,0,-323,-105,354210,354404,194
101,0,blank,0,-323,-105,354404,354572,168
101,0,blank,0,-323,-105,354572,354684,112
101,0,blank,0,437.1208,384.8483,354725,354774,49
101,0,blank,0,330.83165,242.77495,354981,355052,71
101,0,blank,0,-323,-105,355099,355206,107
101,0,blank,0,511.174866666667,379.7384,355325,355410,85
101,0,blank,0,428.94785,217.82955,355457,355521,64
101,0,blank,0,-323,-105,357064,357258,194
101,0,blank,0,-323,-105,357258,357437,179
101,0,blank,0,-323,-105,357437,357624,187
101,0,blank,0,-323,-105,357624,357717,93
101,0,blank,0,-323,-105,357717,357945,228
101,0,blank,0,-323,-105,357945,358135,190
101,0,blank,0,-323,-105,358135,358168,33
101,0,blank,0,-323,-105,358311,358454,143
101,0,blank,0,189.7375,52.397,358852,358898,46
101,31,bool,160,43.7317,86.5751,358927,358956,29
101,30,;,159,168.5452,69.8749,359032,359061,29
101,40,days,221,94.0687166666667,282.2651,359094,359277,183
101,0,blank,0,101.02835,258.108175,359337,359459,122
101,0,blank,0,266.9387,375.8452,359592,359656,64
101,40,daysPerMonth,223,201.9058,291.80965,359713,359778,65
101,41,return,232,89.7642,302.826883333333,359808,359994,186
101,37,isLeapYear,203,154.16825,214.835875,359994,360114,120
101,0,blank,0,98.4663,265.00286,360174,360326,152
101,38,29,218,166.39305,232.674883333333,360356,360543,187
101,0,blank,0,304.643366666667,235.106433333333,360603,360692,89
101,0,blank,0,406.6254,270.0778,360752,360791,39
101,0,blank,0,573.12826,201.77134,360820,360979,159
101,0,blank,0,-323,-105,361053,361237,184
101,0,blank,0,-323,-105,361437,361621,184
101,0,blank,0,-323,-105,361621,361798,177
101,0,blank,0,-323,-105,361798,361974,176
101,0,blank,0,-323,-105,361974,362156,182
101,0,blank,0,-323,-105,362156,362350,194
101,0,blank,0,-323,-105,363250,363789,539
101,0,blank,0,-323,-105,363789,363968,179
101,40,days,221,119.5874,284.1241,364161,364262,101
101,0,blank,0,278.564,317.6672,364305,364394,89
101,0,blank,0,140.05905,319.612725,364534,364700,166
101,40,daysPerMonth,223,180.95238,272.61366,364700,364895,195
101,0,blank,0,146.58465,256.867416666667,364895,365071,176
101,0,blank,0,176.323533333333,259.939183333333,365071,365246,175
101,40,daysPerMonth,223,232.555333333333,279.00975,365246,365430,184
101,0,blank,0,294.1646,252.4632,365430,365489,59
101,0,blank,0,243.035583333333,266.138266666667,365549,365729,180
101,40,month,227,304.650516666667,291.148616666667,365729,365909,180
101,40,month,227,325.635533333333,282.9954,365909,366088,179
101,40,month,227,325.91485,280.433333333333,366088,366269,181
101,0,blank,0,350.185625,295.2252,366269,366390,121
101,0,blank,0,-323,-105,366451,366556,105
101,40,month,227,347.7223,281.28365,366711,366769,58
101,0,blank,0,-323,-105,366798,366928,130
101,0,blank,0,394.83035,262.061916666667,367057,367241,184
101,0,blank,0,379.2176,265.883533333333,367241,367331,90
101,37,||,209,340.191,215.7678,367488,367518,30
101,40,daysPerMonth,223,240.5764,277.3451,367547,367577,30
101,0,blank,0,-323,-105,367607,367775,168
101,0,blank,0,228.5379,295.1998,367801,367824,23
101,40,daysPerMonth,223,260.281333333333,272.056966666667,367849,367971,122
101,0,blank,0,-323,-105,368090,368220,130
101,0,blank,0,246.672183333333,253.5683,368353,368522,169
101,0,blank,0,497.836275,224.852575,368552,368680,128
101,0,blank,0,563.3393,209.56155,368710,368775,65
101,37,),215,490.3166,214.1272,368835,368900,65
101,0,blank,0,535.188025,202.8045,369000,369191,191
101,0,blank,0,490.97972,246.91412,369191,369378,187
101,40,month,227,339.8541,289.9367,369378,369475,97
101,0,blank,0,343.6685,123.2064,369624,369719,95
101,0,blank,0,609.922,232.0837,369966,370111,145
101,0,blank,0,489.7795,277.4839,370146,370175,29
101,0,blank,0,-323,-105,370378,370487,109
101,0,blank,0,428.4826,286.0431,370644,370691,47
101,0,blank,0,-323,-105,371403,371599,196
101,0,blank,0,-323,-105,371599,371778,179
101,0,blank,0,-323,-105,371778,371841,63
101,0,blank,0,-323,-105,371841,372390,549
101,0,blank,0,-323,-105,372390,372524,134
101,0,blank,0,-323,-105,372524,372632,108
101,0,blank,0,-323,-105,372632,372789,157
101,0,blank,0,-323,-105,372789,372943,154
101,0,blank,0,-323,-105,372943,373100,157
101,0,blank,0,-323,-105,373100,373349,249
101,0,blank,0,-323,-105,373349,373503,154
101,0,blank,0,-323,-105,373503,373643,140
101,0,blank,0,-323,-105,373643,373822,179
101,0,blank,0,-323,-105,373822,373951,129
101,0,blank,0,-323,-105,373951,374129,178
101,0,blank,0,-323,-105,374129,374305,176
101,0,blank,0,-323,-105,374305,374438,133
101,0,blank,0,-323,-105,374438,374547,109
101,0,blank,0,-323,-105,374547,374653,106
101,0,blank,0,-323,-105,374653,374999,346
101,0,blank,0,-323,-105,374999,375091,92
101,0,blank,0,-323,-105,375091,375214,123
101,0,blank,0,-323,-105,375214,375356,142
101,0,blank,0,-323,-105,375356,375549,193
101,0,blank,0,-323,-105,375549,375693,144
101,0,blank,0,-323,-105,375693,375805,112
101,0,blank,0,226.2339,361.22342,376111,376284,173
101,0,blank,0,179.54005,335.95595,376284,376482,198
101,0,blank,0,312.65394,81.67052,376583,376755,172
101,31,struct,163,291.498433333333,84.6606,376755,376934,179
101,32,daysPerMonth,170,225.40085,96.3755666666667,376934,377115,181
101,31,struct,163,245.757533333333,89.7117333333333,377115,377205,90
101,0,blank,0,-323,-105,377266,377450,184
101,0,blank,0,-323,-105,377450,377615,165
101,0,blank,0,-323,-105,377615,377778,163
101,0,blank,0,-323,-105,377778,377868,90
101,0,blank,0,-323,-105,377868,378022,154
101,0,blank,0,239.6184,573.0739,378104,378183,79
101,49,leapYearFlag,280,99.1216666666667,485.750433333333,378274,378366,92
101,0,blank,0,-323,-105,378396,378585,189
101,0,blank,0,-323,-105,378585,378783,198
101,0,blank,0,389.348316666667,461.119033333333,378832,379018,186
101,0,blank,0,361.2227,444.0838,379018,379197,179
101,0,blank,0,402.1909,301.3188,379197,379224,27
101,0,blank,0,-323,-105,379348,379536,188
101,0,blank,0,-323,-105,379536,379665,129
101,0,blank,0,-323,-105,379665,379809,144
101,0,blank,0,-323,-105,379809,379937,128
101,0,blank,0,-323,-105,379937,380109,172
101,0,blank,0,-323,-105,380109,380215,106
101,49,false,282,245.2443,472.3916,380250,380358,108
101,43,struct,239,198.6011,348.18368,380395,380585,190
101,0,blank,0,29.2812666666667,-55.4980333333333,380622,380727,105
101,32,int,169,107.9507,99.1296,380761,380794,33
101,0,blank,0,155.676533333333,178.929866666667,380826,381016,190
101,35,31,198,133.9371,180.680175,381016,381140,124
101,0,blank,0,-323,-105,381204,381390,186
101,0,blank,0,-323,-105,381498,381654,156
101,0,blank,0,-323,-105,381654,381819,165
101,0,blank,0,-323,-105,381819,381882,63
101,0,blank,0,188.3285,192.155,381960,382050,90
101,0,blank,0,163.321325,256.7406,382121,382235,114
101,37,isLeapYear,203,177.5849,225.3384,382266,382297,31
101,0,blank,0,307.4215,385.2344,382329,382361,32
101,0,blank,0,263.779066666667,320.620466666667,382422,382514,92
101,0,blank,0,145.0154,226.278633333333,382575,382683,108
101,0,blank,0,-323,-105,382781,382978,197
101,0,blank,0,-323,-105,382978,383158,180
101,0,blank,0,-323,-105,383158,383352,194
101,0,blank,0,-323,-105,383352,383499,147
101,58,thisDay,338,282.7219,686.5474,383765,383810,45
101,56,"Entertoday'sdate(mmddyyyy):",311,277.7307,634.0384,383810,384071,261
101,55,nextDay,307,253.4303,609.7075,384071,384125,54
101,0,blank,0,988.4098,598.16946,384557,384733,176
101,0,blank,0,982.9464,441.75198,384765,384925,160
101,0,blank,0,999.1414,459.3724,384925,385109,184
101,0,blank,0,996.6168,474.64632,385109,385270,161
101,0,blank,0,991.5446,497.7311,385270,385458,188
101,0,blank,0,993.781,510.83025,385458,385649,191
101,0,blank,0,991.8254,517.79432,385649,385809,160
101,0,blank,0,996.684,534.43514,385809,385992,183
101,0,blank,0,985.342,538.574925,385992,386120,128
101,0,blank,0,518.809,649.2723,386182,386215,33
101,56,"Entertoday'sdate(mmddyyyy):",311,261.16466,625.53194,386282,386453,171
101,55,nextDay,307,263.298633333333,614.8905,386453,386639,186
101,55,thisDay,305,217.264933333333,606.84815,386639,386823,184
101,0,blank,0,197.931733333333,600.568233333333,386823,386916,93
101,56,"Entertoday'sdate(mmddyyyy):",311,350.889983333333,632.60845,386951,387143,192
101,0,blank,0,330.9244,622.5671,387143,387175,32
101,56,"Entertoday'sdate(mmddyyyy):",311,149.1251,636.193066666667,387207,387301,94
101,0,blank,0,167.001633333333,622.766933333333,387394,387485,91
101,0,blank,0,830.944,695.4634,387578,387675,97
101,54,struct,298,313.1364,582.8528,388753,388793,40
101,0,blank,0,300.333866666667,532.730633333333,388880,388972,92
101,0,blank,0,261.34398,549.35916,389002,389154,152
101,34,comma,187,188.683816666667,144.535683333333,389214,389406,192
101,34,comma,187,148.774375,158.270625,389406,389535,129
101,0,blank,0,294.6716,184.2297,389704,389745,41
102,0,blank,0,146.0265,467.84644,390421,390585,164
102,0,blank,0,-323,-105,390618,390773,155
102,0,blank,0,347.0862,296.138433333333,390894,390975,81
102,0,blank,0,189.6195,308.766016666667,391005,391190,185
102,14,day,62,181.972733333333,299.127833333333,391190,391277,87
102,0,blank,0,92.4248857142857,326.352071428571,391306,391505,199
102,13,struct,53,255.70935,278.346075,391532,391650,118
102,0,blank,0,277.975733333333,288.488266666667,391679,391863,184
102,0,blank,0,281.36455,288.8153,391863,391927,64
102,0,blank,0,153.03835,332.372425,391958,392108,150
102,0,blank,0,37.1173,273.2424,392139,392170,31
102,13,numberOfDays,51,125.438933333333,281.457733333333,392200,392295,95
102,14,numberOfDays,64,280.60316,301.38664,392327,392503,176
102,0,blank,0,89.24415,292.0969,392594,392786,192
102,0,blank,0,27.3134,296.2274,392786,392816,30
102,14,!=,63,208.830783333333,301.73255,392911,393094,183
102,0,blank,0,-323,-105,393183,393291,108
102,0,blank,0,-323,-105,393429,393602,173
102,0,blank,0,-323,-105,393602,394104,502
102,0,blank,0,-323,-105,394104,394225,121
102,0,blank,0,292.68106,569.26944,394265,394439,174
102,0,blank,0,333.73135,608.97565,394439,394500,61
102,0,blank,0,350.53395,556.30685,394560,394622,62
102,0,blank,0,-323,-105,394718,394777,59
102,0,blank,0,471.9147,706.4588,394808,394836,28
102,0,blank,0,343.70045,554.4059,394891,394954,63
102,28,date,153,272.074633333333,611.998333333333,395197,395280,83
102,0,blank,0,428.511475,507.0499,396186,396357,171
102,0,blank,0,495.63055,486.761025,396357,396523,166
102,0,blank,0,523.179666666667,482.981466666667,396523,396675,152
102,0,blank,0,612.0242,442.2837,396675,396796,121
102,0,blank,0,615.2869,466.7855,396796,396878,82
102,0,blank,0,539.21125,331.904466666667,397043,397226,183
102,0,blank,0,564.7173,359.5829,397226,397346,120
102,0,blank,0,-323,-105,397404,397480,76
102,0,blank,0,480.1553,469.6537,397581,397607,26
102,16,day,83,546.0438,341.8148,397629,397654,25
102,0,blank,0,-323,-105,397711,397888,177
102,0,blank,0,-323,-105,397888,397936,48
102,0,blank,0,682.867666666667,415.7111,397979,398080,101
102,0,blank,0,734.756,337.6282,398152,398197,45
102,0,blank,0,621.1887,404.2467,398277,398317,40
102,16,today,87,678.398075,351.882625,398476,398637,161
102,0,blank,0,696.053325,358.363725,398637,398802,165
102,0,blank,0,666.18678,316.59884,398802,398987,185
102,0,blank,0,634.453733333333,310.347066666667,398987,399075,88
102,0,blank,0,509.949383333333,394.497,399103,399285,182
102,0,blank,0,460.858116666667,406.178733333333,399285,399464,179
102,0,blank,0,437.13688,417.77764,399464,399635,171
102,20,today,114,441.44145,434.08335,399635,399694,59
102,20,struct,106,210.07485,431.336975,399754,399936,182
102,0,blank,0,262.087533333333,389.184166666667,399936,400118,182
102,18,month,98,248.188333333333,380.314533333333,400118,400302,184
102,18,),101,324.2935,381.8587,400302,400415,113
102,0,blank,0,-323,-105,400441,400571,130
102,0,blank,0,151.243933333333,412.934433333333,400674,400757,83
102,0,blank,0,-323,-105,400814,400943,129
102,13,date,54,316.929,270.5046,401095,401145,50
102,0,blank,0,363.884833333333,322.3389,401174,401262,88
102,16,=,71,174.411566666667,346.8389,401292,401383,91
102,14,today,66,135.2401,305.5463,401443,401469,26
102,0,blank,0,6.24290000000002,321.6767,401559,401584,25
102,0,blank,0,188.74635,313.718625,401613,401762,149
102,0,blank,0,184.4005,366.015,401762,401826,64
102,0,blank,0,79.6156833333333,525.066883333333,401857,402036,179
102,24,tomorrow,124,102.528666666667,526.796466666667,402036,402215,179
102,0,blank,0,96.2205166666667,476.759983333333,402215,402395,180
102,0,blank,0,65.81725,423.991066666667,402395,402576,181
102,16,tomorrow,70,84.5263666666667,353.170883333333,402576,402757,181
102,0,blank,0,97.6902,312.54215,402757,402938,181
102,16,(,72,202.50904,345.8968,402938,403090,152
102,14,today,66,139.82865,309.07305,403149,403206,57
102,13,date,54,310.99,284.398866666667,403355,403438,83
102,0,blank,0,-323,-105,403468,403599,131
102,0,blank,0,289.5546,382.1132,403636,403686,50
102,0,blank,0,202.113216666667,330.625383333333,403747,403920,173
102,0,blank,0,156.271433333333,360.114816666667,403920,404099,179
102,0,blank,0,171.9966,336.890816666667,404099,404281,182
102,0,blank,0,167.2983,368.525166666667,404281,404459,178
102,0,blank,0,227.791933333333,357.74795,404459,404636,177
102,0,blank,0,266.334266666667,365.237316666667,404636,404815,179
102,0,blank,0,280.097166666667,405.4413,404815,404905,90
102,0,blank,0,-323,-105,404935,405065,130
102,0,blank,0,206.178,444.8475,405167,405192,25
102,0,blank,0,-323,-105,405242,405421,179
102,18,month,98,251.9334,382.249733333333,405532,405607,75
102,0,blank,0,163.143066666667,503.510116666667,405635,405818,183
102,0,blank,0,144.228283333333,490.369516666667,405818,406001,183
102,0,blank,0,89.36235,470.060333333333,406001,406180,179
102,0,blank,0,87.0420333333333,506.501866666667,406180,406359,179
102,0,blank,0,92.6961833333333,474.58385,406359,406538,179
102,0,blank,0,91.7375833333333,458.395516666667,406538,406719,181
102,0,blank,0,134.8586,537.82145,406719,406902,183
102,0,blank,0,139.019066666667,537.41615,406902,407090,188
102,0,blank,0,112.648616666667,496.556783333333,407090,407276,186
102,0,blank,0,113.326116666667,488.63265,407276,407458,182
102,0,blank,0,133.469683333333,500.2995,407458,407639,181
102,24,tomorrow,124,120.479433333333,527.501183333333,407639,407824,185
102,0,blank,0,149.82465,478.211033333333,407824,408008,184
102,20,tomorrow,103,164.3591,438.404133333333,408008,408189,181
102,0,blank,0,138.501216666667,367.004716666667,408189,408373,184
102,14,today,66,128.18415,300.9709,408373,408434,61
102,0,blank,0,273.51802,240.71782,408495,408653,158
102,12,tomorrow,48,168.43028,259.3092,408653,408838,185
102,0,blank,0,184.0112,190.6062,408838,408898,60
102,13,numberOfDays,51,161.4903,267.055625,408929,409051,122
102,0,blank,0,-323,-105,409112,409268,156
102,16,struct,73,221.0353,346.916916666667,409375,409542,167
102,0,blank,0,155.9493,354.53195,409572,409757,185
102,0,blank,0,192.7142,374.86632,409757,409910,153
102,0,blank,0,-323,-105,409970,410122,152
102,0,blank,0,239.7932,401.306666666667,410233,410308,75
102,0,blank,0,-323,-105,410367,410500,133
102,0,blank,0,204.726833333333,376.1983,410615,410786,171
102,0,blank,0,253.4646,373.1169,410786,410969,183
102,0,blank,0,-323,-105,411029,411182,153
102,0,blank,0,271.9308,363.163957142857,411336,411534,198
102,0,blank,0,238.136466666667,404.164033333333,411534,411715,181
102,0,blank,0,162.086,460.633083333333,411715,411894,179
102,0,blank,0,168.814925,469.51805,411894,412014,120
102,20,tomorrow,103,116.58925,441.8765,412044,412232,188
102,0,blank,0,127.75138,417.49104,412232,412385,153
102,18,month,98,210.21312,392.36634,412415,412564,149
102,0,blank,0,187.293533333333,354.373,412593,412684,91
102,16,tomorrow,70,134.205766666667,353.3064,412714,412805,91
102,0,blank,0,-323,-105,412865,413044,179
102,28,d,154,312.153,614.2484,413069,413095,26
102,0,blank,0,162.2667,403.1071,413117,413142,25
102,18,today,96,144.9339,397.1918,413200,413225,25
102,0,blank,0,142.1665,490.07865,413256,413441,185
102,0,blank,0,148.293275,488.87105,413441,413565,124
102,0,blank,0,248.7926,368.460266666667,413597,413782,185
102,0,blank,0,259.986766666667,362.846216666667,413812,413996,184
102,0,blank,0,264.298466666667,418.965,413996,414178,182
102,0,blank,0,255.650733333333,491.386816666667,414178,414361,183
102,0,blank,0,256.9402,498.8309,414361,414422,61
102,0,blank,0,214.97924,356.85686,414452,414605,153
102,0,blank,0,395.405216666667,483.761833333333,414636,414819,183
102,0,blank,0,379.11215,491.1034,414819,414879,60
102,0,blank,0,490.443283333333,505.921916666667,414909,415090,181
102,0,blank,0,654.0545,500.30165,415090,415210,120
102,24,today,139,569.345283333333,517.389383333333,415240,415420,180
102,0,blank,0,571.331925,502.36535,415420,415541,121
102,0,blank,0,471.394366666667,492.038266666667,415570,415750,180
102,0,blank,0,441.505183333333,492.985333333333,415750,415930,180
102,0,blank,0,473.288716666667,496.541316666667,415930,416109,179
102,0,blank,0,501.5742,491.4943,416109,416139,30
102,0,blank,0,390.449,486.088366666667,416169,416259,90
102,0,blank,0,-323,-105,416319,416451,132
102,0,blank,0,433.5691,772.5033,416476,416502,26
102,0,blank,0,383.053142857143,535.109328571429,416557,416755,198
102,0,blank,0,362.618866666667,469.408616666667,416755,416935,180
102,0,blank,0,368.063,480.3258,416935,417124,189
102,0,blank,0,425.415,487.528,417124,417216,92
102,0,blank,0,461.2784,466.7098,417216,417386,170
102,0,blank,0,468.761966666667,502.673166666667,417386,417577,191
102,0,blank,0,428.633516666667,491.741366666667,417577,417754,177
102,0,blank,0,334.754566666667,479.2474,417754,417935,181
102,0,blank,0,313.1255,472.83005,417935,418116,181
102,0,blank,0,249.910283333333,469.829966666667,418116,418297,181
102,0,blank,0,255.09155,471.5272,418297,418418,121
102,0,blank,0,436.4908,465.132066666667,418448,418626,178
102,0,blank,0,442.84125,473.53085,418626,418806,180
102,0,blank,0,509.9298,481.0667,418806,418836,30
102,0,blank,0,354.838616666667,400.811716666667,418865,419046,181
102,24,1,137,530.965925,512.981175,419076,419195,119
102,0,blank,0,529.760966666667,485.615716666667,419255,419437,182
102,0,blank,0,539.86995,492.258725,419437,419560,123
102,0,blank,0,666.777575,483.450725,419590,419739,149
102,0,blank,0,515.319833333333,435.3769,419772,419954,182
102,0,blank,0,559.69735,419.87845,419954,420016,62
102,0,blank,0,-323,-105,420076,420235,159
102,20,+,117,526.201433333333,428.067083333333,420347,420524,177
102,0,blank,0,538.05535,399.13605,420524,420585,61
102,0,blank,0,631.358566666667,499.293066666667,420617,420794,177
102,0,blank,0,593.508133333333,495.286916666667,420794,420970,176
102,0,blank,0,469.193833333333,477.088,420970,421148,178
102,0,blank,0,443.75485,470.2341,421148,421208,60
102,0,blank,0,212.337883333333,467.060066666667,421238,421420,182
102,0,blank,0,230.648616666667,486.112,421420,421601,181
102,0,blank,0,263.86954,451.56538,421601,421753,152
102,0,blank,0,-323,-105,421813,421914,101
102,0,blank,0,262.1795,367.6039,422018,422123,105
102,0,blank,0,-323,-105,422153,422348,195
102,14,numberOfDays,64,259.904971428571,290.116885714286,422379,422578,199
102,13,date,54,305.952983333333,285.37965,422578,422756,178
102,13,d,55,349.133875,285.196875,422756,422874,118
102,0,blank,0,-323,-105,422904,423033,129
102,0,blank,0,428.181442857143,474.194471428571,423136,423328,192
102,0,blank,0,468.305766666667,482.14425,423328,423509,181
102,0,blank,0,489.23878,468.46174,423509,423659,150
102,0,blank,0,444.494566666667,483.748416666667,423689,423872,183
102,0,blank,0,387.57648,381.57128,423903,424058,155
102,0,blank,0,472.73978,338.45678,424090,424279,189
102,16,today,87,380.700083333333,345.568916666667,424279,424466,187
102,0,blank,0,392.136,355.319,424466,424498,32
102,16,day,83,567.7535,353.7245,424528,424558,30
102,16,today,87,493.842233333333,343.0443,424588,424689,101
102,0,blank,0,619.744525,329.527975,424851,425040,189
102,0,blank,0,687.5375,303.10745,425040,425098,58
102,16,today,87,650.104833333333,346.579666666667,425128,425308,180
102,0,blank,0,671.886175,332.613375,425308,425426,118
102,14,numberOfDays,64,269.577216666667,297.121383333333,425456,425633,177
102,14,numberOfDays,64,248.868733333333,308.816666666667,425633,425721,88
102,0,blank,0,284.1684,322.8403,425782,425840,58
102,14,numberOfDays,64,299.18535,293.283,425898,425957,59
102,0,blank,0,-323,-105,425990,426044,54
102,16,struct,73,218.019114285714,335.116971428571,426144,426334,190
102,16,struct,73,227.2145,348.8662,426334,426364,30
102,0,blank,0,-323,-105,426422,426502,80
102,16,date,74,276.592966666667,343.977366666667,426606,426681,75
102,0,blank,0,-323,-105,426741,426896,155
102,18,month,98,249.2978,385.9991,426947,427009,62
102,16,date,74,274.105866666667,337.828716666667,427117,427289,172
102,0,blank,0,350.419583333333,266.80875,427289,427466,177
102,14,numberOfDays,64,322.543875,300.542575,427466,427583,117
102,16,(,72,197.2319,336.9919,427613,427642,29
102,20,struct,106,215.590733333333,430.4409,427672,427852,180
102,28,struct,152,229.459883333333,606.976,427882,428064,182
102,28,struct,152,206.684966666667,612.323833333333,428064,428246,182
102,28,numberOfDays,150,156.212366666667,608.16835,428246,428432,186
102,0,blank,0,187.363333333333,624.715116666667,428432,428619,187
102,0,blank,0,203.93625,638.595066666667,428619,428812,193
102,0,blank,0,168.613516666667,620.605433333333,428812,429004,192
102,28,numberOfDays,150,158.99465,611.852583333333,429004,429198,194
102,0,blank,0,283.654066666667,631.344316666667,429229,429423,194
102,28,date,153,289.466333333333,614.93175,429423,429614,191
102,0,blank,0,200.010416666667,630.255433333333,429614,429805,191
102,0,blank,0,193.28176,636.45352,429805,429962,157
102,0,blank,0,917.4755,156.418283333333,430091,430277,186
102,0,blank,0,933.535166666667,83.4066333333333,430277,430467,190
102,0,blank,0,939.4766,82.93128,430467,430627,160
102,0,blank,0,933.0905,84.5747,430627,430698,71
102,0,blank,0,344.877583333333,617.3892,430766,430962,196
102,0,blank,0,228.605666666667,498.844466666667,430962,431154,192
103,0,blank,0,-323,-105,432587,432662,75
103,0,blank,0,122.4117,516.5693,432688,432726,38
103,43,(,238,170.800183333333,405.160266666667,432798,432970,172
103,0,blank,0,154.14902,372.60936,432970,433141,171
103,0,blank,0,-323,-105,433210,433385,175
103,0,blank,0,-323,-105,433385,433574,189
103,0,blank,0,-323,-105,433574,433765,191
103,49,leapYearFlag,280,180.882533333333,524.540066666667,433838,434020,182
103,43,struct,239,176.5863,393.5949,434061,434101,40
103,0,blank,0,523.2608,384.7944,434602,434687,85
103,0,blank,0,-323,-105,434899,435095,196
103,0,blank,0,-323,-105,435095,435273,178
103,0,blank,0,-323,-105,435273,435470,197
103,0,blank,0,-323,-105,435470,435530,60
103,0,blank,0,-323,-105,435530,435754,224
103,0,blank,0,-323,-105,435754,435979,225
103,0,blank,0,-323,-105,435979,436201,222
103,0,blank,0,-323,-105,436201,436232,31
103,0,blank,0,-323,-105,436628,436803,175
103,0,blank,0,-323,-105,436803,436840,37
103,0,blank,0,116.723466666667,413.499833333333,437019,437202,183
103,0,blank,0,157.84342,414.89174,437202,437388,186
103,0,blank,0,88.21475,430.5395,437388,437503,115
103,0,blank,0,123.6581,368.6342,437503,437597,94
103,0,blank,0,132.7019,384.48725,437597,437764,167
103,0,blank,0,-323,-105,437810,437993,183
103,0,blank,0,69.4127,267.8841,438099,438226,127
103,39,else,220,64.2953,307.24245,438226,438403,177
103,41,days,233,137.2273,349.0366,438403,438529,126
103,41,return,232,58.703475,358.8863,438569,438735,166
103,0,blank,0,110.5341,357.520666666667,438735,438906,171
103,0,blank,0,190.910625,430.71155,438906,439062,156
103,0,blank,0,235.481166666667,467.104616666667,439091,439264,173
103,0,blank,0,232.989225,500.83385,439264,439440,176
103,47,leapYearFlag,275,157.78072,480.35814,439440,439609,169
103,45,leapYearFlag,245,193.3021,443.8812,439609,439642,33
103,0,blank,0,336.3893,448.85344,439671,439823,152
103,0,blank,0,-323,-105,439882,439991,109
103,0,blank,0,-323,-105,440173,440357,184
103,0,blank,0,211.3802,452.851333333333,440406,440577,171
103,45,leapYearFlag,245,203.21995,436.9965,440577,440673,96
103,0,blank,0,-323,-105,440769,440942,173
103,0,blank,0,353.77225,486.3831,441514,441677,163
103,0,blank,0,-323,-105,441749,441942,193
103,0,blank,0,-323,-105,441942,442121,179
103,0,blank,0,-323,-105,442121,442319,198
103,0,blank,0,-323,-105,442319,442424,105
103,0,blank,0,-323,-105,442424,442860,436
103,0,blank,0,-323,-105,442860,443289,429
103,0,blank,0,-323,-105,443289,443422,133
103,0,blank,0,-323,-105,443422,443535,113
103,0,blank,0,-323,-105,443535,443693,158
103,0,blank,0,-323,-105,443693,443878,185
103,0,blank,0,-323,-105,443878,444070,192
103,0,blank,0,-323,-105,444070,444235,165
103,0,blank,0,-323,-105,444235,444428,193
103,0,blank,0,-323,-105,444428,444613,185
103,0,blank,0,-323,-105,444613,444840,227
103,0,blank,0,-323,-105,444840,445030,190
103,0,blank,0,-323,-105,445030,445221,191
103,0,blank,0,-323,-105,445221,445381,160
103,0,blank,0,438.609475,485.216925,445479,445639,160
103,0,blank,0,413.7405,433.9403,445639,445682,43
103,0,blank,0,320.593133333333,422.8496,445724,445844,120
103,0,blank,0,-323,-105,445875,446057,182
103,0,blank,0,300.058475,498.29355,446175,446285,110
103,0,blank,0,-323,-105,446315,446496,181
103,0,blank,0,316.10645,505.90625,446668,446722,54
103,0,blank,0,-323,-105,446781,446961,180
103,47,leapYearFlag,275,150.622833333333,489.222666666667,447498,447653,155
103,47,leapYearFlag,275,162.2823,477.8817,447774,447813,39
103,0,blank,0,-323,-105,447854,448045,191
103,0,blank,0,-323,-105,448045,448224,179
103,0,blank,0,-323,-105,448224,448411,187
103,0,blank,0,-323,-105,448411,448558,147
103,46,100,262,416.815575,459.537625,448593,448766,173
103,0,blank,0,-323,-105,448855,449048,193
103,0,blank,0,-323,-105,449048,449228,180
103,0,blank,0,-323,-105,449228,449414,186
103,0,blank,0,-323,-105,449414,449613,199
103,0,blank,0,-323,-105,449613,449685,72
103,0,blank,0,-323,-105,449685,449925,240
103,0,blank,0,-323,-105,449925,450086,161
103,0,blank,0,-323,-105,450086,450158,72
103,0,blank,0,-323,-105,450265,450441,176
103,0,blank,0,535.6809,485.37625,450543,450634,91
103,0,blank,0,-323,-105,450694,450876,182
103,0,blank,0,-323,-105,450876,450989,113
103,0,blank,0,494.1473,549.6308,451026,451076,50
103,0,blank,0,-323,-105,451107,451294,187
103,0,blank,0,-323,-105,451294,451324,30
103,0,blank,0,313.5267,574.5817,451353,451376,23
103,46,year,269,355.870266666667,471.9355,451402,451492,90
103,45,;,246,220.86822,432.19044,451522,451698,176
103,46,0,273,243.1295,457.5447,451698,451782,84
103,0,blank,0,617.16195,441.327725,451913,452079,166
103,0,blank,0,633.7888,447.861466666667,452079,452203,124
103,46,%,270,612.6617,467.159,452244,452290,46
103,0,blank,0,-323,-105,452373,452566,193
103,0,blank,0,-323,-105,452566,452745,179
103,0,blank,0,-323,-105,452745,452806,61
103,46,year,269,544.471933333333,460.564733333333,452836,453022,186
103,0,blank,0,495.0456,452.549025,453022,453216,194
103,0,blank,0,370.753666666667,444.80405,453216,453393,177
103,0,blank,0,370.93265,443.4573,453393,453453,60
103,0,blank,0,-323,-105,453482,453638,156
103,0,blank,0,300.1601,509.5699,453745,453771,26
103,0,blank,0,-323,-105,453822,454007,185
103,0,blank,0,-323,-105,454007,454194,187
103,0,blank,0,-323,-105,454194,454379,185
103,0,blank,0,-323,-105,454379,454428,49
103,0,blank,0,-323,-105,454428,454853,425
103,0,blank,0,-323,-105,454853,454952,99
103,0,blank,0,-323,-105,454952,455428,476
103,0,blank,0,-323,-105,455428,455671,243
103,0,blank,0,-323,-105,455671,455860,189
103,0,blank,0,-323,-105,455860,456219,359
103,0,blank,0,-323,-105,456219,456743,524
103,0,blank,0,-323,-105,456743,456860,117
103,0,blank,0,-323,-105,456860,457349,489
103,0,blank,0,-323,-105,457349,457511,162
103,0,blank,0,-323,-105,457511,457689,178
103,0,blank,0,-323,-105,457689,457887,198
103,0,blank,0,-323,-105,457887,458023,136
103,0,blank,0,-323,-105,458023,458220,197
103,0,blank,0,-323,-105,458220,458307,87
103,0,blank,0,-323,-105,458307,458656,349
103,0,blank,0,369.078,478.0726,459048,459087,39
103,0,blank,0,309.3228,535.8438,459087,459248,161
103,0,blank,0,335.5856,492.9459,459296,459376,80
103,0,blank,0,-323,-105,459422,459507,85
103,0,blank,0,429.7792,421.6653,459866,459918,52
103,0,blank,0,308.2073,343.5077,459972,460020,48
103,0,blank,0,381.80214,448.34572,460128,460311,183
103,0,blank,0,401.341966666667,444.615416666667,460311,460501,190
103,0,blank,0,840.393833333333,731.26675,460563,460756,193
103,0,blank,0,890.620833333333,712.904483333333,460756,460947,191
103,0,blank,0,933.666666666667,721.5603,460947,461072,125
103,0,blank,0,993.734333333333,730.832333333333,461105,461203,98
103,0,blank,0,1003.268,727.6801,461267,461299,32
103,0,blank,0,-323,-105,461364,461525,161
103,0,blank,0,-323,-105,461525,461723,198
103,46,!=,263,444.640966666667,458.975333333333,461961,462142,181
103,0,blank,0,438.030133333333,451.8159,462142,462274,132
103,0,blank,0,423.79725,449.858275,462274,462439,165
103,0,blank,0,-323,-105,462471,462663,192
103,0,blank,0,335.8196,476.7715,463015,463169,154
103,0,blank,0,-323,-105,463215,463338,123
103,0,blank,0,348.9681,383.0469,463459,463707,248
103,0,blank,0,409.042333333333,447.468366666667,463757,463888,131
103,0,blank,0,-323,-105,463975,464171,196
103,0,blank,0,-323,-105,464171,464351,180
103,0,blank,0,-323,-105,464351,464476,125
103,0,blank,0,-323,-105,464476,465010,534
103,0,blank,0,-323,-105,465010,465202,192
103,0,blank,0,-323,-105,465202,465938,736
103,0,blank,0,-323,-105,465938,466229,291
103,0,blank,0,-323,-105,466229,466409,180
103,0,blank,0,-323,-105,466732,467009,277
103,0,blank,0,-323,-105,467009,467214,205
103,0,blank,0,-323,-105,467606,467689,83
103,0,blank,0,-323,-105,467689,467863,174
103,0,blank,0,-323,-105,467863,468189,326
103,0,blank,0,-323,-105,468189,468410,221
103,0,blank,0,-323,-105,468410,468659,249
103,0,blank,0,-323,-105,468659,469466,807
103,0,blank,0,-323,-105,469466,469606,140
103,0,blank,0,-323,-105,469606,470017,411
103,0,blank,0,-323,-105,470017,470048,31
103,0,blank,0,-323,-105,470048,470255,207
103,0,blank,0,-323,-105,470255,470381,126
103,0,blank,0,-323,-105,470381,471200,819
103,0,blank,0,-323,-105,471200,471359,159
103,0,blank,0,-323,-105,471359,471500,141
103,0,blank,0,-323,-105,471500,471768,268
103,0,blank,0,-323,-105,471768,471984,216
103,0,blank,0,-323,-105,471984,472177,193
103,0,blank,0,-323,-105,472177,472288,111
103,0,blank,0,-323,-105,472288,472377,89
103,0,blank,0,-323,-105,472377,472648,271
103,0,blank,0,-323,-105,472648,472808,160
103,0,blank,0,-323,-105,472808,473298,490
103,0,blank,0,-323,-105,473298,473882,584
103,0,blank,0,-323,-105,473882,473957,75
103,0,blank,0,-323,-105,473957,474211,254
103,0,blank,0,-323,-105,474211,474465,254
103,0,blank,0,-323,-105,474465,474573,108
103,0,blank,0,-323,-105,474744,475080,336
103,0,blank,0,-323,-105,475080,475822,742
103,0,blank,0,-323,-105,475822,476033,211
103,0,blank,0,-323,-105,476033,476182,149
103,0,blank,0,-323,-105,476182,476369,187
103,0,blank,0,-323,-105,476369,476435,66
103,0,blank,0,-323,-105,476435,476576,141
103,0,blank,0,-323,-105,476576,476699,123
103,0,blank,0,-323,-105,476699,476833,134
103,0,blank,0,-323,-105,476833,476968,135
103,0,blank,0,-323,-105,476968,477043,75
103,0,blank,0,-323,-105,477043,477391,348
103,0,blank,0,-323,-105,477391,477579,188
103,0,blank,0,-323,-105,477579,477748,169
103,0,blank,0,-323,-105,477748,477922,174
103,0,blank,0,-323,-105,477922,478045,123
