Frameno_fix,lineno_fix,Tokenname_fix,tokens_id,gaze_X_fix,gaze_Y_fix,timestamp_fix_start,timestamp_fix_end,time_duration
100,24,new_value,133,522.88258,160.79234,2815,3014,199
100,79,next,447,533.0251,196.02765,3014,3106,92
100,52,next,275,311.3659,158.7904,3219,3305,86
100,24,int,132,454.76184,162.16256,3517,3708,191
100,10,sizeof,59,449.85058,221.58436,3708,3878,170
100,10,sizeof,59,437.09458,218.46854,3878,4051,173
100,63,rand_number,338,475.57092,146.16312,4051,4226,175
100,63,rand_number,338,463.041766666667,147.102166666667,4226,4327,101
100,60,up_bound,325,673.3942,117.0129,4463,4501,38
100,60,down_bound,322,493.305633333333,115.4367,4623,4794,171
100,60,int,324,475.81538,127.40156,4794,4987,193
100,60,int,324,451.46936,128.4534,4987,5179,192
100,52,next,275,442.29298,89.48682,5179,5364,185
100,0,blank,0,0,0,5437,5615,178
100,76,->,417,554.29905,430.3282,5991,6149,158
100,66,down_bound,368,495.09645,330.59505,6149,6322,173
100,10,Item,62,555.09605,207.6651,6397,6504,107
100,0,blank,0,0,0,6770,6953,183
100,0,blank,0,0,0,6953,7109,156
100,0,blank,0,0,0,7109,7211,102
100,0,blank,0,0,0,7211,7321,110
100,0,blank,0,0,0,7321,7424,103
100,0,blank,0,0,0,7424,7622,198
100,0,blank,0,0,0,7622,7764,142
100,0,blank,0,0,0,7764,7928,164
100,0,blank,0,0,0,7928,8052,124
100,0,blank,0,0,0,8052,8193,141
100,0,blank,0,0,0,8193,8428,235
100,0,blank,0,0,0,8428,8476,48
100,10,sizeof,59,423.2091,205.9352,8973,9444,471
100,63,rand_number,338,441.500525,174.570875,9444,9607,163
100,63,down_bound,340,504.53802,138.98182,9607,9793,186
100,63,rand_number,338,454.5646,179.91866,9793,9978,185
100,79,pre,445,447.1529,194.42096,9978,10161,183
100,66,rand_number,366,433.14952,247.66722,10161,10343,182
100,24,begin,130,421.43736,224.18906,10343,10529,186
100,26,new_value,143,378.805166666667,231.658166666667,10529,10690,161
100,24,Item,128,346.83948,228.3395,10690,10879,189
100,24,Item,128,350.6556,225.2884,10879,10952,73
100,0,blank,0,0,0,10988,11119,131
100,0,blank,0,0,0,11282,11606,324
100,10,malloc,57,383.5068,218.216066666667,11706,11863,157
100,66,rand_number,366,353.25752,234.57122,11863,12058,195
100,84,next,480,356.0839,302.36008,12058,12248,190
100,84,next,480,349.4197,311.7847,12248,12325,77
100,66,rand_number,366,425.7454,316.27396,12364,12562,198
100,60,int,324,428.8862,408.27004,12601,12797,196
100,33,new_value,182,419.80886,425.86024,12797,12984,187
100,70,insertion_sort,382,389.16448,448.74678,12984,13171,187
100,76,next,418,370.6162,591.24765,13171,13356,185
100,79,!=,436,405.64946,616.57548,13356,13550,194
100,30,new_value,165,407.269375,646.484375,13550,13708,158
100,0,blank,0,372.6936,728.44265,13794,13919,125
100,0,blank,0,389.4676,777.9469,13919,14023,104
100,0,blank,0,371.4529,696.5579,14119,14168,49
100,68,return,375,336.26904,439.68464,14206,14397,191
100,30,int,164,365.518375,344.77835,14397,14564,167
100,70,Item,385,364.1071,337.4546,14564,14649,85
100,84,->,479,381.5275,303.7836,14723,14915,192
100,26,new_value,143,345.2078,260.693,14915,15066,151
100,0,blank,0,1368.726,271.8523,15173,15313,140
100,80,->,454,1266.033,204.8708,15433,15459,26
101,75,struct,409,511.0919,587.712,19723,20266,543
101,0,blank,0,0,0,22020,22198,178
101,0,blank,0,0,0,22198,22336,138
101,0,blank,0,0,0,22620,22709,89
101,0,blank,0,0,0,22709,22838,129
101,0,blank,0,0,0,22838,22927,89
101,0,blank,0,0,0,22927,23320,393
101,0,blank,0,0,0,23320,23551,231
101,0,blank,0,0,0,23551,23748,197
101,0,blank,0,0,0,23748,23794,46
101,0,blank,0,0,0,23794,23995,201
101,0,blank,0,0,0,23995,24171,176
101,0,blank,0,0,0,24171,24356,185
101,0,blank,0,0,0,24356,24506,150
101,0,blank,0,0,0,24506,24637,131
101,0,blank,0,0,0,24637,24833,196
101,0,blank,0,0,0,24833,24980,147
101,0,blank,0,0,0,24980,25138,158
101,0,blank,0,0,0,25138,25332,194
101,0,blank,0,0,0,25332,25554,222
101,0,blank,0,0,0,25554,25680,126
101,0,blank,0,0,0,25680,25873,193
101,0,blank,0,0,0,25873,26075,202
101,0,blank,0,0,0,26075,26344,269
101,0,blank,0,0,0,26344,26799,455
101,0,blank,0,0,0,26799,26973,174
101,0,blank,0,0,0,26973,27168,195
101,0,blank,0,0,0,27168,27340,172
101,0,blank,0,0,0,27340,27883,543
101,0,blank,0,0,0,27883,28142,259
101,0,blank,0,0,0,28142,28291,149
101,0,blank,0,0,0,28291,28488,197
101,0,blank,0,0,0,28488,28672,184
101,0,blank,0,0,0,28672,28849,177
101,0,blank,0,0,0,28849,29044,195
101,0,blank,0,0,0,29044,29199,155
101,0,blank,0,0,0,29199,29251,52
101,0,blank,0,0,0,29251,29442,191
101,0,blank,0,0,0,29442,29680,238
101,0,blank,0,0,0,29680,29899,219
101,0,blank,0,0,0,29899,30079,180
101,0,blank,0,0,0,30079,30196,117
101,0,blank,0,0,0,30196,30388,192
101,0,blank,0,0,0,30388,30514,126
101,0,blank,0,0,0,30514,30617,103
101,0,blank,0,0,0,30617,30843,226
101,0,blank,0,0,0,30843,30993,150
101,0,blank,0,0,0,30993,31169,176
101,0,blank,0,0,0,31169,31357,188
101,0,blank,0,0,0,31357,31542,185
101,0,blank,0,0,0,31542,31711,169
101,0,blank,0,0,0,31711,31910,199
101,0,blank,0,0,0,31910,32099,189
101,0,blank,0,0,0,32099,32269,170
101,0,blank,0,0,0,32269,32464,195
101,0,blank,0,0,0,32464,32645,181
101,0,blank,0,0,0,32645,32707,62
101,0,blank,0,0,0,32707,32861,154
101,0,blank,0,0,0,32861,33015,154
101,0,blank,0,0,0,33015,33214,199
101,0,blank,0,0,0,33214,33350,136
101,0,blank,0,0,0,33350,33539,189
101,0,blank,0,0,0,33539,33689,150
101,0,blank,0,0,0,33689,33882,193
101,0,blank,0,0,0,33882,34080,198
101,0,blank,0,0,0,34080,34282,202
101,0,blank,0,0,0,34282,34461,179
101,0,blank,0,0,0,34461,34632,171
101,0,blank,0,0,0,34632,34818,186
101,0,blank,0,0,0,34818,34974,156
101,0,blank,0,0,0,34974,35140,166
101,0,blank,0,0,0,35140,35304,164
101,0,blank,0,0,0,35304,35493,189
101,0,blank,0,0,0,35493,35659,166
101,0,blank,0,0,0,35659,35743,84
101,0,blank,0,0,0,35743,35864,121
101,0,blank,0,0,0,35864,36037,173
101,0,blank,0,0,0,36037,36229,192
101,0,blank,0,0,0,36229,36368,139
101,0,blank,0,0,0,36368,36484,116
101,0,blank,0,0,0,36484,36606,122
101,0,blank,0,0,0,36606,36915,309
101,0,blank,0,0,0,36915,37324,409
101,0,blank,0,0,0,37324,37508,184
101,0,blank,0,0,0,37508,37684,176
101,0,blank,0,0,0,37684,37846,162
101,0,blank,0,0,0,37846,38039,193
101,0,blank,0,0,0,38039,38132,93
101,0,blank,0,0,0,38132,38501,369
101,0,blank,0,0,0,38501,39008,507
101,0,blank,0,0,0,39008,39184,176
101,0,blank,0,0,0,39184,39277,93
101,0,blank,0,0,0,40275,40986,711
101,0,blank,0,0,0,40986,41141,155
101,0,blank,0,0,0,41141,41289,148
101,0,blank,0,0,0,41289,41502,213
101,0,blank,0,0,0,41502,41592,90
101,0,blank,0,0,0,41592,41928,336
101,0,blank,0,0,0,41928,42046,118
101,0,blank,0,0,0,42046,42235,189
101,0,blank,0,0,0,42235,42366,131
101,0,blank,0,0,0,42366,42472,106
101,0,blank,0,0,0,42472,42620,148
101,0,blank,0,0,0,42620,42956,336
101,0,blank,0,0,0,42956,43327,371
101,0,blank,0,0,0,43327,43527,200
101,0,blank,0,0,0,43527,43720,193
101,0,blank,0,0,0,43720,43898,178
101,0,blank,0,0,0,43898,44095,197
101,0,blank,0,0,0,44095,44171,76
101,0,blank,0,0,0,44171,44369,198
101,0,blank,0,0,0,44369,44678,309
101,0,blank,0,0,0,44678,45244,566
101,0,blank,0,0,0,45244,45624,380
101,0,blank,0,0,0,45624,45797,173
101,0,blank,0,0,0,45797,45966,169
101,0,blank,0,0,0,45966,46051,85
101,0,blank,0,0,0,46051,46239,188
101,0,blank,0,0,0,46239,46437,198
101,0,blank,0,0,0,46437,46621,184
101,0,blank,0,0,0,46621,46922,301
101,0,blank,0,0,0,46922,47221,299
101,0,blank,0,0,0,47221,47443,222
101,0,blank,0,0,0,47443,47593,150
101,0,blank,0,0,0,47593,47739,146
101,0,blank,0,0,0,47739,48257,518
101,0,blank,0,0,0,48257,48455,198
101,0,blank,0,0,0,48455,48623,168
101,0,blank,0,0,0,48623,48819,196
101,0,blank,0,0,0,48819,49007,188
101,0,blank,0,0,0,49007,49162,155
101,0,blank,0,0,0,49162,49357,195
101,0,blank,0,0,0,49357,49538,181
101,0,blank,0,0,0,49538,49610,72
101,0,blank,0,0,0,49961,50045,84
101,0,blank,0,0,0,50045,50243,198
101,0,blank,0,0,0,50243,50437,194
101,0,blank,0,0,0,50437,50816,379
101,0,blank,0,0,0,50816,51284,468
101,0,blank,0,0,0,51284,51474,190
101,0,blank,0,0,0,51474,51818,344
101,0,blank,0,0,0,51818,52104,286
101,0,blank,0,0,0,52104,52870,766
101,0,blank,0,0,0,52870,53008,138
101,0,blank,0,0,0,53008,53095,87
101,0,blank,0,0,0,53095,53391,296
101,0,blank,0,0,0,53391,53648,257
101,0,blank,0,0,0,53648,53917,269
101,0,blank,0,0,0,53917,55463,1546
101,0,blank,0,0,0,55463,55623,160
101,0,blank,0,0,0,55623,55836,213
101,0,blank,0,0,0,55836,55865,29
101,0,blank,0,0,0,55865,56066,201
101,0,blank,0,0,0,56066,56263,197
101,0,blank,0,0,0,56263,56442,179
101,0,blank,0,0,0,56442,56628,186
101,0,blank,0,0,0,56628,56822,194
101,0,blank,0,0,0,56822,57020,198
101,0,blank,0,0,0,57020,57163,143
101,76,next,418,409.6003,587.2457,57376,57445,69
101,0,blank,0,0,0,57511,57640,129
101,0,blank,0,0,0,57640,57731,91
101,0,blank,0,0,0,57731,57976,245
101,0,blank,0,0,0,57976,58137,161
101,0,blank,0,0,0,58137,58278,141
101,0,blank,0,0,0,58278,58527,249
101,0,blank,0,0,0,58527,58691,164
101,0,blank,0,0,0,58691,58858,167
101,0,blank,0,0,0,58858,58964,106
101,0,blank,0,0,0,58964,59059,95
101,0,blank,0,0,0,59059,59452,393
101,0,blank,0,0,0,59452,59778,326
101,0,blank,0,0,0,59778,59951,173
101,0,blank,0,0,0,60528,60793,265
101,0,blank,0,0,0,60793,60961,168
101,0,blank,0,0,0,60961,61154,193
101,0,blank,0,0,0,61154,61335,181
101,0,blank,0,0,0,61335,61528,193
101,0,blank,0,0,0,61528,61704,176
101,0,blank,0,0,0,61704,61836,132
101,0,blank,0,0,0,61836,61925,89
101,0,blank,0,0,0,61925,62051,126
101,0,blank,0,0,0,62051,62187,136
101,0,blank,0,0,0,62187,62428,241
101,0,blank,0,0,0,62428,62622,194
101,0,blank,0,0,0,62622,62973,351
101,0,blank,0,0,0,62973,63172,199
101,0,blank,0,0,0,63172,63287,115
101,0,blank,0,0,0,63287,63405,118
101,0,blank,0,0,0,63405,63527,122
101,0,blank,0,0,0,63527,63656,129
101,0,blank,0,0,0,63656,63795,139
101,0,blank,0,0,0,63795,64044,249
101,0,blank,0,0,0,64044,64213,169
101,0,blank,0,0,0,64213,64300,87
101,0,blank,0,0,0,64300,64923,623
101,0,blank,0,0,0,64923,65106,183
101,0,blank,0,0,0,65106,65283,177
101,0,blank,0,0,0,65283,65367,84
101,0,blank,0,0,0,65367,65779,412
101,0,blank,0,0,0,65779,66081,302
101,0,blank,0,0,0,66081,66400,319
101,0,blank,0,0,0,66400,66579,179
101,0,blank,0,0,0,66579,66653,74
101,0,blank,0,0,0,66653,66919,266
101,0,blank,0,0,0,66919,67306,387
101,0,blank,0,0,0,67306,67650,344
101,0,blank,0,0,0,67650,67820,170
101,0,blank,0,0,0,67820,68012,192
101,0,blank,0,0,0,68012,68444,432
101,0,blank,0,0,0,68444,68630,186
101,0,blank,0,0,0,68630,68823,193
101,0,blank,0,0,0,68823,68984,161
101,0,blank,0,0,0,68984,69176,192
101,0,blank,0,0,0,69176,69274,98
101,0,blank,0,0,0,69274,69456,182
101,0,blank,0,0,0,69456,69631,175
101,0,blank,0,0,0,69631,69763,132
101,0,blank,0,0,0,69763,69940,177
101,0,blank,0,0,0,69940,70145,205
101,0,blank,0,0,0,70145,70364,219
101,0,blank,0,0,0,70364,70589,225
101,0,blank,0,0,0,70589,70651,62
101,0,blank,0,0,0,70651,71083,432
101,0,blank,0,0,0,71083,71270,187
101,0,blank,0,0,0,71270,71304,34
101,0,blank,0,0,0,71304,71523,219
101,0,blank,0,0,0,71523,71845,322
101,0,blank,0,0,0,71845,71972,127
101,0,blank,0,0,0,71972,72627,655
101,0,blank,0,0,0,72627,72792,165
101,0,blank,0,0,0,72792,72939,147
101,10,(,60,410.29515,217.8684,73505,73701,196
101,24,begin,130,396.72635,148.9467,73701,73881,180
101,63,rand_number,338,391.031933333333,171.6507,73881,74080,199
101,24,int,132,490.14662,154.387,74131,74328,197
101,0,blank,0,1343.029,284.9095,74394,74499,105
101,0,blank,0,1368.883,261.6809,74499,74645,146
101,0,blank,0,1362.951,619.2791,74839,74882,43
101,84,next,480,1263.054,594.4603,74965,75007,42
101,0,blank,0,1244.898,639.45355,75205,75332,127
101,79,->,448,495.1181,619.0466,75375,75411,36
102,66,up_bound,370,623.64285,529.46595,111329,111504,175
102,40,Item,224,704.895,511.9162,111504,111556,52
102,75,struct,409,706.6698,589.4969,111638,111683,45
102,40,struct,223,668.83116,580.59402,111802,111997,195
102,40,Item,224,718.31866,569.34116,111997,112173,176
102,40,Item,224,718.352275,569.792675,112173,112340,167
102,75,struct,409,752.5529,592.5449,112340,112407,67
102,40,struct,223,675.0181,567.2091,112640,112772,132
102,70,struct,384,514.5423,442.9123,112986,113014,28
102,70,begin,387,427.9363,329.796075,113050,113180,130
102,66,rand_number,366,429.6966,246.2802,113180,113251,71
102,66,rand_number,366,414.3802,235.7758,113373,113441,68
102,60,down_bound,322,452.3393,397.81155,114084,114149,65
102,0,blank,0,1328.124,519.5538,114252,114287,35
102,0,blank,0,0,0,114850,115041,191
102,0,blank,0,0,0,115041,115108,67
102,76,->,417,521.2087,427.310666666667,115179,115315,136
102,0,blank,0,571.01165,691.7206,115414,115511,97
102,24,begin,130,395.2328,517.277,115576,115605,29
102,63,down_bound,340,494.8394,473.2841,115707,115736,29
102,79,&&,440,583.9861,615.5386,115772,115867,95
102,40,Item,224,482.64495,504.5736,115999,116064,65
102,66,comma,369,584.715266666667,546.7602,116167,116268,101
102,0,blank,0,570.59152,497.23544,116374,116570,196
102,60,int,324,578.67952,483.62916,116570,116741,171
102,24,),134,581.42985,516.692325,116741,116908,167
102,60,up_bound,325,614.34138,493.44518,116908,117086,178
102,60,up_bound,325,607.8564,483.38816,117086,117259,173
102,63,comma,341,583.1978,468.789775,117259,117400,141
102,79,->,448,629.489,607.1145,117436,117474,38
102,66,down_bound,368,570.712175,457.267975,117508,117673,165
102,63,up_bound,342,639.5004,461.60904,117673,117861,188
102,63,up_bound,342,626.42532,473.1949,117861,118052,191
102,60,up_bound,325,611.69704,482.32498,118052,118236,184
102,60,int,324,592.08042,494.13672,118236,118413,177
102,60,up_bound,325,610.41415,486.49645,118413,118485,72
102,63,down_bound,340,504.72185,480.32,118521,118594,73
102,60,down_bound,322,499.4159,483.7131,118698,118767,69
102,60,down_bound,322,488.834933333333,489.569766666667,118837,118948,111
102,79,&&,440,581.6879,602.8462,118985,119021,36
102,63,down_bound,340,498.857525,473.20465,119053,119213,160
102,63,down_bound,340,568.753466666667,473.0477,119213,119339,126
102,76,->,417,500.902333333333,439.5982,119339,119489,150
102,70,struct,384,500.525633333333,448.256433333333,119489,119665,176
102,66,down_bound,368,493.71325,459.63465,119665,119748,83
102,0,blank,0,0,0,119788,119982,194
102,0,blank,0,0,0,119982,120042,60
102,0,blank,0,0,0,120042,120333,291
102,0,blank,0,0,0,120333,120466,133
102,0,blank,0,0,0,120466,120560,94
102,66,down_bound,368,505.702133333333,460.3435,120843,121006,163
102,66,down_bound,368,494.86915,460.50015,121006,121178,172
102,63,down_bound,340,487.22066,464.73672,121178,121373,195
102,63,down_bound,340,476.31198,474.45484,121373,121569,196
102,60,int,324,416.40944,483.4103,121569,121764,195
102,60,comma,323,386.96015,490.04365,121764,121876,112
102,63,(,339,464.3448,463.1731,121876,122306,430
102,63,down_bound,340,479.668233333333,466.062733333333,122306,122502,196
102,63,down_bound,340,516.26406,461.44562,122502,122681,179
102,63,down_bound,340,510.9343,466.07762,122681,122879,198
102,63,(,339,473.250775,467.853325,122879,123069,190
102,0,blank,0,0,0,123108,123305,197
103,10,malloc,57,393.830633333333,209.6227,128508,128611,103
103,10,malloc,57,398.9416,211.65385,128611,128786,175
103,10,sizeof,59,430.8736,203.97026,128786,128968,182
103,63,rand_number,338,401.3542,169.495275,128968,129141,173
103,63,rand_number,338,403.9044,180.356,129141,129314,173
103,63,rand_number,338,434.18295,149.8433,129314,129484,170
103,63,rand_number,338,433.7768,136.56135,129484,129668,184
103,60,int,324,421.093466666667,116.6728,129668,129809,141
103,0,blank,0,0,0,129844,129932,88
103,60,down_bound,322,471.25706,231.61846,130055,130227,172
103,63,down_bound,340,494.309566666667,257.558733333333,130227,130403,176
103,60,int,324,494.54558,273.2428,130403,130589,186
103,63,down_bound,340,480.92284,266.53726,130589,130774,185
103,63,down_bound,340,475.7086,267.1429,130774,130809,35
103,0,blank,0,0,0,130845,130983,138
103,60,int,324,498.21498,271.86732,131246,131419,173
103,60,int,324,510.54695,270.85905,131419,131604,185
103,0,blank,0,0,0,131744,131934,190
103,0,blank,0,0,0,131934,132107,173
103,0,blank,0,0,0,132107,132281,174
103,0,blank,0,0,0,132281,132461,180
103,0,blank,0,0,0,132461,132615,154
103,0,blank,0,0,0,132615,132812,197
103,0,blank,0,0,0,132812,132988,176
103,0,blank,0,0,0,132988,133168,180
103,0,blank,0,0,0,133168,133317,149
103,0,blank,0,0,0,133317,133541,224
103,0,blank,0,0,0,133541,133723,182
103,0,blank,0,0,0,133723,133760,37
103,60,int,324,521.1851,295.0234,133794,133955,161
103,60,int,324,551.2166,291.5991,133955,134103,148
103,60,int,324,616.4193,289.4689,134103,134161,58
103,63,comma,341,581.2637,307.4552,134263,134314,51
103,60,int,324,598.7905,289.930166666667,134412,134567,155
103,60,int,324,498.651433333333,289.298433333333,134567,134723,156
103,63,down_bound,340,551.4185,311.2025,134723,134778,55
103,0,blank,0,0,0,134837,134970,133
103,0,blank,0,0,0,134970,135168,198
103,0,blank,0,0,0,135168,135188,20
103,76,->,417,480.5457,430.3973,135366,135400,34
103,60,int,324,532.903,287.1666,135513,135558,45
103,60,int,324,512.4518,296.4799,135558,135757,199
103,66,down_bound,368,504.8178,315.0191,135757,135790,33
103,60,int,324,577.1511,281.8798,136061,136105,44
103,60,int,324,608.1398,281.606,136105,136308,203
103,60,int,324,591.398125,300.172125,136308,136506,198
103,0,blank,0,499.738333333333,358.971733333333,136506,136662,156
103,60,int,324,510.1546,292.8318,136662,136715,53
103,0,blank,0,0,0,136768,136905,137
103,0,blank,0,494.7149,348.7844,137074,137250,176
103,0,blank,0,452.781266666667,345.493466666667,137250,137418,168
103,66,(,367,472.2704,366.8811,137418,137465,47
103,0,blank,0,0,0,137569,137721,152
103,0,blank,0,0,0,137721,137902,181
103,0,blank,0,0,0,137902,138061,159
103,0,blank,0,0,0,138061,138246,185
103,0,blank,0,0,0,138246,138427,181
103,0,blank,0,0,0,138427,138597,170
103,0,blank,0,0,0,138597,138748,151
103,0,blank,0,0,0,138748,138887,139
103,0,blank,0,0,0,138887,139066,179
103,0,blank,0,0,0,139066,139255,189
103,0,blank,0,0,0,139255,139315,60
103,0,blank,0,0,0,139563,139597,34
103,63,down_bound,340,521.8049,265.3142,139919,139964,45
103,24,begin,130,402.661066666667,154.7399,140042,140223,181
103,24,begin,130,431.0775,162.26585,140223,140350,127
103,63,rand_number,338,489.8754,145.979,140350,140502,152
103,79,!=,436,435.4146,198.29035,140502,140663,161
103,63,rand_number,338,414.8624,175.1985,140663,140728,65
103,60,struct,313,435.2158,228.125,140728,141004,276
103,66,down_bound,368,489.2054,244.033,141104,141262,158
103,66,down_bound,368,487.8361,250.1024,141262,141364,102
103,66,comma,369,591.449033333333,321.0856,141412,141573,161
103,60,int,324,621.1357,302.6299,141573,141630,57
103,72,struct,390,956.5112,302.383,141684,141739,55
103,70,struct,384,505.0414,446.4589,141954,142114,160
103,33,(,181,397.7026,415.2804,142114,142198,84
103,97,struct,527,440.8063,393.3231,142198,142397,199
103,60,down_bound,322,457.9402,397.2075,142397,142553,156
103,24,int,132,471.76696,528.5658,142681,142876,195
103,66,down_bound,368,507.963025,530.830925,142876,143045,169
103,40,Item,224,497.353775,505.019925,143045,143210,165
103,63,down_bound,340,538.839125,473.1241,143210,143377,167
103,63,down_bound,340,522.028,476.636533333333,143377,143495,118
103,63,down_bound,340,518.003,390.0416,143495,143738,243
103,76,->,417,559.2927,411.5366,143738,143815,77
103,0,blank,0,0,0,143922,144022,100
103,0,blank,0,673.2088,355.749266666667,145561,145686,125
103,0,blank,0,745.81694,351.9405,145752,145926,174
103,63,up_bound,342,711.9697,348.4697,145926,145982,56
103,66,down_bound,368,694.5479,409.6062,146102,146199,97
103,66,),372,678.62115,332.1976,146199,146364,165
103,66,up_bound,370,637.6572,372.2926,146364,146406,42
103,66,comma,369,587.52298,318.21008,146472,146641,169
103,66,down_bound,368,567.881316666667,319.8274,146641,146836,195
103,66,down_bound,368,550.969475,325.4121,146836,146998,162
103,63,down_bound,340,591.777766666667,308.722366666667,146998,147165,167
103,60,int,324,551.678766666667,284.3625,147165,147273,108
103,60,int,324,598.1201,294.39345,147273,147465,192
103,0,blank,0,686.45554,363.27996,147465,147640,175
103,66,down_bound,368,684.91475,375.018025,147640,147776,136
103,66,down_bound,368,692.0651,412.8104,147776,147846,70
103,63,up_bound,342,699.81595,345.31055,147878,147948,70
103,66,rand_number,366,534.69086,382.29706,147982,148157,175
103,60,down_bound,322,553.91425,336.7395,148157,148326,169
103,66,down_bound,368,571.547566666667,372.436966666667,148326,148470,144
103,60,int,324,599.007266666667,306.939533333333,148470,148599,129
103,60,int,324,610.4506,283.5681,148702,148844,142
103,0,blank,0,0,0,148876,149065,189
103,0,blank,0,0,0,149065,149254,189
103,0,blank,0,0,0,149254,149311,57
103,0,blank,0,609.654725,356.1076,149385,149545,160
103,0,blank,0,575.2738,421.7622,149611,149713,102
103,66,down_bound,368,732.0653,376.5832,149911,149947,36
103,63,up_bound,342,755.09425,320.8129,149987,150162,175
103,63,up_bound,342,696.217666666667,311.129633333333,150162,150294,132
103,66,down_bound,368,682.8694,378.1992,150294,150391,97
103,63,down_bound,340,519.92104,385.23418,150615,150807,192
103,0,blank,0,621.423675,430.72245,150842,150988,146
103,0,blank,0,0,0,151021,151059,38
103,66,down_bound,368,572.86755,241.264,151296,151372,76
103,60,int,324,538.61072,289.48312,151407,151575,168
103,60,int,324,514.779866666667,295.6578,151575,151677,102
103,0,blank,0,673.6304,306.43572,151709,151876,167
103,60,int,324,636.08976,294.60354,151876,152048,172
103,0,blank,0,554.9139,345.75414,152048,152216,168
103,60,down_bound,322,508.3099,405.67518,152216,152388,172
103,70,struct,384,481.6586,449.27345,152388,152457,69
103,66,comma,369,592.4733,319.47696,152527,152696,169
103,66,up_bound,370,644.7401,330.6129,152696,152729,33
103,0,blank,0,0,0,152893,153085,192
103,66,comma,369,578.9108,238.7056,153153,153224,71
103,0,blank,0,597.4541,341.20615,153305,153369,64
103,63,up_bound,342,683.294433333333,311.188933333333,153479,153618,139
103,0,blank,0,665.628333333333,290.2212,153618,153788,170
103,60,int,324,516.3186,290.6187,153829,154021,192
103,60,int,324,496.80334,280.60388,154021,154189,168
103,60,int,324,527.8449,279.52562,154189,154361,172
103,60,int,324,547.70566,268.3372,154361,154533,172
103,63,up_bound,342,601.15542,259.49318,154533,154704,171
103,60,int,324,595.83448,296.8698,154704,154878,174
103,60,int,324,649.81796,271.44456,154878,155055,177
103,60,int,324,653.5049,282.05276,155055,155228,173
103,85,sorted,486,681.105933333333,295.766066666667,155228,155332,104
103,0,blank,0,0,0,155367,155540,173
103,60,int,324,563.560766666667,298.493666666667,155788,155946,158
103,60,int,324,575.823975,287.350275,155946,156085,139
103,63,),344,671.33484,299.46198,156120,156299,179
103,71,{,389,668.9778,280.3396,156299,156364,65
103,85,sorted,486,780.38098,287.3028,156397,156565,168
103,72,struct,390,844.76452,301.31906,156565,156731,166
103,72,struct,390,878.8515,299.8102,156731,156899,168
103,63,up_bound,342,926.1799,311.31652,156899,157066,167
103,63,up_bound,342,969.10484,339.28112,157066,157238,172
103,63,up_bound,342,991.80024,321.80684,157238,157414,176
103,72,struct,390,1016.506975,302.22975,157414,157546,132
103,33,(,181,391.6448,415.2587,157615,157654,39
103,60,int,324,541.95464,306.43952,157688,157867,179
103,60,int,324,519.5104,299.3591,157867,158039,172
103,60,int,324,547.39858,278.46272,158039,158205,166
103,60,int,324,595.66952,274.21764,158205,158375,170
103,60,int,324,570.2666,276.950875,158375,158547,172
103,60,int,324,529.003583333333,289.48455,158547,158746,199
103,60,int,324,541.59115,272.560225,158746,158883,137
103,66,down_bound,368,477.35782,236.78258,158917,159091,174
103,10,struct,61,519.65628,212.08248,159091,159266,175
103,24,new_value,133,555.15916,229.15226,159266,159441,175
103,63,up_bound,342,619.72254,307.90584,159441,159615,174
103,60,int,324,619.38098,302.11654,159615,159787,172
103,66,up_bound,370,599.73746,315.29342,159787,159956,169
103,60,int,324,588.26755,272.37095,159956,160025,69
103,66,down_bound,368,541.74848,327.09134,160058,160224,166
103,63,down_bound,340,544.454275,262.04365,160224,160362,138
103,0,blank,0,0,0,160431,160575,144
103,0,blank,0,0,0,160575,160748,173
103,0,blank,0,0,0,160748,160868,120
103,0,blank,0,0,0,160868,160981,113
103,0,blank,0,0,0,161416,161447,31
104,0,blank,0,0,0,0,0,0
104,0,blank,0,0,0,0,0,0
105,0,blank,0,0,0,0,0,0
105,0,blank,0,0,0,0,0,0
106,0,blank,0,0,0,0,0,0
106,0,blank,0,0,0,0,0,0
107,0,blank,0,0,0,0,0,0
107,0,blank,0,0,0,0,0,0
108,0,blank,0,0,0,0,0,0
108,0,blank,0,0,0,0,0,0
109,0,blank,0,0,0,162310,162485,175
109,0,blank,0,0,0,162485,162618,133
109,0,blank,0,0,0,162618,162867,249
109,0,blank,0,0,0,162867,163007,140
109,0,blank,0,0,0,163007,163192,185
109,0,blank,0,0,0,163192,163367,175
109,0,blank,0,0,0,163367,163500,133
109,0,blank,0,0,0,163500,163643,143
109,0,blank,0,0,0,163643,163821,178
109,0,blank,0,0,0,163821,164229,408
109,0,blank,0,0,0,164229,164324,95
109,0,blank,0,0,0,164324,164455,131
109,0,blank,0,0,0,164455,164587,132
109,0,blank,0,0,0,164587,164750,163
109,0,blank,0,0,0,164750,164932,182
109,0,blank,0,0,0,164932,165030,98
110,0,blank,0,0,0,165254,165502,248
110,0,blank,0,0,0,165502,165642,140
110,0,blank,0,0,0,165642,165790,148
110,0,blank,0,0,0,165790,165895,105
110,0,blank,0,0,0,165895,166244,349
110,0,blank,0,0,0,166244,166526,282
110,0,blank,0,0,0,167748,167942,194
110,0,blank,0,0,0,167942,168039,97
110,0,blank,0,0,0,168039,168353,314
110,0,blank,0,0,0,168353,168477,124
110,0,blank,0,0,0,168477,168816,339
110,0,blank,0,0,0,168816,168998,182
110,0,blank,0,0,0,168998,169155,157
110,0,blank,0,0,0,169155,169745,590
110,0,blank,0,0,0,169745,169943,198
110,0,blank,0,0,0,169943,170135,192
110,0,blank,0,0,0,170135,170314,179
110,0,blank,0,0,0,170314,170452,138
110,0,blank,0,0,0,170452,170637,185
110,0,blank,0,0,0,170637,170769,132
110,0,blank,0,0,0,170769,170963,194
110,0,blank,0,0,0,170963,171091,128
110,0,blank,0,0,0,171091,171167,76
110,0,blank,0,0,0,171167,171323,156
110,0,blank,0,0,0,171323,171512,189
110,0,blank,0,0,0,171512,171601,89
111,0,blank,0,0,0,171734,171907,173
111,0,blank,0,0,0,171907,172096,189
111,0,blank,0,0,0,172096,172203,107
111,0,blank,0,0,0,172203,172368,165
111,0,blank,0,0,0,172368,172565,197
111,0,blank,0,0,0,172565,172758,193
111,0,blank,0,0,0,172758,172938,180
111,0,blank,0,0,0,172938,173081,143
111,0,blank,0,0,0,173081,173215,134
111,0,blank,0,0,0,173215,173401,186
111,0,blank,0,0,0,173401,173579,178
111,0,blank,0,0,0,173579,173767,188
111,0,blank,0,0,0,173767,173847,80
111,0,blank,0,0,0,173847,173985,138
111,0,blank,0,0,0,173985,174144,159
111,0,blank,0,0,0,174144,174278,134
111,0,blank,0,0,0,174278,174373,95
111,0,blank,0,0,0,174373,174529,156
111,0,blank,0,0,0,174529,174710,181
111,0,blank,0,0,0,174710,174895,185
111,0,blank,0,0,0,174895,175048,153
111,0,blank,0,0,0,175048,175129,81
111,0,blank,0,0,0,175129,175259,130
111,0,blank,0,0,0,175259,175385,126
111,0,blank,0,0,0,175385,175555,170
111,0,blank,0,0,0,175555,175746,191
111,0,blank,0,0,0,175746,175906,160
111,0,blank,0,0,0,175906,176049,143
111,0,blank,0,0,0,176049,176218,169
111,0,blank,0,0,0,176218,176415,197
111,0,blank,0,0,0,176415,176563,148
111,0,blank,0,0,0,176563,176723,160
111,0,blank,0,0,0,176723,176915,192
111,0,blank,0,0,0,176915,177073,158
111,0,blank,0,0,0,177073,177194,121
111,0,blank,0,0,0,177194,177356,162
111,0,blank,0,419.178833333333,697.998133333333,177640,177769,129
111,0,blank,0,412.50485,696.916075,177769,177967,198
111,85,;,492,411.535575,698.48435,177967,178137,170
111,0,blank,0,397.7796,719.0358,178137,178306,169
111,0,blank,0,394.70144,718.26918,178306,178485,179
111,0,blank,0,393.8259,722.746166666667,178485,178590,105
111,0,blank,0,0,0,178662,178852,190
111,0,blank,0,0,0,178852,179024,172
111,0,blank,0,394.84035,762.547125,179146,179340,194
111,0,blank,0,397.030425,752.2729,179340,179511,171
111,0,blank,0,397.6534,753.4249,179511,179571,60
111,0,blank,0,693.4659,791.6074,179633,179661,28
111,0,blank,0,0,0,179752,179816,64
111,0,blank,0,834.38425,1.07775,179981,180106,125
111,0,blank,0,410.658,780.05725,180400,180596,196
111,0,blank,0,413.69256,779.0902,180596,180763,167
111,0,blank,0,397.36762,765.00312,180763,180934,171
111,0,blank,0,378.57008,727.49402,180934,181108,174
111,0,blank,0,381.146275,723.75685,181108,181273,165
111,0,blank,0,374.57516,726.04904,181273,181445,172
111,0,blank,0,365.3224,773.68455,181445,181513,68
112,0,blank,0,0,0,181647,181698,51
112,0,blank,0,0,0,181698,181867,169
112,0,blank,0,0,0,181867,182003,136
112,0,blank,0,0,0,182003,182202,199
112,0,blank,0,0,0,182202,182280,78
112,0,blank,0,0,0,182280,182447,167
112,0,blank,0,0,0,182447,182570,123
112,0,blank,0,0,0,182570,182774,204
112,0,blank,0,0,0,182774,182912,138
112,0,blank,0,0,0,182912,183008,96
112,0,blank,0,0,0,183008,183193,185
112,0,blank,0,0,0,183193,183357,164
112,0,blank,0,0,0,183357,183546,189
112,0,blank,0,0,0,183546,183705,159
112,0,blank,0,0,0,183705,183869,164
112,0,blank,0,0,0,183869,184008,139
112,0,blank,0,0,0,184008,184156,148
112,0,blank,0,0,0,184156,184230,74
112,0,blank,0,0,0,184230,184421,191
112,0,blank,0,0,0,184421,184618,197
112,0,blank,0,0,0,184618,184647,29
112,0,blank,0,0,0,185046,185461,415
112,0,blank,0,0,0,185461,185753,292
112,0,blank,0,0,0,185753,185949,196
112,0,blank,0,0,0,185949,186148,199
112,0,blank,0,0,0,186148,186344,196
112,0,blank,0,0,0,186344,186468,124
112,0,blank,0,0,0,186468,186659,191
112,0,blank,0,0,0,186659,186784,125
112,0,blank,0,0,0,186784,186893,109
112,0,blank,0,0,0,186893,187087,194
112,0,blank,0,0,0,187087,187257,170
112,0,blank,0,0,0,187257,187374,117
112,0,blank,0,0,0,187374,187533,159
112,0,blank,0,0,0,187533,187708,175
112,0,blank,0,0,0,187708,187852,144
112,0,blank,0,0,0,187852,188143,291
112,0,blank,0,0,0,188143,188174,31
112,0,blank,0,0,0,188174,188367,193
112,0,blank,0,0,0,189359,189545,186
112,0,blank,0,0,0,189545,189618,73
112,0,blank,0,0,0,190001,190107,106
112,0,blank,0,397.1262,733.8321,190176,190241,65
112,0,blank,0,436.3729,782.9109,190298,190416,118
112,0,blank,0,450.392866666667,794.347833333333,190416,190610,194
112,0,blank,0,408.1349,769.7263,190610,190639,29
112,0,blank,0,438.58765,779.5531,190903,191051,148
112,0,blank,0,422.2863,781.1544,191051,191382,331
112,0,blank,0,423.152175,794.09335,191382,191516,134
112,0,blank,0,389.733175,725.09605,191516,191686,170
112,0,blank,0,402.99376,729.70774,191686,191860,174
112,0,blank,0,494.4698,736.5117,191860,191932,72
112,66,rand_number,366,365.2026,623.6809,192177,192317,140
112,0,blank,0,365.0455,704.8425,192317,192423,106
112,0,blank,0,406.9906,746.9111,192423,192537,114
112,0,blank,0,0,0,193270,194031,761
112,0,blank,0,0,0,194031,194288,257
112,0,blank,0,0,0,194288,194461,173
113,0,blank,0,0,0,194832,194908,76
113,0,blank,0,0,0,194908,195230,322
113,0,blank,0,0,0,195230,195388,158
113,0,blank,0,0,0,195388,195577,189
113,0,blank,0,0,0,195577,195799,222
113,0,blank,0,0,0,195799,195928,129
113,0,blank,0,0,0,195928,196353,425
113,0,blank,0,0,0,196353,196531,178
113,0,blank,0,0,0,196531,196681,150
113,0,blank,0,0,0,196681,197135,454
113,0,blank,0,0,0,197135,197384,249
113,0,blank,0,346.7643,758.2444,197934,198119,185
113,0,blank,0,325.0228,768.6487,198119,198249,130
113,0,blank,0,372.2201,766.1473,198249,198712,463
113,0,blank,0,0,0,199111,199349,238
113,0,blank,0,0,0,199349,199516,167
113,0,blank,0,0,0,199516,199554,38
113,0,blank,0,0,0,199554,200206,652
113,0,blank,0,0,0,200206,200251,45
113,0,blank,0,0,0,200251,200484,233
113,0,blank,0,0,0,200484,200692,208
113,0,blank,0,0,0,200692,200942,250
113,0,blank,0,0,0,200942,201137,195
113,0,blank,0,0,0,201137,201485,348
113,0,blank,0,0,0,201485,201656,171
113,0,blank,0,0,0,201656,201822,166
113,0,blank,0,0,0,201822,201906,84
113,0,blank,0,0,0,201906,202093,187
113,0,blank,0,0,0,202093,202218,125
113,0,blank,0,0,0,202218,202544,326
113,0,blank,0,0,0,202544,204243,1699
113,0,blank,0,0,0,204243,204421,178
113,0,blank,0,0,0,204421,204602,181
113,0,blank,0,0,0,204602,204783,181
113,0,blank,0,0,0,204783,204962,179
113,0,blank,0,0,0,204962,205137,175
113,0,blank,0,0,0,205137,205316,179
113,0,blank,0,0,0,205316,205494,178
113,0,blank,0,0,0,205494,205601,107
113,0,blank,0,0,0,205601,205756,155
113,0,blank,0,0,0,205756,205914,158
113,0,blank,0,0,0,205914,206111,197
113,0,blank,0,0,0,206111,206278,167
113,0,blank,0,0,0,206278,206424,146
113,0,blank,0,0,0,206424,206545,121
113,0,blank,0,0,0,206545,206654,109
113,0,blank,0,0,0,206654,206763,109
113,0,blank,0,0,0,206763,206962,199
113,0,blank,0,0,0,206962,207142,180
113,0,blank,0,0,0,207142,207208,66
113,0,blank,0,0,0,207208,207681,473
113,0,blank,0,0,0,207681,207872,191
113,0,blank,0,0,0,207872,207941,69
113,0,blank,0,0,0,207941,208095,154
113,0,blank,0,0,0,208095,208367,272
113,0,blank,0,0,0,208367,208471,104
113,76,next,418,439.71665,597.3235,208580,208758,178
113,0,blank,0,0,0,209184,209378,194
113,0,blank,0,0,0,209378,209403,25
113,0,blank,0,0,0,209403,209933,530
113,0,blank,0,0,0,209933,210117,184
113,0,blank,0,0,0,210117,210180,63
113,66,rand_number,366,440.8981,322.2896,210302,210402,100
113,66,rand_number,366,395.6551,622.7792,210437,210606,169
113,30,int,164,400.94338,653.6974,210606,210788,182
113,79,pre,445,444.1835,662.82185,210788,210860,72
113,0,blank,0,0,0,211035,211212,177
113,0,blank,0,0,0,211212,211359,147
113,0,blank,0,0,0,211359,211468,109
113,0,blank,0,0,0,211468,211741,273
113,0,blank,0,0,0,211741,211942,201
113,0,blank,0,0,0,211942,212134,192
113,0,blank,0,0,0,212134,212315,181
113,0,blank,0,419.4457,815.5993,212471,212498,27
113,0,blank,0,0,0,212603,212782,179
113,0,blank,0,0,0,212782,212969,187
113,0,blank,0,0,0,212969,213094,125
113,0,blank,0,0,0,213094,213302,208
113,0,blank,0,0,0,213302,213491,189
113,0,blank,0,0,0,213491,213756,265
113,0,blank,0,0,0,213756,213828,72
113,0,blank,0,0,0,213828,214371,543
113,0,blank,0,0,0,214371,214536,165
113,0,blank,0,0,0,214536,214646,110
113,0,blank,0,0,0,214646,214873,227
113,0,blank,0,0,0,214873,214954,81
113,0,blank,0,0,0,214954,215450,496
113,0,blank,0,0,0,215450,215634,184
113,0,blank,0,0,0,215634,215819,185
113,0,blank,0,0,0,215819,216117,298
113,0,blank,0,0,0,216117,216191,74
113,0,blank,0,0,0,216191,216559,368
113,0,blank,0,0,0,216874,217384,510
113,0,blank,0,0,0,217384,217569,185
113,0,blank,0,0,0,217569,217998,429
113,0,blank,0,0,0,217998,218138,140
113,0,blank,0,0,0,218138,219056,918
113,0,blank,0,0,0,219056,219340,284
113,0,blank,0,0,0,219340,219483,143
113,0,blank,0,572.4236,826.0999,219743,219928,185
113,0,blank,0,0,0,220216,220719,503
113,0,blank,0,0,0,220719,221061,342
113,0,blank,0,0,0,221061,221216,155
114,63,down_bound,340,482.18322,386.34646,223418,223594,176
114,0,blank,0,498.8005,356.6168,223594,223629,35
115,0,blank,0,0,0,226804,226940,136
115,0,blank,0,0,0,226940,227128,188
115,0,blank,0,0,0,227128,227267,139
115,0,blank,0,0,0,227267,227342,75
115,66,up_bound,370,637.7058,313.386425,227379,227514,135
115,0,blank,0,599.9719,345.8503,227514,227700,186
115,66,down_bound,368,576.0115,363.1966,227700,227829,129
115,66,up_bound,370,644.930766666667,373.8102,227829,228009,180
115,66,down_bound,368,662.961666666667,387.4957,228009,228117,108
115,70,begin,387,456.71396,405.74822,228153,228334,181
115,63,(,339,461.11344,397.55216,228334,228510,176
115,63,down_bound,340,480.86128,392.56538,228510,228688,178
115,66,rand_number,366,539.08855,380.8585,228688,228828,140
115,63,rand_number,338,436.67772,253.27284,228862,229032,170
115,24,comma,131,443.02614,226.3819,229032,229200,168
115,24,begin,130,391.05952,223.3874,229200,229367,167
115,26,new_value,143,371.3054,227.4751,229367,229434,67
115,84,next,480,1325.398,552.2606,229503,229538,35
115,0,blank,0,0,0,229760,229837,77
116,72,struct,390,654.797625,479.462375,230614,230752,138
116,76,->,417,504.46845,430.8869,230784,230853,69
116,76,->,417,523.59144,416.00058,230887,231056,169
116,76,->,417,498.0904,415.47264,231056,231224,168
116,76,->,417,484.35486,408.1194,231224,231393,169
116,63,down_bound,340,513.97002,400.61974,231393,231562,169
116,63,down_bound,340,523.64955,401.222,231562,231633,71
116,66,rand_number,366,435.15058,363.82186,231667,231845,178
116,66,down_bound,368,490.67272,362.8292,231845,232013,168
116,66,down_bound,368,542.428283333333,372.379033333333,232013,232212,199
116,0,blank,0,541.7493,357.92018,232212,232380,168
116,66,down_bound,368,509.71646,378.92938,232380,232549,169
116,63,rand_number,338,430.31036,403.1382,232549,232723,174
116,63,down_bound,340,507.63535,396.072225,232723,232858,135
116,63,up_bound,342,581.51374,394.20058,232893,233075,182
116,63,up_bound,342,575.63782,385.5119,233075,233252,177
116,60,down_bound,322,539.6253,331.801266666667,233252,233432,180
116,60,down_bound,322,564.587566666667,320.796666666667,233432,233612,180
116,66,rand_number,366,557.1175,381.0441,233612,233645,33
116,0,blank,0,0,0,234055,234166,111
116,0,blank,0,0,0,234166,234317,151
116,0,blank,0,0,0,234317,234461,144
116,0,blank,0,0,0,234461,234675,214
116,0,blank,0,0,0,234675,234868,193
116,0,blank,0,0,0,234868,235056,188
116,0,blank,0,0,0,235056,235231,175
116,0,blank,0,0,0,235231,235424,193
116,0,blank,0,0,0,235424,235573,149
116,0,blank,0,0,0,235573,235761,188
116,0,blank,0,0,0,235761,235954,193
116,0,blank,0,0,0,235954,236144,190
116,0,blank,0,0,0,236144,236341,197
116,0,blank,0,0,0,236341,236479,138
116,0,blank,0,0,0,236479,236659,180
116,0,blank,0,0,0,236659,236801,142
116,0,blank,0,0,0,236801,237000,199
116,0,blank,0,0,0,237000,237193,193
116,63,up_bound,342,580.247083333333,386.115083333333,237419,237616,197
116,66,rand_number,366,606.80796,380.50568,237616,237794,178
116,0,blank,0,592.804033333333,356.082066666667,237794,237963,169
116,66,(,367,631.44684,382.19816,237963,238146,183
116,66,rand_number,366,619.134066666667,383.744333333333,238146,238253,107
116,60,down_bound,322,565.372433333333,333.681033333333,238253,238431,178
116,0,blank,0,553.6763,349.7335,238431,238503,72
116,0,blank,0,476.5552,343.2906,238503,238739,236
116,0,blank,0,479.797,343.3076,238739,238772,33
116,63,down_bound,340,481.8783,397.5583,238772,239060,288
116,76,->,417,504.0661,413.195,239060,239113,53
116,66,down_bound,368,513.7033,365.5474,239113,239308,195
116,66,comma,369,501.90125,380.8142,239308,239463,155
116,76,->,417,525.8878,405.75135,239463,239604,141
116,0,blank,0,0,0,239640,239806,166
116,0,blank,0,0,0,239806,239981,175
116,0,blank,0,0,0,239981,240102,121
116,0,blank,0,0,0,240102,240282,180
116,0,blank,0,0,0,240282,240466,184
116,0,blank,0,0,0,240466,240659,193
116,0,blank,0,0,0,240659,240849,190
116,0,blank,0,0,0,240849,241017,168
116,0,blank,0,0,0,241017,241267,250
116,0,blank,0,0,0,241267,241794,527
116,0,blank,0,0,0,241794,241831,37
116,0,blank,0,0,0,242067,242255,188
116,0,blank,0,0,0,242255,242411,156
116,0,blank,0,0,0,242411,242587,176
116,0,blank,0,0,0,242587,242741,154
116,0,blank,0,0,0,242741,242889,148
116,0,blank,0,0,0,242889,243012,123
116,0,blank,0,0,0,243012,243211,199
116,0,blank,0,0,0,243211,243244,33
116,0,blank,0,0,0,243244,243441,197
116,0,blank,0,0,0,243441,243631,190
116,0,blank,0,0,0,243631,243814,183
116,0,blank,0,0,0,243814,243989,175
116,0,blank,0,0,0,243989,244040,51
116,0,blank,0,0,0,244040,244309,269
116,0,blank,0,0,0,244309,244504,195
116,0,blank,0,0,0,244504,244682,178
116,0,blank,0,0,0,244682,244716,34
116,0,blank,0,0,0,244716,245099,383
116,0,blank,0,0,0,245099,245294,195
116,0,blank,0,0,0,245294,245330,36
116,63,up_bound,342,632.6743,325.2287,245364,245394,30
116,63,up_bound,342,653.921966666667,390.978933333333,245456,245619,163
116,63,up_bound,342,655.802266666667,401.451766666667,245668,245817,149
116,0,blank,0,620.041,421.2847,245817,245871,54
116,66,down_bound,368,650.50275,381.5886,246028,246131,103
116,0,blank,0,0,0,246248,246379,131
116,0,blank,0,0,0,246379,246545,166
116,0,blank,0,0,0,246545,246669,124
116,0,blank,0,0,0,246669,246842,173
116,0,blank,0,0,0,246842,247039,197
116,0,blank,0,0,0,247039,247214,175
116,0,blank,0,0,0,247214,247391,177
116,0,blank,0,0,0,247391,247543,152
116,0,blank,0,0,0,247543,247593,50
116,0,blank,0,0,0,247593,247780,187
116,0,blank,0,0,0,247780,247962,182
116,0,blank,0,0,0,247962,248086,124
116,0,blank,0,0,0,248086,248166,80
116,0,blank,0,0,0,248166,248402,236
116,0,blank,0,0,0,248402,248528,126
116,0,blank,0,0,0,248528,248715,187
116,0,blank,0,0,0,248715,248886,171
116,0,blank,0,0,0,248886,249082,196
116,0,blank,0,0,0,249082,249266,184
116,0,blank,0,0,0,249266,249457,191
116,0,blank,0,0,0,249457,249565,108
116,75,struct,409,627.4829,585.1489,250200,250305,105
116,63,up_bound,342,576.296266666667,399.1226,250343,250476,133
116,66,up_bound,370,617.79945,451.48445,250476,250574,98
116,0,blank,0,0,0,250609,250770,161
116,0,blank,0,0,0,250770,250969,199
116,0,blank,0,0,0,250969,251153,184
116,0,blank,0,0,0,251153,251349,196
116,0,blank,0,0,0,251349,251547,198
116,0,blank,0,0,0,251547,251734,187
116,0,blank,0,0,0,251734,251846,112
116,0,blank,0,0,0,251846,252038,192
116,0,blank,0,0,0,252038,252200,162
116,0,blank,0,0,0,252200,252344,144
116,0,blank,0,0,0,252344,252515,171
116,0,blank,0,0,0,252515,252680,165
116,0,blank,0,0,0,252680,252873,193
116,0,blank,0,0,0,252873,253050,177
116,0,blank,0,0,0,253050,253223,173
116,0,blank,0,0,0,253223,253414,191
116,0,blank,0,0,0,253414,253581,167
116,0,blank,0,0,0,253581,253739,158
116,0,blank,0,0,0,253739,253899,160
116,0,blank,0,0,0,253899,253987,88
116,0,blank,0,0,0,253987,254151,164
116,0,blank,0,0,0,254151,254286,135
116,0,blank,0,0,0,254286,254474,188
116,0,blank,0,0,0,254474,254589,115
116,0,blank,0,0,0,254589,254758,169
116,0,blank,0,0,0,254758,254893,135
116,0,blank,0,0,0,255017,255132,115
116,0,blank,0,0,0,255132,255321,189
116,0,blank,0,0,0,255321,255448,127
116,0,blank,0,0,0,255448,255595,147
116,40,struct,223,429.578775,505.070975,255648,255835,187
116,40,struct,223,649.3159,502.0899,255954,255993,39
116,60,up_bound,325,645.7651,490.4544,256072,256119,47
116,60,int,324,428.1539,486.6919,256160,256362,202
116,60,down_bound,322,522.840433333333,486.714633333333,256362,256560,198
116,70,Item,385,560.2194,482.857,256560,256666,106
116,70,begin,387,593.6745,440.8261,257144,257200,56
116,66,down_bound,368,555.2672,468.0025,257338,257393,55
116,79,pre,445,447.878366666667,498.688233333333,257441,257609,168
116,75,struct,409,482.2435,565.9212,257609,257654,45
116,40,position,221,537.66666,540.09904,258282,258467,185
116,60,int,324,579.249333333333,603.764566666667,258467,258567,100
116,75,struct,409,481.4506,582.0123,258706,258877,171
116,75,struct,409,490.653,566.6228,258877,258943,66
116,0,blank,0,0,0,259085,259200,115
116,0,blank,0,0,0,259200,259305,105
116,75,struct,409,703.1214,561.8718,259351,259445,94
116,75,struct,409,613.617633333333,564.1506,259589,259755,166
116,75,struct,409,610.9647,560.8227,259755,259827,72
116,76,next,418,451.300925,578.1648,259862,260041,179
116,0,blank,0,582.0461,738.0046,260078,260113,35
116,66,rand_number,366,461.79214,625.99714,260149,260329,180
116,66,rand_number,366,471.3635,623.13732,260329,260506,177
116,66,down_bound,368,493.1328,618.6255,260506,260575,69
116,40,struct,223,663.745666666667,541.565633333333,260645,260745,100
116,72,struct,390,897.86958,442.5464,260910,261090,180
116,72,struct,390,923.098325,440.0877,261090,261261,171
116,0,blank,0,963.9186,433.8637,261364,261436,72
116,66,down_bound,368,777.86402,416.0361,261473,261650,177
116,0,blank,0,837.02804,424.00846,261650,261831,181
116,0,blank,0,835.1498,421.7117,261831,261867,36
116,0,blank,0,640.28665,421.2903,261901,262068,167
116,0,blank,0,686.5146,424.03702,262068,262242,174
116,0,blank,0,698.86266,431.14816,262242,262417,175
116,72,struct,390,722.3882,470.54462,262417,262592,175
116,72,struct,390,783.30494,487.15048,262592,262767,175
116,72,struct,390,959.887633333333,497.538933333333,263043,263149,106
116,24,new_value,133,497.92018,510.11376,263218,263393,175
116,24,int,132,456.4012,522.81622,263393,263564,171
116,24,int,132,453.11006,514.58208,263564,263734,170
116,40,Item,224,481.9956,516.861225,263734,263873,139
116,24,new_value,133,500.60962,521.61716,263873,264072,199
116,24,new_value,133,542.5092,521.1084,264072,264197,125
116,0,blank,0,0,0,264231,264393,162
116,0,blank,0,679.516,697.6615,264606,264662,56
116,0,blank,0,684.6902,702.584,264836,264867,31
116,75,struct,409,533.6047,584.1647,265315,265371,56
116,75,struct,409,553.9421,584.2465,265682,265847,165
116,0,blank,0,575.6782,593.8174,265847,265907,60
116,0,blank,0,0,0,265956,266075,119
116,0,blank,0,0,0,267140,267337,197
116,0,blank,0,0,0,267337,267530,193
116,0,blank,0,0,0,267530,267709,179
116,0,blank,0,0,0,267709,267896,187
116,0,blank,0,0,0,267896,268076,180
116,0,blank,0,0,0,268076,268295,219
116,0,blank,0,0,0,268295,268375,80
116,0,blank,0,0,0,268375,268525,150
116,0,blank,0,0,0,268525,268740,215
116,0,blank,0,0,0,268740,268889,149
116,0,blank,0,0,0,268889,269101,212
116,0,blank,0,0,0,269101,269287,186
116,0,blank,0,0,0,269287,269399,112
116,0,blank,0,0,0,269399,270116,717
116,0,blank,0,0,0,270116,270371,255
116,0,blank,0,0,0,270371,270549,178
116,0,blank,0,0,0,270549,270581,32
116,0,blank,0,0,0,270581,270753,172
116,0,blank,0,0,0,270753,270904,151
116,0,blank,0,0,0,270904,271571,667
116,0,blank,0,0,0,271571,272063,492
116,0,blank,0,0,0,272063,272244,181
116,0,blank,0,0,0,272244,272371,127
116,0,blank,0,0,0,272371,272482,111
116,0,blank,0,0,0,272482,272838,356
116,0,blank,0,0,0,272838,273071,233
116,0,blank,0,0,0,273071,273665,594
116,0,blank,0,0,0,273665,274008,343
116,79,&&,440,363.6068,663.4824,274556,274758,202
116,0,blank,0,0,0,275178,275232,54
116,0,blank,0,0,0,275321,275493,172
116,0,blank,0,0,0,275493,275686,193
116,0,blank,0,0,0,275686,275728,42
116,0,blank,0,0,0,275728,275905,177
116,0,blank,0,0,0,275905,275961,56
116,0,blank,0,0,0,275961,276109,148
116,75,struct,409,519.7119,585.6657,276218,276455,237
116,96,),525,474.3672,564.3926,276455,276552,97
116,0,blank,0,0,0,277339,277445,106
116,0,blank,0,0,0,277445,277603,158
116,79,pre,445,440.3599,651.3981,277699,277861,162
116,75,struct,409,497.4962,590.0447,278242,278359,117
116,76,next,418,495.584,595.2477,278359,278489,130
116,0,blank,0,0,0,278779,278862,83
116,60,int,324,609.419333333333,603.7277,279050,279245,195
116,0,blank,0,461.2163,859.2124,279289,279398,109
116,75,struct,409,750.7664,590.1113,279692,280123,431
116,75,struct,409,724.846825,573.04135,280123,280285,162
116,40,*,225,744.486625,545.829625,280285,280462,177
116,40,Item,224,718.859833333333,544.978766666667,280462,280626,164
116,75,struct,409,647.32895,557.31685,280626,280746,120
116,75,struct,409,822.320466666667,579.347866666667,280811,281000,189
116,75,struct,409,806.4645,592.6469,281000,281075,75
116,0,blank,0,854.0155,594.1977,281225,281334,109
116,79,&&,440,558.569866666667,661.774233333333,282235,282333,98
116,76,next,418,428.0815,603.623,282547,282578,31
116,76,next,418,436.5753,606.3875,282578,282800,222
116,70,),388,471.2724,629.338,282800,282844,44
116,66,down_bound,368,487.1824,618.5212,282844,283006,162
116,66,rand_number,366,445.75375,616.75285,283006,283080,74
116,44,begin,240,278.972,604.8267,283244,283344,100
116,66,rand_number,366,356.7102,615.49195,283496,283691,195
116,0,blank,0,0,0,284363,284411,48
116,0,blank,0,0,0,284411,284577,166
116,0,blank,0,0,0,284577,284752,175
116,0,blank,0,0,0,284752,284891,139
116,0,blank,0,0,0,284891,285520,629
116,0,blank,0,0,0,285520,285652,132
116,0,blank,0,469.911133333333,636.7541,285726,285848,122
116,0,blank,0,0,0,285880,286019,139
116,0,blank,0,0,0,286019,286183,164
116,0,blank,0,0,0,286183,286314,131
116,0,blank,0,0,0,286314,286512,198
116,0,blank,0,0,0,286512,286547,35
116,0,blank,0,0,0,286547,286859,312
116,0,blank,0,0,0,286859,287022,163
116,0,blank,0,0,0,287022,287115,93
116,0,blank,0,0,0,287115,287304,189
116,0,blank,0,0,0,287304,287484,180
116,0,blank,0,0,0,287484,287541,57
116,0,blank,0,0,0,287541,287719,178
116,0,blank,0,0,0,287719,287939,220
116,0,blank,0,0,0,287939,288115,176
116,0,blank,0,0,0,288115,288179,64
116,0,blank,0,0,0,288179,288513,334
116,0,blank,0,0,0,288513,288695,182
116,0,blank,0,0,0,288695,289107,412
116,0,blank,0,0,0,289107,289294,187
116,0,blank,0,0,0,289294,289475,181
116,0,blank,0,0,0,289475,289906,431
116,76,next,418,404.5115,597.2803,290081,290144,63
116,0,blank,0,0,0,290190,290501,311
116,0,blank,0,0,0,290501,290561,60
116,0,blank,0,0,0,290709,290769,60
116,66,(,367,625.7745,377.9187,290835,290917,82
116,60,int,324,544.4329,295.012,290991,291029,38
116,0,blank,0,0,0,291121,291276,155
116,0,blank,0,0,0,291276,291389,113
116,0,blank,0,0,0,291389,291529,140
116,0,blank,0,0,0,291529,291698,169
116,24,new_value,133,522.49285,519.6877,291966,292097,131
116,0,blank,0,500.3018,356.2117,292138,292196,58
116,76,->,417,537.8528,412.1118,292232,292267,35
116,0,blank,0,767.485975,367.56535,292335,292496,161
116,66,down_bound,368,840.92495,403.754625,292568,292724,156
116,0,blank,0,0,0,292826,293008,182
116,0,blank,0,0,0,293008,293135,127
116,0,blank,0,0,0,293135,293283,148
116,0,blank,0,0,0,293283,293460,177
116,0,blank,0,0,0,293460,293650,190
116,0,blank,0,0,0,293650,294064,414
116,0,blank,0,451.4759,695.7613,294348,294381,33
116,0,blank,0,0,0,294932,295085,153
116,0,blank,0,0,0,295085,295150,65
116,0,blank,0,0,0,295264,295386,122
116,76,next,418,451.1758,599.6947,296184,296300,116
116,66,down_bound,368,696.5516,230.5242,296918,296986,68
116,0,blank,0,941.2075,430.2226,297208,297359,151
116,66,down_bound,368,1145.555,409.6224,297394,297430,36
116,72,struct,390,935.23728,517.0103,297469,297649,180
116,72,struct,390,882.73308,525.39268,297649,297827,178
116,72,struct,390,903.55002,522.95716,297827,298008,181
116,72,struct,390,897.2648,524.2349,298008,298044,36
116,75,struct,409,492.37555,570.4543,298114,298188,74
116,66,down_bound,368,655.4956,410.0079,298224,298366,142
116,0,blank,0,492.33,687.0145,299081,299213,132
116,0,blank,0,484.2411,688.1805,299213,299349,136
116,0,blank,0,0,0,299469,299644,175
116,0,blank,0,0,0,299644,299732,88
116,0,blank,0,0,0,300448,300570,122
116,0,blank,0,0,0,300570,300781,211
116,0,blank,0,0,0,300781,300982,201
116,0,blank,0,0,0,300982,301091,109
116,24,new_value,133,511.31975,510.4047,301298,301481,183
116,60,down_bound,322,451.724333333333,477.0863,301481,301679,198
116,60,down_bound,322,521.00374,483.28314,301679,301847,168
116,60,down_bound,322,523.3998,494.8993,301847,301916,69
116,79,next,447,562.53315,604.53875,301949,302147,198
116,75,struct,409,578.2549,573.1409,302147,302316,169
116,75,struct,409,582.5036,566.46802,302316,302484,168
116,75,struct,409,587.61385,587.66925,302484,302551,67
116,0,blank,0,502.6395,711.3935,302734,302886,152
116,40,*,225,514.3432,538.2286,303068,303104,36
116,75,struct,409,526.6174,568.7108,303179,303217,38
116,66,start,364,453.3913,378.250966666667,303250,303357,107
116,76,->,417,461.491825,424.526325,303553,303742,189
116,66,(,367,467.16295,371.0643,303742,303816,74
116,58,down,310,314.0887,280.3167,303852,303890,38
116,63,rand_number,338,405.77752,170.71414,303922,304100,178
116,63,rand_number,338,446.938233333333,134.344733333333,304169,304276,107
116,60,count,319,387.41794,326.99132,304310,304491,181
116,84,->,479,386.78256,305.09504,304491,304686,195
116,60,int,324,386.37004,282.4796,304686,304873,187
116,70,*,386,398.16108,341.64002,304873,305055,182
116,33,new_value,182,402.648733333333,380.41,305055,305168,113
116,0,blank,0,0,0,305245,305439,194
116,0,blank,0,0,0,305439,305605,166
116,0,blank,0,0,0,305605,305770,165
116,0,blank,0,0,0,305770,305947,177
117,0,blank,0,0,0,307444,307619,175
117,0,blank,0,0,0,307619,307657,38
117,0,blank,0,0,0,307657,307881,224
117,26,new_value,143,370.20795,197.3211,307969,308166,197
117,66,rand_number,366,370.67152,250.20628,308166,308336,170
117,60,int,324,422.76494,279.7951,308336,308509,173
117,60,int,324,443.45334,291.50336,308509,308680,171
117,60,int,324,468.64346,281.6506,308680,308857,177
117,66,rand_number,366,440.55424,242.26272,308857,309049,192
117,66,rand_number,366,442.073,242.12495,309049,309239,190
117,66,(,367,471.6099,251.4512,309239,309391,152
117,60,down_bound,322,507.0458,233.4167,309391,309472,81
117,10,(,60,411.04282,208.68374,309529,309720,191
117,24,begin,130,407.42544,192.70102,309720,309899,179
117,63,rand_number,338,392.83732,177.7191,309899,310083,184
117,24,Item,128,331.05602,186.0556,310083,310267,184
117,63,rand_number,338,376.833,177.65244,310267,310448,181
117,24,begin,130,388.63112,185.44088,310448,310629,181
117,24,*,129,362.5975,185.54578,310629,310807,178
117,10,sizeof,59,414.5542,202.98062,310807,310984,177
117,24,comma,131,431.55766,192.1894,310984,311158,174
117,63,new_item,336,324.4527,173.98758,311195,311372,177
117,63,rand_number,338,352.29662,170.33328,311372,311547,175
117,0,blank,0,0,0,311583,311726,143
117,24,begin,130,419.43754,199.4599,311753,311942,189
117,63,rand_number,338,453.61598,174.38324,311942,312120,178
117,63,rand_number,338,409.44992,146.02068,312120,312297,177
117,63,rand_number,338,395.79272,147.77052,312297,312469,172
117,79,->,448,474.486225,181.5263,312469,312608,139
117,10,sizeof,59,443.81305,203.73575,312642,312710,68
117,24,),134,581.848066666667,199.984766666667,312778,312882,104
117,79,->,448,477.8472,189.1089,312950,313123,173
117,10,sizeof,59,435.6102,202.50134,313123,313301,178
117,10,sizeof,59,469.4099,203.0514,313334,313514,180
117,60,down_bound,322,469.75074,232.72238,313514,313695,181
117,24,int,132,458.65342,224.36382,313695,313877,182
117,60,down_bound,322,486.0888,236.84546,313877,314060,183
117,60,down_bound,322,495.60626,232.61646,314060,314249,189
117,60,down_bound,322,514.97792,237.53712,314249,314432,183
117,60,down_bound,322,488.10275,233.388625,314432,314573,141
117,24,new_value,133,508.81478,222.51558,314608,314784,176
117,60,down_bound,322,512.44296,232.09092,314784,314962,178
117,60,down_bound,322,514.3619,228.8736,314962,315145,183
117,24,new_value,133,517.6489,225.4563,315145,315181,36
117,0,blank,0,0,0,315217,315277,60
117,0,blank,0,0,0,315355,315393,38
117,0,blank,0,0,0,315393,315824,431
117,0,blank,0,0,0,315824,315938,114
117,60,int,324,506.30682,271.7054,315960,316133,173
117,60,int,324,541.379133333333,286.9918,316133,316299,166
117,0,blank,0,673.503166666667,307.263666666667,316299,316408,109
117,60,int,324,499.36614,266.89546,316474,316647,173
117,60,down_bound,322,490.80276,240.82538,316647,316818,171
117,60,int,324,458.802366666667,288.916466666667,316818,316920,102
117,10,struct,61,499.49394,208.78398,316954,317123,169
117,10,sizeof,59,474.370766666667,217.093966666667,317123,317224,101
117,24,comma,131,446.64354,227.56968,317346,317523,177
117,63,down_bound,340,486.609,261.60682,317523,317697,174
117,60,int,324,491.0362,265.07455,317697,317839,142
117,0,blank,0,0,0,317872,318053,181
117,0,blank,0,0,0,318053,318115,62
117,60,int,324,498.3159,287.5042,318219,318264,45
117,0,blank,0,0,0,318383,318479,96
117,66,up_bound,370,667.1813,248.1476,318559,318653,94
117,60,int,324,619.57325,275.544025,318800,318987,187
117,60,int,324,589.333466666667,306.5491,318987,319097,110
117,26,new_value,143,387.46774,227.2708,319133,319311,178
117,10,malloc,57,373.75666,202.44172,319311,319481,170
117,0,blank,0,0,0,319549,319737,188
117,0,blank,0,0,0,319737,319890,153
117,0,blank,0,0,0,319890,320025,135
117,0,blank,0,0,0,320025,320665,640
117,0,blank,0,0,0,320665,320848,183
117,0,blank,0,0,0,320848,321019,171
117,0,blank,0,0,0,321019,321178,159
117,0,blank,0,0,0,321178,321375,197
117,0,blank,0,0,0,321375,321554,179
117,0,blank,0,0,0,321554,321709,155
117,0,blank,0,0,0,321709,321850,141
117,0,blank,0,0,0,321850,322022,172
117,0,blank,0,0,0,322022,322190,168
117,0,blank,0,527.867125,344.9416,322243,322408,165
117,66,down_bound,368,509.018275,380.967925,322408,322548,140
117,60,int,324,549.454766666667,297.996,322729,322834,105
117,66,down_bound,368,551.006175,252.971525,322901,323037,136
117,10,(,60,412.635275,206.7128,323071,323237,166
117,24,begin,130,411.98386,189.95162,323237,323410,173
117,24,begin,130,411.60204,192.20026,323410,323587,177
117,10,malloc,57,386.74556,203.26898,323587,323765,178
117,10,malloc,57,381.57764,201.6809,323765,323943,178
117,10,malloc,57,382.79196,208.15312,323943,324124,181
117,10,malloc,57,380.04602,205.2435,324124,324305,181
117,10,sizeof,59,418.90692,214.46296,324305,324484,179
117,0,blank,0,0,0,324556,324702,146
117,24,begin,130,383.28966,186.7885,324906,325082,176
117,26,new_value,143,367.38332,194.5119,325082,325265,183
117,63,rand_number,338,371.4234,189.85686,325265,325449,184
117,24,begin,130,413.79965,194.556375,325449,325591,142
117,63,rand_number,338,421.309866666667,177.588933333333,325591,325729,138
117,63,rand_number,338,417.6766,177.362,325729,325871,142
117,0,blank,0,0,0,325908,326021,113
117,24,int,132,446.85034,198.02938,326168,326352,184
117,60,int,324,412.4177,229.8694,326352,326521,169
117,24,begin,130,430.399675,225.1434,326521,326706,185
117,60,struct,313,437.86098,229.1743,326706,326888,182
117,60,down_bound,322,461.40878,228.05204,326888,327068,180
117,24,new_value,133,504.532966666667,196.266133333333,327068,327173,105
117,10,sizeof,59,455.31012,219.22486,327208,327384,176
117,10,sizeof,59,450.21736,217.08418,327384,327560,176
117,79,pre,445,433.551,199.4444,327560,327738,178
117,24,int,132,445.8314,200.5111,327738,327916,178
117,10,sizeof,59,441.8612,211.78418,327916,328097,181
117,79,pre,445,438.60166,199.73082,328097,328278,181
117,24,int,132,459.96844,227.9591,328278,328471,193
117,0,blank,0,0,0,328544,328667,123
117,60,int,324,397.2092,302.840566666667,328910,329080,170
117,30,new_value,165,451.645475,314.3499,329080,329277,197
117,63,rand_number,338,477.357075,311.831825,329277,329422,145
117,63,down_bound,340,506.0622,314.1538,329422,329555,133
117,0,blank,0,500.0434,340.008,329555,329692,137
117,76,->,417,425.7751,412.0129,329818,330016,198
117,33,new_value,182,415.26914,391.6435,330016,330197,181
117,76,->,417,374.64478,419.75236,330197,330374,177
117,76,->,417,422.40978,423.25116,330374,330554,180
117,76,->,417,422.32364,409.31796,330554,330732,178
117,33,new_value,182,412.6923,397.12238,330732,330909,177
117,33,new_value,182,465.00482,382.71586,330909,331081,172
117,0,blank,0,480.4609,348.1704,331081,331116,35
117,0,blank,0,528.2099,356.376225,331149,331286,137
117,0,blank,0,578.245916666667,340.223983333333,331319,331518,199
117,0,blank,0,551.3198,347.52325,331518,331586,68
117,0,blank,0,0,0,331625,331659,34
117,0,blank,0,0,0,331756,331848,92
117,66,down_bound,368,533.72108,371.2256,332051,332225,174
117,0,blank,0,0,0,332260,332426,166
117,0,blank,0,0,0,332426,332463,37
117,66,up_bound,370,596.8445,366.571,332500,332518,18
117,0,blank,0,426.66344,345.70766,332559,332745,186
117,33,new_value,182,396.14642,348.85082,332745,332931,186
117,33,new_value,182,382.5485,348.87326,332931,333122,191
117,33,),183,464.99032,347.59016,333122,333304,182
117,0,blank,0,498.8539,340.05994,333304,333496,192
117,60,down_bound,322,503.937066666667,335.217833333333,333496,333608,112
117,60,down_bound,322,556.44018,332.6373,333646,333833,187
117,30,new_value,165,466.18752,321.35738,333833,334018,185
117,60,int,324,464.96362,280.63562,334018,334206,188
117,60,int,324,522.67182,298.76066,334206,334393,187
117,60,int,324,470.46262,298.63586,334393,334588,195
117,60,int,324,449.8872,287.53848,334588,334772,184
117,60,int,324,493.002766666667,292.139366666667,334772,334886,114
117,0,blank,0,0,0,334961,335079,118
117,60,int,324,506.54446,300.35062,335290,335471,181
117,60,int,324,479.4267,305.79368,335471,335660,189
117,70,begin,387,424.4356,343.58956,335660,335848,188
117,0,blank,0,411.72546,342.98402,335848,336035,187
117,70,Item,385,392.59496,344.65414,336035,336215,180
117,33,new_value,182,385.00626,350.95598,336215,336398,183
117,33,new_value,182,451.54196,349.33056,336398,336583,185
117,0,blank,0,501.67046,354.30418,336583,336775,192
117,0,blank,0,484.9124,352.0603,336775,336928,153
117,0,blank,0,569.45322,355.61512,336967,337160,193
117,63,up_bound,342,690.45242,344.84788,337198,337383,185
117,63,up_bound,342,684.021933333333,346.593933333333,337383,337502,119
117,0,blank,0,788.1571,356.50526,337538,337721,183
117,0,blank,0,759.21204,365.77972,337721,337904,183
117,0,blank,0,747.9893,365.0692,337904,337940,36
117,0,blank,0,905.49775,361.1429,337977,338132,155
117,0,blank,0,832.17932,356.14014,338169,338368,199
117,0,blank,0,870.7215,358.84944,338368,338550,182
117,0,blank,0,810.19116,356.86322,338550,338735,185
117,63,up_bound,342,813.280366666667,349.160833333333,338735,338845,110
117,66,start,364,473.63358,391.7569,338918,339110,192
117,33,new_value,182,397.77236,392.8247,339110,339297,187
117,33,new_value,182,412.2641,393.52942,339297,339477,180
117,33,new_value,182,436.91034,397.0497,339477,339650,173
117,66,rand_number,366,516.299733333333,385.07065,339650,339848,198
117,66,rand_number,366,524.739583333333,389.906183333333,339848,340045,197
117,33,new_value,182,471.03428,395.49738,340045,340223,178
117,76,->,417,428.28692,406.5524,340223,340391,168
117,33,new_value,182,422.84116,389.21684,340391,340564,173
117,66,rand_number,366,519.44758,376.6263,340564,340732,168
117,66,down_bound,368,540.550075,366.27095,340732,340866,134
117,0,blank,0,0,0,340900,341089,189
117,0,blank,0,0,0,341089,341210,121
117,0,blank,0,0,0,341210,341352,142
117,76,->,417,410.4958,405.98645,341402,341464,62
117,0,blank,0,0,0,341501,341642,141
117,76,->,417,491.334025,414.42015,341808,341933,125
117,76,->,417,528.3594,434.900133333333,341933,342126,193
117,70,struct,384,526.9628,444.785,342126,342321,195
117,70,(,383,465.869375,450.162425,342367,342553,186
117,70,insertion_sort,382,454.393425,452.099375,342553,342739,186
117,70,insertion_sort,382,453.1019,441.8793,342739,342838,99
117,60,down_bound,322,498.75986,476.87198,342889,343082,193
117,0,blank,0,532.8449,500.03922,343082,343267,185
117,24,new_value,133,574.90444,517.26746,343267,343443,176
117,0,blank,0,0,0,343531,343675,144
117,0,blank,0,0,0,343675,343796,121
117,0,blank,0,314.623,850.532,343846,343878,32
117,85,comma,489,337.3561,700.4038,343912,343979,67
117,24,new_value,133,504.11425,527.096883333333,344040,344230,190
117,60,down_bound,322,505.12618,495.01796,344230,344406,176
117,40,*,225,521.35504,505.5241,344406,344581,175
117,24,new_value,133,520.4368,524.13794,344581,344755,174
117,24,new_value,133,508.40108,511.15066,344755,344930,175
117,70,struct,384,519.2746,456.52618,344930,345113,183
117,76,->,417,541.6717,421.8141,345113,345202,89
117,0,blank,0,0,0,345304,345470,166
117,0,blank,0,0,0,345470,345590,120
117,0,blank,0,0,0,345590,345692,102
117,0,blank,0,0,0,345692,345824,132
117,0,blank,0,0,0,345824,345944,120
117,0,blank,0,0,0,345944,346241,297
117,0,blank,0,0,0,346241,346533,292
117,0,blank,0,0,0,346533,346713,180
117,0,blank,0,0,0,346713,346905,192
117,0,blank,0,0,0,346905,347074,169
117,0,blank,0,0,0,347074,347204,130
117,0,blank,0,0,0,347204,347365,161
117,0,blank,0,0,0,347365,347479,114
117,76,->,417,461.56026,405.65744,348105,348276,171
117,79,pre,445,483.82665,498.0988,348314,348478,164
117,76,->,417,511.94845,405.727,348478,348554,76
117,0,blank,0,0,0,348628,348814,186
117,0,blank,0,0,0,348814,348991,177
117,0,blank,0,0,0,348991,349182,191
117,0,blank,0,0,0,349182,349358,176
117,0,blank,0,0,0,349358,349555,197
117,0,blank,0,0,0,349555,349580,25
117,0,blank,0,0,0,349580,349798,218
117,0,blank,0,0,0,349798,349826,28
117,0,blank,0,0,0,349826,350136,310
117,0,blank,0,0,0,350136,350246,110
117,0,blank,0,0,0,350246,350439,193
117,0,blank,0,0,0,350439,350594,155
117,66,down_bound,368,639.665775,388.886225,350944,351097,153
117,0,blank,0,0,0,351132,351245,113
117,0,blank,0,0,0,351663,351715,52
117,0,blank,0,0,0,351715,351942,227
117,63,down_bound,340,465.6222,175.708,352086,352115,29
117,10,sizeof,59,433.702,206.9484,352115,352325,210
117,60,int,324,403.6929,231.1731,352453,352622,169
117,10,sizeof,59,427.357333333333,202.123633333333,352622,352785,163
117,10,(,60,407.675033333333,219.840466666667,352785,352942,157
117,60,int,324,404.11575,231.0827,352942,353051,109
117,0,blank,0,548.196466666667,497.566166666667,353164,353323,159
117,60,int,324,583.751425,488.9819,353323,353491,168
117,0,blank,0,0,0,353563,353654,91
117,0,blank,0,0,0,353867,354046,179
117,0,blank,0,0,0,354046,354193,147
117,76,->,417,528.578,432.3242,354253,354269,16
117,10,sizeof,59,418.40988,205.90012,354319,354505,186
117,10,sizeof,59,435.2396,209.01664,354505,354680,175
117,10,malloc,57,399.75304,219.1253,354680,354853,173
117,24,new_value,133,540.244,510.8454,354887,354923,36
117,70,Item,385,539.569,442.0548,354983,355043,60
117,0,blank,0,594.44995,497.98595,355127,355243,116
117,0,blank,0,620.1716,438.8055,355243,355345,102
117,60,up_bound,325,607.52175,477.80095,355345,355521,176
117,60,int,324,463.165433333333,269.8593,355728,355879,151
117,10,sizeof,59,425.636,220.614633333333,355879,356047,168
117,10,sizeof,59,439.84694,205.231,356047,356231,184
117,10,sizeof,59,425.53934,219.45428,356231,356411,180
117,24,begin,130,400.002,222.7574,356411,356447,36
117,70,Item,385,566.5765,452.95304,356489,356681,192
117,76,->,417,561.368225,416.115675,356681,356828,147
117,60,int,324,402.101825,269.5856,356871,357054,183
117,66,rand_number,366,442.59346,244.13676,357054,357226,172
117,60,down_bound,322,450.51892,242.61518,357226,357406,180
117,60,down_bound,322,467.97204,248.55422,357406,357586,180
117,66,down_bound,368,494.972566666667,256.339066666667,357586,357697,111
117,0,blank,0,0,0,357768,357880,112
117,60,int,324,403.94702,495.73314,358059,358241,182
117,70,insertion_sort,382,462.58762,452.0955,358241,358428,187
117,60,down_bound,322,523.0324,476.5883,358428,358615,187
117,70,Item,385,556.68834,457.54668,358615,358787,172
117,60,comma,323,546.676533333333,475.494733333333,358787,358891,104
117,72,struct,390,722.0857,463.5851,358924,359098,174
117,72,struct,390,743.32746,480.12414,359098,359289,191
117,0,blank,0,0,0,359322,359502,180
117,66,rand_number,366,463.2401,470.74265,359639,359701,62
117,0,blank,0,0,0,359737,359880,143
117,63,down_bound,340,512.85,471.7793,359975,360077,102
117,60,down_bound,322,508.15988,480.6799,360161,360330,169
117,79,pre,445,496.73014,496.83654,360330,360506,176
117,60,down_bound,322,482.20472,491.41478,360506,360679,173
117,24,int,132,472.516,511.20492,360679,360854,175
117,75,struct,409,462.90136,530.08942,360854,361032,178
117,40,*,225,518.7378,540.35376,361032,361214,182
117,40,position,221,556.04748,550.50816,361214,361394,180
117,40,position,221,549.8177,545.04665,361394,361504,110
117,96,15,522,439.34722,570.40448,361558,361744,186
117,96,30,520,407.9714,575.94914,361744,361943,199
117,26,new_value,143,386.13932,570.17966,361943,362120,177
117,60,count,319,369.6693,494.8326,362120,362297,177
117,40,begin,216,376.91234,500.42204,362297,362474,177
117,40,struct,223,403.837083333333,507.426966666667,362474,362672,198
117,24,comma,131,429.5772,525.4733,362672,362847,175
117,79,pre,445,431.69044,497.96042,362847,363033,186
117,24,begin,130,415.8654,510.3483,363033,363215,182
117,70,begin,387,443.4818,461.30012,363215,363398,183
117,0,blank,0,0,0,363470,363648,178
117,79,pre,445,449.394366666667,498.3367,363769,363904,135
117,60,down_bound,322,458.4487,484.6512,363981,364015,34
117,0,blank,0,0,0,364090,364205,115
117,79,pre,445,433.6428,522.3686,364412,364587,175
117,24,begin,130,421.5488,525.49196,364587,364775,188
117,24,begin,130,419.67988,520.72574,364775,364962,187
117,24,int,132,446.80158,526.00614,364962,365144,182
117,24,int,132,465.35506,524.57402,365144,365329,185
117,40,Item,224,478.11904,511.792,365329,365512,183
117,40,Item,224,477.5724,533.80362,365512,365692,180
117,24,int,132,463.73028,528.17648,365692,365879,187
117,24,int,132,472.250225,521.543925,365879,366039,160
117,40,struct,223,432.15235,544.756575,366039,366209,170
117,96,30,520,411.55322,567.14746,366209,366395,186
117,96,30,520,405.04914,566.82256,366395,366579,184
117,76,next,418,451.45405,577.9673,366579,366764,185
117,96,),525,481.819025,563.04365,366764,366940,176
117,75,struct,409,490.314825,555.16175,366940,367077,137
117,40,Item,224,484.9509,540.8064,367077,367247,170
117,75,struct,409,453.73658,554.6022,367247,367422,175
117,75,struct,409,541.91728,531.1761,367422,367615,193
117,40,position,221,541.94745,538.9284,367615,367777,162
117,40,struct,223,433.538,540.241525,367819,367980,161
117,40,struct,223,463.5844,539.084775,367980,368145,165
117,40,Item,224,483.62975,545.21255,368145,368311,166
117,40,Item,224,504.0036,550.9176,368311,368481,170
117,40,Item,224,501.686,549.5195,368481,368525,44
117,0,blank,0,1302.22575,321.69975,368614,368800,186
117,0,blank,0,1313.8285,296.4878,368800,368966,166
117,0,blank,0,1310.7644,285.77918,368966,369147,181
117,0,blank,0,1313.0675,281.5473,369147,369289,142
117,0,blank,0,474.65656,628.96612,369359,369540,181
117,66,rand_number,366,411.47114,624.38106,369540,369718,178
117,66,rand_number,366,429.837125,627.158225,369718,369882,164
117,66,(,367,475.386825,618.127975,369882,370044,162
117,66,down_bound,368,537.0978,626.0751,370044,370204,160
117,96,comma,523,447.328833333333,558.055333333333,371140,371302,162
117,24,int,132,462.4793,526.0523,371302,371500,198
117,60,down_bound,322,469.98645,494.51395,371500,371577,77
117,0,blank,0,585.22554,438.69222,371618,371809,191
117,76,->,417,565.6899,416.7776,371809,371852,43
117,60,down_bound,322,545.18416,229.00798,371887,372073,186
117,60,down_bound,322,530.5007,236.477,372073,372249,176
117,66,down_bound,368,560.0914,244.7097,372249,372283,34
118,76,->,417,454.0529,428.96268,374733,374921,188
118,76,->,417,408.287925,439.038275,374921,375067,146
118,0,blank,0,622.14964,428.3735,375102,375279,177
118,0,blank,0,604.055966666667,432.5045,375279,375388,109
118,75,struct,409,468.588325,541.9538,375425,375583,158
118,0,blank,0,1272.0335,389.82575,375661,375750,89
118,0,blank,0,1331.1105,336.0458,375867,376015,148
118,0,blank,0,1320.2318,312.00652,376082,376253,171
118,0,blank,0,1270.3696,341.94702,376321,376494,173
118,0,blank,0,1300.1222,343.4264,376494,376665,171
118,0,blank,0,1289.8168,340.99482,376665,376835,170
118,0,blank,0,590.9631,735.1403,376904,376939,35
118,0,blank,0,715.06115,829.9349,377013,377186,173
118,79,&&,440,554.12195,655.2775,377531,377634,103
118,76,next,418,537.649125,593.629375,377739,377907,168
118,75,struct,409,506.5866,529.0136,377907,377974,67
118,76,next,418,445.0354,586.405433333333,378109,378250,141
118,0,blank,0,440.547525,482.04165,378250,378435,185
118,63,rand_number,338,417.3029,474.4954,378435,378477,42
118,60,int,324,419.9478,272.588533333333,378519,378713,194
118,66,rand_number,366,454.900675,253.674525,378713,378863,150
119,63,down_bound,340,553.80722,176.73848,380856,381040,184
119,63,down_bound,340,519.741875,176.32965,381040,381196,156
119,79,next,447,507.958525,187.164375,381196,381353,157
119,63,down_bound,340,538.935525,189.873825,381353,381511,158
119,0,blank,0,0,0,381589,381773,184
119,0,blank,0,0,0,381773,381913,140
119,0,blank,0,590.0629,696.9795,382139,382276,137
119,79,value,449,657.827333333333,654.503066666667,382276,382443,167
119,0,blank,0,0,0,382492,382677,185
119,0,blank,0,0,0,382677,382862,185
119,0,blank,0,0,0,382862,383012,150
119,0,blank,0,0,0,383313,383435,122
119,0,blank,0,0,0,383435,383670,235
119,0,blank,0,0,0,383670,383825,155
119,0,blank,0,0,0,383825,384021,196
119,0,blank,0,0,0,384021,384191,170
119,0,blank,0,0,0,384191,384379,188
119,0,blank,0,0,0,384379,384556,177
119,0,blank,0,0,0,384556,384711,155
119,0,blank,0,0,0,384711,384875,164
119,0,blank,0,0,0,384875,385042,167
119,0,blank,0,0,0,385042,385204,162
119,0,blank,0,0,0,385204,385470,266
119,0,blank,0,0,0,385470,385601,131
119,0,blank,0,0,0,385601,385763,162
119,0,blank,0,0,0,385763,385902,139
119,0,blank,0,0,0,385902,386078,176
119,0,blank,0,0,0,386078,386243,165
119,0,blank,0,0,0,386243,386388,145
119,0,blank,0,0,0,386388,386487,99
119,0,blank,0,0,0,386487,386625,138
119,0,blank,0,0,0,386625,386697,72
119,0,blank,0,0,0,386697,386913,216
119,0,blank,0,0,0,386913,387132,219
119,0,blank,0,0,0,387132,387224,92
119,0,blank,0,0,0,387224,387501,277
119,0,blank,0,0,0,387501,387572,71
119,0,blank,0,0,0,387572,387792,220
119,0,blank,0,0,0,387792,387833,41
119,0,blank,0,0,0,388369,388530,161
119,0,blank,0,0,0,388530,388669,139
119,0,blank,0,0,0,388669,388761,92
119,0,blank,0,0,0,388761,389068,307
119,0,blank,0,0,0,389068,389311,243
119,0,blank,0,0,0,389311,389680,369
119,0,blank,0,0,0,389680,389949,269
119,0,blank,0,0,0,389949,390352,403
119,0,blank,0,0,0,390352,390490,138
119,0,blank,0,0,0,390490,390789,299
119,0,blank,0,0,0,390789,391191,402
119,0,blank,0,0,0,391191,391353,162
119,0,blank,0,0,0,391353,391718,365
119,0,blank,0,0,0,391718,392047,329
119,0,blank,0,0,0,392047,392220,173
119,0,blank,0,0,0,392220,392418,198
119,0,blank,0,0,0,392418,392581,163
119,0,blank,0,0,0,392581,392713,132
119,0,blank,0,0,0,392713,392791,78
119,0,blank,0,0,0,392791,392943,152
119,0,blank,0,0,0,392943,393062,119
119,0,blank,0,0,0,393062,393204,142
119,0,blank,0,0,0,393204,393444,240
119,0,blank,0,0,0,393444,393631,187
119,0,blank,0,0,0,393631,393820,189
119,0,blank,0,0,0,393820,393960,140
119,0,blank,0,0,0,393960,394131,171
119,0,blank,0,0,0,394131,394529,398
119,0,blank,0,507.7768,706.2249,395324,395356,32
119,0,blank,0,495.1107,698.3342,395356,395552,196
119,0,blank,0,0,0,395581,395739,158
119,0,blank,0,0,0,395739,395938,199
119,0,blank,0,0,0,395938,396014,76
119,0,blank,0,0,0,396014,396141,127
119,0,blank,0,0,0,396141,396317,176
119,0,blank,0,0,0,396317,396430,113
119,0,blank,0,0,0,396430,396558,128
119,0,blank,0,0,0,396558,396744,186
119,0,blank,0,0,0,396744,397083,339
119,0,blank,0,184.488,823.968,397253,397388,135
119,0,blank,0,0,0,397594,397968,374
119,0,blank,0,0,0,397968,398136,168
119,0,blank,0,0,0,398136,398960,824
119,0,blank,0,0,0,398960,399068,108
119,79,pre,445,441.1219,661.57,399127,399236,109
119,0,blank,0,428.9431,700.3113,399236,399567,331
119,0,blank,0,572.181933333333,679.667666666667,399706,399886,180
119,79,value,449,639.6723,665.68355,399886,399993,107
119,0,blank,0,778.194333333333,727.008,400309,400473,164
119,0,blank,0,733.3393,683.73665,400619,400741,122
119,0,blank,0,778.9066,673.8813,400741,400826,85
119,0,blank,0,788.9639,685.5503,401062,401123,61
119,0,blank,0,0,0,401243,401368,125
119,0,blank,0,773.050775,673.988175,402308,402488,180
119,0,blank,0,754.2746,628.769,402488,402564,76
119,0,blank,0,742.9656,676.8409,403058,403206,148
119,0,blank,0,719.8477,675.3248,403206,403364,158
119,66,down_bound,368,656.8662,404.89415,403639,403744,105
119,0,blank,0,670.6155,353.3223,403854,403916,62
119,0,blank,0,1002.83,1.0416,404346,404389,43
119,79,->,448,753.1012,663.0049,404504,404792,288
120,63,rand_number,338,436.9924,677.3094,429257,429373,116
120,79,pre,445,425.16785,666.3764,429373,429546,173
121,0,blank,0,0,0,0,0,0
121,0,blank,0,0,0,0,0,0
122,66,down_bound,368,547.3769,470.1305,430465,430603,138
122,63,),344,667.0039,672.1669,430637,430673,36
122,66,down_bound,368,540.3551,468.3654,430712,430748,36
122,63,up_bound,342,616.4491,554.4528,430820,431000,180
122,66,down_bound,368,563.7422,612.5301,431000,431028,28
122,60,down_bound,322,481.638366666667,483.510533333333,431065,431162,97
122,76,->,417,506.60485,432.78365,431196,431265,69
122,0,blank,0,0,0,431330,431448,118
123,79,->,448,626.07465,527.18545,432494,432609,115
123,0,blank,0,0,0,432919,433021,102
123,0,blank,0,0,0,433266,433384,118
123,66,down_bound,368,514.6461,441.0482,433495,433561,66
123,66,up_bound,370,642.730866666667,462.746433333333,433722,433869,147
123,40,new_Item,226,813.523,517.946,434485,434523,38
123,0,blank,0,963.0476,533.5538,434806,434907,101
123,79,next,447,794.4603,618.9143,435115,435252,137
123,0,blank,0,685.8901,436.9709,435283,435316,33
123,60,up_bound,325,661.4016,414.8845,435430,435461,31
123,0,blank,0,829.9972,429.9728,435604,435635,31
123,0,blank,0,0,0,435675,435818,143
123,0,blank,0,989.1403,442.76905,436401,436530,129
123,0,blank,0,872.039266666667,411.7934,436594,436759,165
123,40,new_Item,226,820.8959,403.2345,436864,436922,58
123,72,struct,390,829.3608,467.282,437085,437195,110
123,72,struct,390,756.5356,467.678,437247,437305,58
123,60,up_bound,325,677.55235,482.875275,437351,437546,195
123,40,position,221,583.6693,506.36692,437583,437771,188
123,0,blank,0,650.13128,497.09464,437771,437959,188
123,60,),326,688.20062,487.4265,437959,438146,187
123,40,new_Item,226,814.66562,503.23192,438183,438368,185
123,60,int,324,588.58285,484.85745,438405,438553,148
123,0,blank,0,0,0,438589,438762,173
123,66,up_bound,370,617.6013,465.1068,438828,438903,75
123,0,blank,0,0,0,438948,439130,182
123,0,blank,0,0,0,439130,439176,46
123,63,down_bound,340,502.17625,384.3103,439645,439842,197
123,0,blank,0,562.423166666667,351.2486,439842,440006,164
123,60,comma,323,583.8044,335.1044,440161,440214,53
123,66,down_bound,368,568.269133333333,360.026133333333,440369,440519,150
123,0,blank,0,544.96465,355.39265,440519,440714,195
123,0,blank,0,534.63636,351.8211,440714,440891,177
123,0,blank,0,524.691325,341.84945,440891,441064,173
123,60,down_bound,322,517.92626,332.83274,441064,441246,182
123,0,blank,0,518.88644,339.67052,441246,441432,186
123,63,(,339,464.7442,298.26396,441432,441609,177
123,63,rand_number,338,457.0621,302.00466,441609,441783,174
123,63,down_bound,340,484.753425,295.240525,441783,441923,140
123,60,comma,323,574.1141,329.74552,441960,442133,173
123,70,struct,384,498.34588,271.68438,442168,442341,173
123,63,down_bound,340,495.03848,308.28182,442341,442514,173
123,63,rand_number,338,454.10668,299.15232,442514,442690,176
123,63,rand_number,338,423.22464,295.87598,442690,442867,177
123,63,down_bound,340,498.6454,308.7865,442867,443007,140
123,0,blank,0,649.021383333333,341.341066666667,443044,443242,198
123,60,struct,313,442.95436,227.13298,443277,443451,174
123,24,begin,130,423.782566666667,225.5132,443451,443561,110
123,76,->,417,486.412325,431.428675,443631,443799,168
123,76,->,417,536.74222,438.41304,443799,443975,176
123,66,up_bound,370,600.7362,458.1479,443975,444142,167
123,66,down_bound,368,550.7258,447.095275,444142,444311,169
123,76,->,417,529.809825,439.307925,444311,444476,165
123,0,blank,0,678.2315,426.1831,444511,444545,34
123,84,->,479,679.2577,562.5252,444580,444717,137
123,0,blank,0,781.2018,639.23845,444786,444855,69
123,40,new_Item,226,781.5884,580.643,444889,444921,32
123,0,blank,0,785.137733333333,423.729333333333,445022,445124,102
123,0,blank,0,760.331766666667,397.631866666667,445260,445416,156
123,60,),326,688.1227,414.851033333333,445416,445573,157
123,0,blank,0,0,0,445779,445976,197
123,40,Item,224,513.6437,511.2218,446513,446653,140
123,66,down_bound,368,509.610383333333,469.076066666667,446796,446995,199
123,66,down_bound,368,507.61942,463.84658,446995,447172,177
123,60,down_bound,322,530.5779,481.4058,447172,447311,139
123,63,down_bound,340,553.320966666667,481.298866666667,447311,447510,199
123,0,blank,0,553.087325,495.546125,447510,447685,175
123,0,blank,0,602.67622,438.45942,447721,447895,174
123,0,blank,0,528.78215,503.66605,447895,447963,68
123,40,position,221,560.80528,513.3629,448103,448280,177
123,63,down_bound,340,561.8318,474.232,448280,448313,33
123,79,&&,440,543.2597,527.9716,448354,448388,34
123,40,struct,223,642.99626,501.9542,448423,448600,177
123,40,struct,223,646.0739,505.578733333333,448600,448704,104
123,60,up_bound,325,647.82035,488.936175,448704,448903,199
123,40,struct,223,646.85822,501.7554,448903,449077,174
123,60,down_bound,322,499.94185,320.6559,449147,449266,119
123,66,up_bound,370,647.86765,469.68,449332,449464,132
123,60,up_bound,325,636.78715,495.868375,449464,449630,166
123,40,struct,223,635.91914,506.75318,449630,449802,172
123,60,int,324,577.287233333333,488.822166666667,449802,449985,183
123,63,comma,341,578.767,472.22756,449985,450172,187
123,60,up_bound,325,647.871,492.5184,450172,450212,40
123,0,blank,0,500.905866666667,287.370733333333,450250,450387,137
123,30,new_value,165,490.403666666667,291.9661,450387,450573,186
123,60,down_bound,322,451.6457,239.46765,450573,450731,158
123,10,sizeof,59,440.031533333333,216.1632,450731,450883,152
123,0,blank,0,0,0,450952,451114,162
123,83,next,470,552.975166666667,562.016466666667,451194,451365,171
123,60,up_bound,325,621.1907,485.5575,451365,451400,35
123,63,),344,665.05992,473.64194,451470,451649,179
123,60,up_bound,325,649.0112,493.2754,451649,451786,137
123,66,up_bound,370,646.2458,465.729,451786,451856,70
123,60,up_bound,325,645.771775,489.328875,452255,452431,176
123,60,up_bound,325,625.381533333333,489.074633333333,452431,452537,106
123,40,new_Item,226,817.666733333333,511.729433333333,452573,452747,174
123,79,next,447,791.4199,521.25965,452747,452814,67
123,79,pre,445,723.2642,656.7078,452848,452882,34
123,72,struct,390,792.7157,490.4658,452919,453102,183
123,40,new_Item,226,838.89174,512.3898,453102,453293,191
123,72,struct,390,867.55675,501.0022,453293,453449,156
123,0,blank,0,701.5577,592.01335,453598,453722,124
123,0,blank,0,760.1805,673.7855,453722,453903,181
123,0,blank,0,0,0,454074,454177,103
123,0,blank,0,0,0,454337,454523,186
123,0,blank,0,0,0,454523,454634,111
123,0,blank,0,0,0,454634,454810,176
123,79,value,449,680.3449,535.0807,454894,454937,43
123,79,<,444,707.2897,540.7495,455212,455290,78
123,0,blank,0,718.77225,592.9642,455396,455568,172
123,0,blank,0,0,0,456016,456043,27
123,66,down_bound,368,558.87755,365.981175,456178,456306,128
123,0,blank,0,555.060175,287.691625,456339,456508,169
123,60,down_bound,322,526.508433333333,228.353483333333,456508,456705,197
123,79,next,447,502.20322,192.8763,456705,456868,163
123,63,down_bound,340,485.22038,473.9553,456935,457106,171
123,79,pre,445,497.54608,495.9227,457106,457282,176
123,79,&&,440,564.1379,525.33364,457282,457470,188
123,40,position,221,581.87975,509.97775,457470,457615,145
123,63,up_bound,342,613.6336,671.1133,457648,457684,36
123,0,blank,0,587.80764,498.90166,457717,457900,183
123,66,down_bound,368,554.48122,466.18492,457900,458075,175
123,60,int,324,572.3748,480.8373,458075,458147,72
123,72,struct,390,1109.926,495.073,458406,458441,35
123,0,blank,0,1235.19325,541.848025,458474,458629,155
123,60,int,324,416.66055,235.861125,458878,459066,188
123,70,insertion_sort,382,443.60402,274.02384,459066,459241,175
123,30,new_value,165,449.69348,285.20382,459241,459414,173
123,60,down_bound,322,459.6998,234.47634,459414,459585,171
123,70,insertion_sort,382,466.7552,267.92335,459585,459653,68
123,60,down_bound,322,496.57714,330.07738,459690,459874,184
123,60,int,324,602.7764,335.9134,459874,459910,36
123,79,value,449,676.9932,522.8692,459979,460046,67
123,66,up_bound,370,640.33355,459.64635,460110,460172,62
123,66,up_bound,370,668.7438,458.0704,460239,460306,67
123,84,pre,476,652.8188,566.84765,460369,460433,64
124,63,down_bound,340,496.002933333333,394.524133333333,466702,466867,165
124,76,->,417,521.169025,405.42875,466867,467066,199
124,60,down_bound,322,514.24026,338.9547,467066,467253,187
124,33,new_value,182,453.118825,355.1137,467253,467401,148
124,0,blank,0,0,0,467439,467554,115
124,70,),388,465.5258,337.3123,467595,467648,53
124,0,blank,0,0,0,467727,467891,164
124,0,blank,0,0,0,467891,468071,180
124,0,blank,0,0,0,468071,468260,189
124,0,blank,0,0,0,468260,468445,185
124,0,blank,0,0,0,468445,468635,190
124,0,blank,0,0,0,468635,468789,154
124,0,blank,0,0,0,468789,469006,217
124,0,blank,0,0,0,469006,469061,55
124,63,down_bound,340,554.925733333333,398.679633333333,469358,469523,165
124,76,->,417,461.4593,409.311,469523,469697,174
124,66,down_bound,368,554.7064,449.526275,469809,469996,187
124,66,down_bound,368,582.839375,457.3248,469996,470181,185
124,40,struct,223,635.973675,506.968475,470181,470374,193
124,84,->,479,674.6457,559.818133333333,470374,470474,100
124,0,blank,0,538.1404,691.9318,470572,470714,142
124,84,pre,476,648.726175,555.505325,470843,470980,137
124,0,blank,0,839.20085,667.40565,471047,471143,96
124,79,p,441,598.8158,542.38295,471339,471464,125
124,83,->,469,514.4472,552.3754,471551,471605,54
124,0,blank,0,0,0,471661,471837,176
124,0,blank,0,0,0,471837,472009,172
124,0,blank,0,0,0,472009,472207,198
124,0,blank,0,0,0,472207,472267,60
124,60,int,324,589.5291,313.5402,472391,472541,150
124,76,->,417,533.566466666667,430.8657,472670,472869,199
124,0,blank,0,1257.929,402.0633,473085,473163,78
124,0,blank,0,1295.275,369.0543,473485,473526,41
124,40,Item,224,739.6527,502.5057,473645,473686,41
124,66,),372,661.3876,444.2792,473766,473850,84
124,0,blank,0,743.0243,437.64795,473886,473961,75
124,70,Item,385,588.148733333333,282.083366666667,474448,474581,133
124,66,(,367,468.447,252.10864,474643,474826,183
124,63,down_bound,340,464.0156,263.453975,474826,475014,188
124,63,rand_number,338,451.805966666667,263.1296,475014,475186,172
124,30,new_value,165,430.09225,281.9164,475186,475301,115
124,0,blank,0,474.7895,703.6686,475407,475456,49
124,66,down_bound,368,485.4995,622.2266,475512,475565,53
124,60,down_bound,322,517.226033333333,493.01,475672,475847,175
124,66,down_bound,368,474.5183,373.4019,475847,475902,55
125,0,blank,0,609.7161,430.285133333333,477810,477974,164
125,0,blank,0,0,0,478440,478623,183
125,0,blank,0,0,0,478623,478785,162
125,0,blank,0,0,0,478785,478824,39
125,60,up_bound,325,648.45578,409.53762,478861,479012,151
125,63,up_bound,342,643.30792,378.64852,479049,479241,192
125,63,up_bound,342,603.2606,397.7254,479241,479283,42
125,72,struct,390,958.79265,485.01255,479367,479523,156
125,0,blank,0,690.41062,386.42776,479598,479776,178
125,63,up_bound,342,649.78606,382.47146,479776,479957,181
125,63,up_bound,342,596.0004,400.2132,479957,480139,182
125,60,int,324,580.9069,409.6868,480139,480177,38
125,0,blank,0,701.659325,396.79025,480213,480371,158
125,40,Item,224,712.6321,402.597,480371,480413,42
125,0,blank,0,913.4832,378.5113,480479,480507,28
125,0,blank,0,1011.271,450.8645,480546,480578,32
125,0,blank,0,910.25015,358.61695,480615,480685,70
125,0,blank,0,846.925233333333,440.7649,480751,480886,135
125,72,struct,390,830.106,478.9214,480956,481021,65
125,0,blank,0,669.37734,344.19294,481053,481234,181
125,0,blank,0,667.5311,341.98368,481234,481405,171
125,0,blank,0,667.55298,346.52652,481405,481581,176
125,0,blank,0,670.5516,359.8284,481581,481617,36
125,0,blank,0,757.001233333333,397.025366666667,481653,481763,110
125,0,blank,0,766.93245,392.4621,481830,481897,67
125,0,blank,0,870.35255,417.05695,481931,482000,69
125,0,blank,0,820.090866666667,365.778933333333,482033,482145,112
125,66,down_bound,368,531.86222,373.36514,482181,482353,172
125,63,down_bound,340,529.41024,383.34954,482353,482528,175
125,74,p,407,466.79484,355.10008,482528,482703,175
125,0,blank,0,480.4628,356.3844,482703,482841,138
125,0,blank,0,902.2004,404.47514,482877,483051,174
125,0,blank,0,956.2282,400.8026,483153,483289,136
125,66,down_bound,368,499.17678,247.79232,483359,483530,171
125,24,new_value,133,516.37984,227.93878,483530,483702,172
125,10,struct,61,500.48514,217.42968,483702,483874,172
125,10,sizeof,59,468.8706,216.59096,483874,484044,170
125,63,rand_number,338,438.93608,171.7123,484044,484215,171
125,63,rand_number,338,436.74566,175.9619,484215,484386,171
125,10,sizeof,59,467.2108,208.5197,484386,484421,35
125,72,struct,390,721.991825,327.927175,484456,484605,149
125,60,int,324,597.1825,318.75626,484640,484819,179
125,0,blank,0,751.89558,343.06612,484819,484992,173
125,79,!=,436,407.35632,192.20904,485027,485203,176
125,10,sizeof,59,420.5975,206.72015,485203,485273,70
125,79,&&,440,549.19596,191.6424,485309,485484,175
125,10,struct,61,516.90094,206.88882,485484,485659,175
125,79,next,447,521.75208,194.64602,485659,485829,170
125,79,&&,440,562.27562,196.46022,485829,486007,178
125,79,p,441,577.2612,200.357825,486007,486150,143
125,79,pre,445,427.9339,199.85982,486185,486360,175
125,66,rand_number,366,442.616,234.17936,486360,486535,175
125,66,down_bound,368,526.28138,242.46844,486535,486711,176
125,66,down_bound,368,526.25496,238.94414,486711,486888,177
125,60,down_bound,322,443.96088,230.45562,486888,487065,177
125,66,rand_number,366,443.44292,250.08338,487065,487243,178
125,66,(,367,464.95222,248.95856,487243,487420,177
125,60,down_bound,322,478.24738,233.27666,487420,487598,178
125,66,(,367,465.12506,237.47972,487598,487774,176
125,66,rand_number,366,454.51538,238.40194,487774,487951,177
125,66,(,367,467.9271,245.389,487951,488127,176
125,66,down_bound,368,477.44564,241.99324,488127,488303,176
125,66,down_bound,368,483.0098,248.36308,488303,488480,177
125,60,down_bound,322,495.304,234.55074,488480,488658,178
125,60,down_bound,322,495.54904,232.84252,488658,488837,179
125,60,down_bound,322,507.94772,234.66254,488837,489017,180
125,66,down_bound,368,520.38414,243.397,489017,489197,180
125,66,down_bound,368,493.1467,241.89596,489197,489377,180
125,66,down_bound,368,487.95488,238.94994,489377,489559,182
125,66,down_bound,368,484.73154,239.2226,489559,489743,184
125,66,rand_number,366,389.2916,241.67032,489743,489922,179
125,66,rand_number,366,394.3611,238.09074,489922,490100,178
125,66,rand_number,366,443.8448,247.7405,490100,490279,179
125,66,rand_number,366,445.6147,252.42035,490279,490351,72
125,0,blank,0,0,0,490386,490536,150
125,0,blank,0,0,0,490630,490670,40
125,24,Item,128,363.143466666667,224.496566666667,490710,490802,92
125,0,blank,0,0,0,490871,490990,119
125,70,insertion_sort,382,443.007633333333,270.765266666667,491160,491349,189
125,66,rand_number,366,399.36674,244.6312,491349,491515,166
125,10,malloc,57,392.69815,216.12175,491515,491667,152
125,79,!=,436,402.536866666667,199.765533333333,491667,491836,169
125,24,begin,130,392.628325,164.666525,491836,492032,196
125,24,begin,130,400.506166666667,167.470633333333,492032,492164,132
125,79,next,447,503.7472,199.7605,492209,492356,147
125,0,blank,0,455.8764,715.8401,492486,492537,51
125,0,blank,0,0,0,492981,493172,191
125,24,begin,130,415.3829,193.78885,493257,493451,194
125,24,begin,130,405.633125,224.9376,493451,493616,165
125,66,down_bound,368,478.36685,251.2832,493616,493779,163
125,63,down_bound,340,495.455875,258.298675,493779,493975,196
125,0,blank,0,419.5465,725.2217,494166,494227,61
125,0,blank,0,0,0,494267,494352,85
125,24,new_value,133,518.289375,223.58055,494453,494626,173
125,60,down_bound,322,480.88606,231.00492,494626,494808,182
125,60,down_bound,322,472.15386,235.53176,494808,494991,183
125,66,down_bound,368,497.3181,248.87284,494991,495172,181
125,63,down_bound,340,531.17092,299.93938,495172,495351,179
125,60,down_bound,322,501.43984,316.36836,495351,495530,179
125,63,down_bound,340,495.06545,304.4763,495530,495603,73
125,70,insertion_sort,382,482.4388,275.563575,495678,495843,165
125,63,down_bound,340,480.11215,262.9062,495843,496006,163
125,70,insertion_sort,382,476.43244,269.9713,496006,496205,199
125,60,down_bound,322,484.40696,308.29542,496205,496388,183
125,70,(,383,487.42884,285.67594,496388,496579,191
125,63,down_bound,340,484.56145,259.2348,496579,496739,160
125,70,insertion_sort,382,481.1726,270.8666,496739,496901,162
125,63,down_bound,340,485.46845,259.16805,496901,496986,85
125,0,blank,0,0,0,497026,497143,117
125,63,rand_number,338,442.21355,263.81445,497277,497416,139
125,0,blank,0,0,0,497455,497571,116
125,0,blank,0,0,0,497653,497721,68
125,66,rand_number,366,454.43318,247.97178,497757,497928,171
125,10,malloc,57,399.62228,208.5287,497928,498114,186
125,10,(,60,406.02654,206.93678,498114,498298,184
125,60,struct,313,436.36192,227.92476,498298,498484,186
125,63,down_bound,340,469.39124,259.27482,498484,498667,183
125,66,(,367,465.51638,255.50922,498667,498847,180
125,10,sizeof,59,451.19518,220.84036,498847,499026,179
125,60,int,324,404.73928,231.58386,499026,499211,185
125,66,rand_number,366,401.76458,246.9421,499211,499403,192
125,66,rand_number,366,379.30834,254.87762,499403,499587,184
125,70,insertion_sort,382,423.87364,272.04614,499587,499772,185
125,63,rand_number,338,451.24208,257.98512,499772,499962,190
125,63,rand_number,338,449.05445,263.01275,499962,500116,154
125,74,p,407,471.06096,369.76012,500155,500347,192
125,70,begin,387,447.0798,344.69452,500347,500541,194
125,60,up_bound,325,623.58468,408.6934,500576,500760,184
125,60,up_bound,325,630.43478,414.07796,500760,500942,182
125,0,blank,0,648.715875,432.803175,500942,501086,144
125,0,blank,0,704.51794,375.21068,501122,501297,175
125,0,blank,0,722.380975,364.985975,501297,501449,152
125,0,blank,0,0,0,501521,501659,138
125,66,down_bound,368,555.54346,254.62836,501785,501955,170
125,66,up_bound,370,622.8545,238.08675,501955,502110,155
125,66,up_bound,370,625.96808,245.26648,502148,502335,187
125,66,comma,369,575.51852,249.1674,502335,502525,190
125,66,down_bound,368,536.83384,255.23212,502525,502709,184
125,66,down_bound,368,515.82234,245.67794,502709,502895,186
125,10,Item,62,570.75402,219.78202,502895,503075,180
125,10,Item,62,577.168233333333,213.7689,503075,503180,105
125,66,rand_number,366,403.3988,255.789025,503217,503366,149
125,26,),144,396.05812,232.03722,503436,503627,191
125,66,(,367,469.845066666667,239.5055,503627,503738,111
125,0,blank,0,777.42166,361.3406,503776,503967,191
125,72,struct,390,711.10572,304.05612,503967,504156,189
125,0,blank,0,650.1954,337.9901,504156,504193,37
125,60,down_bound,322,470.46874,323.32692,504273,504465,192
125,0,blank,0,511.60044,347.90944,504465,504650,185
125,63,up_bound,342,605.4085,374.3481,504650,504687,37
125,72,struct,390,685.33355,325.418625,504725,504923,198
125,70,begin,387,647.21976,283.74492,504923,505118,195
125,70,begin,387,624.1177,275.3562,505118,505154,36
125,72,struct,390,809.43696,322.3315,505191,505382,191
125,66,down_bound,368,515.303933333333,236.448233333333,505422,505544,122
125,70,struct,384,499.8522,266.46252,505580,505762,182
125,70,*,386,594.56046,267.74276,505762,505945,183
125,70,Item,385,576.54422,269.14342,505945,506128,183
125,66,up_bound,370,603.224575,255.12145,506128,506276,148
125,63,up_bound,342,653.01302,262.86812,506316,506502,186
125,70,begin,387,634.3514,270.264525,506502,506677,175
125,70,begin,387,651.2363,268.134033333333,506677,506790,113
125,0,blank,0,656.01386,338.49492,506829,507021,192
125,66,up_bound,370,622.504266666667,366.7796,507021,507175,154
125,60,up_bound,325,606.063333333333,313.105833333333,507175,507309,134
125,60,down_bound,322,492.79742,337.42302,507357,507552,195
125,70,begin,387,441.59478,339.75194,507552,507741,189
125,60,int,324,431.903875,318.0496,507741,507899,158
125,70,begin,387,455.248425,337.248125,507975,508143,168
125,60,down_bound,322,489.4524,332.69018,508143,508330,187
125,60,down_bound,322,519.56134,336.02996,508330,508520,190
125,0,blank,0,555.492666666667,339.4147,508520,508635,115
125,0,blank,0,701.2687,341.98804,508672,508860,188
125,0,blank,0,702.586475,352.507375,508860,509010,150
125,40,new_Item,226,802.0165,404.9862,509174,509206,32
125,72,struct,390,731.29755,291.94495,509330,509494,164
125,72,struct,390,711.1528,289.0607,509494,509573,79
125,60,down_bound,322,535.99824,228.42658,509615,509801,186
125,66,down_bound,368,514.23474,242.05226,509801,509984,183
125,0,blank,0,0,0,510059,510205,146
125,0,blank,0,0,0,510367,510432,65
125,66,up_bound,370,625.8417,242.0091,510481,510515,34
125,0,blank,0,0,0,510616,510800,184
125,0,blank,0,0,0,510800,510976,176
125,0,blank,0,0,0,510976,511069,93
125,72,struct,390,785.19,306.892,511140,511232,92
125,0,blank,0,737.52998,259.36372,511307,511497,190
125,0,blank,0,705.31336,260.44276,511497,511675,178
125,72,struct,390,695.95992,314.27688,511675,511854,179
125,66,up_bound,370,659.78738,330.94148,511854,512032,178
125,60,down_bound,322,562.17844,328.77818,512032,512212,180
125,60,down_bound,322,515.37384,326.02156,512212,512388,176
125,0,blank,0,485.56988,348.51956,512388,512567,179
125,0,blank,0,492.80588,359.60226,512567,512747,180
125,0,blank,0,495.11314,351.65364,512747,512929,182
125,0,blank,0,486.7387,355.650566666667,512929,513062,133
125,72,struct,390,683.4844,270.6331,513188,513320,132
125,63,),344,679.7661,262.349233333333,513320,513490,170
125,66,up_bound,370,669.93492,251.70356,513490,513675,185
125,0,blank,0,0,0,513750,513938,188
125,0,blank,0,0,0,513938,514115,177
125,0,blank,0,0,0,514115,514299,184
125,0,blank,0,0,0,514299,514479,180
125,0,blank,0,0,0,514479,514635,156
125,0,blank,0,0,0,514635,514812,177
125,0,blank,0,0,0,514812,514848,36
125,0,blank,0,0,0,514848,515036,188
125,0,blank,0,0,0,515036,515220,184
125,0,blank,0,0,0,515220,515409,189
125,0,blank,0,0,0,515409,515595,186
125,0,blank,0,0,0,515595,515773,178
125,0,blank,0,0,0,515773,515957,184
125,0,blank,0,0,0,515957,516131,174
125,0,blank,0,0,0,516131,516289,158
125,0,blank,0,0,0,516289,516455,166
125,0,blank,0,0,0,516455,516651,196
125,0,blank,0,0,0,516651,516833,182
125,0,blank,0,0,0,516833,517011,178
125,0,blank,0,0,0,517011,517210,199
125,0,blank,0,0,0,517210,517387,177
125,0,blank,0,0,0,517387,517646,259
125,0,blank,0,0,0,517646,517852,206
125,0,blank,0,0,0,517852,518080,228
125,0,blank,0,0,0,518080,518257,177
125,0,blank,0,0,0,518257,518433,176
125,0,blank,0,0,0,518433,518479,46
125,0,blank,0,0,0,518479,518658,179
125,0,blank,0,0,0,518658,518848,190
125,0,blank,0,0,0,518848,519029,181
125,0,blank,0,0,0,519029,519154,125
125,0,blank,0,0,0,519154,519332,178
125,0,blank,0,0,0,519332,519511,179
125,0,blank,0,0,0,519511,519635,124
125,0,blank,0,0,0,519635,519762,127
125,0,blank,0,0,0,519762,519911,149
125,0,blank,0,0,0,519911,519997,86
125,0,blank,0,0,0,519997,520187,190
125,0,blank,0,0,0,520187,520383,196
125,0,blank,0,0,0,520383,520414,31
125,0,blank,0,0,0,520414,520606,192
125,0,blank,0,0,0,520606,520800,194
125,0,blank,0,0,0,520800,520992,192
125,0,blank,0,0,0,520992,521173,181
125,0,blank,0,0,0,521173,521315,142
125,0,blank,0,0,0,521315,521432,117
125,0,blank,0,0,0,521432,521563,131
125,0,blank,0,0,0,521563,521751,188
125,0,blank,0,0,0,521751,521931,180
125,0,blank,0,0,0,521931,522091,160
125,0,blank,0,0,0,522091,522282,191
125,0,blank,0,0,0,522282,522356,74
125,0,blank,0,0,0,522356,522543,187
125,0,blank,0,0,0,522543,522697,154
125,0,blank,0,0,0,522697,522824,127
125,0,blank,0,0,0,522824,523011,187
125,0,blank,0,0,0,523011,523162,151
125,0,blank,0,0,0,523162,523350,188
125,0,blank,0,0,0,523350,523524,174
125,0,blank,0,0,0,523524,523705,181
125,0,blank,0,0,0,523705,523882,177
125,0,blank,0,0,0,523882,524068,186
125,0,blank,0,0,0,524068,524266,198
125,0,blank,0,0,0,524266,524459,193
125,0,blank,0,0,0,524459,524637,178
125,0,blank,0,0,0,524637,524805,168
125,0,blank,0,0,0,524805,524948,143
125,0,blank,0,0,0,524948,525061,113
125,0,blank,0,0,0,525061,525172,111
125,0,blank,0,0,0,525172,525342,170
125,0,blank,0,0,0,525342,525525,183
125,0,blank,0,0,0,525525,525719,194
125,0,blank,0,0,0,525719,525910,191
125,0,blank,0,0,0,525910,526089,179
125,0,blank,0,0,0,526089,526267,178
125,0,blank,0,0,0,526267,526452,185
125,0,blank,0,0,0,526452,526633,181
125,0,blank,0,0,0,526633,526806,173
125,0,blank,0,0,0,526806,527000,194
125,0,blank,0,0,0,527000,527182,182
125,0,blank,0,0,0,527182,527323,141
125,0,blank,0,0,0,527323,527486,163
125,0,blank,0,0,0,527486,527638,152
125,0,blank,0,0,0,527638,527756,118
125,0,blank,0,0,0,527756,528115,359
125,0,blank,0,0,0,528115,528306,191
125,0,blank,0,0,0,528306,528435,129
125,0,blank,0,0,0,528435,528630,195
125,0,blank,0,0,0,528630,528804,174
125,0,blank,0,0,0,528804,528977,173
125,0,blank,0,0,0,528977,529019,42
125,0,blank,0,0,0,529019,529204,185
125,0,blank,0,0,0,529204,529691,487
125,63,up_bound,342,649.7515,472.9212,529948,530089,141
125,63,up_bound,342,582.916433333333,394.466333333333,530470,530638,168
125,63,comma,341,576.221233333333,383.0385,530638,530781,143
125,60,int,324,563.519725,477.300125,530829,531023,194
125,66,down_bound,368,571.98735,454.137025,531023,531197,174
125,63,down_bound,340,512.187975,380.84275,531197,531368,171
125,30,new_value,165,463.73974,291.19388,531368,531545,177
125,30,new_value,165,472.826133333333,291.930966666667,531545,531653,108
125,24,new_value,133,495.66598,224.41774,531688,531873,185
125,24,int,132,481.81624,224.12498,531873,532045,172
125,60,down_bound,322,485.09225,235.2118,532045,532113,68
125,0,blank,0,0,0,532149,532312,163
125,60,up_bound,325,652.5807,320.2961,532452,532469,17
125,66,down_bound,368,570.5309,372.19365,532525,532668,143
125,63,down_bound,340,486.8226,387.062,532668,532812,144
125,76,->,417,506.5271,401.0536,532812,532872,60
125,63,(,339,455.960366666667,385.9632,532979,533147,168
125,63,down_bound,340,495.255,388.567766666667,533147,533303,156
125,0,blank,0,530.3381,355.02645,533303,533402,99
125,66,down_bound,368,515.3222,365.8269,533402,533552,150
125,0,blank,0,552.3009,352.9244,533552,533721,169
125,0,blank,0,502.8226,353.9655,533721,533839,118
125,0,blank,0,524.48185,359.9324,533839,533997,158
125,70,begin,387,451.184825,336.7934,533997,534174,177
125,60,down_bound,322,482.05604,331.21352,534174,534352,178
125,0,blank,0,498.1735,340.820425,534352,534491,139
125,63,rand_number,338,448.761925,389.458425,534491,534656,165
125,63,rand_number,338,445.0368,398.428725,534656,534830,174
125,63,down_bound,340,509.6359,388.69186,534830,535006,176
125,63,down_bound,340,485.726233333333,385.300533333333,535006,535113,107
125,0,blank,0,0,0,535182,535333,151
125,63,down_bound,340,543.7939,392.74,535373,535411,38
125,60,up_bound,325,659.03806,314.8898,535455,535630,175
125,72,struct,390,691.118,322.90492,535630,535806,176
125,63,),344,671.26006,380.9401,535806,535977,171
125,63,),344,669.10635,390.301666666667,535977,536176,199
125,63,comma,341,569.7473,390.08192,536176,536346,170
125,63,down_bound,340,481.34054,392.13392,536346,536514,168
125,76,->,417,456.78292,416.53702,536514,536687,173
125,76,->,417,470.768625,409.2141,536687,536829,142
125,0,blank,0,0,0,536865,537018,153
125,0,blank,0,0,0,537098,537451,353
125,0,blank,0,0,0,537451,537634,183
125,0,blank,0,0,0,537634,537827,193
125,0,blank,0,0,0,537827,537955,128
125,0,blank,0,0,0,537955,538041,86
125,0,blank,0,0,0,538041,538184,143
125,0,blank,0,0,0,538184,538310,126
125,0,blank,0,0,0,538310,538413,103
125,0,blank,0,0,0,538413,538544,131
125,0,blank,0,0,0,538544,538631,87
125,0,blank,0,0,0,538631,538745,114
125,0,blank,0,0,0,538745,538879,134
125,0,blank,0,0,0,538879,542361,3482
125,0,blank,0,0,0,542361,542735,374
125,0,blank,0,0,0,542735,542875,140
125,0,blank,0,0,0,542875,543013,138
125,79,->,448,464.54335,532.77255,543752,543902,150
125,40,begin,216,380.4817,577.3798,543902,544062,160
125,0,blank,0,0,0,544121,544303,182
125,0,blank,0,0,0,544303,544498,195
125,0,blank,0,0,0,544498,544605,107
125,0,blank,0,0,0,544605,545124,519
125,0,blank,0,0,0,545124,545298,174
125,0,blank,0,0,0,545298,545360,62
125,0,blank,0,0,0,545360,545520,160
125,0,blank,0,0,0,545520,545632,112
125,0,blank,0,0,0,545632,545918,286
125,0,blank,0,0,0,545918,546103,185
125,0,blank,0,0,0,546103,546294,191
125,0,blank,0,0,0,546294,546476,182
125,0,blank,0,0,0,546476,546582,106
125,0,blank,0,0,0,546582,546767,185
125,0,blank,0,0,0,546767,546870,103
125,0,blank,0,737.6956,714.3859,546901,546954,53
125,0,blank,0,468.5646,692.7642,547003,547061,58
125,63,down_bound,340,568.3801,684.1212,547238,547290,52
125,63,down_bound,340,518.112,684.617,547392,547418,26
125,0,blank,0,698.9595,590.1473,547584,547648,64
125,79,value,449,648.0504,661.6449,547775,547830,55
125,0,blank,0,784.6014,628.68535,547887,548045,158
125,0,blank,0,968.5704,625.5266,548092,548290,198
125,0,blank,0,985.886775,637.5534,548290,548470,180
125,0,blank,0,1035.944,660.01605,548470,548621,151
125,0,blank,0,1016.265875,636.982825,548621,548785,164
125,0,blank,0,1057.943,630.5853,548785,548956,171
125,0,blank,0,1055.079,619.70895,548956,549070,114
125,0,blank,0,0,0,549263,549439,176
125,0,blank,0,0,0,549439,549602,163
125,0,blank,0,0,0,549602,549786,184
125,0,blank,0,0,0,549786,549908,122
125,0,blank,0,0,0,549908,550094,186
125,0,blank,0,0,0,550094,550273,179
125,0,blank,0,0,0,550273,550458,185
125,0,blank,0,0,0,550458,550573,115
125,0,blank,0,0,0,550573,550936,363
125,0,blank,0,0,0,550936,551131,195
125,0,blank,0,0,0,551131,551345,214
125,0,blank,0,0,0,551345,551661,316
125,0,blank,0,0,0,551661,552060,399
125,0,blank,0,0,0,552060,552197,137
125,0,blank,0,0,0,552197,552488,291
125,0,blank,0,0,0,552488,552631,143
125,0,blank,0,0,0,552631,553157,526
125,0,blank,0,0,0,553157,553202,45
125,0,blank,0,0,0,553202,553360,158
125,0,blank,0,0,0,553360,553545,185
125,0,blank,0,0,0,553545,553694,149
125,0,blank,0,0,0,553694,554314,620
125,0,blank,0,0,0,554314,554513,199
125,79,next,447,765.7556,661.41235,555156,555227,71
125,79,->,448,742.22104,649.74828,555262,555450,188
125,0,blank,0,718.34825,678.15455,555450,555520,70
125,0,blank,0,643.82002,1.0205,555556,555755,199
125,0,blank,0,668.2922,1.022825,555755,555892,137
125,0,blank,0,0,0,555925,556115,190
125,0,blank,0,0,0,556271,556333,62
125,0,blank,0,908.4294,750.4346,556362,556535,173
125,0,blank,0,907.2398,667.4961,556535,556611,76
125,0,blank,0,702.898,544.5635,557010,557111,101
125,0,blank,0,893.6924,734.3097,557554,557605,51
125,0,blank,0,871.683125,617.393925,557681,557853,172
125,0,blank,0,875.74525,625.28775,557853,557930,77
125,0,blank,0,854.41485,449.79725,557968,558050,82
125,84,next,480,944.1085,568.2276,558151,558221,70
125,84,next,480,922.7956,590.057166666667,558258,558375,117
125,72,struct,390,1052.074,515.3508,558610,558641,31
125,0,blank,0,1045.937,526.1697,558941,558986,45
125,0,blank,0,1006.7675,526.2204,559067,559148,81
125,0,blank,0,927.6453,460.5457,559188,559227,39
125,0,blank,0,1114.93266666667,652.354166666667,559771,559964,193
125,0,blank,0,1143.6625,701.22565,559964,560130,166
125,0,blank,0,1124.298,702.2631,560378,560492,114
125,0,blank,0,978.7017,1.2377,560789,560876,87
125,84,next,480,427.44405,645.44825,561055,561196,141
125,63,down_bound,340,488.39765,678.9097,561323,561422,99
125,0,blank,0,469.0874,723.844,561749,561866,117
125,0,blank,0,449.9442,706.3227,561936,562099,163
125,63,down_bound,340,535.6606,670.1119,562099,562200,101
125,60,down_bound,322,522.931,601.515333333333,562200,562383,183
125,101,print,549,493.1741,645.3711,562383,562569,186
125,79,next,447,500.0066,652.570133333333,562569,562748,179
125,30,new_value,165,476.6576,643.23492,562748,562930,182
125,30,new_value,165,479.38165,643.941,562930,563104,174
125,79,next,447,497.9591,664.85825,563104,563177,73
125,0,blank,0,0,0,563402,563886,484
125,0,blank,0,0,0,563886,564054,168
125,0,blank,0,0,0,564054,564214,160
125,0,blank,0,0,0,564214,564359,145
125,0,blank,0,400.3321,770.3045,564465,564554,89
125,84,next,480,1063.97025,565.90005,564719,564879,160
125,0,blank,0,967.19506,530.45086,564919,565102,183
125,0,blank,0,1316.139,597.58615,565174,565293,119
125,0,blank,0,1166.038,410.0314,565330,565794,464
125,0,blank,0,1175.1925,453.94255,565794,565935,141
125,72,struct,390,1197.616,478.13035,565935,566039,104
125,0,blank,0,1292.774,477.747675,566074,566214,140
125,0,blank,0,447.8616,703.0717,566321,566360,39
125,60,down_bound,322,515.2393,604.0133,566565,566611,46
125,63,down_bound,340,524.3945,548.4904,566645,566715,70
125,66,down_bound,368,557.14428,449.38984,566784,566958,174
125,60,comma,323,545.52082,483.61346,566958,567131,173
125,40,*,225,519.3219,507.20774,567131,567307,176
125,79,pre,445,503.609125,505.270825,567307,567450,143
125,0,blank,0,595.82916,424.8023,567484,567671,187
125,60,int,324,580.38646,414.9164,567671,567853,182
125,0,blank,0,569.3486,347.7249,567853,567886,33
125,0,blank,0,0,0,567923,568105,182
125,0,blank,0,0,0,568105,568212,107
126,0,blank,0,0,0,568760,568879,119
126,0,blank,0,0,0,568879,569009,130
126,40,struct,223,445.5912,537.1992,569457,569669,212
126,30,new_value,165,406.414766666667,652.8675,569901,570079,178
126,0,blank,0,463.222133333333,736.0649,570130,570301,171
126,0,blank,0,442.42815,726.77035,570301,570415,114
126,0,blank,0,446.77095,774.74605,570468,570577,109
126,66,down_bound,368,510.43325,621.2435,570747,570915,168
126,30,new_value,165,486.026933333333,646.9381,570915,571045,130
126,0,blank,0,477.363,692.03995,571045,571215,170
126,0,blank,0,693.765866666667,695.7162,571329,571482,153
126,0,blank,0,713.63085,688.6356,571482,571631,149
126,0,blank,0,805.79632,784.07388,571667,571864,197
126,66,up_bound,370,594.81976,448.21984,571940,572123,183
126,66,up_bound,370,614.02624,444.83258,572123,572299,176
126,76,->,417,560.42912,430.25404,572299,572475,176
126,76,->,417,564.935333333333,430.480066666667,572475,572584,109
126,79,pre,445,503.02236,486.93928,572620,572794,174
126,79,pre,445,460.99208,496.3763,572794,572968,174
126,63,(,339,472.5428,541.3303,572968,573002,34
126,40,struct,223,641.952266666667,543.204966666667,573037,573149,112
126,40,struct,223,637.388766666667,538.3295,573149,573317,168
126,0,blank,0,795.4432,441.9717,573599,573625,26
126,0,blank,0,852.529,602.4619,573700,573734,34
126,0,blank,0,613.1052,425.8363,574212,574346,134
126,76,->,417,531.1426,420.3468,574346,574509,163
126,0,blank,0,600.86035,430.99525,574509,574665,156
126,0,blank,0,678.8265,432.1081,574665,574716,51
126,0,blank,0,584.20815,421.6354,574821,574979,158
126,60,up_bound,325,629.2526,407.29205,574979,575147,168
126,0,blank,0,645.73275,342.389275,575147,575329,182
126,0,blank,0,658.13574,349.274,575329,575507,178
126,0,blank,0,606.28606,430.45956,575541,575716,175
126,66,up_bound,370,611.11526,442.1341,575716,575894,178
126,0,blank,0,725.04214,437.79902,575932,576109,177
126,0,blank,0,717.66318,439.16924,576109,576283,174
126,0,blank,0,731.53268,451.82944,576283,576459,176
126,0,blank,0,694.6705,432.886466666667,576459,576566,107
126,76,->,417,476.87655,409.20185,576601,576672,71
126,60,up_bound,325,619.568925,407.327075,576707,576852,145
126,60,up_bound,325,663.4733,486.9646,576924,576961,37
126,0,blank,0,618.83478,423.5971,577101,577273,172
126,0,blank,0,687.77062,394.5518,577273,577443,170
126,60,up_bound,325,666.47504,409.58368,577443,577616,173
126,60,up_bound,325,672.95934,415.15754,577616,577786,170
126,40,struct,223,655.85734,419.12116,577786,577958,172
126,60,),326,689.24996,404.65486,577958,578133,175
126,60,up_bound,325,662.136625,411.48015,578133,578270,137
126,72,struct,390,894.17192,496.25878,578306,578476,170
126,0,blank,0,868.86008,457.82714,578476,578644,168
126,0,blank,0,868.59662,460.38302,578644,578814,170
126,0,blank,0,762.9069,444.7734,578814,578849,35
126,66,comma,369,587.67832,455.53444,578883,579056,173
126,66,down_bound,368,564.926,451.35232,579056,579228,172
126,63,up_bound,342,598.5202,471.68806,579228,579401,173
126,66,up_bound,370,643.71898,451.02658,579401,579571,170
126,0,blank,0,750.60302,452.86894,579603,579772,169
126,0,blank,0,706.0321,447.514766666667,579772,579968,196
126,66,up_bound,370,658.02696,464.84808,579968,580143,175
126,66,comma,369,592.0512,467.5533,580143,580215,72
126,66,down_bound,368,491.5063,465.8824,580249,580432,183
126,66,down_bound,368,501.3807,446.5333,580432,580502,70
126,0,blank,0,0,0,580576,580765,189
126,0,blank,0,0,0,580765,580835,70
126,72,struct,390,930.52425,500.197175,580885,581016,131
126,66,up_bound,370,581.9653,448.4255,581052,581210,158
126,66,down_bound,368,518.097166666667,460.0345,581264,581411,147
126,63,down_bound,340,525.48555,473.2601,581464,581621,157
126,66,(,367,475.49925,463.16375,581621,581776,155
126,66,down_bound,368,515.9431,464.22635,581776,581876,100
126,66,down_bound,368,487.1404,465.3882,581876,581985,109
126,63,up_bound,342,623.63525,400.5952,582035,582128,93
126,0,blank,0,710.478833333333,446.694733333333,582350,582466,116
126,40,struct,223,644.4812,515.1337,582714,582755,41
126,76,->,417,552.1412,411.24085,582931,583001,70
126,0,blank,0,691.407,451.94515,583040,583109,69
126,0,blank,0,762.165066666667,436.996066666667,583142,583337,195
126,0,blank,0,803.00282,437.95822,583337,583514,177
126,0,blank,0,787.668966666667,422.166166666667,583514,583615,101
126,63,up_bound,342,576.4078,403.8553,584031,584141,110
126,60,int,324,579.7336,407.4463,584141,584248,107
126,0,blank,0,559.63645,340.11775,584795,584866,71
126,72,struct,390,757.6288,321.0799,584903,584940,37
126,60,up_bound,325,655.2504,308.2761,584976,585044,68
126,66,up_bound,370,601.70384,372.65942,585070,585252,182
126,63,up_bound,342,617.8499,380.17478,585252,585436,184
126,66,up_bound,370,621.20114,370.18438,585436,585621,185
126,63,up_bound,342,602.5991,376.4521,585621,585730,109
126,0,blank,0,673.52694,360.00936,585767,585949,182
126,66,),372,677.4954,365.01565,585949,586093,144
126,60,up_bound,325,622.65394,410.40828,586128,586311,183
126,0,blank,0,640.07356,426.51308,586311,586492,181
126,0,blank,0,641.88332,424.99654,586492,586673,181
126,66,up_bound,370,629.69678,440.40726,586673,586853,180
126,0,blank,0,652.77626,428.1678,586888,587069,181
126,40,struct,223,659.8985,419.11158,587069,587248,179
126,0,blank,0,658.87854,427.59126,587248,587429,181
126,66,up_bound,370,643.10596,442.46386,587429,587622,193
126,66,up_bound,370,645.52176,469.91482,587622,587809,187
126,66,up_bound,370,658.16282,460.98358,587809,587995,186
126,63,),344,671.35616,471.50766,587995,588179,184
126,72,struct,390,691.27275,468.076025,588179,588323,144
126,76,->,417,546.46476,413.93932,588360,588539,179
126,76,->,417,543.28508,410.58252,588539,588719,180
126,63,comma,341,582.20224,379.26024,588719,588904,185
126,66,down_bound,368,562.59738,367.97504,588904,589078,174
126,40,position,221,594.4723,414.8733,589078,589111,33
126,66,comma,369,585.40766,360.12746,589148,589317,169
126,66,comma,369,593.07588,372.18454,589317,589487,170
126,63,down_bound,340,533.0626,386.65066,589487,589670,183
126,63,down_bound,340,537.052266666667,381.776033333333,589670,589807,137
126,63,up_bound,342,642.90756,375.67678,589844,590022,178
126,76,->,417,525.81712,420.04248,590057,590241,184
126,76,->,417,566.02814,411.32464,590241,590423,182
126,66,up_bound,370,602.1428,451.95675,590491,590600,109
126,0,blank,0,0,0,590634,590824,190
126,0,blank,0,0,0,590824,590954,130
126,60,up_bound,325,637.97186,414.14046,590992,591169,177
126,0,blank,0,572.2629,426.09902,591203,591380,177
126,66,),372,656.1004,449.1827,591380,591582,202
126,60,up_bound,325,629.8776,483.9939,591582,591617,35
126,66,(,367,456.599,443.9167,591748,591778,30
126,76,->,417,478.17265,425.12125,591889,591989,100
126,66,up_bound,370,578.82085,441.9981,591989,592142,153
126,76,->,417,566.9215,431.5663,592142,592302,160
126,0,blank,0,587.367266666667,438.4722,592302,592463,161
126,66,down_bound,368,567.816566666667,458.7069,592463,592626,163
126,66,up_bound,370,594.620066666667,441.0598,592626,592792,166
126,63,up_bound,342,645.239375,375.847775,592792,592958,166
126,60,up_bound,325,644.14158,406.57364,592958,593137,179
126,40,position,221,602.50186,414.7309,593137,593313,176
126,0,blank,0,595.8879,431.35342,593313,593497,184
126,66,up_bound,370,604.81018,447.62332,593497,593682,185
126,76,->,417,568.32342,435.1699,593682,593860,178
126,0,blank,0,585.66598,435.59742,593860,594041,181
126,76,->,417,568.281483333333,423.01055,594041,594240,199
126,0,blank,0,592.68812,432.07896,594240,594420,180
126,60,up_bound,325,614.797825,408.192325,594420,594596,176
126,76,->,417,526.9681,432.3906,594596,594722,126
126,76,->,417,558.5749,418.5098,594722,594843,121
126,76,->,417,565.8306,433.6705,594843,594935,92
126,76,->,417,514.0015,409.07496,595019,595204,185
126,0,blank,0,0,0,595238,595432,194
126,0,blank,0,0,0,595432,595539,107
126,0,blank,0,0,0,595539,595707,168
126,0,blank,0,0,0,595707,595779,72
126,66,(,367,482.89312,450.54618,595819,595989,170
126,66,down_bound,368,513.9294,445.6042,595989,596060,71
126,66,),372,664.081525,442.5824,596094,596233,139
126,0,blank,0,0,0,596303,596493,190
126,0,blank,0,0,0,596493,596653,160
126,0,blank,0,795.223383333333,437.043266666667,596691,596886,195
126,0,blank,0,794.31704,432.41854,596886,597060,174
126,0,blank,0,867.2771,455.69084,597060,597229,169
126,76,->,417,504.28796,438.0788,597296,597467,171
126,76,->,417,513.567275,429.856325,597467,597603,136
126,0,blank,0,636.80016,432.89268,597637,597810,173
126,0,blank,0,622.6283,424.092425,597810,597949,139
126,0,blank,0,834.93122,461.7936,597984,598155,171
126,0,blank,0,809.33335,456.43,598155,598293,138
126,66,),372,667.75206,444.03226,598327,598505,178
126,0,blank,0,662.01065,443.4259,598505,598575,70
126,66,down_bound,368,522.69714,448.55528,598610,598787,177
126,76,->,417,537.22216,440.5066,598787,598961,174
126,76,->,417,540.88422,427.8546,598961,599135,174
126,76,->,417,534.01398,424.8766,599135,599314,179
126,0,blank,0,581.18118,431.20658,599314,599489,175
126,76,->,417,558.00832,425.94884,599489,599662,173
126,76,->,417,559.07738,422.27096,599662,599837,175
126,76,->,417,556.75248,429.72534,599837,600011,174
126,76,->,417,569.10234,430.06586,600011,600181,170
126,76,->,417,557.3752,429.02796,600181,600352,171
126,0,blank,0,587.78504,424.40534,600352,600524,172
126,76,->,417,563.2013,427.75434,600524,600698,174
126,76,->,417,535.26426,432.64058,600698,600871,173
126,66,down_bound,368,575.0783,455.7927,600871,601044,173
126,76,->,417,552.8625,432.95454,601044,601217,173
126,0,blank,0,590.8428,423.7835,601217,601252,35
126,0,blank,0,0,0,601322,601505,183
126,0,blank,0,0,0,601505,601564,59
126,63,up_bound,342,645.004733333333,403.690683333333,601600,601797,197
126,60,up_bound,325,610.5306,408.4828,601797,601831,34
126,76,->,417,519.40838,429.16956,601865,602039,174
126,76,->,417,541.145966666667,428.2695,602039,602141,102
126,0,blank,0,0,0,602175,602338,163
126,0,blank,0,0,0,602338,602470,132
126,66,down_bound,368,567.7157,456.752,602499,602516,17
126,72,struct,390,829.3063,476.47295,602562,602706,144
126,0,blank,0,818.72602,452.46122,602706,602901,195
126,40,new_Item,226,838.7932,500.0609,602901,602936,35
126,0,blank,0,698.2927,452.90412,602970,603143,173
126,0,blank,0,619.1808,429.537675,603143,603280,137
126,66,down_bound,368,558.2973,444.09225,603280,603451,171
126,66,down_bound,368,521.18146,448.53268,603451,603628,177
126,66,down_bound,368,496.05572,450.74796,603628,603805,177
126,76,->,417,497.1659,433.9693,603805,603842,37
126,76,->,417,492.6592,431.0582,603842,604068,226
126,66,down_bound,368,575.05606,468.03114,604068,604261,193
126,0,blank,0,0,0,604334,604478,144
126,0,blank,0,0,0,604478,604597,119
126,24,new_value,133,507.74048,522.57338,604627,604823,196
126,24,new_value,133,510.2255,528.194,604823,604860,37
126,0,blank,0,0,0,604933,605048,115
126,0,blank,0,0,0,605048,605193,145
126,83,pre,468,487.131,566.62866,605231,605406,175
126,40,position,221,551.90416,545.6279,605406,605583,177
126,40,position,221,570.2615,546.9186,605583,605629,46
126,0,blank,0,0,0,605759,606008,249
126,0,blank,0,0,0,606008,606177,169
126,0,blank,0,0,0,606177,606376,199
126,0,blank,0,0,0,606376,606552,176
126,0,blank,0,0,0,606552,606729,177
126,0,blank,0,0,0,606729,607095,366
126,0,blank,0,0,0,607095,607264,169
126,0,blank,0,0,0,607264,607315,51
126,0,blank,0,714.6262,454.1674,607378,607430,52
126,63,down_bound,340,512.535333333333,393.7881,607480,607649,169
126,76,->,417,484.09192,435.02508,607649,607841,192
126,66,down_bound,368,491.6442,442.052433333333,607841,607950,109
126,0,blank,0,0,0,607987,608156,169
126,0,blank,0,0,0,608156,608334,178
126,0,blank,0,0,0,608334,608411,77
126,72,struct,390,732.5107,477.3327,608911,608937,26
126,66,down_bound,368,533.614333333333,454.8398,609346,609527,181
126,60,down_bound,322,511.676066666667,479.809266666667,609527,609691,164
126,66,down_bound,368,578.613366666667,469.907766666667,609691,609849,158
126,60,int,324,580.6003,488.6653,609849,609995,146
126,60,up_bound,325,649.752066666667,480.9689,609995,610164,169
126,60,up_bound,325,670.7897,476.21465,610164,610339,175
126,72,struct,390,726.43472,490.96442,610339,610520,181
126,0,blank,0,750.981933333333,458.3577,610520,610686,166
126,0,blank,0,759.6281,461.433033333333,610686,610849,163
126,72,struct,390,704.02158,488.1043,610849,611041,192
126,60,int,324,589.94818,491.41316,611041,611238,197
126,60,up_bound,325,619.26126,492.17538,611238,611429,191
126,40,position,221,544.18864,503.30446,611429,611618,189
126,40,position,221,563.18285,507.02725,611618,611733,115
126,0,blank,0,0,0,611798,611936,138
126,0,blank,0,0,0,611936,612006,70
126,60,up_bound,325,621.156,483.8803,612206,612400,194
126,63,up_bound,342,601.4344,472.12768,612400,612583,183
126,66,up_bound,370,610.0234,455.3268,612583,612692,109
126,66,up_bound,370,677.111666666667,451.125433333333,612692,612849,157
126,66,down_bound,368,549.90378,459.79742,612885,613063,178
126,76,->,417,534.412975,399.2142,613063,613204,141
126,63,down_bound,340,535.842325,384.78275,613204,613373,169
126,63,down_bound,340,525.09012,384.8094,613373,613553,180
126,0,blank,0,518.002425,359.746275,613553,613721,168
126,0,blank,0,527.1369,354.102433333333,613721,613830,109
126,0,blank,0,533.27435,340.2249,613830,613982,152
126,66,down_bound,368,540.030725,360.481025,613982,614152,170
126,60,down_bound,322,502.315,322.49426,614152,614336,184
126,60,down_bound,322,510.9716,311.731466666667,614336,614445,109
126,66,down_bound,368,541.612666666667,362.403,614445,614609,164
126,0,blank,0,509.278275,357.245675,614609,614805,196
126,66,down_bound,368,517.4345,362.0979,614805,614979,174
126,0,blank,0,558.7267,347.6635,614979,615103,124
126,0,blank,0,0,0,615234,615386,152
126,24,int,132,461.4049,510.3947,615657,615677,20
126,60,int,324,584.2454,477.2111,615745,615783,38
126,0,blank,0,0,0,615822,615992,170
126,66,up_bound,370,609.4478,441.8645,616045,616126,81
126,63,down_bound,340,553.9231,378.43175,616200,616332,132
126,0,blank,0,550.75165,359.159325,616332,616525,193
126,0,blank,0,542.3682,354.385575,616525,616692,167
126,66,up_bound,370,590.1413,441.56255,616692,616859,167
126,71,{,389,663.527,472.074375,616859,617034,175
126,0,blank,0,662.469725,431.6652,617034,617163,129
126,72,struct,390,767.80144,472.34816,617198,617373,175
126,0,blank,0,711.97294,455.79336,617373,617551,178
126,0,blank,0,737.55216,457.23098,617551,617730,179
126,72,struct,390,771.98104,478.86586,617730,617909,179
126,72,struct,390,782.64175,476.662575,617909,618079,170
126,72,struct,390,803.972825,466.49525,618079,618247,168
126,0,blank,0,793.730433333333,458.665633333333,618247,618354,107
126,72,struct,390,780.119366666667,483.5884,618354,618544,190
126,72,struct,390,778.330425,496.71725,618544,618715,171
126,72,struct,390,802.56248,498.55018,618715,618897,182
126,40,new_Item,226,799.8307,508.652,618897,618932,35
126,0,blank,0,579.833,432.064775,618968,619141,173
126,66,up_bound,370,642.87902,460.84748,619141,619319,178
126,60,up_bound,325,623.93065,481.6794,619319,619391,72
126,66,down_bound,368,513.19302,362.96594,619516,619688,172
126,0,blank,0,505.896666666667,346.613933333333,619688,619835,147
126,63,down_bound,340,482.45382,301.9668,619835,620032,197
126,0,blank,0,498.87586,290.41582,620032,620216,184
126,0,blank,0,510.62515,291.17475,620216,620351,135
126,60,down_bound,322,531.605733333333,310.482783333333,620414,620611,197
126,63,down_bound,340,514.0052,298.7302,620611,620649,38
126,24,new_value,133,520.9789,511.3223,620686,620725,39
126,83,pre,468,510.962875,572.7317,620761,620901,140
126,40,Item,224,512.53446,541.77586,620936,621124,188
126,66,comma,369,589.02798,460.86044,621124,621309,185
126,0,blank,0,630.71485,437.3397,621309,621378,69
126,76,->,417,537.56186,416.06114,621414,621586,172
126,76,->,417,558.25964,405.00344,621586,621765,179
126,76,->,417,557.5415,416.83992,621765,621940,175
126,76,->,417,547.5344,401.964333333333,621940,622045,105
126,0,blank,0,1337.176,513.4236,622280,622320,40
126,84,next,480,1420.975,586.6254,622356,622393,37
126,0,blank,0,1379.479,731.296,622432,622603,171
126,0,blank,0,1320.9625,605.773075,622603,622757,154
126,0,blank,0,1351.603,646.7559,622795,622830,35
126,40,comma,222,618.45212,500.0546,623058,623251,193
126,40,position,221,596.84058,547.69606,623251,623439,188
126,83,next,470,559.404,555.1645,623439,623547,108
126,0,blank,0,550.2573,345.89786,623662,623856,194
126,60,down_bound,322,545.45822,323.15656,623856,624033,177
126,63,down_bound,340,535.67578,296.65142,624033,624209,176
126,70,struct,384,522.36982,274.625,624209,624386,177
126,40,position,221,554.13275,500.3387,624421,624494,73
126,0,blank,0,523.07722,592.63662,624529,624707,178
126,83,next,470,586.45004,572.49002,624707,624887,180
126,60,up_bound,325,623.2682,491.7383,624887,624923,36
126,60,down_bound,322,523.1578,310.01168,624959,625135,176
127,0,blank,0,1076.775,397.89665,627619,627694,75
127,66,up_bound,370,575.17256,445.2605,627767,627956,189
127,0,blank,0,591.63124,421.98906,627956,628147,191
127,0,blank,0,592.354633333333,421.250766666667,628147,628256,109
127,0,blank,0,576.52814,433.17598,628294,628475,181
127,76,->,417,554.16036,430.8873,628475,628664,189
127,63,down_bound,340,561.7184,385.6714,628664,628702,38
127,0,blank,0,0,0,628741,628940,199
127,0,blank,0,0,0,628940,629113,173
127,63,up_bound,342,626.522975,402.452925,629466,629633,167
127,0,blank,0,614.501275,358.5494,629633,629785,152
127,0,blank,0,559.992233333333,340.2355,629820,629925,105
127,66,down_bound,368,541.40984,371.3247,629960,630137,177
127,63,),344,681.7735,383.21622,630173,630355,182
127,0,blank,0,775.02016,376.99926,630392,630580,188
127,0,blank,0,780.4116,364.9734,630580,630618,38
127,0,blank,0,947.555225,363.770025,630655,630836,181
127,0,blank,0,1011.909,376.6315,630836,630911,75
127,0,blank,0,951.8775,388.5439,630948,631027,79
127,0,blank,0,1107.5014,369.1594,631063,631253,190
127,66,down_bound,368,1155.754,211.2323,631293,631333,40
127,0,blank,0,1085.1364,399.8036,631370,631552,182
127,0,blank,0,1075.40633333333,377.635133333333,631552,631661,109
127,76,->,417,508.84398,431.91964,631731,631906,175
127,76,->,417,515.62085,413.0119,631906,631977,71
127,66,down_bound,368,502.23856,627.0346,632047,632227,180
127,63,comma,341,564.55685,396.5748,632301,632424,123
127,0,blank,0,0,0,633067,633150,83
127,0,blank,0,0,0,633150,633339,189
127,0,blank,0,0,0,633339,633521,182
127,0,blank,0,0,0,633521,633717,196
127,0,blank,0,0,0,633717,633785,68
127,0,blank,0,0,0,633785,633969,184
127,0,blank,0,0,0,633969,634128,159
127,0,blank,0,0,0,634128,634305,177
127,0,blank,0,0,0,634305,634367,62
127,0,blank,0,0,0,634367,634508,141
127,0,blank,0,0,0,634508,634745,237
127,0,blank,0,0,0,634745,635220,475
127,0,blank,0,0,0,635220,635325,105
127,0,blank,0,0,0,635325,635687,362
127,0,blank,0,0,0,635687,635764,77
127,0,blank,0,0,0,635764,635929,165
127,0,blank,0,0,0,635929,636044,115
127,0,blank,0,0,0,636044,636152,108
127,0,blank,0,0,0,636152,636327,175
127,0,blank,0,0,0,636327,636522,195
127,66,;,373,674.3052,444.0773,636554,636637,83
127,0,blank,0,0,0,636945,637091,146
127,0,blank,0,0,0,637091,637287,196
127,0,blank,0,0,0,637287,637460,173
127,0,blank,0,0,0,637460,637597,137
127,0,blank,0,0,0,637597,637785,188
127,0,blank,0,0,0,637785,637967,182
127,0,blank,0,0,0,637967,638118,151
127,0,blank,0,0,0,638118,638274,156
127,0,blank,0,0,0,638274,638466,192
127,0,blank,0,0,0,638466,638658,192
127,0,blank,0,0,0,638658,638839,181
127,0,blank,0,0,0,638839,639036,197
127,0,blank,0,0,0,639036,639214,178
127,0,blank,0,0,0,639214,639403,189
127,0,blank,0,0,0,639403,639578,175
127,0,blank,0,0,0,639578,639776,198
127,0,blank,0,0,0,639776,639973,197
127,0,blank,0,0,0,639973,640147,174
127,0,blank,0,0,0,640147,640322,175
127,0,blank,0,0,0,640322,640508,186
127,0,blank,0,0,0,640508,640698,190
127,0,blank,0,0,0,640698,640887,189
127,0,blank,0,0,0,640887,641079,192
127,0,blank,0,0,0,641079,641251,172
127,0,blank,0,0,0,641251,641441,190
127,0,blank,0,0,0,641441,641619,178
127,0,blank,0,0,0,641619,641808,189
127,0,blank,0,0,0,641808,641996,188
127,0,blank,0,0,0,641996,642178,182
127,0,blank,0,0,0,642178,642349,171
127,0,blank,0,0,0,642349,642532,183
127,0,blank,0,0,0,642532,642730,198
127,0,blank,0,0,0,642730,642854,124
127,0,blank,0,0,0,642854,642986,132
127,0,blank,0,0,0,642986,643177,191
127,0,blank,0,0,0,643177,643357,180
127,0,blank,0,0,0,643357,643550,193
127,0,blank,0,0,0,643550,643735,185
127,0,blank,0,0,0,643735,644073,338
127,0,blank,0,0,0,644073,644238,165
127,0,blank,0,0,0,644238,644385,147
127,0,blank,0,0,0,644385,644577,192
127,0,blank,0,0,0,644577,644729,152
127,0,blank,0,0,0,644729,644804,75
127,0,blank,0,0,0,644804,645141,337
127,0,blank,0,0,0,645141,645292,151
127,0,blank,0,0,0,645292,645735,443
127,0,blank,0,0,0,645735,645812,77
127,0,blank,0,0,0,645812,645977,165
127,0,blank,0,0,0,645977,646132,155
127,0,blank,0,0,0,646132,646311,179
127,0,blank,0,0,0,646311,646499,188
127,0,blank,0,0,0,646499,646607,108
127,24,new_value,133,535.52745,522.84515,648178,648243,65
127,66,down_bound,368,497.677533333333,464.772466666667,648342,648451,109
127,76,->,417,533.4111,425.3965,648451,648768,317
127,76,->,417,526.0402,419.2563,648768,648818,50
127,0,blank,0,0,0,648949,649044,95
127,66,down_bound,368,570.538825,466.83695,649309,649471,162
127,66,down_bound,368,554.3612,470.92365,649471,649654,183
127,0,blank,0,0,0,649829,649898,69
127,63,up_bound,342,578.1933,401.1276,649983,650013,30
127,76,->,417,554.970766666667,439.6401,650430,650569,139
127,76,->,417,562.0803,423.8441,650569,650756,187
127,63,down_bound,340,534.867366666667,381.9826,650756,650862,106
127,0,blank,0,498.7559,642.826133333333,650932,651066,134
127,60,int,324,593.684675,413.84755,651449,651646,197
127,63,up_bound,342,594.475766666667,391.672266666667,651700,651866,166
127,0,blank,0,613.9841,424.749325,651908,652102,194
127,66,up_bound,370,609.1582,446.1028,652102,652137,35
127,0,blank,0,531.1021,496.3083,652172,652302,130
127,0,blank,0,0,0,652328,652500,172
127,0,blank,0,0,0,652500,652590,90
127,40,struct,223,429.465125,580.373,652638,652798,160
127,83,p1,466,442.5783,567.4986,652798,652966,168
127,60,down_bound,322,487.38885,604.62425,652966,653093,127
127,0,blank,0,0,0,653137,653329,192
127,0,blank,0,0,0,653329,653517,188
127,0,blank,0,0,0,653517,653577,60
127,0,blank,0,0,0,653577,653795,218
127,0,blank,0,0,0,653795,653880,85
127,60,down_bound,322,460.0678,610.022366666667,654409,654565,156
127,0,blank,0,454.586533333333,585.0204,654565,654730,165
127,0,blank,0,445.056933333333,596.596266666667,654730,654890,160
127,40,Item,224,495.532633333333,578.417433333333,655109,655287,178
127,66,rand_number,366,437.33175,610.419325,655287,655452,165
127,60,int,324,420.9719,599.4711,655452,655615,163
127,0,blank,0,409.9568,589.5635,655615,655799,184
127,0,blank,0,451.4084,594.3873,655799,655931,132
127,60,down_bound,322,456.3302,603.4192,655931,656181,250
127,0,blank,0,450.9244,598.180233333333,656181,656315,134
127,24,begin,130,413.85518,519.86506,656353,656542,189
127,79,pre,445,416.19402,504.58834,656542,656733,191
127,79,pre,445,412.3449,499.8004,656733,656811,78
127,0,blank,0,561.49615,499.713575,656851,657009,158
127,60,comma,323,548.37195,482.078675,657009,657201,192
127,60,down_bound,322,534.61098,495.25988,657201,657391,190
127,79,pre,445,451.703625,490.313275,657391,657540,149
127,60,down_bound,322,471.0202,599.4868,657578,658023,445
127,60,down_bound,322,488.9589,599.097533333333,658023,658171,148
127,79,pre,445,347.109075,498.43645,658555,658719,164
127,60,int,324,316.5307,484.792,658719,658755,36
127,0,blank,0,0,0,658816,658993,177
127,0,blank,0,0,0,658993,659178,185
127,0,blank,0,0,0,659178,659361,183
127,0,blank,0,0,0,659361,659429,68
127,0,blank,0,0,0,659429,659612,183
127,0,blank,0,0,0,659612,659694,82
127,60,comma,323,545.33045,310.0088,659895,659985,90
127,0,blank,0,481.692,345.9156,660141,660191,50
127,76,->,417,472.745,413.0839,660230,660277,47
127,24,new_value,133,505.59885,514.4525,660332,660428,96
127,63,down_bound,340,514.10974,471.19594,660476,660675,199
127,0,blank,0,456.1512,854.6636,660707,660778,71
127,79,pre,445,504.59866,492.06626,660835,661017,182
127,60,down_bound,322,540.8607,490.80494,661017,661195,178
127,60,down_bound,322,522.40208,490.91372,661195,661374,179
127,60,down_bound,322,504.87322,484.36692,661374,661550,176
127,63,down_bound,340,511.54416,471.6202,661550,661730,180
127,66,down_bound,368,515.4249,463.1941,661730,661841,111
127,40,position,221,540.49448,503.73472,661877,662060,183
127,0,blank,0,525.3713,502.56198,662060,662232,172
127,0,blank,0,516.95552,497.83614,662232,662400,168
127,60,down_bound,322,524.00046,490.97926,662400,662567,167
127,0,blank,0,542.32605,499.2458,662567,662766,199
127,60,comma,323,550.33645,487.37245,662766,662836,70
127,66,rand_number,366,426.35856,469.36016,662870,663051,181
127,79,pre,445,433.4792,494.3385,663051,663100,49
127,0,blank,0,381.4697,842.1513,663145,663327,182
127,40,struct,223,448.9563,534.004975,663411,663565,154
127,40,Item,224,475.241733333333,536.625133333333,663565,663707,142
127,70,begin,387,469.85555,549.3543,663707,663811,104
127,0,blank,0,0,0,663884,664019,135
127,40,struct,223,416.5593,537.3243,664075,664130,55
127,0,blank,0,0,0,664311,664409,98
127,0,blank,0,0,0,664409,664522,113
127,70,begin,387,430.597333333333,539.3137,664582,664761,179
127,70,*,386,421.654125,539.28655,664761,664950,189
127,70,begin,387,429.06628,532.52832,664950,665130,180
127,40,Item,224,477.07956,546.99526,665130,665310,180
127,40,struct,223,436.9968,537.12126,665310,665484,174
127,79,pre,445,437.95478,524.53308,665484,665659,175
127,24,new_value,133,502.9502,521.98418,665659,665834,175
127,40,position,221,536.97394,508.09542,665834,666005,171
127,66,down_bound,368,496.99335,453.7674,666005,666093,88
127,60,down_bound,322,512.3301,476.073,666205,666302,97
127,0,blank,0,0,0,666403,666578,175
127,0,blank,0,0,0,666578,666756,178
127,0,blank,0,0,0,666756,666879,123
127,76,->,417,481.3989,405.2153,667143,667384,241
127,24,new_value,133,541.9853,520.5454,667558,667790,232
127,40,Item,224,489.2478,535.0488,667790,667884,94
127,24,int,132,468.7469,523.68645,668019,668176,157
127,40,struct,223,405.9723,546.913033333333,668176,668360,184
127,70,begin,387,451.40965,548.4292,668360,668470,110
127,60,down_bound,322,517.6517,611.6103,668504,668654,150
127,0,blank,0,508.1028,592.4405,668654,668848,194
127,83,pre,468,484.134925,570.677225,668848,669022,174
127,96,;,526,477.57384,557.488,669022,669220,198
127,40,Item,224,473.59382,576.42136,669220,669403,183
127,40,Item,224,502.69844,574.70196,669403,669581,178
127,40,position,221,544.11454,580.18506,669581,669748,167
127,0,blank,0,549.078783333333,588.3698,669748,669945,197
127,60,down_bound,322,531.640683333333,609.945166666667,669945,670136,191
127,66,(,367,474.28265,624.5711,670136,670326,190
127,70,begin,387,422.672433333333,631.713416666667,670326,670524,198
127,66,rand_number,366,398.83812,618.05984,670524,670696,172
127,66,rand_number,366,391.94936,622.441,670696,670875,179
127,83,next,470,559.9845,568.28284,670913,671106,193
127,83,next,470,565.1369,564.46015,671106,671281,175
127,83,next,470,555.0391,572.78675,671281,671444,163
127,83,next,470,544.9158,563.8507,671444,671527,83
127,0,blank,0,612.18805,582.2482,671567,671649,82
127,40,position,221,603.55895,578.91185,671649,671819,170
127,84,pre,476,657.0057,568.217,671819,671860,41
127,0,blank,0,475.4632,597.5865,671904,672064,160
127,96,;,526,480.4641,568.967525,672064,672245,181
127,0,blank,0,435.03822,587.32838,672245,672430,185
127,40,Item,224,479.7694,579.8143,672430,672626,196
127,0,blank,0,487.13942,587.96706,672626,672820,194
127,60,down_bound,322,459.9922,611.77382,672820,673011,191
127,60,int,324,403.0061,607.568275,673011,673169,158
127,0,blank,0,0,0,673208,673380,172
127,0,blank,0,0,0,673380,673453,73
127,0,blank,0,0,0,673453,673620,167
127,40,struct,223,407.971433333333,546.7975,673665,673801,136
127,0,blank,0,0,0,673834,674015,181
127,0,blank,0,0,0,674015,674189,174
127,0,blank,0,0,0,674189,674365,176
127,0,blank,0,0,0,674365,674553,188
127,0,blank,0,0,0,674553,674734,181
127,0,blank,0,0,0,674734,674902,168
127,0,blank,0,0,0,674902,675063,161
127,0,blank,0,0,0,675063,675181,118
127,0,blank,0,0,0,675181,675357,176
127,0,blank,0,0,0,675357,675522,165
127,0,blank,0,0,0,675522,675700,178
127,0,blank,0,0,0,675700,675769,69
127,0,blank,0,0,0,675769,676090,321
127,0,blank,0,0,0,676090,676286,196
127,0,blank,0,0,0,676286,676403,117
127,0,blank,0,0,0,676403,676575,172
127,0,blank,0,0,0,676575,676696,121
127,0,blank,0,0,0,676696,676921,225
127,66,up_bound,370,645.5427,622.80218,677044,677215,171
127,0,blank,0,631.4964,638.9572,677215,677317,102
127,79,->,448,595.8549,654.1459,677317,677756,439
127,63,down_bound,340,571.021433333333,669.710466666667,677756,677891,135
127,79,p,441,576.324,658.6682,677891,678027,136
127,79,value,449,643.5546,664.8102,678027,678211,184
127,79,value,449,636.697166666667,664.7731,678211,678334,123
127,96,60,524,463.3198,563.16442,678372,678551,179
127,96,comma,523,408.34785,558.8764,678551,678622,71
127,83,next,470,559.05976,561.59738,678657,678831,174
127,83,next,470,557.04066,556.06588,678831,679009,178
127,24,new_value,133,493.03872,526.7739,679009,679190,181
127,66,down_bound,368,487.923,531.5995,679190,679225,35
127,0,blank,0,0,0,679260,679427,167
127,0,blank,0,0,0,679427,679503,76
127,60,down_bound,322,523.983,489.85515,679538,679705,167
127,0,blank,0,558.23048,494.28672,679705,679882,177
127,60,int,324,592.40498,490.5965,679882,680056,174
127,60,int,324,575.255016666667,484.0104,680056,680255,199
127,60,int,324,572.00655,485.988,680255,680322,67
127,0,blank,0,0,0,680389,680554,165
127,79,pre,445,479.88962,492.11084,680737,680906,169
127,79,pre,445,481.45516,490.8827,680906,681085,179
127,60,down_bound,322,512.4269,481.02354,681085,681262,177
127,79,next,447,507.89015,532.73005,681262,681335,73
127,24,new_value,133,527.023225,522.416325,681409,681562,153
127,76,->,417,459.282425,437.488875,681987,682164,177
127,66,rand_number,366,421.97856,461.62018,682164,682358,194
127,66,rand_number,366,396.810325,462.40125,682358,682530,172
127,66,rand_number,366,423.02885,457.82205,682530,682692,162
127,66,rand_number,366,425.82204,445.62854,682692,682891,199
127,66,rand_number,366,445.40816,457.1854,682891,683083,192
127,66,rand_number,366,453.05808,462.58114,683083,683281,198
127,66,rand_number,366,460.19086,461.744,683281,683478,197
127,66,rand_number,366,461.021125,466.5125,683478,683645,167
127,66,rand_number,366,395.0655,446.21915,683797,683967,170
127,66,rand_number,366,384.631566666667,455.574866666667,683967,684140,173
127,66,rand_number,366,417.07092,470.05888,684140,684334,194
127,63,rand_number,338,417.88154,473.21286,684334,684519,185
127,0,blank,0,0,0,684593,684753,160
127,0,blank,0,0,0,684753,684948,195
127,0,blank,0,0,0,684948,684996,48
127,66,down_bound,368,476.09202,445.7715,685209,685402,193
127,66,rand_number,366,463.5441,463.38642,685402,685583,181
127,66,rand_number,366,453.39312,470.45894,685583,685762,179
127,66,rand_number,366,460.59368,466.28826,685762,685943,181
127,0,blank,0,0,0,685980,686141,161
127,0,blank,0,0,0,686141,686255,114
127,66,rand_number,366,453.89485,450.28645,686299,686402,103
127,0,blank,0,0,0,686476,686561,85
127,0,blank,0,0,0,686561,686677,116
127,76,->,417,480.848775,435.281025,686717,686902,185
127,66,down_bound,368,491.633025,453.415025,686902,687076,174
127,66,down_bound,368,544.2144,467.6831,687076,687243,167
127,66,comma,369,586.60736,464.05916,687243,687426,183
127,66,down_bound,368,572.519866666667,452.456933333333,687426,687530,104
127,60,int,324,569.89005,476.6782,687665,687743,78
127,66,down_bound,368,464.62965,448.242375,687777,687914,137
127,76,->,417,469.636625,439.68715,687914,688081,167
127,76,->,417,499.784733333333,427.417966666667,688081,688184,103
127,66,up_bound,370,642.21724,470.77022,688218,688396,178
127,66,rand_number,366,473.5812,457.8866,688430,688464,34
127,66,down_bound,368,490.7534,450.75702,688533,688708,175
127,66,(,367,475.599975,450.223925,688708,688846,138
127,66,down_bound,368,505.568125,456.09545,688846,689024,178
127,63,down_bound,340,514.0355,391.1855,689024,689062,38
127,0,blank,0,0,0,689101,689163,62
127,0,blank,0,0,0,689215,689395,180
127,60,down_bound,322,502.51624,479.33012,689438,689625,187
127,79,pre,445,487.8007,486.754133333333,689625,689744,119
127,0,blank,0,0,0,689903,690046,143
127,66,down_bound,368,520.53012,468.12694,690088,690263,175
127,66,down_bound,368,506.1426,464.54524,690263,690446,183
127,66,down_bound,368,500.6327,466.83898,690446,690628,182
127,60,down_bound,322,458.39254,479.11886,690628,690817,189
127,79,pre,445,458.62384,491.99746,690817,691002,185
127,79,pre,445,488.45294,503.46176,691002,691184,182
127,24,new_value,133,491.77546,511.52014,691184,691356,172
127,79,pre,445,494.26676,502.67074,691356,691527,171
127,79,pre,445,476.00248,491.68834,691527,691708,181
127,79,pre,445,458.66798,487.74952,691708,691878,170
127,79,pre,445,435.64895,502.431833333333,691878,692077,199
127,24,begin,130,421.941183333333,517.452166666667,692077,692272,195
127,24,comma,131,430.054083333333,515.919733333333,692272,692468,196
127,24,new_value,133,487.697533333333,523.088916666667,692468,692665,197
127,40,Item,224,483.311666666667,540.433833333333,692665,692859,194
127,79,pre,445,434.28934,510.95666,692859,693029,170
127,79,pre,445,330.70355,505.08725,693029,693096,67
127,0,blank,0,0,0,693161,693335,174
127,0,blank,0,0,0,693335,693463,128
127,24,new_value,133,503.8094,526.1039,693643,693677,34
127,0,blank,0,0,0,693740,693921,181
127,66,down_bound,368,485.553225,469.7871,694178,694372,194
127,60,down_bound,322,451.42108,485.07528,694372,694565,193
127,66,rand_number,366,429.57546,468.30264,694565,694752,187
127,60,int,324,433.7159,475.1847,694752,694791,39
127,60,down_bound,322,515.49685,488.43595,694827,694995,168
127,0,blank,0,556.255975,485.2422,694995,695139,144
127,66,up_bound,370,648.7829,458.6701,695176,695214,38
127,0,blank,0,0,0,695247,695413,166
127,0,blank,0,0,0,695413,695563,150
127,0,blank,0,0,0,695563,695755,192
127,0,blank,0,0,0,695755,695873,118
127,0,blank,0,592.161666666667,714.5078,695948,696135,187
127,63,down_bound,340,519.1304,471.3509,696192,696304,112
127,40,position,221,558.8828,533.8091,696449,696497,48
127,40,position,221,542.3237,502.1992,696497,696666,169
127,40,comma,222,616.9639,501.28785,696979,697155,176
127,40,position,221,591.5625,511.0382,697318,697367,49
127,66,up_bound,370,660.7791,467.8202,697470,697518,48
127,63,),344,666.4871,385.30605,697620,697713,93
127,76,->,417,533.37345,421.3316,697785,697860,75
127,76,->,417,523.168675,412.075425,697897,698075,178
127,76,->,417,542.878533333333,399.555166666667,698179,698349,170
127,76,->,417,546.433,422.59595,698349,698486,137
127,66,up_bound,370,627.7089,361.1025,698554,698686,132
127,0,blank,0,624.3434,287.4067,699108,699201,93
127,60,comma,323,572.1306,604.6186,699558,699690,132
127,0,blank,0,589.3476,582.9131,699797,699894,97
127,60,int,324,601.0414,600.9889,699894,700005,111
127,0,blank,0,518.8907,751.6686,700674,700750,76
127,0,blank,0,469.1751,709.9063,701348,701444,96
127,60,down_bound,322,519.2834,600.0861,701480,701624,144
127,63,down_bound,340,479.2887,665.0814,701624,701700,76
127,0,blank,0,432.2809,711.1055,701700,702217,517
127,0,blank,0,499.0874,733.9679,702520,702632,112
127,0,blank,0,469.4872,745.3501,702632,702726,94
127,0,blank,0,525.4417,716.0795,702726,702834,108
127,0,blank,0,627.5248,715.65435,703249,703420,171
127,79,value,449,643.0745,650.9738,703420,703455,35
127,0,blank,0,600.6686,781.9165,703488,703528,40
127,0,blank,0,592.3852,735.9283,703596,703637,41
127,0,blank,0,0,0,703961,704148,187
127,0,blank,0,0,0,704148,704255,107
127,0,blank,0,0,0,704255,704463,208
127,0,blank,0,0,0,704463,704513,50
127,0,blank,0,563.7009,763.0884,704605,704716,111
127,0,blank,0,0,0,704859,704973,114
127,0,blank,0,0,0,704973,705274,301
127,0,blank,0,0,0,705274,705584,310
127,0,blank,0,0,0,705584,705933,349
127,0,blank,0,0,0,705933,706073,140
127,0,blank,0,0,0,706073,706154,81
127,0,blank,0,0,0,706154,706809,655
127,0,blank,0,0,0,706809,706986,177
127,0,blank,0,0,0,706986,707018,32
127,72,struct,390,1238.241,472.974233333333,707185,707382,197
127,60,up_bound,325,640.060275,324.57975,707516,707673,157
127,72,struct,390,677.6961,324.8021,707673,707809,136
127,72,struct,390,690.2119,302.5222,707809,707882,73
127,0,blank,0,804.529825,254.6059,707944,708114,170
127,72,struct,390,799.7614,267.9486,708114,708236,122
127,0,blank,0,543.26514,359.44172,708308,708486,178
127,0,blank,0,526.86972,342.4389,708486,708667,181
127,24,int,132,463.554375,528.243925,708702,708877,175
127,79,pre,445,441.81206,513.38122,708877,709066,189
127,0,blank,0,470.07095,589.054125,709066,709228,162
127,79,pre,445,467.08155,502.412525,709228,709394,166
127,79,pre,445,467.5413,491.6969,709394,709432,38
128,0,blank,0,0,0,721307,721444,137
128,0,blank,0,0,0,721564,721641,77
128,0,blank,0,0,0,721641,721967,326
128,0,blank,0,0,0,721967,722054,87
128,0,blank,0,0,0,722054,722280,226
128,0,blank,0,0,0,722280,722473,193
128,0,blank,0,0,0,722473,722562,89
128,0,blank,0,0,0,722562,722738,176
128,0,blank,0,0,0,722738,722903,165
128,0,blank,0,0,0,722903,723041,138
128,0,blank,0,0,0,723041,723171,130
128,0,blank,0,0,0,723171,723343,172
128,0,blank,0,0,0,723343,723488,145
128,0,blank,0,0,0,723488,723665,177
128,0,blank,0,0,0,723665,723866,201
128,0,blank,0,0,0,723866,723955,89
128,0,blank,0,0,0,723955,724174,219
128,0,blank,0,0,0,724174,724358,184
128,0,blank,0,0,0,724358,724527,169
128,0,blank,0,0,0,724527,724725,198
128,0,blank,0,0,0,724725,724851,126
128,0,blank,0,361.362,867.5147,725126,725251,125
128,0,blank,0,396.11675,881.5009,725251,725445,194
128,0,blank,0,0,0,725793,725964,171
128,0,blank,0,0,0,725964,726141,177
128,0,blank,0,0,0,726141,726272,131
128,0,blank,0,0,0,726272,726390,118
128,0,blank,0,0,0,726390,726735,345
128,0,blank,0,0,0,726735,726912,177
128,0,blank,0,0,0,726912,727019,107
128,0,blank,0,0,0,727414,727592,178
128,0,blank,0,0,0,727592,727980,388
128,0,blank,0,0,0,727980,728171,191
128,0,blank,0,0,0,728171,728755,584
128,0,blank,0,0,0,728755,728952,197
128,0,blank,0,0,0,729402,729446,44
128,0,blank,0,0,0,729446,729648,202
128,0,blank,0,0,0,729648,729804,156
128,0,blank,0,1255.841,606.2134,729848,729870,22
128,0,blank,0,1194.934,410.7038,729978,730005,27
128,0,blank,0,0,0,730586,730692,106
128,0,blank,0,0,0,730692,730857,165
128,0,blank,0,0,0,730857,730992,135
128,0,blank,0,0,0,730992,731073,81
128,0,blank,0,0,0,731073,731194,121
128,0,blank,0,0,0,731194,731387,193
128,0,blank,0,0,0,731387,731577,190
128,0,blank,0,0,0,731577,731768,191
128,0,blank,0,0,0,731768,731966,198
128,30,new_value,165,463.839,317.8608,732116,732143,27
128,0,blank,0,0,0,732197,732261,64
128,0,blank,0,0,0,732517,732698,181
128,0,blank,0,0,0,732698,732809,111
129,60,down_bound,322,460.86342,324.55276,742414,742596,182
129,30,int,164,403.65846,314.60076,742596,742775,179
129,30,comma,163,362.13542,316.63702,742775,742952,177
129,30,int,164,366.70266,317.6354,742952,743136,184
129,85,;,492,405.68315,316.4833,743136,743282,146
129,72,struct,390,1252.25375,305.754675,743358,743518,160
129,0,blank,0,1333.8818,294.86686,743518,743706,188
129,0,blank,0,1339.5394,303.23818,743706,743890,184
129,0,blank,0,1327.537,290.593,743890,743928,38
129,0,blank,0,0,0,743965,744151,186
129,0,blank,0,0,0,744151,744233,82
129,60,down_bound,322,454.3744,321.43138,744273,744452,179
129,66,rand_number,366,428.91892,468.91892,744490,744683,193
129,66,down_bound,368,503.43118,455.86236,744683,744871,188
129,66,comma,369,588.7859,462.6401,744871,745061,190
129,66,up_bound,370,666.15026,458.66654,745061,745245,184
129,40,position,221,584.7049,551.50076,745284,745471,187
129,60,int,324,580.193366666667,489.113266666667,745471,745583,112
129,0,blank,0,529.66576,354.31944,745659,745851,192
129,0,blank,0,517.4681,353.6411,745851,745890,39
130,60,up_bound,325,607.3561,309.42088,750436,750622,186
130,63,up_bound,342,625.05304,294.89048,750622,750811,189
130,70,*,386,599.7888,284.81086,750811,750997,186
130,70,Item,385,563.24082,266.12264,750997,751186,189
130,63,comma,341,575.1311,263.7583,751186,751375,189
130,66,down_bound,368,560.28395,233.83715,751375,751451,76
130,66,up_bound,370,591.606833333333,529.8834,751491,751606,115
131,70,insertion_sort,382,479.9614,273.463525,755435,755602,167
131,63,down_bound,340,493.03002,304.35034,755602,755798,196
131,63,down_bound,340,522.93606,303.1644,755798,755985,187
131,63,down_bound,340,524.43838,299.518,755985,756166,181
131,70,struct,384,525.7557,283.91916,756166,756348,182
131,0,blank,0,526.01766,291.21716,756348,756517,169
131,70,struct,384,522.8592,281.25224,756517,756684,167
131,70,insertion_sort,382,461.69936,273.92206,756684,756858,174
131,63,down_bound,340,482.57168,258.33168,756858,757056,198
131,70,struct,384,525.13236,274.9135,757056,757252,196
131,63,down_bound,340,501.78554,265.62618,757252,757447,195
131,60,down_bound,322,447.75844,231.29388,757447,757640,193
131,66,rand_number,366,435.22075,244.6657,757640,757740,100
131,26,new_value,143,384.2871,229.6913,757740,757859,119
131,66,push_front,362,385.8612,214.4948,757859,758020,161
131,84,next,480,407.73528,293.8604,758354,758533,179
131,60,int,324,442.27585,329.813966666667,758533,758726,193
131,60,int,324,446.215566666667,335.226933333333,758726,758922,196
131,30,new_value,165,463.615583333333,316.85345,758922,759120,198
131,30,new_value,165,468.68752,293.28688,759120,759287,167
131,70,insertion_sort,382,483.0028,284.25114,759287,759454,167
131,63,rand_number,338,457.495033333333,298.017383333333,759454,759652,198
131,70,insertion_sort,382,461.309533333333,278.980683333333,759652,759850,198
131,84,next,480,440.436683333333,295.468933333333,759850,760049,199
131,84,;,481,445.31162,293.60638,760049,760219,170
131,84,next,480,431.49408,300.17586,760219,760394,175
131,84,next,480,431.22228,301.15962,760394,760560,166
131,0,blank,0,725.25478,333.46728,760595,760778,183
131,0,blank,0,742.508475,330.089075,760778,760949,171
131,72,struct,390,842.8484,321.1881,760949,761051,102
131,60,up_bound,325,663.2927,491.5872,761310,761395,85
131,76,->,417,555.49875,408.3189,761774,761858,84
131,60,down_bound,322,465.194975,245.12885,761942,762110,168
131,26,),144,400.53234,231.3677,762110,762287,177
131,66,push_front,362,401.78262,200.31036,762287,762457,170
131,24,begin,130,393.97942,189.29742,762457,762640,183
131,66,push_front,362,392.1837,214.18402,762640,762813,173
131,66,push_front,362,372.0856,209.44835,762813,762892,79
131,0,blank,0,0,0,763530,763691,161
131,0,blank,0,0,0,763691,763783,92
131,0,blank,0,0,0,763979,764105,126
131,70,insertion_sort,382,469.188275,284.10865,764171,764335,164
131,60,down_bound,322,465.12918,309.85092,764335,764528,193
131,30,new_value,165,486.69982,315.12954,764528,764720,192
131,60,down_bound,322,502.55014,336.92724,764720,764910,190
131,60,down_bound,322,506.37664,315.01064,764910,765101,191
131,66,rand_number,366,430.21278,252.35584,765101,765289,188
131,60,down_bound,322,472.37714,246.50946,765289,765478,189
131,66,push_front,362,432.3994,214.25064,765478,765663,185
131,66,push_front,362,417.20534,216.3539,765663,765845,182
131,60,int,324,410.84148,245.85284,765845,766035,190
131,66,rand_number,366,423.962,252.0993,766035,766071,36
132,0,blank,0,0,0,768649,768741,92
132,70,insertion_sort,382,423.695533333333,467.006933333333,768904,769082,178
132,66,rand_number,366,419.1745,441.65416,769082,769276,194
132,66,down_bound,368,468.02676,449.53164,769276,769462,186
132,66,rand_number,366,473.96272,454.73196,769462,769660,198
132,0,blank,0,533.617066666667,499.690933333333,769660,769791,131
132,66,rand_number,366,432.72672,443.02704,769828,770024,196
132,66,rand_number,366,416.5872,451.1803,770024,770061,37
132,63,down_bound,340,523.39814,461.64306,770099,770284,185
132,66,down_bound,368,541.93352,458.77604,770284,770474,190
132,66,comma,369,593.473466666667,452.353966666667,770474,770592,118
132,0,blank,0,1282.858,314.7536,770754,770948,194
132,0,blank,0,1325.0118,322.46668,770948,771137,189
132,0,blank,0,1303.4986,316.8201,771137,771328,191
132,0,blank,0,1305.3534,302.27312,771328,771518,190
132,0,blank,0,0,0,771594,771776,182
132,70,Item,385,371.253875,628.800325,771872,772048,176
132,70,Item,385,387.2879,631.4597,772048,772092,44
132,0,blank,0,0,0,772255,772369,114
132,66,down_bound,368,504.728275,620.7182,772422,772596,174
132,0,blank,0,508.029,636.35392,772596,772786,190
132,66,down_bound,368,533.51372,626.49858,772786,772977,191
132,101,print,549,496.0034,671.10925,772977,773133,156
132,0,blank,0,524.655325,766.9032,773170,773339,169
132,0,blank,0,514.2103,771.2993,773339,773470,131
132,0,blank,0,558.63255,731.26555,773470,773585,115
132,0,blank,0,563.79205,711.07765,773585,773753,168
132,79,&&,440,555.0383,664.447,773753,773880,127
132,79,&&,440,579.2228,618.3274,773880,773961,81
132,40,Item,224,495.9162,564.7405,773961,774100,139
132,0,blank,0,531.4032,574.3638,774100,774175,75
132,75,struct,409,616.8893,546.7324,774533,774651,118
132,66,down_bound,368,530.1318,364.0565,774826,774857,31
132,40,position,221,591.1401,501.4686,774898,774944,46
132,63,down_bound,340,542.519866666667,390.0829,774984,775149,165
132,0,blank,0,544.080933333333,425.443366666667,775231,775351,120
133,40,struct,223,641.95975,505.25805,780550,780697,147
133,60,down_bound,322,519.064466666667,491.6216,780734,780879,145
133,0,blank,0,0,0,780999,781162,163
133,0,blank,0,0,0,781162,781255,93
133,0,blank,0,0,0,781255,781437,182
133,0,blank,0,0,0,781437,781626,189
133,0,blank,0,0,0,781626,781663,37
133,0,blank,0,0,0,781663,781919,256
133,0,blank,0,0,0,781919,782173,254
133,0,blank,0,0,0,782173,782240,67
133,0,blank,0,0,0,782240,782510,270
133,0,blank,0,0,0,782510,782807,297
133,0,blank,0,0,0,782807,782947,140
133,0,blank,0,0,0,783437,783618,181
133,0,blank,0,0,0,783618,784135,517
133,0,blank,0,0,0,784135,784391,256
133,0,blank,0,0,0,784391,784911,520
133,0,blank,0,0,0,784911,785068,157
133,0,blank,0,0,0,785068,785278,210
133,0,blank,0,0,0,785278,785356,78
133,0,blank,0,0,0,785356,785651,295
133,0,blank,0,0,0,785651,785951,300
133,0,blank,0,0,0,785951,785986,35
133,0,blank,0,0,0,785986,787493,1507
133,0,blank,0,0,0,787493,787635,142
133,0,blank,0,0,0,787951,788971,1020
133,0,blank,0,0,0,788971,789164,193
133,0,blank,0,0,0,789164,789289,125
133,0,blank,0,0,0,789289,789561,272
133,0,blank,0,0,0,789561,789683,122
133,0,blank,0,0,0,789683,790131,448
133,0,blank,0,0,0,790131,790289,158
133,0,blank,0,0,0,790289,790465,176
133,0,blank,0,0,0,790465,790628,163
133,0,blank,0,0,0,790628,790717,89
133,0,blank,0,0,0,790717,790878,161
133,0,blank,0,0,0,790878,791026,148
133,0,blank,0,0,0,791305,791354,49
133,60,down_bound,322,457.0814,490.3398,791631,791692,61
133,66,down_bound,368,489.0435,447.6743,791692,791947,255
133,60,down_bound,322,533.4625,486.0289,792201,792254,53
133,73,begin,402,402.6237,537.1609,792378,792430,52
133,66,up_bound,370,631.8574,456.1431,792593,792696,103
133,79,<,444,686.594566666667,539.0019,792919,793114,195
133,40,*,225,750.190875,547.110475,793392,793579,187
133,40,new_Item,226,763.66922,547.16308,793579,793771,192
133,79,next,447,754.0889,538.9904,793771,793808,37
133,75,struct,409,617.7851,530.16795,794226,794418,192
133,60,up_bound,325,625.60416,485.152,794418,794609,191
133,66,up_bound,370,627.6363,457.769,794609,794687,78
133,40,position,221,595.4837,401.125,794723,794813,90
133,0,blank,0,0,0,794896,795092,196
133,0,blank,0,0,0,795092,795190,98
133,0,blank,0,0,0,795190,795394,204
133,0,blank,0,0,0,795394,795593,199
133,0,blank,0,0,0,795593,795767,174
133,0,blank,0,0,0,795767,795962,195
133,0,blank,0,0,0,795962,795987,25
133,0,blank,0,0,0,795987,796215,228
133,0,blank,0,0,0,796215,796254,39
133,0,blank,0,0,0,796254,796457,203
133,0,blank,0,0,0,796457,796651,194
133,0,blank,0,0,0,796651,796828,177
133,0,blank,0,0,0,796828,797009,181
133,0,blank,0,0,0,797009,797207,198
133,0,blank,0,0,0,797207,797405,198
133,0,blank,0,0,0,797405,797552,147
133,0,blank,0,0,0,797552,797727,175
133,0,blank,0,0,0,797727,797909,182
133,0,blank,0,0,0,797909,798015,106
133,0,blank,0,0,0,798015,798130,115
133,0,blank,0,0,0,798130,798248,118
133,0,blank,0,0,0,798248,798408,160
133,0,blank,0,0,0,798408,798470,62
133,0,blank,0,0,0,798470,798878,408
133,0,blank,0,0,0,798878,799038,160
133,0,blank,0,0,0,799038,799168,130
133,0,blank,0,0,0,799168,799328,160
133,0,blank,0,0,0,799328,799502,174
133,0,blank,0,0,0,799502,799677,175
133,0,blank,0,0,0,799677,799823,146
133,0,blank,0,0,0,799823,799995,172
133,0,blank,0,0,0,799995,800201,206
133,0,blank,0,0,0,800201,800376,175
133,0,blank,0,0,0,800376,800570,194
133,0,blank,0,0,0,800570,801332,762
133,0,blank,0,0,0,801332,801508,176
133,0,blank,0,0,0,801508,801829,321
133,0,blank,0,0,0,801829,801903,74
133,0,blank,0,0,0,801903,802099,196
133,0,blank,0,0,0,802099,802245,146
133,0,blank,0,0,0,802245,802437,192
133,0,blank,0,0,0,802437,802633,196
133,0,blank,0,0,0,802633,802746,113
133,0,blank,0,0,0,802746,802918,172
133,0,blank,0,0,0,802918,803112,194
133,0,blank,0,0,0,803112,803288,176
133,0,blank,0,0,0,803288,803466,178
133,0,blank,0,0,0,803466,803635,169
133,0,blank,0,0,0,803635,803810,175
133,0,blank,0,0,0,803810,803994,184
133,0,blank,0,0,0,803994,804172,178
133,0,blank,0,0,0,804172,804328,156
133,0,blank,0,0,0,804328,804505,177
133,0,blank,0,0,0,804505,804689,184
133,0,blank,0,0,0,804689,804797,108
133,0,blank,0,0,0,804797,804951,154
133,0,blank,0,0,0,804951,805140,189
133,0,blank,0,0,0,805140,805211,71
133,0,blank,0,948.486,416.87685,805265,805401,136
133,0,blank,0,0,0,805865,805951,86
133,0,blank,0,556.55765,437.30445,806189,806302,113
133,0,blank,0,606.1389,439.7377,806302,806471,169
133,66,up_bound,370,636.43136,448.1348,806471,806658,187
133,66,up_bound,370,641.66948,447.66342,806658,806851,193
133,72,struct,390,666.29098,491.29172,806851,807040,189
133,79,->,448,747.35822,555.6185,807040,807238,198
133,0,blank,0,825.54814,587.4482,807238,807428,190
133,0,blank,0,942.334775,605.6758,807428,807590,162
133,0,blank,0,904.40924,615.72154,807687,807881,194
133,0,blank,0,970.9315,609.4865,807881,807958,77
133,79,pre,445,750.209933333333,609.244033333333,808199,808375,176
133,0,blank,0,0,0,808565,808679,114
133,72,struct,390,915.514,509.6374,808875,808979,104
133,0,blank,0,887.2367,430.3019,808979,809091,112
133,72,struct,390,847.1972,488.72775,809246,809367,121
133,0,blank,0,0,0,809705,809862,157
133,0,blank,0,915.97795,444.908,810156,810219,63
133,0,blank,0,0,0,810316,810502,186
133,0,blank,0,0,0,810502,810694,192
133,0,blank,0,0,0,810694,810862,168
133,0,blank,0,0,0,810862,811020,158
133,0,blank,0,0,0,811020,811131,111
133,0,blank,0,0,0,811131,811312,181
133,0,blank,0,0,0,811312,811501,189
133,0,blank,0,0,0,811501,811697,196
133,0,blank,0,0,0,811697,811895,198
133,0,blank,0,0,0,811895,812092,197
133,0,blank,0,0,0,812092,812253,161
133,0,blank,0,0,0,812253,812383,130
133,0,blank,0,0,0,812383,812544,161
133,0,blank,0,0,0,812544,812719,175
133,0,blank,0,0,0,812719,812808,89
133,0,blank,0,0,0,812808,812950,142
133,0,blank,0,0,0,812950,813065,115
133,0,blank,0,0,0,813065,813191,126
133,0,blank,0,0,0,813191,813371,180
133,0,blank,0,0,0,813371,813553,182
133,0,blank,0,0,0,813553,813721,168
133,0,blank,0,0,0,813721,813816,95
133,0,blank,0,0,0,813816,814188,372
133,0,blank,0,0,0,814188,814302,114
133,0,blank,0,0,0,814302,814483,181
133,0,blank,0,0,0,814483,814601,118
133,0,blank,0,0,0,814601,814766,165
133,0,blank,0,0,0,814766,814961,195
133,0,blank,0,0,0,814961,815060,99
133,0,blank,0,0,0,815060,815166,106
133,0,blank,0,0,0,815166,815464,298
133,0,blank,0,0,0,815464,815634,170
133,0,blank,0,415.9761,1.18756666666667,815669,815757,88
133,0,blank,0,0,0,815980,816117,137
133,0,blank,0,0,0,816117,816275,158
133,0,blank,0,0,0,816275,816479,204
133,0,blank,0,0,0,816479,816580,101
133,0,blank,0,0,0,816580,816874,294
133,0,blank,0,0,0,816874,816943,69
133,0,blank,0,0,0,816943,817209,266
133,0,blank,0,0,0,817209,817270,61
133,0,blank,0,0,0,817270,817453,183
133,63,up_bound,342,650.9223,669.7791,817617,817748,131
133,0,blank,0,610.77405,593.5458,817748,817930,182
133,0,blank,0,628.1224,578.88295,817930,818038,108
133,0,blank,0,710.4459,622.355733333333,818096,818293,197
133,74,Item,405,515.129866666667,529.213666666667,818337,818505,168
133,74,struct,404,463.23448,544.44486,818505,818691,186
133,74,struct,404,458.19995,540.37385,818691,818764,73
133,0,blank,0,0,0,818836,818939,103
133,0,blank,0,0,0,818939,819171,232
133,0,blank,0,0,0,819171,819362,191
133,0,blank,0,0,0,819362,819547,185
133,96,comma,523,440.22608,555.64864,819583,819780,197
133,74,struct,404,447.58684,540.26544,819780,819975,195
133,74,struct,404,502.36846,547.93228,819975,820164,189
133,40,*,225,519.3063,574.343733333333,820164,820284,120
133,0,blank,0,466.130125,591.775025,820323,820486,163
133,96,60,524,450.274375,573.3959,820486,820654,168
133,74,struct,404,484.27785,539.89595,820654,820744,90
133,0,blank,0,1310.0495,408.6244,820859,821027,168
133,0,blank,0,1238.55875,452.343375,821027,821187,160
133,0,blank,0,0,0,821459,821530,71
133,0,blank,0,1228.163,421.5214,821607,821730,123
133,72,struct,390,1197.039,471.16155,821730,821888,158
133,84,next,480,439.3783,309.929825,821967,822136,169
133,66,rand_number,366,442.0683,368.07336,822136,822332,196
133,63,(,339,455.57285,393.0628,822332,822483,151
133,24,int,132,473.238,524.63262,822518,822697,179
133,40,Item,224,485.90974,550.13418,822697,822875,178
133,74,struct,404,478.5876,538.4035,822875,822946,71
133,0,blank,0,583.1642,354.46282,822980,823169,189
133,66,down_bound,368,548.716675,368.5813,823169,823345,176
133,30,new_value,165,482.76174,282.96278,823345,823528,183
133,66,down_bound,368,521.54094,272.04866,823528,823715,187
133,66,down_bound,368,560.25238,286.87246,823715,823893,178
134,0,blank,0,836.65402,266.0947,824447,824632,185
134,63,down_bound,340,514.28594,298.75478,824796,824970,174
134,63,up_bound,342,609.20278,303.53666,824970,825157,187
134,63,up_bound,342,623.465575,306.347975,825157,825310,153
135,0,blank,0,461.4692,793.53165,832753,832913,160
135,0,blank,0,481.056033333333,692.271266666667,832944,833139,195
135,0,blank,0,483.7041,691.333433333333,833139,833338,199
135,0,blank,0,491.9479,698.0812,833338,833371,33
135,0,blank,0,0,0,833438,833627,189
135,0,blank,0,0,0,833627,833805,178
135,0,blank,0,0,0,833805,833971,166
135,0,blank,0,0,0,833971,834164,193
135,0,blank,0,0,0,834164,834252,88
135,0,blank,0,403.98538,848.7709,834518,834693,175
135,0,blank,0,394.30724,840.91136,834693,834865,172
135,0,blank,0,397.9248,852.18906,834865,835038,173
135,0,blank,0,389.3185,850.70255,835038,835107,69
135,0,blank,0,488.7456,751.29934,835141,835336,195
135,0,blank,0,522.51188,723.78252,835336,835514,178
135,0,blank,0,508.950325,705.24255,835514,835711,197
135,63,down_bound,340,518.52925,678.242,835711,835849,138
135,0,blank,0,490.7519,726.1176,835888,836068,180
135,0,blank,0,541.3219,783.0795,836068,836146,78
135,0,blank,0,0,0,836175,836377,202
135,0,blank,0,0,0,836377,836555,178
135,0,blank,0,0,0,836555,836658,103
135,0,blank,0,0,0,836658,836797,139
135,0,blank,0,0,0,836797,836936,139
135,0,blank,0,808.8643,1.1705,836992,837018,26
135,0,blank,0,630.9763,1.1042,837663,837737,74
135,0,blank,0,495.200433333333,753.805666666667,837890,838054,164
135,0,blank,0,508.9756,759.29925,838054,838162,108
135,0,blank,0,503.324,816.1487,838365,838411,46
135,0,blank,0,0,0,838938,839074,136
135,0,blank,0,0,0,839074,839173,99
135,0,blank,0,0,0,839173,839282,109
135,0,blank,0,0,0,839282,839449,167
135,0,blank,0,0,0,839449,839728,279
135,0,blank,0,0,0,839728,840055,327
135,0,blank,0,0,0,840055,840245,190
135,0,blank,0,0,0,840245,840425,180
135,0,blank,0,0,0,840425,840595,170
135,0,blank,0,0,0,840595,840777,182
135,0,blank,0,0,0,840777,840960,183
135,0,blank,0,0,0,840960,841137,177
135,0,blank,0,0,0,841137,841323,186
135,0,blank,0,0,0,841323,841484,161
135,0,blank,0,0,0,841484,841741,257
135,0,blank,0,0,0,841741,841880,139
135,0,blank,0,0,0,841880,842103,223
135,0,blank,0,0,0,842103,842446,343
135,0,blank,0,0,0,842446,843058,612
135,0,blank,0,0,0,843058,843235,177
135,0,blank,0,0,0,843235,843413,178
135,0,blank,0,0,0,843413,843508,95
135,0,blank,0,0,0,843508,844049,541
135,0,blank,0,0,0,844049,844244,195
135,0,blank,0,0,0,844244,844343,99
135,66,up_bound,370,628.007166666667,250.937533333333,844482,844639,157
135,66,up_bound,370,613.1801,240.113866666667,844639,844802,163
135,66,up_bound,370,606.36975,234.19785,844904,845103,199
