Frameno_fix,lineno_fix,Tokenname_fix,tokens_id,gaze_X_fix,gaze_Y_fix,timestamp_fix_start,timestamp_fix_end,time_duration
100,0,blank,0,58.23706,-82.64294,3876,4030,154
100,0,blank,0,261.593283333333,81.0621166666667,4060,4248,188
100,0,blank,0,264.493,78.5632333333333,4248,4433,185
100,0,blank,0,314.43935,-14.67945,4433,4619,186
100,0,blank,0,401.8834,-29.3499333333333,4619,4804,185
100,0,blank,0,448.9612,-26.98475,4804,4865,61
100,0,blank,0,595.40475,-14.13375,4896,5020,124
100,0,blank,0,-323,-105,5054,5133,79
100,1,Number,13,447.7328,19.7835,5166,5207,41
100,0,blank,0,145.0587,-20.9269,5299,5480,181
100,0,blank,0,65.1713,-20.83555,5480,5666,186
100,0,blank,0,150.524883333333,-10.29425,5666,5851,185
100,1,Program,4,132.358516666667,22.1472833333333,5851,6036,185
100,0,blank,0,260.74325,-21.30625,6066,6251,185
100,0,blank,0,346.2185,-21.5935833333333,6251,6437,186
100,0,blank,0,334.6644,-5.1857,6437,6469,32
100,0,blank,0,466.25025,-3.93435,6502,6638,136
100,0,blank,0,461.4825,-7.4646,6638,6752,114
100,0,blank,0,545.5648,-13.76705,6752,6929,177
100,0,blank,0,546.5499,-12.85735,6929,6997,68
100,1,given,9,373.37476,4.32258,7029,7190,161
100,0,blank,0,-323,-105,7224,7282,58
100,0,blank,0,101.574,65.8388,7309,7362,53
100,0,blank,0,143.964983333333,94.3866833333334,7425,7602,177
100,0,blank,0,153.306683333333,107.647466666667,7602,7793,191
100,0,blank,0,101.1376,104.281866666667,7793,7980,187
100,0,blank,0,77.2133833333333,97.956,7980,8167,187
100,0,blank,0,50.69185,96.7314666666667,8167,8354,187
100,0,blank,0,34.0744166666667,92.76485,8354,8541,187
100,4,int,23,31.81635,84.815025,8541,8665,124
100,0,blank,0,-323,-105,8696,8727,31
100,0,blank,0,135.3029,600.0303,8753,8778,25
100,4,main,24,60.5980666666667,78.621,8827,9000,173
100,4,main,24,75.6291166666667,84.3381,9000,9184,184
100,4,main,24,80.43895,89.4597166666667,9184,9371,187
100,0,blank,0,99.8230333333333,100.65305,9371,9558,187
100,0,blank,0,115.042083333333,107.483366666667,9558,9744,186
100,0,blank,0,114.628,99.7491833333333,9744,9926,182
100,0,blank,0,77.4834833333333,92.4833333333333,9926,10112,186
100,0,blank,0,83.19585,103.472016666667,10112,10297,185
100,0,blank,0,124.8685,107.360533333333,10297,10479,182
100,0,blank,0,139.34905,105.927966666667,10479,10664,185
100,0,blank,0,150.824416666667,104.077666666667,10664,10848,184
100,0,blank,0,179.1765,97.57342,10848,11001,153
100,0,blank,0,-323,-105,11031,11061,30
100,0,blank,0,186.2487,608.2683,11086,11112,26
100,0,blank,0,187.744857142857,108.031114285714,11161,11358,197
100,6,s,33,170.14155,114.248216666667,11358,11541,183
100,0,blank,0,190.650183333333,101.444866666667,11541,11723,182
100,0,blank,0,196.678066666667,107.698116666667,11723,11905,182
100,6,..,36,97.8292666666667,120.003516666667,11905,12088,183
100,6,int,28,51.6787333333333,121.2414,12088,12270,182
100,6,n,29,86.3943833333333,132.012783333333,12270,12450,180
100,6,rem,31,115.155416666667,127.266083333333,12450,12631,181
100,0,blank,0,102.871216666667,129.666616666667,12631,12813,182
100,0,blank,0,153.886616666667,124.079916666667,12813,12996,183
100,0,blank,0,155.8301,121.359433333333,12996,13179,183
100,6,rem,31,140.903016666667,124.5343,13179,13361,182
100,0,blank,0,101.552616666667,104.489816666667,13361,13540,179
100,0,blank,0,-323,-105,13570,13600,30
100,0,blank,0,120.4738,110.18092,13701,13889,188
100,6,..,36,101.245,128.705525,13889,14060,171
100,7,(,40,96.227175,139.054875,14060,14232,172
100,0,blank,0,157.21435,149.106125,14232,14403,171
100,7,..,42,147.853425,155.122675,14403,14574,171
100,7,..,42,145.731383333333,148.185433333333,14574,14753,179
100,7,n,44,183.89215,150.527483333333,14753,14934,181
100,0,blank,0,202.8101,148.746066666667,14934,15114,180
100,0,blank,0,214.809416666667,156.0356,15114,15294,180
100,7,;,46,194.263283333333,155.030083333333,15294,15477,183
100,7,n,44,176.0742,154.2193,15477,15658,181
100,7,&,43,170.996633333333,154.402033333333,15658,15839,181
100,7,;,46,196.438283333333,151.984433333333,15839,16023,184
100,0,blank,0,223.395216666667,155.342816666667,16023,16205,182
100,0,blank,0,251.834683333333,154.3811,16205,16388,183
100,0,blank,0,281.913583333333,151.8956,16388,16574,186
100,8,(,55,219.3004,159.651,16574,16761,187
100,0,blank,0,210.143866666667,154.867433333333,16761,16940,179
100,7,"%d",41,119.7025,152.9425,16940,17091,151
100,0,blank,0,-323,-105,17122,17261,139
100,0,blank,0,-323,-105,17261,17338,77
100,0,blank,0,91.4445142857143,185.294085714286,17362,17557,195
100,0,blank,0,93.1195666666667,201.644816666667,17557,17737,180
100,10,=,66,124.02465,210.7738,17737,17917,180
100,10,rem,65,105.470233333333,218.448816666667,17917,18097,180
100,10,rem,65,91.2102166666667,209.3867,18097,18272,175
100,10,rem,65,94.8300333333333,202.4286,18272,18451,179
100,0,blank,0,121.904633333333,201.34195,18451,18627,176
100,10,n,67,146.18895,206.392566666667,18627,18806,179
100,10,n,67,144.972866666667,202.910416666667,18806,18984,178
100,10,n,67,152.335633333333,212.322,18984,19162,178
100,10,n,67,150.187816666667,209.429883333333,19162,19344,182
100,10,=,66,123.249583333333,213.51075,19344,19520,176
100,10,rem,65,100.921333333333,215.899533333333,19520,19698,178
100,0,blank,0,98.77805,221.931466666667,19698,19877,179
100,11,rem,73,91.8935,224.599666666667,19877,20057,180
100,0,blank,0,73.0313,213.657533333333,20057,20236,179
100,13,s,80,126.405516666667,274.694783333333,20236,20415,179
100,0,blank,0,133.209633333333,268.311766666667,20415,20507,92
100,0,blank,0,-323,-105,20564,20592,28
100,0,blank,0,113.672871428571,283.429942857143,20644,20834,190
100,0,blank,0,122.968516666667,257.4573,20834,21012,178
100,0,blank,0,118.385816666667,260.297033333333,21012,21192,180
100,0,blank,0,118.522933333333,263.77375,21192,21370,178
100,0,blank,0,122.5913,268.91515,21370,21548,178
100,0,blank,0,96.6729333333333,275.11855,21548,21724,176
100,0,blank,0,105.08645,272.723983333333,21724,21903,179
100,13,s,80,125.915166666667,275.519316666667,21903,22082,179
100,0,blank,0,134.34225,264.85155,22082,22142,60
100,0,blank,0,-323,-105,22172,22279,107
100,0,blank,0,99.7869,196.1456,22305,22330,25
100,11,rem,73,93.2903714285714,226.139057142857,22379,22574,195
100,11,rem,73,93.07795,223.9483,22574,22751,177
100,0,blank,0,116.102533333333,235.8329,22751,22928,177
100,11,rem,73,114.66675,238.616083333333,22928,23104,176
100,11,rem,73,113.037466666667,232.180316666667,23104,23279,175
100,11,rem,73,102.1694,229.248816666667,23279,23455,176
100,11,(,72,82.5153,238.638366666667,23455,23632,177
100,0,blank,0,56.5524,219.7034,23632,23811,179
100,0,blank,0,69.0058333333333,237.8884,23811,23987,176
100,0,blank,0,104.0383,256.102766666667,23987,24164,177
100,0,blank,0,106.599833333333,299.939883333333,24164,24343,179
100,0,blank,0,106.910816666667,312.684183333333,24343,24521,178
100,0,blank,0,110.007116666667,282.745266666667,24521,24700,179
100,0,blank,0,124.0282,263.5821,24700,24763,63
100,0,blank,0,-323,-105,24791,24870,79
100,13,=,79,151.612485714286,279.126757142857,24964,25156,192
100,13,s,80,167.96405,286.793966666667,25156,25334,178
100,11,rem,73,103.068866666667,234.582633333333,25334,25512,178
100,11,==,74,129.896483333333,242.372883333333,25512,25689,177
100,11,==,74,134.54055,240.823183333333,25689,25867,178
100,0,blank,0,132.18445,263.964833333333,25867,26047,180
100,0,blank,0,121.091766666667,257.771783333333,26047,26225,178
100,11,rem,73,85.1432833333333,236.824483333333,26225,26404,179
100,11,rem,73,107.859233333333,229.50295,26404,26582,178
100,11,rem,73,102.227433333333,228.847633333333,26582,26761,179
100,11,rem,73,90.25598,234.59006,26761,26916,155
100,0,blank,0,114.7959,277.40155,26916,27081,165
100,0,blank,0,121.0977,242.56335,27081,27274,193
100,0,blank,0,117.997483333333,210.41365,27274,27465,191
100,0,blank,0,81.40815,157.76355,27465,27644,179
100,7,scanf,39,84.38645,147.3918,27644,27824,180
100,0,blank,0,115.6083,134.39455,27824,28004,180
100,0,blank,0,124.654833333333,112.749833333333,28004,28184,180
100,6,s,33,168.1725,119.773966666667,28184,28365,181
100,0,blank,0,170.781816666667,110.333516666667,28365,28547,182
100,0,blank,0,162.8608,161.330616666667,28547,28727,180
100,0,blank,0,154.300716666667,260.438833333333,28727,28910,183
100,0,blank,0,155.699116666667,285.061633333333,28910,29092,182
100,0,blank,0,138.0431,275.263216666667,29092,29273,181
100,0,blank,0,159.255333333333,281.176916666667,29273,29455,182
100,13,=,79,144.128033333333,274.20905,29455,29635,180
100,11,rem,73,112.41815,241.2378,29635,29816,181
100,10,=,66,125.372233333333,213.141316666667,29816,29999,183
100,10,=,66,127.873266666667,203.265233333333,29999,30179,180
100,10,=,66,126.025033333333,209.018383333333,30179,30360,181
100,10,rem,65,110.228216666667,209.783666666667,30360,30539,179
100,0,blank,0,82.4602833333334,196.49555,30539,30718,179
100,0,blank,0,121.107083333333,204.515983333333,30718,30897,179
100,0,blank,0,137.7073,205.17315,30897,31075,178
100,0,blank,0,146.733633333333,196.851583333333,31075,31254,179
100,0,blank,0,107.82205,201.1276,31254,31433,179
100,0,blank,0,103.38318,192.03526,31433,31584,151
100,0,blank,0,-323,-105,31614,31719,105
100,8,i,61,103.8834,166.8864,31754,31802,48
100,7,scanf,39,94.3397285714286,151.824871428571,31866,32063,197
100,0,blank,0,78.4357166666667,166.468616666667,32063,32241,178
100,0,blank,0,88.3606166666667,221.051183333333,32241,32419,178
100,0,blank,0,98.1289,314.780866666667,32419,32595,176
100,16,s,88,84.1128833333333,349.194383333333,32595,32771,176
100,16,(,87,81.6978333333333,349.287483333333,32771,32946,175
100,16,(,87,76.1442166666667,353.3543,32946,33122,176
100,16,(,87,80.0904,342.47155,33122,33180,58
100,9,{,64,43.6181166666667,188.505583333333,33209,33388,179
100,9,{,64,45.7826,194.276075,33388,33507,119
100,16,(,87,81.7798833333333,342.832916666667,33536,33714,178
100,16,s,88,87.1388666666667,349.2608,33714,33890,176
100,0,blank,0,146.651483333333,385.342033333333,33890,34070,180
100,17,"EnteredNumberiscorrect",94,221.216583333333,366.62975,34070,34251,181
100,17,"EnteredNumberiscorrect",94,273.864166666667,365.839366666667,34251,34431,180
100,17,"EnteredNumberiscorrect",94,297.821533333333,371.701333333333,34431,34610,179
100,17,"EnteredNumberiscorrect",94,329.01535,374.261183333333,34610,34789,179
100,19,"EnteredNumberisnotaperfect",100,365.916483333333,408.135183333333,34789,34968,179
100,0,blank,0,368.368183333333,420.242616666667,34968,35145,177
100,19,"EnteredNumberisnotaperfect",100,257.23595,413.724983333333,35145,35326,181
100,19,"EnteredNumberisnotaperfect",100,307.045383333333,405.805933333333,35326,35507,181
100,19,"EnteredNumberisnotaperfect",100,329.211616666667,404.367883333333,35507,35686,179
100,19,"EnteredNumberisnotaperfect",100,344.71375,413.195466666667,35686,35863,177
100,19,"EnteredNumberisnotaperfect",100,377.6239,400.359575,35863,35983,120
100,20,return,103,89.2501166666667,428.962283333333,36013,36193,180
100,19,printf,98,105.871933333333,414.157533333333,36193,36374,181
100,0,blank,0,142.718483333333,397.235616666667,36374,36554,180
100,0,blank,0,165.78795,388.41415,36554,36615,61
100,0,blank,0,158.541485714286,201.034571428571,36901,37091,190
100,0,blank,0,154.474433333333,189.77685,37091,37270,179
100,7,"%d",41,133.6918,153.303166666667,37270,37449,179
100,7,"%d",41,128.553275,152.066675,37449,37568,119
100,0,blank,0,-323,-105,37600,37765,165
100,6,n,29,87.0403,130.262471428571,37793,37992,199
100,7,(,40,102.90605,152.231666666667,37992,38173,181
100,7,"%d",41,114.335833333333,150.98485,38173,38353,180
100,7,scanf,39,84.6924666666667,145.85055,38353,38532,179
100,0,blank,0,94.7421166666667,98.4933333333333,38532,38712,180
100,0,blank,0,89.6156,106.9147,38712,38892,180
100,0,blank,0,58.0102666666667,102.573333333333,38892,39073,181
100,0,blank,0,107.752483333333,105.9618,39073,39254,181
100,0,blank,0,64.5861333333333,60.83725,39254,39436,182
100,0,blank,0,58.80975,59.71325,39436,39498,62
100,0,blank,0,289.2425,-11.1292166666667,39528,39709,181
100,0,blank,0,356.1236,-40.63775,39709,39891,182
100,0,blank,0,361.7339,-37.2124,39891,39921,30
100,0,blank,0,145.957716666667,-8.26866666666667,39951,40134,183
100,1,Program,4,88.4159166666667,10.1944166666667,40134,40318,184
100,1,Program,4,74.6166,12.0350333333333,40318,40502,184
100,0,blank,0,106.221,-7.30705,40502,40685,183
100,0,blank,0,45.1799166666667,-30.96845,40685,40869,184
100,0,blank,0,204.624425,-20.58105,40900,41022,122
100,0,blank,0,-323,-105,41052,41082,30
100,0,blank,0,158.3089,778.2209,41107,41133,26
100,0,blank,0,356.527214285714,-24.0387142857143,41182,41378,196
100,0,blank,0,445.238583333333,-28.6730333333333,41378,41561,183
100,0,blank,0,494.727925,-22.324575,41561,41683,122
100,7,"%d",41,109.920466666667,135.499883333333,41745,41926,181
100,6,n,29,86.9866666666667,120.463266666667,41926,42107,181
100,0,blank,0,58.2416,97.2327833333333,42107,42288,181
100,0,blank,0,66.7087166666667,95.2125666666667,42288,42470,182
100,0,blank,0,83.1080333333333,98.66705,42470,42649,179
100,0,blank,0,123.737,100.42955,42649,42828,179
100,6,rem,31,127.719825,120.864725,42828,42948,120
100,0,blank,0,-323,-105,42979,43033,54
100,0,blank,0,98.2262,627.7768,43059,43084,25
100,6,rem,31,135.740271428571,116.7859,43133,43326,193
100,6,s,33,166.05795,116.846033333333,43326,43507,181
100,0,blank,0,161.015666666667,101.96415,43507,43688,181
100,0,blank,0,179.7093,129.033766666667,43688,43867,179
100,7,"%d",41,127.44715,135.683966666667,43867,44046,179
100,7,"%d",41,106.4522,136.58035,44046,44166,120
100,0,blank,0,-323,-105,44196,44279,83
100,7,"%d",41,135.4453,138.6896,44304,44330,26
100,0,blank,0,116.509266666667,107.929766666667,44391,44561,170
100,0,blank,0,87.6567333333333,109.966283333333,44561,44742,181
100,0,blank,0,86.5067833333333,107.662266666667,44742,44923,181
100,0,blank,0,84.8747666666667,110.64965,44923,45103,180
100,0,blank,0,110.250766666667,125.141983333333,45103,45284,181
100,0,blank,0,110.174766666667,116.55815,45284,45466,182
100,0,blank,0,104.053233333333,114.02725,45466,45646,180
100,6,n,29,92.1268166666667,118.116316666667,45646,45827,181
100,6,n,29,84.0590666666667,127.026416666667,45827,46007,180
100,6,..,36,96.3678833333333,128.869233333333,46007,46188,181
100,0,blank,0,119.081383333333,101.584833333333,46188,46371,183
100,0,blank,0,115.3302,105.4976,46371,46401,30
100,0,blank,0,-323,-105,46432,46575,143
100,7,(,40,99.7299,136.3104,46601,46795,194
100,0,blank,0,95.8143166666667,133.719433333333,46795,46978,183
100,0,blank,0,91.2412333333333,133.14885,46978,47160,182
100,7,scanf,39,78.35308,146.20046,47160,47323,163
100,7,(,40,97.8588,150.47745,47323,47495,172
100,7,(,40,101.7674,138.245,47495,47611,116
100,7,"%d",41,104.4564,141.7661,47611,47800,189
100,7,(,40,100.054766666667,142.99635,47800,47981,181
100,7,scanf,39,76.7639833333333,154.765916666667,47981,48161,180
100,8,for,47,64.50115,158.7868,48161,48344,183
100,0,blank,0,38.9183166666667,151.48155,48344,48522,178
100,7,scanf,39,44.5247833333333,142.0771,48522,48703,181
100,7,scanf,39,45.7040833333333,143.06615,48703,48888,185
100,7,scanf,39,85.71255,150.997483333333,48888,49069,181
100,7,scanf,39,87.5801666666667,153.51095,49069,49249,180
100,7,scanf,39,86.12015,149.209266666667,49249,49432,183
100,8,=,50,121.18475,158.105266666667,49432,49612,180
100,0,blank,0,109.823766666667,158.25935,49612,49792,180
100,8,i,61,94.37205,157.297116666667,49792,49973,181
100,7,scanf,39,83.6228833333333,136.93315,49973,50153,180
100,0,blank,0,77.4236,158.80655,50153,50213,60
100,0,blank,0,-323,-105,50243,50298,55
100,0,blank,0,105.1756,-103.9661,50323,50348,25
100,0,blank,0,77.4765428571429,162.137757142857,50398,50589,191
100,0,blank,0,43.2491333333333,146.81465,50589,50770,181
100,8,(,55,92.84965,159.250633333333,50770,50950,180
100,8,=,50,117.741816666667,160.706083333333,50950,51128,178
100,8,;,60,150.921833333333,157.817233333333,51128,51306,178
100,8,<=,54,183.981233333333,157.260633333333,51306,51484,178
100,6,=,34,185.096316666667,130.40435,51484,51661,177
100,0,blank,0,97.4534333333333,96.4719,51661,51840,179
100,0,blank,0,74.4199333333333,95.43205,51840,52020,180
100,0,blank,0,64.3396833333333,112.53505,52020,52200,180
100,0,blank,0,60.6329166666667,112.9356,52200,52382,182
100,6,n,29,89.3452,127.239716666667,52382,52564,182
100,6,n,29,86.75295,121.4008,52564,52744,180
100,0,blank,0,65.95785,101.506483333333,52744,52925,181
100,0,blank,0,71.0543666666667,106.198016666667,52925,53106,181
100,0,blank,0,103.6958,127.145316666667,53106,53286,180
100,7,"%d",41,113.7232,135.747533333333,53286,53466,180
100,6,rem,31,137.541666666667,132.167566666667,53466,53644,178
100,6,rem,31,133.377025,129.185375,53644,53764,120
100,0,blank,0,-323,-105,53824,53853,29
100,7,(,40,101.648157142857,147.010157142857,53953,54146,193
100,7,scanf,39,66.7232833333333,141.136233333333,54146,54324,178
100,7,scanf,39,83.7240833333334,135.057716666667,54324,54503,179
100,0,blank,0,104.711283333333,159.661016666667,54503,54683,180
100,7,(,40,96.8963666666667,150.958216666667,54683,54862,179
100,8,for,47,62.1783166666667,161.0544,54862,55038,176
100,7,scanf,39,82.24345,155.249566666667,55038,55214,176
100,7,scanf,39,93.3889666666667,147.400633333333,55214,55392,178
100,7,(,40,99.0643666666667,139.42405,55392,55570,178
100,7,"%d",41,125.525,151.36285,55570,55746,176
100,8,1,58,133.03675,158.851066666667,55746,55924,178
100,0,blank,0,93.1450666666667,171.97025,55924,56101,177
100,8,(,55,91.9655833333333,171.540783333333,56101,56280,179
100,0,blank,0,93.9030666666667,165.640933333333,56280,56459,179
100,8,(,55,89.0728666666667,161.2994,56459,56637,178
100,8,(,55,89.5556,165.8766,56637,56816,179
100,8,(,55,91.82525,164.75645,56816,56995,179
100,8,1,58,133.89125,176.735083333333,56995,57172,177
100,8,;,60,148.037783333333,171.767966666667,57172,57348,176
100,7,),45,188.91642,152.70008,57348,57495,147
100,0,blank,0,-323,-105,57524,57662,138
100,8,<=,54,189.514971428571,175.351285714286,57764,57954,190
100,8,<=,54,202.665133333333,168.345466666667,57954,58131,177
100,0,blank,0,207.697683333333,179.675466666667,58131,58308,177
100,8,-,57,249.592866666667,167.299333333333,58308,58486,178
100,0,blank,0,208.8831,176.643016666667,58486,58662,176
100,0,blank,0,126.90475,182.049133333333,58662,58839,177
100,8,=,50,115.531933333333,163.117816666667,58839,59016,177
100,7,"%d",41,105.796283333333,154.0754,59016,59195,179
100,8,=,50,118.049533333333,157.74195,59195,59371,176
100,8,<=,54,188.547416666667,157.596716666667,59371,59549,178
100,8,-,57,250.2084,162.010583333333,59549,59728,179
100,0,blank,0,274.971533333333,147.8843,59728,59907,179
100,8,(,55,217.722233333333,167.512966666667,59907,60085,178
100,0,blank,0,134.812233333333,196.380566666667,60085,60264,179
100,10,rem,65,103.2737,202.292266666667,60264,60441,177
100,0,blank,0,136.9858,207.302033333333,60441,60620,179
100,0,blank,0,142.274283333333,214.209483333333,60620,60798,178
100,10,rem,65,93.9711,207.17725,60798,60976,178
100,0,blank,0,115.499166666667,207.71075,60976,61155,179
100,0,blank,0,149.8526,199.7546,61155,61332,177
100,0,blank,0,157.503833333333,201.763166666667,61332,61512,180
100,0,blank,0,118.036066666667,202.932066666667,61512,61689,177
100,0,blank,0,103.990083333333,144.74845,61689,61869,180
100,8,=,50,118.868666666667,160.5097,61869,62048,179
100,0,blank,0,148.689666666667,196.010833333333,62048,62225,177
100,0,blank,0,109.159533333333,159.696183333333,62225,62403,178
100,0,blank,0,107.67915,162.6883,62403,62581,178
100,0,blank,0,152.566283333333,159.089316666667,62581,62759,178
100,8,<=,54,195.192633333333,157.0783,62759,62936,177
100,0,blank,0,193.076766666667,150.368183333333,62936,63116,180
100,8,(,55,215.545783333333,161.67745,63116,63296,180
100,0,blank,0,201.794166666667,178.03585,63296,63475,179
100,0,blank,0,136.286133333333,212.085783333333,63475,63651,176
100,0,blank,0,140.660733333333,209.868266666667,63651,63832,181
100,10,n,67,148.770333333333,209.0728,63832,64014,182
100,0,blank,0,161.836216666667,219.033733333333,64014,64191,177
100,10,=,66,125.256183333333,216.12965,64191,64369,178
100,0,blank,0,118.816733333333,208.235983333333,64369,64548,179
100,0,blank,0,144.7048,223.34635,64548,64728,180
100,0,blank,0,143.338733333333,221.85665,64728,64906,178
100,11,==,74,125.635616666667,230.130233333333,64906,65084,178
100,11,rem,73,97.8135,230.5534,65084,65262,178
100,11,rem,73,95.1066833333334,224.305933333333,65262,65440,178
100,11,rem,73,96.0541333333333,224.845233333333,65440,65616,176
100,10,=,66,132.414783333333,210.115333333333,65616,65795,179
100,10,n,67,143.2631,209.284233333333,65795,65971,176
100,11,==,74,131.920566666667,226.1387,65971,66148,177
100,0,blank,0,122.836966666667,238.7441,66148,66325,177
100,0,blank,0,127.294433333333,271.5298,66325,66504,179
100,0,blank,0,110.29655,271.491233333333,66504,66683,179
100,0,blank,0,106.41925,265.74275,66683,66863,180
100,11,if,71,60.8620666666667,231.615083333333,66863,67040,177
100,11,if,71,62.0650666666667,232.508183333333,67040,67216,176
100,11,rem,73,102.843483333333,238.235716666667,67216,67394,178
100,0,blank,0,107.742883333333,254.04605,67394,67572,178
100,0,blank,0,142.3606,276.57434,67572,67759,187
100,10,rem,65,95.7495,204.5907,67975,68004,29
100,0,blank,0,121.70696,265.34874,68105,68289,184
100,0,blank,0,110.452583333333,293.637433333333,68289,68467,178
100,0,blank,0,106.181133333333,302.0463,68467,68645,178
100,0,blank,0,74.4111166666667,340.285516666667,68645,68821,176
100,0,blank,0,60.7828166666667,356.473283333333,68821,68997,176
100,17,printf,92,83.1486166666667,365.428116666667,68997,69171,174
100,0,blank,0,94.1858666666667,353.260983333333,69171,69347,176
100,0,blank,0,115.571383333333,278.469783333333,69347,69523,176
100,0,blank,0,115.778083333333,278.842816666667,69523,69702,179
100,0,blank,0,127.257066666667,246.1068,69702,69877,175
100,0,blank,0,123.071333333333,222.4374,69877,70053,176
100,0,blank,0,120.885733333333,239.20885,70053,70229,176
100,0,blank,0,123.92655,270.246733333333,70229,70405,176
100,11,rem,73,114.515266666667,229.981516666667,70405,70582,177
100,0,blank,0,120.3755,219.106066666667,70582,70760,178
100,10,=,66,131.241383333333,208.12545,70760,70937,177
100,0,blank,0,149.812383333333,192.795583333333,70937,71115,178
100,0,blank,0,155.606166666667,199.840933333333,71115,71294,179
100,8,;,60,148.834133333333,172.127266666667,71294,71473,179
100,8,1,58,137.222883333333,159.21735,71473,71651,178
100,6,rem,31,141.19445,131.2804,71651,71828,177
100,6,rem,31,140.455616666667,123.403483333333,71828,72005,177
100,0,blank,0,175.369766666667,168.891333333333,72005,72182,177
100,0,blank,0,181.49895,171.410466666667,72182,72359,177
100,8,(,55,215.290583333333,163.030333333333,72359,72538,179
100,8,(,55,218.9517,171.65335,72538,72716,178
100,8,<=,54,187.971833333333,163.4744,72716,72894,178
100,8,=,50,115.856883333333,172.871283333333,72894,73072,178
100,0,blank,0,128.079333333333,173.458133333333,73072,73250,178
100,8,=,50,124.86805,162.086516666667,73250,73426,176
100,8,=,50,124.149033333333,164.999566666667,73426,73603,177
100,8,i,61,165.940416666667,169.408766666667,73603,73781,178
100,0,blank,0,-323,-105,73810,73917,107
100,0,blank,0,177.2513,130.8071,73946,73987,41
100,8,1,58,141.872371428571,158.889028571429,74047,74244,197
100,0,blank,0,103.6446,147.942783333333,74244,74423,179
100,7,(,40,95.5200333333333,143.0299,74423,74599,176
100,7,scanf,39,93.9503666666667,140.080416666667,74599,74776,177
100,0,blank,0,112.058533333333,170.574666666667,74776,74955,179
100,8,1,58,139.111683333333,176.377916666667,74955,75133,178
100,8,1,58,137.3088,169.018466666667,75133,75311,178
100,0,blank,0,165.0471,182.821283333333,75311,75486,175
100,8,1,58,268.115733333333,160.061916666667,75486,75664,178
100,0,blank,0,269.954833333333,151.63735,75664,75842,178
100,0,blank,0,243.31845,156.65275,75842,76021,179
100,8,n,56,223.346033333333,164.341433333333,76021,76199,178
100,8,=,50,123.663966666667,167.229283333333,76199,76375,176
100,0,blank,0,108.9392,119.6011,76375,76433,58
100,0,blank,0,-323,-105,76464,76544,80
100,0,blank,0,128.357428571429,173.172085714286,76632,76825,193
100,7,"%d",41,108.304566666667,150.03235,76825,77003,178
100,7,"%d",41,130.039266666667,153.711566666667,77003,77181,178
100,8,;,60,151.650016666667,165.5822,77181,77359,178
100,8,;,60,146.2596,160.77725,77359,77537,178
100,0,blank,0,103.027866666667,153.846133333333,77537,77716,179
100,7,"%d",41,105.727083333333,150.328183333333,77716,77895,179
100,7,"%d",41,105.972583333333,147.030933333333,77895,78073,178
100,7,),45,184.962366666667,153.311933333333,78073,78254,181
100,7,;,46,194.3459,154.90725,78254,78433,179
100,8,(,55,219.6862,161.649866666667,78433,78612,179
100,8,n,56,223.336683333333,164.409666666667,78612,78792,180
100,0,blank,0,160.45225,145.685566666667,78792,78972,180
100,7,..,42,145.551383333333,150.218433333333,78972,79151,179
100,7,&,43,174.80825,149.58295,79151,79333,182
100,7,&,43,174.844816666667,151.070366666667,79333,79512,179
100,7,"%d",41,112.85395,144.63915,79512,79690,178
100,7,"%d",41,113.91245,140.263016666667,79690,79870,180
100,7,"%d",41,141.579766666667,154.7572,79870,80048,178
100,8,;,60,148.461266666667,157.471383333333,80048,80228,180
100,7,"%d",41,120.825066666667,140.731266666667,80228,80409,181
100,7,"%d",41,121.433066666667,148.99555,80409,80588,179
100,8,;,60,144.203066666667,157.33215,80588,80768,180
100,8,i,61,170.510466666667,163.393333333333,80768,80948,180
100,0,blank,0,243.66424,133.35464,80948,81098,150
100,0,blank,0,-323,-105,81128,81183,55
100,0,blank,0,83.3657,-103.9282,81208,81234,26
100,0,blank,0,134.256871428571,107.6248,81283,81477,194
100,0,blank,0,86.4057333333333,98.4296833333333,81477,81656,179
100,0,blank,0,90.1168333333333,100.791633333333,81656,81834,178
100,0,blank,0,114.508616666667,100.749883333333,81834,82012,178
100,0,blank,0,157.047683333333,138.311066666667,82012,82189,177
100,8,<=,54,191.4213,161.272433333333,82189,82368,179
100,0,blank,0,189.435,189.0634,82368,82396,28
100,0,blank,0,284.57645,288.630183333333,82426,82606,180
100,17,"EnteredNumberiscorrect",94,251.456516666667,361.063183333333,82606,82784,178
100,17,"EnteredNumberiscorrect",94,169.998983333333,362.0407,82784,82964,180
100,17,"EnteredNumberiscorrect",94,240.669116666667,367.377616666667,82964,83144,180
100,17,"EnteredNumberiscorrect",94,299.96975,365.492566666667,83144,83322,178
100,19,"EnteredNumberisnotaperfect",100,302.743233333333,401.8932,83322,83500,178
100,0,blank,0,256.960683333333,429.5545,83500,83677,177
100,0,blank,0,176.118416666667,433.603333333333,83677,83855,178
100,0,blank,0,247.156733333333,425.761933333333,83855,84034,179
100,0,blank,0,273.6858,429.2301,84034,84064,30
100,0,blank,0,109.1994,430.543533333333,84093,84271,178
100,20,return,103,101.087633333333,426.383233333333,84271,84360,89
100,0,blank,0,154.16765,262.126766666667,84390,84568,178
100,0,blank,0,140.091566666667,252.15685,84568,84747,179
100,10,rem,65,106.56865,216.758916666667,84747,84925,178
100,0,blank,0,136.512566666667,266.91725,84925,85102,177
100,13,=,79,146.774116666667,272.087566666667,85102,85279,177
100,0,blank,0,146.64155,257.38685,85279,85457,178
100,0,blank,0,118.224633333333,230.672766666667,85457,85634,177
100,11,rem,73,89.89125,227.283416666667,85634,85813,179
100,11,(,72,82.32185,232.405383333333,85813,85991,178
100,0,blank,0,115.95175,244.029166666667,85991,86167,176
100,11,==,74,135.54315,232.02215,86167,86346,179
100,0,blank,0,139.635733333333,210.240033333333,86346,86524,178
100,0,blank,0,112.055366666667,199.141933333333,86524,86614,90
100,0,blank,0,-323,-105,86644,86699,55
100,0,blank,0,126.818042857143,198.674585714286,86804,86999,195
100,0,blank,0,140.915416666667,198.28015,86999,87178,179
100,10,=,66,133.233666666667,207.133683333333,87178,87357,179
100,0,blank,0,115.765433333333,231.017483333333,87357,87534,177
100,11,==,74,140.729983333333,227.838816666667,87534,87709,175
100,11,0,75,155.72555,224.889233333333,87709,87885,176
100,10,n,67,149.46575,217.4016,87885,88062,177
100,0,blank,0,86.52695,186.7765,88062,88164,102
100,10,rem,65,88.8076,217.8738,88164,88271,107
100,0,blank,0,76.4388,188.951,88271,88452,181
100,0,blank,0,57.0649833333333,194.953216666667,88452,88644,192
100,0,blank,0,90.2275333333333,192.145766666667,88644,88821,177
100,0,blank,0,118.970483333333,203.4681,88821,88998,177
100,11,rem,73,87.6732833333333,224.650466666667,88998,89177,179
100,11,rem,73,87.5887,225.837783333333,89177,89354,177
100,11,rem,73,88.4313333333333,232.884616666667,89354,89532,178
100,0,blank,0,111.80445,281.437966666667,89532,89708,176
100,0,blank,0,122.4141,284.016333333333,89708,89885,177
100,0,blank,0,80.5811166666667,300.849,89885,90063,178
100,13,s,80,129.70955,283.920616666667,90063,90239,176
100,0,blank,0,146.90265,288.83245,90239,90415,176
100,0,blank,0,157.33945,294.768583333333,90415,90592,177
100,0,blank,0,138.696983333333,265.2102,90592,90769,177
100,0,blank,0,135.6317,218.1308,90769,90800,31
100,0,blank,0,-323,-105,90827,90964,137
100,8,=,50,118.165042857143,176.298871428571,90990,91186,196
100,7,..,42,148.341283333333,145.902566666667,91186,91361,175
100,0,blank,0,180.059383333333,114.907766666667,91361,91539,178
100,0,blank,0,176.120483333333,108.356033333333,91539,91717,178
100,6,s,33,166.3026,118.62258,91717,91865,148
100,13,s,80,172.224883333333,280.807533333333,91894,92070,176
100,0,blank,0,149.631916666667,293.524866666667,92070,92246,176
100,0,blank,0,150.804516666667,294.5307,92246,92423,177
100,0,blank,0,159.37755,287.558116666667,92423,92601,178
100,0,blank,0,129.152116666667,300.895166666667,92601,92778,177
100,17,printf,92,96.2715333333334,364.8353,92778,92953,175
100,17,printf,92,86.928075,372.4878,92953,93070,117
100,0,blank,0,141.455633333333,192.676916666667,93100,93277,177
100,0,blank,0,134.572133333333,201.921083333333,93277,93453,176
100,0,blank,0,138.802275,190.2929,93453,93571,118
100,17,"EnteredNumberiscorrect",94,227.723366666667,355.157716666667,93601,93778,177
100,17,printf,92,131.6374,356.613316666667,93778,93957,179
100,0,blank,0,113.5247,275.648733333333,93957,94135,178
100,11,rem,73,107.158133333333,236.986916666667,94135,94312,177
100,0,blank,0,116.131433333333,213.425383333333,94312,94492,180
100,0,blank,0,124.919433333333,199.991883333333,94492,94672,180
100,10,n,67,145.0467,205.634183333333,94672,94849,177
100,10,rem,65,109.690683333333,212.07085,94849,95028,179
100,10,rem,65,86.0134333333333,205.28615,95028,95203,175
100,0,blank,0,71.90905,228.5994,95203,95381,178
100,11,rem,73,108.380416666667,228.18635,95381,95560,179
100,0,blank,0,71.1266,236.44075,95560,95738,178
100,11,if,71,61.56852,243.52308,95738,95887,149
100,0,blank,0,138.963416666667,206.18485,95917,96094,177
100,0,blank,0,-323,-105,96152,96256,104
100,0,blank,0,142.6416,272.9067,96282,96308,26
100,0,blank,0,146.7845,271.0162,96362,96437,75
100,0,blank,0,313.81215,-2.28428333333333,96494,96672,178
100,0,blank,0,359.7161,-34.20285,96672,96851,179
100,0,blank,0,378.190533333333,-39.4032333333333,96851,96938,87
100,0,blank,0,113.359333333333,293.737216666667,96968,97145,177
100,0,blank,0,113.556233333333,299.0473,97145,97234,89
100,0,blank,0,188.958916666667,186.314416666667,97263,97438,175
100,6,rem,31,123.8141,130.764583333333,97438,97614,176
100,7,"%d",41,122.342075,147.4432,97614,97732,118
100,17,printf,92,93.0520833333333,362.415233333333,97762,97939,177
100,0,blank,0,64.6885,418.71285,97939,98121,182
100,20,return,103,90.1526,435.68355,98121,98303,182
100,0,blank,0,-323,-105,98334,98414,80
100,19,"EnteredNumberisnotaperfect",100,159.0627,416.249333333333,98524,98695,171
100,19,"EnteredNumberisnotaperfect",100,222.3821,415.209683333333,98695,98878,183
100,19,"EnteredNumberisnotaperfect",100,277.7018,414.9832,98878,98908,30
100,0,blank,0,175.533233333333,270.328633333333,98938,99029,91
100,0,blank,0,130.4557,173.4276,99059,99177,118
100,0,blank,0,-323,-105,99207,99238,31
100,0,blank,0,127.1154,516.5372,99289,99314,25
100,7,"%d",41,112.347733333333,136.933283333333,99338,99508,170
100,0,blank,0,92.25025,134.196083333333,99508,99689,181
100,0,blank,0,111.095083333333,124.108416666667,99689,99872,183
100,6,..,36,94.5404833333333,118.36715,99872,100054,182
100,6,int,28,71.4774666666667,116.05355,100054,100236,182
100,6,..,36,99.7487166666667,115.7524,100236,100417,181
100,0,blank,0,105.5527,111.7426,100417,100447,30
100,0,blank,0,-323,-105,100478,100533,55
100,0,blank,0,141.8864,720.9732,100558,100584,26
100,0,blank,0,104.40145,105.550325,100633,100738,105
100,0,blank,0,-55.7086333333333,229.53605,100768,100950,182
100,0,blank,0,-163.540666666667,357.773783333333,100950,101134,184
100,0,blank,0,-92.5071,342.8316,101134,101165,31
100,0,blank,0,208.787616666667,308.52415,101196,101378,182
100,0,blank,0,240.637066666667,215.862616666667,101378,101559,181
100,0,blank,0,282.18165,144.32745,101559,101619,60
100,0,blank,0,603.941266666667,45.9397,101649,101833,184
100,0,blank,0,578.816,18.93685,101833,101954,121
100,0,blank,0,850.236,-95.75636,101984,102138,154
100,0,blank,0,-323,-105,102198,102302,104
100,0,blank,0,331.6796,23.1228,102327,102353,26
100,0,blank,0,293.7003,43.9667,102414,102440,26
100,0,blank,0,95.3690166666667,104.494116666667,102465,102651,186
100,0,blank,0,91.0923666666667,104.364416666667,102651,102835,184
100,6,..,36,150.0378,119.8234,102835,103016,181
100,0,blank,0,178.445166666667,121.388933333333,103016,103197,181
100,6,s,33,165.6079,132.452566666667,103197,103377,180
100,7,"%d",41,135.892283333333,148.737333333333,103377,103558,181
100,7,scanf,39,88.7966,136.340933333333,103558,103742,184
100,0,blank,0,58.55345,133.4014,103742,103921,179
100,7,scanf,39,53.3430166666667,136.202316666667,103921,104101,180
100,8,i,61,103.31915,162.960683333333,104101,104281,180
100,0,blank,0,131.770683333333,166.886316666667,104281,104462,181
100,7,&,43,171.114,155.85925,104462,104643,181
100,0,blank,0,211.8442,148.728133333333,104643,104733,90
100,0,blank,0,-323,-105,104764,104870,106
100,8,<=,54,186.6603,164.2678,104903,104948,45
100,0,blank,0,179.128383333333,157.910216666667,105008,105180,172
100,0,blank,0,146.95735,190.14845,105180,105362,182
100,0,blank,0,115.1671,220.454783333333,105362,105541,179
100,10,=,66,130.392733333333,209.451983333333,105541,105722,181
100,0,blank,0,125.240316666667,196.9274,105722,105902,180
100,7,"%d",41,106.608716666667,154.272533333333,105902,106083,181
100,8,i,61,100.88925,160.532366666667,106083,106264,181
100,8,for,47,72.4957666666667,167.205816666667,106264,106442,178
100,7,"%d",41,115.988442857143,151.076785714286,106610,106802,192
100,0,blank,0,124.375166666667,156.606016666667,106802,106981,179
100,0,blank,0,146.489133333333,156.5041,106981,107163,182
100,0,blank,0,105.152766666667,163.423683333333,107163,107342,179
100,8,1,58,138.068816666667,170.9968,107342,107522,180
100,0,blank,0,175.799366666667,160.735083333333,107522,107701,179
100,0,blank,0,125.366916666667,87.52175,107701,107879,178
100,0,blank,0,140.345016666667,113.329533333333,107879,108058,179
100,0,blank,0,118.1636,134.440416666667,108058,108236,178
100,0,blank,0,91.7741333333333,133.890416666667,108236,108416,180
100,6,n,29,84.0981333333334,130.0006,108416,108530,114
100,7,scanf,39,59.5649,137.5377,108530,108721,191
100,0,blank,0,102.637266666667,118.2669,108721,108911,190
100,0,blank,0,106.021366666667,103.5636,108911,109000,89
100,0,blank,0,-323,-105,109030,109135,105
100,0,blank,0,130.6632,102.4354,109172,109222,50
100,0,blank,0,141.719616666667,109.456216666667,109285,109455,170
100,0,blank,0,153.37895,101.5313,109455,109635,180
100,0,blank,0,160.3834,103.286383333333,109635,109814,179
100,0,blank,0,158.56495,113.1148,109814,109873,59
100,0,blank,0,276.46455,213.569116666667,109903,110083,180
100,8,<=,54,186.6982,165.5796,110083,110261,178
100,8,<=,54,185.042816666667,167.564383333333,110261,110438,177
100,6,rem,31,136.095966666667,114.68665,110438,110619,181
100,0,blank,0,154.824916666667,106.2806,110619,110799,180
100,0,blank,0,162.066633333333,107.8269,110799,110980,181
100,0,blank,0,110.93285,130.886766666667,110980,111160,180
100,0,blank,0,103.5261,141.53365,111160,111342,182
100,7,"%d",41,111.83325,137.59335,111342,111403,61
100,0,blank,0,238.261466666667,174.025766666667,111433,111614,181
100,0,blank,0,243.956233333333,153.414016666667,111614,111794,180
100,0,blank,0,257.8348,134.9178,111794,111856,62
100,7,(,40,95.3532166666667,143.722533333333,111886,112075,189
100,0,blank,0,103.1175,131.176333333333,112075,112167,92
100,0,blank,0,-323,-105,112198,112304,106
100,7,scanf,39,79.6229142857143,142.0601,112329,112523,194
100,6,n,29,89.0546,125.134466666667,112523,112703,180
100,0,blank,0,110.2975,109.676183333333,112703,112883,180
100,0,blank,0,107.0805,108.174666666667,112883,113065,182
100,0,blank,0,105.57245,122.51995,113065,113246,181
100,7,"%d",41,105.487283333333,135.60025,113246,113425,179
100,7,scanf,39,94.4702,145.257833333333,113425,113602,177
100,7,scanf,39,77.3369166666667,154.2847,113602,113781,179
100,7,scanf,39,93.2321166666667,154.407,113781,113960,179
100,7,"%d",41,107.017666666667,154.954316666667,113960,114140,180
100,0,blank,0,122.071966666667,156.573566666667,114140,114320,180
100,7,"%d",41,130.830833333333,150.01915,114320,114501,181
100,7,..,42,150.25555,151.03705,114501,114682,181
100,0,blank,0,165.522066666667,156.57155,114682,114861,179
100,7,),45,186.113416666667,151.268916666667,114861,115041,180
100,0,blank,0,201.1623,156.111616666667,115041,115222,181
100,8,(,55,216.350366666667,161.909066666667,115222,115401,179
100,0,blank,0,177.809516666667,165.801433333333,115401,115579,178
100,7,&,43,166.2397,140.382225,115579,115699,120
100,0,blank,0,-323,-105,115729,115811,82
100,0,blank,0,105.8123,166.846,115836,115868,32
100,8,=,50,120.690528571429,172.849957142857,115929,116126,197
100,0,blank,0,117.130616666667,193.31445,116126,116304,178
100,0,blank,0,132.785383333333,195.7614,116304,116482,178
100,8,;,60,147.952466666667,168.768116666667,116482,116661,179
100,8,=,50,115.70255,164.572216666667,116661,116842,181
100,8,;,60,147.4598,160.501866666667,116842,117018,176
100,7,&,43,169.59105,153.4705,117018,117196,178
100,8,i,61,172.40475,160.611516666667,117196,117375,179
100,8,<=,54,199.320483333333,165.683116666667,117375,117552,177
100,8,<=,54,202.964216666667,171.494633333333,117552,117730,178
100,0,blank,0,211.529383333333,152.416933333333,117730,117907,177
100,0,blank,0,213.789983333333,151.366116666667,117907,118086,179
100,0,blank,0,188.775533333333,156.2189,118086,118265,179
100,7,&,43,169.369766666667,152.594683333333,118265,118443,178
100,0,blank,0,160.567183333333,153.63645,118443,118621,178
100,8,<=,54,185.590783333333,157.955783333333,118621,118798,177
100,8,<=,54,194.68235,159.567366666667,118798,118976,178
100,0,blank,0,212.2,166.222383333333,118976,119154,178
100,0,blank,0,234.8144,162.930583333333,119154,119333,179
100,0,blank,0,242.174566666667,147.742066666667,119333,119421,88
100,0,blank,0,-323,-105,119451,119530,79
100,0,blank,0,238.8173,429.8336,119556,119581,25
100,8,1,58,272.6617,167.694757142857,119630,119818,188
100,8,1,58,273.4548,159.450166666667,119818,119906,88
100,8,=,50,116.923016666667,176.902683333333,119936,120115,179
100,0,blank,0,118.638183333333,179.138966666667,120115,120297,182
100,0,blank,0,117.76305,181.781075,120297,120414,117
100,8,-,57,250.126683333333,164.3888,120443,120619,176
100,8,n,56,226.732016666667,167.17845,120619,120794,175
100,0,blank,0,138.197666666667,186.745116666667,120794,120977,183
100,8,=,50,115.359133333333,167.663,120977,121155,178
100,8,=,50,113.6224,160.7463,121155,121332,177
100,7,"%d",41,118.493583333333,151.671033333333,121332,121512,180
100,8,i,61,102.53455,158.926566666667,121512,121688,176
100,8,1,58,133.8957,159.702733333333,121688,121866,178
100,0,blank,0,182.295883333333,175.35245,121866,122042,176
100,8,<=,54,183.025866666667,165.678566666667,122042,122219,177
100,8,n,56,231.858133333333,163.613433333333,122219,122395,176
100,8,-,57,249.385316666667,164.296816666667,122395,122573,178
100,8,1,58,265.423333333333,171.916533333333,122573,122749,176
100,0,blank,0,243.55615,181.818016666667,122749,122927,178
100,0,blank,0,262.8,157.6645,122927,122956,29
100,0,blank,0,-323,-105,122986,123091,105
100,0,blank,0,169.4818,95.9176,123130,123182,52
100,8,1,58,143.428814285714,170.119285714286,123243,123440,197
100,8,i,61,100.128933333333,166.186516666667,123440,123621,181
100,8,=,50,116.7691,171.100316666667,123621,123800,179
100,0,blank,0,107.722316666667,167.135816666667,123800,123981,181
100,8,i,61,100.842933333333,160.01735,123981,124159,178
100,8,i,61,99.18235,162.821883333333,124159,124337,178
100,7,"%d",41,128.6701,150.864366666667,124337,124512,175
100,7,"%d",41,140.763866666667,138.645283333333,124512,124689,177
100,0,blank,0,157.941333333333,110.533916666667,124689,124867,178
100,0,blank,0,184.736016666667,109.141433333333,124867,125045,178
100,0,blank,0,191.12995,113.544333333333,125045,125223,178
100,8,i,61,164.72865,159.03145,125223,125286,63
100,0,blank,0,-323,-105,125316,125346,30
100,6,n,29,85.7713,121.764228571429,125446,125641,195
100,0,blank,0,49.91445,103.453983333333,125641,125821,180
100,6,int,28,48.8009833333333,117.0254,125821,126001,180
100,6,int,28,73.4673666666667,130.62535,126001,126180,179
100,7,"%d",41,122.35495,135.102466666667,126180,126360,180
100,7,"%d",41,129.85125,143.555683333333,126360,126538,178
100,8,(,55,87.9789833333333,162.705116666667,126538,126717,179
100,7,(,40,102.3475,145.37025,126717,126895,178
100,7,"%d",41,110.733616666667,155.924233333333,126895,127074,179
100,7,..,42,144.7783,152.9496,127074,127254,180
100,0,blank,0,162.857866666667,163.0124,127254,127432,178
100,8,<=,54,188.609216666667,166.441233333333,127432,127612,180
100,0,blank,0,194.003383333333,156.030966666667,127612,127789,177
100,0,blank,0,156.834933333333,161.480533333333,127789,127968,179
100,0,blank,0,162.117533333333,166.5498,127968,128145,177
100,0,blank,0,210.5855,163.903883333333,128145,128322,177
100,0,blank,0,207.4067,190.9304,128322,128351,29
100,0,blank,0,-323,-105,128381,128515,134
100,8,n,56,226.092783333333,159.810516666667,128542,128718,176
100,8,<=,54,187.6834,164.96984,128718,128866,148
100,0,blank,0,155.48275,166.86365,128866,129026,160
100,0,blank,0,110.464,192.15285,129026,129208,182
100,10,rem,65,101.20656,217.37684,129208,129391,183
100,10,rem,65,96.5112833333333,216.777616666667,129391,129568,177
100,10,=,66,128.915233333333,212.800633333333,129568,129748,180
100,10,=,66,129.230966666667,212.803383333333,129748,129928,180
100,10,n,67,153.460533333333,211.898833333333,129928,130110,182
100,10,n,67,153.506583333333,216.965933333333,130110,130289,179
100,0,blank,0,157.525,214.919183333333,130289,130467,178
100,0,blank,0,160.423666666667,206.4952,130467,130647,180
100,10,n,67,153.230866666667,207.42905,130647,130828,181
100,10,n,67,151.724533333333,208.655733333333,130828,131007,179
100,10,n,67,152.763333333333,207.77465,131007,131186,179
100,10,n,67,151.539116666667,202.30225,131186,131364,178
100,0,blank,0,165.662866666667,201.614283333333,131364,131543,179
100,0,blank,0,155.983183333333,217.3131,131543,131720,177
100,10,=,66,133.90375,220.36495,131720,131898,178
100,10,=,66,127.769883333333,211.560566666667,131898,132074,176
100,10,rem,65,108.37105,206.904533333333,132074,132255,181
100,10,=,66,134.13,209.412983333333,132255,132431,176
100,11,==,74,125.6046,223.0609,132431,132491,60
100,0,blank,0,-323,-105,132550,132654,104
100,10,%,68,164.085414285714,210.1555,132680,132872,192
100,0,blank,0,154.912783333333,211.597433333333,132872,133050,178
100,10,n,67,145.854116666667,210.923866666667,133050,133229,179
100,11,==,74,131.857616666667,229.08845,133229,133413,184
100,10,=,66,126.495933333333,218.753966666667,133413,133592,179
100,11,rem,73,114.13595,239.90155,133592,133770,178
100,11,rem,73,106.063816666667,231.8457,133770,133953,183
100,0,blank,0,122.762233333333,257.73245,133953,134136,183
100,0,blank,0,126.400566666667,292.2982,134136,134317,181
100,11,==,74,138.592766666667,239.984733333333,134317,134495,178
100,11,0,75,153.864183333333,228.1229,134495,134674,179
100,13,s,80,166.387366666667,274.116333333333,134674,134851,177
100,13,=,79,144.860383333333,275.468966666667,134851,135029,178
100,0,blank,0,137.425316666667,278.2064,135029,135207,178
100,13,=,79,153.951783333333,284.965866666667,135207,135386,179
100,0,blank,0,163.091883333333,286.92845,135386,135567,181
100,17,printf,92,140.2797,356.8029,135567,135594,27
100,0,blank,0,-323,-105,135623,135653,30
100,0,blank,0,140.650271428571,283.930485714286,135753,135947,194
100,0,blank,0,136.956316666667,284.660583333333,135947,136127,180
100,0,blank,0,138.1349,282.595166666667,136127,136309,182
100,0,blank,0,145.413733333333,289.000233333333,136309,136489,180
100,0,blank,0,135.11505,285.101116666667,136489,136668,179
100,0,blank,0,176.0368,295.042966666667,136668,136846,178
100,0,blank,0,168.799716666667,293.29405,136846,137023,177
100,0,blank,0,153.721833333333,291.267016666667,137023,137200,177
100,0,blank,0,176.548333333333,280.346416666667,137200,137377,177
100,0,blank,0,174.413316666667,276.60685,137377,137556,179
100,0,blank,0,202.432366666667,274.9139,137556,137733,177
100,13,i,82,212.853633333333,281.65745,137733,137912,179
100,13,;,83,215.95855,277.92035,137912,138091,179
100,13,;,83,220.373083333333,278.17285,138091,138268,177
100,13,i,82,213.52805,273.660116666667,138268,138445,177
100,13,=,79,144.585866666667,280.821166666667,138445,138622,177
100,13,=,79,150.050766666667,272.028766666667,138622,138802,180
100,0,blank,0,174.900233333333,286.355133333333,138802,138979,177
100,13,s,80,169.4501,282.378433333333,138979,139157,178
100,0,blank,0,-323,-105,139186,139291,105
100,0,blank,0,143.5506,261.7859,139329,139379,50
100,0,blank,0,133.5559,268.9624,139441,139492,51
100,0,blank,0,243.593483333333,295.454533333333,139521,139699,178
100,0,blank,0,241.146166666667,296.340216666667,139699,139877,178
100,0,blank,0,239.9844,307.72842,139877,140025,148
100,0,blank,0,124.48345,303.937783333333,140054,140230,176
100,16,n,90,133.6277,342.8963,140230,140260,30
100,0,blank,0,-323,-105,140290,140395,105
100,0,blank,0,186.3317,338.5441,140421,140446,25
100,0,blank,0,183.811557142857,380.537857142857,140506,140703,197
100,0,blank,0,350.87825,391.474,140733,140854,121
100,17,"EnteredNumberiscorrect",94,163.2168,374.137283333333,140884,141063,179
100,17,"EnteredNumberiscorrect",94,247.804133333333,368.468216666667,141063,141242,179
100,0,blank,0,230.1668,387.6548,141242,141272,30
100,0,blank,0,-323,-105,141301,141409,108
100,0,blank,0,97.8246,396.9039,141435,141464,29
100,18,else,97,81.5614666666667,380.290866666667,141524,141696,172
100,0,blank,0,68.78105,360.132466666667,141696,141875,179
100,0,blank,0,91.9332166666667,381.800066666667,141875,142055,180
100,19,printf,98,143.4845,400.689366666667,142055,142233,178
100,19,"EnteredNumberisnotaperfect",100,164.610316666667,399.417033333333,142233,142414,181
100,16,==,89,119.920266666667,333.636383333333,142414,142590,176
100,0,blank,0,146.336016666667,297.91775,142590,142769,179
100,0,blank,0,156.07942,286.32986,142769,142919,150
100,16,(,87,76.48075,347.21725,142949,143008,59
100,0,blank,0,-323,-105,143038,143169,131
100,16,(,87,82.2845,351.8366,143198,143240,42
100,0,blank,0,78.0647666666667,367.1618,143301,143380,79
100,0,blank,0,245.074333333333,444.010616666667,143410,143591,181
100,0,blank,0,200.606016666667,425.00215,143591,143772,181
100,0,blank,0,282.111633333333,422.51545,143772,143951,179
100,19,"EnteredNumberisnotaperfect",100,282.4107,410.14525,143951,144012,61
100,0,blank,0,-323,-105,144072,144124,52
100,0,blank,0,494.5996,81.6518,144150,144176,26
100,0,blank,0,490.901633333333,59.0574666666667,144247,144327,80
100,1,given,9,337.36324,23.87916,144358,144507,149
100,4,main,24,66.4555166666667,87.81005,144537,144718,181
100,0,blank,0,93.4637166666667,-16.7786833333333,144718,144898,180
100,0,blank,0,62.79805,-11.8141333333333,144898,145078,180
100,0,blank,0,174.1472,-10.4458833333333,145108,145291,183
100,0,blank,0,294.098066666667,-8.83141666666666,145321,145501,180
100,0,blank,0,436.1155,-13.95555,145501,145682,181
100,0,blank,0,449.9714,-13.0196,145682,145742,60
100,6,n,29,86.3255666666667,118.10365,145772,145954,182
100,7,scanf,39,89.0464333333333,145.031183333333,145954,146135,181
100,8,(,55,85.7644,168.6894,146135,146165,30
100,0,blank,0,-323,-105,146226,146333,107
100,11,==,74,136.4946,228.3223,146359,146392,33
100,0,blank,0,188.061583333333,262.00045,146456,146628,172
100,0,blank,0,260.387483333333,304.0976,146628,146810,182
100,0,blank,0,328.43608,246.08022,146810,146960,150
100,0,blank,0,82.8222333333333,399.1169,146990,147170,180
100,0,blank,0,78.8882,404.452866666667,147170,147260,90
100,0,blank,0,-191.946183333333,403.044116666667,147290,147472,182
100,0,blank,0,-149.3021,383.5224,147472,147502,30
100,0,blank,0,203.228016666667,275.149616666667,147532,147713,181
100,0,blank,0,218.9483,271.1338,147713,147803,90
100,0,blank,0,378.50205,175.123816666667,147833,148014,181
100,0,blank,0,361.41655,142.9184,148014,148196,182
100,0,blank,0,318.051825,101.133725,148196,148319,123
100,0,blank,0,414.552866666667,-12.7885,148349,148529,180
100,0,blank,0,465.63536,-24.25934,148529,148682,153
100,0,blank,0,912.861666666667,-95.6136,148744,148933,189
100,0,blank,0,868.872666666667,-102.326116666667,148933,149120,187
100,0,blank,0,492.5188,39.904025,149151,149278,127
100,0,blank,0,236.60782,339.9241,149657,149826,169
100,0,blank,0,230.0581,313.30745,149826,149889,63
100,0,blank,0,397.394566666667,314.025616666667,149921,150110,189
100,0,blank,0,452.9465,273.5108,150110,150143,33
100,0,blank,0,800.0995,149.8392,150174,150237,63
100,0,blank,0,910.702,-33.1202,150326,150612,286
100,0,blank,0,914.28,-35.7905,150612,150638,26
100,0,blank,0,317.77635,229.820925,150808,150923,115
100,0,blank,0,446.765266666667,354.514833333333,150956,151145,189
100,19,"EnteredNumberisnotaperfect",100,412.8264,414.7808,151145,151176,31
100,0,blank,0,487.058033333333,518.0909,151207,151356,149
100,0,blank,0,403.1296,477.6014,151356,151416,60
100,0,blank,0,221.9792,436.95,151559,151588,29
100,0,blank,0,307.67075,429.34715,151620,151809,189
100,0,blank,0,304.55005,430.41465,151809,151872,63
100,0,blank,0,442.684283333333,388.170116666667,151903,152089,186
100,19,"EnteredNumberisnotaperfect",100,437.1164,404.0429,152089,152152,63
100,8,;,60,286.3607,161.9885,152214,152245,31
100,0,blank,0,-323,-105,152306,152411,105
100,0,blank,0,308.571266666667,142.496483333333,152437,152611,174
100,0,blank,0,355.5026,160.5655,152611,152798,187
100,0,blank,0,201.957333333333,234.064133333333,152831,153018,187
100,0,blank,0,205.055033333333,226.658316666667,153018,153205,187
100,10,;,70,198.10315,215.98455,153205,153267,62
100,0,blank,0,127.597366666667,335.066916666667,153298,153484,186
100,0,blank,0,139.6197,319.9047,153484,153546,62
100,0,blank,0,528.026766666667,304.712766666667,153577,153767,190
100,0,blank,0,549.190733333333,47.31135,153798,153991,193
100,0,blank,0,499.87795,140.84165,153991,154056,65
100,0,blank,0,854.04675,693.717325,154122,154252,130
100,0,blank,0,739.038,631.0311,154285,154318,33
100,0,blank,0,-323,-105,154407,154591,184
100,0,blank,0,-323,-105,154591,154772,181
100,0,blank,0,-323,-105,154772,154955,183
100,0,blank,0,-323,-105,154955,155130,175
100,0,blank,0,-323,-105,155130,155323,193
100,0,blank,0,-323,-105,155323,155460,137
100,0,blank,0,-323,-105,155460,155657,197
100,0,blank,0,-323,-105,155657,155854,197
100,0,blank,0,-323,-105,155854,156031,177
100,0,blank,0,-323,-105,156031,156199,168
100,0,blank,0,-323,-105,156199,156382,183
100,0,blank,0,-323,-105,156382,156560,178
100,0,blank,0,-323,-105,156560,156711,151
100,0,blank,0,-323,-105,156711,156908,197
100,0,blank,0,-323,-105,156908,157005,97
