Frameno_fix,lineno_fix,Tokenname_fix,tokens_id,gaze_X_fix,gaze_Y_fix,timestamp_fix_start,timestamp_fix_end,time_duration
100,0,blank,0,1.92405,82.9971,4249,4442,193
100,3,include,20,66.9872833333333,51.42775,4442,4634,192
100,0,blank,0,84.13096,50.13566,4634,4793,159
100,0,blank,0,425.89905,20.5218833333333,4825,5015,190
100,0,blank,0,474.274475,3.49385,5015,5143,128
100,0,blank,0,347.281683333333,3.34651666666666,5174,5368,194
100,1,element,9,312.898566666667,22.8522833333333,5368,5564,196
100,1,element,9,295.381966666667,22.67645,5564,5760,196
100,0,blank,0,261.353416666667,28.992,5760,5957,197
100,2,h,17,170.3697,29.6945,5957,5990,33
100,2,include,13,17.6868,29.7083333333333,6023,6220,197
100,2,include,13,25.0821166666667,29.1219166666667,6220,6414,194
100,1,program,4,80.0958833333333,20.13475,6414,6608,194
100,0,blank,0,144.466333333333,19.7039666666667,6608,6802,194
100,1,to,5,142.273366666667,13.7542666666667,6802,6998,196
100,0,blank,0,116.01045,14.58055,6998,7129,131
100,0,blank,0,923.121,169.88714,7227,7394,167
100,0,blank,0,237.30786,24.81106,7461,7635,174
100,1,an,8,268.4219,20.92865,7635,7825,190
100,1,element,9,352.64715,15.63695,7825,8015,190
100,1,element,9,347.9041,14.3941666666667,8015,8116,101
100,0,blank,0,610.48885,-6.95035,8180,8311,131
100,1,for,7,249.52824,17.68802,8343,8507,164
100,2,stdio,15,133.447583333333,30.5735666666667,8540,8736,196
100,2,stdio,15,133.86384,27.51204,8736,8902,166
100,0,blank,0,220.181266666667,17.6926,8902,9100,198
100,0,blank,0,286.759316666667,17.46145,9100,9298,198
100,1,element,9,342.335433333333,15.6908333333333,9298,9495,197
100,1,element,9,342.443,10.8219,9495,9527,32
100,3,stdlib,22,163.3451,51.8705833333333,9561,9760,199
100,0,blank,0,162.972383333333,68.9487333333333,9760,9953,193
100,0,blank,0,151.946716666667,97.39515,9953,10150,197
100,4,node,27,110.4248,85.8427166666667,10150,10343,193
100,0,blank,0,111.0437,86.06355,10343,10537,194
100,0,blank,0,148.512783333333,215.793016666667,10537,10727,190
100,0,blank,0,131.521283333333,205.129166666667,10727,10919,192
100,0,blank,0,134.888383333333,217.220416666667,10919,11111,192
100,11,*,46,168.77145,233.192133333333,11111,11302,191
100,11,head,47,187.632216666667,227.571383333333,11302,11499,197
100,11,node,45,146.396833333333,230.537266666667,11499,11694,195
100,11,head,47,182.685666666667,237.031066666667,11694,11884,190
100,11,;,48,215.854883333333,234.740016666667,11884,12078,194
100,11,;,48,220.272616666667,236.073216666667,12078,12271,193
100,0,blank,0,186.222416666667,244.432833333333,12271,12464,193
100,0,blank,0,190.56205,251.048466666667,12464,12658,194
100,0,blank,0,232.43056,227.10186,12658,12825,167
100,0,blank,0,235.66176,231.01804,12825,12991,166
100,12,num,52,155.79855,253.742766666667,12991,13189,198
100,0,blank,0,126.325016666667,253.667866666667,13189,13384,195
100,12,num,52,136.101033333333,257.9115,13384,13582,198
100,0,blank,0,194.911633333333,259.19745,13582,13777,195
100,0,blank,0,199.896383333333,261.920583333333,13777,13973,196
100,13,"Enterthenumberofnodes:",56,166.37665,271.649816666667,13973,14168,195
100,13,"Enterthenumberofnodes:",56,141.50475,276.1519,14168,14365,197
100,13,"Enterthenumberofnodes:",56,174.1103,279.40848,14365,14531,166
100,13,"Enterthenumberofnodes:",56,226.791,270.91886,14531,14699,168
100,13,"Enterthenumberofnodes:",56,278.14788,270.05716,14699,14867,168
100,13,"Enterthenumberofnodes:",56,363.80226,271.0757,14867,15034,167
100,13,"Enterthenumberofnodes:",56,292.07222,279.01604,15034,15201,167
100,13,"Enterthenumberofnodes:",56,332.4712,279.332816666667,15201,15400,199
100,0,blank,0,373.42905,264.429016666667,15400,15593,193
100,0,blank,0,396.6463,262.295983333333,15593,15785,192
100,13,"Enterthenumberofnodes:",56,350.5544,269.6686,15785,15817,32
100,14,num,64,193.221416666667,290.942333333333,15850,16044,194
100,13,"Enterthenumberofnodes:",56,182.935433333333,287.3403,16044,16240,196
100,14,"%d",61,121.938383333333,301.77875,16240,16434,194
100,13,"Enterthenumberofnodes:",56,156.830283333333,282.886233333333,16434,16625,191
100,13,"Enterthenumberofnodes:",56,206.792133333333,270.300983333333,16625,16819,194
100,13,"Enterthenumberofnodes:",56,268.6,275.634416666667,16819,17014,195
100,13,"Enterthenumberofnodes:",56,283.134333333333,275.79595,17014,17210,196
100,13,"Enterthenumberofnodes:",56,308.1427,274.9777,17210,17405,195
100,13,"Enterthenumberofnodes:",56,364.839883333333,279.80115,17405,17604,199
100,13,"Enterthenumberofnodes:",56,384.17446,271.25108,17604,17771,167
100,13,"Enterthenumberofnodes:",56,387.02685,279.18465,17771,17903,132
100,14,num,64,176.531816666667,295.6075,17935,18130,195
100,14,"%d",61,120.33235,302.814633333333,18130,18326,196
100,14,"%d",61,129.406366666667,305.643583333333,18326,18525,199
100,14,&,63,164.158483333333,300.133183333333,18525,18720,195
100,14,"%d",61,124.011933333333,302.974316666667,18720,18916,196
100,14,&,63,171.5588,296.202433333333,18916,19112,196
100,14,num,64,181.630816666667,297.4232,19112,19309,197
100,14,num,64,190.9633,295.220233333333,19309,19504,195
100,0,blank,0,229.5421,294.01808,19504,19670,166
100,14,;,66,220.047683333333,293.866616666667,19670,19869,199
100,14,num,64,198.6956,293.650466666667,19869,20068,199
100,14,num,64,203.8762,295.30334,20068,20235,167
100,15,head,70,149.73858,316.67176,20235,20403,168
100,15,(,68,126.5863,321.77422,20403,20574,171
100,15,generate,67,121.73562,324.12712,20574,20741,167
100,14,"%d",61,117.75898,290.32458,20741,20907,166
100,14,"%d",61,123.351,289.21236,20907,21074,167
100,14,num,64,183.607183333333,292.391883333333,21074,21270,196
100,0,blank,0,126.044183333333,310.367266666667,21270,21465,195
100,14,&,63,174.8532,298.262966666667,21465,21663,198
100,14,;,66,219.725,296.26605,21663,21857,194
100,14,num,64,196.357866666667,300.395866666667,21857,22051,194
100,0,blank,0,152.4271,301.085283333333,22051,22247,196
100,14,&,63,171.7456,298.681,22247,22440,193
100,13,"Enterthenumberofnodes:",56,129.307833333333,273.279533333333,22440,22636,196
100,13,"Enterthenumberofnodes:",56,224.24995,276.485716666667,22636,22831,195
100,13,"Enterthenumberofnodes:",56,297.517233333333,279.696183333333,22831,23026,195
100,13,"Enterthenumberofnodes:",56,349.106083333333,274.755816666667,23026,23221,195
100,13,"Enterthenumberofnodes:",56,361.114633333333,278.320766666667,23221,23318,97
100,14,;,66,220.589,298.698466666667,23350,23541,191
100,0,blank,0,225.8345,288.6492,23541,23575,34
100,0,blank,0,116.83725,310.170983333333,23607,23802,195
100,14,num,64,192.59915,295.661016666667,23802,23996,194
100,14,&,63,165.462533333333,289.816983333333,23996,24187,191
100,14,comma,62,150.7519,290.889133333333,24187,24379,192
100,0,blank,0,225.222233333333,290.077216666667,24379,24572,193
100,0,blank,0,223.623633333333,291.150816666667,24572,24769,197
100,13,"Enterthenumberofnodes:",56,189.967733333333,284.239333333333,24769,24964,195
100,13,"Enterthenumberofnodes:",56,228.01645,274.7494,24964,25158,194
100,13,"Enterthenumberofnodes:",56,294.79025,277.572066666667,25158,25346,188
100,13,"Enterthenumberofnodes:",56,368.023583333333,272.27205,25346,25541,195
100,13,"Enterthenumberofnodes:",56,368.7481,267.9921,25541,25573,32
100,13,"Enterthenumberofnodes:",56,235.61655,275.889083333333,25606,25800,194
100,0,blank,0,234.229933333333,299.0698,25800,25993,193
100,14,;,66,216.14805,295.013633333333,25993,26186,193
100,13,"Enterthenumberofnodes:",56,206.937566666667,287.417516666667,26186,26380,194
100,0,blank,0,183.500783333333,288.753216666667,26380,26573,193
100,14,num,64,202.928833333333,295.102283333333,26573,26768,195
100,13,"Enterthenumberofnodes:",56,192.382166666667,287.126433333333,26768,26958,190
100,13,"Enterthenumberofnodes:",56,137.53735,275.7777,26958,27149,191
100,12,num,52,160.4481,251.668783333333,27149,27341,192
100,0,blank,0,199.719666666667,256.250966666667,27341,27531,190
100,0,blank,0,199.8082,258.5504,27531,27720,189
100,0,blank,0,228.95285,299.135866666667,27720,27910,190
100,14,;,66,220.50915,292.693675,27910,28065,155
100,14,;,66,218.7559,294.8399,28065,28182,117
100,14,&,63,173.5597,299.8312,28182,28376,194
100,15,(,68,128.87095,319.3495,28376,28574,198
100,15,(,68,125.554483333333,330.0798,28574,28769,195
100,15,head,70,156.861466666667,325.819233333333,28769,28963,194
100,15,num,72,204.404516666667,315.060116666667,28963,29152,189
100,15,num,72,205.58232,326.44756,29152,29312,160
100,0,blank,0,-323,-105,29344,29476,132
100,0,blank,0,201.2162,311.9589,29502,29527,25
100,0,blank,0,192.629933333333,317.947266666667,29583,29759,176
100,0,blank,0,242.42255,322.164483333333,29759,29953,194
100,0,blank,0,266.520566666667,318.290683333333,29953,30140,187
100,0,blank,0,268.8785,327.781,30140,30171,31
100,16,"\nEnterkeytosearch:",77,152.019783333333,334.648333333333,30202,30391,189
100,0,blank,0,152.2584,301.9886,30391,30454,63
100,7,node,33,137.681316666667,147.354966666667,30486,30676,190
100,7,node,33,133.389716666667,147.364,30676,30865,189
100,0,blank,0,137.7066,206.3397,30865,30896,31
100,0,blank,0,171.121683333333,470.965216666667,30928,31122,194
100,21,struct,107,162.43175,446.949533333333,31122,31319,197
100,0,blank,0,161.4908,441.1558,31319,31383,64
100,0,blank,0,-323,-105,31448,31639,191
100,0,blank,0,-323,-105,31639,31820,181
100,0,blank,0,-323,-105,31820,32006,186
100,0,blank,0,-323,-105,32006,32190,184
100,0,blank,0,-323,-105,32190,32329,139
100,0,blank,0,113.44475,671.252083333333,32904,33092,188
100,0,blank,0,113.61,671.3081,33092,33156,64
100,17,scanf,80,84.2913833333333,358.897733333333,33188,33381,193
100,17,scanf,80,90.2106166666667,372.983966666667,33381,33575,194
100,0,blank,0,167.3426,380.9622,33575,33607,32
100,0,blank,0,817.0826,410.37788,33670,33829,159
100,11,head,47,210.532766666667,226.483066666667,33894,34089,195
100,0,blank,0,359.96002,39.26208,34122,34282,160
100,0,blank,0,713.2994,15.33906,34313,34472,159
100,0,blank,0,984.549,139.945866666667,34503,34698,195
100,0,blank,0,1025.8665,225.9653,34698,34893,195
100,0,blank,0,1020.67766666667,219.108716666667,34893,35089,196
100,0,blank,0,1016.8835,220.07795,35089,35284,195
100,0,blank,0,1023.5025,223.41385,35284,35348,64
100,25,;,134,235.501683333333,538.5093,35444,35643,199
100,0,blank,0,240.61026,527.66538,35643,35809,166
101,0,blank,0,93.51426,607.79886,37798,37956,158
101,0,blank,0,122.450833333333,209.838716666667,38019,38209,190
101,21,(,106,139.15635,187.22415,38209,38401,192
101,21,generate,105,116.984,187.4818,38401,38595,194
101,21,generate,105,78.522825,177.27705,38595,38727,132
101,0,blank,0,208.0886,181.3087,38760,38956,196
101,21,struct,107,160.086583333333,187.662,38956,39149,193
101,21,struct,107,145.221833333333,186.941533333333,39149,39348,199
101,21,generate,105,84.86896,182.73852,39348,39516,168
101,21,struct,107,154.52086,187.40248,39516,39684,168
101,21,struct,107,194.622233333333,184.584683333333,39684,39883,199
101,21,node,108,231.697233333333,179.0994,39883,40077,194
101,21,head,111,287.843533333333,170.935583333333,40077,40271,194
101,21,head,111,322.298016666667,172.51095,40271,40463,192
101,21,int,113,366.503483333333,171.062583333333,40463,40657,194
101,21,num,114,400.961066666667,175.523216666667,40657,40851,194
101,0,blank,0,432.56495,166.4481,40851,41044,193
101,0,blank,0,387.018783333333,160.853066666667,41044,41235,191
101,21,num,114,411.079583333333,170.583883333333,41235,41426,191
101,21,),115,418.61988,177.26872,41426,41589,163
101,0,blank,0,148.780433333333,234.000533333333,41653,41844,191
101,0,blank,0,129.38745,233.988566666667,41844,42035,191
101,21,num,114,392.580783333333,171.644666666667,42098,42293,195
101,0,blank,0,376.618616666667,171.250033333333,42293,42483,190
101,0,blank,0,372.67582,167.9701,42483,42642,159
101,0,blank,0,142.024933333333,215.955233333333,42674,42868,194
101,0,blank,0,152.54825,219.633416666667,42868,43063,195
101,0,blank,0,132.785,221.7461,43063,43257,194
101,0,blank,0,139.198816666667,232.369383333333,43257,43451,194
101,0,blank,0,155.42835,233.959516666667,43451,43647,196
101,24,node,121,126.87535,235.932716666667,43647,43838,191
101,24,node,121,149.293433333333,237.15445,43838,44030,192
101,24,temp,123,185.0992,235.7594,44030,44222,192
101,24,temp,123,201.101183333333,239.697666666667,44222,44419,197
101,0,blank,0,169.4995,228.74828,44419,44586,167
101,24,node,121,136.24814,237.61192,44586,44761,175
101,0,blank,0,116.814466666667,228.257633333333,44761,44958,197
101,0,blank,0,199.963716666667,226.737466666667,44958,45149,191
101,0,blank,0,224.848766666667,221.149433333333,45149,45244,95
101,0,blank,0,-323,-105,45277,45387,110
101,0,blank,0,172.5141,218.6937,45421,45475,54
101,0,blank,0,146.147516666667,229.96525,45580,45765,185
101,0,blank,0,126.811266666667,225.047783333333,45765,45953,188
101,24,node,121,114.1034,243.7049,45953,46140,187
101,24,node,121,137.85135,242.394133333333,46140,46330,190
101,0,blank,0,121.074283333333,230.148866666667,46330,46524,194
101,24,node,121,116.389383333333,235.748466666667,46524,46722,198
101,0,blank,0,163.752733333333,258.7474,46722,46919,197
101,0,blank,0,159.717383333333,261.785416666667,46919,47113,194
101,0,blank,0,191.934833333333,255.740183333333,47113,47306,193
101,0,blank,0,161.21525,255.767233333333,47306,47501,195
101,0,blank,0,163.27795,251.55575,47501,47634,133
101,0,blank,0,547.0212,291.055383333333,47698,47895,197
101,0,blank,0,539.7623,291.6143,47895,47960,65
101,0,blank,0,176.22615,260.921183333333,47993,48190,197
101,25,<,132,185.1861,265.936516666667,48190,48388,198
101,25,0,129,143.48785,262.1756,48388,48561,173
101,25,;,134,151.1875,265.6699,48561,48667,106
101,0,blank,0,160.483666666667,266.561033333333,48667,48843,176
101,0,blank,0,160.605983333333,270.416366666667,48843,49039,196
101,25,i,135,168.051766666667,268.75175,49039,49235,196
101,0,blank,0,158.7851,260.75248,49235,49402,167
101,0,blank,0,162.36546,269.16778,49402,49570,168
101,0,blank,0,154.47788,270.22098,49570,49738,168
101,25,=,128,114.33354,271.70374,49738,49906,168
101,25,0,129,134.32408,270.26834,49906,50074,168
101,25,i,135,164.94735,269.142016666667,50074,50273,199
101,25,i,135,165.15985,275.460533333333,50273,50470,197
101,0,blank,0,152.5342,262.993316666667,50470,50667,197
101,0,blank,0,163.313133333333,264.82265,50667,50865,198
101,0,blank,0,180.992083333333,262.695833333333,50865,51057,192
101,25,<,132,183.079133333333,265.849866666667,51057,51248,191
101,25,num,133,209.055566666667,272.231866666667,51248,51437,189
101,25,num,133,214.36305,265.193166666667,51437,51628,191
101,25,num,133,220.802316666667,268.013216666667,51628,51819,191
101,25,num,133,231.628166666667,261.163733333333,51819,52009,190
101,25,;,134,235.779783333333,262.060183333333,52009,52201,192
101,25,num,133,230.6044,260.994966666667,52201,52396,195
101,25,++,136,267.5481,269.161966666667,52396,52593,197
101,25,i,135,259.845216666667,267.56855,52593,52785,192
101,0,blank,0,242.4516,259.5054,52785,52977,192
101,0,blank,0,244.0795,265.873983333333,52977,53172,195
101,0,blank,0,242.105483333333,260.165583333333,53172,53367,195
101,0,blank,0,242.820566666667,267.972916666667,53367,53558,191
101,25,num,133,227.019116666667,266.091533333333,53558,53749,191
101,0,blank,0,245.16145,258.028266666667,53749,53943,194
101,0,blank,0,295.44134,259.34414,53943,54109,166
101,25,),137,290.228416666667,262.706983333333,54109,54305,196
101,25,++,136,282.21838,261.84254,54305,54468,163
101,0,blank,0,302.21742,263.22216,54468,54640,172
101,0,blank,0,298.995,261.895333333333,54640,54838,198
101,25,),137,290.19374,264.98064,54838,55004,166
101,0,blank,0,293.3847,262.378266666667,55004,55199,195
101,0,blank,0,294.86245,257.41345,55199,55398,199
101,25,i,135,170.393266666667,272.231083333333,55432,55630,198
101,0,blank,0,159.198033333333,269.197016666667,55630,55825,195
101,0,blank,0,153.207666666667,269.969,55825,56019,194
101,0,blank,0,163.74575,269.8581,56019,56213,194
101,0,blank,0,163.71585,274.1363,56213,56407,194
101,0,blank,0,155.696366666667,266.3643,56407,56601,194
101,25,;,134,149.897416666667,269.518983333333,56601,56799,198
101,25,=,128,117.593533333333,266.026166666667,56799,56902,103
101,0,blank,0,-323,-105,56969,57102,133
101,25,<,132,187.5875,265.0236,57129,57155,26
101,25,<,132,189.6534,270.003383333333,57210,57388,178
101,0,blank,0,152.145316666667,267.214833333333,57388,57585,197
101,25,0,129,135.563233333333,264.507616666667,57585,57776,191
101,0,blank,0,180.547883333333,266.326216666667,57776,57965,189
101,25,num,133,219.559466666667,271.791783333333,57965,58154,189
101,25,num,133,229.916683333333,273.68415,58154,58343,189
101,0,blank,0,261.2507,281.731233333333,58343,58530,187
101,0,blank,0,243.404216666667,249.14135,58530,58719,189
101,0,blank,0,246.369466666667,260.889333333333,58719,58909,190
101,25,++,136,267.4861,270.428166666667,58909,59098,189
101,25,),137,289.61605,263.047283333333,59098,59291,193
101,0,blank,0,315.062983333333,258.595933333333,59291,59482,191
101,0,blank,0,312.561183333333,259.412583333333,59482,59676,194
101,25,++,136,269.73445,261.194966666667,59676,59869,193
101,25,num,133,225.887333333333,258.3957,59869,60064,195
101,25,;,134,234.47105,264.922383333333,60064,60260,196
101,0,blank,0,247.070433333333,276.689733333333,60260,60458,198
101,27,struct,150,186.848733333333,310.645166666667,60458,60651,193
101,27,struct,150,180.274,309.23912,60651,60818,167
101,27,node,151,254.115933333333,305.858566666667,60818,61017,199
101,27,),153,301.01344,305.52626,61017,61186,169
101,0,blank,0,371.988383333333,294.258166666667,61186,61385,199
101,0,blank,0,382.4575,299.6318,61385,61580,195
101,27,sizeof,148,415.099866666667,302.10545,61580,61775,195
101,27,sizeof,148,434.373525,307.721525,61775,61903,128
101,28,rand,159,196.050716666667,342.3401,61934,62127,193
101,0,blank,0,178.306383333333,330.839466666667,62127,62318,191
101,28,rand,159,186.014216666667,333.767566666667,62318,62509,191
101,28,rand,159,201.268466666667,329.593833333333,62509,62706,197
101,28,rand,159,213.5033,330.779266666667,62706,62902,196
101,28,%,162,256.756416666667,327.698733333333,62902,63100,198
101,28,%,162,255.02646,336.7169,63100,63268,168
101,0,blank,0,251.90432,325.5161,63268,63434,166
101,28,%,162,259.7913,328.06,63434,63600,166
101,27,node,151,250.59752,319.46524,63600,63767,167
101,28,%,162,253.4019,328.032383333333,63767,63966,199
101,28,num,163,299.284066666667,328.25905,63966,64162,196
101,27,malloc,146,305.353316666667,320.7126,64162,64359,197
101,27,malloc,146,310.2958,319.0684,64359,64557,198
101,0,blank,0,271.141216666667,326.158183333333,64557,64753,196
101,28,%,162,262.032416666667,335.149033333333,64753,64947,194
101,28,rand,159,220.2046,332.0226,64947,65140,193
101,28,rand,159,205.342916666667,327.852133333333,65140,65336,196
101,0,blank,0,272.035425,327.443825,65336,65466,130
101,0,blank,0,-323,-105,65499,65609,110
101,0,blank,0,176.2572,340.3996,65647,65698,51
101,28,rand,159,187.549066666667,332.072033333333,65764,65947,183
101,28,rand,159,199.17285,332.64925,65947,66139,192
101,28,(,160,229.043833333333,331.09955,66139,66328,189
101,0,blank,0,271.956983333333,326.4359,66328,66518,190
101,0,blank,0,282.0637,320.939916666667,66518,66708,190
101,0,blank,0,314.66085,321.608783333333,66708,66902,194
101,27,struct,150,218.45005,318.369566666667,66935,67130,195
101,28,num,163,293.999033333333,323.44025,67130,67327,197
101,0,blank,0,213.587383333333,343.302,67327,67526,199
101,28,rand,159,200.2186,339.58788,67526,67692,166
101,28,%,162,259.2692,327.2726,67692,67889,197
101,0,blank,0,224.102516666667,328.44845,67889,68083,194
101,0,blank,0,181.733733333333,328.3144,68083,68279,196
101,0,blank,0,183.373733333333,328.229783333333,68279,68472,193
101,28,rand,159,222.379266666667,323.8945,68472,68668,196
101,0,blank,0,253.512025,321.064675,68668,68820,152
101,28,%,162,259.3956,336.31355,68820,69018,198
101,27,node,151,261.3622,319.113866666667,69018,69217,199
101,28,num,163,280.077616666667,328.187016666667,69217,69410,193
101,28,num,163,279.821083333333,327.086283333333,69410,69603,193
101,27,node,151,258.2671,319.41715,69603,69797,194
101,0,blank,0,260.914233333333,321.274783333333,69797,69990,193
101,0,blank,0,274.738833333333,320.383583333333,69990,70184,194
101,0,blank,0,274.1142,318.1541,70184,70380,196
101,27,node,151,264.275733333333,320.6416,70380,70570,190
101,27,node,151,262.468833333333,317.19945,70570,70760,190
101,27,node,151,246.208533333333,312.804283333333,70760,70957,197
101,27,node,151,240.983283333333,315.9303,70957,71152,195
101,27,node,151,242.792366666667,316.484333333333,71152,71345,193
101,27,node,151,242.001866666667,319.014466666667,71345,71538,193
101,27,node,151,246.1193,319.3689,71538,71706,168
101,27,node,151,248.76384,320.34638,71706,71872,166
101,28,%,162,252.06138,322.9902,71872,72039,167
101,27,node,151,252.6519,319.92976,72039,72209,170
101,27,node,151,242.0935,318.87094,72209,72379,170
101,28,),161,241.5809,325.5183,72379,72550,171
101,28,rand,159,197.35082,327.48732,72550,72721,171
101,0,blank,0,183.13064,321.29024,72721,72892,171
101,28,rand,159,216.29542,329.82298,72892,73063,171
101,28,%,162,255.667366666667,327.8534,73063,73259,196
101,28,num,163,273.14125,331.555516666667,73259,73458,199
101,0,blank,0,314.3707,322.970333333333,73458,73656,198
101,0,blank,0,317.654833333333,327.871383333333,73656,73848,192
101,28,num,163,276.053966666667,331.3967,73848,74046,198
101,0,blank,0,280.83092,321.34456,74046,74213,167
101,0,blank,0,325.431066666667,324.5695,74213,74405,192
101,0,blank,0,329.44075,333.544925,74405,74536,131
101,28,=,158,173.1729,324.729533333333,74568,74762,194
101,0,blank,0,181.340516666667,323.87005,74762,74957,195
101,27,struct,150,219.93175,313.29965,74957,75148,191
101,0,blank,0,264.312,321.1013,75148,75340,192
101,28,num,163,294.547825,330.15345,75340,75466,126
101,29,"%d",167,165.398783333333,352.2791,75497,75692,195
101,28,rand,159,208.168016666667,335.64365,75692,75884,192
101,27,struct,150,221.812883333333,317.5283,75884,76077,193
101,0,blank,0,156.004783333333,330.932783333333,76077,76270,193
101,28,=,158,172.030883333333,332.892333333333,76270,76464,194
101,29,"%d",167,180.490516666667,345.37375,76464,76659,195
101,29,"%d",167,208.5792,344.45552,76659,76829,170
101,29,temp,169,269.904416666667,349.015066666667,76829,77021,192
101,29,->,170,296.01405,347.019666666667,77021,77219,198
101,29,temp,169,266.516183333333,350.921366666667,77219,77412,193
101,0,blank,0,241.731283333333,365.788366666667,77412,77610,198
101,29,"%d",167,232.098383333333,363.022183333333,77610,77809,199
101,29,"%d",167,177.38375,353.8493,77809,78007,198
101,29,"%d",167,162.155366666667,355.996433333333,78007,78101,94
101,28,;,164,311.516583333333,341.680916666667,78132,78323,191
101,29,;,173,340.586716666667,346.924533333333,78323,78515,192
101,0,blank,0,349.874166666667,349.619733333333,78515,78610,95
101,30,==,178,185.47975,380.1848,78642,78829,187
101,29,"%d",167,180.096516666667,354.169266666667,78829,79016,187
101,30,==,178,186.0149,379.8002,79016,79048,32
101,0,blank,0,-323,-105,79078,79161,83
101,0,blank,0,-323,-105,79212,79248,36
101,29,"%d",167,200.371916666667,353.7293,79279,79455,176
101,29,"%d",167,170.652233333333,355.474316666667,79455,79643,188
101,0,blank,0,152.616483333333,277.1615,79643,79827,184
101,0,blank,0,161.600316666667,274.0027,79827,80012,185
101,0,blank,0,197.192066666667,272.858816666667,80012,80202,190
101,0,blank,0,195.239033333333,266.3962,80202,80296,94
101,30,head,177,170.3065,386.684833333333,80327,80518,191
101,30,==,178,194.750683333333,368.524283333333,80518,80711,193
101,29,(,166,146.813716666667,358.783383333333,80711,80899,188
101,0,blank,0,178.015183333333,375.957,80899,81087,188
101,30,NULL,179,225.413083333333,368.78995,81087,81280,193
101,30,NULL,179,243.620533333333,386.5969,81280,81473,193
101,0,blank,0,213.199666666667,400.9247,81473,81666,193
101,0,blank,0,199.99475,412.96405,81666,81861,195
101,32,=,184,189.910733333333,415.283783333333,81861,82055,194
101,0,blank,0,174.850516666667,372.6061,82055,82244,189
101,30,==,178,191.946116666667,366.647716666667,82244,82433,189
101,29,"%d",167,194.4226,357.227233333333,82433,82625,192
101,29,"%d",167,192.1053,361.71516,82625,82782,157
101,0,blank,0,153.130216666667,18.4199,82812,83000,188
101,0,blank,0,159.7457,31.4204,83000,83032,32
101,0,blank,0,187.050666666667,402.431316666667,83063,83253,190
101,0,blank,0,268.89574,412.81708,83253,83438,185
101,32,temp,185,242.604133333333,430.01745,83438,83633,195
101,0,blank,0,192.260633333333,442.328033333333,83633,83828,195
101,0,blank,0,164.275966666667,501.74335,83828,84022,194
101,37,next,201,186.05375,523.660283333333,84022,84216,194
101,0,blank,0,205.826733333333,477.370116666667,84216,84410,194
101,33,->,191,211.98745,437.99735,84410,84604,194
101,32,temp,185,211.629366666667,429.119866666667,84604,84796,192
101,0,blank,0,262.91815,411.128433333333,84796,84987,191
101,32,temp,185,218.192266666667,420.917433333333,84987,85180,193
101,32,=,184,187.141166666667,419.258466666667,85180,85373,193
101,0,blank,0,224.384566666667,393.995866666667,85373,85565,192
101,0,blank,0,243.451933333333,387.028733333333,85565,85756,191
101,0,blank,0,223.245266666667,391.696666666667,85756,85949,193
101,0,blank,0,219.3658,410.319366666667,85949,86142,193
101,0,blank,0,252.169316666667,420.0031,86142,86333,191
101,33,->,191,212.862016666667,443.543783333333,86333,86527,194
101,33,NULL,194,283.949783333333,446.48695,86527,86722,195
101,33,next,192,253.656566666667,446.107166666667,86722,86920,198
101,33,next,192,223.355566666667,433.895866666667,86920,87113,193
101,32,temp,185,234.560033333333,421.64035,87113,87304,191
101,32,;,186,250.52435,422.4648,87304,87493,189
101,32,temp,185,207.913683333333,421.7484,87493,87686,193
101,32,=,184,193.340766666667,419.2329,87686,87881,195
101,32,temp,185,224.62595,413.355,87881,88075,194
101,32,;,186,244.944183333333,424.280583333333,88075,88265,190
101,0,blank,0,192.9309,441.64855,88265,88459,194
101,32,=,184,188.96805,423.642116666667,88459,88652,193
101,29,"%d",167,179.887333333333,351.8716,88652,88849,197
101,29,"%d",167,180.269183333333,351.706116666667,88849,89043,194
101,27,struct,150,169.418975,302.953025,89043,89192,149
101,27,(,149,159.1793,309.77985,89192,89374,182
101,0,blank,0,124.60225,269.44895,89374,89548,174
101,0,blank,0,163.323383333333,275.0422,89548,89742,194
101,0,blank,0,198.404416666667,277.0708,89742,89933,191
101,0,blank,0,247.800716666667,269.167533333333,89933,90123,190
101,0,blank,0,246.70635,266.2372,90123,90186,63
101,0,blank,0,191.995916666667,506.85655,90219,90410,191
101,0,blank,0,191.099266666667,474.668266666667,90410,90604,194
101,0,blank,0,199.687933333333,520.190616666667,90604,90796,192
101,0,blank,0,180.104933333333,506.417766666667,90796,90986,190
101,0,blank,0,169.96005,496.9408,90986,91182,196
101,0,blank,0,212.142683333333,520.178966666667,91182,91370,188
101,0,blank,0,198.074466666667,511.743883333333,91370,91562,192
101,0,blank,0,251.300033333333,500.44385,91562,91756,194
101,0,blank,0,245.28125,494.9429,91756,91950,194
101,0,blank,0,314.86415,502.0572,91950,92142,192
101,0,blank,0,317.06095,503.1865,92142,92330,188
101,0,blank,0,319.238066666667,510.316566666667,92330,92520,190
101,0,blank,0,274.572833333333,518.9264,92520,92709,189
101,0,blank,0,218.33645,520.833466666667,92709,92901,192
101,0,blank,0,211.215566666667,517.2073,92901,93098,197
101,33,->,191,212.030766666667,433.085133333333,93098,93288,190
101,0,blank,0,212.346866666667,456.13645,93288,93482,194
101,0,blank,0,212.288166666667,515.888283333333,93482,93673,191
101,0,blank,0,257.580483333333,498.74235,93673,93860,187
101,0,blank,0,304.3066,505.948933333333,93860,94049,189
101,0,blank,0,327.973333333333,511.115483333333,94049,94239,190
101,0,blank,0,294.883083333333,504.969116666667,94239,94427,188
101,37,next,201,212.007383333333,535.980716666667,94427,94614,187
101,37,next,201,212.734666666667,531.094333333333,94614,94798,184
101,37,next,201,198.441033333333,534.278383333333,94798,94984,186
101,37,=,202,242.277016666667,524.918933333333,94984,95171,187
101,37,*,203,262.513916666667,530.459666666667,95171,95358,187
101,0,blank,0,228.689116666667,527.843466666667,95358,95545,187
101,37,next,201,215.300166666667,537.54615,95545,95731,186
101,0,blank,0,164.464283333333,577.5392,95731,95919,188
101,0,blank,0,119.382633333333,614.0394,95919,96105,186
101,0,blank,0,112.656933333333,604.751566666667,96105,96199,94
101,21,struct,107,148.478416666667,183.419433333333,96230,96418,188
101,0,blank,0,164.73335,101.650633333333,96418,96606,188
101,16,"\nEnterkeytosearch:",77,170.70545,75.72635,96606,96798,192
101,16,"\nEnterkeytosearch:",77,146.947816666667,71.3966166666667,96798,96990,192
101,15,&,69,135.25575,41.65465,96990,97181,191
101,14,"%d",61,130.30765,31.7319166666667,97181,97372,191
101,14,"%d",61,134.580883333333,34.6221166666667,97372,97561,189
101,16,"\nEnterkeytosearch:",77,233.218016666667,60.85525,97561,97756,195
101,15,),73,234.3002,55.5399666666667,97756,97949,193
101,16,"\nEnterkeytosearch:",77,232.25785,64.1324,97949,98140,191
101,16,"\nEnterkeytosearch:",77,270.645383333333,70.2300666666667,98140,98331,191
101,16,"\nEnterkeytosearch:",77,298.85705,72.6556,98331,98523,192
101,16,"\nEnterkeytosearch:",77,307.431566666667,65.5162833333333,98523,98718,195
101,16,"\nEnterkeytosearch:",77,320.1316,67.2847666666667,98718,98912,194
101,16,"\nEnterkeytosearch:",77,347.64345,67.2918,98912,98976,64
101,0,blank,0,226.591916666667,98.5737166666667,99010,99203,193
101,17,&,84,168.9551,92.9032166666667,99203,99400,197
101,17,;,87,215.24555,100.948983333333,99400,99594,194
101,18,num,94,241.9062,102.70035,99594,99791,197
101,0,blank,0,218.725816666667,104.033083333333,99791,99985,194
101,18,comma,93,154.310533333333,107.397366666667,99985,100179,194
101,17,"%d",82,133.845683333333,95.5485666666667,100179,100374,195
101,18,num,94,224.933183333333,108.196666666667,100374,100571,197
101,18,num,94,228.213716666667,103.277233333333,100571,100765,194
101,18,num,94,238.54565,102.794,100765,100961,196
101,18,key,92,183.2309,109.761166666667,100961,101157,196
101,19,head,100,148.2927,126.494133333333,101157,101356,199
101,18,head,90,145.579833333333,113.378633333333,101356,101549,193
101,18,key,92,197.96252,119.1209,101549,101710,161
101,42,struct,217,154.561266666667,642.6152,101743,101937,194
101,42,struct,217,161.274666666667,642.3734,101937,102032,95
101,0,blank,0,990.02,312.436866666667,102097,102291,194
101,0,blank,0,988.974,325.746933333333,102291,102482,191
101,0,blank,0,1009.516,347.935916666667,102482,102671,189
101,0,blank,0,1015.586,345.24055,102671,102797,126
101,0,blank,0,282.405183333333,670.230266666667,102861,103059,198
101,0,blank,0,284.1789,655.23205,103059,103126,67
102,0,blank,0,162.028466666667,284.773366666667,104148,104341,193
102,0,blank,0,193.014366666667,277.604516666667,104341,104534,193
102,42,node,218,205.491866666667,266.012416666667,104534,104725,191
102,42,struct,217,149.683933333333,261.737116666667,104725,104916,191
102,42,struct,217,146.793416666667,258.285283333333,104916,105107,191
102,42,node,218,209.888166666667,260.988766666667,105107,105300,193
102,42,node,218,208.18575,260.494966666667,105300,105492,192
102,0,blank,0,191.76485,260.228866666667,105492,105684,192
102,42,struct,217,138.797116666667,257.180816666667,105684,105876,192
102,42,struct,217,161.126416666667,256.667516666667,105876,106066,190
102,0,blank,0,199.192,248.523016666667,106066,106259,193
102,42,head,220,266.8265,252.78645,106259,106450,191
102,42,head,220,271.263866666667,251.316833333333,106450,106640,190
102,0,blank,0,310.345816666667,250.567716666667,106640,106829,189
102,0,blank,0,362.820633333333,242.036283333333,106829,107020,191
102,0,blank,0,368.18035,248.063083333333,107020,107210,190
102,0,blank,0,398.39385,251.018483333333,107210,107400,190
102,0,blank,0,447.372883333333,248.0795,107400,107591,191
102,42,index,226,450.008133333333,252.5665,107591,107782,191
102,0,blank,0,438.466583333333,255.234833333333,107782,107979,197
102,0,blank,0,475.601016666667,249.322866666667,107979,108167,188
102,0,blank,0,448.724716666667,243.356633333333,108167,108356,189
102,0,blank,0,451.004166666667,241.598516666667,108356,108544,188
102,0,blank,0,287.206,291.6461,108576,108765,189
102,0,blank,0,254.09864,279.47848,108765,108922,157
102,0,blank,0,458.014166666667,243.0022,108954,109143,189
102,0,blank,0,449.2017,247.154,109143,109174,31
102,0,blank,0,235.543483333333,267.194716666667,109205,109397,192
102,42,int,225,430.535275,259.5798,109429,109573,144
102,42,int,225,427.9434,262.9097,109573,109648,75
102,0,blank,0,196.24465,279.18345,109769,109936,167
102,44,==,234,166.37185,306.189416666667,109936,110131,195
102,0,blank,0,157.518783333333,297.5156,110131,110321,190
102,44,==,234,178.335533333333,296.029716666667,110321,110510,189
102,44,key,235,222.99875,308.052233333333,110510,110704,194
102,0,blank,0,155.628416666667,293.0863,110704,110898,194
102,44,==,234,167.515016666667,296.879066666667,110898,111089,191
102,0,blank,0,192.297966666667,322.195833333333,111089,111279,190
102,0,blank,0,192.41215,301.2239,111279,111345,66
102,0,blank,0,347.433366666667,238.837,111377,111567,190
102,0,blank,0,326.34762,245.58804,111567,111723,156
102,0,blank,0,192.105833333333,296.618083333333,111754,111945,191
102,44,key,235,197.62475,306.9793,111945,112133,188
102,0,blank,0,234.168366666667,287.003,112133,112321,188
102,0,blank,0,241.312933333333,281.313183333333,112321,112516,195
102,0,blank,0,214.0606,292.1687,112516,112708,192
102,44,key,235,207.241316666667,300.829816666667,112708,112902,194
102,44,key,235,200.9493,295.1532,112902,112934,32
102,0,blank,0,-323,-105,112997,113123,126
102,44,key,235,220.940716666667,294.475716666667,113210,113385,175
102,0,blank,0,244.553416666667,285.041866666667,113385,113570,185
102,0,blank,0,246.9238,297.883966666667,113570,113756,186
102,0,blank,0,192.746683333333,322.259583333333,113756,113943,187
102,0,blank,0,221.04765,333.411566666667,113943,114129,186
102,0,blank,0,273.3204,337.748983333333,114129,114317,188
102,0,blank,0,307.771166666667,336.6221,114317,114505,188
102,0,blank,0,357.881133333333,333.446666666667,114505,114694,189
102,0,blank,0,395.381866666667,323.560116666667,114694,114884,190
102,0,blank,0,422.011783333333,319.3032,114884,115075,191
102,0,blank,0,497.077266666667,322.925583333333,115075,115267,192
102,0,blank,0,482.34555,274.258966666667,115267,115462,195
102,0,blank,0,474.609,224.283266666667,115462,115657,195
102,0,blank,0,443.71545,241.367066666667,115657,115849,192
102,0,blank,0,431.897825,241.821475,115849,115976,127
102,0,blank,0,272.446416666667,361.95965,116008,116200,192
102,48,next,250,179.412216666667,382.117716666667,116200,116392,192
102,0,blank,0,153.764916666667,381.742166666667,116392,116585,193
102,48,->,249,143.158983333333,386.8661,116585,116776,191
102,48,next,250,178.823633333333,387.27285,116776,116971,195
102,48,next,250,176.955066666667,383.1049,116971,117165,194
102,0,blank,0,215.393166666667,374.022933333333,117165,117362,197
102,48,NULL,252,224.573983333333,388.155033333333,117362,117558,196
102,0,blank,0,180.836983333333,374.0024,117558,117751,193
102,48,next,250,173.6021,391.2347,117751,117782,31
102,0,blank,0,288.964233333333,364.2861,117814,118004,190
102,48,NULL,252,231.99995,384.466366666667,118004,118196,192
102,0,blank,0,142.27735,404.66295,118196,118389,193
102,48,->,249,132.73035,387.96795,118389,118580,191
102,0,blank,0,135.705616666667,291.14935,118611,118802,191
102,0,blank,0,270.572333333333,381.834083333333,118802,118994,192
102,48,),253,264.04425,393.597616666667,118994,119184,190
102,0,blank,0,285.238083333333,378.359283333333,119184,119374,190
102,0,blank,0,276.1506,361.5772,119374,119405,31
102,0,blank,0,178.67935,426.359383333333,119437,119630,193
102,0,blank,0,177.087216666667,421.598666666667,119630,119823,193
102,0,blank,0,178.20548,429.9576,119823,119990,167
102,52,head,260,124.98932,479.4818,119990,120157,167
102,52,head,260,137.870866666667,484.602166666667,120157,120349,192
102,52,head,260,150.138666666667,477.957566666667,120349,120548,199
102,52,head,260,146.6161,470.883216666667,120548,120744,196
102,52,head,260,136.84405,472.5305,120744,120934,190
102,52,next,262,184.957233333333,470.674983333333,120934,121128,194
102,0,blank,0,193.429766666667,468.924216666667,121128,121321,193
102,0,blank,0,228.301266666667,459.5659,121321,121518,197
102,0,blank,0,232.64245,453.779,121518,121708,190
102,0,blank,0,194.787366666667,460.494933333333,121708,121906,198
102,0,blank,0,191.86005,469.10545,121906,122101,195
102,0,blank,0,235.962666666667,457.667516666667,122101,122296,195
102,0,blank,0,247.6062,463.22678,122296,122464,168
102,0,blank,0,197.330283333333,468.051516666667,122464,122659,195
102,0,blank,0,216.207883333333,464.3287,122659,122851,192
102,52,key,264,249.820216666667,471.022383333333,122851,123042,191
102,52,next,262,176.694183333333,472.89875,123042,123236,194
102,0,blank,0,174.535425,463.78705,123236,123363,127
102,0,blank,0,300.446616666667,245.199933333333,123395,123584,189
102,0,blank,0,347.845466666667,250.28915,123584,123774,190
102,52,key,264,249.608433333333,476.2984,123836,124016,180
102,0,blank,0,281.78225,454.7429,124016,124207,191
102,0,blank,0,276.07115,454.33135,124207,124395,188
102,0,blank,0,281.36935,454.3719,124395,124520,125
102,0,blank,0,397.02175,235.930666666667,124551,124742,191
102,0,blank,0,336.411733333333,481.513366666667,124773,124963,190
102,0,blank,0,326.9835,455.990416666667,124963,125155,192
102,0,blank,0,365.034666666667,466.38075,125155,125345,190
102,0,blank,0,375.050816666667,465.820566666667,125345,125535,190
102,0,blank,0,363.736866666667,451.383433333333,125535,125631,96
102,52,head,260,133.789483333333,489.644966666667,125695,125888,193
102,0,blank,0,105.400166666667,497.598716666667,125888,126079,191
102,0,blank,0,81.7733,495.43175,126079,126145,66
102,42,search,215,111.723983333333,254.41165,126177,126367,190
102,0,blank,0,114.442675,262.432425,126367,126494,127
102,0,blank,0,796.22175,415.255875,126590,126716,126
102,0,blank,0,989.480333333333,436.308066666667,126749,126938,189
102,0,blank,0,987.105833333334,435.3956,126938,127126,188
102,0,blank,0,1002.49016666667,431.313983333333,127126,127316,190
102,0,blank,0,987.4075,437.119266666667,127316,127508,192
102,0,blank,0,167.974283333333,548.026433333333,127573,127766,193
102,0,blank,0,160.105516666667,512.798533333333,127766,127956,190
102,0,blank,0,188.59985,503.1183,127956,128144,188
102,0,blank,0,198.89995,502.81445,128144,128207,63
102,0,blank,0,161.003916666667,656.544083333333,128238,128427,189
102,60,(,303,166.2013,648.8987,128427,128458,31
103,59,*,297,157.0933,619.32185,128521,128585,64
103,0,blank,0,186.221283333333,477.520583333333,128617,128808,191
103,0,blank,0,241.56645,476.639433333333,128808,128998,190
103,54,*,278,256.489883333333,490.825883333333,128998,129189,191
103,54,head,279,292.8834,494.658966666667,129189,129287,98
103,54,struct,275,159.288233333333,502.95485,129320,129511,191
103,54,struct,275,157.67385,497.400583333333,129511,129700,189
103,0,blank,0,159.816416666667,541.70225,129700,129891,191
103,56,*,284,173.75805,543.64135,129891,129989,98
103,57,!=,291,191.7419,562.8854,129989,130103,114
103,0,blank,0,183.29845,528.59445,130103,130300,197
103,0,blank,0,232.42755,536.333333333333,130300,130492,192
103,56,temp,285,195.81545,551.828033333333,130492,130682,190
103,57,!=,291,183.586866666667,563.6244,130682,130874,192
103,56,temp,285,208.461266666667,543.833016666667,130874,131065,191
103,56,temp,285,204.7027,547.30005,131065,131257,192
103,57,!=,291,178.900316666667,558.843116666667,131257,131450,193
103,57,NULL,292,217.49875,563.6398,131450,131645,195
103,0,blank,0,232.548766666667,552.822983333333,131645,131841,196
103,0,blank,0,169.72365,576.007016666667,131841,132037,196
103,0,blank,0,152.405466666667,589.8227,132037,132234,197
103,0,blank,0,144.14578,600.34468,132234,132397,163
103,0,blank,0,201.219966666667,524.864616666667,132430,132629,199
103,0,blank,0,200.4662,529.244516666667,132629,132826,197
103,0,blank,0,963.027,518.786283333333,132921,133116,195
103,0,blank,0,991.608166666667,513.353883333333,133116,133308,192
103,0,blank,0,1002.87816666667,529.186516666667,133308,133498,190
103,0,blank,0,1017.26225,515.9793,133498,133624,126
103,57,head,290,143.8216,574.61105,133687,133883,196
103,0,blank,0,169.296,569.15485,133883,133948,65
103,0,blank,0,1003.34583333333,557.152066666667,134044,134242,198
103,0,blank,0,1018.13066666667,493.89615,134242,134433,191
103,0,blank,0,996.679,506.6663,134433,134465,32
103,0,blank,0,977.123666666667,81.8519,134530,134721,191
103,0,blank,0,985.737,80.6443,134721,134753,32
104,0,blank,0,275.3707,240.6212,135426,135458,32
104,12,num,52,152.209766666667,256.215283333333,135490,135685,195
104,0,blank,0,160.872416666667,244.95345,135685,135877,192
104,0,blank,0,156.56035,232.5438,135877,135940,63
104,0,blank,0,165.174266666667,398.93845,135971,136159,188
104,18,comma,93,160.206766666667,391.420033333333,136159,136348,189
104,7,node,33,151.559083333333,150.050083333333,136381,136570,189
104,0,blank,0,156.504016666667,125.168883333333,136570,136760,190
104,0,blank,0,165.026566666667,71.0368666666667,136760,136954,194
104,3,.,23,171.880933333333,52.73405,136954,137147,193
104,0,blank,0,130.284766666667,87.6464333333333,137147,137341,194
104,0,blank,0,154.896983333333,111.92805,137341,137535,194
104,7,*,34,170.090133333333,142.131866666667,137535,137728,193
104,7,next,35,204.715166666667,141.944283333333,137728,137920,192
104,7,next,35,219.75475,147.668433333333,137920,138110,190
104,7,next,35,217.233,140.6942,138110,138142,32
104,13,"Enterthenumberofnodes:",56,193.781883333333,267.80205,138173,138366,193
104,13,"Enterthenumberofnodes:",56,185.1707,276.4631,138366,138431,65
104,24,temp,123,175.774383333333,512.116783333333,138463,138656,193
104,0,blank,0,164.520383333333,477.736116666667,138656,138848,192
104,0,blank,0,169.81104,427.36918,138848,139006,158
104,15,head,70,162.656833333333,323.776833333333,139038,139229,191
104,14,num,64,176.18805,308.8376,139229,139419,190
104,14,&,63,167.939766666667,299.0537,139419,139608,189
104,15,&,69,135.170766666667,318.575716666667,139608,139798,190
104,13,"Enterthenumberofnodes:",56,121.857283333333,283.053616666667,139798,139988,190
104,13,"Enterthenumberofnodes:",56,121.2356,281.598666666667,139988,140179,191
104,13,"Enterthenumberofnodes:",56,127.659633333333,280.58195,140179,140370,191
104,0,blank,0,203.84775,266.544583333333,140370,140562,192
104,13,"Enterthenumberofnodes:",56,275.560616666667,272.5704,140562,140756,194
104,13,"Enterthenumberofnodes:",56,300.217083333333,275.7505,140756,140953,197
104,0,blank,0,348.8225,262.1091,140953,141145,192
104,0,blank,0,371.6331,257.51928,141145,141305,160
104,0,blank,0,278.499333333333,508.6966,141337,141530,193
104,0,blank,0,287.4812,520.621366666667,141530,141626,96
104,0,blank,0,995.5605,322.403533333333,141690,141884,194
104,0,blank,0,1004.02433333333,248.920883333333,141884,142076,192
104,0,blank,0,1004.90133333333,259.33665,142076,142268,192
104,0,blank,0,274.053133333333,653.045466666667,142365,142561,196
104,0,blank,0,249.96595,606.0977,142561,142754,193
104,27,node,151,265.1403,583.8784,142754,142786,32
105,0,blank,0,160.50635,456.476066666667,147251,147448,197
105,0,blank,0,203.09055,459.57615,147448,147647,199
105,0,blank,0,259.473283333333,453.2848,147647,147841,194
105,0,blank,0,434.997783333333,397.824066666667,147874,148069,195
105,0,blank,0,440.9152,392.6868,148069,148102,33
105,38,=,208,185.621633333333,340.2067,148169,148363,194
105,0,blank,0,490.7995,37.7742333333333,148429,148621,192
105,0,blank,0,490.10945,38.08565,148621,148749,128
105,0,blank,0,189.588483333333,274.260783333333,148814,149012,198
105,0,blank,0,190.367766666667,263.4666,149012,149111,99
105,0,blank,0,-323,-105,149210,149369,159
105,0,blank,0,-323,-105,149369,149567,198
105,0,blank,0,-323,-105,149567,149764,197
105,0,blank,0,-323,-105,149764,149933,169
105,0,blank,0,-323,-105,149933,150121,188
105,0,blank,0,-323,-105,150121,150272,151
