Frameno_fix,lineno_fix,Tokenname_fix,tokens_id,gaze_X_fix,gaze_Y_fix,timestamp_fix_start,timestamp_fix_end,time_duration
100,0,blank,0,71.76355,-50.9607666666667,3342,3520,178
100,2,include,14,76.8090166666667,40.9699833333333,3520,3702,182
100,3,main,21,81.1254,58.4140833333333,3702,3883,181
100,0,blank,0,103.720175,67.12125,3883,4002,119
100,0,blank,0,280.599583333333,-19.8083,4032,4213,181
100,1,using,9,408.593966666667,13.4877666666667,4213,4393,180
100,0,blank,0,420.9374,21.5429,4393,4483,90
100,0,blank,0,278.164466666667,26.7046333333333,4513,4693,180
100,1,Merge,7,282.320775,10.675975,4693,4813,120
100,1,Recursion,10,463.557066666667,13.67265,4843,5023,180
100,1,Recursion,10,469.7788,11.575575,5023,5143,120
100,1,Merge,7,302.898233333333,12.6424333333333,5173,5358,185
100,0,blank,0,227.6882,35.83865,5358,5480,122
100,8,"%d",43,123.014783333333,173.108716666667,5512,5699,187
100,7,(,37,110.574016666667,145.668866666667,5699,5886,187
100,5,list,26,86.7099666666667,103.884066666667,5886,6080,194
100,0,blank,0,46.9256,69.03825,6080,6249,169
100,9,"Entertheelements:\n",51,263.402066666667,192.43535,6279,6460,181
100,0,blank,0,266.4128,226.5774,6460,6490,30
100,7,"Entertotalnumberofelements:",38,116.97575,136.9984,6521,6702,181
100,5,list,26,104.290066666667,111.458183333333,6702,6885,183
100,5,list,26,96.78728,108.42694,6885,7041,156
100,0,blank,0,987.136666666667,223.151733333333,7103,7299,196
100,0,blank,0,998.8345,226.67015,7299,7364,65
100,0,blank,0,137.53666,68.49934,7463,7631,168
100,0,blank,0,-323,-105,7694,7775,81
100,0,blank,0,201.4521,116.206666666667,7799,7985,186
100,0,blank,0,172.078666666667,122.51455,7985,8183,198
100,0,blank,0,189.689066666667,131.407466666667,8183,8380,197
100,0,blank,0,185.024733333333,123.188066666667,8380,8578,198
100,0,blank,0,182.634933333333,122.814733333333,8578,8777,199
100,7,"Entertotalnumberofelements:",38,321.23595,152.758983333333,8810,9004,194
100,7,"Entertotalnumberofelements:",38,306.460833333333,138.8797,9004,9102,98
100,7,"Entertotalnumberofelements:",38,409.78404,143.47516,9134,9297,163
100,8,;,48,227.68825,169.341433333333,9331,9529,198
100,8,),47,216.474716666667,162.140333333333,9529,9727,198
100,7,"Entertotalnumberofelements:",38,212.639433333333,149.910883333333,9727,9922,195
100,0,blank,0,232.48915,174.270416666667,9922,10111,189
100,7,"Entertotalnumberofelements:",38,278.480166666667,150.077066666667,10111,10303,192
100,7,"Entertotalnumberofelements:",38,211.5235,141.20552,10303,10473,170
100,7,"Entertotalnumberofelements:",38,141.217,145.567333333333,10473,10669,196
100,0,blank,0,169.9537,129.125266666667,10669,10866,197
100,0,blank,0,173.13915,120.263133333333,10866,11061,195
100,7,"Entertotalnumberofelements:",38,208.4354,151.176,11061,11258,197
100,8,;,48,226.7354,176.28715,11258,11455,197
100,0,blank,0,240.20578,160.98828,11455,11622,167
100,0,blank,0,159.731916666667,112.94855,11622,11820,198
100,0,blank,0,176.78304,120.1037,11820,11986,166
100,0,blank,0,191.90092,117.3212,11986,12162,176
100,7,"Entertotalnumberofelements:",38,225.6676,150.58425,12162,12344,182
100,0,blank,0,182.73495,115.207625,12470,12656,186
100,0,blank,0,198.042683333333,112.864716666667,12656,12851,195
100,0,blank,0,189.614166666667,106.297133333333,12851,13043,192
100,5,;,30,164.314883333333,93.01665,13043,13236,193
100,0,blank,0,165.649383333333,123.506983333333,13236,13434,198
100,7,"Entertotalnumberofelements:",38,176.958416666667,153.93185,13434,13630,196
100,9,"Entertheelements:\n",51,203.156566666667,198.833633333333,13630,13824,194
100,9,"Entertheelements:\n",51,295.354,196.9573,13824,14022,198
100,10,++,65,275.253433333333,206.305916666667,14022,14213,191
100,9,"Entertheelements:\n",51,265.6946,199.187016666667,14213,14404,191
100,9,"Entertheelements:\n",51,272.844233333333,195.272466666667,14404,14595,191
100,12,list,73,251.526683333333,248.641583333333,14595,14784,189
100,12,[,74,269.728533333333,256.9932,14784,14976,192
100,0,blank,0,289.602866666667,270.042433333333,14976,15072,96
100,8,size,46,204.174116666667,166.221583333333,15104,15293,189
100,0,blank,0,222.446033333333,171.471166666667,15293,15489,196
100,0,blank,0,246.268416666667,176.9599,15489,15677,188
100,9,"Entertheelements:\n",51,332.652333333333,183.027183333333,15677,15868,191
100,9,"Entertheelements:\n",51,320.673433333333,186.734833333333,15868,16058,190
100,9,"Entertheelements:\n",51,288.505233333333,197.754166666667,16058,16247,189
100,0,blank,0,185.7773,212.306416666667,16247,16440,193
100,10,size,62,207.644633333333,216.868566666667,16440,16628,188
100,10,size,62,204.5969,212.481816666667,16628,16817,189
100,10,i,64,155.296166666667,214.106033333333,16817,16995,178
100,9,"Entertheelements:\n",51,170.760883333333,197.748483333333,16995,17183,188
100,0,blank,0,269.189216666667,224.15245,17183,17375,192
100,0,blank,0,294.15805,221.8388,17375,17566,191
100,12,;,78,308.229883333333,247.701866666667,17566,17755,189
100,0,blank,0,256.3602,272.1787,17755,17947,192
100,12,comma,71,198.326066666667,259.057366666667,17947,18138,191
100,14,list,82,169.119216666667,301.779716666667,18138,18327,189
100,15,"Aftermergesort:\n",93,198.32115,322.456,18327,18515,188
100,15,"Aftermergesort:\n",93,193.439716666667,315.38595,18515,18702,187
100,14,list,82,162.274766666667,304.6003,18702,18796,94
100,14,size,86,259.552366666667,289.779266666667,18827,19020,193
100,14,size,86,239.894533333333,297.49645,19020,19214,194
100,14,list,82,155.041683333333,296.684683333333,19214,19404,190
100,0,blank,0,190.5031,288.794583333333,19404,19592,188
100,14,size,86,244.47435,294.79645,19592,19779,187
100,14,-,87,289.87395,290.001183333333,19779,19969,190
100,0,blank,0,313.078783333333,286.749833333333,19969,20160,191
100,0,blank,0,334.9721,275.4416,20160,20222,62
100,0,blank,0,194.005733333333,-1.22928333333333,20253,20445,192
100,0,blank,0,194.4621,2.8591,20445,20571,126
100,0,blank,0,348.960416666667,229.7005,20603,20792,189
100,12,;,78,310.485083333333,262.137033333333,20792,20981,189
100,14,;,90,325.264,293.2713,20981,21172,191
100,14,size,86,258.66165,308.179,21172,21365,193
100,15,"Aftermergesort:\n",93,234.08905,316.7755,21365,21556,191
100,14,;,90,326.1929,309.20028,21556,21715,159
100,15,"Aftermergesort:\n",93,208.7599,323.2364,21746,21934,188
100,0,blank,0,157.276733333333,333.358583333333,21934,22121,187
100,15,"Aftermergesort:\n",93,159.29865,327.33725,22121,22248,127
100,15,"Aftermergesort:\n",93,303.687683333333,330.156633333333,22279,22467,188
100,15,"Aftermergesort:\n",93,288.59705,323.91275,22467,22530,63
100,15,"Aftermergesort:\n",93,157.26025,326.04245,22561,22751,190
100,15,"Aftermergesort:\n",93,155.643083333333,323.66485,22751,22938,187
100,16,size,104,215.223583333333,351.699383333333,22938,23128,190
100,0,blank,0,237.370466666667,343.804066666667,23128,23319,191
100,16,++,107,260.240933333333,338.922716666667,23319,23511,192
100,0,blank,0,304.4546,376.540016666667,23511,23702,191
100,0,blank,0,313.000466666667,377.13125,23702,23892,190
100,0,blank,0,145.04105,450.616766666667,23923,24112,189
100,0,blank,0,144.462375,453.1076,24112,24237,125
100,0,blank,0,144.828633333333,363.828766666667,24269,24458,189
100,0,blank,0,178.74705,372.341875,24458,24584,126
100,0,blank,0,131.325783333333,492.7273,24615,24801,186
100,22,int,136,173.3143,484.445216666667,24801,24988,187
100,22,list,129,232.4465,485.18105,24988,25174,186
100,0,blank,0,299.958166666667,471.689933333333,25174,25359,185
100,0,blank,0,300.6261,478.81235,25359,25422,63
100,25,high,147,171.3449,544.948416666667,25453,25641,188
100,0,blank,0,169.7947,282.369366666667,25672,25860,188
100,0,blank,0,193.312516666667,264.337733333333,25860,26050,190
100,0,blank,0,198.043533333333,291.280683333333,26050,26239,189
100,14,comma,85,219.61225,302.6275,26239,26428,189
100,14,size,86,257.22734,297.27896,26428,26585,157
100,0,blank,0,205.241583333333,576.446683333333,26615,26800,185
100,0,blank,0,200.340866666667,570.2958,26800,26893,93
100,22,],131,249.360616666667,470.217316666667,26924,27107,183
100,0,blank,0,201.277716666667,551.127533333333,27107,27293,186
100,0,blank,0,244.290483333333,596.689183333333,27293,27480,187
100,0,blank,0,286.062966666667,618.066316666667,27480,27662,182
100,0,blank,0,285.40085,610.100316666667,27662,27845,183
100,29,high,175,332.322233333333,629.404066666667,27845,28030,185
100,29,high,175,342.946733333333,628.351766666667,28030,28214,184
100,30,mid,184,294.13815,643.59575,28214,28395,181
100,30,list,180,219.0733,646.92925,28395,28582,187
100,0,blank,0,211.209183333333,618.914916666667,28582,28767,185
100,0,blank,0,258.360683333333,536.43655,28767,28954,187
100,0,blank,0,203.305966666667,497.77375,28954,29137,183
100,0,blank,0,170.1592,495.9931,29137,29261,124
100,29,high,175,338.610383333333,637.4145,29291,29475,184
100,29,high,175,337.70285,636.752033333333,29475,29662,187
100,30,mid,184,309.751833333333,647.885333333333,29662,29850,188
100,0,blank,0,283.410833333333,665.608933333333,29850,30036,186
100,30,list,180,196.00945,654.889183333333,30036,30223,187
100,27,+,154,202.7373,590.6991,30223,30410,187
100,27,/,157,281.47125,582.396316666667,30410,30601,191
100,0,blank,0,199.957216666667,560.863616666667,30601,30790,189
100,0,blank,0,205.099066666667,574.56075,30790,30972,182
100,27,),156,259.14155,595.063033333333,30972,31162,190
100,0,blank,0,1040.42433333333,145.921183333333,31286,31464,178
100,0,blank,0,1049.45183333333,151.54725,31464,31652,188
100,0,blank,0,1045.459,176.2006,31652,31684,32
100,0,blank,0,1036.744,169.022,31684,31973,289
100,0,blank,0,1041.35533333333,156.267083333333,31973,32143,170
100,0,blank,0,1036.49466666667,163.259266666667,32143,32331,188
100,0,blank,0,1029.14583333333,164.556816666667,32331,32521,190
100,0,blank,0,1032.5845,163.5303,32521,32689,168
100,0,blank,0,1038.019,169.2405,32689,32772,83
100,0,blank,0,1028.5195,153.0221,32772,32936,164
100,0,blank,0,1027.0076,152.25148,32936,33104,168
100,0,blank,0,1027.71166666667,150.848233333333,33104,33201,97
100,0,blank,0,-323,-105,33265,33437,172
100,0,blank,0,-323,-105,33437,33609,172
100,0,blank,0,-323,-105,33609,33800,191
100,0,blank,0,-323,-105,33800,33969,169
100,0,blank,0,-323,-105,33969,34087,118
100,0,blank,0,1035.26766666667,135.47285,34662,34842,180
100,0,blank,0,1040.554,115.338983333333,34842,35030,188
100,0,blank,0,1037.80183333333,113.964116666667,35030,35218,188
100,0,blank,0,1031.718,116.317716666667,35218,35405,187
100,0,blank,0,1029.91816666667,119.5755,35405,35595,190
100,0,blank,0,208.699466666667,414.0105,35659,35849,190
100,0,blank,0,158.255716666667,462.728833333333,35849,36039,190
100,0,blank,0,157.1908,462.25985,36039,36164,125
100,0,blank,0,159.37895,53.7185166666667,36227,36419,192
100,0,blank,0,145.300066666667,57.6711833333333,36419,36605,186
100,0,blank,0,167.12065,54.1927666666667,36605,36797,192
100,0,blank,0,216.03462,41.90804,36797,36956,159
100,0,blank,0,250.419183333333,404.1838,36987,37180,193
100,0,blank,0,246.6213,403.3472,37180,37243,63
100,15,"Aftermergesort:\n",93,152.114083333333,315.92155,37276,37469,193
100,15,"Aftermergesort:\n",93,154.871183333333,319.063216666667,37469,37662,193
100,0,blank,0,188.832,521.316316666667,37695,37887,192
100,22,],131,244.132233333333,465.422816666667,37918,38108,190
100,0,blank,0,127.514,458.782366666667,38108,38300,192
100,0,blank,0,167.464,505.832916666667,38300,38490,190
100,0,blank,0,219.230933333333,487.500516666667,38490,38680,190
100,22,int,136,276.51635,479.356716666667,38680,38870,190
100,22,int,136,355.185566666667,478.710116666667,38870,39058,188
100,22,high,137,410.58148,479.09386,39058,39215,157
100,22,],131,250.31155,471.579433333333,39246,39434,188
100,0,blank,0,195.8459,487.7819,39434,39622,188
100,0,blank,0,166.073266666667,520.27335,39622,39810,188
100,0,blank,0,209.151516666667,570.174166666667,39810,39999,189
100,28,low,164,262.473566666667,612.745933333333,39999,40189,190
100,28,low,164,260.828383333333,612.6303,40189,40378,189
100,0,blank,0,235.5534,620.50515,40378,40565,187
100,29,list,171,198.805416666667,632.908116666667,40565,40757,192
100,29,comma,174,290.02495,628.341783333333,40757,40946,189
100,29,high,175,314.25705,635.822383333333,40946,41137,191
100,0,blank,0,322.9856,640.008033333333,41137,41326,189
100,0,blank,0,301.828416666667,625.547416666667,41326,41513,187
100,0,blank,0,275.633966666667,639.460283333333,41513,41700,187
100,29,high,175,306.214566666667,632.684583333333,41700,41888,188
100,29,high,175,331.192916666667,630.405266666667,41888,42078,190
100,0,blank,0,289.406716666667,648.8239,42078,42271,193
100,30,mid,184,316.140766666667,652.4444,42271,42464,193
100,0,blank,0,339.71905,650.92895,42464,42657,193
100,30,high,186,367.793216666667,652.18045,42657,42846,189
100,30,low,182,259.119533333333,652.332416666667,42846,43039,193
100,30,low,182,259.548533333333,656.023333333333,43039,43232,193
100,30,mid,184,299.745583333333,650.9927,43232,43426,194
100,0,blank,0,340.012,653.6073,43426,43620,194
100,0,blank,0,320.362883333333,668.506066666667,43620,43817,197
100,0,blank,0,305.614833333333,666.510516666667,43817,44012,195
100,0,blank,0,152.58665,680.876616666667,44046,44238,192
100,0,blank,0,202.232083333333,683.935933333333,44238,44429,191
100,0,blank,0,183.985016666667,622.173816666667,44429,44622,193
100,25,high,147,159.095066666667,544.853383333333,44622,44813,191
100,0,blank,0,171.703616666667,508.0406,44813,45006,193
100,0,blank,0,170.169116666667,528.926916666667,45006,45200,194
100,0,blank,0,174.317683333333,569.843166666667,45200,45387,187
100,0,blank,0,170.3023,567.9509,45387,45418,31
100,29,mid,173,262.897875,623.6604,45449,45574,125
100,30,low,182,265.7681,657.17715,45690,45872,182
100,0,blank,0,287.150883333333,640.663516666667,45872,46065,193
100,29,list,171,217.345533333333,634.060816666667,46065,46255,190
100,29,mid,173,260.02385,637.004616666667,46255,46447,192
100,0,blank,0,333.82405,643.05005,46447,46638,191
100,29,),176,347.9784,630.5252,46638,46826,188
100,29,high,175,336.22825,631.63455,46826,47015,189
100,0,blank,0,260.096233333333,640.763333333333,47015,47211,196
100,28,list,162,220.271333333333,611.05865,47211,47406,195
100,28,list,162,184.292366666667,602.036,47406,47600,194
100,27,+,154,195.652783333333,577.04085,47600,47795,195
100,28,list,162,198.252266666667,614.453833333333,47795,47991,196
100,0,blank,0,277.101283333333,624.232066666667,47991,48181,190
100,27,high,155,225.181283333333,578.073983333333,48181,48373,192
100,0,blank,0,196.399,570.195566666667,48373,48568,195
100,27,high,155,222.424866666667,588.038083333333,48568,48761,193
100,28,low,164,271.35035,607.931483333333,48761,48947,186
100,28,mid,166,307.028783333333,613.12505,48947,49135,188
100,28,mid,166,321.732833333333,608.10645,49135,49323,188
100,0,blank,0,343.675116666667,618.90345,49323,49516,193
100,29,mid,173,252.929966666667,624.371833333333,49516,49704,188
100,0,blank,0,232.20858,633.16086,49704,49861,157
100,25,high,147,167.22105,536.832883333333,49893,50086,193
100,22,int,136,163.389033333333,484.80685,50086,50276,190
100,0,blank,0,295.662733333333,482.4893,50276,50467,191
100,0,blank,0,304.7041,490.27384,50467,50627,160
100,0,blank,0,190.412966666667,564.88265,50659,50847,188
100,0,blank,0,212.3662,571.693983333333,50847,51037,190
100,0,blank,0,211.0832,580.2318,51037,51068,31
100,0,blank,0,366.290233333333,507.143933333333,51100,51288,188
100,0,blank,0,404.187183333333,487.139266666667,51288,51477,189
100,22,high,137,418.33545,477.272225,51477,51605,128
100,29,mid,173,254.517566666667,631.042366666667,51638,51830,192
100,0,blank,0,237.912383333333,668.253616666667,51830,52021,191
100,0,blank,0,235.931283333333,665.682,52021,52214,193
100,0,blank,0,274.054283333333,662.321366666667,52214,52403,189
100,0,blank,0,312.48335,675.04145,52403,52595,192
100,30,comma,185,325.524133333333,650.78945,52595,52792,197
100,0,blank,0,335.89335,662.819225,52792,52939,147
100,0,blank,0,275.3769,670.544,52939,53114,175
100,28,low,164,260.2711,609.06225,53114,53293,179
100,27,high,155,253.76392,587.09506,53293,53464,171
100,0,blank,0,272.2595,493.003416666667,53464,53656,192
100,22,low,134,312.6602,485.1438,53656,53846,190
100,22,int,136,357.318483333333,481.162833333333,53846,54043,197
100,0,blank,0,377.090575,480.807425,54043,54180,137
100,0,blank,0,343.574766666667,672.40585,54216,54409,193
100,0,blank,0,382.78695,671.061916666667,54409,54594,185
100,30,;,188,395.9783,641.4446,54594,54657,63
100,0,blank,0,985.604833333333,116.815766666667,54751,54945,194
100,0,blank,0,1038.33333333333,113.753483333333,54945,55128,183
100,0,blank,0,1038.33733333333,95.39265,55128,55308,180
100,0,blank,0,1040.9385,88.2015166666667,55308,55500,192
100,0,blank,0,1048.83283333333,83.3054166666667,55500,55694,194
100,0,blank,0,1050.06983333333,88.0951166666667,55694,55890,196
100,0,blank,0,1049.542,86.985,55890,56084,194
100,0,blank,0,1049.3465,91.5479,56084,56280,196
100,0,blank,0,1026.7405,99.25125,56280,56344,64
100,28,list,162,194.9888,604.841416666667,56439,56630,191
100,0,blank,0,188.65488,698.24202,56630,56789,159
100,12,"%d",70,169.0426,264.223416666667,56821,57008,187
100,6,size,34,141.522983333333,119.1933,57008,57200,192
100,0,blank,0,159.900016666667,62.15775,57200,57386,186
100,0,blank,0,152.14445,78.9378333333333,57386,57571,185
100,5,50,28,146.9557,101.04955,57571,57693,122
100,0,blank,0,181.155866666667,370.178566666667,57724,57906,182
100,16,;,105,224.842716666667,344.526716666667,57906,58090,184
100,0,blank,0,238.194433333333,349.6954,58090,58274,184
100,0,blank,0,254.534016666667,268.64335,58274,58457,183
100,0,blank,0,248.238116666667,284.239716666667,58457,58643,186
100,15,"Aftermergesort:\n",93,244.607116666667,325.551016666667,58643,58828,185
100,15,"Aftermergesort:\n",93,216.965566666667,316.954133333333,58828,59013,185
100,15,"Aftermergesort:\n",93,159.2597,328.7287,59013,59138,125
100,22,int,136,175.42035,483.82825,59168,59355,187
100,0,blank,0,204.90238,493.25982,59355,59512,157
100,0,blank,0,297.327183333333,676.202833333333,59543,59727,184
101,0,blank,0,492.7469,86.5484,62448,62478,30
101,0,blank,0,1050.51,302.594783333333,62540,62725,185
101,0,blank,0,1048.4542,308.74786,62725,62880,155
101,35,lo,216,194.42415,102.359983333333,62941,63137,196
101,0,blank,0,212.940183333333,74.3816,63137,63326,189
101,0,blank,0,295.271416666667,62.53805,63326,63512,186
101,0,blank,0,295.225166666667,58.7142,63512,63606,94
101,33,mid,203,390.641816666667,69.2169833333333,63637,63825,188
101,33,int,205,364.005583333333,69.7096,63825,64013,188
101,33,comma,204,338.777266666667,70.5027666666667,64013,64202,189
101,33,mid,203,407.031883333333,71.7210833333333,64202,64397,195
101,0,blank,0,402.7234,85.9603,64397,64429,32
101,0,blank,0,-323,-105,64523,64624,101
101,33,int,205,372.10905,52.6024166666667,64651,64830,179
101,0,blank,0,367.22165,44.8452666666667,64830,65024,194
101,0,blank,0,374.750183333333,53.7419166666667,65024,65220,196
101,0,blank,0,395.68195,75.9889,65220,65285,65
101,0,blank,0,195.643783333333,642.583516666667,65317,65509,192
101,0,blank,0,152.920583333333,721.453716666667,65541,65728,187
101,0,blank,0,170.95255,722.7143,65728,65789,61
101,0,blank,0,151.633716666667,265.078083333333,65820,66010,190
101,39,lo,240,140.916016666667,201.906933333333,66010,66202,192
101,0,blank,0,130.7485,174.7659,66202,66264,62
101,33,[,196,241.236183333333,56.47395,66296,66488,192
101,33,],197,249.7943,66.9215,66488,66520,32
101,0,blank,0,379.135316666667,52.1857166666667,66552,66742,190
101,33,mid,203,409.523116666667,57.08545,66742,66932,190
101,33,int,205,446.599733333333,53.9123666666667,66932,67120,188
101,33,high,206,492.822583333333,57.2332666666667,67120,67314,194
101,33,high,206,472.78825,57.23685,67314,67502,188
101,0,blank,0,183.9281,99.29245,67534,67727,193
101,0,blank,0,180.957133333333,97.5635333333333,67727,67825,98
101,0,blank,0,462.27225,53.6917666666667,67858,68056,198
101,0,blank,0,501.449366666667,50.5656,68056,68243,187
101,0,blank,0,511.5748,39.9503,68243,68275,32
101,35,lo,216,184.563033333333,98.6047666666667,68306,68498,192
101,0,blank,0,150.179516666667,100.368483333333,68498,68692,194
101,35,mi,212,130.4066,96.974775,68692,68818,126
101,33,high,206,492.304416666667,52.1375833333333,68882,69074,192
101,0,blank,0,496.94182,50.97004,69074,69230,156
101,0,blank,0,182.453916666667,97.6068333333333,69292,69482,190
101,0,blank,0,172.857416666667,96.0183833333333,69482,69674,192
101,0,blank,0,203.70875,95.10085,69674,69866,192
101,35,temp,218,242.86375,97.95555,69866,69992,126
101,0,blank,0,685.0805,-103.9086,70026,70089,63
101,0,blank,0,198.7953,87.2495,70146,70184,38
101,0,blank,0,-323,-105,70271,70457,186
101,0,blank,0,-323,-105,70457,70635,178
101,0,blank,0,-323,-105,70635,70817,182
101,0,blank,0,-323,-105,70817,70918,101
101,0,blank,0,-323,-105,70918,71245,327
101,0,blank,0,-323,-105,71245,71411,166
101,0,blank,0,-323,-105,71411,71575,164
101,0,blank,0,-323,-105,71575,71771,196
101,0,blank,0,-323,-105,71771,72056,285
101,0,blank,0,181.1346,88.0002333333334,72220,72339,119
101,0,blank,0,303.348625,37.634325,72383,72565,182
101,0,blank,0,317.79356,28.14762,72565,72734,169
101,0,blank,0,330.17782,29.58374,72734,72893,159
101,0,blank,0,176.079216666667,25.9921166666667,72923,73112,189
101,0,blank,0,204.9793,23.4116166666667,73112,73297,185
101,0,blank,0,217.35675,36.13185,73297,73430,133
101,0,blank,0,144.6543,50.2592,73430,73523,93
101,0,blank,0,141.1527,44.55425,73523,73701,178
101,0,blank,0,234.038183333333,20.8582666666667,73737,73922,185
101,0,blank,0,292.932866666667,26.6048833333333,73922,74111,189
101,0,blank,0,362.034766666667,35.3225,74111,74299,188
101,0,blank,0,385.11865,33.28465,74299,74488,189
101,0,blank,0,410.1434,32.0278166666667,74488,74678,190
101,0,blank,0,365.8134,35.8844,74678,74710,32
101,35,i,210,88.9248166666667,98.6662,74742,74932,190
101,0,blank,0,119.801483333333,94.74445,74932,75121,189
101,0,blank,0,190.290133333333,95.68845,75121,75310,189
101,0,blank,0,179.362366666667,76.8778166666667,75310,75495,185
101,0,blank,0,125.869516666667,87.3147,75495,75679,184
101,0,blank,0,47.9224666666667,93.6837333333333,75679,75862,183
101,0,blank,0,65.7220833333333,94.78955,75862,76043,181
101,36,low,225,121.957666666667,125.73165,76043,76230,187
101,0,blank,0,136.600033333333,89.0884166666667,76230,76413,183
101,0,blank,0,142.096466666667,76.78925,76413,76596,183
101,0,blank,0,165.1958,83.9534833333333,76596,76779,183
101,0,blank,0,187.444966666667,88.1135,76779,76960,181
101,0,blank,0,237.796783333333,95.4739666666666,76960,77141,181
101,0,blank,0,249.26195,81.17125,77141,77327,186
101,0,blank,0,256.0128,94.5977,77327,77358,31
101,0,blank,0,82.9613333333333,137.614933333333,77388,77570,182
101,36,low,225,96.7711333333333,127.059766666667,77570,77752,182
101,35,i,210,87.8467,106.366166666667,77752,77932,180
101,0,blank,0,76.7460833333333,98.10645,77932,78113,181
101,36,lo,223,60.0088833333333,136.183033333333,78113,78296,183
101,36,low,225,94.52545,122.2468,78296,78478,182
101,35,i,210,90.7138166666667,108.05065,78478,78660,182
101,0,blank,0,89.24325,139.168633333333,78660,78841,181
101,0,blank,0,92.9893333333333,135.450233333333,78841,79024,183
101,0,blank,0,64.2809833333333,136.082916666667,79024,79209,185
101,0,blank,0,58.2013666666667,137.076066666667,79209,79394,185
101,0,blank,0,88.9338333333333,138.068033333333,79394,79576,182
101,36,lo,223,44.2572833333333,134.783433333333,79576,79762,186
101,0,blank,0,74.4558,112.063283333333,79762,79946,184
101,36,low,225,100.801666666667,125.691566666667,79946,80131,185
101,0,blank,0,92.0503666666666,139.269183333333,80131,80315,184
101,0,blank,0,76.9974333333333,158.15175,80315,80498,183
101,0,blank,0,125.085033333333,160.132966666667,80498,80683,185
101,37,low,229,111.968616666667,158.78085,80683,80869,186
101,0,blank,0,129.48035,172.257416666667,80869,81059,190
101,38,;,236,164.758316666667,168.365033333333,81059,81241,182
101,0,blank,0,207.953133333333,170.104333333333,81241,81426,185
101,0,blank,0,207.85445,168.236583333333,81426,81612,186
101,0,blank,0,288.43485,168.755366666667,81612,81794,182
101,0,blank,0,295.483683333333,165.219483333333,81794,81975,181
101,0,blank,0,327.71734,166.1147,81975,82126,151
101,38,;,236,165.6444,164.1585,82157,82332,175
101,0,blank,0,151.754083333333,202.026633333333,82332,82514,182
101,0,blank,0,147.55558,211.70312,82514,82665,151
101,0,blank,0,250.278683333333,213.024616666667,82695,82880,185
101,0,blank,0,153.20065,265.46745,82880,83065,185
101,0,blank,0,194.532183333333,264.960583333333,83065,83249,184
101,0,blank,0,239.4457,257.354916666667,83249,83437,188
101,43,temp,265,132.37135,285.144366666667,83437,83622,185
101,0,blank,0,122.04355,284.3337,83622,83808,186
101,0,blank,0,127.290183333333,347.31835,83808,83996,188
101,0,blank,0,129.180383333333,373.19275,83996,84188,192
101,0,blank,0,169.393483333333,362.662183333333,84188,84379,191
101,0,blank,0,204.958016666667,355.27235,84379,84571,192
101,0,blank,0,139.17735,209.371883333333,84603,84792,189
101,38,1,235,163.34855,175.3856,84792,84981,189
101,0,blank,0,199.1708,170.3506,84981,85170,189
101,0,blank,0,265.69765,170.921633333333,85170,85361,191
101,0,blank,0,313.7198,176.68305,85361,85551,190
101,0,blank,0,131.412333333333,177.4434,85584,85773,189
101,0,blank,0,146.53356,174.47008,85773,85929,156
101,38,+,234,143.717566666667,173.0177,85992,86181,189
101,0,blank,0,136.181066666667,182.656616666667,86181,86368,187
101,0,blank,0,174.52195,174.102533333333,86368,86554,186
101,0,blank,0,183.18202,170.48076,86554,86711,157
101,0,blank,0,307.871983333333,175.459,86743,86929,186
101,0,blank,0,258.9139,179.565383333333,86929,87117,188
101,0,blank,0,260.621216666667,178.12525,87117,87303,186
101,0,blank,0,297.510583333333,169.049066666667,87303,87494,191
101,0,blank,0,277.329766666667,173.1104,87494,87682,188
101,0,blank,0,287.648166666667,171.691916666667,87682,87870,188
101,0,blank,0,304.6954,163.982,87870,87933,63
101,0,blank,0,113.468,256.2182,87964,87996,32
101,39,while,237,86.80465,199.209083333333,88028,88214,186
101,0,blank,0,98.2520833333333,197.535816666667,88214,88402,188
101,0,blank,0,108.285733333333,208.36415,88402,88589,187
101,38,+,234,143.20455,174.1661,88589,88774,185
101,38,1,235,153.694266666667,167.243566666667,88774,88959,185
101,38,mid,233,105.186566666667,174.817016666667,88959,89147,188
101,39,lo,240,127.650866666667,194.368566666667,89147,89331,184
101,41,[,260,171.912883333333,229.658983333333,89331,89519,188
101,0,blank,0,149.455066666667,226.014516666667,89519,89704,185
101,41,(,253,121.3231,231.340383333333,89704,89894,190
101,0,blank,0,121.596233333333,213.790833333333,89894,89989,95
101,0,blank,0,250.123583333333,216.16625,90020,90206,186
101,0,blank,0,245.16705,204.53275,90206,90268,62
101,0,blank,0,157.79835,86.6854833333334,90299,90484,185
101,33,mergeSort,192,126.7945,62.94135,90484,90606,122
101,0,blank,0,199.637833333333,10.2384666666667,90637,90825,188
101,0,blank,0,205.7985,12.906,90825,90856,31
101,0,blank,0,169.736083333333,226.796416666667,90887,91077,190
101,0,blank,0,187.108433333333,224.070133333333,91077,91263,186
101,0,blank,0,226.578583333333,214.380766666667,91263,91448,185
101,0,blank,0,268.285666666667,216.012066666667,91448,91634,186
101,0,blank,0,225.452733333333,210.676283333333,91634,91820,186
101,0,blank,0,229.073216666667,215.133766666667,91820,92006,186
101,41,list,259,251.3554,229.746816666667,92006,92189,183
101,41,list,259,157.3608,242.895916666667,92189,92375,186
101,41,lo,256,179.227066666667,230.293033333333,92375,92559,184
101,0,blank,0,212.18135,204.48655,92559,92745,186
101,0,blank,0,243.730716666667,176.5389,92745,92931,186
101,0,blank,0,178.1984,174.94134,92931,93086,155
101,0,blank,0,206.692375,211.373225,93086,93272,186
101,0,blank,0,234.59885,215.996966666667,93272,93455,183
101,0,blank,0,198.1642,216.725033333333,93455,93643,188
101,0,blank,0,232.288533333333,209.308233333333,93643,93816,173
101,0,blank,0,246.2683,208.3357,93816,93900,84
101,0,blank,0,251.64115,209.79225,93900,94080,180
101,0,blank,0,228.566116666667,196.5357,94080,94275,195
101,0,blank,0,200.834333333333,166.631583333333,94275,94463,188
101,0,blank,0,176.275583333333,162.827933333333,94463,94654,191
101,0,blank,0,247.84936,167.24104,94654,94813,159
101,35,mi,212,114.045316666667,106.785283333333,94845,95036,191
101,0,blank,0,230.856516666667,24.4362166666667,95067,95258,191
101,0,blank,0,267.9455,6.75738333333333,95258,95451,193
101,0,blank,0,298.1854,20.4595,95451,95615,164
101,0,blank,0,179.608283333333,34.3815833333333,95646,95832,186
101,0,blank,0,246.868466666667,17.0268,95832,96025,193
101,0,blank,0,293.34615,14.2376666666667,96025,96221,196
101,0,blank,0,349.8432,24.6909333333333,96221,96409,188
101,0,blank,0,369.498166666667,21.7434666666667,96409,96508,99
101,39,<=,247,164.977833333333,195.504716666667,96538,96727,189
101,0,blank,0,159.0019,220.8547,96727,96914,187
101,0,blank,0,263.619666666667,220.758716666667,96914,97096,182
101,0,blank,0,237.547766666667,216.225533333333,97096,97288,192
101,41,[,260,170.94115,235.519816666667,97288,97476,188
101,39,lo,240,142.39085,202.00655,97476,97612,136
101,35,i,210,91.0683666666667,104.409083333333,97675,97864,189
101,0,blank,0,105.864266666667,112.220966666667,97864,98048,184
101,0,blank,0,135.56938,78.11128,98048,98204,156
101,39,<=,247,171.750683333333,183.776616666667,98235,98422,187
101,0,blank,0,165.527166666667,210.240483333333,98422,98612,190
101,39,<=,247,155.9691,198.8623,98612,98643,31
101,0,blank,0,83.8167,75.2714833333333,98675,98864,189
101,33,mergeSort,192,130.577183333333,57.9811166666667,98864,99057,193
101,0,blank,0,154.233383333333,77.4963166666667,99057,99242,185
101,38,;,236,170.4114,179.965016666667,99242,99426,184
101,41,lo,256,174.036983333333,227.8463,99426,99611,185
101,0,blank,0,199.3724,213.8888,99611,99802,191
101,0,blank,0,265.995633333333,209.144583333333,99802,99992,190
101,0,blank,0,263.21995,213.83515,99992,100055,63
101,0,blank,0,278.426266666667,42.4663666666667,100086,100277,191
101,0,blank,0,100.054866666667,74.8049666666667,100307,100496,189
101,0,blank,0,96.8028666666667,89.1706666666667,100496,100681,185
101,0,blank,0,70.383775,80.5904,100681,100808,127
101,0,blank,0,218.6343,273.71675,100840,101029,189
101,43,temp,265,131.6444,277.067983333333,101029,101219,190
101,43,temp,265,148.819466666667,275.476633333333,101219,101406,187
101,0,blank,0,156.428666666667,264.548483333333,101406,101595,189
101,0,blank,0,179.858333333333,271.7029,101595,101783,188
101,0,blank,0,198.900533333333,264.8933,101783,101974,191
101,0,blank,0,176.572366666667,264.274783333333,101974,102164,190
101,43,temp,265,136.805983333333,277.208383333333,102164,102347,183
101,39,<=,247,172.6374,196.54745,102347,102534,187
101,38,+,234,140.692266666667,174.400833333333,102534,102720,186
101,37,low,229,109.252583333333,144.1914,102720,102906,186
101,36,=,224,79.0238833333333,132.657533333333,102906,103091,185
101,36,lo,223,52.3134833333333,121.112383333333,103091,103277,186
101,0,blank,0,80.1260166666667,95.6514333333333,103277,103462,185
101,33,int,205,168.01135,70.81755,103462,103645,183
101,0,blank,0,227.125816666667,87.4034833333333,103645,103833,188
101,35,comma,217,205.6313,105.52025,103833,103895,62
101,0,blank,0,121.158516666667,254.834333333333,103927,104119,192
101,0,blank,0,203.35305,261.701383333333,104119,104308,189
101,0,blank,0,223.0267,262.668933333333,104308,104498,190
101,0,blank,0,238.59045,258.141483333333,104498,104688,190
101,0,blank,0,134.92105,226.3715,104688,104874,186
101,0,blank,0,134.6558,216.576883333333,104874,105061,187
101,0,blank,0,239.9271,256.165766666667,105092,105280,188
101,0,blank,0,219.202883333333,259.8351,105280,105469,189
101,0,blank,0,244.4377,263.489283333333,105469,105654,185
101,0,blank,0,242.2489,262.69345,105654,105715,61
101,0,blank,0,114.244833333333,292.1012,105746,105934,188
101,0,blank,0,112.667566666667,291.443766666667,105934,106125,191
101,0,blank,0,130.19505,253.051033333333,106125,106311,186
101,0,blank,0,201.190933333333,266.17465,106311,106496,185
101,43,list,270,232.5882,273.1773,106496,106558,62
101,0,blank,0,68.69905,271.647433333333,106589,106776,187
101,0,blank,0,76.9353333333333,321.266066666667,106776,106964,188
101,0,blank,0,65.2333,331.1923,106964,106995,31
101,0,blank,0,72.9096833333333,216.78615,107026,107213,187
101,0,blank,0,91.7884166666667,355.301166666667,107243,107429,186
101,48,temp,281,128.454666666667,388.468483333333,107429,107619,190
101,0,blank,0,153.123666666667,379.354366666667,107619,107806,187
101,0,blank,0,222.942016666667,368.935933333333,107806,107999,193
101,0,blank,0,192.38595,371.761416666667,107999,108184,185
101,0,blank,0,142.68345,355.879033333333,108184,108370,186
101,41,lo,256,193.65085,241.4508,108370,108560,190
101,0,blank,0,214.0707,223.8049,108560,108754,194
101,41,list,259,154.260816666667,241.852583333333,108754,108943,189
101,0,blank,0,134.073916666667,257.218716666667,108943,109130,187
101,0,blank,0,170.571533333333,260.069366666667,109130,109317,187
101,0,blank,0,225.604716666667,254.711716666667,109317,109504,187
101,48,list,286,225.24245,392.946433333333,109536,109723,187
101,0,blank,0,237.670616666667,371.8486,109723,109908,185
101,48,temp,281,134.688883333333,382.381566666667,109908,110095,187
101,0,blank,0,107.989266666667,385.4068,110095,110187,92
101,0,blank,0,101.538616666667,249.179633333333,110217,110407,190
101,0,blank,0,107.90065,220.912683333333,110407,110599,192
101,0,blank,0,169.46185,211.762283333333,110599,110788,189
101,0,blank,0,235.8361,207.626683333333,110788,110975,187
101,0,blank,0,241.204025,205.8672,110975,111098,123
101,0,blank,0,102.580466666667,410.6302,111130,111314,184
101,50,},294,85.6153,436.5658,111314,111500,186
101,0,blank,0,64.7358333333333,447.8298,111500,111686,186
101,0,blank,0,45.754675,386.609225,111686,111810,124
101,0,blank,0,39.9700833333333,235.498266666667,111840,112024,184
101,0,blank,0,75.8030333333333,204.473466666667,112024,112211,187
101,0,blank,0,147.956066666667,177.9897,112211,112397,186
101,0,blank,0,203.01075,177.473116666667,112397,112585,188
101,0,blank,0,262.42255,179.52885,112585,112648,63
101,0,blank,0,59.0375666666667,138.3425,112680,112869,189
101,37,i,227,48.3357166666667,140.164983333333,112869,113061,192
101,0,blank,0,78.8933,160.82215,113061,113249,188
101,0,blank,0,78.71525,152.7375,113249,113313,64
101,0,blank,0,101.637216666667,425.2676,113344,113531,187
101,51,i,295,88.7467333333333,455.842683333333,113531,113717,186
101,0,blank,0,80.8273166666667,471.578566666667,113717,113903,186
101,53,lo,301,95.957,499.322183333333,113903,114094,191
101,53,lo,301,97.46565,492.882,114094,114258,164
101,0,blank,0,102.5128,516.54845,114258,114452,194
101,0,blank,0,109.04062,514.7462,114452,114621,169
101,0,blank,0,114.048733333333,485.456,114621,114712,91
101,0,blank,0,92.4534833333333,211.706616666667,114743,114937,194
101,39,(,245,112.492033333333,203.1323,114937,115122,185
101,0,blank,0,128.85398,153.5227,115122,115276,154
101,0,blank,0,88.4115,14.09215,115307,115493,186
101,0,blank,0,87.3536166666667,7.30928333333333,115493,115683,190
101,0,blank,0,178.605633333333,19.3122166666667,115683,115868,185
101,0,blank,0,180.167666666667,17.5543,115868,115959,91
101,0,blank,0,285.59652,27.00186,115990,116180,190
101,0,blank,0,295.5623,12.4395,116180,116243,63
101,0,blank,0,416.906416666667,37.7133333333333,116275,116461,186
101,0,blank,0,368.41405,24.94085,116461,116656,195
101,0,blank,0,361.35768,17.3315,116656,116812,156
101,0,blank,0,223.8375,15.5204,116844,117035,191
101,33,list,195,212.767866666667,53.6320333333333,117035,117225,190
101,0,blank,0,177.632516666667,22.84615,117225,117412,187
101,0,blank,0,179.391183333333,31.06085,117412,117598,186
101,0,blank,0,181.3228,34.188,117598,117630,32
101,0,blank,0,288.898466666667,29.6566333333333,117661,117845,184
101,0,blank,0,272.95115,28.1797,117845,117906,61
101,33,mergeSort,192,69.2222333333333,67.1705333333333,117937,118029,92
101,0,blank,0,100.44735,82.0281,118029,118222,193
101,0,blank,0,102.754325,85.352225,118222,118342,120
101,0,blank,0,238.775016666667,89.53705,118374,118562,188
101,0,blank,0,240.01564,82.40186,118562,118721,159
101,35,int,209,71.87885,107.340966666667,118754,118943,189
101,35,int,209,49.4127666666666,108.637583333333,118943,119130,187
101,36,lo,223,63.7169,120.677833333333,119130,119319,189
101,0,blank,0,76.1431,113.10325,119319,119508,189
101,0,blank,0,79.4170333333333,117.176116666667,119508,119696,188
101,0,blank,0,80.6252,-105.27695,119727,119849,122
101,0,blank,0,71.5712,125.058983333333,119880,120068,188
101,36,lo,223,50.3235,120.058683333333,120131,120311,180
101,36,=,224,78.1624666666667,126.723566666667,120311,120495,184
101,36,lo,223,54.2436833333333,135.244333333333,120495,120683,188
101,0,blank,0,35.8209166666667,126.3735,120683,120870,187
101,39,mid,242,196.006066666667,193.819133333333,120900,121089,189
101,39,(,245,108.50165,192.79105,121089,121275,186
101,0,blank,0,90.9103,180.6256,121275,121462,187
101,38,mi,231,54.86405,162.913975,121462,121584,122
101,41,list,259,135.930283333333,242.692116666667,121615,121799,184
101,0,blank,0,142.360033333333,269.098,121799,121980,181
101,43,temp,265,147.6846,279.58855,121980,122042,62
101,0,blank,0,54.56035,144.730533333333,122072,122256,184
101,0,blank,0,76.8157,140.896133333333,122256,122347,91
101,39,(,245,121.7391,187.733,122347,122555,208
101,0,blank,0,101.09665,184.418616666667,122555,122749,194
101,38,=,232,82.7469666666667,173.672266666667,122749,122934,185
101,0,blank,0,66.88135,162.57235,122934,123119,185
101,37,=,228,71.34405,147.70275,123119,123306,187
101,37,low,229,112.694083333333,147.338,123306,123489,183
101,0,blank,0,301.947666666667,58.7864666666667,123519,123703,184
101,33,low,200,330.941133333333,52.6071666666667,123703,123886,183
101,0,blank,0,347.792833333333,34.55285,123886,124073,187
101,0,blank,0,352.778725,19.258025,124073,124193,120
101,0,blank,0,77.6021,90.6545166666667,124224,124409,185
101,35,mi,212,126.87425,100.76345,124409,124597,188
101,0,blank,0,167.39475,76.17815,124597,124781,184
101,0,blank,0,146.3188,84.4182166666667,124781,124964,183
101,0,blank,0,95.4770333333333,84.7336833333333,124964,125151,187
101,35,mi,212,126.808866666667,104.8999,125151,125339,188
101,0,blank,0,162.73615,72.7021666666667,125339,125525,186
101,33,int,205,177.21575,61.48815,125525,125712,187
101,0,blank,0,239.5198,42.854125,125712,125833,121
101,0,blank,0,158.65672,47.75484,125864,126055,191
101,0,blank,0,144.595833333333,80.4192,126055,126249,194
101,35,i,210,90.66985,101.3867,126249,126434,185
101,0,blank,0,72.0579166666667,173.27265,126434,126618,184
101,0,blank,0,55.23545,145.288325,126618,126743,125
101,0,blank,0,234.667916666667,70.7855833333333,126772,126957,185
101,0,blank,0,230.429616666667,87.30815,126957,127146,189
101,39,while,237,90.8261,183.60455,127176,127302,126
101,0,blank,0,225.04405,27.13275,127332,127516,184
101,0,blank,0,188.8955,17.0670333333333,127516,127610,94
101,0,blank,0,-323,-105,128136,128201,65
101,0,blank,0,139.464883333333,206.810783333333,128341,128516,175
101,41,(,253,116.2775,232.5445,128516,128608,92
101,0,blank,0,-323,-105,128639,128694,55
101,43,temp,265,141.241016666667,280.831433333333,128805,128985,180
101,43,],273,190.71235,285.279883333333,128985,129167,182
101,0,blank,0,246.499866666667,271.7768,129167,129358,191
101,0,blank,0,214.1171,271.618275,129358,129480,122
101,0,blank,0,-323,-105,130181,130348,167
101,0,blank,0,-323,-105,130348,130530,182
101,0,blank,0,-323,-105,130530,130703,173
101,0,blank,0,-323,-105,130703,130881,178
101,0,blank,0,-323,-105,130881,131080,199
101,0,blank,0,-323,-105,131080,131256,176
101,0,blank,0,-323,-105,131256,131451,195
101,0,blank,0,-323,-105,131451,131628,177
101,0,blank,0,-323,-105,131628,131806,178
101,0,blank,0,-323,-105,131806,131988,182
101,0,blank,0,-323,-105,131988,132161,173
101,0,blank,0,-323,-105,132161,132343,182
101,0,blank,0,-323,-105,132343,132449,106
101,0,blank,0,-323,-105,132449,132554,105
101,0,blank,0,315.8151,42.2416,132864,132901,37
101,0,blank,0,261.8994,171.50525,133263,133442,179
101,0,blank,0,264.651375,154.21505,133442,133572,130
101,0,blank,0,351.00755,50.6405833333333,133603,133801,198
101,0,blank,0,349.90462,50.3449,133801,133960,159
101,0,blank,0,579.884583333333,63.3187166666667,133994,134191,197
101,0,blank,0,578.195033333333,62.9049666666667,134191,134283,92
101,39,&&,244,252.02512,183.83902,134315,134472,157
101,39,&&,244,247.3112,183.68305,134472,134640,168
101,0,blank,0,284.6513,158.0203,134640,134741,101
101,0,blank,0,287.1772,169.019133333333,134741,134922,181
101,0,blank,0,309.149933333333,177.479516666667,134922,135109,187
101,0,blank,0,250.0793,176.395783333333,135109,135294,185
101,38,+,234,137.712383333333,177.456516666667,135294,135480,186
101,38,+,234,134.0085,175.830633333333,135480,135571,91
101,39,mi,246,278.2947,188.22105,135602,135787,185
101,0,blank,0,282.814916666667,182.016483333333,135787,135971,184
101,0,blank,0,296.163366666667,162.146716666667,135971,136158,187
101,0,blank,0,270.790766666667,177.350566666667,136158,136345,187
101,0,blank,0,225.18615,190.823083333333,136345,136530,185
101,0,blank,0,128.563416666667,180.351066666667,136530,136713,183
101,0,blank,0,140.2277,258.8256,136713,136745,32
101,39,<=,247,155.922816666667,194.62515,136836,137022,186
101,39,<=,247,173.551833333333,186.325533333333,137022,137206,184
101,39,<=,247,173.265833333333,184.761233333333,137206,137297,91
101,0,blank,0,281.9421,172.896016666667,137328,137512,184
101,0,blank,0,281.01885,169.55845,137512,137574,62
101,0,blank,0,85.8608666666667,116.268183333333,137605,137791,186
101,0,blank,0,79.6072,154.965333333333,137791,137977,186
101,38,mi,231,59.8745833333333,162.512516666667,137977,138160,183
101,0,blank,0,55.503625,156.730125,138160,138283,123
101,0,blank,0,294.262083333333,180.612466666667,138315,138502,187
101,0,blank,0,251.4699,176.8732,138502,138564,62
101,39,<=,247,308.9973,187.3453,138564,138726,162
101,0,blank,0,-323,-105,138854,138880,26
101,0,blank,0,271.61295,174.756083333333,138931,139108,177
101,0,blank,0,255.9536,182.1188,139108,139140,32
101,39,lo,240,130.90015,192.659683333333,139176,139366,190
101,0,blank,0,159.8148,181.202383333333,139366,139556,190
101,37,low,229,94.09095,156.537866666667,139556,139739,183
101,37,=,228,70.4344833333333,142.815633333333,139739,139922,183
101,0,blank,0,80.2859,114.699233333333,139922,140109,187
101,0,blank,0,83.692225,111.600175,140109,140233,124
101,39,mid,242,210.814933333333,190.26505,140264,140448,184
101,0,blank,0,152.727216666667,190.116383333333,140448,140633,185
101,39,lo,240,128.854116666667,195.573833333333,140633,140817,184
101,0,blank,0,112.9521,204.7929,140817,140848,31
101,0,blank,0,146.699616666667,86.50805,140879,141065,186
101,35,comma,217,94.3429833333333,110.322416666667,141065,141250,185
101,0,blank,0,70.00925,122.293366666667,141250,141435,185
101,0,blank,0,30.5769833333333,147.21345,141435,141618,183
101,0,blank,0,35.0812833333333,113.98255,141618,141801,183
101,35,int,209,73.78865,111.238133333333,141801,141986,185
101,37,=,228,65.8557166666667,153.640016666667,141986,142170,184
101,38,mi,231,52.9754666666667,169.080683333333,142170,142352,182
101,37,low,229,110.6993,156.2994,142352,142535,183
101,39,mi,246,276.381233333333,192.04275,142535,142719,184
101,39,&&,244,252.4978,186.1929,142719,142904,185
101,0,blank,0,251.0349,181.20685,142904,142964,60
101,41,list,259,125.091316666667,233.6751,142994,143178,184
101,41,list,259,140.163233333333,237.0359,143178,143360,182
101,41,[,260,165.72175,238.1699,143360,143543,183
101,41,lo,256,182.075033333333,230.49815,143543,143727,184
101,41,list,259,149.366966666667,227.128566666667,143727,143910,183
101,41,[,260,165.60215,233.3926,143910,144092,182
101,0,blank,0,196.508333333333,225.9276,144092,144274,182
101,0,blank,0,205.798566666667,220.519883333333,144274,144454,180
101,0,blank,0,250.758333333333,218.503133333333,144454,144631,177
101,0,blank,0,197.30465,224.555416666667,144631,144813,182
101,41,lo,256,186.96375,227.6792,144813,144994,181
101,0,blank,0,210.320933333333,221.7528,144994,145176,182
101,41,],262,199.713533333333,230.72615,145176,145358,182
101,41,lo,256,190.702316666667,232.44305,145358,145548,190
101,0,blank,0,233.498683333333,215.10555,145548,145738,190
101,0,blank,0,241.870833333333,213.337883333333,145931,146107,176
101,0,blank,0,240.0236,217.7727,146107,146136,29
101,33,mergeSort,192,111.738566666667,60.08325,146167,146355,188
101,0,blank,0,120.746583333333,95.1687333333333,146355,146544,189
101,33,mergeSort,192,110.8554,66.28075,146544,146668,124
101,0,blank,0,243.976133333333,241.416783333333,146700,146888,188
101,0,blank,0,230.19022,205.81658,146888,147042,154
101,0,blank,0,316.825366666667,-4.78721666666667,147073,147271,198
101,0,blank,0,316.742375,10.128,147271,147403,132
101,39,&&,244,241.355333333333,191.681083333333,147433,147623,190
101,0,blank,0,255.911883333333,207.779783333333,147623,147811,188
101,0,blank,0,197.482883333333,212.215416666667,147811,148000,189
101,0,blank,0,213.550016666667,212.650833333333,148000,148189,189
101,0,blank,0,239.98485,211.58485,148189,148378,189
101,0,blank,0,198.379466666667,215.611233333333,148378,148568,190
101,0,blank,0,213.3999,218.237466666667,148568,148759,191
101,0,blank,0,239.313083333333,214.203566666667,148759,148948,189
101,0,blank,0,210.96695,214.90185,148948,149134,186
101,0,blank,0,211.309183333333,221.640316666667,149134,149321,187
101,0,blank,0,192.51375,215.810716666667,149321,149505,184
101,0,blank,0,194.890516666667,222.426416666667,149505,149690,185
101,0,blank,0,243.929883333333,217.091116666667,149690,149875,185
101,0,blank,0,222.579033333333,217.61915,149875,150061,186
101,0,blank,0,209.164383333333,216.967766666667,150061,150246,185
101,0,blank,0,195.107716666667,218.044916666667,150246,150429,183
101,0,blank,0,186.803133333333,219.056616666667,150429,150612,183
101,0,blank,0,220.907333333333,211.752416666667,150612,150797,185
101,0,blank,0,214.565683333333,216.725133333333,150797,150979,182
101,0,blank,0,169.940883333333,219.197466666667,150979,151161,182
101,0,blank,0,112.44455,205.960725,151161,151283,122
101,41,[,260,165.518316666667,232.144933333333,151396,151577,181
101,41,lo,256,192.835066666667,236.9218,151577,151757,180
101,0,blank,0,207.175266666667,236.146666666667,151757,151937,180
101,41,],262,199.795883333333,235.53165,151937,152115,178
101,0,blank,0,200.274233333333,218.949766666667,152115,152294,179
101,41,],262,200.490033333333,227.26615,152294,152471,177
101,0,blank,0,226.400816666667,212.323216666667,152471,152652,181
101,0,blank,0,200.246683333333,215.502433333333,152652,152833,181
101,0,blank,0,186.501616666667,208.739366666667,152833,153016,183
101,0,blank,0,196.780383333333,211.43605,153016,153201,185
101,0,blank,0,203.597416666667,214.847716666667,153201,153385,184
101,0,blank,0,164.723816666667,209.1832,153385,153573,188
101,0,blank,0,155.448333333333,204.301183333333,153573,153755,182
101,0,blank,0,206.805983333333,207.586983333333,153755,153938,183
101,0,blank,0,196.22385,223.13655,153938,154123,185
101,0,blank,0,189.82575,217.563466666667,154123,154304,181
101,0,blank,0,210.492683333333,212.770616666667,154304,154490,186
101,0,blank,0,213.3177,213.192633333333,154490,154674,184
101,0,blank,0,194.581966666667,212.09175,154674,154858,184
101,0,blank,0,180.20065,187.01035,154858,155032,174
101,0,blank,0,194.85705,221.8291,155032,155224,192
101,0,blank,0,206.121433333333,230.619633333333,155224,155330,106
101,0,blank,0,-323,-105,156449,156485,36
101,41,list,259,253.65735,233.399216666667,156526,156707,181
101,0,blank,0,145.976383333333,263.460183333333,156707,156887,180
101,0,blank,0,152.813516666667,267.810416666667,156887,157070,183
101,0,blank,0,222.357183333333,256.9109,157070,157254,184
101,41,lo,256,190.393533333333,246.55415,157254,157437,183
101,41,list,259,134.184666666667,237.531166666667,157437,157623,186
101,0,blank,0,249.147983333333,223.659183333333,157655,157840,185
101,41,<=,258,219.316266666667,237.9374,157840,158026,186
101,0,blank,0,208.162333333333,233.860783333333,158026,158211,185
101,41,lo,256,192.919683333333,231.164633333333,158211,158397,186
101,0,blank,0,235.16725,252.65505,158397,158582,185
101,0,blank,0,243.98635,264.73415,158582,158643,61
101,0,blank,0,118.49775,297.399933333333,158674,158863,189
101,0,blank,0,122.115,289.986566666667,158863,159049,186
101,0,blank,0,96.9500333333333,328.442183333333,159049,159233,184
101,0,blank,0,112.136633333333,366.335283333333,159233,159417,184
101,0,blank,0,139.232066666667,375.835316666667,159417,159601,184
101,0,blank,0,233.302183333333,368.333133333333,159601,159786,185
101,0,blank,0,245.12488,370.4428,159786,159939,153
101,41,<=,258,216.510683333333,227.184616666667,159971,160157,186
101,41,list,259,253.04535,228.445533333333,160157,160342,185
101,0,blank,0,252.5267,218.309,160342,160404,62
101,0,blank,0,113.722933333333,428.904333333333,160435,160620,185
101,0,blank,0,99.2761,430.3708,160620,160810,190
101,51,i,295,84.37565,461.92855,160810,161003,193
101,0,blank,0,79.303625,453.5748,161003,161127,124
101,0,blank,0,79.0868,238.589983333333,161157,161343,186
101,0,blank,0,112.042316666667,253.357883333333,161343,161527,184
101,43,temp,265,131.78255,280.574233333333,161527,161711,184
101,0,blank,0,222.883716666667,376.580933333333,161711,161896,185
101,48,list,286,230.4285,382.955516666667,161896,162082,186
101,48,temp,281,154.761183333333,385.751883333333,162082,162269,187
101,0,blank,0,137.5517,378.71835,162269,162331,62
101,41,list,259,133.268416666667,243.184583333333,162361,162548,187
101,41,list,259,136.921233333333,229.469683333333,162548,162730,182
101,0,blank,0,127.697933333333,260.895666666667,162730,162915,185
101,0,blank,0,121.147233333333,304.272616666667,162915,163098,183
101,0,blank,0,111.4165,415.3598,163128,163313,185
101,50,},294,87.4427333333334,437.956733333333,163313,163498,185
101,0,blank,0,63.160525,429.779825,163498,163622,124
101,0,blank,0,49.8654333333333,228.4705,163653,163838,185
101,0,blank,0,85.0575333333333,210.5288,163838,164025,187
101,0,blank,0,152.252316666667,166.798566666667,164025,164213,188
101,38,1,235,154.836783333333,171.522083333333,164213,164399,186
101,38,1,235,155.154,173.64875,164399,164459,60
101,0,blank,0,107.200416666667,475.45045,164490,164673,183
101,0,blank,0,83.2925166666667,499.282116666667,164673,164856,183
101,53,if,299,62.6767833333333,507.2411,164856,165038,182
101,0,blank,0,128.3524,529.2489,165038,165221,183
101,0,blank,0,147.9269,543.793416666667,165221,165409,188
101,55,=,309,161.471783333333,551.415366666667,165409,165591,182
101,0,blank,0,146.985933333333,570.531583333333,165591,165774,183
101,0,blank,0,60.4337,450.4527,165805,165989,184
101,0,blank,0,80.22185,403.53485,165989,166112,123
101,0,blank,0,112.2664,261.3787,166143,166329,186
101,0,blank,0,140.541266666667,270.846816666667,166329,166511,182
101,0,blank,0,146.58515,264.240325,166511,166633,122
101,0,blank,0,130.86805,379.723466666667,166664,166852,188
101,0,blank,0,105.33815,386.87035,166852,167039,187
101,0,blank,0,52.4823166666667,415.848783333333,167039,167225,186
101,0,blank,0,33.8654333333333,221.1156,167258,167444,186
101,0,blank,0,33.9612833333333,219.264316666667,167444,167635,191
101,0,blank,0,34.3595,274.8386,167635,167667,32
101,0,blank,0,66.3340166666667,488.815933333333,167698,167885,187
101,53,(,300,75.6528666666667,496.158366666667,167885,168074,189
101,0,blank,0,92.0416,468.389975,168074,168199,125
101,0,blank,0,63.3868833333333,214.779583333333,168230,168415,185
101,39,while,237,49.7079833333333,190.78605,168415,168599,184
101,39,lo,240,139.8804,186.1326,168599,168784,185
101,38,+,234,141.887183333333,174.296466666667,168784,168971,187
101,39,while,237,89.3626,200.172,168971,169001,30
101,0,blank,0,73.2525333333333,543.646533333333,169064,169256,192
101,53,(,300,81.9586833333333,509.599166666667,169256,169440,184
101,0,blank,0,106.2349,491.616166666667,169440,169623,183
101,0,blank,0,108.993033333333,500.001116666667,169623,169808,185
101,0,blank,0,105.664716666667,505.6249,169808,169994,186
101,53,lo,301,103.944466666667,511.3987,169994,170087,93
101,0,blank,0,35.5076666666667,656.210466666667,170117,170303,186
101,0,blank,0,39.7772333333333,640.223366666667,170303,170396,93
101,0,blank,0,71.7314666666667,461.01195,170426,170612,186
101,0,blank,0,97.2238333333333,475.09685,170612,170797,185
101,0,blank,0,103.691366666667,479.545583333333,170797,170982,185
101,0,blank,0,81.08335,480.840283333333,170982,171168,186
101,0,blank,0,86.70115,490.160366666667,171168,171352,184
101,53,>,302,116.647616666667,501.770733333333,171352,171536,184
101,0,blank,0,137.6415,519.098133333333,171536,171720,184
101,0,blank,0,114.501133333333,520.9315,171720,171905,185
101,53,(,300,78.92275,509.031083333333,171905,172091,186
101,0,blank,0,106.704283333333,481.349566666667,172091,172277,186
101,0,blank,0,104.284,469.4031,172277,172308,31
101,0,blank,0,124.171216666667,212.7077,172339,172527,188
101,0,blank,0,131.08175,180.868833333333,172527,172714,187
101,38,1,235,158.046616666667,174.409966666667,172714,172899,185
101,39,<=,247,161.210183333333,186.136566666667,172899,173084,185
101,0,blank,0,145.568975,225.278025,173084,173208,124
101,0,blank,0,280.084633333333,176.351416666667,173239,173423,184
101,0,blank,0,280.904025,181.151275,173423,173546,123
101,0,blank,0,234.814583333333,46.9633166666667,173577,173763,186
101,0,blank,0,128.10455,528.958166666667,173826,174016,190
101,0,blank,0,148.219683333333,543.529733333333,174016,174201,185
101,0,blank,0,168.241066666667,565.76865,174201,174392,191
101,0,blank,0,194.5847,590.119683333333,174392,174582,190
101,0,blank,0,217.90555,567.87695,174582,174771,189
101,55,k,316,218.0291,547.735525,174771,174898,127
101,51,++,296,98.8271,453.73005,174929,175115,186
101,0,blank,0,102.99842,485.33184,175115,175298,183
101,0,blank,0,72.84715,437.1252,175298,175496,198
101,39,<=,247,166.7635,189.04894,175608,175781,173
101,41,list,259,143.375266666667,228.03115,175781,175971,190
101,0,blank,0,197.51525,223.2729,175971,176160,189
101,0,blank,0,234.31085,222.33725,176160,176222,62
101,0,blank,0,111.117316666667,525.698783333333,176285,176472,187
101,0,blank,0,108.94955,505.99915,176472,176660,188
101,53,>,302,115.898383333333,501.29375,176660,176847,187
101,0,blank,0,132.85026,487.30774,176847,177003,156
101,0,blank,0,159.474366666667,259.213616666667,177034,177222,188
101,0,blank,0,145.7857,210.97898,177222,177381,159
101,36,=,224,74.98705,122.314566666667,177412,177600,188
101,0,blank,0,68.04385,120.7395,177600,177789,189
101,0,blank,0,32.0656,142.303,177789,177948,159
101,0,blank,0,151.92865,222.692933333333,177981,178170,189
101,0,blank,0,148.21385,215.73845,178170,178232,62
101,0,blank,0,93.7319666666667,393.743,178263,178450,187
101,44,lo,275,125.593833333333,299.4512,178450,178643,193
101,43,temp,265,135.194075,277.351675,178643,178771,128
101,0,blank,0,54.9636,486.712883333333,178835,179026,191
101,0,blank,0,56.7284666666667,477.618233333333,179026,179122,96
101,0,blank,0,71.83875,178.159116666667,179153,179339,186
101,39,(,245,105.540433333333,188.099166666667,179339,179528,189
101,0,blank,0,148.12605,176.50995,179528,179720,192
101,0,blank,0,151.339783333333,178.61585,179720,179910,190
101,0,blank,0,134.3484,219.2749,179910,179942,32
101,0,blank,0,95.8600333333333,516.833416666667,179973,180166,193
101,0,blank,0,105.581566666667,506.8577,180166,180356,190
101,0,blank,0,130.840783333333,205.498866666667,180388,180575,187
101,38,;,236,166.962483333333,170.028066666667,180575,180764,189
101,38,;,236,167.91,170.944366666667,180764,180953,189
101,38,;,236,168.353533333333,176.325966666667,180953,181143,190
101,39,lo,240,142.4825,196.410483333333,181143,181336,193
101,51,++,296,104.128133333333,462.46105,181367,181558,191
101,0,blank,0,112.51465,498.648683333333,181558,181747,189
101,53,>,302,115.018016666667,492.2509,181747,181936,189
101,0,blank,0,129.3433,483.641175,181936,182060,124
101,0,blank,0,211.568566666667,155.7863,182091,182277,186
101,38,1,235,160.383816666667,178.154866666667,182277,182464,187
101,39,<=,247,165.82935,183.4337,182464,182526,62
101,0,blank,0,289.279083333333,167.579333333333,182557,182742,185
101,0,blank,0,260.73635,174.72275,182742,182928,186
101,0,blank,0,251.5643,164.8819,182928,182959,31
101,0,blank,0,122.81645,535.553183333333,183019,183205,186
101,0,blank,0,122.0167,523.697716666667,183205,183391,186
101,0,blank,0,151.583183333333,539.8237,183391,183579,188
101,0,blank,0,148.962816666667,539.1656,183579,183769,190
101,0,blank,0,120.556283333333,528.301033333333,183769,183957,188
101,0,blank,0,151.122483333333,525.905783333333,183957,184145,188
101,0,blank,0,195.8995,532.906,184145,184334,189
101,0,blank,0,233.3573,532.73675,184334,184519,185
101,0,blank,0,189.851533333333,534.80645,184519,184706,187
101,0,blank,0,184.8238,532.948783333333,184706,184893,187
101,55,<=,313,233.687116666667,553.809966666667,184893,185080,187
101,0,blank,0,225.21535,529.52565,185080,185263,183
101,55,;,315,197.6913,536.920533333333,185263,185450,187
101,0,blank,0,152.8175,534.924183333333,185450,185640,190
101,0,blank,0,147.85535,539.3438,185640,185826,186
101,0,blank,0,170.154083333333,535.857,185826,186012,186
101,0,blank,0,147.665916666667,538.46865,186012,186199,187
101,0,blank,0,144.647,548.1479,186199,186388,189
101,0,blank,0,144.853066666667,541.95215,186388,186578,190
101,0,blank,0,145.826866666667,571.011866666667,186578,186767,189
101,57,[,326,170.389483333333,586.0437,186767,186955,188
101,57,list,325,229.92035,583.237616666667,186955,187144,189
101,57,=,324,212.416,585.252366666667,187144,187335,191
101,0,blank,0,131.012266666667,573.012,187335,187530,195
101,0,blank,0,110.021466666667,529.561716666667,187530,187718,188
101,53,(,300,82.2384,502.522275,187718,187844,126
101,0,blank,0,-323,-105,187876,188034,158
101,53,mid,303,153.0027,496.2609,188079,188136,57
101,0,blank,0,150.9219,556.043583333333,188201,188380,179
101,57,temp,320,140.589066666667,598.018416666667,188380,188570,190
101,0,blank,0,215.718883333333,590.946416666667,188570,188759,189
101,0,blank,0,217.768883333333,595.622116666667,188759,188951,192
101,0,blank,0,165.3417,537.00918,188951,189110,159
101,55,=,309,159.79596,543.74866,189110,189280,170
101,0,blank,0,130.314283333333,510.533266666667,189280,189473,193
101,0,blank,0,107.047516666667,494.156633333333,189473,189666,193
101,0,blank,0,74.45575,487.506866666667,189666,189859,193
101,53,lo,301,92.7804333333333,492.414116666667,189859,190051,192
101,0,blank,0,115.168,480.836233333333,190051,190243,192
101,53,(,300,78.5515166666667,494.18905,190243,190435,192
101,53,(,300,77.646,494.551025,190435,190562,127
101,0,blank,0,221.128816666667,519.73965,190595,190790,195
101,0,blank,0,224.4381,519.760333333333,190790,190889,99
101,0,blank,0,182.727133333333,602.955766666667,190922,191121,199
101,0,blank,0,218.842816666667,598.42015,191121,191319,198
101,57,list,325,226.23224,591.78916,191319,191489,170
101,57,list,325,226.8054,591.149,191489,191523,34
101,0,blank,0,109.62282,611.88822,191557,191724,167
101,0,blank,0,110.421133333333,614.15585,191724,191923,199
101,0,blank,0,108.075733333333,616.360483333333,191923,192122,199
101,0,blank,0,59.2165666666667,644.282583333333,192122,192314,192
101,60,},334,51.3071666666667,650.735533333333,192314,192513,199
101,0,blank,0,41.41252,690.5815,192513,192679,166
101,0,blank,0,30.60195,706.59565,192679,192809,130
101,0,blank,0,932.7195,413.8171,192905,193094,189
101,0,blank,0,950.193666666667,419.77535,193094,193282,188
101,0,blank,0,1021.97316666667,378.6901,193282,193471,189
101,0,blank,0,1022.81216666667,385.080133333333,193471,193661,190
101,0,blank,0,1022.80883333333,382.715833333333,193661,193849,188
101,0,blank,0,1023.39033333333,379.948466666667,193849,194041,192
101,0,blank,0,1022.0495,385.839883333333,194041,194232,191
101,0,blank,0,1019.149,377.999166666667,194232,194424,192
101,0,blank,0,261.9952,694.968633333333,194519,194615,96
102,0,blank,0,192.160516666667,534.994183333333,195409,195598,189
102,0,blank,0,205.5189,506.0146,195598,195690,92
102,0,blank,0,225.41945,490.5225,195690,195884,194
102,0,blank,0,258.5291,483.194466666667,195884,196069,185
102,0,blank,0,308.427816666667,486.957966666667,196069,196255,186
102,63,mid,345,281.741233333333,481.179066666667,196255,196439,184
102,63,k,347,223.1219,473.176883333333,196439,196622,183
102,55,k,316,219.6966,304.350566666667,196622,196809,187
102,0,blank,0,258.421233333333,373.435533333333,196809,196999,190
102,63,k,347,315.195266666667,475.155483333333,196999,197185,186
102,63,mid,345,271.1649,486.224416666667,197185,197373,188
102,0,blank,0,251.467533333333,495.356233333333,197373,197560,187
102,0,blank,0,272.365116666667,496.2054,197560,197747,187
102,63,;,346,300.990866666667,487.933816666667,197747,197939,192
102,0,blank,0,290.050183333333,489.97065,197939,198138,199
102,65,list,356,242.787916666667,520.456816666667,198138,198336,198
102,65,list,356,250.89882,523.1025,198336,198499,163
102,57,[,326,266.538516666667,343.641283333333,198533,198725,192
102,57,list,325,260.9001,340.589733333333,198725,198820,95
102,0,blank,0,243.4092,548.3384,198852,199044,192
102,65,list,356,256.7762,520.580816666667,199044,199235,191
102,0,blank,0,226.03572,497.8433,199235,199402,167
102,0,blank,0,212.5482,497.06302,199402,199572,170
102,63,;,346,198.0951,484.3218,199572,199604,32
102,63,;,346,299.07545,486.3817,199637,199832,195
102,0,blank,0,325.023683333333,532.495633333333,199832,200024,192
102,0,blank,0,316.14655,507.812666666667,200024,200214,190
102,63,mid,345,289.199883333333,487.490416666667,200214,200405,191
102,63,<=,344,238.100716666667,485.867133333333,200405,200594,189
102,0,blank,0,208.01585,481.856366666667,200594,200786,192
102,63,lo,341,176.048816666667,478.421433333333,200786,200979,193
102,63,mid,345,277.349833333333,482.20995,201012,201204,192
102,0,blank,0,255.991266666667,485.988633333333,201204,201398,194
102,63,mid,345,287.6201,483.985516666667,201398,201595,197
102,63,++,348,328.836716666667,474.174933333333,201595,201787,192
102,63,++,348,326.921716666667,480.699866666667,201787,201978,191
102,63,;,346,296.85225,475.4562,201978,202171,193
102,0,blank,0,311.6102,492.8966,202171,202203,32
102,55,<=,313,241.116233333333,309.742666666667,202235,202426,191
102,55,high,314,270.2066,306.76575,202426,202618,192
102,55,k,316,329.557833333333,309.472766666667,202618,202809,191
102,65,list,356,241.618966666667,523.95285,202842,203034,192
102,0,blank,0,246.536316666667,506.155283333333,203034,203226,192
102,0,blank,0,266.971383333333,491.16435,203226,203416,190
102,0,blank,0,269.888283333333,498.27775,203416,203611,195
102,65,list,356,257.317483333333,529.09265,203611,203803,192
102,0,blank,0,270.827966666667,459.586816666667,203803,203995,192
102,0,blank,0,289.043766666667,455.2711,203995,204185,190
102,63,++,348,338.094483333333,480.524616666667,204185,204381,196
102,0,blank,0,355.37495,482.452383333333,204381,204577,196
102,0,blank,0,367.640225,481.5508,204577,204708,131
102,0,blank,0,229.1644,483.676683333333,204741,204935,194
102,0,blank,0,241.232966666667,498.578733333333,204935,205127,192
102,0,blank,0,266.18355,537.637616666667,205127,205322,195
102,0,blank,0,246.65385,548.80225,205322,205514,192
102,0,blank,0,232.9012,558.47168,205514,205673,159
102,0,blank,0,228.3342,404.11435,205704,205890,186
102,57,list,325,227.794183333333,346.760883333333,205890,206076,186
102,0,blank,0,248.18205,326.2289,206076,206266,190
102,0,blank,0,208.522133333333,275.310316666667,206266,206454,188
102,0,blank,0,181.48075,268.976925,206454,206579,125
102,0,blank,0,159.561233333333,429.4979,206610,206796,186
102,63,;,346,195.745466666667,477.53875,206796,206989,193
102,0,blank,0,155.105166666667,446.762933333333,206989,207180,191
102,0,blank,0,105.9209,258.35794,207213,207387,174
102,53,mid,303,158.2313,264.881316666667,207387,207578,191
102,0,blank,0,195.82015,265.42005,207578,207768,190
102,0,blank,0,196.83715,268.8094,207768,207832,64
102,0,blank,0,215.4485,117.780266666667,207864,208059,195
102,0,blank,0,219.63176,118.16798,208059,208227,168
102,0,blank,0,220.3029,124.1557,208227,208359,132
102,0,blank,0,343.15895,168.860633333333,208392,208585,193
102,0,blank,0,218.699816666667,186.839833333333,208618,208813,195
102,0,blank,0,195.49575,187.43095,208813,209008,195
102,0,blank,0,149.546916666667,196.748716666667,209008,209204,196
102,0,blank,0,147.9674,195.237366666667,209204,209403,199
102,53,>,302,118.97046,256.5178,209403,209571,168
102,0,blank,0,145.664283333333,280.7521,209571,209763,192
102,0,blank,0,161.33885,334.529675,209763,209889,126
102,0,blank,0,175.653966666667,607.873766666667,209920,210106,186
102,0,blank,0,213.3629,624.386333333333,210106,210290,184
102,71,],388,251.507416666667,651.579016666667,210290,210478,188
102,0,blank,0,237.235916666667,626.14845,210478,210662,184
102,0,blank,0,248.04184,633.65762,210662,210815,153
102,0,blank,0,192.363233333333,583.29955,210845,211030,185
102,0,blank,0,208.3906,487.302716666667,211030,211218,188
102,63,lo,341,188.033466666667,471.310266666667,211218,211409,191
102,0,blank,0,210.4466,636.47025,211441,211635,194
102,0,blank,0,208.0738,631.346,211635,211668,33
102,0,blank,0,-323,-105,211733,211870,137
102,69,k,376,192.061833333333,616.945866666667,211903,212078,175
102,0,blank,0,251.501933333333,620.911,212078,212275,197
102,69,++,377,308.204483333333,615.898583333333,212275,212463,188
102,69,high,374,268.877333333333,618.585,212463,212652,189
102,0,blank,0,228.618325,638.137325,212652,212779,127
102,0,blank,0,232.466733333333,674.198383333333,212842,213033,191
102,71,k,387,238.351716666667,647.8924,213033,213219,186
102,69,high,374,239.7061,612.3431,213219,213408,189
102,0,blank,0,287.713433333333,614.603583333333,213408,213599,191
102,0,blank,0,288.185516666667,622.7764,213599,213796,197
102,0,blank,0,302.99665,633.8697,213796,213989,193
102,0,blank,0,313.97418,633.10624,213989,214156,167
102,0,blank,0,297.095983333333,649.824133333333,214156,214352,196
102,0,blank,0,305.032,645.1595,214352,214384,32
102,0,blank,0,180.499533333333,656.606833333333,214417,214610,193
102,71,temp,385,210.215816666667,663.436116666667,214610,214805,195
102,71,[,386,225.120283333333,651.8341,214805,214999,194
102,0,blank,0,295.089883333333,636.4044,214999,215196,197
102,0,blank,0,212.878083333333,668.477833333333,215196,215389,193
102,71,temp,385,212.507083333333,660.2242,215389,215583,194
102,71,[,386,229.24942,656.80942,215583,215751,168
102,71,[,386,232.3259,662.651066666667,215751,215949,198
102,0,blank,0,177.259833333333,658.337533333333,215949,216075,126
102,0,blank,0,179.7343,659.859,216075,216193,118
102,0,blank,0,279.6748,650.5825,216193,216314,121
102,0,blank,0,286.1715,655.605833333333,216314,216469,155
102,0,blank,0,212.904833333333,641.2176,216501,216695,194
102,0,blank,0,241.2725,625.47495,216695,216890,195
102,69,k,376,303.216716666667,615.074783333333,216890,217088,198
102,0,blank,0,260.288183333333,620.323533333333,217088,217282,194
102,0,blank,0,220.89895,621.674716666667,217282,217475,193
102,69,high,374,263.708,617.64175,217475,217668,193
102,0,blank,0,335.829,607.429766666667,217668,217863,195
102,0,blank,0,341.146775,623.2335,217863,217994,131
102,71,list,380,121.72235,653.531383333333,218026,218219,193
102,0,blank,0,108.21375,664.28375,218219,218283,64
102,65,temp,351,171.193366666667,516.854166666667,218314,218506,192
102,0,blank,0,213.90778,497.46388,218506,218663,157
102,0,blank,0,84.7912,642.567366666667,218758,218951,193
102,0,blank,0,78.6071,635.2407,218951,218983,32
102,65,list,356,235.56465,523.876966666667,219014,219206,192
102,0,blank,0,232.231316666667,488.44755,219206,219395,189
102,63,mid,345,283.710366666667,475.892433333333,219395,219585,190
102,63,k,347,320.2188,480.68205,219585,219776,191
102,0,blank,0,233.24905,544.70495,219808,219995,187
102,0,blank,0,237.175633333333,552.912016666667,219995,220183,188
102,65,list,356,260.955516666667,531.6913,220183,220372,189
102,0,blank,0,168.1861,490.790283333333,220403,220602,199
102,63,<=,344,242.71275,484.8066,220602,220793,191
102,0,blank,0,259.920166666667,457.0094,220932,221108,176
102,63,mid,345,288.874433333333,472.947366666667,221108,221300,192
102,0,blank,0,258.356416666667,479.738933333333,221300,221490,190
102,0,blank,0,237.01945,492.15735,221490,221677,187
102,0,blank,0,259.249533333333,488.538833333333,221677,221866,189
102,0,blank,0,302.1202,468.327666666667,221866,222053,187
102,63,k,347,323.88415,470.734766666667,222053,222245,192
102,0,blank,0,360.4022,474.2264,222245,222435,190
102,0,blank,0,370.93955,468.3434,222435,222497,62
102,65,list,356,250.076516666667,522.613266666667,222528,222717,189
102,65,list,356,271.8637,524.0005,222717,222904,187
102,0,blank,0,321.5929,508.6398,222904,223094,190
102,65,list,356,250.70565,512.9767,223094,223286,192
102,0,blank,0,243.568416666667,511.691366666667,223286,223478,192
102,0,blank,0,239.086883333333,502.0967,223478,223670,192
102,63,k,347,220.580983333333,471.515933333333,223670,223860,190
102,0,blank,0,177.622666666667,451.901683333333,223860,224052,192
102,0,blank,0,149.0298,439.5502,224052,224116,64
102,0,blank,0,174.5813,284.5585,224148,224343,195
102,0,blank,0,218.52615,287.453466666667,224343,224534,191
102,0,blank,0,224.853933333333,285.474216666667,224534,224721,187
102,0,blank,0,187.48785,252.34045,224721,224911,190
102,53,mid,303,159.80125,253.160533333333,224911,225100,189
102,53,mid,303,154.286633333333,261.477233333333,225100,225193,93
102,0,blank,0,152.390316666667,456.4115,225223,225410,187
102,0,blank,0,159.674816666667,462.37005,225410,225594,184
102,0,blank,0,143.831675,455.09065,225594,225718,124
102,0,blank,0,192.134116666667,261.344,225749,225938,189
102,0,blank,0,179.144233333333,255.135916666667,225938,226124,186
102,0,blank,0,175.082166666667,250.3012,226124,226315,191
102,0,blank,0,219.191233333333,249.55135,226315,226506,191
102,0,blank,0,176.324333333333,256.773433333333,226506,226695,189
102,0,blank,0,202.001816666667,275.7057,226695,226884,189
102,0,blank,0,231.03465,314.8281,226884,226948,64
102,0,blank,0,210.31895,492.818333333333,226980,227168,188
102,0,blank,0,202.922925,477.005575,227168,227292,124
102,0,blank,0,182.97035,269.337933333333,227323,227522,199
102,0,blank,0,-323,-105,227618,227643,25
102,0,blank,0,195.74895,267.341366666667,227745,227918,173
102,0,blank,0,203.7756,275.311116666667,227918,228106,188
102,55,<=,313,238.005683333333,297.703333333333,228106,228298,192
102,55,<=,313,237.54025,301.078983333333,228298,228494,196
102,0,blank,0,213.23265,467.023233333333,228527,228716,189
102,0,blank,0,210.308533333333,461.1937,228716,228809,93
102,0,blank,0,196.1116,257.754233333333,228841,229030,189
102,0,blank,0,200.776733333333,269.581116666667,229030,229220,190
102,0,blank,0,201.654366666667,313.610533333333,229220,229411,191
102,0,blank,0,224.937416666667,470.657716666667,229411,229600,189
102,0,blank,0,246.353516666667,491.364083333333,229600,229790,190
102,0,blank,0,233.4784,498.456916666667,229790,229985,195
102,0,blank,0,223.937833333333,490.977266666667,229985,230176,191
102,63,<=,344,247.85785,483.6095,230176,230369,193
102,63,<=,344,249.597,479.299875,230369,230499,130
102,55,high,314,264.821833333333,293.679916666667,230531,230723,192
102,55,<=,313,250.25005,303.4682,230723,230912,189
102,55,high,314,279.154266666667,298.09125,230912,231099,187
102,55,k,316,333.050533333333,296.235916666667,231099,231288,189
102,55,high,314,266.293716666667,304.933416666667,231288,231476,188
102,0,blank,0,232.16768,312.04442,231476,231632,156
102,55,),318,356.298133333333,298.0926,231663,231860,197
102,55,++,317,337.8395,301.3399,231860,231892,32
102,57,list,325,231.535516666667,338.0107,231924,232114,190
102,0,blank,0,304.763866666667,339.99375,232114,232302,188
102,0,blank,0,321.114816666667,335.398783333333,232302,232489,187
102,0,blank,0,260.9771,304.84025,232489,232678,189
102,55,<=,313,235.6543,293.865016666667,232678,232868,190
102,0,blank,0,236.032816666667,290.615666666667,232868,233058,190
102,0,blank,0,315.9495,307.026533333333,233058,233250,192
102,55,k,316,330.492633333333,298.36355,233250,233442,192
102,0,blank,0,351.091916666667,290.173016666667,233442,233636,194
102,0,blank,0,380.2864,296.875166666667,233636,233826,190
102,0,blank,0,379.2345,294.421,233826,233952,126
102,0,blank,0,220.813666666667,346.6224,233984,234180,196
102,57,[,326,265.47045,343.949966666667,234180,234374,194
102,0,blank,0,312.4497,341.915433333333,234374,234563,189
102,0,blank,0,278.921716666667,334.895733333333,234563,234752,189
102,0,blank,0,222.8577,322.334416666667,234752,234941,189
102,0,blank,0,255.929833333333,300.0858,234941,235129,188
102,0,blank,0,262.5933,292.376133333333,235129,235319,190
102,57,=,324,213.9087,343.0753,235319,235508,189
102,57,list,325,231.401166666667,348.217533333333,235508,235697,189
102,0,blank,0,301.00245,323.725733333333,235697,235885,188
102,57,list,325,231.69605,337.970083333333,235885,236077,192
102,57,list,325,227.492216666667,339.855383333333,236077,236275,198
102,0,blank,0,275.4363,335.2303,236275,236417,142
102,0,blank,0,298.7714,328.2723,236417,236605,188
102,0,blank,0,237.9312,287.2095,236605,236794,189
102,0,blank,0,236.098725,288.1163,236794,236967,173
102,0,blank,0,238.3293,290.07335,236967,237099,132
102,0,blank,0,282.85125,162.658783333333,237132,237325,193
102,0,blank,0,312.52635,156.625016666667,237325,237521,196
102,0,blank,0,338.0726,156.6696,237521,237711,190
102,0,blank,0,312.812566666667,150.691833333333,237711,237902,191
102,48,list,286,232.543166666667,153.7279,237902,238094,192
102,0,blank,0,201.7218,166.4501,238094,238293,199
102,0,blank,0,206.6174,177.68015,238293,238358,65
102,0,blank,0,277.323533333333,331.114766666667,238391,238587,196
102,55,high,314,298.732366666667,305.51915,238587,238785,198
102,55,k,316,330.624866666667,297.047266666667,238785,238984,199
102,0,blank,0,274.9911,284.2378,238984,239017,33
102,0,blank,0,-323,-105,239114,239303,189
102,0,blank,0,274.130516666667,503.467116666667,239587,239761,174
102,0,blank,0,263.4806,499.902616666667,239761,239953,192
102,0,blank,0,253.670133333333,500.236083333333,239953,240144,191
102,0,blank,0,279.753516666667,539.776183333333,240144,240334,190
102,0,blank,0,328.960683333333,530.447633333333,240334,240524,190
102,0,blank,0,229.4862,554.044133333333,240524,240714,190
102,0,blank,0,257.136433333333,532.663666666667,240714,240906,192
102,0,blank,0,314.8732,496.7723,240906,241095,189
102,63,++,348,333.453316666667,474.459516666667,241095,241289,194
102,0,blank,0,375.180583333333,477.762666666667,241289,241478,189
102,0,blank,0,301.768216666667,535.2782,241478,241670,192
102,63,;,346,299.57245,477.228616666667,241670,241858,188
102,63,k,347,317.109466666667,479.075033333333,241858,242047,189
102,63,++,348,327.999416666667,475.898666666667,242047,242235,188
102,63,++,348,332.6335,483.88235,242235,242299,64
102,0,blank,0,257.896166666667,570.857783333333,242331,242521,190
102,0,blank,0,260.452683333333,574.513216666667,242521,242711,190
102,0,blank,0,236.491316666667,624.452633333333,242711,242901,190
102,0,blank,0,227.792083333333,597.300266666667,242901,243092,191
102,0,blank,0,206.8636,562.26102,243092,243254,162
102,71,=,384,173.555983333333,648.85425,243287,243483,196
102,0,blank,0,179.14745,639.854416666667,243483,243680,197
102,0,blank,0,195.145416666667,635.8565,243680,243874,194
102,0,blank,0,229.707716666667,627.0484,243874,244067,193
102,0,blank,0,217.978283333333,622.299416666667,244067,244259,192
102,0,blank,0,200.957483333333,624.0597,244259,244452,193
102,0,blank,0,228.631883333333,634.311266666667,244452,244644,192
102,0,blank,0,259.649733333333,631.03005,244644,244836,192
102,0,blank,0,285.1378,632.881433333333,244836,245027,191
102,69,),378,327.943016666667,614.699816666667,245027,245218,191
102,0,blank,0,319.5446,622.7112,245218,245252,34
102,71,k,387,235.8229,653.825533333333,245284,245481,197
102,71,k,387,235.435616666667,648.273333333333,245481,245672,191
102,0,blank,0,218.83545,633.61565,245672,245867,195
102,0,blank,0,194.45635,625.80025,245867,245933,66
102,0,blank,0,180.87256,496.98786,245966,246128,162
102,0,blank,0,237.27302,488.61004,246128,246298,170
102,0,blank,0,237.987275,491.5381,246298,246427,129
102,71,[,386,231.416483333333,645.707733333333,246459,246649,190
102,0,blank,0,297.799733333333,626.455866666667,246649,246838,189
102,69,++,377,323.113166666667,618.17555,246838,247029,191
102,0,blank,0,367.07435,640.314125,247029,247156,127
102,0,blank,0,201.621383333333,679.839866666667,247188,247379,191
102,0,blank,0,227.823466666667,687.603833333333,247379,247569,190
102,0,blank,0,237.924866666667,678.214916666667,247569,247760,191
102,0,blank,0,269.453283333333,668.527016666667,247760,247949,189
102,0,blank,0,287.396166666667,672.084433333333,247949,248140,191
102,0,blank,0,296.50375,675.2148,248140,248328,188
102,0,blank,0,301.51356,670.11312,248328,248487,159
102,71,temp,385,215.6277,661.42984,248518,248678,160
102,0,blank,0,1089.726,480.459216666667,248740,248932,192
102,0,blank,0,1021.3985,464.2421,248932,249118,186
102,0,blank,0,1016.37866666667,460.906133333333,249118,249306,188
102,0,blank,0,1004.76816666667,471.64515,249306,249493,187
102,0,blank,0,977.1745,459.2991,249493,249556,63
102,0,blank,0,282.807866666667,241.6153,249621,249815,194
102,0,blank,0,162.727333333333,290.06575,249847,250037,190
102,55,=,309,160.9951,295.06095,250037,250102,65
102,0,blank,0,1063.68166666667,449.230183333333,250166,250358,192
102,0,blank,0,1012.59033333333,472.093516666667,250358,250546,188
102,0,blank,0,1008.5295,477.34285,250546,250610,64
102,63,;,346,201.844433333333,479.427216666667,250707,250892,185
102,0,blank,0,188.8156,464.692766666667,250892,250987,95
102,53,),304,165.56165,261.20915,251019,251212,193
102,53,mid,303,161.91985,260.304716666667,251212,251403,191
102,0,blank,0,153.82355,273.668,251403,251466,63
102,0,blank,0,113.795116666667,520.294783333333,251498,251683,185
102,0,blank,0,116.883966666667,519.13135,251683,251867,184
102,71,],388,149.466383333333,647.136066666667,251898,252087,189
102,0,blank,0,119.919933333333,636.416266666667,252087,252179,92
102,0,blank,0,170.6617,200.9857,252241,252365,124
103,0,blank,0,184.8416,337.9234,253814,253845,31
103,0,blank,0,353.502766666667,418.813383333333,253875,254060,185
103,29,mid,173,278.521533333333,417.90545,254060,254245,185
103,28,list,162,207.065866666667,406.540716666667,254245,254433,188
103,27,low,153,187.779566666667,377.360683333333,254433,254617,184
103,0,blank,0,136.791033333333,373.077583333333,254617,254803,186
103,0,blank,0,163.69285,361.78325,254803,254994,191
103,0,blank,0,177.644116666667,356.297066666667,254994,255179,185
103,25,<,146,135.812483333333,343.457283333333,255179,255375,196
103,0,blank,0,156.23705,325.771133333333,255375,255568,193
103,0,blank,0,148.408333333333,306.5262,255568,255662,94
103,29,high,175,336.06515,429.382083333333,255693,255886,193
103,28,mid,166,327.859283333333,410.956383333333,255886,256079,193
103,28,list,162,230.87996,412.58488,256079,256248,169
103,28,low,164,268.657966666667,412.4412,256248,256441,193
103,28,low,164,272.078416666667,413.685233333333,256441,256632,191
103,29,comma,174,248.98236,428.66358,256632,256802,170
103,29,high,175,320.2848,429.1547,256802,256984,182
103,29,mid,173,288.9569,418.49735,256984,257170,186
103,29,list,171,227.365583333333,422.76815,257170,257365,195
103,29,partition,169,173.214366666667,423.737733333333,257365,257559,194
103,28,partition,160,167.48985,395.4641,257559,257624,65
103,0,blank,0,245.830675,304.362075,257656,257795,139
103,0,blank,0,145.481883333333,352.904733333333,257835,258030,195
103,25,high,147,153.417216666667,340.557333333333,258030,258222,192
103,27,low,153,204.5955,381.281016666667,258222,258415,193
103,28,low,164,276.939716666667,404.221466666667,258415,258604,189
103,28,comma,165,300.996216666667,408.9246,258604,258794,190
103,29,list,171,220.75085,424.140166666667,258794,258985,191
103,30,low,182,273.509116666667,440.263483333333,258985,259176,191
103,0,blank,0,302.49415,429.419916666667,259176,259366,190
103,29,high,175,319.401733333333,424.728033333333,259366,259459,93
103,30,list,180,196.773466666667,458.532433333333,259491,259681,190
103,30,low,182,281.96375,455.826566666667,259681,259872,191
103,30,mid,184,307.6355,449.534366666667,259872,260063,191
103,0,blank,0,329.582083333333,471.139266666667,260063,260257,194
103,0,blank,0,346.554933333333,477.595516666667,260257,260451,194
103,0,blank,0,337.122416666667,552.022816666667,260451,260645,194
103,35,],221,307.794833333333,567.490633333333,260645,260840,195
103,0,blank,0,256.3585,571.299166666667,260840,261030,190
103,0,blank,0,196.21015,592.661833333333,261030,261221,191
103,0,blank,0,197.944616666667,612.3875,261221,261409,188
103,0,blank,0,260.92065,607.29495,261409,261597,188
103,0,blank,0,326.996183333333,601.74115,261597,261789,192
103,0,blank,0,305.46254,597.84752,261789,261945,156
103,0,blank,0,246.538866666667,673.903483333333,261977,262167,190
103,0,blank,0,250.472675,682.4237,262167,262294,127
103,0,blank,0,377.89666,670.7282,262324,262482,158
103,39,lo,240,160.464166666667,655.908033333333,262513,262701,188
103,0,blank,0,198.117,657.3178,262701,262892,191
103,39,<=,247,189.499683333333,651.273183333333,262892,263082,190
103,39,<=,247,173.987283333333,644.00445,263082,263272,190
103,39,<=,247,179.890433333333,650.4036,263272,263463,191
103,39,<=,247,173.566316666667,647.573433333333,263463,263650,187
103,0,blank,0,1067.626,272.895233333333,263744,263928,184
103,0,blank,0,1051.48783333333,285.592033333333,263928,264115,187
103,0,blank,0,1027.50216666667,286.520466666667,264115,264302,187
103,0,blank,0,1022.4095,285.115366666667,264302,264489,187
103,0,blank,0,1022.10066666667,295.68525,264489,264676,187
104,39,<=,247,153.570316666667,190.586983333333,265421,265608,187
104,0,blank,0,256.117833333333,204.567333333333,265608,265794,186
104,0,blank,0,262.662866666667,205.429333333333,265794,265977,183
104,0,blank,0,215.7854,275.138116666667,265977,266162,185
104,0,blank,0,217.347716666667,269.301483333333,266162,266349,187
104,0,blank,0,256.417833333333,261.553316666667,266349,266536,187
104,41,mi,261,293.30125,250.92805,266536,266719,183
104,0,blank,0,303.897766666667,263.18915,266719,266903,184
104,0,blank,0,202.834833333333,303.089833333333,266903,267089,186
104,0,blank,0,227.6593,299.155633333333,267089,267280,191
104,0,blank,0,239.0554,320.97955,267280,267343,63
104,0,blank,0,675.3629,-103.9265,267433,267458,25
104,43,;,274,310.647825,294.9722,267483,267600,117
104,0,blank,0,313.656633333333,291.514766666667,267600,267768,168
104,0,blank,0,188.32026,300.12754,267802,267969,167
104,0,blank,0,198.49174,313.45722,267969,268136,167
104,0,blank,0,223.35155,422.96425,268136,268272,136
104,0,blank,0,-323,-105,268336,268412,76
104,0,blank,0,219.2839,430.5821,268437,268463,26
104,0,blank,0,197.46548,498.07562,268518,268665,147
104,0,blank,0,155.1306,466.4488,268697,268764,67
104,41,lo,256,177.88535,254.149516666667,268796,268993,197
104,0,blank,0,218.6309,291.515016666667,268993,269186,193
104,0,blank,0,233.236533333333,308.793766666667,269186,269284,98
104,0,blank,0,205.9719,421.874016666667,269316,269512,196
104,48,list,286,226.169916666667,406.976516666667,269512,269706,194
104,48,],289,301.467716666667,392.242733333333,269706,269903,197
104,0,blank,0,299.432316666667,326.116216666667,269903,270099,196
104,0,blank,0,311.54036,232.82458,270099,270265,166
104,0,blank,0,316.03746,230.00974,270265,270435,170
104,0,blank,0,334.237133333333,244.760633333333,270435,270631,196
104,0,blank,0,239.15734,211.0119,270631,270826,195
104,39,&&,244,236.363883333333,201.63015,270826,271020,194
104,0,blank,0,197.334033333333,282.0544,271020,271213,193
104,0,blank,0,214.676233333333,293.843366666667,271213,271410,197
104,0,blank,0,215.4686,278.7126,271410,271444,34
104,0,blank,0,196.2148,377.002825,271477,271607,130
104,43,list,270,238.5074,293.9538,271607,272157,550
104,43,list,270,262.277033333333,294.1505,272157,272277,120
104,0,blank,0,313.1946,289.5723,272277,272477,200
104,43,lo,272,286.514,285.54145,272477,272673,196
104,0,blank,0,285.98125,311.418333333333,272673,272871,198
104,0,blank,0,318.25625,390.89445,272871,273064,193
104,0,blank,0,317.715275,390.476375,273064,273192,128
104,0,blank,0,306.05085,212.086283333333,273224,273415,191
104,0,blank,0,252.195783333333,213.969066666667,273415,273606,191
104,0,blank,0,218.649433333333,222.588933333333,273606,273702,96
104,0,blank,0,465.551,481.36855,273733,273805,72
104,0,blank,0,269.2199,268.963933333333,273838,274006,168
104,41,list,259,282.833066666667,240.636716666667,274006,274200,194
104,0,blank,0,293.6223,262.8786,274200,274231,31
104,0,blank,0,310.54095,377.210683333333,274262,274455,193
104,0,blank,0,356.3906,350.5169,274487,274551,64
104,0,blank,0,295.97975,233.463083333333,274683,274877,194
104,41,mi,261,295.1998,242.6871,274877,274971,94
104,0,blank,0,239.888183333333,372.370133333333,275002,275197,195
104,0,blank,0,171.8824,356.73275,275197,275264,67
104,0,blank,0,194.739525,216.042475,276007,276137,130
104,41,],262,316.4821,243.669,276328,276394,66
104,0,blank,0,374.50284,235.5915,276485,276680,195
104,0,blank,0,416.834,235.73236,276680,276876,196
104,0,blank,0,427.46225,265.689225,276876,277001,125
104,0,blank,0,164.036033333333,227.78655,277695,277882,187
104,0,blank,0,161.675566666667,226.85335,277882,278073,191
104,0,blank,0,158.97635,232.94945,278073,278137,64
104,48,list,286,227.2628,390.458916666667,278170,278367,197
104,0,blank,0,303.256416666667,186.42655,278399,278593,194
104,0,blank,0,259.6112,189.20518,278593,278755,162
104,0,blank,0,251.6698,189.01366,278755,278924,169
104,39,&&,244,252.8907,191.7681,278924,278957,33
104,0,blank,0,214.103066666667,358.905183333333,278990,279184,194
104,0,blank,0,206.70465,320.286216666667,279184,279374,190
104,0,blank,0,204.4082,376.0036,279374,279565,191
104,0,blank,0,205.56985,417.292583333333,279565,279755,190
104,0,blank,0,195.8189,398.180366666667,279755,279849,94
104,0,blank,0,300.5568,210.752233333333,279913,280106,193
104,39,high,248,335.8806,194.928616666667,280106,280294,188
104,0,blank,0,335.4919,186.27195,280294,280358,64
104,0,blank,0,233.512533333333,185.74365,280389,280578,189
104,0,blank,0,231.59605,185.644333333333,280578,280771,193
104,41,<=,258,229.512916666667,238.174433333333,280771,280964,193
104,0,blank,0,220.20155,282.689816666667,280964,281159,195
104,43,=,269,209.3268,295.801783333333,281159,281349,190
104,0,blank,0,295.998183333333,209.209366666667,281381,281576,195
104,0,blank,0,368.216166666667,189.160916666667,281576,281770,194
104,39,high,248,341.4333,199.4524,281770,281963,193
104,0,blank,0,328.02085,192.081566666667,281963,282153,190
104,0,blank,0,327.0475,194.91055,282153,282217,64
104,39,mid,242,189.39135,197.26955,282248,282441,193
104,39,mid,242,192.952433333333,200.348016666667,282441,282635,194
104,39,mid,242,196.2129,202.24645,282635,282699,64
104,39,),250,376.73598,193.35108,282732,282892,160
104,33,low,200,304.932016666667,78.5290833333333,282924,283118,194
104,0,blank,0,366.1605,57.7143333333333,283118,283309,191
104,0,blank,0,367.852783333333,55.2945333333333,283309,283499,190
104,0,blank,0,160.3747,126.3773,283531,283563,32
104,0,blank,0,-323,-105,283627,283783,156
104,0,blank,0,180.528683333333,162.146366666667,283944,284131,187
104,0,blank,0,181.148833333333,159.372133333333,284131,284227,96
104,0,blank,0,400.911066666667,91.8049,284258,284450,192
104,33,comma,204,419.506016666667,74.16435,284450,284640,190
104,33,mid,203,407.6641,66.4563,284640,284672,32
104,0,blank,0,195.383533333333,464.817883333333,284735,284925,190
104,0,blank,0,177.847383333333,489.312016666667,284925,285113,188
104,0,blank,0,204.47245,420.524433333333,285113,285302,189
104,0,blank,0,205.919566666667,421.467666666667,285302,285396,94
104,0,blank,0,447.889966666667,123.8659,285458,285646,188
104,0,blank,0,459.746566666667,72.0313166666667,285646,285834,188
104,0,blank,0,432.085416666667,52.5175833333333,285834,286022,188
104,33,int,205,350.7226,59.9927666666667,286022,286214,192
104,33,low,200,323.194666666667,65.2828333333333,286214,286310,96
104,0,blank,0,335.755733333333,176.225116666667,286341,286535,194
104,0,blank,0,332.528966666667,187.0775,286535,286731,196
104,0,blank,0,386.12485,183.44625,286731,286927,196
104,0,blank,0,202.99125,355.070616666667,286959,287153,194
104,48,=,285,205.5784,394.804783333333,287153,287343,190
104,0,blank,0,665.1954,-103.8883,287821,287846,25
104,0,blank,0,-323,-105,287887,288348,461
104,0,blank,0,-323,-105,288348,288460,112
104,0,blank,0,-323,-105,288460,288655,195
104,0,blank,0,-323,-105,288655,288854,199
104,0,blank,0,-323,-105,288854,288892,38
104,0,blank,0,-323,-105,288892,290112,1220
104,0,blank,0,-323,-105,290112,290302,190
104,0,blank,0,-323,-105,290302,290492,190
104,0,blank,0,-323,-105,290492,296893,6401
104,0,blank,0,-323,-105,296893,297062,169
104,0,blank,0,-323,-105,297062,297212,150
104,0,blank,0,187.04265,187.632675,297253,297426,173
104,39,<=,247,163.047866666667,195.754033333333,297426,297539,113
104,0,blank,0,247.613033333333,523.55905,298069,298243,174
104,0,blank,0,258.32205,535.05945,298243,298386,143
104,55,<=,313,240.7262,560.0329,298386,298467,81
104,0,blank,0,251.7753,519.40555,298646,298825,179
104,0,blank,0,210.242,533.6117,298825,299002,177
104,0,blank,0,204.808,461.1343,299002,299087,85
104,0,blank,0,208.572133333333,519.045366666667,299179,299341,162
104,55,<=,313,234.10755,557.6148,299373,299570,197
104,0,blank,0,230.845583333333,540.729566666667,299570,299763,193
104,0,blank,0,256.191383333333,552.388266666667,299763,299951,188
104,55,high,314,268.989733333333,553.915983333333,299951,300142,191
104,55,<=,313,248.317883333333,557.2603,300142,300330,188
104,55,high,314,289.564016666667,551.024416666667,300330,300517,187
104,55,<=,313,252.815266666667,552.3339,300517,300703,186
104,0,blank,0,212.677266666667,548.63085,300703,300889,186
104,55,mi,310,185.15055,543.780733333333,300889,301077,188
104,0,blank,0,127.66905,539.58065,301077,301265,188
104,55,<=,313,243.4503,549.266483333333,301265,301452,187
104,55,high,314,270.547183333333,544.751133333333,301452,301640,188
104,55,high,314,291.3447,556.3437,301640,301824,184
104,55,<=,313,247.610033333333,550.1528,301824,302007,183
104,55,<=,313,234.9257,550.757616666667,302007,302193,186
104,55,high,314,299.077483333333,552.424066666667,302193,302378,185
104,55,high,314,294.7491,550.681,302378,302406,28
104,0,blank,0,142.742566666667,584.372516666667,302438,302623,185
104,0,blank,0,97.8071833333333,541.952916666667,302623,302808,185
104,0,blank,0,90.0232333333333,528.589633333333,302808,302991,183
104,0,blank,0,138.993983333333,582.9515,302991,303176,185
104,57,temp,320,163.570966666667,588.008133333333,303176,303359,183
104,0,blank,0,222.446533333333,568.881133333333,303359,303542,183
104,0,blank,0,210.08185,555.916783333333,303542,303725,183
104,55,k,316,140.3776,548.97485,303725,303909,184
104,55,mi,310,174.381966666667,559.0349,303909,304092,183
104,0,blank,0,220.673683333333,578.98235,304092,304279,187
104,53,lo,301,86.8376166666667,498.817,304310,304498,188
104,0,blank,0,89.72275,496.07495,304498,304687,189
104,53,lo,301,90.78415,498.4285,304687,304750,63
104,0,blank,0,260.37395,535.903416666667,304781,304968,187
104,0,blank,0,256.96,540.380766666667,304968,305061,93
104,0,blank,0,106.832783333333,479.63575,305092,305278,186
104,0,blank,0,101.128716666667,476.461816666667,305278,305463,185
104,0,blank,0,119.09685,494.4734,305463,305525,62
104,0,blank,0,377.0663,591.09028,305556,305710,154
104,0,blank,0,-323,-105,305772,305970,198
104,0,blank,0,-323,-105,305970,306156,186
104,0,blank,0,-323,-105,306156,306355,199
104,0,blank,0,-323,-105,306355,306529,174
104,0,blank,0,-323,-105,306529,306725,196
104,0,blank,0,-323,-105,306725,306758,33
104,0,blank,0,-323,-105,306758,306975,217
104,0,blank,0,-323,-105,306975,307325,350
104,0,blank,0,-323,-105,307325,307538,213
104,0,blank,0,-323,-105,307538,307719,181
104,0,blank,0,-323,-105,307719,307910,191
104,0,blank,0,-323,-105,307910,308109,199
104,0,blank,0,-323,-105,308109,308246,137
104,0,blank,0,-323,-105,308246,308350,104
104,0,blank,0,-323,-105,308350,308501,151
104,0,blank,0,-323,-105,308501,308597,96
104,0,blank,0,-323,-105,308597,308774,177
104,0,blank,0,-323,-105,308774,308947,173
104,0,blank,0,-323,-105,308947,308986,39
104,0,blank,0,203.0604,149.30365,309024,309219,195
104,0,blank,0,225.5681,174.5477,309219,309252,33
104,33,int,205,266.68235,68.70845,309342,309534,192
104,33,int,205,287.87804,72.5807,309534,309698,164
104,0,blank,0,509.792716666667,145.465483333333,309730,309922,192
104,0,blank,0,211.5199,101.322875,309956,310125,169
104,35,comma,217,210.60434,103.30892,310125,310294,169
104,0,blank,0,209.8358,102.5589,310294,310328,34
104,0,blank,0,236.253866666667,527.648866666667,310360,310557,197
104,0,blank,0,238.6659,534.945466666667,310557,310652,95
104,0,blank,0,346.54425,572.804016666667,310684,310878,194
104,0,blank,0,349.82955,567.3006,310878,311003,125
104,0,blank,0,191.629366666667,444.1202,311035,311131,96
104,0,blank,0,294.5049,81.1949333333333,311163,311358,195
104,0,blank,0,348.256016666667,57.9077166666667,311358,311553,195
104,33,comma,204,421.860183333333,58.0960833333333,311553,311745,192
104,0,blank,0,448.8994,48.2461833333333,311745,311935,190
104,0,blank,0,517.62605,59.86515,311935,312123,188
104,0,blank,0,513.0989,53.3136166666667,312123,312309,186
104,0,blank,0,517.465675,57.5273,312309,312434,125
104,0,blank,0,243.59555,67.2861833333333,312466,312658,192
104,0,blank,0,244.212783333333,55.6060666666667,312658,312847,189
104,0,blank,0,312.384783333333,110.586016666667,312847,313043,196
104,0,blank,0,312.0248,105.9475,313043,313155,112
104,0,blank,0,219.307433333333,602.512916666667,313219,313415,196
104,0,blank,0,157.076716666667,673.874333333333,313415,313610,195
104,0,blank,0,1022.5848,348.60278,313674,313845,171
104,0,blank,0,1029.34283333333,349.282166666667,313845,314034,189
104,0,blank,0,1029.88883333333,356.143883333333,314034,314226,192
104,0,blank,0,1028.71216666667,350.328133333333,314226,314419,193
104,0,blank,0,1028.90783333333,351.438183333333,314419,314612,193
104,0,blank,0,1026.5265,348.8741,314612,314675,63
104,0,blank,0,195.030766666667,672.141583333333,314740,314935,195
104,0,blank,0,187.05245,665.971525,314935,315064,129
105,0,blank,0,245.970816666667,459.046216666667,315415,315607,192
105,0,blank,0,250.77475,461.852033333333,315607,315805,198
105,0,blank,0,316.873,488.684266666667,315805,315995,190
105,0,blank,0,347.930733333333,493.774066666667,315995,316185,190
105,0,blank,0,315.737816666667,530.573066666667,316185,316374,189
105,0,blank,0,265.2326,535.36695,316374,316564,190
105,65,list,356,238.0924,531.934933333333,316564,316754,190
105,65,list,356,260.1746,531.56748,316754,316910,156
105,0,blank,0,146.25695,462.343383333333,316941,317133,192
105,63,k,347,218.767283333333,476.856233333333,317133,317322,189
105,65,i,353,192.034583333333,528.221716666667,317322,317511,189
105,69,low,370,136.033533333333,605.71045,317511,317700,189
105,0,blank,0,133.099375,580.046775,317700,317825,125
105,0,blank,0,133.6779,401.3541,317855,317973,118
105,55,(,307,125.924,309.8635,318058,318150,92
105,0,blank,0,165.71814,298.96476,318327,318506,179
105,55,=,309,160.4182,292.223233333333,318506,318690,184
105,55,k,316,221.241583333333,301.022716666667,318690,318880,190
105,0,blank,0,231.220116666667,314.1469,318880,319067,187
105,65,list,356,238.279,514.0648,319098,319286,188
105,0,blank,0,248.329216666667,494.503633333333,319286,319477,191
105,0,blank,0,305.377283333333,485.279216666667,319477,319667,190
105,0,blank,0,286.701966666667,493.70105,319667,319854,187
105,0,blank,0,230.37475,548.002866666667,319854,320044,190
105,65,list,356,254.132316666667,524.0357,320044,320230,186
105,65,list,356,253.2424,515.8521,320230,320262,32
105,0,blank,0,-323,-105,320324,320465,141
105,0,blank,0,309.028783333333,487.693283333333,320492,320664,172
105,0,blank,0,308.08655,493.8063,320664,320854,190
105,0,blank,0,312.49425,503.29375,320854,321048,194
105,65,[,357,280.080666666667,520.71185,321048,321240,192
105,65,list,356,262.590133333333,526.62035,321240,321425,185
105,0,blank,0,274.394483333333,538.027066666667,321425,321610,185
105,0,blank,0,237.5181,509.256233333333,321610,321705,95
105,0,blank,0,231.812366666667,313.335066666667,321735,321917,182
105,0,blank,0,215.938533333333,344.772183333333,321917,322101,184
105,0,blank,0,188.11346,369.38886,322101,322254,153
105,0,blank,0,238.007333333333,549.133316666667,322284,322468,184
105,0,blank,0,277.675033333333,620.283666666667,322468,322560,92
105,0,blank,0,175.39555,560.148766666667,322591,322770,179
105,0,blank,0,224.55895,588.804,322770,322832,62
105,0,blank,0,382.9174,743.814216666667,322863,323042,179
105,0,blank,0,333.3084,698.1364,323042,323070,28
105,0,blank,0,95.507275,444.4855,323184,323367,183
105,0,blank,0,92.8185666666667,453.668833333333,323367,323500,133
105,0,blank,0,129.689366666667,608.0569,323544,323673,129
105,0,blank,0,155.052233333333,626.732966666667,323673,323846,173
105,0,blank,0,200.867375,627.06325,323846,324017,171
105,0,blank,0,258.588766666667,631.120083333333,324017,324201,184
105,0,blank,0,338.703716666667,647.03685,324201,324388,187
105,0,blank,0,321.520266666667,658.161533333333,324388,324481,93
105,0,blank,0,182.6667,597.959733333333,324569,324656,87
105,71,temp,385,220.096016666667,662.728733333333,324685,324870,185
105,0,blank,0,256.225866666667,699.480333333333,324870,324963,93
105,0,blank,0,177.6139,614.4076,324994,325024,30
105,0,blank,0,338.500166666667,649.7016,325054,325238,184
105,0,blank,0,363.8559,666.2114,325238,325298,60
105,0,blank,0,984.878833333333,528.585833333333,325361,325551,190
105,0,blank,0,996.642666666667,520.1459,325551,325643,92
105,0,blank,0,228.538533333333,130.364116666667,325703,325886,183
105,48,list,286,227.55545,139.6156,325886,325947,61
106,18,"%d",112,208.63135,205.4969,327245,327306,61
106,0,blank,0,153.62355,309.445183333333,327337,327520,183
106,0,blank,0,162.309233333333,327.030683333333,327520,327708,188
106,0,blank,0,185.83435,351.290683333333,327708,327894,186
106,0,blank,0,191.7307,345.0099,327894,327924,30
106,0,blank,0,313.376,410.602783333333,327954,328133,179
106,0,blank,0,242.409016666667,430.902883333333,328133,328313,180
106,28,list,162,210.027616666667,432.294183333333,328313,328495,182
106,0,blank,0,283.433866666667,437.857983333333,328495,328681,186
106,28,mid,166,299.96705,422.0096,328681,328864,183
106,0,blank,0,288.253983333333,401.48055,328864,329045,181
106,27,high,155,239.551333333333,409.137633333333,329045,329139,94
106,0,blank,0,-323,-105,329201,329306,105
106,0,blank,0,181.9363,374.185116666667,329418,329589,171
106,0,blank,0,163.4544,370.4292,329589,329653,64
106,0,blank,0,140.3014,338.1639,329653,329848,195
106,0,blank,0,163.1349,344.6546,329848,329874,26
106,27,high,155,226.38095,402.8432,330291,330465,174
106,28,list,162,203.920733333333,433.645316666667,330465,330646,181
106,28,low,164,260.6505,420.013183333333,330646,330828,182
106,28,comma,165,277.740016666667,423.91365,330828,331008,180
106,0,blank,0,212.978183333333,409.776516666667,331008,331190,182
106,27,high,155,237.996333333333,411.700033333333,331190,331372,182
106,0,blank,0,278.505325,412.346325,331372,331495,123
106,0,blank,0,252.1096,412.6841,331495,332148,653
106,27,/,157,283.682666666667,405.339766666667,332148,332337,189
106,0,blank,0,315.540216666667,404.470433333333,332337,332523,186
106,28,),167,327.882433333333,421.06155,332523,332708,185
106,0,blank,0,361.128566666667,423.448583333333,332708,332895,187
106,29,high,175,319.43465,436.2969,332895,333083,188
106,28,comma,165,277.73615,423.5492,333083,333279,196
106,28,low,164,263.74025,425.979633333333,333279,333449,170
106,27,/,157,275.8178,403.19245,333449,333573,124
106,0,blank,0,262.9549,367.3173,333573,333786,213
106,29,mid,173,252.587233333333,445.524733333333,333786,333959,173
106,0,blank,0,242.915616666667,467.4102,333959,334149,190
106,0,blank,0,188.649033333333,488.64915,334149,334339,190
106,0,blank,0,341.577583333333,467.2814,334339,334528,189
106,0,blank,0,336.0898,465.735333333333,334528,334717,189
106,0,blank,0,282.69425,458.0907,334717,334908,191
106,0,blank,0,317.8631,273.93315,334940,335004,64
106,0,blank,0,215.86602,246.30752,335682,335852,170
106,0,blank,0,234.5888,234.0986,335852,335983,131
106,27,+,154,200.945216666667,408.759766666667,336014,336203,189
106,0,blank,0,289.796066666667,324.178016666667,336203,336399,196
106,22,low,134,312.66125,296.832,336399,336464,65
106,0,blank,0,280.525333333333,113.7463,336497,336687,190
106,0,blank,0,245.414533333333,84.9146666666667,336687,336877,190
106,12,list,73,248.439516666667,67.2837166666667,336877,337069,192
106,0,blank,0,294.17962,60.1951,337069,337233,164
106,0,blank,0,284.583016666667,423.751266666667,337265,337460,195
106,0,blank,0,284.6235,426.4156,337460,337492,32
106,22,comma,135,335.9875,282.7663,337525,337558,33
106,22,high,137,384.8196,290.4238,337558,337857,299
106,22,high,137,383.266833333333,283.501566666667,337857,338030,173
106,22,high,137,388.80305,284.8815,338030,338094,64
106,0,blank,0,423.333533333333,280.6552,338094,338281,187
106,22,high,137,423.0861,288.330766666667,338281,338478,197
106,0,blank,0,165.325,330.993133333333,338588,338757,169
106,0,blank,0,170.0509,331.39178,338757,338915,158
106,0,blank,0,384.325616666667,579.285483333333,339012,339208,196
106,0,blank,0,344.303533333333,573.83045,339208,339395,187
106,0,blank,0,308.5992,600.09345,339395,339587,192
106,0,blank,0,308.847,603.7482,339587,339620,33
106,0,blank,0,187.3649,625.58595,339685,339882,197
106,0,blank,0,203.2404,638.847566666667,339882,340078,196
106,39,mid,242,205.08652,663.43458,340078,340246,168
106,0,blank,0,180.966083333333,654.2133,340246,340444,198
106,0,blank,0,204.548366666667,650.270033333333,340444,340641,197
106,38,+,234,144.69426,638.8499,340641,340807,166
106,0,blank,0,151.71078,625.2985,340807,340979,172
106,0,blank,0,184.739083333333,617.081766666667,340979,341175,196
106,0,blank,0,171.39344,620.58562,341175,341341,166
106,0,blank,0,158.20712,622.59698,341341,341514,173
106,0,blank,0,205.6155,604.6054,341514,341647,133
106,0,blank,0,-323,-105,341681,341860,179
106,0,blank,0,-323,-105,341860,341908,48
106,0,blank,0,188.79284,611.67556,341936,342090,154
106,0,blank,0,136.3416,607.4778,342090,342467,377
106,38,;,236,170.1797,639.1552,342467,342493,26
106,0,blank,0,151.2584,626.2094,342493,343265,772
106,38,;,236,168.815716666667,635.857283333333,343265,343444,179
106,38,1,235,159.29315,639.109783333333,343444,343634,190
106,39,<=,247,169.1476,664.36365,343634,343698,64
106,0,blank,0,232.59276,436.85542,344295,344472,177
106,0,blank,0,231.1822,362.4287,344472,344535,63
106,0,blank,0,275.4415,412.4899,344535,344804,269
106,0,blank,0,291.299883333333,420.887116666667,344804,344979,175
106,27,2,158,299.576,406.7264,344979,345011,32
106,28,low,164,250.5534,427.9188,345011,345229,218
106,28,low,164,260.89135,432.892816666667,345229,345404,175
106,29,high,175,339.2363,440.37225,345404,345595,191
106,29,),176,347.069266666667,440.013433333333,345595,345773,178
106,0,blank,0,362.4111,454.7621,345773,345806,33
106,28,mid,166,321.8428,420.7294,345806,346096,290
106,29,;,177,357.187933333333,447.051066666667,346096,346274,178
106,0,blank,0,363.465066666667,450.778733333333,346274,346466,192
106,0,blank,0,352.685083333333,444.992166666667,346466,346656,190
106,29,),176,346.110433333333,445.935933333333,346656,346847,191
106,29,high,175,319.0319,450.664916666667,346847,347035,188
106,28,mid,166,316.0945,422.717633333333,347035,347134,99
106,29,;,177,355.7328,443.2351,347134,347425,291
106,28,;,168,335.414966666667,431.757216666667,347425,347604,179
106,0,blank,0,347.382366666667,431.60815,347604,347795,191
106,0,blank,0,364.214716666667,439.01905,347795,347983,188
106,30,high,186,372.114366666667,465.169233333333,347983,348175,192
106,30,mid,184,312.571433333333,469.744233333333,348175,348367,192
106,30,low,182,262.5319,471.50185,348367,348439,72
106,0,blank,0,384.351516666667,315.988716666667,348471,348665,194
106,0,blank,0,380.5982,308.6596,348665,348696,31
106,0,blank,0,376.870633333333,568.583866666667,348727,348923,196
106,0,blank,0,369.022616666667,548.356566666667,348923,349115,192
106,0,blank,0,378.10865,541.7732,349115,349310,195
106,33,int,205,442.17898,534.31438,349310,349468,158
106,33,],197,247.3602,541.816366666667,349500,349691,191
106,0,blank,0,272.490316666667,546.638566666667,349691,349883,192
106,0,blank,0,216.944316666667,590.208466666667,349883,350074,191
106,0,blank,0,187.86905,596.50405,350074,350263,189
106,0,blank,0,173.490966666667,602.63445,350263,350451,188
106,0,blank,0,147.535766666667,584.589633333333,350451,350641,190
106,0,blank,0,150.253466666667,567.359366666667,350641,350831,190
106,0,blank,0,197.780866666667,508.6527,350831,351024,193
106,33,list,195,223.1872,533.758916666667,351024,351212,188
106,0,blank,0,172.427883333333,598.297466666667,351244,351432,188
106,0,blank,0,189.376816666667,589.972483333333,351432,351620,188
106,0,blank,0,212.850866666667,588.928816666667,351620,351807,187
106,35,temp,218,233.739566666667,586.6738,351807,351900,93
106,0,blank,0,925.6872,-105.02398,351995,352161,166
106,0,blank,0,1057.3828,-105.04806,352194,352360,166
106,0,blank,0,227.3808,552.372116666667,352487,352681,194
106,0,blank,0,213.3045,585.967783333333,352681,352875,194
106,0,blank,0,194.616583333333,590.710483333333,352875,353070,195
106,0,blank,0,212.04035,595.88605,353070,353262,192
106,0,blank,0,226.422733333333,598.52665,353262,353450,188
106,0,blank,0,223.060283333333,596.543733333333,353450,353639,189
106,0,blank,0,219.52845,600.9567,353639,353830,191
106,0,blank,0,209.6678,608.84914,353830,353991,161
106,0,blank,0,-323,-105,354025,354133,108
106,0,blank,0,553.061,-103.969,354158,354184,26
106,0,blank,0,866.246,758.46685,354238,354417,179
106,0,blank,0,946.8085,785.604025,354417,354548,131
106,0,blank,0,1025.24883333333,-103.979016666667,354581,354774,193
106,0,blank,0,1027.1018,777.66804,354806,354969,163
106,0,blank,0,282.952266666667,611.592583333333,355067,355258,191
106,0,blank,0,278.502866666667,622.811466666667,355258,355450,192
106,0,blank,0,192.880133333333,608.235266666667,355450,355644,194
106,0,blank,0,175.860083333333,606.20665,355644,355838,194
106,0,blank,0,193.108783333333,613.114,355838,356030,192
106,0,blank,0,227.978816666667,601.988666666667,356030,356222,192
106,0,blank,0,231.3498,610.015866666667,356222,356417,195
106,0,blank,0,189.048116666667,604.490366666667,356417,356613,196
106,0,blank,0,193.495966666667,607.487616666667,356613,356808,195
106,0,blank,0,190.483483333333,644.399416666667,356808,357004,196
106,38,+,234,139.61644,639.46122,357004,357178,174
106,0,blank,0,150.6625,632.08144,357178,357348,170
106,0,blank,0,180.86748,634.37198,357348,357515,167
106,0,blank,0,170.73812,630.16362,357515,357683,168
106,0,blank,0,166.3925,622.38584,357683,357852,169
106,0,blank,0,179.379766666667,630.599133333333,357852,358047,195
106,0,blank,0,135.730933333333,621.765433333333,358047,358244,197
106,0,blank,0,162.1173,623.6365,358244,358442,198
106,0,blank,0,178.776416666667,617.650916666667,358442,358633,191
106,0,blank,0,142.324066666667,622.004266666667,358633,358764,131
106,0,blank,0,130.4633,638.9868,358764,358892,128
106,0,blank,0,170.14785,628.4722,358892,359076,184
106,0,blank,0,169.288983333333,629.517333333333,359076,359273,197
106,0,blank,0,172.978183333333,639.806133333333,359273,359464,191
106,0,blank,0,132.802,640.38985,359464,359654,190
106,39,(,245,112.86325,660.6375,359654,359717,63
106,0,blank,0,-323,-105,359748,359932,184
106,0,blank,0,-323,-105,359932,360113,181
106,0,blank,0,-323,-105,360113,360269,156
106,39,lo,240,133.3587,656.389275,360302,360418,116
106,0,blank,0,351.393725,753.771725,360449,360571,122
106,0,blank,0,192.9345,644.56285,360601,360672,71
106,39,&&,244,251.543833333333,670.037666666667,360811,360996,185
106,0,blank,0,201.251883333333,649.3611,360996,361183,187
106,0,blank,0,183.62625,644.299583333333,361183,361373,190
106,0,blank,0,179.58515,650.419633333333,361373,361564,191
106,0,blank,0,190.1535,653.141183333333,361564,361752,188
106,0,blank,0,199.231616666667,619.075216666667,361752,361941,189
106,0,blank,0,218.09485,607.917375,361941,362068,127
106,33,low,200,327.1147,538.919033333333,362099,362291,192
106,0,blank,0,360.849366666667,548.797833333333,362291,362483,192
106,0,blank,0,372.0868,546.922,362483,362645,162
106,0,blank,0,173.752283333333,615.74705,362676,362867,191
106,0,blank,0,229.80246,601.26328,362867,363046,179
106,0,blank,0,233.0311,592.72525,363046,363110,64
106,0,blank,0,1038.01616666667,320.118266666667,363206,363403,197
106,0,blank,0,1030.136,327.792333333333,363403,363594,191
106,0,blank,0,1012.1935,337.95795,363594,363656,62
106,0,blank,0,357.634533333333,556.1392,363721,363912,191
106,0,blank,0,327.512416666667,578.577283333333,363912,364102,190
106,0,blank,0,992.927666666667,313.622833333333,364166,364359,193
106,0,blank,0,1005.85116666667,311.705916666667,364359,364549,190
106,0,blank,0,1029.95,314.368783333333,364549,364740,191
106,33,high,206,502.324433333333,526.254333333333,364804,364992,188
106,0,blank,0,495.54655,519.25865,364992,365055,63
106,0,blank,0,264.10844,384.68608,365086,365244,158
106,0,blank,0,212.458483333333,611.690683333333,365276,365467,191
106,0,blank,0,206.166933333333,600.8764,365467,365657,190
106,0,blank,0,211.6962,597.763725,365657,365782,125
106,0,blank,0,347.5393,549.3628,365814,366005,191
106,0,blank,0,368.1074,576.9875,366005,366037,32
106,33,high,206,473.89176,529.07234,366068,366224,156
106,0,blank,0,237.195983333333,549.00415,366256,366445,189
106,0,blank,0,187.642116666667,617.640316666667,366445,366635,190
106,0,blank,0,147.553933333333,640.06045,366635,366824,189
106,0,blank,0,184.56012,644.46438,366824,366980,156
107,0,blank,0,153.4318,34.3678,368644,368674,30
107,0,blank,0,1053.84383333333,438.5353,368828,369011,183
107,0,blank,0,1034.081,492.6966,369011,369043,32
107,0,blank,0,141.817283333333,38.2437166666667,369217,369415,198
107,0,blank,0,163.9616,57.4453333333333,369415,369510,95
107,0,blank,0,-323,-105,369573,369752,179
107,0,blank,0,-323,-105,369752,369936,184
107,0,blank,0,-323,-105,369936,370120,184
107,0,blank,0,-323,-105,370120,370297,177
107,0,blank,0,-323,-105,370297,370643,346
107,0,blank,0,-323,-105,370643,371355,712
107,0,blank,0,-323,-105,371355,372217,862
107,0,blank,0,-323,-105,372217,372382,165
107,0,blank,0,-323,-105,372382,372452,70
107,0,blank,0,-323,-105,372452,372727,275
107,0,blank,0,-323,-105,372727,372902,175
107,0,blank,0,-323,-105,372902,373079,177
107,0,blank,0,-323,-105,373079,373259,180
107,0,blank,0,-323,-105,373259,373442,183
107,0,blank,0,-323,-105,373442,373621,179
107,0,blank,0,-323,-105,373621,373802,181
107,0,blank,0,-323,-105,373802,373980,178
107,0,blank,0,-323,-105,373980,374147,167
107,0,blank,0,-323,-105,374147,374324,177
107,0,blank,0,-323,-105,374324,374515,191
107,0,blank,0,-323,-105,374515,374714,199
107,0,blank,0,-323,-105,374714,374873,159
107,0,blank,0,-323,-105,374873,375032,159
107,0,blank,0,-323,-105,375032,375192,160
107,0,blank,0,-323,-105,375192,375239,47
107,39,),250,217.9741,86.62025,375317,375384,67
107,0,blank,0,325.984616666667,78.8397833333333,375419,375597,178
107,39,mi,246,285.8877,89.888,375597,375861,264
107,0,blank,0,276.38895,84.238425,375861,375983,122
107,0,blank,0,129.606516666667,224.705416666667,376014,376198,184
107,0,blank,0,126.953733333333,234.112333333333,376198,376294,96
107,0,blank,0,-323,-105,377269,377433,164
107,0,blank,0,-323,-105,377433,377607,174
107,0,blank,0,-323,-105,377607,377772,165
107,0,blank,0,-323,-105,377772,377962,190
107,0,blank,0,160.967766666667,169.429433333333,378082,378172,90
107,0,blank,0,-323,-105,378361,378540,179
107,0,blank,0,-323,-105,378540,378735,195
107,0,blank,0,-323,-105,378735,378911,176
107,0,blank,0,-323,-105,378911,379093,182
107,0,blank,0,-323,-105,379093,379283,190
107,0,blank,0,-323,-105,379283,379446,163
107,0,blank,0,-323,-105,379446,379644,198
107,0,blank,0,-323,-105,379644,379762,118
107,0,blank,0,-323,-105,379762,379861,99
107,0,blank,0,-323,-105,379861,380039,178
107,0,blank,0,-323,-105,380039,380238,199
107,0,blank,0,-323,-105,380238,380417,179
107,0,blank,0,-323,-105,380417,380449,32
107,0,blank,0,-323,-105,380449,381022,573
107,0,blank,0,-323,-105,381022,381159,137
107,0,blank,0,-323,-105,381159,381324,165
107,0,blank,0,-323,-105,381324,381480,156
107,0,blank,0,-323,-105,381480,381668,188
107,0,blank,0,-323,-105,381668,381849,181
107,0,blank,0,-323,-105,381849,382047,198
107,0,blank,0,-323,-105,382047,382232,185
107,0,blank,0,-323,-105,382232,382417,185
107,0,blank,0,-323,-105,382417,382616,199
107,0,blank,0,-323,-105,382616,382803,187
107,0,blank,0,-323,-105,382803,382982,179
107,0,blank,0,-323,-105,382982,383158,176
107,0,blank,0,-323,-105,383158,383209,51
107,0,blank,0,-323,-105,383209,383561,352
107,0,blank,0,127.42695,329.55225,383654,383729,75
107,0,blank,0,-323,-105,383820,383999,179
107,0,blank,0,-323,-105,383999,384175,176
107,0,blank,0,-323,-105,384175,384371,196
107,0,blank,0,-323,-105,384371,384476,105
107,0,blank,0,58.6507,390.174775,384511,384709,198
107,0,blank,0,231.884666666667,437.4437,384752,384950,198
107,0,blank,0,205.050316666667,423.41125,384950,385127,177
107,0,blank,0,210.8568,420.7558,385127,385157,30
107,0,blank,0,197.936933333333,112.492683333333,385188,385372,184
107,0,blank,0,243.61735,82.8883166666667,385372,385556,184
107,39,(,245,265.8858,95.41875,385556,385746,190
107,39,&&,244,247.901516666667,101.207333333333,385746,385936,190
107,39,&&,244,242.2219,98.5594,385936,385967,31
107,39,high,248,359.025333333333,86.7875833333333,385999,386189,190
107,39,),250,386.397366666667,92.2302666666667,386189,386377,188
107,0,blank,0,256.65105,613.81145,386409,386597,188
107,0,blank,0,196.253133333333,648.400666666667,386597,386691,94
107,63,;,346,199.13402,631.51714,386722,386883,161
107,55,;,315,199.312716666667,439.4948,386914,387102,188
107,0,blank,0,309.281516666667,119.438933333333,387164,387351,187
107,0,blank,0,345.894683333333,128.0083,387351,387537,186
107,0,blank,0,-323,-105,387568,387675,107
107,0,blank,0,258.27,126.5731,387714,387751,37
107,0,blank,0,257.993066666667,127.678566666667,387816,387992,176
107,41,list,259,262.79095,133.75385,387992,388055,63
107,0,blank,0,193.4463,433.274083333333,388086,388269,183
107,0,blank,0,191.3465,425.556616666667,388269,388460,191
107,0,blank,0,230.35592,407.72134,388460,388618,158
107,0,blank,0,208.578383333333,223.691833333333,388649,388832,183
107,0,blank,0,137.8737,113.824116666667,388832,389014,182
107,0,blank,0,135.975383333333,108.764533333333,389014,389205,191
107,39,lo,240,130.7375,101.82955,389205,389268,63
107,0,blank,0,121.00638,370.37584,389301,389471,170
107,0,blank,0,134.77004,388.17562,389471,389653,182
107,53,mid,303,152.18025,409.7085,389653,389846,193
107,53,mid,303,134.2269,401.663,389846,389877,31
107,0,blank,0,124.375766666667,-35.7711666666667,389941,390137,196
107,0,blank,0,129.892666666667,-26.6048666666667,390137,390233,96
107,0,blank,0,125.9226,81.3649833333333,390264,390453,189
107,41,[,260,168.00585,133.648216666667,390453,390649,196
107,41,],262,198.411733333333,141.830316666667,390649,390841,192
107,41,<=,258,233.5532,137.04125,390841,390904,63
107,0,blank,0,169.03645,449.714116666667,390935,391129,194
107,0,blank,0,195.237966666667,421.64535,391129,391319,190
107,0,blank,0,207.175133333333,427.585683333333,391319,391509,190
107,0,blank,0,200.97076,424.96206,391509,391668,159
107,0,blank,0,129.400083333333,571.044083333333,391700,391895,195
107,0,blank,0,137.02745,573.67225,391895,391958,63
107,53,mid,303,160.6202,398.132816666667,391990,392183,193
107,0,blank,0,179.836666666667,406.420983333333,392183,392374,191
107,0,blank,0,206.990275,409.534425,392374,392502,128
107,0,blank,0,158.9693,600.3399,392533,392703,170
107,0,blank,0,276.538216666667,120.55755,392768,392964,196
107,39,mi,246,288.38242,85.55226,392964,393136,172
107,0,blank,0,338.1164,81.4127833333333,393136,393334,198
107,0,blank,0,365.30595,80.6328833333333,393334,393528,194
107,39,high,248,360.56128,95.5348,393528,393688,160
107,63,=,340,156.6696,628.409533333333,393751,393938,187
107,63,=,340,154.7777,626.406216666667,393938,394129,191
107,63,lo,341,189.429,621.9103,394129,394160,31
107,0,blank,0,230.613583333333,378.459266666667,394193,394380,187
107,0,blank,0,349.333933333333,34.8496833333333,394412,394608,196
107,0,blank,0,342.80892,83.9193,394608,394800,192
107,0,blank,0,122.863733333333,49.6589833333333,394831,395020,189
107,37,;,230,121.181166666667,53.57505,395020,395210,190
107,38,mid,233,118.7112,65.0851,395210,395240,30
107,0,blank,0,206.87215,433.269133333333,395272,395464,192
107,0,blank,0,182.80075,368.50345,395464,395655,191
107,0,blank,0,173.094583333333,341.993666666667,395655,395846,191
107,0,blank,0,182.378366666667,371.995733333333,395846,396037,191
107,0,blank,0,191.915683333333,415.34845,396037,396226,189
107,0,blank,0,183.5581,410.6661,396226,396257,31
107,0,blank,0,166.759025,574.848225,396289,396416,127
107,39,high,248,351.85252,86.8399,396479,396647,168
107,39,high,248,354.793883333333,88.2038,396647,396840,193
107,0,blank,0,348.4184,82.3815,396840,396902,62
107,63,lo,341,175.795833333333,616.403333333333,396967,397159,192
107,0,blank,0,203.016466666667,628.0384,397159,397349,190
107,0,blank,0,258.3626,643.2794,397349,397413,64
107,39,mi,246,293.7946,90.19835,397476,397669,193
107,0,blank,0,192.377816666667,32.59015,397669,397857,188
107,0,blank,0,164.6199,25.2400333333333,397857,398046,189
107,0,blank,0,165.14095,32.40265,398046,398236,190
107,39,high,248,356.130366666667,89.7000666666667,398267,398459,192
107,39,high,248,333.465666666667,93.6418333333334,398459,398652,193
107,0,blank,0,327.89565,91.0417,398652,398717,65
107,36,;,226,129.910633333333,35.40145,398748,398940,192
107,0,blank,0,149.737066666667,42.2938666666667,398940,399134,194
107,0,blank,0,163.335783333333,38.97465,399134,399328,194
107,0,blank,0,201.0496,67.99912,399328,399490,162
107,0,blank,0,193.7387,64.6175,399490,399546,56
107,65,=,355,219.9945,659.3407,399655,399794,139
107,0,blank,0,207.192725,645.6852,399794,399982,188
107,0,blank,0,209.866216666667,652.5294,399982,400178,196
107,0,blank,0,201.025733333333,490.809283333333,400210,400400,190
107,0,blank,0,201.0381,494.975975,400400,400526,126
107,63,<=,344,241.82875,628.1344,400557,400746,189
107,0,blank,0,271.476833333333,652.461133333333,400746,400934,188
107,63,;,346,298.124133333333,618.140166666667,400934,401120,186
107,0,blank,0,325.6751,576.48675,401120,401182,62
107,0,blank,0,246.997516666667,336.793966666667,401214,401401,187
107,0,blank,0,221.814716666667,254.852683333333,401401,401589,188
107,0,blank,0,223.57716,155.63224,401589,401758,169
107,41,<=,258,229.54932,135.7538,401758,401921,163
107,0,blank,0,239.2732,126.086275,401921,402052,131
107,57,list,325,231.635566666667,493.211816666667,402084,402270,186
107,0,blank,0,225.920166666667,458.9238,402270,402457,187
107,0,blank,0,243.690316666667,462.790816666667,402457,402645,188
107,0,blank,0,266.82655,467.75115,402645,402709,64
107,0,blank,0,263.9199,645.980033333333,402741,402924,183
107,0,blank,0,322.040783333333,652.157933333333,402924,403109,185
107,0,blank,0,342.351466666667,642.757016666667,403109,403298,189
107,0,blank,0,345.246083333333,675.915533333333,403298,403485,187
107,0,blank,0,290.948133333333,695.708083333333,403485,403674,189
107,65,list,356,257.6862,673.9331,403674,403706,32
107,0,blank,0,261.493466666667,354.273533333333,403771,403962,191
107,48,list,286,251.5735,291.575033333333,403962,404152,190
107,48,list,286,233.2613,284.1836,404152,404279,127
107,0,blank,0,246.0744,171.099183333333,404311,404508,197
107,0,blank,0,300.955033333333,167.462466666667,404508,404699,191
107,0,blank,0,315.9172,651.990283333333,404767,404958,191
107,0,blank,0,334.0317,695.58525,404958,405146,188
107,0,blank,0,347.692675,677.713425,405146,405271,125
107,0,blank,0,253.61148,516.17892,405302,405460,158
107,0,blank,0,238.1677,687.488566666667,405491,405680,189
107,0,blank,0,230.8098,709.5818,405680,405712,32
107,0,blank,0,208.19575,470.001866666667,405743,405932,189
107,57,list,325,244.607966666667,483.601266666667,405932,406122,190
107,57,;,329,295.480183333333,485.745033333333,406122,406317,195
107,0,blank,0,314.87446,485.34732,406317,406477,160
107,0,blank,0,346.4984,674.910583333333,406509,406705,196
107,0,blank,0,327.675533333333,681.748983333333,406705,406896,191
107,65,list,356,242.989816666667,674.794616666667,406896,407095,199
107,57,list,325,229.600566666667,486.479583333333,407128,407321,193
107,57,[,326,272.283583333333,495.469983333333,407321,407514,193
107,0,blank,0,319.453833333333,484.209466666667,407514,407705,191
107,0,blank,0,318.1491,482.816025,407705,407830,125
107,0,blank,0,274.32675,691.524933333333,407861,408049,188
107,0,blank,0,262.3059,630.518483333333,408049,408236,187
107,0,blank,0,261.452233333333,638.44035,408236,408422,186
107,55,<=,313,249.5252,438.275733333333,408453,408645,192
107,0,blank,0,205.86628,444.32842,408645,408806,161
107,0,blank,0,-323,-105,408837,408982,145
107,55,<=,313,252.517316666667,444.2066,409010,409186,176
107,55,<=,313,248.647966666667,441.283066666667,409186,409280,94
107,0,blank,0,258.199533333333,701.834766666667,409311,409500,189
107,0,blank,0,242.765516666667,645.62085,409500,409685,185
107,0,blank,0,292.49615,657.441216666667,409685,409865,180
107,0,blank,0,231.389883333333,451.824883333333,409896,410077,181
107,55,<=,313,242.233866666667,456.58635,410077,410258,181
107,55,<=,313,247.65605,449.539283333333,410258,410440,182
107,55,<=,313,241.25354,452.73436,410440,410591,151
107,0,blank,0,229.371016666667,612.737733333333,410622,410804,182
107,0,blank,0,303.124633333333,621.482516666667,410804,410986,182
107,63,++,348,330.2625,631.31012,410986,411143,157
107,55,high,314,290.017816666667,441.404183333333,411174,411360,186
107,55,high,314,303.951583333333,448.2277,411360,411549,189
107,0,blank,0,315.417966666667,453.133366666667,411549,411644,95
107,0,blank,0,271.397233333333,636.227,411676,411861,185
107,0,blank,0,324.394133333333,636.828583333333,411861,412050,189
107,0,blank,0,341.18845,644.137833333333,412050,412241,191
107,0,blank,0,307.4431,463.566066666667,412272,412460,188
107,0,blank,0,177.0326,419.297733333333,412493,412685,192
107,0,blank,0,205.33518,411.98912,412685,412849,164
107,0,blank,0,175.24665,596.656883333333,412880,413069,189
107,0,blank,0,197.346233333333,608.123133333333,413069,413165,96
107,0,blank,0,357.944083333333,627.555416666667,413197,413388,191
107,0,blank,0,381.227466666667,632.335966666667,413388,413579,191
107,0,blank,0,376.3511,617.7088,413579,413610,31
107,55,++,317,345.0591,448.560616666667,413642,413831,189
107,55,++,317,343.252133333333,448.141333333333,413831,414018,187
107,55,++,317,337.5888,442.4637,414018,414080,62
107,0,blank,0,181.178733333333,405.0798,414111,414300,189
107,0,blank,0,198.117433333333,409.95495,414300,414485,185
107,0,blank,0,174.330033333333,413.065333333333,414485,414675,190
107,0,blank,0,165.49895,414.17845,414675,414802,127
107,63,k,347,318.217533333333,624.095366666667,414833,415020,187
107,63,lo,341,181.07704,613.78618,415052,415206,154
107,0,blank,0,174.762,598.1808,415240,415272,32
107,0,blank,0,418.1419,602.900766666667,415303,415395,92
107,0,blank,0,977.903,500.372566666667,415459,415646,187
107,0,blank,0,1031.55966666667,449.432733333333,415646,415835,189
107,0,blank,0,1018.543,498.768,415835,415897,62
107,0,blank,0,231.269333333333,629.2793,415992,416182,190
107,0,blank,0,221.862533333333,640.788433333333,416182,416275,93
107,0,blank,0,1019.5845,484.3436,416337,416527,190
107,0,blank,0,1022.07283333333,494.28285,416527,416714,187
107,0,blank,0,1025.7745,516.324616666667,416714,416899,185
107,0,blank,0,1023.633,524.53475,416899,417084,185
107,0,blank,0,1023.61616666667,514.991033333333,417084,417271,187
107,0,blank,0,1015.42216666667,525.091316666667,417271,417456,185
107,0,blank,0,1015.55383333333,528.40155,417456,417642,186
107,0,blank,0,1010.224,528.948225,417642,417766,124
107,65,list,356,273.204416666667,664.191183333333,417860,418045,185
107,0,blank,0,269.1175,645.795,418045,418077,32
108,69,<=,373,221.883833333333,619.9938,418421,418609,188
108,0,blank,0,275.1152,628.5503,418609,418794,185
108,0,blank,0,312.093425,632.89005,418794,418918,124
108,0,blank,0,192.722,500.792525,418948,419071,123
108,0,blank,0,-323,-105,419133,419262,129
108,0,blank,0,336.5231,678.1205,419288,419314,26
108,0,blank,0,287.15125,498.20435,419365,419415,50
108,0,blank,0,221.49695,622.537416666667,419443,419625,182
108,69,<=,373,214.377325,618.5616,419625,419749,124
108,0,blank,0,327.35135,628.84875,419780,419930,150
108,0,blank,0,282.6155,628.47625,419930,420112,182
108,69,k,376,193.37345,611.2864,420112,420303,191
108,63,<=,344,238.2371,487.0184,420391,420425,34
108,0,blank,0,510.7896,712.8107,420462,420494,32
108,0,blank,0,273.0261,492.4741,420539,420578,39
108,0,blank,0,311.226866666667,646.798216666667,420609,420802,193
108,0,blank,0,275.6752,729.66625,420802,420866,64
108,0,blank,0,325.7289,725.0628,420928,421017,89
108,71,],388,151.70065,659.0291,421107,421221,114
108,71,temp,385,213.077966666667,650.553933333333,421221,421401,180
108,0,blank,0,178.901533333333,639.136533333333,421401,421555,154
108,0,blank,0,146.5619,632.035,421555,421709,154
108,0,blank,0,139.7549,624.04875,421709,421804,95
108,0,blank,0,267.049125,675.139675,421851,422027,176
108,0,blank,0,298.04202,685.7545,422027,422200,173
108,0,blank,0,294.501683333333,678.776016666667,422200,422397,197
108,71,temp,385,206.881116666667,649.688433333333,422430,422626,196
108,0,blank,0,303.09362,672.01238,422626,422798,172
108,0,blank,0,338.3244,686.5841,422798,422831,33
108,0,blank,0,-323,-105,423141,423312,171
108,0,blank,0,286.314516666667,538.596933333333,423333,423509,176
108,0,blank,0,235.132333333333,539.417516666667,423509,423697,188
108,65,;,360,307.688583333333,520.314366666667,423697,423886,189
108,55,<=,313,239.162683333333,303.509466666667,423918,424109,191
108,57,;,329,298.888083333333,342.766966666667,424109,424303,194
108,0,blank,0,284.7825,318.350533333333,424303,424493,190
108,0,blank,0,244.224383333333,278.90005,424493,424684,191
108,0,blank,0,150.6676,242.254583333333,424684,424878,194
108,48,[,287,170.942533333333,157.79265,424878,425070,192
108,0,blank,0,191.710683333333,98.7683,425070,425264,194
108,0,blank,0,214.8284,39.1733833333333,425264,425457,193
108,0,blank,0,210.8432,91.26688,425457,425627,170
108,0,blank,0,204.746066666667,175.062016666667,425627,425822,195
108,0,blank,0,186.906033333333,178.808533333333,425822,426014,192
108,0,blank,0,148.105916666667,211.841583333333,426014,426207,193
108,0,blank,0,148.0807,217.7832,426207,426303,96
108,0,blank,0,201.260683333333,383.391066666667,426336,426528,192
108,0,blank,0,193.80575,377.88185,426528,426720,192
108,0,blank,0,207.15595,334.4144,426720,426911,191
108,57,list,325,239.40405,343.851033333333,426911,427100,189
108,57,k,327,283.370566666667,349.303666666667,427100,427290,190
108,0,blank,0,301.9211,358.0119,427290,427323,33
108,65,list,356,234.924666666667,527.606483333333,427355,427544,189
108,65,k,358,290.332683333333,529.58585,427544,427731,187
108,0,blank,0,321.172933333333,512.777733333333,427731,427826,95
108,0,blank,0,208.66155,545.4892,427857,428046,189
108,65,=,355,223.7798,520.081866666667,428046,428234,188
108,0,blank,0,244.452016666667,501.277066666667,428234,428421,187
108,65,k,358,293.0968,515.126383333333,428421,428610,189
108,0,blank,0,285.636533333333,507.7,428610,428797,187
108,0,blank,0,257.327733333333,485.66435,428797,428985,188
108,0,blank,0,305.536866666667,472.45375,428985,429173,188
108,0,blank,0,327.43515,462.70585,429173,429236,63
108,0,blank,0,144.679166666667,443.17455,429268,429458,190
108,0,blank,0,180.43365,462.581216666667,429458,429648,190
108,0,blank,0,205.3064,472.12525,429648,429837,189
108,0,blank,0,315.9693,505.72415,429837,429900,63
108,0,blank,0,256.654816666667,485.519683333333,429931,430117,186
108,63,<=,344,252.795883333333,482.316483333333,430117,430302,185
108,63,++,348,324.166566666667,469.544366666667,430302,430488,186
108,63,++,348,341.2911,471.95745,430488,430673,185
108,0,blank,0,369.4852,472.151416666667,430673,430859,186
108,0,blank,0,313.045366666667,472.287533333333,430859,431045,186
108,0,blank,0,258.121116666667,487.84735,431045,431233,188
108,63,++,348,330.97375,473.015566666667,431233,431423,190
108,63,),349,346.2765,470.658425,431423,431549,126
108,0,blank,0,1010.894,460.7499,431613,431803,190
108,0,blank,0,1012.75333333333,463.91755,431803,431989,186
108,0,blank,0,1008.21083333333,464.399883333333,431989,432173,184
108,0,blank,0,1021.8355,532.104516666667,432173,432360,187
108,0,blank,0,1029.09383333333,527.090866666667,432360,432549,189
108,0,blank,0,1018.53183333333,504.192466666667,432549,432736,187
108,0,blank,0,1013.52966666667,505.370133333333,432736,432831,95
108,0,blank,0,276.661733333333,225.092433333333,432925,433110,185
108,0,blank,0,269.857816666667,169.316216666667,433110,433306,196
109,7,"Entertotalnumberofelements:",38,184.937,145.2831,436763,436795,32
109,0,blank,0,259.7126,241.05325,436827,437020,193
109,0,blank,0,263.873433333333,225.647516666667,437020,437206,186
109,12,i,75,275.583316666667,245.947533333333,437206,437393,187
109,12,],76,286.371616666667,255.290366666667,437393,437580,187
109,0,blank,0,189.589183333333,229.59435,437580,437770,190
109,0,blank,0,184.85645,214.415816666667,437770,437961,191
109,0,blank,0,188.4221,237.5808,437961,437993,32
109,16,i,106,153.31535,353.139566666667,438024,438213,189
109,0,blank,0,200.66415,332.553933333333,438213,438407,194
109,15,"Aftermergesort:\n",93,284.101,317.4999,438407,438600,193
109,15,"Aftermergesort:\n",93,256.1468,330.876916666667,438600,438791,191
109,15,"Aftermergesort:\n",93,250.054183333333,325.86715,438791,438981,190
109,14,size,86,268.6361,297.168333333333,438981,439170,189
109,0,blank,0,294.1626,290.133966666667,439170,439359,189
109,14,),89,316.748833333333,303.280666666667,439359,439548,189
109,0,blank,0,338.736666666667,295.1357,439548,439737,189
109,14,-,87,290.510933333333,293.747066666667,439737,439927,190
109,14,size,86,246.383983333333,292.295966666667,439927,440119,192
109,0,blank,0,244.14364,286.09032,440119,440276,157
109,14,size,86,266.05815,298.94105,440276,440445,169
109,0,blank,0,322.1638,300.2396,440445,440529,84
109,0,blank,0,324.085566666667,287.9836,440529,440727,198
109,14,),89,321.687025,290.6153,440727,440855,128
109,0,blank,0,387.28525,439.8453,440886,441078,192
109,0,blank,0,370.713766666667,462.4836,441078,441269,191
109,22,int,136,351.33436,465.30578,441269,441428,159
109,0,blank,0,202.3309,535.2419,441459,441727,268
109,22,list,129,220.5317,474.8427,441727,441753,26
109,0,blank,0,319.8395,348.4023,441783,441909,126
109,15,;,95,334.05105,331.74825,441909,442097,188
109,15,),94,331.384583333333,320.166633333333,442097,442284,187
109,0,blank,0,236.267083333333,334.634416666667,442284,442474,190
109,16,;,105,228.688783333333,334.868583333333,442474,442662,188
109,0,blank,0,284.9312,340.78405,442662,442850,188
109,15,"Aftermergesort:\n",93,290.035533333333,331.9629,442850,442942,92
109,0,blank,0,300.31525,356.964216666667,443004,443188,184
109,0,blank,0,305.234133333333,352.381,443188,443373,185
109,15,"Aftermergesort:\n",93,276.95585,326.7856,443373,443559,186
109,0,blank,0,226.9103,288.150083333333,443559,443747,188
109,0,blank,0,175.27505,288.359583333333,443747,443934,187
109,15,"Aftermergesort:\n",93,138.40638,329.97326,443934,444125,191
109,16,0,100,130.82635,342.41225,444125,444249,124
109,16,;,105,230.1846,352.7085,444280,444465,185
109,0,blank,0,271.70726,354.24264,444465,444659,194
109,0,blank,0,274.54835,366.32875,444659,444820,161
109,0,blank,0,226.51052,371.1309,444883,445033,150
109,22,high,137,389.5352,470.4866,445215,445243,28
109,16,size,104,212.51464,338.13682,445355,445529,174
109,14,comma,85,218.06768,296.60454,445529,445713,184
109,15,"Aftermergesort:\n",93,247.449166666667,312.4018,445713,445898,185
109,15,"Aftermergesort:\n",93,317.966,319.31975,445898,446087,189
109,0,blank,0,361.36132,323.33372,446087,446245,158
109,0,blank,0,233.95674,300.67312,446339,446522,183
109,14,size,86,235.522966666667,298.897466666667,446522,446616,94
109,14,(,81,141.44938,292.01338,446707,446873,166
109,0,blank,0,583.8092,472.0709,447088,447113,25
109,0,blank,0,359.4365,527.8453,447216,447254,38
109,0,blank,0,393.8211,535.385925,447284,447411,127
109,15,"Aftermergesort:\n",93,175.4334,312.9119,447443,447629,186
109,12,scanf,68,140.988083333333,249.6509,447629,447815,186
109,0,blank,0,203.4131,262.3573,447815,448000,185
109,0,blank,0,495.0949,512.0163,448030,448225,195
109,0,blank,0,512.402083333333,523.747966666667,448225,448408,183
109,12,i,75,280.9698,255.1574,448441,448558,117
109,0,blank,0,-323,-105,448869,449044,175
109,0,blank,0,-323,-105,449044,449223,179
109,0,blank,0,-323,-105,449223,449304,81
109,9,"Entertheelements:\n",51,197.434175,192.65755,449333,449499,166
109,0,blank,0,192.60775,156.6342,449499,449667,168
109,7,"Entertotalnumberofelements:",38,141.8708,141.0719,449667,449850,183
109,7,"Entertotalnumberofelements:",38,139.33715,149.309466666667,449850,450027,177
109,7,"Entertotalnumberofelements:",38,143.042633333333,141.66605,450027,450205,178
109,9,"Entertheelements:\n",51,175.23565,186.451433333333,450205,450384,179
109,9,"Entertheelements:\n",51,240.081133333333,180.28785,450384,450566,182
109,0,blank,0,293.55265,169.3627,450566,450749,183
109,9,"Entertheelements:\n",51,326.311033333333,180.509183333333,450749,450927,178
109,9,"Entertheelements:\n",51,338.5535,190.2482,450927,450956,29
109,12,"%d",70,168.456916666667,260.33935,450987,451168,181
109,12,"%d",70,190.439233333333,254.44455,451168,451350,182
109,12,[,74,272.08735,256.508266666667,451350,451532,182
109,12,i,75,274.852983333333,256.304,451532,451712,180
109,0,blank,0,335.16,261.3015,451712,451893,181
109,0,blank,0,355.951233333333,260.07415,451893,452071,178
109,0,blank,0,332.9659,253.77615,452071,452251,180
109,0,blank,0,257.1663,240.135783333333,452251,452435,184
109,12,list,73,249.194,250.833066666667,452435,452527,92
109,0,blank,0,344.321983333333,263.9557,452558,452739,181
109,0,blank,0,254.892816666667,537.25545,452801,452985,184
109,0,blank,0,373.0021,596.061333333333,453016,453201,185
109,0,blank,0,364.7496,593.995566666667,453201,453292,91
109,0,blank,0,353.5191,425.7158,453322,453504,182
109,0,blank,0,357.9428,422.4623,453504,453534,30
109,0,blank,0,356.3801,260.324783333333,453565,453749,184
109,0,blank,0,337.313733333333,263.667533333333,453749,453933,184
109,12,list,73,260.824783333333,253.4745,453933,454117,184
109,12,[,74,266.339216666667,246.142116666667,454117,454304,187
109,12,;,78,308.53974,263.0017,454304,454486,182
109,0,blank,0,321.612833333333,268.924083333333,454486,454676,190
109,0,blank,0,356.55805,262.972816666667,454676,454864,188
109,12,],76,285.338816666667,264.564883333333,454864,455052,188
109,12,[,74,267.23445,254.3517,455052,455241,189
109,0,blank,0,347.867683333333,258.0461,455241,455428,187
109,0,blank,0,356.664233333333,251.5325,455428,455522,94
109,12,list,73,250.163716666667,257.680316666667,455552,455739,187
109,12,list,73,251.566033333333,260.625183333333,455739,455922,183
109,14,list,82,168.89185,301.509033333333,455922,456110,188
109,12,list,73,243.76035,263.371633333333,456110,456300,190
109,12,list,73,262.285633333333,264.6996,456300,456393,93
109,0,blank,0,-323,-105,456423,456530,107
109,10,++,65,276.5259,208.7045,456556,456582,26
109,12,;,78,311.166416666667,253.109366666667,456653,456835,182
109,0,blank,0,329.295433333333,262.928783333333,456835,457021,186
109,0,blank,0,324.540116666667,267.572933333333,457021,457206,185
109,12,],76,286.513466666667,257.794966666667,457206,457392,186
109,12,],76,287.60375,255.3054,457392,457456,64
109,0,blank,0,936.983833333333,282.0859,457581,457767,186
109,0,blank,0,932.512833333333,279.997383333333,457767,457947,180
109,0,blank,0,938.912,277.5925,457947,457977,30
109,0,blank,0,167.564766666667,277.0649,458068,458252,184
109,0,blank,0,226.158133333333,280.03465,458252,458437,185
109,0,blank,0,143.016283333333,286.202383333333,458437,458623,186
109,14,list,82,159.767383333333,289.041833333333,458623,458811,188
109,14,list,82,176.926983333333,290.556,458811,458994,183
109,15,"Aftermergesort:\n",93,164.123783333333,316.3616,458994,459182,188
109,15,printf,91,89.8306666666667,318.852566666667,459182,459365,183
109,15,printf,91,96.1286,323.79665,459365,459426,61
109,0,blank,0,228.8769,296.687266666667,459457,459639,182
109,14,0,84,205.8914,299.230233333333,459639,459822,183
109,15,"Aftermergesort:\n",93,209.1244,321.2292,459822,460008,186
109,14,size,86,245.129116666667,300.462216666667,460008,460193,185
109,14,0,84,204.974083333333,294.049566666667,460193,460380,187
109,14,list,82,175.981983333333,293.840233333333,460380,460564,184
109,0,blank,0,228.160275,284.9649,460564,460714,150
109,0,blank,0,190.9037,230.5422,460714,460827,113
109,0,blank,0,92.188825,562.3285,461038,461207,169
109,0,blank,0,262.737516666667,589.088616666667,461238,461419,181
109,0,blank,0,268.90095,596.10865,461419,461480,61
109,22,list,129,202.2599,475.787483333333,461515,461700,185
109,22,list,129,200.20595,470.061533333333,461700,461886,186
109,0,blank,0,204.947783333333,283.811633333333,461917,462105,188
109,0,blank,0,231.268766666667,277.181033333333,462105,462293,188
109,0,blank,0,274.191216666667,282.463933333333,462293,462479,186
109,14,comma,85,191.458483333333,292.045066666667,462479,462665,186
109,0,blank,0,197.331666666667,294.385716666667,462665,462851,186
109,0,blank,0,229.06875,292.9362,462851,463038,187
109,12,list,73,244.3278,247.8578,463038,463069,31
109,0,blank,0,-323,-105,463100,463288,188
109,0,blank,0,215.7521,281.5902,463314,463340,26
109,0,blank,0,205.67875,228.996433333333,463390,463565,175
109,12,list,73,227.7836,262.864683333333,463565,463753,188
109,0,blank,0,247.152566666667,271.983033333333,463753,463941,188
109,12,"%d",70,169.335516666667,260.043266666667,463941,464133,192
109,0,blank,0,162.782433333333,242.898066666667,464133,464321,188
109,0,blank,0,183.2926,214.471883333333,464321,464514,193
109,10,=,57,106.584516666667,219.84925,464514,464707,193
109,0,blank,0,113.71445,192.723383333333,464707,464897,190
109,9,"Entertheelements:\n",51,167.2575,188.95436,464897,465054,157
109,15,"Aftermergesort:\n",93,123.8546,311.219533333333,465085,465274,189
109,0,blank,0,149.526716666667,276.505583333333,465274,465459,185
109,0,blank,0,122.3966,276.194333333333,465459,465643,184
109,0,blank,0,119.743916666667,278.036533333333,465643,465830,187
109,0,blank,0,164.369483333333,269.061416666667,465830,466017,187
109,0,blank,0,184.05225,271.205166666667,466017,466201,184
109,0,blank,0,221.162916666667,272.61205,466201,466389,188
109,0,blank,0,245.0356,280.341216666667,466389,466577,188
109,12,list,73,248.5894,257.9199,466577,466608,31
109,15,"Aftermergesort:\n",93,123.821483333333,315.286283333333,466638,466826,188
109,15,"Aftermergesort:\n",93,123.2348,312.331066666667,466826,466920,94
109,0,blank,0,133.487833333333,493.082466666667,466952,467145,193
109,0,blank,0,300.6264,489.483333333333,467176,467364,188
109,0,blank,0,241.0842,488.5385,467364,467551,187
109,0,blank,0,200.9069,424.4573,467551,467584,33
109,15,"Aftermergesort:\n",93,158.518183333333,316.097366666667,467614,467803,189
109,14,(,81,138.242733333333,293.519033333333,467803,467992,189
109,14,partition,80,79.0237666666667,297.99645,467992,468179,187
109,0,blank,0,38.1734,297.4547,468179,468369,190
109,0,blank,0,32.7886,304.0012,468369,468401,32
109,25,low,145,89.8748166666667,541.078983333333,468432,468618,186
109,22,void,125,42.2570833333333,485.274033333333,468618,468806,188
109,25,if,143,52.3775833333333,540.226933333333,468806,468996,190
109,27,mid,150,87.1053166666667,582.348633333333,468996,469189,193
109,28,partition,160,163.5761,612.13216,469189,469356,167
109,0,blank,0,183.926816666667,624.0144,469356,469554,198
109,28,list,162,205.55148,614.50956,469554,469724,170
109,28,list,162,189.81818,612.1854,469724,469897,173
109,28,list,162,192.8931,607.87516,469897,470067,170
109,0,blank,0,162.68456,618.9779,470067,470235,168
109,0,blank,0,913.474333333333,203.63535,470338,470534,196
109,0,blank,0,913.4655,204.715166666667,470534,470723,189
109,0,blank,0,928.591666666667,206.16475,470723,470907,184
109,0,blank,0,964.901166666667,208.504866666667,470907,471096,189
109,0,blank,0,960.0245,204.874133333333,471096,471285,189
109,0,blank,0,968.846666666667,193.154616666667,471285,471472,187
109,0,blank,0,1028.49325,180.33985,471472,471630,158
109,0,blank,0,1028.882,182.620675,471630,471814,184
109,0,blank,0,1021.8385,185.818625,471814,472002,188
109,29,mid,173,265.396366666667,636.902966666667,472144,472283,139
110,0,blank,0,282.494066666667,302.4909,473443,473629,186
110,35,],221,295.602716666667,327.563033333333,473629,473813,184
110,0,blank,0,220.08385,352.3686,473813,473997,184
110,0,blank,0,154.24805,376.21685,473997,474181,184
110,0,blank,0,284.399233333333,404.3771,474181,474367,186
110,0,blank,0,263.867816666667,401.0031,474367,474556,189
110,0,blank,0,153.19885,384.9827,474556,474742,186
110,0,blank,0,181.350383333333,409.6533,474742,474930,188
110,39,mid,242,197.2436,416.459825,474930,475054,124
110,0,blank,0,314.901366666667,440.87805,475085,475272,187
110,39,<=,247,310.926516666667,431.722883333333,475272,475463,191
110,0,blank,0,354.8697,437.53325,475463,475652,189
110,41,],262,321.922716666667,474.64805,475652,475836,184
110,0,blank,0,220.592816666667,520.430033333333,475867,476052,185
110,0,blank,0,256.210333333333,520.731533333333,476052,476239,187
110,0,blank,0,317.113083333333,514.95865,476239,476425,186
110,0,blank,0,283.0007,525.841783333333,476425,476613,188
110,0,blank,0,213.8224,542.935933333333,476613,476805,192
110,0,blank,0,215.485083333333,543.524366666667,476805,476996,191
110,0,blank,0,274.5903,525.61075,476996,477185,189
110,0,blank,0,319.7947,514.653233333333,477185,477278,93
110,48,list,286,244.700733333333,611.132433333333,477310,477497,187
110,48,;,290,309.558216666667,619.0713,477497,477686,189
110,0,blank,0,233.897083333333,652.6954,477686,477876,190
110,0,blank,0,215.992933333333,557.5855,477876,478068,192
110,0,blank,0,214.76492,526.52594,478068,478226,158
110,0,blank,0,1047.6125,294.499133333333,478321,478512,191
110,0,blank,0,1010.9365,349.433333333333,478512,478700,188
110,0,blank,0,1022.346,347.544,478700,478888,188
110,0,blank,0,1036.2965,343.83775,478888,479018,130
110,43,lo,272,275.57275,508.585483333333,479114,479303,189
110,0,blank,0,237.242133333333,528.710883333333,479303,479494,191
110,0,blank,0,215.5592,523.8489,479494,479588,94
111,0,blank,0,208.094283333333,318.171866666667,480059,480247,188
111,0,blank,0,210.7197,309.3001,480247,480278,31
111,0,blank,0,165.571783333333,556.223616666667,480309,480492,183
111,0,blank,0,205.553866666667,520.777133333333,480492,480673,181
111,0,blank,0,211.858816666667,501.688183333333,480673,480857,184
111,0,blank,0,189.91545,571.32505,480857,481047,190
111,0,blank,0,181.27095,588.01755,481047,481218,171
111,0,blank,0,221.350266666667,389.326516666667,481419,481616,197
111,0,blank,0,219.8565,390.249533333333,481616,481710,94
111,39,lo,240,130.890016666667,257.25095,481742,481931,189
111,0,blank,0,-323,-105,481994,482134,140
111,35,comma,217,137.711466666667,173.903533333333,482163,482243,80
111,0,blank,0,211.5426,280.579016666667,482276,482473,197
111,0,blank,0,210.5351,280.711483333333,482473,482666,193
111,39,mid,242,202.5759,271.01635,482666,482731,65
111,0,blank,0,140.001833333333,534.466066666667,482764,482958,194
111,0,blank,0,138.46575,535.23595,482958,483023,65
111,41,list,259,140.211733333333,305.0231,483055,483250,195
111,0,blank,0,223.000766666667,280.276433333333,483250,483443,193
111,0,blank,0,231.83165,264.258525,483443,483572,129
111,39,high,248,351.022,267.474583333333,483604,483798,194
111,39,),250,376.4762,268.043216666667,483798,483992,194
111,39,),250,384.6813,261.9392,483992,484025,33
111,43,],273,188.821666666667,344.5833,484058,484252,194
111,0,blank,0,218.141716666667,377.644,484252,484449,197
111,0,blank,0,200.841066666667,399.293833333333,484449,484642,193
111,0,blank,0,229.460183333333,487.723066666667,484642,484834,192
111,0,blank,0,-323,-105,484898,485078,180
111,0,blank,0,-323,-105,485078,485130,52
111,0,blank,0,230.5649,440.90885,485156,485269,113
111,41,<=,258,219.198983333333,312.401083333333,485301,485494,193
111,0,blank,0,219.5301,344.267533333333,485494,485690,196
111,43,[,271,271.956733333333,346.916666666667,485690,485882,192
111,43,],273,294.854775,350.34895,485882,486011,129
111,0,blank,0,324.765533333333,463.42495,486044,486236,192
111,48,],289,300.39055,460.99825,486236,486425,189
111,0,blank,0,308.6282,374.111133333333,486425,486616,191
111,0,blank,0,284.615216666667,281.6471,486616,486806,190
111,0,blank,0,241.962233333333,305.46105,486806,486994,188
111,41,],262,318.821766666667,301.93015,486994,487186,192
111,0,blank,0,279.938983333333,284.3379,487186,487382,196
111,39,mid,242,212.38634,263.83376,487382,487549,167
111,39,&&,244,244.789216666667,263.4705,487549,487743,194
111,39,<=,247,313.361083333333,260.208716666667,487743,487933,190
111,39,high,248,347.625366666667,256.41375,487933,488119,186
111,39,high,248,359.678616666667,273.59545,488119,488308,189
111,41,),263,331.350433333333,310.916183333333,488308,488496,188
111,0,blank,0,322.2026,323.8185,488496,488528,32
111,0,blank,0,269.07955,476.349725,488559,488734,175
111,0,blank,0,199.41215,500.715216666667,488734,488923,189
111,0,blank,0,199.0381,530.6595,488923,489108,185
111,0,blank,0,194.5776,572.276333333333,489108,489295,187
111,0,blank,0,202.03985,575.94,489295,489358,63
111,0,blank,0,134.762483333333,412.673783333333,489391,489578,187
111,0,blank,0,142.92175,419.253625,489578,489705,127
111,0,blank,0,212.337616666667,614.974416666667,489736,489921,185
111,55,mi,310,189.3523,615.31965,489921,490108,187
111,0,blank,0,170.69805,520.026966666667,490138,490327,189
111,0,blank,0,140.95215,504.109766666667,490327,490517,190
111,0,blank,0,160.0805,432.5289,490517,490548,31
111,39,(,245,116.27945,271.942216666667,490580,490767,187
111,39,(,245,109.00115,267.86085,490767,490891,124
111,0,blank,0,224.705483333333,244.279483333333,490922,491110,188
111,0,blank,0,181.0038,218.253816666667,491110,491300,190
111,0,blank,0,140.97638,210.28906,491300,491472,172
111,0,blank,0,231.626583333333,614.0062,491537,491731,194
111,55,k,316,222.48365,620.865783333333,491731,491924,193
111,0,blank,0,228.748133333333,672.129183333333,491924,492115,191
111,0,blank,0,234.0554,673.792283333333,492115,492306,191
111,57,list,325,253.159433333333,654.047216666667,492306,492498,192
111,57,list,325,252.41665,652.923133333333,492498,492694,196
111,57,;,329,294.495133333333,658.570166666667,492694,492891,197
111,0,blank,0,322.66265,655.1584,492891,493083,192
111,55,high,314,276.61845,619.235366666667,493083,493276,193
111,0,blank,0,223.524583333333,596.264766666667,493276,493471,195
111,0,blank,0,196.796066666667,575.35255,493471,493666,195
111,0,blank,0,198.01185,584.83585,493666,493731,65
111,0,blank,0,332.28455,633.688483333333,493763,493956,193
111,0,blank,0,330.765375,633.439725,493956,494083,127
111,0,blank,0,1042.63066666667,447.350633333333,494179,494371,192
111,0,blank,0,1026.06133333333,425.211366666667,494371,494566,195
111,0,blank,0,273.709383333333,595.377333333333,494628,494820,192
111,0,blank,0,221.776916666667,587.27435,494820,495011,191
111,0,blank,0,194.273066666667,579.0106,495011,495204,193
111,0,blank,0,195.542133333333,529.744483333333,495204,495399,195
111,0,blank,0,188.380525,513.0129,495399,495526,127
111,0,blank,0,286.012966666667,629.425666666667,495558,495750,192
111,0,blank,0,283.615083333333,628.74205,495750,495943,193
111,0,blank,0,211.859666666667,591.621183333333,495943,496136,193
111,0,blank,0,208.920125,589.1767,496136,496264,128
111,0,blank,0,191.223583333333,483.6123,496296,496486,190
111,0,blank,0,193.9066,483.074,496486,496520,34
111,0,blank,0,216.965716666667,285.04685,496550,496745,195
111,0,blank,0,211.394116666667,248.572016666667,496745,496938,193
111,0,blank,0,158.221283333333,222.9062,496938,497130,192
111,0,blank,0,136.1643,219.22655,497130,497321,191
111,0,blank,0,163.6412,216.347383333333,497321,497512,191
111,0,blank,0,177.6239,205.449225,497512,497641,129
111,0,blank,0,215.397183333333,512.8364,497672,497864,192
111,0,blank,0,224.147766666667,508.037983333333,497864,498056,192
111,48,],289,190.0964,455.8276,498056,498089,33
111,41,lo,256,187.580166666667,309.129566666667,498121,498310,189
111,0,blank,0,190.006083333333,280.041166666667,498310,498499,189
111,39,mid,242,202.482433333333,271.593033333333,498499,498692,193
111,39,<=,247,305.800516666667,267.549333333333,498692,498884,192
111,0,blank,0,330.121133333333,262.6529,498884,499075,191
111,39,high,248,349.3877,266.9453,499075,499140,65
111,0,blank,0,210.4653,318.705516666667,499171,499368,197
111,0,blank,0,221.4494,341.3658,499368,499565,197
111,0,blank,0,223.7002,343.21355,499565,499696,131
111,0,blank,0,334.1032,342.426233333333,499729,499920,191
111,43,list,270,246.636683333333,351.491583333333,499920,500111,191
111,0,blank,0,202.64465,346.233216666667,500111,500306,195
111,0,blank,0,216.2186,355.590066666667,500306,500498,192
111,43,list,270,224.889975,348.0517,500498,500629,131
111,0,blank,0,220.19585,464.3679,500661,500855,194
111,0,blank,0,217.1802,469.898666666667,500855,501048,193
111,48,list,286,232.4692,469.14005,501048,501241,193
111,48,list,286,237.670033333333,457.628733333333,501241,501338,97
111,43,list,270,225.022266666667,352.704333333333,501372,501559,187
111,0,blank,0,194.4695,209.827866666667,501796,501938,142
111,0,blank,0,-323,-105,502002,502136,134
111,0,blank,0,172.803466666667,440.579433333333,502242,502329,87
111,0,blank,0,219.3645,641.596583333333,502367,502555,188
111,57,list,325,237.38705,668.637866666667,502555,502742,187
111,0,blank,0,218.4098,655.57995,502742,502930,188
111,0,blank,0,188.626616666667,629.5883,502930,503119,189
111,0,blank,0,194.421383333333,576.7704,503119,503308,189
111,0,blank,0,187.0364,577.99895,503308,503371,63
111,0,blank,0,-323,-105,503710,503890,180
111,0,blank,0,-323,-105,503890,504066,176
111,0,blank,0,-323,-105,504066,504241,175
111,0,blank,0,-323,-105,504241,504509,268
111,0,blank,0,1008.034,389.9789,504739,504767,28
111,57,[,326,265.9973,667.929833333333,504840,505028,188
111,0,blank,0,245.800866666667,641.4617,505028,505123,95
112,0,blank,0,238.179166666667,583.2221,505374,505564,190
112,0,blank,0,219.315866666667,557.017266666667,505564,505753,189
112,0,blank,0,221.51038,570.12488,505753,505911,158
112,0,blank,0,225.077783333333,682.839866666667,505942,506129,187
112,0,blank,0,263.484266666667,679.278216666667,506129,506315,186
112,0,blank,0,293.114716666667,643.802716666667,506315,506504,189
112,69,;,375,274.728566666667,611.185916666667,506504,506696,192
112,69,;,375,275.33,615.0496,506696,506729,33
112,0,blank,0,233.241833333333,501.310233333333,506761,506954,193
112,65,list,356,236.159233333333,529.163583333333,506954,507153,199
112,0,blank,0,321.851,536.06202,507153,507322,169
112,0,blank,0,322.438566666667,550.753433333333,507322,507519,197
112,0,blank,0,313.207783333333,645.600833333333,507519,507710,191
112,0,blank,0,314.03725,649.5296,507710,507774,64
112,0,blank,0,258.362416666667,505.124783333333,507805,507997,192
112,0,blank,0,323.13415,529.689783333333,507997,508189,192
112,0,blank,0,305.27595,495.46165,508189,508384,195
112,63,;,346,298.856583333333,468.702616666667,508384,508580,196
112,0,blank,0,311.18175,468.115066666667,508580,508774,194
112,63,++,348,340.545916666667,476.008666666667,508774,508968,194
112,0,blank,0,301.27655,466.305566666667,508968,509163,195
112,0,blank,0,306.19425,473.1676,509163,509227,64
112,0,blank,0,301.939366666667,287.344883333333,509259,509453,194
112,0,blank,0,319.051783333333,279.45205,509453,509645,192
112,0,blank,0,328.350483333333,275.935966666667,509645,509838,193
112,48,mi,288,276.52315,156.9233,509838,510036,198
112,0,blank,0,282.335083333333,103.15535,510036,510231,195
112,0,blank,0,288.54234,2.25138,510231,510398,167
112,0,blank,0,289.15764,9.71782,510398,510559,161
112,0,blank,0,296.752183333333,333.83955,510592,510784,192
112,0,blank,0,321.366983333333,285.470583333333,510784,510976,192
112,0,blank,0,321.5778,288.013,510976,511105,129
112,0,blank,0,1059.52566666667,517.441466666667,511204,511397,193
112,0,blank,0,1024.61033333333,526.477166666667,511397,511586,189
112,0,blank,0,1016.7526,530.0081,511586,511744,158
112,63,mid,345,277.138833333333,480.730766666667,511841,512031,190
112,0,blank,0,289.1748,496.459,512031,512226,195
112,0,blank,0,319.5789,547.218866666667,512226,512420,194
112,0,blank,0,326.3116,558.16615,512420,512548,128
112,0,blank,0,294.4514,629.145783333333,512579,512769,190
112,0,blank,0,343.3883,634.2793,512769,512956,187
112,0,blank,0,340.915116666667,623.9567,512956,513145,189
112,0,blank,0,337.3085,608.6148,513145,513176,31
112,71,;,389,256.300266666667,651.26125,513207,513396,189
112,71,],388,248.6581,648.7173,513396,513428,32
112,71,k,387,143.008616666667,646.410916666667,513522,513718,196
112,71,k,387,139.882633333333,644.902266666667,513718,513822,104
112,0,blank,0,362.58045,731.946875,513854,513976,122
112,0,blank,0,113.245,633.4249,514040,514145,105
112,0,blank,0,544.925,-103.971766666667,514285,514426,141
112,0,blank,0,471.884425,-103.980275,514602,514775,173
112,0,blank,0,-323,-105,514952,515142,190
112,0,blank,0,-323,-105,515142,515250,108
112,0,blank,0,205.35595,523.343866666667,515279,515452,173
112,0,blank,0,365.66055,369.049083333333,515483,515666,183
112,0,blank,0,766.2055,736.718783333333,515729,515907,178
112,0,blank,0,796.984,782.0911,515907,515938,31
112,0,blank,0,826.502,-103.9912,515967,515997,30
112,0,blank,0,814.901,786.99745,516027,516087,60
112,0,blank,0,280.76235,488.637166666667,516177,516360,183
112,63,;,346,300.590016666667,479.278216666667,516360,516543,183
112,63,++,348,343.70998,477.34408,516543,516701,158
112,0,blank,0,258.568316666667,288.527683333333,516732,516919,187
112,0,blank,0,290.207483333333,321.3807,516919,517106,187
112,0,blank,0,309.9295,338.144675,517106,517230,124
112,0,blank,0,203.231166666667,358.3387,517262,517449,187
112,0,blank,0,214.406475,361.876025,517449,517574,125
112,0,blank,0,255.10795,262.683983333333,517605,517795,190
112,0,blank,0,213.122683333333,253.601016666667,517795,517985,190
112,53,mid,303,161.150666666667,253.369166666667,517985,518175,190
112,0,blank,0,1046.41266666667,447.1687,518271,518458,187
112,0,blank,0,1027.94316666667,493.30835,518458,518644,186
112,0,blank,0,1009.852,544.212975,518644,518767,123
112,0,blank,0,214.312683333333,209.618516666667,518828,519020,192
112,0,blank,0,188.535166666667,246.3781,519020,519212,192
112,0,blank,0,178.629225,250.5834,519212,519339,127
112,0,blank,0,149.271466666667,447.883833333333,519370,519561,191
112,0,blank,0,141.2359,441.936,519561,519592,31
112,0,blank,0,994.92,501.980483333333,519655,519844,189
112,0,blank,0,1000.50766666667,543.99985,519844,520031,187
112,0,blank,0,1004.49833333333,544.963733333333,520031,520219,188
112,0,blank,0,996.650833333333,538.858816666667,520219,520407,188
112,0,blank,0,942.665,434.8178,520407,520439,32
112,0,blank,0,1014.33,476.1027,520499,520591,92
112,0,blank,0,1011.97275,458.698625,520591,520789,198
112,0,blank,0,1009.4495,509.367666666667,520789,520982,193
112,0,blank,0,1011.6635,534.1831,520982,521171,189
112,0,blank,0,1013.455,529.498216666667,521171,521366,195
112,0,blank,0,1017.83366666667,523.66645,521366,521559,193
112,0,blank,0,1011.47566666667,523.242716666667,521559,521752,193
112,0,blank,0,994.86,498.325766666667,521752,521877,125
112,0,blank,0,996.423,506.1821,521877,521999,122
112,0,blank,0,1000.436,492.696,521999,522123,124
112,0,blank,0,996.858,500.3917,522123,522302,179
112,0,blank,0,1007.555,454.112083333333,522302,522492,190
112,0,blank,0,1004.764,453.038033333333,522492,522682,190
112,0,blank,0,1002.51183333333,448.1753,522682,522875,193
112,0,blank,0,1005.5685,446.8276,522875,523065,190
112,0,blank,0,1004.5465,440.122,523065,523192,127
113,0,blank,0,173.764233333333,365.822,524353,524536,183
113,0,blank,0,152.5646,359.6315,524536,524627,91
113,0,blank,0,648.4628,-103.9895,524743,524768,25
113,30,high,186,375.3505,456.249,524817,524898,81
113,0,blank,0,-323,-105,524930,525116,186
113,28,low,164,258.702233333333,414.99125,525146,525324,178
113,29,list,171,195.935366666667,419.8197,525324,525512,188
113,28,partition,160,168.183566666667,400.7839,525512,525708,196
113,27,high,155,247.75362,387.77568,525708,525876,168
113,0,blank,0,266.527483333333,391.282616666667,525876,526072,196
113,28,low,164,262.76984,398.95262,526072,526240,168
113,0,blank,0,237.35836,404.44714,526240,526407,167
113,28,partition,160,170.64524,414.97158,526407,526573,166
113,28,partition,160,165.38195,405.680975,526573,526707,134
113,28,mid,166,295.1351,399.46588,526740,526908,168
113,0,blank,0,284.59046,397.7468,526908,527077,169
113,28,comma,165,229.54206,396.41468,527077,527244,167
113,27,low,153,158.376416666667,390.383266666667,527244,527443,199
113,27,+,154,200.55905,385.404566666667,527443,527639,196
113,27,high,155,246.414283333333,377.635683333333,527639,527831,192
113,27,2,158,303.95985,393.955633333333,527831,528024,193
113,28,mid,166,312.767516666667,399.35595,528024,528213,189
113,27,;,159,309.9547,386.18925,528213,528339,126
113,27,low,153,161.63175,394.032566666667,528370,528561,191
113,28,partition,160,170.97355,398.529533333333,528561,528753,192
113,0,blank,0,236.947983333333,405.483133333333,528753,528944,191
113,27,high,155,232.2439,384.6118,528944,529007,63
113,0,blank,0,347.10518,417.95212,529039,529197,158
113,27,high,155,242.10785,383.417483333333,529229,529417,188
113,0,blank,0,286.6882,400.16635,529417,529609,192
113,0,blank,0,347.48295,416.457583333333,529609,529799,190
113,29,high,175,314.089733333333,425.55125,529799,529990,191
113,0,blank,0,295.833316666667,422.271333333333,529990,530179,189
113,28,low,164,270.655683333333,415.393883333333,530179,530368,189
113,29,list,171,196.399,430.079783333333,530368,530558,190
113,30,low,182,269.5274,457.031133333333,530558,530751,193
113,0,blank,0,381.9488,489.303516666667,530751,530939,188
113,30,mid,184,300.643366666667,453.960516666667,530939,531127,188
113,30,mid,184,306.520966666667,440.62755,531127,531313,186
113,30,comma,185,327.043383333333,440.182316666667,531313,531498,185
113,29,;,177,356.085566666667,430.47745,531498,531685,187
113,28,mid,166,323.917083333333,406.046166666667,531685,531871,186
113,0,blank,0,217.726316666667,352.361716666667,531871,532057,186
113,0,blank,0,197.845483333333,332.365016666667,532057,532240,183
113,0,blank,0,190.5682,329.3903,532240,532300,60
113,0,blank,0,-323,-105,532392,532470,78
113,0,blank,0,349.8654,535.7539,532496,532530,34
113,0,blank,0,386.883133333333,527.452,532637,532820,183
113,33,mid,203,396.550933333333,515.729083333333,532820,533005,185
113,0,blank,0,301.357933333333,436.608083333333,533036,533222,186
113,30,comma,185,325.517716666667,445.556583333333,533222,533409,187
113,0,blank,0,338.07705,446.3421,533409,533472,63
113,0,blank,0,206.508083333333,472.9195,533503,533689,186
113,30,list,180,196.065183333333,446.621283333333,533689,533877,188
113,29,list,171,217.422933333333,437.672583333333,533877,534063,186
113,28,mid,166,316.31285,415.568,534063,534249,186
113,29,high,175,316.127266666667,419.506466666667,534249,534341,92
113,0,blank,0,307.166733333333,285.472883333333,534371,534557,186
113,22,int,136,363.862916666667,269.886366666667,534557,534744,187
113,0,blank,0,380.77694,272.9762,534744,534899,155
113,29,high,175,330.58025,432.633183333333,534931,535118,187
113,29,high,175,328.0653,429.032283333333,535118,535304,186
113,27,+,154,203.612283333333,387.229566666667,535335,535523,188
113,0,blank,0,270.885,382.968516666667,535523,535708,185
113,27,),156,261.46745,384.927333333333,535708,535890,182
113,27,high,155,223.107683333333,383.4346,535890,536076,186
113,0,blank,0,215.646266666667,351.15365,536076,536262,186
113,0,blank,0,160.416933333333,329.48405,536262,536447,185
113,0,blank,0,149.09615,323.533166666667,536447,536633,186
113,0,blank,0,191.74145,346.3407,536633,536696,63
113,0,blank,0,362.7167,402.778683333333,536728,536912,184
113,0,blank,0,358.9753,406.7023,536912,536973,61
113,0,blank,0,243.343366666667,610.345616666667,537005,537188,183
113,0,blank,0,261.7091,572.966566666667,537188,537371,183
113,30,mid,184,320.295316666667,455.580216666667,537371,537556,185
113,29,high,175,312.4789,423.649133333333,537556,537738,182
113,29,high,175,327.629833333333,418.2414,537738,537921,183
113,0,blank,0,355.42766,410.63452,537921,538076,155
113,28,list,162,186.382466666667,416.7141,538106,538294,188
113,28,list,162,221.15955,415.620033333333,538294,538483,189
113,28,low,164,255.760766666667,408.412533333333,538483,538672,189
113,0,blank,0,333.512533333333,415.281366666667,538672,538860,188
113,0,blank,0,348.943233333333,405.93885,538860,539048,188
113,0,blank,0,345.351533333333,406.408566666667,539048,539237,189
113,0,blank,0,354.444816666667,398.335716666667,539237,539426,189
113,28,;,168,341.619216666667,400.881016666667,539426,539613,187
113,0,blank,0,282.395366666667,408.627633333333,539613,539800,187
113,28,mid,166,293.5084,411.6344,539800,539831,31
113,28,list,162,188.003333333333,403.8915,539862,540050,188
113,28,low,164,247.961883333333,406.574316666667,540050,540238,188
113,28,;,168,340.066666666667,400.814183333333,540238,540427,189
113,29,high,175,330.41725,419.39075,540427,540615,188
113,29,high,175,305.805933333333,434.72855,540615,540801,186
113,0,blank,0,365.990866666667,470.874133333333,540801,540988,187
113,0,blank,0,370.7926,502.769333333333,540988,541175,187
113,0,blank,0,396.925166666667,504.106883333333,541175,541362,187
113,33,int,205,444.062266666667,509.38805,541362,541551,189
113,33,int,205,444.8773,511.797533333333,541551,541740,189
113,0,blank,0,442.3301,504.1093,541740,541771,31
113,0,blank,0,319.0469,530.0752,541803,541993,190
113,0,blank,0,321.2459,464.854516666667,541993,542180,187
113,30,high,186,364.1094,443.8464,542180,542234,54
113,28,list,162,198.4953,415.9703,542319,542416,97
113,27,),156,258.0456,375.60305,542416,542584,168
113,0,blank,0,251.430233333333,372.540766666667,542584,542689,105
113,33,int,205,447.18855,522.91885,542720,542907,187
113,33,int,205,434.324833333333,526.292583333333,542907,543090,183
113,0,blank,0,358.79,531.36095,543090,543274,184
113,0,blank,0,360.2013,535.243266666667,543274,543459,185
113,0,blank,0,339.995133333333,659.63985,543459,543646,187
113,39,high,248,335.1628,646.6979,543646,543678,32
113,0,blank,0,272.25455,386.010016666667,543707,543893,186
113,28,mid,166,306.82465,397.328883333333,543893,544075,182
113,28,),167,330.84195,405.73665,544075,544260,185
113,0,blank,0,353.71445,406.815016666667,544260,544447,187
113,28,list,162,205.5776,403.9738,544478,544666,188
113,28,low,164,256.246483333333,401.323333333333,544666,544857,191
113,0,blank,0,332.15835,405.96775,544857,545045,188
113,28,),167,331.694666666667,401.065216666667,545045,545231,186
113,0,blank,0,363.469966666667,408.902116666667,545231,545418,187
113,0,blank,0,352.768666666667,410.511283333333,545418,545605,187
113,28,mid,166,300.0335,407.406,545605,545698,93
113,28,mid,166,305.69235,412.3542,545698,545885,187
113,29,high,175,343.369633333333,418.443066666667,545885,546062,177
113,0,blank,0,353.371866666667,411.6957,546062,546248,186
113,27,/,157,280.311033333333,388.90485,546248,546431,183
113,0,blank,0,206.8879,371.032383333333,546431,546616,185
113,0,blank,0,291.24775,375.721983333333,546616,546802,186
113,0,blank,0,336.43335,390.004333333333,546802,546986,184
113,0,blank,0,363.3261,395.5342,546986,547170,184
113,0,blank,0,376.306816666667,422.753933333333,547170,547356,186
113,29,high,175,310.353283333333,425.399133333333,547356,547542,186
113,0,blank,0,248.406916666667,417.198733333333,547542,547729,187
113,28,list,162,220.846083333333,416.612533333333,547729,547918,189
113,29,list,171,221.71165,424.1525,547918,547982,64
113,0,blank,0,1031.271,228.40255,548047,548239,192
113,0,blank,0,1030.57266666667,191.093316666667,548239,548426,187
113,0,blank,0,1023.16416666667,146.772916666667,548426,548611,185
113,0,blank,0,1024.97483333333,144.760233333333,548611,548800,189
113,0,blank,0,1021.064,153.7069,548800,548829,29
113,27,high,155,216.77045,386.202116666667,548924,549117,193
113,28,comma,165,277.680683333333,408.102783333333,549117,549306,189
113,29,high,175,304.505183333333,418.555083333333,549306,549496,190
113,0,blank,0,313.946216666667,417.5788,549496,549682,186
113,0,blank,0,347.432,407.282166666667,549682,549868,186
113,0,blank,0,359.961933333333,408.58725,549868,550057,189
113,0,blank,0,347.608783333333,400.400733333333,550057,550244,187
113,0,blank,0,323.145166666667,382.112683333333,550244,550432,188
113,0,blank,0,349.03385,396.887983333333,550432,550618,186
113,0,blank,0,359.01714,407.97042,550618,550774,156
113,28,list,162,202.610216666667,401.098933333333,550806,550994,188
113,28,list,162,201.727433333333,400.319433333333,550994,551087,93
113,29,),176,347.356316666667,423.133183333333,551118,551302,184
113,28,),167,327.36515,414.16075,551302,551486,184
113,0,blank,0,306.708516666667,417.72775,551486,551671,185
113,29,mid,173,244.192783333333,427.649516666667,551671,551854,183
113,30,list,180,200.95925,445.28625,551854,552038,184
113,29,list,171,184.78175,434.327125,552038,552161,123
113,29,high,175,321.795933333333,424.271583333333,552192,552374,182
113,29,high,175,316.316,432.2341,552374,552404,30
113,0,blank,0,287.4534,315.3051,552435,552617,182
113,22,low,134,322.310483333333,283.5066,552617,552801,184
113,22,int,136,360.848166666667,274.379166666667,552801,552984,183
113,22,high,137,394.639675,273.954125,552984,553104,120
113,25,high,147,152.260383333333,339.0335,553135,553319,184
113,25,high,147,173.447483333333,340.715466666667,553319,553502,183
113,0,blank,0,218.8282,360.226083333333,553502,553689,187
113,0,blank,0,239.5171,363.222283333333,553689,553872,183
113,0,blank,0,288.804333333333,370.478683333333,553872,554055,183
113,27,2,158,298.788383333333,377.445283333333,554055,554236,181
113,27,high,155,239.546433333333,391.120533333333,554236,554420,184
113,0,blank,0,272.940916666667,387.492666666667,554420,554603,183
113,27,2,158,301.61535,374.22575,554603,554664,61
113,0,blank,0,949.746833333333,154.75335,554754,554937,183
113,0,blank,0,953.247166666667,155.898166666667,554937,555117,180
113,0,blank,0,1024.22366666667,163.287416666667,555117,555298,181
113,0,blank,0,1043.29066666667,161.3277,555298,555483,185
113,0,blank,0,1037.8655,158.0378,555483,555666,183
113,0,blank,0,1033.76983333333,156.722033333333,555666,555850,184
113,0,blank,0,1029.48916666667,160.627416666667,555850,556034,184
113,0,blank,0,1028.462,166.906675,556034,556158,124
113,0,blank,0,267.544533333333,477.95745,556282,556468,186
113,30,low,182,260.138875,459.4555,556468,556593,125
114,0,blank,0,361.746225,157.84145,557844,557965,121
114,39,mid,242,205.58704,185.88928,557996,558149,153
114,0,blank,0,239.4762,482.080016666667,558294,558465,171
114,0,blank,0,246.9838,481.4892,558465,558495,30
114,0,blank,0,242.526483333333,361.71635,558526,558710,184
114,0,blank,0,266.608233333333,281.11265,558710,558896,186
114,43,lo,272,280.20004,265.41316,558896,559053,157
114,0,blank,0,327.321016666667,580.054966666667,559085,559273,188
114,0,blank,0,309.114933333333,579.737466666667,559273,559466,193
114,57,list,325,252.974533333333,578.554583333333,559466,559659,193
114,0,blank,0,210.068166666667,565.765233333333,559659,559755,96
114,48,list,286,254.2772,383.201733333333,559787,559983,196
114,0,blank,0,303.448,383.045866666667,559983,560176,193
114,0,blank,0,324.3397,376.414216666667,560176,560367,191
114,0,blank,0,322.13285,378.03505,560367,560431,64
114,43,],273,299.77635,275.33165,560463,560654,191
114,43,],273,296.3248,273.46155,560654,560716,62
114,0,blank,0,296.6508,619.656116666667,560748,560938,190
114,0,blank,0,304.164333333333,579.4605,560938,561127,189
114,0,blank,0,290.541383333333,550.91325,561127,561317,190
114,55,high,314,269.932166666667,533.12125,561317,561508,191
114,0,blank,0,228.408583333333,508.45305,561508,561699,191
114,0,blank,0,196.64005,499.8761,561699,561759,60
114,41,<=,258,232.94165,221.651533333333,561790,561981,191
114,39,mi,246,276.011883333333,171.5252,561981,562170,189
114,39,mi,246,279.5313,170.941,562170,562202,32
114,0,blank,0,326.9967,64.3709833333333,562233,562421,188
114,33,mid,203,401.41882,37.93866,562421,562583,162
114,0,blank,0,427.66145,33.301,562583,562758,175
114,0,blank,0,446.0911,27.68675,562758,562955,197
114,33,high,206,496.52848,53.9756,562955,563130,175
114,0,blank,0,497.1706,61.25975,563130,563193,63
114,0,blank,0,227.634466666667,27.7501833333333,563229,563418,189
114,33,int,205,265.704,39.3086,563418,563606,188
114,33,int,205,282.289025,38.1416,563606,563732,126
114,0,blank,0,512.624783333333,24.6707166666667,563764,563962,198
114,33,high,206,465.621916666667,42.7067,563962,564151,189
114,33,comma,204,418.077733333333,45.1970666666667,564151,564339,188
114,0,blank,0,1004.41266666667,238.13935,564402,564594,192
114,0,blank,0,1027.59833333333,330.116533333333,564594,564789,195
114,0,blank,0,1030.63883333333,360.50245,564789,564985,196
114,0,blank,0,1030.26466666667,368.0314,564985,565082,97
114,0,blank,0,269.1442,396.25265,565178,565375,197
114,0,blank,0,269.997,399.3879,565375,565407,32
114,0,blank,0,269.7214,163.081766666667,565440,565631,191
114,0,blank,0,273.347816666667,161.2679,565631,565821,190
114,35,temp,218,251.567883333333,99.3734666666667,565821,566006,185
114,35,temp,218,251.62125,94.6641833333333,566006,566192,186
114,0,blank,0,178.352116666667,150.752666666667,566192,566379,187
114,0,blank,0,174.5703,143.3039,566379,566472,93
114,39,),250,386.081366666667,176.250783333333,566503,566688,185
114,39,),250,378.978,177.0306,566688,566718,30
114,0,blank,0,989.216666666667,383.3766,566779,566964,185
114,0,blank,0,1011.3395,372.619216666667,566964,567144,180
114,0,blank,0,1021.58016666667,366.43485,567144,567324,180
115,0,blank,0,236.484566666667,625.8989,568577,568762,185
115,0,blank,0,291.507816666667,634.165,568762,568945,183
115,0,blank,0,324.70995,624.8136,568945,569006,61
115,0,blank,0,227.621316666667,192.747083333333,569037,569223,186
115,0,blank,0,237.162266666667,190.645183333333,569223,569410,187
115,0,blank,0,255.57765,208.14215,569410,569472,62
115,0,blank,0,-323,-105,569535,569724,189
115,0,blank,0,-323,-105,569724,569915,191
115,0,blank,0,-323,-105,569915,570047,132
115,0,blank,0,-323,-105,570047,570244,197
115,0,blank,0,-323,-105,570244,570435,191
115,0,blank,0,-323,-105,570435,570618,183
115,0,blank,0,-323,-105,570618,570817,199
115,0,blank,0,-323,-105,570817,570853,36
115,0,blank,0,460.99015,620.02065,570895,571079,184
115,0,blank,0,460.063,620.786833333333,571079,571174,95
