Frameno_fix,lineno_fix,Tokenname_fix,tokens_id,gaze_X_fix,gaze_Y_fix,timestamp_fix_start,timestamp_fix_end,time_duration
100,63,for,337,71.90095,450.2059,4855,4923,68
100,0,blank,0,951.637,284.9776,4992,5025,33
100,0,blank,0,861.625833333333,255.351783333333,5060,5257,197
100,0,blank,0,35.13452,213.97016,5354,5520,166
100,33,void,191,8.9237,180.2007,5520,5555,35
100,0,blank,0,-16.18122,7.93788,5590,5769,179
100,0,blank,0,476.46202,-74.84722,5883,6057,174
100,0,blank,0,424.448525,-95.674225,6091,6230,139
100,0,blank,0,385.91335,-61.61005,6301,6370,69
100,0,blank,0,-72.3383,-47.35435,6475,6550,75
100,0,blank,0,-48.98776,89.55564,6588,6774,186
100,0,blank,0,-81.7787,63.9072,6774,6984,210
100,3,int,20,3.5853,51.81544,7185,7384,199
100,5,int,25,45.4058,98.9855,7384,7501,117
100,9,"Entertheelements:\n",51,183.4715,184.0094,7621,7668,47
100,45,},278,93.7782,89.8881,7744,7836,92
100,27,+,154,200.2675,68.1444,8157,8241,84
100,5,;,30,164.9467,104.1958,8241,8445,204
100,30,list,180,186.28355,118.4631,8445,8544,99
100,0,blank,0,-429,-105,8583,8780,197
100,0,blank,0,-429,-105,8780,8972,192
100,0,blank,0,-429,-105,8972,9160,188
100,0,blank,0,-429,-105,9160,9316,156
100,0,blank,0,-429,-105,9316,9578,262
100,0,blank,0,-429,-105,9578,9768,190
100,0,blank,0,-429,-105,9768,9962,194
100,0,blank,0,-429,-105,9962,10153,191
100,0,blank,0,-429,-105,10153,10338,185
100,0,blank,0,-429,-105,10338,10506,168
100,0,blank,0,-429,-105,10506,10703,197
100,0,blank,0,-429,-105,10703,10813,110
100,0,blank,0,-75.90206,212.42824,11374,11539,165
100,0,blank,0,-64.10764,191.61176,11539,11713,174
100,9,printf,49,73.5327,180.4239,11815,11922,107
100,0,blank,0,-429,-105,11958,12000,42
100,46,else,279,105.2075,231.712033333333,12105,12301,196
100,46,else,279,117.53696,235.46384,12301,12476,175
100,33,mergeSort,192,119.7582,200.60776,12476,12645,169
100,8,scanf,41,83.31646,173.15568,12645,12816,171
100,8,"%d",43,108.97508,164.75152,12816,12988,172
100,8,scanf,41,68.77926,157.82832,12988,13158,170
100,33,void,191,40.97422,134.43424,13158,13325,167
100,7,printf,36,47.1794,144.4423,13325,13359,34
100,0,blank,0,-429,-105,13395,13430,35
100,12,"%d",70,186.6508,257.0912,13581,13607,26
100,12,comma,71,201.04186,257.91742,13673,13840,167
100,12,"%d",70,187.7777,261.3656,13840,13975,135
100,0,blank,0,-429,-105,14008,14191,183
100,11,{,67,43.1891166666667,233.341833333333,14212,14411,199
100,0,blank,0,26.39856,249.32124,14411,14580,169
100,0,blank,0,-20.06004,263.55558,14580,14748,168
100,0,blank,0,-64.237,287.4099,14748,14919,171
100,0,blank,0,-51.00726,272.5356,14919,15092,173
100,0,blank,0,37.19332,240.44916,15092,15264,172
100,10,i,64,88.85452,214.78492,15264,15433,169
100,46,else,279,103.39234,222.0858,15433,15604,171
100,10,for,54,66.25598,204.20786,15604,15778,174
100,33,void,191,7.038,183.85114,15778,15949,171
100,0,blank,0,-9.66142000000001,162.39876,15949,16123,174
100,0,blank,0,14.36752,176.55826,16123,16300,177
100,12,scanf,68,110.75354,254.59094,16300,16471,171
100,12,scanf,68,115.928766666667,263.242366666667,16471,16574,103
100,0,blank,0,-39.9496,307.773433333333,16608,16711,103
100,0,blank,0,-429,-105,16745,16881,136
100,0,blank,0,-84.7426,292.8813,16907,16933,26
100,9,printf,49,82.459025,198.4358,16960,17146,186
100,51,;,297,117.949,210.75614,17146,17336,190
100,7,"Entertotalnumberofelements:",38,160.6809,150.216,17336,17407,71
100,0,blank,0,-2.72899999999999,165.4272,17516,17557,41
100,0,blank,0,-429,-105,17629,17750,121
100,0,blank,0,27.0043166666667,278.781966666667,17777,17952,175
100,0,blank,0,13.1057,316.80886,17952,18124,172
100,0,blank,0,13.80504,337.6894,18124,18295,171
100,0,blank,0,13.92882,343.9233,18295,18461,166
100,0,blank,0,17.61242,337.83094,18461,18630,169
100,33,void,191,30.1335833333333,404.91885,18630,18826,196
100,0,blank,0,52.3724,389.2856,18826,18893,67
100,0,blank,0,-429,-105,18958,19088,130
100,0,blank,0,-10.163025,328.085075,19123,19250,127
100,0,blank,0,17.73562,317.80598,19284,19457,173
100,0,blank,0,16.6931333333333,309.290133333333,19457,19563,106
100,15,"Aftermergesort:\n",93,134.05416,313.75886,19598,19770,172
100,14,list,82,179.17268,295.51084,19770,19941,171
100,14,partition,80,122.64686,303.40114,19941,20113,172
100,14,partition,80,101.61936,299.43258,20113,20281,168
100,15,printf,91,99.01368,331.26486,20281,20448,167
100,14,partition,80,102.89456,291.30734,20448,20619,171
100,49,mi,291,111.2921,266.3257,20619,20652,33
100,0,blank,0,-429,-105,20719,20775,56
100,49,;,293,163.96045,280.172866666667,20912,21104,192
100,12,"%d",70,191.0754,259.186,21104,21138,34
100,0,blank,0,-429,-105,21173,21284,111
100,14,list,82,156.5491,300.4434,21331,21388,57
100,15,printf,91,97.1243,324.6892,21467,21657,190
100,15,printf,91,92.41605,331.265416666667,21657,21854,197
100,15,"Aftermergesort:\n",93,144.832566666667,326.019666666667,21854,21952,98
100,0,blank,0,-429,-105,21986,22160,174
100,0,blank,0,-429,-105,22160,22334,174
100,51,++,296,211.94515,278.2629,22458,22516,58
100,15,printf,91,46.6123,312.40934,22549,22717,168
100,0,blank,0,14.97954,310.7366,22717,22885,168
100,0,blank,0,-429,-105,22951,23032,81
100,11,{,67,50.7238,238.7624,23084,23151,67
100,1,to,5,134.5643,11.2097666666667,23229,23418,189
100,0,blank,0,160.913333333333,-19.0138,23418,23615,197
100,0,blank,0,243.182833333333,-14.1668666666667,23615,23814,199
100,0,blank,0,322.7696,-59.56454,23814,23980,166
100,0,blank,0,325.92608,-30.49716,23980,24149,169
100,0,blank,0,328.2559,-43.4805,24149,24182,33
100,0,blank,0,-429,-105,24217,24303,86
100,0,blank,0,403.8749,-33.8996,24329,24355,26
100,0,blank,0,368.5677,-9.81838,24430,24598,168
100,37,i,227,336.6189,64.7839,24598,24632,34
100,57,list,325,119.82712,448.6302,24668,24853,185
100,22,partition,126,62.31486,481.26482,24853,25029,176
100,57,[,326,51.85118,482.08068,25029,25202,173
100,0,blank,0,21.16362,493.65234,25202,25369,167
100,0,blank,0,41.55046,572.39296,25369,25537,168
100,53,lo,301,94.4005166666667,573.215466666667,25537,25735,198
100,28,partition,160,135.3668,617.9705,25735,25771,36
100,0,blank,0,-429,-105,25839,25951,112
100,0,blank,0,-429,-105,26093,26288,195
100,0,blank,0,-429,-105,26288,26477,189
100,57,k,327,46.7785,499.7578,26573,26664,91
100,0,blank,0,11.193125,514.659225,26741,26867,126
100,0,blank,0,-429,-105,26901,27066,165
100,0,blank,0,-429,-105,27066,27113,47
100,0,blank,0,-429,-105,27342,27519,177
100,59,},333,151.1674,500.8123,27617,27667,50
100,22,list,129,228.729983333333,477.630883333333,27743,27934,191
100,0,blank,0,240.67634,488.09894,27934,28108,174
100,0,blank,0,283.2643,489.73872,28108,28274,166
100,22,low,134,311.06242,469.89902,28274,28442,168
100,24,mid,141,100.55736,526.4522,28476,28644,168
100,52,},298,49.3946,552.23215,28644,28709,65
100,0,blank,0,-429,-105,28773,28924,151
100,0,blank,0,28.837,535.8351,29081,29105,24
100,0,blank,0,-429,-105,29138,29332,194
100,0,blank,0,-429,-105,29332,29512,180
100,0,blank,0,-429,-105,29512,29697,185
100,0,blank,0,-429,-105,29697,29852,155
100,0,blank,0,-429,-105,29852,30029,177
100,0,blank,0,-429,-105,30029,30130,101
100,0,blank,0,-429,-105,30130,30323,193
100,0,blank,0,-429,-105,30323,30494,171
100,0,blank,0,-429,-105,30494,30617,123
100,0,blank,0,-429,-105,30617,30807,190
100,0,blank,0,-429,-105,30807,30881,74
100,0,blank,0,-429,-105,30881,31388,507
100,0,blank,0,-429,-105,31388,31580,192
100,0,blank,0,-429,-105,31580,31831,251
100,0,blank,0,-429,-105,31831,31919,88
100,0,blank,0,-429,-105,31919,32087,168
100,0,blank,0,-429,-105,32087,32837,750
100,0,blank,0,-429,-105,32837,33032,195
100,0,blank,0,-429,-105,33032,33181,149
100,0,blank,0,-429,-105,33181,33277,96
100,0,blank,0,-429,-105,33277,33488,211
100,0,blank,0,-429,-105,33488,33594,106
100,0,blank,0,-429,-105,33594,34609,1015
100,0,blank,0,-429,-105,34609,34714,105
100,0,blank,0,-429,-105,34714,35016,302
100,0,blank,0,-429,-105,35016,35140,124
100,0,blank,0,-429,-105,35140,35288,148
100,0,blank,0,-429,-105,35288,35465,177
100,0,blank,0,-429,-105,35465,35646,181
100,0,blank,0,-429,-105,35646,35677,31
100,0,blank,0,-429,-105,35677,36020,343
100,0,blank,0,-429,-105,36020,36193,173
100,0,blank,0,-429,-105,36193,36267,74
100,0,blank,0,-429,-105,36267,36785,518
100,0,blank,0,-429,-105,36785,36892,107
100,0,blank,0,32.1256,711.5861,37183,37244,61
100,0,blank,0,-429,-105,38232,38405,173
100,0,blank,0,-429,-105,38405,38588,183
100,0,blank,0,-429,-105,38588,38621,33
100,0,blank,0,-429,-105,38621,39681,1060
100,0,blank,0,-429,-105,39681,39860,179
100,0,blank,0,-429,-105,39860,40059,199
100,0,blank,0,-429,-105,40059,40214,155
100,0,blank,0,-429,-105,40214,41030,816
100,0,blank,0,-429,-105,41030,41202,172
100,0,blank,0,-429,-105,41202,41398,196
100,0,blank,0,-429,-105,41398,41584,186
100,0,blank,0,-429,-105,41584,41768,184
100,0,blank,0,-429,-105,41768,41954,186
100,0,blank,0,-429,-105,41954,42140,186
100,0,blank,0,-429,-105,42140,42773,633
100,0,blank,0,-429,-105,42773,42886,113
100,0,blank,0,-429,-105,42886,43903,1017
100,0,blank,0,-429,-105,43903,44081,178
100,0,blank,0,-429,-105,44081,44274,193
100,0,blank,0,-429,-105,44274,44439,165
100,0,blank,0,-429,-105,44439,44625,186
100,0,blank,0,-429,-105,44625,44811,186
100,0,blank,0,-429,-105,44811,44992,181
100,0,blank,0,-429,-105,44992,45174,182
100,0,blank,0,-429,-105,45174,45355,181
100,0,blank,0,-429,-105,45355,45536,181
100,0,blank,0,-429,-105,45536,45641,105
100,0,blank,0,-429,-105,46375,46440,65
100,0,blank,0,-429,-105,46604,47092,488
100,0,blank,0,-429,-105,47092,47284,192
100,0,blank,0,-429,-105,47284,47335,51
100,0,blank,0,-429,-105,47335,47985,650
100,0,blank,0,-429,-105,47985,48181,196
100,0,blank,0,-429,-105,48181,48284,103
100,0,blank,0,-429,-105,48284,48602,318
100,0,blank,0,-429,-105,48602,48702,100
100,0,blank,0,-429,-105,48702,49179,477
100,0,blank,0,72.5535,570.2888,49555,49654,99
100,28,partition,160,128.10945,612.60125,49699,49829,130
100,53,mid,303,158.0984,640.1064,49871,49911,40
100,0,blank,0,-429,-105,49998,50179,181
100,0,blank,0,-429,-105,50179,50378,199
100,0,blank,0,-429,-105,50378,50570,192
100,0,blank,0,-429,-105,50570,50754,184
100,0,blank,0,-429,-105,50754,50779,25
100,0,blank,0,-429,-105,50779,50964,185
100,0,blank,0,-429,-105,50964,51087,123
100,0,blank,0,334.3301,508.381,51120,51142,22
100,41,list,259,264.684075,576.00235,51188,51356,168
100,57,[,326,272.86665,576.85845,51356,51442,86
100,0,blank,0,-429,-105,51480,51624,144
100,0,blank,0,-429,-105,51624,51682,58
100,0,blank,0,-429,-105,51818,51986,168
100,0,blank,0,-429,-105,51986,52136,150
100,0,blank,0,-429,-105,52136,52405,269
100,0,blank,0,-429,-105,52405,52587,182
100,0,blank,0,-429,-105,52587,52756,169
100,0,blank,0,-429,-105,52756,52953,197
100,0,blank,0,-429,-105,52953,53090,137
100,0,blank,0,-429,-105,53090,53248,158
100,0,blank,0,-429,-105,53248,53408,160
100,0,blank,0,132.1555,769.5633,53434,53546,112
100,0,blank,0,-429,-105,53740,53906,166
100,0,blank,0,-429,-105,53906,54104,198
100,0,blank,0,-429,-105,54104,54147,43
100,0,blank,0,-429,-105,54147,54313,166
100,0,blank,0,39.0672,486.9182,54397,54844,447
100,0,blank,0,-429,-105,54981,55165,184
100,0,blank,0,-429,-105,55165,55190,25
100,28,partition,160,132.7626,603.0566,55722,55754,32
100,28,partition,160,171.9788,605.5207,55754,55941,187
100,28,partition,160,148.1498,608.038,55941,56076,135
100,28,list,162,214.9572,603.7953,56076,56149,73
100,0,blank,0,-429,-105,56235,56369,134
100,28,list,162,192.336425,605.79805,56466,56661,195
100,28,comma,165,225.1517,615.4535,56661,56716,55
100,0,blank,0,-429,-105,56771,56948,177
100,0,blank,0,-429,-105,56948,57128,180
100,0,blank,0,-429,-105,57128,57310,182
100,0,blank,0,-429,-105,57310,57383,73
100,0,blank,0,-429,-105,57577,57759,182
100,0,blank,0,-429,-105,57759,57789,30
100,30,mergeSort,178,165.178766666667,644.6109,57821,57967,146
100,0,blank,0,-429,-105,58131,58275,144
100,0,blank,0,-429,-105,58275,58421,146
100,0,blank,0,-4.197,648.2166,58535,58660,125
100,0,blank,0,-429,-105,58719,58880,161
100,28,partition,160,134.3716,608.5746,59143,59287,144
100,69,for,366,66.3882,608.2588,59385,59469,84
100,0,blank,0,-429,-105,59579,59753,174
100,0,blank,0,-429,-105,59753,59934,181
100,0,blank,0,-429,-105,59934,60021,87
100,0,blank,0,-429,-105,60021,60617,596
100,0,blank,0,-429,-105,60617,60814,197
100,0,blank,0,-429,-105,60814,60918,104
100,0,blank,0,-429,-105,60982,61091,109
100,0,blank,0,-429,-105,61974,62220,246
100,0,blank,0,-429,-105,62220,62362,142
100,0,blank,0,11.4878,286.6817,62394,62564,170
100,12,list,73,230.8824,245.573266666667,63074,63206,132
100,0,blank,0,-44.2033,327.8157,63545,63648,103
100,16,i,106,84.16675,339.6762,63941,64093,152
100,15,printf,91,64.9174,316.3238,64193,64294,101
100,0,blank,0,-429,-105,64394,64579,185
100,0,blank,0,-429,-105,64579,64760,181
100,0,blank,0,-429,-105,64760,64946,186
100,0,blank,0,-429,-105,64946,65049,103
100,61,else,335,197.2885,487.23115,65124,65230,106
100,0,blank,0,-429,-105,65296,65429,133
100,0,blank,0,-429,-105,65429,65504,75
100,0,blank,0,-429,-105,65603,65745,142
100,0,blank,0,-429,-105,65745,65911,166
100,0,blank,0,-429,-105,65911,66029,118
100,0,blank,0,-9.13735,620.2615,66102,66183,81
100,0,blank,0,72.5558,620.23745,66256,66359,103
100,16,0,100,129.946933333333,337.645566666667,66588,66684,96
100,0,blank,0,41.0382,309.1204,66810,66916,106
100,0,blank,0,-429,-105,67290,67475,185
100,0,blank,0,-429,-105,67475,67559,84
100,0,blank,0,-429,-105,68760,68951,191
100,0,blank,0,-429,-105,68951,68984,33
100,25,low,145,100.978716666667,533.428783333333,69157,69340,183
100,0,blank,0,56.20282,552.24636,69340,69503,163
100,0,blank,0,-429,-105,69538,69691,153
100,0,blank,0,-429,-105,69691,69796,105
100,14,size,86,263.2476,306.6211,69839,69882,43
100,14,comma,85,217.9347,293.2177,69949,69974,25
100,22,void,125,25.2157166666667,474.784883333333,70005,70196,191
100,18,"%d",112,170.7871,393.4166,70946,70985,39
100,0,blank,0,-429,-105,71340,71509,169
100,0,blank,0,-429,-105,71509,71583,74
100,0,blank,0,-429,-105,71741,71811,70
100,28,partition,160,163.6183,598.619566666667,71891,71990,99
100,16,),108,279.735333333333,340.530533333333,72022,72214,192
100,57,],328,289.973283333333,347.452966666667,72214,72401,187
100,15,"Aftermergesort:\n",93,261.531,316.5956,72401,72431,30
100,16,),108,275.4191,334.4468,72624,72720,96
100,28,partition,160,130.454266666667,615.738333333333,73070,73217,147
100,28,partition,160,107.98845,605.49635,73217,73361,144
100,0,blank,0,-429,-105,73410,73562,152
100,55,mi,310,174.4364,664.1948,73622,73693,71
100,0,blank,0,-429,-105,73759,73945,186
100,0,blank,0,-429,-105,73945,74029,84
100,0,blank,0,95.1489,557.82344,74062,74252,190
100,41,list,259,143.772166666667,560.58,74252,74349,97
100,0,blank,0,-429,-105,74383,74517,134
100,0,blank,0,174.3905,640.3849,74542,74569,27
100,28,(,161,181.680025,604.499475,74657,74786,129
100,69,for,366,60.30085,600.55095,74877,74979,102
100,0,blank,0,73.1945,591.0643,74979,75078,99
100,0,blank,0,-429,-105,75125,75257,132
100,28,partition,160,94.4424,597.2691,75595,75682,87
100,0,blank,0,-429,-105,75736,75921,185
100,0,blank,0,-429,-105,75921,76101,180
100,0,blank,0,-429,-105,76101,76289,188
100,0,blank,0,-429,-105,76289,76465,176
100,0,blank,0,-429,-105,76465,76603,138
100,0,blank,0,-429,-105,76603,76784,181
100,0,blank,0,-429,-105,76784,76897,113
100,0,blank,0,-429,-105,76897,77153,256
100,0,blank,0,-429,-105,77153,77343,190
100,0,blank,0,-429,-105,77343,77519,176
100,0,blank,0,37.2145,611.4834,77730,77793,63
100,0,blank,0,-429,-105,77926,78003,77
100,0,blank,0,-429,-105,78196,78340,144
100,0,blank,0,-429,-105,78340,78481,141
100,0,blank,0,-429,-105,78481,78652,171
100,0,blank,0,-429,-105,78652,78826,174
100,0,blank,0,-429,-105,78826,79021,195
100,0,blank,0,-429,-105,79021,79089,68
100,0,blank,0,-429,-105,79299,79471,172
100,0,blank,0,-429,-105,79471,79627,156
100,29,list,171,188.5015,626.107225,79670,79841,171
100,29,list,171,204.57425,633.90135,79841,80008,167
100,30,(,179,179.6633,645.0228,80008,80046,38
100,0,blank,0,-429,-105,80089,80237,148
100,29,partition,169,129.9924,625.327366666667,80473,80577,104
100,0,blank,0,-429,-105,80631,80810,179
100,0,blank,0,-429,-105,80810,81002,192
100,0,blank,0,-429,-105,81002,81159,157
100,0,blank,0,-429,-105,81159,81400,241
100,0,blank,0,-429,-105,81400,81542,142
100,29,partition,169,146.241033333333,638.833333333333,81589,81731,142
100,0,blank,0,-429,-105,81776,81954,178
100,0,blank,0,-429,-105,81954,82135,181
100,0,blank,0,-429,-105,82135,82323,188
100,0,blank,0,-429,-105,82323,82428,105
100,0,blank,0,-429,-105,82428,82617,189
100,0,blank,0,-429,-105,82915,83076,161
100,0,blank,0,-429,-105,83076,83170,94
100,30,mergeSort,178,130.6281,652.7369,83207,83340,133
100,71,list,380,58.3325,648.8604,83340,83501,161
100,0,blank,0,32.6982,619.1711,83501,83628,127
100,0,blank,0,19.1385,607.3015,83628,83713,85
100,0,blank,0,-429,-105,83751,83925,174
100,0,blank,0,-429,-105,83925,84112,187
100,0,blank,0,-429,-105,84112,84170,58
100,0,blank,0,-429,-105,84170,84348,178
100,0,blank,0,-429,-105,84348,84547,199
100,0,blank,0,-429,-105,84547,84696,149
100,12,[,74,266.62925,262.83295,84880,84949,69
100,0,blank,0,-429,-105,85027,85203,176
100,0,blank,0,76.88055,619.18605,85333,85390,57
100,0,blank,0,-429,-105,85422,85585,163
100,28,list,162,200.6379,602.97695,85745,85904,159
100,29,list,171,186.972666666667,623.550266666667,85937,86064,127
100,29,list,171,219.5714,637.0338,86064,86173,109
100,0,blank,0,-429,-105,86222,86400,178
100,0,blank,0,-429,-105,86400,86580,180
100,0,blank,0,-429,-105,86580,86637,57
100,0,blank,0,-429,-105,86637,86822,185
100,0,blank,0,-429,-105,87202,87392,190
100,0,blank,0,-429,-105,87612,87793,181
100,0,blank,0,-429,-105,87793,87998,205
100,0,blank,0,-429,-105,87998,88180,182
100,0,blank,0,-429,-105,88180,88352,172
100,0,blank,0,-429,-105,88352,88478,126
100,0,blank,0,-429,-105,88478,88681,203
100,0,blank,0,-429,-105,88681,88945,264
100,0,blank,0,-429,-105,88945,89232,287
100,0,blank,0,-429,-105,89394,89563,169
100,0,blank,0,-429.068466666667,-104.568133333333,89563,89754,191
100,0,blank,0,-429,-105,89754,89874,120
100,0,blank,0,-429,-105,89874,90070,196
100,0,blank,0,-429,-105,90070,90153,83
100,28,partition,160,99.15628,600.7774,90193,90371,178
100,54,{,305,51.57115,647.22675,90414,90493,79
100,0,blank,0,98.3499,715.9304,90493,90977,484
100,0,blank,0,-429,-105,91155,91302,147
100,0,blank,0,-429,-105,91302,91360,58
100,0,blank,0,-429,-105,91564,91766,202
100,0,blank,0,-429,-105,91766,91791,25
100,0,blank,0,-429,-105,91791,92103,312
100,0,blank,0,-429,-105,92103,92444,341
100,0,blank,0,-429,-105,92444,92517,73
100,29,mid,173,245.94605,636.22455,92559,92711,152
100,55,high,314,264.4088,677.1499,92711,92928,217
100,0,blank,0,-429,-105,93412,93593,181
100,0,blank,0,-429,-105,93593,93749,156
100,0,blank,0,-429,-105,93749,93900,151
100,0,blank,0,-429,-105,93900,94086,186
100,0,blank,0,-429,-105,94086,94243,157
100,0,blank,0,-429,-105,94243,94398,155
100,0,blank,0,-429,-105,94398,94550,152
100,0,blank,0,-429,-105,94550,94670,120
100,0,blank,0,-429,-105,94670,94785,115
100,0,blank,0,-429,-105,94785,95269,484
100,0,blank,0,-429,-105,95269,95413,144
100,0,blank,0,-429,-105,95413,95546,133
100,0,blank,0,-429,-105,95546,95640,94
100,0,blank,0,-429,-105,95640,95883,243
100,0,blank,0,-429,-105,95883,95953,70
100,0,blank,0,-429,-105,95953,96168,215
100,0,blank,0,-429,-105,96168,96335,167
100,0,blank,0,-429,-105,96335,96482,147
100,0,blank,0,-429,-105,96482,96624,142
100,0,blank,0,-429,-105,96624,96801,177
100,0,blank,0,-429,-105,96801,96952,151
100,0,blank,0,-429,-105,96952,97080,128
100,0,blank,0,-429,-105,97080,97153,73
100,0,blank,0,-429,-105,97153,97359,206
100,0,blank,0,-429,-105,97527,97662,135
100,0,blank,0,-429,-105,97662,97854,192
100,0,blank,0,-429,-105,97854,98023,169
100,0,blank,0,-429,-105,98023,98065,42
100,0,blank,0,-429,-105,98065,98293,228
100,0,blank,0,-429,-105,98293,98523,230
100,0,blank,0,-429,-105,98523,98694,171
100,0,blank,0,-429,-105,98694,98889,195
100,0,blank,0,-429,-105,98889,99042,153
100,0,blank,0,-429,-105,99042,99238,196
100,0,blank,0,-429,-105,99238,99412,174
100,0,blank,0,-429,-105,99412,99543,131
100,0,blank,0,-429,-105,99543,99979,436
100,0,blank,0,-429,-105,99979,100109,130
101,0,blank,0,-30.1341,89.3551,101881,102002,121
101,0,blank,0,-429,-105,102071,102151,80
101,0,blank,0,-429,-105,102528,102677,149
101,0,blank,0,-429,-105,102677,102772,95
101,0,blank,0,-429,-105,102772,102900,128
101,0,blank,0,-429,-105,102900,103032,132
101,0,blank,0,-429,-105,103032,103224,192
101,0,blank,0,-429,-105,103224,103418,194
101,0,blank,0,-429,-105,103418,103613,195
101,0,blank,0,-429,-105,103613,103763,150
101,0,blank,0,-429,-105,103763,103886,123
101,0,blank,0,-429,-105,103886,104071,185
101,0,blank,0,-429,-105,104071,104267,196
101,0,blank,0,-429,-105,104267,104442,175
101,0,blank,0,-429,-105,104442,104638,196
101,0,blank,0,-429,-105,104638,104819,181
101,0,blank,0,-429,-105,104819,104984,165
101,0,blank,0,-429,-105,104984,105160,176
101,0,blank,0,-429,-105,105160,105358,198
101,0,blank,0,-429,-105,105358,105524,166
101,0,blank,0,-429,-105,105524,105712,188
101,0,blank,0,-429,-105,105712,105866,154
101,0,blank,0,-83.0648,139.8207,105917,105973,56
101,0,blank,0,-429,-105,106296,106495,199
101,0,blank,0,-429,-105,106495,106666,171
101,0,blank,0,-429,-105,106666,106786,120
101,0,blank,0,-6.7919,108.52845,106845,106995,150
101,0,blank,0,-429,-105,107286,107366,80
101,0,blank,0,-429,-105,107433,107626,193
101,0,blank,0,-429,-105,107837,107997,160
101,0,blank,0,-429,-105,107997,108139,142
101,0,blank,0,-429,-105,108139,108330,191
101,0,blank,0,-429,-105,108330,108478,148
101,0,blank,0,-429,-105,108478,108648,170
101,0,blank,0,-429,-105,108648,108814,166
101,0,blank,0,-429,-105,108814,109008,194
101,0,blank,0,-429,-105,109008,109175,167
101,39,high,248,402.1859,117.2967,109215,109267,52
101,0,blank,0,-429,-105,109344,109522,178
101,0,blank,0,-429,-105,109522,109641,119
101,0,blank,0,-429,-105,109753,109952,199
101,0,blank,0,-429,-105,109952,110131,179
101,0,blank,0,-429,-105,110131,110298,167
101,0,blank,0,-429,-105,110298,110483,185
101,0,blank,0,-429,-105,110483,110679,196
101,0,blank,0,-429,-105,110679,110855,176
101,0,blank,0,-56.9179,164.23398,110897,111086,189
101,0,blank,0,-77.51235,155.72635,111086,111191,105
101,0,blank,0,-429,-105,111256,111416,160
101,0,blank,0,-429,-105,111416,111513,97
101,0,blank,0,-105.16475,124.6055,111547,111637,90
101,0,blank,0,-107.089033333333,133.473766666667,111673,111777,104
101,23,{,139,9.59821666666666,499.2668,111807,112002,195
101,0,blank,0,-3.51243333333333,492.46925,112002,112198,196
101,0,blank,0,-6.48476666666666,498.802516666667,112198,112389,191
101,0,blank,0,-25.72825,508.31275,112389,112451,62
101,43,],273,187.488833333333,214.707033333333,112736,112923,187
101,10,size,62,202.724033333333,209.4507,112923,113022,99
101,43,i,267,183.7963,205.0309,113022,113357,335
101,41,list,259,142.6234,172.2283,113357,113387,30
101,0,blank,0,-429,-105,113459,113593,134
101,35,[,219,270.467066666667,243.5428,113702,113893,191
101,48,list,286,274.05525,233.0784,113893,113957,64
101,0,blank,0,-429,-105,114095,114245,150
101,0,blank,0,-429,-105,114245,114430,185
101,0,blank,0,-429,-105,114430,114616,186
101,0,blank,0,-429,-105,114616,114786,170
101,0,blank,0,-429,-105,114786,114846,60
101,0,blank,0,-429,-105,115007,115049,42
101,55,mi,310,117.2653,357.0179,115288,115354,66
101,0,blank,0,-429,-105,115828,115893,65
101,0,blank,0,-429,-105,115893,116053,160
101,0,blank,0,-429,-105,116053,116272,219
101,0,blank,0,174.3076,427.1641,116355,116532,177
101,57,temp,320,160.6118,341.03675,116532,116668,136
101,55,;,315,137.9534,393.551275,116769,116909,140
101,63,for,337,70.7255,486.1597,117153,117187,34
101,0,blank,0,-429,-105,117541,117719,178
101,0,blank,0,-429,-105,117719,117904,185
101,33,void,191,19.2924,200.2512,117934,117963,29
101,0,blank,0,-429,-105,118053,118193,140
101,41,list,259,76.5498,153.32425,118229,118346,117
101,0,blank,0,-5.02949999999998,132.6374,118692,118798,106
101,0,blank,0,-1.69585999999999,109.5598,118903,119099,196
101,0,blank,0,-32.054,85.922,119099,119131,32
101,0,blank,0,-429,-105,119201,119282,81
101,0,blank,0,3.95519999999999,94.6584,119331,119384,53
101,0,blank,0,-429,-105,119423,119606,183
101,0,blank,0,31.4879333333333,102.328266666667,119628,119718,90
101,0,blank,0,-429,-105,119785,119931,146
101,29,partition,169,125.868783333333,112.4946,119977,120175,198
101,30,list,180,190.95395,119.76615,120175,120241,66
101,0,blank,0,-1.06854999999999,172.8554,120709,120806,97
101,0,blank,0,-429,-105,121032,121215,183
101,0,blank,0,-429,-105,121215,121243,28
101,0,blank,0,0.703300000000013,229.6727,121412,121506,94
101,0,blank,0,-429,-105,121627,121715,88
101,41,lo,256,59.61062,167.45048,121860,122040,180
101,0,blank,0,0.966666666666678,198.939833333333,122040,122235,195
101,0,blank,0,-11.31238,191.70042,122235,122401,166
101,0,blank,0,2.94796666666665,170.6942,122401,122500,99
101,0,blank,0,-429,-105,122532,122648,116
101,0,blank,0,26.6464,211.5701,122674,122700,26
101,0,blank,0,-429,-105,122736,122845,109
101,0,blank,0,-429,-105,122845,122939,94
101,36,=,224,74.887,205.62695,123175,123234,59
101,0,blank,0,-429,-105,123267,123378,111
101,0,blank,0,-429,-105,123581,123760,179
101,0,blank,0,-429,-105,123760,123938,178
101,0,blank,0,-429,-105,123938,124102,164
101,0,blank,0,-429,-105,124102,124174,72
101,0,blank,0,-429,-105,124174,124482,308
101,0,blank,0,-429,-105,124482,124822,340
101,0,blank,0,-429,-105,124822,124902,80
101,0,blank,0,-429,-105,124902,125076,174
101,0,blank,0,-429,-105,125076,125243,167
101,0,blank,0,-429,-105,125243,125417,174
101,0,blank,0,-429,-105,125417,125596,179
101,0,blank,0,-429,-105,125596,125723,127
101,0,blank,0,-429,-105,125723,125863,140
101,0,blank,0,-429,-105,125863,126253,390
101,0,blank,0,-429,-105,126253,126357,104
101,0,blank,0,-429,-105,126357,126829,472
101,0,blank,0,-429,-105,126829,127001,172
101,0,blank,0,-429,-105,127001,127107,106
101,0,blank,0,-429,-105,127107,127487,380
101,0,blank,0,-429,-105,127487,127665,178
101,0,blank,0,-429,-105,127665,127823,158
101,0,blank,0,-429,-105,127823,127907,84
101,0,blank,0,-429,-105,128120,128303,183
101,0,blank,0,-429,-105,128303,128483,180
101,0,blank,0,-429,-105,128483,128623,140
101,0,blank,0,-429,-105,129466,129651,185
101,0,blank,0,-429,-105,129651,129677,26
101,35,temp,218,243.4196,239.40215,130180,130275,95
101,0,blank,0,-429,-105,130375,130571,196
101,0,blank,0,-429,-105,130571,130752,181
101,0,blank,0,-429,-105,130752,130851,99
101,0,blank,0,-429,-105,130851,131373,522
101,0,blank,0,-429,-105,131373,131746,373
101,0,blank,0,-429,-105,131746,131849,103
101,0,blank,0,-429,-105,131922,132040,118
101,0,blank,0,-429,-105,132609,132821,212
101,24,int,140,64.9354,204.9287,132888,132930,42
101,48,],289,219.174133333333,223.658166666667,132967,133078,111
101,0,blank,0,-429,-105,133139,133220,81
101,33,void,191,37.91725,182.99285,133408,133483,75
101,0,blank,0,-429,-105,133847,133937,90
101,0,blank,0,-429,-105,134134,134330,196
101,0,blank,0,-429,-105,134330,134509,179
101,0,blank,0,-429,-105,134509,134611,102
101,0,blank,0,-429,-105,134611,135217,606
101,0,blank,0,-429,-105,135217,135367,150
101,0,blank,0,-429,-105,135367,135420,53
101,0,blank,0,-429,-105,135653,135846,193
101,0,blank,0,-429,-105,135846,136029,183
101,0,blank,0,-429,-105,136029,136199,170
101,0,blank,0,-429,-105,136199,136726,527
101,0,blank,0,-429,-105,136726,137226,500
101,0,blank,0,-429,-105,137226,137419,193
101,0,blank,0,-429,-105,137419,137464,45
101,0,blank,0,-429,-105,137891,138045,154
101,53,if,299,54.2635,256.96836,138075,138268,193
101,0,blank,0,-29.6623666666667,262.1623,138268,138465,197
101,0,blank,0,-34.3359333333333,259.827,138465,138573,108
101,0,blank,0,-429,-105,138767,138910,143
101,0,blank,0,-429,-105,138910,139021,111
101,0,blank,0,40.6713666666667,267.04085,139065,139260,195
101,0,blank,0,37.1798666666667,256.500716666667,139260,139453,193
101,37,i,227,53.4020166666667,270.2075,139453,139647,194
101,0,blank,0,27.7986,247.3152,139647,139717,70
101,0,blank,0,-429,-105,139783,139943,160
101,0,blank,0,-30.5036,293.6732,140055,140080,25
101,14,partition,80,56.0215,290.351666666667,140575,140731,156
101,0,blank,0,15.5813,269.3735,140731,140780,49
101,55,(,307,127.186,292.5201,140886,140940,54
101,0,blank,0,-429,-105,141109,141291,182
101,0,blank,0,-429,-105,141291,141508,217
101,0,blank,0,-429,-105,141508,141660,152
101,0,blank,0,-429,-105,141660,142311,651
101,0,blank,0,-429,-105,142311,142878,567
101,0,blank,0,-429,-105,142878,143064,186
101,0,blank,0,-429,-105,143633,143701,68
101,0,blank,0,-429,-105,143701,143893,192
101,0,blank,0,-429,-105,143893,144076,183
101,0,blank,0,-429,-105,144076,144258,182
101,0,blank,0,-429,-105,144258,144450,192
101,0,blank,0,-429,-105,144450,144634,184
101,0,blank,0,-429,-105,144634,144822,188
101,0,blank,0,-429,-105,144822,144986,164
101,0,blank,0,-429,-105,144986,145156,170
101,0,blank,0,-429,-105,145156,145321,165
101,0,blank,0,-429,-105,145321,145482,161
101,0,blank,0,-429,-105,145482,145595,113
101,0,blank,0,-429,-105,145595,146063,468
101,0,blank,0,-429,-105,146063,146245,182
101,0,blank,0,-429,-105,146245,146325,80
101,0,blank,0,-429,-105,146325,146958,633
101,0,blank,0,-429,-105,146958,147155,197
101,0,blank,0,-429,-105,147155,147350,195
101,0,blank,0,-429,-105,147350,147541,191
101,0,blank,0,-429,-105,147541,147707,166
101,0,blank,0,-429,-105,147707,147847,140
101,0,blank,0,-429,-105,147847,148392,545
101,0,blank,0,-429,-105,148392,148455,63
101,0,blank,0,-429,-105,148455,148670,215
101,0,blank,0,-429,-105,148670,149074,404
101,0,blank,0,-429,-105,149074,149209,135
101,0,blank,0,-429,-105,149209,149332,123
101,0,blank,0,-429,-105,149332,149411,79
101,0,blank,0,-429,-105,149411,149574,163
101,0,blank,0,-429,-105,149574,149771,197
101,0,blank,0,-429,-105,149771,149814,43
101,0,blank,0,-429,-105,149814,150000,186
101,0,blank,0,-429,-105,150000,150161,161
101,0,blank,0,-429,-105,150161,150351,190
101,0,blank,0,-429,-105,150351,150504,153
101,0,blank,0,-429,-105,150504,150678,174
101,0,blank,0,-429,-105,150678,150783,105
101,0,blank,0,-429,-105,150783,150983,200
101,0,blank,0,-429,-105,150983,151066,83
101,0,blank,0,-429,-105,151066,151265,199
101,0,blank,0,-429,-105,151265,151463,198
101,0,blank,0,-429,-105,151463,151531,68
101,0,blank,0,-429,-105,151531,151735,204
101,0,blank,0,-429,-105,151735,151837,102
101,0,blank,0,-429,-105,151837,152504,667
101,0,blank,0,-429,-105,152504,153187,683
101,0,blank,0,-429,-105,153187,153248,61
102,0,blank,0,14.7463333333333,579.8626,153585,153737,152
102,0,blank,0,-16.1765666666667,480.3986,153737,153898,161
102,0,blank,0,-27.0161666666667,414.415733333333,153898,154054,156
102,0,blank,0,-39.0015,426.0133,154054,154105,51
102,0,blank,0,-56.6339,652.5654,154161,154212,51
102,0,blank,0,-0.473433333333342,605.329233333333,154348,154540,192
102,0,blank,0,-429,-105,154573,154718,145
102,0,blank,0,-31.7056,409.30625,154752,154935,183
102,0,blank,0,-47.255825,579.86025,154988,155181,193
102,0,blank,0,-96.4325,600.14595,155181,155278,97
102,0,blank,0,-429,-105,155323,155498,175
102,0,blank,0,-429,-105,155498,155679,181
102,0,blank,0,-429,-105,155679,155866,187
102,0,blank,0,-429,-105,155866,155972,106
102,0,blank,0,-429,-105,156432,157226,794
102,0,blank,0,-429,-105,157226,157326,100
102,0,blank,0,-429,-105,157617,157816,199
102,0,blank,0,-429,-105,157816,158001,185
102,0,blank,0,-429,-105,158001,158118,117
102,0,blank,0,-429,-105,158118,158521,403
102,0,blank,0,-429,-105,158521,158557,36
102,0,blank,0,-14.8915,300.2767,158944,158992,48
102,0,blank,0,-429,-105,159158,159342,184
102,0,blank,0,-429,-105,159342,159522,180
102,0,blank,0,-429,-105,159522,159610,88
102,0,blank,0,-429,-105,159610,159810,200
102,0,blank,0,-429,-105,159810,159880,70
102,0,blank,0,-429,-105,159880,160161,281
102,0,blank,0,-429,-105,160161,160230,69
102,0,blank,0,-429,-105,160230,160506,276
102,0,blank,0,-429,-105,160506,160806,300
102,0,blank,0,-429,-105,160806,161109,303
102,0,blank,0,-429,-105,161109,161308,199
102,0,blank,0,-429,-105,161308,161505,197
102,0,blank,0,-429,-105,161505,161589,84
102,0,blank,0,-429,-105,161589,161829,240
103,0,blank,0,-429,-105,163166,163294,128
103,0,blank,0,-429,-105,163294,163429,135
103,0,blank,0,-429,-105,163429,163567,138
103,0,blank,0,-429,-105,163567,163697,130
103,0,blank,0,-429,-105,163697,163833,136
103,0,blank,0,-429,-105,163833,164038,205
103,0,blank,0,-429,-105,164038,164305,267
103,0,blank,0,-429,-105,164305,164665,360
103,0,blank,0,-429,-105,164665,164839,174
103,0,blank,0,-429,-105,164839,165034,195
103,0,blank,0,-429,-105,165034,165191,157
103,0,blank,0,-429,-105,165191,165255,64
103,0,blank,0,-429,-105,165255,165507,252
103,0,blank,0,-429,-105,165507,165687,180
103,0,blank,0,-429,-105,165687,165821,134
103,0,blank,0,-429,-105,165821,166007,186
103,0,blank,0,-429,-105,166007,166179,172
103,0,blank,0,-429,-105,166179,166377,198
103,0,blank,0,-429,-105,166377,166559,182
103,0,blank,0,-429,-105,166559,166717,158
103,0,blank,0,-429,-105,166717,166864,147
103,0,blank,0,-429,-105,166864,167063,199
103,0,blank,0,-429,-105,167063,167237,174
103,0,blank,0,-429,-105,167237,167408,171
103,0,blank,0,-429,-105,167408,167595,187
103,0,blank,0,-429,-105,167595,167769,174
103,0,blank,0,-429,-105,167769,167926,157
103,0,blank,0,-429,-105,167926,168102,176
103,0,blank,0,-429,-105,168102,168248,146
103,0,blank,0,-429,-105,168248,168429,181
103,0,blank,0,-429,-105,168429,168597,168
103,0,blank,0,-429,-105,168597,168740,143
103,0,blank,0,-429,-105,168740,168902,162
103,0,blank,0,-429,-105,168902,168983,81
103,0,blank,0,-429,-105,168983,169112,129
103,0,blank,0,-429,-105,169112,169279,167
103,0,blank,0,-429,-105,169279,169461,182
103,0,blank,0,-429,-105,169461,169555,94
103,0,blank,0,-429,-105,169555,169673,118
103,0,blank,0,-429,-105,169673,169798,125
103,0,blank,0,-429,-105,169798,170259,461
103,0,blank,0,-429,-105,170259,170473,214
103,0,blank,0,-429,-105,170473,170639,166
103,0,blank,0,-429,-105,170639,170796,157
103,0,blank,0,-429,-105,170796,171008,212
103,0,blank,0,-429,-105,171008,171202,194
103,0,blank,0,-429,-105,171202,171238,36
103,33,mergeSort,192,56.9298,138.7051,171539,171753,214
103,22,partition,126,66.8437,152.4506,171753,171903,150
103,0,blank,0,-429,-105,172058,172159,101
103,28,comma,165,227.22825,75.07185,172210,172275,65
103,35,comma,217,138.54585,42.2377,172319,172462,143
103,0,blank,0,-74.0592,153.5471,172515,172615,100
103,0,blank,0,-429,-105,172834,172916,82
103,0,blank,0,-429,-105,173076,173274,198
103,0,blank,0,-429,-105,173274,173437,163
103,0,blank,0,-429,-105,173437,173618,181
103,0,blank,0,-429,-105,173618,173795,177
103,0,blank,0,-429,-105,173795,173945,150
103,0,blank,0,-429,-105,173945,174023,78
103,0,blank,0,-429,-105,174023,174494,471
103,0,blank,0,-429,-105,174494,174656,162
103,0,blank,0,-429,-105,174656,174966,310
103,0,blank,0,-429,-105,174966,175367,401
103,0,blank,0,-429,-105,175367,175452,85
103,33,mergeSort,192,53.80892,387.5347,175832,176005,173
103,0,blank,0,-429,-105,176039,176237,198
103,0,blank,0,-429,-105,176237,176436,199
103,0,blank,0,-429,-105,176436,176591,155
103,0,blank,0,-429,-105,176591,176763,172
103,0,blank,0,-429,-105,176763,176942,179
103,0,blank,0,-429,-105,176942,177123,181
103,0,blank,0,-429,-105,177123,177319,196
103,0,blank,0,-429,-105,177319,177505,186
103,0,blank,0,-429,-105,177505,177696,191
103,0,blank,0,-429,-105,177696,177890,194
103,0,blank,0,-429,-105,177890,177996,106
103,0,blank,0,-429,-105,177996,178549,553
103,0,blank,0,-429,-105,178549,178731,182
103,0,blank,0,-429,-105,178731,179073,342
103,0,blank,0,-429,-105,179073,179268,195
103,0,blank,0,-429,-105,179268,179444,176
103,0,blank,0,-429,-105,179444,179605,161
103,0,blank,0,-429,-105,179605,179771,166
103,0,blank,0,-429,-105,179771,179900,129
103,0,blank,0,-429,-105,179900,180095,195
103,0,blank,0,-429,-105,180095,180234,139
103,0,blank,0,-429,-105,180234,180303,69
103,0,blank,0,-429,-105,180303,180466,163
103,0,blank,0,-429,-105,180466,180774,308
103,0,blank,0,-429,-105,180774,180906,132
103,0,blank,0,-429,-105,180906,181018,112
103,0,blank,0,-429,-105,181018,181158,140
103,0,blank,0,-429,-105,181158,181309,151
103,0,blank,0,-429,-105,181309,181541,232
103,0,blank,0,-429,-105,181541,181740,199
103,0,blank,0,-429,-105,181740,181917,177
103,0,blank,0,-429,-105,181917,182106,189
103,0,blank,0,-429,-105,182106,182244,138
103,0,blank,0,-429,-105,182244,182411,167
103,0,blank,0,-429,-105,182411,182610,199
103,0,blank,0,-429,-105,182610,182779,169
103,0,blank,0,-429,-105,182779,182956,177
103,0,blank,0,-429,-105,182956,183075,119
103,0,blank,0,-429,-105,183075,183263,188
103,0,blank,0,-429,-105,183263,183441,178
103,0,blank,0,-429,-105,183441,183630,189
103,0,blank,0,-429,-105,183630,183806,176
103,46,else,279,106.0986,340.9244,183857,183908,51
103,0,blank,0,-429,-105,184001,184127,126
103,0,blank,0,-429,-105,184127,184306,179
103,0,blank,0,-429,-105,184306,184441,135
103,0,blank,0,-429,-105,184441,184601,160
103,0,blank,0,-429,-105,184601,184755,154
103,0,blank,0,-429,-105,184755,184863,108
103,0,blank,0,-429,-105,184863,185001,138
103,0,blank,0,-429,-105,185001,185189,188
103,0,blank,0,-429,-105,185189,185307,118
103,0,blank,0,-429,-105,185307,185482,175
103,0,blank,0,-429,-105,185482,185635,153
103,0,blank,0,-429,-105,185635,185800,165
103,0,blank,0,-429,-105,185800,185964,164
103,0,blank,0,-429,-105,185964,186151,187
103,0,blank,0,-429,-105,186151,186348,197
103,0,blank,0,-429,-105,186348,186535,187
103,0,blank,0,-429,-105,186535,186613,78
103,0,blank,0,-429,-105,186613,186785,172
103,0,blank,0,-429,-105,186785,186955,170
103,0,blank,0,-429,-105,186955,187103,148
103,0,blank,0,-429,-105,187103,187300,197
103,0,blank,0,-429,-105,187300,187467,167
103,0,blank,0,-429,-105,187467,187663,196
103,0,blank,0,-429,-105,187663,187764,101
103,0,blank,0,-429,-105,187764,187885,121
103,0,blank,0,-429,-105,187885,188032,147
103,0,blank,0,-429,-105,188032,188231,199
103,0,blank,0,-429,-105,188231,188415,184
103,0,blank,0,-429,-105,188415,188541,126
103,0,blank,0,-429,-105,188541,188719,178
103,0,blank,0,-429,-105,188719,188844,125
103,0,blank,0,-429,-105,188844,188967,123
103,0,blank,0,-429,-105,188967,189147,180
103,0,blank,0,-429,-105,189147,189346,199
103,0,blank,0,-429,-105,189346,189542,196
103,0,blank,0,-429,-105,189542,189717,175
103,0,blank,0,-429,-105,189717,189896,179
103,0,blank,0,-429,-105,189896,190080,184
103,0,blank,0,-429,-105,190080,190228,148
103,0,blank,0,-429,-105,190228,190397,169
103,0,blank,0,-429,-105,190397,190519,122
103,0,blank,0,-429,-105,190519,190702,183
103,0,blank,0,-429,-105,190702,190859,157
103,0,blank,0,-429,-105,190859,191042,183
103,0,blank,0,-429,-105,191042,191142,100
103,0,blank,0,-429,-105,191142,191317,175
103,0,blank,0,-429,-105,191490,191679,189
103,0,blank,0,-429,-105,191679,191845,166
103,0,blank,0,-429,-105,192841,193039,198
103,0,blank,0,-429,-105,193039,193171,132
103,0,blank,0,-429,-105,193171,193333,162
103,0,blank,0,-86.0653,386.968,193365,193436,71
103,0,blank,0,-13.0381,283.353533333333,193468,193666,198
103,0,blank,0,37.97645,263.08465,193666,193838,172
103,45,},278,85.311,258.8935,193868,193904,36
103,41,<=,258,228.5036,178.4624,194185,194228,43
103,12,list,73,263.29,248.396,194412,194505,93
103,0,blank,0,-429,-105,194883,195040,157
103,0,blank,0,-429,-105,195040,195216,176
103,0,blank,0,-429,-105,195216,195372,156
103,0,blank,0,-429,-105,195372,195587,215
103,0,blank,0,-429,-105,195587,195737,150
103,0,blank,0,-429,-105,195737,195835,98
103,0,blank,0,-429,-105,195835,195996,161
103,0,blank,0,-429,-105,195996,196185,189
103,0,blank,0,-429,-105,196185,196384,199
103,0,blank,0,-429,-105,196384,196568,184
103,0,blank,0,-429,-105,196568,196747,179
103,0,blank,0,-429,-105,196747,196790,43
103,0,blank,0,-429,-105,196790,196990,200
103,0,blank,0,-429,-105,196990,197185,195
103,0,blank,0,-429,-105,197185,197326,141
103,0,blank,0,-429,-105,197326,197393,67
103,43,temp,265,160.8384,210.8151,197619,197803,184
103,33,mergeSort,192,82.39008,135.9481,197803,197976,173
103,0,blank,0,15.5514,232.741075,198012,198153,141
103,0,blank,0,-429,-105,198981,199158,177
103,0,blank,0,-429,-105,199158,199304,146
103,0,blank,0,-429,-105,199304,199473,169
103,0,blank,0,-429,-105,199473,199626,153
103,0,blank,0,-429,-105,199626,199716,90
103,0,blank,0,-429,-105,199716,199874,158
103,0,blank,0,-429,-105,199874,200011,137
103,0,blank,0,-429,-105,200011,200114,103
103,0,blank,0,-429,-105,200114,200263,149
103,0,blank,0,-429,-105,200263,200437,174
103,0,blank,0,-429,-105,200437,200547,110
103,0,blank,0,-429,-105,200627,200826,199
103,0,blank,0,-429,-105,200826,200936,110
103,38,mid,233,93.0932,303.37355,201553,201738,185
103,38,=,232,73.5504,169.4631,201738,201782,44
103,46,else,279,120.90382,347.56636,201827,201996,169
103,49,mi,291,137.898183333333,343.3011,201996,202186,190
103,41,list,259,146.60445,304.38165,202186,202249,63
103,0,blank,0,-429,-105,202281,202462,181
103,0,blank,0,-119.0441,328.916,202491,202515,24
103,0,blank,0,-429,-105,202583,202700,117
103,35,int,209,56.3566666666667,234.300516666667,202843,203027,184
103,38,=,232,83.6493,301.557733333333,203027,203125,98
103,0,blank,0,-429,-105,203206,203398,192
103,0,blank,0,-429,-105,203398,203575,177
103,0,blank,0,-429,-105,203575,203763,188
103,0,blank,0,-429,-105,203763,203924,161
103,0,blank,0,-429,-105,204250,204299,49
103,0,blank,0,-429,-105,204299,204688,389
103,0,blank,0,-429,-105,204688,204762,74
103,0,blank,0,-429,-105,204762,205049,287
103,0,blank,0,-429,-105,205049,205417,368
103,0,blank,0,-429,-105,205417,205594,177
103,0,blank,0,-429,-105,205594,205857,263
103,0,blank,0,-429,-105,205857,206035,178
103,0,blank,0,-429,-105,206035,206066,31
103,0,blank,0,-429,-105,206066,207153,1087
103,0,blank,0,-429,-105,207153,207325,172
103,0,blank,0,-429,-105,207325,207429,104
103,0,blank,0,-429,-105,207429,207760,331
103,0,blank,0,-429,-105,207760,207884,124
103,0,blank,0,-429,-105,207884,208199,315
103,0,blank,0,-429,-105,208199,208425,226
103,0,blank,0,-429,-105,208425,208699,274
103,0,blank,0,-429,-105,208699,208730,31
103,0,blank,0,-429,-105,208730,209170,440
103,0,blank,0,-429,-105,209170,209315,145
103,0,blank,0,-429,-105,209315,209453,138
103,0,blank,0,-429,-105,209453,209531,78
103,0,blank,0,-429,-105,209531,209714,183
103,0,blank,0,-429,-105,209714,209864,150
103,0,blank,0,-429,-105,209864,210019,155
103,0,blank,0,-429,-105,210019,210209,190
103,0,blank,0,-429,-105,210209,210378,169
103,0,blank,0,-429,-105,210378,211055,677
103,0,blank,0,-429,-105,211055,211328,273
103,0,blank,0,-429,-105,211328,211515,187
103,0,blank,0,-429,-105,211515,211622,107
103,0,blank,0,-429,-105,211622,212035,413
103,0,blank,0,-429,-105,212035,212195,160
103,0,blank,0,-429,-105,212195,212397,202
103,0,blank,0,-429,-105,212397,212480,83
103,41,if,252,92.263425,375.37305,213229,213423,194
103,49,mi,291,142.317,345.5368,213423,213456,33
103,0,blank,0,-429,-105,213525,213661,136
103,57,=,324,209.865733333333,345.060433333333,213780,213865,85
103,0,blank,0,-429,-105,213927,214031,104
103,44,++,276,164.58216,389.51904,214207,214389,182
103,48,],289,186.391183333333,382.068016666667,214389,214579,190
103,33,int,205,181.07355,398.697,214579,214639,60
103,0,blank,0,-429,-105,214759,214957,198
103,0,blank,0,-429,-105,214957,215134,177
103,0,blank,0,-429,-105,215134,215327,193
103,0,blank,0,-429,-105,215327,215510,183
103,0,blank,0,-429,-105,215510,215645,135
103,0,blank,0,-429,-105,215645,215842,197
103,0,blank,0,-429,-105,215842,215873,31
103,0,blank,0,-429,-105,215873,216045,172
103,0,blank,0,-429,-105,216045,216217,172
103,0,blank,0,-429,-105,216217,216385,168
103,0,blank,0,-429,-105,216385,216577,192
103,0,blank,0,-429,-105,216577,216764,187
103,0,blank,0,-429,-105,216764,216893,129
103,0,blank,0,-429,-105,216893,217055,162
103,0,blank,0,-429,-105,217055,217244,189
103,0,blank,0,-429,-105,217244,217428,184
103,0,blank,0,-429,-105,217428,217616,188
103,0,blank,0,-429,-105,217616,217879,263
103,0,blank,0,-429,-105,218388,218491,103
103,0,blank,0,-429,-105,218491,218604,113
103,0,blank,0,-429,-105,218604,219069,465
103,0,blank,0,-429,-105,219069,219238,169
103,29,list,171,209.3476,298.8927,219332,219385,53
103,41,list,259,146.317133333333,357.92425,219585,219781,196
103,18,"%d",112,202.5226,377.14165,219781,219912,131
103,0,blank,0,-429,-105,219951,220115,164
103,33,mergeSort,192,71.01664,394.08554,220250,220413,163
103,33,void,191,37.3386333333333,392.2239,220516,220705,189
103,43,i,267,179.0604,416.1969,220758,220852,94
103,0,blank,0,-429,-105,221252,221439,187
103,0,blank,0,-429,-105,221439,221582,143
103,0,blank,0,-429,-105,221582,221787,205
103,0,blank,0,-429,-105,221787,221889,102
103,0,blank,0,-429,-105,221889,222316,427
103,0,blank,0,-429,-105,222316,222532,216
103,0,blank,0,-429,-105,222532,222878,346
103,0,blank,0,-429,-105,222878,223020,142
103,0,blank,0,-429,-105,223065,223751,686
103,0,blank,0,-429,-105,223751,223811,60
103,0,blank,0,-429,-105,223811,224109,298
103,0,blank,0,-429,-105,224109,224254,145
103,0,blank,0,-429,-105,224254,224415,161
103,0,blank,0,-429,-105,224415,224561,146
103,0,blank,0,14.0151,436.3977,224624,224752,128
103,0,blank,0,21.14964,416.59072,224849,225010,161
103,0,blank,0,-79.9761,375.6163,225043,225151,108
103,0,blank,0,-73.7178,405.16454,225187,225385,198
103,0,blank,0,-95.31865,376.108183333333,225385,225578,193
103,0,blank,0,-29.80255,382.69795,225578,225776,198
103,0,blank,0,-27.9218,389.553025,225776,225908,132
103,0,blank,0,40.5788,582.50018,225941,226111,170
103,0,blank,0,38.88144,581.56328,226111,226281,170
103,0,blank,0,30.63532,617.02218,226281,226450,169
103,0,blank,0,-429,-105,226484,226600,116
103,0,blank,0,-64.1376,504.0078,226754,226786,32
103,0,blank,0,-27.132575,494.707675,226853,226986,133
103,0,blank,0,-429,-105,227089,227210,121
103,0,blank,0,-5.04300000000001,502.233033333333,227427,227623,196
103,0,blank,0,-3.89481666666666,549.072516666667,227623,227822,199
103,0,blank,0,-2.08253999999999,544.48982,227822,227989,167
103,0,blank,0,24.35162,536.41346,227989,228157,168
103,53,>,302,116.6511,488.3962,228157,228227,70
103,0,blank,0,34.28556,522.6628,228267,228442,175
103,55,(,307,130.055,533.7237,228442,228581,139
103,0,blank,0,-429,-105,228649,228755,106
103,23,{,139,4.76831666666667,496.70125,228983,229172,189
103,0,blank,0,-5.83618333333333,460.2978,229172,229366,194
103,0,blank,0,-83.4100666666667,638.491233333333,229399,229592,193
103,0,blank,0,-74.20935,617.691,229592,229790,198
103,0,blank,0,-76.3633333333333,611.6314,229790,229886,96
103,0,blank,0,713.568833333333,440.6981,229950,230145,195
103,0,blank,0,797.464,446.9026,230177,230365,188
103,0,blank,0,798.632166666667,452.751516666667,230365,230552,187
103,0,blank,0,783.504333333333,457.291933333333,230552,230646,94
103,0,blank,0,807.278833333333,446.846666666667,230678,230867,189
103,61,else,335,60.1273,663.4187,230993,231109,116
103,0,blank,0,-28.8647,661.5797,231109,231231,122
103,0,blank,0,-87.00845,584.6163,231231,231386,155
104,0,blank,0,-429,-105,231670,231700,30
104,0,blank,0,-429,-105,231780,231969,189
104,0,blank,0,-429,-105,232091,232268,177
104,0,blank,0,-429,-105,232268,232450,182
104,0,blank,0,-429,-105,232450,232645,195
104,0,blank,0,-429,-105,232645,232717,72
104,0,blank,0,-6.38203999999999,549.04464,232749,232921,172
104,0,blank,0,-3.67244000000001,551.83352,232921,233093,172
104,54,{,305,51.1034,515.92306,233093,233259,166
104,51,i,295,90.41168,539.92458,233259,233429,170
104,55,for,306,113.1067,545.8326,233429,233562,133
104,0,blank,0,30.2463,541.5507,233562,233707,145
104,0,blank,0,-429,-105,233766,233911,145
104,54,{,305,48.4438666666667,506.682166666667,233939,234131,192
104,23,{,139,6.99830000000001,496.12934,234131,234328,197
104,53,if,299,52.8718666666667,496.43625,234328,234517,189
104,55,for,306,110.5568,486.501766666667,234517,234643,126
104,65,temp,351,106.1103,502.2803,234643,234760,117
104,0,blank,0,239.2481,497.0671,234869,234902,33
104,0,blank,0,-429,-105,234935,235097,162
104,53,),304,170.8644,572.9882,235123,235148,25
104,55,for,306,88.7766333333333,475.689,235221,235408,187
104,55,for,306,98.7477666666666,486.176583333333,235408,235601,193
104,53,if,299,52.8363333333333,489.648083333333,235601,235795,194
104,23,{,139,12.13665,492.6359,235795,235861,66
104,0,blank,0,757.119,500.6902,235958,235993,35
104,0,blank,0,595.80025,439.753325,236057,236238,181
104,0,blank,0,626.28364,526.32946,236238,236426,188
104,0,blank,0,649.232,463.67075,236426,236489,63
104,0,blank,0,743.727,490.7314,236520,236552,32
104,0,blank,0,776.863,549.2595,236685,236715,30
104,0,blank,0,127.54332,723.75986,236977,237153,176
104,0,blank,0,110.63372,713.92396,237153,237340,187
104,0,blank,0,92.7961,707.493775,237340,237467,127
105,0,blank,0,-429,-105,237787,237965,178
105,0,blank,0,-429,-105,237965,238137,172
105,0,blank,0,-429,-105,238137,238262,125
105,0,blank,0,-429,-105,238262,238339,77
105,0,blank,0,368.7891,626.9251,238381,238430,49
105,30,list,180,221.7146,642.2813,238635,238809,174
105,43,lo,272,284.202,605.7265,238809,238912,103
105,43,lo,272,290.0642,611.3925,238912,239030,118
105,0,blank,0,-429,-105,239588,239685,97
105,0,blank,0,-429,-105,239685,240000,315
105,0,blank,0,-429,-105,240000,240190,190
105,0,blank,0,-429,-105,240190,240361,171
105,0,blank,0,-429,-105,240361,240459,98
105,0,blank,0,-27.3684,266.25878,240484,240634,150
105,0,blank,0,-429,-105,240696,240829,133
105,0,blank,0,-429,-105,240939,241050,111
105,0,blank,0,947.941,639.8366,241103,241211,108
105,0,blank,0,870.2365,623.1006,241211,241397,186
105,0,blank,0,858.962,609.0655,241397,241487,90
105,0,blank,0,-112.2909,176.4873,241614,241715,101
105,0,blank,0,-429,-105,241803,241999,196
105,0,blank,0,-429,-105,241999,242179,180
105,0,blank,0,-429,-105,242179,242299,120
105,0,blank,0,-429,-105,242299,242527,228
105,0,blank,0,-429,-105,242527,242750,223
105,0,blank,0,-429,-105,242750,242924,174
105,0,blank,0,-429,-105,242924,243076,152
105,0,blank,0,-429,-105,243076,243223,147
105,0,blank,0,-429,-105,243223,243381,158
105,0,blank,0,-429,-105,243381,243555,174
105,0,blank,0,-429,-105,243555,243695,140
105,0,blank,0,-429,-105,243695,243872,177
105,0,blank,0,-429,-105,243872,244047,175
105,0,blank,0,-429,-105,244047,244223,176
105,0,blank,0,-429,-105,244223,244416,193
105,0,blank,0,-429,-105,244416,244444,28
105,0,blank,0,-429,-105,244444,245184,740
105,0,blank,0,-429,-105,245184,245367,183
105,0,blank,0,-429,-105,245367,245479,112
105,0,blank,0,-429,-105,245479,245589,110
105,0,blank,0,-429,-105,245589,246032,443
105,0,blank,0,-429,-105,246032,246148,116
105,0,blank,0,-429,-105,246148,246297,149
105,0,blank,0,-429,-105,246297,246368,71
105,0,blank,0,-51.8831,716.6713,246732,246904,172
105,0,blank,0,-88.90105,641.0796,246904,247003,99
105,0,blank,0,-34.8206,648.5642,247050,247095,45
105,0,blank,0,-46.4895,630.344,247143,247329,186
105,0,blank,0,-85.81286,616.78042,247329,247509,180
105,0,blank,0,-88.8988333333333,634.2802,247509,247608,99
105,0,blank,0,-429,-105,247859,248020,161
105,0,blank,0,-429,-105,248020,248205,185
105,0,blank,0,-429,-105,248205,248376,171
105,0,blank,0,-429,-105,248376,248409,33
105,0,blank,0,-34.95946,636.37654,248445,248633,188
105,0,blank,0,-64.35004,623.87784,248633,248802,169
105,0,blank,0,-58.82975,585.6888,248802,248870,68
105,0,blank,0,-53.319125,531.436125,248979,249173,194
105,0,blank,0,-62.4175,444.6495,249173,249367,194
105,0,blank,0,-61.457,447.605175,249367,249559,192
105,0,blank,0,-429,-105,249652,249850,198
105,0,blank,0,-429,-105,249850,250027,177
105,0,blank,0,-429,-105,250027,250208,181
105,0,blank,0,-429,-105,250208,250319,111
105,0,blank,0,824.096,586.2281,250533,250558,25
105,0,blank,0,10.292475,567.702475,250712,250851,139
105,0,blank,0,-429,-105,250952,251008,56
105,0,blank,0,-37.8191,576.77365,251033,251087,54
105,0,blank,0,-429,-105,251117,251276,159
105,0,blank,0,-47.1905666666667,496.375533333333,251309,251506,197
105,0,blank,0,-34.1006,527.6353,251506,251705,199
105,0,blank,0,-60.5584,551.6337,251705,251774,69
105,0,blank,0,-31.280875,462.4854,251811,251934,123
105,0,blank,0,-167.857033333333,311.1365,251966,252062,96
105,0,blank,0,-184.69385,362.38075,252096,252155,59
105,0,blank,0,-4.81229999999999,275.9031,252313,252339,26
105,0,blank,0,-94.9048,296.28275,252613,252795,182
105,0,blank,0,-54.5861666666667,214.6937,252842,252978,136
105,0,blank,0,-58.0047,181.0339,253024,253070,46
105,35,int,209,71.4899,191.466166666667,253119,253237,118
105,0,blank,0,-44.64208,204.53824,253305,253465,160
105,0,blank,0,783.685,342.085166666667,253622,253722,100
105,0,blank,0,688.961,432.3273,253852,253918,66
106,0,blank,0,-52.9436833333333,305.823433333333,254764,254950,186
106,0,blank,0,-56.4180666666667,307.519216666667,254950,255143,193
106,0,blank,0,-34.79195,481.781983333333,255175,255368,193
106,0,blank,0,-54.03192,476.31208,255368,255567,199
106,0,blank,0,-63.6818,450.511,255567,255640,73
106,0,blank,0,-39.12026,398.18372,255672,255841,169
106,0,blank,0,-52.4797666666667,401.124833333333,255841,255943,102
106,0,blank,0,-429,-105,255975,256122,147
106,0,blank,0,-429,-105,256173,256327,154
106,0,blank,0,-429,-105,256327,256516,189
106,0,blank,0,-429,-105,257471,257560,89
106,0,blank,0,-429,-105,257560,257744,184
106,0,blank,0,-429,-105,257744,257881,137
106,0,blank,0,-429,-105,257881,258024,143
106,0,blank,0,-429,-105,258024,258308,284
106,0,blank,0,-429,-105,258308,258579,271
106,0,blank,0,-429,-105,258579,258774,195
106,0,blank,0,-429,-105,258774,258855,81
107,0,blank,0,-429,-105,261471,261608,137
107,0,blank,0,-106.31135,254.6019,261637,261712,75
107,0,blank,0,-429,-105,261769,261902,133
107,0,blank,0,-429,-105,262598,262690,92
107,8,size,46,205.49245,172.1829,262748,262866,118
107,41,list,259,278.8345,166.1149,262866,262949,83
107,9,"Entertheelements:\n",51,224.1257,197.8161,263019,263070,51
107,0,blank,0,-429,-105,263116,263300,184
107,0,blank,0,-429,-105,263300,263481,181
107,0,blank,0,-429,-105,263481,263665,184
107,0,blank,0,-429,-105,263665,263822,157
107,0,blank,0,-429,-105,263822,263966,144
107,0,blank,0,-429,-105,263966,264075,109
107,0,blank,0,-429,-105,264075,264238,163
107,0,blank,0,-429,-105,264238,264356,118
107,0,blank,0,-429,-105,264356,264535,179
107,0,blank,0,-429,-105,264535,264713,178
107,0,blank,0,-429,-105,264713,264970,257
107,0,blank,0,-429,-105,264970,265224,254
107,0,blank,0,-429,-105,265224,265394,170
107,0,blank,0,-429,-105,265394,265510,116
107,0,blank,0,-429,-105,265510,265817,307
107,0,blank,0,-429,-105,265817,265934,117
107,0,blank,0,-429,-105,265934,266550,616
107,0,blank,0,-429,-105,266550,266746,196
107,0,blank,0,-429,-105,266746,266923,177
107,0,blank,0,-429,-105,266923,266986,63
107,0,blank,0,-429,-105,266986,267123,137
107,0,blank,0,-429,-105,267123,267192,69
107,0,blank,0,-429,-105,267192,267345,153
107,0,blank,0,-429,-105,267345,267509,164
107,0,blank,0,-429,-105,267509,267613,104
107,0,blank,0,-429,-105,267613,268006,393
107,0,blank,0,-429,-105,268006,268282,276
107,0,blank,0,-429,-105,268282,268541,259
107,0,blank,0,-429,-105,268541,268712,171
107,0,blank,0,-429,-105,268712,268890,178
107,0,blank,0,-429,-105,268890,268967,77
107,0,blank,0,-429,-105,268967,269176,209
107,0,blank,0,-429,-105,269176,269316,140
107,0,blank,0,-429,-105,269316,269481,165
107,0,blank,0,-429,-105,269922,269965,43
107,0,blank,0,20.7201,73.4085,270064,270262,198
107,0,blank,0,-35.0659,191.9719,270384,270430,46
107,0,blank,0,-429,-105,270490,270624,134
107,0,blank,0,-429,-105,270624,270709,85
107,0,blank,0,-429,-105,270709,270827,118
107,0,blank,0,-429,-105,271397,271559,162
107,0,blank,0,-429,-105,271696,271772,76
107,0,blank,0,3.01585,236.97325,272132,272185,53
107,0,blank,0,-429,-105,272247,272353,106
107,0,blank,0,-81.2818,268.9831,272378,272409,31
107,0,blank,0,-11.0751,244.3002,272474,272500,26
107,0,blank,0,-46.8834333333333,234.0603,272528,272619,91
107,39,while,237,59.4267333333333,523.217066666667,272650,272743,93
107,16,for,96,64.683,342.1304,272884,272927,43
107,0,blank,0,-429,-105,273125,273301,176
107,0,blank,0,-429,-105,273301,273479,178
107,0,blank,0,-429,-105,273479,273660,181
107,0,blank,0,-429,-105,273660,273837,177
107,0,blank,0,-429,-105,273837,273909,72
107,41,list,259,127.96355,570.4921,274020,274149,129
107,0,blank,0,104.5891,559.6145,274149,274269,120
107,0,blank,0,-27.5486,588.7642,274320,274366,46
107,0,blank,0,-73.495125,535.5418,274577,274750,173
107,0,blank,0,-40.83238,548.15582,274750,274919,169
107,0,blank,0,-29.8465,553.64164,274919,275087,168
107,0,blank,0,-7.73113999999999,555.12916,275087,275255,168
107,0,blank,0,28.42136,558.52118,275255,275425,170
107,0,blank,0,-429,-105,275495,275603,108
107,0,blank,0,-10.6101833333333,562.492116666667,275732,275922,190
107,0,blank,0,0.647079999999994,548.20386,275922,276089,167
107,0,blank,0,-7.30880000000002,559.0756,276089,276123,34
107,0,blank,0,-16.21215,498.336083333333,276189,276384,195
107,0,blank,0,-5.56433333333333,481.542516666667,276384,276581,197
107,33,void,191,9.71316666666667,400.3732,276613,276710,97
107,0,blank,0,96.31544,352.5267,276744,276928,184
107,29,partition,169,121.091716666667,313.5354,276928,277121,193
107,44,++,276,159.60692,300.20188,277121,277283,162
107,0,blank,0,-19.8888333333333,408.2478,277315,277511,196
107,0,blank,0,-12.497,360.87445,277511,277709,198
107,0,blank,0,30.57375,350.576,277709,277774,65
107,0,blank,0,-429,-105,277806,277942,136
107,0,blank,0,-8.86579999999998,615.7179,277969,277994,25
107,0,blank,0,7.00708333333335,562.19645,278060,278245,185
107,0,blank,0,63.2581,558.061783333333,278245,278440,195
107,0,blank,0,68.88705,558.882083333333,278440,278636,196
107,68,},365,93.7227333333333,558.205316666667,278636,278833,197
107,0,blank,0,111.275966666667,556.7427,278833,278927,94
107,0,blank,0,-429,-105,278990,279128,138
107,30,comma,185,224.4362,642.7728,279153,279179,26
107,41,list,259,153.002675,561.109825,279205,279331,126
107,0,blank,0,-429,-105,279364,279524,160
107,0,blank,0,-19.3452166666667,512.316333333333,279683,279869,186
107,0,blank,0,-19.1232166666667,484.945283333333,279869,280063,194
107,0,blank,0,-44.05716,498.1431,280063,280243,180
107,0,blank,0,-45.8900666666667,500.975966666667,280243,280433,190
107,0,blank,0,-28.070375,508.352075,280433,280560,127
107,0,blank,0,838.22,570.226716666667,280790,280977,187
107,0,blank,0,837.118833333333,561.81675,280977,281168,191
107,0,blank,0,821.230333333333,556.606966666667,281168,281263,95
107,71,temp,385,186.8846,652.395225,281328,281461,133
107,0,blank,0,-14.6129,698.322,281493,281685,192
107,0,blank,0,-35.7357,704.1438,281685,281716,31
107,0,blank,0,-1.04238333333333,681.962183333333,281779,281968,189
107,0,blank,0,30.5217,671.3922,281968,282032,64
107,0,blank,0,682.082,669.35505,282382,282449,67
107,0,blank,0,735.712,541.0955,282480,282547,67
107,0,blank,0,809.120666666667,571.565166666667,282856,282949,93
107,0,blank,0,821.1755,558.81055,283012,283074,62
107,56,{,319,90.13355,689.58405,283137,283336,199
107,71,list,380,106.99815,659.49585,283336,283403,67
108,39,while,237,63.2144666666667,533.003466666667,283644,283742,98
108,25,(,144,69.97625,541.17805,283775,283841,66
108,0,blank,0,-429,-105,283874,284054,180
108,0,blank,0,-429,-105,284054,284204,150
108,0,blank,0,-12.9577,357.4698,284304,284338,34
108,55,for,306,111.3225,305.2764,284401,284596,195
108,59,},333,159.297333333333,361.429333333333,284596,284754,158
108,38,=,232,76.05278,510.00442,284788,284952,164
108,38,mi,231,50.46414,501.33324,284952,285125,173
108,53,if,299,58.3783666666667,493.1369,285125,285318,193
108,65,temp,351,87.06095,492.6735,285318,285453,135
108,30,mergeSort,178,145.4854,326.260275,285486,285617,131
108,0,blank,0,-429,-105,285682,285790,108
108,0,blank,0,-0.747249999999989,501.743933333333,285948,286143,195
108,0,blank,0,26.88424,504.14102,286143,286311,168
108,22,void,125,42.5683,483.1141,286311,286345,34
108,0,blank,0,-429,-105,286381,286500,119
108,65,temp,351,100.285675,509.5187,286759,286894,135
108,0,blank,0,-429,-105,286929,287055,126
108,0,blank,0,79.8636,356.1355,287112,287146,34
108,0,blank,0,-429,-105,287210,287354,144
108,0,blank,0,-429,-105,288019,288496,477
108,0,blank,0,-429,-105,288496,288637,141
108,0,blank,0,902.566,677.2901,288851,288876,25
109,0,blank,0,-429,-105,289932,290122,190
109,57,temp,320,142.44408,355.57296,290152,290318,166
109,33,void,191,2.46265,388.10305,290350,290465,115
109,0,blank,0,-429,-105,290703,290889,186
109,0,blank,0,-429,-105,290889,291079,190
109,0,blank,0,-429,-105,291079,291270,191
109,0,blank,0,-429,-105,291270,291424,154
109,0,blank,0,-429,-105,291424,291579,155
109,0,blank,0,-429,-105,291579,291760,181
109,0,blank,0,-429,-105,291760,291881,121
109,0,blank,0,-429,-105,291881,292026,145
109,0,blank,0,-429,-105,292026,292477,451
109,0,blank,0,-429,-105,292477,292853,376
109,0,blank,0,-429,-105,292853,293102,249
109,0,blank,0,-429,-105,293102,293285,183
109,0,blank,0,-429,-105,293285,293482,197
109,0,blank,0,-429,-105,293482,293648,166
109,0,blank,0,-429,-105,293966,294139,173
109,0,blank,0,-429,-105,294139,294252,113
109,0,blank,0,-429,-105,294252,294413,161
109,12,scanf,68,121.209333333333,247.398566666667,294659,294776,117
109,25,<,146,120.62345,225.1399,294807,294868,61
109,24,mid,141,111.550816666667,196.3588,294927,295108,181
109,41,if,252,96.5853,235.1685,295108,295138,30
109,0,blank,0,-429,-105,295200,295377,177
109,0,blank,0,-429,-105,295377,295729,352
109,0,blank,0,-429,-105,295729,296103,374
109,0,blank,0,-429,-105,296103,296257,154
109,0,blank,0,-429,-105,296257,296436,179
109,0,blank,0,-429,-105,296436,296621,185
109,0,blank,0,-429,-105,296621,296793,172
109,0,blank,0,-429,-105,296793,297026,233
109,0,blank,0,-429,-105,297026,297207,181
109,0,blank,0,-429,-105,297207,297251,44
109,0,blank,0,-429,-105,297517,297578,61
109,0,blank,0,-429,-105,297578,297924,346
109,0,blank,0,-429,-105,297924,298203,279
109,0,blank,0,-429,-105,298203,298383,180
109,0,blank,0,-429,-105,298383,298443,60
109,0,blank,0,-429,-105,298443,298770,327
109,0,blank,0,-429,-105,298770,298976,206
109,0,blank,0,-429,-105,298976,299380,404
109,0,blank,0,-429,-105,299380,299553,173
109,0,blank,0,-429,-105,299553,299702,149
109,0,blank,0,-429,-105,299702,299837,135
109,0,blank,0,-429,-105,299837,299992,155
109,0,blank,0,-429,-105,299992,300148,156
109,0,blank,0,-429,-105,300148,300294,146
109,0,blank,0,-429,-105,300294,300617,323
109,0,blank,0,-429,-105,300617,300644,27
109,0,blank,0,-429,-105,300644,300861,217
109,0,blank,0,-429,-105,300861,301082,221
109,0,blank,0,-429,-105,301082,301210,128
109,0,blank,0,-429,-105,301210,301324,114
109,0,blank,0,-429,-105,301324,301412,88
109,0,blank,0,-429,-105,301412,301622,210
109,0,blank,0,-429,-105,301622,301897,275
109,0,blank,0,-429,-105,301897,302070,173
109,0,blank,0,-429,-105,302070,302183,113
109,0,blank,0,-429,-105,302183,302297,114
109,0,blank,0,-429,-105,302297,302466,169
109,0,blank,0,-429,-105,302466,302634,168
109,0,blank,0,-429,-105,302634,302798,164
109,0,blank,0,-429,-105,302798,302976,178
109,0,blank,0,-429,-105,302976,303177,201
109,0,blank,0,-429,-105,303177,303352,175
109,0,blank,0,-429,-105,303352,303549,197
109,0,blank,0,-429,-105,303549,303693,144
109,0,blank,0,-429,-105,303693,303781,88
109,0,blank,0,-429,-105,303781,303972,191
109,0,blank,0,-429,-105,303972,304312,340
109,0,blank,0,-429,-105,304312,304432,120
109,0,blank,0,-429,-105,304432,304595,163
109,0,blank,0,-429,-105,304595,304787,192
109,0,blank,0,-429,-105,304787,304930,143
109,0,blank,0,-429,-105,304930,305086,156
109,0,blank,0,-429,-105,305086,305251,165
109,0,blank,0,-429,-105,305251,305421,170
109,0,blank,0,-429,-105,305421,305590,169
109,0,blank,0,-429,-105,305590,305906,316
109,0,blank,0,-429,-105,305906,306189,283
109,0,blank,0,-429,-105,306189,306690,501
109,0,blank,0,-429,-105,306690,306860,170
109,0,blank,0,-429,-105,306860,307153,293
109,0,blank,0,-429,-105,307153,307358,205
109,0,blank,0,-429,-105,307358,307579,221
109,0,blank,0,-429,-105,307579,307873,294
109,0,blank,0,-429,-105,307873,308056,183
109,0,blank,0,-429,-105,308056,308157,101
109,0,blank,0,-429,-105,308157,308436,279
109,0,blank,0,-429,-105,308436,308709,273
109,0,blank,0,-429,-105,308709,308921,212
109,0,blank,0,-429,-105,308921,308981,60
109,0,blank,0,-429,-105,308981,309590,609
109,0,blank,0,-429,-105,309590,310170,580
109,0,blank,0,-429,-105,310170,310333,163
109,0,blank,0,-429,-105,310333,311235,902
109,0,blank,0,-429,-105,311235,311572,337
109,0,blank,0,-429,-105,311572,311746,174
109,0,blank,0,-429,-105,311746,311801,55
109,0,blank,0,-429,-105,311801,311979,178
109,0,blank,0,-429,-105,311979,312266,287
109,0,blank,0,-429,-105,312266,312830,564
109,0,blank,0,-429,-105,312830,313101,271
109,0,blank,0,-429,-105,313101,313210,109
109,41,],262,198.6221,225.7436,313321,313346,25
109,0,blank,0,-429,-105,313464,313616,152
109,0,blank,0,-429,-105,313616,313959,343
109,0,blank,0,-429,-105,313959,314128,169
109,0,blank,0,-429,-105,314128,314685,557
109,0,blank,0,-429,-105,314685,315118,433
109,0,blank,0,-429,-105,315118,315313,195
109,0,blank,0,-429,-105,315313,315546,233
109,0,blank,0,-429,-105,315546,315618,72
109,0,blank,0,-429,-105,315618,315858,240
109,0,blank,0,-429,-105,315858,316208,350
109,0,blank,0,-429,-105,316208,316361,153
109,0,blank,0,-429,-105,316361,316479,118
109,0,blank,0,-429,-105,316479,316658,179
109,0,blank,0,-429,-105,316658,316810,152
109,0,blank,0,-429,-105,316810,316991,181
109,0,blank,0,-429,-105,316991,317185,194
109,0,blank,0,-429,-105,317185,317358,173
109,0,blank,0,-429,-105,317358,317860,502
109,0,blank,0,-429,-105,317860,318056,196
109,0,blank,0,-429,-105,318056,318228,172
109,0,blank,0,-429,-105,318228,318596,368
109,0,blank,0,-429,-105,318596,318971,375
109,0,blank,0,-429,-105,318971,319432,461
109,0,blank,0,-429,-105,319432,319627,195
109,0,blank,0,-429,-105,319627,319822,195
109,0,blank,0,-429,-105,319822,320014,192
109,0,blank,0,-429,-105,320014,320181,167
109,0,blank,0,-429,-105,320181,320374,193
109,0,blank,0,-429,-105,320374,320523,149
109,0,blank,0,-429,-105,320523,320693,170
109,0,blank,0,-429,-105,320693,320852,159
109,0,blank,0,-429,-105,320852,321441,589
109,0,blank,0,-429,-105,321441,321499,58
109,0,blank,0,-429,-105,321499,321683,184
109,0,blank,0,-429,-105,321683,321867,184
109,0,blank,0,-429,-105,321867,321967,100
109,0,blank,0,-429,-105,322259,322416,157
109,0,blank,0,-429,-105,322416,322765,349
109,0,blank,0,-429,-105,322765,322923,158
109,0,blank,0,-429,-105,322923,323644,721
109,0,blank,0,-429,-105,323644,323837,193
109,0,blank,0,-429,-105,323837,323985,148
109,41,if,252,99.1257000000001,234.3081,324509,324550,41
109,18,printf,110,148.22545,380.211,324816,324896,80
109,0,blank,0,-429,-105,325433,325529,96
109,16,size,104,193.248483333333,346.54965,325703,325896,193
109,16,(,97,78.6634833333333,350.375566666667,325896,326088,192
109,15,printf,91,80.55936,319.88722,326088,326275,187
109,0,blank,0,4.68090000000001,290.5222,326275,326320,45
109,0,blank,0,-130.239875,283.53625,326368,326563,195
109,0,blank,0,35.45105,280.483625,326609,326782,173
109,27,mid,150,102.70755,271.5366,326916,327003,87
109,16,=,99,110.28166,340.35076,327048,327245,197
109,30,mergeSort,178,143.145166666667,338.032966666667,327245,327428,183
109,30,list,180,191.04464,335.68104,327428,327583,155
109,30,mergeSort,178,96.1505,333.366116666667,327612,327800,188
109,29,partition,169,130.1524,314.11475,327800,327985,185
109,29,partition,169,136.3776,304.113866666667,327985,328171,186
109,30,mergeSort,178,156.6969,318.4775,328171,328232,61
109,0,blank,0,-95.9509666666667,349.7421,328263,328450,187
109,0,blank,0,-146.26615,356.2691,328450,328545,95
109,0,blank,0,-171.7057,380.5925,328582,328613,31
109,0,blank,0,6.03489999999999,341.21395,328644,328840,196
109,0,blank,0,18.976025,337.096375,328840,328965,125
