Frameno_fix,lineno_fix,Tokenname_fix,tokens_id,gaze_X_fix,gaze_Y_fix,timestamp_fix_start,timestamp_fix_end,time_duration
100,0,blank,0,307.0193,-22.13585,2661,2844,183
100,0,blank,0,237.11385,-27.1279333333333,2844,3028,184
100,0,blank,0,221.21835,-25.5617166666667,3028,3212,184
100,0,blank,0,219.083883333333,-23.1882333333333,3212,3395,183
100,0,blank,0,277.89794,-14.01004,3395,3548,153
100,0,blank,0,460.6425,-14.3816833333333,3579,3767,188
100,0,blank,0,450.383083333333,-9.4098,3767,3955,188
100,0,blank,0,416.5461,-10.8307666666667,3955,4048,93
100,3,include,14,38.3510833333333,29.2728333333333,4111,4301,190
100,0,blank,0,73.2937833333333,24.4960666666667,4301,4489,188
100,0,blank,0,113.963716666667,43.72075,4489,4679,190
100,6,list,26,116.334966666667,92.32825,4679,4867,188
100,0,blank,0,94.11205,86.9908666666667,4867,5056,189
100,6,[,27,127.9971,104.46175,5056,5246,190
100,0,blank,0,-323,-105,5310,5367,57
100,0,blank,0,282.232383333333,106.4928,5505,5687,182
100,0,blank,0,311.59426,112.21342,5687,5848,161
100,0,blank,0,186.842883333333,120.1383,5880,6076,196
100,7,size,34,150.776366666667,122.265283333333,6076,6273,197
100,0,blank,0,167.531966666667,122.953266666667,6273,6464,191
100,0,blank,0,223.85965,120.926066666667,6464,6656,192
100,0,blank,0,256.33604,114.76978,6656,6817,161
100,8,"Entertotalnumberofelements:",38,129.979233333333,139.42035,6849,7044,195
100,8,"Entertotalnumberofelements:",38,114.373766666667,142.4313,7044,7238,194
100,8,printf,36,99.9086166666667,144.328333333333,7238,7433,195
100,9,size,46,193.191166666667,158.259633333333,7433,7632,199
100,9,&,45,170.28352,159.90064,7632,7798,166
100,0,blank,0,158.69616,157.65946,7798,7965,167
100,9,size,46,200.22524,165.88532,7965,8133,168
100,9,),47,218.09985,170.5977,8133,8328,195
100,9,&,45,166.020083333333,176.571216666667,8328,8524,196
100,10,"Entertheelements:\n",51,153.938966666667,184.146966666667,8524,8716,192
100,9,"%d",43,140.157416666667,167.854916666667,8716,8908,192
100,9,&,45,168.147366666667,158.182266666667,8908,9103,195
100,9,),47,216.198183333333,159.100083333333,9103,9297,194
100,10,"Entertheelements:\n",51,161.769216666667,182.963666666667,9297,9495,198
100,10,"Entertheelements:\n",51,164.909616666667,191.936716666667,9495,9692,197
100,11,i,64,158.904283333333,204.401166666667,9692,9889,197
100,0,blank,0,155.526516666667,240.326283333333,9889,10083,194
100,0,blank,0,209.30925,240.82805,10083,10280,197
100,0,blank,0,214.025183333333,236.230566666667,10280,10479,199
100,10,"Entertheelements:\n",51,172.685716666667,192.842683333333,10479,10676,197
100,10,"Entertheelements:\n",51,162.33326,183.98282,10676,10842,166
100,10,"Entertheelements:\n",51,160.06392,190.57962,10842,11010,168
100,13,scanf,68,142.592883333333,247.989416666667,11010,11209,199
100,0,blank,0,145.956583333333,282.2828,11209,11405,196
100,0,blank,0,99.25735,283.3769,11405,11604,199
100,0,blank,0,122.09175,282.862633333333,11604,11800,196
100,0,blank,0,193.526083333333,282.264416666667,11800,11997,197
100,0,blank,0,168.607783333333,282.819,11997,12194,197
100,0,blank,0,172.862433333333,280.224883333333,12194,12388,194
100,0,blank,0,219.946083333333,280.983166666667,12388,12582,194
100,0,blank,0,228.531583333333,279.081566666667,12582,12776,194
100,0,blank,0,202.959866666667,287.9129,12776,12973,197
100,15,list,82,179.459133333333,301.156466666667,12973,13168,195
100,0,blank,0,224.319016666667,298.674183333333,13168,13361,193
100,15,(,81,135.058833333333,296.609633333333,13361,13554,193
100,15,partition,80,132.914516666667,301.805483333333,13554,13751,197
100,15,partition,80,89.4593833333333,308.172983333333,13751,13943,192
100,15,partition,80,81.2868,307.818616666667,13943,14136,193
100,15,partition,80,126.239,290.234266666667,14136,14332,196
100,10,"Entertheelements:\n",51,121.35495,188.801583333333,14332,14527,195
100,9,..,44,147.060866666667,164.335116666667,14527,14720,193
100,9,size,46,199.197516666667,158.449533333333,14720,14918,198
100,0,blank,0,163.817583333333,118.76395,14918,15112,194
100,0,blank,0,185.864783333333,106.4699,15112,15310,198
100,0,blank,0,293.824633333333,106.512083333333,15310,15503,193
100,0,blank,0,324.40362,103.77942,15503,15662,159
100,8,"Entertotalnumberofelements:",38,180.238883333333,144.980783333333,15694,15892,198
100,8,"Entertotalnumberofelements:",38,135.820683333333,137.121616666667,15892,16089,197
100,8,"Entertotalnumberofelements:",38,125.4636,140.741416666667,16089,16284,195
100,0,blank,0,180.615733333333,114.032683333333,16284,16483,199
100,0,blank,0,195.080366666667,111.380883333333,16483,16680,197
100,0,blank,0,264.972116666667,109.834316666667,16680,16874,194
100,0,blank,0,332.23365,108.3776,16874,17066,192
100,0,blank,0,135.232166666667,86.7164333333333,17097,17292,195
100,0,blank,0,103.144533333333,64.2639166666667,17292,17487,195
100,4,),23,101.6139,65.432,17487,17678,191
100,0,blank,0,106.290516666667,66.4481166666667,17678,17874,196
100,0,blank,0,85.6097166666667,75.3670333333333,17874,18066,192
100,0,blank,0,79.8705,85.5135666666667,18066,18258,192
100,6,list,26,113.27155,97.5664833333333,18258,18451,193
100,6,50,28,151.99776,108.09732,18451,18618,167
100,0,blank,0,204.19856,114.19374,18618,18784,166
100,0,blank,0,280.697966666667,117.885583333333,18784,18981,197
100,0,blank,0,287.78365,115.2753,18981,19111,130
100,0,blank,0,163.197533333333,127.657566666667,19143,19318,175
100,7,;,35,159.1533,125.087,19318,19418,100
100,0,blank,0,109.81615,126.0976,19418,19593,175
100,0,blank,0,106.164016666667,125.869616666667,19593,19789,196
100,0,blank,0,110.751916666667,128.11165,19789,19986,197
100,6,;,30,166.926383333333,110.034133333333,19986,20182,196
100,0,blank,0,244.51565,113.021816666667,20182,20375,193
100,0,blank,0,295.316116666667,111.89205,20375,20567,192
100,0,blank,0,332.84575,108.701575,20567,20696,129
100,0,blank,0,130.212783333333,112.815466666667,20728,20923,195
100,7,;,35,154.849483333333,122.700866666667,20923,21117,194
100,8,"Entertotalnumberofelements:",38,191.964666666667,141.14615,21117,21311,194
100,8,"Entertotalnumberofelements:",38,162.146816666667,140.605716666667,21311,21508,197
100,8,"Entertotalnumberofelements:",38,156.885033333333,148.180466666667,21508,21703,195
100,8,"Entertotalnumberofelements:",38,223.196966666667,149.05025,21703,21896,193
100,8,"Entertotalnumberofelements:",38,236.336483333333,154.085483333333,21896,22091,195
100,0,blank,0,157.745866666667,160.589733333333,22091,22285,194
100,0,blank,0,153.047883333333,160.2089,22285,22479,194
100,0,blank,0,168.5462,156.581833333333,22479,22678,199
100,8,"Entertotalnumberofelements:",38,250.949083333333,150.2647,22678,22873,195
100,8,"Entertotalnumberofelements:",38,287.78626,144.13216,22873,23030,157
100,0,blank,0,159.072333333333,163.42885,23061,23253,192
100,0,blank,0,160.9236,164.629783333333,23253,23449,196
100,8,"Entertotalnumberofelements:",38,156.197883333333,147.679333333333,23449,23642,193
100,8,"Entertotalnumberofelements:",38,171.981266666667,139.177,23642,23832,190
100,8,"Entertotalnumberofelements:",38,194.444166666667,138.9437,23832,24024,192
100,8,printf,36,92.22795,147.370566666667,24024,24214,190
100,9,"%d",43,140.8794,167.819233333333,24214,24407,193
100,10,"Entertheelements:\n",51,161.978583333333,179.13225,24407,24598,191
100,10,"Entertheelements:\n",51,201.6545,183.78435,24598,24790,192
100,11,i,64,163.927433333333,218.312833333333,24790,24981,191
100,0,blank,0,182.99185,233.512266666667,24981,25176,195
100,0,blank,0,215.013033333333,238.625933333333,25176,25368,192
100,0,blank,0,209.988633333333,231.554916666667,25368,25560,192
100,0,blank,0,201.313166666667,240.38955,25560,25751,191
100,0,blank,0,204.880283333333,246.597116666667,25751,25944,193
100,0,blank,0,212.6518,270.8089,25944,26138,194
100,0,blank,0,189.411033333333,280.9608,26138,26329,191
100,0,blank,0,127.114216666667,280.828766666667,26329,26528,199
100,15,list,82,156.543283333333,290.215116666667,26528,26726,198
100,15,0,84,207.996333333333,301.740916666667,26726,26916,190
100,15,list,82,152.97365,302.12325,26916,27105,189
100,15,partition,80,107.598816666667,304.865483333333,27105,27301,196
100,16,"Aftermergesort:\n",93,143.869733333333,322.158766666667,27301,27496,195
100,16,"Aftermergesort:\n",93,185.3324,331.118383333333,27496,27688,192
100,0,blank,0,244.34595,368.273966666667,27688,27884,196
100,0,blank,0,202.842983333333,364.20385,27884,28083,199
100,19,printf,110,106.48565,388.100033333333,28083,28281,198
100,0,blank,0,75.7271166666667,415.659183333333,28281,28480,199
100,0,blank,0,121.822683333333,446.1751,28480,28675,195
100,0,blank,0,102.255533333333,457.295516666667,28675,28874,199
100,0,blank,0,184.339133333333,458.61195,28874,29070,196
100,0,blank,0,228.431633333333,462.531516666667,29070,29267,197
100,23,..,135,261.270266666667,466.43385,29267,29463,196
100,0,blank,0,84.1772666666667,460.994266666667,29495,29692,197
100,0,blank,0,70.3044833333333,463.583433333333,29692,29890,198
100,0,blank,0,126.749583333333,464.067016666667,29890,30086,196
100,0,blank,0,184.470033333333,463.618033333333,30086,30285,199
100,23,list,129,211.79254,466.925,30285,30452,167
100,0,blank,0,252.7399,462.805416666667,30452,30649,197
100,0,blank,0,282.490366666667,463.285166666667,30649,30843,194
100,23,low,134,315.2517,469.996383333333,30843,31039,196
100,23,..,135,341.1626,468.2251,31039,31169,130
100,0,blank,0,-323,-105,31201,31313,112
100,23,..,135,256.69416,467.20938,31433,31600,167
100,0,blank,0,271.47525,464.81745,31600,31796,196
100,0,blank,0,278.945416666667,458.143983333333,31796,31989,193
100,0,blank,0,102.2015,492.639616666667,32021,32212,191
100,0,blank,0,97.53045,501.464066666667,32212,32402,190
100,25,mid,141,93.2787333333333,515.885883333333,32402,32592,190
100,25,mid,141,83.3062833333333,515.0712,32592,32784,192
100,25,mid,141,103.836533333333,528.720433333333,32784,32976,192
100,26,<,146,122.0196,535.245433333333,32976,33171,195
100,0,blank,0,145.518233333333,562.199866666667,33171,33365,194
100,0,blank,0,185.18385,582.6221,33365,33562,197
100,28,low,153,178.378216666667,586.715533333333,33562,33758,196
100,28,(,152,147.62335,591.74695,33758,33954,196
100,29,(,161,180.534133333333,608.958666666667,33954,34150,196
100,0,blank,0,236.1469,611.07508,34150,34320,170
100,0,blank,0,233.87372,615.43538,34320,34488,168
100,29,partition,160,127.455533333333,609.568583333333,34488,34682,194
100,29,partition,160,121.216983333333,613.977483333333,34682,34878,196
100,29,partition,160,112.19775,616.313616666667,34878,35074,196
100,29,partition,160,112.5231,616.75956,35074,35245,171
100,0,blank,0,117.03395,618.719075,35245,35379,134
100,31,mergeSort,178,127.2607,644.1735,35379,35627,248
100,0,blank,0,136.7515,664.8244,35627,35845,218
100,31,list,180,205.3937,661.527933333333,35845,36038,193
100,31,low,182,244.61654,652.66986,36038,36207,169
100,31,low,182,255.46345,655.21425,36207,36402,195
100,30,list,171,206.965733333333,635.510516666667,36402,36599,197
100,30,(,170,180.87055,621.56125,36599,36798,199
100,29,partition,160,123.77516,606.82082,36798,36965,167
100,30,partition,169,114.52188,625.98304,36965,37136,171
100,31,mergeSort,178,110.38376,654.62834,37136,37306,170
100,0,blank,0,383.111616666667,688.33275,37341,37537,196
100,0,blank,0,304.663583333333,684.2798,37537,37736,199
100,0,blank,0,317.97058,684.4063,37736,37902,166
100,0,blank,0,652.6292,743.988266666667,37934,38129,195
100,0,blank,0,697.958,768.51582,38129,38285,156
100,0,blank,0,564.8126,764.334575,38317,38444,127
100,0,blank,0,133.196266666667,567.71445,38475,38667,192
100,25,mid,141,107.430216666667,524.814216666667,38667,38862,195
100,0,blank,0,481.132183333333,107.461033333333,38927,39113,186
100,0,blank,0,467.420383333333,-14.35955,39113,39300,187
100,0,blank,0,481.67285,-17.669,39300,39490,190
100,0,blank,0,485.6542,-20.020925,39490,39653,163
100,0,blank,0,380.0664,-10.6674,39653,39772,119
100,0,blank,0,335.948,-23.81925,39772,39970,198
100,0,blank,0,299.464616666667,-25.1136333333333,39970,40164,194
100,0,blank,0,350.49025,-19.1415333333333,40164,40356,192
100,0,blank,0,350.104316666667,-26.5239666666667,40356,40548,192
100,0,blank,0,356.78134,-19.48712,40548,40710,162
100,0,blank,0,904.9884,43.20768,40774,40940,166
100,0,blank,0,918.637,39.583,40940,40974,34
100,0,blank,0,993.452833333333,136.04185,41009,41208,199
100,0,blank,0,997.7834,137.16262,41208,41378,170
100,0,blank,0,1000.1004,134.00626,41378,41546,168
100,0,blank,0,997.1382,138.37744,41546,41721,175
100,0,blank,0,1005.31825,141.9435,41721,41862,141
100,0,blank,0,110.08792,451.69466,41962,42129,167
100,0,blank,0,26.89202,512.03818,42162,42328,166
100,30,partition,169,138.486966666667,627.997016666667,42360,42556,196
100,30,list,171,221.3859,626.49615,42556,42620,64
100,0,blank,0,64.9116166666667,600.723583333333,42652,42847,195
100,26,low,145,95.4572,551.50718,42847,43034,187
100,0,blank,0,156.679866666667,508.539833333333,43034,43225,191
100,0,blank,0,206.5628,453.375466666667,43225,43422,197
100,0,blank,0,210.5069,421.633266666667,43422,43614,192
100,19,list,114,273.969983333333,392.60325,43614,43804,190
100,0,blank,0,284.28145,349.482433333333,43804,43992,188
100,16,),94,324.948583333333,321.406733333333,43992,44179,187
100,0,blank,0,387.795216666667,299.376666666667,44179,44368,189
100,0,blank,0,416.65365,305.6159,44368,44557,189
100,0,blank,0,411.8412,310.7033,44557,44589,32
100,0,blank,0,142.294183333333,341.296583333333,44622,44814,192
100,0,blank,0,94.50925,344.631233333333,44814,45006,192
100,16,"Aftermergesort:\n",93,165.645316666667,314.858616666667,45006,45199,193
100,0,blank,0,213.980116666667,310.8743,45199,45389,190
100,16,"Aftermergesort:\n",93,123.615483333333,318.726483333333,45389,45580,191
100,16,printf,91,86.54025,313.9378,45580,45770,190
100,16,printf,91,64.4540833333333,320.325266666667,45770,45959,189
100,15,..,85,188.38365,290.594983333333,45990,46179,189
100,15,..,85,220.0007,295.35598,46179,46338,159
101,0,blank,0,207.568066666667,265.7189,46498,46690,192
101,37,=,224,97.9368,302.910766666667,46690,46882,192
101,37,lo,223,57.6935833333333,307.01345,46882,47074,192
101,36,;,222,52.6298,311.1996,47074,47266,192
101,37,lo,223,61.9753333333333,308.988066666667,47266,47457,191
101,37,lo,223,73.7153166666667,307.580333333333,47457,47647,190
101,37,lo,223,74.8146333333333,306.471433333333,47647,47838,191
101,0,blank,0,47.8519166666667,301.799716666667,47838,48030,192
101,37,lo,223,66.3193833333333,302.636633333333,48030,48222,192
101,36,int,209,85.8889,295.32395,48222,48416,194
101,0,blank,0,40.2030833333333,308.2584,48416,48611,195
101,36,;,222,53.0209166666667,317.512083333333,48611,48807,196
101,0,blank,0,86.0729,318.322916666667,48807,49006,199
101,37,lo,223,58.8790833333333,320.6169,49006,49203,197
101,37,lo,223,62.12532,320.18826,49203,49370,167
101,37,lo,223,82.24355,316.467,49370,49567,197
101,0,blank,0,84.0446,318.236483333333,49567,49762,195
101,0,blank,0,86.6059333333333,320.895266666667,49762,49952,190
101,0,blank,0,66.9224666666667,300.5247,49952,50145,193
101,36,int,209,79.1675166666667,299.389616666667,50145,50337,192
101,37,lo,223,61.7453333333333,306.0278,50337,50529,192
101,36,;,222,53.65185,318.35,50529,50724,195
101,39,mi,231,78.8894333333333,350.506583333333,50724,50919,195
101,39,mi,231,68.4301833333333,349.88235,50919,51113,194
101,39,mi,231,73.7684666666667,347.2026,51113,51306,193
101,0,blank,0,92.9446333333333,348.2747,51306,51497,191
101,0,blank,0,45.4166166666667,343.157616666667,51497,51687,190
101,0,blank,0,38.55725,337.725666666667,51687,51876,189
101,37,;,226,47.92915,341.708816666667,51876,52067,191
101,39,=,232,101.6389,356.523133333333,52067,52257,190
101,0,blank,0,146.413466666667,366.46325,52257,52446,189
101,40,lo,240,143.808233333333,377.746616666667,52446,52635,189
101,40,(,245,126.79155,372.502516666667,52635,52827,192
101,36,;,222,50.78015,317.901983333333,52827,53016,189
101,36,;,222,47.8992333333333,307.753166666667,53016,53206,190
101,36,int,209,58.7322166666667,290.758166666667,53206,53394,188
101,36,int,209,58.5391,282.8663,53394,53425,31
101,0,blank,0,150.84185,362.32285,53456,53644,188
101,0,blank,0,177.519716666667,365.688233333333,53644,53834,190
101,40,mid,242,211.865816666667,367.192483333333,53834,54023,189
101,40,<=,247,179.29245,367.980716666667,54023,54212,189
101,0,blank,0,148.6109,335.16075,54212,54400,188
101,0,blank,0,144.013416666667,278.92225,54400,54587,187
101,0,blank,0,147.33095,278.2248,54587,54775,188
101,0,blank,0,188.3862,335.1209,54775,54965,190
101,40,mid,242,221.452683333333,367.28615,54965,55155,190
101,40,&&,244,270.164,371.540383333333,55155,55346,191
101,40,mid,242,209.2567,387.323833333333,55346,55540,194
101,0,blank,0,146.032,404.631966666667,55540,55739,199
101,0,blank,0,173.9266,410.481216666667,55739,55935,196
101,0,blank,0,220.024966666667,397.3389,55935,56129,194
101,39,1,235,165.6925,361.309733333333,56129,56321,192
101,39,+,234,162.345266666667,362.011916666667,56321,56513,192
101,0,blank,0,221.732133333333,364.900783333333,56513,56707,194
101,40,&&,244,261.302116666667,368.717333333333,56707,56903,196
101,0,blank,0,287.300183333333,362.916133333333,56903,57100,197
101,0,blank,0,232.931683333333,363.571316666667,57100,57299,199
101,0,blank,0,202.0582,359.597016666667,57299,57494,195
101,40,&&,244,250.46125,367.95145,57494,57689,195
101,0,blank,0,225.24635,371.594483333333,57689,57887,198
101,0,blank,0,183.436133333333,366.6386,57887,58082,195
101,40,<=,247,182.892433333333,368.392483333333,58082,58277,195
101,39,mid,233,131.445133333333,359.921483333333,58277,58471,194
101,39,+,234,159.419966666667,358.783583333333,58471,58662,191
101,0,blank,0,113.280416666667,368.334066666667,58662,58852,190
101,0,blank,0,87.3655333333333,364.225916666667,58852,59043,191
101,40,while,237,71.4603666666667,369.648216666667,59043,59232,189
101,0,blank,0,117.04965,390.851416666667,59232,59422,190
101,0,blank,0,131.530383333333,397.2189,59422,59618,196
101,0,blank,0,138.403016666667,405.481316666667,59618,59811,193
101,0,blank,0,140.631,409.9543,59811,59989,178
101,0,blank,0,166.34895,407.645,59989,60178,189
101,42,<=,258,244.9029,411.4668,60178,60360,182
101,42,<=,258,245.563533333333,411.910383333333,60360,60557,197
101,42,],262,214.6551,413.62585,60557,60750,193
101,0,blank,0,206.972433333333,410.405233333333,60750,60944,194
101,40,mid,242,194.073516666667,373.093383333333,60944,61139,195
101,40,mid,242,206.1616,368.66365,61139,61333,194
101,0,blank,0,150.86025,365.29705,61333,61525,192
101,0,blank,0,144.84535,366.015083333333,61525,61718,193
101,39,1,235,167.36052,363.77874,61718,61880,162
101,0,blank,0,267.657966666667,366.668516666667,61913,62107,194
101,40,&&,244,261.492933333333,377.274766666667,62107,62300,193
101,40,&&,244,245.544433333333,376.262366666667,62300,62490,190
101,40,(,245,281.777816666667,373.6055,62490,62683,193
101,39,mid,233,141.003333333333,357.252516666667,62683,62874,191
101,40,lo,240,140.879633333333,367.25095,62874,63068,194
101,39,mid,233,133.694683333333,349.049116666667,63068,63262,194
101,0,blank,0,90.0377166666667,321.095433333333,63262,63452,190
101,0,blank,0,62.4100333333333,326.7861,63452,63644,192
101,39,mi,231,77.1809333333333,346.572233333333,63644,63837,193
101,38,low,229,104.7711,342.787975,63837,63964,127
101,0,blank,0,215.329216666667,364.87365,63996,64188,192
101,40,mi,246,286.9659,369.097633333333,64188,64378,190
101,40,mi,246,290.383866666667,368.691383333333,64378,64570,192
101,40,(,245,283.486975,368.1115,64570,64702,132
101,39,mid,233,129.5517,360.315666666667,64732,64926,194
101,0,blank,0,151.406183333333,365.036983333333,64926,65120,194
101,39,mid,233,114.14365,355.276516666667,65120,65315,195
101,38,low,229,106.437283333333,338.2211,65315,65509,194
101,0,blank,0,90.5111666666667,303.322383333333,65509,65702,193
101,0,blank,0,87.8331,302.6413,65702,65891,189
101,0,blank,0,88.7326,303.237216666667,65891,66085,194
101,36,int,209,74.4979333333333,294.38305,66085,66275,190
101,36,int,209,68.0545,291.675083333333,66275,66469,194
101,35,{,208,52.8229,291.840666666667,66469,66663,194
101,36,int,209,59.38425,291.1304,66663,66857,194
101,36,int,209,80.0594833333333,295.946216666667,66857,67053,196
101,36,int,209,83.1061833333333,291.179,67053,67251,198
101,37,lo,223,72.2876333333333,318.615666666667,67251,67446,195
101,37,lo,223,68.6787166666667,320.285266666667,67446,67644,198
101,0,blank,0,57.5187166666667,301.790783333333,67644,67839,195
101,0,blank,0,57.204125,301.93525,67839,67970,131
101,40,lo,240,160.69695,368.840783333333,68003,68199,196
101,39,mid,233,133.7304,361.001216666667,68199,68393,194
101,37,=,224,94.8070833333333,306.835033333333,68393,68584,191
101,36,int,209,88.71835,282.323666666667,68584,68775,191
101,36,int,209,86.85,280.07585,68775,68965,190
101,40,<=,247,174.25785,376.112833333333,68996,69187,191
101,0,blank,0,182.449766666667,393.665166666667,69187,69381,194
101,0,blank,0,172.057016666667,366.5472,69381,69575,194
101,0,blank,0,138.275416666667,318.1543,69575,69769,194
101,0,blank,0,167.30135,266.287283333333,69769,69962,193
101,0,blank,0,116.178283333333,268.86795,69962,70155,193
101,0,blank,0,142.886366666667,209.4227,70155,70347,192
101,0,blank,0,200.1005,201.7076,70347,70542,195
101,0,blank,0,246.684633333333,213.494133333333,70542,70735,193
101,0,blank,0,297.55495,210.006316666667,70735,70927,192
101,0,blank,0,332.479466666667,220.660583333333,70927,71117,190
101,0,blank,0,343.826283333333,223.876716666667,71117,71306,189
101,0,blank,0,376.444733333333,227.134566666667,71306,71497,191
101,0,blank,0,406.690333333333,226.107983333333,71497,71690,193
101,0,blank,0,317.5987,226.3877,71690,71878,188
101,0,blank,0,-323,-105,71942,72002,60
101,0,blank,0,24.1485,218.1035,72159,72348,189
101,0,blank,0,61.1594,203.36645,72348,72534,186
101,0,blank,0,67.81915,203.120566666667,72534,72717,183
101,0,blank,0,67.9963666666667,206.733266666667,72717,72897,180
101,0,blank,0,93.7376166666667,224.583316666667,72897,73082,185
101,0,blank,0,161.34035,261.335883333333,73082,73269,187
101,0,blank,0,225.278316666667,270.408316666667,73269,73461,192
101,0,blank,0,220.805833333333,273.231333333333,73461,73558,97
101,0,blank,0,164.444516666667,391.378233333333,73590,73785,195
101,42,list,259,139.862716666667,411.182333333333,73785,73979,194
101,0,blank,0,206.31005,408.3329,73979,74176,197
101,0,blank,0,226.660816666667,406.40595,74176,74372,196
101,42,<=,258,240.5708,412.96635,74372,74567,195
101,42,lo,256,189.236333333333,426.153916666667,74567,74763,196
101,0,blank,0,158.77525,451.307583333333,74763,74958,195
101,44,],273,205.428516666667,456.969416666667,74958,75153,195
101,0,blank,0,222.27335,461.561933333333,75153,75350,197
101,0,blank,0,216.87236,462.05532,75350,75517,167
101,44,temp,265,152.680733333333,461.93695,75517,75711,194
101,44,temp,265,155.4226,460.23655,75711,75781,70
101,44,temp,265,135.0347,471.38535,75781,75961,180
101,43,{,264,131.436333333333,466.90785,75961,76155,194
101,0,blank,0,196.31665,462.30525,76155,76354,199
101,44,=,269,226.408933333333,463.822183333333,76354,76552,198
101,44,list,270,239.568933333333,464.639366666667,76552,76747,195
101,44,list,270,252.031083333333,466.198283333333,76747,76941,194
101,0,blank,0,221.549133333333,464.798633333333,76941,77136,195
101,45,lo,275,145.850533333333,480.674516666667,77136,77332,196
101,45,lo,275,147.531066666667,482.7995,77332,77524,192
101,0,blank,0,192.645716666667,477.602533333333,77524,77718,194
101,0,blank,0,216.31345,467.1505,77718,77914,196
101,0,blank,0,173.049716666667,420.83265,77914,78107,193
101,42,list,259,137.320766666667,412.653966666667,78107,78302,195
101,44,temp,265,156.6829,459.0826,78302,78494,192
101,45,lo,275,146.7261,482.80985,78494,78687,193
101,45,lo,275,136.9565,490.15115,78687,78883,196
101,45,lo,275,134.745333333333,492.274933333333,78883,79079,196
101,44,temp,265,161.167133333333,473.084416666667,79079,79272,193
101,44,],273,208.815566666667,458.110716666667,79272,79466,194
101,44,[,271,176.428966666667,460.88915,79466,79660,194
101,44,list,270,247.560516666667,466.004216666667,79660,79854,194
101,44,=,269,231.66825,465.755633333333,79854,80051,197
101,0,blank,0,217.943016666667,467.587883333333,80051,80245,194
101,44,=,269,230.369725,464.070125,80245,80413,168
101,44,temp,265,149.4225,464.4274,80413,80532,119
101,44,temp,265,141.5227,466.4092,80532,80653,121
101,44,temp,265,146.159,469.517025,80653,80835,182
101,44,temp,265,150.580733333333,473.512866666667,80835,81028,193
101,44,temp,265,166.74895,474.8376,81028,81222,194
101,0,blank,0,140.887916666667,506.20335,81222,81417,195
101,0,blank,0,111.17846,535.09178,81417,81587,170
101,0,blank,0,117.483983333333,569.685666666667,81587,81786,199
101,50,mi,291,145.759266666667,599.047866666667,81786,81984,198
101,50,mi,291,141.628,600.967616666667,81984,82182,198
101,0,blank,0,223.840766666667,591.78575,82182,82381,199
101,0,blank,0,221.597533333333,587.084833333333,82381,82480,99
101,44,temp,265,163.09875,472.079916666667,82514,82712,198
101,0,blank,0,146.389283333333,409.085766666667,82712,82907,195
101,0,blank,0,139.818033333333,390.833416666667,82907,83101,194
101,40,lo,240,154.920166666667,374.5921,83101,83291,190
101,40,lo,240,162.756516666667,371.148716666667,83291,83481,190
101,0,blank,0,148.2362,450.5229,83481,83512,31
101,50,++,292,157.674816666667,593.1314,83544,83736,192
101,0,blank,0,135.54096,610.76898,83736,83896,160
101,40,(,245,274.0307,377.609383333333,83927,84119,192
101,40,(,245,283.15975,377.530866666667,84119,84309,190
101,40,mi,246,304.128683333333,371.532166666667,84309,84502,193
101,0,blank,0,281.9579,390.8422,84502,84566,64
101,0,blank,0,169.256366666667,562.335783333333,84598,84793,195
101,0,blank,0,173.2703,558.247233333333,84793,84890,97
101,0,blank,0,189.922133333333,358.557733333333,84923,85118,195
101,0,blank,0,174.582033333333,362.392166666667,85118,85313,195
101,40,lo,240,136.5404,374.017233333333,85313,85511,198
101,40,<=,247,169.052216666667,376.97055,85511,85705,194
101,40,<=,247,171.2964,376.787083333333,85705,85899,194
101,40,lo,240,160.313116666667,370.741916666667,85899,86094,195
101,40,(,245,132.306,379.9623,86094,86159,65
101,40,&&,244,265.8275,383.963616666667,86192,86386,194
101,40,&&,244,268.4243,383.396016666667,86386,86580,194
101,40,&&,244,272.03765,385.65725,86580,86776,196
101,40,),250,233.600416666667,379.715283333333,86776,86969,193
101,40,<=,247,164.593466666667,369.607816666667,86969,87166,197
101,0,blank,0,228.97025,374.783733333333,87166,87362,196
101,40,&&,244,269.387933333333,380.495516666667,87362,87561,199
101,40,mi,246,293.585166666667,376.167316666667,87561,87758,197
101,40,&&,244,266.500566666667,382.360033333333,87758,87957,199
101,0,blank,0,199.560966666667,389.255766666667,87957,88156,199
101,40,<=,247,186.40074,381.75484,88156,88322,166
101,40,<=,247,193.355183333333,375.770533333333,88322,88521,199
101,40,&&,244,260.876566666667,372.08745,88521,88715,194
101,0,blank,0,224.166783333333,375.93445,88715,88912,197
101,40,<=,247,176.991033333333,374.955116666667,88912,89110,198
101,40,<=,247,180.027583333333,378.815983333333,89110,89309,199
101,0,blank,0,244.096116666667,389.917416666667,89309,89503,194
101,40,&&,244,245.08466,378.83704,89503,89668,165
101,0,blank,0,223.06864,389.78212,89668,89835,167
101,0,blank,0,164.685216666667,401.418133333333,89835,90033,198
101,40,mid,242,201.803233333333,383.231666666667,90033,90232,199
101,40,<=,247,186.15862,384.99716,90232,90402,170
101,40,<=,247,166.651216666667,380.660566666667,90402,90599,197
101,40,<=,247,177.410033333333,372.315966666667,90599,90796,197
101,40,mid,242,197.05194,369.92788,90796,90962,166
101,0,blank,0,195.417383333333,365.560183333333,90962,91156,194
101,0,blank,0,223.166416666667,364.689316666667,91156,91351,195
101,40,lo,240,156.1297,371.050833333333,91351,91547,196
101,40,lo,240,159.026616666667,367.289433333333,91547,91741,194
101,40,mid,242,220.295666666667,367.0294,91741,91932,191
101,0,blank,0,225.276783333333,368.472466666667,91932,92124,192
101,40,mid,242,221.283183333333,374.60245,92124,92317,193
101,40,&&,244,248.424966666667,375.765383333333,92317,92512,195
101,40,&&,244,264.1815,376.3278,92512,92705,193
101,40,&&,244,259.592216666667,378.355433333333,92705,92902,197
101,40,&&,244,265.855583333333,377.526433333333,92902,93097,195
101,40,mi,246,284.162066666667,383.188666666667,93097,93292,195
101,40,mi,246,291.661383333333,379.723433333333,93292,93489,197
101,40,(,245,280.035933333333,382.06855,93489,93688,199
101,40,(,245,273.006783333333,385.511183333333,93688,93886,198
101,0,blank,0,228.309483333333,382.762166666667,93886,94083,197
101,40,mid,242,217.08098,384.4364,94083,94251,168
101,40,lo,240,151.563283333333,372.7956,94251,94448,197
101,40,lo,240,143.571933333333,378.695433333333,94448,94645,197
101,40,while,237,96.8011666666667,370.3492,94645,94839,194
101,40,<=,247,163.614966666667,370.72985,94839,95033,194
101,40,mid,242,200.90805,369.677183333333,95033,95226,193
101,0,blank,0,232.108916666667,376.743016666667,95226,95423,197
101,40,),250,236.238733333333,381.781633333333,95423,95617,194
101,40,mid,242,218.786166666667,381.176566666667,95617,95813,196
101,40,mid,242,217.376766666667,383.522383333333,95813,96008,195
101,40,lo,240,144.680383333333,380.2404,96008,96202,194
101,0,blank,0,131.52892,395.13792,96202,96368,166
101,42,if,252,121.261033333333,419.49335,96368,96565,197
101,40,(,245,117.315216666667,385.709566666667,96565,96761,196
101,40,(,245,120.165783333333,379.094083333333,96761,96954,193
101,40,lo,240,151.084466666667,376.17975,96954,97149,195
101,40,<=,247,168.854266666667,371.968633333333,97149,97345,196
101,40,lo,240,151.10082,382.26042,97345,97512,167
101,40,lo,240,138.888566666667,386.43235,97512,97711,199
101,40,mid,242,202.61605,377.9228,97711,97907,196
101,40,mid,242,213.968433333333,377.5352,97907,98104,197
101,40,&&,244,255.38566,379.45882,98104,98271,167
101,40,mi,246,288.0302,385.34255,98271,98467,196
101,40,mi,246,289.99415,381.708083333333,98467,98664,197
101,0,blank,0,224.9842,385.753783333333,98664,98859,195
101,40,&&,244,253.766483333333,383.19935,98859,99058,199
101,40,&&,244,246.7232,382.76088,99058,99224,166
101,39,mid,233,138.408216666667,358.235233333333,99224,99419,195
101,39,+,234,160.27425,361.581716666667,99419,99614,195
101,0,blank,0,172.140166666667,364.835966666667,99614,99812,198
101,0,blank,0,201.2259,366.19085,99812,100009,197
101,40,&&,244,262.222466666667,375.556683333333,100009,100203,194
101,40,),250,235.271116666667,375.581516666667,100203,100400,197
101,40,mid,242,204.451533333333,383.175816666667,100400,100594,194
101,0,blank,0,232.359825,382.496375,100594,100734,140
101,40,&&,244,266.80815,380.02145,100734,100917,183
101,40,mi,246,297.27215,380.4783,100917,101114,197
101,0,blank,0,250.30415,408.685333333333,101114,101313,199
101,0,blank,0,208.6935,432.04735,101313,101511,198
101,42,lo,256,196.0021,428.862283333333,101511,101709,198
101,0,blank,0,146.249233333333,398.170816666667,101709,101903,194
101,40,mid,242,216.011533333333,385.327633333333,101903,102097,194
101,40,&&,244,253.027366666667,375.162683333333,102097,102295,198
101,40,),250,234.7731,376.285883333333,102295,102490,195
101,40,mid,242,197.734666666667,380.54605,102490,102689,199
101,40,&&,244,255.488783333333,382.474366666667,102689,102887,198
101,40,<=,247,313.897766666667,382.177866666667,102887,103086,199
101,40,<=,247,324.552775,377.002175,103086,103215,129
101,0,blank,0,590.07034,729.75068,103249,103412,163
101,0,blank,0,617.81264,759.21028,103478,103644,166
101,0,blank,0,224.882116666667,305.161733333333,103710,103899,189
101,0,blank,0,196.169266666667,302.871533333333,103899,104086,187
101,0,blank,0,141.44545,300.687166666667,104086,104273,187
101,0,blank,0,151.3463,268.516683333333,104273,104460,187
101,30,(,170,187.753666666667,158.3165,104460,104647,187
101,28,low,153,194.842233333333,111.059633333333,104647,104832,185
101,0,blank,0,189.745433333333,68.9979166666667,104832,105019,187
101,0,blank,0,151.802283333333,84.6913166666667,105019,105205,186
101,0,blank,0,247.346166666667,332.4809,105236,105430,194
101,40,&&,244,253.8116,368.935283333333,105430,105629,199
101,40,&&,244,257.8823,368.51064,105629,105798,169
101,0,blank,0,253.63378,360.17528,105798,105965,167
101,0,blank,0,246.1043,312.944683333333,105965,106161,196
101,0,blank,0,243.4782,317.3304,106161,106193,32
101,42,lo,256,193.658066666667,423.979516666667,106225,106423,198
101,42,lo,256,194.7096,422.7317,106423,106591,168
101,0,blank,0,231.61226,492.48332,106591,106759,168
101,0,blank,0,236.13324,487.4077,106759,106926,167
101,44,i,267,185.70014,471.07396,106926,107094,168
101,44,[,271,175.00564,468.6016,107094,107261,167
101,45,lo,275,135.53442,485.536,107261,107430,169
101,0,blank,0,191.86658,542.04038,107430,107600,170
101,0,blank,0,206.67472,559.71484,107600,107771,171
101,0,blank,0,209.0942,562.908025,107771,107908,137
101,0,blank,0,451.00136,689.83888,107941,108109,168
101,0,blank,0,449.7709,695.01055,108109,108177,68
101,0,blank,0,182.07554,549.14304,108210,108378,168
101,0,blank,0,142.44956,531.6104,108378,108544,166
101,0,blank,0,124.93474,547.98238,108544,108711,167
101,49,temp,281,135.78988,585.9557,108711,108878,167
101,50,mi,291,134.49338,595.0676,108878,109045,167
101,0,blank,0,101.01892,635.41998,109045,109213,168
101,0,blank,0,94.96178,663.54972,109213,109382,169
101,0,blank,0,91.59724,699.0635,109382,109553,171
101,0,blank,0,126.02798,695.21476,109553,109723,170
102,0,blank,0,127.07022,653.49312,109792,109965,173
102,0,blank,0,117.55508,614.0904,109965,110131,166
102,0,blank,0,101.0605,525.33964,110131,110294,163
102,54,lo,301,93.75155,394.49235,110326,110518,192
102,54,lo,301,90.4079666666667,386.4113,110518,110712,194
102,54,(,300,82.9317,375.774733333333,110712,110901,189
102,54,(,300,81.7561,378.0519,110901,110996,95
102,54,lo,301,102.927233333333,379.6757,110996,111187,191
102,0,blank,0,114.89686,373.78766,111187,111348,161
102,47,else,279,90.66055,225.48845,111380,111572,192
102,0,blank,0,69.7044,92.9869,111572,111764,192
102,0,blank,0,75.5167666666667,65.72495,111764,111951,187
102,0,blank,0,131.855,37.2271833333333,111951,112139,188
102,0,blank,0,175.431766666667,42.9970666666667,112139,112327,188
102,0,blank,0,161.089916666667,365.978166666667,112358,112556,198
102,0,blank,0,145.28958,416.93998,112556,112723,167
102,56,=,309,156.224833333333,430.82395,112723,112922,199
102,58,temp,320,147.29736,464.6078,112922,113088,166
102,58,=,324,212.790466666667,470.044016666667,113088,113286,198
102,0,blank,0,222.225433333333,456.774566666667,113286,113485,199
102,56,k,316,218.882516666667,436.265,113485,113684,199
102,0,blank,0,259.513566666667,429.622116666667,113684,113883,199
102,0,blank,0,256.6439,433.3583,113883,113917,34
102,0,blank,0,185.279333333333,223.710783333333,113950,114143,193
102,0,blank,0,175.83995,145.459,114143,114334,191
102,0,blank,0,178.600266666667,97.1720666666667,114334,114523,189
102,0,blank,0,202.281533333333,47.4815666666667,114523,114712,189
102,40,&&,244,236.11575,87.500075,114712,114837,125
102,0,blank,0,185.701583333333,363.254383333333,114868,115066,198
102,0,blank,0,127.55174,381.07894,115066,115234,168
102,0,blank,0,136.530866666667,402.240416666667,115234,115431,197
102,0,blank,0,161.76168,444.04386,115431,115597,166
102,0,blank,0,215.656533333333,442.1179,115597,115796,199
102,0,blank,0,236.519333333333,445.01175,115796,115993,197
102,0,blank,0,165.42845,456.246183333333,115993,116189,196
102,0,blank,0,160.341616666667,455.527866666667,116189,116387,198
102,58,list,325,227.517,472.743866666667,116387,116583,196
102,58,[,326,169.0066,477.537066666667,116583,116780,197
102,58,temp,320,137.004866666667,482.7794,116780,116979,199
102,58,temp,320,134.86984,478.6843,116979,117145,166
102,58,],328,187.46795,467.4242,117145,117343,198
102,58,list,325,227.0116,472.5354,117343,117540,197
102,58,temp,320,159.62195,468.26135,117540,117738,198
102,58,temp,320,152.94114,476.79786,117738,117905,167
102,0,blank,0,124.868733333333,437.09795,117905,118104,199
102,56,=,309,158.211966666667,425.843083333333,118104,118303,199
102,56,mi,310,173.67876,426.8994,118303,118469,166
102,0,blank,0,152.842816666667,428.77235,118469,118668,199
102,54,>,302,118.909133333333,393.693666666667,118668,118862,194
102,0,blank,0,104.287833333333,366.076533333333,118862,119056,194
102,0,blank,0,128.73305,370.645833333333,119056,119250,194
102,0,blank,0,162.962283333333,401.119483333333,119250,119444,194
102,56,mi,310,189.301283333333,423.85955,119444,119641,197
102,0,blank,0,164.6453,423.766166666667,119641,119837,196
102,0,blank,0,124.4143,427.051233333333,119837,120036,199
102,0,blank,0,172.465766666667,428.449916666667,120036,120233,197
102,0,blank,0,227.263633333333,427.62045,120233,120432,199
102,56,<=,313,252.954466666667,432.687266666667,120432,120628,196
102,56,<=,313,248.4625,430.5766,120628,120824,196
102,56,<=,313,233.65595,425.94415,120824,121018,194
102,56,<=,313,239.3284,429.442425,121018,121196,178
102,56,k,316,220.4327,432.645,121196,121311,115
102,56,high,314,283.87695,433.73,121311,121501,190
102,56,high,314,291.518183333333,438.991316666667,121501,121700,199
102,0,blank,0,292.4386,445.3596,121700,121766,66
102,62,else,335,80.1395,555.578283333333,121799,121994,195
102,64,k,347,134.4765,595.760516666667,121994,122187,193
102,0,blank,0,170.193816666667,599.032433333333,122187,122379,192
102,64,lo,341,190.811583333333,600.147183333333,122379,122570,191
102,64,;,346,197.212516666667,601.75645,122570,122763,193
102,0,blank,0,231.988233333333,608.311633333333,122763,122959,196
102,0,blank,0,241.78015,616.196966666667,122959,123154,195
102,0,blank,0,282.47655,624.3558,123154,123284,130
102,67,;,363,171.476083333333,670.27145,123317,123509,192
102,0,blank,0,191.56455,668.1439,123509,123698,189
102,0,blank,0,238.64995,675.077466666667,123698,123893,195
102,0,blank,0,584.86852,747.46254,123926,124090,164
102,0,blank,0,958.461666666667,673.46995,124156,124349,193
102,64,lo,341,185.88035,606.916283333333,124413,124608,195
102,64,lo,341,184.04115,606.822433333333,124608,124803,195
102,64,lo,341,186.3567,597.800716666667,124803,124999,196
102,0,blank,0,227.41,600.007516666667,124999,125190,191
102,0,blank,0,218.483716666667,624.39235,125190,125382,192
102,0,blank,0,170.916216666667,664.046833333333,125382,125577,195
102,0,blank,0,180.2965,660.2174,125577,125675,98
102,0,blank,0,883.173,534.46305,125740,125939,199
102,0,blank,0,928.294,517.7463,125939,126138,199
102,0,blank,0,953.4105,506.863683333333,126138,126336,198
102,0,blank,0,981.7705,506.6816,126336,126532,196
102,0,blank,0,993.327666666667,503.203616666667,126532,126730,198
102,0,blank,0,992.566333333334,508.804283333333,126730,126928,198
102,0,blank,0,998.551833333333,506.350216666667,126928,127126,198
102,0,blank,0,996.2018,505.31034,127126,127294,168
102,0,blank,0,995.8555,503.41735,127294,127362,68
102,0,blank,0,169.696933333333,637.486983333333,127463,127662,199
102,0,blank,0,173.38746,660.51638,127662,127828,166
102,0,blank,0,125.650016666667,638.0037,127828,128023,195
102,0,blank,0,130.49715,618.160983333333,128023,128217,194
102,0,blank,0,167.596883333333,612.76165,128217,128416,199
102,0,blank,0,158.16885,619.440433333333,128416,128614,198
102,0,blank,0,131.95175,652.97465,128614,128811,197
102,66,[,357,182.3904,650.97635,128811,129008,197
102,0,blank,0,107.660833333333,652.662616666667,129008,129207,199
102,0,blank,0,110.225816666667,663.415566666667,129207,129404,197
102,0,blank,0,166.12054,665.36406,129404,129570,166
102,0,blank,0,177.26552,673.94488,129570,129738,168
102,0,blank,0,139.128716666667,625.482966666667,129738,129937,199
102,0,blank,0,121.05948,623.04282,129937,130105,168
102,0,blank,0,102.241233333333,625.46925,130105,130301,196
102,0,blank,0,119.728316666667,638.930916666667,130301,130496,195
102,0,blank,0,144.157266666667,614.484816666667,130496,130694,198
102,64,lo,341,181.369333333333,612.67775,130694,130889,195
102,0,blank,0,210.900116666667,616.533,130889,131083,194
102,0,blank,0,184.2925,622.494916666667,131083,131274,191
102,0,blank,0,129.635933333333,630.707116666667,131274,131469,195
102,0,blank,0,131.7091,619.691416666667,131469,131663,194
102,0,blank,0,127.907283333333,618.191516666667,131663,131859,196
102,0,blank,0,98.62355,619.380416666667,131859,132054,195
102,0,blank,0,103.33345,623.717666666667,132054,132250,196
102,66,temp,351,133.5333,657.439516666667,132250,132443,193
102,0,blank,0,184.116516666667,662.15935,132443,132638,195
102,0,blank,0,181.8312,636.655066666667,132638,132832,194
102,64,for,337,86.91725,606.514366666667,132832,133028,196
102,0,blank,0,82.4572,544.156416666667,133028,133222,194
102,0,blank,0,75.0301833333333,451.801333333333,133222,133415,193
102,0,blank,0,62.5591666666667,425.557766666667,133415,133607,192
102,0,blank,0,80.7784,340.115983333333,133607,133795,188
102,0,blank,0,79.9613166666667,261.00565,133795,133981,186
102,0,blank,0,79.3086,231.697916666667,133981,134168,187
102,48,{,280,86.4703333333333,249.457916666667,134168,134353,185
102,0,blank,0,98.6962666666667,301.061633333333,134353,134540,187
102,52,;,297,121.34945,344.411816666667,134540,134730,190
102,0,blank,0,77.6551333333333,414.624116666667,134730,134921,191
102,0,blank,0,98.1687166666667,479.065716666667,134921,135113,192
102,0,blank,0,96.2689333333333,494.78905,135113,135304,191
102,62,else,335,62.74415,554.308183333333,135304,135497,193
102,0,blank,0,66.66875,600.59845,135497,135690,193
102,64,for,337,109.233316666667,600.603616666667,135690,135885,195
102,0,blank,0,117.068166666667,572.359716666667,135885,136079,194
102,0,blank,0,154.05355,533.920066666667,136079,136268,189
102,0,blank,0,174.3331,522.90388,136268,136434,166
102,0,blank,0,212.739333333333,511.5697,136434,136627,193
102,0,blank,0,238.81375,513.423483333333,136627,136821,194
102,0,blank,0,157.396466666667,538.792983333333,136821,137014,193
102,0,blank,0,224.6555,530.85255,137014,137210,196
102,0,blank,0,155.148083333333,540.86635,137210,137404,194
102,0,blank,0,126.825966666667,581.19615,137404,137599,195
102,0,blank,0,128.495216666667,678.45445,137599,137794,195
102,67,++,362,149.70385,669.0039,137794,137988,194
102,66,temp,351,134.807166666667,655.16545,137988,138182,194
102,0,blank,0,115.928716666667,621.987033333333,138182,138376,194
102,64,for,337,85.67536,603.17784,138376,138539,163
102,0,blank,0,138.193583333333,505.9795,138571,138760,189
102,58,temp,320,135.9161,480.01955,138760,138953,193
102,0,blank,0,164.149783333333,474.754033333333,138953,139146,193
102,58,i,322,177.1233,480.0853,139146,139177,31
102,0,blank,0,123.639116666667,631.687366666667,139208,139398,190
102,0,blank,0,139.781666666667,618.8114,139398,139591,193
102,0,blank,0,138.57522,621.11324,139591,139752,161
102,0,blank,0,156.29955,485.0654,139784,139973,189
102,58,[,326,167.462166666667,479.732583333333,139973,140161,188
102,58,[,326,171.96805,477.619116666667,140161,140354,193
102,0,blank,0,171.53085,511.761983333333,140354,140545,191
102,0,blank,0,185.633416666667,584.895216666667,140545,140739,194
102,64,;,346,201.88995,613.99515,140739,140869,130
102,0,blank,0,688.46585,771.34465,140936,141067,131
102,0,blank,0,642.5263,757.7241,141133,141166,33
102,0,blank,0,-323,-105,141200,141282,82
102,0,blank,0,147.443133333333,153.900833333333,141392,141481,89
102,0,blank,0,-323,-105,141646,141734,88
102,0,blank,0,104.840083333333,45.5965,141861,142054,193
102,0,blank,0,145.532966666667,48.67155,142054,142237,183
102,39,;,236,171.862133333333,55.2852333333333,142237,142425,188
102,39,1,235,155.529583333333,60.4332,142425,142612,187
102,39,+,234,141.140233333333,52.1176833333333,142612,142801,189
102,0,blank,0,90.9999333333333,18.6511833333333,142801,142990,189
102,37,=,224,86.98805,29.76855,142990,143052,62
103,6,int,25,86.0194833333333,54.5767833333333,143116,143307,191
103,0,blank,0,75.8686166666667,75.1249666666667,143307,143500,193
103,6,int,25,100.692583333333,89.9845166666667,143500,143694,194
103,6,50,28,112.1311,99.33595,143694,143887,193
103,7,int,31,162.073566666667,104.690833333333,143887,144081,194
103,0,blank,0,296.2135,126.56615,144081,144276,195
103,7,int,31,263.184916666667,130.966683333333,144276,144473,197
103,8,printf,36,162.86105,142.21235,144473,144672,199
103,8,"Entertotalnumberofelements:",38,124.77788,144.39672,144672,144845,173
103,8,"Entertotalnumberofelements:",38,94.37994,135.78588,144845,145013,168
103,0,blank,0,124.85238,156.79588,145013,145184,171
103,9,),47,188.930433333333,170.510383333333,145184,145382,198
103,10,printf,49,210.870066666667,181.892916666667,145382,145581,199
103,10,"Entertheelements:\n",51,141.4234,198.97072,145581,145756,175
103,9,;,48,197.1339,177.50628,145756,145927,171
103,10,printf,49,227.87794,164.42362,145927,146096,169
103,10,printf,49,212.16065,185.65745,146096,146294,198
103,10,"Entertheelements:\n",51,162.280216666667,199.013466666667,146294,146491,197
103,11,size,62,194.05245,203.752766666667,146491,146685,194
103,11,size,62,203.30158,208.3076,146685,146853,168
103,11,size,62,193.03612,221.52202,146853,147025,172
103,13,"%d",70,155.83564,259.65332,147025,147191,166
103,13,list,73,205.99808,251.25254,147191,147368,177
103,0,blank,0,175.0709,243.43316,147368,147538,170
103,13,scanf,68,114.58426,241.40874,147538,147713,175
103,13,scanf,68,116.80694,236.0479,147713,147885,172
103,0,blank,0,136.42648,244.41742,147885,148056,171
103,13,scanf,68,132.97616,237.26794,148056,148224,168
103,11,0,58,75.42904,221.75864,148224,148394,170
103,15,partition,80,96.09308,286.14694,148394,148560,166
103,15,partition,80,122.1441,285.07352,148560,148729,169
103,0,blank,0,188.17956,284.65504,148729,148899,170
103,0,blank,0,174.91952,286.80654,148899,149066,167
103,0,blank,0,206.87516,283.70978,149066,149238,172
103,0,blank,0,211.48094,287.1068,149238,149407,169
103,15,size,86,234.83014,294.34558,149407,149582,175
103,0,blank,0,261.15014,288.2367,149582,149758,176
103,15,size,86,226.80828,294.70676,149758,149931,173
103,15,..,85,163.56712,306.01736,149931,150104,173
103,16,"Aftermergesort:\n",93,204.20108,315.19508,150104,150274,170
103,16,"Aftermergesort:\n",93,186.02522,316.1409,150274,150445,171
103,16,"Aftermergesort:\n",93,132.29252,321.22878,150445,150621,176
103,16,printf,91,59.3989,320.42704,150621,150792,171
103,16,printf,91,63.19486,318.5047,150792,150964,172
103,16,(,92,74.93288,319.02854,150964,151132,168
103,16,"Aftermergesort:\n",93,97.4655333333333,314.868066666667,151132,151331,199
103,0,blank,0,161.59906,310.1491,151331,151503,172
103,16,"Aftermergesort:\n",93,145.202,311.51974,151503,151671,168
103,15,partition,80,82.576,308.11548,151671,151840,169
103,15,partition,80,76.31986,302.67402,151840,152007,167
103,15,list,82,117.26254,290.0004,152007,152175,168
103,15,partition,80,103.833533333333,292.049133333333,152175,152373,198
103,15,partition,80,71.70675,289.556733333333,152373,152572,199
103,15,0,84,166.9247,293.53105,152572,152770,198
103,15,size,86,193.244216666667,295.961616666667,152770,152969,199
103,15,..,85,163.373033333333,298.79895,152969,153166,197
103,15,..,85,163.557866666667,299.615733333333,153166,153266,100
103,0,blank,0,69.4569,461.671716666667,153298,153496,198
103,23,partition,126,75.72325,467.879266666667,153496,153694,198
103,23,void,125,171.463733333333,469.9721,153694,153892,198
103,23,void,125,190.8591,465.47216,153892,154058,166
103,15,0,84,169.44804,294.23236,154091,154258,167
103,15,list,82,117.23252,291.7224,154258,154427,169
103,15,partition,80,82.9167,298.4165,154427,154598,171
103,15,(,81,106.35194,305.8944,154598,154769,171
103,16,"Aftermergesort:\n",93,156.04438,315.09318,154769,154935,166
103,0,blank,0,202.38272,310.46078,154935,155103,168
103,16,"Aftermergesort:\n",93,111.4097,324.49212,155103,155271,168
103,0,blank,0,120.326933333333,339.811366666667,155271,155470,199
103,0,blank,0,202.11748,371.8304,155470,155640,170
103,0,blank,0,244.60556,374.96442,155640,155806,166
103,0,blank,0,249.8187,372.8541,155806,155840,34
103,21,return,121,76.73902,419.57808,155874,156045,171
103,21,return,121,77.52275,416.90035,156045,156113,68
103,23,void,125,160.9071,481.44834,156147,156315,168
103,23,void,125,160.6769,481.555,156315,156483,168
103,0,blank,0,75.61594,486.91656,156483,156653,170
103,0,blank,0,76.7068,495.84025,156653,156720,67
103,0,blank,0,-323,-105,156753,156813,60
103,19,list,114,231.17225,384.478516666667,156986,157178,192
103,0,blank,0,251.6957,376.890783333333,157178,157377,199
103,19,[,115,254.42015,379.091816666667,157377,157574,197
103,17,;,105,202.975133333333,352.731216666667,157574,157769,195
103,17,;,105,202.794483333333,350.090583333333,157769,157967,198
103,17,size,104,186.14024,353.74986,157967,158137,170
103,17,size,104,152.434966666667,344.212566666667,158137,158237,100
103,19,[,115,257.6339,381.47838,158272,158442,170
103,19,[,115,256.1987,385.1623,158442,158509,67
103,23,void,125,107.37332,477.59548,158545,158717,172
103,23,void,125,136.54618,474.52612,158717,158888,171
103,23,void,125,172.81098,468.29186,158888,159059,171
103,23,void,125,206.50634,464.79614,159059,159230,171
103,0,blank,0,261.22598,463.95108,159230,159401,171
103,23,low,134,298.03212,466.0351,159401,159575,174
103,0,blank,0,349.92525,461.94215,159575,159644,69
103,0,blank,0,987.6936,192.21252,159713,159884,171
103,0,blank,0,1041.9896,195.34184,159884,160053,169
103,0,blank,0,1046.0818,193.57584,160053,160226,173
103,0,blank,0,1043.8666,195.54558,160226,160398,172
103,0,blank,0,1047.4312,194.09722,160398,160567,169
103,0,blank,0,539.96524,-1.66224,160634,160803,169
103,0,blank,0,553.91612,-28.46554,160803,160971,168
103,0,blank,0,547.78625,-31.328775,160971,161107,136
103,21,return,121,392.62212,437.10788,161173,161345,172
103,0,blank,0,417.43684,442.44122,161345,161524,179
103,19,printf,110,409.8795,345.47475,161524,161664,140
103,0,blank,0,175.0845,282.44246,161698,161871,173
104,0,blank,0,223.50772,114.24646,162517,162686,169
104,0,blank,0,236.93094,112.55412,162686,162856,170
104,0,blank,0,-323,-105,162890,163060,170
104,0,blank,0,164.011316666667,89.1450166666667,163092,163285,193
104,0,blank,0,137.6436,100.10542,163285,163456,171
104,0,blank,0,129.54496,100.78104,163456,163646,190
104,21,return,121,99.1961833333334,115.987633333333,163646,163840,194
104,0,blank,0,96.1742333333333,126.674816666667,163840,164034,194
104,0,blank,0,100.32414,131.90398,164034,164216,182
104,0,blank,0,120.199316666667,131.743133333333,164216,164403,187
104,0,blank,0,175.71152,141.268,164403,164561,158
104,0,blank,0,245.60804,129.79714,164561,164742,181
104,0,blank,0,240.596933333333,132.316866666667,164742,164933,191
104,0,blank,0,317.4468,118.938716666667,164933,165124,191
104,0,blank,0,292.374083333333,122.091966666667,165124,165322,198
104,0,blank,0,248.33568,128.45656,165322,165493,171
104,0,blank,0,249.8977,122.53685,165493,165692,199
104,0,blank,0,285.51884,128.60546,165692,165863,171
104,0,blank,0,314.164,128.85456,165863,166039,176
104,0,blank,0,350.36066,124.01744,166039,166211,172
104,0,blank,0,350.53234,121.6089,166211,166384,173
104,0,blank,0,331.8371,128.98864,166384,166558,174
104,0,blank,0,366.61732,123.39696,166558,166727,169
104,0,blank,0,411.06202,120.19552,166727,166901,174
104,23,partition,126,134.12738,162.49684,166935,167110,175
104,23,partition,126,129.17634,165.46114,167110,167292,182
104,23,partition,126,124.53318,161.79278,167292,167467,175
104,23,partition,126,115.7888,163.93756,167467,167642,175
104,23,partition,126,116.55976,162.3248,167642,167821,179
104,0,blank,0,154.47562,186.78152,167821,168000,179
104,0,blank,0,154.95558,180.16602,168000,168174,174
104,0,blank,0,153.17544,185.7191,168174,168347,173
104,0,blank,0,155.20088,187.96748,168347,168520,173
104,0,blank,0,162.30042,189.85516,168520,168695,175
104,0,blank,0,181.7589,196.86026,168695,168873,178
104,26,high,147,174.00328,215.3774,168873,169048,175
104,26,high,147,167.8881,224.18374,169048,169222,174
104,0,blank,0,151.53892,201.39138,169222,169394,172
104,0,blank,0,166.04578,191.89912,169394,169568,174
104,0,blank,0,142.84608,184.03356,169568,169741,173
104,0,blank,0,134.93332,190.69388,169741,169914,173
104,0,blank,0,202.6019,233.37914,169914,170087,173
104,0,blank,0,192.8114,234.61478,170087,170258,171
104,0,blank,0,155.29488,251.59826,170258,170426,168
104,0,blank,0,133.9224,210.43904,170426,170597,171
104,26,<,146,140.1709,226.56396,170597,170769,172
104,28,=,151,151.5517,259.78368,170769,170938,169
104,28,=,151,147.57245,257.18,170938,171005,67
104,0,blank,0,287.17965,259.450483333333,171283,171477,194
104,0,blank,0,289.90035,254.76035,171477,171544,67
104,0,blank,0,353.9655,267.7673,171544,173354,1810
104,28,),156,278.739266666667,275.8714,173354,173552,198
104,0,blank,0,283.58972,294.9422,173552,173739,187
104,0,blank,0,242.47205,304.3367,173739,173932,193
104,0,blank,0,239.447966666667,311.158383333333,173932,174129,197
104,30,mid,173,265.42982,315.11166,174129,174300,171
104,31,..,185,246.04476,329.25908,174300,174467,167
104,31,..,185,246.41516,325.35356,174467,174635,168
104,0,blank,0,274.25724,322.7778,174635,174802,167
104,30,mid,173,270.75414,319.56112,174802,174971,169
104,30,list,171,224.38488,310.07024,174971,175139,168
104,30,list,171,231.26592,309.37218,175139,175306,167
104,0,blank,0,236.3628,299.00084,175306,175474,168
104,0,blank,0,235.65726,296.45588,175474,175641,167
104,28,high,155,230.182,275.299,175641,175836,195
104,0,blank,0,226.6963,254.124683333333,175836,176035,199
104,0,blank,0,222.3945,254.61988,176035,176201,166
104,28,low,153,202.11088,263.77552,176201,176369,168
104,28,low,153,184.61125,261.43,176369,176568,199
104,28,low,153,168.257616666667,259.622333333333,176568,176766,198
104,28,high,155,234.809916666667,270.849666666667,176766,176963,197
104,0,blank,0,235.945766666667,291.34575,176963,177162,199
104,0,blank,0,238.95906,301.56886,177162,177329,167
104,0,blank,0,234.288283333333,285.484333333333,177329,177527,198
104,28,low,153,200.93,274.869916666667,177527,177726,199
104,0,blank,0,195.17176,278.0868,177726,177897,171
104,29,list,162,230.21698,281.36252,177897,178065,168
104,28,high,155,261.732566666667,276.9794,178065,178264,199
104,28,high,155,245.05145,276.8739,178264,178462,198
104,0,blank,0,232.708383333333,288.428,178462,178661,199
104,0,blank,0,242.23184,294.26584,178661,178828,167
104,29,low,164,256.783066666667,297.9803,178828,179026,198
104,29,low,164,273.998983333333,283.179016666667,179026,179220,194
104,29,low,164,255.9357,284.545466666667,179220,179419,199
104,0,blank,0,236.779183333333,287.720583333333,179419,179615,196
104,0,blank,0,206.16416,261.08314,179615,179782,167
104,0,blank,0,182.3496,246.23184,179782,179948,166
104,0,blank,0,145.05952,249.84542,179948,180115,167
104,0,blank,0,84.06555,236.38345,180115,180310,195
104,0,blank,0,145.611433333333,246.215516666667,180310,180504,194
104,0,blank,0,210.436,258.502716666667,180504,180703,199
104,28,high,155,232.268283333333,262.194966666667,180703,180901,198
104,28,high,155,232.6669,269.355733333333,180901,181098,197
104,29,list,162,197.49428,286.55844,181098,181265,167
104,29,list,162,196.78606,289.91092,181265,181436,171
104,29,partition,160,159.30038,294.4248,181436,181607,171
104,29,partition,160,135.1286,295.33386,181607,181778,171
104,29,partition,160,165.90772,299.15596,181778,181950,172
104,29,list,162,199.51012,298.95466,181950,182124,174
104,0,blank,0,242.894475,306.957925,182124,182265,141
104,30,..,174,251.875,311.20935,182265,182452,187
104,30,..,174,251.9499,315.7178,182452,182580,128
104,0,blank,0,159.064675,351.854325,182580,182767,187
104,0,blank,0,115.45638,362.8588,182767,182942,175
104,0,blank,0,95.80728,353.43964,182942,183108,166
104,29,list,162,202.13676,299.51992,183108,183280,172
104,0,blank,0,234.53996,301.83278,183280,183450,170
104,0,blank,0,237.159783333333,305.67445,183450,183648,198
104,28,high,155,236.81446,276.49804,183648,183816,168
104,28,high,155,248.3536,274.84592,183816,183983,167
104,29,list,162,203.32522,280.45508,183983,184152,169
104,29,partition,160,134.90982,281.65558,184152,184321,169
104,29,partition,160,104.816566666667,284.318566666667,184321,184518,197
104,28,low,153,202.3142,277.90398,184518,184687,169
104,29,list,162,215.69846,284.63276,184687,184857,170
104,28,high,155,237.8976,274.84786,184857,185026,169
104,0,blank,0,251.61728,212.65836,185026,185193,167
104,0,blank,0,258.225166666667,138.639716666667,185193,185386,193
104,19,"%d",112,232.462816666667,77.082,185386,185579,193
104,0,blank,0,233.1247,51.0953666666667,185579,185676,97
104,23,[,130,245.21634,155.42608,185708,185877,169
104,0,blank,0,198.30214,201.06632,185877,186047,170
104,0,blank,0,156.43392,240.04452,186047,186218,171
104,0,blank,0,161.11048,239.97576,186218,186389,171
104,0,blank,0,197.80072,238.70248,186389,186560,171
104,0,blank,0,198.02902,239.52098,186560,186728,168
104,0,blank,0,224.92934,250.64926,186728,186895,167
104,28,high,155,229.9495,263.17508,186895,187067,172
104,0,blank,0,169.01336,248.00052,187067,187234,167
104,0,blank,0,166.11746,248.7082,187234,187406,172
104,0,blank,0,166.64142,242.83106,187406,187575,169
104,0,blank,0,-323.0733,511.9543,187641,187744,103
104,0,blank,0,-323.18255,704.18935,187776,187973,197
104,0,blank,0,-323.1606,658.8023,187973,188170,197
104,0,blank,0,-323.133733333333,627.398233333333,188170,188366,196
104,0,blank,0,-323.14075,573.031083333333,188366,188561,195
104,29,partition,160,157.6347,284.83144,188659,188827,168
104,28,low,153,194.93574,270.2455,188827,188995,168
104,0,blank,0,209.52436,262.335,188995,189163,168
104,28,high,155,229.64204,266.33494,189163,189331,168
104,28,high,155,246.60986,268.29592,189331,189500,169
104,28,high,155,252.1556,271.7594,189500,189602,102
104,0,blank,0,106.67656,278.07006,189636,189803,167
104,28,mid,150,102.54544,275.16646,189803,189973,170
104,28,low,153,170.42478,269.19186,189973,190142,169
104,28,low,153,185.03788,268.29108,190142,190313,171
104,28,high,155,225.88086,271.8662,190313,190480,167
104,28,high,155,250.66618,267.0335,190480,190650,170
104,0,blank,0,272.55268,262.8474,190650,190820,170
104,28,high,155,238.71148,272.133,190820,190990,170
104,28,high,155,234.65476,270.98954,190990,191162,172
104,28,low,153,195.25448,269.55976,191162,191330,168
104,28,+,154,218.57108,273.94764,191330,191496,166
104,28,high,155,234.59218,270.58732,191496,191663,167
104,28,high,155,256.38365,274.211433333333,191663,191862,199
104,28,),156,277.89978,273.05648,191862,192028,166
104,29,low,164,269.50358,285.85602,192028,192200,172
104,29,low,164,263.43492,292.19186,192200,192373,173
104,29,..,165,250.67886,298.5777,192373,192544,171
104,30,..,174,252.83312,301.97018,192544,192719,175
104,0,blank,0,272.88545,300.3462,192719,192857,138
104,29,partition,160,132.8542,292.96236,192892,193064,172
104,29,partition,160,179.32862,289.64298,193064,193239,175
104,29,list,162,218.8632,289.67752,193239,193407,168
104,29,low,164,270.3165,289.08594,193407,193581,174
104,29,low,164,278.52834,290.1054,193581,193754,173
104,29,low,164,278.89874,288.6091,193754,193924,170
104,29,low,164,274.43104,292.23094,193924,194093,169
104,29,low,164,258.78526,291.42998,194093,194266,173
104,29,low,164,259.93518,293.16664,194266,194436,170
104,29,low,164,266.93874,299.19608,194436,194606,170
104,29,low,164,281.3845,295.86472,194606,194778,172
104,29,low,164,277.609,296.77452,194778,194950,172
104,29,..,165,251.07346,299.84034,194950,195122,172
104,0,blank,0,282.18316,296.1431,195122,195296,174
104,0,blank,0,289.17352,298.487,195296,195470,174
104,0,blank,0,287.3493,294.03582,195470,195644,174
104,0,blank,0,241.39458,306.82592,195644,195817,173
104,30,..,174,243.52318,304.76242,195817,195991,174
104,30,..,174,245.26878,303.58692,195991,196162,171
104,29,low,164,270.31386,295.70434,196162,196332,170
104,29,low,164,261.92554,296.72228,196332,196501,169
104,0,blank,0,234.93348,301.06006,196501,196674,173
104,30,partition,169,152.68012,309.24368,196674,196844,170
104,30,partition,169,106.9033,310.36772,196844,197014,170
104,30,partition,169,131.372216666667,308.645783333333,197014,197211,197
104,30,partition,169,127.606566666667,311.8478,197211,197409,198
104,30,partition,169,149.806666666667,309.066266666667,197409,197601,192
104,30,list,171,204.848883333333,306.0174,197601,197798,197
104,0,blank,0,237.2258,311.6409,197798,197966,168
104,30,mid,173,256.9813,314.55642,197966,198132,166
104,30,mid,173,271.20672,316.00776,198132,198302,170
104,30,mid,173,282.77452,317.95052,198302,198472,170
104,0,blank,0,297.238116666667,312.30875,198472,198670,198
104,29,low,164,258.864,296.72558,198670,198837,167
104,29,list,162,220.63526,288.7977,198837,199005,168
104,29,(,161,187.823066666667,284.059466666667,199005,199204,199
104,0,blank,0,242.71645,279.437916666667,199204,199400,196
104,28,high,155,240.39222,276.79888,199400,199566,166
104,0,blank,0,96.58112,359.02934,199600,199767,167
104,0,blank,0,80.5021833333333,375.77645,199767,199965,198
104,30,partition,169,99.7669833333333,315.716183333333,199965,200162,197
104,28,mid,150,114.921783333333,274.300683333333,200162,200355,193
104,28,mid,150,112.48785,260.985516666667,200355,200551,196
104,28,mid,150,104.2056,259.4898,200551,200584,33
104,0,blank,0,76.71796,413.26518,200616,200785,169
104,0,blank,0,29.43042,441.91434,200785,200953,168
104,35,{,208,45.6913,439.241116666667,200953,201149,196
104,0,blank,0,81.13846,385.52302,201149,201316,167
104,0,blank,0,40.25245,180.588,201350,201545,195
104,0,blank,0,25.9620166666667,134.690266666667,201545,201744,199
104,0,blank,0,46.7537333333333,134.359166666667,201744,201942,198
104,0,blank,0,64.1193,139.694533333333,201942,202136,194
104,25,int,140,93.1711,193.878316666667,202136,202332,196
104,25,mid,141,95.88294,192.4387,202332,202501,169
104,25,mid,141,94.966325,196.3446,202501,202643,142
104,25,mid,141,94.14685,195.86255,202643,202835,192
104,0,blank,0,101.7199,186.7556,202835,202958,123
104,25,mid,141,103.2207,192.3395,202958,203042,84
104,0,blank,0,192.92562,124.0738,203081,203250,169
104,0,blank,0,191.211533333333,120.702933333333,203250,203359,109
104,0,blank,0,246.874933333333,132.2245,203359,203538,179
104,0,blank,0,247.95068,135.30044,203538,203708,170
104,0,blank,0,249.6061,133.9001,203708,203777,69
104,26,low,145,97.76862,215.9074,203810,203986,176
104,0,blank,0,149.51162,247.152,203986,204157,171
104,0,blank,0,173.09474,252.58672,204157,204327,170
104,0,blank,0,177.67092,254.185,204327,204500,173
104,28,high,155,233.1128,257.61022,204500,204670,170
104,28,high,155,237.233733333333,266.417766666667,204670,204868,198
104,28,+,154,213.83382,267.15508,204868,205036,168
104,28,+,154,216.0224,270.11766,205036,205204,168
104,28,+,154,215.44002,270.79388,205204,205376,172
104,28,high,155,224.14776,274.39328,205376,205549,173
104,28,high,155,236.21314,276.08828,205549,205717,168
104,28,low,153,198.802,274.432,205717,205885,168
104,28,+,154,216.02604,268.92552,205885,206053,168
104,28,high,155,243.95446,265.29742,206053,206231,178
104,0,blank,0,262.95898,264.80986,206231,206403,172
104,28,),156,275.89736,270.30228,206403,206578,175
104,0,blank,0,262.56148,272.2026,206578,206747,169
104,28,+,154,223.49206,277.91554,206747,206918,171
104,0,blank,0,225.59408,278.3589,206918,207089,171
104,28,high,155,243.00324,273.6437,207089,207261,172
104,28,high,155,257.66712,267.24556,207261,207435,174
104,28,+,154,221.8282,263.70868,207435,207609,174
104,28,+,154,213.78252,265.31028,207609,207785,176
104,28,high,155,236.4065,268.84096,207785,207954,169
104,28,high,155,237.1373,265.19818,207954,208124,170
104,0,blank,0,265.39338,266.4811,208124,208295,171
104,0,blank,0,271.80038,268.61714,208295,208465,170
104,28,high,155,251.70138,265.10552,208465,208635,170
104,28,high,155,230.08894,261.76464,208635,208804,169
104,0,blank,0,205.63978,250.93544,208804,208973,169
104,0,blank,0,162.41028,244.99566,208973,209144,171
104,0,blank,0,159.95572,243.42906,209144,209314,170
104,0,blank,0,199.83478,241.86802,209314,209485,171
104,0,blank,0,198.48726,244.7846,209485,209654,169
104,0,blank,0,164.07406,243.93024,209654,209825,171
104,0,blank,0,157.71528,243.26998,209825,209994,169
104,0,blank,0,187.69066,246.52164,209994,210164,170
104,0,blank,0,214.87972,251.9074,210164,210336,172
104,28,high,155,240.71488,259.66146,210336,210510,174
104,28,high,155,238.9083,259.79954,210510,210683,173
104,28,high,155,238.58742,260.63702,210683,210854,171
104,28,high,155,258.40266,268.57672,210854,211025,171
104,0,blank,0,265.53112,276.1229,211025,211198,173
104,28,high,155,236.49804,276.84402,211198,211374,176
104,0,blank,0,181.7657,278.76722,211374,211546,172
104,29,partition,160,114.82594,284.42432,211546,211724,178
104,28,mid,150,102.67322,265.09086,211724,211898,174
104,26,(,144,79.87954,213.35672,211898,212066,168
104,0,blank,0,67.15222,183.17252,212066,212234,168
104,0,blank,0,69.591,183.5134,212234,212402,168
104,0,blank,0,100.544,187.12434,212402,212569,167
104,25,mid,141,115.0793,194.9105,212569,212736,167
104,25,mid,141,98.97192,196.8782,212736,212904,168
104,25,int,140,88.03402,198.6998,212904,213074,170
104,26,low,145,86.77264,213.29888,213074,213241,167
104,0,blank,0,-323,-105,213274,213363,89
104,0,blank,0,132.9016,233.5472,213416,213483,67
104,0,blank,0,193.0817,232.428616666667,213553,213750,197
104,0,blank,0,191.0468,233.6632,213750,213782,32
104,0,blank,0,75.68765,170.998566666667,213815,214010,195
104,0,blank,0,99.42775,171.88145,214010,214204,194
104,0,blank,0,107.944066666667,178.790983333333,214204,214399,195
104,0,blank,0,202.69735,239.823983333333,214432,214629,197
104,0,blank,0,201.175675,250.2748,214629,214762,133
104,28,high,155,234.46998,276.6076,214762,214951,189
104,0,blank,0,263.25086,278.02342,214951,215120,169
104,29,..,165,246.0809,280.34774,215120,215287,167
104,0,blank,0,174.47554,248.16022,215287,215456,169
104,26,<,146,139.61658,227.572,215456,215625,169
104,0,blank,0,80.75236,186.40878,215625,215795,170
104,0,blank,0,76.58045,180.440233333333,215795,215994,199
104,0,blank,0,74.9936,182.8446,215994,216059,65
104,0,blank,0,225.231666666667,237.516683333333,216125,216315,190
104,0,blank,0,225.96062,239.40718,216315,216482,167
104,28,high,155,226.64796,277.14918,216482,216647,165
104,29,list,162,224.7912,286.3269,216647,216818,171
104,29,list,162,224.2141,290.2821,216818,216991,173
104,0,blank,0,219.69282,278.05348,216991,217162,171
104,0,blank,0,212.11002,268.5297,217162,217333,171
104,28,low,153,177.0867,263.69538,217333,217505,172
104,28,low,153,170.36298,264.79898,217505,217670,165
104,28,+,154,220.79996,261.85316,217670,217841,171
104,31,mergeSort,178,174.43568,325.67656,217841,218015,174
104,31,mergeSort,178,168.448525,333.463675,218015,218160,145
104,0,blank,0,238.18272,481.13918,218195,218363,168
104,34,list,195,228.43756,406.7696,218363,218534,171
104,0,blank,0,222.51668,346.19162,218534,218705,171
104,30,list,171,226.039033333333,307.144116666667,218705,218904,199
104,0,blank,0,243.251466666667,278.558616666667,218904,219103,199
104,28,high,155,258.35556,264.5128,219103,219270,167
104,0,blank,0,202.8867,244.97102,219270,219436,166
104,0,blank,0,201.1168,245.19715,219436,219634,198
104,0,blank,0,199.9524,246.78384,219634,219803,169
104,28,high,155,252.06966,262.6932,219803,219975,172
104,28,high,155,260.8651,273.2212,219975,220009,34
104,0,blank,0,-323,-105,220146,220326,180
104,0,blank,0,-323,-105,220326,220471,145
104,0,blank,0,-323,-105,220471,220649,178
104,0,blank,0,-323,-105,220649,220812,163
104,0,blank,0,-323,-105,220812,220979,167
104,0,blank,0,-323,-105,220979,221153,174
104,0,blank,0,-323,-105,221153,221450,297
104,0,blank,0,-323,-105,221450,221639,189
104,0,blank,0,-323,-105,221639,221796,157
104,0,blank,0,-323,-105,221796,221977,181
104,0,blank,0,-323,-105,221977,222145,168
104,0,blank,0,-323,-105,222145,222385,240
104,0,blank,0,-323,-105,222385,222425,40
104,0,blank,0,239.636983333333,252.652433333333,222546,222734,188
104,0,blank,0,278.20422,241.63654,222734,222901,167
104,28,),156,274.192225,257.354075,222901,223037,136
104,28,),156,281.6887,260.73685,223037,223225,188
104,0,blank,0,299.6387,243.184,223225,223424,199
104,0,blank,0,307.21855,250.63955,223424,223567,143
104,0,blank,0,209.30908,248.26202,223567,223760,193
104,0,blank,0,207.1122,256.452,223760,223928,168
104,0,blank,0,275.66484,250.0052,223928,224121,193
104,0,blank,0,276.8152,255.69112,224121,224292,171
104,0,blank,0,273.22806,249.9139,224292,224461,169
104,0,blank,0,274.62976,247.19814,224461,224631,170
104,0,blank,0,295.58835,245.38785,224631,224722,91
104,0,blank,0,308.41725,253.6451,224722,224902,180
104,0,blank,0,249.681116666667,249.085533333333,224902,225101,199
104,0,blank,0,228.85432,256.63488,225101,225272,171
104,28,),156,282.94742,264.17188,225272,225442,170
104,0,blank,0,291.79312,261.44802,225442,225609,167
104,28,/,157,300.89308,265.20084,225609,225777,168
104,28,/,157,299.48676,259.99338,225777,225949,172
104,28,high,155,242.79436,268.79534,225949,226124,175
104,0,blank,0,294.48796,256.3477,226124,226290,166
104,0,blank,0,298.04736,255.65676,226290,226457,167
104,28,),156,279.54152,277.1869,226457,226626,169
104,28,),156,280.10236,272.23582,226626,226796,170
104,0,blank,0,284.573375,292.06105,226796,226931,135
104,0,blank,0,-323,-105,227112,227289,177
104,0,blank,0,-323,-105,227289,227471,182
104,0,blank,0,-323,-105,227471,227656,185
104,0,blank,0,-323,-105,227656,227835,179
104,0,blank,0,-323,-105,227835,228008,173
104,0,blank,0,-323,-105,228008,228179,171
104,0,blank,0,-323,-105,228179,228375,196
104,0,blank,0,-323,-105,228375,228543,168
104,0,blank,0,-323,-105,228543,228655,112
104,0,blank,0,-323,-105,228655,228815,160
104,0,blank,0,-323,-105,228815,229003,188
104,0,blank,0,-323,-105,229003,229186,183
104,0,blank,0,-323,-105,229186,229254,68
104,0,blank,0,-323,-105,229254,229483,229
104,0,blank,0,-323,-105,229483,229679,196
104,0,blank,0,-323,-105,229679,229839,160
104,0,blank,0,-323,-105,229839,230010,171
104,0,blank,0,-323,-105,230010,230190,180
104,0,blank,0,-323,-105,230190,230374,184
104,0,blank,0,-323,-105,230374,230410,36
104,0,blank,0,234.916466666667,231.542266666667,230450,230646,196
104,0,blank,0,250.17512,173.29254,230646,230816,170
104,0,blank,0,289.41,145.14364,230816,230990,174
104,0,blank,0,255.1327,241.42124,230990,231164,174
104,0,blank,0,251.33898,243.55078,231164,231346,182
104,0,blank,0,254.55594,253.16966,231346,231526,180
104,0,blank,0,253.48964,253.68914,231526,231704,178
104,0,blank,0,-323,-105,231813,231992,179
104,0,blank,0,-323,-105,231992,232168,176
104,0,blank,0,-323,-105,232168,232344,176
104,0,blank,0,-323,-105,232344,232525,181
104,0,blank,0,-323,-105,232525,232701,176
104,0,blank,0,-323,-105,232701,232885,184
104,0,blank,0,-323,-105,232885,233055,170
104,0,blank,0,-323,-105,233055,233239,184
104,0,blank,0,-323,-105,233239,233418,179
104,0,blank,0,-323,-105,233418,233597,179
104,0,blank,0,-323,-105,233597,233777,180
104,0,blank,0,-323,-105,233777,233918,141
104,0,blank,0,-323,-105,233918,234093,175
104,0,blank,0,-323,-105,234093,234292,199
104,0,blank,0,-323,-105,234292,234784,492
104,0,blank,0,-323,-105,234784,234867,83
104,0,blank,0,-323,-105,234867,235014,147
104,0,blank,0,-323,-105,235014,235282,268
104,36,..,217,228.348133333333,434.994833333333,235489,235661,172
104,34,],197,256.8137,404.967533333333,235707,235847,140
104,0,blank,0,-323,-105,235896,236044,148
104,0,blank,0,225.76735,415.54525,236096,236206,110
104,0,blank,0,-323,-105,236298,236485,187
104,0,blank,0,-323,-105,236485,236683,198
104,0,blank,0,-323,-105,236683,236868,185
104,0,blank,0,-323,-105,236868,237048,180
104,0,blank,0,-323,-105,237048,237228,180
104,0,blank,0,-323,-105,237228,237277,49
104,0,blank,0,-323,-105,237277,237524,247
104,0,blank,0,-323,-105,237524,237547,23
104,0,blank,0,-323,-105,237547,237868,321
104,0,blank,0,-323,-105,237868,238187,319
104,0,blank,0,-323,-105,238187,238367,180
104,0,blank,0,-323,-105,238367,238547,180
104,0,blank,0,-323,-105,238547,238744,197
104,0,blank,0,-323,-105,238744,238925,181
104,0,blank,0,-323,-105,238925,239105,180
104,0,blank,0,-323,-105,239105,239278,173
104,0,blank,0,-323,-105,239278,239461,183
104,0,blank,0,-323,-105,239461,239651,190
104,0,blank,0,-323,-105,239651,239743,92
104,0,blank,0,-323,-105,239743,239882,139
104,0,blank,0,-323,-105,239882,240048,166
104,0,blank,0,-323,-105,240048,240229,181
104,0,blank,0,-323,-105,240229,240403,174
104,0,blank,0,-323,-105,240403,240597,194
104,0,blank,0,-323,-105,240597,240775,178
104,0,blank,0,-323,-105,240775,240943,168
104,0,blank,0,-323,-105,240943,241056,113
104,0,blank,0,-323,-105,241056,241243,187
104,0,blank,0,-323,-105,241243,241422,179
104,0,blank,0,-323,-105,241422,241552,130
104,0,blank,0,-323,-105,241552,241729,177
104,0,blank,0,-323,-105,241729,241873,144
104,0,blank,0,218.009375,226.3415,241906,242071,165
104,0,blank,0,226.7685,216.642033333333,242071,242206,135
104,19,"%d",112,185.6176,71.97565,242253,242440,187
104,19,"%d",112,214.9764,67.8449,242440,242487,47
104,0,blank,0,216.3242,236.012975,242535,242723,188
104,0,blank,0,252.129325,245.227,242723,242902,179
104,0,blank,0,270.3732,251.59022,242902,243072,170
104,0,blank,0,199.18094,209.6005,243072,243241,169
104,0,blank,0,192.0747,187.07128,243241,243411,170
104,0,blank,0,263.95485,137.60425,243411,243596,185
104,0,blank,0,269.1494,145.0405,243596,243721,125
104,0,blank,0,330.72045,122.14215,243721,243918,197
104,23,list,129,238.99118,151.26486,243918,244087,169
104,0,blank,0,144.71676,181.3908,244087,244260,173
104,0,blank,0,201.95248,204.40444,244260,244430,170
104,0,blank,0,248.58036,232.30722,244430,244604,174
104,0,blank,0,225.84158,249.22666,244604,244775,171
104,0,blank,0,255.86528,242.15362,244775,244946,171
104,0,blank,0,266.37764,239.27228,244946,245117,171
104,0,blank,0,264.8502,235.16634,245117,245286,169
104,0,blank,0,262.35196,234.5286,245286,245456,170
104,0,blank,0,213.29392,240.94938,245456,245628,172
104,0,blank,0,229.6052,242.51088,245628,245801,173
104,0,blank,0,256.14258,241.1535,245801,245973,172
104,0,blank,0,171.05444,250.1635,245973,246148,175
104,28,low,153,190.07918,258.65486,246148,246323,175
104,0,blank,0,272.07704,263.88172,246323,246497,174
104,0,blank,0,286.46814,268.50162,246497,246670,173
104,28,2,158,306.259233333333,268.0597,246670,246778,108
104,29,partition,160,179.52162,295.32884,246814,246989,175
104,29,partition,160,178.64536,286.0985,246989,247168,179
104,31,mergeSort,178,158.01198,328.44682,247168,247344,176
104,30,list,171,197.41488,312.42782,247344,247517,173
104,30,list,171,203.44256,303.31306,247517,247689,172
104,29,..,165,247.52474,290.74304,247689,247858,169
104,29,mid,166,308.68356,291.64838,247858,248030,172
104,29,mid,166,325.22394,295.22566,248030,248202,172
104,0,blank,0,324.01892,300.57306,248202,248373,171
104,0,blank,0,270.9604,278.30306,248373,248549,176
104,29,list,162,195.61532,280.07452,248549,248720,171
104,29,partition,160,176.27142,282.90982,248720,248890,170
104,0,blank,0,268.64532,268.95112,248890,249059,169
104,0,blank,0,272.48752,271.62254,249059,249229,170
104,28,2,158,309.15402,272.01946,249229,249400,171
104,28,low,153,192.26344,276.72596,249436,249606,170
104,28,low,153,190.57914,274.8231,249606,249776,170
104,28,+,154,214.15548,270.99982,249776,249950,174
104,0,blank,0,287.37565,267.22715,249950,250090,140
104,0,blank,0,-323,-105,250194,250393,199
104,0,blank,0,-323,-105,250393,250569,176
104,0,blank,0,-323,-105,250569,250756,187
104,0,blank,0,-323,-105,250756,250935,179
104,0,blank,0,-323,-105,250935,251114,179
104,0,blank,0,-323,-105,251114,251294,180
104,0,blank,0,-323,-105,251294,251377,83
104,0,blank,0,-323,-105,251377,251554,177
104,0,blank,0,-323,-105,251554,251726,172
104,0,blank,0,-323,-105,251726,251964,238
104,0,blank,0,-323,-105,251964,252147,183
104,0,blank,0,-323,-105,252147,252336,189
104,0,blank,0,-323,-105,252336,252535,199
104,0,blank,0,-323,-105,252535,252734,199
104,0,blank,0,-323,-105,252734,252761,27
104,0,blank,0,-323,-105,252761,252970,209
104,0,blank,0,-323,-105,252970,253184,214
104,0,blank,0,-323,-105,253184,253476,292
104,0,blank,0,-323,-105,253476,253656,180
104,0,blank,0,-323,-105,253656,253833,177
104,0,blank,0,-323,-105,253833,253999,166
104,0,blank,0,-323,-105,253999,254219,220
104,0,blank,0,-323,-105,254219,254254,35
104,0,blank,0,-323,-105,254254,254451,197
104,0,blank,0,-323,-105,254451,254632,181
104,0,blank,0,-323,-105,254632,254811,179
104,0,blank,0,-323,-105,254811,255000,189
104,0,blank,0,-323,-105,255000,255241,241
104,0,blank,0,-323,-105,255241,255264,23
104,0,blank,0,-323,-105,255264,255477,213
104,0,blank,0,-323,-105,255477,255683,206
104,0,blank,0,-323,-105,255683,256023,340
104,0,blank,0,-323,-105,256023,256167,144
104,0,blank,0,-323,-105,256167,256408,241
104,0,blank,0,-323,-105,256408,256466,58
104,0,blank,0,312.6731,192.1783,256728,256770,42
104,26,low,145,84.4188,233.8154,256853,256942,89
104,0,blank,0,-323,-105,256992,257161,169
104,0,blank,0,-323,-105,257161,257226,65
104,0,blank,0,281.03182,251.57524,257309,257501,192
104,28,high,155,246.7519,261.109625,257501,257625,124
104,28,/,157,298.8732,261.3224,257625,257867,242
104,28,/,157,300.1988,270.687633333333,257867,257968,101
104,0,blank,0,-323,-105,258036,258235,199
104,0,blank,0,-323,-105,258235,258431,196
104,0,blank,0,-323,-105,258431,258602,171
104,0,blank,0,-323,-105,258602,258765,163
104,0,blank,0,-323,-105,258765,259130,365
104,0,blank,0,-323,-105,259130,259187,57
104,0,blank,0,-323,-105,259187,259437,250
104,0,blank,0,-323,-105,259437,259474,37
104,0,blank,0,-323,-105,259474,259749,275
104,0,blank,0,-323,-105,259749,259933,184
104,0,blank,0,-323,-105,259933,260111,178
104,0,blank,0,-323,-105,260111,260285,174
104,0,blank,0,-323,-105,260285,260466,181
104,0,blank,0,-323,-105,260466,260653,187
104,0,blank,0,-323,-105,260653,260686,33
104,0,blank,0,-323,-105,260686,260983,297
104,0,blank,0,-323,-105,260983,261282,299
104,0,blank,0,-323,-105,261282,261454,172
104,0,blank,0,-323,-105,261454,261636,182
104,0,blank,0,-323,-105,261636,261815,179
104,0,blank,0,-323,-105,261815,262001,186
104,0,blank,0,-323,-105,262001,262178,177
104,0,blank,0,-323,-105,262178,262355,177
104,0,blank,0,-323,-105,262355,262486,131
104,0,blank,0,-323,-105,262486,262750,264
104,0,blank,0,-323,-105,262750,262860,110
104,0,blank,0,-323,-105,262860,263026,166
104,0,blank,0,-323,-105,263026,263206,180
104,0,blank,0,-323,-105,263206,263395,189
104,0,blank,0,-323,-105,263395,263534,139
104,0,blank,0,-323,-105,263534,263686,152
104,0,blank,0,-323,-105,263686,264037,351
104,0,blank,0,-323,-105,264037,264211,174
104,0,blank,0,-323,-105,264211,264393,182
104,0,blank,0,-323,-105,264393,264444,51
104,0,blank,0,-323,-105,264444,264666,222
104,0,blank,0,-323,-105,264666,264689,23
104,0,blank,0,-323,-105,264689,264929,240
104,0,blank,0,-323,-105,264929,265161,232
104,0,blank,0,-323,-105,265161,265494,333
104,0,blank,0,-323,-105,265494,265676,182
104,30,list,171,222.7049,319.9222,265692,265720,28
104,0,blank,0,205.13565,216.46535,265889,266077,188
104,0,blank,0,226.8216,214.382875,266077,266253,176
104,0,blank,0,185.98535,194.2028,266253,266437,184
104,0,blank,0,129.86955,200.1913,266437,266626,189
104,26,high,147,165.419533333333,233.0685,266626,266819,193
104,0,blank,0,177.433933333333,238.5252,266819,267012,193
104,0,blank,0,174.3317,243.265016666667,267012,267209,197
104,0,blank,0,148.672516666667,255.8529,267209,267406,197
104,28,low,153,172.483383333333,270.015383333333,267406,267605,199
104,29,list,162,207.5823,287.5187,267605,267675,70
104,0,blank,0,382.667633333333,762.3138,267743,267845,102
104,0,blank,0,331.94706,-103.94474,267879,268049,170
104,0,blank,0,155.821583333333,200.974416666667,268150,268345,195
104,25,mid,141,102.351166666667,193.332,268345,268540,195
104,23,partition,126,102.932733333333,158.87535,268540,268732,192
104,0,blank,0,188.646683333333,124.944916666667,268732,268926,194
104,0,blank,0,260.30225,118.3099,268926,269124,198
104,0,blank,0,290.94184,125.0437,269124,269288,164
104,0,blank,0,184.697233333333,46.9097666666667,269322,269517,195
104,0,blank,0,184.759733333333,19.9886,269517,269715,198
104,0,blank,0,182.03478,-8.66898,269715,269883,168
104,0,blank,0,200.4313,-24.5799,269883,270050,167
104,0,blank,0,202.755975,-29.883125,270050,270184,134
104,23,int,136,310.193266666667,149.1276,270218,270415,197
104,0,blank,0,329.1764,143.228316666667,270415,270614,199
104,0,blank,0,355.884216666667,136.430466666667,270614,270813,199
104,0,blank,0,347.1061,145.41,270813,271010,197
104,0,blank,0,297.27708,171.1762,271010,271176,166
104,0,blank,0,294.56518,242.48026,271176,271346,170
104,0,blank,0,291.19704,283.45176,271346,271517,171
104,28,high,155,225.30794,269.19192,271517,271684,167
104,28,low,153,203.03298,262.36472,271684,271854,170
104,0,blank,0,211.74184,255.66426,271854,272025,171
104,0,blank,0,252.44482,250.95352,272025,272192,167
104,0,blank,0,253.7687,239.6942,272192,272225,33
104,0,blank,0,-323,-105,272325,272514,189
104,0,blank,0,-323,-105,272514,272690,176
104,0,blank,0,-323,-105,272690,272884,194
104,0,blank,0,-323,-105,272884,273076,192
104,0,blank,0,-323,-105,273076,273238,162
104,0,blank,0,-323,-105,273238,273394,156
104,0,blank,0,-323,-105,273394,273583,189
104,0,blank,0,-323,-105,273583,273758,175
104,0,blank,0,-323,-105,273758,273957,199
104,0,blank,0,-323,-105,273957,274118,161
104,0,blank,0,-323,-105,274118,274280,162
104,0,blank,0,-323,-105,274280,274423,143
104,0,blank,0,-323,-105,274423,276602,2179
104,0,blank,0,-323,-105,276602,276742,140
104,28,high,155,255.564825,277.970225,277190,277362,172
104,29,..,165,248.42412,294.84926,277362,277530,168
104,29,low,164,274.1644,286.76856,277530,277699,169
104,29,low,164,256.75096,298.40722,277699,277871,172
104,0,blank,0,245.61866,300.56634,277871,278040,169
104,30,mid,173,258.00074,301.5858,278040,278208,168
104,0,blank,0,296.57424,306.72668,278208,278378,170
104,0,blank,0,295.8139,310.59758,278378,278548,170
104,0,blank,0,237.83174,308.17966,278548,278718,170
104,30,..,174,248.43808,305.1905,278718,278887,169
104,29,low,164,279.53404,296.45802,278887,279056,169
104,29,list,162,205.83836,298.07514,279056,279226,170
104,29,(,161,191.60006,298.83016,279226,279398,172
104,30,..,174,252.60878,304.9691,279398,279571,173
104,30,mid,173,265.61044,309.91064,279571,279743,172
104,30,mid,173,282.65252,309.74282,279743,279913,170
104,29,partition,160,178.80238,298.6984,279913,280083,170
104,29,partition,160,116.2801,290.17498,280083,280251,168
104,29,partition,160,109.26882,286.0894,280251,280420,169
104,29,partition,160,111.95405,294.48855,280420,280487,67
104,0,blank,0,237.98776,289.32894,280521,280690,169
104,29,list,162,206.4573,280.25614,280690,280860,170
104,29,(,161,190.81722,280.58502,280860,281030,170
104,29,list,162,230.093,280.24802,281030,281200,170
104,29,list,162,229.1216,284.498,281200,281370,170
104,0,blank,0,233.69896,285.05546,281370,281540,170
104,29,low,164,261.3738,279.28288,281540,281709,169
104,28,high,155,241.71562,277.34618,281709,281879,170
104,29,list,162,228.68812,280.01132,281879,282049,170
104,29,list,162,228.6963,292.8754,282049,282084,35
104,0,blank,0,-323,-105,282152,282330,178
104,0,blank,0,-323,-105,282330,282507,177
104,0,blank,0,-323,-105,282507,282664,157
104,0,blank,0,-323,-105,282664,282839,175
104,0,blank,0,-323,-105,282839,283011,172
104,0,blank,0,-323,-105,283011,283168,157
104,0,blank,0,-323,-105,283168,283352,184
104,0,blank,0,-323,-105,283352,283519,167
104,0,blank,0,-323,-105,283519,283701,182
104,0,blank,0,-323,-105,283701,283895,194
104,0,blank,0,-323,-105,283895,284052,157
104,0,blank,0,-323,-105,284052,284132,80
104,0,blank,0,-323,-105,284132,284508,376
104,0,blank,0,-323,-105,284508,284672,164
104,0,blank,0,-323,-105,284672,284709,37
104,0,blank,0,273.42395,215.3789,284742,284937,195
104,0,blank,0,262.58665,237.71705,284937,285118,181
104,28,high,155,238.9738,267.518233333333,285118,285259,141
104,0,blank,0,-323,-105,285404,285583,179
104,0,blank,0,-323,-105,285583,285760,177
104,0,blank,0,-323,-105,285760,285954,194
104,0,blank,0,-323,-105,285954,286136,182
104,0,blank,0,-323,-105,286136,286313,177
104,0,blank,0,-323,-105,286313,286486,173
104,0,blank,0,-323,-105,286486,286601,115
104,0,blank,0,-323,-105,286601,286741,140
104,0,blank,0,-323,-105,286741,286919,178
104,0,blank,0,-323,-105,286919,287099,180
104,0,blank,0,-323,-105,287099,287421,322
104,0,blank,0,-323,-105,287421,287593,172
104,0,blank,0,-323,-105,287593,287704,111
104,0,blank,0,195.2505,201.187,287739,287827,88
104,0,blank,0,249.1842,238.035,287827,288264,437
104,0,blank,0,242.309766666667,234.026333333333,288264,288457,193
104,0,blank,0,247.88458,239.42162,288457,288624,167
104,0,blank,0,308.886,242.7714,288624,288806,182
104,0,blank,0,308.87466,231.99088,288806,288977,171
104,0,blank,0,308.08868,235.09254,288977,289149,172
104,0,blank,0,269.39406,233.04278,289149,289319,170
104,0,blank,0,244.300383333333,229.305816666667,289319,289518,199
104,0,blank,0,216.23448,237.7823,289518,289684,166
104,0,blank,0,213.10526,239.25072,289684,289851,167
104,0,blank,0,244.67656,229.73072,289851,290021,170
104,0,blank,0,263.44038,225.5401,290021,290190,169
104,0,blank,0,236.8798,232.2709,290190,290360,170
104,0,blank,0,219.90348,236.06788,290360,290534,174
104,0,blank,0,240.2858,256.3362,290534,290602,68
104,0,blank,0,-323,-105,290703,290895,192
104,0,blank,0,-323,-105,290895,291072,177
104,0,blank,0,-323,-105,291072,291232,160
104,0,blank,0,-323,-105,291232,291373,141
104,0,blank,0,-323,-105,291373,291514,141
104,0,blank,0,-323,-105,291514,291700,186
104,0,blank,0,-323,-105,291700,291876,176
104,0,blank,0,-323,-105,291876,292071,195
104,0,blank,0,-323,-105,292071,292252,181
104,0,blank,0,-323,-105,292252,292428,176
104,0,blank,0,-323,-105,292428,292602,174
104,0,blank,0,-323,-105,292602,292780,178
104,0,blank,0,-323,-105,292780,292957,177
104,0,blank,0,-323,-105,292957,293139,182
104,0,blank,0,-323,-105,293139,293307,168
104,0,blank,0,-323,-105,293307,293501,194
104,0,blank,0,-323,-105,293501,293590,89
104,0,blank,0,-323,-105,293590,293784,194
104,0,blank,0,-323,-105,293784,293978,194
104,0,blank,0,-323,-105,293978,294164,186
104,0,blank,0,-323,-105,294164,294329,165
104,0,blank,0,-323,-105,294329,294420,91
104,0,blank,0,-323,-105,294420,294588,168
104,0,blank,0,-323,-105,294588,294782,194
104,0,blank,0,-323,-105,294782,294977,195
104,0,blank,0,-323,-105,294977,295052,75
104,0,blank,0,-323,-105,295542,295814,272
104,0,blank,0,-323,-105,295814,295885,71
104,0,blank,0,-323,-105,295885,296110,225
104,0,blank,0,-323,-105,296110,296256,146
104,0,blank,0,-323,-105,296256,297850,1594
104,0,blank,0,-323,-105,297850,298052,202
104,0,blank,0,-323,-105,298052,298122,70
104,0,blank,0,266.3143,468.0148,298542,298938,396
104,0,blank,0,298.4732,542.5363,299569,299624,55
104,40,lo,240,160.4378,527.57115,299665,299721,56
104,40,(,245,130.4973,527.6121,299721,300128,407
104,40,lo,240,149.16304,526.74964,300128,300296,168
104,40,lo,240,158.168816666667,521.229583333333,300296,300492,196
105,0,blank,0,161.640525,480.132775,300558,300691,133
106,58,[,326,176.5321,348.071866666667,300759,300954,195
106,0,blank,0,176.8821,320.493333333333,300954,301148,194
106,0,blank,0,749.1414,298.72604,301211,301378,167
106,0,blank,0,744.974,299.2418,301378,301448,70
106,0,blank,0,1015.4194,465.85742,301481,301650,169
106,0,blank,0,1044.32516666667,462.915483333333,301650,301848,198
106,0,blank,0,1040.5472,467.0335,301848,302028,180
106,0,blank,0,1041.197,462.34426,302028,302200,172
106,0,blank,0,1047.8112,464.73888,302200,302371,171
106,0,blank,0,1043.4536,463.14326,302371,302541,170
106,0,blank,0,1039.4916,467.73612,302541,302711,170
106,0,blank,0,247.26478,199.4192,302779,302949,170
106,0,blank,0,228.860316666667,201.507916666667,302949,303145,196
106,0,blank,0,174.5625,218.25632,303145,303312,167
106,0,blank,0,172.8372,217.7221,303312,303346,34
106,0,blank,0,236.58935,122.186116666667,303379,303577,198
106,0,blank,0,241.913166666667,125.279016666667,303577,303776,199
107,0,blank,0,234.159266666667,133.1166,303942,304140,198
107,34,int,205,175.41966,408.77466,304173,304340,167
107,34,int,205,173.3557,408.2817,304340,304373,33
107,34,low,200,340.62986,421.61226,304405,304569,164
107,0,blank,0,961.3835,356.5237,304635,304742,107
107,0,blank,0,1052.517,361.3797,304742,304858,116
107,0,blank,0,1050.513,353.4755,304858,304989,131
107,0,blank,0,1052.89675,369.8651,304989,305167,178
107,0,blank,0,1051.15533333333,364.303766666667,305167,305265,98
107,0,blank,0,241.07418,489.13244,305329,305496,167
107,0,blank,0,227.77882,499.49956,305496,305665,169
107,0,blank,0,215.48545,529.621833333333,305665,305859,194
107,0,blank,0,208.979883333333,537.323783333333,305859,306054,195
107,40,mid,242,200.28895,550.040783333333,306054,306252,198
107,40,<=,247,178.860233333333,543.128166666667,306252,306450,198
107,39,+,234,158.2607,533.10515,306450,306646,196
107,0,blank,0,152.299133333333,533.62475,306646,306843,197
107,0,blank,0,152.495533333333,536.822616666667,306843,307042,199
107,0,blank,0,150.55922,533.56718,307042,307211,169
107,0,blank,0,174.77122,535.15874,307211,307379,168
107,0,blank,0,180.76714,527.88058,307379,307548,169
107,0,blank,0,184.79236,514.03528,307548,307718,170
107,0,blank,0,219.37208,500.69772,307718,307889,171
107,0,blank,0,221.1737,503.8597,307889,308056,167
107,0,blank,0,211.26338,493.57434,308056,308226,170
107,36,temp,218,239.6145,462.95116,308226,308394,168
107,0,blank,0,246.2185,435.33632,308394,308559,165
107,34,int,205,366.2953,410.37155,308593,308791,198
107,0,blank,0,365.273466666667,373.81755,308791,308987,196
107,31,high,186,362.12154,344.97792,308987,309147,160
107,0,blank,0,189.725366666667,254.5672,309179,309372,193
107,23,int,136,185.658666666667,182.474566666667,309372,309565,193
107,23,int,136,186.01352,166.49778,309565,309731,166
107,0,blank,0,166.23535,150.116266666667,309731,309927,196
107,0,blank,0,163.0529,130.53378,309927,310094,167
107,0,blank,0,159.271133333333,127.556066666667,310094,310291,197
107,0,blank,0,161.05668,115.60242,310291,310459,168
107,0,blank,0,149.0594,122.541,310459,310492,33
108,0,blank,0,114.570866666667,103.558816666667,310558,310755,197
108,0,blank,0,135.975983333333,105.645733333333,310755,310951,196
108,36,mi,212,135.76158,91.718,310951,311119,168
108,0,blank,0,102.904733333333,98.4108166666667,311119,311316,197
108,0,blank,0,113.804466666667,103.378083333333,311316,311514,198
108,0,blank,0,148.39914,98.29068,311514,311686,172
108,34,mergeSort,192,130.68994,56.22278,311686,311856,170
108,0,blank,0,186.65486,17.166,311856,312024,168
108,0,blank,0,209.01304,-22.88882,312024,312194,170
108,0,blank,0,141.04694,-24.7988,312194,312366,172
108,0,blank,0,143.06826,-19.80462,312366,312538,172
108,0,blank,0,169.595,-23.0444666666667,312538,312640,102
108,0,blank,0,300.8617,-23.20915,312674,312742,68
108,34,(,193,153.58336,54.03706,312775,312941,166
108,0,blank,0,151.52324,64.17754,312941,313111,170
108,0,blank,0,147.36782,89.83962,313111,313282,171
108,0,blank,0,144.34012,98.48024,313282,313454,172
108,34,(,193,159.50264,54.78074,313454,313624,170
108,34,int,205,194.25934,47.03174,313624,313797,173
108,0,blank,0,244.29538,34.88668,313797,313968,171
108,0,blank,0,243.99745,44.1018666666667,313968,314167,199
108,0,blank,0,243.240816666667,121.809166666667,314167,314364,197
108,0,blank,0,206.23402,130.54294,314364,314532,168
108,0,blank,0,216.28808,126.06814,314532,314704,172
108,0,blank,0,237.986916666667,118.8148,314704,314902,198
108,0,blank,0,333.334433333333,123.2256,314902,315097,195
108,0,blank,0,329.3805,128.31158,315097,315264,167
108,0,blank,0,323.91024,132.80392,315264,315433,169
108,0,blank,0,288.996066666667,127.15635,315433,315632,199
108,0,blank,0,229.003033333333,122.067583333333,315632,315831,199
108,0,blank,0,224.28886,118.66924,315831,315997,166
108,0,blank,0,178.711116666667,123.283316666667,315997,316194,197
108,0,blank,0,193.5225,150.166416666667,316194,316389,195
108,0,blank,0,198.4776,166.81812,316389,316559,170
108,0,blank,0,258.1537,125.818,316559,316883,324
108,0,blank,0,252.877633333333,122.797383333333,316883,317080,197
108,0,blank,0,191.94814,119.72688,317080,317248,168
108,0,blank,0,170.07644,122.98522,317248,317417,169
108,0,blank,0,169.63432,128.21834,317417,317589,172
108,0,blank,0,215.60932,118.54556,317589,317760,171
108,0,blank,0,208.40328,115.97056,317760,317934,174
108,0,blank,0,183.78826,97.39718,317934,318106,172
108,0,blank,0,214.65702,77.9325,318106,318277,171
108,34,int,205,279.47918,37.1685,318277,318455,178
108,0,blank,0,280.63204,16.2656,318455,318634,179
108,0,blank,0,189.45052,142.33214,318634,318811,177
108,0,blank,0,192.26736,143.30068,318811,318987,176
108,0,blank,0,217.56564,128.56326,318987,319167,180
108,0,blank,0,283.99476,122.4778,319167,319344,177
108,0,blank,0,336.6867,113.30784,319344,319511,167
108,0,blank,0,332.72258,114.68702,319511,319680,169
108,0,blank,0,368.37984,120.5137,319680,319851,171
108,0,blank,0,363.88898,116.82508,319851,320027,176
108,0,blank,0,328.57046,122.09802,320027,320198,171
108,0,blank,0,326.59114,121.21164,320198,320368,170
108,0,blank,0,360.90784,117.66958,320368,320542,174
108,0,blank,0,347.79268,117.4591,320542,320718,176
108,0,blank,0,330.6136,127.90196,320718,320888,170
108,0,blank,0,339.0972,130.1362,320888,320923,35
108,0,blank,0,216.89652,126.16266,320956,321128,172
108,0,blank,0,218.20374,126.16024,321128,321304,176
108,0,blank,0,210.72244,128.39172,321304,321479,175
108,0,blank,0,228.17212,180.0253,321479,321651,172
108,0,blank,0,230.68376,178.86524,321651,321831,180
108,0,blank,0,213.34116,132.31184,321831,322009,178
108,0,blank,0,211.66742,136.12244,322009,322187,178
108,0,blank,0,281.79494,110.66272,322187,322362,175
108,0,blank,0,276.62134,111.5203,322362,322531,169
108,0,blank,0,252.59276,113.81564,322531,322701,170
108,0,blank,0,219.30422,118.95328,322701,322879,178
108,0,blank,0,216.14368,116.76332,322879,323060,181
108,0,blank,0,221.3383,112.3027,323060,323240,180
108,0,blank,0,214.15068,118.02842,323240,323421,181
108,0,blank,0,227.76418,110.28484,323421,323600,179
108,0,blank,0,287.2301,74.77542,323600,323771,171
108,34,int,205,278.83056,45.13634,323771,323938,167
108,0,blank,0,274.35542,29.06298,323938,324114,176
108,34,int,205,277.4243,45.043525,324114,324255,141
108,0,blank,0,-323,-105,324463,324662,199
108,0,blank,0,-323,-105,324662,324840,178
108,0,blank,0,-323,-105,324840,325035,195
108,0,blank,0,-323,-105,325035,325138,103
108,0,blank,0,-323,-105,325138,325260,122
108,0,blank,0,208.922025,115.0274,325516,325681,165
108,0,blank,0,171.3449,120.2298,325681,325748,67
108,0,blank,0,210.10965,105.629475,325811,325967,156
108,0,blank,0,237.5842,119.75825,325967,326143,176
108,0,blank,0,199.2389,135.044925,326143,326327,184
108,0,blank,0,191.56695,126.3637,326327,326513,186
108,0,blank,0,140.692325,143.104575,326513,326702,189
108,0,blank,0,149.9495,127.8108,326702,326871,169
108,0,blank,0,197.56234,131.74386,326871,327038,167
108,0,blank,0,234.37378,130.51812,327038,327205,167
108,0,blank,0,257.669016666667,129.055833333333,327205,327400,195
108,0,blank,0,139.24052,143.43768,327400,327567,167
108,39,mid,233,143.24104,149.17808,327567,327735,168
108,0,blank,0,190.1867,126.1785,327735,327768,33
108,36,],221,306.00536,84.7369,327802,327969,167
108,36,50,220,288.80525,95.1894,327969,328034,65
108,0,blank,0,132.45954,140.04812,328066,328233,167
108,0,blank,0,135.218675,141.1629,328233,328367,134
108,0,blank,0,259.57872,105.8203,328401,328568,167
108,36,temp,218,272.811675,86.455425,328568,328701,133
108,0,blank,0,475.84078,-46.27246,328735,328902,167
108,0,blank,0,483.102216666667,-45.58705,328902,329100,198
108,0,blank,0,508.086625,-57.442725,329100,329231,131
108,0,blank,0,136.865816666667,107.368466666667,329297,329496,199
108,0,blank,0,133.46126,116.16624,329496,329663,167
108,0,blank,0,183.296783333333,163.091266666667,329663,329861,198
108,40,mid,242,204.9421,187.634833333333,329861,330056,195
108,0,blank,0,134.90105,199.23905,330056,330120,64
108,0,blank,0,130.9755,199.1114,330120,330381,261
108,0,blank,0,132.1071,194.8019,330381,330416,35
108,0,blank,0,517.01715,607.3287,330481,330675,194
108,0,blank,0,545.130516666667,709.316333333333,330675,330869,194
108,0,blank,0,550.41946,731.44258,330869,331031,162
108,0,blank,0,567.57755,791.77405,331095,331159,64
108,0,blank,0,571.92345,-103.995,331255,331320,65
108,0,blank,0,609.299333333333,-103.991833333333,331385,331482,97
108,0,blank,0,623.3022,-103.9979,331545,331577,32
108,0,blank,0,153.50394,198.20938,331642,331810,168
108,40,lo,240,148.837966666667,186.663266666667,331810,332006,196
108,0,blank,0,155.714266666667,138.868816666667,332006,332196,190
108,0,blank,0,158.6989,137.3669,332196,332384,188
108,0,blank,0,229.929766666667,129.150233333333,332384,332575,191
108,0,blank,0,229.963683333333,131.395183333333,332575,332769,194
108,0,blank,0,190.703716666667,135.955466666667,332769,332968,199
108,0,blank,0,163.100466666667,138.599416666667,332968,333165,197
108,0,blank,0,135.97714,141.87598,333165,333334,169
108,0,blank,0,179.26828,140.06718,333334,333501,167
108,0,blank,0,193.3686,137.80116,333501,333670,169
108,0,blank,0,189.4107,134.78246,333670,333838,168
108,0,blank,0,188.65754,130.73018,333838,334004,166
108,0,blank,0,188.39204,131.94448,334004,334173,169
108,0,blank,0,189.5256,136.50278,334173,334340,167
108,0,blank,0,240.862283333333,137.732833333333,334340,334537,197
108,0,blank,0,254.39452,139.2177,334537,334704,167
108,0,blank,0,272.28122,139.25208,334704,334874,170
108,0,blank,0,267.2968,140.1495,334874,335010,136
108,39,+,234,159.6454,149.86182,335044,335235,191
108,0,blank,0,158.51212,147.6323,335235,335403,168
108,0,blank,0,211.5819,136.625116666667,335403,335601,198
108,0,blank,0,248.7263,129.36425,335601,335800,199
108,0,blank,0,286.92398,127.81996,335800,335969,169
108,0,blank,0,288.25648,133.43612,335969,336135,166
108,0,blank,0,211.9806,143.0017,336135,336307,172
108,0,blank,0,138.238733333333,141.265966666667,336307,336502,195
108,0,blank,0,176.08495,140.001183333333,336502,336697,195
108,0,blank,0,195.024133333333,143.691533333333,336697,336894,197
108,40,),250,238.667783333333,176.146816666667,336894,337092,198
108,0,blank,0,244.72072,168.75114,337092,337262,170
108,0,blank,0,257.81636,143.40398,337262,337431,169
108,0,blank,0,283.65095,133.634733333333,337431,337630,199
108,0,blank,0,303.79774,135.33778,337630,337798,168
108,0,blank,0,307.5573,135.6894,337798,337831,33
108,0,blank,0,156.51312,141.00118,337865,338032,167
108,0,blank,0,157.670566666667,141.369966666667,338032,338229,197
108,0,blank,0,155.017233333333,141.59035,338229,338424,195
108,0,blank,0,141.0276,130.37705,338424,338617,193
108,0,blank,0,275.085083333333,124.2588,338650,338839,189
108,0,blank,0,279.088666666667,129.804833333333,338839,339030,191
108,0,blank,0,263.208883333333,134.886866666667,339030,339226,196
108,0,blank,0,233.3284,136.725766666667,339226,339424,198
108,0,blank,0,262.811816666667,136.855966666667,339424,339621,197
108,0,blank,0,305.77955,142.584316666667,339621,339818,197
108,0,blank,0,144.810583333333,134.351916666667,339851,340049,198
108,0,blank,0,142.189483333333,132.7549,340049,340247,198
108,0,blank,0,153.734516666667,135.37995,340247,340444,197
108,0,blank,0,227.878366666667,137.29605,340444,340642,198
108,0,blank,0,283.644133333333,136.727833333333,340642,340840,198
108,0,blank,0,275.1325,139.502533333333,340840,341039,199
108,0,blank,0,259.33218,143.71696,341039,341209,170
108,0,blank,0,246.0244,140.85128,341209,341377,168
108,0,blank,0,191.779116666667,147.01425,341377,341575,198
108,40,<=,247,178.74085,178.2509,341959,342153,194
108,0,blank,0,226.894183333333,171.908666666667,342153,342346,193
108,40,&&,244,253.23295,174.514766666667,342346,342538,192
108,0,blank,0,176.777816666667,207.233266666667,342538,342733,195
108,0,blank,0,159.969433333333,210.838683333333,342733,342929,196
108,42,lo,256,200.858666666667,226.83035,342929,343124,195
108,42,],262,221.207983333333,226.3817,343124,343319,195
108,42,<=,258,238.80246,227.7871,343319,343488,169
108,42,],262,217.579033333333,222.386183333333,343488,343686,198
108,42,list,259,137.3361,231.199566666667,343686,343884,198
108,42,list,259,141.161066666667,225.23865,343884,344083,199
108,42,list,259,139.1757,224.073533333333,344083,344279,196
108,0,blank,0,125.916233333333,239.85055,344279,344471,192
108,40,lo,240,134.500983333333,178.574983333333,344471,344666,195
108,40,lo,240,152.282516666667,169.007833333333,344666,344858,192
108,0,blank,0,246.08615,167.719133333333,344858,345053,195
108,0,blank,0,240.12876,168.62934,345053,345219,166
108,40,(,245,128.3573,179.00145,345219,345390,171
108,40,(,245,129.512433333333,179.1012,345390,345507,117
108,40,(,245,131.7182,181.0331,345507,345607,100
108,0,blank,0,121.7696,167.6176,345607,345717,110
108,39,mid,233,113.01905,155.791,345717,345886,169
108,0,blank,0,78.93506,270.49758,345886,346060,174
108,0,blank,0,111.03288,310.89472,346060,346228,168
108,0,blank,0,153.133383333333,335.957966666667,346228,346423,195
108,0,blank,0,210.03765,341.8938,346423,346619,196
108,0,blank,0,192.107466666667,336.636833333333,346619,346816,197
108,0,blank,0,146.63065,346.131283333333,346816,347013,197
108,0,blank,0,129.5602,364.24165,347013,347210,197
108,0,blank,0,200.96974,339.41848,347210,347376,166
108,0,blank,0,220.043366666667,329.656533333333,347376,347573,197
108,0,blank,0,207.6047,336.339266666667,347573,347769,196
108,0,blank,0,145.79935,342.142333333333,347769,347966,197
108,0,blank,0,142.44778,346.17998,347966,348134,168
108,0,blank,0,104.956983333333,391.12195,348134,348332,198
108,0,blank,0,83.45562,433.27808,348332,348504,172
108,0,blank,0,83.5975,441.4588,348504,348683,179
108,0,blank,0,83.86694,431.05132,348683,348854,171
108,48,{,280,122.52142,375.11654,348854,349022,168
108,0,blank,0,130.36306,367.25408,349022,349185,163
108,0,blank,0,124.603166666667,238.379983333333,349218,349414,196
108,0,blank,0,115.9717,239.626083333333,349414,349607,193
108,39,mid,233,122.1812,163.33375,349607,349801,194
108,39,+,234,155.5265,151.55045,349801,349994,193
108,0,blank,0,153.6309,141.583566666667,349994,350191,197
108,38,low,229,109.535233333333,137.655733333333,350191,350388,197
108,37,lo,223,55.3426166666667,120.29355,350388,350584,196
108,36,;,222,49.741,107.0927,350584,350617,33
108,42,list,259,136.504683333333,231.950266666667,350650,350849,199
108,40,(,245,116.3149,171.015866666667,350849,350949,100
108,36,int,209,56.82276,82.80716,350982,351149,167
108,36,int,209,85.4426333333333,84.6915333333333,351149,351347,198
108,36,int,209,84.35846,89.3922,351347,351515,168
108,0,blank,0,85.12758,119.34408,351515,351684,169
108,0,blank,0,93.1854,194.02624,351684,351851,167
108,0,blank,0,110.66672,193.72094,351851,352019,168
108,0,blank,0,192.46086,205.77932,352019,352189,170
108,0,blank,0,147.31364,204.68232,352189,352358,169
108,39,+,234,155.186166666667,158.987183333333,352358,352556,198
108,0,blank,0,202.6792,141.48505,352556,352752,196
108,0,blank,0,254.4124,144.77538,352752,352914,162
108,0,blank,0,54.0711166666667,142.572483333333,352946,353142,196
108,37,;,226,52.85118,128.16694,353142,353309,167
108,37,lo,223,58.19176,112.68382,353309,353476,167
108,37,lo,223,66.086,111.4875,353476,353509,33
108,0,blank,0,84.1449,258.479916666667,353543,353741,198
108,0,blank,0,98.8398,317.216433333333,353741,353939,198
108,0,blank,0,172.26582,363.24974,353939,354102,163
108,0,blank,0,936.1038,342.35896,354168,354336,168
108,0,blank,0,1024.2182,358.9074,354336,354507,171
108,0,blank,0,1001.484,357.8413,354507,354574,67
108,45,++,276,171.7391,289.3111,354640,354707,67
108,0,blank,0,135.8779,431.46222,354739,354909,170
108,0,blank,0,141.670383333333,460.881033333333,354909,355105,196
108,0,blank,0,160.39735,469.859316666667,355105,355303,198
108,0,blank,0,177.11452,479.98948,355303,355471,168
108,0,blank,0,135.702425,243.755575,355504,355640,136
108,38,low,229,103.536566666667,141.770566666667,355674,355872,198
108,0,blank,0,168.891866666667,128.5695,355872,356071,199
108,0,blank,0,195.461283333333,124.977233333333,356071,356266,195
108,0,blank,0,268.583716666667,125.747016666667,356266,356461,195
108,0,blank,0,365.0322,147.8091,356461,356495,34
108,0,blank,0,1023.0364,368.70164,356561,356727,166
108,0,blank,0,1018.304,365.6776,356727,356761,34
108,0,blank,0,220.28856,484.56936,356827,356997,170
108,54,mid,303,151.576366666667,483.54795,356997,357193,196
108,0,blank,0,146.16995,460.211266666667,357193,357391,198
108,0,blank,0,184.139583333333,465.327433333333,357391,357589,198
108,0,blank,0,178.76122,465.388,357589,357756,167
108,0,blank,0,158.304575,456.994775,357756,357887,131
109,0,blank,0,148.00384,324.09192,358949,359116,167
109,0,blank,0,148.95254,318.56348,359116,359286,170
109,0,blank,0,176.46968,327.78976,359286,359456,170
109,0,blank,0,193.35545,331.30875,359456,359524,68
109,0,blank,0,161.407033333333,118.557816666667,359557,359755,198
109,0,blank,0,174.7515,121.2537,359755,359954,199
109,0,blank,0,188.56354,125.90244,359954,360125,171
109,0,blank,0,212.16258,107.49024,360125,360294,169
109,42,],262,222.83484,89.9612,360294,360461,167
109,0,blank,0,228.7412,67.8438333333333,360461,360563,102
109,0,blank,0,196.257516666667,369.67855,360597,360794,197
109,0,blank,0,206.87465,350.537466666667,360794,360993,199
109,0,blank,0,181.90795,339.833383333333,360993,361191,198
109,54,mid,303,169.314116666667,346.093883333333,361191,361387,196
109,0,blank,0,196.30168,369.3588,361387,361553,166
109,0,blank,0,213.0529,387.06662,361553,361725,172
109,0,blank,0,202.92598,368.57844,361725,361900,175
109,0,blank,0,180.328116666667,329.979383333333,361900,362098,198
109,0,blank,0,168.4694,338.624,362098,362264,166
109,0,blank,0,162.6601,341.26264,362264,362434,170
109,56,;,315,223.15836,400.69144,362434,362605,171
109,56,;,315,218.74748,394.14214,362605,362776,171
109,56,;,315,215.60062,391.64478,362776,362946,170
109,0,blank,0,208.33462,373.25208,362946,363114,168
109,0,blank,0,187.28948,346.36386,363114,363282,168
109,0,blank,0,178.7484,336.8786,363282,363315,33
109,42,[,260,176.81068,94.03586,363348,363515,167
109,0,blank,0,191.53192,73.60938,363515,363684,169
109,40,lo,240,212.46094,37.98346,363684,363854,170
109,40,lo,240,213.49582,41.67756,363854,364024,170
109,0,blank,0,239.05734,0.936779999999999,364024,364191,167
109,0,blank,0,240.2294,-2.19566666666667,364191,364390,199
109,0,blank,0,223.746333333333,-0.239683333333334,364390,364589,199
109,0,blank,0,217.40864,-0.24666,364589,364762,173
109,0,blank,0,218.09616,1.93086,364762,364934,172
109,0,blank,0,236.97002,-3.613,364934,365106,172
109,0,blank,0,274.7144,-1.31428333333333,365106,365303,197
109,0,blank,0,306.80108,1.56144,365303,365473,170
109,0,blank,0,339.57826,-2.015,365473,365645,172
109,0,blank,0,325.81676,0.841720000000001,365645,365815,170
109,0,blank,0,281.2213,-0.072650000000003,365815,365909,94
109,0,blank,0,228.637,7.9404,365909,366030,121
109,0,blank,0,202.0079,9.00579999999999,366030,366138,108
109,0,blank,0,225.916566666667,6.61976666666667,366138,366330,192
109,0,blank,0,247.07158,2.92056,366330,366502,172
109,0,blank,0,242.74592,9.07046,366502,366673,171
109,0,blank,0,246.06698,9.79528,366673,366842,169
109,0,blank,0,218.16882,15.00642,366842,367014,172
109,0,blank,0,203.99624,25.79858,367014,367185,171
109,0,blank,0,197.8236,17.0371,367185,367220,35
109,44,],273,212.50876,140.01978,367255,367424,169
109,44,],273,213.6079,138.4591,367424,367458,34
109,0,blank,0,222.17666,341.34572,367490,367658,168
109,0,blank,0,169.31872,378.20426,367658,367826,168
109,0,blank,0,203.89195,372.257333333333,367826,368025,199
109,0,blank,0,259.48082,367.87644,368025,368193,168
109,0,blank,0,240.188933333333,382.4787,368193,368392,199
109,0,blank,0,234.358266666667,378.955633333333,368392,368490,98
109,0,blank,0,-323.14686,569.1542,368556,368723,167
109,0,blank,0,-323.201433333333,675.524216666667,368723,368917,194
109,0,blank,0,-323.189016666667,662.254683333333,368917,369106,189
109,0,blank,0,-323.153783333333,618.53475,369106,369295,189
109,0,blank,0,-323.140625,591.8621,369295,369423,128
109,0,blank,0,26.2940833333333,348.126216666667,369487,369682,195
109,54,if,299,62.2341166666667,352.989783333333,369682,369875,193
109,0,blank,0,77.97238,383.87664,369875,370036,161
109,0,blank,0,-323.175133333333,697.5514,370100,370295,195
109,0,blank,0,-323.1721,690.676316666667,370295,370492,197
109,0,blank,0,-323.10025,601.3781,370492,370558,66
109,0,blank,0,101.22125,371.91135,370594,370790,196
109,0,blank,0,101.963366666667,370.8502,370790,370984,194
109,54,(,300,91.07915,351.642366666667,370984,371179,195
109,0,blank,0,111.4454,373.764,371179,371369,190
109,0,blank,0,166.139666666667,382.179833333333,371369,371564,195
109,0,blank,0,185.6716,388.061083333333,371564,371762,198
109,56,=,309,180.256716666667,390.779166666667,371762,371956,194
109,0,blank,0,222.83305,387.343166666667,371956,372152,196
109,56,<=,313,270.262066666667,393.709733333333,372152,372347,195
109,0,blank,0,320.06046,388.56024,372347,372514,167
109,58,temp,320,160.928933333333,435.856233333333,372548,372744,196
109,0,blank,0,196.680066666667,436.552,372744,372939,195
109,58,],328,210.266016666667,435.8068,372939,373134,195
109,0,blank,0,163.21735,424.221583333333,373134,373328,194
109,57,{,319,132.440116666667,436.717916666667,373328,373522,194
109,0,blank,0,121.7351,446.248533333333,373522,373716,194
109,0,blank,0,122.370916666667,449.92425,373716,373910,194
109,0,blank,0,111.833166666667,475.668583333333,373910,374108,198
109,0,blank,0,109.834466666667,520.405766666667,374108,374303,195
109,0,blank,0,169.6515,586.69585,374303,374499,196
109,0,blank,0,174.076533333333,591.531683333333,374499,374697,198
109,0,blank,0,247.426833333333,597.986833333333,374697,374895,198
109,0,blank,0,232.240333333333,590.273683333333,374895,375093,198
109,0,blank,0,210.231333333333,594.682083333333,375093,375291,198
109,64,k,347,162.55525,582.669683333333,375291,375488,197
109,64,(,338,140.001216666667,576.780683333333,375488,375685,197
109,0,blank,0,152.814616666667,630.50745,375685,375881,196
109,66,temp,351,145.671416666667,626.578016666667,375881,376074,193
109,0,blank,0,127.743516666667,644.631216666667,376074,376269,195
109,0,blank,0,166.7772,635.380116666667,376269,376466,197
109,66,list,356,249.437175,627.85655,376466,376595,129
109,0,blank,0,985.0405,499.65315,376661,376859,198
109,0,blank,0,992.340833333333,501.844183333333,376859,377058,199
109,0,blank,0,1045.5002,480.64878,377058,377232,174
109,0,blank,0,1049.289,484.2821,377232,377299,67
109,0,blank,0,317.02826,636.75174,377370,377538,168
109,0,blank,0,243.18326,666.31944,377538,377710,172
109,0,blank,0,240.67618,644.02326,377710,377879,169
109,0,blank,0,226.32538,606.3734,377879,378047,168
109,0,blank,0,246.33912,561.41592,378047,378216,169
109,0,blank,0,247.9112,413.57962,378216,378383,167
109,0,blank,0,266.79364,356.37074,378383,378550,167
109,0,blank,0,299.0084,334.443,378550,378583,33
110,0,blank,0,212.138083333333,307.3505,378942,379139,197
110,0,blank,0,249.768666666667,509.219916666667,379172,379370,198
110,66,=,355,235.86774,521.09586,379370,379537,167
110,64,k,347,233.41694,482.73396,379537,379707,170
110,64,lo,341,195.4798,472.00078,379707,379876,169
110,0,blank,0,142.20506,442.999,379876,380045,169
110,0,blank,0,125.804233333333,431.8986,380045,380147,102
110,54,>,302,134.82906,256.30062,380180,380349,169
110,0,blank,0,157.748366666667,241.413683333333,380349,380547,198
110,0,blank,0,173.99044,231.22,380547,380714,167
110,0,blank,0,246.52718,493.78682,380780,380946,166
110,0,blank,0,227.47874,531.43392,380946,381114,168
110,70,<=,373,223.942983333333,600.182433333333,381114,381313,199
110,0,blank,0,262.718433333333,636.782766666667,381313,381511,198
110,0,blank,0,303.4425,628.16852,381511,381679,168
110,0,blank,0,281.81586,643.85066,381679,381852,173
110,0,blank,0,237.66594,666.5861,381852,382024,172
110,0,blank,0,232.19172,670.64788,382024,382194,170
110,0,blank,0,185.29796,686.20992,382194,382367,173
110,0,blank,0,186.48392,689.14176,382367,382541,174
110,0,blank,0,181.5731,686.0739,382541,382575,34
110,0,blank,0,-323,-105,382749,382947,198
110,0,blank,0,-323,-105,382947,383119,172
110,0,blank,0,-323,-105,383119,383304,185
110,0,blank,0,-323,-105,383304,383460,156
110,0,blank,0,-323,-105,383460,383643,183
110,0,blank,0,-323,-105,383643,383823,180
110,0,blank,0,-323,-105,383823,384015,192
110,0,blank,0,-323,-105,384015,384178,163
110,0,blank,0,-323,-105,384178,384376,198
110,0,blank,0,-323,-105,384376,384552,176
110,0,blank,0,-323,-105,384552,384744,192
110,0,blank,0,-323,-105,384744,384943,199
110,0,blank,0,-323,-105,384943,385088,145
110,0,blank,0,-323,-105,385088,385275,187
110,0,blank,0,-323,-105,385275,385466,191
110,0,blank,0,-323,-105,385466,385650,184
110,0,blank,0,-323,-105,385650,385815,165
110,0,blank,0,-323,-105,385815,385963,148
110,0,blank,0,-323,-105,385963,386144,181
110,0,blank,0,-323,-105,386144,386292,148
110,0,blank,0,102.622,240.5592,386440,386611,171
110,0,blank,0,107.958766666667,240.7848,386611,386771,160
110,54,>,302,139.276,251.207,386771,386943,172
110,0,blank,0,167.61236,270.77964,386943,387118,175
110,0,blank,0,209.0743,280.539466666667,387118,387300,182
110,54,lo,301,101.89664,247.36822,387335,387511,176
110,54,lo,301,105.08608,254.11868,387511,387683,172
110,54,lo,301,100.49502,263.00618,387683,387854,171
110,0,blank,0,-323,-105,387889,387951,62
110,54,lo,301,101.989383333333,264.164183333333,388120,388317,197
110,54,lo,301,94.83704,258.43734,388317,388493,176
110,54,lo,301,96.10714,261.12124,388493,388662,169
110,0,blank,0,131.75414,279.19858,388662,388830,168
110,0,blank,0,153.02704,288.67218,388830,389001,171
110,0,blank,0,150.20446,293.0408,389001,389170,169
110,0,blank,0,206.83574,288.54518,389170,389344,174
110,0,blank,0,211.4479,290.78254,389344,389517,173
110,56,k,316,237.15642,295.83326,389517,389688,171
110,0,blank,0,225.6527,298.2169,389688,389722,34
110,54,(,300,91.31356,247.87178,389755,389927,172
110,54,lo,301,118.94336,250.73946,389927,390096,169
110,0,blank,0,126.99958,251.52294,390096,390263,167
110,0,blank,0,112.05202,286.70794,390263,390432,169
110,54,lo,301,94.07268,263.1917,390432,390599,167
110,51,},294,84.3529,221.5949,390599,390727,128
110,45,;,277,92.5814,79.84344,390752,390921,169
110,0,blank,0,114.676966666667,74.5310333333333,390921,391120,199
110,45,++,276,160.0481,56.86882,391120,391287,167
110,0,blank,0,157.909033333333,130.380133333333,391287,391485,198
110,0,blank,0,240.685283333333,124.7692,391485,391683,198
110,0,blank,0,249.5893,120.2734,391683,391717,34
110,0,blank,0,1051.1752,451.10526,391816,391988,172
110,0,blank,0,1037.7982,536.88956,391988,392159,171
110,0,blank,0,1041.856,556.36446,392159,392330,171
110,0,blank,0,1017.6116,546.56844,392330,392502,172
110,0,blank,0,-323,-105,392536,392627,91
110,0,blank,0,220.2911,2.75001666666667,392748,392944,196
110,0,blank,0,235.36025,0.52505,392944,393013,69
111,0,blank,0,230.54465,135.93305,393674,393742,68
111,0,blank,0,347.580283333333,131.5685,393776,393971,195
111,0,blank,0,350.267466666667,122.21345,393971,394167,196
111,0,blank,0,346.090366666667,115.927166666667,394167,394264,97
111,0,blank,0,249.13705,153.025666666667,394297,394492,195
111,0,blank,0,205.02422,153.71962,394492,394658,166
111,0,blank,0,171.57946,106.81654,394658,394825,167
111,0,blank,0,164.07076,97.51212,394825,394991,166
111,0,blank,0,212.12785,131.7999,394991,395131,140
111,0,blank,0,202.8214,142.7984,395131,395307,176
111,42,lo,256,194.06446,205.51028,395307,395478,171
111,0,blank,0,205.798966666667,237.0798,395478,395578,100
111,0,blank,0,208.8773,342.707,395578,395746,168
111,0,blank,0,202.05848,354.09984,395746,395923,177
111,0,blank,0,200.22936,368.2035,395923,396098,175
111,0,blank,0,170.23962,407.3593,396098,396266,168
111,0,blank,0,156.73742,423.38518,396266,396435,169
111,0,blank,0,129.54534,498.03122,396435,396603,168
111,0,blank,0,158.910966666667,489.302666666667,396603,396801,198
111,0,blank,0,171.158216666667,492.20455,396801,397000,199
111,0,blank,0,162.1185,489.10658,397000,397166,166
111,0,blank,0,164.6319,409.5818,397166,397266,100
111,0,blank,0,133.30408,242.27848,397298,397464,166
111,56,mi,310,200.47022,514.23506,397531,397697,166
111,0,blank,0,202.11636,508.80758,397697,397867,170
111,0,blank,0,191.69148,508.3024,397867,398038,171
111,0,blank,0,177.3945,506.1187,398038,398205,167
111,0,blank,0,169.09442,504.3076,398205,398380,175
111,0,blank,0,200.23834,510.88494,398380,398549,169
111,0,blank,0,205.9522,507.39015,398549,398616,67
111,0,blank,0,-323,-105,398685,398795,110
111,56,=,309,180.00682,521.7829,398969,399152,183
111,0,blank,0,213.46292,534.46068,399152,399324,172
111,56,;,315,214.94324,525.92414,399324,399494,170
111,56,<=,313,270.50298,518.57552,399494,399685,191
111,0,blank,0,227.25472,535.67052,399685,399876,191
111,0,blank,0,213.46448,534.47854,399876,400072,196
111,56,mi,310,185.10126,531.40996,400072,400242,170
111,0,blank,0,195.28878,497.94994,400242,400415,173
111,0,blank,0,196.70392,506.46826,400415,400614,199
111,0,blank,0,196.63756,538.88132,400614,400788,174
111,56,=,309,177.05116,530.55898,400788,400962,174
111,0,blank,0,158.24802,497.86874,400962,401138,176
111,0,blank,0,164.36674,494.37408,401138,401312,174
111,54,mid,303,157.15542,487.12744,401312,401488,176
111,56,mi,310,184.912566666667,526.780933333333,401488,401591,103
111,0,blank,0,214.9121,539.3568,401591,401744,153
111,0,blank,0,217.545875,538.7751,401744,401923,179
111,56,;,315,216.647,514.9413,401923,401958,35
111,40,<=,247,179.25304,175.39914,401994,402163,169
111,0,blank,0,175.74378,182.5953,402163,402338,175
111,0,blank,0,165.0955,246.57352,402338,402508,170
111,0,blank,0,175.1753,247.761066666667,402508,402608,100
111,0,blank,0,177.56684,491.7349,402643,402811,168
111,56,=,309,174.18222,513.67508,402811,402980,169
111,0,blank,0,241.08486,510.22872,402980,403149,169
111,0,blank,0,231.6439,524.71458,403149,403317,168
111,56,k,316,234.60344,515.16748,403317,403484,167
111,56,high,314,295.0521,518.8537,403484,403553,69
111,0,blank,0,210.984433333333,201.701483333333,403587,403786,199
111,42,],262,214.6942,204.2701,403786,403819,33
111,36,mi,212,133.042933333333,83.5122,403851,404049,198
111,36,mi,212,137.846433333333,72.5216666666667,404049,404245,196
111,34,mergeSort,192,109.308983333333,33.82205,404245,404442,197
111,0,blank,0,200.103633333333,23.0332833333333,404442,404637,195
111,34,list,195,211.76425,27.7279333333333,404637,404836,199
111,34,list,195,213.50525,30.8735,404836,404905,69
111,40,lo,240,159.68685,169.670383333333,404939,405138,199
111,39,1,235,164.36678,141.37042,405138,405304,166
111,0,blank,0,168.06236,115.23588,405304,405473,169
111,0,blank,0,158.5105,103.83286,405473,405641,168
111,36,mi,212,140.68124,83.88336,405641,405809,168
111,36,mi,212,125.46965,88.086125,405809,405939,130
111,0,blank,0,206.00478,530.21232,406006,406186,180
111,0,blank,0,231.624316666667,509.966383333333,406186,406383,197
111,0,blank,0,280.580583333333,505.405966666667,406383,406578,195
111,0,blank,0,229.1968,508.141566666667,406578,406698,120
111,0,blank,0,230.61,506.6093,406698,406808,110
111,0,blank,0,210.9282,504.8977,406808,406908,100
111,0,blank,0,162.71356,119.74918,407024,407198,174
111,0,blank,0,120.432283333333,67.70345,407198,407397,199
111,0,blank,0,135.837133333333,57.0589,407397,407590,193
111,34,(,193,160.2474,41.8810833333333,407590,407784,194
111,34,list,195,204.932666666667,32.3312666666667,407784,407977,193
111,0,blank,0,163.71325,55.2916,407977,408176,199
111,34,int,205,169.1018,46.7865833333333,408176,408373,197
111,34,list,195,214.5208,43.28085,408373,408569,196
111,34,list,195,236.5706,42.2358,408569,408636,67
111,0,blank,0,166.449333333333,199.9066,408669,408864,195
111,0,blank,0,184.185933333333,224.455783333333,408864,409060,196
111,0,blank,0,193.56638,242.50158,409060,409226,166
111,0,blank,0,246.89176,226.87836,409226,409394,168
111,0,blank,0,268.169866666667,230.357266666667,409394,409494,100
111,0,blank,0,239.241933333333,334.567433333333,409526,409719,193
111,0,blank,0,210.10945,346.0096,409719,409912,193
111,0,blank,0,199.322466666667,377.011783333333,409912,410111,199
111,0,blank,0,232.80028,483.89456,410144,410312,168
111,0,blank,0,195.195216666667,498.56805,410312,410511,199
111,0,blank,0,179.122166666667,480.320366666667,410511,410709,198
111,0,blank,0,185.3882,483.644,410709,410876,167
111,0,blank,0,196.40784,474.90648,410876,411046,170
111,54,mid,303,160.80182,483.04786,411046,411217,171
111,0,blank,0,186.45884,489.33326,411217,411388,171
111,0,blank,0,213.28574,540.988,411388,411554,166
111,0,blank,0,218.090216666667,569.341033333333,411554,411753,199
111,58,list,325,247.309016666667,574.643716666667,411753,411952,199
111,0,blank,0,248.0905,543.118033333333,411952,412151,199
111,56,<=,313,265.894016666667,525.91955,412151,412348,197
111,56,high,314,302.61635,520.92255,412348,412545,197
111,56,k,316,338.507216666667,520.087616666667,412545,412744,199
111,0,blank,0,322.19034,523.42222,412744,412912,168
111,56,high,314,309.89466,524.78662,412912,413078,166
111,56,k,316,336.55452,520.77508,413078,413245,167
111,0,blank,0,378.22856,519.12862,413245,413413,168
111,0,blank,0,305.335983333333,548.3008,413413,413610,197
111,58,k,327,287.982666666667,569.6853,413610,413807,197
111,0,blank,0,306.95565,573.835566666667,413807,414003,196
111,0,blank,0,292.81225,575.54105,414003,414199,196
111,0,blank,0,214.443916666667,598.51355,414199,414398,199
111,0,blank,0,212.4815,578.67554,414398,414565,167
111,0,blank,0,209.7097,519.53545,414565,414762,197
111,0,blank,0,180.292466666667,500.72555,414762,414960,198
111,54,mid,303,165.19876,469.8715,414960,415125,165
111,0,blank,0,204.147116666667,330.659583333333,415157,415351,194
111,0,blank,0,199.08848,336.87548,415351,415514,163
111,0,blank,0,175.86425,-103.92475,415579,415712,133
111,0,blank,0,-323,-105,415744,415930,186
111,0,blank,0,-323,-105,415930,416095,165
111,0,blank,0,-323,-105,416095,416259,164
111,0,blank,0,-323,-105,416259,416448,189
111,0,blank,0,-323,-105,416448,416624,176
111,0,blank,0,-323,-105,416624,416801,177
111,0,blank,0,-323,-105,416801,416970,169
111,0,blank,0,-323,-105,416970,417140,170
111,0,blank,0,-323,-105,417140,417322,182
111,0,blank,0,-323,-105,417322,417447,125
111,0,blank,0,-323,-105,417447,417591,144
111,0,blank,0,-323,-105,417591,417694,103
111,0,blank,0,-323,-105,417694,417878,184
111,0,blank,0,-323,-105,417878,418077,199
111,0,blank,0,-323,-105,418077,418251,174
111,0,blank,0,-323,-105,418251,418449,198
111,0,blank,0,-323,-105,418449,418643,194
111,0,blank,0,-323,-105,418643,418803,160
111,0,blank,0,-323,-105,418803,418908,105
111,0,blank,0,-323,-105,418908,419263,355
111,0,blank,0,-323,-105,419263,419444,181
111,0,blank,0,-323,-105,419444,419622,178
111,0,blank,0,-323,-105,419622,419798,176
111,0,blank,0,-323,-105,419798,419931,133
111,0,blank,0,-323,-105,419931,420007,76
111,0,blank,0,-323,-105,420007,420159,152
111,0,blank,0,-323,-105,420159,420384,225
111,0,blank,0,-323,-105,420384,420524,140
111,0,blank,0,-323,-105,420524,420648,124
111,0,blank,0,-323,-105,420648,420845,197
111,0,blank,0,-323,-105,420845,420989,144
111,0,blank,0,-323,-105,420989,421184,195
111,0,blank,0,-323,-105,421184,421254,70
111,0,blank,0,-323,-105,421254,421527,273
111,0,blank,0,-323,-105,421527,421703,176
111,0,blank,0,-323,-105,421703,421890,187
111,0,blank,0,-323,-105,421890,422034,144
111,0,blank,0,-323,-105,422034,422160,126
111,0,blank,0,-323,-105,422160,422294,134
111,0,blank,0,-323,-105,422294,422428,134
111,0,blank,0,-323,-105,422428,422621,193
111,0,blank,0,-323,-105,422621,422820,199
111,0,blank,0,-323,-105,422820,423000,180
111,0,blank,0,-323,-105,423000,423180,180
111,0,blank,0,-323,-105,423180,423236,56
111,0,blank,0,-323,-105,423236,423523,287
111,0,blank,0,-323,-105,423523,423601,78
111,0,blank,0,-323,-105,423601,423768,167
111,0,blank,0,-323,-105,423768,423931,163
111,0,blank,0,-323,-105,423931,424036,105
111,0,blank,0,-323,-105,424036,424145,109
111,0,blank,0,-323,-105,424145,424301,156
111,0,blank,0,-323,-105,424301,424460,159
111,0,blank,0,-323,-105,424460,424634,174
111,0,blank,0,-323,-105,424634,424814,180
111,0,blank,0,-323,-105,424814,425005,191
111,0,blank,0,-323,-105,425005,425181,176
111,0,blank,0,-323,-105,425181,425360,179
111,0,blank,0,-323,-105,425360,425446,86
111,0,blank,0,-323,-105,425446,425612,166
111,0,blank,0,-323,-105,425612,425747,135
111,0,blank,0,-323,-105,425747,425939,192
111,0,blank,0,-323,-105,425939,426116,177
111,0,blank,0,-323,-105,426116,426288,172
111,0,blank,0,-323,-105,426288,426446,158
111,0,blank,0,-323,-105,426446,426634,188
111,0,blank,0,-323,-105,426634,426890,256
111,0,blank,0,-323,-105,426890,427067,177
111,0,blank,0,-323,-105,427067,427241,174
111,0,blank,0,-323,-105,427241,427438,197
111,0,blank,0,-323,-105,427438,427637,199
111,0,blank,0,-323,-105,427637,427807,170
111,0,blank,0,-323,-105,427807,427975,168
111,0,blank,0,-323,-105,427975,428117,142
111,0,blank,0,-323,-105,428117,428265,148
111,0,blank,0,-323,-105,428265,428371,106
111,0,blank,0,-323,-105,428371,428543,172
111,0,blank,0,-323,-105,428543,428726,183
111,0,blank,0,-323,-105,428726,428903,177
111,0,blank,0,-323,-105,428903,428999,96
111,0,blank,0,-323,-105,428999,429211,212
111,0,blank,0,-323,-105,429211,429475,264
111,0,blank,0,-323,-105,429475,429729,254
111,0,blank,0,-323,-105,429729,429865,136
111,0,blank,0,-323,-105,429865,430052,187
111,0,blank,0,-323,-105,430052,430089,37
111,0,blank,0,-323,-105,430089,430326,237
111,0,blank,0,-323,-105,430326,430472,146
111,0,blank,0,-323,-105,430472,430664,192
111,0,blank,0,-323,-105,430664,430824,160
111,0,blank,0,-323,-105,430824,430998,174
111,0,blank,0,-323,-105,430998,431170,172
111,0,blank,0,-323,-105,431170,431345,175
111,0,blank,0,-323,-105,431345,431543,198
111,0,blank,0,-323,-105,431543,431720,177
111,0,blank,0,-323,-105,431720,431818,98
111,0,blank,0,-323,-105,431818,431994,176
111,0,blank,0,-323,-105,431994,432175,181
111,0,blank,0,-323,-105,432175,432373,198
111,0,blank,0,-323,-105,432373,432450,77
111,0,blank,0,-323,-105,432450,432754,304
111,0,blank,0,-323,-105,432754,433064,310
111,0,blank,0,-323,-105,433064,433207,143
111,0,blank,0,-323,-105,433207,433367,160
111,0,blank,0,-323,-105,433367,433566,199
111,0,blank,0,-323,-105,433566,433742,176
111,0,blank,0,-323,-105,433742,433887,145
111,0,blank,0,-323,-105,433887,434186,299
111,0,blank,0,-323,-105,434186,434492,306
111,0,blank,0,-323,-105,434492,434677,185
111,0,blank,0,-323,-105,434677,434855,178
111,0,blank,0,-323,-105,434855,435033,178
111,0,blank,0,-323,-105,435033,435228,195
111,0,blank,0,-323,-105,435228,435345,117
111,0,blank,0,-323,-105,435345,435540,195
111,0,blank,0,-323,-105,435540,435695,155
111,0,blank,0,-323,-105,435695,435854,159
111,0,blank,0,-323,-105,435854,436012,158
111,0,blank,0,-323,-105,436012,436183,171
111,0,blank,0,-323,-105,436183,436360,177
111,0,blank,0,-323,-105,436360,436456,96
111,0,blank,0,-323,-105,436456,436688,232
111,0,blank,0,-323,-105,436688,436839,151
111,0,blank,0,-323,-105,436839,437176,337
111,0,blank,0,-323,-105,437176,437355,179
111,0,blank,0,-323,-105,437355,437514,159
111,0,blank,0,-323,-105,437514,437640,126
111,0,blank,0,-323,-105,437640,437771,131
111,0,blank,0,-323,-105,437771,438004,233
111,0,blank,0,-323,-105,438004,438248,244
111,0,blank,0,-323,-105,438248,438477,229
111,0,blank,0,131.675133333333,456.978966666667,438518,438677,159
111,54,(,300,86.615,472.2283,438677,438722,45
111,0,blank,0,222.63435,575.0609,438766,438947,181
111,0,blank,0,275.0993,638.945125,438947,439130,183
111,0,blank,0,288.329316666667,698.570116666667,439130,439315,185
111,0,blank,0,284.5044,697.833,439315,439379,64
111,0,blank,0,198.856633333333,625.56585,439413,439611,198
111,58,],328,212.639616666667,572.277133333333,439611,439805,194
111,0,blank,0,249.079016666667,546.870733333333,439805,439999,194
111,56,high,314,283.596533333333,527.297333333333,439999,440192,193
111,0,blank,0,223.37885,549.042766666667,440192,440383,191
111,0,blank,0,208.3339,581.851483333333,440383,440577,194
111,0,blank,0,268.386266666667,596.431183333333,440577,440774,197
111,58,k,327,285.7339,567.938566666667,440774,440971,197
111,56,<=,313,248.269083333333,518.762683333333,440971,441166,195
111,0,blank,0,200.7153,503.613883333333,441166,441361,195
111,54,mid,303,169.1939,481.4332,441361,441549,188
111,54,mid,303,167.90378,483.34498,441549,441711,162
111,0,blank,0,197.812583333333,389.052816666667,441743,441937,194
111,0,blank,0,193.433066666667,394.5286,441937,442131,194
111,0,blank,0,204.336833333333,470.514216666667,442131,442329,198
111,0,blank,0,178.75335,482.026366666667,442329,442528,199
111,0,blank,0,152.301116666667,495.778166666667,442528,442725,197
111,0,blank,0,171.038916666667,496.119283333333,442725,442919,194
111,0,blank,0,196.9498,500.4829,442919,443019,100
111,0,blank,0,230.225983333333,673.377983333333,443053,443250,197
111,0,blank,0,270.5961,708.60858,443250,443420,170
111,0,blank,0,229.3855,713.66742,443420,443587,167
111,0,blank,0,205.9824,719.876,443587,443655,68
111,45,++,276,155.5022,286.8749,443756,443790,34
111,34,mergeSort,192,126.013983333333,33.4766333333333,444062,444243,181
111,0,blank,0,141.683283333333,-21.2675666666667,444243,444433,190
111,0,blank,0,134.0781,-31.2812,444433,444464,31
111,0,blank,0,-323,-105,444595,444783,188
111,0,blank,0,-323,-105,444783,444962,179
111,0,blank,0,-323,-105,444962,445157,195
111,0,blank,0,-323,-105,445157,445337,180
111,0,blank,0,-323,-105,445337,445529,192
111,0,blank,0,-323,-105,445529,445676,147
111,0,blank,0,-323,-105,445676,445769,93
111,0,blank,0,-323,-105,445769,446208,439
111,0,blank,0,-323,-105,446208,446611,403
111,0,blank,0,-323,-105,446611,446753,142
111,0,blank,0,-323,-105,446753,446820,67
111,0,blank,0,260.1847,-4.094025,446898,447062,164
111,0,blank,0,305.9237,-10.6592,447062,447242,180
111,0,blank,0,278.2487,-28.453,447242,447287,45
111,0,blank,0,349.742133333333,7.6827,447332,447525,193
111,0,blank,0,402.70315,18.5791,447705,447864,159
111,0,blank,0,411.17265,10.331925,447864,448046,182
111,0,blank,0,429.52885,8.8999,448046,448110,64
111,0,blank,0,109.553083333333,73.16615,448176,448370,194
111,0,blank,0,105.033033333333,60.2749,448370,448564,194
111,0,blank,0,87.1345,54.7821666666667,448564,448757,193
111,0,blank,0,102.009116666667,88.3428166666667,448757,448951,194
111,38,low,229,119.18795,127.854916666667,448951,449149,198
111,39,mid,233,144.487666666667,145.37675,449149,449346,197
111,0,blank,0,226.1178,143.42135,449346,449543,197
111,0,blank,0,241.11795,145.781475,449543,449671,128
111,37,=,224,98.23225,106.3707,449703,449897,194
111,37,=,224,96.9973,107.25538,449897,450064,167
111,37,=,224,100.344616666667,100.345,450064,450261,197
111,37,lo,223,80.04575,111.970683333333,450261,450458,197
111,0,blank,0,55.0308833333333,123.263133333333,450458,450653,195
111,38,i,227,68.5393,127.3552,450653,450847,194
111,38,i,227,70.3794833333333,131.3465,450847,451042,195
111,37,lo,223,62.2374833333333,107.418683333333,451042,451239,197
111,36,int,209,90.2037,91.9281166666667,451239,451436,197
111,0,blank,0,251.850883333333,147.60605,451436,451632,196
111,0,blank,0,273.133966666667,145.241433333333,451632,451827,195
111,0,blank,0,235.3011,149.6032,451827,451859,32
111,0,blank,0,124.463166666667,124.203066666667,451890,452088,198
111,36,i,210,100.414966666667,82.9361166666666,452088,452285,197
111,0,blank,0,108.433466666667,68.3999,452285,452480,195
111,0,blank,0,170.371966666667,50.7155666666667,452480,452671,191
111,34,list,195,221.4631,45.75005,452671,452863,192
111,34,list,195,233.9377,43.92395,452863,453056,193
111,36,lo,216,195.269516666667,73.0718,453056,453252,196
111,0,blank,0,158.666566666667,109.288116666667,453252,453450,198
111,0,blank,0,126.64808,122.20896,453450,453617,167
111,0,blank,0,178.71438,143.03248,453617,453786,169
111,40,),250,239.6563,160.74796,453786,453954,168
111,40,),250,239.90108,162.0511,453954,454126,172
111,39,mid,233,124.3504,143.184083333333,454126,454325,199
111,39,mid,233,108.9589,138.920083333333,454325,454523,198
111,38,=,228,91.90312,130.76596,454523,454689,166
111,38,=,228,91.4836,126.21145,454689,454755,66
111,0,blank,0,237.017833333333,56.7409333333333,454786,454982,196
111,0,blank,0,237.85795,50.6948166666667,454982,455174,192
111,0,blank,0,224.1436,51.9641,455174,455207,33
111,38,low,229,99.25865,132.5973,455239,455433,194
111,39,+,234,162.02345,150.925633333333,455433,455627,194
111,0,blank,0,180.6191,153.575266666667,455627,455824,197
111,40,<=,247,179.54874,159.0785,455824,455992,168
111,0,blank,0,150.73565,192.263983333333,455992,456189,197
111,0,blank,0,168.096616666667,194.375083333333,456189,456386,197
111,0,blank,0,239.062433333333,200.5107,456386,456585,199
111,0,blank,0,219.94445,184.351016666667,456585,456784,199
111,0,blank,0,178.816216666667,143.7326,456784,456983,199
111,0,blank,0,176.352016666667,142.796433333333,456983,457181,198
111,0,blank,0,908.7795,186.6867,457248,457386,138
111,0,blank,0,925.4934,365.11664,457419,457589,170
111,0,blank,0,993.4198,419.52456,457589,457758,169
111,0,blank,0,1030.5878,426.29956,457758,457929,171
111,0,blank,0,1027.7922,439.86422,457929,458102,173
111,0,blank,0,1026.09025,428.2918,458102,458244,142
111,0,blank,0,277.20126,16.09188,458315,458483,168
111,0,blank,0,268.3044,11.64886,458483,458658,175
111,0,blank,0,197.37878,18.91914,458658,458829,171
111,34,int,205,165.71794,41.77842,458829,459004,175
111,0,blank,0,190.39994,54.20216,459004,459178,174
111,36,k,214,165.041,88.61164,459178,459348,170
111,0,blank,0,261.13076,92.86152,459348,459520,172
111,36,temp,218,249.49382,89.8974,459520,459688,168
111,0,blank,0,215.28034,89.85056,459688,459867,179
111,36,..,217,163.01786,86.92478,459867,460038,171
111,0,blank,0,191.62594,108.24138,460038,460211,173
111,0,blank,0,251.61372,133.75338,460211,460381,170
111,0,blank,0,287.12488,150.5471,460381,460551,170
111,40,mi,246,307.89416,162.75866,460551,460723,172
111,40,<=,247,339.87254,166.40212,460723,460895,172
111,40,high,248,354.98734,171.91476,460895,461070,175
111,40,<=,247,316.42698,168.89408,461070,461243,173
111,0,blank,0,263.88768,156.8355,461243,461420,177
111,0,blank,0,224.23696,135.79704,461420,461589,169
111,0,blank,0,226.34752,99.10872,461589,461763,174
111,0,blank,0,227.3548,100.62355,461763,461831,68
111,0,blank,0,207.30838,381.6201,461931,462096,165
111,0,blank,0,204.77424,335.71668,462096,462273,177
111,0,blank,0,196.12172,313.91808,462273,462449,176
111,49,list,286,244.9849,367.92112,462449,462619,170
111,0,blank,0,241.58628,339.42454,462619,462790,171
111,0,blank,0,239.98938,383.82132,462790,462963,173
111,49,list,286,243.13962,374.9017,462963,463137,174
111,0,blank,0,297.46546,334.24216,463137,463311,174
111,0,blank,0,293.59276,309.42642,463311,463482,171
111,42,list,259,266.034,219.74742,463482,463657,175
111,0,blank,0,258.9441,196.9806,463657,463722,65
112,0,blank,0,242.1781,288.00284,463990,464158,168
112,0,blank,0,246.6979,277.65652,464158,464326,168
112,0,blank,0,272.86912,267.76704,464326,464492,166
112,0,blank,0,277.55054,261.85532,464492,464662,170
112,0,blank,0,221.24504,185.70954,464662,464832,170
112,0,blank,0,234.94118,171.64864,464832,465005,173
112,45,lo,275,252.08056,147.9877,465005,465176,171
112,47,else,279,301.577216666667,148.709233333333,465176,465375,199
112,47,else,279,301.1979,148.219266666667,465375,465477,102
112,0,blank,0,185.98456,183.3677,465512,465683,171
112,0,blank,0,151.11095,240.93965,465683,465880,197
112,0,blank,0,156.5797,256.925116666667,465880,466077,197
112,56,<=,313,182.023166666667,327.773366666667,466077,466273,196
112,54,mid,303,191.64098,295.53544,466273,466442,169
112,0,blank,0,205.15215,260.09015,466442,466509,67
112,0,blank,0,195.6948,126.3928,466542,466737,195
112,44,lo,272,189.747083333333,140.9188,466737,466930,193
112,0,blank,0,186.512266666667,161.9111,466930,467128,198
112,0,blank,0,186.009216666667,235.523183333333,467128,467325,197
112,0,blank,0,190.9031,264.72526,467325,467493,168
112,0,blank,0,193.33028,166.08172,467493,467663,170
112,0,blank,0,186.5632,168.0207,467663,467731,68
112,54,(,300,153.9264,313.42245,467766,467875,109
112,54,lo,301,158.787,305.2662,467875,467993,118
112,0,blank,0,186.84915,127.48975,468127,468310,183
112,42,<=,258,205.06082,104.96632,468310,468480,170
112,0,blank,0,183.79158,232.58574,468480,468653,173
112,0,blank,0,166.95498,288.76862,468653,468828,175
112,0,blank,0,186.93642,375.13016,468828,468998,170
112,0,blank,0,175.54798,392.09104,468998,469167,169
112,0,blank,0,173.56066,400.9826,469167,469336,169
112,0,blank,0,187.03212,383.33268,469336,469508,172
112,0,blank,0,183.05972,374.1591,469508,469683,175
112,0,blank,0,207.53528,395.31376,469683,469853,170
112,0,blank,0,245.1794,405.6798,469853,470020,167
112,0,blank,0,277.45726,417.5027,470020,470194,174
112,0,blank,0,289.8466,415.9542,470194,470372,178
112,0,blank,0,342.73988,413.2777,470372,470546,174
112,0,blank,0,292.86368,422.83672,470546,470725,179
112,59,i,330,241.1723,464.24488,470725,470899,174
112,0,blank,0,234.78452,469.45702,470899,471072,173
112,59,;,332,282.54648,457.66284,471072,471248,176
112,0,blank,0,247.42782,470.1909,471248,471421,173
112,0,blank,0,215.83066,477.62114,471421,471594,173
112,0,blank,0,217.88024,477.98104,471594,471768,174
112,0,blank,0,251.76378,480.76712,471768,471939,171
112,59,;,332,283.1895,467.25364,471939,472115,176
112,0,blank,0,319.85888,475.52872,472115,472282,167
112,0,blank,0,312.68488,469.41134,472282,472449,167
112,0,blank,0,236.45426,476.99532,472449,472620,171
112,0,blank,0,229.49888,446.29032,472620,472796,176
112,0,blank,0,228.0198,399.23704,472796,472968,172
112,0,blank,0,302.88902,409.21404,472968,473138,170
112,0,blank,0,306.4068,426.94276,473138,473305,167
112,0,blank,0,295.78272,472.98402,473305,473479,174
112,0,blank,0,190.01482,439.0525,473513,473685,172
112,0,blank,0,195.6061,446.7203,473685,473856,171
112,0,blank,0,203.62302,470.68664,473856,474025,169
112,0,blank,0,191.08892,413.78596,474025,474190,165
112,0,blank,0,194.1416,405.01782,474190,474361,171
112,0,blank,0,212.33454,405.13306,474361,474530,169
112,0,blank,0,252.9797,409.60848,474530,474700,170
112,0,blank,0,252.09314,411.00842,474700,474870,170
112,0,blank,0,230.52276,448.65794,474870,475043,173
112,0,blank,0,221.52844,487.9771,475043,475216,173
112,0,blank,0,238.09172,481.73834,475216,475386,170
112,0,blank,0,237.9202,491.2233,475386,475420,34
112,56,<=,313,179.7255,348.68402,475456,475628,172
112,0,blank,0,170.62716,370.67024,475628,475799,171
112,0,blank,0,170.6677,375.8325,475799,475830,31
112,59,;,332,274.87004,461.82234,475864,476037,173
112,61,},334,296.64552,464.7944,476037,476207,170
112,59,;,332,281.09825,466.671266666667,476207,476406,199
112,0,blank,0,225.64294,484.87854,476406,476574,168
112,0,blank,0,216.00162,483.12286,476574,476742,168
112,0,blank,0,221.64652,485.48454,476742,476910,168
112,0,blank,0,237.72558,480.12726,476910,477078,168
112,0,blank,0,195.015633333333,225.135033333333,477112,477308,196
112,42,],262,193.8,108.147,477308,477599,291
112,0,blank,0,194.104533333333,133.034116666667,477599,477778,179
112,0,blank,0,193.611825,132.0025,477778,477910,132
112,54,mid,303,210.853783333333,299.152933333333,477941,478138,197
112,0,blank,0,175.01744,284.94938,478138,478311,173
112,54,lo,301,155.75316,300.35902,478311,478483,172
112,54,(,300,146.487525,295.9049,478483,478616,133
112,40,mid,242,131.21384,62.76552,478648,478816,168
112,0,blank,0,142.50044,44.80942,478816,478986,170
112,0,blank,0,148.259466666667,31.4926333333333,478986,479085,99
112,54,lo,301,163.22556,300.04636,479118,479285,167
112,54,lo,301,165.66012,312.4894,479285,479455,170
112,56,<=,313,166.334125,338.40615,479455,479594,139
112,0,blank,0,247.250316666667,469.576566666667,479626,479824,198
112,59,++,331,268.74648,463.16666,479824,479991,167
112,61,},334,301.15816,467.29512,479991,480157,166
112,62,else,335,316.1937,461.2935,480157,480326,169
112,0,blank,0,222.78725,488.201333333333,480326,480521,195
112,0,blank,0,221.3211,492.768533333333,480521,480718,197
112,0,blank,0,216.12922,481.60364,480718,480886,168
112,0,blank,0,231.0502,476.29342,480886,481058,172
112,59,++,331,250.82938,460.42872,481058,481227,169
112,0,blank,0,292.69526,429.33124,481227,481398,171
112,0,blank,0,242.4413,427.21148,481398,481570,172
112,0,blank,0,238.59672,430.72256,481570,481744,174
112,0,blank,0,278.9131,417.37584,481744,481916,172
112,0,blank,0,310.22834,411.7966,481916,482083,167
112,0,blank,0,338.23272,419.9165,482083,482252,169
112,0,blank,0,334.7443,417.56114,482252,482420,168
112,0,blank,0,321.42624,421.71782,482420,482590,170
112,0,blank,0,264.3712,445.57842,482590,482759,169
112,0,blank,0,209.369,420.6975,482759,482928,169
112,0,blank,0,203.71058,400.09698,482928,483096,168
112,0,blank,0,195.684833333333,375.615966666667,483096,483290,194
112,0,blank,0,197.5989,373.176875,483290,483421,131
112,0,blank,0,224.82726,554.84786,483453,483619,166
112,0,blank,0,170.8048,575.76914,483619,483787,168
112,0,blank,0,209.9226,599.680483333333,483787,483983,196
112,0,blank,0,224.9965,603.01246,483983,484146,163
112,0,blank,0,203.99936,423.5169,484179,484344,165
112,0,blank,0,196.04532,422.5144,484344,484517,173
112,0,blank,0,203.27978,377.57384,484517,484683,166
112,0,blank,0,198.7159,373.9864,484683,484717,34
112,0,blank,0,1002.414,446.08436,484785,484955,170
112,0,blank,0,1048.0368,485.4466,484955,485126,171
112,0,blank,0,1028.964,481.709,485126,485192,66
112,0,blank,0,199.03696,582.13398,485260,485428,168
112,0,blank,0,207.91658,600.81316,485428,485600,172
112,0,blank,0,242.1625,600.95134,485600,485770,170
112,0,blank,0,258.1076,603.924416666667,485770,485969,199
112,0,blank,0,287.56644,608.6932,485969,486137,168
112,0,blank,0,301.12902,601.18892,486137,486308,171
112,0,blank,0,228.61772,599.98656,486308,486483,175
112,0,blank,0,185.6082,536.9571,486483,486660,177
112,0,blank,0,149.6755,487.14824,486660,486830,170
112,64,lo,341,187.69508,500.61572,486830,486996,166
112,0,blank,0,220.68788,528.76152,486996,487169,173
112,0,blank,0,212.91192,558.48598,487169,487342,173
112,0,blank,0,295.97886,549.17786,487342,487521,179
112,0,blank,0,319.21074,544.1524,487521,487697,176
112,0,blank,0,239.03312,540.2533,487697,487879,182
112,0,blank,0,208.32802,592.2014,487879,488053,174
112,0,blank,0,191.47885,622.22135,488053,488122,69
113,0,blank,0,194.4646,613.2609,488158,488304,146
113,0,blank,0,126.5544,600.5466,488304,488419,115
113,70,=,369,141.3076,607.8087,488419,488529,110
113,0,blank,0,149.02094,504.2389,488593,488782,189
113,0,blank,0,132.79064,455.12766,488782,488951,169
113,0,blank,0,122.80466,448.918,488951,489118,167
113,0,blank,0,121.0077,447.5485,489118,489186,68
113,0,blank,0,159.59846,632.05316,489220,489387,167
113,0,blank,0,220.8226,622.15556,489387,489555,168
113,0,blank,0,233.05876,626.63586,489555,489723,168
113,0,blank,0,193.3115,632.4958,489723,489895,172
113,0,blank,0,160.46912,634.6645,489895,490070,175
113,0,blank,0,178.11488,626.6451,490070,490241,171
113,0,blank,0,211.3672,623.71288,490241,490417,176
113,0,blank,0,199.22906,627.58152,490417,490590,173
113,0,blank,0,194.39644,631.01908,490590,490762,172
113,0,blank,0,186.01972,598.54952,490762,490935,173
113,0,blank,0,192.6757,589.3171,490935,490970,35
113,64,=,340,177.0271,478.04384,491004,491172,168
113,0,blank,0,207.02426,482.5411,491172,491341,169
113,64,=,340,177.03938,469.50582,491341,491511,170
113,0,blank,0,144.68224,457.65564,491511,491679,168
113,0,blank,0,133.77612,449.33762,491679,491845,166
113,0,blank,0,146.48344,594.58296,491878,492045,167
113,66,temp,351,172.727,515.80358,492045,492212,167
113,66,temp,351,166.1333,513.33764,492212,492378,166
113,67,++,362,160.177216666667,540.819533333333,492378,492577,199
113,0,blank,0,153.05566,502.30552,492577,492743,166
113,0,blank,0,147.91066,499.21216,492743,492910,167
113,0,blank,0,126.2672,494.103733333333,492910,493012,102
113,0,blank,0,172.7423,615.29514,493291,493456,165
113,0,blank,0,178.107,619.26,493456,493526,70
113,59,++,331,151.2753,362.10414,493562,493731,169
113,0,blank,0,139.350583333333,245.801983333333,493731,493925,194
113,0,blank,0,147.31135,230.490366666667,493925,494121,196
113,0,blank,0,158.5542,231.886,494121,494219,98
113,0,blank,0,208.419066666667,582.071383333333,494252,494450,198
113,0,blank,0,200.40644,604.37584,494450,494621,171
113,70,high,374,251.25272,607.47064,494621,494790,169
113,0,blank,0,281.90966,629.27488,494790,494961,171
113,0,blank,0,249.64196,678.49606,494961,495128,167
113,0,blank,0,229.8407,675.3099,495128,495297,169
113,0,blank,0,195.533733333333,670.973066666667,495297,495496,199
113,0,blank,0,179.45646,668.0879,495496,495665,169
113,0,blank,0,258.4298,673.86534,495665,495835,170
113,0,blank,0,276.93444,673.62124,495835,496004,169
113,0,blank,0,276.75972,668.54588,496004,496174,170
113,0,blank,0,281.23792,670.83664,496174,496346,172
113,0,blank,0,204.0006,673.03042,496346,496518,172
113,0,blank,0,198.2943,672.57994,496518,496689,171
113,0,blank,0,191.91258,679.56384,496689,496863,174
113,0,blank,0,194.81642,673.5949,496863,497035,172
113,0,blank,0,218.37398,674.05964,497035,497208,173
113,0,blank,0,227.48296,620.47008,497208,497391,183
113,0,blank,0,206.17852,622.76032,497391,497567,176
113,70,high,374,260.70118,611.97114,497567,497741,174
113,70,;,375,302.19632,616.92658,497741,497915,174
113,0,blank,0,276.509,676.49318,497915,498087,172
113,0,blank,0,271.75375,673.2066,498087,498154,67
113,0,blank,0,1005.2864,581.75502,498255,498428,173
113,0,blank,0,1034.2335,576.0124,498428,498499,71
113,0,blank,0,192.547866666667,689.987416666667,498599,498797,198
113,72,],388,165.83804,657.52024,498797,498965,168
113,0,blank,0,140.33385,635.414975,498965,499098,133
113,0,blank,0,714.441666666667,530.6898,499164,499264,100
113,0,blank,0,548.36415,96.6281,499330,499458,128
113,0,blank,0,-323,-105,499661,499718,57
113,0,blank,0,577.97496,639.69788,499967,500151,184
113,0,blank,0,579.7275,673.44465,500151,500218,67
113,0,blank,0,733.667,-103.6776,500251,500350,99
113,56,k,316,240.063383333333,303.243833333333,500733,500930,197
113,0,blank,0,225.252,297.20125,500930,501127,197
113,0,blank,0,231.13245,289.6689,501127,501326,199
113,0,blank,0,229.46,297.168833333333,501326,501522,196
113,0,blank,0,232.05925,307.506175,501522,501656,134
