Frameno_fix,lineno_fix,Tokenname_fix,tokens_id,gaze_X_fix,gaze_Y_fix,timestamp_fix_start,timestamp_fix_end,time_duration
100,0,blank,0,125.87758,-76.07862,3477,3630,153
100,0,blank,0,-323,-105,3661,3691,30
100,0,blank,0,196.22012,-10.4996,3834,3984,150
100,0,blank,0,299.46492,-17.47742,4015,4209,194
100,0,blank,0,213.78835,-8.857575,4209,4386,177
100,0,blank,0,207.9196,-11.342725,4386,4562,176
100,0,blank,0,88.950575,-6.575925,4562,4742,180
100,0,blank,0,71.49575,-9.921025,4742,4920,178
100,0,blank,0,33.40548,-2.7242,4920,5107,187
100,2,#,8,9.55455,39.3102166666667,5107,5296,189
100,3,include,16,64.2122166666667,60.7915333333333,5296,5484,188
100,0,blank,0,91.60784,67.1604,5484,5638,154
100,0,blank,0,1001.5932,269.23532,5729,5888,159
100,0,blank,0,1015.04125,466.736475,5918,6039,121
100,0,blank,0,-323,-105,6069,6268,199
100,0,blank,0,-323,-105,6268,6448,180
100,0,blank,0,-323,-105,6448,6624,176
100,0,blank,0,-323,-105,6624,6805,181
100,0,blank,0,-323,-105,6805,6983,178
100,0,blank,0,-323,-105,6983,7160,177
100,0,blank,0,-323,-105,7160,7337,177
100,0,blank,0,-323,-105,7337,7520,183
100,0,blank,0,-323,-105,7520,7638,118
100,0,blank,0,-323,-105,7638,7811,173
100,0,blank,0,-323,-105,7811,7883,72
100,0,blank,0,-323,-105,7883,8064,181
100,0,blank,0,-323,-105,8064,8205,141
100,0,blank,0,-323,-105,8205,8316,111
100,0,blank,0,-323,-105,8316,8448,132
100,0,blank,0,-323,-105,8448,8801,353
100,0,blank,0,-323,-105,8801,9098,297
100,0,blank,0,-323,-105,9098,9258,160
100,0,blank,0,-323,-105,9258,9405,147
100,0,blank,0,-323,-105,9405,9512,107
100,0,blank,0,-323,-105,9512,9708,196
100,0,blank,0,-323,-105,9708,9884,176
100,0,blank,0,-323,-105,9884,10069,185
100,0,blank,0,-323,-105,10069,10241,172
100,0,blank,0,-323,-105,10241,10284,43
100,0,blank,0,-323,-105,10284,10662,378
100,0,blank,0,-323,-105,10662,10697,35
100,0,blank,0,-323,-105,10697,10977,280
100,0,blank,0,-323,-105,10977,11156,179
100,0,blank,0,-323,-105,11156,11193,37
100,4,include,23,21.1995,79.1051,11259,11310,51
100,5,gotoNextWord,30,79.29346,108.85774,11336,11512,176
100,4,ctype,25,105.533475,72.212825,11512,11693,181
100,3,string,18,124.67065,67.888625,11693,11870,177
100,3,h,20,173.616733333333,67.4980666666667,11870,11997,127
100,0,blank,0,-323,-105,12044,12111,67
100,5,gotoNextWord,30,107.7444,108.76712,12158,12350,192
100,6,200,37,116.448975,118.64445,12350,12537,187
100,5,gotoNextWord,30,83.82955,105.802216666667,12537,12729,192
100,0,blank,0,164.145333333333,113.44915,12729,12923,194
100,0,blank,0,222.544016666667,123.695,12923,13114,191
100,0,blank,0,198.234566666667,135.159383333333,13114,13307,193
100,0,blank,0,151.397216666667,134.433833333333,13307,13500,193
100,6,200,37,110.9529,129.855066666667,13500,13692,192
100,6,200,37,110.351,125.272,13692,13724,32
100,0,blank,0,291.626816666667,130.429983333333,13756,13947,191
100,0,blank,0,291.413775,131.5916,13947,14074,127
100,0,blank,0,95.7663166666667,153.998066666667,14106,14300,194
100,0,blank,0,93.8618333333333,146.109133333333,14300,14398,98
100,0,blank,0,289.581466666667,125.133066666667,14430,14619,189
100,0,blank,0,287.1842,123.668233333333,14619,14806,187
100,0,blank,0,238.3611,131.789566666667,14806,14994,188
100,0,blank,0,89.8951333333333,134.1189,15025,15213,188
100,6,[,41,91.44235,124.584,15213,15274,61
100,0,blank,0,-323,-105,15305,15335,30
100,8,),59,98.0149,177.8861,15362,15408,46
100,0,blank,0,140.202766666667,184.1601,15474,15660,186
100,0,blank,0,145.501183333333,190.066616666667,15660,15852,192
100,0,blank,0,128.948625,189.9796,15852,15979,127
100,0,blank,0,238.2427,184.082983333333,16011,16200,189
100,0,blank,0,187.30295,181.153833333333,16200,16389,189
100,0,blank,0,233.149516666667,182.584866666667,16389,16576,187
100,0,blank,0,256.797466666667,182.38515,16576,16762,186
100,0,blank,0,255.98925,183.6621,16762,16824,62
100,10,printf,61,100.5861,211.936383333333,16856,17044,188
100,10,printf,61,102.5088,207.2874,17044,17075,31
100,0,blank,0,-323,-105,17138,17164,26
100,10,"Enterstring:",63,146.92195,202.66265,17289,17407,118
100,0,blank,0,-323,-105,17439,17521,82
100,10,(,62,112.3365,215.5794,17571,17636,65
100,8,),59,95.8819333333333,175.280983333333,17704,17886,182
100,0,blank,0,104.85802,173.14854,17886,18064,178
100,10,"Enterstring:",63,153.904175,207.54535,18064,18238,174
100,10,"Enterstring:",63,149.9892,216.743733333333,18238,18332,94
100,0,blank,0,-323,-105,18364,18473,109
100,5,gotoNextWord,30,95.8481166666667,111.26725,18961,19142,181
100,0,blank,0,145.78345,160.908133333333,19142,19323,181
100,0,blank,0,166.889033333333,188.755333333333,19323,19504,181
100,10,"Enterstring:",63,148.003683333333,221.854716666667,19504,19684,180
100,10,"Enterstring:",63,138.8561,217.482383333333,19684,19867,183
100,10,"Enterstring:",63,134.625975,209.28325,19867,19992,125
100,0,blank,0,-323,-105,20023,20129,106
100,0,blank,0,162.472666666667,175.56385,20231,20403,172
100,10,"Enterstring:",63,136.68105,207.104516666667,20403,20588,185
100,0,blank,0,141.634066666667,194.3451,20588,20772,184
100,10,"Enterstring:",63,159.148716666667,207.3458,20772,20952,180
100,0,blank,0,-323,-105,20983,21065,82
100,0,blank,0,223.2841,222.2518,21096,21144,48
100,0,blank,0,251.064283333333,231.48355,21208,21387,179
100,0,blank,0,163.591916666667,233.701066666667,21387,21572,185
100,10,"Enterstring:",63,125.024983333333,220.105833333333,21572,21750,178
100,11,),69,125.7979,237.317833333333,21750,21930,180
100,0,blank,0,144.008716666667,241.179783333333,21930,22111,181
100,12,"Enterword:",73,145.683966666667,249.564366666667,22111,22294,183
100,11,),69,126.93315,243.083916666667,22294,22478,184
100,11,str,68,122.1387,234.957683333333,22478,22661,183
100,11,str,68,122.1254,228.43278,22661,22815,154
100,0,blank,0,-323,-105,22845,23037,192
100,0,blank,0,222.480366666667,188.225766666667,23063,23248,185
100,0,blank,0,128.53236,193.77378,23248,23424,176
100,0,blank,0,137.618516666667,180.1108,23424,23608,184
100,0,blank,0,159.386883333333,151.872933333333,23608,23790,182
100,7,wcount,50,205.9649,148.3612,23790,23970,180
100,7,wlen,48,130.32045,151.803233333333,23970,24151,181
100,0,blank,0,149.795933333333,181.257533333333,24151,24334,183
100,0,blank,0,147.7114,180.34692,24334,24514,180
100,0,blank,0,144.737133333333,180.3716,24514,24707,193
100,0,blank,0,123.20545,192.37885,24707,24884,177
100,10,"Enterstring:",63,135.66755,207.070166666667,24884,25061,177
100,11,),69,125.179366666667,226.059383333333,25061,25241,180
100,11,),69,125.391583333333,242.2438,25241,25422,181
100,11,str,68,113.806483333333,237.367966666667,25422,25601,179
100,11,str,68,112.7819,243.647866666667,25601,25779,178
100,11,),69,126.9414,225.0897,25779,25809,30
100,0,blank,0,-323,-105,25868,25991,123
100,0,blank,0,199.787657142857,242.257271428571,26017,26213,196
100,0,blank,0,219.8738,224.029266666667,26213,26390,177
100,0,blank,0,244.88062,243.30022,26390,26565,175
100,12,),74,254.106966666667,250.1113,26565,26758,193
100,12,"Enterword:",73,208.2595,248.9198,26758,26833,75
100,12,"Enterword:",73,154.0852,255.5848,26833,27059,226
100,11,str,68,120.170457142857,242.206971428571,27059,27253,194
100,12,"Enterword:",73,119.2661,255.9872,27253,27283,30
100,0,blank,0,-323,-105,27312,27419,107
100,12,"Enterword:",73,154.68825,247.715466666667,27521,27716,195
100,12,"Enterword:",73,220.550066666667,253.631916666667,27716,27895,179
100,12,"Enterword:",73,218.754616666667,264.695183333333,27895,28075,180
100,12,"Enterword:",73,234.5729,258.79492,28075,28252,177
100,0,blank,0,197.731583333333,198.438283333333,28252,28426,174
100,4,h,27,163.117466666667,88.8607166666666,28426,28602,176
100,2,.,12,160.905616666667,33.79835,28602,28778,176
100,1,count,5,178.7121,16.6088166666667,28778,28959,181
100,1,count,5,181.656383333333,3.6128,28959,29140,181
100,1,count,5,196.497683333333,6.41133333333333,29140,29322,182
100,1,count,5,204.9384,5.435,29322,29504,182
100,1,count,5,197.3683,20.2726,29504,29534,30
100,0,blank,0,209.3388,266.53655,29564,29669,105
100,0,blank,0,205.6469,268.7586,29669,29784,115
100,16,wcount,99,174.3726,345.0304,29963,29988,25
100,0,blank,0,148.806783333333,240.79095,30016,30193,177
100,11,str,68,118.4166,233.856725,30193,30369,176
100,11,),69,130.1093,226.78394,30369,30509,140
100,0,blank,0,154.46956,160.20878,30509,30685,176
100,0,blank,0,148.431066666667,173.685166666667,30685,30861,176
100,12,"Enterword:",73,140.9526,264.43175,30861,31038,177
100,12,"Enterword:",73,132.3688,264.54155,31038,31214,176
100,0,blank,0,-323,-105,31243,31278,35
100,15,strlen,90,152.80336,311.12448,31415,31564,149
100,0,blank,0,223.56935,297.074225,31564,31733,169
100,12,"Enterword:",73,211.009483333333,265.811716666667,31733,31916,183
100,0,blank,0,208.36735,272.22525,31916,32097,181
100,0,blank,0,247.11814,287.11304,32097,32277,180
100,0,blank,0,207.67155,197.25445,32277,32331,54
100,0,blank,0,-323,-105,32361,32445,84
100,15,strlen,90,166.404033333333,323.6831,32535,32711,176
100,15,),93,200.21215,326.449716666667,32711,32899,188
100,15,strlen,90,171.363583333333,330.760883333333,32899,33083,184
100,15,strlen,90,149.057466666667,320.783283333333,33083,33266,183
100,15,strlen,90,153.8938,312.162483333333,33266,33448,182
100,14,strlen,83,143.466533333333,296.178366666667,33448,33631,183
100,0,blank,0,218.252583333333,318.581633333333,33631,33815,184
100,14,),86,218.95994,296.04966,33815,33969,154
100,0,blank,0,-323,-105,34000,34080,80
100,15,strlen,90,163.8549,317.864733333333,34219,34313,94
100,0,blank,0,174.4055,317.1854,34313,34762,449
100,0,blank,0,195.855514285714,286.249228571429,34762,34961,199
100,0,blank,0,229.81876,310.2926,34961,35139,178
100,16,=,100,200.6007,341.816666666667,35139,35312,173
100,15,w,92,188.58025,331.404866666667,35312,35496,184
100,15,strlen,90,170.753883333333,325.126216666667,35496,35680,184
100,15,strlen,90,171.94682,324.06332,35680,35862,182
100,0,blank,0,183.444625,302.61065,35862,35975,113
100,0,blank,0,-323,-105,36006,36087,81
100,0,blank,0,236.56765,304.25395,36176,36286,110
100,12,"Enterword:",73,210.45926,260.97792,36317,36478,161
100,16,=,100,195.96728,353.2931,36508,36684,176
100,17,),108,188.149825,359.303825,36684,36803,119
100,14,strlen,83,171.942883333333,289.956616666667,36868,37058,190
100,0,blank,0,184.843583333333,332.761583333333,37058,37239,181
100,16,;,102,226.455316666667,352.0205,37239,37427,188
100,15,;,94,206.732666666667,323.456383333333,37427,37613,186
100,0,blank,0,137.10615,280.1461,37613,37675,62
100,0,blank,0,138.4671,199.5594,37736,37766,30
100,12,(,72,109.127683333333,251.858233333333,37796,37980,184
100,0,blank,0,151.0859,230.852666666667,37980,38156,176
100,0,blank,0,236.967466666667,285.155033333333,38156,38236,80
100,0,blank,0,-323,-105,38298,38409,111
100,15,strlen,90,144.035125,317.092325,38872,39049,177
100,16,wcount,99,180.20065,334.144166666667,39049,39229,180
100,0,blank,0,204.0827,420.8185,39229,39367,138
100,0,blank,0,274.0845,372.920233333333,39443,39623,180
100,0,blank,0,296.854466666667,391.962166666667,39623,39806,183
100,0,blank,0,266.979983333333,414.57,39806,39997,191
100,0,blank,0,227.428725,375.937275,39997,40120,123
100,16,0,101,215.296075,348.47085,40120,40315,195
100,0,blank,0,196.4704,388.545516666667,40315,40499,184
100,0,blank,0,219.135016666667,384.896583333333,40499,40685,186
100,0,blank,0,295.63522,397.31036,40685,40839,154
100,0,blank,0,-323,-105,40870,41004,134
100,0,blank,0,249.8258,273.8765,41145,41199,54
100,16,=,100,201.7814,349.986116666667,41230,41417,187
100,0,blank,0,196.524683333333,355.972533333333,41417,41603,186
100,0,blank,0,260.53712,347.24136,41603,41763,160
100,0,blank,0,288.229666666667,377.3064,41974,42152,178
100,0,blank,0,282.115225,379.120025,42152,42282,130
100,0,blank,0,299.09255,269.3347,42314,42375,61
100,12,"Enterword:",73,198.4457,262.5163,42437,42467,30
100,0,blank,0,198.253133333333,332.8683,42498,42682,184
100,0,blank,0,199.5062,382.665466666667,42682,42866,184
100,0,blank,0,236.7251,427.8873,42866,43054,188
100,0,blank,0,218.4755,393.41845,43054,43238,184
100,0,blank,0,-323,-105,43270,43447,177
100,0,blank,0,196.007783333333,373.562666666667,43480,43659,179
100,17,),108,188.205966666667,372.067766666667,43659,43847,188
100,0,blank,0,204.5719,366.072525,43847,43968,121
100,0,blank,0,192.942566666667,361.097916666667,43999,44179,180
100,0,blank,0,207.590566666667,337.142333333333,44179,44270,91
100,0,blank,0,184.47025,240.06395,44270,44460,190
100,12,"Enterword:",73,175.51785,250.028816666667,44460,44630,170
100,0,blank,0,131.13192,280.39796,44630,44781,151
100,0,blank,0,227.604433333333,371.924416666667,44811,44990,179
100,16,=,100,201.999933333333,349.650616666667,44990,45169,179
100,0,blank,0,210.448833333333,362.766116666667,45169,45350,181
100,0,blank,0,210.790125,381.034375,45350,45470,120
100,0,blank,0,-323,-105,45500,45606,106
100,10,"Enterstring:",63,189.28,221.459,45648,45703,55
100,10,"Enterstring:",63,246.2239,209.8039,45764,45789,25
100,0,blank,0,280.611433333333,339.4349,46481,46567,86
100,0,blank,0,-323,-105,46627,46730,103
100,0,blank,0,230.56535,420.381816666667,46862,47045,183
100,0,blank,0,275.13325,440.074833333333,47045,47228,183
100,0,blank,0,324.212066666667,419.942483333333,47228,47413,185
100,0,blank,0,275.710975,414.660325,47413,47534,121
100,0,blank,0,285.128416666667,427.686333333333,47595,47777,182
100,0,blank,0,283.9512,499.0967,47777,47807,30
100,21,wlen,131,290.8434,454.88485,47838,48023,185
100,0,blank,0,297.80235,467.016033333333,48023,48206,183
100,21,wlen,131,302.497,450.483925,48206,48328,122
100,0,blank,0,295.0833,338.2758,48390,48421,31
100,21,wlen,131,295.8689,447.549333333333,48454,48550,96
100,0,blank,0,280.1731,414.7378,48580,48617,37
100,0,blank,0,-323,-105,48774,48881,107
100,0,blank,0,278.403475,390.590275,49006,49129,123
100,0,blank,0,278.304483333333,349.197816666667,49190,49374,184
100,0,blank,0,285.317466666667,352.696433333333,49374,49558,184
100,0,blank,0,261.278283333333,370.356016666667,49558,49738,180
100,0,blank,0,253.56,265.4364,49738,49773,35
100,0,blank,0,-323,-105,49803,49935,132
100,0,blank,0,270.524966666667,340.6582,50172,50367,195
100,0,blank,0,233.450683333333,345.2658,50367,50552,185
100,15,strlen,90,166.258483333333,318.737533333333,50552,50730,178
100,16,wcount,99,158.49405,350.5521,50730,50908,178
100,15,(,91,182.422466666667,321.452633333333,50908,51086,178
100,15,),93,198.501933333333,325.982066666667,51086,51176,90
100,0,blank,0,-323,-105,51206,51312,106
100,0,blank,0,275.76306,298.79744,51456,51609,153
100,16,;,102,231.121825,342.104275,51734,51862,128
100,16,=,100,199.756683333333,337.679533333333,51983,52171,188
100,0,blank,0,222.9832,330.464783333333,52171,52360,189
100,16,0,101,216.772216666667,340.8801,52360,52541,181
100,0,blank,0,257.882016666667,366.13615,52571,52752,181
100,0,blank,0,264.15845,373.632,52752,52812,60
100,0,blank,0,-323,-105,52842,52948,106
100,0,blank,0,297.1268,348.942866666667,53105,53198,93
100,0,blank,0,320.0805,374.33885,53260,53322,62
100,0,blank,0,351.8056,345.34595,53352,53532,180
100,0,blank,0,338.8959,353.26218,53532,53708,176
100,0,blank,0,319.904283333333,249.701816666667,53708,53887,179
100,0,blank,0,341.2133,162.6101,53887,53948,61
100,0,blank,0,370.181,354.0034,54009,54040,31
100,0,blank,0,403.74615,330.32385,54100,54162,62
100,0,blank,0,433.524333333333,377.770433333333,54224,54316,92
100,0,blank,0,-323,-105,54345,54476,131
100,0,blank,0,280.686566666667,432.576716666667,54579,54753,174
100,0,blank,0,234.27975,382.895883333333,54753,54942,189
100,19,w,117,214.6977,417.58935,54942,55003,61
100,0,blank,0,260.73055,293.92465,55032,55092,60
100,0,blank,0,262.1679,273.1221,55127,55224,97
100,0,blank,0,259.492266666667,372.29345,55287,55472,185
100,19,],120,248.745183333333,416.855583333333,55472,55661,189
100,0,blank,0,250.5161,442.18315,55661,55729,68
100,0,blank,0,294.808966666667,375.3139,55759,55945,186
100,0,blank,0,299.6587,393.4348,55945,55975,30
100,0,blank,0,284.5092,330.45305,56037,56103,66
100,0,blank,0,-323,-105,56140,56330,190
100,0,blank,0,313.7964,303.6133,56383,56420,37
100,0,blank,0,316.7253,351.5469,56450,56483,33
100,0,blank,0,320.5983,199.6803,56545,56576,31
100,0,blank,0,293.9024,424.413766666667,56606,56793,187
100,0,blank,0,286.4423,379.600466666667,56793,56981,188
100,0,blank,0,304.5994,374.0786,56981,57107,126
100,0,blank,0,294.236333333333,375.211066666667,57137,57227,90
100,0,blank,0,292.427766666667,366.0901,57257,57346,89
100,0,blank,0,-323,-105,57411,57523,112
100,0,blank,0,327.369783333333,406.357116666667,57624,57807,183
100,0,blank,0,332.84505,320.90655,57807,57899,92
100,0,blank,0,342.335025,390.5508,57995,58121,126
100,0,blank,0,327.20875,377.525883333333,58153,58339,186
100,0,blank,0,347.16205,433.95945,58339,58403,64
100,0,blank,0,342.876066666667,413.797233333333,58462,58645,183
100,0,blank,0,340.4028,416.4979,58645,58737,92
100,0,blank,0,339.095725,399.45835,58797,58920,123
100,0,blank,0,358.1398,393.1063,58951,59140,189
100,0,blank,0,365.79765,382.6672,59140,59203,63
100,0,blank,0,-323,-105,59234,59340,106
100,0,blank,0,344.295175,403.47045,59476,59635,159
100,0,blank,0,344.4631,235.0742,59669,59700,31
100,0,blank,0,411.593466666667,270.065833333333,59732,59829,97
100,0,blank,0,-323,-105,59891,60069,178
100,0,blank,0,-323,-105,60069,60169,100
100,23,!=,145,295.72675,488.9571,60206,60254,48
100,0,blank,0,314.7893,471.950566666667,60316,60505,189
100,0,blank,0,363.15785,406.672775,60505,60634,129
100,0,blank,0,353.273266666667,428.73,60758,60947,189
100,21,j,133,339.1948,459.0518,60977,61008,31
100,0,blank,0,-323,-105,61131,61233,102
100,23,!=,145,289.04868,497.69198,61355,61515,160
100,0,blank,0,296.2019,477.290116666667,61545,61730,185
100,0,blank,0,366.9261,510.84795,61730,61792,62
100,0,blank,0,361.039083333333,390.221266666667,61822,62011,189
100,19,==,116,188.588083333333,399.10475,62048,62236,188
100,19,==,116,192.31245,416.40085,62236,62298,62
100,0,blank,0,204.423375,362.663975,62360,62488,128
100,0,blank,0,159.275333333333,137.304666666667,62518,62704,186
100,0,blank,0,169.379383333333,43.5195666666667,62734,62916,182
100,3,string,18,155.183883333333,57.3476,62916,63099,183
100,4,ctype,25,147.683183333333,70.2024833333333,63099,63281,182
100,3,string,18,108.560666666667,48.5050833333333,63281,63463,182
100,0,blank,0,90.8026166666667,40.9875,63463,63645,182
100,0,blank,0,88.0129333333334,44.7620333333333,63645,63738,93
100,0,blank,0,210.852433333333,47.5846166666667,63770,63950,180
100,0,blank,0,200.1581,87.9561,63950,63980,30
100,0,blank,0,-323,-105,64011,64091,80
100,0,blank,0,238.8578,64.2671,64259,64281,22
100,23,w,146,318.760733333333,502.619483333333,64337,64520,183
100,25,gotoNextWord,152,286.741816666667,531.7976,64582,64766,184
100,25,gotoNextWord,152,286.033,534.8518,64766,64949,183
100,25,gotoNextWord,152,291.726283333333,549.881333333333,64949,65130,181
100,0,blank,0,271.435366666667,460.80225,65130,65311,181
100,0,blank,0,270.591333333333,466.536616666667,65311,65492,181
100,0,blank,0,270.37,453.123,65492,65523,31
100,0,blank,0,-323,-105,65552,65684,132
100,0,blank,0,300.034766666667,419.143616666667,65794,65972,178
100,21,++,134,354.715883333333,447.731266666667,65972,66156,184
100,0,blank,0,374.59,481.0543,66156,66186,30
100,0,blank,0,367.2495,479.9473,66217,66248,31
100,21,j,133,341.46245,460.0145,66310,66372,62
100,0,blank,0,339.449,381.33544,66403,66559,156
100,21,wlen,131,293.56635,455.423525,66591,66717,126
100,0,blank,0,302.1898,339.7313,66749,66780,31
100,0,blank,0,-323,-105,66811,66918,107
100,0,blank,0,346.71135,402.21745,67024,67076,52
100,0,blank,0,314.031183333333,477.532983333333,67171,67358,187
100,0,blank,0,308.572383333333,483.25685,67358,67543,185
100,21,<,130,259.353333333333,456.006683333333,67543,67728,185
100,0,blank,0,258.519716666667,441.81895,67728,67913,185
100,0,blank,0,263.677475,449.416125,67913,68036,123
100,0,blank,0,200.957666666667,373.0161,68067,68252,185
100,19,0,119,234.905433333333,401.7014,68252,68436,184
100,0,blank,0,272.5701,365.7298,68436,68621,185
100,0,blank,0,-323,-105,68651,68760,109
100,0,blank,0,256.7285,339.7236,68807,68862,55
100,19,w,117,214.324966666667,402.332916666667,68926,69104,178
100,0,blank,0,250.297283333333,421.86525,69104,69287,183
100,0,blank,0,268.985316666667,429.71425,69287,69472,185
100,0,blank,0,319.674066666667,424.535066666667,69472,69657,185
100,0,blank,0,296.642733333333,440.871433333333,69657,69750,93
100,0,blank,0,292.63825,413.7941,69813,69874,61
100,0,blank,0,301.04675,194.635,69905,69970,65
100,0,blank,0,298.0784,275.1463,70001,70033,32
100,0,blank,0,292.61735,471.0475,70128,70259,131
100,0,blank,0,-323,-105,70290,70377,87
100,19,w,117,213.8315,408.8032,70539,70722,183
100,0,blank,0,244.639325,437.60135,70789,70912,123
100,0,blank,0,199.8531,398.916283333333,70943,71131,188
100,0,blank,0,205.874366666667,390.248133333333,71131,71319,188
100,0,blank,0,286.630275,302.33465,71319,71443,124
100,0,blank,0,288.09215,346.83045,71475,71536,61
100,0,blank,0,-323,-105,71598,71676,78
100,0,blank,0,368.0703,506.175833333333,71778,71866,88
100,0,blank,0,406.7338,368.653,71897,71928,31
100,0,blank,0,385.3046,509.803,71960,71991,31
100,0,blank,0,390.98385,481.829233333333,72057,72244,187
100,0,blank,0,292.7483,395.671633333333,72244,72338,94
100,0,blank,0,255.04998,391.40034,72401,72563,162
100,0,blank,0,-323,-105,72626,72761,135
100,21,wlen,131,288.1734,460.7385,72878,72941,63
100,0,blank,0,303.48385,335.95155,73038,73103,65
100,0,blank,0,287.455266666667,347.8835,73165,73267,102
100,0,blank,0,315.0272,245.3512,73300,73333,33
100,0,blank,0,330.908,304.335933333333,73396,73496,100
100,0,blank,0,314.2035,368.693,73528,73559,31
100,0,blank,0,306.9206,500.61145,73656,73719,63
100,0,blank,0,263.274525,423.1966,73877,73999,122
100,0,blank,0,258.5029,357.4307,74029,74065,36
100,0,blank,0,-323,-105,74096,74186,90
100,0,blank,0,251.1369,454.4633,74235,74294,59
100,21,<,130,260.9643,451.0879,74366,74391,25
100,0,blank,0,309.528316666667,405.2015,74426,74617,191
100,0,blank,0,313.88985,346.09545,74617,74810,193
100,0,blank,0,360.503833333333,330.129233333333,74810,74906,96
100,0,blank,0,389.208,417.825033333333,74970,75162,192
100,0,blank,0,348.968416666667,409.931483333333,75162,75348,186
100,0,blank,0,281.25282,364.91452,75348,75504,156
100,23,w,146,313.2056,493.7325,75535,75565,30
100,0,blank,0,-323,-105,75627,75813,186
100,0,blank,0,379.73958,425.83384,75863,76036,173
100,0,blank,0,316.0804,389.26195,76036,76221,185
100,0,blank,0,298.388216666667,368.731366666667,76221,76403,182
100,0,blank,0,278.448333333333,357.727183333333,76403,76586,183
100,0,blank,0,284.85195,336.4358,76586,76768,182
100,0,blank,0,309.922733333333,379.278166666667,76768,76949,181
100,0,blank,0,293.423533333333,420.37765,77010,77189,179
100,0,blank,0,-323,-105,77219,77381,162
100,29,wlen,164,226.8308,621.1823,77550,77588,38
100,0,blank,0,177.4571,414.6483,77683,77721,38
100,0,blank,0,186.2491,479.96938,77752,77921,169
100,0,blank,0,239.7647,429.1458,77921,78013,92
100,0,blank,0,-323,-105,78048,78207,159
100,0,blank,0,235.0059,424.3661,78318,78374,56
100,0,blank,0,241.4179,384.7339,78437,78505,68
100,0,blank,0,232.3824,422.03835,78541,78731,190
100,0,blank,0,221.342383333333,368.631016666667,78731,78912,181
100,16,=,100,198.3868,337.122116666667,78912,79092,180
100,16,=,100,197.762375,346.2942,79092,79210,118
100,0,blank,0,-323,-105,79240,79412,172
100,19,[,118,227.25466,400.44648,79465,79633,168
100,21,j,133,237.0419,446.2231,79633,79698,65
100,0,blank,0,282.67314,403.79348,79792,79984,192
100,23,],149,270.2705,489.397,80076,80106,30
100,0,blank,0,248.6497,383.75635,80137,80315,178
100,21,<,130,255.24016,459.53346,80315,80476,161
100,0,blank,0,267.1631,420.39885,80573,80671,98
100,0,blank,0,292.9089,593.522,80700,80732,32
100,0,blank,0,255.7439,436.37285,80761,80824,63
100,19,0,119,238.233,402.524,80917,80950,33
100,0,blank,0,-323,-105,80980,81129,149
100,0,blank,0,366.103133333333,407.957433333333,81254,81433,179
100,0,blank,0,340.13435,380.4883,81433,81613,180
100,0,blank,0,150.28085,234.660083333333,81643,81821,178
100,12,"Enterword:",73,127.253333333333,256.396666666667,81821,81997,176
100,12,"Enterword:",73,154.521516666667,260.08985,81997,82178,181
100,12,"Enterword:",73,215.6302,260.171816666667,82178,82357,179
100,0,blank,0,162.772116666667,267.546016666667,82357,82536,179
100,14,strlen,83,122.8045,293.5632,82536,82715,179
100,0,blank,0,194.4792,281.2791,82715,82899,184
100,15,;,94,209.2302,320.51945,82899,82959,60
100,0,blank,0,-323,-105,82990,83023,33
100,12,"Enterword:",73,219.69736,247.84562,83138,83281,143
100,0,blank,0,217.3697,508.8453,83342,83371,29
100,0,blank,0,202.953266666667,428.50585,83692,83869,177
100,0,blank,0,195.2896,395.7837,83869,83903,34
100,0,blank,0,202.3348,660.6585,83937,83967,30
100,0,blank,0,201.449166666667,580.919666666667,84061,84161,100
100,17,slen,107,176.220466666667,373.372133333333,84192,84378,186
100,0,blank,0,197.37266,333.63908,84378,84528,150
100,0,blank,0,-323,-105,84559,84723,164
100,16,;,102,224.2281,335.4982,84883,84921,38
100,25,gotoNextWord,152,261.0793,543.79105,84952,85143,191
100,0,blank,0,260.9616,521.1979,85143,85204,61
100,14,;,87,226.502516666667,298.980933333333,85302,85479,177
100,15,;,94,205.297883333333,313.959916666667,85479,85659,180
100,14,str,85,189.890283333333,292.1336,85659,85838,179
100,0,blank,0,127.884916666667,275.653466666667,85838,86018,180
100,0,blank,0,141.82825,284.05345,86018,86199,181
100,0,blank,0,190.456266666667,272.621,86199,86380,181
100,0,blank,0,201.65015,274.551033333333,86380,86559,179
100,12,"Enterword:",73,193.710033333333,259.557733333333,86559,86738,179
100,0,blank,0,191.2856,274.695533333333,86738,86828,90
100,0,blank,0,-323,-105,86889,86964,75
100,0,blank,0,194.1575,240.6971,87001,87067,66
100,12,"Enterword:",73,142.82455,257.194633333333,87129,87304,175
100,0,blank,0,146.198366666667,235.601683333333,87304,87484,180
100,12,"Enterword:",73,215.308416666667,246.0385,87484,87664,180
100,12,"Enterword:",73,221.995283333333,258.370416666667,87664,87850,186
100,0,blank,0,232.828616666667,241.2493,87850,88029,179
100,10,"Enterstring:",63,185.606566666667,215.05435,88029,88207,178
100,10,"Enterstring:",63,114.5806,218.001733333333,88207,88387,180
100,10,"Enterstring:",63,234.122133333333,208.922083333333,88417,88596,179
100,10,"Enterstring:",63,251.082683333333,205.066716666667,88596,88778,182
100,0,blank,0,269.4818,192.011116666667,88778,88957,179
100,0,blank,0,-323,-105,89015,89091,76
100,0,blank,0,266.5576,222.0483,89128,89181,53
100,10,),64,275.11285,218.70895,89249,89430,181
100,0,blank,0,268.295316666667,179.9933,89430,89609,179
100,0,blank,0,266.716916666667,183.683816666667,89609,89788,179
100,0,blank,0,272.478825,174.75235,89788,89907,119
100,0,blank,0,-323,-105,89966,90143,177
100,0,blank,0,-323,-105,90143,90324,181
100,0,blank,0,-323,-105,90324,90433,109
100,0,blank,0,147.1191,197.14244,90456,90634,178
100,0,blank,0,137.7221,278.895125,90634,90779,145
100,12,"Enterword:",73,139.0054,246.2419,90779,90889,110
100,10,(,62,106.53135,202.12285,90889,91087,198
100,14,slen,81,47.7059666666667,308.815333333333,91087,91280,193
100,14,slen,81,79.6479666666667,303.4296,91280,91463,183
100,14,strlen,83,123.924033333333,300.558883333333,91463,91647,184
100,14,strlen,83,117.7018,300.958783333333,91647,91832,185
100,14,strlen,83,114.346,297.715716666667,91832,92015,183
100,0,blank,0,108.773516666667,310.128033333333,92015,92200,185
100,14,=,82,93.16365,301.782916666667,92200,92387,187
100,15,wlen,88,44.6295166666667,322.634016666667,92387,92571,184
100,16,=,100,69.91085,342.617633333333,92571,92760,189
100,0,blank,0,60.1861,383.184,92760,92790,30
100,0,blank,0,-323,-105,92822,92935,113
100,0,blank,0,137.245666666667,362.802166666667,92965,93048,83
100,0,blank,0,136.68,602.00925,93080,93142,62
100,0,blank,0,182.40734,611.4709,93206,93374,168
100,0,blank,0,181.93466,606.92728,93374,93533,159
100,16,=,100,108.208883333333,345.1037,93564,93754,190
100,14,=,82,101.13625,309.124716666667,93754,93941,187
100,15,wlen,88,54.95455,314.136466666667,93941,94126,185
100,13,gets,76,49.0309,284.846483333333,94126,94312,186
100,0,blank,0,130.443633333333,279.09955,94312,94498,186
100,0,blank,0,138.2109,280.533033333333,94498,94685,187
100,0,blank,0,-323,-105,94716,94772,56
100,0,blank,0,112.88675,546.724116666667,94921,95098,177
100,0,blank,0,97.7262,595.944283333333,95098,95285,187
100,0,blank,0,95.4946,614.1672,95285,95347,62
100,0,blank,0,218.38665,478.544316666667,95378,95563,185
100,0,blank,0,194.646466666667,485.315233333333,95563,95747,184
100,0,blank,0,225.797533333333,475.476583333333,95747,95928,181
100,21,<,130,254.674966666667,456.178983333333,95928,96111,183
100,0,blank,0,155.305983333333,472.45685,96111,96294,183
100,21,for,123,131.967866666667,462.874566666667,96294,96479,185
100,0,blank,0,140.9952,498.3052,96479,96662,183
100,0,blank,0,171.485966666667,541.8461,96662,96848,186
100,0,blank,0,170.61095,508.332016666667,96848,97033,185
100,0,blank,0,169.114133333333,469.1454,97033,97125,92
100,0,blank,0,-323,-105,97187,97344,157
100,0,blank,0,203.189016666667,476.821333333333,97377,97554,177
100,0,blank,0,268.34186,426.57472,97554,97713,159
100,23,str,139,217.701416666667,506.0018,97744,97936,192
100,0,blank,0,282.253766666667,464.710083333333,97970,98157,187
100,0,blank,0,268.772466666667,443.915833333333,98157,98342,185
100,19,],120,244.99806,409.04866,98342,98524,182
100,21,<,130,262.726066666667,461.823733333333,98554,98647,93
100,0,blank,0,-323,-105,98708,98817,109
100,0,blank,0,176.112733333333,425.674133333333,98943,99115,172
100,0,blank,0,123.9017,382.262666666667,99115,99300,185
100,0,blank,0,72.8003,412.4811,99300,99331,31
100,0,blank,0,94.38565,528.32025,99362,99424,62
100,0,blank,0,95.0046,493.903,99454,99484,30
100,0,blank,0,119.88185,539.907266666667,99515,99702,187
100,0,blank,0,115.623833333333,542.650033333333,99702,99796,94
100,0,blank,0,140.075816666667,514.652133333333,99827,100012,185
100,0,blank,0,138.523766666667,470.281416666667,100012,100198,186
100,19,str,112,137.4933,408.616475,100198,100326,128
100,0,blank,0,-323,-105,100356,100500,144
100,0,blank,0,150.693766666667,441.187366666667,100652,100751,99
100,19,),121,255.055483333333,409.277316666667,100782,100963,181
100,0,blank,0,235.201516666667,382.402466666667,100963,101145,182
100,19,w,117,223.97005,403.067216666667,101145,101328,183
100,21,0,127,203.398283333333,446.889433333333,101328,101511,183
100,0,blank,0,196.4329,371.0477,101511,101541,30
100,0,blank,0,-323,-105,101606,101715,109
100,0,blank,0,192.685514285714,388.83,101745,101939,194
100,0,blank,0,287.503883333333,379.786666666667,101939,102125,186
100,0,blank,0,267.874933333333,374.6428,102160,102356,196
100,0,blank,0,223.251566666667,357.4901,102356,102537,181
100,21,=,126,193.83745,447.888466666667,102567,102754,187
100,0,blank,0,-323,-105,102814,102918,104
100,0,blank,0,243.039,436.89245,103061,103117,56
100,17,slen,107,159.34215,355.07865,103179,103248,69
100,16,0,101,222.8574,347.7893,103341,103371,30
100,19,==,116,189.07245,405.39835,103402,103465,63
100,0,blank,0,220.845875,437.08105,103497,103625,128
100,0,blank,0,233.9549,496.41095,103655,103717,62
100,0,blank,0,-323,-105,103748,103855,107
100,0,blank,0,259.2094,342.1845,103981,104044,63
100,0,blank,0,208.370266666667,374.507133333333,104078,104178,100
100,0,blank,0,185.15206,377.98172,104241,104432,191
100,21,=,126,189.728533333333,457.443783333333,104463,104653,190
100,0,blank,0,95.9901,448.5236,104715,104747,32
100,0,blank,0,-323,-105,104812,104921,109
100,0,blank,0,216.24562,370.46122,105022,105190,168
100,16,=,100,196.69345,341.17585,105190,105261,71
100,0,blank,0,209.673725,479.706325,105294,105445,151
100,0,blank,0,214.6457,421.5936,105445,105504,59
100,0,blank,0,-323,-105,105529,105685,156
100,0,blank,0,252.9176,440.4727,105712,105749,37
100,0,blank,0,197.5846,354.530575,105817,105940,123
100,0,blank,0,152.306766666667,378.482916666667,106000,106183,183
100,19,str,112,140.652666666667,419.493616666667,106183,106365,182
100,19,i,114,158.563083333333,419.251766666667,106365,106544,179
100,19,str,112,122.506416666667,418.477,106544,106723,179
100,0,blank,0,132.304066666667,427.389,106723,106900,177
100,0,blank,0,161.77538,395.89992,106900,107048,148
100,0,blank,0,188.154533333333,392.257816666667,107078,107262,184
100,19,==,116,203.229583333333,413.453833333333,107262,107448,186
100,16,wcount,99,171.17588,344.78324,107448,107597,149
100,0,blank,0,170.18015,394.5873,107597,107716,119
100,0,blank,0,196.6217,380.067366666667,107840,107939,99
100,0,blank,0,-323,-105,108067,108258,191
100,0,blank,0,215.238033333333,398.026566666667,108291,108485,194
100,0,blank,0,216.960233333333,393.762733333333,108485,108577,92
100,0,blank,0,211.190466666667,477.702233333333,108607,108700,93
100,19,[,118,225.97086,415.5034,108760,108928,168
100,0,blank,0,244.357166666667,456.038466666667,108958,109048,90
100,21,j,133,234.3635,447.580733333333,109109,109293,184
100,0,blank,0,238.6757,426.72644,109324,109475,151
100,0,blank,0,249.2827,370.39725,109506,109568,62
100,0,blank,0,-323,-105,109629,109734,105
100,21,wlen,131,283.5699,460.2336,109847,109869,22
100,0,blank,0,269.96215,445.90875,109911,109973,62
100,21,wlen,131,283.293616666667,453.14995,110009,110199,190
100,21,wlen,131,294.26555,443.903766666667,110230,110413,183
100,0,blank,0,278.562466666667,347.037166666667,110444,110534,90
100,19,],120,166.923816666667,412.152533333333,110563,110745,182
100,0,blank,0,162.4857,441.33545,110745,110804,59
100,0,blank,0,186.8919,432.2711,110835,110867,32
100,16,=,100,201.0979,353.14175,110893,110953,60
100,0,blank,0,267.738566666667,368.331466666667,111044,111211,167
100,0,blank,0,-323,-105,111302,111419,117
100,0,blank,0,273.640066666667,385.299183333333,111540,111728,188
100,0,blank,0,273.898383333333,409.022566666667,111728,111912,184
100,0,blank,0,296.8387,304.8688,111912,111943,31
100,0,blank,0,283.11228,351.7534,111974,112127,153
100,16,0,101,223.0073,350.288,112158,112188,30
100,0,blank,0,207.2285,417.7457,112219,112249,30
100,0,blank,0,207.9841,520.0815,112315,112341,26
100,0,blank,0,204.3065,525.856,112403,112434,31
100,0,blank,0,-323,-105,112497,112630,133
100,0,blank,0,180.1345,271.6939,112768,112800,32
100,14,strlen,83,142.2919,299.9034,112862,112894,32
100,0,blank,0,185.707575,396.508325,112929,113050,121
100,15,w,92,187.062266666667,314.091166666667,113081,113171,90
100,0,blank,0,206.779833333333,377.869533333333,113201,113291,90
100,0,blank,0,210.74765,175.2191,113322,113381,59
100,0,blank,0,201.850533333333,378.389833333333,113412,113601,189
100,19,==,116,195.717883333333,418.931583333333,113601,113785,184
100,0,blank,0,207.037733333333,381.318683333333,113785,113967,182
100,0,blank,0,206.834533333333,439.69245,113967,114149,182
100,0,blank,0,114.8946,368.0232,114149,114179,30
100,0,blank,0,-323,-105,114210,114331,121
100,0,blank,0,119.61432,390.50782,114486,114681,195
100,0,blank,0,82.4162,528.6905,114714,114746,32
100,0,blank,0,131.6702,429.0685,114810,114847,37
100,0,blank,0,80.40885,505.9818,114884,114945,61
100,20,{,122,89.2913,422.1153,114976,115077,101
100,0,blank,0,112.041733333333,549.1289,115107,115207,100
100,0,blank,0,188.09915,523.18915,115268,115446,178
100,21,for,123,140.1647,458.0408,115446,115515,69
100,0,blank,0,148.6371,395.3879,115660,115691,31
100,0,blank,0,-323,-105,115813,115968,155
100,0,blank,0,-323,-105,115968,116022,54
100,0,blank,0,201.6707,550.7325,116081,116116,35
100,0,blank,0,298.3708,476.5506,116296,116323,27
100,0,blank,0,141.22605,591.07965,116593,116708,115
100,0,blank,0,142.030066666667,471.146033333333,116738,116864,126
100,0,blank,0,199.3467,511.5438,116864,117107,243
100,0,blank,0,197.641866666667,467.180633333333,117107,117263,156
100,0,blank,0,412.743266666667,497.156333333333,117383,117532,149
100,0,blank,0,385.7571,452.46005,117532,117678,146
100,0,blank,0,375.3076,460.1759,117678,117850,172
100,0,blank,0,352.512,482.8732,117850,117879,29
100,0,blank,0,-323,-105,118187,118366,179
100,0,blank,0,269.234633333333,455.435533333333,118499,118622,123
100,0,blank,0,274.3599,398.7323,118622,119145,523
100,0,blank,0,280.80788,468.28378,119145,119306,161
100,0,blank,0,360.36808,660.02348,119474,119669,195
100,0,blank,0,386.8958,717.9963,119669,119712,43
100,0,blank,0,524.8767,655.978333333333,119843,119968,125
100,31,[,190,625.11075,678.32945,120051,120217,166
100,0,blank,0,591.98646,681.38038,120217,120405,188
100,0,blank,0,553.252233333333,656.5603,120405,120583,178
100,0,blank,0,-323,-105,120642,120773,131
100,31,+,192,540.227666666667,665.532833333333,120799,120877,78
100,0,blank,0,425.991783333333,710.02255,120907,121084,177
100,0,blank,0,430.482166666667,703.63845,121084,121261,177
100,0,blank,0,491.044783333333,697.951883333333,121261,121438,177
100,31,str,189,506.439233333333,679.264566666667,121438,121614,176
100,0,blank,0,499.36315,695.96055,121614,121791,177
100,0,blank,0,432.347,696.549766666667,121791,121969,178
100,0,blank,0,434.9343,707.7084,121969,121998,29
100,31,+,192,541.388233333333,678.333466666667,122028,122206,178
100,31,],194,558.58686,674.83822,122206,122354,148
100,0,blank,0,-323,-105,122413,122515,102
100,31,i,191,318.529014285714,672.895757142857,122565,122763,198
100,31,&&,178,376.698033333333,666.282833333333,122763,122853,90
100,0,blank,0,583.897983333333,638.7771,122883,123060,177
100,0,blank,0,570.987083333333,632.346316666667,123060,123235,175
100,0,blank,0,603.993083333333,635.374566666667,123235,123411,176
100,0,blank,0,611.02335,649.6362,123411,123587,176
100,31,==,195,684.18225,671.49345,123587,123764,177
100,31,j,193,659.473083333333,663.577766666667,123764,123946,182
100,31,j,193,661.272733333333,664.394366666667,123946,124123,177
100,0,blank,0,631.4565,632.4951,124123,124152,29
100,0,blank,0,-323,-105,124182,124312,130
100,0,blank,0,597.9429,715.9941,124347,124375,28
100,0,blank,0,575.7192,681.5501,124436,124461,25
100,0,blank,0,544.469325,686.587375,124517,124634,117
100,0,blank,0,576.376575,696.5753,124664,124782,118
100,0,blank,0,458.095233333333,689.5858,124812,124991,179
100,0,blank,0,411.626383333333,705.677666666666,124991,125171,180
100,0,blank,0,382.366166666667,720.426316666667,125171,125351,180
100,0,blank,0,389.234333333333,739.624166666667,125351,125530,179
100,0,blank,0,385.392183333333,705.21805,125530,125711,181
100,0,blank,0,405.867416666667,709.216433333333,125711,125888,177
100,0,blank,0,411.53572,720.7585,125888,126038,150
100,0,blank,0,273.732883333333,732.55,126068,126248,180
100,0,blank,0,298.60286,736.57286,126248,126400,152
100,0,blank,0,-323,-105,126460,126590,130
100,0,blank,0,315.7465,782.8484,126616,126641,25
100,0,blank,0,577.8695,648.701016666667,126723,126895,172
100,0,blank,0,685.19975,646.717775,126955,127074,119
100,0,blank,0,-323,-105,127104,127290,186
100,0,blank,0,-323,-105,127290,127347,57
100,0,blank,0,297.6008,617.3989,127374,127399,25
100,0,blank,0,1007.40666666667,493.868533333333,127482,127656,174
100,0,blank,0,1021.25966666667,421.657233333333,127656,127840,184
100,0,blank,0,1017.37333333333,411.287133333333,127840,127932,92
100,0,blank,0,1006.6825,266.4751,127964,128149,185
100,0,blank,0,1018.349,307.3014,128149,128210,61
100,0,blank,0,1016.718,510.7368,128241,128428,187
100,0,blank,0,1005.243,480.91225,128428,128492,64
100,0,blank,0,1004.45516666667,335.496566666667,128523,128708,185
100,0,blank,0,1008.13783333333,350.198483333333,128708,128895,187
100,0,blank,0,1002.22633333333,341.280766666667,128895,129081,186
100,0,blank,0,1010.74816666667,340.140866666667,129081,129266,185
100,0,blank,0,1009.05166666667,346.162533333333,129266,129450,184
100,0,blank,0,1011.7725,393.001666666667,129450,129635,185
100,0,blank,0,1016.58,449.22075,129635,129821,186
100,0,blank,0,1013.37116666667,448.271833333333,129821,130008,187
100,0,blank,0,1020.08066666667,428.973666666667,130008,130195,187
100,0,blank,0,1017.5675,428.573333333333,130195,130381,186
100,0,blank,0,1014.83883333333,438.873883333333,130381,130572,191
100,0,blank,0,1025.177,415.9188,130572,130603,31
100,0,blank,0,-323,-105,130666,130694,28
100,0,blank,0,1025.0012,404.35064,130794,130937,143
101,0,blank,0,469.6146,302.4449,131650,131767,117
101,0,blank,0,602.493425,268.893725,131767,131960,193
101,0,blank,0,656.371,283.0967,131960,132018,58
101,0,blank,0,988.385666666667,419.624733333333,132048,132231,183
101,0,blank,0,981.234,454.3175,132231,132322,91
101,0,blank,0,900.611333333333,557.883866666667,132352,132443,91
101,0,blank,0,218.150816666667,556.095983333333,132504,132689,185
101,0,blank,0,187.7487,532.9246,132689,132719,30
101,0,blank,0,-323,-105,132751,132860,109
101,0,blank,0,290.124,199.9973,132892,132934,42
101,31,i,191,314.37315,253.0027,132999,133112,113
101,0,blank,0,-323,-105,133223,133404,181
101,0,blank,0,-323,-105,133404,133584,180
101,0,blank,0,-323,-105,133584,133768,184
101,0,blank,0,-323,-105,133768,133948,180
101,0,blank,0,-323,-105,133948,134127,179
101,0,blank,0,-323,-105,134127,134156,29
101,0,blank,0,660.6601,445.6346,134186,134216,30
101,0,blank,0,-323,-105,134257,134360,103
101,0,blank,0,-323,-105,134360,134464,104
101,34,+=,203,240.49636,321.19992,134505,134686,181
101,0,blank,0,246.63,317.767266666667,134686,134863,177
101,0,blank,0,241.0294,343.2471,134863,135048,185
101,0,blank,0,-323,-105,135214,135316,102
101,0,blank,0,227.41025,111.7945,135726,135830,104
101,0,blank,0,269.9526,414.1007,136279,136444,165
101,0,blank,0,331.5246,587.0844,136472,136499,27
101,0,blank,0,258.4316,421.6843,136527,136556,29
101,0,blank,0,265.961,346.061,136585,136698,113
101,0,blank,0,-323,-105,136754,136858,104
101,34,+=,203,237.2338,318.41835,136910,137100,190
101,0,blank,0,269.28845,342.597,137100,137279,179
101,0,blank,0,289.4566,323.3997,137279,137394,115
101,0,blank,0,308.5922,309.429,137394,137529,135
101,0,blank,0,318.4701,295.9861,137529,137642,113
101,0,blank,0,318.436766666667,328.3028,137642,137791,149
101,0,blank,0,309.7869,314.5761,137791,137881,90
101,0,blank,0,-323,-105,137913,138072,159
101,0,blank,0,262.49472,281.44126,138178,138367,189
101,0,blank,0,255.0395,271.68405,138367,138528,161
101,33,++,200,266.833425,295.250525,138528,138688,160
101,0,blank,0,282.713575,279.3357,138688,138857,169
101,0,blank,0,276.64175,277.61635,138857,138931,74
101,0,blank,0,310.6192,342.6066,138969,139071,102
101,0,blank,0,-323,-105,139101,139158,57
101,33,++,200,280.840983333333,310.157033333333,139307,139476,169
101,0,blank,0,308.17805,308.295,139476,139658,182
101,34,j,204,262.813433333333,325.111166666667,139658,139838,180
101,0,blank,0,252.58045,329.588025,139838,139959,121
101,33,wcount,199,247.5164,302.4905,139959,140146,187
101,33,wcount,199,247.87198,306.62898,140146,140339,193
101,34,+=,203,240.8483,327.8971,140339,140389,50
101,0,blank,0,-323,-105,140450,140627,177
101,0,blank,0,-323,-105,140627,140806,179
101,0,blank,0,-323,-105,140806,140992,186
101,0,blank,0,-323,-105,140992,141131,139
101,0,blank,0,-323,-105,141131,141203,72
101,0,blank,0,-323,-105,141203,141586,383
101,0,blank,0,-323,-105,141586,141731,145
101,0,blank,0,197.188366666667,292.3372,141775,141901,126
101,0,blank,0,-323,-105,141930,142116,186
101,0,blank,0,-323,-105,142116,142309,193
101,0,blank,0,239.931025,270.47005,142340,142512,172
101,0,blank,0,208.7911,287.02438,142512,142693,181
101,0,blank,0,264.52812,289.2325,142693,142869,176
101,0,blank,0,252.06165,272.5837,142869,143039,170
101,0,blank,0,255.122,274.703525,143039,143209,170
101,31,isspace,169,263.0688,252.5734,143209,143251,42
101,0,blank,0,-323,-105,143293,143487,194
101,0,blank,0,-323,-105,143487,143666,179
101,0,blank,0,-323,-105,143666,143860,194
101,0,blank,0,-323,-105,143860,143966,106
101,0,blank,0,226.809133333333,289.119,143999,144192,193
101,0,blank,0,304.5588,259.41454,144192,144390,198
101,31,j,193,337.5299,252.504333333333,144390,144564,174
101,31,j,193,337.735066666667,249.01495,144564,144739,175
101,31,j,193,339.117183333333,257.306533333333,144739,144914,175
101,31,j,193,341.99295,250.384333333333,144914,145088,174
101,31,],194,350.11284,250.11848,145088,145231,143
101,0,blank,0,-323,-105,145260,145364,104
101,0,blank,0,350.4137,240.2645,145404,145456,52
101,31,],194,348.885428571429,256.575614285714,145518,145716,198
101,31,],194,349.801766666667,255.2749,145716,145892,176
101,0,blank,0,345.227116666667,245.5792,145892,146068,176
101,0,blank,0,319.624516666667,239.65435,146068,146244,176
101,31,str,189,292.781066666667,254.961283333333,146244,146422,178
101,31,str,189,279.376816666667,250.579583333333,146422,146599,177
101,0,blank,0,276.1189,243.1285,146599,146629,30
101,0,blank,0,-323,-105,146659,146857,198
101,0,blank,0,-323,-105,146857,147036,179
101,0,blank,0,-323,-105,147036,147061,25
101,0,blank,0,292.454414285714,273.893214285714,147087,147284,197
101,31,str,189,288.190566666667,254.12895,147284,147459,175
101,31,str,189,293.2219,258.725266666667,147459,147633,174
101,31,str,189,284.807333333333,250.991533333333,147633,147808,175
101,31,str,189,283.083666666667,262.094483333333,147808,147984,176
101,31,str,189,277.2572,255.770283333333,147984,148160,176
101,31,str,189,284.304233333333,261.557566666667,148160,148337,177
101,31,str,189,298.314966666667,252.1964,148337,148515,178
101,31,str,189,290.3278,250.46335,148515,148575,60
101,0,blank,0,-323,-105,148605,148786,181
101,0,blank,0,-323,-105,148786,148914,128
101,0,blank,0,285.650216666667,271.566533333333,148939,149110,171
101,31,str,189,292.714383333333,265.261583333333,149110,149289,179
101,31,str,189,300.90525,256.06855,149289,149464,175
101,31,str,189,284.1393,261.6068,149464,149638,174
101,0,blank,0,296.683016666667,239.4034,149638,149812,174
101,31,str,189,286.806616666667,252.37555,149812,149987,175
101,0,blank,0,293.6248,288.5713,149987,150046,59
101,0,blank,0,-323,-105,150105,150185,80
101,0,blank,0,269.4219,189.0694,150210,150235,25
101,31,(,180,267.982933333333,266.89435,150304,150478,174
101,31,(,180,267.504733333333,248.305833333333,150478,150662,184
101,31,str,189,277.64618,251.44212,150662,150813,151
101,0,blank,0,293.86125,287.41335,150813,151002,189
101,0,blank,0,298.3547,279.7693,151002,151101,99
101,0,blank,0,-323,-105,151126,151252,126
101,0,blank,0,296.4487,231.8526,151294,151350,56
101,31,str,189,292.4219,250.1143,151412,151557,145
101,0,blank,0,152.57385,427.97295,151619,151802,183
101,0,blank,0,208.9024,355.357833333333,151802,151929,127
101,0,blank,0,153.787,342.6606,151929,152035,106
101,0,blank,0,187.4411,304.2856,152035,152141,106
101,0,blank,0,-323,-105,152227,152338,111
101,0,blank,0,309.7711,208.4184,152388,152448,60
101,0,blank,0,297.71115,241.179,152511,152592,81
101,0,blank,0,-323,-105,152669,152849,180
101,0,blank,0,-323,-105,152849,152874,25
101,0,blank,0,268.8215,220.662983333333,152984,153157,173
101,0,blank,0,288.7698,239.6913,153157,153188,31
101,0,blank,0,-323,-105,153688,153878,190
101,0,blank,0,-323,-105,153878,154048,170
101,0,blank,0,-323,-105,154048,154247,199
101,0,blank,0,-323,-105,154247,154421,174
101,0,blank,0,-323,-105,154421,154583,162
101,0,blank,0,-323,-105,154583,154752,169
101,0,blank,0,-323,-105,154752,154929,177
101,0,blank,0,-323,-105,154929,155068,139
101,0,blank,0,242.17284,179.41534,155095,155252,157
101,0,blank,0,-323,-105,155282,155401,119
101,0,blank,0,277.46285,175.206116666667,155565,155738,173
101,0,blank,0,277.179283333333,221.649433333333,155738,155922,184
101,31,str,189,289.754083333333,247.746266666667,155922,156104,182
101,0,blank,0,268.664316666667,229.673766666667,156104,156287,183
101,0,blank,0,256.6102,214.5137,156287,156473,186
101,0,blank,0,251.871366666667,196.270433333333,156473,156547,74
101,0,blank,0,-323,-105,156630,156736,106
101,0,blank,0,293.33034,291.7924,156863,157007,144
101,0,blank,0,292.98808,280.71066,157007,157183,176
101,0,blank,0,316.850783333333,272.05485,157183,157365,182
101,33,;,201,286.354683333333,309.264366666667,157365,157550,185
101,33,wcount,199,263.5479,301.3155,157550,157612,62
101,0,blank,0,-323,-105,157672,157751,79
101,33,wcount,199,237.702166666667,295.5124,157798,157966,168
101,33,wcount,199,237.169075,300.400875,157966,158134,168
101,33,wcount,199,225.3608,305.592125,158134,158308,174
101,33,wcount,199,213.650725,310.060525,158308,158476,168
101,33,wcount,199,238.565225,297.3805,158476,158635,159
101,0,blank,0,295.4747,286.79222,158635,158816,181
101,0,blank,0,299.0482,299.654833333333,158816,158907,91
101,0,blank,0,-323,-105,158967,159160,193
101,0,blank,0,-323,-105,159160,159340,180
101,0,blank,0,385.43425,491.94085,159366,159470,104
101,0,blank,0,374.1196,484.7861,159470,159661,191
101,0,blank,0,333.6407,447.728,159661,159923,262
101,0,blank,0,366.2234,461.8284,159923,159998,75
101,31,isspace,169,243.9706,255.7715,160028,160063,35
101,0,blank,0,114.8194,-103.8918,160189,160215,26
101,0,blank,0,233.7661,286.926775,160308,160475,167
101,33,++,200,277.0266,302.8295,160475,160510,35
101,0,blank,0,267.6306,367.0756,160510,160787,277
101,0,blank,0,174.694616666667,316.5255,161190,161380,190
101,0,blank,0,173.479933333333,313.9518,161380,161566,186
101,0,blank,0,170.7824,313.6937,161566,161659,93
101,0,blank,0,-323,-105,161691,161771,80
101,0,blank,0,203.1553,314.4904,161796,161822,26
101,33,wcount,199,204.91958,300.34442,161894,162044,150
101,0,blank,0,188.3293,322.6779,162044,162707,663
101,0,blank,0,183.1957,320.180783333333,162707,162880,173
101,0,blank,0,178.02155,305.68955,162880,162944,64
101,0,blank,0,156.4553,326.1007,162944,163282,338
101,0,blank,0,167.6742,328.07808,163282,163434,152
101,0,blank,0,-323,-105,163464,163570,106
101,0,blank,0,159.7236,316.4611,163596,163622,26
101,0,blank,0,159.849316666667,314.302116666667,163671,163841,170
101,0,blank,0,170.70625,317.963033333333,163841,164025,184
101,0,blank,0,174.847333333333,330.726116666667,164025,164208,183
101,0,blank,0,174.153366666667,331.381716666667,164208,164389,181
101,0,blank,0,166.995516666667,325.497666666667,164389,164572,183
101,0,blank,0,160.434433333333,313.9123,164572,164664,92
101,0,blank,0,-323,-105,164695,164751,56
101,0,blank,0,185.739283333333,309.888166666667,164875,165051,176
101,0,blank,0,191.702733333333,310.235683333333,165051,165235,184
101,0,blank,0,192.22525,297.08265,165235,165419,184
101,0,blank,0,173.043066666667,324.1787,165419,165602,183
101,0,blank,0,168.4364,328.8188,165602,165662,60
101,0,blank,0,195.9101,364.3405,165662,166341,679
101,0,blank,0,-323,-105,166380,166451,71
101,0,blank,0,168.1668,315.3768,166476,166516,40
101,0,blank,0,174.173766666667,320.92535,166583,166757,174
101,0,blank,0,170.22962,322.6679,166757,166908,151
101,0,blank,0,-323,-105,166939,166969,30
101,0,blank,0,175.684942857143,300.510585714286,167069,167264,195
101,0,blank,0,179.138216666667,308.172966666667,167264,167446,182
101,0,blank,0,181.8747,316.866183333333,167446,167626,180
101,0,blank,0,179.730575,326.519475,167626,167770,144
101,0,blank,0,181.7164,322.825075,167770,167958,188
101,0,blank,0,183.08675,320.304425,167958,168078,120
101,0,blank,0,-323,-105,168109,168164,55
101,0,blank,0,75.9584,384.7092,168269,168464,195
101,0,blank,0,106.991,383.8362,168464,168495,31
101,0,blank,0,172.2878,319.0307,168495,168706,211
101,0,blank,0,179.992083333333,313.731333333333,168706,168873,167
101,0,blank,0,117.967483333333,439.3522,168935,169109,174
101,0,blank,0,76.4742833333333,434.831016666667,169109,169292,183
101,0,blank,0,61.59985,414.770933333333,169292,169475,183
101,0,blank,0,-323,-105,169505,169637,132
101,39,{,210,92.6543571428572,429.967728571429,169665,169862,197
101,0,blank,0,56.4674333333333,417.471183333333,169862,170045,183
101,0,blank,0,53.9507833333333,408.215816666667,170045,170228,183
101,0,blank,0,102.75152,439.72018,170228,170379,151
101,29,if,160,135.925533333333,204.4894,170439,170628,189
101,0,blank,0,114.044733333333,235.7465,170628,170813,185
101,0,blank,0,105.969366666667,226.789166666667,170813,171000,187
101,0,blank,0,110.5916,42.33465,171031,171215,184
101,21,for,123,125.497083333333,32.03825,171215,171398,183
101,0,blank,0,151.3702,21.2992,171398,171490,92
101,0,blank,0,84.46216,-7.2181,171680,171868,188
101,0,blank,0,62.29268,369.0432,171929,172109,180
101,0,blank,0,46.18304,407.67,172109,172294,185
101,0,blank,0,43.4358,395.0307,172294,172410,116
101,0,blank,0,-323,-105,172629,172768,139
101,0,blank,0,190.8776,317.444133333333,172888,173063,175
101,0,blank,0,192.86482,323.80586,173063,173217,154
101,0,blank,0,96.5431,487.91865,173248,173433,185
101,0,blank,0,63.6494,517.657716666667,173433,173615,182
101,0,blank,0,56.64995,503.795733333333,173615,173799,184
101,0,blank,0,43.71405,492.094,173799,173981,182
101,0,blank,0,40.92575,496.09265,173981,174044,63
101,0,blank,0,-323,-105,174106,174212,106
101,0,blank,0,51.00185,447.129616666667,174238,174408,170
101,0,blank,0,65.3322666666667,476.010233333333,174408,174592,184
101,0,blank,0,75.0849,516.756883333333,174592,174774,182
101,0,blank,0,54.4842166666667,529.524633333333,174774,174959,185
101,0,blank,0,38.21905,543.565166666667,174959,175143,184
101,44,printf,220,49.8415,546.0855,175143,175174,31
101,0,blank,0,185.626,565.4479,175205,175329,124
101,0,blank,0,-323,-105,175391,175441,50
101,0,blank,0,229.29625,567.028833333333,175516,175690,174
101,0,blank,0,281.4764,568.974,175690,175879,189
101,0,blank,0,246.2154,567.3475,175879,175941,62
101,0,blank,0,45.1710333333333,600.564066666667,175973,176160,187
101,47,void,231,32.97345,610.6489,176160,176345,185
101,0,blank,0,32.3770166666667,629.194933333333,176345,176532,187
101,49,while,236,67.9807166666667,662.905166666667,176532,176719,187
101,0,blank,0,118.845566666667,664.563733333333,176719,176906,187
101,0,blank,0,153.1248,667.6849,176906,177092,186
101,0,blank,0,-323,-105,177154,177260,106
101,0,blank,0,24.0936,686.1781,177286,177311,25
101,0,blank,0,-10.3925833333333,637.550433333333,177377,177555,178
101,0,blank,0,-11.4682166666667,638.13595,177555,177743,188
101,0,blank,0,1026.2655,504.86355,177868,178053,185
101,0,blank,0,1000.4535,629.250633333333,178083,178269,186
101,0,blank,0,212.77665,562.8248,178331,178518,187
101,0,blank,0,133.6004,629.698066666667,178518,178706,188
101,0,blank,0,110.353916666667,667.521033333333,178706,178889,183
101,0,blank,0,83.4944333333333,696.840366666667,178889,179074,185
101,0,blank,0,166.910816666667,697.891533333333,179074,179258,184
101,0,blank,0,211.05935,698.09335,179258,179320,62
101,0,blank,0,-323,-105,179351,179458,107
101,0,blank,0,410.5848,-103.9408,179483,179508,25
101,0,blank,0,331.223266666667,705.445566666667,179532,179711,179
101,0,blank,0,319.422733333333,697.826883333333,179711,179896,185
101,0,blank,0,313.87265,695.07305,179896,179957,61
101,0,blank,0,466.838166666667,748.927683333333,179988,180172,184
101,0,blank,0,486.884483333333,719.39635,180172,180355,183
101,0,blank,0,524.779033333333,702.0839,180355,180448,93
101,0,blank,0,576.85204,697.6857,180508,180690,182
101,0,blank,0,618.17655,709.548625,180690,180813,123
101,0,blank,0,94.2748333333333,715.39175,180965,181144,179
101,0,blank,0,109.642483333333,734.638366666667,181144,181329,185
101,0,blank,0,-323,-105,181390,181466,76
101,0,blank,0,69.9292,728.5413,181492,181517,25
101,49,isspace,238,110.144133333333,657.92135,181585,181757,172
101,49,isspace,238,116.125866666667,649.3143,181757,181943,186
101,50,i,265,92.2883166666667,671.03555,181943,182129,186
101,0,blank,0,77.4498,676.255416666667,182129,182314,185
101,0,blank,0,145.94975,671.966733333333,182314,182501,187
101,0,blank,0,146.04645,680.0984,182501,182563,62
101,0,blank,0,-323,-105,182593,182700,107
101,0,blank,0,142.8288,693.7881,182787,182931,144
101,0,blank,0,163.2541,771.2211,182931,183164,233
101,0,blank,0,130.858283333333,756.786083333333,183164,183341,177
101,0,blank,0,107.18278,737.88856,183341,183527,186
101,0,blank,0,130.926533333333,754.103033333333,183527,183712,185
101,0,blank,0,126.05296,735.299,183712,183896,184
101,0,blank,0,155.7791,667.017383333333,183896,184082,186
101,0,blank,0,-323,-105,184144,184321,177
101,0,blank,0,-323,-105,184321,184392,71
101,0,blank,0,158.6908,694.622233333333,184442,184624,182
101,0,blank,0,165.456633333333,673.348783333333,184624,184810,186
101,0,blank,0,120.47585,666.99655,184810,184995,185
101,50,++,266,102.7258,672.70805,184995,185182,187
101,0,blank,0,87.0390666666667,666.025,185182,185368,186
101,0,blank,0,126.72465,711.98435,185368,185546,178
101,0,blank,0,111.9597,748.4288,185546,185839,293
101,0,blank,0,462.3793,751.81776,185873,186024,151
101,0,blank,0,435.06815,742.96565,186055,186242,187
101,0,blank,0,417.871566666667,715.388833333333,186242,186337,95
101,0,blank,0,626.342866666667,741.279883333333,186370,186554,184
101,0,blank,0,612.4347,745.8986,186554,186647,93
101,0,blank,0,-323,-105,186709,186786,77
101,0,blank,0,451.36755,730.85425,186901,186952,51
101,0,blank,0,290.854016666667,708.23565,186983,187169,186
101,0,blank,0,346.257216666667,726.443683333333,187169,187357,188
101,0,blank,0,352.261333333333,723.899033333333,187357,187448,91
101,0,blank,0,572.8748,739.69715,187480,187602,122
101,0,blank,0,583.579066666667,720.201516666667,187667,187852,185
101,0,blank,0,571.9332,716.5461,187852,187882,30
101,0,blank,0,-323,-105,187913,187998,85
101,0,blank,0,444.78376,744.26438,188112,188260,148
101,0,blank,0,492.8819,770.330816666667,188322,188511,189
101,0,blank,0,564.436916666667,739.10115,188511,188697,186
101,0,blank,0,608.53635,716.805233333333,188697,188881,184
101,0,blank,0,615.783775,727.403375,188881,189005,124
101,0,blank,0,438.010016666667,741.66395,189036,189223,187
101,0,blank,0,435.7353,718.324166666667,189223,189412,189
101,0,blank,0,486.9211,728.1501,189412,189569,157
101,0,blank,0,-323,-105,189600,189790,190
101,0,blank,0,501.445916666667,707.986566666667,189842,190027,185
101,0,blank,0,513.86995,699.0203,190027,190215,188
101,0,blank,0,622.354666666667,705.241616666667,190215,190400,185
101,0,blank,0,618.317366666667,712.0342,190400,190587,187
101,0,blank,0,622.73775,736.75235,190587,190648,61
101,0,blank,0,482.40498,736.0366,190678,190831,153
101,0,blank,0,-323,-105,190892,191019,127
101,0,blank,0,496.059716666667,766.168783333333,191124,191297,173
101,0,blank,0,429.17925,742.421133333333,191329,191516,187
101,0,blank,0,443.28195,740.920783333333,191516,191702,186
101,0,blank,0,447.107416666667,744.932083333333,191702,191891,189
101,0,blank,0,631.695666666667,734.02775,191922,192103,181
101,0,blank,0,568.04858,709.4189,192103,192252,149
101,0,blank,0,557.935033333333,711.142766666667,192282,192403,121
101,0,blank,0,336.28635,715.308416666667,192430,192618,188
101,0,blank,0,274.9899,713.8278,192618,192789,171
101,0,blank,0,238.3019,715.7131,192789,192902,113
101,0,blank,0,141.0155,735.152966666667,192986,193145,159
101,0,blank,0,173.67785,746.09465,193145,193290,145
101,0,blank,0,-323,-105,193404,193505,101
101,50,++,266,99.85485,672.89895,193605,193659,54
101,0,blank,0,72.5845,729.0982,193659,194145,486
101,0,blank,0,72.4560666666667,735.6221,194145,194321,176
101,0,blank,0,67.3655,723.4288,194321,194352,31
101,0,blank,0,149.9857,783.3701,194352,194697,345
101,0,blank,0,72.787325,713.629525,194697,194879,182
101,0,blank,0,67.33966,685.2232,194879,195059,180
101,49,isspace,238,142.060516666667,661.606516666667,195059,195241,182
101,0,blank,0,152.9478,667.6849,195241,195272,31
101,0,blank,0,-323,-105,195301,195382,81
101,21,=,126,191.0628,28.7336,195407,195433,26
101,0,blank,0,167.9146,54.6643,195628,195654,26
101,0,blank,0,132.858766666667,522.276516666667,195735,195911,176
101,0,blank,0,124.1412,520.9176,195911,195942,31
101,0,blank,0,103.261533333333,636.61655,195973,196157,184
101,0,blank,0,84.4947,633.4879,196157,196187,30
101,0,blank,0,114.766866666667,716.5449,196218,196307,89
101,0,blank,0,961.842,230.754483333333,196460,196647,187
101,0,blank,0,1006.492,263.269633333333,196647,196830,183
101,0,blank,0,574.443783333333,218.69735,196895,197084,189
101,0,blank,0,576.114033333333,222.166533333333,197084,197179,95
101,0,blank,0,194.0888,272.8448,197241,197304,63
101,0,blank,0,-323,-105,197329,197463,134
101,0,blank,0,126.01555,709.185466666667,197489,197660,171
101,0,blank,0,139.4973,705.8445,197660,197722,62
101,0,blank,0,-54.19885,724.65045,197754,197878,124
101,0,blank,0,-175.57846,765.90866,197969,198119,150
101,0,blank,0,193.0526,722.322675,198181,198365,184
101,0,blank,0,129.21515,722.9714,198365,198550,185
101,0,blank,0,152.8568,713.68695,198550,198740,190
101,0,blank,0,156.150916666667,728.510433333333,198740,198929,189
101,0,blank,0,158.1843,715.5345,198929,199023,94
101,0,blank,0,-323,-105,199055,199136,81
101,0,blank,0,-323,-105,199212,199311,99
101,0,blank,0,930.194333333333,611.91375,199480,199674,194
101,0,blank,0,935.9405,621.60805,199674,199738,64
101,0,blank,0,1014.52333333333,705.44035,199770,199959,189
101,0,blank,0,1015.45516666667,455.517566666667,199990,200178,188
101,0,blank,0,1009.87366666667,470.500916666667,200178,200366,188
101,0,blank,0,1015.788,481.489916666667,200366,200555,189
101,0,blank,0,1011.97933333333,488.62375,200555,200744,189
101,0,blank,0,1012.06483333333,490.335383333333,200744,200933,189
101,0,blank,0,1011.98083333333,477.686033333333,200933,201124,191
101,0,blank,0,1015.277,479.7003,201124,201156,32
101,0,blank,0,96.895,769.1868,201283,201315,32
101,0,blank,0,104.0963,-103.94755,201346,201411,65
101,0,blank,0,58.9058,769.8467,201441,201473,32
101,0,blank,0,-323,-105,201566,201697,131
101,0,blank,0,58.0871,678.240616666667,201815,201990,175
101,0,blank,0,101.186766666667,640.690433333333,201990,202170,180
101,0,blank,0,163.71125,637.443433333333,202170,202351,181
101,49,(,249,178.1058,662.5801,202351,202533,182
101,0,blank,0,228.987633333333,676.688216666667,202533,202714,181
101,0,blank,0,228.5898,670.33445,202714,202834,120
101,49,[,259,624.6093,659.835866666667,202894,203075,181
101,49,str,258,620.949166666667,650.748116666667,203075,203258,183
101,49,&&,257,570.24775,659.8646,203258,203439,181
101,49,[,259,456.096366666667,662.764183333333,203439,203624,185
101,0,blank,0,435.63235,666.52605,203624,203810,186
101,0,blank,0,447.69062,676.72056,203810,203965,155
101,49,!=,262,683.303933333333,651.569566666667,204027,204210,183
101,49,!=,262,670.851883333333,661.837316666667,204210,204394,184
101,0,blank,0,189.740866666667,596.644866666667,204456,204645,189
101,47,gotoNextWord,232,138.274933333333,599.044366666667,204645,204831,186
101,45,0,228,118.7676,561.69334,204831,204987,156
101,0,blank,0,-323,-105,205018,205125,107
101,0,blank,0,106.7571,563.449425,205239,205353,114
101,0,blank,0,317.957983333333,555.269183333333,205384,205569,185
101,0,blank,0,138.350433333333,510.9611,205600,205784,184
101,0,blank,0,134.64175,513.510066666667,205784,205968,184
101,0,blank,0,131.117316666667,513.700566666667,205968,206151,183
101,44,"Wordcount:%d\n",222,124.477933333333,543.778466666667,206151,206243,92
101,0,blank,0,102.9843,744.1837,206335,206430,95
101,49,isspace,238,148.417783333333,661.916733333333,206493,206676,183
101,0,blank,0,142.687133333333,668.0433,206676,206858,182
101,0,blank,0,109.3614,705.4314,206858,207013,155
101,0,blank,0,960.520333333333,304.203016666667,207135,207322,187
101,0,blank,0,962.093333333333,312.672933333333,207322,207414,92
101,0,blank,0,1011.3615,51.3428166666667,207477,207661,184
101,0,blank,0,1009.91966666667,46.5612,207661,207756,95
101,0,blank,0,260.45455,673.5677,207848,208035,187
101,0,blank,0,254.33915,675.94915,208035,208098,63
101,0,blank,0,154.96948,668.76752,208130,208283,153
101,0,blank,0,-323,-105,208314,208420,106
101,0,blank,0,223.4717,704.046,208445,208471,26
101,0,blank,0,230.424216666667,677.67655,208537,208713,176
101,0,blank,0,264.723666666667,684.109766666667,208713,208896,183
101,0,blank,0,127.6864,634.8127,208896,209077,181
101,47,gotoNextWord,232,121.223483333333,608.7273,209077,209258,181
101,0,blank,0,932.512666666667,228.086133333333,209349,209441,92
102,14,strlen,83,164.606666666667,289.141633333333,210181,210370,189
102,5,gotoNextWord,30,150.938416666667,111.736383333333,210432,210610,178
102,6,w,40,152.7684,116.164633333333,210610,210793,183
102,5,gotoNextWord,30,145.308,108.650983333333,210793,210977,184
102,7,wlen,48,104.4689,140.414833333333,210977,211159,182
102,7,wlen,48,111.704975,149.3911,211159,211280,121
102,0,blank,0,-323,-105,211311,211342,31
102,0,blank,0,275.47535,164.347166666667,211595,211764,169
102,0,blank,0,298.3894,181.9809,211764,211878,114
102,0,blank,0,160.960416666667,144.235766666667,211929,212106,177
102,7,wlen,48,141.739475,137.31895,212106,212286,180
102,7,slen,46,75.1097,138.502533333333,212286,212473,187
102,7,slen,46,66.9828,142.534325,212473,212583,110
102,10,printf,61,60.3027,212.388566666667,212583,212769,186
102,0,blank,0,67.90205,200.898266666667,212769,212956,187
102,0,blank,0,72.3611666666667,183.145533333333,212956,213155,199
102,7,comma,53,91.4883,153.0594,213155,213240,85
102,7,comma,53,86.0137,151.8536,213240,213418,178
102,0,blank,0,-323,-105,213477,213667,190
102,0,blank,0,-323,-105,213667,213850,183
102,0,blank,0,-323,-105,213850,213980,130
102,0,blank,0,284.7455,166.3489,214011,214195,184
102,0,blank,0,173.91095,419.78295,214222,214402,180
102,0,blank,0,-323,-105,216392,216569,177
102,17,<,106,132.786666666667,360.307083333333,217148,217335,187
102,0,blank,0,117.22254,349.75158,217335,217489,154
102,12,printf,71,98.5117833333333,259.0849,217893,218081,188
102,0,blank,0,82.4857666666667,192.113166666667,218081,218268,187
102,0,blank,0,88.6982333333333,181.81995,218268,218454,186
102,0,blank,0,99.6361,190.56666,218454,218610,156
102,0,blank,0,-323,-105,218641,218722,81
102,19,],120,167.2603,405.7903,218748,218773,25
102,17,slen,107,158.380683333333,364.7451,218830,219002,172
102,16,=,100,201.6528,352.603216666667,219002,219188,186
102,0,blank,0,216.575083333333,473.105066666667,219188,219373,185
102,0,blank,0,228.0448,517.656775,219373,219498,125
102,0,blank,0,-323,-105,219529,219661,132
102,0,blank,0,225.9241,163.665,219698,219744,46
102,0,blank,0,199.0615,162.374083333333,219809,219988,179
102,7,wlen,48,134.96305,151.134833333333,219988,220174,186
102,0,blank,0,136.4164,157.7355,220174,220203,29
102,7,wcount,50,198.09,148.0174,220203,220544,341
102,7,wcount,50,189.333966666667,140.069766666667,220544,220722,178
102,7,comma,53,151.58172,150.1602,220722,220901,179
102,7,wlen,48,133.88865,136.5957,220901,221089,188
102,7,slen,46,70.1509,152.892233333333,221089,221272,183
102,7,slen,46,54.0885,152.432733333333,221272,221365,93
102,0,blank,0,71.6353,190.0007,221365,221625,260
102,0,blank,0,-323,-105,221714,221764,50
102,0,blank,0,149.7748,133.924283333333,221789,221960,171
102,0,blank,0,134.94772,134.18706,221960,222110,150
102,7,wlen,48,115.85445,144.51595,222110,222301,191
102,7,wcount,50,167.804783333333,144.223883333333,222301,222482,181
102,0,blank,0,232.063,153.563633333333,222482,222666,184
102,0,blank,0,266.989966666667,149.573366666667,222666,222851,185
102,0,blank,0,264.517716666667,156.2991,222851,223036,185
102,0,blank,0,234.148025,150.048825,223036,223160,124
102,0,blank,0,-323,-105,223220,223325,105
102,0,blank,0,263.732342857143,138.540285714286,223351,223549,198
102,7,j,54,276.5892,153.875533333333,223549,223733,184
102,0,blank,0,277.581266666667,169.953266666667,223733,223827,94
102,23,+,142,246.99955,501.423483333333,223859,224044,185
102,23,j,148,259.680333333333,507.378933333333,224044,224229,185
102,0,blank,0,278.242516666667,506.577666666667,224229,224414,185
102,0,blank,0,288.315616666667,516.233283333333,224414,224598,184
102,0,blank,0,285.59742,520.05084,224598,224751,153
102,0,blank,0,-323,-105,224781,224937,156
102,0,blank,0,307.6273,621.8103,224963,224989,26
102,0,blank,0,261.241485714286,694.898885714286,225039,225236,197
102,0,blank,0,263.6601,695.828333333333,225236,225420,184
102,0,blank,0,300.58892,464.04482,225451,225605,154
102,0,blank,0,-323,-105,225666,225769,103
102,0,blank,0,240.9854,126.6776,225794,225820,26
102,0,blank,0,237.514516666667,129.667416666667,225882,226059,177
102,0,blank,0,248.8204,159.973966666667,226059,226244,185
102,0,blank,0,279.28295,159.401366666667,226244,226430,186
102,7,j,54,275.192533333333,143.302066666667,226430,226613,183
102,0,blank,0,269.482616666667,148.782466666667,226613,226797,184
102,0,blank,0,269.968083333333,146.994833333333,226797,226983,186
102,7,j,54,276.536916666667,148.145966666667,226983,227169,186
102,7,j,54,274.203266666667,149.969566666667,227169,227357,188
102,7,j,54,274.622266666667,151.4979,227357,227452,95
102,0,blank,0,-323,-105,227514,227668,154
102,7,j,54,282.073725,146.3362,227698,227812,114
102,0,blank,0,152.392066666667,191.243166666667,227844,228032,188
102,0,blank,0,273.811583333333,652.40575,228096,228282,186
102,0,blank,0,277.518233333333,691.493416666667,228282,228467,185
102,0,blank,0,275.011,699.0976,228467,228652,185
102,0,blank,0,277.185983333333,706.256133333333,228652,228835,183
102,0,blank,0,362.108883333333,717.06565,228835,229018,183
102,0,blank,0,372.67135,711.17585,229018,229204,186
102,0,blank,0,352.49552,710.88208,229204,229357,153
102,0,blank,0,-323,-105,229387,229518,131
102,0,blank,0,193.3409,43.2343,229544,229569,25
102,3,>,21,188.18875,62.6705166666667,229621,229795,174
102,0,blank,0,227.338433333333,117.287883333333,229795,229981,186
102,7,comma,53,261.7541,147.544783333333,229981,230166,185
102,0,blank,0,285.355233333333,162.3667,230166,230351,185
102,0,blank,0,279.2994,165.04815,230351,230412,61
102,0,blank,0,-323,-105,230443,230550,107
102,0,blank,0,299.1922,158.52195,230579,230751,172
102,0,blank,0,297.451683333333,148.909333333333,230751,230936,185
102,0,blank,0,294.720016666667,155.22235,230936,231123,187
102,0,blank,0,295.8676,169.3618,231123,231154,31
102,0,blank,0,290.184733333333,577.155033333333,231217,231403,186
102,31,j,193,339.66415,676.248233333333,231403,231589,186
102,0,blank,0,355.470383333333,713.5963,231589,231774,185
102,0,blank,0,-323,-105,231805,231988,183
102,0,blank,0,-323,-105,231988,232168,180
102,0,blank,0,-323,-105,232168,232347,179
102,0,blank,0,-323,-105,232347,232542,195
102,0,blank,0,-323,-105,232542,232722,180
102,0,blank,0,-323,-105,232722,232934,212
102,0,blank,0,-323,-105,232934,233120,186
102,0,blank,0,-323,-105,233120,233153,33
102,0,blank,0,-323,-105,233153,233712,559
102,0,blank,0,-323,-105,233712,233850,138
102,0,blank,0,-323,-105,233850,233914,64
102,0,blank,0,-323,-105,233914,234171,257
102,0,blank,0,-323,-105,234171,234218,47
102,0,blank,0,-323,-105,234218,234407,189
102,7,wcount,50,192.557633333333,152.0913,234618,234741,123
102,0,blank,0,193.143766666667,173.767433333333,234741,234939,198
102,0,blank,0,192.0897,165.1272,234939,234969,30
102,0,blank,0,118.4055,162.4281,234969,235245,276
102,0,blank,0,116.852,169.6158,235245,235280,35
102,0,blank,0,72.6772,-103.7658,235362,235389,27
102,0,blank,0,201.81952,164.73748,235437,235577,140
102,19,],120,166.601766666667,400.206683333333,235608,235792,184
102,19,i,114,162.1023,403.6064,235792,235915,123
102,31,isspace,169,203.864383333333,682.7266,235945,236128,183
102,31,if,167,167.35195,665.53915,236128,236312,184
102,0,blank,0,142.334883333333,641.622216666667,236312,236497,185
102,31,isspace,169,215.5574,667.769866666667,236497,236682,185
102,31,isspace,169,205.865933333333,680.6629,236682,236869,187
102,31,(,180,185.1494,680.2422,236869,236900,31
102,0,blank,0,197.5751,547.732783333333,236931,237121,190
102,0,blank,0,192.561266666667,572.380133333333,237121,237217,96
102,0,blank,0,-323,-105,237249,237280,31
102,0,blank,0,211.5569,739.763,237330,237355,25
102,24,{,151,167.152516666667,514.56375,237380,237558,178
102,0,blank,0,212.088366666667,552.685283333333,237558,237748,190
102,25,gotoNextWord,152,256.53165,538.6709,237748,237936,188
102,0,blank,0,217.6011,518.070583333333,237936,238121,185
102,0,blank,0,205.80215,527.662833333333,238121,238304,183
102,25,gotoNextWord,152,232.988733333333,542.4147,238304,238490,186
102,25,gotoNextWord,152,231.9116,539.15066,238490,238645,155
102,0,blank,0,-323,-105,238708,238835,127
102,0,blank,0,190.4099,548.972,238861,238886,25
102,0,blank,0,192.3134,547.037066666667,238937,239108,171
102,0,blank,0,214.5305,478.9496,239108,239472,364
102,0,blank,0,209.278983333333,524.891083333333,239472,239645,173
102,25,gotoNextWord,152,211.348625,542.692475,239645,239769,124
102,0,blank,0,-323,-105,239801,239906,105
102,23,str,139,219.060533333333,502.258033333333,239931,240107,176
102,19,str,112,128.345,417.9749,240107,240295,188
102,19,if,110,100.25035,408.3248,240295,240480,185
102,0,blank,0,66.2264,390.2037,240480,240666,186
102,16,i,95,46.26685,352.5656,240666,240856,190
102,17,while,103,84.7626,373.486783333333,240856,241046,190
102,15,wlen,88,74.2090166666667,322.739566666667,241046,241233,187
102,13,gets,76,43.4786333333333,267.7732,241233,241419,186
102,11,gets,66,44.41615,242.28165,241419,241608,189
102,11,gets,66,43.0005666666667,226.5347,241608,241702,94
102,0,blank,0,181.105783333333,550.379683333333,241763,241949,186
102,0,blank,0,182.673916666667,553.0376,241949,242135,186
102,0,blank,0,185.06785,547.14675,242135,242263,128
102,0,blank,0,-323,-105,242294,242435,141
102,25,gotoNextWord,152,242.450666666667,546.600366666667,242461,242634,173
102,25,gotoNextWord,152,207.238916666667,551.617783333333,242634,242819,185
102,25,gotoNextWord,152,206.8998,549.96545,242819,243004,185
102,0,blank,0,202.607483333333,543.742,243004,243189,185
102,0,blank,0,237.612216666667,514.093983333333,243189,243374,185
102,0,blank,0,263.004433333333,518.1015,243374,243468,94
102,0,blank,0,-323,-105,243529,243584,55
102,23,+,142,251.855483333333,506.443383333333,243685,243863,178
102,23,(,138,191.64065,490.03535,243863,244052,189
102,0,blank,0,192.70345,535.934516666667,244052,244237,185
102,0,blank,0,194.227516666667,555.334733333333,244237,244420,183
102,0,blank,0,185.968783333333,558.812133333333,244420,244603,183
102,0,blank,0,182.333433333333,557.4357,244603,244786,183
102,0,blank,0,168.412016666667,547.2319,244786,244972,186
102,0,blank,0,163.75505,545.272775,244972,245095,123
102,0,blank,0,-323,-105,245158,245288,130
102,0,blank,0,188.139616666667,539.3764,245321,245496,175
102,0,blank,0,181.537983333333,571.20895,245496,245682,186
102,0,blank,0,182.1778,560.75625,245682,245867,185
102,0,blank,0,189.80615,544.092216666667,245867,246053,186
102,0,blank,0,188.045316666667,551.5615,246053,246236,183
102,0,blank,0,180.803633333333,554.481933333333,246236,246421,185
102,0,blank,0,173.44475,541.415925,246421,246543,122
102,14,slen,81,69.8379833333333,307.079816666667,246573,246759,186
102,15,wlen,88,67.18285,313.0852,246759,246820,61
102,0,blank,0,199.918433333333,518.546716666667,246882,247065,183
102,23,(,138,190.494,506.3781,247065,247097,32
102,0,blank,0,-323,-105,247158,247284,126
102,23,if,137,172.7881,498.9745,247311,247336,25
102,21,for,123,136.533383333333,452.657283333333,247385,247556,171
102,0,blank,0,107.103433333333,432.197866666667,247556,247742,186
102,0,blank,0,76.5545333333333,400.1171,247742,247925,183
102,19,(,111,110.6754,410.33235,247925,248110,185
102,0,blank,0,82.26826,343.61624,248110,248263,153
102,0,blank,0,-323,-105,248324,248453,129
102,31,isspace,169,246.6283,669.6641,248479,248505,26
102,27,},158,173.578016666667,578.792366666667,248528,248706,178
102,27,},158,168.81688,595.04528,248706,248857,151
102,0,blank,0,46.6319,741.7058,248887,248918,31
102,0,blank,0,25.92235,-103.9773,249009,249070,61
102,0,blank,0,162.006875,708.023375,249100,249223,123
102,0,blank,0,301.19005,302.552275,249284,249409,125
102,12,printf,71,94.6058833333333,260.142283333333,249472,249660,188
102,11,(,67,86.53865,241.27785,249660,249722,62
102,4,include,23,53.0735666666667,74.2282,249753,249939,186
102,3,include,16,29.60025,65.6848,249939,250083,144
102,5,gotoNextWord,30,89.74786,101.88158,250083,250261,178
102,5,gotoNextWord,30,95.5130166666667,109.234216666667,250261,250445,184
102,5,gotoNextWord,30,74.6814833333333,108.594716666667,250445,250628,183
102,5,gotoNextWord,30,53.4588,102.822283333333,250628,250813,185
102,0,blank,0,51.6787166666667,107.198316666667,250813,250996,183
102,5,gotoNextWord,30,55.9037166666667,110.734933333333,250996,251181,185
102,0,blank,0,-323,-105,251212,251243,31
102,6,200,37,112.231316666667,115.643616666667,251344,251541,197
102,7,wlen,48,112.4348,144.6627,251541,251720,179
102,7,slen,46,83.335575,141.1124,251720,251911,191
102,0,blank,0,349.076466666667,-3.21328333333333,251974,252163,189
102,0,blank,0,365.217566666667,-13.8824333333333,252163,252345,182
102,0,blank,0,364.5099,-12.7783666666667,252345,252435,90
102,0,blank,0,160.55875,-19.9832833333333,252465,252651,186
102,0,blank,0,179.689266666667,-18.4238166666667,252651,252838,187
102,0,blank,0,182.13614,-18.03622,252838,252994,156
102,0,blank,0,59.7807666666667,-19.6273333333333,253025,253214,189
102,0,blank,0,90.6670666666667,-12.2175333333333,253214,253402,188
102,0,blank,0,90.1140666666667,-17.3070333333333,253402,253591,189
102,0,blank,0,91.5222,86.2385,253591,253623,32
102,0,blank,0,243.168066666667,-2.80346666666667,253733,253852,119
102,0,blank,0,283.1716,9.209,253852,253962,110
102,0,blank,0,283.23725,10.90015,253962,254160,198
102,0,blank,0,234.0903,38.377,254160,254198,38
102,4,ctype,25,104.290716666667,84.45665,254230,254415,185
102,4,<,24,102.541716666667,75.32805,254415,254599,184
102,3,include,16,74.7572,62.9003,254599,254722,123
102,0,blank,0,28.418225,44.3593,254722,254889,167
102,3,include,16,75.8986,63.8299,254889,255085,196
102,0,blank,0,80.0297,43.411575,255085,255207,122
102,0,blank,0,47.5377,115.8281,255207,255356,149
102,2,stdio,11,113.3951,26.06115,255384,255528,144
102,2,<,10,102.60895,33.67505,255528,255676,148
102,1,count,5,166.3278,16.4258,255676,255915,239
102,1,count,5,168.67765,12.1678,255915,255971,56
102,0,blank,0,-323,-105,256001,256031,30
102,0,blank,0,-323,-105,256081,256108,27
102,2,include,9,38.9312,40.4553,256134,256159,25
102,2,include,9,51.6641833333333,35.50085,256209,256378,169
102,2,<,10,102.690666666667,31.2293333333333,256378,256562,184
102,0,blank,0,106.315425,21.610325,256562,256684,122
102,3,string,18,122.741133333333,56.5022333333333,256684,256880,196
102,3,string,18,110.7593,62.6429666666667,256880,257044,164
102,5,gotoNextWord,30,102.72328,95.54352,257044,257238,194
102,6,[,41,92.5506333333333,117.681816666667,257238,257419,181
102,0,blank,0,-323,-105,257450,257587,137
102,6,str,35,67.69255,115.874316666667,257612,257783,171
102,6,str,35,58.2195,116.426233333333,257783,257964,181
102,6,str,35,56.0231833333333,116.505466666667,257964,258147,183
102,0,blank,0,55.1202,112.470233333333,258147,258329,182
102,0,blank,0,-323,-105,258359,258465,106
102,0,blank,0,-323,-105,258516,258544,28
102,8,),59,94.1522,161.01175,258570,258744,174
102,0,blank,0,102.44195,185.59305,258744,258924,180
102,11,),69,124.327433333333,233.118183333333,258924,259098,174
102,12,(,72,106.883233333333,246.777633333333,259098,259283,185
102,12,printf,71,88.0725333333333,249.99565,259283,259466,183
102,11,gets,66,70.9046,235.774266666667,259466,259651,185
102,0,blank,0,79.57225,244.90355,259651,259713,62
102,0,blank,0,-323,-105,259744,259877,133
102,13,(,77,90.9280833333333,285.311716666667,259909,260082,173
102,14,slen,81,64.6408833333333,298.860283333333,260082,260266,184
102,0,blank,0,104.600066666667,300.287666666667,260266,260452,186
102,15,strlen,90,118.413433333333,318.3689,260452,260637,185
102,14,slen,81,63.5257,300.2766,260637,260822,185
102,14,slen,81,46.8075333333333,307.657216666667,260822,261007,185
102,14,slen,81,47.9851,299.4502,261007,261094,87
102,14,slen,81,50.7501,290.3398,261094,261486,392
102,13,gets,76,54.2934166666667,287.073116666667,261486,261664,178
102,12,printf,71,59.7634,245.16115,261664,261849,185
102,11,gets,66,56.4764833333333,235.462083333333,261849,262033,184
102,0,blank,0,35.6339333333333,227.37055,262033,262222,189
102,0,blank,0,-323,-105,262286,262463,177
102,0,blank,0,-323,-105,262463,262488,25
102,0,blank,0,71.9553333333333,222.427266666667,262514,262686,172
102,11,;,70,140.818483333333,241.738533333333,262686,262869,183
102,0,blank,0,156.398283333333,230.522683333333,262869,263051,182
102,10,"Enterstring:",63,169.67725,209.97335,263051,263171,120
102,12,printf,71,77.7034166666667,262.466616666667,263201,263381,180
102,13,gets,76,57.7145333333333,281.992266666667,263381,263559,178
102,14,slen,81,52.1364666666667,294.153616666667,263559,263740,181
102,14,slen,81,44.0705166666667,303.714733333333,263740,263920,180
102,14,strlen,83,134.236683333333,308.800633333333,263920,264101,181
102,15,strlen,90,136.5501,317.1168,264101,264285,184
102,16,wcount,99,144.599866666667,352.925633333333,264285,264377,92
102,0,blank,0,-323,-105,264407,264438,31
102,0,blank,0,116.573066666667,341.277783333333,264548,264722,174
102,17,while,103,68.1046,358.165216666667,264722,264914,192
102,17,(,104,96.4539333333333,363.297883333333,264914,265110,196
102,17,i,105,106.6972,367.902316666667,265110,265296,186
102,0,blank,0,98.9442,386.988483333333,265296,265483,187
102,0,blank,0,91.1834666666667,383.494966666667,265483,265667,184
102,19,str,112,114.75205,418.604866666667,265667,265849,182
102,0,blank,0,183.517533333333,433.054366666667,265849,266034,185
102,0,blank,0,219.13855,468.8702,266034,266217,183
102,0,blank,0,197.95625,531.415683333333,266217,266400,183
102,0,blank,0,188.118333333333,552.687833333333,266400,266581,181
102,0,blank,0,193.44936,553.50798,266581,266730,149
102,0,blank,0,-323,-105,266789,266890,101
102,23,(,138,192.3391,499.5461,266918,266961,43
102,0,blank,0,178.727757142857,578.303328571429,267028,267227,199
102,29,j,162,157.064583333333,637.248183333333,267227,267408,181
102,29,if,160,134.801783333333,633.384483333333,267408,267591,183
102,0,blank,0,108.960683333333,635.841183333333,267591,267773,182
102,0,blank,0,103.63462,654.29896,267773,267926,153
102,0,blank,0,-323,-105,267957,268149,192
102,31,if,167,173.865266666667,675.9968,268180,268351,171
102,0,blank,0,147.363933333333,644.252916666667,268351,268535,184
102,29,if,160,139.024616666667,635.170483333333,268535,268720,185
102,29,if,160,132.413833333333,636.897133333333,268720,268902,182
102,0,blank,0,134.84636,651.0882,268902,269054,152
102,0,blank,0,-323,-105,269084,269216,132
102,0,blank,0,180.34595,641.78375,269330,269503,173
102,29,==,163,181.7773,626.590333333333,269503,269692,189
102,0,blank,0,188.20185,617.81355,269692,269875,183
102,29,==,163,185.078533333333,630.591033333333,269875,269966,91
102,0,blank,0,-323,-105,269997,270130,133
102,0,blank,0,139.230916666667,667.862933333333,270155,270326,171
102,0,blank,0,134.455383333333,687.406583333333,270326,270511,185
102,31,(,180,188.524083333333,678.683266666667,270511,270695,184
102,0,blank,0,193.1885,684.917666666667,270695,270880,185
102,0,blank,0,185.5729,658.107466666667,270880,271066,186
102,31,isspace,169,241.678783333333,669.781433333333,271066,271254,188
102,0,blank,0,235.1925,717.12895,271254,271317,63
102,0,blank,0,-323,-105,271348,271507,159
102,0,blank,0,273.0221,731.0696,271533,271559,26
102,0,blank,0,330.353016666667,712.31485,271704,271892,188
102,0,blank,0,324.266966666667,692.487083333333,271892,272081,189
102,0,blank,0,352.6899,691.872833333333,272081,272270,189
102,0,blank,0,375.532233333333,704.064683333333,272270,272459,189
102,0,blank,0,432.36165,691.947216666667,272459,272648,189
102,0,blank,0,415.462933333333,695.63605,272648,272839,191
102,0,blank,0,443.581816666667,698.602666666667,272839,273029,190
102,0,blank,0,445.807583333333,685.478866666667,273029,273218,189
102,0,blank,0,430.76595,691.30325,273218,273406,188
102,0,blank,0,416.217866666667,701.021266666667,273406,273500,94
102,0,blank,0,-323,-105,273563,273641,78
102,0,blank,0,444.08335,714.193933333333,273763,273941,178
102,0,blank,0,422.196333333333,712.766233333333,273941,274128,187
102,0,blank,0,464.4291,718.91225,274128,274226,98
102,0,blank,0,478.1776,711.2698,274226,274337,111
102,0,blank,0,502.55115,699.6236,274337,274533,196
102,0,blank,0,537.486733333333,708.96885,274533,274728,195
102,0,blank,0,559.054483333333,705.1521,274728,274911,183
102,0,blank,0,511.236266666667,707.5901,274911,275096,185
102,0,blank,0,440.1576,710.5718,275096,275158,62
102,0,blank,0,-323,-105,275219,275250,31
102,0,blank,0,368.29482,710.19292,275351,275524,173
102,31,j,193,341.486416666667,673.101816666667,275524,275711,187
102,0,blank,0,311.41712,647.80946,275711,275867,156
102,0,blank,0,441.85085,703.4035,275899,276086,187
102,0,blank,0,472.0238,721.830616666667,276086,276273,187
102,0,blank,0,483.609716666667,732.68885,276273,276460,187
102,0,blank,0,442.920516666667,707.813133333333,276460,276648,188
102,0,blank,0,432.4601,711.70502,276648,276804,156
102,31,],194,349.9948,676.874566666667,276835,277024,189
102,0,blank,0,334.5511,737.5339,277024,277055,31
102,0,blank,0,-323,-105,277088,277225,137
102,0,blank,0,391.809716666667,715.84345,277254,277429,175
102,0,blank,0,596.298683333333,717.9718,277460,277644,184
102,0,blank,0,570.03015,723.67985,277644,277826,182
102,0,blank,0,512.099816666667,727.0307,277826,278011,185
102,0,blank,0,486.0958,724.599916666667,278011,278196,185
102,0,blank,0,487.556683333333,726.72485,278196,278379,183
102,0,blank,0,489.6879,724.8303,278379,278410,31
102,0,blank,0,-323,-105,278441,278572,131
102,0,blank,0,555.987833333333,732.24935,278661,278835,174
102,0,blank,0,502.423933333333,731.059883333333,278835,279018,183
102,0,blank,0,471.196233333333,725.93135,279018,279202,184
102,0,blank,0,428.320233333333,725.646833333333,279202,279385,183
102,0,blank,0,426.403266666667,723.76515,279385,279571,186
102,0,blank,0,421.5281,737.5963,279571,279601,30
102,0,blank,0,248.5233,643.0863,279632,279818,186
102,0,blank,0,270.951916666667,660.822083333333,279818,280004,186
102,0,blank,0,277.037433333333,700.214833333333,280004,280096,92
102,0,blank,0,-323,-105,280127,280259,132
102,31,if,167,174.2546,677.058716666667,280284,280454,170
102,31,if,167,173.5455,675.4866,280454,280639,185
102,31,isspace,169,231.348883333333,664.849583333333,280639,280822,183
102,31,isspace,169,248.4785,666.221083333333,280822,281006,184
102,31,isspace,169,243.3871,667.06016,281006,281162,156
102,0,blank,0,491.071316666667,724.3317,281193,281378,185
102,0,blank,0,502.415566666667,721.0727,281378,281563,185
102,0,blank,0,560.134683333333,723.368533333333,281563,281747,184
102,0,blank,0,-323,-105,281778,281935,157
102,0,blank,0,479.9957,722.2495,281961,281987,26
102,0,blank,0,457.773166666667,712.082166666667,282038,282210,172
102,0,blank,0,383.203933333333,705.377083333333,282210,282398,188
102,0,blank,0,349.2892,697.725333333333,282398,282584,186
102,0,blank,0,324.4645,700.326,282584,282771,187
102,31,+,192,331.00895,679.873383333333,282771,282957,186
102,0,blank,0,361.359716666667,705.922983333333,282957,283144,187
102,0,blank,0,362.62976,702.63792,283144,283299,155
102,0,blank,0,-323,-105,283361,283492,131
102,0,blank,0,327.401933333333,690.7378,283518,283691,173
102,0,blank,0,345.95805,704.834583333333,283691,283878,187
102,0,blank,0,339.4176,686.73595,283878,283939,61
102,29,wlen,164,219.289383333333,630.547733333333,283970,284156,186
102,0,blank,0,266.587966666667,655.5725,284156,284339,183
102,31,str,189,277.95572,666.77284,284339,284492,153
102,0,blank,0,452.284716666667,714.436166666667,284523,284709,186
102,0,blank,0,465.9845,716.437433333333,284709,284894,185
102,0,blank,0,478.581183333333,731.34115,284894,285078,184
102,0,blank,0,475.237916666667,737.188516666667,285078,285262,184
102,0,blank,0,472.430825,726.628925,285262,285386,124
102,0,blank,0,-323,-105,285416,285572,156
102,0,blank,0,404.2288,714.216,285598,285623,25
102,0,blank,0,384.744716666667,711.284816666667,285674,285843,169
102,0,blank,0,367.388366666667,702.47215,285843,286028,185
102,0,blank,0,368.73755,702.50495,286028,286090,62
102,0,blank,0,510.529916666667,728.85625,286121,286304,183
102,0,blank,0,499.234266666667,721.372316666667,286304,286486,182
102,0,blank,0,493.2634,737.763025,286486,286609,123
102,0,blank,0,-323,-105,286639,286770,131
102,0,blank,0,488.8009,737.7927,286796,286821,25
102,0,blank,0,507.874985714286,724.999914285714,286871,287069,198
102,0,blank,0,510.607166666667,725.704933333333,287069,287249,180
102,0,blank,0,537.288983333333,728.620483333333,287249,287433,184
102,0,blank,0,548.9409,725.072133333333,287433,287614,181
102,0,blank,0,566.6982,726.27985,287614,287794,180
102,0,blank,0,495.032333333333,721.34925,287794,287977,183
102,0,blank,0,487.6418,726.96385,287977,288099,122
102,0,blank,0,-323,-105,288130,288287,157
102,0,blank,0,481.9446,779.7964,288313,288338,25
102,0,blank,0,491.3514,759.9946,288388,288413,25
102,0,blank,0,360.363166666667,716.982616666667,288438,288619,181
102,0,blank,0,360.969866666667,703.818333333333,288619,288805,186
102,31,),197,354.07924,676.02564,288805,288959,154
102,31,isspace,169,212.5554,671.868683333333,288990,289176,186
102,31,isspace,169,255.8504,681.6803,289176,289330,154
102,0,blank,0,-323,-105,289360,289491,131
102,0,blank,0,348.6342,712.655,289517,289543,26
102,0,blank,0,348.1466,689.85,289595,289766,171
102,0,blank,0,340.310683333333,699.185833333333,289766,289950,184
102,31,[,190,305.40052,668.15078,289950,290105,155
102,31,(,180,190.9082,679.66675,290135,290320,185
102,31,isspace,169,227.49275,670.499183333333,290320,290505,185
102,31,(,180,189.715533333333,665.342283333333,290505,290690,185
102,0,blank,0,179.216025,647.381975,290690,290814,124
102,0,blank,0,457.52714,724.95194,290845,290996,151
102,0,blank,0,-323,-105,291059,291220,161
102,0,blank,0,532.826628571429,718.946185714286,291329,291528,199
102,0,blank,0,543.7165,717.28235,291528,291712,184
102,0,blank,0,566.709283333333,719.395116666667,291712,291894,182
102,0,blank,0,549.996233333333,721.1189,291894,292075,181
102,0,blank,0,480.08135,734.30335,292075,292257,182
102,0,blank,0,488.5317,728.5876,292257,292442,185
102,0,blank,0,-323,-105,292472,292629,157
102,0,blank,0,399.8214,718.0126,292655,292681,26
102,0,blank,0,353.5591,696.186942857143,292731,292930,199
102,0,blank,0,339.265716666667,686.453816666667,292930,293115,185
102,0,blank,0,328.09045,698.262966666667,293115,293301,186
102,31,isspace,169,216.5254,670.87295,293301,293486,185
102,0,blank,0,264.152866666667,699.42575,293486,293672,186
102,0,blank,0,308.537933333333,711.195633333333,293672,293861,189
102,0,blank,0,314.979016666667,709.079883333333,293861,294051,190
102,0,blank,0,314.821383333333,701.16995,294051,294238,187
102,31,[,190,312.373716666667,673.4304,294238,294426,188
102,0,blank,0,311.29505,700.35125,294426,294489,63
102,31,isspace,169,194.37045,681.8687,294520,294612,92
102,0,blank,0,185.8432,710.7404,294612,294723,111
102,0,blank,0,258.94986,713.196,294917,295071,154
102,0,blank,0,460.065066666667,742.281183333333,295101,295289,188
102,0,blank,0,382.623366666667,720.84025,295289,295477,188
102,0,blank,0,364.42296,722.27428,295477,295632,155
102,0,blank,0,484.2668,764.9324,295663,295725,62
102,0,blank,0,478.2159,745.83335,295787,295973,186
102,0,blank,0,480.154725,752.55975,295973,296097,124
102,0,blank,0,341.1638,710.599933333333,296128,296314,186
102,0,blank,0,380.422333333333,727.78745,296314,296500,186
102,0,blank,0,386.92674,741.02884,296500,296652,152
102,0,blank,0,-323,-105,296714,296819,105
102,0,blank,0,322.3188,720.7783,296844,296876,32
102,0,blank,0,326.241383333333,702.953533333333,296940,297115,175
102,0,blank,0,318.0602,697.3623,297115,297301,186
102,0,blank,0,312.8608,705.3271,297301,297331,30
102,0,blank,0,482.30085,738.463033333333,297361,297544,183
102,0,blank,0,485.453266666667,730.962383333333,297544,297725,181
102,0,blank,0,495.40372,739.60988,297725,297878,153
102,0,blank,0,368.2998,727.782833333333,297908,298091,183
102,0,blank,0,359.354633333333,724.8363,298091,298184,93
102,0,blank,0,-323,-105,298214,298372,158
102,0,blank,0,388.1392,736.1508,298398,298424,26
102,0,blank,0,388.4563,722.732166666667,298475,298647,172
102,0,blank,0,376.4446,712.504,298647,298831,184
102,0,blank,0,318.3486,698.815283333333,298831,299017,186
102,0,blank,0,317.7878,697.672416666667,299017,299203,186
102,0,blank,0,308.407083333333,711.92335,299203,299387,184
102,0,blank,0,313.211266666667,711.40735,299387,299575,188
102,0,blank,0,312.837583333333,711.493166666667,299575,299761,186
102,0,blank,0,294.0449,709.6654,299761,299949,188
102,0,blank,0,207.529866666667,717.489866666667,299949,300042,93
102,0,blank,0,-323,-105,300104,300230,126
102,0,blank,0,360.4349,732.8079,300256,300282,26
102,0,blank,0,351.859633333333,728.509933333333,300334,300507,173
102,0,blank,0,360.6787,728.13255,300507,300694,187
102,0,blank,0,332.951466666667,727.743683333333,300694,300879,185
102,0,blank,0,277.662633333333,729.222716666667,300879,301063,184
102,0,blank,0,276.99614,744.9493,301063,301217,154
102,0,blank,0,-323,-105,301279,301407,128
102,0,blank,0,382.1019,755.8388,301433,301459,26
102,0,blank,0,361.237616666667,731.663516666667,301509,301681,172
102,0,blank,0,352.040366666667,718.91915,301681,301867,186
102,0,blank,0,367.5104,721.161375,301867,301991,124
102,0,blank,0,601.180116666667,735.056216666667,302021,302204,183
102,0,blank,0,583.142525,730.556325,302204,302327,123
102,0,blank,0,235.8858,709.28535,302358,302541,183
102,0,blank,0,223.844366666667,715.732533333333,302541,302728,187
102,0,blank,0,159.598233333333,699.9813,302728,302821,93
102,0,blank,0,-323,-105,302883,303048,165
102,0,blank,0,350.01065,713.405016666667,303080,303256,176
102,0,blank,0,377.781833333333,735.3514,303256,303440,184
102,0,blank,0,345.005966666667,716.1548,303440,303625,185
102,0,blank,0,336.360966666667,722.8715,303625,303808,183
102,0,blank,0,325.0632,730.1057,303808,303839,31
102,0,blank,0,-323,-105,303900,304030,130
102,0,blank,0,275.1008,702.1228,304108,304281,173
102,0,blank,0,299.77795,713.557433333333,304281,304464,183
102,0,blank,0,317.777416666667,718.358516666667,304464,304650,186
102,0,blank,0,325.018566666667,724.19735,304650,304834,184
102,0,blank,0,322.826833333333,720.852483333333,304834,305019,185
102,0,blank,0,403.027216666667,758.5071,305019,305204,185
102,0,blank,0,428.049133333333,739.7486,305204,305394,190
102,0,blank,0,336.044583333333,714.942716666667,305394,305583,189
102,0,blank,0,332.04764,724.55302,305583,305741,158
102,0,blank,0,-323,-105,305772,305903,131
102,0,blank,0,450.95375,762.140433333333,305929,306098,169
102,0,blank,0,366.854816666667,732.05555,306098,306283,185
102,0,blank,0,369.17555,728.47315,306283,306469,186
102,0,blank,0,475.869166666667,740.546766666667,306469,306655,186
102,0,blank,0,521.391566666667,754.65515,306655,306839,184
102,0,blank,0,565.733416666667,762.507133333333,306839,307020,181
102,0,blank,0,581.583066666667,754.159366666667,307020,307110,90
102,0,blank,0,405.523433333333,757.080316666667,307141,307327,186
102,0,blank,0,362.328333333333,742.694983333333,307327,307513,186
102,0,blank,0,340.48565,739.6258,307513,307700,187
102,0,blank,0,274.955283333333,713.777483333333,307700,307889,189
102,0,blank,0,244.39175,716.04345,307889,307952,63
102,0,blank,0,-323,-105,307983,308014,31
102,0,blank,0,301.5186,741.832333333333,308140,308317,177
102,0,blank,0,320.27335,748.463166666667,308317,308503,186
102,0,blank,0,317.484166666667,735.036033333333,308503,308686,183
102,0,blank,0,394.9196,772.054766666667,308686,308868,182
102,0,blank,0,391.59732,768.0839,308868,309020,152
102,0,blank,0,551.774,790.9136,309050,309140,90
102,0,blank,0,546.2046,764.131283333334,309205,309390,185
102,0,blank,0,538.9534,762.654,309390,309420,30
102,0,blank,0,-323,-105,309486,309616,130
102,0,blank,0,476.9593,-103.9907,309641,309672,31
102,0,blank,0,500.488283333333,769.2171,309737,309913,176
102,0,blank,0,508.2471,754.6232,309913,309944,31
102,0,blank,0,367.240066666667,729.332866666667,309974,310161,187
102,0,blank,0,353.16695,723.467033333333,310161,310344,183
102,0,blank,0,326.381333333333,739.837866666667,310344,310528,184
102,0,blank,0,314.09035,735.126683333333,310528,310710,182
102,0,blank,0,355.68565,760.368633333333,310710,310893,183
102,0,blank,0,-323,-105,311016,311204,188
102,0,blank,0,583.73565,753.03795,311285,311377,92
102,0,blank,0,183.100916666667,696.652066666667,311437,311623,186
102,0,blank,0,184.988883333333,701.861416666667,311623,311808,185
102,0,blank,0,676.025466666667,401.6846,311901,312086,185
102,31,&&,178,389.6951,681.213383333333,312118,312305,187
102,31,&&,178,373.789333333333,682.362616666667,312305,312491,186
102,0,blank,0,349.14205,718.0465,312491,312552,61
102,0,blank,0,-323,-105,312582,312720,138
102,0,blank,0,919.609,378.7332,312770,312796,26
102,0,blank,0,973.651,373.867333333333,312853,312929,76
102,31,+,192,545.74775,663.048066666667,312958,313143,185
102,31,i,191,649.02245,665.679216666667,313143,313328,185
102,31,==,195,685.863033333333,669.440983333333,313328,313511,183
102,0,blank,0,703.553333333333,670.287166666667,313511,313695,184
102,31,==,195,691.042166666667,675.0484,313695,313877,182
102,31,==,195,696.638166666667,672.036333333333,313877,314063,186
102,31,==,195,695.2195,674.71265,314063,314248,185
102,0,blank,0,685.561833333333,689.547283333333,314248,314433,185
102,0,blank,0,687.236833333333,697.658666666667,314433,314616,183
102,0,blank,0,1020.08883333333,399.788816666667,314708,314895,187
102,0,blank,0,998.729666666667,429.8981,314895,315041,146
102,0,blank,0,998.824,427.9002,315041,315143,102
102,0,blank,0,985.208,433.0677,315143,315339,196
102,0,blank,0,996.974833333333,435.8808,315339,315537,198
102,0,blank,0,-323,-105,315600,315735,135
102,0,blank,0,662.051066666667,628.198733333333,315764,315939,175
102,0,blank,0,686.3019,612.151433333333,315939,316032,93
102,0,blank,0,1040.71766666667,393.32565,316096,316287,191
102,0,blank,0,1024.041,430.76265,316287,316477,190
102,0,blank,0,1016.633,430.2684,316477,316508,31
102,0,blank,0,488.166916666667,708.10405,316571,316760,189
102,0,blank,0,292.93642,704.47182,316791,316949,158
102,0,blank,0,-323,-105,317008,317137,129
102,31,isspace,169,242.505016666667,676.041716666667,317275,317452,177
102,0,blank,0,208.64886,686.60294,317452,317636,184
102,0,blank,0,220.668766666667,709.44005,317636,317814,178
102,0,blank,0,243.9105,719.0932,317814,317874,60
102,0,blank,0,-323,-105,317960,318014,54
102,0,blank,0,-323,-105,318125,318156,31
102,31,isspace,169,240.47946,675.09118,318207,318378,171
102,31,isspace,169,248.839133333333,679.738616666667,318378,318557,179
102,31,isspace,169,255.94805,673.9145,318557,318619,62
102,0,blank,0,981.401333333333,380.846883333333,318712,318898,186
102,0,blank,0,1009.45883333333,417.8796,318898,319084,186
102,0,blank,0,1015.58983333333,222.48325,319115,319304,189
102,0,blank,0,1025.24816666667,236.832283333333,319304,319492,188
102,0,blank,0,1017.06966666667,433.617683333333,319523,319711,188
102,0,blank,0,1018.32966666667,433.603933333333,319711,319806,95
102,0,blank,0,-323,-105,319869,319971,102
102,0,blank,0,336.2256,121.0697,320029,320098,69
102,0,blank,0,212.465583333333,159.036783333333,320164,320344,180
102,6,;,44,206.524983333333,125.289433333333,320344,320532,188
102,0,blank,0,249.398766666667,36.0406166666667,320532,320717,185
102,0,blank,0,251.646966666667,28.6899666666667,320717,320810,93
102,0,blank,0,1082.41725,343.564075,320901,321028,127
102,0,blank,0,1031.536,405.0064,321028,321267,239
102,0,blank,0,1020.72571428571,427.536871428571,321267,321466,199
102,0,blank,0,1016.52516666667,437.502733333333,321466,321653,187
102,0,blank,0,1021.2796,422.242,321653,321807,154
102,0,blank,0,1017.86116666667,228.255216666667,321838,322026,188
102,0,blank,0,1018.02733333333,225.704,322026,322214,188
102,0,blank,0,1014.473,236.93175,322214,322277,63
102,0,blank,0,1006.85866666667,424.74245,322307,322495,188
102,0,blank,0,999.834,420.0149,322495,322527,32
102,0,blank,0,-323,-105,322589,322694,105
102,21,wlen,131,293.1769,446.4373,322727,322770,43
102,0,blank,0,301.36515,471.94825,322836,323012,176
102,0,blank,0,315.062283333333,478.4046,323012,323203,191
102,0,blank,0,315.045766666667,476.48985,323203,323389,186
102,23,!=,145,301.8319,496.261766666667,323389,323575,186
102,0,blank,0,297.712683333333,553.0767,323575,323758,183
102,0,blank,0,299.640983333333,558.972266666667,323758,323942,184
102,0,blank,0,259.11224,648.51374,323942,324097,155
102,0,blank,0,-323,-105,324128,324260,132
102,29,wlen,164,207.7106,636.423333333333,324369,324542,173
102,0,blank,0,207.367,641.204,324542,324727,185
102,0,blank,0,271.367933333333,651.21035,324727,324908,181
102,0,blank,0,240.831366666667,640.329216666667,324908,325090,182
102,31,isspace,169,228.44098,662.10902,325090,325243,153
102,0,blank,0,-323,-105,325274,325382,108
102,31,isspace,169,219.5259,679.9319,325407,325433,26
102,29,wlen,164,219.3914,631.304883333333,325496,325669,173
102,0,blank,0,172.7074,611.174883333333,325669,325851,182
102,29,==,163,182.968875,631.908075,325851,325971,120
102,23,str,139,222.290116666667,501.971683333333,326001,326184,183
102,0,blank,0,226.2466,479.631533333333,326184,326363,179
102,0,blank,0,254.69185,476.584533333333,326363,326542,179
102,0,blank,0,188.6746,239.104883333333,326571,326751,180
102,0,blank,0,192.0587,242.531,326751,326782,31
102,10,"Enterstring:",63,187.7634,206.8098,326814,326909,95
102,4,h,27,167.9273,77.7368,326909,327224,315
102,5,gotoNextWord,30,177.15305,98.3002,327224,327395,171
102,5,gotoNextWord,30,181.3271,103.074366666667,327395,327482,87
102,0,blank,0,-323,-105,328202,328384,182
102,6,str,35,57.1672,122.19,328456,328480,24
102,5,gotoNextWord,30,112.8033,99.713,328480,328827,347
102,5,gotoNextWord,30,117.088783333333,102.954816666667,328827,329011,184
102,5,gotoNextWord,30,122.275866666667,107.420666666667,329011,329194,183
102,5,gotoNextWord,30,152.636833333333,100.245166666667,329194,329379,185
102,0,blank,0,198.773916666667,90.5003333333333,329379,329563,184
102,6,],43,199.907233333333,115.783,329563,329708,145
102,0,blank,0,-323,-105,329885,330064,179
102,0,blank,0,-323,-105,330064,330258,194
102,0,blank,0,-323,-105,330258,330428,170
102,0,blank,0,-323,-105,330428,330605,177
102,0,blank,0,-323,-105,330605,330740,135
102,0,blank,0,320.9506,327.11315,330775,330848,73
102,5,gotoNextWord,30,174.3228,96.9562,330886,330926,40
102,0,blank,0,-323,-105,331397,331461,64
102,0,blank,0,152.279433333333,179.05385,332566,332750,184
102,0,blank,0,133.454266666667,166.787466666667,332750,332932,182
102,10,"Enterstring:",63,154.367583333333,218.836116666667,332932,333114,182
102,0,blank,0,163.155175,240.11255,333114,333234,120
102,0,blank,0,-323,-105,333265,333320,55
102,0,blank,0,174.992216666667,299.7523,333428,333601,173
102,0,blank,0,192.5123,336.902133333333,333601,333781,180
102,0,blank,0,203.637916666667,394.57275,333781,333960,179
102,19,w,117,223.33025,410.76725,333960,334074,114
102,0,blank,0,292.3598,473.5232,334163,334196,33
102,0,blank,0,214.5927,439.4693,334224,334284,60
102,0,blank,0,201.022966666667,476.726116666667,334316,334493,177
102,21,;,132,214.918,457.392983333333,334493,334667,174
102,0,blank,0,244.5623,484.582166666667,334667,334842,175
102,23,j,148,260.778233333333,496.185933333333,334842,335019,177
102,0,blank,0,251.710716666667,530.487116666667,335019,335192,173
102,0,blank,0,249.91636,519.08144,335192,335353,161
102,25,gotoNextWord,152,269.074733333333,544.3977,335750,335925,175
102,0,blank,0,218.987766666667,653.55225,335925,336105,180
102,29,),165,249.545333333333,635.624,336105,336286,181
102,0,blank,0,264.076316666667,570.865966666667,336286,336468,182
102,0,blank,0,265.8004,552.3567,336468,336499,31
102,31,str,189,282.5524,673.734883333333,336529,336711,182
102,31,isspace,169,255.023266666667,676.7821,336711,336894,183
102,0,blank,0,250.59465,685.093016666667,336894,337075,181
102,0,blank,0,266.07275,684.6081,337075,337259,184
102,0,blank,0,304.03475,691.2135,337259,337441,182
102,0,blank,0,-323,-105,337503,337604,101
102,0,blank,0,353.817857142857,686.933714285714,337629,337826,197
102,31,j,193,342.651066666667,681.925816666667,337826,338008,182
102,0,blank,0,362.8395,686.07835,338008,338188,180
102,0,blank,0,581.905666666667,685.440066666667,338248,338424,176
102,0,blank,0,529.0971,652.0286,338424,338603,179
102,31,str,189,496.519833333333,668.411666666667,338603,338784,181
102,0,blank,0,527.081083333333,696.981016666667,338784,338965,181
102,0,blank,0,530.2444,717.59865,338965,339026,61
102,0,blank,0,-323,-105,339057,339187,130
102,0,blank,0,471.6021,726.55,339213,339239,26
102,0,blank,0,500.780914285714,693.253028571428,339287,339483,196
102,0,blank,0,495.0524,687.024,339483,339513,30
102,31,[,190,528.534866666667,683.209066666667,339574,339754,180
102,31,[,190,526.5572,683.541733333333,339754,339934,180
102,0,blank,0,525.269666666667,698.8623,339934,340024,90
102,0,blank,0,-323,-105,340054,340210,156
102,0,blank,0,585.4599,720.2897,340236,340261,25
102,31,str,189,630.0853,666.9433,340309,340388,79
102,0,blank,0,615.837116666667,718.878416666667,340445,340624,179
102,0,blank,0,652.466016666667,715.712616666667,340624,340806,182
102,0,blank,0,652.587533333333,699.929333333333,340866,340953,87
102,0,blank,0,-323,-105,340983,341137,154
102,0,blank,0,546.3439,754.0035,341163,341188,25
102,0,blank,0,524.180666666667,702.919783333333,341238,341409,171
102,0,blank,0,523.9367,704.9319,341409,341440,31
102,0,blank,0,386.341633333333,691.396333333333,341558,341735,177
102,31,&&,178,375.1754,666.84885,341735,341796,61
102,0,blank,0,204.75205,700.880816666667,341827,342008,181
102,0,blank,0,227.605083333333,727.269466666667,342008,342189,181
102,0,blank,0,268.670016666667,708.616583333333,342189,342372,183
102,0,blank,0,295.1546,709.438383333333,342372,342555,183
102,0,blank,0,328.41705,714.75455,342555,342615,60
102,0,blank,0,-323,-105,342676,342815,139
102,0,blank,0,384.9719,711.7548,342842,342865,23
102,0,blank,0,954.356333333333,477.523816666667,342953,343133,180
102,0,blank,0,1019.0645,436.386183333333,343133,343318,185
102,0,blank,0,1013.5145,436.926066666667,343318,343504,186
102,0,blank,0,1010.71116666667,427.935716666667,343504,343690,186
102,0,blank,0,1009.10316666667,431.671033333333,343690,343875,185
102,0,blank,0,1005.50366666667,434.45015,343875,344062,187
102,0,blank,0,1006.02183333333,441.524016666667,344062,344247,185
102,0,blank,0,1015.5345,445.013966666667,344247,344436,189
102,0,blank,0,1017.6615,445.464666666667,344436,344626,190
102,0,blank,0,1024.62683333333,450.63595,344626,344815,189
102,0,blank,0,1014.87583333333,466.71495,344815,345003,188
102,0,blank,0,1015.47433333333,473.05605,345003,345193,190
102,0,blank,0,1013.91616666667,461.974166666667,345193,345383,190
103,0,blank,0,999.42,723.618,346047,346078,31
103,0,blank,0,-323,-105,346143,346246,103
103,0,blank,0,908.65,308.9591,346271,346297,26
103,0,blank,0,992.841833333333,328.039233333333,346362,346541,179
103,0,blank,0,1010.424,329.76665,346541,346729,188
103,0,blank,0,1013.69183333333,491.137433333333,346760,346950,190
103,0,blank,0,1011.944,483.8901,346950,347044,94
103,0,blank,0,366.360633333333,214.5673,347107,347299,192
103,29,wlen,164,239.9498,210.8218,347299,347393,94
103,0,blank,0,-323,-105,347425,347539,114
103,25,gotoNextWord,152,244.5463,118.11395,347565,347674,109
103,0,blank,0,-323,-105,347916,348097,181
103,0,blank,0,-323,-105,348097,348296,199
103,0,blank,0,-323,-105,348296,348472,176
103,0,blank,0,-323,-105,348472,348671,199
103,0,blank,0,-323,-105,348671,348840,169
103,0,blank,0,-323,-105,348840,349027,187
103,0,blank,0,-323,-105,349027,349223,196
103,0,blank,0,-323,-105,349223,349286,63
103,0,blank,0,-323,-105,349286,349664,378
103,0,blank,0,-323,-105,349664,349904,240
103,0,blank,0,-323,-105,349904,349997,93
103,0,blank,0,-323,-105,349997,350130,133
103,0,blank,0,-323,-105,350130,350604,474
103,0,blank,0,-323,-105,350604,350940,336
103,0,blank,0,-323,-105,350940,351125,185
103,0,blank,0,-323,-105,351125,351314,189
103,0,blank,0,-323,-105,351314,351486,172
103,0,blank,0,-323,-105,351486,351639,153
103,0,blank,0,-323,-105,351639,352053,414
103,0,blank,0,-323,-105,352053,352148,95
103,0,blank,0,-323,-105,352148,352408,260
103,0,blank,0,-323,-105,352408,352534,126
103,0,blank,0,-323,-105,352534,352717,183
103,0,blank,0,-323,-105,352717,352893,176
103,0,blank,0,-323,-105,352893,352955,62
103,0,blank,0,-323,-105,352955,353099,144
103,0,blank,0,-323,-105,353394,353478,84
103,0,blank,0,-323,-105,353478,353676,198
103,0,blank,0,-323,-105,353676,353885,209
103,0,blank,0,-323,-105,353885,354067,182
103,0,blank,0,-323,-105,354067,354165,98
103,0,blank,0,-323,-105,354303,354490,187
103,0,blank,0,-323,-105,354490,354609,119
103,0,blank,0,-323,-105,354609,354761,152
103,0,blank,0,-323,-105,354761,354951,190
103,0,blank,0,-323,-105,354951,355141,190
103,0,blank,0,-323,-105,355141,355246,105
103,0,blank,0,-323,-105,355246,355787,541
103,0,blank,0,-323,-105,355787,356137,350
103,0,blank,0,-323,-105,356137,356254,117
103,0,blank,0,-323,-105,356254,356443,189
103,0,blank,0,-323,-105,356443,356631,188
103,0,blank,0,-323,-105,356631,356810,179
103,0,blank,0,-323,-105,356810,356975,165
103,0,blank,0,-323,-105,356975,357826,851
103,0,blank,0,-323,-105,357826,358021,195
103,0,blank,0,-323,-105,358021,358206,185
103,0,blank,0,-323,-105,358206,358300,94
103,0,blank,0,-323,-105,358300,358490,190
103,0,blank,0,-323,-105,358490,358676,186
103,0,blank,0,-323,-105,358676,358765,89
103,0,blank,0,-323,-105,358765,358980,215
103,0,blank,0,-323,-105,358980,359855,875
103,0,blank,0,-323,-105,359855,360037,182
103,0,blank,0,-323,-105,360037,360091,54
103,0,blank,0,-323,-105,360620,360656,36
103,31,0,196,713.33,260.3127,360880,360918,38
103,0,blank,0,332.7224,389.0792,361164,361189,25
103,33,wcount,199,235.2547,294.825775,361230,361395,165
103,33,wcount,199,253.568066666667,301.524233333333,361395,361521,126
103,33,wcount,199,237.0377,295.6821,361521,361609,88
103,0,blank,0,157.2026,252.5904,361609,361801,192
103,29,j,162,156.27325,204.58315,361801,361858,57
103,0,blank,0,-323,-105,361887,361967,80
103,0,blank,0,180.0233,200.4072,361998,362054,56
103,0,blank,0,163.7231,179.0819,362118,362295,177
103,31,isspace,169,206.595228571429,248.419814285714,362295,362491,196
103,0,blank,0,205.68245,243.634166666667,362491,362673,182
103,0,blank,0,198.741833333333,235.940766666667,362673,362852,179
103,0,blank,0,202.7092,234.9686,362852,362882,30
103,0,blank,0,-323,-105,362912,362993,81
103,33,wcount,199,240.3514,309.224366666667,363083,363243,160
103,0,blank,0,287.6481,324.7188,363243,363285,42
103,0,blank,0,-323,-105,363442,363622,180
103,0,blank,0,-323,-105,363622,363813,191
103,0,blank,0,-323,-105,363813,364004,191
103,0,blank,0,-323,-105,364004,364053,49
103,0,blank,0,-323,-105,364053,365050,997
103,0,blank,0,-323,-105,365050,365203,153
103,0,blank,0,-323,-105,365203,365548,345
103,0,blank,0,-323,-105,365548,365660,112
103,0,blank,0,-323,-105,365660,366277,617
103,0,blank,0,-323,-105,366277,366448,171
103,0,blank,0,-323,-105,366448,366644,196
103,0,blank,0,-323,-105,366644,368116,1472
103,0,blank,0,-323,-105,368116,368252,136
103,0,blank,0,320.2356,482.7542,368289,368308,19
103,0,blank,0,180.49345,522.906425,368424,368565,141
103,0,blank,0,268.900266666667,316.709016666667,369461,369659,198
103,34,;,205,267.7894,333.9553,369659,369807,148
103,0,blank,0,-323,-105,370620,370763,143
103,0,blank,0,-323,-105,370763,370931,168
103,0,blank,0,-323,-105,370931,371102,171
103,0,blank,0,-323,-105,371102,371583,481
103,0,blank,0,-323,-105,371583,372776,1193
103,0,blank,0,-323,-105,372776,372974,198
103,0,blank,0,-323,-105,372974,373023,49
103,0,blank,0,-323,-105,373023,373193,170
103,0,blank,0,-323,-105,373193,373365,172
103,0,blank,0,-323,-105,373365,373551,186
103,0,blank,0,-323,-105,373551,373696,145
103,0,blank,0,-323,-105,373696,374293,597
103,0,blank,0,-323,-105,374293,374435,142
103,0,blank,0,-323,-105,374435,374516,81
103,0,blank,0,-323,-105,374516,375191,675
103,0,blank,0,-323,-105,375191,375382,191
103,0,blank,0,-323,-105,375382,375734,352
103,0,blank,0,-323,-105,375895,376074,179
103,0,blank,0,-323,-105,376074,376213,139
103,0,blank,0,-323,-105,376213,376339,126
103,0,blank,0,-323,-105,376339,376537,198
103,0,blank,0,-323,-105,376537,376729,192
103,0,blank,0,-323,-105,376729,376900,171
103,0,blank,0,-323,-105,376900,377081,181
103,0,blank,0,169.591066666667,639.768,377681,377858,177
103,49,str,258,186.948133333333,659.1172,377858,377945,87
103,49,str,258,424.97125,656.987333333333,378230,378417,187
103,0,blank,0,413.262,668.3094,378417,378573,156
103,49,i,260,629.16745,650.78495,378604,378787,183
103,0,blank,0,608.54285,635.067933333333,378787,378969,182
103,0,blank,0,607.298775,629.516725,378969,379090,121
103,0,blank,0,699.14,634.944733333333,379120,379210,90
103,0,blank,0,-323,-105,379270,379404,134
103,49,ispunct,248,402.86038,661.70976,379430,379563,133
103,0,blank,0,151.11976,701.50098,379593,379770,177
103,0,blank,0,233.105816666667,690.904916666667,379770,379950,180
103,0,blank,0,231.93695,681.459166666667,379950,380128,178
103,0,blank,0,238.1729,690.11695,380128,380305,177
103,0,blank,0,261.238,695.957,380305,380335,30
103,49,str,258,431.905516666667,662.33265,380365,380543,178
103,49,ispunct,248,389.322666666667,660.37475,380543,380722,179
103,0,blank,0,380.714133333333,670.3788,380722,380903,181
103,0,blank,0,463.253,656.3178,380903,380933,30
103,49,!=,262,658.74195,650.69,380963,381142,179
103,0,blank,0,622.00055,628.191183333333,381142,381319,177
103,0,blank,0,-323,-105,381348,381484,136
103,49,!=,262,673.613628571429,660.013771428571,381509,381706,197
103,49,0,263,687.221,647.92115,381706,381765,59
103,0,blank,0,112.2376,722.2625,382079,382108,29
103,0,blank,0,217.7037,-103.9642,382138,382168,30
103,0,blank,0,127.183483333333,681.780983333333,382197,382374,177
103,0,blank,0,119.56745,664.304483333333,382374,382552,178
103,0,blank,0,118.02985,669.72595,382552,382611,59
103,0,blank,0,115.411925,742.23855,382700,382817,117
103,0,blank,0,254.1781,766.159266666667,382905,383045,140
103,0,blank,0,-323,-105,383075,383270,195
103,49,isspace,238,157.316114285714,655.464228571429,383370,383566,196
103,0,blank,0,157.29105,736.3516,383566,383625,59
103,0,blank,0,148.4452,736.4081,383686,383746,60
103,0,blank,0,124.7411,740.8479,383807,383836,29
103,0,blank,0,117.3211,723.8668,383897,383926,29
103,0,blank,0,184.3915,-103.9645,383955,383987,32
103,0,blank,0,128.4615,727.1001,384016,384045,29
103,0,blank,0,159.4866,776.2548,384104,384132,28
103,0,blank,0,125.903383333333,672.781483333333,384162,384340,178
103,0,blank,0,122.312066666667,671.048316666667,384340,384519,179
103,0,blank,0,119.465983333333,706.225916666667,384519,384698,179
103,0,blank,0,126.626733333333,716.264133333333,384698,384877,179
103,0,blank,0,119.15505,711.094366666667,384877,385061,184
103,0,blank,0,118.314966666667,709.708683333333,385061,385239,178
103,0,blank,0,109.8067,726.883875,385239,385359,120
103,0,blank,0,-323,-105,385419,385521,102
103,0,blank,0,1005.7245,264.202333333333,385630,385801,171
103,0,blank,0,1008.978,293.46685,385801,385861,60
103,0,blank,0,1012.47083333333,436.004,385892,386077,185
103,0,blank,0,1005.72216666667,394.916733333333,386077,386257,180
103,0,blank,0,998.783333333333,369.5931,386257,386442,185
103,0,blank,0,1009.25766666667,362.849483333333,386442,386625,183
103,0,blank,0,1015.553,333.99545,386625,386686,61
103,0,blank,0,1004.82,54.2503666666667,386717,386811,94
104,0,blank,0,177.848533333333,412.451016666667,387378,387569,191
104,0,blank,0,136.476866666667,370.142216666667,387569,387757,188
104,17,slen,107,146.5999,358.471533333333,387757,387940,183
104,0,blank,0,187.571533333333,354.876283333333,387940,388122,182
104,16,0,101,213.19955,348.627333333333,388122,388307,185
104,16,0,101,222.48015,351.5879,388307,388368,61
104,0,blank,0,-323,-105,388398,388479,81
104,16,=,100,111.4891,347.7379,388504,388555,51
104,16,=,100,197.824216666667,346.262533333333,388622,388795,173
104,16,0,101,214.59015,344.30145,388795,388976,181
104,15,strlen,90,154.442433333333,328.982566666667,388976,389159,183
104,15,strlen,90,123.900066666667,319.638983333333,389159,389345,186
104,15,strlen,90,116.2219,321.863266666667,389345,389532,187
104,15,;,94,209.207933333333,313.27115,389532,389716,184
104,0,blank,0,212.848433333333,312.37005,389716,389902,186
104,26,break,156,216.71035,554.78645,389933,390120,187
104,0,blank,0,271.775216666667,571.604883333333,390120,390304,184
104,0,blank,0,269.095,564.0903,390304,390365,61
104,19,==,116,192.815783333333,408.443783333333,390396,390580,184
104,19,==,116,198.826133333333,404.108033333333,390580,390672,92
104,0,blank,0,-323,-105,390702,390808,106
104,15,;,94,208.6053,324.2119,390833,390858,25
104,14,str,85,198.36938,309.48886,390916,391059,143
104,0,blank,0,223.335466666667,112.4897,391090,391279,189
104,0,blank,0,216.274466666667,93.8427166666667,391279,391468,189
104,1,*,6,214.616166666667,19.0780333333333,391468,391656,188
104,0,blank,0,238.369666666667,30.1057166666667,391656,391842,186
104,0,blank,0,251.766883333333,18.9376666666667,391842,392031,189
104,0,blank,0,256.4704,9.28785,392031,392094,63
104,0,blank,0,226.6404,329.8671,392157,392345,188
104,15,w,92,194.746216666667,328.6749,392345,392532,187
104,15,(,91,179.782933333333,324.976133333333,392532,392625,93
104,0,blank,0,-323,-105,392656,392738,82
104,14,strlen,83,152.7585,305.4977,392770,392809,39
104,14,strlen,83,162.589716666667,300.279766666667,392873,393046,173
104,14,),86,218.3639,293.473433333333,393046,393230,184
104,14,),86,217.4352,297.3277,393230,393261,31
104,0,blank,0,104.201316666667,289.41675,393290,393470,180
104,13,w,78,101.5566,286.43675,393470,393528,58
104,0,blank,0,-323,-105,393614,393689,75
104,0,blank,0,190.3758,285.024542857143,393789,393982,193
104,14,;,87,229.47484,299.10582,393982,394175,193
104,0,blank,0,234.825766666667,304.242666666667,394175,394355,180
104,15,w,92,193.570016666667,311.064033333333,394355,394537,182
104,14,strlen,83,116.889025,298.04725,394537,394655,118
104,15,strlen,90,118.4231,326.3019,394655,394867,212
104,0,blank,0,108.8201,318.8382,394867,394943,76
104,0,blank,0,-323,-105,395005,395106,101
104,0,blank,0,202.0688,325.669833333333,395132,395302,170
104,0,blank,0,216.430916666667,327.864133333333,395302,395488,186
104,16,=,100,196.861383333333,350.775883333333,395488,395675,187
104,17,slen,107,145.9087,358.9328,395675,395853,178
104,16,wcount,99,144.210225,337.760725,395853,396023,170
104,0,blank,0,234.367133333333,321.1038,396023,396168,145
104,0,blank,0,-323,-105,396221,396351,130
104,0,blank,0,226.3646,373.4604,396378,396404,26
104,0,blank,0,209.93895,362.00865,396457,396623,166
104,0,blank,0,241.2175,398.0729,396623,396723,100
104,0,blank,0,219.5506,392.5755,396723,396908,185
104,0,blank,0,197.19385,375.343933333333,396908,397099,191
104,19,0,119,238.11315,417.408883333333,397099,397283,184
104,0,blank,0,252.127766666667,440.35345,397283,397469,186
104,0,blank,0,194.236783333333,394.712166666667,397469,397655,186
104,0,blank,0,154.055,382.2578,397655,397810,155
104,0,blank,0,-323,-105,397840,397947,107
104,0,blank,0,134.6285,378.5723,397972,397998,26
104,0,blank,0,143.50785,369.1766,398054,398228,174
104,17,slen,107,178.7817,373.0827,398228,398413,185
104,17,),108,189.196533333333,368.047383333333,398413,398597,184
104,17,slen,107,174.2479,367.989766666667,398597,398783,186
104,0,blank,0,200.862216666667,374.958533333333,398783,398967,184
104,0,blank,0,199.888633333333,374.547133333333,398967,399152,185
104,0,blank,0,192.2034,377.155466666667,399152,399333,181
104,0,blank,0,181.4506,399.9048,399333,399364,31
104,0,blank,0,-323,-105,399395,399499,104
104,19,==,116,196.0204,399.2521,399533,399580,47
104,0,blank,0,212.244,615.716016666667,399669,399851,182
104,29,wlen,164,241.836266666667,637.992583333333,399851,400032,181
104,0,blank,0,251.5673,641.9017,400032,400062,30
104,0,blank,0,185.69085,387.467883333333,400092,400278,186
104,0,blank,0,154.878433333333,376.599933333333,400278,400463,185
104,0,blank,0,139.488733333333,375.510366666667,400463,400651,188
104,17,slen,107,181.628066666667,375.02275,400651,400839,188
104,17,),108,189.306366666667,371.661083333333,400839,401024,185
104,0,blank,0,205.201833333333,371.85975,401024,401208,184
104,0,blank,0,203.153866666667,374.87175,401208,401393,185
104,0,blank,0,-323,-105,401454,401554,100
104,14,str,85,197.927528571429,302.465171428571,401580,401776,196
104,14,str,85,201.1742,307.322625,401776,401900,124
104,0,blank,0,1029.2735,232.45415,402048,402220,172
104,0,blank,0,1009.57333333333,228.822983333333,402220,402404,184
104,0,blank,0,1009.49366666667,234.0392,402404,402585,181
104,0,blank,0,1004.42666666667,231.844483333333,402585,402771,186
104,0,blank,0,1007.5745,243.687383333333,402771,402955,184
104,0,blank,0,1010.68233333333,240.871333333333,402955,403142,187
104,0,blank,0,1015.15183333333,239.321766666667,403142,403330,188
104,0,blank,0,1019.00183333333,241.5635,403330,403519,189
104,0,blank,0,-323,-105,403582,403686,104
104,0,blank,0,172.617,422.7731,403712,403738,26
104,0,blank,0,172.3703,416.834016666667,403792,403968,176
104,0,blank,0,175.15758,411.36268,403968,404123,155
105,0,blank,0,164.837516666667,491.38485,404674,404859,185
105,44,"Wordcount:%d\n",222,147.680383333333,534.0697,404859,405043,184
105,0,blank,0,136.204666666667,527.2088,405043,405228,185
105,0,blank,0,118.014,509.6232,405228,405257,29
105,0,blank,0,-323,-105,405318,405422,104
105,45,0,228,118.6877,561.3411,405509,405533,24
105,45,0,228,113.309633333333,569.2934,405588,405771,183
105,45,0,228,116.849233333333,574.509716666667,405771,405950,179
105,44,"Wordcount:%d\n",222,128.954066666667,547.2393,405950,406134,184
105,0,blank,0,137.031066666667,508.449083333333,406134,406321,187
105,0,blank,0,139.234175,487.33795,406321,406444,123
105,0,blank,0,123.18015,517.88975,406444,406638,194
105,0,blank,0,103.2385,530.87506,406638,406791,153
105,0,blank,0,-323,-105,406823,406953,130
105,47,gotoNextWord,232,127.9877,615.00502,407053,407195,142
105,0,blank,0,278.998683333333,580.1309,407225,407410,185
105,0,blank,0,226.72385,561.0785,407410,407600,190
105,44,"Wordcount:%d\n",222,219.6771,550.4779,407600,407632,32
105,44,wcount,224,340.85955,544.979125,407664,407791,127
105,0,blank,0,197.63185,474.955616666667,407823,408010,187
105,0,blank,0,195.10295,485.2146,408010,408074,64
105,0,blank,0,-323,-105,408106,408244,138
105,0,blank,0,140.1556,578.7606,408270,408296,26
105,0,blank,0,190.332733333333,498.957133333333,408367,408547,180
105,0,blank,0,239.088216666667,475.54455,408547,408734,187
105,40,gotoNextWord,211,203.831383333333,463.931616666667,408734,408922,188
105,0,blank,0,157.433716666667,430.723933333333,408922,409110,188
105,0,blank,0,129.32865,413.14955,409110,409175,65
105,0,blank,0,176.0384,767.3548,409245,409336,91
105,0,blank,0,232.425,786.8581,409336,409722,386
105,0,blank,0,-323,-105,409902,409929,27
105,0,blank,0,114.7005,702.5362,410117,410179,62
105,0,blank,0,150.924975,749.7886,410245,410366,121
105,0,blank,0,106.829116666667,716.519616666667,410453,410640,187
105,49,while,236,66.6287,663.77685,410640,410763,123
105,0,blank,0,-323,-105,411067,411215,148
105,0,blank,0,-323,-105,411215,411371,156
105,0,blank,0,75.23708,598.2995,411403,411570,167
105,0,blank,0,72.2864333333333,598.801,411570,411711,141
105,0,blank,0,70.520825,640.960975,412066,412246,180
105,0,blank,0,81.1219,669.0023,412246,412430,184
105,0,blank,0,81.5499,675.0885,412430,412462,32
105,0,blank,0,-323,-105,412726,412898,172
105,50,;,267,93.2570333333334,674.920933333333,413007,413184,177
105,50,i,265,89.91182,682.07904,413184,413375,191
105,0,blank,0,93.3808,669.3859,413375,413409,34
105,0,blank,0,73.2693,576.2194,413658,413838,180
105,47,gotoNextWord,232,54.9172,605.9668,413838,413886,48
105,0,blank,0,64.119,624.6985,413980,414072,92
105,49,(,249,102.6761,647.2052,414168,414261,93
105,0,blank,0,-323,-105,414586,414781,195
105,0,blank,0,130.6669,753.7521,414834,414984,150
105,0,blank,0,-323,-105,415265,415448,183
105,0,blank,0,-323,-105,415448,415477,29
105,0,blank,0,174.71288,386.95448,415651,415807,156
105,0,blank,0,134.0146,416.745725,415807,415999,192
105,0,blank,0,146.069825,436.42235,415999,416177,178
105,0,blank,0,161.70075,444.584675,416177,416353,176
105,40,gotoNextWord,211,129.707775,459.2371,416353,416524,171
105,42,;,218,116.009225,505.350125,416524,416702,178
105,0,blank,0,134.2365,509.4865,416702,416733,31
105,0,blank,0,-323,-105,416792,416822,30
105,40,gotoNextWord,211,225.57175,460.3453,416922,417030,108
105,0,blank,0,250.3193,479.1387,417030,417125,95
105,0,blank,0,279.51555,488.6223,417125,417306,181
105,0,blank,0,218.600466666667,484.82695,417306,417489,183
105,0,blank,0,158.613716666667,437.180933333333,417489,417674,185
105,40,gotoNextWord,211,193.892933333333,463.6764,417674,417861,187
105,0,blank,0,216.505775,476.8447,417861,417982,121
105,0,blank,0,-323,-105,418014,418118,104
105,40,gotoNextWord,211,219.414366666667,461.274066666667,418159,418326,167
105,42,;,218,120.2868,499.62565,418369,418545,176
105,42,;,218,117.004175,496.366175,418545,418724,179
105,0,blank,0,136.0609,509.2194,418724,418769,45
105,40,),213,255.905425,462.393,418813,418995,182
105,40,(,212,250.32402,464.81804,418995,419191,196
105,0,blank,0,257.504325,495.013325,419191,419316,125
105,0,blank,0,-323,-105,419737,419892,155
105,0,blank,0,-323,-105,419892,419940,48
105,0,blank,0,-323,-105,419940,420201,261
105,0,blank,0,17.726,582.6434,420384,420434,50
105,0,blank,0,80.05415,637.0119,420478,420611,133
105,0,blank,0,106.1151,626.2923,420791,420842,51
105,0,blank,0,204.4077,399.549833333333,420888,421048,160
105,0,blank,0,197.35125,442.863525,421048,421242,194
105,0,blank,0,-323,-105,421289,421442,153
105,0,blank,0,185.393916666667,517.457566666667,421466,421655,189
105,0,blank,0,211.5728,506.781633333333,421655,421853,198
105,0,blank,0,214.836316666667,476.287883333333,421853,422045,192
105,40,gotoNextWord,211,160.868233333333,449.778866666667,422045,422140,95
105,0,blank,0,-323,-105,422205,422387,182
105,0,blank,0,-323,-105,422387,422567,180
105,0,blank,0,-323,-105,422567,422713,146
105,0,blank,0,-323,-105,422713,422903,190
105,0,blank,0,-323,-105,422903,422970,67
105,0,blank,0,-323,-105,422970,423159,189
105,0,blank,0,-323,-105,423464,423642,178
105,0,blank,0,-323,-105,423642,423836,194
105,0,blank,0,81.3575,670.3461,423874,423914,40
105,50,;,267,100.4563,681.5649,424003,424152,149
105,0,blank,0,57.2152,621.130666666667,424198,424336,138
105,47,gotoNextWord,232,112.519733333333,613.741966666667,424383,424509,126
105,0,blank,0,196.635483333333,444.72015,424539,424729,190
105,40,gotoNextWord,211,179.181883333333,445.647966666667,424729,424919,190
105,0,blank,0,151.338933333333,421.188333333333,424919,425107,188
105,40,gotoNextWord,211,176.69775,447.093966666667,425107,425298,191
105,40,gotoNextWord,211,207.443966666667,462.7325,425298,425487,189
105,40,),213,256.562633333333,459.306666666667,425487,425583,96
105,0,blank,0,-323,-105,425646,425726,80
105,0,blank,0,210.0726,476.9261,425803,425829,26
105,40,gotoNextWord,211,194.073716666667,450.379033333333,426275,426454,179
105,0,blank,0,-323,-105,426516,426623,107
105,0,blank,0,150.6044,469.5267,426665,426717,52
105,40,gotoNextWord,211,182.72785,461.208333333333,426779,426955,176
105,40,gotoNextWord,211,185.66445,451.8184,426955,427141,186
105,0,blank,0,149.186366666667,424.267983333333,427141,427326,185
105,0,blank,0,143.436016666667,424.195183333333,427326,427509,183
105,0,blank,0,166.8305,442.971,427509,427693,184
105,40,gotoNextWord,211,155.302333333333,454.772533333333,427693,427877,184
105,0,blank,0,134.0794,468.29505,427877,428062,185
105,0,blank,0,130.681033333333,479.028016666667,428062,428247,185
105,0,blank,0,126.011466666667,481.036283333333,428247,428430,183
105,0,blank,0,124.829566666667,442.879433333333,428430,428615,185
105,0,blank,0,125.45415,473.531716666667,428615,428798,183
105,42,;,218,120.555166666667,502.848166666667,428798,428980,182
105,42,;,218,118.0355,499.512033333333,428980,429072,92
105,0,blank,0,-323,-105,429103,429210,107
105,0,blank,0,136.6002,491.1653,429236,429271,35
105,0,blank,0,181.736583333333,488.401416666667,429333,429504,171
105,40,gotoNextWord,211,187.918866666667,464.740966666667,429504,429689,185
105,40,gotoNextWord,211,176.85235,463.0501,429689,429872,183
105,40,;,214,266.9285,452.2853,429872,430055,183
105,0,blank,0,278.06206,463.88404,430055,430206,151
105,0,blank,0,-323,-105,430572,430769,197
105,0,blank,0,-323,-105,430857,430908,51
105,0,blank,0,113.04606,443.84024,431514,431698,184
105,0,blank,0,116.4531,427.06426,431698,431866,168
105,0,blank,0,121.85442,434.79856,431866,432036,170
105,0,blank,0,121.92135,438.97415,432036,432106,70
105,0,blank,0,175.18196,281.06494,432140,432309,169
105,32,{,198,163.80094,282.89864,432309,432481,172
105,0,blank,0,153.47648,238.99698,432481,432652,171
105,0,blank,0,155.00025,231.2584,432652,432790,138
105,0,blank,0,-323,-105,432825,432912,87
105,0,blank,0,138.2356,510.7636,432940,432976,36
105,0,blank,0,140.842866666667,438.65465,433057,433252,195
105,40,gotoNextWord,211,163.26694,445.1381,433252,433425,173
105,0,blank,0,142.47292,504.85804,433425,433598,173
105,0,blank,0,135.35104,523.8354,433598,433769,171
105,44,"Wordcount:%d\n",222,137.14268,545.3347,433769,433936,167
105,0,blank,0,-323,-105,433969,434054,85
105,0,blank,0,164.6135,707.9643,434094,434145,51
105,0,blank,0,151.7604,683.6124,434275,434432,157
105,0,blank,0,662.88544,640.51734,434498,434667,169
105,49,0,263,673.24082,651.03054,434667,434835,168
105,0,blank,0,278.7468,-103.9807,434996,435188,192
105,0,blank,0,-323,-105,435223,435360,137
105,0,blank,0,-323,-105,435360,435429,69
105,0,blank,0,165.2156,408.114666666667,435458,435638,180
105,40,gotoNextWord,211,202.878083333333,452.019333333333,435638,435830,192
105,0,blank,0,217.11745,477.208783333333,435830,436022,192
105,0,blank,0,217.640216666667,479.431116666667,436022,436212,190
105,0,blank,0,276.082466666667,479.615433333333,436212,436308,96
105,0,blank,0,-323,-105,436370,436486,116
105,0,blank,0,262.417916666667,467.657966666667,436513,436691,178
105,0,blank,0,229.324766666667,471.545666666667,436691,436878,187
105,0,blank,0,204.12425,476.880383333333,436878,437063,185
105,0,blank,0,234.742883333333,474.0078,437063,437249,186
105,0,blank,0,253.022566666667,476.7593,437249,437377,128
105,0,blank,0,262.5176,480.3234,437377,437497,120
105,40,(,212,248.48675,465.9983,437497,437681,184
105,40,gotoNextWord,211,238.23876,464.92006,437681,437842,161
105,0,blank,0,-323,-105,437872,438005,133
105,0,blank,0,270.885283333333,344.6181,438096,438269,173
105,34,j,204,262.546666666667,332.6133,438269,438452,183
105,0,blank,0,244.322875,348.26785,438452,438574,122
105,44,"Wordcount:%d\n",222,191.084866666667,544.8788,438604,438789,185
105,44,"Wordcount:%d\n",222,206.1788,543.6362,438789,438818,29
105,0,blank,0,189.76935,705.59765,438848,438974,126
105,0,blank,0,146.5805,577.1519,439149,439178,29
105,0,blank,0,-323,-105,439272,439405,133
105,44,"Wordcount:%d\n",222,138.3683,533.2026,439431,439462,31
105,0,blank,0,134.016416666667,523.057416666667,439535,439712,177
105,0,blank,0,118.351816666667,510.683516666667,439712,439894,182
105,44,"Wordcount:%d\n",222,128.427883333333,539.289283333333,439894,440075,181
105,0,blank,0,131.3601,585.07464,440075,440222,147
105,0,blank,0,190.306433333333,517.134233333333,440255,440436,181
105,0,blank,0,194.83765,480.9703,440436,440496,60
105,0,blank,0,147.23025,740.238175,440556,440675,119
105,0,blank,0,200.9621,-103.9767,440705,441100,395
105,0,blank,0,145.7514,779.7894,441298,441744,446
105,0,blank,0,183.1162,793.1474,441744,441773,29
105,0,blank,0,-323,-105,442001,442144,143
105,0,blank,0,193.324533333333,374.441533333333,442172,442348,176
105,40,gotoNextWord,211,196.0573,451.73475,442348,442534,186
105,0,blank,0,226.282466666667,391.03415,442534,442719,185
105,33,wcount,199,260.570716666667,294.53995,442719,442905,186
105,0,blank,0,268.225566666667,312.6866,442905,443093,188
105,33,wcount,199,253.1406,305.141933333333,443093,443282,189
105,0,blank,0,247.271566666667,311.245366666667,443282,443376,94
105,0,blank,0,-323,-105,443407,443516,109
105,0,blank,0,296.9492,306.2193,443542,443568,26
105,33,;,201,289.4507,305.1169,443619,443793,174
105,0,blank,0,268.46695,271.889266666667,443793,443981,188
105,0,blank,0,250.939725,186.224325,443981,444110,129
105,0,blank,0,289.869666666667,140.527183333333,444173,444357,184
105,0,blank,0,316.040333333333,138.130916666667,444357,444541,184
105,0,blank,0,-323,-105,444602,444709,107
105,0,blank,0,241.0654,312.5469,444735,444760,25
105,33,wcount,199,222.8447,306.923366666667,444811,444889,78
105,0,blank,0,340.6356,501.1901,444919,444949,30
105,33,;,201,290.568,300.759466666667,444979,445073,94
105,0,blank,0,-323,-105,445229,445309,80
105,0,blank,0,279.35538,288.417,445386,445526,140
105,34,+=,203,237.61994,328.6446,445526,445705,179
105,34,+=,203,236.398566666667,321.4468,445705,445888,183
105,34,+=,203,233.06324,325.4079,445888,446065,177
105,0,blank,0,234.0376,347.8447,446065,446096,31
105,0,blank,0,-323,-105,446127,446235,108
105,0,blank,0,259.002371428571,316.763285714286,446259,446458,199
105,0,blank,0,254.053583333333,316.75115,446458,446644,186
105,0,blank,0,250.59995,315.415233333333,446644,446831,187
105,0,blank,0,255.447516666667,335.357666666667,446831,447015,184
105,34,j,204,259.314516666667,324.266733333333,447015,447200,185
105,0,blank,0,250.808,312.9375,447200,447230,30
105,0,blank,0,-323,-105,447259,447392,133
105,0,blank,0,288.1901,324.523466666667,447417,447594,177
105,0,blank,0,281.727383333333,312.692216666667,447594,447781,187
105,0,blank,0,254.275933333333,368.5294,447781,447971,190
105,0,blank,0,192.092166666667,420.565333333333,447971,448157,186
105,0,blank,0,227.983683333333,314.078366666667,448157,448343,186
105,34,j,204,254.8058,330.9027,448343,448373,30
105,0,blank,0,128.078983333333,433.512183333333,448404,448593,189
105,0,blank,0,144.17576,426.63584,448593,448751,158
105,0,blank,0,-323,-105,448783,448915,132
105,40,gotoNextWord,211,177.239333333333,458.805183333333,449032,449205,173
105,0,blank,0,188.28415,473.294483333333,449205,449389,184
105,40,gotoNextWord,211,215.6303,454.8977,449389,449420,31
105,0,blank,0,208.1824,425.65942,449478,449676,198
105,0,blank,0,233.142375,443.024475,449676,449840,164
105,40,gotoNextWord,211,232.7258,445.9199,449840,449920,80
105,44,"Wordcount:%d\n",222,122.8472,535.509525,449962,450128,166
105,0,blank,0,117.867033333333,519.273,450128,450255,127
105,0,blank,0,-323,-105,450295,450388,93
105,0,blank,0,69.5626166666667,469.786516666667,450512,450686,174
105,0,blank,0,71.7455666666667,464.26375,450686,450866,180
105,0,blank,0,70.7323666666667,475.935683333333,450866,451047,181
105,0,blank,0,59.8512,459.851183333333,451047,451228,181
105,0,blank,0,82.35625,471.587433333333,451228,451413,185
105,0,blank,0,62.5857,458.62835,451413,451476,63
105,0,blank,0,-234.02255,642.50075,451508,451569,61
105,0,blank,0,-123.21045,764.1631,451601,451671,70
105,0,blank,0,175.406466666667,529.3852,451732,451919,187
105,0,blank,0,171.868083333333,481.189316666667,451919,452096,177
105,0,blank,0,153.1961,486.0315,452096,452246,150
105,0,blank,0,-323,-105,452276,452454,178
105,0,blank,0,165.682733333333,479.231533333333,452481,452654,173
105,40,gotoNextWord,211,139.91475,461.078533333333,452716,452900,184
105,0,blank,0,159.577683333333,414.624666666667,452900,453077,177
105,0,blank,0,153.038416666667,434.7515,453077,453257,180
105,0,blank,0,144.9584,474.44455,453257,453378,121
105,0,blank,0,145.1368,485.32855,453439,453499,60
105,0,blank,0,-323,-105,453561,453664,103
105,0,blank,0,157.3581,469.4022,453710,453769,59
105,0,blank,0,154.4402,499.408875,453838,453955,117
105,0,blank,0,159.00835,495.226725,454018,454144,126
105,42,;,218,115.480575,508.553625,454174,454343,169
105,0,blank,0,117.979633333333,491.354233333333,454343,454472,129
105,0,blank,0,-323,-105,454516,454711,195
105,0,blank,0,-323,-105,454711,454891,180
105,0,blank,0,-323,-105,454891,455083,192
105,0,blank,0,-323,-105,455083,455189,106
105,44,"Wordcount:%d\n",222,124.6155,542.7977,455222,455305,83
105,44,"Wordcount:%d\n",222,173.2277,540.846733333333,455305,455498,193
105,44,"Wordcount:%d\n",222,197.528625,544.92405,455498,455675,177
105,0,blank,0,233.72848,566.21478,455675,455869,194
105,0,blank,0,255.1066,594.5926,455869,456022,153
105,0,blank,0,-323,-105,456082,456183,101
105,0,blank,0,289.9194,610.3557,456212,456251,39
105,0,blank,0,291.973433333333,557.03635,456315,456489,174
105,44,"Wordcount:%d\n",222,284.218033333333,541.0242,456489,456677,188
105,0,blank,0,286.406483333333,522.173433333333,456677,456858,181
105,44,"Wordcount:%d\n",222,291.908233333333,548.949516666667,456858,457041,183
105,0,blank,0,283.459283333333,566.33295,457041,457218,177
105,0,blank,0,314.531066666667,599.075533333333,457218,457396,178
105,0,blank,0,309.202,632.1664,457396,457426,30
105,0,blank,0,-323,-105,457484,457611,127
105,0,blank,0,174.8427,560.9282,457840,458003,163
105,0,blank,0,100.745933333333,593.6437,458071,458249,178
105,0,blank,0,120.18535,578.6785,458249,458368,119
105,0,blank,0,-323,-105,458398,458529,131
105,0,blank,0,108.094633333333,472.487933333333,458554,458677,123
105,0,blank,0,66.620975,635.86445,458719,458889,170
105,0,blank,0,96.068925,629.008175,458889,459059,170
105,0,blank,0,110.8146,637.8405,459059,459102,43
105,0,blank,0,85.434325,556.062225,459142,459308,166
105,45,return,227,96.2871,565.6805,459308,459351,43
105,0,blank,0,137.1115,630.4543,459394,459561,167
105,0,blank,0,-323,-105,459851,459982,131
105,0,blank,0,79.29784,713.29374,460079,460220,141
105,0,blank,0,58.4266333333333,701.255933333333,460220,460343,123
105,31,isspace,169,210.3797,247.7377,460407,460594,187
105,25,gotoNextWord,152,206.624516666667,128.579966666667,460594,460777,183
105,23,(,138,188.56995,87.7167666666667,460777,460962,185
105,26,break,156,247.092883333333,142.096366666667,460962,461146,184
105,0,blank,0,289.552833333333,142.886816666667,461146,461327,181
105,0,blank,0,276.241716666667,150.76995,461327,461510,183
105,26,;,157,257.1194,152.9977,461510,461695,185
105,0,blank,0,266.9474,160.6544,461695,461725,30
105,0,blank,0,-323,-105,461756,461862,106
105,26,;,157,259.600885714286,141.189885714286,461887,462079,192
105,0,blank,0,321.638716666667,114.678816666667,462079,462258,179
105,0,blank,0,320.8324,139.19265,462258,462439,181
105,0,blank,0,281.840566666667,162.64975,462439,462621,182
105,0,blank,0,253.95275,176.54955,462621,462681,60
105,0,blank,0,168.6633,715.1118,462743,462886,143
105,0,blank,0,253.307433333333,161.623666666667,463184,463368,184
105,0,blank,0,259.9641,165.226616666667,463368,463554,186
105,0,blank,0,257.161916666667,167.536233333333,463554,463739,185
105,0,blank,0,252.979216666667,174.494,463739,463924,185
105,0,blank,0,224.94715,193.6607,463924,463985,61
105,0,blank,0,-323,-105,464015,464122,107
105,0,blank,0,177.225116666667,243.972483333333,464147,464316,169
105,0,blank,0,238.94875,105.733183333333,464347,464532,185
105,0,blank,0,262.8198,168.3117,464532,464593,61
105,0,blank,0,-323,-105,466118,466532,414
105,0,blank,0,-323,-105,466532,466706,174
105,0,blank,0,-323,-105,466706,466899,193
105,0,blank,0,-323,-105,466899,467081,182
105,0,blank,0,-323,-105,467081,467637,556
105,0,blank,0,-323,-105,467637,468178,541
105,0,blank,0,-323,-105,468178,468382,204
105,0,blank,0,-323,-105,468382,468708,326
105,0,blank,0,-323,-105,468708,468906,198
105,0,blank,0,-323,-105,468906,469042,136
105,0,blank,0,-323,-105,469042,469119,77
105,0,blank,0,-323,-105,469119,469379,260
105,0,blank,0,-323,-105,469379,469474,95
105,0,blank,0,-323,-105,469474,469714,240
105,0,blank,0,-323,-105,469714,470067,353
105,0,blank,0,-323,-105,470067,470244,177
105,0,blank,0,-323,-105,470244,470410,166
105,0,blank,0,-323,-105,470410,470583,173
105,0,blank,0,-323,-105,470583,470774,191
105,0,blank,0,-323,-105,470774,470851,77
105,0,blank,0,-323,-105,470937,471136,199
105,0,blank,0,-323,-105,471136,471326,190
105,0,blank,0,-323,-105,471326,471487,161
105,0,blank,0,-323,-105,471487,471674,187
105,0,blank,0,-323,-105,471674,472382,708
105,0,blank,0,-323,-105,472382,472900,518
105,0,blank,0,-323,-105,472900,473099,199
105,0,blank,0,-323,-105,473099,473278,179
105,0,blank,0,-323,-105,473278,473331,53
105,0,blank,0,-323,-105,473331,473528,197
105,0,blank,0,-323,-105,473528,473716,188
105,0,blank,0,-323,-105,473716,473893,177
105,0,blank,0,-323,-105,473995,474185,190
105,0,blank,0,-323,-105,474185,474364,179
105,0,blank,0,-323,-105,474364,474560,196
105,0,blank,0,-323,-105,474560,474679,119
105,0,blank,0,205.40945,194.251175,474861,475028,167
105,0,blank,0,215.6104,175.7823,475028,475062,34
105,0,blank,0,179.3249,386.3055,475104,475271,167
105,0,blank,0,136.672133333333,384.051833333333,475271,475384,113
105,0,blank,0,164.902425,214.278525,475414,475584,170
105,0,blank,0,-323,-105,475635,475664,29
105,0,blank,0,186.341771428571,147.059771428571,475765,475958,193
105,0,blank,0,180.2271,154.97984,475958,476105,147
105,0,blank,0,153.14106,91.19896,476105,476276,171
105,24,{,151,164.3492,101.7594,476276,476460,184
105,23,str,139,204.3548,87.2344166666667,476460,476648,188
105,0,blank,0,227.15865,70.7281833333333,476648,476827,179
105,23,str,139,208.17055,88.9722,476827,477011,184
105,26,break,156,206.131733333333,138.732116666667,477011,477195,184
105,26,break,156,214.791575,150.1109,477195,477316,121
105,0,blank,0,300.6851,94.7246,477479,477504,25
105,0,blank,0,222.370466666667,136.2205,477533,477623,90
105,0,blank,0,-323,-105,477683,477786,103
105,21,j,133,171.443075,28.336975,477940,478111,171
105,0,blank,0,194.5495,3.5599,478111,478209,98
105,29,==,163,185.76985,215.91995,478341,478536,195
105,29,==,163,177.00965,209.84945,478536,478634,98
105,0,blank,0,-323,-105,478675,478716,41
105,0,blank,0,213.908275,280.19305,478834,479017,183
105,0,blank,0,274.46892,272.96916,479017,479205,188
105,0,blank,0,283.769616666667,283.786533333333,479205,479384,179
105,31,i,191,319.640683333333,250.3121,479384,479568,184
105,0,blank,0,361.7855,213.879975,479568,479690,122
105,0,blank,0,163.597783333333,390.46575,479721,479904,183
105,0,blank,0,217.143883333333,428.1779,479904,480086,182
105,0,blank,0,231.44635,411.06775,480086,480147,61
105,0,blank,0,-323,-105,480177,480258,81
105,0,blank,0,184.8804,420.3079,480301,480365,64
105,0,blank,0,170.932383333333,399.004783333333,480437,480621,184
105,0,blank,0,169.8889,401.5678,480621,480652,31
105,31,isspace,169,257.516533333333,255.741383333333,480682,480863,181
105,0,blank,0,195.68366,601.22752,480924,481080,156
105,0,blank,0,213.881,573.61775,481143,481328,185
105,0,blank,0,204.65498,582.95948,481328,481494,166
105,0,blank,0,147.4545,640.67265,481494,481565,71
105,0,blank,0,109.0118,628.3114,481597,481645,48
105,0,blank,0,40.8405333333333,650.846466666667,481823,481959,136
105,0,blank,0,741.688333333333,213.9385,482050,482194,144
105,0,blank,0,491.13365,-88.43325,482288,482383,95
105,0,blank,0,200.315,-14.48365,482430,482613,183
105,0,blank,0,156.498925,0.950100000000003,482613,482725,112
105,0,blank,0,-323,-105,483164,483326,162
105,0,blank,0,-323,-105,483326,483492,166
105,0,blank,0,-323,-105,483492,483689,197
105,0,blank,0,-323,-105,483689,483872,183
105,0,blank,0,-323,-105,483872,484026,154
105,0,blank,0,-323,-105,484026,484213,187
105,0,blank,0,-323,-105,484213,484455,242
105,0,blank,0,-323,-105,484455,484565,110
105,0,blank,0,-323,-105,484565,484756,191
105,0,blank,0,-323,-105,484756,484917,161
105,0,blank,0,-323,-105,484917,485047,130
105,0,blank,0,-323,-105,485047,485758,711
105,0,blank,0,-323,-105,485758,486412,654
105,0,blank,0,-323,-105,486412,486594,182
105,0,blank,0,-323,-105,486594,486792,198
105,0,blank,0,-323,-105,486792,486937,145
105,0,blank,0,-323,-105,486937,487235,298
105,0,blank,0,-323,-105,487235,487542,307
105,0,blank,0,-323,-105,487542,487992,450
105,0,blank,0,-323,-105,487992,488179,187
105,0,blank,0,-323,-105,488179,488359,180
105,0,blank,0,-323,-105,488359,488393,34
