Frameno_fix,lineno_fix,Tokenname_fix,tokens_id,gaze_X_fix,gaze_Y_fix,timestamp_fix_start,timestamp_fix_end,time_duration
100,0,blank,0,47.15784286,-83.7576,3155,3354,199
100,0,blank,0,55.799,-74.209075,3354,3468,114
100,0,blank,0,284.7924167,5.653366667,3524,3693,169
100,0,blank,0,181.0784429,-46.21365714,3750,3949,199
100,0,blank,0,197.3709714,-27.09094286,3949,4148,199
100,0,blank,0,319.31325,-70.77695,4177,4291,114
100,0,blank,0,376.6534,-2.803266667,4320,4406,86
100,0,blank,0,356.8240333,-74.93756667,4435,4607,172
100,0,blank,0,383.7655,-45.5879,4607,4778,171
100,0,blank,0,201.2203,-24.425475,4806,4922,116
100,0,blank,0,189.8076167,-3.089816667,4949,5120,171
100,0,blank,0,186.25005,-19.8573,5120,5178,58
100,4,include,23,72.63023333,89.45956667,5207,5294,87
100,0,blank,0,-323,-105,5323,5352,29
100,2,include,9,72.76628333,35.10176667,5453,5612,159
100,7,wlen,48,103.3872,149.1157667,5641,5817,176
100,11,str,68,111.6177,233.964575,5817,5933,116
100,0,blank,0,227.50882,641.17226,5991,6138,147
100,0,blank,0,890.8464,678.4033,6197,6342,145
100,0,blank,0,978.3838333,231.7873333,6372,6553,181
100,0,blank,0,989.4246667,243.7611667,6553,6641,88
100,3,#,15,5.630633333,54.05106667,6729,6907,178
100,3,#,15,8.2942,59.84405,6907,6969,62
100,0,blank,0,-48.28422,-0.92078,6998,7164,166
100,0,blank,0,-74.4408,17.07363333,7164,7353,189
100,0,blank,0,-106.32195,-14.2451,7353,7528,175
100,0,blank,0,-323,-105,7589,7771,182
100,0,blank,0,-323,-105,7771,7956,185
100,0,blank,0,-323,-105,7956,8124,168
100,0,blank,0,-323,-105,8124,8316,192
100,0,blank,0,-323,-105,8316,8515,199
100,0,blank,0,-323,-105,8515,8685,170
100,0,blank,0,-323,-105,8685,8731,46
100,0,blank,0,177.93145,-31.68725,8833,9025,192
100,0,blank,0,166.849675,-19.89165,9025,9134,109
100,0,blank,0,158.9462,1.7032,9134,9386,252
100,0,blank,0,170.0793833,-13.56666667,9386,9566,180
100,0,blank,0,170.6748,-10.72645,9566,9745,179
100,0,blank,0,181.1717,-5.681133333,9745,9835,90
100,0,blank,0,717.1171667,125.3463167,9865,10047,182
100,0,blank,0,746.2976667,127.9818333,10047,10136,89
100,0,blank,0,951.7111667,144.68005,10166,10347,181
100,0,blank,0,969.9696,125.33008,10347,10499,152
100,0,blank,0,966.9474,138.72022,10499,10697,198
100,0,blank,0,960.2182,136.7551,10697,10876,179
100,0,blank,0,961.3556667,133.18855,10876,11056,180
100,0,blank,0,962.0533333,144.6516167,11056,11238,182
100,0,blank,0,-323,-105,11268,11466,198
100,3,include,16,46.72641667,55.78121667,11497,11668,171
100,0,blank,0,92.97163333,43.80036667,11668,11850,182
100,1,specific,3,77.78506667,1.212583333,11850,12028,178
100,0,blank,0,6.201833333,-17.70071667,12028,12203,175
100,0,blank,0,72.60338333,-21.06623333,12203,12377,174
100,0,blank,0,126.7896667,-17.41656667,12377,12551,174
100,4,include,23,16.0334,84.45716667,12551,12722,171
100,4,include,23,17.58706667,84.4197,12722,12897,175
100,4,include,23,46.19265,81.20695,12897,13076,179
100,5,void,29,33.5614,96.75102,13076,13249,173
100,0,blank,0,-7.90205,93.50471667,13249,13428,179
100,5,void,29,14.58293333,95.15736667,13428,13606,178
100,5,void,29,7.380783333,107.99175,13606,13785,179
100,0,blank,0,-1.791166667,124.7139333,13785,13965,180
100,0,blank,0,2.1981,167.6027,13965,13995,30
100,13,gets,76,67.80851667,278.3430833,14025,14204,179
100,0,blank,0,29.85246667,224.1637833,14204,14380,176
100,0,blank,0,18.01055,223.04325,14380,14439,59
100,0,blank,0,44.87748333,129.0834833,14467,14641,174
100,5,gotoNextWord,30,67.58895,107.9572833,14641,14814,173
100,5,gotoNextWord,30,61.1557,103.3885667,14814,14988,174
100,0,blank,0,86.70863333,69.58125,14988,15160,172
100,4,include,23,70.13471667,77.3185,15160,15335,175
100,3,string,18,112.0698167,63.46845,15335,15510,175
100,3,include,16,72.96333333,67.8416,15510,15684,174
100,0,blank,0,-3.852116667,93.29383333,15684,15858,174
100,0,blank,0,4.517133333,112.5911333,15858,16034,176
100,6,char,34,16.29405,117.7016333,16034,16207,173
100,6,char,34,24.05718333,120.7421667,16207,16380,173
100,5,void,29,23.63518333,103.29015,16380,16555,175
100,4,include,23,40.23953333,83.98295,16555,16730,175
100,4,include,23,26.71965,89.22646667,16730,16903,173
100,5,void,29,31.29518333,102.9514333,16903,17078,175
100,0,blank,0,45.02733333,129.3296333,17078,17251,173
100,5,gotoNextWord,30,63.30965,106.4964,17251,17427,176
100,5,gotoNextWord,30,112.2717833,104.5241833,17427,17599,172
100,6,200,37,97.21553333,127.8156167,17599,17774,175
100,7,int,45,18.69866667,145.3020667,17774,17949,175
100,8,main,57,58.54951667,157.2963333,17949,18123,174
100,8,main,57,57.51098333,166.9970833,18123,18297,174
100,0,blank,0,44.07488,129.45234,18297,18472,175
100,8,main,57,75.06584,164.3427,18472,18631,159
100,0,blank,0,89.67006667,186.3516833,18718,18898,180
100,0,blank,0,204.2949,197.21605,18898,18978,80
100,0,blank,0,141.26305,184.1783,19004,19087,83
100,0,blank,0,146.1135,175.4718333,19111,19198,87
100,10,Enterstring:,63,157.4551,211.5892667,19226,19313,87
100,0,blank,0,152.7314667,164.7285667,19456,19538,82
100,12,Enterword:,73,225.767,246.984,19568,19689,121
100,0,blank,0,219.360675,199.383675,19718,19836,118
100,0,blank,0,47.03558333,178.588,19925,20105,180
100,0,blank,0,30.272875,212.15695,20105,20219,114
100,8,int,56,24.17618,176.3945,20279,20423,144
100,0,blank,0,35.63302,152.38726,20423,20613,190
100,7,slen,46,63.653,141.004675,20613,20728,115
100,8,(,58,88.7046,168.5555,20757,20843,86
100,7,wcount,50,169.80755,141.8095,20902,21086,184
100,0,blank,0,67.0748,179.52285,21086,21258,172
100,0,blank,0,21.75382,209.53012,21258,21454,196
100,8,int,56,20.6044,158.0097,21454,21481,27
100,0,blank,0,-19.1755,133.4242,21562,21587,25
100,0,blank,0,57.2618,192.4547,21614,21696,82
100,14,),86,220.2194,305.6368,21721,21746,25
100,0,blank,0,93.49274,159.43062,21775,21971,196
100,10,printf,61,79.76232857,202.0205286,21971,22168,197
100,0,blank,0,70.39086,193.04708,22168,22360,192
100,11,str,68,108.3469,241.0094667,22360,22552,192
100,11,(,67,92.02016,236.0711,22552,22696,144
100,0,blank,0,41.4123,266.8175,22753,22783,30
100,13,gets,76,74.52851667,268.3536333,22812,23008,196
100,14,slen,81,73.900375,305.172425,23008,23125,117
100,0,blank,0,-323,-105,23156,23335,179
100,0,blank,0,95.81064,333.54348,23360,23515,155
100,12,printf,71,52.258475,252.4228,23540,23687,147
100,13,w,78,96.55204,283.9731,23687,23875,188
100,16,wcount,99,154.2179,348.56565,23875,24043,168
100,16,wcount,99,147.6192,346.5933,24103,24128,25
100,14,strlen,83,141.15335,290.3928,24210,24267,57
100,0,blank,0,151.6099833,276.1561833,24295,24482,187
100,0,blank,0,168.79078,278.0066,24542,24693,151
100,13,gets,76,73.56633333,273.6550667,24785,24958,173
100,15,wlen,88,75.83756667,317.80925,24958,25131,173
100,0,blank,0,110.4203,295.8336,25189,25333,144
100,0,blank,0,185.48325,241.90295,25391,25450,59
100,0,blank,0,206.1755,272.35495,25481,25543,62
100,12,Enterword:,73,178.0168,254.8039,25604,25636,32
100,14,slen,81,67.36645,292.3112167,25697,25889,192
100,15,wlen,88,60.47303333,314.9950833,25889,26064,175
100,17,while,103,62.64363333,374.9485333,26064,26260,196
100,17,i,105,113.8961,374.8674,26289,26318,29
100,0,blank,0,108.0194833,314.1163667,26347,26522,175
100,0,blank,0,152.6629,394.2547,26522,26551,29
100,0,blank,0,162.560175,394.306575,26608,26725,117
100,14,=,82,93.0459,300.2686,26754,26783,29
100,0,blank,0,184.85735,429.31705,26840,26897,57
100,14,slen,81,57.69853333,300.5068833,26955,27128,173
100,0,blank,0,92.0031,354.4048,27128,27157,29
100,0,blank,0,40.67577143,393.2554857,27215,27412,197
100,0,blank,0,35.072,342.9559,27412,27441,29
100,16,wcount,99,144.8777333,348.174,27469,27642,173
100,17,slen,107,150.7934667,371.7623667,27642,27730,88
100,0,blank,0,119.64335,356.0036,27759,27954,195
100,0,blank,0,174.0648833,390.9019833,27954,28128,174
100,0,blank,0,141.4378667,363.5663667,28128,28304,176
100,19,str,112,135.1031,407.1791,28304,28332,28
100,0,blank,0,33.8967,354.957775,28361,28480,119
100,15,strlen,90,147.095,330.3894,28590,28615,25
100,19,str,112,122.8778,415.9478,28640,28665,25
100,23,if,137,175.5967,495.506,28694,28722,28
100,0,blank,0,136.9578,376.98165,28808,28872,64
100,0,blank,0,242.6339,315.5543,28901,28928,27
100,0,blank,0,116.6508,546.362625,29012,29127,115
100,24,{,151,171.3436,529.2114,29185,29213,28
100,19,str,112,121.29415,399.49685,29240,29295,55
100,0,blank,0,122.9623,477.1884,29323,29350,27
100,0,blank,0,150.02442,474.62818,29406,29552,146
100,0,blank,0,124.8813333,567.0025,29580,29663,83
100,0,blank,0,101.91155,438.7187,29807,29899,92
100,0,blank,0,152.8553,519.8193,29981,30009,28
100,0,blank,0,178.75715,511.7465,30063,30124,61
100,0,blank,0,144.1053333,403.0195,30153,30320,167
100,0,blank,0,205.9604333,511.16,30349,30440,91
100,0,blank,0,274.899,236.2562,30467,30498,31
100,10,Enterstring:,63,267.1266,204.9395,30555,30584,29
100,7,comma,53,260.9243,152.532,30614,30669,55
100,0,blank,0,169.7405,-54.17073333,30728,30808,80
100,0,blank,0,264.2151,-33.1392,30864,30892,28
100,0,blank,0,429.0532,-13.89956667,30921,31006,85
100,0,blank,0,464.0312,-64.221,31034,31062,28
100,0,blank,0,437.2246571,-50.18368571,31174,31372,198
100,0,blank,0,-323,-105,31428,31509,81
100,0,blank,0,143.3531,200.1219,31642,31667,25
100,15,(,91,178.35195,321.22705,31692,31749,57
100,0,blank,0,126.3280333,398.5372667,31806,31891,85
100,16,wcount,99,122.9432167,349.1687,31920,32094,174
100,15,strlen,90,115.82315,331.9817667,32094,32269,175
100,16,=,100,111.0135,341.99935,32269,32444,175
100,0,blank,0,78.52846667,354.289,32444,32618,174
100,16,=,100,72.84955,352.7005333,32618,32794,176
100,16,=,100,68.7979,334.9568667,32794,32970,176
100,15,wlen,88,46.94295,328.73635,32970,33145,175
100,14,slen,81,69.5276,304.83465,33145,33203,58
100,0,blank,0,25.16136667,198.1807667,33232,33407,175
100,6,char,34,25.5896,126.60475,33407,33582,175
100,8,int,56,24.13603333,171.0857167,33582,33755,173
100,8,int,56,32.21888333,166.73755,33755,33929,174
100,0,blank,0,60.09581429,134.9363,33929,34128,199
100,7,slen,46,59.32381667,147.79545,34128,34299,171
100,0,blank,0,943.514,211.4019,34413,34442,29
100,0,blank,0,233.31202,420.16788,34750,34937,187
100,17,slen,107,182.01575,368.382825,34937,35096,159
100,15,strlen,90,165.1567,323.99415,35096,35226,130
100,0,blank,0,66.1777,425.0613,35278,35431,153
100,17,<,106,129.0459,365.6052,35431,35531,100
100,21,for,123,126.375625,451.763875,35606,35742,136
100,19,str,112,141.2384,411.1198667,35932,36110,178
100,0,blank,0,121.5722,468.7445667,36110,36306,196
100,0,blank,0,121.608375,424.0729,36306,36466,160
100,19,if,110,96.9371,400.4611667,36466,36653,187
100,0,blank,0,62.1973,388.017225,36653,36843,190
100,15,wlen,88,44.98046667,328.0338333,36843,36960,117
100,20,{,122,89.1598,432.41602,36985,37159,174
100,19,(,111,108.72982,402.5319,37159,37336,177
100,0,blank,0,161.1203,467.3329667,37336,37429,93
100,0,blank,0,120.411475,461.392125,37487,37625,138
100,0,blank,0,171.8975,436.17455,37712,37886,174
100,19,str,112,140.5991,407.6415,37886,37948,62
100,0,blank,0,91.88455,455.6207,38006,38056,50
100,19,[,118,151.5139,411.2668,38084,38112,28
100,0,blank,0,130.8676,426.324725,38173,38314,141
100,0,blank,0,195.9679833,484.6180667,38401,38597,196
100,0,blank,0,214.9981,528.8599333,38597,38680,83
100,0,blank,0,168.6273,429.60715,38826,38882,56
100,0,blank,0,204.98664,423.30062,38940,39127,187
100,0,blank,0,189.37152,420.02118,39127,39271,144
100,0,blank,0,179.2263,486.3151,39328,39514,186
100,0,blank,0,228.6043167,456.7589,39514,39693,179
100,19,w,117,214.704,417.08125,39693,39752,59
100,0,blank,0,173.2969,440.3867,39781,39810,29
100,16,wcount,99,154.110725,341.9308,39869,39988,119
100,0,blank,0,175.688775,410.256225,40018,40138,120
100,0,blank,0,99.98438333,342.0069,40169,40353,184
100,16,=,100,71.67771667,351.0895667,40353,40530,177
100,0,blank,0,3.40605,361.39155,40530,40589,59
100,15,wlen,88,80.114,326.2549,40618,40647,29
100,0,blank,0,139.4111,396.2035,40676,40738,62
100,16,wcount,99,126.9494167,346.1547667,40767,40942,175
100,16,wcount,99,133.0513167,337.2516833,40942,41115,173
100,15,strlen,90,138.9068,326.767,41115,41144,29
100,0,blank,0,202.54156,380.22964,41172,41324,152
100,19,0,119,243.3934,416.8391,41324,41374,50
100,17,slen,107,144.7178,369.7251,41494,41569,75
100,0,blank,0,149.03145,380.60015,41569,41732,163
100,0,blank,0,142.4110167,378.77215,41732,41917,185
100,17,<,106,131.96055,368.03025,41917,42088,171
100,0,blank,0,98.64986,376.5335,42145,42297,152
100,0,blank,0,124.40124,421.07828,42358,42534,176
100,0,blank,0,107.3536,431.9187,42588,42616,28
100,0,blank,0,145.89945,380.6447667,42645,42818,173
100,16,wcount,99,122.8986833,352.5519333,42818,42993,175
100,16,wcount,99,131.9737667,337.5281,43022,43195,173
100,0,blank,0,135.1469,383.0529,43195,43311,116
100,19,str,112,116.12782,416.51208,43339,43484,145
100,17,(,104,98.77265,372.6112833,43513,43710,197
100,16,=,100,114.1277167,348.6695833,43710,43887,177
100,0,blank,0,87.3988,322.5313,43887,43918,31
100,15,wlen,88,81.9563,314.27995,44009,44071,62
100,0,blank,0,208.5078,332.10505,44101,44218,117
100,0,blank,0,235.7363,436.7233,44306,44336,30
100,16,wcount,99,145.1927167,339.9981,44420,44602,182
100,17,slen,107,159.001,355.183025,44602,44723,121
100,0,blank,0,146.85546,422.62854,44753,44903,150
100,19,[,118,147.69075,416.70435,44963,45024,61
100,19,i,114,163.2888,399.458575,45054,45178,124
100,19,str,112,114.1994667,402.7946667,45210,45397,187
100,0,blank,0,72.7517,416.6855,45397,45586,189
100,0,blank,0,225.464,606.37425,45616,45676,60
100,0,blank,0,217.1529167,600.04165,45705,45882,177
100,0,blank,0,214.0741667,611.5733333,45911,45998,87
100,0,blank,0,229.9561,575.2198,46028,46057,29
100,0,blank,0,176.0126,476.95645,46142,46198,56
100,0,blank,0,200.8756,551.421875,46228,46346,118
100,0,blank,0,155.1885,549.852,46405,46434,29
100,25,gotoNextWord,152,236.3911,544.6666,46493,46639,146
100,0,blank,0,139.873125,483.496375,46726,46845,119
100,22,{,136,132.17215,470.3993167,46874,47049,175
100,0,blank,0,178.446525,485.42225,47049,47167,118
100,0,blank,0,187.6857,538.4996,47227,47256,29
100,0,blank,0,132.15022,488.37864,47284,47477,193
100,0,blank,0,66.9232,448.03445,47502,47558,56
100,23,[,147,227.81215,496.91415,47675,47732,57
100,23,j,148,258.838975,488.5046,47761,47878,117
100,0,blank,0,257.7747,397.0154,47907,47966,59
100,0,blank,0,299.7242,578.7836,48076,48105,29
100,0,blank,0,200.765,451.81725,48133,48308,175
100,0,blank,0,146.2626,424.3730667,48308,48395,87
100,0,blank,0,60.85456667,472.5621333,48425,48517,92
100,17,slen,107,147.826,360.0663,48578,48606,28
100,0,blank,0,114.7298333,448.7151333,48664,48841,177
100,0,blank,0,65.509775,478.769225,48841,48955,114
100,0,blank,0,98.02042,349.98656,49061,49214,153
100,16,i,95,50.91838,353.71974,49244,49394,150
100,0,blank,0,11.5777,349.3715333,49394,49502,108
100,8,main,57,72.82025,158.71925,49852,49909,57
100,8,main,57,65.85425,172.39105,49966,50022,56
100,1,word,4,117.8542,8.8063,50050,50078,28
100,8,(,58,90.99118571,163.3229,50105,50304,199
100,0,blank,0,51.02515714,109.8211571,50304,50503,199
100,0,blank,0,135.96348,46.29584,50503,50647,144
100,0,blank,0,-323,-105,50705,50781,76
100,3,0,19,171.7293,50.6066,50806,50846,40
100,0,blank,0,141.5928286,196.6900714,50917,51106,189
100,0,blank,0,73.9062,189.81955,51106,51221,115
100,11,(,67,85.6322,236.5558,51278,51334,56
100,11,(,67,91.2961,242.8659667,51391,51478,87
100,14,slen,81,60.28531667,299.17135,51510,51680,170
100,15,wlen,88,45.019775,323.684725,51735,51853,118
100,15,strlen,90,126.52765,311.29085,51881,51937,56
100,0,blank,0,57.7616,342.7638,51966,52026,60
100,0,blank,0,40.1501,399.3974,52051,52077,26
100,15,wlen,88,69.7332,319.7886333,52134,52308,174
100,0,blank,0,272.7927333,192.3853,52512,52625,113
100,0,blank,0,123.5953,285.4340667,52651,52830,179
100,11,gets,66,62.738,230.2668,52830,52944,114
100,12,printf,71,60.80933333,245.7840333,52974,53057,83
100,21,for,123,141.2672333,458.0970167,53086,53261,175
100,0,blank,0,110.9876667,456.3065333,53261,53434,173
100,0,blank,0,96.92541667,435.4619833,53434,53607,173
100,0,blank,0,168.3498667,422.9852,53607,53779,172
100,0,blank,0,130.2781,397.47315,53779,53838,59
100,0,blank,0,93.2472,177.1476,53925,53955,30
100,11,gets,66,69.15566667,242.67385,54012,54193,181
100,0,blank,0,94.22146667,196.2190833,54193,54372,179
100,10,Enterstring:,63,120.5359167,213.6069833,54372,54547,175
100,12,printf,71,73.55358333,257.5971833,54547,54722,175
100,13,gets,76,57.91038333,268.5897333,54722,54898,176
100,0,blank,0,37.68006667,257.3202,54898,55075,177
100,0,blank,0,41.6886,269.8985667,55075,55163,88
100,11,gets,66,50.39915,235.48735,55191,55250,59
100,12,Enterword:,73,151.9806,260.32895,55279,55453,174
100,13,0,80,116.4439833,275.3253667,55453,55623,170
100,13,gets,76,58.5178,273.27555,55623,55681,58
100,0,blank,0,214.8410167,390.02115,55714,55886,172
100,0,blank,0,179.3682667,408.4843333,55886,56057,171
100,0,blank,0,194.6347333,426.2121833,56057,56230,173
100,21,for,123,131.3070333,448.8800333,56230,56403,173
100,21,for,123,142.4645167,454.6908833,56403,56576,173
100,22,{,136,126.2758333,467.1504333,56576,56749,173
100,0,blank,0,106.9076667,480.6702333,56749,56836,87
100,0,blank,0,215.33295,478.5650333,56865,57038,173
100,0,blank,0,276.4388,465.8782,57067,57211,144
100,0,blank,0,266.3790667,475.3819667,57239,57410,171
100,0,blank,0,299.5361833,475.81965,57410,57582,172
100,0,blank,0,230.0439833,479.1381,57582,57754,172
100,23,str,139,205.4825143,487.7465714,57754,57953,199
100,23,(,138,186.0718167,498.7322167,57953,58124,171
100,0,blank,0,208.8115167,518.4916667,58124,58297,173
100,0,blank,0,225.3107167,524.5067167,58297,58471,174
100,25,gotoNextWord,152,224.83565,533.1140333,58471,58645,174
100,0,blank,0,182.0653833,549.3463167,58645,58820,175
100,0,blank,0,164.3011167,571.0083667,58820,58991,171
100,0,blank,0,159.6155333,544.51855,58991,59166,175
100,0,blank,0,177.7736,508.5066333,59166,59340,174
100,0,blank,0,127.8683167,528.15095,59340,59514,174
100,24,{,151,169.1619667,520.5652833,59514,59687,173
100,23,str,139,216.28055,502.9529,59687,59859,172
100,0,blank,0,219.2454667,518.5355667,59859,60032,173
100,23,+,142,245.7274,500.4532833,60032,60204,172
100,25,gotoNextWord,152,246.4542333,545.7491667,60204,60376,172
100,0,blank,0,251.2641714,525.7227286,60376,60574,198
100,0,blank,0,272.6504143,510.6004429,60574,60772,198
100,25,gotoNextWord,152,243.1125857,544.6669286,60772,60967,195
100,0,blank,0,218.4247,529.2888,60967,61052,85
100,0,blank,0,123.0489,422.5227,61080,61109,29
100,0,blank,0,119.25788,439.13846,61140,61282,142
100,14,slen,81,76.06543333,303.1232667,61310,61488,178
100,0,blank,0,42.6913,272.44525,61488,61546,58
100,0,blank,0,179.6207,510.06662,61604,61788,184
100,0,blank,0,153.0373,590.56865,61788,61980,192
100,0,blank,0,151.391325,591.0576,61980,62176,196
100,0,blank,0,160.17255,587.75975,62176,62353,177
100,0,blank,0,155.6588333,598.6353667,62353,62442,89
100,0,blank,0,145.0892333,534.6031667,62471,62645,174
100,0,blank,0,144.34775,513.69645,62645,62818,173
100,0,blank,0,118.3983333,547.314,62818,62990,172
100,0,blank,0,104.5146667,477.36055,62990,63164,174
100,0,blank,0,87.10201667,641.3822,63222,63399,177
100,0,blank,0,108.2904833,624.8084667,63399,63576,177
100,0,blank,0,134.55115,609.7397333,63636,63814,178
100,0,blank,0,125.02845,494.0250667,63814,63989,175
100,0,blank,0,143.6147667,475.7703667,63989,64076,87
100,25,gotoNextWord,152,207.7668,536.523,64104,64134,30
100,0,blank,0,179.2167,522.9858,64162,64191,29
100,0,blank,0,118.311725,430.68765,64221,64338,117
100,0,blank,0,147.6983,756.7813,64396,64426,30
100,0,blank,0,124.8036833,664.1829,64456,64635,179
100,0,blank,0,117.3555333,671.7130833,64635,64813,178
100,0,blank,0,112.159475,662.589025,64813,64940,127
100,0,blank,0,155.5761,669.4253667,65004,65094,90
100,21,j,133,164.4382333,463.5344167,65127,65310,183
100,0,blank,0,173.2057167,476.8025167,65310,65488,178
100,21,<,130,258.5705667,459.7027333,65488,65665,177
100,0,blank,0,222.5361167,471.9017833,65665,65845,180
100,0,blank,0,204.28565,477.3057,65845,65904,59
100,0,blank,0,143.1447333,641.31425,65934,66114,180
100,0,blank,0,140.703925,645.358025,66114,66234,120
100,0,blank,0,180.0870333,545.0531833,66264,66443,179
100,0,blank,0,154.8579333,556.5214167,66443,66625,182
100,0,blank,0,156.5409167,589.7694167,66625,66814,189
100,0,blank,0,159.538175,598.06175,66814,66935,121
100,0,blank,0,104.8223,479.1583667,67025,67207,182
100,21,(,124,155.27636,460.44056,67207,67355,148
100,0,blank,0,126.4940833,511.0349833,67386,67562,176
100,0,blank,0,118.0693,531.1853,67562,67592,30
100,0,blank,0,-323,-105,67622,67791,169
100,0,blank,0,901.313,252.8095,67823,67856,33
100,0,blank,0,213.9219833,706.56755,68244,68430,186
100,0,blank,0,193.8857667,670.6895,68430,68522,92
100,23,i,141,237.76105,504.6228833,68552,68737,185
100,0,blank,0,235.26965,553.26635,68737,68920,183
100,25,gotoNextWord,152,232.73465,550.2737,68920,69103,183
100,0,blank,0,217.6516167,514.0146333,69103,69285,182
100,23,+,142,244.8874167,497.2731,69285,69469,184
100,0,blank,0,269.5823,510.28165,69469,69530,61
100,25,gotoNextWord,152,249.679975,547.358125,69589,69711,122
100,23,i,141,239.7016167,504.9373,69742,69924,182
100,0,blank,0,238.55185,465.3689333,69924,70109,185
100,0,blank,0,221.4987333,509.8118333,70109,70202,93
100,0,blank,0,232.2961,598.154575,70231,70351,120
100,0,blank,0,219.1549167,742.0576833,70381,70564,183
100,0,blank,0,280.02635,727.8464833,70564,70748,184
100,0,blank,0,344.5223167,719.2862833,70748,70931,183
100,0,blank,0,368.57425,714.1173833,70931,71114,183
100,0,blank,0,357.6338333,692.0638667,71114,71303,189
100,0,blank,0,233.2003,703.5444,71303,71487,184
100,0,blank,0,231.7894333,641.4984167,71487,71668,181
100,29,),165,244.5016,631.2454,71668,71698,30
100,0,blank,0,134.9852667,665.4394333,71729,71908,179
100,0,blank,0,138.4720333,700.7322,71908,72089,181
100,0,blank,0,177.2011833,696.8139,72089,72274,185
100,29,if,160,136.1524,637.7909,72274,72366,92
100,0,blank,0,66.3859,664.196,72425,72455,30
100,0,blank,0,118.5422333,712.1601,72485,72568,83
100,0,blank,0,118.5551,659.1316,72656,72685,29
100,0,blank,0,190.90745,230.0277333,72747,72926,179
100,0,blank,0,204.0601,232.9917,72926,72956,30
100,16,wcount,99,138.6717667,337.5450167,72988,73171,183
100,0,blank,0,118.2620833,341.2419833,73171,73352,181
100,10,printf,61,94.6673,211.7475333,73352,73533,181
100,0,blank,0,104.3331,213.5249833,73533,73709,176
100,8,main,57,83.40028333,162.1557333,73709,73885,176
100,8,),59,99.23108333,160.1427667,73885,74062,177
100,0,blank,0,116.3254833,160.4563333,74062,74239,177
100,0,blank,0,147.52102,643.4422,74297,74446,149
100,0,blank,0,138.3197,710.2672,74475,74505,30
100,0,blank,0,189.8908,-103.9523,74534,74565,31
100,0,blank,0,152.6966333,758.4827667,74594,74683,89
100,0,blank,0,91.89825,718.614575,74742,74860,118
100,0,blank,0,68.7535,762.6494,74920,74981,61
100,0,blank,0,88.45106667,736.86445,75040,75223,183
100,0,blank,0,89.79566667,656.4304667,75223,75314,91
101,0,blank,0,113.321925,366.30895,75465,75583,118
101,0,blank,0,104.87875,160.45805,75612,75672,60
101,0,blank,0,-322.78646,-90.54758,75733,75886,153
101,0,blank,0,95.6286,216.7967,75916,75942,26
101,0,blank,0,941.1304,275.03924,76021,76195,174
101,0,blank,0,931.4602,344.7192,76195,76345,150
101,0,blank,0,946.10025,297.057875,76404,76522,118
101,29,Err:520,163,191.34878,339.95712,76641,76790,149
101,0,blank,0,97.81063333,203.6881,76819,77002,183
101,19,if,110,91.25906667,112.3724333,77002,77182,180
101,0,blank,0,121.4626167,169.35935,77182,77359,177
101,0,blank,0,-323,-105,77417,77543,126
101,0,blank,0,128.1389,136.2346,77568,77593,25
101,0,blank,0,88.70764286,104.4724714,77655,77854,199
101,0,blank,0,81.45605,96.32371667,77854,78031,177
101,19,if,110,96.01186,128.87,78031,78178,147
101,0,blank,0,72.351,117.22934,78207,78382,175
101,0,blank,0,2.455425,48.419125,78382,78501,119
101,19,str,112,135.58546,122.69074,78589,78763,174
101,21,for,123,142.6567,153.60135,78763,78824,61
101,0,blank,0,132.8258667,86.63203333,78853,79031,178
101,19,(,111,111.6516667,114.2151667,79031,79207,176
101,18,{,109,51.47818,103.9399,79207,79355,148
101,19,[,118,147.7851167,128.5453833,79384,79559,175
101,0,blank,0,113.3157333,103.67405,79677,79855,178
101,0,blank,0,64.160975,471.524,79886,80005,119
101,0,blank,0,65.71976667,598.3694667,80035,80213,178
101,0,blank,0,117.2770333,146.5535667,80242,80421,179
101,0,blank,0,104.7501333,148.8783167,80421,80602,181
101,0,blank,0,71.04895,154.417125,80602,80729,127
101,0,blank,0,78.77056667,515.09575,80760,80946,186
101,0,blank,0,83.85101667,581.3943333,80946,81137,191
101,0,blank,0,93.69345,563.80405,81137,81200,63
101,0,blank,0,90.4299,174.38365,81261,81443,182
101,0,blank,0,91.69618333,171.2233667,81443,81623,180
101,0,blank,0,95.38175,172.5992,81623,81682,59
101,0,blank,0,55.19878333,464.1103,81712,81890,178
101,0,blank,0,148.6404333,620.0298,81919,82007,88
101,0,blank,0,137.1786,644.4087,82038,82068,30
101,40,gotoNextWord,211,123.3346,585.0473,82102,82153,51
101,17,while,103,47.0786,80.436,82338,82504,166
101,0,blank,0,56.87536667,110.7826,82504,82688,184
101,0,blank,0,99.82733333,139.0383667,82688,82865,177
101,0,blank,0,97.6143,146.2249,82865,83042,177
101,0,blank,0,100.399,136.4227833,83042,83219,177
101,0,blank,0,109.5258167,143.9194333,83219,83402,183
101,0,blank,0,134.6890167,147.3721167,83402,83577,175
101,19,str,112,119.3220167,120.1876333,83577,83754,177
101,0,blank,0,109.5055,143.0300333,83754,83932,178
101,19,(,111,112.4060833,112.6603833,83932,84109,177
101,19,(,111,112.5813167,123.37745,84109,84286,177
101,19,str,112,119.2224167,115.6489333,84286,84464,178
101,19,if,110,104.5254667,114.0915,84464,84639,175
101,19,if,110,96.9,118.944275,84639,84756,117
101,19,if,110,100.8058333,111.3970667,84785,84958,173
101,0,blank,0,123.5736833,129.7261333,84958,85133,175
101,19,(,111,112.79975,114.0467167,85133,85309,176
101,0,blank,0,153.6665833,123.01415,85309,85484,175
101,19,],120,171.3335,115.5137667,85484,85572,88
101,19,str,112,130.9494333,116.8779667,85604,85691,87
101,0,blank,0,125.8932833,408.3785,85720,85902,182
101,0,blank,0,149.0836,395.0941,85902,85932,30
101,0,blank,0,160.05715,395.23145,85993,86177,184
101,0,blank,0,194.1135,399.0457,86177,86237,60
101,0,blank,0,149.0528667,371.09175,86267,86445,178
101,0,blank,0,160.0013,423.7598,86445,86475,30
101,0,blank,0,190.4581429,305.8924429,86505,86704,199
101,0,blank,0,229.67005,316.2219833,86704,86877,173
101,0,blank,0,382.97892,436.14904,86877,87025,148
101,0,blank,0,334.6767,411.6925333,87053,87139,86
101,0,blank,0,217.02455,468.9116333,87169,87341,172
101,0,blank,0,231.3385,543.5115,87341,87369,28
101,0,blank,0,193.7721,489.9447,87513,87542,29
101,0,blank,0,271.3033,561.0428,87598,87629,31
101,0,blank,0,214.59868,484.60338,87686,87861,175
101,0,blank,0,253.0963,460.7566167,87861,88054,193
101,0,blank,0,204.0802167,515.5051,88054,88242,188
101,0,blank,0,203.3828333,464.03885,88242,88424,182
101,0,blank,0,192.2219833,509.5901833,88424,88599,175
101,0,blank,0,178.9556,501.08768,88599,88776,177
101,29,Err:520,163,193.7667,348.3072,88801,88828,27
101,0,blank,0,22.90648333,55.65095,88857,89032,175
101,0,blank,0,18.8217,19.2862,89032,89060,28
101,0,blank,0,-198.5171,-5.5164,89089,89118,29
101,0,blank,0,-184.13425,-90.33166667,89175,89331,156
101,0,blank,0,-285.44515,-82.11243333,89389,89564,175
101,0,blank,0,-300.2082,-34.73655,89564,89739,175
101,0,blank,0,-294.9299667,-54.38585,89739,89914,175
101,0,blank,0,-290.6152333,-40.37123333,89914,90089,175
101,0,blank,0,-243.12175,-58.292575,90089,90204,115
101,0,blank,0,-248.6824333,-51.44193333,90262,90433,171
101,0,blank,0,-267.86185,-42.379,90433,90605,172
101,0,blank,0,-277.30806,-74.60608,90605,90778,173
101,0,blank,0,-295.6734167,-105.0452667,90778,90953,175
101,0,blank,0,-263.3701667,-105.0800667,90953,91126,173
101,0,blank,0,-275.57045,-88.5045,91126,91184,58
101,29,j,162,156.6989333,339.4361333,91241,91417,176
101,0,blank,0,173.2599333,414.21765,91417,91593,176
101,0,blank,0,163.0853333,436.4056,91593,91765,172
101,0,blank,0,172.06355,444.7899667,91765,91938,173
101,0,blank,0,175.7975333,402.3536,91938,92109,171
101,0,blank,0,157.03002,431.62734,92109,92251,142
101,0,blank,0,185.9703143,410.7675714,92280,92479,199
101,0,blank,0,197.858,434.45555,92479,92535,56
101,0,blank,0,197.718475,470.798875,92563,92677,114
101,0,blank,0,221.2204667,538.3309,92767,92857,90
101,0,blank,0,187.50835,440.6076833,92888,93059,171
101,32,{,198,165.5335143,408.9223286,93059,93257,198
101,0,blank,0,188.65935,441.855925,93257,93369,112
101,0,blank,0,151.0647,292.47865,93398,93512,114
101,0,blank,0,274.6733,411.2072333,93569,93652,83
101,0,blank,0,-323,-105,93715,93865,150
101,0,blank,0,263.7766,413.7776,93891,93917,26
101,0,blank,0,302.75618,401.30022,93965,94094,129
101,0,blank,0,482.22346,412.7769,94122,94264,142
101,0,blank,0,71.67567143,705.9853857,94322,94521,199
101,0,blank,0,59.39351667,729.8352,94521,94696,175
101,44,Wordcount:%d\n,222,165.9216429,669.1705,94724,94922,198
101,0,blank,0,98.6935,700.4327571,94922,95121,199
101,0,blank,0,-40.6065,684.39425,95121,95292,171
101,0,blank,0,892.9575,734.842775,95382,95499,117
101,0,blank,0,898.609,692.0269,95557,95582,25
101,0,blank,0,892.631,366.6877,95667,95696,29
101,0,blank,0,923.75,316.6652,95753,95811,58
101,0,blank,0,198.7336,708.3205667,95900,96078,178
101,0,blank,0,197.8259833,692.7348833,96078,96260,182
101,44,Wordcount:%d\n,222,200.86942,666.37118,96260,96410,150
101,0,blank,0,112.3923833,720.1310333,96440,96619,179
101,0,blank,0,86.09208333,748.1845667,96619,96797,178
101,45,return,227,79.6739,696.9537333,96797,96884,87
101,0,blank,0,968.9288333,379.6622833,96944,97128,184
102,0,blank,0,957.865,702.9025,97604,97634,30
102,49,isspace,238,116.16735,652.9469667,97696,97881,185
102,0,blank,0,87.5054,669.1168,97881,98063,182
102,0,blank,0,95.74418333,686.5377333,98063,98244,181
102,0,blank,0,116.0387833,717.8664333,98244,98425,181
102,0,blank,0,84.05708333,692.3539,98425,98602,177
102,0,blank,0,97.13591667,713.90225,98602,98777,175
102,0,blank,0,118.9456167,707.9321667,98777,98951,174
102,49,(,249,95.31091667,655.2869167,98951,99125,174
102,0,blank,0,77.5807,642.2531667,99125,99212,87
102,0,blank,0,-323,-105,99241,99372,131
102,0,blank,0,-323,-105,99423,99592,169
102,0,blank,0,54.279,622.1360833,99617,99795,178
102,0,blank,0,29.1315,641.0673667,99795,99974,179
102,0,blank,0,38.8162,651.7437333,99974,100155,181
102,49,while,236,45.2351,663.4586333,100155,100336,181
102,49,while,236,50.2143,648.3665,100336,100366,30
102,0,blank,0,-323,-105,100397,100553,156
102,0,blank,0,64.5735,672.7433,100618,100696,78
102,49,while,236,61.91403333,660.7299667,100763,100936,173
102,0,blank,0,64.96413333,679.8897,100936,101028,92
102,0,blank,0,204.8644167,704.0969,101059,101242,183
102,0,blank,0,260.5438,701.1341667,101242,101420,178
102,0,blank,0,221.118,689.7444167,101420,101598,178
102,0,blank,0,148.3555167,679.9234333,101598,101778,180
102,0,blank,0,143.84685,683.17675,101778,101959,181
102,50,++,266,112.0891,674.6317,101959,101989,30
102,0,blank,0,323.4427667,690.35965,102048,102226,178
102,0,blank,0,265.9265167,703.8127833,102226,102412,186
102,0,blank,0,233.145475,698.67905,102412,102562,150
102,0,blank,0,296.4951,707.9731,102562,102677,115
102,0,blank,0,277.05515,722.74635,102677,102866,189
102,0,blank,0,292.84825,704.39535,102866,103050,184
102,0,blank,0,297.8842167,708.1789833,103050,103229,179
102,0,blank,0,340.7134667,700.3570333,103229,103409,180
102,0,blank,0,379.4707667,690.1886833,103409,103584,175
102,0,blank,0,333.1168333,689.0320167,103584,103761,177
102,0,blank,0,311.54808,682.63736,103761,103907,146
102,0,blank,0,475.6248167,721.0826833,103938,104115,177
102,0,blank,0,472.9633833,723.63245,104115,104291,176
102,0,blank,0,502.69,665.9821,104291,104320,29
102,0,blank,0,523.8982333,708.6657833,104378,104552,174
102,0,blank,0,482.1144,744.835375,104552,104668,116
102,0,blank,0,556.4071333,708.3452667,104697,104869,172
102,0,blank,0,578.9629,709.61725,104869,105042,173
102,0,blank,0,545.75058,694.48152,105042,105185,143
102,0,blank,0,529.8003833,683.8167667,105242,105414,172
102,0,blank,0,589.2361,673.2513,105414,105442,28
102,0,blank,0,14.61628333,654.0658167,105500,105676,176
102,0,blank,0,56.21275,679.1637333,105676,105851,175
102,0,blank,0,53.0342,671.9890333,105851,106029,178
102,0,blank,0,71.51768333,691.7518667,106029,106206,177
102,0,blank,0,64.61383333,681.5810167,106206,106378,172
102,0,blank,0,35.9472,698.50685,106378,106557,179
102,50,++,266,95.43876667,678.80835,106557,106735,178
102,0,blank,0,142.0568833,671.6184833,106735,106911,176
102,0,blank,0,162.5535667,626.4528333,106911,106998,87
102,0,blank,0,124.8831833,666.2318167,107057,107233,176
102,0,blank,0,75.67656667,672.0961,107233,107409,176
102,0,blank,0,78.97768333,669.6178,107409,107586,177
102,0,blank,0,78.40371667,677.2184167,107586,107758,172
102,0,blank,0,77.81275,669.4496,107758,107929,171
102,50,++,266,100.8298333,673.5755667,107929,108101,172
102,0,blank,0,100.6852333,688.6049167,108101,108274,173
102,0,blank,0,64.26951667,689.2871667,108274,108445,171
102,0,blank,0,73.56315,707.321025,108445,108560,115
102,0,blank,0,255.7524667,673.8406167,108589,108761,172
102,0,blank,0,192.9797333,679.5235,108761,108933,172
102,50,0,267,121.6934167,671.3819833,108933,109104,171
102,0,blank,0,122.7162,680.66945,109104,109277,173
102,0,blank,0,159.4142667,681.03365,109277,109452,175
102,0,blank,0,181.6754833,666.34485,109452,109624,172
102,0,blank,0,161.4273333,675.8029333,109624,109798,174
102,0,blank,0,133.7421167,693.48585,109798,109971,173
102,0,blank,0,141.8816333,687.6868167,109971,110145,174
102,0,blank,0,153.5765167,690.00085,110145,110319,174
102,0,blank,0,187.7468667,670.2964167,110319,110493,174
102,0,blank,0,218.84394,699.19088,110493,110638,145
102,0,blank,0,-323,-105,110669,110771,102
102,0,blank,0,277.5927429,679.2370143,110920,111114,194
102,0,blank,0,286.6356167,669.6282333,111114,111289,175
102,0,blank,0,293.9712429,678.2718857,111289,111487,198
102,0,blank,0,284.7210857,692.9973286,111487,111686,199
102,0,blank,0,319.1247,665.8592571,111686,111881,195
102,0,blank,0,317.7913429,678.8611,111881,112078,197
102,0,blank,0,309.6162857,672.3639714,112078,112277,199
102,0,blank,0,307.6196571,675.8433143,112277,112476,199
102,0,blank,0,315.9738857,684.5173857,112476,112675,199
102,0,blank,0,315.4160333,670.8812167,112675,112847,172
102,0,blank,0,908.8525,537.239675,112905,113020,115
102,0,blank,0,811.809,496.3827,113078,113103,25
102,0,blank,0,964.548,475.4731167,113128,113292,164
102,0,blank,0,524.8109333,689.7762167,113321,113500,179
102,0,blank,0,463.84842,688.85336,113500,113695,195
102,0,blank,0,435.33184,686.7419,113695,113845,150
102,0,blank,0,448.94782,671.90788,113845,114043,198
102,0,blank,0,497.1507571,661.0432143,114043,114239,196
102,0,blank,0,370.5752,697.31095,114268,114378,110
102,0,blank,0,368.8358667,712.3184,114378,114552,174
102,0,blank,0,377.22682,702.19568,114552,114692,140
102,0,blank,0,127.7973,713.8409,114776,114830,54
102,0,blank,0,149.4889,696.00752,114859,115002,143
102,0,blank,0,153.723175,692.7017,115058,115169,111
102,0,blank,0,183.5748,736.31215,115197,115260,63
102,0,blank,0,100.0292,592.7022,115318,115368,50
102,0,blank,0,170.5804833,191.00305,115396,115594,198
102,0,blank,0,149.43675,89.83876667,115594,115784,190
102,0,blank,0,146.177225,48.76315,115784,115966,182
102,0,blank,0,118.3744,63.5067,115966,115992,26
102,0,blank,0,286.6145,723.1392,116050,116083,33
102,0,blank,0,226.4138,628.7007,116143,116172,29
102,0,blank,0,228.6449667,704.2572667,116200,116285,85
102,0,blank,0,260.304,691.8335,116344,116478,134
102,0,blank,0,312.7503333,684.3119333,116478,116602,124
102,0,blank,0,310.060375,652.760525,116602,116757,155
102,0,blank,0,295.47506,698.9278,116757,116943,186
102,0,blank,0,295.1610167,692.7299167,116943,117142,199
102,0,blank,0,335.1641667,695.2368333,117142,117279,137
102,0,blank,0,587.6872714,670.3835143,117354,117544,190
102,0,blank,0,133.8731333,693.0164333,117601,117778,177
102,0,blank,0,583.9029167,619.8505333,117898,118090,192
102,49,i,260,632.6829,649.90572,118090,118253,163
102,0,blank,0,656.4053667,636.1162667,118253,118361,108
102,49,0,263,687.392,646.9548,118361,118492,131
102,0,blank,0,165.58788,689.33216,118567,118762,195
102,0,blank,0,113.4912714,693.8246857,118762,118961,199
102,0,blank,0,100.73936,668.63036,118961,119107,146
102,0,blank,0,79.43662,621.01532,119138,119314,176
102,49,isspace,238,121.05255,659.3166833,119314,119512,198
102,0,blank,0,140.9017,621.9125,119543,119602,59
102,0,blank,0,81.65646667,700.3923667,119693,119886,193
102,0,blank,0,115.8048286,701.0764857,119886,120083,197
102,49,isspace,238,171.52598,657.77396,120083,120274,191
102,0,blank,0,223.6919,695.1909,120274,120417,143
102,0,blank,0,221.7213333,719.6343333,120417,120616,199
102,0,blank,0,215.4563833,694.2786167,120616,120793,177
102,0,blank,0,252.6790833,675.8712333,120793,120991,198
102,0,blank,0,247.3385167,670.3734167,120991,121160,169
102,49,isspace,238,171.02424,646.10082,121160,121350,190
102,0,blank,0,120.7737333,666.0038167,121350,121540,190
102,49,isspace,238,147.1065833,654.4410667,121598,121783,185
102,0,blank,0,164.80305,734.5506,121783,121840,57
102,49,isspace,238,137.8804714,659.0704857,121869,122068,199
102,0,blank,0,136.595,696.7452,122068,122096,28
102,0,blank,0,301.3551667,713.869,122158,122309,151
102,49,Err:520,255,277.9679,662.8943,122309,122487,178
102,0,blank,0,327.9799,769.9118,122487,122513,26
102,0,blank,0,346.8191667,703.5236333,122542,122717,175
102,0,blank,0,354.7035,705.5768667,122717,122875,158
102,0,blank,0,326.9358,712.55995,122875,122973,98
102,0,blank,0,332.6961,689.78,122973,123082,109
102,0,blank,0,368.90835,709.88395,123082,123265,183
102,0,blank,0,362.8148833,690.2294833,123265,123449,184
102,0,blank,0,355.40505,711.5955333,123449,123646,197
102,0,blank,0,340.7672333,711.1067667,123646,123833,187
102,0,blank,0,323.2165667,682.6878,123833,124014,181
102,0,blank,0,329.3337833,685.0659167,124014,124185,171
102,0,blank,0,350.25394,705.1447,124185,124328,143
102,0,blank,0,329.3884714,678.1200143,124356,124554,198
102,0,blank,0,342.9859,707.0957,124554,124742,188
102,0,blank,0,207.0343143,692.6278143,124792,124991,199
102,0,blank,0,174.97365,667.11755,124991,125105,114
102,0,blank,0,393.3050333,664.1746667,125136,125311,175
102,0,blank,0,370.6663,691.8032,125311,125506,195
102,0,blank,0,366.0316833,694.36955,125506,125701,195
102,0,blank,0,362.1666,697.3773167,125701,125875,174
102,0,blank,0,368.7201,698.4239,125875,126019,144
102,0,blank,0,392.7585833,697.8422333,126048,126220,172
102,0,blank,0,374.42598,690.29324,126220,126395,175
102,0,blank,0,372.2962667,669.4497,126395,126504,109
102,0,blank,0,423.56374,685.84844,126529,126691,162
102,0,blank,0,418.57998,670.05206,126749,126908,159
102,0,blank,0,511.85408,673.98554,126908,127072,164
102,0,blank,0,542.7686,679.399775,127072,127256,184
102,0,blank,0,589.5206143,674.2058286,127256,127454,198
102,0,blank,0,569.8407,620.3627,127454,127483,29
102,49,[,259,618.9766833,645.52795,127511,127683,172
102,49,!=,262,664.3292,662.6683,127683,127741,58
102,49,!=,262,663.1303714,649.5736143,127769,127968,199
102,49,!=,262,668.4987,651.6443,127968,128167,199
102,0,blank,0,671.86464,672.59912,128167,128309,142
102,0,blank,0,655.4722,687.6927,128366,128395,29
102,0,blank,0,116.8255833,739.2949333,128452,128647,195
102,0,blank,0,136.90775,709.54705,128647,128759,112
102,0,blank,0,139.6784,737.3743,128788,128818,30
102,0,blank,0,951.0963333,453.9346,129006,129083,77
102,0,blank,0,915.5726,456.36632,129112,129255,143
102,0,blank,0,951.01,412.9393,129312,129340,28
102,0,blank,0,173.60515,359.616525,129425,129543,118
102,0,blank,0,162.8044,318.91145,129571,129629,58
102,0,blank,0,205.53424,379.39284,129658,129805,147
102,0,blank,0,157.8158167,405.0570833,129834,130005,171
102,0,blank,0,204.56135,427.72985,130005,130065,60
102,0,blank,0,166.3305333,203.2423333,130096,130265,169
102,0,blank,0,143.6010667,242.5992667,130265,130454,189
102,0,blank,0,155.7130857,240.3786286,130454,130650,196
102,31,if,167,180.01396,258.21372,130650,130795,145
102,0,blank,0,102.6937333,223.25405,130795,130988,193
102,0,blank,0,136.3191,287.1565,130988,131045,57
102,0,blank,0,80.59635,220.247925,131129,131242,113
103,17,i,105,112.7597857,290.2045429,131387,131580,193
103,13,(,77,92.10823333,216.5971,131580,131667,87
103,0,blank,0,796.222,174.0446,131724,131753,29
103,0,blank,0,865.8112,278.42258,131782,131946,164
103,0,blank,0,957.2175,254.094,131946,132027,81
103,0,blank,0,-323,-105,132106,132291,185
103,0,blank,0,595.5925,225.5442,132317,132341,24
103,0,blank,0,-323,-105,132366,132542,176
103,0,blank,0,-323,-105,132542,132720,178
103,0,blank,0,-323,-105,132720,132809,89
103,0,blank,0,967.306,-105.016,132837,132886,49
103,0,blank,0,211.0886,334.7915,132977,133001,24
103,0,blank,0,-323,-105,133081,133259,178
103,0,blank,0,-323,-105,133259,133447,188
103,0,blank,0,-323,-105,133447,133622,175
103,0,blank,0,-323,-105,133622,133814,192
103,0,blank,0,-323,-105,133814,134000,186
103,0,blank,0,-323,-105,134000,134150,150
103,0,blank,0,102.8846167,355.6483833,134181,134369,188
103,0,blank,0,117.3068333,364.2854333,134369,134459,90
103,0,blank,0,-323,-105,134488,134684,196
103,0,blank,0,888.293,-103.559075,135288,135467,179
103,0,blank,0,973.381,-105.0099,135467,135492,25
103,0,blank,0,950.45775,766.4225,135574,135693,119
103,0,blank,0,971.4436667,759.6897667,135776,135969,193
103,0,blank,0,988.688,775.7679,135969,135998,29
103,0,blank,0,91.050625,238.7912,136057,136191,134
103,0,blank,0,94.26004,322.23022,136191,136382,191
103,0,blank,0,97.41125,327.7354833,136382,136559,177
103,0,blank,0,113.3309,350.85735,136559,136649,90
103,0,blank,0,111.243375,328.78785,136674,136793,119
103,0,blank,0,102.76355,326.49195,136854,137032,178
103,0,blank,0,121.779175,370.061,137032,137214,182
103,19,str,112,116.9166,349.095775,137214,137331,117
103,21,for,123,135.1993,396.5795,137331,137518,187
103,21,for,123,126.35032,389.38236,137518,137689,171
103,21,for,123,125.4885333,394.8286,137689,137866,177
103,21,for,123,139.0219667,378.4256667,137866,138063,197
103,0,blank,0,132.3881,375.35435,138063,138252,189
103,0,blank,0,120.3706,364.101,138252,138391,139
103,19,str,112,132.71515,345.02625,138391,138569,178
103,0,blank,0,149.045925,398.539025,138569,138758,189
103,21,for,123,143.7455,386.6875,138758,138934,176
103,0,blank,0,142.60305,366.383525,138934,139109,175
103,19,str,112,134.957,340.86175,139109,139160,51
103,21,for,123,147.32812,382.67872,139190,139387,197
103,0,blank,0,125.9504,357.8292,139387,139463,76
103,0,blank,0,134.0758667,326.3307667,139463,139642,179
103,0,blank,0,139.25544,375.73304,139642,139781,139
103,19,Err:520,116,189.54695,339.59735,139962,140037,75
103,0,blank,0,160.2188,408.73675,140314,140496,182
103,0,blank,0,168.8203333,355.48885,140496,140670,174
103,0,blank,0,159.5795667,331.8422333,140670,140758,88
103,21,for,123,134.3062667,380.6587833,140786,140966,180
103,0,blank,0,131.9616833,360.6602333,140966,141147,181
103,21,(,124,161.8199167,376.1470167,141147,141323,176
103,21,(,124,159.34028,391.35874,141323,141470,147
103,23,if,137,172.7448833,427.88585,141499,141673,174
103,0,blank,0,189.9288833,419.6671,141673,141847,174
103,0,blank,0,158.44425,414.9477333,141847,142022,175
103,0,blank,0,109.1006,381.1126,142022,142137,115
103,21,for,123,137.8555667,381.3310333,142166,142340,174
103,0,blank,0,151.4915667,365.7225333,142340,142519,179
103,21,(,124,162.3132333,376.99155,142519,142697,178
103,0,blank,0,165.7941,397.6692833,142727,142906,179
103,0,blank,0,146.6186833,369.8159833,142906,143084,178
103,0,blank,0,155.258525,362.788,143084,143202,118
103,0,blank,0,131.618,357.2975,143261,143299,38
103,0,blank,0,844.234,292.61215,143647,143718,71
103,0,blank,0,140.56532,357.07738,143778,143927,149
103,0,blank,0,155.458,311.3327,143986,144016,30
103,21,j,133,169.5418333,394.2291,144045,144135,90
103,21,(,124,158.3817,390.0097667,144164,144344,180
103,0,blank,0,154.93185,394.1743167,144344,144521,177
103,21,for,123,151.87808,383.25358,144580,144773,193
103,0,blank,0,144.7898429,369.9353429,144773,144966,193
103,21,(,124,155.16044,389.25972,144966,145112,146
103,19,if,110,91.01096667,349.9644667,145141,145229,88
103,0,blank,0,93.12355,390.019375,145260,145380,120
103,0,blank,0,150.6226,354.05404,145409,145555,146
103,23,(,138,186.2736,424.8654,145584,145701,117
103,0,blank,0,153.9093,397.72595,145726,145898,172
103,22,{,136,129.397275,402.6304,145898,146089,191
103,0,blank,0,134.4203571,408.7848857,146089,146280,191
103,22,{,136,125.4433667,407.9150167,146280,146453,173
103,21,for,123,139.2826,391.7676,146453,146646,193
103,0,blank,0,108.15055,381.8553,146646,146823,177
103,0,blank,0,108.721925,370.5493,146823,146973,150
103,21,(,124,155.47495,377.8210667,147064,147263,199
103,21,for,123,140.4620667,382.75395,147263,147438,175
103,21,for,123,142.3033833,396.5943333,147438,147631,193
103,0,blank,0,146.2079333,441.0254,147631,147717,86
103,21,for,123,124.246,390.0928,147746,147903,157
103,0,blank,0,137.1928,428.9836,147903,147953,50
103,0,blank,0,160.5891,456.1,147953,148103,150
103,0,blank,0,144.6695,437.6454,148128,148178,50
103,31,&&,178,377.1766,608.2818,148429,148454,25
103,0,blank,0,-323,-105,148478,148653,175
103,23,if,137,173.0174,439.4117,148679,148704,25
103,0,blank,0,114.3661,381.3449,148878,148903,25
103,0,blank,0,193.03356,424.35236,148958,149146,188
103,22,{,136,125.244325,410.36175,149146,149320,174
103,21,for,123,134.4639333,386.9811,149320,149518,198
103,21,for,123,137.1996,388.8428333,149518,149696,178
103,21,for,123,129.74025,396.30515,149786,149838,52
103,0,blank,0,142.00675,415.39765,149926,150103,177
103,23,if,137,175.0547333,424.2963,150103,150192,89
103,23,if,137,168.0073,434.83165,150284,150343,59
103,0,blank,0,113.463725,424.3466,150520,150707,187
103,0,blank,0,149.1643333,446.4032,150707,150806,99
103,0,blank,0,159.283225,369.552875,150912,151042,130
103,0,blank,0,188.9067429,404.2688571,151068,151265,197
103,23,if,137,180.19838,425.90444,151265,151458,193
103,24,{,151,172.97255,450.516275,151458,151598,140
103,23,str,139,194.54645,436.9313,151626,151820,194
103,0,blank,0,229.5436667,447.6274833,151820,151993,173
103,0,blank,0,229.2500333,393.3022333,151993,152186,193
103,23,[,147,227.8537,424.9994,152186,152215,29
103,23,[,147,228.8199,421.05625,152247,152304,57
103,0,blank,0,220.2892,463.866,152332,152361,29
103,22,{,136,127.2042,403.7469,152417,152496,79
103,22,{,136,126.7009,411.5246571,152578,152773,195
103,0,blank,0,135.1085667,408.7429833,152773,152945,172
103,21,for,123,127.7745,390.7943,152945,153081,136
103,0,blank,0,112.0401333,389.7101667,153111,153283,172
103,0,blank,0,133.2105429,417.9917571,153283,153482,199
103,0,blank,0,110.53044,381.7826,153482,153625,143
103,0,blank,0,136.342,402.0934333,153625,153733,108
103,0,blank,0,99.7548,370.2879,153762,153790,28
103,0,blank,0,112.9281,363.1713,153849,153907,58
103,0,blank,0,-21.6054,402.3294,153937,153967,30
103,0,blank,0,-3.7501,387.9443,153995,154023,28
103,0,blank,0,108.7099167,354.1324167,154053,154235,182
103,0,blank,0,99.2613,359.00114,154235,154409,174
103,0,blank,0,106.4484,370.2195,154409,154439,30
103,0,blank,0,-231.473375,441.19745,154683,154797,114
103,24,{,151,163.29925,443.262675,154854,154977,123
103,0,blank,0,155.5746,532.9258667,155185,155271,86
103,0,blank,0,111.5311333,399.06715,155330,155502,172
103,0,blank,0,140.8451,292.8436,155502,155530,28
103,19,str,112,117.386,336.6027667,155559,155644,85
103,19,str,112,135.4186,332.7126,155671,155703,32
103,0,blank,0,122.0665,365.3595,155732,155760,28
103,0,blank,0,-27.2396,583.2285,155788,155817,29
103,0,blank,0,-2.7875,659.64405,155903,155962,59
103,0,blank,0,-263.205,379.52852,156044,156181,137
103,0,blank,0,157.3998,363.5759143,156237,156436,199
103,0,blank,0,133.3306571,403.7453286,156436,156632,196
103,0,blank,0,102.52272,447.70954,156632,156770,138
103,0,blank,0,107.2514,378.3354,156798,156854,56
103,0,blank,0,145.74795,451.36915,156887,156941,54
103,21,for,123,128.2168833,388.54585,156969,157136,167
103,0,blank,0,120.77818,367.50512,157163,157305,142
103,0,blank,0,176.00852,393.67534,157421,157564,143
103,21,0,127,212.80925,390.3775,157626,157685,59
103,0,blank,0,188.1942333,538.3193833,157713,157887,174
103,25,gotoNextWord,152,239.0761,478.2530333,157887,157971,84
103,0,blank,0,-323,-105,158026,158187,161
103,0,blank,0,-323,-105,158187,158231,44
103,0,blank,0,-323,-105,158318,158352,34
103,31,isspace,169,214.7091,597.4878,158377,158488,111
103,0,blank,0,278.9813,544.0771,158515,158542,27
103,0,blank,0,196.5114,484.3101,158571,158599,28
103,29,Err:520,163,190.116,554.157,158682,158710,28
103,33,wcount,199,224.5259,639.4985,158795,158853,58
103,0,blank,0,222.2242,513.5926,158881,158910,29
103,0,blank,0,177.9225,526.1411,158970,159099,129
103,0,blank,0,222.1505,457.3301,159124,159151,27
103,0,blank,0,158.2898,403.5583,159151,159325,174
103,0,blank,0,319.6476,513.4429,159355,159381,26
103,29,Err:520,163,190.9615,572.4564,159409,159468,59
103,0,blank,0,302.3806,545.7504,159495,159522,27
103,0,blank,0,242.0318,444.5644333,159582,159667,85
103,0,blank,0,218.716,578.2624,159805,159834,29
103,0,blank,0,296.0241,537.2639,159891,159919,28
103,0,blank,0,167.4574667,487.4002,160014,160180,166
103,25,gotoNextWord,152,206.9527,477.6439333,160209,160291,82
103,0,blank,0,211.78435,486.1331,160319,160434,115
103,0,blank,0,213.2787,419.8091,160461,160489,28
103,23,str,139,206.6251,430.955,160520,160549,29
103,0,blank,0,183.1195571,524.2414857,160608,160806,198
103,0,blank,0,212.8332,534.81485,160835,160944,109
103,0,blank,0,232.6158,546.27235,161026,161084,58
103,0,blank,0,202.87905,472.153,161171,161228,57
103,0,blank,0,241.170425,452.93205,161260,161370,110
103,0,blank,0,290.9869167,495.0809833,161401,161571,170
103,0,blank,0,308.03075,455.42405,161627,161684,57
103,0,blank,0,198.44488,492.90878,161713,161858,145
103,0,blank,0,185.1006286,451.3446429,161886,162082,196
103,0,blank,0,191.386,418.0484833,162082,162253,171
103,23,if,137,170.391,423.1059,162253,162282,29
103,0,blank,0,316.76,535.5901,162311,162340,29
103,0,blank,0,274.52,351.3404,162369,162397,28
103,0,blank,0,200.24024,470.13566,162426,162571,145
103,0,blank,0,156.6408833,541.6938,162600,162773,173
103,0,blank,0,148.9433,599.4783333,162773,162946,173
103,33,wcount,199,178.0919833,626.9164833,162946,163121,175
103,0,blank,0,260.166425,620.588175,163121,163238,117
103,0,blank,0,159.0864833,683.5406333,163267,163443,176
103,33,wcount,199,193.8668667,620.1952333,163443,163619,176
103,0,blank,0,179.6491333,577.2093667,163619,163737,118
103,0,blank,0,152.3059,588.8765,163737,163895,158
103,0,blank,0,101.0476,606.2915,163895,164076,181
103,30,{,166,127.25985,594.8387333,164076,164262,186
103,29,j,162,158.4658333,571.8213833,164262,164437,175
103,0,blank,0,458.4309167,669.3097833,164466,164642,176
103,0,blank,0,455.6239,653.52945,164642,164817,175
103,0,blank,0,409.50675,625.4060333,164817,164991,174
103,0,blank,0,363.89055,632.3238333,164991,165165,174
103,0,blank,0,366.37842,613.61788,165165,165312,147
103,0,blank,0,473.0970833,630.2523167,165341,165517,176
103,0,blank,0,513.2800167,627.2482167,165517,165693,176
103,0,blank,0,525.58755,629.8166333,165693,165867,174
103,0,blank,0,473.48845,668.5091167,165867,166042,175
103,0,blank,0,525.2760333,650.4135833,166042,166216,174
103,0,blank,0,537.6373667,638.6765333,166216,166387,171
103,0,blank,0,491.0478,692.9303,166387,166473,86
103,31,ispunct,179,388.6409833,600.2760333,166502,166678,176
103,0,blank,0,362.8326167,614.3304667,166678,166848,170
103,31,+,192,530.5377,606.82165,166876,166934,58
103,0,blank,0,508.47205,628.1821167,166963,167138,175
103,31,[,190,513.14905,614.2218667,167138,167310,172
103,0,blank,0,463.3462167,650.0151333,167310,167484,174
103,0,blank,0,475.9985167,647.2793,167484,167658,174
103,0,blank,0,510.8926,624.18525,167658,167830,172
103,31,),197,559.7468,615.376,167830,167860,30
103,0,blank,0,355.6779,682.5389,167889,167918,29
103,31,&&,178,381.8462,611.4604167,167948,168124,176
103,0,blank,0,448.5734333,650.1188333,168124,168299,175
103,0,blank,0,487.9555,648.7627,168299,168385,86
103,31,if,167,182.6191,615.4769833,168414,168589,175
103,0,blank,0,161.5901,630.7401167,168589,168763,174
103,0,blank,0,124.27474,621.65854,168763,168912,149
103,33,wcount,199,248.9185167,637.3377333,168941,169115,174
103,33,wcount,199,227.5586833,627.6482667,169115,169288,173
103,33,wcount,199,219.8965667,627.9302,169288,169375,87
103,0,blank,0,368.1916,646.7625833,169403,169575,172
103,31,),197,358.4047,604.94298,169575,169720,145
103,0,blank,0,437.5916167,631.5884667,169749,169922,173
103,0,blank,0,480.9526857,646.3156857,169922,170121,199
103,0,blank,0,493.7965167,666.4449,170121,170289,168
103,0,blank,0,453.9328143,629.9880143,170317,170514,197
103,0,blank,0,450.2483571,639.6013857,170514,170713,199
103,0,blank,0,477.1764714,668.1494143,170713,170908,195
103,0,blank,0,505.2176,651.6416857,170908,171104,196
103,0,blank,0,529.30828,650.31852,171104,171243,139
103,0,blank,0,338.9340714,620.6989,171271,171470,199
103,0,blank,0,343.49535,602.2342,171470,171584,114
103,0,blank,0,524.3787167,619.8967833,171613,171787,174
103,0,blank,0,504.93,643.6123833,171787,171960,173
103,0,blank,0,521.3192667,636.2929667,171960,172133,173
103,0,blank,0,540.4786167,659.9734167,172133,172307,174
103,0,blank,0,590.0512333,704.8183333,172307,172479,172
103,0,blank,0,574.8171286,676.2686,172479,172675,196
103,0,blank,0,546.0707667,642.8622167,172703,172874,171
103,0,blank,0,585.2853,623.0533,172874,172904,30
103,0,blank,0,897.413,378.57095,172959,173020,61
103,0,blank,0,904.7895,347.869,173108,173169,61
103,0,blank,0,879.743,226.5587,173196,173254,58
103,0,blank,0,960.3245,291.31575,173279,173334,55
103,0,blank,0,538.16368,621.72666,173428,173574,146
103,0,blank,0,247.408025,745.5191,173603,173721,118
103,34,+=,203,224.119,674.4057,173721,173904,183
103,34,+=,203,231.6081333,674.1122833,173904,174064,160
103,0,blank,0,220.507,683.05234,174064,174257,193
103,0,blank,0,240.222175,717.181325,174257,174420,163
103,0,blank,0,218.57675,717.396175,174420,174606,186
103,0,blank,0,214.79928,707.09334,174606,174805,199
103,0,blank,0,73.381,695.8235,174805,174856,51
103,0,blank,0,161.0826333,748.7862667,175041,175157,116
103,29,wlen,164,239.6569833,554.1732,175182,175364,182
103,0,blank,0,194.4171833,566.0515167,175364,175550,186
103,0,blank,0,208.2859167,527.44585,175550,175730,180
103,0,blank,0,212.5623,507.5375,175730,175760,30
103,0,blank,0,-323,-105,175820,176009,189
103,0,blank,0,-323,-105,176009,176045,36
103,0,blank,0,209.8485,536.9615,176077,176095,18
103,10,printf,61,87.3479,154.81946,176127,176303,176
103,11,(,67,92.4897,170.7481,176303,176434,131
103,0,blank,0,77.58936,123.52446,176535,176722,187
103,10,Enterstring:,63,115.657,148.7595,176722,176803,81
103,0,blank,0,83.454,582.1311,176929,176954,25
103,33,wcount,199,192.64518,645.69062,176978,177161,183
103,0,blank,0,156.560675,615.5336,177161,177307,146
103,0,blank,0,133.67254,771.50872,177332,177531,199
103,0,blank,0,91.82323333,714.3971833,177531,177726,195
103,0,blank,0,56.73373333,610.9269333,177726,177889,163
103,0,blank,0,137.64354,641.16334,177944,178122,178
103,33,wcount,199,197.766075,632.3317,178122,178309,187
103,0,blank,0,180.48655,618.7541,178309,178361,52
104,0,blank,0,267.9869833,617.7003833,178535,178711,176
104,0,blank,0,279.4012,620.7920667,178711,178876,165
104,0,blank,0,203.9675,625.2806,178876,178928,52
104,0,blank,0,66.5809,657.66456,178980,179144,164
104,0,blank,0,883.9935,517.583375,179228,179346,118
104,0,blank,0,973.0385,467.470525,179465,179597,132
104,0,blank,0,211.245975,554.822875,179705,179857,152
104,0,blank,0,196.1827333,502.3016667,179857,179991,134
104,0,blank,0,194.4213833,230.48005,180048,180239,191
104,0,blank,0,192.72555,401.7482,180239,180327,88
104,40,gotoNextWord,211,205.7841,477.6894333,180352,180438,86
105,25,gotoNextWord,152,223.0187,373.4902,180724,180801,77
105,0,blank,0,942.49,262.14142,180854,181048,194
105,0,blank,0,952.5845,302.9029667,181048,181226,178
105,0,blank,0,924.6288,295.346,181254,181399,145
105,0,blank,0,960.3855,315.8923833,181458,181634,176
105,0,blank,0,127.2957667,325.4626333,181721,181891,170
105,0,blank,0,135.8915,301.3630667,181891,181980,89
105,0,blank,0,160.81694,335.40582,182039,182210,171
105,0,blank,0,171.96245,358.6112,182240,182297,57
105,0,blank,0,214.93515,405.62405,182328,182386,58
105,0,blank,0,146.6615,324.4925,182413,182443,30
105,0,blank,0,-323,-105,182473,182665,192
105,0,blank,0,-323,-105,182724,182754,30
105,0,blank,0,254.7165,444.6094,182885,182912,27
105,26,break,156,231.8437667,388.0016667,182941,183140,199
105,0,blank,0,229.3323,347.7359,183140,183165,25
105,0,blank,0,213.4359167,412.95395,183193,183365,172
105,0,blank,0,230.70755,443.19875,183365,183536,171
105,25,gotoNextWord,152,209.7654167,371.3977333,183566,183741,175
105,23,(,138,186.0784,327.5594,183741,183771,30
105,26,break,156,227.994625,383.568425,183801,183921,120
105,0,blank,0,-323,-105,183952,184109,157
105,0,blank,0,190.9014,371.9964,184151,184254,103
105,0,blank,0,178.608,360.30755,184510,184567,57
105,23,str,139,210.8183,313.7518333,184596,184680,84
105,26,break,156,234.2486571,395.3050286,184709,184908,199
105,0,blank,0,279.4357,429.3024,184908,184996,88
105,0,blank,0,292.327,403.1169,185053,185084,31
105,0,blank,0,197.1953,394.5029,185201,185293,92
105,0,blank,0,233.8275,316.25692,185345,185488,143
105,23,[,147,231.1253,312.47535,185488,185682,194
105,0,blank,0,252.521,343.47212,185682,185827,145
105,26,break,156,241.51032,394.03578,185856,186022,166
105,0,blank,0,205.02155,345.71205,186082,186167,85
105,25,gotoNextWord,152,205.4231333,372.5253,186192,186385,193
105,25,gotoNextWord,152,212.63445,358.72815,186385,186494,109
105,26,break,156,237.18465,389.7951,186573,186759,186
105,24,{,151,172.86106,342.64116,186759,186944,185
105,0,blank,0,201.7049,388.35945,186944,187054,110
105,23,!=,145,287.8506,320.91215,187113,187249,136
105,0,blank,0,116.6667,407.4442,187279,187313,34
105,0,blank,0,208.29625,297.447775,187342,187463,121
105,0,blank,0,212.7143333,342.8642667,187463,187647,184
105,0,blank,0,150.46292,323.78136,187647,187809,162
105,0,blank,0,141.61925,407.8612,187838,187951,113
105,0,blank,0,118.882425,326.926225,187976,188142,166
105,0,blank,0,124.65944,337.31328,188171,188316,145
105,0,blank,0,113.42785,344.68975,188316,188421,105
105,0,blank,0,275.9869,338.2945,188573,188597,24
105,0,blank,0,300.796,427.7108,188706,188731,25
105,0,blank,0,280.9409333,385.5188667,188860,188962,102
105,29,Err:520,163,190.0146,444.9731,189053,189082,29
105,0,blank,0,208.6796833,484.8983333,189109,189283,174
105,0,blank,0,199.4493,426.2305,189283,189479,196
105,0,blank,0,182.1469333,396.1983333,189479,189562,83
105,33,wcount,199,263.5501333,550.8525667,189678,189830,152
105,29,j,162,155.48845,447.83975,189965,190026,61
105,0,blank,0,291.8838,454.98425,190253,190313,60
105,0,blank,0,274.52065,486.27415,190589,190645,56
105,31,isspace,169,247.5388,491.2296,190730,190816,86
105,0,blank,0,257.805,478.056,191084,191113,29
105,0,blank,0,283.65415,585.9748,191172,191254,82
105,0,blank,0,-323,-105,191279,191333,54
105,0,blank,0,380.4012,742.6358,191383,191408,25
105,0,blank,0,270.502,470.3548333,191457,191546,89
105,0,blank,0,307.1416,530.1634,191631,191830,199
105,31,isspace,169,260.7998,505.8273,191887,191998,111
105,0,blank,0,225.9971,403.7018,192023,192048,25
105,0,blank,0,250.8593,440.817525,192078,192217,139
105,0,blank,0,253.42855,410.1312,192276,192335,59
105,0,blank,0,267.0349,486.5519667,192364,192453,89
105,0,blank,0,244.91748,475.60162,192482,192630,148
105,29,wlen,164,226.35885,459.10675,192821,192925,104
105,0,blank,0,280.330425,515.650225,193008,193157,149
105,0,blank,0,300.515,479.5455,193157,193221,64
105,0,blank,0,242.6762,417.1377,193275,193356,81
105,31,(,180,187.3767,487.3813,193421,193450,29
105,0,blank,0,248.7344,552.439,193479,193540,61
105,23,+,142,248.0646,331.5369,193656,193688,32
105,0,blank,0,338.35742,430.9557,193719,193918,199
105,0,blank,0,264.3602,516.9649,193978,194003,25
105,0,blank,0,259.77358,527.3685,194062,194240,178
105,0,blank,0,265.4818,511.7545,194240,194268,28
105,0,blank,0,192.7137,394.4589333,194502,194585,83
105,0,blank,0,166.137,309.3802,194707,194812,105
105,0,blank,0,134.1071571,197.1894571,194837,195028,191
105,0,blank,0,131.4371,206.13285,195028,195218,190
105,0,blank,0,-323,-105,195243,195420,177
105,31,str,189,290.2276,494.4796,195892,195943,51
105,0,blank,0,-323,-105,196034,196114,80
105,23,!=,145,293.8285,332.6747,196150,196214,64
105,23,str,139,200.69534,327.85028,196446,196636,190
105,0,blank,0,252.3069667,310.8318,196636,196752,116
105,23,if,137,173.1437667,314.99295,196792,196978,186
105,0,blank,0,159.9410333,306.2003333,196978,197153,175
105,21,0,127,212.872775,284.44745,197153,197267,114
105,0,blank,0,146.381,308.8689333,197296,197474,178
105,0,blank,0,126.813525,312.201575,197474,197591,117
105,0,blank,0,274.1247,248.9036,197847,197887,40
105,23,str,139,218.257,324.44832,197927,198125,198
105,0,blank,0,151.7433,370.8899,198125,198164,39
105,23,str,139,204.50445,312.32765,198243,198322,79
105,0,blank,0,132.0169333,331.2414833,198458,198630,172
105,0,blank,0,138.7878,342.88695,198630,198745,115
105,0,blank,0,175.5001429,333.7522857,198801,198999,198
105,0,blank,0,159.2075,320.85715,198999,199171,172
105,23,if,137,171.20644,331.00646,199171,199323,152
105,23,str,139,216.53924,326.727,199353,199514,161
105,23,str,139,219.35605,320.9594833,199514,199704,190
105,26,break,156,240.018,383.4371,199704,199733,29
105,23,str,139,212.6705857,317.2691714,199815,200011,196
105,23,[,147,227.2405333,323.4622,200011,200095,84
105,0,blank,0,178.5920333,385.5508333,200152,200342,190
105,0,blank,0,189.11098,408.735,200342,200508,166
105,29,wlen,164,206.1691,462.0554,200508,200558,50
105,0,blank,0,140.5919,388.90485,200583,200636,53
105,23,str,139,198.9419571,316.1728,200665,200861,196
105,0,blank,0,196.123,362.6793333,200861,201034,173
105,23,str,139,198.23005,319.9314,201034,201089,55
105,0,blank,0,264.3649,264.9382,201143,201171,28
105,0,blank,0,219.16466,428.8711,201198,201340,142
105,31,if,167,165.7365714,501.7138714,201425,201621,196
105,29,(,161,150.4478,464.4524,201621,201649,28
105,0,blank,0,179.2716,633.6243333,201677,201860,183
105,0,blank,0,176.8254,632.595,201860,201885,25
105,0,blank,0,89.0096,527.1058,201910,201935,25
105,0,blank,0,153.0174,567.8243333,201993,202126,133
105,0,blank,0,136.2758,531.8635,202126,202207,81
105,0,blank,0,131.6370667,549.5701,202309,202508,199
105,0,blank,0,146.7355571,584.1661857,202508,202701,193
105,0,blank,0,158.22552,542.14586,202701,202862,161
105,0,blank,0,100.3157,531.3698333,203022,203097,75
105,0,blank,0,149.2557,602.85908,203151,203288,137
105,0,blank,0,134.9646,608.0461,203403,203431,28
105,0,blank,0,106.8801833,611.55515,203486,203655,169
105,29,Err:520,163,187.74554,457.20626,204028,204222,194
105,0,blank,0,209.5096429,473.767,204222,204417,195
105,31,isspace,169,215.32095,491.6485,204417,204614,197
105,0,blank,0,124.792,333.86985,204689,204849,160
105,19,str,112,122.4216143,243.9515,204887,205086,199
105,0,blank,0,66.9453,251.5773,205086,205113,27
105,0,blank,0,125.6510143,257.9946286,205168,205367,199
105,0,blank,0,118.252775,212.781075,205367,205510,143
105,0,blank,0,162.72475,246.0583,205560,205619,59
105,0,blank,0,119.65414,280.62498,205648,205794,146
105,21,j,133,163.7932,283.6772,205823,205882,59
105,0,blank,0,12.1971,228.1679167,205907,206099,192
105,0,blank,0,-16.24386,242.95062,206099,206236,137
105,17,<,106,123.3878,182.3521667,206372,206465,93
105,0,blank,0,-323,-105,206544,206729,185
105,0,blank,0,-323,-105,206729,206908,179
105,0,blank,0,-323,-105,206908,207107,199
105,0,blank,0,-323,-105,207107,207259,152
105,0,blank,0,-323,-105,207259,207450,191
105,0,blank,0,-323,-105,207450,207483,33
105,0,blank,0,-323,-105,207483,207719,236
105,0,blank,0,-323,-105,207719,207854,135
105,0,blank,0,-323,-105,207854,208117,263
106,0,blank,0,138.06735,695.6417,208842,208963,121
106,0,blank,0,894.61775,377.90955,209045,209202,157
106,0,blank,0,922.1955,226.93685,209228,209285,57
106,0,blank,0,912.113,274.48068,209313,209475,162
106,0,blank,0,919.5285,307.61735,209475,209656,181
106,0,blank,0,929.0361667,332.3209833,209656,209836,180
106,0,blank,0,910.2405,375.6753,209836,209894,58
106,0,blank,0,894.028,295.0919,209923,209952,29
106,0,blank,0,976.4936667,304.6365333,209981,210180,199
106,0,blank,0,967.9335,310.4209333,210180,210348,168
106,0,blank,0,962.252,293.2655,210348,210538,190
106,0,blank,0,944.4856,295.54328,210538,210701,163
107,0,blank,0,910.3206667,286.8587,210758,210952,194
107,0,blank,0,901.3866667,327.4974,210952,211037,85
107,0,blank,0,885.302,312.2136,211065,211093,28
107,21,for,123,144.7684,224.4590333,211175,211251,76
107,0,blank,0,15.13395,14.25815,211308,211387,79
108,0,blank,0,39.9054,63.826675,211438,211596,158
108,0,blank,0,122.0718,642.6383,211647,211723,76
108,0,blank,0,173.4858,715.9352,211748,211798,50
108,0,blank,0,123.92428,634.33928,211823,211966,143
108,0,blank,0,-323,-105,212023,212217,194
108,0,blank,0,-323,-105,212217,212260,43
108,0,blank,0,-323,-105,212260,212601,341
108,0,blank,0,-323,-105,212601,212771,170
108,0,blank,0,-323,-105,212771,212960,189
108,0,blank,0,-323,-105,212960,213032,72
108,0,blank,0,42.93381667,75.89765,213125,213301,176
108,15,wlen,88,82.70546667,69.65751667,213301,213486,185
108,0,blank,0,76.1635,73.54526667,213486,213665,179
108,0,blank,0,57.40368333,73.24545,213665,213845,180
108,0,blank,0,77.48153333,90.92031667,213845,214027,182
108,16,=,100,103.56545,87.47553333,214027,214216,189
108,0,blank,0,-323,-105,214277,214424,147
108,0,blank,0,121.45015,99.86431667,214454,214625,171
108,0,blank,0,103.5143333,127.2792833,214625,214802,177
108,0,blank,0,84.23781667,191.9340667,214802,214981,179
108,0,blank,0,62.3114,156.22405,214981,215159,178
108,0,blank,0,52.37516667,148.8767,215159,215247,88
108,0,blank,0,69.25331667,523.8608167,215277,215453,176
108,0,blank,0,107.6185167,588.8317833,215453,215646,193
108,0,blank,0,137.9706333,631.77895,215646,215828,182
108,0,blank,0,123.7021833,653.5378167,215828,216013,185
108,0,blank,0,123.90415,657.9672167,216013,216196,183
108,0,blank,0,166.2540333,668.9914167,216196,216375,179
108,0,blank,0,165.2352,640.711525,216375,216494,119
108,0,blank,0,123.67268,316.33248,216524,216669,145
108,0,blank,0,123.133375,416.18415,216783,216976,193
108,0,blank,0,97.64705,357.04175,216976,217036,60
108,0,blank,0,206.41135,381.6648833,217064,217238,174
108,29,if,160,129.9795333,371.4369667,217238,217413,175
108,0,blank,0,119.62076,386.70534,217413,217586,173
108,0,blank,0,134.3622,351.929,217586,217614,28
108,30,{,166,131.20155,388.3403167,217644,217822,178
108,30,{,166,129.3047667,380.1166333,217822,217998,176
108,29,(,161,150.4881,375.014,217998,218024,26
108,0,blank,0,908.693,444.19555,218136,218193,57
108,0,blank,0,894.9338333,435.693,218222,218392,170
108,0,blank,0,726.138,581.8911333,218420,218504,84
108,0,blank,0,858.7555,431.8255,218531,218642,111
108,29,if,160,133.7617833,366.7427833,218699,218878,179
108,0,blank,0,135.5019167,381.0889833,218878,219055,177
108,0,blank,0,143.6520667,399.9221667,219055,219233,178
108,0,blank,0,200.7992333,424.65385,219294,219476,182
108,0,blank,0,188.5649833,433.0702333,219476,219654,178
108,0,blank,0,194.2066833,445.2575833,219654,219833,179
108,0,blank,0,201.305425,455.157975,219833,219952,119
108,0,blank,0,189.3364667,432.7703333,219980,220154,174
108,33,wcount,199,206.8876333,463.42215,220154,220327,173
108,0,blank,0,209.6002,466.77525,220327,220441,114
108,0,blank,0,-68.6399,474.8438167,220585,220773,188
108,0,blank,0,-111.2894,443.5646333,220773,220861,88
108,0,blank,0,43.8875,634.5615,220891,220921,30
108,0,blank,0,161.73145,458.7778,220952,221008,56
108,0,blank,0,169.53078,452.56482,221035,221180,145
108,0,blank,0,189.655975,538.301625,221294,221406,112
108,0,blank,0,198.9707429,543.176,221435,221629,194
108,0,blank,0,194.7885143,565.1667714,221629,221828,199
108,0,blank,0,125.4883571,565.1817571,221884,222083,199
108,0,blank,0,162.704,654.59855,222111,222165,54
108,0,blank,0,161.61265,663.2231,222193,222248,55
108,40,gotoNextWord,211,146.62286,600.57548,222275,222415,140
108,40,gotoNextWord,211,208.617725,612.7054,222415,222560,145
108,40,gotoNextWord,211,207.7335,601.3612,222618,222701,83
108,0,blank,0,203.1642,595.2458,222755,222782,27
108,0,blank,0,-323,-105,222809,222973,164
108,0,blank,0,187.7007333,626.7028333,223143,223224,81
108,0,blank,0,129.99605,652.2907,223253,223308,55
108,0,blank,0,168.3522,710.0458333,223419,223504,85
108,42,0,218,121.9314,656.1754,223531,223558,27
108,44,Wordcount:%d\n,222,141.24625,700.64685,223585,223674,89
108,0,blank,0,145.6778,502.7358,223730,223760,30
108,0,blank,0,177.4691,624.3386,223871,223898,27
108,0,blank,0,216.6007,540.2257,224131,224157,26
108,33,wcount,199,229.95716,456.88494,224223,224412,189
108,0,blank,0,188.66212,446.36376,224412,224600,188
108,0,blank,0,198.92646,440.47418,224600,224792,192
108,0,blank,0,195.1454,445.2333,224792,224828,36
108,23,w,146,323.25595,234.3378,225467,225522,55
108,23,],149,351.3677,235.7063,225553,225579,26
108,0,blank,0,556.2298,211.7847,225700,225761,61
108,0,blank,0,316.4775,290.2197,225853,225880,27
108,0,blank,0,335.57035,221.9034,225938,226054,116
108,0,blank,0,393.0493,326.1185,226082,226194,112
108,0,blank,0,459.43025,388.3436,226228,226317,89
108,0,blank,0,216.17505,386.607425,226517,226711,194
108,0,blank,0,220.1329,492.9951,226711,226751,40
108,0,blank,0,306.2065,447.7256,226793,226830,37
108,0,blank,0,318.7198667,509.4918667,226980,227164,184
108,0,blank,0,337.5142714,483.0839143,227164,227361,197
108,0,blank,0,354.9625286,508.1453714,227361,227559,198
108,31,&&,178,385.4725833,416.1213667,227586,227758,172
108,0,blank,0,-323,-105,227787,227941,154
108,0,blank,0,328.472,392.5544,227975,228021,46
108,0,blank,0,367.2950714,406.8620286,228083,228276,193
108,0,blank,0,395.2579,425.3834,228276,228391,115
108,0,blank,0,392.8716333,436.0399833,228420,228592,172
108,0,blank,0,472.7521833,441.62915,228620,228793,173
108,0,blank,0,447.2717857,423.6581143,228793,228992,199
108,0,blank,0,382.1789286,423.729,228992,229188,196
108,0,blank,0,421.4247714,424.4230429,229188,229386,198
108,0,blank,0,422.8447857,450.8762571,229386,229584,198
108,0,blank,0,405.3409286,422.5172857,229584,229781,197
108,0,blank,0,372.0493,388.0869,229781,229809,28
108,0,blank,0,469.8006429,446.5006429,229838,230037,199
108,31,(,180,487.7421667,406.3112333,230037,230122,85
108,31,&&,178,393.03675,408.1429833,230179,230347,168
108,0,blank,0,567.3154333,474.8251667,230376,230458,82
108,0,blank,0,534.54495,487.6151,230487,230549,62
108,0,blank,0,503.07875,435.665,230578,230636,58
108,0,blank,0,555.83925,445.3936167,230664,230835,171
108,0,blank,0,586.2700571,435.3357714,230835,231034,199
108,0,blank,0,621.35915,365.01975,231034,231090,56
108,0,blank,0,598.79368,483.24566,231119,231264,145
108,33,wcount,199,202.9205429,464.8857286,231460,231655,195
108,0,blank,0,186.1557167,480.1258833,231655,231829,174
108,0,blank,0,223.2045833,488.6991,231829,232006,177
108,0,blank,0,221.84435,536.0824167,232006,232183,177
108,0,blank,0,196.8563333,533.5291833,232183,232379,196
108,0,blank,0,220.81585,487.4807,232379,232437,58
108,29,wlen,164,212.5895,363.624,232466,232494,28
108,0,blank,0,284.8564,496.8412,232523,232551,28
108,31,(,180,185.55936,407.4962,232607,232750,143
108,31,if,167,165.211475,412.704775,232779,232895,116
108,0,blank,0,160.98855,397.438375,232923,233035,112
108,29,if,160,142.71906,373.55248,233063,233207,144
108,29,j,162,156.65535,376.964075,233207,233348,141
108,0,blank,0,166.30798,392.43154,233441,233616,175
108,0,blank,0,114.56525,395.7122667,233616,233788,172
108,0,blank,0,117.6189,447.1784,233788,233819,31
108,0,blank,0,172.1176333,204.1691,233848,233934,86
108,21,for,123,143.9273333,192.24955,233963,234135,172
108,19,str,112,136.1573,137.66635,234135,234194,59
108,0,blank,0,114.07065,187.64005,234254,234313,59
108,0,blank,0,178.693,178.5497,234396,234430,34
108,19,if,110,87.06963333,138.9597667,234549,234722,173
108,17,while,103,93.79656667,111.4534333,234722,234810,88
108,0,blank,0,146.4906,401.6506,234841,234871,30
108,0,blank,0,127.2446333,251.6789,234900,235087,187
108,23,if,137,171.4778833,230.2371333,235087,235276,189
108,23,if,137,183.3906833,230.5620833,235276,235460,184
108,0,blank,0,222.3470667,260.2284833,235460,235641,181
108,21,(,124,156.1925,193.4358333,235641,235731,90
108,21,j,133,163.8683333,192.88535,235761,235938,177
108,0,blank,0,216.1874,168.78765,235996,236054,58
108,0,blank,0,113.3258167,127.91955,236083,236280,197
108,0,blank,0,108.1232667,118.9647,236280,236457,177
108,0,blank,0,109.6155333,121.3156833,236457,236635,178
108,0,blank,0,101.70075,126.1196833,236635,236814,179
108,0,blank,0,51.97235,92.13303333,236814,236988,174
108,0,blank,0,62.2224,74.15831667,236988,237163,175
108,16,=,100,105.9599833,85.17653333,237163,237344,181
108,16,=,100,112.92865,83.724225,237344,237467,123
108,0,blank,0,57.2261,71.92328333,237498,237684,186
108,0,blank,0,39.24736667,94.72166667,237684,237867,183
108,0,blank,0,97.65755,119.9799333,237867,238046,179
108,0,blank,0,101.2279833,131.70505,238046,238223,177
108,0,blank,0,94.43098333,130.1917833,238223,238401,178
108,0,blank,0,100.0831333,77.77773333,238401,238577,176
108,0,blank,0,36.084,23.2616,238577,238606,29
108,15,wlen,88,71.82661667,67.41428333,238636,238832,196
108,0,blank,0,34.897,43.72688333,238832,239008,176
108,17,(,104,102.7137833,101.5719167,239008,239187,179
108,19,str,112,141.7137167,147.7360167,239187,239368,181
108,19,str,112,126.91915,142.5978333,239368,239549,181
108,0,blank,0,109.5740333,122.9188167,239549,239728,179
108,19,if,110,102.2924667,139.7273667,239728,239908,180
108,19,[,118,146.8746333,145.90595,239908,240087,179
108,19,i,114,154.0361,155.3583,240087,240147,60
108,0,blank,0,135.18228,291.93536,240235,240386,151
108,0,blank,0,175.6721,526.014,240475,240503,28
108,0,blank,0,154.0127833,520.9071667,240614,240776,162
108,0,blank,0,220.588,516.1408714,240831,241026,195
108,0,blank,0,229.7785,523.4444,241026,241161,135
108,0,blank,0,117.2114,242.2535,241211,241408,197
108,0,blank,0,109.57865,208.0615667,241408,241583,175
108,0,blank,0,100.48795,130.6739333,241583,241762,179
108,0,blank,0,81.89886667,133.1224333,241762,241848,86
108,0,blank,0,-323,-105,241907,242065,158
108,0,blank,0,117.7927571,127.0836286,242180,242372,192
108,19,if,110,104.88965,138.8557833,242372,242554,182
108,22,{,136,131.5787667,217.58,242554,242644,90
108,0,blank,0,-121.098,-75.3459,242704,242733,29
108,0,blank,0,-100.041775,-20.999825,242815,242917,102
108,0,blank,0,124.3506,202.476,242973,243000,27
108,0,blank,0,199.576975,204.37095,243059,243203,144
108,21,(,124,158.6796333,188.7374,243260,243350,90
108,19,[,118,146.0285,154.7158833,243498,243673,175
108,0,blank,0,259.0895,162.4909,243729,243759,30
108,0,blank,0,240.8549,204.9366,243817,243846,29
108,0,blank,0,256.9663,166.4424,243876,244057,181
108,0,blank,0,234.66235,165.5801,244149,244206,57
108,21,wlen,131,274.00898,191.71174,244233,244377,144
108,0,blank,0,214.96665,211.48505,244405,244461,56
108,0,blank,0,258.4786,207.8763,244516,244549,33
108,0,blank,0,209.9482,221.8948,244605,244633,28
108,0,blank,0,220.6188,119.1325,244662,244689,27
108,0,blank,0,338.4913,153.4529,244745,244774,29
108,0,blank,0,241.4407,163.8962667,244831,244944,113
108,0,blank,0,279.5646333,160.845,244976,245063,87
108,23,],149,270.1767667,230.5366333,245092,245178,86
108,21,0,132,215.0064,191.32315,245325,245499,174
108,0,blank,0,205.6724,156.9294,245662,245711,49
108,17,slen,107,173.4716,101.1277,245768,245797,29
108,0,blank,0,199.57826,123.93148,245826,245971,145
108,19,Err:520,116,202.800675,144.4005,246003,246117,114
108,0,blank,0,264.2013,333.4638,246147,246207,60
108,0,blank,0,298.92205,179.9346,246242,246299,57
108,0,blank,0,237.854,255.24175,246415,246474,59
108,21,<,130,262.59566,194.3443,246504,246647,143
108,0,blank,0,240.9831,161.25285,246705,246879,174
108,0,blank,0,266.3182833,177.4602167,246879,247053,174
108,0,blank,0,269.13425,176.6962333,247053,247227,174
108,0,blank,0,310.9063,257.3956,247227,247283,56
108,0,blank,0,284.6898667,167.4941667,247313,247486,173
108,0,blank,0,286.06785,144.5859,247486,247602,116
108,0,blank,0,192.3296333,208.6813167,247631,247808,177
108,0,blank,0,203.0757333,162.7248167,247808,247990,182
108,0,blank,0,220.5073333,159.35805,247990,248168,178
108,0,blank,0,-323,-105,248198,248356,158
108,26,break,156,228.7404,306.6581,248396,248447,51
108,23,if,137,172.2208,225.7942667,248507,248587,80
108,23,str,139,206.8662167,239.5456333,248615,248796,181
108,0,blank,0,186.871,254.6602,248796,248825,29
108,0,blank,0,213.7126333,256.76075,248887,249066,179
108,23,str,139,203.2385833,226.2858167,249066,249239,173
108,25,gotoNextWord,152,222.59266,284.76436,249239,249382,143
108,0,blank,0,277.94315,298.4255,249411,249468,57
108,25,gotoNextWord,152,255.5667,272.4566,249622,249679,57
108,23,i,141,236.3663667,234.7780167,249708,249884,176
108,26,0,157,256.66785,309.4748667,249913,250090,177
108,26,break,156,235.4133,310.8075,250090,250177,87
108,0,blank,0,-323,-105,250208,250369,161
108,0,blank,0,-323,-105,250369,250526,157
108,0,blank,0,247.5804,210.4520667,250561,250734,173
108,0,blank,0,271.1894833,210.04195,250734,250921,187
108,21,0,132,315.3334,194.00025,250921,251042,121
108,0,blank,0,243.7563,337.6129,251077,251108,31
108,0,blank,0,303.05715,206.3323167,251140,251326,186
108,23,!=,145,295.6268333,235.7254833,251326,251513,187
108,23,],149,268.6397833,227.0799667,251513,251699,186
108,0,blank,0,256.27975,220.8529667,251699,251886,187
108,23,+,142,248.2126333,225.28795,251886,252068,182
108,0,blank,0,248.2059,224.81476,252068,252214,146
108,0,blank,0,279.3797167,243.5513,252243,252424,181
108,23,!=,145,286.8407,245.8951,252424,252451,27
108,23,w,146,316.129275,235.018225,252510,252636,126
108,0,blank,0,-323,-105,252667,252801,134
108,0,blank,0,274.1854333,215.7767167,252962,253140,178
108,23,[,147,225.8058333,229.0877333,253140,253327,187
108,0,blank,0,200.7281333,255.7452333,253327,253512,185
108,0,blank,0,264.5409,263.9407333,253512,253694,182
108,25,gotoNextWord,152,281.0134167,270.7038,253694,253877,183
108,0,blank,0,176.0872833,348.4527333,253877,254055,178
108,0,blank,0,166.9221333,384.94255,254055,254236,181
108,0,blank,0,161.6145667,300.0248667,254236,254419,183
108,0,blank,0,176.5330167,283.3819333,254419,254600,181
108,0,blank,0,198.53476,282.68824,254600,254748,148
108,0,blank,0,-323,-105,254778,254882,104
108,0,blank,0,185.3621,343.8946,254915,254962,47
108,0,blank,0,153.32734,341.90156,255024,255191,167
108,29,(,161,151.28035,375.8242667,255191,255371,180
108,0,blank,0,136.9046333,386.4565167,255371,255550,179
108,29,(,161,147.40792,372.43262,255550,255692,142
108,0,blank,0,142.68892,468.9624,255723,255869,146
108,0,blank,0,129.775425,411.597375,255927,256044,117
108,0,blank,0,156.1957,499.114,256073,256103,30
108,0,blank,0,143.6708,442.4149,256194,256222,28
108,0,blank,0,196.0335,447.3941,256250,256311,61
108,0,blank,0,138.627,455.7531333,256370,256461,91
108,31,(,180,192.3408,403.5142667,256494,256674,180
108,0,blank,0,201.4273667,394.39885,256731,256909,178
108,0,blank,0,170.3156,392.2661,256909,256938,29
108,31,if,167,175.2953667,410.2877667,256996,257173,177
108,29,Err:520,163,193.0431833,376.49985,257173,257349,176
108,29,wlen,164,205.3229333,374.7414333,257349,257523,174
108,0,blank,0,206.9568667,381.2137167,257523,257698,175
108,29,wlen,164,210.06375,368.1016,257698,257756,58
108,31,isspace,169,209.03405,415.675375,257790,257903,113
108,31,isspace,169,200.8544,419.5325,257932,257990,58
108,0,blank,0,197.0045,395.0116,258081,258141,60
108,35,},206,171.4468333,495.5110333,258168,258253,85
108,0,blank,0,214.5864,537.1653,258311,258340,29
108,31,isspace,169,197.4661333,404.8506,258368,258457,89
108,0,blank,0,161.1932,580.9254,258485,258513,28
108,0,blank,0,-323,-105,258603,258761,158
108,0,blank,0,107.45756,450.79218,258929,259066,137
108,0,blank,0,165.8968,466.04464,259128,259305,177
108,40,gotoNextWord,211,124.0632,602.55355,259547,259610,63
108,0,blank,0,173.62385,651.95585,259665,259754,89
108,0,blank,0,240.7227,531.3319,259785,259819,34
108,0,blank,0,248.6257,506.6678,259905,259935,30
108,0,blank,0,157.5414,393.24365,259961,260032,71
108,31,isspace,169,195.6911,419.98768,260111,260310,199
108,0,blank,0,223.2852,443.1183,260310,260349,39
108,29,wlen,164,221.9384,368.131,260385,260425,40
108,0,blank,0,209.4432,429.4847,260464,260501,37
108,0,blank,0,193.92455,482.7223,260581,260662,81
108,0,blank,0,158.27246,418.39296,260740,260928,188
108,31,isspace,169,209.0557857,401.3740143,260928,261122,194
108,0,blank,0,224.1463,341.0944,261122,261151,29
108,0,blank,0,154.2361,388.0215429,261239,261435,196
108,0,blank,0,181.459575,385.88235,261435,261547,112
108,31,isspace,169,227.8591714,402.9252,261576,261772,196
108,31,if,167,184.4972,411.0879,261772,261857,85
108,0,blank,0,118.6004286,440.5206571,261885,262082,197
108,0,blank,0,139.4711143,447.1045286,262082,262279,197
108,0,blank,0,-323,-105,262307,262486,179
108,0,blank,0,-323,-105,262486,262635,149
108,0,blank,0,181.2378,429.025225,262661,262768,107
108,0,blank,0,155.2126,349.28845,262798,262968,170
108,0,blank,0,117.0512,477.7057333,262997,263108,111
108,0,blank,0,145.7623714,500.8366714,263194,263389,195
108,0,blank,0,129.3988,447.5849667,263389,263563,174
108,0,blank,0,138.3646333,411.5033333,263652,263845,193
108,0,blank,0,122.5235167,400.2922667,263845,264040,195
108,0,blank,0,136.4749667,483.5449167,264040,264213,173
108,0,blank,0,157.4851,397.2066,264213,264246,33
108,0,blank,0,137.9311,451.3564,264334,264512,178
108,0,blank,0,184.3949,390.5759,264512,264570,58
108,31,if,167,181.327,421.18945,264598,264660,62
108,0,blank,0,-323,-105,264828,265005,177
108,0,blank,0,-323,-105,265005,265168,163
108,0,blank,0,-323,-105,265168,266029,861
108,0,blank,0,-323,-105,266029,266209,180
108,0,blank,0,-323,-105,266209,266325,116
108,0,blank,0,289.6417,86.3828,266561,266589,28
108,0,blank,0,216.7536,13.746,266589,266763,174
108,33,wcount,199,219.43235,457.24805,266890,266969,79
108,29,wlen,164,206.5540333,376.1156667,267045,267161,116
108,33,wcount,199,214.81815,464.9277,267197,267275,78
108,0,blank,0,269.0847,302.8842,267312,267352,40
108,0,blank,0,509.1411,210.1932,267390,267466,76
108,25,),154,345.2952,279.1364,267623,267706,83
108,31,],194,347.0805,407.49055,267790,267965,175
108,0,blank,0,313.2697,379.3138,267965,268049,84
108,0,blank,0,339.0404,314.5018,268078,268106,28
108,0,blank,0,299.4777333,336.1739667,268134,268270,136
108,29,wlen,164,222.0939429,366.2611714,268298,268497,199
108,0,blank,0,217.8433143,390.5459,268497,268694,197
108,0,blank,0,146.6163167,441.8404,268751,268948,197
108,0,blank,0,133.63344,444.12738,268948,269125,177
108,0,blank,0,145.2154,444.7066667,269125,269212,87
108,0,blank,0,444.3649667,323.3851833,269273,269450,177
108,0,blank,0,405.2719,341.7688,269450,269477,27
108,0,blank,0,417.48356,350.13934,269536,269678,142
108,0,blank,0,273.9307,345.5767571,269710,269905,195
108,0,blank,0,293.4897667,377.15965,269905,270074,169
108,0,blank,0,306.9448167,360.0055,270129,270299,170
108,0,blank,0,287.8464167,366.1991,270299,270471,172
108,0,blank,0,173.5803429,392.7304143,270555,270742,187
108,0,blank,0,114.1279286,413.3737286,270742,270936,194
108,0,blank,0,105.00195,422.03425,270963,271020,57
108,0,blank,0,-323,-105,271076,271250,174
108,0,blank,0,138.0778,388.37755,271451,271500,49
108,0,blank,0,125.2254,332.179,271582,271669,87
108,0,blank,0,118.4098333,399.02385,271724,271915,191
108,0,blank,0,117.842825,426.49805,271999,272110,111
108,30,{,166,129.8157,391.74795,272137,272302,165
108,0,blank,0,128.2841571,378.1230714,272359,272556,197
108,0,blank,0,197.1982,368.8556833,272556,272754,198
108,0,blank,0,186.7237333,392.9125333,272754,272927,173
108,31,if,167,166.5687,405.1686,272927,272954,27
108,29,Err:520,163,181.4122833,364.8274833,273010,273208,198
108,0,blank,0,105.8049,318.4458,273208,273237,29
108,0,blank,0,109.3452286,400.6649571,273264,273463,199
108,0,blank,0,111.5504286,391.0227571,273463,273660,197
108,0,blank,0,220.5657857,388.2096429,273660,273859,199
108,0,blank,0,218.7494667,390.0846333,273859,273948,89
108,33,wcount,199,227.866625,449.7053,273977,274091,114
108,0,blank,0,192.8905429,392.5389429,274120,274319,199
108,31,isspace,169,212.4290429,411.9608143,274319,274516,197
108,0,blank,0,344.8341,430.8284333,274516,274596,80
108,0,blank,0,374.12212,357.80356,274624,274813,189
108,0,blank,0,441.4083714,365.6156143,274813,275011,198
108,0,blank,0,448.31265,337.22335,275011,275069,58
108,0,blank,0,474.252,243.4836,275098,275132,34
108,0,blank,0,449.4584,354.812,275248,275274,26
108,0,blank,0,-323,-105,275296,275468,172
108,0,blank,0,-323,-105,275468,275580,112
108,0,blank,0,353.5446,276.152225,275704,275882,178
108,0,blank,0,328.7728,337.9177167,275934,276128,194
108,0,blank,0,453.228,13.41025,276185,276276,91
108,21,++,134,346.47895,190.1885,276333,276448,115
108,0,blank,0,399.7261,190.7868,276503,276687,184
108,0,blank,0,393.2864,233.2025,276687,276720,33
108,0,blank,0,384.0484,203.483,276777,276811,34
108,0,blank,0,390.7955,432.5481,276845,276873,28
108,0,blank,0,348.7598,393.9056,276963,276991,28
108,27,},158,167.2689167,329.2077333,277080,277254,174
108,0,blank,0,141.18775,339.0572833,277254,277437,183
108,0,blank,0,133.5158,283.02465,277437,277498,61
108,0,blank,0,151.1065,308.4657833,277527,277708,181
108,30,{,166,126.73045,389.502525,277708,277827,119
108,0,blank,0,-323,-105,277917,278075,158
108,0,blank,0,-323,-105,278075,278252,177
108,0,blank,0,-323,-105,278252,278313,61
108,29,wlen,164,221.7536,375.76635,278340,278387,47
108,0,blank,0,236.55894,290.80458,278472,278617,145
108,0,blank,0,225.83012,341.12866,278617,278790,173
108,0,blank,0,202.244475,326.8371,278790,278960,170
108,21,0,127,207.1903,191.7628,278960,279088,128
108,0,blank,0,281.17245,237.08305,279142,279198,56
108,21,<,130,254.2169667,201.5199,279226,279390,164
108,19,if,110,102.9718833,150.4972167,279481,279665,184
108,15,wlen,88,54.62863333,58.98533333,279665,279841,176
108,15,wlen,88,45.51891667,52.25501667,279841,280016,175
108,0,blank,0,4.25186,29.43876,280016,280162,146
108,0,blank,0,137.49565,405.5986,280221,280398,177
108,0,blank,0,127.8475667,411.6394833,280398,280572,174
108,29,if,160,142.054625,361.71945,280572,280713,141
108,31,isspace,169,222.8968333,416.4469833,280772,280960,188
108,0,blank,0,186.7204,383.9489,280960,281051,91
108,0,blank,0,286.25915,382.3699,281080,281224,144
108,0,blank,0,270.8873,369.7945167,281250,281426,176
108,0,blank,0,282.636225,361.651,281426,281571,145
108,0,blank,0,541.0156,261.2206,281597,281655,58
108,0,blank,0,523.9147,353.93586,281766,281907,141
108,0,blank,0,703.6268333,226.7726333,281935,282078,143
108,0,blank,0,383.9965667,380.8538667,282214,282331,117
108,0,blank,0,336.277325,387.6164,282331,282525,194
108,0,blank,0,91.08966667,399.43555,282610,282784,174
108,28,},159,132.0956,342.931,282784,282813,29
108,0,blank,0,122.44874,458.29194,282900,283093,193
108,0,blank,0,148.83522,472.34216,283093,283290,197
108,0,blank,0,146.6725,488.6362,283290,283461,171
108,31,(,180,266.6654,402.4087,283490,283550,60
108,31,[,190,309.3355,407.0749333,283579,283669,90
108,0,blank,0,-323,-105,283698,283859,161
108,0,blank,0,-323,-105,283859,283908,49
108,0,blank,0,123.0758833,346.0594167,284053,284223,170
108,0,blank,0,88.47795,355.8449167,284223,284400,177
108,0,blank,0,75.95721429,355.5924429,284400,284597,197
108,0,blank,0,64.59871667,368.8163833,284597,284766,169
108,0,blank,0,67.77376667,354.8851667,284766,284856,90
108,0,blank,0,115.6788333,377.43,284885,285063,178
108,0,blank,0,144.6368,264.0317,285063,285093,30
108,0,blank,0,137.1696,355.5088,285123,285212,89
108,29,if,160,142.4858,377.81426,285275,285449,174
108,0,blank,0,155.9917,323.89315,285449,285508,59
108,0,blank,0,196.417,360.1271,285566,285592,26
108,26,break,156,219.8758333,294.531,285651,285739,88
108,29,wlen,164,209.4362,367.1198333,285768,285941,173
108,29,wlen,164,226.01664,376.13036,285941,286085,144
108,0,blank,0,243.9424,320.1194,286085,286201,116
108,0,blank,0,244.2683,327.21625,286201,286381,180
108,0,blank,0,217.34885,349.6964833,286457,286645,188
108,0,blank,0,203.2389833,352.73665,286645,286844,199
108,0,blank,0,240.911,342.5146333,286844,286928,84
108,0,blank,0,263.07924,360.62068,286984,287126,142
108,0,blank,0,134.00615,385.1221,287188,287246,58
108,0,blank,0,110.3944,392.33485,287305,287365,60
108,0,blank,0,88.30623333,317.4117333,287395,287594,199
108,0,blank,0,82.03846,340.94212,287594,287774,180
108,0,blank,0,123.2603,402.202,287774,287805,31
108,0,blank,0,86.406275,383.625875,287862,287983,121
108,0,blank,0,106.6889,413.3245,288012,288099,87
108,0,blank,0,262.5673167,324.6822667,288128,288300,172
108,26,break,156,249.8615333,307.8073333,288300,288385,85
108,29,wlen,164,233.7579833,368.3982833,288413,288587,174
108,0,blank,0,268.91948,379.57386,288587,288767,180
108,0,blank,0,245.50902,324.88476,288767,288911,144
108,33,wcount,199,247.2571,449.4767,288939,288968,29
108,0,blank,0,63.35365,341.1198333,289055,289226,171
108,0,blank,0,69.68106667,316.7354,289226,289317,91
108,0,blank,0,65.6926,313.6808333,289345,289521,176
108,0,blank,0,73.1521,331.7293,289521,289692,171
108,0,blank,0,92.50734,341.50138,289692,289863,171
108,0,blank,0,53.1946,299.0778,289863,289892,29
108,0,blank,0,123.09874,402.28362,289920,290089,169
108,0,blank,0,129.787,403.5607,290089,290145,56
108,0,blank,0,170.5394,484.1134333,290199,290373,174
108,0,blank,0,150.8626,455.74878,290520,290695,175
108,0,blank,0,167.5754,383.7364,290695,290758,63
108,0,blank,0,253.6287,446.8333,290844,290873,29
108,0,blank,0,274.1172,396.36645,290902,290963,61
108,0,blank,0,267.00592,399.75106,290995,291140,145
108,0,blank,0,-323,-105,291226,291387,161
108,0,blank,0,200.32735,304.825875,291506,291613,107
108,23,],149,351.2448333,225.5382,291642,291781,139
108,0,blank,0,308.9474714,267.2888143,291808,292007,199
108,0,blank,0,338.6617,302.0678,292007,292120,113
108,0,blank,0,250.71395,314.8844,292148,292265,117
108,0,blank,0,122.0226333,374.6768,292293,292491,198
108,0,blank,0,56.6052,360.1741667,292491,292662,171
108,0,blank,0,-323,-105,292691,292880,189
108,0,blank,0,-323,-105,292880,292992,112
108,0,blank,0,83.79,295.1205,293024,293062,38
108,0,blank,0,159.1834,387.1961,293092,293122,30
108,0,blank,0,-323,-105,293514,293555,41
108,0,blank,0,287.5096333,317.9156,293681,293767,86
108,23,!=,145,293.9105333,239.8832,293828,293957,129
108,0,blank,0,157.941075,426.35115,294017,294183,166
108,0,blank,0,174.25635,435.24505,294183,294268,85
108,0,blank,0,139.05115,352.18895,294305,294383,78
108,0,blank,0,153.308075,315.027325,294454,294620,166
108,29,if,160,128.48685,362.1296,294620,294705,85
108,30,{,166,128.8629,387.1981,294746,294869,123
108,23,str,139,210.7106143,238.5990429,294899,295098,199
108,0,blank,0,217.18275,247.4363,295098,295213,115
108,0,blank,0,224.46565,259.746375,295243,295358,115
108,0,blank,0,272.81025,211.57145,295443,295501,58
108,0,blank,0,517.7682,434.20145,295559,295615,56
108,0,blank,0,411.2838,547.0494,295671,295704,33
108,0,blank,0,343.2911,443.90175,295760,295932,172
108,0,blank,0,300.4710167,442.97545,295932,296104,172
108,0,blank,0,182.2666,513.8293833,296104,296303,199
108,0,blank,0,179.3587143,510.2471714,296303,296502,199
108,0,blank,0,230.03755,493.6878167,296502,296673,171
108,0,blank,0,270.311,469.080425,296673,296787,114
108,0,blank,0,285.7570667,473.379,296815,296899,84
108,0,blank,0,-323,-105,296927,297109,182
108,0,blank,0,275.8122,478.566,297135,297161,26
108,0,blank,0,251.3320429,437.3446143,297207,297391,184
108,0,blank,0,189.3583667,440.7354,297391,297564,173
108,0,blank,0,205.5198429,490.6161857,297564,297762,198
108,34,i,202,208.6228714,482.8979429,297762,297956,194
108,0,blank,0,265.715,488.0758667,297956,298038,82
108,0,blank,0,133.3222,99.6011,298066,298094,28
108,17,),108,187.9984857,110.4114714,298122,298319,197
108,0,blank,0,248.7175,117.2245,298319,298348,29
108,0,blank,0,212.938525,93.395125,298376,298489,113
108,15,w,92,192.2848167,51.83741667,298518,298691,173
108,0,blank,0,189.1186167,76.53785,298691,298863,172
108,0,blank,0,218.6720714,52.01927143,298863,299062,199
108,15,w,92,183.25875,67.56098333,299062,299235,173
108,0,blank,0,398.0153833,375.9185833,299292,299466,174
108,0,blank,0,350.5141833,452.2250333,299466,299638,172
108,0,blank,0,306.4830833,429.11285,299638,299815,177
108,0,blank,0,277.5349,428.79625,299815,299992,177
108,0,blank,0,158.6001833,454.80425,300021,300194,173
108,32,{,198,165.2429857,437.4933429,300194,300393,199
108,0,blank,0,161.9559429,448.2553429,300393,300592,199
108,0,blank,0,313.7739,440.4259,300649,300704,55
108,0,blank,0,306.7908,426.122325,300732,300843,111
108,0,blank,0,161.826075,119.987825,300875,300985,110
108,16,wcount,99,163.8354,88.45372,301013,301154,141
108,0,blank,0,117.179075,93.7378,301211,301401,190
108,0,blank,0,211.64995,102.00345,301429,301486,57
108,16,wcount,99,148.3122,72.97278,301514,301659,145
108,0,blank,0,194.309125,113.3319,301687,301799,112
108,0,blank,0,310.0813333,524.1221667,301828,301912,84
108,0,blank,0,343.28934,483.0398,301967,302110,143
108,0,blank,0,434.9444714,456.7905857,302137,302331,194
108,0,blank,0,399.0424143,422.9783857,302331,302529,198
108,0,blank,0,408.8770429,457.4488286,302529,302727,198
108,0,blank,0,410.0412571,487.4455714,302727,302921,194
108,0,blank,0,524.028,499.5847,303122,303207,85
108,0,blank,0,-323,-105,303262,303418,156
108,0,blank,0,579.2715,458.6215,303450,303492,42
108,0,blank,0,512.1089333,519.1439333,303612,303693,81
108,0,blank,0,489.9708,578.6419,303752,303810,58
108,0,blank,0,573.7235714,476.9637143,303863,304062,199
108,0,blank,0,571.76096,462.31606,304062,304207,145
108,0,blank,0,603.7402,441.81525,304236,304292,56
108,0,blank,0,582.0989833,421.36045,304322,304494,172
108,0,blank,0,555.787,445.9484,304494,304525,31
108,31,str,189,610.5455,405.0204,304583,304611,28
108,0,blank,0,696.0017714,455.0817286,304638,304835,197
108,0,blank,0,666.1089286,445.8417857,304835,305028,193
108,0,blank,0,674.4578667,458.4184,305059,305144,85
108,0,blank,0,575.6055333,443.6893833,305205,305384,179
108,0,blank,0,569.23482,455.27218,305384,305534,150
108,0,blank,0,529.56215,446.9757833,305595,305770,175
108,0,blank,0,558.49482,432.04472,305770,305915,145
108,0,blank,0,605.76855,468.9622,305944,306001,57
108,0,blank,0,488.00055,472.49445,306029,306089,60
108,0,blank,0,518.7375,480.41984,306145,306289,144
108,31,&&,178,381.0271667,410.7323667,306317,306402,85
108,0,blank,0,443.1426333,437.8094333,306458,306605,147
108,31,ispunct,179,480.7178,410.4929,306605,306706,101
108,0,blank,0,528.07315,439.2561,306706,306886,180
108,0,blank,0,529.3672167,431.0827,306886,307064,178
108,0,blank,0,528.121275,447.972525,307064,307179,115
108,31,str,189,504.48305,406.5254,307208,307264,56
108,0,blank,0,462.7821,499.577,307292,307320,28
108,0,blank,0,414.7419857,467.5132571,307383,307578,195
108,0,blank,0,433.41794,398.72458,307578,307719,141
108,0,blank,0,168.3111167,450.13755,307775,307947,172
108,0,blank,0,184.6273,428.9159333,307947,308120,173
108,0,blank,0,197.5426143,445.2098,308120,308319,199
108,34,i,202,204.4285667,476.2747333,308319,308405,86
108,0,blank,0,215.8193167,465.8238333,308433,308623,190
108,0,blank,0,224.50298,446.2147,308623,308762,139
108,0,blank,0,251.8494667,643.8198833,308790,308958,168
108,0,blank,0,134.8839143,623.0263286,308987,309186,199
108,44,printf,220,60.0916,690.5521,309186,309215,29
108,0,blank,0,107.48825,610.12075,309244,309301,57
108,0,blank,0,169.0157833,722.22015,309330,309502,172
108,0,blank,0,154.22195,758.1412,309502,309560,58
108,0,blank,0,-323,-105,309618,309799,181
108,0,blank,0,-323,-105,309799,309832,33
108,0,blank,0,422.3774857,392.8791,309860,310052,192
108,0,blank,0,445.9272,394.8862333,310052,310225,173
108,0,blank,0,418.57085,446.5071167,310225,310397,172
108,0,blank,0,434.6401,386.014,310397,310426,29
108,0,blank,0,439.9558,387.51945,310484,310541,57
108,0,blank,0,451.2050667,472.4621333,310570,310655,85
108,0,blank,0,419.9166429,454.8218571,310683,310880,197
108,0,blank,0,419.4561,376.58305,310880,311051,171
108,0,blank,0,398.92545,395.00575,311051,311167,116
108,31,ispunct,179,479.9677,409.1880167,311225,311399,174
108,31,(,180,491.7658,416.83115,311399,311514,115
108,0,blank,0,468.3634333,440.0727667,311543,311717,174
108,0,blank,0,471.27415,423.3142167,311746,311919,173
108,0,blank,0,494.4681,398.78375,311919,311977,58
108,0,blank,0,494.856,457.4055833,312037,312209,172
108,0,blank,0,528.2806,463.1555,312209,312237,28
108,0,blank,0,523.4562,440.2303,312266,312294,28
108,0,blank,0,460.5455333,397.1824333,312352,312526,174
108,0,blank,0,431.8195,389.3246667,312526,312700,174
108,0,blank,0,428.5292,377.27445,312700,312759,59
108,0,blank,0,463.6352833,387.9873,312788,312963,175
108,0,blank,0,471.5922167,390.3676167,312963,313136,173
108,31,ispunct,179,473.5187833,410.5337667,313136,313309,173
108,31,isspace,169,231.3137833,407.7746833,313337,313508,171
108,0,blank,0,177.6721833,425.7988,313565,313740,175
108,31,isspace,169,194.30185,420.5980333,313740,313916,176
108,31,isspace,169,203.7712667,417.9015333,313916,314089,173
108,0,blank,0,295.9111,335.3458,314118,314147,29
108,31,(,180,266.5153,413.163,314175,314204,29
108,33,wcount,199,216.7341571,456.2299429,314260,314454,194
108,0,blank,0,242.3884286,470.1188143,314454,314650,196
108,0,blank,0,290.2717714,465.4290286,314650,314847,197
108,33,wcount,199,213.6597143,448.2040429,314903,315098,195
108,0,blank,0,217.52155,475.69225,315098,315154,56
108,0,blank,0,292.0187,543.1152,315182,315210,28
108,0,blank,0,298.4976,502.86185,315236,315291,55
108,0,blank,0,292.7743714,435.8302714,315319,315516,197
108,31,str,189,296.82312,419.69804,315516,315656,140
108,0,blank,0,284.8874,427.1867857,315684,315881,197
108,31,str,189,286.9806833,412.0881,315881,316048,167
108,0,blank,0,106.28,628.7944667,316076,316248,172
108,44,printf,220,88.7501,693.9234,316248,316417,169
108,0,blank,0,98.23593333,720.8725167,316446,316618,172
108,0,blank,0,167.3694333,735.3150833,316618,316790,172
108,0,blank,0,202.4701833,737.6948333,316790,316960,170
108,0,blank,0,214.1743667,731.659,316960,317046,86
108,0,blank,0,204.8330333,378.6806667,317133,317305,172
108,31,if,167,179.0457,408.7491,317305,317333,28
108,0,blank,0,105.9302667,665.4637333,317362,317535,173
108,0,blank,0,98.5598,710.8462833,317535,317709,174
108,0,blank,0,139.336,716.1808,317709,317738,29
108,0,blank,0,367.5715,391.3701,317767,317796,29
108,0,blank,0,348.161275,394.3844,317825,317940,115
108,0,blank,0,277.63415,430.9490833,317968,318142,174
108,31,isspace,169,258.9320833,416.1694,318142,318315,173
108,33,wcount,199,203.8563833,447.5316333,318315,318488,173
108,33,wcount,199,214.1922571,449.3634714,318488,318687,199
108,33,wcount,199,219.0666,452.7922667,318687,318771,84
108,31,isspace,169,261.5908,415.6895,318827,318884,57
108,0,blank,0,413.9716,458.4894,318940,319050,110
108,0,blank,0,375.6425,527.278,319079,319107,28
108,0,blank,0,453.4537,464.7951,319135,319163,28
108,0,blank,0,-323,-105,319191,319361,170
108,0,blank,0,354.3524,312.0553,319682,319719,37
108,0,blank,0,312.1707,477.6349,319755,319793,38
108,0,blank,0,205.8393,430.232625,319868,320010,142
108,29,wlen,164,238.3063,358.667,320049,320084,35
108,31,isspace,169,206.13886,413.77022,320232,320383,151
108,0,blank,0,410.08664,445.29332,320411,320550,139
108,0,blank,0,457.2005,339.0457,320579,320606,27
108,0,blank,0,379.74095,362.921,320633,320689,56
108,0,blank,0,353.972,535.2679,320720,320748,28
108,0,blank,0,210.0570857,395.0585286,320775,320970,195
108,31,isspace,169,222.4219,403.9169571,320970,321166,196
108,0,blank,0,301.1100143,426.6671,321166,321361,195
108,0,blank,0,427.7159,394.3685,321361,321388,27
108,0,blank,0,363.1678143,428.1676143,321416,321614,198
108,0,blank,0,333.8697,442.9829,321614,321642,28
108,31,i,191,318.6923,415.9061,321697,321724,27
108,0,blank,0,440.5291,423.6568,321786,321811,25
108,0,blank,0,376.0149,438.26,321866,321894,28
108,0,blank,0,476.4402667,494.9268333,321925,322006,81
108,0,blank,0,542.5429,492.634,322066,322093,27
108,0,blank,0,462.194025,519.9509,322147,322261,114
108,0,blank,0,626.193875,447.13475,322289,322402,113
108,0,blank,0,590.3111,470.5248,322461,322575,114
108,0,blank,0,565.44894,448.17568,322601,322800,199
108,0,blank,0,590.1021,396.4437,322857,322886,29
108,0,blank,0,552.7494667,452.9458667,322917,323089,172
108,0,blank,0,555.3101,498.7156,323089,323119,30
108,0,blank,0,510.7793333,527.8232833,323179,323349,170
108,0,blank,0,489.1458,465.12675,323375,323434,59
108,0,blank,0,495.7977143,442.5990857,323465,323659,194
108,31,ispunct,179,479.04404,421.52522,323659,323798,139
108,0,blank,0,448.1568,489.928,323826,323854,28
108,0,blank,0,465.9937333,431.1713333,323881,323964,83
108,0,blank,0,482.8524333,438.8151,324019,324184,165
108,31,(,180,492.04828,416.1743,324239,324375,136
108,0,blank,0,525.0219143,442.5016857,324402,324600,198
108,31,i,191,535.0892714,403.3457571,324600,324793,193
108,0,blank,0,494.24335,456.871575,324821,324935,114
108,0,blank,0,526.29515,464.44325,324962,325021,59
108,0,blank,0,512.0672,473.0060857,325078,325277,199
108,0,blank,0,436.56995,491.1367667,325277,325447,170
108,0,blank,0,415.971675,552.686625,325447,325588,141
108,0,blank,0,-323,-105,325674,325846,172
108,0,blank,0,-323,-105,325846,326011,165
108,0,blank,0,-323,-105,326011,326148,137
108,0,blank,0,-323,-105,326148,326266,118
108,0,blank,0,-323,-105,326266,326452,186
108,33,wcount,199,244.5749667,455.8616833,326484,326650,166
108,0,blank,0,307.8529,542.3785,326731,326758,27
108,0,blank,0,239.7334,643.7095,326784,326812,28
108,0,blank,0,278.5074,491.18115,326839,326896,57
108,0,blank,0,475.92045,426.2151,326945,327110,165
108,0,blank,0,470.3578,473.4277,327110,327209,99
108,0,blank,0,478.727325,449.037075,327287,327399,112
108,0,blank,0,403.5113,436.7345,327483,327539,56
108,0,blank,0,430.6798,446.6516714,327595,327790,195
108,0,blank,0,414.65256,441.22994,327790,327930,140
108,0,blank,0,416.3316714,436.9747286,327959,328156,197
108,31,ispunct,179,434.9429667,419.8364833,328156,328328,172
108,31,(,180,485.5663286,404.8169857,328328,328524,196
108,31,||,188,601.3975,412.74275,328580,328639,59
108,0,blank,0,581.5198,441.41745,328670,328732,62
108,0,blank,0,540.4311714,442.4560143,328791,328985,194
108,0,blank,0,613.5228143,435.0180857,328985,329182,197
108,0,blank,0,579.4783833,466.93575,329182,329352,170
108,0,blank,0,178.8863333,388.8171167,329380,329551,171
108,0,blank,0,189.9556833,348.1547667,329551,329723,172
108,29,if,160,126.2736,364.1464,329723,329756,33
108,0,blank,0,-323,-105,329785,329970,185
108,0,blank,0,-323,-105,329970,330061,91
108,0,blank,0,200.1018667,429.1642167,330106,330277,171
108,0,blank,0,193.90364,424.7812,330277,330459,182
108,0,blank,0,233.918,446.08225,330459,330511,52
108,0,blank,0,233.33248,237.5701,330540,330712,172
108,0,blank,0,229.2576,174.3992,330712,330742,30
108,0,blank,0,220.29125,20.1266,330829,330887,58
108,0,blank,0,123.6286667,0.901366667,330919,331067,148
108,0,blank,0,177.14172,26.69388,331067,331249,182
108,0,blank,0,153.029,-10.5499,331249,331281,32
108,23,if,137,163.3515333,240.0874667,331311,331496,185
108,0,blank,0,164.9972333,223.7708833,331496,331675,179
108,29,if,160,123.3262667,366.2089,331704,331885,181
108,0,blank,0,106.4429,370.2117667,331885,331976,91
108,0,blank,0,161.9415833,355.54795,332036,332222,186
108,29,if,160,126.4521,364.7612,332254,332287,33
108,29,if,160,133.8910833,362.9592333,332344,332525,181
108,0,blank,0,135.25255,335.64325,332525,332644,119
108,0,blank,0,221.13085,220.3121,332704,332887,183
108,0,blank,0,212.7859333,208.7469667,332887,332977,90
108,0,blank,0,271.7801,330.6964,333042,333076,34
108,0,blank,0,353.9721,107.1254,333203,333236,33
108,0,blank,0,281.1864,206.767775,333265,333416,151
108,0,blank,0,268.2229667,204.1958667,333540,333662,122
108,23,str,139,211.49725,226.46145,333696,333758,62
108,19,if,110,95.21731667,142.69045,333791,333967,176
108,0,blank,0,99.00448333,118.2335333,333967,334143,176
108,14,slen,81,48.63838333,38.13026667,334143,334330,187
108,13,w,78,101.1542,5.58825,334330,334389,59
108,0,blank,0,-25.346,-105.0458,334418,334539,121
108,0,blank,0,156.4098833,285.8565167,334608,334791,183
108,0,blank,0,152.3748667,317.27545,334791,334967,176
108,29,if,160,135.3029833,371.7083167,334967,335144,177
108,29,if,160,135.7445,358.7810667,335144,335320,176
108,29,if,160,137.6469833,366.8593,335320,335496,176
108,0,blank,0,13.38866667,39.69868333,335525,335703,178
108,0,blank,0,-107.4044,-57.51546,335732,335907,175
108,0,blank,0,-148.6007,-84.79516667,335964,336054,90
108,0,blank,0,-216.60435,-101.99695,336086,336201,115
108,0,blank,0,-209.7137833,-93.46846667,336230,336404,174
108,0,blank,0,-117.5053,-105.04145,336433,336491,58
108,0,blank,0,-323,-105,336520,336627,107
108,0,blank,0,355.8958,43.5214,336658,336700,42
108,19,[,118,227.0646,155.1132,336769,336795,26
108,0,blank,0,251.2843167,-2.231216667,336847,337025,178
108,0,blank,0,234.77735,18.8785,337025,337085,60
108,0,blank,0,355.9322667,-71.02505,337118,337297,179
108,0,blank,0,310.5532333,-42.24205,337297,337480,183
108,0,blank,0,300.5993667,-58.08298333,337480,337653,173
108,0,blank,0,431.1926667,-38.05801667,337653,337828,175
108,0,blank,0,419.0608,-8.752016667,337828,338004,176
108,0,blank,0,370.733,-32.84,338004,338033,29
108,0,blank,0,341.8579333,332.6043,338126,338299,173
108,31,isspace,169,260.5073333,418.0526,338328,338502,174
108,31,isspace,169,257.0896667,408.6246333,338502,338589,87
108,0,blank,0,190.8923,293.9597,338618,338792,174
108,0,blank,0,173.5983333,354.5144667,338792,338965,173
108,0,blank,0,164.8639333,364.5008667,338965,339052,87
108,0,blank,0,185.72122,214.99856,339081,339226,145
108,23,str,139,217.3174,228.7109,339284,339459,175
108,0,blank,0,224.97204,248.549,339459,339601,142
108,0,blank,0,215.0913167,394.5707333,339659,339834,175
108,0,blank,0,214.1653,327.9983,339834,339863,29
108,0,blank,0,169.8164,444.30535,339893,340069,176
108,33,++,200,268.1328,462.1696833,340069,340243,174
108,0,blank,0,352.659875,405.92305,340243,340359,116
108,0,blank,0,589.214225,445.297825,340416,340530,114
108,0,blank,0,553.9663,444.0054,340588,340641,53
108,31,isspace,169,246.9894,417.24975,340672,340845,173
108,31,isspace,169,230.2938,420.7276,340845,340932,87
108,0,blank,0,309.3801667,441.3005,340961,341135,174
108,0,blank,0,341.2514833,447.3627333,341135,341309,174
108,0,blank,0,333.6026833,450.6938833,341309,341481,172
108,31,+,192,334.0022,417.39395,341542,341603,61
108,0,blank,0,185.7935333,439.1989667,341632,341808,176
108,0,blank,0,188.0605167,430.09315,341808,341981,173
108,31,if,167,176.0713,415.2459667,341981,342156,175
108,0,blank,0,175.2493,456.1962667,342156,342330,174
108,0,blank,0,176.5346333,448.7592333,342330,342505,175
108,0,blank,0,192.9325667,439.1894167,342505,342678,173
108,0,blank,0,187.75575,460.4691667,342678,342851,173
108,0,blank,0,171.3474333,463.75085,342851,343024,173
108,0,blank,0,164.3841,447.8051,343024,343053,29
108,0,blank,0,320.6605333,451.5951,343082,343254,172
108,0,blank,0,381.1620429,456.8906143,343254,343452,198
108,0,blank,0,375.0098,450.769,343452,343509,57
108,31,&&,178,398.0995,413.1189143,343538,343737,199
108,0,blank,0,404.5733333,385.2111667,343737,343908,171
108,0,blank,0,383.36436,426.1639,343908,344052,144
108,0,blank,0,406.7458,433.49122,344110,344251,141
108,0,blank,0,351.3631429,483.4476857,344279,344475,196
108,0,blank,0,242.7388286,504.4480429,344475,344672,197
108,0,blank,0,209.4496,500.5889571,344672,344870,198
108,0,blank,0,207.91,514.97225,344870,345040,170
108,0,blank,0,-323,-105,345068,345222,154
108,31,isspace,169,245.1477857,409.2584286,345389,345583,194
108,0,blank,0,184.5171667,433.8231667,345583,345755,172
108,0,blank,0,179.1896,474.66915,345755,345810,55
108,0,blank,0,191.68305,562.71175,345867,345924,57
108,31,(,180,185.3069333,421.772,345951,346129,178
108,0,blank,0,181.9627429,446.9866571,346129,346325,196
108,0,blank,0,207.7683857,431.7318143,346325,346523,198
108,0,blank,0,215.7287667,438.76615,346523,346699,176
108,29,wlen,164,233.8292,360.9099,346699,346727,28
108,0,blank,0,325.4893167,493.7326167,346756,346931,175
108,0,blank,0,303.3413833,428.1029167,346961,347132,171
108,0,blank,0,284.1711333,395.082,347132,347219,87
108,0,blank,0,499.9401,427.2982,347277,347382,105
108,0,blank,0,485.5637,439.9567,347382,347487,105
108,0,blank,0,444.669,437.8651,347487,347671,184
108,0,blank,0,433.13362,437.79958,347671,347822,151
108,0,blank,0,402.5598429,435.9916857,347850,348048,198
108,0,blank,0,386.370275,437.635575,348076,348188,112
108,0,blank,0,377.6969833,483.8898,348244,348417,173
108,0,blank,0,459.82764,531.98678,348446,348620,174
108,0,blank,0,483.72785,526.0947,348620,348732,112
108,0,blank,0,445.71742,531.7913,348792,348963,171
108,0,blank,0,433.7035333,538.2988333,348963,349052,89
108,0,blank,0,424.5319667,511.03805,349111,349310,199
108,0,blank,0,436.1017,476.6221,349310,349366,56
108,0,blank,0,424.9222429,527.0373429,349394,349590,196
108,0,blank,0,468.9507429,472.9452714,349617,349814,197
108,0,blank,0,448.27465,523.6563,349814,349924,110
108,0,blank,0,457.0512,382.9785,349953,349981,28
108,0,blank,0,448.3806667,472.05055,350009,350183,174
108,0,blank,0,442.1816833,537.7012167,350183,350357,174
108,0,blank,0,445.9551,485.78555,350357,350417,60
108,0,blank,0,485.8752,456.8567,350474,350506,32
108,0,blank,0,447.01065,527.9568333,350534,350701,167
108,0,blank,0,433.87195,427.3798,350729,350784,55
108,0,blank,0,493.7056,474.0982,350815,350874,59
108,0,blank,0,362.4019,393.4297,350930,350958,28
108,0,blank,0,388.7855,561.2106,351015,351043,28
108,0,blank,0,485.7871,490.5081667,351071,351155,84
108,0,blank,0,422.0925,590.5374,351183,351239,56
108,0,blank,0,-323,-105,351271,351399,128
108,0,blank,0,387.0743667,499.5124,351517,351597,80
108,0,blank,0,414.95295,434.8401,351655,351752,97
108,0,blank,0,461.2836,513.3286,351845,351874,29
108,0,blank,0,352.75885,624.6805,351969,352026,57
108,0,blank,0,357.1329,672.6115,352137,352194,57
108,0,blank,0,409.829,567.7542,352312,352398,86
108,0,blank,0,579.7255,523.8878,352458,352484,26
108,0,blank,0,614.0958,423.8674,352568,352594,26
108,0,blank,0,488.235,525.39,352624,352735,111
108,0,blank,0,506.0686,469.1729,352735,352924,189
108,0,blank,0,543.6875333,449.94165,352924,353119,195
108,0,blank,0,509.478,442.9049,353119,353146,27
108,0,blank,0,460.25885,441.97445,353176,353235,59
108,0,blank,0,454.46605,455.4870833,353297,353474,177
108,0,blank,0,535.450025,458.8227,353474,353596,122
108,0,blank,0,515.4853,437.03505,353624,353682,58
108,0,blank,0,434.793375,545.481775,353796,353912,116
108,0,blank,0,485.9982,507.8658,353941,353969,28
108,0,blank,0,446.821825,532.8808,354059,354232,173
108,0,blank,0,398.5743,575.1131,354263,354439,176
108,0,blank,0,489.68855,483.9745,354669,354841,172
108,0,blank,0,475.19645,483.47785,354841,354902,61
108,0,blank,0,529.9854,455.2737,354931,354987,56
108,31,str,189,610.25345,417.57495,355167,355222,55
108,0,blank,0,437.96705,492.87505,355249,355302,53
108,0,blank,0,485.1578333,437.6899667,355336,355509,173
108,0,blank,0,461.8221,516.6674,355509,355538,29
108,0,blank,0,490.24145,472.3337667,355567,355739,172
108,0,blank,0,531.0393,438.0629,355739,355770,31
108,0,blank,0,410.6838,518.1125,355798,355826,28
108,0,blank,0,518.52798,433.38926,355854,356005,151
108,0,blank,0,510.66358,429.53108,356033,356208,175
108,0,blank,0,496.3259429,426.3088714,356208,356406,198
108,31,str,189,495.9581667,402.0297167,356406,356578,172
108,31,str,189,513.8638667,405.9922167,356578,356756,178
108,0,blank,0,527.8416667,454.4571833,356756,356928,172
108,0,blank,0,582.96714,451.4118,356928,357103,175
108,0,blank,0,587.7891333,470.2870333,357103,357189,86
108,0,blank,0,466.4015,463.4782,357216,357244,28
108,0,blank,0,521.0775,425.4467833,357301,357476,175
108,0,blank,0,519.0353,384.2675,357476,357504,28
108,0,blank,0,495.51125,530.63565,357562,357618,56
108,0,blank,0,511.640025,453.5805,357646,357762,116
108,0,blank,0,550.6479667,448.1305167,357790,357963,173
108,0,blank,0,572.9193667,416.5929,357963,358135,172
108,0,blank,0,498.6521,451.7888143,358135,358334,199
108,0,blank,0,529.2868167,432.8202333,358334,358507,173
108,0,blank,0,536.4345333,435.3819,358507,358679,172
108,31,str,189,520.5253,419.7709167,358679,358850,171
108,0,blank,0,551.2056,344.3406,358850,358879,29
108,0,blank,0,551.4711167,433.9896667,358908,359081,173
108,0,blank,0,549.7298333,425.5884167,359081,359254,173
108,0,blank,0,551.3753,428.0386,359254,359312,58
108,0,blank,0,-323,-105,359341,359472,131
108,0,blank,0,534.7013,374.3884,359519,359580,61
108,0,blank,0,493.3769167,387.1869167,359643,359815,172
108,0,blank,0,501.1601167,369.6848333,359815,359995,180
108,0,blank,0,486.5329167,439.653,359995,360171,176
108,31,str,189,508.9658,410.6904,360259,360447,188
108,0,blank,0,504.8138833,426.8870333,360447,360635,188
108,31,ispunct,179,474.3574333,414.7865167,360635,360821,186
108,31,ispunct,179,442.4631667,419.0108667,360821,361010,189
108,0,blank,0,465.4018,395.11324,361010,361206,196
108,0,blank,0,487.5114,431.6138,361206,361632,426
108,0,blank,0,491.84842,429.5469,361632,361797,165
108,0,blank,0,465.6024833,447.1153,361797,361991,194
108,0,blank,0,478.5998833,452.8866667,361991,362178,187
108,0,blank,0,500.3059167,430.8776,362178,362364,186
108,0,blank,0,497.6945333,424.9310833,362364,362541,177
108,0,blank,0,501.7557167,442.7143,362541,362723,182
108,0,blank,0,483.3502667,429.2174333,362723,362908,185
108,0,blank,0,491.926125,428.41135,362908,363030,122
108,0,blank,0,504.3202,453.2845,363062,363241,179
108,0,blank,0,500.3982,450.3183167,363241,363423,182
108,0,blank,0,500.1049667,464.2179833,363454,363632,178
108,0,blank,0,499.74915,459.424,363632,363808,176
108,0,blank,0,436.9822,537.2673,363808,363838,30
108,0,blank,0,499.245675,434.698175,363867,363985,118
108,0,blank,0,525.3747333,436.3053667,364013,364189,176
108,0,blank,0,553.6188333,457.9187,364189,364366,177
108,0,blank,0,549.2739,350.2857,364366,364395,29
108,0,blank,0,586.06795,477.45315,364424,364602,178
108,0,blank,0,579.72026,498.3256,364631,364803,172
108,0,blank,0,589.0716333,476.1416667,364803,364893,90
108,0,blank,0,678.1075,443.49,364921,365006,85
108,0,blank,0,589.4532667,440.1222,365034,365123,89
108,0,blank,0,591.3213167,461.0941833,365180,365358,178
108,0,blank,0,596.4845833,482.8835833,365358,365535,177
108,0,blank,0,620.3686,442.3896667,365535,365715,180
108,0,blank,0,600.7712333,470.0856167,365745,365920,175
108,0,blank,0,599.12635,470.03945,365920,366097,177
108,0,blank,0,587.2220167,467.02645,366097,366274,177
108,0,blank,0,615.79115,450.957075,366274,366391,117
108,0,blank,0,605.68005,446.0451667,366421,366597,176
108,0,blank,0,604.4333167,474.8406167,366597,366772,175
108,0,blank,0,601.9407,446.0951333,366772,366860,88
108,0,blank,0,549.0552667,462.3278333,366920,367009,89
108,0,blank,0,-323,-105,367066,367194,128
108,0,blank,0,600.2536,422.5255,367231,367281,50
108,0,blank,0,568.38705,444.9939,367377,367492,115
108,0,blank,0,588.9615,476.5350333,367553,367752,199
108,0,blank,0,557.49642,447.06246,368148,368316,168
108,0,blank,0,589.0815,475.21095,368345,368456,111
108,0,blank,0,595.4538,465.48465,368484,368680,196
108,0,blank,0,606.19736,495.53254,368680,368859,179
108,0,blank,0,607.2312,431.5295,368884,368909,25
108,0,blank,0,619.985,489.2631,368968,369025,57
108,0,blank,0,506.5662,311.4999,369054,369084,30
108,0,blank,0,596.09955,440.12795,369111,369199,88
108,0,blank,0,582.8396,432.03726,369286,369464,178
108,31,j,193,561.4644667,415.02645,369464,369636,172
108,0,blank,0,577.6654833,425.29515,369636,369808,172
108,0,blank,0,582.8319,423.4865333,369808,369982,174
108,0,blank,0,599.0629167,446.57315,370010,370204,194
108,0,blank,0,613.9012,445.0904,370204,370231,27
108,0,blank,0,599.3834,474.7476,370287,370403,116
108,0,blank,0,557.67445,500.94535,370544,370682,138
108,0,blank,0,592.2635,532.84626,370709,370897,188
108,31,str,189,506.5705,414.784,370897,370925,28
108,0,blank,0,641.7978,596.5386,370954,371012,58
108,0,blank,0,623.1147,657.4343,371117,371142,25
108,0,blank,0,577.7705333,509.9658,371170,371363,193
108,0,blank,0,552.0452,462.7963,371363,371393,30
108,0,blank,0,606.978,468.0346,371422,371480,58
108,0,blank,0,574.4041,408.8172,371542,371571,29
108,0,blank,0,621.4184333,498.9697,371601,371688,87
108,0,blank,0,551.5422,473.606575,371688,371883,195
108,0,blank,0,564.52188,494.89078,371883,372032,149
108,0,blank,0,594.044,490.442,372143,372170,27
108,0,blank,0,537.8403667,432.7925333,372201,372307,106
108,0,blank,0,582.5294833,428.73435,372335,372511,176
108,0,blank,0,490.707,382.8036,372511,372539,28
108,0,blank,0,544.2381167,383.4328667,372567,372742,175
108,0,blank,0,496.17022,396.26446,372742,372887,145
108,0,blank,0,522.9726833,347.4598833,372915,373087,172
108,0,blank,0,553.99335,398.77605,373203,373262,59
108,0,blank,0,548.6698333,315.384,373291,373380,89
108,0,blank,0,536.76595,369.6591167,373526,373704,178
108,0,blank,0,541.52805,344.569125,373766,373885,119
108,0,blank,0,552.0112667,355.3688167,373940,374113,173
108,0,blank,0,530.6907333,381.3655333,374113,374200,87
108,0,blank,0,550.7556,428.1003,374228,374257,29
108,0,blank,0,539.606,388.532325,374314,374466,152
108,0,blank,0,545.44642,332.53742,374521,374713,192
108,0,blank,0,551.2480167,355.9539667,374713,374889,176
108,0,blank,0,555.058,334.3934,374889,375068,179
108,0,blank,0,551.3871,365.2410833,375068,375242,174
108,0,blank,0,543.62675,343.9765667,375242,375418,176
108,0,blank,0,519.3481,346.2076333,375418,375596,178
108,0,blank,0,527.8936833,338.38055,375596,375774,178
108,0,blank,0,533.0473167,342.31635,375774,375954,180
108,0,blank,0,480.8343,282.5399,375954,375984,30
108,0,blank,0,527.0443,369.803,376015,376045,30
108,0,blank,0,-323,-105,376107,376263,156
108,0,blank,0,520.98635,377.2053833,376386,376556,170
108,31,[,190,525.65155,405.5111167,376556,376737,181
108,0,blank,0,532.2680667,442.6512167,376737,376918,181
108,0,blank,0,543.7820167,452.72855,376918,377097,179
108,0,blank,0,538.2059167,427.2123,377129,377317,188
108,0,blank,0,467.3118,445.8985,377317,377345,28
108,0,blank,0,520.1265,459.7459,377403,377433,30
108,0,blank,0,495.5704833,441.0230833,377489,377665,176
108,31,ispunct,179,460.4826,421.0524,377665,377695,30
108,0,blank,0,496.0877833,391.9025167,377751,377926,175
108,31,],194,566.1068667,402.9997667,377926,378104,178
108,0,blank,0,569.3783833,439.2677167,378104,378280,176
108,0,blank,0,564.3712,453.5837,378280,378399,119
108,0,blank,0,542.9294833,449.1720167,378457,378634,177
108,31,j,193,561.4459333,419.9663,378634,378817,183
108,31,[,190,527.8967833,419.5035167,378817,378994,177
108,31,str,189,514.4600333,419.7653833,378994,379168,174
108,0,blank,0,511.806225,431.051925,379168,379284,116
108,0,blank,0,527.783575,442.273075,379314,379431,117
108,0,blank,0,537.3812,444.4946,379460,379547,87
108,31,str,189,498.9543667,411.6696333,379576,379663,87
108,0,blank,0,486.6609167,444.19275,379692,379865,173
108,0,blank,0,495.4729333,458.4724,379865,379952,87
108,0,blank,0,514.5349,431.4850333,379981,380156,175
108,0,blank,0,552.6924,486.5791667,380156,380243,87
108,0,blank,0,509.52515,444.3647333,380305,380482,177
108,31,str,189,517.26735,412.987,380482,380660,178
108,0,blank,0,526.79856,390.91484,380660,380840,180
108,0,blank,0,522.0923,351.9736667,380840,380923,83
108,0,blank,0,553.620175,367.277225,381015,381128,113
108,31,[,190,529.3440833,402.5242667,381159,381349,190
108,31,(,180,488.7928,415.5359,381349,381378,29
108,31,j,193,558.0943167,401.8894833,381408,381588,180
108,31,+,192,548.6135833,402.6479167,381588,381768,180
108,0,blank,0,537.4488,485.7778,381768,381799,31
108,0,blank,0,-323,-105,381829,381959,130
108,0,blank,0,523.717,372.5521571,381984,382181,197
108,0,blank,0,532.2450833,380.5861167,382181,382363,182
108,0,blank,0,506.3869,392.95735,382363,382542,179
108,31,str,189,519.29826,408.44668,382542,382690,148
108,0,blank,0,517.45655,365.5001,382748,382807,59
108,0,blank,0,572.2697167,422.19715,382837,383013,176
108,0,blank,0,555.4356333,463.0772167,383013,383184,171
108,0,blank,0,543.91625,470.9212667,383184,383356,172
108,0,blank,0,541.8581167,450.6770667,383356,383531,175
108,0,blank,0,513.735375,463.93565,383531,383644,113
108,0,blank,0,556.6819667,446.0045667,383701,383876,175
108,0,blank,0,573.5806,477.5199571,383876,384072,196
108,0,blank,0,587.10245,466.2613,384072,384130,58
108,0,blank,0,557.8887,517.9323,384186,384214,28
108,0,blank,0,546.6044,506.7344,384273,384302,29
108,0,blank,0,554.43656,503.16078,384359,384535,176
108,31,i,191,535.5031333,415.9154667,384535,384621,86
108,0,blank,0,535.39805,480.6995667,384653,384830,177
108,0,blank,0,555.2821333,463.8461667,384830,384921,91
108,0,blank,0,532.0411833,466.8189833,385039,385238,199
108,0,blank,0,412.584,574.1126,385385,385446,61
108,0,blank,0,481.521,572.9407,385473,385500,27
108,0,blank,0,575.705725,669.885125,385724,385840,116
108,0,blank,0,471.1922,495.333,386011,386038,27
108,0,blank,0,581.62668,471.65652,386163,386335,172
108,0,blank,0,588.0339,446.66355,386335,386411,76
108,0,blank,0,479.44564,426.6728,386450,386637,187
108,0,blank,0,444.0514333,448.4976333,386714,386826,112
108,0,blank,0,618.26196,329.98942,386904,387098,194
108,0,blank,0,701.768,305.594,387098,387123,25
108,0,blank,0,724.787,356.7593,387205,387376,171
108,0,blank,0,688.3929333,346.0076833,387376,387549,173
108,0,blank,0,693.5808333,375.2722333,387549,387742,193
108,0,blank,0,591.23735,366.5382,387742,387799,57
108,0,blank,0,611.79286,320.81804,387882,388074,192
108,0,blank,0,578.0686,386.1178,388074,388196,122
108,0,blank,0,561.3301,322.0462,388196,388386,190
108,0,blank,0,585.1102333,396.9463,388386,388574,188
108,0,blank,0,597.3749,350.45145,388574,388704,130
108,0,blank,0,601.41255,426.8841,388754,388857,103
108,0,blank,0,604.623,300.8825,388935,388960,25
108,0,blank,0,615.1641667,386.7711667,389010,389140,130
108,0,blank,0,617.4398,350.5344,389140,389249,109
108,0,blank,0,609.52885,284.5682,389274,389431,157
108,0,blank,0,603.13386,360.81046,389483,389670,187
108,0,blank,0,721.968,371.8553,389797,389822,25
108,0,blank,0,635.8914,340.4468,389851,389915,64
108,0,blank,0,-323,-105,389941,389971,30
108,0,blank,0,635.21076,337.2717,390080,390268,188
108,0,blank,0,620.4464333,383.8501667,390268,390346,78
108,0,blank,0,633.69765,380.6182,390400,390453,53
108,0,blank,0,693.03,383.51975,390531,390606,75
108,0,blank,0,-323,-105,390631,390807,176
108,0,blank,0,-323,-105,390807,390984,177
108,0,blank,0,-323,-105,390984,391163,179
108,0,blank,0,-323,-105,391163,391306,143
108,0,blank,0,-323,-105,391306,391587,281
108,0,blank,0,-323,-105,391800,391930,130
108,0,blank,0,466.314,472.4736,392251,392288,37
108,31,i,191,536.6462,413.9808,392405,392466,61
108,0,blank,0,-323,-105,392529,392713,184
108,0,blank,0,-323,-105,392713,392892,179
108,0,blank,0,-323,-105,392892,392984,92
108,0,blank,0,-323,-105,392984,393260,276
108,0,blank,0,470.7555833,289.5015333,393473,393666,193
108,0,blank,0,479.59785,336.4153,393666,393725,59
108,0,blank,0,524.6314143,313.3259571,393752,393944,192
108,0,blank,0,509.2476,261.3605,393944,393973,29
108,0,blank,0,667.636075,352.02745,394001,394161,160
108,0,blank,0,659.5144,378.7207,394188,394244,56
108,0,blank,0,624.3391,392.3145,394272,394298,26
108,0,blank,0,626.17396,341.89722,394324,394515,191
108,0,blank,0,585.86015,394.08175,394515,394568,53
108,0,blank,0,594.60758,341.00902,394654,394826,172
108,0,blank,0,628.2917,348.80174,394985,395160,175
108,31,||,188,586.8451,407.5136,395190,395244,54
108,31,str,189,625.2707,401.3993,395304,395414,110
108,0,blank,0,641.4037,328.4821,395467,395492,25
108,0,blank,0,659.4061,378.2702,395547,395601,54
108,0,blank,0,468.60435,292.1808,395706,395789,83
108,0,blank,0,490.18168,317.53864,395814,395981,167
108,0,blank,0,494.5573,304.964925,396143,396276,133
108,0,blank,0,501.89524,334.7271,396304,396447,143
108,0,blank,0,520.0048,245.5674,396447,396504,57
108,0,blank,0,514.5114,334.0595,396608,396635,27
108,0,blank,0,498.8666,206.8441,396662,396692,30
108,0,blank,0,498.21305,290.7641,396719,396802,83
108,0,blank,0,494.0969,357.3761,396861,396914,53
108,0,blank,0,553.10584,323.95016,396942,397141,199
108,0,blank,0,530.9624,274.87875,397141,397323,182
108,0,blank,0,557.4797,315.85695,397461,397640,179
108,0,blank,0,567.2546,356.28355,397640,397698,58
108,0,blank,0,620.93885,322.017,397806,397917,111
108,0,blank,0,583.440025,345.219125,397968,398072,104
108,0,blank,0,557.4837,354.5708,398417,398443,26
108,0,blank,0,611.1876,307.8449,398532,398641,109
108,0,blank,0,442.443525,322.2055,398752,398915,163
108,0,blank,0,470.8048667,330.6839,398970,399168,198
108,0,blank,0,459.8111,363.1749,399168,399352,184
108,0,blank,0,570.6288,378.5739,399352,399379,27
108,0,blank,0,554.65285,371.9468667,399512,399709,197
108,0,blank,0,546.0346,328.0883,399709,399763,54
108,0,blank,0,-323,-105,399821,400017,196
108,0,blank,0,-323,-105,400017,400121,104
108,0,blank,0,552.0735,255.68794,400169,400360,191
108,0,blank,0,540.67965,311.2283,400360,400446,86
108,0,blank,0,535.0747333,372.0372333,400472,400583,111
108,31,str,189,504.33582,400.28554,400666,400835,169
108,0,blank,0,544.78166,359.62704,400835,401013,178
108,0,blank,0,524.2984,320.74715,401013,401129,116
108,0,blank,0,526.0476,431.52368,401162,401317,155
108,0,blank,0,558.18055,439.92685,401347,401437,90
108,0,blank,0,566.438,300.7858,401572,401616,44
108,0,blank,0,490.17035,397.45935,401907,401989,82
108,0,blank,0,506.1122667,426.1113333,402162,402353,191
108,31,str,189,512.58335,413.1661333,402353,402528,175
108,0,blank,0,558.9895,398.9852,402528,402727,199
108,0,blank,0,561.0541667,387.4962667,402727,402899,172
108,0,blank,0,628.4406,382.2561167,402899,403076,177
108,0,blank,0,633.7066,391.3112667,403076,403252,176
108,31,i,191,650.0346333,407.6035167,403252,403431,179
108,31,j,193,670.0667167,419.93345,403431,403611,180
108,31,+,192,659.6132333,412.7308167,403611,403790,179
108,31,+,192,660.18655,410.9516833,403790,403967,177
108,0,blank,0,641.1403,438.7172,403967,403996,29
108,31,str,189,502.8477,415.3955833,404026,404205,179
108,0,blank,0,553.7913833,395.1145333,404205,404387,182
108,31,),197,576.54396,414.46088,404387,404537,150
108,0,blank,0,543.6349,388.6562,404567,404744,177
108,0,blank,0,562.4184,388.1902,404744,404775,31
108,0,blank,0,365.0969333,399.8005667,404805,404985,180
108,0,blank,0,356.5421667,380.8073167,404985,405167,182
108,0,blank,0,202.0433167,390.6197333,405199,405378,179
108,0,blank,0,229.7237667,399.6887,405378,405555,177
108,0,blank,0,252.7959,384.7806,405555,405732,177
108,0,blank,0,307.0544,397.2502667,405732,405911,179
108,0,blank,0,352.1453,374.8589,405911,406002,91
108,0,blank,0,362.7040833,372.4322,406061,406241,180
108,31,&&,178,378.9644167,413.6882167,406241,406419,178
108,0,blank,0,378.14348,385.27286,406419,406569,150
108,0,blank,0,374.7366333,383.6383,406599,406779,180
108,0,blank,0,354.876325,392.09085,406779,406894,115
108,0,blank,0,377.2062167,378.1097833,406952,407130,178
108,0,blank,0,-323,-105,407161,407343,182
108,0,blank,0,-323,-105,407343,407521,178
108,0,blank,0,-323,-105,407521,407704,183
108,0,blank,0,-323,-105,407704,407886,182
108,0,blank,0,-323,-105,407886,408068,182
108,0,blank,0,-323,-105,408068,408253,185
108,0,blank,0,-323,-105,408253,408433,180
108,0,blank,0,-323,-105,408433,408575,142
108,0,blank,0,403.87705,351.62635,408675,408829,154
108,0,blank,0,407.27004,399.28044,408829,409015,186
108,0,blank,0,406.7929,382.357875,409015,409132,117
108,0,blank,0,-323,-105,409161,409343,182
108,0,blank,0,340.5760333,423.6663,409452,409618,166
108,0,blank,0,928.7836667,734.6437667,409705,409798,93
108,0,blank,0,951.389,-103.9705,409855,409883,28
108,0,blank,0,964.795,776.8469667,409912,409997,85
108,0,blank,0,823.5995,714.8026,410053,410116,63
108,0,blank,0,732.959,-103.9867,410145,410174,29
108,0,blank,0,780.278,-103.8722,410231,410260,29
108,0,blank,0,411.3676333,377.33865,410319,410494,175
108,0,blank,0,421.8175833,378.42665,410494,410672,178
108,31,&&,178,407.54245,400.1160333,410672,410853,181
108,31,&&,178,412.57365,420.2182833,410853,411033,180
108,0,blank,0,407.1823,427.8679167,411033,411211,178
108,0,blank,0,419.21845,448.1612333,411211,411387,176
108,0,blank,0,416.63594,467.63608,411387,411537,150
108,0,blank,0,420.4950333,451.5542333,411568,411744,176
108,0,blank,0,411.1712167,427.8527833,411744,411919,175
108,0,blank,0,404.4399333,452.5469,411919,412097,178
108,0,blank,0,374.30455,434.8015,412126,412304,178
108,0,blank,0,377.30462,443.09884,412304,412454,150
108,31,ispunct,179,416.64035,413.5281667,412484,412663,179
108,0,blank,0,419.9217833,435.96755,412663,412843,180
108,0,blank,0,405.3589667,436.1825667,412843,413026,183
108,0,blank,0,401.4664667,425.6047833,413026,413209,183
108,31,ispunct,179,415.0105333,421.292,413209,413390,181
108,31,&&,178,400.3882167,418.4045667,413390,413570,180
108,0,blank,0,356.4356167,398.2040333,413570,413749,179
108,0,blank,0,380.79145,381.06665,413749,413808,59
108,0,blank,0,372.1288333,406.6586333,413837,414016,179
108,0,blank,0,379.5615833,430.1274833,414016,414194,178
108,0,blank,0,381.2428667,424.98605,414194,414371,177
108,0,blank,0,380.90365,446.4858667,414371,414549,178
108,31,&&,178,374.1803333,415.86455,414549,414725,176
108,0,blank,0,378.3120833,424.3153167,414725,414903,178
108,0,blank,0,419.8786,395.6154667,414903,415085,182
108,0,blank,0,404.3962,430.2438,415085,415226,141
108,0,blank,0,451.7584,427.928,415226,415407,181
108,31,ispunct,179,434.0648,418.8094333,415407,415567,160
108,31,ispunct,179,425.04445,416.127525,415567,415760,193
108,0,blank,0,-323,-105,415784,415861,77
108,0,blank,0,-323,-105,415861,415985,124
108,0,blank,0,423.4943,399.2145,416010,416035,25
108,0,blank,0,-323,-105,416112,416290,178
108,0,blank,0,-323,-105,416290,416470,180
108,0,blank,0,-323,-105,416470,416658,188
108,0,blank,0,-323,-105,416658,416841,183
108,0,blank,0,-323,-105,416841,417031,190
108,0,blank,0,-323,-105,417031,417221,190
108,0,blank,0,-323,-105,417221,417400,179
108,0,blank,0,-323,-105,417400,417591,191
108,0,blank,0,-323,-105,417591,417767,176
108,0,blank,0,-323,-105,417767,417956,189
108,0,blank,0,-323,-105,417956,418085,129
108,0,blank,0,-323,-105,418085,418275,190
108,0,blank,0,-323,-105,418275,418460,185
108,0,blank,0,-323,-105,418460,418651,191
108,0,blank,0,-323,-105,418651,418847,196
108,0,blank,0,-323,-105,418847,419040,193
108,0,blank,0,-323,-105,419040,419223,183
108,0,blank,0,-323,-105,419223,419287,64
108,0,blank,0,-323,-105,419287,419484,197
108,0,blank,0,-323,-105,419484,419582,98
108,0,blank,0,-323,-105,419582,419755,173
108,0,blank,0,-323,-105,419755,419935,180
108,0,blank,0,-323,-105,419935,420124,189
108,0,blank,0,-323,-105,420124,420293,169
108,0,blank,0,-323,-105,420293,420473,180
108,0,blank,0,-323,-105,420473,420662,189
108,0,blank,0,-323,-105,420662,420841,179
108,0,blank,0,-323,-105,420841,421030,189
108,0,blank,0,-323,-105,421030,421216,186
108,0,blank,0,-323,-105,421216,421254,38
108,0,blank,0,430.1806,377.658,421474,421536,62
108,0,blank,0,-323,-105,422250,422429,179
108,0,blank,0,-323,-105,422429,422609,180
108,0,blank,0,-323,-105,422609,422785,176
108,0,blank,0,-323,-105,422785,422955,170
108,0,blank,0,-323,-105,422955,423136,181
108,0,blank,0,-323,-105,423136,423312,176
108,0,blank,0,-323,-105,423312,423504,192
108,0,blank,0,-323,-105,423504,423536,32
108,0,blank,0,-323,-105,423536,423734,198
108,0,blank,0,-323,-105,423734,423926,192
108,0,blank,0,461.63655,438.04785,424922,425030,108
108,0,blank,0,459.0743,444.5791,425030,425231,201
108,0,blank,0,457.53635,438.5934667,425231,425424,193
108,0,blank,0,472.868475,452.08285,425424,425536,112
108,0,blank,0,472.936925,441.78395,425536,425724,188
108,0,blank,0,508.2794333,423.0578833,425724,425903,179
108,31,i,191,534.3391,413.8623667,425903,425994,91
108,0,blank,0,-323,-105,426024,426130,106
108,29,j,162,158.14475,366.7376,426552,426700,148
108,0,blank,0,226.3041,438.5032,426700,426764,64
108,31,(,180,271.12746,415.26366,426807,427001,194
108,0,blank,0,316.3635,430.22188,427244,427425,181
108,0,blank,0,315.4705333,384.78235,427454,427634,180
108,31,),197,359.7015333,418.8981833,427634,427813,179
108,31,),197,356.6004333,415.4752167,427813,427991,178
108,0,blank,0,359.02225,388.17885,427991,428170,179
108,0,blank,0,336.92935,398.092325,428170,428289,119
108,0,blank,0,202.285725,428.285525,428318,428435,117
108,0,blank,0,-323,-105,428551,428634,83
108,0,blank,0,304.5261,167.1696,428823,428861,38
108,0,blank,0,363.4136,428.4720667,429562,429733,171
108,0,blank,0,376.7181667,451.0578,429733,429911,178
108,0,blank,0,382.51225,462.5251333,429911,430084,173
108,0,blank,0,384.7277833,456.3709,430084,430258,174
108,0,blank,0,385.0439167,448.1234667,430258,430431,173
108,0,blank,0,383.53825,435.6341667,430431,430605,174
108,0,blank,0,335.64725,466.2872,430605,430723,118
108,0,blank,0,284.5231333,496.6867833,430779,430953,174
108,0,blank,0,327.4670167,440.3167667,430953,431127,174
108,34,0,205,264.5046,481.4606,431127,431156,29
108,0,blank,0,141.2315,449.6864,431185,431359,174
108,0,blank,0,240.84995,513.7403,431359,431535,176
108,0,blank,0,213.8826833,467.4662167,431535,431710,175
108,0,blank,0,161.3850667,440.45355,431710,431883,173
108,0,blank,0,205.27308,466.24876,431883,432028,145
108,0,blank,0,193.8803,416.6218,432057,432086,29
108,0,blank,0,296.5089167,446.8725167,432143,432319,176
108,31,str,189,287.44305,421.2106833,432319,432492,173
108,31,],194,345.24965,417.5881833,432492,432665,173
108,31,&&,178,381.7408667,413.77,432665,432752,87
108,0,blank,0,-323,-105,432781,432887,106
108,0,blank,0,394.1190286,396.1210571,432974,433171,197
108,0,blank,0,392.03365,477.1243,433171,433230,59
108,0,blank,0,563.8019,412.6024,433259,433439,180
108,31,+,192,546.16856,418.02254,433439,433589,150
108,0,blank,0,437.6392333,425.97425,433647,433821,174
108,0,blank,0,609.69525,438.757525,433881,433998,117
108,0,blank,0,585.0768833,409.7976167,434028,434213,185
108,0,blank,0,596.4753,424.0871167,434213,434391,178
108,0,blank,0,634.0264667,397.4740833,434391,434565,174
108,31,+,192,661.45155,407.2850833,434565,434740,175
108,0,blank,0,674.5176,389.0138333,434740,434826,86
108,0,blank,0,656.5252571,389.5765429,434883,435082,199
108,0,blank,0,588.8757833,385.8946833,435082,435254,172
108,0,blank,0,585.0614833,389.7143333,435254,435429,175
108,0,blank,0,553.3250333,375.72255,435429,435604,175
108,31,],194,567.29586,402.71298,435604,435750,146
108,0,blank,0,451.4251,432.8002333,435779,435955,176
108,0,blank,0,414.04865,431.4231,435955,436130,175
108,0,blank,0,379.72795,451.0573667,436130,436301,171
108,0,blank,0,377.8143833,436.5478,436301,436477,176
108,0,blank,0,379.3614167,447.4747833,436477,436650,173
108,0,blank,0,369.3688333,463.0239167,436650,436824,174
108,0,blank,0,379.42465,434.9070333,436824,436998,174
108,0,blank,0,393.0240167,455.96495,436998,437172,174
108,0,blank,0,434.407075,481.649525,437172,437287,115
108,0,blank,0,400.1962,430.3411667,437345,437433,88
108,0,blank,0,385.42055,424.0157,437462,437634,172
108,0,blank,0,384.743225,439.2675,437634,437748,114
108,31,],194,568.7325333,417.3228,437834,437921,87
108,0,blank,0,558.8243,448.9542667,437950,438037,87
108,0,blank,0,546.5987333,470.1695833,438066,438252,186
108,0,blank,0,503.0937333,446.4777167,438252,438429,177
108,0,blank,0,386.5469,461.6263,438544,438573,29
108,0,blank,0,412.607,460.5012667,438689,438862,173
108,0,blank,0,504.01625,510.98665,438862,438921,59
108,0,blank,0,498.0329,488.7808333,438949,439034,85
108,0,blank,0,484.25305,447.3331,439063,439238,175
108,0,blank,0,476.36305,425.3621833,439238,439410,172
108,31,ispunct,179,475.2557167,404.96755,439410,439583,173
108,0,blank,0,481.2171167,435.96325,439583,439755,172
108,31,ispunct,179,476.4104167,412.99795,439755,439931,176
108,0,blank,0,587.4423,430.8551333,439960,440135,175
108,0,blank,0,585.2618167,411.7162,440135,440312,177
108,0,blank,0,595.4764833,428.9919667,440312,440491,179
108,0,blank,0,624.2167,438.0903,440491,440520,29
108,31,str,189,620.51035,403.7632667,440549,440731,182
108,31,str,189,630.4948,418.77935,440731,440906,175
108,0,blank,0,628.36145,427.373475,440906,441022,116
108,34,+=,203,240.48995,486.1648667,441088,441263,175
108,0,blank,0,244.34055,489.17635,441263,441321,58
108,0,blank,0,151.191,656.0582,441351,441586,235
108,0,blank,0,157.1081,651.3328333,441586,441761,175
108,0,blank,0,196.47465,660.7846,441761,441932,171
108,0,blank,0,213.441075,553.458075,441932,442049,117
108,0,blank,0,239.4685333,496.7717167,442079,442255,176
108,33,wcount,199,236.7252833,459.2146167,442255,442434,179
108,34,+=,203,234.13555,473.83075,442434,442494,60
108,0,blank,0,423.7993167,370.21795,442524,442702,178
108,0,blank,0,380.3959833,378.77945,442702,442880,178
108,0,blank,0,372.5170167,389.2251667,442880,443061,181
108,0,blank,0,368.7184833,414.4528,443061,443244,183
108,31,+,192,326.7697333,413.0929667,443244,443423,179
108,0,blank,0,339.27375,447.4294833,443423,443603,180
108,0,blank,0,340.35705,465.24415,443603,443662,59
108,0,blank,0,-323,-105,443721,443856,135
108,0,blank,0,302.945,457.7434,443897,443994,97
108,0,blank,0,281.3755,426.8989,444080,444278,198
108,31,str,189,302.1290167,404.503,444278,444455,177
108,31,+,192,332.8795,404.6293,444455,444664,209
108,0,blank,0,360.52432,434.66056,444664,444794,130
108,0,blank,0,246.0846,430.4572167,444824,445003,179
108,29,wlen,164,211.1261167,369.9054833,445003,445183,180
108,29,if,160,136.62692,366.60222,445183,445354,171
108,29,j,162,159.1166833,370.7001833,445354,445534,180
108,0,blank,0,238.2724167,395.6261833,445534,445716,182
108,0,blank,0,282.1988667,394.52435,445716,445901,185
108,31,[,190,312.80735,409.59205,445901,446085,184
108,0,blank,0,312.0236333,385.5808667,446085,446269,184
108,0,blank,0,300.5878333,385.7240667,446269,446452,183
108,31,str,189,286.5933333,415.7219667,446452,446635,183
108,0,blank,0,218.0333833,440.9944667,446635,446817,182
108,0,blank,0,266.5672167,440.5287167,446817,447000,183
108,0,blank,0,297.455375,458.21825,447000,447121,121
108,0,blank,0,360.1097,443.5501,447182,447212,30
108,31,i,191,539.1300833,420.0885333,447242,447423,181
108,0,blank,0,603.3381333,431.7670833,447423,447599,176
108,0,blank,0,587.8608833,424.27635,447599,447779,180
108,31,],194,564.7197,412.81708,447779,447929,150
108,0,blank,0,381.5907833,429.3492,447958,448137,179
108,0,blank,0,375.6994,426.0615,448137,448257,120
108,33,++,200,282.1094,454.22145,448286,448464,178
108,0,blank,0,293.2635333,448.41575,448464,448645,181
108,0,blank,0,308.5839,448.8484333,448645,448823,178
108,0,blank,0,310.5981,457.2541,448823,448913,90
108,0,blank,0,210.832,428.5478667,448972,449159,187
108,0,blank,0,201.73154,451.32736,449159,449314,155
108,0,blank,0,143.9417,420.2021,449314,449370,56
108,0,blank,0,-323,-105,449476,449640,164
108,0,blank,0,-323,-105,449640,449723,83
108,0,blank,0,165.2286,449.4272,449747,449831,84
108,0,blank,0,-299.9986143,-103.8645286,450019,450214,195
108,0,blank,0,-323.03025,-103.8641,450214,450270,56
108,0,blank,0,286.0055333,441.8022,450327,450419,92
108,34,j,204,253.69354,482.47266,450447,450590,143
108,0,blank,0,242.8691857,435.8139571,450619,450816,197
108,0,blank,0,204.80995,499.093825,450816,450927,111
108,0,blank,0,-323,-105,450955,451116,161
108,0,blank,0,324.90995,510.497125,451262,451372,110
108,0,blank,0,333.3229667,514.5724333,451459,451547,88
108,0,blank,0,305.664725,451.485125,451575,451754,179
108,0,blank,0,334.19382,457.84338,451792,451976,184
108,0,blank,0,295.7806,444.0389,451976,452064,88
108,0,blank,0,325.1312,457.9971,452105,452150,45
108,31,str,189,295.4111,402.7293,452256,452296,40
108,0,blank,0,322.4944667,371.5256,452370,452559,189
108,0,blank,0,276.53875,326.88355,452559,452643,84
108,0,blank,0,274.3568,334.688725,452700,452812,112
108,0,blank,0,302.3236,375.2669,452840,452985,145
108,0,blank,0,306.4717667,373.04745,453013,453186,173
108,0,blank,0,307.5544,431.61765,453186,453242,56
108,0,blank,0,265.9742333,423.6738,453299,453409,110
108,0,blank,0,303.07065,355.1332,453437,453550,113
108,0,blank,0,368.2173,576.4719,453607,453636,29
108,0,blank,0,299.5666,467.3527,453665,453723,58
108,0,blank,0,326.3636,424.0498,453749,453778,29
108,0,blank,0,314.8911,371.1128,453895,453934,39
108,0,blank,0,362.6304,378.52275,454014,454095,81
108,0,blank,0,379.38645,322.14115,454214,454296,82
108,0,blank,0,377.4793,241.0723667,454384,454513,129
108,0,blank,0,342.70798,390.31154,454551,454731,180
108,0,blank,0,354.8189667,397.67505,454731,454907,176
108,0,blank,0,343.7987667,395.4777833,454907,455083,176
108,0,blank,0,280.10982,397.14112,455083,455228,145
108,31,str,189,289.2678667,417.7336333,455257,455431,174
108,31,str,189,277.9313167,405.7428167,455431,455604,173
108,0,blank,0,371.1126833,401.2736167,455604,455778,174
108,0,blank,0,371.8002,385.5788,455778,455952,174
108,0,blank,0,375.09865,390.4170167,455952,456126,174
108,0,blank,0,373.40975,385.1856333,456126,456301,175
108,0,blank,0,350.28915,389.0132667,456301,456475,174
108,0,blank,0,311.8062,358.8873,456475,456504,29
108,0,blank,0,-323,-105,456563,456746,183
108,31,),197,354.5447,418.4171,456773,456799,26
108,0,blank,0,288.4514857,385.8763,456846,457033,187
108,0,blank,0,273.4675667,424.8855,457033,457208,175
108,0,blank,0,205.8908833,445.77555,457208,457381,173
108,0,blank,0,206.78214,495.54484,457381,457529,148
108,0,blank,0,252.4389,471.3812,457529,457640,111
108,0,blank,0,218.9378714,435.4255429,457698,457895,197
108,0,blank,0,411.8563,379.0871,457923,457952,29
108,0,blank,0,433.5605,425.7121167,458008,458179,171
108,31,&&,178,402.3004,418.60345,458179,458294,115
108,31,&&,178,406.92788,412.84764,458322,458464,142
108,31,&&,178,412.2205667,412.4797167,458493,458664,171
108,0,blank,0,428.7144,554.6073,458664,458693,29
108,0,blank,0,-323,-105,458721,458902,181
108,0,blank,0,-323,-105,458902,459079,177
108,0,blank,0,-323,-105,459079,459260,181
108,0,blank,0,-323,-105,459260,459445,185
108,0,blank,0,-323,-105,459445,459627,182
108,0,blank,0,-323,-105,459627,459809,182
108,0,blank,0,-323,-105,459809,459991,182
108,0,blank,0,-323,-105,459991,460175,184
108,0,blank,0,-323,-105,460175,460359,184
108,0,blank,0,-323,-105,460359,460537,178
108,0,blank,0,-323,-105,460537,460718,181
108,0,blank,0,-323,-105,460718,460901,183
108,0,blank,0,-323,-105,460901,461081,180
108,0,blank,0,-323,-105,461081,461260,179
108,0,blank,0,-323,-105,461260,461449,189
108,0,blank,0,-323,-105,461449,461632,183
108,0,blank,0,-323,-105,461632,461815,183
108,0,blank,0,-323,-105,461815,462001,186
108,0,blank,0,-323,-105,462001,462182,181
108,0,blank,0,-323,-105,462182,462364,182
108,0,blank,0,-323,-105,462364,462545,181
108,0,blank,0,-323,-105,462545,462723,178
108,0,blank,0,-323,-105,462723,462911,188
108,0,blank,0,281.5694,558.4568,462939,462958,19
108,0,blank,0,312.3472,512.7679,463014,463042,28
108,0,blank,0,307.9421,457.9215,463073,463103,30
108,0,blank,0,286.4481667,389.1274667,463283,463379,96
108,0,blank,0,237.7061,445.7757,463493,463571,78
108,0,blank,0,192.732,474.14295,463650,463803,153
108,0,blank,0,212.1671,325.9403,463844,463882,38
108,0,blank,0,446.12885,149.8029,464071,464135,64
108,0,blank,0,-323,-105,464194,464353,159
108,0,blank,0,-323,-105,464450,464478,28
108,0,blank,0,448.2641,163.0765,464527,464570,43
108,0,blank,0,319.5943,209.742,464659,464684,25
108,0,blank,0,410.8231,-105.0206,464736,464764,28
108,0,blank,0,401.448825,281.211725,464792,464934,142
108,0,blank,0,364.6135,340.3566,465070,465202,132
108,0,blank,0,-323,-105,465319,465355,36
108,0,blank,0,360.2963667,425.0854,465380,465526,146
108,0,blank,0,399.44175,357.88195,465563,465645,82
108,0,blank,0,255.0358,514.6964,465716,465752,36
108,31,isspace,169,222.11175,407.5843,465788,465869,81
108,0,blank,0,231.6449429,355.8663571,466102,466299,197
108,0,blank,0,253.0226333,356.0520667,466299,466383,84
108,0,blank,0,248.1639,384.8575,466410,466466,56
108,31,isspace,169,245.9319,402.0794,466522,466578,56
108,29,wlen,164,214.3057167,372.1663667,466609,466785,176
108,29,(,161,152.15686,374.19758,466785,466925,140
108,29,if,160,142.363025,375.10685,466956,467069,113
108,0,blank,0,125.8849,427.1379,467126,467154,28
108,0,blank,0,123.4682,534.1144,467210,467239,29
108,0,blank,0,110.426475,429.858075,467271,467386,115
108,0,blank,0,196.7209,382.1966,467414,467447,33
108,0,blank,0,224.8761167,384.1072167,467477,467655,178
108,31,isspace,169,214.16295,418.54075,467655,467712,57
108,0,blank,0,87.9405,378.2639,467740,467768,28
108,0,blank,0,142.8016,380.3889,467796,467881,85
108,0,blank,0,135.0418,556.3705,467909,467936,27
108,0,blank,0,136.6467,401.723,467969,468141,172
108,33,wcount,199,206.90728,458.50346,468141,468306,165
108,0,blank,0,264.7377667,366.6488333,468306,468424,118
108,0,blank,0,281.929,356.5786,468464,468547,83
108,0,blank,0,210.648425,378.02435,468629,468789,160
108,0,blank,0,173.5891,427.6712,468789,468829,40
108,0,blank,0,-323,-105,468986,469182,196
108,0,blank,0,-323,-105,469182,469362,180
108,0,blank,0,-323,-105,469362,469546,184
108,0,blank,0,-323,-105,469546,469682,136
108,0,blank,0,-323,-105,469682,469904,222
108,0,blank,0,-323,-105,469904,469949,45
108,0,blank,0,-323,-105,469949,470371,422
108,0,blank,0,-323,-105,470371,470545,174
108,0,blank,0,-323,-105,470545,470620,75
108,0,blank,0,307.3676833,424.85465,470796,470978,182
108,31,[,190,309.7554833,415.4228333,470978,471155,177
108,0,blank,0,234.0714667,442.2807833,471184,471363,179
108,0,blank,0,216.9291333,468.6579,471363,471540,177
108,0,blank,0,194.8943,491.21985,471540,471600,60
108,0,blank,0,-245.9882667,470.3706667,471659,471853,194
108,0,blank,0,-239.6715,461.295,471853,471909,56
108,0,blank,0,-233.3896,378.02095,471938,471995,57
108,0,blank,0,-227.97325,379.6071,472056,472116,60
108,0,blank,0,265.8710571,441.1825286,472149,472345,196
108,31,isspace,169,257.2905,417.0909,472345,472374,29
108,0,blank,0,426.1371286,445.5852429,472403,472602,199
108,31,ispunct,179,440.0136333,416.3664333,472602,472687,85
108,0,blank,0,409.2937,426.5133286,472743,472941,198
108,31,ispunct,179,450.6821,418.500125,472941,473053,112
108,31,ispunct,179,459.0401,414.53728,473081,473224,143
108,0,blank,0,426.4878,447.279,473252,473393,141
108,0,blank,0,497.3748167,434.9246833,473451,473624,173
108,0,blank,0,488.1573333,433.8321,473624,473798,174
108,0,blank,0,450.3785333,433.1362167,473798,473971,173
108,0,blank,0,527.65805,447.5608,473971,474143,172
108,0,blank,0,540.55445,459.8757167,474143,474316,173
108,0,blank,0,534.11625,461.731475,474316,474430,114
108,0,blank,0,575.0962,453.2017286,474458,474656,198
108,0,blank,0,589.9262429,453.1956571,474656,474852,196
108,0,blank,0,555.0871286,458.0389429,474852,475051,199
108,0,blank,0,531.279,452.4786429,475051,475250,199
108,0,blank,0,587.56825,466.5173,475250,475421,171
108,0,blank,0,586.1859167,477.6269333,475421,475594,173
108,0,blank,0,600.4432167,454.96685,475594,475766,172
108,0,blank,0,578.15805,397.65565,475766,475823,57
108,0,blank,0,509.44965,84.26415,475852,475908,56
108,0,blank,0,466.9647667,78.74473333,475936,476019,83
108,0,blank,0,446.0395,-82.7608,476049,476105,56
108,0,blank,0,177.5835,-49.3934,476296,476336,40
108,0,blank,0,79.1237,-10.2816,476419,476457,38
108,0,blank,0,87.9586,-35.5752,476731,476770,39
108,0,blank,0,184.5825,-68.14818333,476889,477070,181
108,0,blank,0,213.5944667,-88.91425,477070,477250,180
108,0,blank,0,207.99225,-102.9941,477279,477338,59
108,0,blank,0,126.62395,-75.12245,477369,477559,190
108,0,blank,0,120.8652,-101.1009,477559,477592,33
108,0,blank,0,113.2563,-86.2812,477623,477684,61
108,0,blank,0,501.9715333,434.17805,477775,477951,176
108,0,blank,0,458.0300667,437.8081333,477951,478126,175
108,0,blank,0,368.5608333,439.8396833,478126,478300,174
108,0,blank,0,346.263875,444.216775,478300,478419,119
108,33,wcount,199,231.03645,459.8191167,478449,478623,174
108,34,i,202,211.80528,481.27496,478623,478766,143
108,0,blank,0,-323,-105,478795,478951,156
108,0,blank,0,122.32535,490.6083833,479113,479284,171
108,0,blank,0,66.47551667,562.8615667,479284,479461,177
108,0,blank,0,183.90906,454.94852,479490,479645,155
108,0,blank,0,117.9011833,626.29485,479703,479881,178
108,44,printf,220,84.89185,688.56505,479881,480058,177
108,0,blank,0,56.45956,720.09636,480058,480208,150
108,0,blank,0,439.81705,-103.9247167,480237,480416,179
108,0,blank,0,426.50665,-103.9796,480416,480475,59
108,0,blank,0,404.4504667,-103.9864333,480535,480624,89
108,0,blank,0,514.0364,793.1614,480655,480684,29
108,0,blank,0,504.6973,785.6667,480835,480860,25
108,0,blank,0,484.53765,-103.98655,480888,480950,62
108,0,blank,0,277.1991667,396.2088,481041,481225,184
108,31,str,189,274.9832667,413.4030333,481225,481406,181
108,0,blank,0,279.7569,426.2416,481406,481437,31
108,31,ispunct,179,446.0029667,409.7858833,481468,481652,184
108,0,blank,0,950.5925,455.3158333,481683,481870,187
108,0,blank,0,919.8481667,454.5017333,481870,482053,183
108,0,blank,0,887.15425,468.960975,482053,482175,122
108,0,blank,0,552.3837333,480.2191,482206,482388,182
108,0,blank,0,583.8932333,504.6584333,482388,482479,91
108,0,blank,0,949.082,469.3911667,482510,482690,180
108,0,blank,0,952.84,454.9885333,482690,482870,180
108,0,blank,0,968.3625,464.0384,482870,482931,61
108,0,blank,0,-323,-105,483116,483273,157
108,0,blank,0,-323,-105,483273,483427,154
108,0,blank,0,-323,-105,483427,483618,191
108,0,blank,0,-323,-105,483618,483794,176
108,0,blank,0,-323,-105,483794,483819,25
108,0,blank,0,-323,-105,483819,484005,186
108,0,blank,0,-323,-105,484005,484155,150
108,0,blank,0,-323,-105,484155,484239,84
108,0,blank,0,-323,-105,484239,484371,132
108,0,blank,0,-323,-105,484371,484564,193
108,0,blank,0,-323,-105,484564,484634,70
108,0,blank,0,-323,-105,484634,484829,195
108,0,blank,0,-323,-105,484829,485015,186
108,0,blank,0,-323,-105,485015,485196,181
108,0,blank,0,-323,-105,485196,485381,185
108,0,blank,0,-323,-105,485381,485563,182
108,0,blank,0,-323,-105,485563,485738,175
108,0,blank,0,-323,-105,485738,485866,128
108,0,blank,0,-323,-105,485866,486111,245
108,0,blank,0,-323,-105,486111,486429,318
108,0,blank,0,-323,-105,486429,486603,174
108,0,blank,0,-323,-105,486603,486781,178
108,0,blank,0,-323,-105,486781,486937,156
108,0,blank,0,-323,-105,486937,487122,185
108,0,blank,0,-323,-105,487122,487319,197
108,0,blank,0,-323,-105,487319,487502,183
108,0,blank,0,-323,-105,487502,487539,37
108,0,blank,0,516.9561,390.8918,487857,487921,64
