Frameno_fix,lineno_fix,Tokenname_fix,tokens_id,gaze_X_fix,gaze_Y_fix,timestamp_fix_start,timestamp_fix_end,time_duration
100,0,blank,0,49.7447,0.721299999999999,3853,3886,33
100,1,specific,3,44.7769,13.1561,3950,3982,32
100,0,blank,0,183.941,-3.41845,4840,4906,66
100,1,specific,3,100.0586,7.79535,5247,5312,65
100,0,blank,0,-323,-105,5405,5511,106
100,0,blank,0,130.3586,24.3873,5659,5685,26
100,0,blank,0,228.9426,-3.7148,5783,5816,33
100,0,blank,0,225.9857,-5.77379999999999,5912,5945,33
100,0,blank,0,109.0937,13.0882,6135,6167,32
100,0,blank,0,109.04505,-5.86055,6201,6263,62
100,0,blank,0,178.054766666667,-5.55919999999999,6325,6417,92
100,0,blank,0,-323,-105,6545,6702,157
100,0,blank,0,-323,-105,6944,7070,126
100,0,blank,0,-323,-105,7149,7333,184
100,0,blank,0,-323,-105,7333,7493,160
100,0,blank,0,-323,-105,7493,7650,157
100,0,blank,0,-323,-105,7650,7829,179
100,0,blank,0,-323,-105,7829,8023,194
100,0,blank,0,-323,-105,8023,8062,39
100,0,blank,0,-323,-105,8062,8279,217
100,0,blank,0,-323,-105,8279,8428,149
100,0,blank,0,-323,-105,8428,8540,112
100,0,blank,0,-323,-105,8540,8710,170
100,0,blank,0,-323,-105,8710,8882,172
100,0,blank,0,-323,-105,8882,9025,143
100,0,blank,0,-323,-105,9025,9215,190
100,0,blank,0,-323,-105,9215,9388,173
100,0,blank,0,-323,-105,9388,9586,198
100,0,blank,0,-323,-105,9586,9763,177
100,0,blank,0,-323,-105,9763,9882,119
100,0,blank,0,-323,-105,9882,10053,171
100,4,ctype,25,131.6824,83.5898,10185,10215,30
100,4,ctype,25,134.9969,84.7916,10429,10460,31
100,4,ctype,25,110.6096,78.2146,10492,10524,32
100,0,blank,0,90.1957,79.6342,10617,10648,31
100,4,ctype,25,123.821,77.0362,10680,10711,31
100,0,blank,0,143.1676,90.6252,10742,10773,31
100,0,blank,0,962.702,59.3296,10936,10970,34
100,0,blank,0,1002.695,57.7946,11067,11100,33
100,0,blank,0,1028.605,158.8004,11226,11257,31
100,0,blank,0,181.8496,135.1451,11420,11453,33
100,7,wcount,50,198.1717,141.1703,11522,11553,31
100,7,wcount,50,189.973366666667,140.369566666667,11586,11684,98
100,0,blank,0,110.0053,171.9515,11875,11907,32
100,7,comma,53,86.8761,151.9111,12001,12032,31
100,6,[,41,88.3869,123.2172,12159,12222,63
100,0,blank,0,-323,-105,13163,13289,126
100,0,blank,0,-323,-105,13289,13469,180
100,0,blank,0,-323,-105,13469,13578,109
100,12,"Enterword:",73,193.686933333333,259.8397,13643,13782,139
101,0,blank,0,-323,-105,21106,21291,185
101,0,blank,0,-323,-105,21800,21981,181
101,0,blank,0,-323,-105,21981,22029,48
101,0,blank,0,-323,-105,22200,22229,29
101,0,blank,0,-323,-105,22457,22640,183
101,0,blank,0,-323,-105,22640,22794,154
101,0,blank,0,-323,-105,22794,22865,71
101,4,include,23,66.1925,86.7689,23282,23307,25
101,0,blank,0,-323,-105,23325,23507,182
101,0,blank,0,-323,-105,23507,23684,177
101,0,blank,0,-323,-105,23684,23861,177
101,0,blank,0,-323,-105,23861,24045,184
101,0,blank,0,-323,-105,24045,24349,304
101,0,blank,0,-323,-105,24349,24664,315
101,0,blank,0,-323,-105,24664,25064,400
101,0,blank,0,-323,-105,25064,25248,184
101,0,blank,0,-323,-105,25248,25409,161
101,0,blank,0,-323,-105,25409,25586,177
101,0,blank,0,-323,-105,25586,25768,182
101,0,blank,0,-323,-105,25768,25931,163
101,0,blank,0,35.7318,-51.736,26099,26134,35
101,0,blank,0,43.20875,-28.2561,26168,26235,67
101,0,blank,0,-323,-105,26506,26699,193
101,0,blank,0,-323,-105,26699,26730,31
101,0,blank,0,-323,-105,27680,27841,161
101,0,blank,0,-323,-105,27841,28015,174
101,0,blank,0,-323,-105,28015,28212,197
101,0,blank,0,-323,-105,28212,28391,179
101,0,blank,0,-323,-105,28391,28566,175
101,0,blank,0,-323,-105,28566,28738,172
101,0,blank,0,-323,-105,28738,28909,171
101,0,blank,0,-323,-105,28909,29080,171
101,0,blank,0,-323,-105,29080,29260,180
101,0,blank,0,-323,-105,29260,29431,171
101,0,blank,0,-323,-105,29431,29615,184
101,0,blank,0,-323,-105,29615,29799,184
101,0,blank,0,-323,-105,29799,29927,128
101,0,blank,0,-323,-105,30462,30587,125
101,0,blank,0,-323,-105,30587,30762,175
101,0,blank,0,-323,-105,30762,30937,175
101,0,blank,0,-323,-105,30937,31110,173
101,0,blank,0,-323,-105,31110,31292,182
101,0,blank,0,-323,-105,31292,31401,109
101,5,gotoNextWord,30,176.6636,102.0366,31453,31474,21
101,0,blank,0,-323,-105,31501,31691,190
101,0,blank,0,-323,-105,31691,31829,138
101,0,blank,0,225.2372,114.8436,31861,31883,22
101,0,blank,0,192.587,169.4235,32088,32119,31
101,0,blank,0,182.348,165.0912,32183,32215,32
101,0,blank,0,200.86,186.1147,32345,32377,32
101,0,blank,0,-323,-105,32409,32545,136
101,0,blank,0,-323,-105,32656,32789,133
101,0,blank,0,-323,-105,32789,32955,166
101,0,blank,0,-323,-105,32955,33084,129
101,0,blank,0,-323,-105,33084,33165,81
101,5,gotoNextWord,30,92.5743,107.3602,33211,33250,39
101,0,blank,0,105.2845,-24.7048,34153,34188,35
101,0,blank,0,-323,-105,34638,34777,139
101,0,blank,0,205.7942,-24.2487,35239,35270,31
101,0,blank,0,-323,-105,36192,36331,139
101,0,blank,0,-323,-105,37629,37792,163
101,0,blank,0,-323,-105,37792,37838,46
101,0,blank,0,319.2889,624.1023,39118,39148,30
101,14,strlen,83,132.3092,293.7385,39620,39653,33
101,4,ctype,25,142.030333333333,84.6858666666667,39937,40039,102
101,0,blank,0,285.1713,76.111,40245,40276,31
101,3,.,19,170.9132,59.1532,40446,40477,31
101,0,blank,0,1064.6495,170.9605,40722,40791,69
101,0,blank,0,1071.119,356.4119,40987,41019,32
101,0,blank,0,1064.984,327.7973,41334,41367,33
101,0,blank,0,1075.1986,300.53628,41400,41561,161
101,0,blank,0,1061.947,305.9342,41626,41659,33
101,0,blank,0,79.9492,575.8745,41979,42011,32
101,0,blank,0,68.5039,593.5688,42043,42075,32
101,0,blank,0,78.13045,577.93235,42233,42297,64
101,0,blank,0,108.6947,635.2776,42358,42389,31
101,0,blank,0,93.1761,625.3027,42422,42451,29
101,0,blank,0,120.1497,597.7794,42482,42515,33
101,28,},159,132.4674,598.5931,42543,42604,61
101,0,blank,0,147.30935,584.53955,42635,42696,61
102,3,string,18,110.1454,49.1677,44113,44149,36
102,0,blank,0,153.57,161.1811,44281,44376,95
102,0,blank,0,-323,-105,44816,44984,168
102,0,blank,0,-323,-105,44984,45134,150
102,0,blank,0,-323,-105,45134,45392,258
102,0,blank,0,-323,-105,45392,45571,179
102,0,blank,0,-323,-105,45571,45627,56
102,4,ctype,25,124.8295,79.751,46214,46245,31
102,6,200,37,109.6421,115.4728,46924,46986,62
102,7,wlen,48,136.9781,139.7324,47426,47457,31
102,6,200,37,120.2274,115.3507,47519,47551,32
102,5,gotoNextWord,30,136.5147,109.227566666667,47646,47837,191
102,0,blank,0,-323,-105,47870,47979,109
102,0,blank,0,231.386,99.0421,48149,48173,24
102,0,blank,0,204.9959,104.791,48591,48622,31
102,0,blank,0,205.636,105.6904,48687,48719,32
102,0,blank,0,142.424,112.2444,49000,49031,31
102,0,blank,0,297.3123,127.0734,49250,49286,36
102,0,blank,0,307.1525,129.8475,49352,49383,31
102,0,blank,0,-323,-105,49542,49677,135
102,0,blank,0,295.7696,102.030525,49781,49897,116
102,6,str,35,82.6265,123.2898,50153,50185,32
102,6,str,35,73.5871,133.4172,50249,50321,72
102,0,blank,0,151.152,173.3822,51077,51109,32
102,0,blank,0,-323,-105,51344,51482,138
102,0,blank,0,207.6058,174.458,51794,51826,32
102,0,blank,0,263.4753,182.0151,52078,52111,33
102,0,blank,0,284.3148,173.6238,52236,52267,31
102,0,blank,0,314.8832,173.1701,52330,52361,31
102,0,blank,0,265.6161,173.5673,52485,52547,62
102,0,blank,0,268.4468,180.8574,52735,52767,32
102,0,blank,0,305.3044,171.6409,52798,52832,34
102,0,blank,0,311.0134,156.8187,52894,52928,34
102,11,str,68,120.46245,228.5389,53406,53470,64
102,0,blank,0,138.2766,192.1178,53502,53533,31
102,0,blank,0,120.571,195.8535,53727,53759,32
102,0,blank,0,126.377,186.0805,53789,53821,32
102,0,blank,0,-323,-105,54047,54130,83
102,0,blank,0,215.1248,186.6825,54322,54353,31
102,0,blank,0,230.3148,168.5803,54418,54450,32
102,0,blank,0,152.119,230.5164,54950,54981,31
102,14,strlen,83,160.1853,307.0768,55289,55326,37
102,14,strlen,83,152.6927,295.3799,55727,55758,31
102,0,blank,0,-323,-105,56099,56230,131
102,0,blank,0,250.9348,173.7008,56256,56279,23
102,0,blank,0,234.1187,231.9463,56427,56458,31
102,0,blank,0,345.7949,227.6311,56841,56871,30
102,0,blank,0,330.5327,225.767,56932,56962,30
102,0,blank,0,241.3916,183.6118,57264,57294,30
102,0,blank,0,303.719975,212.515525,57419,57543,124
102,12,"Enterword:",73,155.9541,246.2329,58033,58064,31
102,0,blank,0,167.7136,227.0039,58094,58125,31
102,10,"Enterstring:",63,151.3259,216.3131,58156,58187,31
102,0,blank,0,208.7202,194.4596,58341,58372,31
102,0,blank,0,-323,-105,58751,58922,171
102,0,blank,0,-323,-105,58922,58964,42
102,0,blank,0,287.9787,160.1652,59118,59149,31
102,0,blank,0,328.0526,189.9066,59210,59241,31
102,0,blank,0,321.0223,169.5923,59489,59520,31
102,12,"Enterword:",73,195.5999,255.0569,60777,60807,30
102,10,"Enterstring:",63,237.1144,213.589,61180,61215,35
102,0,blank,0,215.3199,238.3679,61247,61278,31
102,0,blank,0,-323,-105,61372,61514,142
102,0,blank,0,270.4918,373.6534,62355,62385,30
102,10,"Enterstring:",63,266.6808,217.5847,62882,62912,30
102,0,blank,0,-323,-105,63100,63266,166
102,14,strlen,83,171.5564,305.4935,64463,64496,33
102,0,blank,0,-323,-105,64836,65010,174
102,0,blank,0,197.5516,266.9524,65197,65232,35
102,0,blank,0,195.8184,283.0467,65881,65913,32
102,0,blank,0,-323,-105,67241,67346,105
102,14,str,85,200.4326,307.0442,67797,67827,30
102,14,str,85,213.8781,299.0129,68601,68632,31
102,14,str,85,186.3359,298.8783,68724,68760,36
102,0,blank,0,167.0091,283.3561,69176,69212,36
102,0,blank,0,-323,-105,69431,69542,111
102,0,blank,0,238.4885,293.7772,69738,69768,30
102,15,strlen,90,170.4587,327.6335,71565,71596,31
102,0,blank,0,253.7022,364.0243,71760,71793,33
102,0,blank,0,-323,-105,72290,72487,197
102,0,blank,0,-323,-105,72487,72545,58
102,0,blank,0,294.6954,342.9771,72946,72979,33
102,0,blank,0,297.8054,330.0612,73865,73895,30
102,0,blank,0,217.0613,331.1714,74235,74270,35
102,0,blank,0,278.7999,321.1999,74798,74859,61
102,0,blank,0,-323,-105,74893,75051,158
102,0,blank,0,-323,-105,75051,75093,42
102,0,blank,0,224.9871,487.3352,75639,75670,31
102,0,blank,0,193.4765,354.4096,77762,77792,30
102,0,blank,0,-323,-105,79187,79302,115
102,0,blank,0,277.2465,529.7228,80075,80137,62
102,0,blank,0,-323,-105,81282,81385,103
102,0,blank,0,-323,-105,81440,81479,39
102,0,blank,0,230.9811,361.2193,82161,82188,27
102,0,blank,0,85.3943,305.9763,82732,82764,32
102,0,blank,0,201.01405,272.2436,83188,83247,59
102,0,blank,0,225.701,180.0223,83974,84005,31
102,0,blank,0,225.5658,188.7533,84280,84310,30
102,0,blank,0,-323,-105,84522,84683,161
102,0,blank,0,-323,-105,84683,84735,52
102,10,"Enterstring:",63,242.8696,211.8437,85297,85330,33
102,0,blank,0,201.2405,230.2384,87072,87103,31
102,0,blank,0,183.0636,225.85925,87195,87257,62
102,0,blank,0,-323,-105,87485,87679,194
102,0,blank,0,246.1107,370.5749,88101,88135,34
102,0,blank,0,-323,-105,89438,89595,157
102,0,blank,0,-323,-105,90830,90861,31
102,0,blank,0,249.52,376.1601,91013,91042,29
102,0,blank,0,-323,-105,91099,91282,183
102,0,blank,0,-323,-105,91282,91454,172
102,0,blank,0,-323,-105,91454,91583,129
102,0,blank,0,-323,-105,91735,91794,59
102,0,blank,0,237.60695,431.24115,92047,92113,66
102,0,blank,0,266.261,392.505,92146,92174,28
102,0,blank,0,279.6584,404.3352,92265,92295,30
102,0,blank,0,-323,-105,92359,92489,130
102,0,blank,0,312.7358,404.4307,92709,92740,31
102,0,blank,0,323.87525,403.8147,92865,92927,62
102,0,blank,0,228.46075,373.31225,92988,93053,65
102,16,wcount,99,181.837433333333,335.7724,93208,93301,93
102,16,wcount,99,174.60695,334.64255,93364,93423,59
102,0,blank,0,359.9965,535.2051,94970,94999,29
102,19,w,117,221.3207,419.4614,95060,95090,30
102,19,==,116,190.2754,412.311,95121,95152,31
102,0,blank,0,253.8807,436.9505,95245,95306,61
102,21,j,133,235.9366,454.601,95337,95369,32
102,21,j,133,237.3297,459.9927,95398,95430,32
102,0,blank,0,286.8591,438.3159,95620,95651,31
102,0,blank,0,309.3221,415.6583,95683,95715,32
102,0,blank,0,-323,-105,96978,97162,184
102,0,blank,0,-323,-105,97162,97303,141
102,0,blank,0,-323,-105,97994,98159,165
102,0,blank,0,-323,-105,98159,98290,131
102,0,blank,0,-323,-105,98290,98440,150
102,0,blank,0,-323,-105,98440,98534,94
102,0,blank,0,-323,-105,98534,98730,196
102,0,blank,0,-323,-105,98730,98922,192
102,0,blank,0,-323,-105,98922,99002,80
102,0,blank,0,-323,-105,99002,99343,341
102,0,blank,0,-323,-105,99343,99510,167
102,0,blank,0,-323,-105,99510,99585,75
102,0,blank,0,-323,-105,99585,99823,238
102,0,blank,0,-323,-105,99823,100010,187
102,0,blank,0,-323,-105,100010,100563,553
102,0,blank,0,-323,-105,100563,100751,188
102,0,blank,0,-323,-105,100751,100846,95
102,0,blank,0,-323,-105,100846,101020,174
102,0,blank,0,-323,-105,101020,101066,46
102,0,blank,0,-323,-105,101066,101534,468
102,0,blank,0,-323,-105,101534,101652,118
102,0,blank,0,-323,-105,101652,102091,439
102,0,blank,0,-323,-105,102091,102243,152
102,0,blank,0,-323,-105,102243,102422,179
102,0,blank,0,-323,-105,102422,102588,166
102,0,blank,0,-323,-105,102663,102805,142
102,0,blank,0,-323,-105,102805,102953,148
102,0,blank,0,-323,-105,103231,104334,1103
102,0,blank,0,-323,-105,104774,104958,184
102,0,blank,0,-323,-105,104958,105144,186
102,0,blank,0,-323,-105,105144,105321,177
102,0,blank,0,-323,-105,105321,105519,198
102,0,blank,0,-323,-105,105519,105653,134
102,0,blank,0,-323,-105,105653,105787,134
102,0,blank,0,-323,-105,105787,105942,155
102,0,blank,0,-323,-105,105942,106134,192
102,0,blank,0,-323,-105,106134,106320,186
102,0,blank,0,-323,-105,106320,106512,192
102,0,blank,0,-323,-105,106512,106676,164
102,0,blank,0,-323,-105,107197,107564,367
102,0,blank,0,-323,-105,107564,107679,115
102,0,blank,0,-323,-105,107861,108131,270
102,0,blank,0,-323,-105,108131,108240,109
102,0,blank,0,-323,-105,108835,109461,626
102,0,blank,0,-323,-105,109461,109631,170
102,0,blank,0,-323,-105,109631,109724,93
103,0,blank,0,-323,-105,110792,110983,191
103,0,blank,0,-323,-105,110983,111137,154
103,0,blank,0,-323,-105,111137,111315,178
103,0,blank,0,-323,-105,111315,111499,184
103,0,blank,0,-323,-105,111499,111678,179
103,0,blank,0,-323,-105,111678,111905,227
103,0,blank,0,-323,-105,111905,112043,138
103,0,blank,0,-323,-105,112043,112173,130
103,0,blank,0,-323,-105,112173,112370,197
103,0,blank,0,-323,-105,112370,112558,188
103,0,blank,0,-323,-105,112558,112757,199
103,0,blank,0,-323,-105,112757,112936,179
103,0,blank,0,-323,-105,112936,113112,176
103,0,blank,0,-323,-105,113112,113285,173
103,0,blank,0,-323,-105,113285,113481,196
103,0,blank,0,-323,-105,113481,113668,187
103,0,blank,0,-323,-105,113668,113867,199
103,0,blank,0,-323,-105,113867,114065,198
103,0,blank,0,-323,-105,114065,114127,62
103,0,blank,0,-323,-105,114127,114271,144
103,0,blank,0,-323,-105,114271,114452,181
103,0,blank,0,-323,-105,114708,114872,164
103,0,blank,0,271.94205,270.8217,115169,115231,62
103,0,blank,0,261.9183,280.1289,115295,115360,65
103,0,blank,0,258.2811,292.522,115392,115488,96
103,0,blank,0,334.9647,283.3808,115677,115741,64
103,0,blank,0,336.3029,268.4345,115772,115803,31
103,0,blank,0,451.1074,256.6515,116024,116056,32
103,0,blank,0,-323,-105,116273,116440,167
103,0,blank,0,-323,-105,116440,116505,65
103,0,blank,0,-323,-105,116505,117166,661
103,0,blank,0,-323,-105,117166,117340,174
103,0,blank,0,-323,-105,117340,117511,171
103,0,blank,0,-323,-105,117511,117699,188
103,0,blank,0,-323,-105,117699,117871,172
103,0,blank,0,-323,-105,117871,118067,196
103,0,blank,0,-323,-105,118067,118238,171
103,0,blank,0,-323,-105,118238,118415,177
103,0,blank,0,-323,-105,118415,118610,195
103,0,blank,0,597.8859,264.6938,119148,119178,30
103,0,blank,0,631.5028,280.5938,119336,119366,30
103,0,blank,0,-323,-105,119609,119785,176
103,0,blank,0,-323,-105,119785,119958,173
103,0,blank,0,-323,-105,119958,120076,118
103,0,blank,0,-323,-105,120076,120262,186
103,0,blank,0,-323,-105,120262,120426,164
103,0,blank,0,-323,-105,120426,120557,131
103,0,blank,0,-323,-105,120557,120746,189
103,0,blank,0,-323,-105,120746,120820,74
103,0,blank,0,-323,-105,121096,121291,195
103,0,blank,0,-323,-105,121291,121472,181
103,0,blank,0,-323,-105,121472,121667,195
103,0,blank,0,-323,-105,121667,121847,180
103,0,blank,0,-323,-105,121847,121996,149
103,0,blank,0,-323,-105,121996,122082,86
103,0,blank,0,-323,-105,122082,122328,246
103,0,blank,0,-323,-105,122328,122578,250
103,0,blank,0,-323,-105,122578,122774,196
103,0,blank,0,-323,-105,122774,122954,180
103,0,blank,0,-323,-105,122954,123143,189
103,0,blank,0,-323,-105,123143,123321,178
103,0,blank,0,-323,-105,123321,123511,190
103,0,blank,0,-323,-105,123511,123684,173
103,0,blank,0,-323,-105,123684,123831,147
103,0,blank,0,-323,-105,123831,124103,272
103,0,blank,0,-323,-105,124103,124390,287
103,0,blank,0,-323,-105,124390,124565,175
103,0,blank,0,-323,-105,124565,124757,192
103,0,blank,0,-323,-105,124757,124935,178
103,0,blank,0,-323,-105,124935,125087,152
103,0,blank,0,-323,-105,125087,125243,156
103,0,blank,0,-323,-105,125243,125415,172
103,0,blank,0,-323,-105,125415,125598,183
103,0,blank,0,-323,-105,125598,125634,36
103,0,blank,0,-323,-105,125895,126026,131
103,31,str,189,291.6448,302.3493,126326,126355,29
103,0,blank,0,-323,-105,126418,126582,164
103,0,blank,0,-323,-105,126745,126873,128
103,0,blank,0,219.56085,412.8423,127257,127316,59
103,0,blank,0,215.5617,440.7324,127346,127437,91
103,0,blank,0,207.74135,449.5117,127467,127527,60
103,0,blank,0,296.584766666667,574.008333333333,127699,127793,94
103,0,blank,0,208.5286,569.2197,127915,127945,30
103,0,blank,0,189.7463,564.977,127975,128066,91
103,0,blank,0,-323,-105,128127,128318,191
103,0,blank,0,306.448825,555.37905,128350,128462,112
103,31,(,180,276.9815,304.0431,128522,128584,62
103,0,blank,0,276.895,292.998,128644,128674,30
103,31,str,189,289.02055,304.956,128704,128768,64
103,31,str,189,291.405875,300.076025,128826,128946,120
103,29,wlen,164,234.1928,260.855,129071,129099,28
103,29,wlen,164,245.0995,267.870866666667,129129,129220,91
103,0,blank,0,359.5395,256.5408,129250,129281,31
103,0,blank,0,347.8492,243.3879,129313,129345,32
103,0,blank,0,355.612875,259.293725,129375,129498,123
103,0,blank,0,-323,-105,129528,129662,134
103,0,blank,0,442.472033333333,252.5153,129829,130008,179
103,0,blank,0,562.8597,244.0424,130069,130099,30
103,0,blank,0,571.2924,250.7943,130252,130311,59
103,0,blank,0,595.5676,252.1566,130340,130372,32
103,0,blank,0,416.76475,277.1667,130709,130770,61
103,0,blank,0,-323,-105,130800,130959,159
103,0,blank,0,631.1357,248.8312,131158,131189,31
103,0,blank,0,631.8734,260.38455,131316,131379,63
103,0,blank,0,643.4398,259.9035,131411,131441,30
103,0,blank,0,663.1933,261.8483,131503,131534,31
103,0,blank,0,666.525,254.741,131595,131626,31
103,0,blank,0,-323,-105,131688,131821,133
103,0,blank,0,680.941,265.0264,131870,131930,60
103,0,blank,0,686.69,271.4156,132020,132054,34
103,0,blank,0,727.155,269.7212,132174,132293,119
103,0,blank,0,650.5947,267.5299,132371,132408,37
103,0,blank,0,-323,-105,132659,132850,191
103,0,blank,0,417.91095,266.5361,132881,132931,50
103,0,blank,0,-323,-105,133057,133165,108
103,0,blank,0,421.1539,237.9912,133222,133247,25
103,0,blank,0,401.9942,248.1597,133326,133354,28
103,0,blank,0,406.7134,236.0853,133414,133444,30
103,0,blank,0,591.6203,238.2297,133564,133595,31
103,0,blank,0,574.5309,257.7026,133656,133686,30
103,0,blank,0,588.5872,250.0206,133776,133807,31
103,0,blank,0,-323,-105,133869,134053,184
103,0,blank,0,429.8261,240.368,134366,134397,31
103,0,blank,0,456.348,223.3152,134428,134489,61
103,0,blank,0,569.2141,260.2701,134849,134880,31
103,0,blank,0,632.28235,270.23545,134948,135005,57
103,0,blank,0,-323,-105,135124,135288,164
103,0,blank,0,590.6039,257.3997,135366,135431,65
103,0,blank,0,399.259466666667,266.5145,135614,135708,94
103,0,blank,0,398.8708,264.5481,135771,135802,31
103,0,blank,0,249.2575,275.27535,135896,135957,61
103,0,blank,0,254.4191,279.5945,135989,136019,30
103,0,blank,0,296.2408,264.5257,136110,136142,32
103,0,blank,0,284.9286,286.5051,136172,136203,31
103,0,blank,0,-323,-105,136353,136510,157
103,31,isspace,169,222.3289,303.2885,136553,136604,51
103,0,blank,0,224.4258,294.2697,136668,136693,25
103,0,blank,0,264.0695,269.1938,136751,136812,61
103,0,blank,0,253.101,292.2888,136903,136933,30
103,0,blank,0,-323,-105,137532,137709,177
103,0,blank,0,-323,-105,137709,137887,178
103,0,blank,0,-323,-105,137887,138016,129
103,0,blank,0,-323,-105,138584,138714,130
103,0,blank,0,395.7286,255.0925,138739,138765,26
103,0,blank,0,-323,-105,138788,138973,185
103,0,blank,0,485.330433333333,237.5752,139026,139111,85
103,0,blank,0,557.2938,236.7338,139470,139531,61
103,0,blank,0,400.014,223.4143,139711,139740,29
103,0,blank,0,410.75885,240.2711,139770,139830,60
103,0,blank,0,403.33782,250.05754,139861,140013,152
103,0,blank,0,399.631875,240.998625,140073,140195,122
103,0,blank,0,402.7816,238.3145,140225,140255,30
103,0,blank,0,398.51915,257.33715,140286,140348,62
103,0,blank,0,414.941533333333,248.3236,140380,140470,90
103,0,blank,0,-323,-105,140560,140722,162
103,0,blank,0,426.0569,234.1752,140797,140827,30
103,0,blank,0,445.912,241.8503,140858,140889,31
103,0,blank,0,264.958766666667,245.7343,141103,141193,90
103,0,blank,0,270.4126,247.9322,141224,141255,31
103,0,blank,0,262.64,237.8903,141285,141346,61
103,0,blank,0,339.33315,238.36735,141436,141494,58
103,0,blank,0,341.025,248.6448,141524,141555,31
103,0,blank,0,332.1914,241.0955,141585,141616,31
103,0,blank,0,471.7292,234.4911,141708,141767,59
103,0,blank,0,477.10135,251.2905,141798,141859,61
103,0,blank,0,-323,-105,141947,142078,131
103,0,blank,0,483.1855,230.1708,142120,142177,57
103,0,blank,0,485.55735,239.87195,142801,142862,61
103,0,blank,0,454.60105,246.2959,142922,142982,60
103,0,blank,0,467.47135,229.439,143011,143071,60
103,0,blank,0,-323,-105,143131,143284,153
103,0,blank,0,482.4767,269.9301,143310,143336,26
103,0,blank,0,441.10485,230.91795,143408,143458,50
103,0,blank,0,428.4689,242.7939,143517,143547,30
103,0,blank,0,266.7841,261.4681,143814,143844,30
103,0,blank,0,318.4872,226.5214,144170,144200,30
103,0,blank,0,326.3611,250.8083,144229,144261,32
103,0,blank,0,248.031966666667,243.7633,144382,144471,89
103,0,blank,0,-323,-105,144562,144667,105
103,21,j,133,261.7101,82.0953,144842,144869,27
103,0,blank,0,251.74025,90.7102,144899,144958,59
103,21,j,133,255.0157,86.3707,145019,145049,30
103,0,blank,0,244.1934,96.4665,145110,145140,30
103,0,blank,0,314.7315,253.0079,145535,145565,30
103,0,blank,0,-323,-105,145781,145954,173
103,0,blank,0,-323,-105,145954,146145,191
103,0,blank,0,-323,-105,146145,146278,133
103,0,blank,0,-323,-105,146278,146450,172
103,0,blank,0,-323,-105,146450,146622,172
103,0,blank,0,-323,-105,146622,146816,194
103,0,blank,0,-323,-105,146816,147015,199
103,0,blank,0,-323,-105,147015,147193,178
103,0,blank,0,-323,-105,147193,147325,132
103,0,blank,0,-323,-105,147325,147489,164
103,0,blank,0,-323,-105,147489,147568,79
103,0,blank,0,-323,-105,147568,147743,175
103,0,blank,0,-323,-105,147743,147922,179
103,0,blank,0,-323,-105,147922,148106,184
103,0,blank,0,-323,-105,148106,148143,37
103,0,blank,0,358.2354,264.8994,148301,148335,34
103,0,blank,0,344.7145,258.17935,148395,148455,60
103,0,blank,0,327.9609,263.6892,148486,148516,30
103,0,blank,0,358.5136,266.1354,148547,148580,33
103,0,blank,0,354.047533333333,277.524033333333,148639,148729,90
103,0,blank,0,316.1633,273.2279,149064,149094,30
103,0,blank,0,335.4468,284.5602,149157,149187,30
103,0,blank,0,265.9116,254.877,149216,149249,33
103,29,wlen,164,247.7644,258.6414,149339,149368,29
103,0,blank,0,-323,-105,149462,149543,81
103,0,blank,0,691.895,-103.961,149568,149594,26
103,0,blank,0,230.9818,283.5006,149667,149693,26
103,0,blank,0,300.3748,260.2716,150320,150346,26
103,0,blank,0,335.10245,277.372125,150369,150488,119
103,0,blank,0,316.9738,272.6767,150520,150548,28
103,0,blank,0,-323,-105,150820,151017,197
103,0,blank,0,266.7044,321.6347,151045,151068,23
103,31,isspace,169,253.5492,315.42415,151096,151158,62
103,0,blank,0,276.2828,321.3815,151250,151281,31
103,0,blank,0,230.22695,286.84415,151402,151465,63
103,0,blank,0,228.9476,288.4846,151523,151556,33
103,0,blank,0,-323,-105,151902,151981,79
103,0,blank,0,282.9924,256.2144,152240,152271,31
103,0,blank,0,318.7473,260.574,152498,152585,87
103,0,blank,0,-323,-105,152883,153069,186
103,0,blank,0,-323,-105,153069,153252,183
103,0,blank,0,362.3145,265.4381,153389,153420,31
103,0,blank,0,362.104,253.6796,153482,153543,61
103,0,blank,0,329.7301,257.4963,153665,153697,32
103,0,blank,0,222.1891,244.8262,153974,154005,31
103,0,blank,0,217.34515,232.0761,154036,154098,62
103,26,break,156,243.685666666667,221.734833333333,154283,154376,93
103,0,blank,0,306.16085,250.604325,154407,154532,125
103,0,blank,0,300.2641,253.191233333333,154627,154722,95
103,0,blank,0,312.240275,256.3992,154753,154883,130
103,29,wlen,164,250.863,257.07335,154915,154979,64
103,0,blank,0,259.4332,275.6831,155043,155076,33
103,0,blank,0,274.1563,278.2112,155142,155172,30
103,0,blank,0,-323,-105,155672,155751,79
103,0,blank,0,551.0583,258.5967,156201,156263,62
103,0,blank,0,494.1495,288.4645,156483,156514,31
103,0,blank,0,401.4972,258.2096,156792,156823,31
103,0,blank,0,395.77045,263.3604,156883,156943,60
103,0,blank,0,-323,-105,157003,157129,126
103,0,blank,0,393.7961,287.8951,157384,157414,30
103,0,blank,0,492.1534,255.4057,157572,157604,32
103,0,blank,0,491.1583,250.1411,157695,157726,31
103,0,blank,0,539.723,253.6246,157822,157856,34
103,0,blank,0,518.843,260.9457,157925,157959,34
103,0,blank,0,659.06615,252.394125,158185,158315,130
103,0,blank,0,631.8493,248.911675,158412,158541,129
103,0,blank,0,638.4685,268.4784,158574,158607,33
103,0,blank,0,-323,-105,158639,158751,112
103,0,blank,0,600.9197,258.594766666667,158847,158931,84
103,0,blank,0,409.73,270.043,158963,158994,31
103,0,blank,0,413.9673,257.361533333333,159057,159151,94
103,0,blank,0,405.4946,246.8885,159213,159244,31
103,0,blank,0,430.3118,259.7958,159306,159337,31
103,0,blank,0,390.3058,258.0341,159619,159651,32
103,0,blank,0,506.115566666667,257.994383333333,159806,159993,187
103,0,blank,0,508.08975,259.59855,159993,160056,63
103,0,blank,0,-323,-105,160120,160227,107
103,0,blank,0,-323,-105,160491,160674,183
103,0,blank,0,-323,-105,160674,160858,184
103,0,blank,0,-323,-105,160858,161014,156
103,0,blank,0,-323,-105,161014,161213,199
103,0,blank,0,-323,-105,161213,161405,192
103,0,blank,0,-323,-105,161405,161578,173
103,0,blank,0,-323,-105,161578,161749,171
103,0,blank,0,-323,-105,161749,161939,190
103,0,blank,0,-323,-105,161939,162094,155
103,0,blank,0,-323,-105,162094,162274,180
103,0,blank,0,-323,-105,162274,162377,103
103,0,blank,0,-323,-105,162377,162543,166
103,0,blank,0,-323,-105,162543,162639,96
103,0,blank,0,-323,-105,162639,162803,164
103,0,blank,0,-323,-105,162803,162871,68
103,0,blank,0,-323,-105,162871,163102,231
103,0,blank,0,-323,-105,163102,163405,303
103,0,blank,0,-323,-105,163405,163598,193
103,0,blank,0,-323,-105,163598,163771,173
103,0,blank,0,-323,-105,163771,163844,73
103,0,blank,0,457.3951,248.8394,163909,163952,43
103,0,blank,0,460.0748,234.0147,164073,164105,32
103,0,blank,0,469.8685,249.575,164198,164228,30
103,0,blank,0,462.6467,246.0034,164258,164289,31
103,0,blank,0,595.2022,252.1435,164534,164565,31
103,0,blank,0,553.621366666667,245.440133333333,164595,164689,94
103,0,blank,0,543.5695,237.9963,164751,164782,31
103,0,blank,0,541.6547,236.5261,164844,164876,32
103,0,blank,0,-323,-105,164939,165086,147
103,0,blank,0,580.2448,225.2804,165112,165133,21
103,0,blank,0,580.5325,236.167,165193,165225,32
103,0,blank,0,609.5984,244.9447,165257,165320,63
103,0,blank,0,616.5892,243.43205,165385,165448,63
103,0,blank,0,600.5905,247.7701,165477,165508,31
103,0,blank,0,589.7637,256.3558,165568,165599,31
103,0,blank,0,602.653925,241.671725,165692,165818,126
103,0,blank,0,615.697,237.4541,165910,165941,31
103,0,blank,0,600.2635,240.1976,166002,166033,31
103,0,blank,0,591.56535,229.441,166095,166157,62
103,0,blank,0,-323,-105,166283,166392,109
103,0,blank,0,596.7951,255.4573,166428,166476,48
103,0,blank,0,601.3174,240.4825,166543,166569,26
103,0,blank,0,414.1011,240.9631,166693,166756,63
103,0,blank,0,425.994566666667,249.8314,166788,166885,97
103,0,blank,0,406.00195,243.34295,167011,167075,64
103,0,blank,0,424.0447,244.475366666667,167107,167203,96
103,0,blank,0,486.076133333333,229.895066666667,167359,167452,93
103,0,blank,0,707.713666666667,250.089183333333,167547,167738,191
103,0,blank,0,711.711833333333,254.28385,167738,167927,189
103,0,blank,0,705.0595,259.11685,167927,167991,64
103,0,blank,0,702.831,249.273625,168054,168179,125
103,0,blank,0,697.8355,250.8594,168210,168334,124
103,0,blank,0,616.553633333333,257.239866666667,168490,168582,92
103,0,blank,0,620.9155,245.0082,168614,168646,32
103,0,blank,0,576.7945,252.54844,168739,168894,155
103,0,blank,0,485.04835,254.3575,168987,169049,62
103,0,blank,0,-323,-105,169142,169275,133
103,0,blank,0,480.353,259.29325,169455,169518,63
103,0,blank,0,257.8513,236.6147,169614,169646,32
103,0,blank,0,262.1468,258.799,169677,169709,32
103,0,blank,0,264.700733333333,250.8728,169771,169862,91
103,0,blank,0,258.6602,232.9401,169892,169924,32
103,0,blank,0,450.68045,252.59335,170225,170284,59
103,0,blank,0,321.0025,235.3637,170436,170467,31
103,0,blank,0,326.89475,234.38845,170530,170593,63
103,0,blank,0,421.5035,243.4003,170687,170751,64
103,0,blank,0,421.68155,253.335,170812,170875,63
103,0,blank,0,415.5192,252.8214,170905,170936,31
103,0,blank,0,483.7272,244.0261,171220,171255,35
103,0,blank,0,446.0984,262.0358,171379,171410,31
103,0,blank,0,430.75175,253.77805,171504,171690,186
103,0,blank,0,-323,-105,171847,171979,132
103,0,blank,0,404.8693,268.5343,172005,172031,26
103,0,blank,0,462.8764,241.6189,172110,172135,25
103,0,blank,0,486.541,247.213,172196,172227,31
103,0,blank,0,475.2816,248.46495,172322,172384,62
103,0,blank,0,487.8303,234.5036,172478,172510,32
103,0,blank,0,468.33645,248.65825,172633,172694,61
103,0,blank,0,486.2975,253.1584,172919,172998,79
103,0,blank,0,534.2089,241.8344,173204,173234,30
103,0,blank,0,551.9816,234.9274,173357,173387,30
103,0,blank,0,537.1489,247.0857,173418,173449,31
103,0,blank,0,526.1511,245.2109,173480,173514,34
103,0,blank,0,527.9548,244.82702,173575,173736,161
103,0,blank,0,536.656133333333,244.4602,173832,173924,92
103,0,blank,0,472.45788,245.81276,173958,174113,155
103,0,blank,0,477.1503,233.2085,174145,174176,31
103,0,blank,0,436.12355,239.75495,174240,174302,62
103,0,blank,0,424.0484,247.86235,174397,174462,65
103,0,blank,0,476.4708,254.0902,174526,174558,32
103,0,blank,0,-323,-105,174687,174796,109
103,0,blank,0,455.029,253.7873,174906,174932,26
103,0,blank,0,466.512733333333,247.997733333333,174960,175055,95
103,0,blank,0,469.4105,254.3575,175119,175150,31
103,0,blank,0,479.902,244.3,175212,175243,31
103,0,blank,0,476.2981,258.7272,175306,175336,30
103,0,blank,0,472.9713,245.439,175396,175426,30
103,0,blank,0,485.4702,246.259,175486,175517,31
103,0,blank,0,555.3208,250.746033333333,175822,175914,92
103,0,blank,0,570.388333333333,244.725133333333,175945,176037,92
103,0,blank,0,565.4492,240.5999,176131,176163,32
103,0,blank,0,565.4608,234.2858,176227,176258,31
103,0,blank,0,561.7355,241.4691,176289,176322,33
103,0,blank,0,570.7313,243.21715,176386,176450,64
103,0,blank,0,454.1787,247.75988,176548,176710,162
103,0,blank,0,460.250633333333,244.815266666667,176742,176840,98
103,0,blank,0,630.14185,250.4605,176873,176937,64
103,0,blank,0,630.1311,257.4041,177036,177170,134
103,0,blank,0,-323,-105,177204,177339,135
103,0,blank,0,665.0106,283.4444,177390,177413,23
103,0,blank,0,645.769066666667,282.230033333333,177444,177539,95
103,0,blank,0,507.5052,268.2598,177801,177837,36
103,0,blank,0,-323,-105,177869,178038,169
103,0,blank,0,-323,-105,178038,178119,81
103,0,blank,0,461.1386,249.6009,178152,178171,19
103,0,blank,0,472.226166666667,244.841866666667,178251,178369,118
103,0,blank,0,484.6121,223.7447,178529,178562,33
103,0,blank,0,444.6767,206.8917,178597,178630,33
103,0,blank,0,399.5006,246.746,178865,178899,34
103,0,blank,0,397.3946,240.2748,178973,179040,67
103,0,blank,0,226.01294,235.52764,179142,179313,171
103,0,blank,0,288.115066666667,242.3772,179382,179484,102
103,0,blank,0,-323,-105,179553,179634,81
103,0,blank,0,340.882366666667,242.3705,179755,179851,96
103,0,blank,0,332.35425,247.10095,179918,179984,66
103,0,blank,0,347.69265,237.68065,180258,180320,62
103,0,blank,0,428.74752,240.47932,180479,180641,162
103,0,blank,0,505.0788,240.5498,180736,180768,32
103,0,blank,0,516.6899,245.8164,180869,180900,31
103,0,blank,0,542.045,258.0486,180936,180966,30
103,0,blank,0,420.412175,245.2318,181145,181282,137
103,0,blank,0,333.93595,252.40985,181698,181767,69
103,0,blank,0,343.24818,244.36702,181867,182033,166
103,0,blank,0,353.40925,246.0641,182033,182102,69
103,0,blank,0,-323,-105,182270,182309,39
103,26,break,156,259.3104,221.1068,182510,182543,33
103,0,blank,0,529.1001,242.2682,182612,182645,33
103,0,blank,0,492.9763,240.2405,182712,182785,73
103,0,blank,0,536.4985,247.931,182855,182890,35
103,0,blank,0,541.753575,250.246325,182925,183062,137
103,0,blank,0,641.494,259.5173,183437,183470,33
103,0,blank,0,649.4293,244.8058,183507,183537,30
103,0,blank,0,630.40575,254.40395,183569,183635,66
103,0,blank,0,678.323,265.3474,183698,183731,33
103,0,blank,0,679.9975,258.7523,183796,183860,64
103,0,blank,0,675.43005,252.62345,183892,184024,132
103,0,blank,0,670.9416,256.7612,184092,184125,33
103,0,blank,0,-323,-105,184262,184457,195
103,0,blank,0,-323,-105,184457,184655,198
103,0,blank,0,-323,-105,184655,184851,196
103,0,blank,0,-323,-105,184851,185043,192
103,0,blank,0,-323,-105,185043,185208,165
103,0,blank,0,-323,-105,185208,185386,178
103,0,blank,0,-323,-105,185386,185577,191
103,0,blank,0,-323,-105,185577,185728,151
103,0,blank,0,-323,-105,185728,185910,182
103,0,blank,0,-323,-105,185910,186026,116
103,0,blank,0,-323,-105,186026,186191,165
103,0,blank,0,-323,-105,186191,186388,197
103,0,blank,0,-323,-105,186388,186587,199
103,0,blank,0,-323,-105,186587,186768,181
103,0,blank,0,-323,-105,186768,186939,171
103,0,blank,0,-323,-105,186939,187118,179
103,31,+,192,555.4222,300.58,187215,187282,67
103,0,blank,0,261.5167,327.6495,188049,188112,63
103,0,blank,0,-323,-105,188210,188405,195
103,0,blank,0,-323,-105,188405,188495,90
103,0,blank,0,-323,-105,188812,189008,196
103,0,blank,0,-323,-105,189008,189214,206
103,31,ispunct,179,481.0744,297.6549,190144,190241,97
103,31,ispunct,179,466.4465,309.9312,190500,190532,32
103,0,blank,0,-323,-105,190727,190842,115
103,0,blank,0,-323,-105,190928,191011,83
103,26,break,156,253.366,229.8803,191236,191303,67
103,26,break,156,223.78445,222.85145,191337,191405,68
103,0,blank,0,240.884366666667,230.2787,191437,191533,96
103,0,blank,0,200.9324,293.4846,191764,191795,31
103,0,blank,0,406.628,274.0456,192185,192216,31
103,0,blank,0,-87.1503,642.3073,192506,192665,159
103,0,blank,0,-198.2123,641.26665,192696,192795,99
103,0,blank,0,-323,-105,193545,193636,91
103,0,blank,0,391.4421,230.8846,193777,193803,26
103,0,blank,0,383.18685,244.8542,193834,193898,64
103,0,blank,0,713.225,261.2795,194207,194302,95
103,0,blank,0,493.2375,264.0482,194682,194714,32
103,0,blank,0,470.9219,277.2851,194745,194776,31
103,0,blank,0,487.4501,259.1951,194838,194869,31
103,0,blank,0,410.2348,270.30125,195062,195139,77
103,0,blank,0,415.9528,267.889,195241,195273,32
103,0,blank,0,-323,-105,196186,196292,106
103,0,blank,0,-323,-105,196349,196383,34
103,31,ispunct,179,433.8631,298.6446,196529,196561,32
103,0,blank,0,708.781,288.4432,196916,196954,38
103,31,==,195,697.661,308.24115,197059,197123,64
103,0,blank,0,637.0967,247.1436,197619,197650,31
103,0,blank,0,363.9902,277.8354,197807,197838,31
103,0,blank,0,-323,-105,197934,198100,166
103,0,blank,0,-323,-105,198100,198223,123
103,29,wlen,164,241.29365,268.01465,198519,198590,71
103,0,blank,0,-323,-105,199128,199267,139
103,0,blank,0,-323,-105,199267,199333,66
103,26,break,156,263.398133333333,203.318333333333,199903,199996,93
103,26,break,156,247.4007,198.0115,200730,200761,31
103,0,blank,0,198.2991,205.9513,200853,200885,32
103,26,break,156,237.16942,196.8568,201136,201297,161
103,0,blank,0,458.0837,236.6365,201392,201424,32
103,0,blank,0,451.9382,247.1285,201455,201487,32
103,0,blank,0,430.704866666667,248.051166666667,201749,201852,103
103,0,blank,0,423.0712,257.9804,202018,202054,36
103,0,blank,0,448.825,250.0455,202085,202117,32
103,0,blank,0,412.7737,240.3814,202246,202414,168
103,0,blank,0,428.5629,252.0134,202446,202477,31
103,0,blank,0,605.1713,257.5068,202762,202794,32
103,0,blank,0,610.823666666667,252.775366666667,202892,202989,97
103,0,blank,0,650.765,256.3877,203250,203282,32
103,0,blank,0,653.3057,248.9298,204186,204219,33
103,0,blank,0,412.8875,262.3298,205673,205704,31
103,0,blank,0,-323,-105,205773,205945,172
103,0,blank,0,-323,-105,205945,206137,192
103,0,blank,0,-323,-105,206137,206281,144
103,0,blank,0,-323,-105,206281,206467,186
103,0,blank,0,-323,-105,206467,206658,191
103,0,blank,0,-323,-105,206658,206724,66
103,0,blank,0,447.11575,270.058,207931,207996,65
103,0,blank,0,461.8328,280.8369,208096,208126,30
103,0,blank,0,-323,-105,208804,208922,118
103,0,blank,0,471.381,238.5475,209320,209354,34
103,0,blank,0,-323,-105,209418,209612,194
103,0,blank,0,-323,-105,209612,209800,188
103,0,blank,0,-323,-105,209800,209976,176
103,0,blank,0,-323,-105,209976,210160,184
103,0,blank,0,-323,-105,210160,210349,189
103,0,blank,0,-323,-105,210349,210537,188
103,0,blank,0,-323,-105,210537,210700,163
103,0,blank,0,-323,-105,210700,210890,190
103,0,blank,0,-323,-105,210890,211080,190
103,0,blank,0,-323,-105,211080,211276,196
103,0,blank,0,-323,-105,211276,211453,177
103,0,blank,0,-323,-105,211453,211632,179
103,0,blank,0,-323,-105,211632,211816,184
103,0,blank,0,-323,-105,211816,211997,181
103,0,blank,0,-323,-105,211997,212159,162
103,0,blank,0,-323,-105,212159,212322,163
103,0,blank,0,-323,-105,212322,212506,184
103,0,blank,0,-323,-105,212506,212694,188
103,0,blank,0,-323,-105,212694,212874,180
103,0,blank,0,-323,-105,212874,213053,179
103,0,blank,0,-323,-105,213053,213227,174
103,0,blank,0,-323,-105,213227,213407,180
103,0,blank,0,-323,-105,213407,213599,192
103,0,blank,0,-323,-105,213599,213788,189
103,0,blank,0,-323,-105,213788,213843,55
103,0,blank,0,-323,-105,213843,214166,323
103,0,blank,0,-323,-105,214166,214342,176
103,0,blank,0,-323,-105,214342,214437,95
103,0,blank,0,488.1558,290.4128,214579,214618,39
103,0,blank,0,423.2751,271.4581,214702,214734,32
103,0,blank,0,433.8256,257.8083,214914,214945,31
103,0,blank,0,440.218,266.3575,214974,215004,30
103,0,blank,0,-323,-105,215066,215253,187
103,0,blank,0,-323,-105,215253,215429,176
103,0,blank,0,-323,-105,215429,215605,176
103,0,blank,0,-323,-105,215605,215802,197
103,0,blank,0,-323,-105,215802,215870,68
103,0,blank,0,-323,-105,215870,216012,142
103,0,blank,0,-323,-105,216012,216118,106
103,0,blank,0,-323,-105,216118,216356,238
103,0,blank,0,-323,-105,216356,216498,142
103,0,blank,0,-323,-105,216498,216811,313
103,0,blank,0,-323,-105,216811,217261,450
103,0,blank,0,-323,-105,217261,217440,179
103,0,blank,0,-323,-105,217440,217477,37
103,0,blank,0,302.1454,269.3685,217604,217636,32
103,0,blank,0,-323,-105,217753,217831,78
103,0,blank,0,296.6732,267.4867,218274,218305,31
103,0,blank,0,318.391,247.8787,218337,218368,31
103,0,blank,0,319.5057,266.7361,218489,218522,33
103,0,blank,0,316.7527,243.0413,218551,218613,62
103,0,blank,0,344.2604,275.8817,218828,218859,31
103,0,blank,0,-323,-105,218950,219078,128
103,0,blank,0,435.18205,244.59985,219323,219382,59
103,0,blank,0,453.2124,258.472275,219412,219535,123
103,0,blank,0,434.1801,262.6318,219563,219624,61
103,0,blank,0,570.3322,268.3049,219806,219867,61
103,0,blank,0,582.3639,247.6953,219898,219928,30
103,0,blank,0,-323,-105,219991,220093,102
103,0,blank,0,633.3064,267.9211,220521,220551,30
103,0,blank,0,315.49835,294.35635,220614,220674,60
103,0,blank,0,322.4412,293.8123,220705,220736,31
103,0,blank,0,275.242066666667,319.9495,220797,220891,94
103,31,isspace,169,270.447933333333,312.8161,220923,221020,97
103,0,blank,0,-323,-105,221051,221184,133
103,0,blank,0,268.3748,333.825,221231,221283,52
103,0,blank,0,199.02535,226.0153,221617,221678,61
103,0,blank,0,192.7617,230.1076,221709,221740,31
103,0,blank,0,-323,-105,222031,222162,131
103,0,blank,0,261.7204,254.3366,222194,222237,43
103,0,blank,0,381.1827,278.2719,222451,222483,32
103,0,blank,0,397.00575,261.94415,222544,222668,124
103,0,blank,0,460.2867,262.2224,222945,222976,31
103,0,blank,0,433.6502,261.5888,223248,223278,30
103,0,blank,0,-323,-105,223309,223491,182
103,0,blank,0,321.9683,278.2274,223545,223607,62
103,0,blank,0,279.3661,273.7979,223700,223727,27
103,0,blank,0,297.26925,281.85095,223759,223820,61
103,29,wlen,164,221.46185,268.51115,223978,224037,59
103,0,blank,0,25.364425,256.841075,224194,224320,126
103,0,blank,0,-323,-105,224414,224567,153
103,0,blank,0,-323,-105,224567,224740,173
103,0,blank,0,-323,-105,224740,224937,197
103,0,blank,0,-323,-105,224937,225121,184
103,0,blank,0,-323,-105,225121,225299,178
103,0,blank,0,-323,-105,225299,225484,185
103,0,blank,0,-323,-105,225484,225663,179
103,0,blank,0,-323,-105,225663,225854,191
103,0,blank,0,-323,-105,225854,226046,192
103,0,blank,0,-323,-105,226046,226076,30
103,0,blank,0,-323,-105,226076,226268,192
103,0,blank,0,-323,-105,226268,226436,168
103,0,blank,0,-323,-105,226436,226633,197
103,0,blank,0,-323,-105,226633,226812,179
103,0,blank,0,-323,-105,226812,226944,132
103,0,blank,0,-323,-105,226944,227119,175
103,0,blank,0,-323,-105,227119,227303,184
103,0,blank,0,-323,-105,227303,227494,191
103,0,blank,0,-323,-105,227494,227621,127
103,0,blank,0,-323,-105,227621,227758,137
103,0,blank,0,-323,-105,227758,227901,143
103,0,blank,0,-323,-105,227901,228094,193
103,0,blank,0,-323,-105,228094,228285,191
103,0,blank,0,-323,-105,228285,228422,137
103,0,blank,0,-323,-105,228422,228560,138
103,0,blank,0,-323,-105,228560,228724,164
103,0,blank,0,-323,-105,228724,228896,172
103,0,blank,0,-323,-105,228896,229077,181
103,0,blank,0,-323,-105,229077,229268,191
103,0,blank,0,-323,-105,229268,229456,188
103,0,blank,0,-323,-105,229456,229580,124
103,0,blank,0,-323,-105,229580,229833,253
103,0,blank,0,-323,-105,229833,229957,124
103,0,blank,0,-323,-105,229957,230107,150
103,0,blank,0,-323,-105,230711,230843,132
103,0,blank,0,-323,-105,230843,231130,287
103,0,blank,0,-323,-105,231130,231296,166
103,0,blank,0,-323,-105,231296,231353,57
103,0,blank,0,-323,-105,232154,232353,199
103,0,blank,0,-323,-105,232353,232525,172
103,0,blank,0,-323,-105,232525,232557,32
103,0,blank,0,-323,-105,233182,233352,170
103,0,blank,0,-323,-105,233352,233515,163
103,0,blank,0,-323,-105,234523,234687,164
103,0,blank,0,-323,-105,234687,234878,191
103,0,blank,0,-323,-105,234878,235075,197
103,0,blank,0,-323,-105,235075,235252,177
103,0,blank,0,-323,-105,235252,235397,145
103,0,blank,0,-323,-105,235397,235474,77
103,0,blank,0,-323,-105,235474,235717,243
103,0,blank,0,-323,-105,235717,235801,84
104,0,blank,0,-323,-105,236128,236302,174
104,0,blank,0,-323,-105,236302,236486,184
104,0,blank,0,-323,-105,236486,236583,97
104,0,blank,0,-323,-105,236583,237433,850
104,0,blank,0,-323,-105,237433,237617,184
105,0,blank,0,-323,-105,237714,237913,199
105,0,blank,0,-323,-105,237913,238084,171
105,0,blank,0,-323,-105,238084,238223,139
105,0,blank,0,-323,-105,238223,238878,655
105,0,blank,0,-323,-105,238878,239048,170
105,0,blank,0,-323,-105,239048,239214,166
105,0,blank,0,-323,-105,239214,239389,175
105,0,blank,0,-323,-105,239389,239519,130
105,0,blank,0,-323,-105,239519,240124,605
105,0,blank,0,-323,-105,240124,240308,184
105,0,blank,0,-323,-105,240308,240469,161
105,0,blank,0,-323,-105,240469,240571,102
106,0,blank,0,-323,-105,241356,241446,90
106,0,blank,0,-323,-105,241446,241717,271
106,0,blank,0,-323,-105,241717,241897,180
106,0,blank,0,-323,-105,241897,242067,170
106,0,blank,0,-323,-105,242067,242631,564
106,0,blank,0,-323,-105,242631,242811,180
106,0,blank,0,-323,-105,242811,242930,119
106,0,blank,0,-323,-105,242930,243290,360
106,0,blank,0,-323,-105,243290,243453,163
106,0,blank,0,-323,-105,243453,243637,184
106,0,blank,0,-323,-105,243637,243824,187
106,0,blank,0,-323,-105,243824,243931,107
106,0,blank,0,-323,-105,243931,244403,472
106,0,blank,0,-323,-105,244403,244584,181
106,0,blank,0,-323,-105,244584,244775,191
106,0,blank,0,-323,-105,244775,244923,148
106,0,blank,0,-323,-105,244923,245103,180
106,0,blank,0,-323,-105,245103,245280,177
106,0,blank,0,-323,-105,245280,245468,188
106,0,blank,0,-323,-105,245468,245644,176
106,0,blank,0,-323,-105,245644,245799,155
106,0,blank,0,-323,-105,246481,246672,191
106,0,blank,0,-323,-105,246672,246841,169
106,0,blank,0,-323,-105,246841,247040,199
106,0,blank,0,-323,-105,247040,247217,177
106,0,blank,0,-323,-105,247217,247406,189
106,0,blank,0,-323,-105,247406,247531,125
107,0,blank,0,-323,-105,247603,247761,158
107,0,blank,0,-323,-105,247761,247953,192
107,0,blank,0,-323,-105,247953,248147,194
107,0,blank,0,-323,-105,248147,248331,184
107,0,blank,0,-323,-105,248331,249023,692
107,0,blank,0,-323,-105,249023,249189,166
107,0,blank,0,-323,-105,249189,249367,178
107,0,blank,0,-323,-105,249367,249430,63
107,0,blank,0,-323,-105,249430,249618,188
107,0,blank,0,-323,-105,249618,249711,93
107,0,blank,0,-323,-105,249711,249821,110
107,0,blank,0,-323,-105,249821,250075,254
107,0,blank,0,-323,-105,250075,250137,62
107,0,blank,0,-323,-105,250137,250436,299
107,0,blank,0,-323,-105,250436,250510,74
107,0,blank,0,-323,-105,250510,250839,329
107,0,blank,0,-323,-105,250839,250966,127
107,0,blank,0,-323,-105,250966,251105,139
107,0,blank,0,-323,-105,251105,251975,870
107,0,blank,0,-323,-105,251975,252296,321
107,0,blank,0,-323,-105,252296,252450,154
107,0,blank,0,-323,-105,252450,252662,212
107,0,blank,0,-323,-105,252662,253058,396
107,0,blank,0,-323,-105,253058,253353,295
107,0,blank,0,-323,-105,253353,253495,142
107,0,blank,0,-323,-105,253495,254283,788
107,0,blank,0,-323,-105,254283,254443,160
107,0,blank,0,720.262,723.7408,255499,255531,32
107,0,blank,0,636.9843,707.873,255819,255850,31
107,0,blank,0,-323,-105,257970,258066,96
107,0,blank,0,-323,-105,258066,258190,124
107,0,blank,0,237.7045,245.0497,258719,258749,30
107,0,blank,0,-323,-105,259454,259568,114
107,0,blank,0,240.3635,167.3113,261349,261377,28
107,0,blank,0,266.9739,524.491,261884,261910,26
107,0,blank,0,277.2481,500.0742,261946,262005,59
107,0,blank,0,-323,-105,262466,262632,166
107,0,blank,0,-323,-105,262632,262739,107
107,0,blank,0,-323,-105,262739,263474,735
107,0,blank,0,-323,-105,263474,263668,194
107,0,blank,0,-323,-105,263668,263864,196
107,0,blank,0,-323,-105,263864,263929,65
107,0,blank,0,-323,-105,263929,264140,211
107,0,blank,0,-323,-105,264140,264314,174
107,0,blank,0,-323,-105,264314,264493,179
107,0,blank,0,-323,-105,264493,264676,183
107,0,blank,0,-323,-105,264676,264868,192
107,0,blank,0,-323,-105,265901,266070,169
107,0,blank,0,334.0851,557.2421,266483,266514,31
107,0,blank,0,298.3499,238.1963,266959,266992,33
107,0,blank,0,321.9135,212.52,267022,267055,33
107,0,blank,0,-323,-105,267526,267656,130
107,0,blank,0,703.461,204.6022,267960,267988,28
107,0,blank,0,713.691,223.4655,268047,268077,30
107,0,blank,0,725.076,214.6166,268196,268226,30
107,0,blank,0,733.8355,221.15205,268286,268345,59
107,0,blank,0,-323,-105,268504,268537,33
107,0,blank,0,249.4934,598.9564,268833,268866,33
107,0,blank,0,313.843,510.2062,269875,269909,34
107,0,blank,0,296.7964,575.6199,270091,270124,33
107,0,blank,0,-323,-105,270518,270717,199
107,0,blank,0,-323,-105,270717,270837,120
107,0,blank,0,144.3315,495.8229,271041,271105,64
107,0,blank,0,148.1226,473.337,271170,271201,31
107,0,blank,0,305.6959,479.8243,271267,271299,32
107,0,blank,0,303.7097,449.55465,271588,271650,62
107,0,blank,0,261.6307,503.6,271682,271712,30
107,0,blank,0,173.7928,484.65,271870,271903,33
107,0,blank,0,168.6587,511.9874,272028,272062,34
107,0,blank,0,170.82585,505.8213,272130,272265,135
107,0,blank,0,-323,-105,272467,272602,135
107,0,blank,0,-323,-105,272602,272758,156
107,0,blank,0,-323,-105,272758,272922,164
107,0,blank,0,-323,-105,272922,273118,196
107,0,blank,0,-323,-105,273118,273278,160
107,0,blank,0,-323,-105,273278,273453,175
107,0,blank,0,-323,-105,273453,273638,185
107,0,blank,0,-323,-105,273638,273818,180
107,0,blank,0,-323,-105,273818,273993,175
107,0,blank,0,-323,-105,273993,274171,178
107,0,blank,0,-323,-105,274171,274368,197
107,0,blank,0,-323,-105,274368,274556,188
107,0,blank,0,-323,-105,274556,274944,388
107,0,blank,0,-323,-105,274944,275074,130
107,0,blank,0,-323,-105,275074,275258,184
107,0,blank,0,-323,-105,275258,275429,171
107,0,blank,0,-323,-105,275429,275604,175
107,0,blank,0,-323,-105,275604,275803,199
107,0,blank,0,-323,-105,275803,275893,90
107,0,blank,0,-323,-105,275893,276064,171
107,0,blank,0,-323,-105,276064,276234,170
107,0,blank,0,-323,-105,276234,276415,181
107,0,blank,0,-323,-105,276415,276579,164
107,0,blank,0,-323,-105,276579,276655,76
107,0,blank,0,-323,-105,276655,276845,190
107,0,blank,0,-323,-105,276845,277033,188
107,0,blank,0,-323,-105,277033,277210,177
107,0,blank,0,-323,-105,277210,277366,156
107,0,blank,0,-323,-105,277366,277419,53
107,47,(,233,178.3232,604.3449,277446,277471,25
107,0,blank,0,-323,-105,277667,277826,159
107,0,blank,0,-323,-105,277826,277889,63
107,0,blank,0,-323,-105,278834,279026,192
107,0,blank,0,-323,-105,279026,279205,179
107,0,blank,0,-323,-105,279205,279361,156
107,0,blank,0,-323,-105,279361,279537,176
107,0,blank,0,-323,-105,279537,279733,196
107,0,blank,0,-323,-105,279733,280512,779
107,0,blank,0,-323,-105,280512,280554,42
108,0,blank,0,-323,-105,280617,280692,75
108,0,blank,0,-323,-105,280692,280827,135
108,0,blank,0,-323,-105,281014,281146,132
108,0,blank,0,-323,-105,281146,281313,167
108,0,blank,0,239.3136,-103.947,281621,281666,45
108,0,blank,0,-323,-105,282024,282159,135
108,0,blank,0,-323,-105,282159,282357,198
108,0,blank,0,-323,-105,282357,282421,64
108,0,blank,0,-323,-105,282421,282730,309
108,0,blank,0,-323,-105,282730,282923,193
108,0,blank,0,-323,-105,282923,283107,184
108,0,blank,0,-323,-105,283107,283270,163
108,0,blank,0,-323,-105,283270,283442,172
108,0,blank,0,-323,-105,283442,283623,181
108,0,blank,0,-323,-105,283623,283701,78
108,0,blank,0,-323,-105,284337,284503,166
108,0,blank,0,-323,-105,284503,284649,146
108,0,blank,0,-323,-105,284649,284848,199
108,0,blank,0,-323,-105,284848,285045,197
108,0,blank,0,-323,-105,285045,285219,174
108,0,blank,0,-323,-105,285219,285390,171
108,0,blank,0,-323,-105,285390,285575,185
108,0,blank,0,-323,-105,285575,285755,180
108,0,blank,0,-323,-105,285755,285899,144
108,0,blank,0,-323,-105,286121,286276,155
108,0,blank,0,-323,-105,286276,286457,181
108,0,blank,0,-323,-105,286457,286631,174
108,0,blank,0,-323,-105,286631,286809,178
108,0,blank,0,-323,-105,286809,286959,150
108,0,blank,0,-323,-105,286959,287148,189
108,0,blank,0,-323,-105,287148,287308,160
108,0,blank,0,-323,-105,287308,287464,156
108,0,blank,0,-323,-105,287464,287794,330
108,0,blank,0,-323,-105,287794,287989,195
108,0,blank,0,-323,-105,287989,288085,96
108,0,blank,0,-323,-105,288085,288386,301
108,0,blank,0,-323,-105,288386,288537,151
108,0,blank,0,-323,-105,288537,288675,138
108,0,blank,0,-323,-105,288675,288759,84
108,0,blank,0,-323,-105,288759,289022,263
108,0,blank,0,-323,-105,289460,289621,161
108,0,blank,0,-323,-105,289621,289707,86
108,0,blank,0,-323,-105,289707,289873,166
108,0,blank,0,-323,-105,289873,290102,229
108,0,blank,0,-323,-105,290102,290208,106
108,0,blank,0,-323,-105,290208,290357,149
108,0,blank,0,-323,-105,290357,290541,184
108,0,blank,0,-323,-105,290541,290724,183
108,0,blank,0,-323,-105,290724,290893,169
108,0,blank,0,-323,-105,290893,290933,40
108,0,blank,0,-323,-105,290933,291922,989
108,0,blank,0,-323,-105,291922,292090,168
108,0,blank,0,-323,-105,292090,292267,177
108,0,blank,0,-323,-105,292267,292454,187
108,0,blank,0,-323,-105,292454,292517,63
108,0,blank,0,-323,-105,292517,292725,208
108,0,blank,0,-323,-105,292725,292923,198
108,0,blank,0,-323,-105,292923,293098,175
108,0,blank,0,-323,-105,293098,293177,79
108,0,blank,0,-323,-105,293177,293370,193
108,0,blank,0,-323,-105,293370,293447,77
108,0,blank,0,-323,-105,293447,293670,223
108,0,blank,0,-323,-105,293670,293853,183
108,0,blank,0,-323,-105,293853,294022,169
108,0,blank,0,-323,-105,294022,294163,141
108,0,blank,0,-323,-105,294163,294314,151
108,0,blank,0,-323,-105,294314,294378,64
108,0,blank,0,-323,-105,294378,294910,532
108,0,blank,0,-323,-105,294910,294978,68
108,0,blank,0,-323,-105,294978,295163,185
108,0,blank,0,-323,-105,295163,295247,84
108,0,blank,0,-323,-105,295247,295382,135
108,0,blank,0,-323,-105,295382,295542,160
108,0,blank,0,-323,-105,295542,295737,195
108,0,blank,0,-323,-105,295737,295874,137
108,0,blank,0,-323,-105,295874,295995,121
108,0,blank,0,-323,-105,295995,296150,155
108,0,blank,0,-323,-105,296150,296346,196
108,0,blank,0,-323,-105,296346,296539,193
108,0,blank,0,-323,-105,296539,296995,456
108,0,blank,0,-323,-105,296995,297036,41
109,0,blank,0,-323,-105,297104,297298,194
109,0,blank,0,-323,-105,297298,297493,195
109,0,blank,0,-323,-105,297493,297565,72
109,0,blank,0,-323,-105,297565,297726,161
109,0,blank,0,-323,-105,297726,297870,144
109,0,blank,0,-323,-105,297870,298065,195
109,0,blank,0,-323,-105,298065,298124,59
109,0,blank,0,-323,-105,298124,299154,1030
109,0,blank,0,-323,-105,299154,299265,111
109,0,blank,0,-323,-105,299265,299843,578
109,0,blank,0,-323,-105,299843,299954,111
109,0,blank,0,-323,-105,299954,300125,171
109,0,blank,0,-323,-105,300125,300317,192
109,0,blank,0,-323,-105,300317,300509,192
109,0,blank,0,-323,-105,300509,300641,132
109,0,blank,0,-323,-105,300641,300771,130
109,0,blank,0,-323,-105,300771,300960,189
109,0,blank,0,-323,-105,300960,301119,159
109,0,blank,0,-323,-105,301119,301300,181
109,0,blank,0,-323,-105,301300,301445,145
109,0,blank,0,-323,-105,301445,301564,119
109,0,blank,0,-323,-105,301564,301737,173
109,0,blank,0,-323,-105,301737,301906,169
109,0,blank,0,-323,-105,301906,302090,184
109,0,blank,0,-323,-105,302090,302283,193
109,0,blank,0,-323,-105,302283,302474,191
109,0,blank,0,-323,-105,302474,302666,192
109,0,blank,0,-323,-105,302666,302852,186
109,0,blank,0,-323,-105,302852,303037,185
109,0,blank,0,-323,-105,303037,303225,188
109,0,blank,0,-323,-105,303225,303400,175
109,0,blank,0,-323,-105,303400,303588,188
109,0,blank,0,-323,-105,303588,303782,194
109,0,blank,0,-323,-105,303782,303943,161
109,0,blank,0,-323,-105,303943,304134,191
109,0,blank,0,-323,-105,304134,304306,172
109,0,blank,0,-323,-105,304306,304491,185
109,0,blank,0,-323,-105,304491,304660,169
109,0,blank,0,-323,-105,304660,304825,165
109,0,blank,0,-323,-105,304825,305006,181
109,0,blank,0,-323,-105,305006,305056,50
109,0,blank,0,-323,-105,305056,305337,281
109,0,blank,0,-323,-105,305337,305476,139
109,0,blank,0,-323,-105,305476,305625,149
109,0,blank,0,-323,-105,305625,305798,173
109,0,blank,0,-323,-105,305798,305991,193
109,0,blank,0,-323,-105,305991,306068,77
109,0,blank,0,-323,-105,306068,306240,172
109,0,blank,0,-323,-105,306240,306405,165
109,0,blank,0,-323,-105,306405,306598,193
109,0,blank,0,-323,-105,306598,306781,183
109,0,blank,0,-323,-105,306781,306962,181
109,0,blank,0,-323,-105,306962,307044,82
109,0,blank,0,-323,-105,307044,307207,163
109,0,blank,0,-323,-105,307207,307378,171
109,0,blank,0,-323,-105,307378,307519,141
109,0,blank,0,-323,-105,307519,307648,129
109,44,comma,223,299.8639,541.6893,308289,308319,30
109,40,(,212,246.9537,464.489,308409,308442,33
109,0,blank,0,-323,-105,308972,309161,189
109,0,blank,0,-323,-105,309161,309301,140
109,40,gotoNextWord,211,185.7426,450.0273,310121,310151,30
109,40,gotoNextWord,211,148.8056,460.4329,310298,310338,40
109,40,gotoNextWord,211,146.569425,461.955725,310456,310588,132
109,0,blank,0,145.3014,468.4492,310652,310714,62
109,0,blank,0,133.6679,395.9256,310809,310840,31
109,0,blank,0,114.9271,399.4729,310903,310931,28
109,0,blank,0,138.35046,405.6659,310961,311115,154
109,0,blank,0,221.2012,409.4334,311176,311209,33
109,0,blank,0,223.8552,423.3214,311237,311267,30
109,0,blank,0,239.55084,433.8,311331,311504,173
109,0,blank,0,248.8928,418.5943,311504,311535,31
109,0,blank,0,-323,-105,311656,311838,182
109,0,blank,0,-323,-105,311838,312026,188
109,0,blank,0,-323,-105,312026,312224,198
109,0,blank,0,-323,-105,312224,312410,186
109,0,blank,0,-323,-105,312410,312514,104
109,0,blank,0,-323,-105,312514,312771,257
109,0,blank,0,-323,-105,312771,313025,254
109,0,blank,0,-323,-105,313025,313193,168
109,0,blank,0,-323,-105,313193,313343,150
109,0,blank,0,228.464,347.0736,313374,313406,32
109,0,blank,0,-323,-105,313534,313716,182
109,0,blank,0,-323,-105,313716,313903,187
109,0,blank,0,-323,-105,313903,314067,164
109,0,blank,0,-323,-105,314067,314252,185
109,0,blank,0,-323,-105,314252,314431,179
109,0,blank,0,-323,-105,314431,314625,194
109,0,blank,0,-323,-105,314625,314722,97
109,0,blank,0,-323,-105,314722,314881,159
109,0,blank,0,-323,-105,314881,315032,151
109,0,blank,0,-323,-105,315032,315221,189
109,0,blank,0,-323,-105,315221,315336,115
109,0,blank,0,-323,-105,315336,315483,147
109,0,blank,0,-323,-105,315483,315627,144
109,0,blank,0,113.5315,437.0763,315673,315727,54
109,0,blank,0,-323,-105,316000,316116,116
109,0,blank,0,-323,-105,316258,316430,172
109,0,blank,0,176.90395,398.25665,316462,316507,45
109,0,blank,0,246.7642,398.3185,316626,316657,31
109,0,blank,0,172.3602,375.1832,316834,316864,30
109,0,blank,0,198.3264,426.6665,317014,317044,30
109,0,blank,0,-323,-105,317103,317259,156
109,0,blank,0,-323,-105,317259,317304,45
109,0,blank,0,208.1672,393.9638,317564,317655,91
109,0,blank,0,-323,-105,317777,317959,182
109,0,blank,0,-323,-105,317959,318141,182
109,0,blank,0,-323,-105,318141,318312,171
109,0,blank,0,-323,-105,318312,318342,30
109,0,blank,0,242.9796,382.612,318697,318736,39
109,0,blank,0,272.13,423.3115,318905,318974,69
109,0,blank,0,-323,-105,319068,319253,185
109,0,blank,0,-323,-105,319253,319425,172
109,0,blank,0,-323,-105,319473,319662,189
109,0,blank,0,-323,-105,319662,319835,173
109,0,blank,0,-323,-105,319835,319951,116
109,40,gotoNextWord,211,143.202366666667,456.419666666667,319982,320165,183
109,40,gotoNextWord,211,143.9723,454.0308,320165,320263,98
109,38,else,209,112.517166666667,410.2732,320356,320450,94
109,38,else,209,116.2921,411.2173,320482,320513,31
109,0,blank,0,156.5542,468.3991,320654,320683,29
109,0,blank,0,154.5396,439.729,320804,320836,32
109,0,blank,0,293.8181,478.02485,320995,321058,63
109,0,blank,0,281.153,493.1194,321182,321213,31
109,0,blank,0,181.769,497.6877,321277,321310,33
109,0,blank,0,183.29025,485.9346,321405,321468,63
109,40,gotoNextWord,211,132.7484,460.7398,321565,321660,95
109,0,blank,0,-323,-105,321786,321978,192
109,0,blank,0,-323,-105,321978,322161,183
109,0,blank,0,-323,-105,322161,322351,190
109,0,blank,0,-323,-105,322351,322494,143
109,0,blank,0,118.3471,457.8935,322526,322555,29
109,0,blank,0,119.3507,449.352066666667,322643,322738,95
109,0,blank,0,117.150766666667,455.536766666667,322806,322907,101
109,0,blank,0,115.24735,453.6526,322939,323005,66
109,0,blank,0,116.829966666667,451.667,323073,323176,103
109,0,blank,0,1045.329,728.227,323583,323614,31
109,0,blank,0,1071.839,752.0477,323645,323679,34
109,0,blank,0,1055.607,744.9231,323709,323743,34
109,0,blank,0,1079.071,733.975,323774,323806,32
109,0,blank,0,-323,-105,323872,324045,173
109,0,blank,0,188.7498,482.2249,324145,324171,26
109,40,gotoNextWord,211,148.8803,453.7838,324202,324232,30
109,40,gotoNextWord,211,139.8628,454.40278,324266,324436,170
109,40,gotoNextWord,211,138.89925,445.523633333333,324436,324635,199
109,40,gotoNextWord,211,127.319675,446.62045,324635,324768,133
109,40,gotoNextWord,211,134.50794,449.1301,324801,324968,167
109,0,blank,0,185.39945,508.7891,325067,325133,66
109,0,blank,0,-323,-105,325233,325424,191
109,0,blank,0,-323,-105,325424,325599,175
109,0,blank,0,-323,-105,325599,325796,197
109,0,blank,0,-323,-105,325796,325995,199
109,0,blank,0,-323,-105,325995,326185,190
109,0,blank,0,-323,-105,326185,326358,173
109,44,"Wordcount:%d\n",222,173.1842,541.7568,326790,326821,31
109,0,blank,0,-323,-105,327008,327165,157
109,0,blank,0,214.9447,313.0382,327349,327379,30
109,33,wcount,199,227.3052,295.3755,327410,327442,32
109,0,blank,0,218.9025,314.3609,327507,327539,32
109,24,{,151,168.9672,102.1562,327886,327915,29
110,0,blank,0,0,0,0,0,0
110,0,blank,0,-323,-105,328326,328377,51
111,7,wcount,50,201.5763,148.5666,328428,328454,26
111,0,blank,0,196.0472,161.6617,328532,328557,25
111,7,wcount,50,220.754,152.372,328589,328621,32
111,0,blank,0,133.3187,170.1889,328715,328744,29
112,0,blank,0,133.636,167.68995,328929,328991,62
112,0,blank,0,138.6016,179.1265,329021,329082,61
113,0,blank,0,155.0522,166.1485,329205,329236,31
114,10,"Enterstring:",63,145.2996,221.3129,329483,329514,31
114,0,blank,0,168.076533333333,226.186966666667,329545,329637,92
114,0,blank,0,173.8976,229.6971,329699,329731,32
115,0,blank,0,164.8472,231.9762,329794,329826,32
116,0,blank,0,189.2107,37.3177,330118,330151,33
117,2,.,12,159.0702,36.1439,330339,330367,28
118,2,>,14,178.0615,41.064,330430,330461,31
118,2,.,12,159.864266666667,33.8516,330493,330588,95
119,0,blank,0,-323,-105,330845,330950,105
119,0,blank,0,124.5503,211.033033333333,331113,331205,92
120,12,"Enterword:",73,155.642666666667,253.132633333333,331432,331523,91
120,0,blank,0,194.4404,244.9754,331650,331681,31
120,12,"Enterword:",73,185.89895,255.79575,331745,331877,132
120,12,"Enterword:",73,180.2563,257.9543,331938,331971,33
120,0,blank,0,-323,-105,332068,332227,159
120,0,blank,0,-323,-105,332353,332514,161
120,12,printf,71,78.06,256.7369,332781,332813,32
120,0,blank,0,166.912,284.0764,332971,333002,31
120,14,str,85,187.5111,292.5999,333185,333215,30
120,14,str,85,205.8446,290.342,333307,333338,31
120,0,blank,0,178.7085,276.7144,333465,333495,30
120,0,blank,0,183.6043,270.9163,333557,333589,32
120,14,strlen,83,115.42685,295.74865,333650,333713,63
120,13,;,80,115.4741,275.6895,333779,333811,32
120,14,strlen,83,114.2435,303.3365,333843,333874,31
120,0,blank,0,-323,-105,333905,333987,82
120,0,blank,0,-323,-105,334130,334214,84
120,0,blank,0,126.5596,280.7706,334461,334493,32
120,12,"Enterword:",73,178.8056,248.424,334620,334651,31
120,0,blank,0,177.8228,275.6725,334745,334776,31
120,0,blank,0,178.6092,276.2864,334870,334903,33
120,0,blank,0,185.722966666667,268.841666666667,334935,335031,96
120,0,blank,0,178.23745,280.12855,335064,335126,62
120,0,blank,0,173.809,281.307,335249,335280,31
120,15,strlen,90,170.429275,311.04505,335372,335501,129
120,15,strlen,90,118.6589,315.4626,335563,335595,32
120,0,blank,0,110.545275,318.734675,335660,335793,133
120,15,strlen,90,161.987983333333,321.066283333333,335825,336018,193
120,16,wcount,99,150.4145,339.4481,336018,336049,31
120,16,wcount,99,142.889,352.3965,336082,336271,189
120,14,strlen,83,138.6368,298.3758,336471,336507,36
120,14,strlen,83,137.143825,303.5783,336538,336672,134
120,17,slen,107,145.408325,358.206375,336770,336899,129
120,0,blank,0,143.106366666667,369.900466666667,336932,337029,97
120,17,slen,107,169.80848,365.51844,337061,337228,167
120,0,blank,0,239.8539,360.39564,337292,337453,161
120,0,blank,0,-323,-105,337516,337650,134
120,0,blank,0,233.7853,376.0502,337781,337813,32
120,0,blank,0,-323,-105,337876,337983,107
120,16,0,101,216.6044,350.409,338137,338166,29
120,0,blank,0,228.0562,359.076,338197,338228,31
120,0,blank,0,241.488,342.388,338352,338383,31
120,10,"Enterstring:",63,143.6385,215.9093,338720,338751,31
120,10,"Enterstring:",63,201.4877,219.2721,338841,338871,30
120,10,"Enterstring:",63,205.0952,204.1742,338933,338963,30
120,10,"Enterstring:",63,206.42595,209.37325,339179,339240,61
120,0,blank,0,218.4492,181.0392,339331,339362,31
120,10,"Enterstring:",63,202.1647,205.4541,339393,339454,61
120,0,blank,0,107.0818,190.3203,339519,339548,29
120,0,blank,0,96.9254,135.0364,339673,339705,32
120,6,str,35,82.55585,124.6381,339737,339800,63
120,6,str,35,77.9120666666667,115.046866666667,339832,339927,95
120,0,blank,0,-323,-105,339993,340100,107
120,0,blank,0,233.3036,320.6315,340520,340551,31
120,15,w,92,184.5798,322.4462,340770,340801,31
120,14,strlen,83,173.5314,302.837733333333,340956,341050,94
120,15,strlen,90,170.612,329.5831,341081,341112,31
120,14,(,84,176.0515,292.5355,341177,341210,33
120,0,blank,0,330.8156,388.0849,341340,341372,32
120,0,blank,0,356.37024,578.62346,341563,341722,159
120,16,0,101,213.81374,347.60564,341786,341952,166
120,0,blank,0,-323,-105,341987,342097,110
120,12,"Enterword:",73,202.46915,251.5248,342298,342362,64
120,12,"Enterword:",73,199.2028,263.3145,342394,342425,31
120,10,"Enterstring:",63,198.969766666667,219.298566666667,342552,342644,92
120,12,"Enterword:",73,186.3215,245.6791,342766,342797,31
120,0,blank,0,179.2633,279.2387,343080,343108,28
120,0,blank,0,-323,-105,343170,343308,138
120,0,blank,0,188.8593,288.195,343473,343498,25
120,14,str,85,190.379566666667,289.752633333333,343559,343656,97
120,0,blank,0,201.1668,287.8238,343688,343752,64
120,0,blank,0,203.4479,288.2317,343785,343817,32
120,0,blank,0,246.25336,345.96534,343882,344039,157
120,14,strlen,83,168.47964,296.75682,344104,344264,160
120,14,strlen,83,169.1795,294.6183,344296,344488,192
120,14,strlen,83,171.93608,294.4426,344488,344656,168
120,14,strlen,83,165.5507,293.5994,344656,344688,32
120,0,blank,0,233.73784,288.48994,344817,344977,160
120,0,blank,0,-323,-105,345009,345156,147
120,14,(,84,181.490166666667,296.650516666667,345342,345534,192
120,0,blank,0,184.464,282.2954,345534,345567,33
120,14,(,84,182.2136,294.7478,345599,345664,65
120,0,blank,0,-323,-105,345885,346082,197
120,0,blank,0,-323,-105,346082,346257,175
120,0,blank,0,-323,-105,346257,346311,54
120,0,blank,0,-323,-105,346459,346545,86
121,14,(,84,182.3905,299.6261,346670,346688,18
121,15,w,92,183.0188,317.19935,346782,346844,62
121,15,(,91,181.7525,315.2493,346937,346968,31
121,14,str,85,207.6731,293.6701,347000,347031,31
121,15,strlen,90,115.1281,316.4616,347155,347249,94
121,14,str,85,185.4012,300.49485,347687,347754,67
121,0,blank,0,-323,-105,347815,347925,110
121,12,"Enterword:",73,148.63416,264.22174,348077,348233,156
121,11,str,68,119.0103,243.5119,348331,348365,34
121,12,"Enterword:",73,129.7467,258.1073,348398,348430,32
121,0,blank,0,197.75255,224.9563,348495,348559,64
121,12,"Enterword:",73,181.3004,251.21765,348591,348655,64
121,16,wcount,99,176.022466666667,340.010866666667,348720,348816,96
121,15,(,91,177.8161,326.7639,348849,348879,30
121,0,blank,0,136.12345,360.11555,348973,349040,67
121,0,blank,0,-323,-105,349137,349242,105
121,16,wcount,99,132.686866666667,353.338666666667,349388,349476,88
121,15,=,89,100.1423,314.9279,349512,349544,32
121,0,blank,0,106.0056,322.69395,349576,349642,66
121,0,blank,0,90.2006,319.2357,349673,349738,65
121,16,;,102,230.8947,336.1057,349896,349928,32
121,0,blank,0,1056.7024,222.20748,350189,350370,181
121,0,blank,0,1054.1055,219.8834,350370,350435,65
121,0,blank,0,1055.5285,224.5708,350468,350532,64
121,0,blank,0,1062.30375,225.415975,350596,350733,137
121,0,blank,0,1062.935,228.09544,350802,350973,171
121,0,blank,0,1065.739,229.90095,350973,351110,137
121,16,0,101,214.7322,340.4313,351283,351317,34
121,17,slen,107,146.1304,359.4602,351387,351420,33
121,16,wcount,99,166.883,349.0435,351456,351563,107
121,0,blank,0,187.8876,279.59735,351633,351702,69
121,0,blank,0,191.0628,243.7605,351771,351805,34
121,10,"Enterstring:",63,245.545025,204.96795,351875,352009,134
121,0,blank,0,237.5187,100.3218,352208,352242,34
121,0,blank,0,-323,-105,352309,352371,62
122,0,blank,0,-323,-105,354736,354901,165
122,0,blank,0,249.9114,-21.9423,355287,355318,31
122,0,blank,0,247.3896,-45.5198,355350,355381,31
122,0,blank,0,-323,-105,355579,355660,81
122,0,blank,0,-323,-105,355893,355989,96
122,0,blank,0,189.8305,-47.8412,356040,356105,65
122,0,blank,0,-323,-105,356787,356882,95
122,0,blank,0,247.0029,18.868,357067,357106,39
122,0,blank,0,306.6848,13.391,357302,357335,33
122,0,blank,0,314.2427,16.06945,357400,357465,65
122,0,blank,0,-323,-105,357561,357669,108
122,25,gotoNextWord,152,228.9,155.5834,358078,358179,101
122,0,blank,0,180.00494,203.2024,358213,358382,169
122,0,blank,0,231.003575,208.83275,358414,358548,134
122,0,blank,0,-323,-105,358615,358720,105
122,0,blank,0,-323,-105,358829,358939,110
122,0,blank,0,227.372533333333,195.5048,359162,359287,125
122,0,blank,0,219.0428,216.5599,359319,359350,31
122,0,blank,0,232.4368,227.9533,359444,359474,30
122,0,blank,0,221.220533333333,238.435433333333,359507,359602,95
122,0,blank,0,325.30265,242.05925,359696,359759,63
122,0,blank,0,331.57306,242.03862,359791,359950,159
122,0,blank,0,320.8661,240.4951,359981,360013,32
122,0,blank,0,570.336,255.9385,360075,360138,63
122,0,blank,0,709.078,250.5567,360359,360486,127
122,0,blank,0,445.8851,239.1042,360649,360774,125
122,0,blank,0,405.4683,236.4917,360837,360963,126
122,0,blank,0,-323,-105,361027,361160,133
122,0,blank,0,-323,-105,361269,361374,105
122,0,blank,0,258.66315,277.12925,361515,361573,58
122,0,blank,0,264.1564,260.1395,361761,361791,30
122,0,blank,0,260.2126,261.4656,361973,362004,31
122,0,blank,0,-323,-105,362223,362390,167
122,0,blank,0,-323,-105,362390,362497,107
122,0,blank,0,-323,-105,362545,362634,89
122,0,blank,0,-323,-105,362743,362850,107
122,29,wlen,164,217.9011,245.2245,363245,363278,33
122,29,wlen,164,238.1074,261.948966666667,363309,363406,97
122,0,blank,0,360.1205,272.1523,363632,363663,31
122,0,blank,0,513.5293,260.9793,363762,363794,32
122,0,blank,0,530.676066666667,253.838966666667,363826,363926,100
122,0,blank,0,567.2993,246.1731,364053,364116,63
122,0,blank,0,-323,-105,364179,364323,144
122,0,blank,0,427.888216666667,254.671733333333,364481,364679,198
122,0,blank,0,430.4021,258.357825,364745,364876,131
122,0,blank,0,580.261,253.1871,365137,365172,35
122,0,blank,0,-323,-105,365204,365342,138
122,0,blank,0,560.70885,237.59825,365545,365608,63
122,0,blank,0,297.90805,254.029083333333,365994,366192,198
122,0,blank,0,438.7928,256.1568,366515,366546,31
122,0,blank,0,-323,-105,366637,366747,110
122,0,blank,0,639.50565,234.31605,366933,366995,62
122,0,blank,0,644.3406,251.0894,367093,367126,33
122,0,blank,0,615.5867,232.07345,367192,367256,64
122,0,blank,0,-323,-105,367383,367544,161
122,0,blank,0,-323,-105,367648,367753,105
122,0,blank,0,639.165,275.594,368026,368058,32
122,0,blank,0,593.23275,233.6627,369033,369099,66
122,0,blank,0,601.4799,230.3335,369130,369163,33
122,31,isspace,169,256.8638,301.6931,369564,369592,28
122,31,isspace,169,253.54615,294.55305,369656,369720,64
122,31,isspace,169,249.244266666667,297.763333333333,369753,369850,97
122,0,blank,0,221.15585,265.8811,369981,370046,65
122,29,wlen,164,216.0385,259.9798,370078,370110,32
122,0,blank,0,249.0627,265.0876,370143,370175,32
122,0,blank,0,266.80435,275.91305,370269,370362,93
122,0,blank,0,-323,-105,370397,370557,160
122,0,blank,0,-323,-105,370557,370641,84
122,0,blank,0,501.247783333333,246.428316666667,370889,371082,193
122,0,blank,0,517.3764,254.4803,371177,371209,32
122,0,blank,0,507.3353,254.1491,371306,371338,32
122,0,blank,0,529.475,255.6626,371370,371402,32
122,0,blank,0,-323,-105,371899,372036,137
122,0,blank,0,434.6662,248.6176,372179,372204,25
122,0,blank,0,255.2556,265.8545,372366,372401,35
122,0,blank,0,269.986966666667,257.247366666667,372432,372627,195
122,29,),165,246.7265,255.735133333333,372660,372858,198
122,29,wlen,164,233.351033333333,257.291366666667,372858,372957,99
122,0,blank,0,329.117,274.7708,373156,373254,98
122,0,blank,0,395.7543,248.2029,373416,373448,32
122,0,blank,0,-323,-105,373546,373694,148
122,0,blank,0,-323,-105,373802,373883,81
122,0,blank,0,322.7069,257.9362,374060,374091,31
122,0,blank,0,317.5914,261.8607,374124,374157,33
122,0,blank,0,312.7177,259.629766666667,374189,374288,99
122,0,blank,0,311.862066666667,265.519966666667,374385,374483,98
122,0,blank,0,318.535066666667,262.623566666667,374516,374615,99
122,0,blank,0,-323,-105,374809,374993,184
122,0,blank,0,-323,-105,374993,375174,181
122,0,blank,0,-323,-105,375174,375360,186
122,0,blank,0,-323,-105,375360,375546,186
122,0,blank,0,-323,-105,375546,375732,186
122,0,blank,0,-323,-105,375732,375907,175
122,0,blank,0,-323,-105,375907,376078,171
122,0,blank,0,-323,-105,376078,376262,184
122,0,blank,0,-323,-105,376262,376409,147
122,0,blank,0,-323,-105,376409,376586,177
122,0,blank,0,-323,-105,376586,376756,170
122,0,blank,0,-323,-105,376756,376854,98
122,0,blank,0,-323,-105,376854,376982,128
122,0,blank,0,-323,-105,376982,377154,172
122,0,blank,0,-323,-105,377154,377322,168
122,0,blank,0,-323,-105,377322,377501,179
122,0,blank,0,-323,-105,377501,377680,179
122,0,blank,0,-323,-105,377680,377860,180
122,0,blank,0,-323,-105,377860,378050,190
122,0,blank,0,-323,-105,378050,378237,187
122,0,blank,0,-323,-105,378237,378366,129
122,0,blank,0,-323,-105,378366,378548,182
122,0,blank,0,-323,-105,378548,378714,166
122,0,blank,0,-323,-105,378714,378847,133
122,0,blank,0,-323,-105,378847,378961,114
122,0,blank,0,-323,-105,378961,379057,96
122,29,(,161,145.6864,245.8226,379372,379409,37
122,0,blank,0,225.889766666667,219.320816666667,379569,379758,189
122,0,blank,0,227.91535,227.5863,379789,379852,63
122,0,blank,0,231.54324,222.8638,380308,380468,160
122,31,isspace,169,232.06788,290.9286,380500,380668,168
122,0,blank,0,240.468833333333,310.247533333333,380703,380801,98
122,0,blank,0,257.8336,315.9666,380869,381038,169
122,0,blank,0,257.2793,309.6014,381038,381070,32
122,0,blank,0,269.73285,319.510883333333,381104,381301,197
122,0,blank,0,259.981266666667,321.876616666667,381301,381496,195
122,0,blank,0,143.3566,376.9254,381706,381737,31
122,36,},207,126.1953,405.9964,381770,381903,133
122,0,blank,0,-323,-105,381972,382055,83
122,0,blank,0,198.498,413.7678,382298,382330,32
122,0,blank,0,239.71485,430.9106,382566,382637,71
122,0,blank,0,249.824,429.3878,382927,382959,32
122,0,blank,0,237.1081,442.0465,382991,383022,31
122,0,blank,0,-323,-105,383150,383317,167
122,0,blank,0,161.6051,554.814133333333,383502,383601,99
122,0,blank,0,158.8982,559.2801,383667,383701,34
122,0,blank,0,159.5713,547.34035,383734,383800,66
122,0,blank,0,152.6065,506.7562,383834,383866,32
122,0,blank,0,300.9696,491.89215,384037,384103,66
122,0,blank,0,289.8445,503.5841,384134,384175,41
122,0,blank,0,368.2534,630.619,384675,384741,66
122,0,blank,0,359.8339,636.48425,384804,384870,66
122,0,blank,0,158.2686,478.7516,385196,385229,33
122,0,blank,0,155.1805,472.67275,385262,385326,64
122,40,gotoNextWord,211,123.71195,491.9526,385390,385460,70
122,0,blank,0,182.977966666667,518.389366666667,385564,385668,104
122,0,blank,0,999.2985,465.33965,385838,385901,63
122,0,blank,0,1059.249,411.2609,385934,385966,32
122,0,blank,0,1066.3,436.5587,386220,386252,32
122,0,blank,0,1079.84475,653.195275,386678,386809,131
122,0,blank,0,1081.053,653.91478,386842,387008,166
122,0,blank,0,265.2387,419.39534,387109,387283,174
122,0,blank,0,267.34455,426.02075,387283,387353,70
122,0,blank,0,191.171425,428.04285,387387,387520,133
122,0,blank,0,185.56525,425.302,387553,387750,197
122,0,blank,0,181.8734,421.8962,387750,387781,31
123,0,blank,0,178.51764,430.9146,387942,388108,166
123,0,blank,0,183.45464,430.8276,388108,388276,168
123,0,blank,0,176.729966666667,427.2759,388276,388473,197
123,0,blank,0,-323,-105,388506,388591,85
123,0,blank,0,-323,-105,388770,388905,135
123,0,blank,0,194.051525,421.425775,389061,389184,123
123,0,blank,0,241.01198,420.19318,389250,389415,165
123,0,blank,0,238.23625,420.84135,389447,389578,131
123,40,gotoNextWord,211,234.1171,449.6332,389610,389640,30
123,29,wlen,164,225.529,213.31695,389981,390059,78
123,29,wlen,164,240.53746,209.57506,390092,390252,160
123,0,blank,0,340.8694,219.500866666667,390285,390382,97
123,0,blank,0,347.2825,212.2598,390415,390447,32
123,0,blank,0,348.1825,211.916966666667,390512,390610,98
123,0,blank,0,311.7189,226.6352,390676,390708,32
123,0,blank,0,324.863,219.614,390869,390903,34
123,0,blank,0,228.4204,231.7234,391030,391062,32
123,0,blank,0,330.5573,215.24215,391159,391224,65
123,0,blank,0,-323,-105,391288,391401,113
123,0,blank,0,340.6528,223.5638,391427,391450,23
123,0,blank,0,349.58645,216.870125,391476,391606,130
123,0,blank,0,339.6298,223.239966666667,391797,391891,94
123,0,blank,0,345.1451,236.4903,391923,391954,31
123,0,blank,0,350.9478,237.07715,392047,392110,63
123,0,blank,0,487.1849,228.4429,392304,392335,31
123,0,blank,0,491.7067,232.7045,392434,392473,39
123,0,blank,0,544.4825,210.0336,392727,392757,30
123,0,blank,0,563.157,222.5384,392822,392854,32
123,0,blank,0,252.35245,65.17865,392950,393013,63
123,0,blank,0,271.96335,64.6758,393078,393142,64
123,0,blank,0,-323,-105,393174,393311,137
123,0,blank,0,501.0553,196.8201,393340,393367,27
123,0,blank,0,508.48295,209.6437,393433,393505,72
123,0,blank,0,548.062,211.8686,393749,393785,36
123,0,blank,0,236.7568,178.9428,393882,393947,65
123,0,blank,0,-323,-105,394041,394156,115
123,0,blank,0,214.3478,171.0206,394302,394333,31
123,0,blank,0,235.6871,164.1566,394428,394460,32
123,0,blank,0,245.4314,244.9616,395054,395083,29
123,0,blank,0,225.4661,200.6968,395146,395177,31
123,0,blank,0,452.5731,226.1092,395435,395466,31
123,0,blank,0,428.8968,212.95575,395687,395811,124
123,0,blank,0,427.40725,209.9199,395843,395906,63
123,0,blank,0,656.9158,198.4401,396096,396127,31
123,0,blank,0,615.5816,205.7783,396314,396407,93
123,0,blank,0,614.25,220.2975,396470,396502,32
123,0,blank,0,-323,-105,396533,396721,188
123,0,blank,0,431.306525,214.165925,396810,396939,129
123,0,blank,0,415.9484,207.0168,396973,397003,30
123,0,blank,0,412.2505,230.5883,397036,397068,32
123,0,blank,0,452.2145,222.1797,397099,397131,32
123,0,blank,0,595.04205,211.2668,397600,397784,184
123,0,blank,0,599.46,214.7505,397907,397939,32
123,0,blank,0,-323,-105,398030,398059,29
123,0,blank,0,624.5599,200.5983,398244,398274,30
123,0,blank,0,637.198666666667,193.817733333333,398336,398429,93
123,0,blank,0,653.8551,180.5084,399585,399621,36
123,0,blank,0,738.974,187.66745,399902,399966,64
123,0,blank,0,411.4469,200.39625,400096,400156,60
123,0,blank,0,411.8228,198.1312,400220,400250,30
123,0,blank,0,-323,-105,400470,400640,170
123,0,blank,0,322.3756,212.3972,400672,400695,23
123,29,wlen,164,217.9248,221.026,400852,400884,32
123,29,wlen,164,207.5465,217.71045,400918,400978,60
123,0,blank,0,202.42815,195.72955,401042,401109,67
123,31,isspace,169,256.1821,264.8914,401240,401277,37
123,31,(,180,271.5513,250.0386,401309,401344,35
123,31,str,189,292.60875,257.3982,401376,401439,63
123,0,blank,0,294.1041,236.228,401470,401500,30
123,0,blank,0,721.693,212.8125,401695,401727,32
123,0,blank,0,-323,-105,401761,401958,197
123,0,blank,0,-323,-105,401958,402125,167
123,0,blank,0,-323,-105,402125,402300,175
123,0,blank,0,-323,-105,402300,402489,189
123,0,blank,0,-323,-105,402489,402674,185
123,0,blank,0,-323,-105,402674,402852,178
123,0,blank,0,-323,-105,402852,403041,189
123,0,blank,0,-323,-105,403041,403222,181
123,0,blank,0,-323,-105,403222,403393,171
123,0,blank,0,-323,-105,403393,403586,193
123,0,blank,0,-323,-105,403586,403732,146
123,0,blank,0,-323,-105,403732,403900,168
123,0,blank,0,-323,-105,403900,404067,167
123,0,blank,0,-323,-105,404067,404242,175
123,0,blank,0,-323,-105,404242,404414,172
123,0,blank,0,-323,-105,404414,404596,182
123,0,blank,0,-323,-105,404596,404772,176
123,0,blank,0,-323,-105,404772,404971,199
123,0,blank,0,-323,-105,404971,405147,176
123,0,blank,0,-323,-105,405147,405327,180
123,0,blank,0,-323,-105,405327,405523,196
123,0,blank,0,-323,-105,405523,405708,185
123,0,blank,0,-323,-105,405708,405880,172
123,0,blank,0,-323,-105,405880,406074,194
123,0,blank,0,-323,-105,406074,406246,172
123,0,blank,0,-323,-105,406246,406397,151
123,0,blank,0,-323,-105,406397,406570,173
123,0,blank,0,-323,-105,406570,406740,170
123,0,blank,0,-323,-105,406740,406815,75
123,0,blank,0,-323,-105,406926,407101,175
123,0,blank,0,-323,-105,407101,407187,86
123,0,blank,0,256.0722,240.8204,407223,407239,16
123,0,blank,0,-323,-105,407276,407387,111
123,0,blank,0,250.5436,231.82,407413,407439,26
123,0,blank,0,254.5411,230.19975,407508,407561,53
123,0,blank,0,204.1868,178.3508,407624,407655,31
123,0,blank,0,213.1193,167.2737,407717,407749,32
123,0,blank,0,235.9496,166.7436,407875,407905,30
123,0,blank,0,233.556,172.4426,407936,407966,30
123,0,blank,0,192.8782,156.338,408244,408275,31
123,0,blank,0,182.8077,172.0151,408397,408428,31
123,0,blank,0,-323,-105,408489,408623,134
123,0,blank,0,217.0862,136.1254,408675,408702,27
123,26,break,156,220.1594,150.4223,408733,408829,96
123,0,blank,0,243.1667,157.1532,408956,408990,34
123,0,blank,0,238.10202,161.0777,409051,409209,158
123,0,blank,0,232.6731,160.9505,409337,409378,41
123,0,blank,0,249.821666666667,167.108366666667,409409,409505,96
123,0,blank,0,-323,-105,409602,409761,159
123,0,blank,0,725.808666666667,193.0874,409978,410072,94
123,0,blank,0,719.727,184.9969,410135,410166,31
123,0,blank,0,327.69475,241.8059,410320,410381,61
123,0,blank,0,332.94005,228.08315,410411,410473,62
123,0,blank,0,323.7276,196.8493,410844,410874,30
123,0,blank,0,-323,-105,410936,411128,192
123,31,str,189,275.9906,253.9963,411156,411179,23
123,31,str,189,276.8317,267.1703,411299,411393,94
123,0,blank,0,148.0064,362.574566666667,411455,411548,93
123,0,blank,0,-323,-105,411675,411833,158
123,0,blank,0,-323,-105,411833,412005,172
123,0,blank,0,-323,-105,412005,412177,172
123,0,blank,0,-323,-105,412177,412367,190
123,0,blank,0,-323,-105,412367,412444,77
123,0,blank,0,-323,-105,412444,412717,273
123,0,blank,0,-323,-105,412717,412990,273
123,0,blank,0,-323,-105,412990,413226,236
123,0,blank,0,-323,-105,413226,413256,30
123,0,blank,0,-323,-105,413256,413429,173
123,0,blank,0,-323,-105,413429,413606,177
123,0,blank,0,-323,-105,413606,413749,143
123,0,blank,0,-323,-105,413749,413880,131
123,0,blank,0,-323,-105,413880,414074,194
123,0,blank,0,-323,-105,414074,414252,178
123,0,blank,0,-323,-105,414252,414434,182
123,0,blank,0,-323,-105,414434,414614,180
123,0,blank,0,-323,-105,414614,414806,192
123,0,blank,0,-323,-105,414806,414960,154
123,0,blank,0,-323,-105,414960,415153,193
123,0,blank,0,-323,-105,415153,415324,171
123,0,blank,0,-323,-105,415324,415480,156
123,0,blank,0,-323,-105,415480,415648,168
123,0,blank,0,-323,-105,415648,415838,190
123,0,blank,0,-323,-105,415838,416023,185
123,0,blank,0,-323,-105,416023,416193,170
123,0,blank,0,-323,-105,416193,416384,191
123,0,blank,0,-323,-105,416384,416583,199
123,0,blank,0,-323,-105,416583,416764,181
123,0,blank,0,-323,-105,416764,416949,185
123,0,blank,0,-323,-105,416949,417127,178
123,0,blank,0,-323,-105,417127,417317,190
123,0,blank,0,-323,-105,417317,417483,166
123,0,blank,0,-323,-105,417483,417621,138
123,0,blank,0,-323,-105,417621,417882,261
123,0,blank,0,-323,-105,417882,418144,262
123,0,blank,0,-323,-105,418144,418329,185
123,0,blank,0,-323,-105,418329,418503,174
123,0,blank,0,-323,-105,418503,418676,173
123,0,blank,0,-323,-105,418676,418861,185
123,0,blank,0,-323,-105,418861,419055,194
123,0,blank,0,-323,-105,419055,419248,193
123,0,blank,0,-323,-105,419248,419355,107
123,0,blank,0,-323,-105,419355,419548,193
123,0,blank,0,-323,-105,419548,419727,179
123,0,blank,0,-323,-105,419727,419761,34
123,0,blank,0,540.7314,199.6198,419802,419827,25
123,0,blank,0,704.99,221.1326,419922,419954,32
123,0,blank,0,734.7,216.303,420329,420363,34
123,0,blank,0,-323,-105,420490,420631,141
123,0,blank,0,668.7272,218.7399,420669,420715,46
123,0,blank,0,676.6793,219.6187,420841,420870,29
123,0,blank,0,-323,-105,420901,421009,108
123,0,blank,0,688.3446,210.93332,421135,421285,150
123,0,blank,0,685.10575,215.300825,421316,421440,124
123,0,blank,0,456.7045,219.873,421613,421646,33
123,0,blank,0,459.6626,228.7372,421676,421708,32
123,0,blank,0,407.9943,210.4781,421800,421831,31
123,0,blank,0,-323,-105,422051,422182,131
123,0,blank,0,377.91135,192.67475,422206,422255,49
123,0,blank,0,385.88905,213.39515,422381,422443,62
123,0,blank,0,720.5122,208.18564,422538,422695,157
123,0,blank,0,722.947666666667,204.063966666667,422727,422821,94
123,0,blank,0,613.2591,199.928,422881,422915,34
123,0,blank,0,618.0482,201.9601,422974,423004,30
123,0,blank,0,241.6826,177.0036,423096,423126,30
123,0,blank,0,252.37935,186.8387,423189,423253,64
123,0,blank,0,218.906666666667,162.465833333333,423283,423377,94
123,0,blank,0,222.6228,165.78725,423410,423471,61
123,0,blank,0,-323,-105,423505,423640,135
123,0,blank,0,712.754,183.6268,423666,423691,25
123,0,blank,0,717.055,210.5977,423809,423839,30
123,0,blank,0,601.86,196.0116,423961,423992,31
123,0,blank,0,608.686,204.2555,424082,424144,62
123,0,blank,0,611.7974,207.359,424265,424326,61
123,0,blank,0,668.9608,178.6523,424357,424389,32
123,0,blank,0,675.057,194.229,424419,424450,31
123,0,blank,0,688.046,214.3075,424511,424542,31
123,0,blank,0,687.8,220.7209,424633,424664,31
123,0,blank,0,678.214,212.6045,424695,424725,30
123,0,blank,0,683.727,202.711566666667,424756,424849,93
123,0,blank,0,687.566,200.09645,424912,424974,62
123,0,blank,0,222.272525,157.122775,425098,425224,126
123,26,break,156,222.8937,153.0418,425256,425290,34
123,0,blank,0,-323,-105,425384,425538,154
123,0,blank,0,335.5828,224.6042,425569,425595,26
123,0,blank,0,-323,-105,425682,425844,162
123,0,blank,0,-323,-105,426088,426167,79
123,0,blank,0,-323,-105,426348,426496,148
123,0,blank,0,213.41815,415.2942,426613,426668,55
123,0,blank,0,205.7869,412.8842,426792,426824,32
123,0,blank,0,252.246466666667,512.49815,426917,427099,182
123,0,blank,0,142.61518,487.67056,427160,427313,153
123,0,blank,0,113.01195,335.3285,427375,427437,62
123,0,blank,0,126.7881,338.5261,427470,427533,63
123,0,blank,0,37.7343,247.636,427595,427628,33
123,0,blank,0,26.9204,237.84295,427692,427757,65
123,31,str,189,278.3117,246.3283,427852,427883,31
123,0,blank,0,299.1343,196.3652,428167,428281,114
123,0,blank,0,-323,-105,428363,428550,187
123,0,blank,0,-323,-105,428550,428737,187
123,0,blank,0,-323,-105,428737,428920,183
123,0,blank,0,-323,-105,428920,429010,90
123,0,blank,0,341.8483,625.6571,429046,429082,36
123,0,blank,0,335.591466666667,616.1223,429107,429198,91
123,0,blank,0,487.8282,595.609,429321,429351,30
123,0,blank,0,503.3011,592.3698,429382,429413,31
123,0,blank,0,509.2391,621.1995,429444,429473,29
123,0,blank,0,497.4159,595.4323,429503,429534,31
123,0,blank,0,493.8179,618.3752,429565,429596,31
123,0,blank,0,425.4199,608.0876,429688,429719,31
123,0,blank,0,133.0657,623.5996,429871,429902,31
123,47,gotoNextWord,232,133.8002,609.644,429994,430025,31
123,0,blank,0,139.9704,626.75045,430056,430118,62
123,0,blank,0,-323,-105,430150,430311,161
123,0,blank,0,127.4829,598.6436,430393,430423,30
123,0,blank,0,146.69275,582.1657,430520,430585,65
123,0,blank,0,-323,-105,430616,430725,109
123,0,blank,0,230.2746,611.0471,430910,430940,30
123,0,blank,0,258.925625,614.83775,431004,431132,128
123,0,blank,0,347.281783333333,615.050066666667,431199,431394,195
123,0,blank,0,356.1569,617.6371,431394,431424,30
123,0,blank,0,399.620625,615.960025,431488,431620,132
123,0,blank,0,-323,-105,431652,431786,134
123,0,blank,0,364.04675,622.7109,431936,431993,57
123,0,blank,0,394.87636,618.4801,432026,432192,166
123,0,blank,0,395.282933333333,617.813183333333,432192,432384,192
123,49,isspace,238,173.4833,647.2867,432447,432479,32
123,0,blank,0,233.3909,639.39465,432701,432766,65
123,0,blank,0,222.5281,632.4109,432797,432829,32
123,0,blank,0,226.31185,641.4472,432894,432958,64
123,0,blank,0,586.62245,620.289483333333,433058,433251,193
123,0,blank,0,585.0876,616.7554,433251,433282,31
123,0,blank,0,-323,-105,433315,433478,163
123,0,blank,0,-323,-105,433478,433529,51
123,0,blank,0,633.2339,612.50818,433616,433775,159
123,0,blank,0,702.5,599.48105,433808,433872,64
123,49,while,236,91.8037,651.5468,434096,434128,32
123,49,isspace,238,143.2913,645.6596,434287,434319,32
123,0,blank,0,-323,-105,434383,434549,166
123,0,blank,0,-323,-105,434549,434695,146
123,0,blank,0,-323,-105,434695,434778,83
123,0,blank,0,128.1858,642.92785,434830,434889,59
123,0,blank,0,313.2466,607.2614,435014,435046,32
123,0,blank,0,316.1476,603.7898,435110,435141,31
123,0,blank,0,336.1204,622.8714,435174,435205,31
123,0,blank,0,112.8414,597.834,435424,435454,30
123,47,gotoNextWord,232,117.69515,599.6206,435487,435679,192
123,47,gotoNextWord,232,118.26675,601.78665,435679,435743,64
123,47,gotoNextWord,232,88.08315,603.034975,435775,435902,127
123,47,gotoNextWord,232,83.3916,600.0007,435935,435999,64
123,0,blank,0,291.7173,614.9069,436160,436191,31
123,0,blank,0,315.347,570.4745,436223,436255,32
123,0,blank,0,-323,-105,436611,436745,134
123,0,blank,0,521.20075,600.34205,436852,436917,65
123,0,blank,0,525.065,605.42515,437015,437079,64
123,0,blank,0,379.138233333333,600.467266666667,437197,437293,96
123,0,blank,0,-323,-105,437357,437516,159
123,0,blank,0,-323,-105,437577,437763,186
123,0,blank,0,-323,-105,437763,437816,53
123,0,blank,0,450.6619,607.2377,437973,437998,25
123,0,blank,0,469.7899,605.2577,438061,438126,65
123,0,blank,0,340.1071,579.4115,438323,438428,105
123,0,blank,0,321.1719,596.8273,438471,438506,35
123,47,gotoNextWord,232,118.8114,602.7385,438600,438631,31
123,47,gotoNextWord,232,123.5098,605.5012,438694,438725,31
123,0,blank,0,104.0166,560.11455,438851,438914,63
123,44,printf,220,85.954,553.50025,438945,439009,64
123,0,blank,0,151.628033333333,559.8945,439074,439169,95
123,0,blank,0,146.13096,557.17164,439232,439389,157
123,0,blank,0,670.077766666667,616.784433333333,439484,439579,95
123,0,blank,0,685.384966666667,615.271966666667,439674,439769,95
123,0,blank,0,581.4401,620.4681,439832,439864,32
123,0,blank,0,579.58245,612.730666666667,439897,440091,194
123,0,blank,0,115.599125,575.2263,440223,440354,131
123,0,blank,0,-323,-105,440388,440531,143
123,44,printf,220,78.5219,545.4515,440647,440672,25
123,0,blank,0,255.8421,472.8242,440923,440955,32
123,0,blank,0,302.3175,458.3362,441079,441111,32
123,0,blank,0,297.9435,483.6459,441142,441174,32
123,0,blank,0,183.663,470.6654,441398,441429,31
123,0,blank,0,-323,-105,441710,441767,57
123,0,blank,0,141.3366,506.44205,442012,442076,64
123,0,blank,0,158.7448,498.2944,442108,442140,32
123,0,blank,0,147.16855,483.9921,442234,442298,64
123,0,blank,0,151.3536,486.1994,442359,442391,32
123,44,printf,220,79.8076,541.71,442576,442608,32
123,0,blank,0,20.3625666666667,551.777833333333,442670,442764,94
123,47,void,231,13.13662,608.27538,442890,443051,161
123,47,gotoNextWord,232,111.121166666667,601.8909,443115,443307,192
123,47,gotoNextWord,232,108.5859,606.9624,443339,443371,32
123,0,blank,0,162.957266666667,594.345733333333,443403,443499,96
123,47,gotoNextWord,232,171.9738,599.4174,443564,443598,34
123,0,blank,0,-323,-105,443988,444174,186
123,0,blank,0,-323,-105,444174,444368,194
123,0,blank,0,-323,-105,444368,444530,162
123,0,blank,0,-323,-105,444530,444611,81
123,0,blank,0,288.439,590.468,444641,444667,26
123,44,comma,223,297.2929,551.707,444776,444821,45
123,0,blank,0,302.326,607.6375,444851,444880,29
123,44,"Wordcount:%d\n",222,125.71005,546.8055,445303,445364,61
123,0,blank,0,-323,-105,445397,445590,193
123,0,blank,0,-323,-105,445590,445768,178
123,0,blank,0,-323,-105,445768,445949,181
123,0,blank,0,-323,-105,445949,446148,199
123,0,blank,0,-323,-105,446148,446331,183
123,0,blank,0,-323,-105,446331,446530,199
123,0,blank,0,-323,-105,446530,446704,174
123,0,blank,0,-323,-105,446704,446761,57
123,0,blank,0,465.085566666667,624.991,446862,446957,95
123,0,blank,0,463.923,615.4122,446989,447021,32
123,0,blank,0,468.80205,617.762,447083,447145,62
123,0,blank,0,463.4273,612.6548,447177,447208,31
123,0,blank,0,355.7431,597.9228,447452,447516,64
123,0,blank,0,499.05555,600.73165,447606,447667,61
123,0,blank,0,483.608716666667,609.346416666667,447698,447884,186
123,0,blank,0,470.633833333333,615.937766666667,447914,448007,93
123,0,blank,0,-323,-105,448070,448229,159
123,0,blank,0,243.3866,604.7256,448509,448540,31
123,0,blank,0,256.1877,590.0287,448887,448917,30
123,0,blank,0,-323,-105,449324,449482,158
123,0,blank,0,-323,-105,449482,449541,59
123,0,blank,0,311.8606,623.159,449962,449992,30
123,0,blank,0,438.541,603.6547,451045,451078,33
123,0,blank,0,450.9279,597.8507,451110,451144,34
123,0,blank,0,463.101933333333,578.990666666667,451177,451275,98
123,0,blank,0,455.7988,589.1375,451401,451432,31
123,0,blank,0,441.8934,601.3035,451464,451496,32
123,0,blank,0,453.007,591.1974,451559,451590,31
123,0,blank,0,449.451,601.3073,451622,451655,33
123,0,blank,0,622.9478,611.9766,452092,452123,31
123,0,blank,0,-323,-105,452217,452347,130
123,0,blank,0,619.2554,601.91165,452640,452702,62
123,0,blank,0,659.7613,599.015,452794,452825,31
123,0,blank,0,682.826,606.496,453132,453164,32
123,0,blank,0,688.29,608.5744,453284,453344,60
123,0,blank,0,595.2203,615.0702,453560,453591,31
123,0,blank,0,625.5724,595.6339,453682,453713,31
123,0,blank,0,276.6944,594.41695,453896,453955,59
123,0,blank,0,278.1529,594.8518,454049,454109,60
123,0,blank,0,459.2849,599.7938,454294,454355,61
123,0,blank,0,-323,-105,454387,454520,133
123,0,blank,0,408.5444,577.5023,454736,454766,30
123,0,blank,0,295.756,571.3975,454983,455014,31
123,0,blank,0,288.0728,575.5611,455074,455165,91
123,0,blank,0,289.8721,565.3184,455343,455373,30
123,0,blank,0,152.5847,631.1771,455581,455642,61
123,0,blank,0,147.2933,632.7273,455672,455702,30
123,0,blank,0,148.6178,629.5456,455732,455795,63
123,0,blank,0,86.1916166666667,584.696316666667,456017,456208,191
123,0,blank,0,84.0528,587.2874,456208,456239,31
123,0,blank,0,75.7162666666667,583.625466666667,456302,456396,94
123,0,blank,0,100.1397,196.4865,457272,457301,29
123,0,blank,0,-323,-105,457780,457969,189
123,0,blank,0,-323,-105,457969,458148,179
123,0,blank,0,-323,-105,458148,458332,184
123,0,blank,0,-323,-105,458332,458518,186
123,0,blank,0,-323,-105,458518,458669,151
123,0,blank,0,-323,-105,458669,458859,190
123,0,blank,0,-323,-105,458859,459038,179
123,0,blank,0,-323,-105,459038,459210,172
123,0,blank,0,-323,-105,459210,459314,104
123,0,blank,0,-323,-105,459314,459507,193
123,0,blank,0,-323,-105,459507,459664,157
123,0,blank,0,-323,-105,459664,459797,133
123,0,blank,0,-323,-105,459797,459959,162
123,0,blank,0,-323,-105,459959,460097,138
123,0,blank,0,-323,-105,460097,460275,178
123,0,blank,0,-323,-105,460275,460465,190
123,0,blank,0,-323,-105,460465,460646,181
123,0,blank,0,-323,-105,460646,460896,250
123,0,blank,0,-323,-105,460896,460975,79
123,0,blank,0,-323,-105,460975,461152,177
123,0,blank,0,-323,-105,461152,461300,148
123,0,blank,0,-323,-105,461300,461405,105
123,0,blank,0,-323,-105,461405,461523,118
123,0,blank,0,-323,-105,461523,461827,304
123,0,blank,0,-323,-105,461827,462067,240
123,0,blank,0,-323,-105,462067,462247,180
123,0,blank,0,-323,-105,462247,462430,183
123,0,blank,0,-323,-105,462430,462615,185
123,0,blank,0,-323,-105,462615,462791,176
123,0,blank,0,-323,-105,462791,462821,30
123,0,blank,0,-323,-105,462821,463019,198
123,0,blank,0,-323,-105,463019,463248,229
123,0,blank,0,-323,-105,463248,463447,199
123,0,blank,0,-323,-105,463447,463625,178
123,0,blank,0,-323,-105,463625,463809,184
123,0,blank,0,-323,-105,463809,463994,185
123,0,blank,0,-323,-105,463994,464046,52
123,0,blank,0,-323,-105,464046,464194,148
123,0,blank,0,-323,-105,464194,464343,149
123,0,blank,0,-323,-105,464343,464598,255
123,0,blank,0,-323,-105,464598,464728,130
123,0,blank,0,-323,-105,464728,464927,199
123,0,blank,0,-323,-105,464927,465080,153
123,0,blank,0,-323,-105,465080,465259,179
123,0,blank,0,-323,-105,465259,465432,173
123,0,blank,0,-323,-105,465432,465603,171
123,0,blank,0,-323,-105,465603,465754,151
123,0,blank,0,-323,-105,465754,465942,188
123,0,blank,0,-323,-105,465942,466126,184
123,0,blank,0,-323,-105,466126,466275,149
123,0,blank,0,-323,-105,466275,466459,184
123,0,blank,0,-323,-105,466459,466650,191
123,0,blank,0,-323,-105,466650,466773,123
123,0,blank,0,-323,-105,466773,466886,113
123,0,blank,0,-323,-105,466886,467078,192
123,0,blank,0,57.05725,159.62255,467496,467558,62
123,0,blank,0,21.1685,197.1695,467588,467619,31
123,0,blank,0,18.64825,190.722325,467651,467785,134
123,0,blank,0,372.3563,196.9214,468330,468362,32
123,0,blank,0,382.4903,204.4317,468427,468460,33
123,0,blank,0,408.9445,201.6494,468554,468585,31
123,0,blank,0,448.93535,206.459625,468772,468899,127
123,0,blank,0,-323,-105,468962,469098,136
123,0,blank,0,525.38145,194.4635,469290,469345,55
123,0,blank,0,539.988525,192.2164,469438,469564,126
123,0,blank,0,548.9897,200.235,469594,469629,35
123,0,blank,0,534.6596,200.16615,469659,469724,65
123,0,blank,0,532.6138,204.9552,469756,469787,31
123,0,blank,0,441.789875,194.715925,469849,469974,125
123,0,blank,0,645.1247,205.5777,470163,470257,94
123,0,blank,0,645.32552,212.70408,470288,470446,158
123,0,blank,0,-323,-105,470478,470612,134
123,0,blank,0,276.3398,219.7371,470852,470883,31
123,0,blank,0,258.7401,241.8653,471073,471102,29
123,31,isspace,169,255.2633,257.70985,471165,471228,63
123,0,blank,0,436.926516666667,198.9714,471290,471479,189
123,0,blank,0,433.8779,192.0894,471479,471508,29
123,0,blank,0,428.6933,202.1707,471570,471601,31
123,0,blank,0,482.65425,206.5577,471663,471727,64
123,0,blank,0,491.028,194.9136,471756,471788,32
123,0,blank,0,480.89,197.9688,471851,471882,31
123,0,blank,0,488.521033333333,200.369033333333,471913,472008,95
123,0,blank,0,536.1928,203.2922,472071,472104,33
123,0,blank,0,542.27175,209.8522,472229,472291,62
123,0,blank,0,310.0333,213.7,472514,472545,31
123,0,blank,0,-323,-105,472795,472901,106
123,31,isspace,169,260.9915,255.0505,473190,473252,62
123,31,isspace,169,263.4715,249.0543,473314,473344,30
123,0,blank,0,412.702525,205.863575,473622,473748,126
123,0,blank,0,660.88515,209.7525,473907,474033,126
123,0,blank,0,409.542,602.902,474127,474159,32
123,0,blank,0,436.2685,590.5216,474223,474289,66
123,0,blank,0,-323,-105,474391,474580,189
123,0,blank,0,-323,-105,474580,474767,187
123,0,blank,0,-323,-105,474767,474938,171
123,0,blank,0,-323,-105,474938,475102,164
123,0,blank,0,-323,-105,475102,475280,178
123,0,blank,0,-323,-105,475280,475461,181
123,0,blank,0,-323,-105,475461,475645,184
123,0,blank,0,-323,-105,475645,475795,150
123,0,blank,0,-323,-105,475795,475965,170
123,0,blank,0,-323,-105,475965,476162,197
123,0,blank,0,-323,-105,476162,476337,175
123,0,blank,0,-323,-105,476337,476512,175
123,0,blank,0,-323,-105,476512,476613,101
123,0,blank,0,-323,-105,476613,476757,144
123,0,blank,0,-323,-105,476757,476879,122
123,0,blank,0,-323,-105,476879,477000,121
123,0,blank,0,-323,-105,477000,477157,157
123,0,blank,0,-323,-105,477157,477355,198
123,0,blank,0,-323,-105,477355,477521,166
123,0,blank,0,-323,-105,477521,477756,235
123,0,blank,0,-323,-105,477756,477989,233
123,0,blank,0,-323,-105,477989,478173,184
123,0,blank,0,-323,-105,478173,478362,189
123,0,blank,0,-323,-105,478362,478559,197
123,0,blank,0,-323,-105,478559,478734,175
123,0,blank,0,-323,-105,478734,478771,37
123,44,wcount,224,307.153,542.4539,478805,478848,43
123,0,blank,0,-323,-105,479280,479439,159
123,44,"Wordcount:%d\n",222,230.3924,535.1067,479476,479490,14
123,0,blank,0,239.3645,516.2302,479612,479644,32
123,0,blank,0,987.765,468.7043,479863,479895,32
123,0,blank,0,996.133,488.6744,479957,479988,31
123,0,blank,0,433.49435,568.27465,480143,480202,59
123,0,blank,0,438.8757,572.47585,480233,480297,64
123,49,),264,491.654583333333,654.403533333333,480359,480550,191
123,0,blank,0,496.2383,661.7708,480550,480582,32
123,0,blank,0,-323,-105,480890,480986,96
123,0,blank,0,-323,-105,481112,481232,120
123,0,blank,0,658.9578,-103.9799,481295,481327,32
123,0,blank,0,666.4813,-104,481424,481458,34
123,0,blank,0,-323,-105,481559,481755,196
123,0,blank,0,440.533966666667,476.0101,481929,482030,101
123,0,blank,0,219.2495,508.187775,482094,482224,130
123,0,blank,0,296.5671,144.4573,482351,482447,96
123,0,blank,0,270.7609,146.5152,482478,482510,32
123,0,blank,0,485.0986,-11.2927,482635,482669,34
