Frameno_fix,lineno_fix,Tokenname_fix,tokens_id,gaze_X_fix,gaze_Y_fix,timestamp_fix_start,timestamp_fix_end,time_duration
100,0,blank,0,23.151,-46.5643,3174,3362,188
100,0,blank,0,-350,-105,3425,3506,81
100,6,b,45,200.3114,133.06695,3654,3706,52
100,6,b,45,198.2738,118.123883333333,3738,3929,191
100,6,b,45,193.7798,122.294,3929,3961,32
100,0,blank,0,191.588675,108.87975,4056,4182,126
100,0,blank,0,582.3273,-15.606,4654,4686,32
100,0,blank,0,-350,-105,4905,4935,30
100,1,Program,4,65.812,21.794,5085,5113,28
100,0,blank,0,126.4297,23.0324,5207,5240,33
100,0,blank,0,265.9197,47.683,5396,5426,30
100,0,blank,0,-350,-105,5487,5568,81
100,0,blank,0,319.532,35.0305,5775,5805,30
100,0,blank,0,206.6922,30.95575,5896,5957,61
100,0,blank,0,223.2244,36.745,5987,6018,31
100,0,blank,0,202.9086,25.5471,6048,6080,32
100,0,blank,0,220.0857,31.3339,6111,6141,30
100,1,to,5,136.9005,23.6602,6731,6766,35
100,2,stdio,20,146.5052,27.9945,6927,6992,65
100,1,to,5,133.0801,10.3449,7024,7057,33
100,0,blank,0,430.8378,98.9492,7152,7184,32
100,0,blank,0,438.2015,93.6776,7249,7283,34
100,0,blank,0,-350,-105,7351,7547,196
100,0,blank,0,-350,-105,7547,7741,194
100,0,blank,0,-350,-105,7741,7920,179
100,0,blank,0,-350,-105,7920,8100,180
100,0,blank,0,-350,-105,8100,8182,82
100,0,blank,0,-350,-105,8182,8318,136
100,0,blank,0,-350,-105,8318,8478,160
100,0,blank,0,-350,-105,8478,8675,197
100,0,blank,0,-350,-105,8675,8854,179
100,0,blank,0,-350,-105,8854,9042,188
100,0,blank,0,-350,-105,9042,9231,189
100,0,blank,0,-350,-105,9231,9352,121
100,0,blank,0,-350,-105,9352,9476,124
100,0,blank,0,-350,-105,9476,9599,123
100,0,blank,0,-350,-105,9599,9757,158
100,1,Program,4,81.7979,22.7377,9786,9817,31
100,0,blank,0,-350,-105,9996,10026,30
100,0,blank,0,62.3489,46.38485,10424,10484,60
100,0,blank,0,-350,-105,10759,10865,106
100,0,blank,0,158.6983,9.99639999999999,11009,11034,25
100,2,stdio,20,139.1486,27.1681,11060,11092,32
100,1,to,5,151.48415,5.82175,11122,11185,63
100,0,blank,0,-350,-105,11403,11506,103
100,0,blank,0,160.7405,24.1216,11783,11815,32
100,0,blank,0,161.7298,14.2726,11877,11973,96
100,0,blank,0,-350,-105,12166,12271,105
100,0,blank,0,454.1346,39.4297,12657,12687,30
100,0,blank,0,310.955,24.8771,13149,13180,31
100,0,blank,0,353.4139,19.8538,13211,13241,30
100,0,blank,0,-350,-105,13401,13481,80
100,1,equal,14,627.6974,8.76130000000001,14096,14126,30
100,0,blank,0,681.468,33.1447,14250,14280,30
100,0,blank,0,599.7963,30.2154,14433,14463,30
100,0,blank,0,-350,-105,14525,14606,81
100,0,blank,0,267.9992,309.42905,15278,15366,88
100,0,blank,0,207.63455,298.269,15801,15880,79
100,0,blank,0,204.041166666667,301.107966666667,15941,16034,93
100,0,blank,0,-350,-105,16066,16147,81
100,1,equal,14,596.6037,13.88065,16535,16597,62
100,0,blank,0,601.9645,40.9361,16627,16659,32
100,0,blank,0,-350,-105,16690,16796,106
100,0,blank,0,334.3813,121.4744,16958,16983,25
100,0,blank,0,350.3481,116.4985,17015,17047,32
100,0,blank,0,-350,-105,18046,18130,84
100,0,blank,0,757.218,27.7098,18286,18311,25
100,0,blank,0,-350,-105,18499,18695,196
100,0,blank,0,421.522225,200.76905,18732,18868,136
100,0,blank,0,413.2605,196.329033333333,18901,18996,95
100,0,blank,0,405.6215,189.801,19028,19059,31
100,0,blank,0,403.8929,190.0921,19123,19155,32
100,10,"EntertheorderofthematrixB\n",88,415.293125,204.11225,19310,19434,124
100,0,blank,0,419.2023,197.4879,19465,19496,31
100,10,"EntertheorderofthematrixB\n",88,414.3108,202.4979,19684,19716,32
100,3,include,25,65.8865,50.5205,19810,19842,32
100,0,blank,0,-350,-105,19904,20012,108
100,1,Program,4,82.70705,20.0829,20299,20424,125
100,0,blank,0,102.0151,45.2378,20677,20708,31
100,0,blank,0,92.9869,46.3951,20739,20771,32
100,1,Program,4,66.0967,21.1082,20833,20896,63
100,0,blank,0,128.8734,16.9909,20928,20959,31
100,1,to,5,146.143,16.98186,20991,21148,157
100,1,two,7,234.0955,17.5396,21179,21211,32
100,1,accept,6,211.1931,16.4785,21274,21305,31
100,0,blank,0,-350,-105,21400,21431,31
100,0,blank,0,217.0248,29.0307,21665,21696,31
100,0,blank,0,224.74175,18.01555,21760,21823,63
100,0,blank,0,214.5089,31.058,21917,21950,33
100,0,blank,0,232.2838,15.7056,21981,22012,31
100,0,blank,0,-350,-105,22106,22187,81
100,1,matrices,8,351.7036,15.6582,22338,22373,35
100,0,blank,0,125.8896,22.28295,22435,22562,127
100,1,Program,4,123.7389,22.9571333333333,22593,22690,97
100,0,blank,0,207.58775,26.8479,22721,22785,64
100,1,accept,6,222.9496,11.0851,22817,22848,31
100,0,blank,0,-350,-105,22879,23011,132
100,1,Program,4,96.3276,18.5813,23037,23062,25
100,1,Program,4,106.6288,17.6825,23117,23143,26
100,0,blank,0,250.3265,30.7229,23367,23397,30
100,1,two,7,250.9886,19.4843,23652,23713,61
100,1,Program,4,123.9704,10.9896666666667,23892,23985,93
100,0,blank,0,-350,-105,24016,24124,108
100,0,blank,0,35.598,1.0318,24293,24325,32
100,2,stdio,20,130.4045,33.54905,24575,24638,63
100,0,blank,0,-350,-105,24670,24805,135
100,1,matrices,8,327.0883,9.82769999999999,25176,25207,31
100,0,blank,0,-350,-105,25427,25563,136
100,0,blank,0,304.8804,50.1333,25839,25870,31
100,1,they,12,527.7246,9.5567,26503,26567,64
100,0,blank,0,-350,-105,26662,26814,152
100,0,blank,0,-26.9702,29.5879,27437,27498,61
100,0,blank,0,-350,-105,27676,27783,107
100,2,include,18,40.5067,32.9606,27824,27875,51
100,3,stdlib,27,122.8783,52.6519,28301,28425,124
100,0,blank,0,124.05675,70.19205,28486,28547,61
100,0,blank,0,105.6522,46.6528,28670,28701,31
100,0,blank,0,-350,-105,28948,29094,146
100,3,stdlib,27,108.2172,62.5835,29327,29358,31
100,2,stdio,20,129.3193,29.7481,29421,29452,31
100,3,stdlib,27,114.2668,54.2334,29482,29513,31
100,3,stdlib,27,117.1976,55.9149,29577,29669,92
100,0,blank,0,-350,-105,29891,29996,105
100,4,main,32,58.4286,75.0154,30041,30117,76
100,0,blank,0,112.88635,67.6396,30258,30322,64
100,0,blank,0,109.7298,77.3223,30420,30452,32
100,4,),34,94.3706,76.5022,30767,30798,31
100,3,<,26,96.4299,61.0829,30828,30859,31
100,0,blank,0,103.08632,58.68096,30951,31106,155
100,4,),34,96.6806666666667,72.0824333333333,31169,31262,93
100,0,blank,0,102.61555,68.72655,31324,31514,190
100,0,blank,0,97.4221,67.6993666666667,31514,31610,96
100,0,blank,0,159.1212,67.6401,31957,31989,32
100,3,stdlib,27,143.570925,63.13205,32086,32213,127
100,3,stdlib,27,157.1023,61.716,32342,32373,31
100,0,blank,0,-350,-105,32470,32577,107
100,0,blank,0,-350,-105,32950,33125,175
100,0,blank,0,-350,-105,33125,33324,199
100,0,blank,0,-350,-105,33324,33522,198
100,0,blank,0,-350,-105,33522,33696,174
100,0,blank,0,-350,-105,33696,33792,96
100,0,blank,0,-350,-105,33792,33972,180
100,0,blank,0,-350,-105,33972,34090,118
100,0,blank,0,-350,-105,34090,34269,179
100,0,blank,0,-350,-105,34269,34436,167
100,0,blank,0,-350,-105,34436,34609,173
100,0,blank,0,-350,-105,34609,34726,117
100,0,blank,0,-350,-105,34726,34834,108
100,0,blank,0,-350,-105,34834,34951,117
100,0,blank,0,-350,-105,34951,35069,118
100,0,blank,0,-350,-105,35069,35225,156
100,0,blank,0,-350,-105,35225,35428,203
100,0,blank,0,-350,-105,35428,35598,170
100,0,blank,0,-350,-105,35598,35657,59
100,0,blank,0,-350,-105,35657,35835,178
100,0,blank,0,-350,-105,35835,36008,173
100,0,blank,0,-350,-105,36008,36086,78
101,0,blank,0,-350,-105,36373,36544,171
101,0,blank,0,-350,-105,36544,36605,61
101,0,blank,0,-350,-105,36605,36919,314
101,0,blank,0,-350,-105,36919,37240,321
101,0,blank,0,-350,-105,37240,37408,168
101,0,blank,0,-350,-105,37408,37445,37
101,0,blank,0,-350,-105,37445,37731,286
101,0,blank,0,-350,-105,37731,38248,517
101,0,blank,0,-350,-105,38248,38401,153
101,0,blank,0,-350,-105,38401,38597,196
101,0,blank,0,-350,-105,38597,38758,161
101,0,blank,0,-350,-105,38758,38885,127
101,0,blank,0,-350,-105,38885,39068,183
101,0,blank,0,-350,-105,39068,39254,186
101,0,blank,0,-350,-105,39254,39408,154
101,0,blank,0,-350,-105,39408,39515,107
101,0,blank,0,-350,-105,39515,39714,199
101,0,blank,0,-350,-105,39714,39901,187
101,0,blank,0,-350,-105,39901,40017,116
101,0,blank,0,-350,-105,40017,40197,180
101,0,blank,0,-350,-105,40197,40387,190
101,0,blank,0,-350,-105,40387,40531,144
101,0,blank,0,-350,-105,40531,40715,184
101,0,blank,0,-350,-105,40715,40871,156
101,0,blank,0,-350,-105,40871,41069,198
101,0,blank,0,-350,-105,41069,41257,188
101,0,blank,0,-350,-105,41257,41420,163
101,0,blank,0,-350,-105,41420,41617,197
101,0,blank,0,-350,-105,41617,41817,200
101,0,blank,0,-350,-105,41817,42077,260
101,0,blank,0,-350,-105,42077,42453,376
101,0,blank,0,-350,-105,42453,42648,195
101,0,blank,0,-350,-105,42648,42786,138
101,0,blank,0,-350,-105,42786,42909,123
101,0,blank,0,-350,-105,42909,43059,150
101,0,blank,0,-350,-105,43059,43257,198
101,0,blank,0,-350,-105,43257,43437,180
101,0,blank,0,-350,-105,43437,43619,182
101,0,blank,0,-350,-105,43619,43679,60
101,0,blank,0,-350,-105,43679,43912,233
101,0,blank,0,-350,-105,43912,44092,180
101,0,blank,0,-350,-105,44092,44391,299
101,0,blank,0,-350,-105,44391,44652,261
101,0,blank,0,-350,-105,44652,44836,184
101,0,blank,0,-350,-105,44836,44947,111
101,0,blank,0,-350,-105,44947,45043,96
101,0,blank,0,-350,-105,45043,45224,181
101,0,blank,0,-350,-105,45224,45313,89
101,0,blank,0,-350,-105,45313,45682,369
101,0,blank,0,-350,-105,45682,45712,30
101,0,blank,0,-350,-105,45712,46005,293
101,0,blank,0,-350,-105,46005,46195,190
101,0,blank,0,-350,-105,46195,46351,156
101,0,blank,0,-350,-105,46351,46443,92
101,0,blank,0,-350,-105,46443,46554,111
101,0,blank,0,-350,-105,46554,46706,152
101,0,blank,0,-350,-105,46706,46782,76
101,0,blank,0,-350,-105,46782,46967,185
101,0,blank,0,-350,-105,46967,47178,211
101,0,blank,0,-350,-105,47178,47297,119
101,0,blank,0,-350,-105,47297,47563,266
101,0,blank,0,-350,-105,47563,47630,67
101,0,blank,0,-350,-105,47630,47816,186
101,0,blank,0,-350,-105,47816,48010,194
101,0,blank,0,-350,-105,48010,48165,155
101,0,blank,0,-350,-105,48165,48344,179
101,0,blank,0,-350,-105,48344,48492,148
101,0,blank,0,-350,-105,48492,48630,138
101,0,blank,0,-350,-105,48630,48811,181
101,0,blank,0,-350,-105,48811,48940,129
101,0,blank,0,-350,-105,48940,49095,155
101,0,blank,0,-350,-105,49095,49195,100
101,0,blank,0,-350,-105,49195,49368,173
101,0,blank,0,-350,-105,49368,49413,45
101,3,stdlib,27,117.0782,50.8261,49606,49656,50
101,4,main,32,76.6946,72.2207,50206,50237,31
101,0,blank,0,30.5141,90.0156,50509,50539,30
101,0,blank,0,-350,-105,50601,50773,172
101,0,blank,0,23.587,144.9504,50910,50935,25
101,4,int,31,3.20749999999998,88.7201,51755,51788,33
101,6,[,49,209.2795,120.367,52542,52572,30
101,6,comma,44,177.7188,114.7898,52634,52722,88
102,0,blank,0,103.5142,152.6106,53614,53645,31
102,7,i,54,91.69765,136.18035,53739,53801,62
102,0,blank,0,132.6181,146.693,53896,53926,30
102,0,blank,0,131.0337,134.3009,54076,54106,30
102,7,comma,65,131.7744,144.8954,54136,54196,60
102,0,blank,0,-350,-105,55542,55700,158
102,0,blank,0,-350,-105,56957,56986,29
102,9,"%d%d",77,142.66605,181.05345,57185,57245,60
102,9,row1,80,212.77525,191.8282,58096,58157,61
102,9,row1,80,205.0511,184.8286,58187,58249,62
102,9,"%d%d",77,117.6285,185.1989,60210,60307,97
102,0,blank,0,103.809666666667,197.35585,60339,60523,184
102,0,blank,0,179.085466666667,200.896333333333,60556,60740,184
102,9,"%d%d",77,159.1575,197.2196,60771,60803,32
102,10,"EntertheorderofthematrixB\n",88,155.5495,212.2037,60833,60864,31
102,0,blank,0,-350,-105,60896,61079,183
102,0,blank,0,-350,-105,61079,61229,150
102,0,blank,0,-350,-105,61229,61404,175
102,0,blank,0,-350,-105,61404,61482,78
102,0,blank,0,-350,-105,61795,61869,74
102,0,blank,0,36.0015,226.2253,62809,62843,34
102,0,blank,0,-350,-105,63214,63347,133
102,11,"%d%d",93,115.8024,231.3827,63373,63399,26
102,10,printf,86,82.64215,208.99435,63553,63674,121
102,0,blank,0,188.2287,230.9102,63798,63833,35
102,10,printf,86,65.5155,207.4555,64114,64143,29
103,20,"EntertheelementsofmatrixB\n",153,159.6784,122.4417,64350,64380,30
103,20,"EntertheelementsofmatrixB\n",153,145.627366666667,135.017933333333,64410,64499,89
103,20,"EntertheelementsofmatrixB\n",153,155.9021,128.42325,64528,64588,60
103,21,;,165,151.59915,148.56525,64617,64676,59
103,20,"EntertheelementsofmatrixB\n",153,141.958,140.5342,64707,64737,30
104,6,10,50,150.7161,126.77335,64796,64915,119
104,10,"EntertheorderofthematrixB\n",88,157.3498,207.1968,65128,65159,31
104,12,printf,102,90.4154,246.8107,65217,65247,30
104,12,printf,102,87.7359,247.344066666667,65278,65370,92
104,11,comma,97,250.5115,232.73925,65431,65493,62
104,0,blank,0,-350,-105,65555,65636,81
104,11,row2,96,215.6106,227.4009,65748,65771,23
104,11,"%d%d",93,148.55285,238.054975,65799,65919,120
104,11,scanf,91,57.1582,227.6938,66166,66197,31
104,11,scanf,91,71.2213,227.8422,66227,66258,31
104,9,scanf,75,73.4019,191.1991,66288,66319,31
104,0,blank,0,-350,-105,66412,66491,79
104,10,"EntertheorderofthematrixB\n",88,182.8995,218.0185,66622,66647,25
104,10,"EntertheorderofthematrixB\n",88,387.0757,212.2,67360,67387,27
104,0,blank,0,514.1205,210.3533,68006,68041,35
104,0,blank,0,534.8959,206.4933,68099,68129,30
104,11,row2,96,214.6279,243.6549,68521,68551,30
104,0,blank,0,-350,-105,68958,69120,162
104,12,"EntertheelementsofmatrixA\n",104,172.803,261.7428,69831,69861,30
104,10,"EntertheorderofthematrixB\n",88,196.8005,213.7787,70079,70108,29
104,11,comma,97,180.7887,234.2079,70168,70200,32
104,8,"EntertheorderofthematrixA\n",72,217.7726,160.0612,70298,70328,30
104,9,row1,80,217.7079,186.4767,70445,70476,31
104,11,column2,99,286.683,229.0684,70623,70656,33
104,0,blank,0,-350,-105,70751,70853,102
104,0,blank,0,-350,-105,71710,71904,194
104,0,blank,0,-350,-105,71904,71938,34
104,11,"%d%d",93,159.9993,225.209,72078,72110,32
104,12,"EntertheelementsofmatrixA\n",104,186.2057,248.4648,72235,72266,31
104,0,blank,0,-350,-105,72390,72523,133
104,11,row2,96,236.3106,243.9449,72745,72775,30
104,0,blank,0,-350,-105,72836,73021,185
104,12,(,103,107.7565,254.06315,73161,73213,52
104,13,for,107,51.2617,278.886466666667,73241,73333,92
104,13,for,107,58.3088666666667,274.877066666667,73364,73456,92
104,13,for,107,63.1738,270.643,73486,73517,31
104,13,for,107,57.6766,269.0797,73547,73578,31
104,12,printf,102,102.4492,256.32045,73609,73670,61
104,0,blank,0,-350,-105,73888,74075,187
104,13,=,110,121.401,273.2024,74288,74318,30
104,13,=,110,115.1818,278.1885,74378,74409,31
104,12,"EntertheelementsofmatrixA\n",104,114.0298,264.968933333333,74531,74624,93
104,12,"EntertheelementsofmatrixA\n",104,118.03685,262.4631,74686,74748,62
104,12,(,103,109.90635,260.7982,74779,74902,123
104,12,"EntertheelementsofmatrixA\n",104,186.0825,264.9023,75024,75077,53
104,0,blank,0,-350,-105,75108,75241,133
104,12,"EntertheelementsofmatrixA\n",104,339.3254,265.2394,75419,75543,124
104,12,"EntertheelementsofmatrixA\n",104,386.4348,260.8488,75606,75637,31
104,12,"EntertheelementsofmatrixA\n",104,378.9051,260.42015,75669,75732,63
104,12,"EntertheelementsofmatrixA\n",104,338.0933,255.80795,75920,75984,64
104,12,"EntertheelementsofmatrixA\n",104,395.4449,264.2053,76016,76048,32
104,12,"EntertheelementsofmatrixA\n",104,404.2905,260.4889,76111,76143,32
104,0,blank,0,-350,-105,76175,76362,187
104,0,blank,0,-350,-105,76362,76405,43
104,0,blank,0,-350,-105,76638,76743,105
104,0,blank,0,93.8857333333333,289.151033333333,76870,76953,83
104,13,for,107,66.8457,279.2509,77045,77075,30
104,0,blank,0,-350,-105,77228,77412,184
104,0,blank,0,-350,-105,77412,77488,76
104,0,blank,0,-350,-105,77965,78176,211
104,0,blank,0,-350,-105,78176,78340,164
104,0,blank,0,-350,-105,78340,78477,137
104,0,blank,0,-350,-105,78477,78593,116
104,0,blank,0,-350,-105,78593,78802,209
104,0,blank,0,-350,-105,78802,79022,220
104,0,blank,0,-350,-105,79022,79127,105
104,0,blank,0,241.9548,299.3581,80185,80217,32
104,0,blank,0,224.2984,301.0956,80280,80310,30
104,0,blank,0,230.06805,291.15455,80374,80437,63
104,0,blank,0,-350,-105,80470,80577,107
104,0,blank,0,180.584633333333,289.3923,80771,80867,96
104,13,i,117,170.5511,281.486,80992,81023,31
104,13,<,114,191.5243,279.0124,81179,81211,32
104,13,row1,115,213.2013,287.3742,81553,81584,31
104,12,"EntertheelementsofmatrixA\n",104,198.9689,257.622233333333,81615,81709,94
104,13,row1,115,207.6779,271.408733333333,81834,81928,94
104,13,;,116,250.2926,270.4243,82301,82332,31
104,0,blank,0,239.7436,291.3827,82516,82547,31
104,12,"EntertheelementsofmatrixA\n",104,204.9512,264.9831,82828,82891,63
104,0,blank,0,-350,-105,83049,83155,106
104,0,blank,0,257.4706,290.7535,83507,83539,32
104,13,row1,115,228.9337,273.794,83667,83735,68
104,12,"EntertheelementsofmatrixA\n",104,288.4576,258.1519,83937,83970,33
104,12,"EntertheelementsofmatrixA\n",104,239.4232,259.2288,84104,84137,33
104,13,;,116,249.7183,270.4613,84675,84705,30
104,0,blank,0,237.4122,291.3049,84828,84860,32
104,0,blank,0,-350,-105,84989,85099,110
104,13,row1,115,227.9536,276.9394,85245,85270,25
104,13,row1,115,236.9195,268.6463,85365,85396,31
104,13,row1,115,237.757,278.62305,85590,85654,64
104,13,row1,115,240.361,279.9312,85749,85779,30
104,0,blank,0,257.3851,266.2614,85810,85841,31
104,0,blank,0,255.457,277.981,86026,86057,31
104,0,blank,0,267.0773,303.4779,86272,86306,34
104,0,blank,0,235.4252,294.6996,86397,86428,31
104,13,;,116,245.690833333333,278.356833333333,86460,86555,95
104,0,blank,0,252.6145,288.8467,86618,86650,32
104,12,"EntertheelementsofmatrixA\n",104,238.5106,265.9977,86746,86778,32
104,13,row1,115,233.25345,278.28045,86810,86937,127
104,13,row1,115,228.4086,284.1021,87066,87131,65
104,13,row1,115,233.6547,287.7105,87196,87227,31
104,13,row1,115,237.965116666667,278.06365,87259,87453,194
104,12,"EntertheelementsofmatrixA\n",104,192.487966666667,259.2554,87613,87711,98
104,13,row1,115,239.71195,271.4334,87775,87840,65
104,13,;,116,250.3592,273.628,88098,88218,120
104,0,blank,0,-350,-105,88637,88784,147
104,15,for,121,90.187,314.8369,88862,88927,65
104,15,for,121,93.9016,330.0456,88960,88992,32
104,0,blank,0,74.95435,325.9074,89023,89087,64
104,15,for,121,100.3515,319.981,89151,89215,64
104,15,for,121,102.9496,325.1008,89458,89491,33
104,0,blank,0,119.2921,315.7002,89654,89719,65
104,0,blank,0,120.792,337.055,89752,89785,33
104,0,blank,0,119.7392,318.0938,89852,89885,33
104,0,blank,0,119.021,319.3974,89976,90005,29
104,0,blank,0,114.43815,324.78705,90066,90128,62
104,0,blank,0,165.8188,294.4835,90159,90190,31
104,0,blank,0,166.6617,332.8575,90221,90253,32
104,15,0,125,175.0403,326.7491,90315,90347,32
104,0,blank,0,172.42405,314.70605,90442,90568,126
104,0,blank,0,171.16886,314.49054,90599,90758,159
104,0,blank,0,172.8611,314.2143,90820,90851,31
104,15,0,125,178.1082,312.050366666667,90914,91009,95
104,0,blank,0,193.25735,326.3171,91040,91104,64
104,0,blank,0,192.75075,340.5378,91167,91229,62
104,15,<,128,232.4811,326.5087,91260,91291,31
104,15,column1,129,275.6633,323.4778,91415,91447,32
104,0,blank,0,248.2444,349.2126,91634,91666,32
104,15,column1,129,313.1558,322.215,91788,91819,31
104,0,blank,0,-350,-105,91851,92041,190
104,15,<,128,228.0747,318.7914,92718,92749,31
104,0,blank,0,-350,-105,93609,93800,191
104,0,blank,0,-350,-105,93800,93979,179
104,0,blank,0,-350,-105,93979,94042,63
104,15,j,131,203.4966,319.9044,94661,94690,29
104,0,blank,0,203.4022,404.7373,95205,95236,31
104,0,blank,0,248.181533333333,396.360966666667,95420,95513,93
104,0,blank,0,292.8108,377.6329,95822,95854,32
104,0,blank,0,-350,-105,95946,96077,131
104,0,blank,0,-350,-105,96139,96164,25
104,0,blank,0,244.02965,393.2576,96586,96647,61
104,0,blank,0,253.6228,404.8853,96678,96771,93
104,17,&,139,246.2487,370.6086,97631,97662,31
104,0,blank,0,267.3835,405.1477,97846,97877,31
104,0,blank,0,238.0415,386.2137,98062,98092,30
104,0,blank,0,-350,-105,98217,98404,187
104,0,blank,0,-350,-105,98404,98562,158
104,0,blank,0,-350,-105,98562,98675,113
104,0,blank,0,-350,-105,98675,98855,180
104,0,blank,0,-350,-105,98855,98885,30
104,0,blank,0,-350,-105,98885,99114,229
104,0,blank,0,-350,-105,99114,99349,235
104,0,blank,0,-350,-105,99349,99470,121
104,0,blank,0,99.889,289.6664,99519,99549,30
104,0,blank,0,-350,-105,99638,99717,79
104,0,blank,0,177.5829,332.0766,99909,99939,30
104,0,blank,0,166.3256,298.0214,99998,100029,31
104,20,printf,151,100.7935,422.6522,100208,100239,31
104,0,blank,0,113.0125,410.974,100269,100299,30
104,0,blank,0,157.8008,394.389,100701,100732,31
104,0,blank,0,-350,-105,100792,100873,81
104,15,=,124,163.3121,326.7525,101676,101708,32
104,12,"EntertheelementsofmatrixA\n",104,119.2808,249.4614,101927,101959,32
104,17,a,140,258.9353,373.4326,102179,102216,37
104,17,comma,138,228.0479,369.6058,102278,102310,32
104,0,blank,0,-350,-105,102434,102515,81
104,17,comma,138,230.0776,358.9474,102725,102753,28
104,0,blank,0,249.6217,387.8478,102786,102850,64
104,0,blank,0,256.1946,396.5475,103077,103110,33
104,0,blank,0,179.6403,346.374,103206,103240,34
104,0,blank,0,168.3576,354.14185,103435,103499,64
104,12,"EntertheelementsofmatrixA\n",104,160.2138,262.6504,103692,103727,35
104,12,"EntertheelementsofmatrixA\n",104,271.8748,257.1322,103862,103912,50
104,0,blank,0,-350,-105,104403,104582,179
104,0,blank,0,-350,-105,104582,104762,180
104,0,blank,0,-350,-105,104762,104957,195
104,0,blank,0,-350,-105,105381,105460,79
104,0,blank,0,144.7045,337.8809,106042,106073,31
104,0,blank,0,107.6839,332.274,106102,106131,29
104,0,blank,0,286.418,334.5984,106342,106432,90
104,15,column1,129,289.2128,319.0638,106523,106553,30
104,0,blank,0,-350,-105,106614,106771,157
104,0,blank,0,-350,-105,107768,107928,160
104,0,blank,0,146.6158,321.4987,108124,108155,31
104,0,blank,0,217.7128,310.4119,108186,108217,31
104,0,blank,0,201.8154,324.9766,108268,108355,87
104,0,blank,0,120.8481,320.495783333333,108656,108836,180
104,15,<,128,223.8868,316.028,108898,108928,30
104,0,blank,0,171.168875,317.44595,109048,109171,123
104,0,blank,0,-350,-105,109231,109413,182
104,0,blank,0,-350,-105,109413,109592,179
104,0,blank,0,-350,-105,109592,109770,178
104,0,blank,0,-350,-105,109770,109941,171
104,0,blank,0,-350,-105,109941,110119,178
104,0,blank,0,-350,-105,110119,110317,198
104,0,blank,0,-350,-105,110317,110463,146
104,0,blank,0,-350,-105,110463,110580,117
104,0,blank,0,-350,-105,110580,110779,199
104,0,blank,0,-350,-105,110779,110973,194
104,0,blank,0,-350,-105,110973,111153,180
104,0,blank,0,-350,-105,111153,111308,155
104,0,blank,0,-350,-105,111308,111384,76
104,0,blank,0,-350,-105,111865,112052,187
104,0,blank,0,-350,-105,112194,112327,133
104,15,column1,129,292.8984,322.6781,114633,114672,39
104,0,blank,0,-350,-105,114905,115212,307
104,0,blank,0,-350,-105,115212,115310,98
104,0,blank,0,-350,-105,115310,115412,102
105,0,blank,0,-350,-105,117126,117286,160
105,0,blank,0,-350,-105,117286,117349,63
105,0,blank,0,-350,-105,117349,118205,856
105,0,blank,0,-350,-105,118205,118303,98
105,0,blank,0,-350,-105,118303,118440,137
105,0,blank,0,113.3022,341.0081,119750,119788,38
105,0,blank,0,-350,-105,120053,120191,138
105,28,"MATRIXAis\n",202,268.6344,310.5167,120689,120719,30
105,0,blank,0,60.2446,365.0909,121586,121616,30
105,0,blank,0,-350,-105,121649,121783,134
105,0,blank,0,77.603,354.3575,121984,122014,30
105,0,blank,0,152.5117,390.9283,122345,122374,29
105,0,blank,0,135.0524,352.3089,122986,123015,29
106,0,blank,0,233.2904,74.26485,123259,123320,61
107,0,blank,0,409.9596,30.647,123564,123589,25
107,1,check,10,405.103,21.343,123647,123677,30
108,1,they,12,515.192,22.8106,123861,123890,29
108,0,blank,0,574.9426,11.9316,123920,123951,31
108,1,are,13,569.4865,21.9557333333333,123981,124073,92
109,0,blank,0,164.2462,67.1709,124194,124224,30
109,0,blank,0,-350,-105,124503,124614,111
110,0,blank,0,110.0229,356.0656,125298,125328,30
110,0,blank,0,-350,-105,126005,126192,187
110,0,blank,0,-350,-105,126192,126357,165
110,0,blank,0,-350,-105,126357,126478,121
110,0,blank,0,-350,-105,126478,126660,182
110,0,blank,0,-350,-105,126660,126721,61
110,0,blank,0,-350,-105,126721,126891,170
110,0,blank,0,-350,-105,126891,127704,813
110,0,blank,0,-350,-105,127704,127886,182
110,0,blank,0,-350,-105,127886,128079,193
110,0,blank,0,-350,-105,128079,128194,115
110,0,blank,0,946.695,226.8497,129599,129630,31
110,0,blank,0,976.281,170.8724,129849,129880,31
110,0,blank,0,979.964,171.8402,129911,129974,63
110,0,blank,0,978.948,163.45044,130037,130195,158
110,0,blank,0,976.988333333333,165.872933333333,130226,130323,97
110,0,blank,0,976.371,149.9301,130352,130448,96
110,0,blank,0,-350,-105,130480,130614,134
110,0,blank,0,239.8992,291.8867,130780,130806,26
110,29,i,215,173.2823,333.4557,130903,130935,32
110,0,blank,0,210.7575,390.4437,131151,131183,32
110,0,blank,0,172.193,202.9288,131424,131455,31
110,21,++,167,274.7892,157.3082,131978,132006,28
111,28,printf,200,56.4922,297.7418,132252,132282,30
111,0,blank,0,112.1623,335.1932,132756,132787,31
111,0,blank,0,-350,-105,132973,133161,188
111,0,blank,0,-350,-105,133161,133218,57
111,0,blank,0,76.262,352.3361,133358,133389,31
111,0,blank,0,84.8731,342.9697,133419,133451,32
111,0,blank,0,-350,-105,133700,133803,103
111,0,blank,0,186.8965,346.0751,134062,134122,60
111,29,i,215,166.0541,330.3718,134184,134216,32
111,29,row1,213,216.547,335.74105,134311,134370,59
111,0,blank,0,252.9949,48.6522,136095,136127,32
111,0,blank,0,328.038,2.9096,136157,136187,30
111,0,blank,0,332.9984,83.4867,136219,136250,31
111,0,blank,0,-350,-105,136564,136645,81
111,0,blank,0,162.0501,338.1173,136754,136779,25
111,0,blank,0,167.4016,349.702566666667,136834,136926,92
111,0,blank,0,156.1729,346.6398,136989,137020,31
111,29,;,214,151.4961,336.806,137145,137176,31
111,0,blank,0,62.86925,384.23075,137239,137301,62
111,0,blank,0,56.30995,363.8951,137364,137425,61
111,0,blank,0,43.56055,377.74775,137486,137548,62
111,0,blank,0,103.279133333333,361.1196,137607,137698,91
111,0,blank,0,175.3002,354.2608,137880,137911,31
111,0,blank,0,-350,-105,137973,138152,179
111,0,blank,0,-350,-105,138152,138265,113
111,31,;,228,187.5091,380.1693,138362,138394,32
111,31,=,222,153.5067,379.5798,138648,138680,32
111,0,blank,0,-350,-105,138774,138908,134
111,0,blank,0,129.4898,400.903,139757,139800,43
111,31,for,219,85.54075,376.2928,139934,139995,61
111,31,for,219,86.2173,380.27165,140058,140121,63
111,0,blank,0,118.81655,384.1946,140183,140246,63
111,0,blank,0,-350,-105,140309,140392,83
111,0,blank,0,172.2948,392.9436,140504,140530,26
111,0,blank,0,141.8383,390.9896,140560,140624,64
111,0,blank,0,147.0705,382.535633333333,140656,140752,96
111,0,blank,0,209.192683333333,385.00475,140784,140973,189
111,31,0,223,175.2655,377.518733333333,141066,141251,185
111,31,0,223,182.5944,376.6444,141251,141281,30
111,31,<,226,227.2839,377.5956,141312,141342,30
111,0,blank,0,240.16015,372.3213,141465,141526,61
111,31,j,229,208.602483333333,381.267516666667,141556,141741,185
111,31,j,229,204.7244,381.319233333333,141741,141833,92
111,31,column1,227,244.7174,369.0399,141895,141926,31
111,31,<,226,232.6734,380.4508,141957,141988,31
111,0,blank,0,247.3972,358.4786,142019,142051,32
111,0,blank,0,229.4369,391.9002,142145,142207,62
111,0,blank,0,275.6411,386.37,142360,142390,30
111,31,column1,227,249.3576,374.3592,142421,142451,30
111,31,column1,227,253.63016,375.25606,142695,142850,155
111,31,column1,227,252.040933333333,377.63165,142944,143129,185
111,31,column1,227,277.6661,379.7321,143193,143224,31
111,31,column1,227,290.71655,378.602533333333,143350,143536,186
111,31,column1,227,293.035766666667,381.088883333333,143536,143726,190
111,31,column1,227,303.0765,378.4166,143726,143757,31
111,31,column1,227,276.5698,383.9606,143788,143820,32
111,0,blank,0,69.0210666666667,422.353933333333,143884,144073,189
111,0,blank,0,78.7774,413.1814,144073,144105,32
111,0,blank,0,62.6349,419.705433333333,144137,144232,95
111,0,blank,0,122.3208,425.6524,144295,144327,32
111,0,blank,0,-350,-105,144390,144498,108
111,33,printf,233,128.9628,421.3389,144641,144667,26
111,33,printf,233,134.734666666667,423.5123,144723,144816,93
111,33,printf,233,161.6268,424.003866666667,144878,145065,187
111,33,printf,233,163.9846,415.928475,145065,145189,124
111,31,(,220,132.173,381.4904,145310,145341,31
111,0,blank,0,141.817233333333,396.090433333333,145401,145491,90
111,31,=,222,158.694433333333,378.058883333333,145523,145707,184
111,31,=,222,156.10285,376.03925,145707,145767,60
111,33,printf,233,171.6204,422.0714,145829,145891,62
111,33,printf,233,163.7984,424.32645,145953,146015,62
111,0,blank,0,177.09015,405.8249,146046,146110,64
111,0,blank,0,-350,-105,146140,146249,109
111,33,printf,233,151.655116666667,422.764833333333,146390,146566,176
111,33,printf,233,151.7149,413.8911,146599,146629,30
111,33,printf,233,160.1498,407.3625,146724,146755,31
111,33,"%3d",235,209.3364,421.93965,146786,146911,125
111,33,"%3d",235,215.23665,425.80015,146941,147005,64
111,33,"%3d",235,214.54085,427.61035,147036,147096,60
111,33,"%3d",235,226.9389,411.3674,147186,147218,32
111,33,"%3d",235,216.0793,425.810116666667,147248,147435,187
111,33,"%3d",235,215.9826,423.8516,147435,147465,30
111,33,"%3d",235,222.79,427.2205,147527,147558,31
111,33,"%3d",235,218.856,421.0632,147589,147682,93
111,0,blank,0,208.171,429.0037,147713,147746,33
111,33,"%3d",235,218.15652,427.54844,147776,147934,158
111,0,blank,0,210.81885,430.0141,147999,148061,62
111,33,"%3d",235,212.957716666667,413.616966666667,148157,148346,189
111,33,"%3d",235,217.1073,417.2423,148346,148536,190
111,33,"%3d",235,220.653183333333,417.932816666667,148536,148729,193
111,33,"%3d",235,219.829716666667,418.494383333333,148729,148922,193
111,33,"%3d",235,224.973833333333,422.534333333333,148922,149038,116
111,33,"%3d",235,230.72265,409.07185,149231,149411,180
111,0,blank,0,220.523516666667,404.850033333333,149411,149610,199
111,0,blank,0,215.764333333333,406.029866666667,149610,149805,195
111,0,blank,0,214.105166666667,406.993666666667,149805,149902,97
111,0,blank,0,218.558933333333,401.209366666667,149935,150130,195
111,0,blank,0,216.5587,404.795516666667,150130,150328,198
111,33,"%3d",235,214.746683333333,407.852866666667,150328,150525,197
111,33,"%3d",235,217.36375,411.2727,150525,150591,66
111,0,blank,0,113.2479,408.6038,150658,150690,32
111,0,blank,0,-350,-105,150757,150943,186
111,0,blank,0,-350,-105,151061,151252,191
111,0,blank,0,-350,-105,151252,151348,96
111,0,blank,0,188.8182,431.1022,151435,151466,31
111,0,blank,0,173.0648,438.9601,151497,151529,32
111,0,blank,0,205.1428,392.5302,151655,151685,30
111,0,blank,0,238.9675,446.073,152103,152134,31
111,33,"%3d",235,210.7683,414.25135,152193,152255,62
111,34,},246,89.9281,447.2681,152285,152314,29
111,0,blank,0,-350,-105,152434,152615,181
111,0,blank,0,-350,-105,152615,152735,120
111,0,blank,0,-350,-105,152735,152891,156
111,0,blank,0,-350,-105,152992,153157,165
111,0,blank,0,-350,-105,153157,153289,132
111,35,printf,247,85.43935,463.37875,153323,153371,48
111,0,blank,0,55.5128666666667,374.675366666667,153433,153528,95
111,0,blank,0,56.1715333333333,375.34565,153558,153746,188
111,0,blank,0,51.4480833333334,380.70725,153746,153931,185
111,0,blank,0,25.1262333333333,336.814966666667,153994,154089,95
111,0,blank,0,10.0227,331.7208,154121,154153,32
111,0,blank,0,19.1425,331.8643,154184,154215,31
111,0,blank,0,19.3265,334.9592,154247,154278,31
111,0,blank,0,-350,-105,154341,154448,107
111,0,blank,0,77.2788,475.2117,154609,154635,26
111,0,blank,0,68.9366166666667,462.627166666667,154694,154885,191
111,0,blank,0,62.57005,465.014625,154885,155012,127
111,0,blank,0,137.8207,437.2657,155043,155073,30
111,0,blank,0,148.08388,430.67322,155136,155291,155
111,0,blank,0,201.0939,377.685,155472,155502,30
111,0,blank,0,-350,-105,155686,155871,185
111,0,blank,0,-350,-105,155871,156039,168
111,0,blank,0,-350,-105,156184,156372,188
111,33,"%3d",235,232.7257,422.463033333333,156396,156579,183
111,0,blank,0,229.2372,437.8948,156579,156611,32
111,33,printf,233,157.21214,416.60712,156672,156828,156
111,0,blank,0,118.974866666667,378.308066666667,156890,156981,91
111,0,blank,0,119.835075,377.978625,157012,157134,122
111,31,column1,227,258.2708,365.402233333333,157164,157257,93
111,31,<,226,225.79574,368.14288,157286,157440,154
111,0,blank,0,-350,-105,157502,157583,81
111,0,blank,0,151.47355,406.8939,157779,157843,64
111,33,printf,233,164.5876,419.8166,157907,157938,31
111,33,printf,233,171.0208,416.39994,157970,158127,157
111,33,"%3d",235,241.055033333333,416.111033333333,158189,158377,188
111,33,printf,233,140.30555,420.084,158440,158501,61
111,33,printf,233,179.8957,409.0976,158589,158623,34
111,28,"MATRIXAis\n",202,127.3199,316.981,158851,158882,31
111,28,"MATRIXAis\n",202,138.4913,299.8863,159009,159041,32
111,0,blank,0,-350,-105,159231,159367,136
111,0,blank,0,80.93865,331.20455,159504,159682,178
111,29,for,205,73.0134,326.0668,159682,159713,31
111,28,"MATRIXAis\n",202,137.0161,307.1519,159806,159868,62
111,29,0,209,141.6692,320.95545,159900,159958,58
111,0,blank,0,-350,-105,160140,160247,107
111,35,printf,247,131.7428,460.3232,160849,160877,28
111,0,blank,0,218.202,489.1659,160939,160969,30
111,37,"MATRIXBis\n",255,198.5842,514.8325,161118,161148,30
111,37,"MATRIXBis\n",255,200.0865,499.0846,161179,161209,30
111,0,blank,0,167.9336,486.8845,161268,161298,30
111,37,"MATRIXBis\n",255,189.0837,497.0125,161448,161478,30
111,0,blank,0,182.5699,485.1496,161568,161598,30
111,0,blank,0,33.1871333333333,520.461766666667,162004,162096,92
111,0,blank,0,-350,-105,162126,162231,105
111,0,blank,0,81.23335,532.48635,162423,162485,62
111,37,printf,253,89.6671,506.4218,162517,162548,31
111,38,(,259,90.3056,523.0847,162578,162610,32
111,0,blank,0,169.518525,516.956825,162641,162762,121
111,0,blank,0,180.7427,519.4017,162879,162911,32
111,38,;,267,244.873,517.0298,163090,163151,61
111,38,row2,266,232.1857,523.3795,163180,163210,30
111,40,j,282,134.4266,561.0634,163330,163361,31
111,40,j,282,139.83325,569.3701,163391,163451,60
111,38,row2,266,221.51,533.3694,163540,163572,32
111,38,row2,266,218.780516666667,521.2959,163632,163820,188
111,37,"MATRIXBis\n",255,188.86775,514.01605,163882,163944,62
111,0,blank,0,217.8918,547.2867,163977,164008,31
111,0,blank,0,214.628966666667,565.609633333333,164040,164137,97
111,0,blank,0,-350,-105,164358,164414,56
111,0,blank,0,61.7171333333333,569.508733333333,164516,164592,76
111,0,blank,0,118.84495,567.4396,164625,164810,185
111,0,blank,0,114.03,573.1278,164810,164873,63
111,0,blank,0,181.2937,556.0335,164904,164966,62
111,40,=,275,158.259,568.261,164998,165029,31
111,0,blank,0,169.0154,569.7809,165061,165091,30
111,0,blank,0,90.6627666666667,559.816016666667,165152,165336,184
111,40,for,272,95.7619666666667,571.321933333333,165336,165429,93
111,0,blank,0,149.3154,548.0681,165553,165584,31
111,0,blank,0,192.2215,576.419,165646,165678,32
111,40,;,281,184.681,567.61855,165772,165898,126
111,40,;,281,190.691033333333,572.2853,165929,166118,189
111,0,blank,0,194.3832,565.53465,166118,166181,63
112,0,blank,0,194.514633333333,460.3538,166276,166371,95
112,0,blank,0,201.2041,344.15075,166465,166526,61
112,0,blank,0,190.5422,345.5377,166589,166619,30
112,0,blank,0,212.6466,292.8667,166649,166711,62
112,0,blank,0,-350,-105,167414,167522,108
112,0,blank,0,310.6687,254.9236,167893,167926,33
112,40,column2,280,279.6691,263.3721,167961,167996,35
112,0,blank,0,110.4365,312.2887,168336,168368,32
112,0,blank,0,-350,-105,168398,168506,108
112,0,blank,0,111.7083,326.4106,168539,168585,46
112,42,printf,286,123.39815,324.4272,168647,168700,53
112,42,"%3d",288,196.2576,308.8492,168823,168854,31
112,0,blank,0,255.9251,323.0624,169336,169367,31
112,42,"%3d",288,210.9598,318.082,170008,170039,31
112,0,blank,0,193.6896,286.3951,170070,170104,34
112,0,blank,0,-350,-105,170168,170356,188
112,0,blank,0,-350,-105,170356,170552,196
112,0,blank,0,-350,-105,170552,170635,83
112,0,blank,0,119.9126,288.2074,170665,170719,54
112,42,printf,286,143.6065,308.169025,170763,170921,158
112,0,blank,0,-350,-105,170948,171059,111
112,42,printf,286,179.9739,308.085366666667,171210,171395,185
112,0,blank,0,178.944566666667,303.800766666667,171395,171591,196
112,0,blank,0,176.62165,292.58305,171624,171688,64
112,42,"%3d",288,237.47685,318.22185,171878,171942,64
112,42,"%3d",288,228.2189,313.6912,171973,172036,63
112,42,"%3d",288,238.534,318.9254,172131,172162,31
112,42,"%3d",288,233.686433333333,319.621733333333,172194,172289,95
112,42,"%3d",288,235.7271,322.8461,172415,172606,191
112,42,"%3d",288,240.6386,324.01365,172639,172701,62
112,42,printf,286,170.2063,310.4798,172767,172797,30
112,42,printf,286,156.47385,308.575425,172829,172958,129
112,42,printf,286,180.1301,308.5773,172991,173023,32
112,42,(,287,185.800166666667,318.340766666667,173054,173149,95
112,42,(,287,189.349516666667,311.892166666667,173181,173370,189
112,42,(,287,190.744766666667,308.7447,173434,173528,94
112,0,blank,0,-350,-105,173560,173666,106
112,42,"%3d",288,231.780533333333,319.2683,173837,173929,92
112,42,"%3d",288,225.048575,308.384725,173960,174086,126
112,42,"%3d",288,226.4919,312.9207,174117,174150,33
112,42,"%3d",288,228.59355,312.77015,174244,174306,62
112,0,blank,0,262.4006,329.4318,174643,174674,31
112,42,"%3d",288,242.889733333333,309.961566666667,174705,174799,94
112,42,comma,289,247.19515,307.9441,174862,174924,62
112,42,comma,289,246.8464,306.257175,174956,175080,124
112,0,blank,0,152.019225,304.135775,175143,175269,126
112,0,blank,0,-350,-105,175331,175438,107
112,0,blank,0,192.3372,303.6595,175568,175593,25
112,0,blank,0,191.83505,302.025925,175652,175776,124
112,44,printf,300,117.520133333333,357.260433333333,175838,175932,94
112,44,printf,300,121.441166666667,353.907933333333,175963,176055,92
112,0,blank,0,71.95375,359.382225,176086,176210,124
112,0,blank,0,71.15685,346.15545,176240,176301,61
112,0,blank,0,144.5803,385.2875,177289,177378,89
112,44,printf,300,102.7085,351.081875,177465,177602,137
112,0,blank,0,-350,-105,177664,177744,80
112,44,printf,300,101.403033333333,363.6888,177882,177964,82
112,44,printf,300,105.2236,364.497633333333,178057,178245,188
112,44,printf,300,108.441233333333,363.006916666667,178245,178431,186
112,44,printf,300,110.16285,360.71335,178431,178491,60
112,44,printf,300,112.144033333333,367.647,178553,178736,183
112,44,printf,300,109.0767,365.5437,178736,178829,93
112,44,printf,300,110.47235,362.086366666667,178890,179075,185
112,44,printf,300,109.294775,359.96835,179075,179200,125
112,44,printf,300,109.90282,357.9118,179232,179390,158
112,44,printf,300,108.94505,358.7525,179421,179546,125
112,44,printf,300,104.167766666667,360.945633333333,179578,179673,95
112,44,printf,300,102.231,356.2581,179703,179735,32
112,44,printf,300,105.1113,355.8622,179767,179797,30
112,44,printf,300,106.710283333333,356.225216666667,179829,180017,188
112,44,printf,300,106.8033,358.4835,180017,180207,190
112,44,printf,300,104.284666666667,358.418933333333,180207,180302,95
112,44,printf,300,104.75415,356.0901,180333,180523,190
112,0,blank,0,-350,-105,180554,180611,57
112,0,blank,0,-350,-105,180661,180692,31
112,44,printf,300,120.629483333333,360.5298,180741,180928,187
112,44,printf,300,118.169083333333,355.899066666667,180959,181150,191
112,44,printf,300,116.5242,358.320483333333,181150,181337,187
112,44,printf,300,122.193033333333,357.332083333333,181337,181520,183
112,44,printf,300,124.4301,355.766666666667,181520,181705,185
112,44,printf,300,125.14518,358.34182,181705,181859,154
112,44,printf,300,122.9906,365.29075,181922,181983,61
112,44,printf,300,135.5934,358.4245,182014,182045,31
112,44,printf,300,120.23132,350.47406,182107,182263,156
112,44,printf,300,118.292,352.93405,182385,182572,187
112,44,printf,300,125.764783333333,351.88255,182572,182760,188
112,0,blank,0,122.009966666667,347.9436,182760,182949,189
112,44,printf,300,122.884466666667,349.074883333333,182949,183139,190
112,0,blank,0,120.69552,348.28704,183139,183298,159
112,0,blank,0,-350,-105,183362,183416,54
112,0,blank,0,140.574683333333,341.913533333333,183547,183724,177
112,0,blank,0,128.87585,340.357716666667,183724,183916,192
112,0,blank,0,111.840083333333,342.340516666667,183948,184135,187
112,0,blank,0,113.5334,348.9402,184135,184167,32
112,44,printf,300,102.25565,353.1409,184197,184261,64
112,0,blank,0,108.2844,234.0506,184323,184510,187
112,38,i,268,100.2924,232.2088,184573,184606,33
112,40,(,273,128.8212,263.0374,184668,184860,192
112,0,blank,0,124.605633333333,261.95075,184860,185049,189
112,0,blank,0,129.5428,259.67785,185049,185113,64
112,0,blank,0,-350,-105,185175,185227,52
112,40,j,282,138.184333333333,281.362766666667,185357,185443,86
112,0,blank,0,211.6115,241.7182,185474,185506,32
112,0,blank,0,224.873,249.5239,185570,185602,32
112,0,blank,0,207.8511,259.71855,185634,185760,126
112,40,j,282,205.83705,268.2113,185790,185852,62
112,0,blank,0,120.935,264.13575,185914,185976,62
112,40,j,282,133.4872,269.5662,186007,186037,30
112,0,blank,0,-350,-105,186067,186122,55
112,0,blank,0,-350,-105,186173,186198,25
112,0,blank,0,146.2192,250.2592,186224,186250,26
112,0,blank,0,120.7799,267.228,186380,186410,30
112,40,(,273,130.93155,264.496975,186441,186567,126
112,40,j,282,133.202716666667,270.810116666667,186629,186816,187
112,40,j,282,139.0495,262.8815,186816,186909,93
112,40,j,282,135.3601,269.8004,186970,187031,61
112,44,printf,300,109.81625,354.69635,187063,187125,62
112,44,printf,300,109.6129,352.7807,187220,187251,31
112,44,printf,300,100.1335,354.8408,187314,187346,32
112,43,},299,92.6905,332.945766666667,187377,187473,96
112,0,blank,0,137.2472,302.3526,187536,187632,96
112,42,(,287,191.8078,311.63845,187727,187790,63
112,0,blank,0,-350,-105,187853,187935,82
112,0,blank,0,80.0668666666667,251.173933333333,188050,188233,183
112,0,blank,0,83.9065,253.51265,188265,188329,64
112,38,for,258,52.6178,219.8215,188425,188456,31
112,0,blank,0,-350,-105,188519,188678,159
112,0,blank,0,45.60035,361.8212,188810,188863,53
112,46,(,307,82.5990333333333,396.645166666667,188924,189015,91
112,0,blank,0,27.9834,383.1114,189077,189109,32
112,0,blank,0,27.4247,388.7098,189139,189170,31
112,0,blank,0,-350,-105,189202,189386,184
112,0,blank,0,127.2845,335.0456,189412,189438,26
112,44,printf,300,109.6878,349.01715,189491,189541,50
112,0,blank,0,122.265225,389.30525,189597,189742,145
112,46,row1,308,98.86725,400.06845,189775,189946,171
112,0,blank,0,69.619,399.4454,190010,190140,130
112,0,blank,0,-350,-105,190560,190693,133
112,0,blank,0,-350,-105,191242,191430,188
112,46,row1,308,115.1847,408.2554,191510,191541,31
112,0,blank,0,100.1844,415.5268,192357,192388,31
112,0,blank,0,114.2904,421.49305,192796,192862,66
112,0,blank,0,67.7821,390.2906,193341,193405,64
112,0,blank,0,-350,-105,194246,194353,107
112,0,blank,0,121.1417,422.6866,194510,194535,25
112,0,blank,0,132.3888,432.8583,194564,194594,30
112,0,blank,0,119.29935,425.71735,194626,194691,65
112,0,blank,0,-350,-105,195071,195102,31
112,0,blank,0,140.91315,428.1069,195369,195431,62
112,48,printf,317,140.5059,437.3719,195556,195584,28
112,0,blank,0,-350,-105,195617,195812,195
112,46,row1,308,86.8034333333333,403.093866666667,195981,196083,102
112,0,blank,0,-350,-105,196684,196716,32
112,0,blank,0,-350,-105,196809,196867,58
112,0,blank,0,74.8227,388.953,196893,196919,26
112,44,printf,300,136.8496,368.5723,196995,197052,57
112,0,blank,0,86.5132,417.4329,197149,197184,35
112,0,blank,0,-350,-105,197508,197700,192
112,0,blank,0,173.2783,383.2009,197753,197781,28
112,0,blank,0,-350,-105,197975,198008,33
112,46,row1,308,97.4495,412.1967,198520,198553,33
112,0,blank,0,-350,-105,198586,198722,136
112,46,row1,308,114.0189,398.2818,198759,198804,45
112,0,blank,0,-350,-105,199799,199908,109
112,46,row2,310,195.71165,399.0173,200064,200124,60
112,0,blank,0,205.0388,416.2023,200155,200189,34
112,46,row2,310,197.63545,397.4932,200219,200282,63
112,0,blank,0,205.5565,412.6505,200344,200375,31
112,0,blank,0,149.222,391.1203,200501,200534,33
112,0,blank,0,172.375566666667,389.197533333333,200627,200720,93
112,46,row2,310,169.3529,397.69075,200844,200905,61
112,0,blank,0,-350,-105,200936,201068,132
112,0,blank,0,57.5732,386.54005,201287,201351,64
112,0,blank,0,58.60546,388.33752,201477,201634,157
112,0,blank,0,68.5839333333333,395.8473,201695,201791,96
112,0,blank,0,73.437,391.5356,201821,201853,32
112,0,blank,0,13.56015,397.11555,201914,201979,65
112,0,blank,0,16.44762,404.05706,202042,202200,158
112,0,blank,0,15.0876,409.4568,202231,202263,32
112,0,blank,0,-350,-105,202296,202492,196
112,0,blank,0,70.9857,393.5925,202602,202729,127
112,0,blank,0,71.1936,394.4061,202823,203012,189
112,0,blank,0,22.9435666666667,398.455883333333,203073,203259,186
112,0,blank,0,19.4946166666667,396.697183333333,203259,203443,184
112,0,blank,0,13.1055666666667,404.483866666667,203443,203535,92
112,0,blank,0,23.7610666666667,399.712833333333,203566,203660,94
112,0,blank,0,23.38778,401.15142,203724,203880,156
112,0,blank,0,15.525875,392.523025,203911,204037,126
112,0,blank,0,15.5178,401.1167,204100,204165,65
112,0,blank,0,-350,-105,204198,204331,133
112,0,blank,0,53.4057,416.1323,204357,204382,25
112,46,if,306,54.1950333333333,397.0291,204435,204516,81
112,46,if,306,58.62855,393.332633333333,204579,204766,187
112,0,blank,0,64.0766,390.92555,204766,204830,64
112,46,if,306,54.9328,395.37785,204860,204924,64
112,0,blank,0,65.2014,392.874,204954,204985,31
112,46,if,306,59.30585,401.2061,205016,205078,62
112,0,blank,0,65.63885,399.46765,205143,205202,59
112,46,if,306,63.611575,403.8983,205296,205419,123
112,46,if,306,63.00285,402.181666666667,205450,205641,191
112,0,blank,0,65.036875,406.24665,205641,205768,127
112,46,if,306,58.2238166666667,402.673633333333,205833,206023,190
112,46,if,306,58.196,393.7247,206023,206055,32
112,0,blank,0,-350,-105,206118,206227,109
112,0,blank,0,107.3478,389.7995,206438,206470,32
112,0,blank,0,127.0792,383.131,206696,206726,30
112,0,blank,0,135.4772,386.3873,206790,206821,31
112,0,blank,0,129.8047,384.2669,206918,206949,31
112,0,blank,0,-350,-105,207398,207546,148
112,0,blank,0,-350,-105,207546,207627,81
112,0,blank,0,126.3377,382.8463,207778,207809,31
112,46,row1,308,106.86585,397.7282,207840,207905,65
112,46,row1,308,119.5485,397.8279,208030,208063,33
112,0,blank,0,135.984,383.2632,208157,208189,32
112,0,blank,0,-350,-105,208251,208384,133
112,46,row1,308,120.475533333333,409.61175,208639,208832,193
112,46,row1,308,123.02358,406.64442,208832,208989,157
112,0,blank,0,103.8793,390.55,209020,209053,33
112,46,(,307,82.6313,400.3381,209083,209114,31
112,0,blank,0,73.2352,408.1356,209147,209178,31
112,0,blank,0,91.7772,389.0032,209368,209398,30
112,46,row1,308,87.106,403.5774,209717,209782,65
112,46,(,307,76.66825,400.01465,209907,209971,64
112,46,(,307,82.853,400.082,210071,210103,32
112,46,(,307,82.5629,405.7191,210222,210340,118
112,0,blank,0,83.2477,409.9602,210340,210446,106
112,46,(,307,80.3252666666667,400.380666666667,210551,210653,102
112,0,blank,0,107.0305,388.5655,210686,210780,94
112,0,blank,0,-350,-105,210903,211011,108
112,46,==,313,133.9698,397.59065,211401,211468,67
112,46,==,313,147.7105,399.763075,211561,211683,122
112,0,blank,0,-350,-105,212081,212271,190
112,45,},305,49.9341,391.0834,212296,212319,23
112,46,column1,312,258.4047,397.9532,212790,212820,30
112,46,column1,312,263.0593,405.0298,213127,213157,30
112,0,blank,0,232.4246,402.6998,213402,213432,30
112,0,blank,0,-350,-105,213917,214072,155
112,0,blank,0,222.7606,389.5813,214104,214146,42
112,0,blank,0,389.2335,343.567,214396,214428,32
112,0,blank,0,295.37075,382.8887,214840,214904,64
112,0,blank,0,334.1324,388.895,215153,215185,32
112,46,row1,308,88.89,408.9752,215467,215499,32
112,0,blank,0,93.72785,414.8106,215532,215596,64
112,0,blank,0,63.0414,438.9825,215725,215757,32
112,0,blank,0,-350,-105,215790,215949,159
112,48,"Matricescanbecompared\n",319,159.1809,443.4288,215975,216000,25
112,0,blank,0,240.1155,429.0654,216597,216627,30
112,0,blank,0,404.2395,460.674,216724,216755,31
112,0,blank,0,-350,-105,217255,217411,156
112,46,row2,310,168.6348,404.2799,217536,217561,25
112,46,row1,308,121.3496,405.97915,217680,217747,67
112,0,blank,0,83.7623,393.9124,217913,217946,33
112,0,blank,0,67.9489,410.9091,217978,218010,32
112,0,blank,0,-350,-105,218135,218265,130
112,46,column1,312,257.8669,399.2219,218294,218333,39
112,0,blank,0,111.908,434.5118,219176,219240,64
112,0,blank,0,-350,-105,219562,219747,185
112,0,blank,0,-350,-105,219747,219858,111
112,0,blank,0,143.8963,494.4121,220357,220388,31
112,0,blank,0,158.1099,526.1517,220798,220830,32
112,0,blank,0,143.0193,540.645,220892,220926,34
112,0,blank,0,118.7553,538.7487,221672,221698,26
112,0,blank,0,119.64475,541.27535,221728,221791,63
112,0,blank,0,114.922,552.2563,221823,221855,32
112,53,if,350,165.5955,567.9882,221919,222014,95
112,0,blank,0,-350,-105,222046,222189,143
112,0,blank,0,186.2872,615.8588,222216,222239,23
112,0,blank,0,159.580133333333,603.893033333333,222298,222395,97
112,0,blank,0,223.1071,572.4174,222716,222748,32
112,0,blank,0,206.56325,568.46255,222905,223002,97
112,0,blank,0,205.6232,590.5659,223066,223098,32
112,0,blank,0,-350,-105,223201,223335,134
112,0,blank,0,112.5271,569.1521,223378,223431,53
112,0,blank,0,124.562125,561.905825,223502,223620,118
112,0,blank,0,178.7632,502.8882,224222,224254,32
112,51,(,337,165.2997,513.4932,224413,224443,30
112,0,blank,0,105.2495,501.9951,224767,224800,33
112,0,blank,0,-350,-105,224864,225023,159
112,0,blank,0,73.1658,610.6467,225137,225162,25
112,0,blank,0,26.3547,409.6736,225223,225255,32
112,0,blank,0,42.8018,403.9614,225287,225318,31
112,0,blank,0,70.5435,390.1387,225479,225511,32
112,45,},305,49.444,385.2129,225637,225669,32
112,0,blank,0,105.3424,605.8352,225881,225912,31
112,0,blank,0,27.8588,430.5825,225972,226003,31
112,0,blank,0,-350,-105,226063,226245,182
112,0,blank,0,-350,-105,226245,226441,196
112,0,blank,0,-350,-105,226441,226623,182
112,0,blank,0,-350,-105,226623,226780,157
112,0,blank,0,82.8994,690.3443,226826,226870,44
112,0,blank,0,6.49090000000001,497.8848,227188,227218,30
113,46,if,306,53.7968,161.7363,227952,227983,31
113,0,blank,0,-350,-105,228103,228289,186
113,0,blank,0,-350,-105,228289,228325,36
113,0,blank,0,51.9187,396.95495,228352,228402,50
113,0,blank,0,-8.9661,503.3814,228530,228625,95
113,0,blank,0,7.8426,523.63,228656,228688,32
113,0,blank,0,8.74379999999999,533.99935,228719,228782,63
113,0,blank,0,70.16592,537.86092,228844,229001,157
113,0,blank,0,218.0852,529.0927,229063,229094,31
113,63,"Cannotbecompared\n",383,219.8237,533.8132,229156,229187,31
113,63,printf,381,123.538266666667,534.654783333333,229311,229499,188
113,0,blank,0,122.470325,528.29045,229499,229624,125
113,0,blank,0,33.1859333333333,520.34575,229654,229841,187
113,0,blank,0,35.7114,524.8465,229841,229871,30
113,0,blank,0,36.8159,518.8116,229904,229932,28
113,0,blank,0,-3.35660000000001,470.6078,229993,230024,31
113,0,blank,0,-350,-105,230086,230235,149
113,48,"Matricescanbecompared\n",319,155.6878,216.58755,230427,230552,125
113,0,blank,0,-350,-105,230730,230852,122
113,0,blank,0,-350,-105,230852,231000,148
113,0,blank,0,157.4507,166.4368,231132,231163,31
113,46,row2,310,173.2274,176.2593,231286,231315,29
113,0,blank,0,-350,-105,231746,231908,162
113,0,blank,0,175.173933333333,348.127,232209,232305,96
113,0,blank,0,185.896,337.4365,232335,232366,31
113,0,blank,0,167.63115,335.9514,232396,232458,62
113,0,blank,0,177.211,368.04825,232492,232551,59
113,54,{,368,171.0844,352.6727,232707,232737,30
113,0,blank,0,181.59065,360.512,232768,232830,62
113,55,flag,369,214.1402,361.620725,232862,232983,121
113,53,[,364,220.4341,331.7668,233015,233044,29
113,0,blank,0,166.24185,361.52265,233075,233136,61
113,0,blank,0,-350,-105,233198,233330,132
113,0,blank,0,16.5905,615.9285,233423,233474,51
113,0,blank,0,14.7693,616.1973,233506,233537,31
113,0,blank,0,70.0008,603.27565,233631,233693,62
113,0,blank,0,7.78055000000001,619.0114,233847,233909,62
113,67,printf,398,100.0665,640.1262,234029,234059,30
113,67,printf,398,112.6473,625.9088,234089,234149,60
113,67,printf,398,108.9873,628.2026,234181,234210,29
113,0,blank,0,249.96628,616.6319,234241,234393,152
114,0,blank,0,125.633,605.415,234513,234545,32
114,66,==,395,137.942866666667,610.6909,234575,234667,92
114,66,flag,394,91.1765,600.1863,234758,234790,32
114,66,flag,394,93.8165,610.19155,234820,234882,62
114,0,blank,0,-350,-105,234943,235051,108
114,67,"Twomatricesareequal\n",400,180.04975,622.54805,235146,235200,54
114,0,blank,0,292.3064,619.2726,235324,235354,30
114,67,"Twomatricesareequal\n",400,280.3135,624.8253,235449,235480,31
114,66,flag,394,105.6611,619.2375,235571,235603,32
114,0,blank,0,97.25574,652.74578,235756,235913,157
114,69,printf,404,95.0698666666667,671.8244,235945,236036,91
114,69,"But,twomatricesarenotequal\n",406,340.1498,676.8646,236130,236161,31
114,69,"But,twomatricesarenotequal\n",406,338.172966666667,685.820966666667,236192,236284,92
114,69,"But,twomatricesarenotequal\n",406,286.3328,666.547,236315,236346,31
114,69,"But,twomatricesarenotequal\n",406,272.1656,666.05,236409,236441,32
114,0,blank,0,62.3484,665.0948,236503,236534,31
114,0,blank,0,162.2651,653.1149,236661,236692,31
114,0,blank,0,156.0154,658.4074,236752,236784,32
114,69,"But,twomatricesarenotequal\n",406,212.5913,676.1964,236907,236970,63
114,0,blank,0,142.3407,646.8397,237130,237161,31
114,67,printf,398,137.8992,622.8236,237192,237223,31
114,69,"But,twomatricesarenotequal\n",406,324.3672,667.223,237378,237409,31
114,0,blank,0,-350,-105,237471,237632,161
114,0,blank,0,53.5316,660.5291,237680,237740,60
114,68,else,403,46.9572,649.7167,237769,237833,64
114,0,blank,0,39.6875,657.9192,237865,237896,31
114,68,else,403,47.1362,650.5427,237960,238023,63
114,68,else,403,79.9363,656.2145,238055,238085,30
114,68,else,403,82.6792,656.8799,238147,238271,124
114,69,"But,twomatricesarenotequal\n",406,188.8525,674.25164,238333,238487,154
114,0,blank,0,156.8874,651.6588,238546,238578,32
114,0,blank,0,142.3054,662.5078,238607,238636,29
114,0,blank,0,136.66225,664.008,238729,238791,62
114,69,printf,404,118.4427,670.9034,238854,238884,30
114,67,"Twomatricesareequal\n",400,307.31925,624.301433333333,239039,239226,187
114,67,"Twomatricesareequal\n",400,158.1972,621.2037,239257,239321,64
114,67,(,399,152.4142,621.7948,239382,239444,62
114,63,printf,381,131.117725,537.785325,239476,239600,124
114,0,blank,0,-350,-105,239662,239719,57
114,63,"Cannotbecompared\n",383,184.223866666667,547.577266666667,239830,239910,80
114,0,blank,0,150.5627,319.1799,240035,240065,30
114,48,"Matricescanbecompared\n",319,160.2488,218.8753,240157,240188,31
114,0,blank,0,172.9866,241.2797,240251,240281,30
114,63,"Cannotbecompared\n",383,155.14805,534.68875,240340,240401,61
114,0,blank,0,156.360333333333,525.156766666667,240432,240521,89
114,0,blank,0,239.055666666667,529.6924,240552,240642,90
114,0,blank,0,236.97445,532.93775,240672,240731,59
114,0,blank,0,238.904,532.32,240761,240822,61
114,63,"Cannotbecompared\n",383,228.4688,544.7479,240853,240882,29
115,0,blank,0,164.1579,659.3975,241066,241097,31
115,0,blank,0,167.7986,658.035433333333,241158,241251,93
115,0,blank,0,365.525,695.3397,241405,241435,30
115,69,"But,twomatricesarenotequal\n",406,359.4998,682.9458,241466,241497,31
115,69,"But,twomatricesarenotequal\n",406,303.542225,674.848425,241590,241715,125
115,0,blank,0,108.897,663.9008,241840,241868,28
115,0,blank,0,115.2112,660.45285,241930,241992,62
115,0,blank,0,-350,-105,242023,242180,157
115,0,blank,0,6.23759999999999,652.3366,242384,242415,31
115,0,blank,0,18.3354,647.8891,242509,242543,34
115,0,blank,0,-350,-105,242730,242892,162
115,0,blank,0,85.0064,597.7305,242953,242986,33
115,0,blank,0,79.9062,595.034,243117,243150,33
115,0,blank,0,62.5771,538.799,243182,243420,238
115,0,blank,0,78.102775,535.24115,243462,243587,125
115,0,blank,0,80.4598,533.9411,243619,243651,32
115,0,blank,0,75.031,544.7753,243684,243716,32
115,64,exit,386,85.98655,571.5438,243747,243811,64
115,0,blank,0,-350,-105,243874,244009,135
115,0,blank,0,86.8752,593.4454,244039,244080,41
115,48,printf,317,128.777466666667,217.411566666667,244174,244273,99
115,0,blank,0,106.401125,100.205275,244337,244464,127
115,44,printf,300,136.85765,115.03015,244528,244592,64
115,0,blank,0,155.304,187.70765,244720,244782,62
115,0,blank,0,163.2659,161.8456,244814,244845,31
115,46,==,313,151.3727,172.9671,244876,244907,31
115,0,blank,0,155.4144,177.1203,244970,245001,31
116,0,blank,0,175.5032,227.7411,245125,245156,31
116,0,blank,0,174.4585,230.9585,245218,245249,31
116,0,blank,0,96.2924,560.4476,245311,245344,33
116,37,printf,253,100.34586,563.90428,245376,245533,157
116,0,blank,0,108.7274,550.3125,245566,245629,63
116,0,blank,0,102.9574,559.111766666667,245659,245755,96
116,0,blank,0,160.767666666667,590.3129,245943,246038,95
116,0,blank,0,209.3602,650.8508,246132,246162,30
116,0,blank,0,216.16805,629.6092,246193,246257,64
116,0,blank,0,147.6694,545.9107,246573,246605,32
117,0,blank,0,139.65054,546.98276,246669,246827,158
117,51,<,343,271.707833333333,588.738566666667,246859,246952,93
117,0,blank,0,-350,-105,247013,247116,103
117,0,blank,0,295.8245,601.655,247172,247242,70
117,0,blank,0,303.692225,536.134,247319,247435,116
117,48,"Matricescanbecompared\n",319,307.743033333333,517.782666666667,247563,247751,188
117,48,"Matricescanbecompared\n",319,304.7902,517.5172,247751,247782,31
117,48,"Matricescanbecompared\n",319,307.33185,514.81905,247813,247939,126
117,48,"Matricescanbecompared\n",319,314.7148,504.8042,247969,248001,32
118,0,blank,0,324.36076,708.43112,248094,248245,151
118,0,blank,0,116.7144,662.7769,248339,248370,31
118,66,flag,394,91.1318,602.3114,248777,248839,62
118,0,blank,0,-350,-105,248902,249059,157
118,0,blank,0,28.1083,653.22796,249248,249394,146
118,0,blank,0,27.363525,660.851075,249424,249549,125
118,0,blank,0,-350,-105,249734,249864,130
118,0,blank,0,68.3933333333333,592.4749,249997,250085,88
118,0,blank,0,71.799,599.126,250115,250146,31
118,0,blank,0,50.80255,632.00085,250177,250237,60
118,0,blank,0,-350,-105,250329,250490,161
118,0,blank,0,-350,-105,250490,250530,40
118,67,printf,398,118.1863,621.5333,250556,250665,109
118,67,printf,398,118.3866,628.9716,250697,250726,29
118,0,blank,0,41.6812,639.2828,250789,250819,30
119,66,flag,394,87.6241666666667,612.4214,251391,251576,185
119,66,flag,394,88.4417666666667,615.944533333333,251700,251793,93
119,66,(,393,82.8933,613.5706,251825,251853,28
119,0,blank,0,-350,-105,251884,252044,160
119,0,blank,0,86.5469,661.074225,252067,252178,111
119,69,"But,twomatricesarenotequal\n",406,216.5092,670.9962,252272,252303,31
119,0,blank,0,211.153466666667,661.971266666667,252367,252461,94
119,0,blank,0,124.00655,655.86605,252652,252714,62
119,69,"But,twomatricesarenotequal\n",406,399.96836,679.50586,252809,252965,156
119,69,"But,twomatricesarenotequal\n",406,403.47525,679.22465,253027,253089,62
119,0,blank,0,127.9159,653.5939,253183,253214,31
119,69,printf,404,113.5246,667.2823,253246,253277,31
119,69,printf,404,120.15525,667.312,253401,253463,62
119,68,else,403,79.33772,654.80874,253495,253652,157
119,68,else,403,73.929,658.1381,253712,253774,62
119,69,printf,404,132.3206,674.4785,253804,253835,31
119,69,printf,404,130.2286,667.499366666667,253960,254055,95
119,69,printf,404,136.0231,671.5826,254117,254148,31
119,69,printf,404,135.88225,665.52055,254210,254272,62
119,0,blank,0,-350,-105,254335,254520,185
119,69,printf,404,89.6406,673.3617,254646,254830,184
119,69,printf,404,90.21724,665.01892,254830,254992,162
119,69,"But,twomatricesarenotequal\n",406,164.810233333333,685.727566666667,255056,255153,97
119,69,"But,twomatricesarenotequal\n",406,157.1887,678.9389,255217,255249,32
119,69,printf,404,125.38875,678.63915,255441,255501,60
119,69,printf,404,120.1268,666.7482,255534,255597,63
119,69,"But,twomatricesarenotequal\n",406,187.6855,681.1956,255661,255692,31
119,0,blank,0,196.257133333333,642.376333333333,255724,255823,99
119,69,"But,twomatricesarenotequal\n",406,201.13925,667.577,255984,256048,64
119,0,blank,0,352.364,686.6957,256147,256179,32
119,69,"But,twomatricesarenotequal\n",406,355.56585,671.7583,256309,256373,64
119,0,blank,0,905.283,578.4651,256471,256503,32
119,0,blank,0,998.4005,437.0121,256697,256761,64
119,0,blank,0,987.453,444.437233333333,256825,256920,95
119,0,blank,0,-350,-105,256983,257177,194
119,0,blank,0,-350,-105,257177,257312,135
119,0,blank,0,-350,-105,257312,257678,366
119,0,blank,0,90.9096,660.27005,257941,258068,127
119,0,blank,0,222.1682,620.7869,258322,258354,32
119,0,blank,0,992.341,463.8314,258513,258545,32
119,0,blank,0,1007.442,448.3493,258578,258609,31
120,0,blank,0,-350,-105,260313,260442,129
120,3,include,25,73.1012,57.7365,260626,260658,32
120,0,blank,0,-350,-105,260822,260914,92
120,0,blank,0,-350,-105,261219,261256,37
120,0,blank,0,358.2184,28.7295,261836,261868,32
120,11,comma,97,179.642333333333,230.23435,262319,262507,188
120,12,"EntertheelementsofmatrixA\n",104,180.1399,246.3019,262507,262539,32
120,0,blank,0,87.25575,244.371,262603,262665,62
120,12,printf,102,82.81235,250.727,262729,262791,62
120,12,"EntertheelementsofmatrixA\n",104,268.2496,252.9211,262883,262914,31
120,0,blank,0,99.67205,301.8002,263004,263063,59
120,0,blank,0,116.5604,316.266,263244,263274,30
120,15,j,131,210.061,317.979125,263365,263485,120
120,17,"%d",137,188.7012,368.6576,263577,263608,31
120,17,scanf,135,171.296566666667,372.517866666667,263639,263731,92
120,0,blank,0,99.1101,335.568033333333,263793,263885,92
120,15,column1,129,243.7353,312.5634,264100,264254,154
120,0,blank,0,877.035,131.928,264381,264410,29
120,0,blank,0,-350,-105,264892,264998,106
120,20,"EntertheelementsofmatrixB\n",153,197.3212,431.8168,265155,265185,30
120,0,blank,0,165.449725,478.0763,265250,265378,128
120,0,blank,0,290.5303,442.7396,265570,265602,32
121,0,blank,0,196.5118,312.8788,281507,281571,64
121,0,blank,0,194.9056,310.4095,281603,281635,32
121,0,blank,0,256.562233333333,301.101916666667,281699,281894,195
121,53,[,364,245.1661,318.6129,281894,281959,65
121,0,blank,0,232.0887,310.58605,282056,282185,129
121,0,blank,0,246.6869,298.8556,282215,282248,33
121,0,blank,0,191.1623,302.0615,282280,282313,33
121,0,blank,0,-350,-105,282470,282573,103
121,0,blank,0,220.2812,311.8846,282610,282658,48
121,0,blank,0,224.631825,309.7748,282727,282848,121
121,0,blank,0,264.433733333333,312.305666666667,282879,282978,99
121,0,blank,0,244.6661,309.9144,283042,283075,33
121,0,blank,0,226.5311,310.90962,283139,283300,161
121,0,blank,0,272.39965,305.47315,283333,283397,64
121,0,blank,0,268.822775,309.920575,283464,283589,125
121,0,blank,0,175.3715,336.3995,283655,283686,31
121,54,{,368,168.4373,336.664,283750,283783,33
121,0,blank,0,162.486066666667,355.234183333333,283815,284009,194
121,0,blank,0,173.620033333333,346.492733333333,284042,284140,98
121,53,[,364,220.500066666667,321.616066666667,284172,284269,97
121,0,blank,0,-350,-105,284301,284435,134
121,53,if,350,183.2203,323.3647,284590,284616,26
121,0,blank,0,190.099366666667,358.679783333333,284646,284837,191
121,0,blank,0,187.207333333333,364.468466666667,284900,284996,96
121,0,blank,0,193.486966666667,357.527933333333,285060,285252,192
121,0,blank,0,195.020433333333,359.731066666667,285252,285346,94
121,0,blank,0,183.92085,364.1257,285410,285472,62
121,0,blank,0,209.6138,309.2002,285536,285567,31
121,0,blank,0,212.2592,306.49845,285693,285819,126
121,0,blank,0,131.412333333333,310.899466666667,285851,286043,192
121,53,a,352,204.776666666667,321.879933333333,286076,286271,195
121,53,a,352,210.4928,318.7316,286271,286305,34
121,0,blank,0,-350,-105,286369,286506,137
121,0,blank,0,243.067083333333,331.432183333333,286532,286705,173
121,53,i,362,228.72595,320.5495,286705,286769,64
121,53,i,362,229.4585,320.9225,286801,286833,32
121,53,i,362,233.2935,330.3841,286899,286931,32
121,0,blank,0,239.7819,312.2858,287119,287151,32
121,53,],366,241.8268,328.9679,287212,287245,33
121,53,],366,238.599766666667,319.4818,287308,287400,92
121,0,blank,0,-350,-105,287495,287602,107
121,0,blank,0,265.51785,312.80615,287781,287842,61
121,53,j,365,257.6125,313.4066,287874,287906,32
121,53,],366,264.3501,317.794733333333,287970,288161,191
121,0,blank,0,278.3809,321.7903,288161,288192,31
121,0,blank,0,267.497266666667,311.944933333333,288287,288381,94
121,53,j,365,262.3355,322.9243,288444,288538,94
121,0,blank,0,274.8526,314.6148,288663,288726,63
121,0,blank,0,186.180016666667,369.208333333333,288853,289047,194
121,0,blank,0,187.5256,367.6927,289111,289143,32
121,0,blank,0,156.327333333333,370.074166666667,289176,289273,97
121,0,blank,0,-350,-105,289337,289473,136
121,0,blank,0,180.233066666667,356.251833333333,289656,289752,96
121,0,blank,0,186.096375,366.548175,289784,289913,129
121,55,flag,369,217.922116666667,358.9505,289944,290136,192
121,0,blank,0,214.156366666667,353.106933333333,290136,290231,95
121,55,flag,369,220.64375,362.8599,290262,290326,64
121,0,blank,0,167.012816666667,375.201833333333,290359,290549,190
121,0,blank,0,163.641933333333,374.8785,290549,290643,94
121,0,blank,0,188.785033333333,377.5132,290676,290769,93
121,0,blank,0,-350,-105,290801,290988,187
121,0,blank,0,-350,-105,290988,291177,189
121,0,blank,0,-350,-105,291177,291346,169
121,0,blank,0,-350,-105,291346,291446,100
121,53,if,350,177.59285,325.46935,291596,291658,62
121,0,blank,0,-350,-105,292110,292278,168
121,0,blank,0,-350,-105,292278,292321,43
121,0,blank,0,-350,-105,293162,293306,144
121,0,blank,0,-350,-105,294236,294424,188
121,64,exit,386,115.6413,557.9051,294618,294649,31
121,64,exit,386,83.7293,559.5845,295183,295215,32
121,64,exit,386,83.8846,567.4826,295283,295318,35
121,0,blank,0,329.9319,557.4419,295480,295511,31
121,63,"Cannotbecompared\n",383,277.08245,552.34285,295572,295634,62
121,0,blank,0,188.6648,367.8945,296173,296244,71
121,0,blank,0,-350,-105,296313,296447,134
121,0,blank,0,184.225,649.0636,296884,296917,33
121,66,flag,394,87.7584,611.7832,296947,296980,33
121,67,printf,398,84.1032,627.96385,297043,297106,63
121,0,blank,0,-350,-105,297610,297696,86
121,0,blank,0,20.806525,605.394025,298037,298173,136
121,66,(,393,77.7023,608.0608,298207,298241,34
121,0,blank,0,71.0903,603.5109,298274,298308,34
121,0,blank,0,-350,-105,298373,298534,161
121,0,blank,0,-350,-105,299678,299877,199
121,0,blank,0,-350,-105,299877,300056,179
121,0,blank,0,-350,-105,300056,300240,184
121,0,blank,0,-350,-105,300240,300269,29
121,0,blank,0,-350,-105,300269,300469,200
121,0,blank,0,-350,-105,300469,300721,252
121,0,blank,0,-350,-105,300721,300976,255
121,0,blank,0,-350,-105,302000,302158,158
121,0,blank,0,157.4258,595.3195,302338,302365,27
121,0,blank,0,125.0055,606.386,302429,302461,32
121,0,blank,0,215.4454,349.7031,302651,302683,32
121,0,blank,0,211.6891,357.5468,302746,302778,32
121,0,blank,0,-350,-105,303230,303404,174
121,0,blank,0,-350,-105,303404,303583,179
121,0,blank,0,-350,-105,303583,303756,173
121,0,blank,0,-350,-105,303756,303920,164
121,0,blank,0,-350,-105,303920,303984,64
121,0,blank,0,-350,-105,303984,304174,190
121,0,blank,0,-350,-105,304174,304613,439
121,0,blank,0,-350,-105,304613,304711,98
121,0,blank,0,-350,-105,304711,304873,162
121,0,blank,0,-350,-105,304873,305091,218
121,0,blank,0,-350,-105,305091,305291,200
121,0,blank,0,-350,-105,305291,305460,169
121,0,blank,0,-350,-105,306223,306356,133
121,48,printf,317,123.3806,219.0008,306680,306711,31
121,48,printf,317,100.2857,214.4515,306742,306773,31
121,48,printf,317,102.626,208.5832,306836,306868,32
121,0,blank,0,-350,-105,306961,307135,174
121,48,"Matricescanbecompared\n",319,185.0218,223.31855,307171,307221,50
121,0,blank,0,-350,-105,307820,307954,134
121,0,blank,0,-350,-105,308655,308853,198
121,0,blank,0,-350,-105,308853,309032,179
121,0,blank,0,-350,-105,309032,309217,185
121,0,blank,0,-350,-105,309217,309411,194
121,0,blank,0,-350,-105,309411,309560,149
121,0,blank,0,-350,-105,309560,309944,384
121,0,blank,0,-350,-105,309944,310091,147
121,0,blank,0,-350,-105,310091,310526,435
121,0,blank,0,-350,-105,310526,310973,447
121,0,blank,0,-350,-105,310973,311143,170
121,0,blank,0,-350,-105,311143,311670,527
121,0,blank,0,-350,-105,311670,311776,106
121,0,blank,0,-350,-105,311776,311888,112
121,0,blank,0,-350,-105,311888,312000,112
121,0,blank,0,-350,-105,312703,312887,184
121,0,blank,0,-350,-105,312887,313048,161
121,0,blank,0,-350,-105,313048,313195,147
121,0,blank,0,-350,-105,313195,313347,152
121,64,1,388,137.4619,566.3427,313422,313453,31
121,0,blank,0,150.101333333333,588.084666666667,313545,313668,123
121,0,blank,0,-350,-105,313916,314112,196
121,0,blank,0,-350,-105,314112,314294,182
121,0,blank,0,-350,-105,314294,314475,181
121,0,blank,0,-350,-105,314475,314654,179
121,0,blank,0,-350,-105,314654,314831,177
121,0,blank,0,-350,-105,314831,315017,186
121,0,blank,0,-350,-105,315017,315080,63
121,0,blank,0,-350,-105,315080,315366,286
121,0,blank,0,-350,-105,315366,315549,183
121,0,blank,0,-350,-105,315549,315730,181
121,0,blank,0,-350,-105,315730,316004,274
121,0,blank,0,-350,-105,316004,316506,502
121,0,blank,0,-350,-105,316506,316607,101
121,0,blank,0,933.763,292.3751,316635,316665,30
121,0,blank,0,-350,-105,316775,316973,198
121,0,blank,0,-350,-105,316973,317172,199
121,0,blank,0,-350,-105,317172,317360,188
121,0,blank,0,-350,-105,317360,317442,82
121,0,blank,0,-350,-105,317442,317656,214
121,0,blank,0,-350,-105,317656,317803,147
121,0,blank,0,-350,-105,317803,317986,183
121,0,blank,0,-350,-105,317986,318106,120
