Frameno_fix,lineno_fix,Tokenname_fix,tokens_id,gaze_X_fix,gaze_Y_fix,timestamp_fix_start,timestamp_fix_end,time_duration
100,0,blank,0,103.379066666667,98.1748333333333,7464,7564,100
100,0,blank,0,199.3165,98.3613,7630,7773,143
100,0,blank,0,-350,-105,7864,7972,108
100,6,[,49,139.14255,129.3106,7999,8055,56
100,0,blank,0,134.14745,140.6792,8088,8155,67
100,0,blank,0,160.1381,65.3196,8254,8288,34
100,0,blank,0,187.376633333333,97.0801333333333,8355,8456,101
100,0,blank,0,210.0591,80.1246,8555,8590,35
100,0,blank,0,201.98714,95.29036,8656,8826,170
100,0,blank,0,191.3148,88.9831,8926,8961,35
100,0,blank,0,201.1002,88.2435,9028,9063,35
100,0,blank,0,127.63,99.9535,9267,9302,35
100,0,blank,0,135.05875,82.36775,9472,9541,69
100,0,blank,0,191.1121,101.9509,9575,9610,35
100,0,blank,0,204.555625,89.513175,9645,9784,139
100,0,blank,0,145.955275,87.649925,9955,10094,139
100,0,blank,0,150.23945,69.97475,10127,10196,69
100,0,blank,0,158.8498,70.8432,10267,10300,33
100,0,blank,0,170.8002,89.3157,10335,10371,36
100,8,"EntertheorderofthematrixA\n",72,158.3719,172.49305,10716,10784,68
100,8,"EntertheorderofthematrixA\n",72,163.2141,169.5593,10819,10853,34
100,0,blank,0,157.0429,282.0979,10886,10920,34
100,12,"EntertheelementsofmatrixA\n",104,139.3564,265.81325,10988,11056,68
100,0,blank,0,152.229,278.3438,11089,11124,35
100,12,"EntertheelementsofmatrixA\n",104,145.158675,248.277725,11157,11293,136
100,12,"EntertheelementsofmatrixA\n",104,147.09085,253.7803,11326,11394,68
100,0,blank,0,194.5553,457.70606,11495,11689,194
100,0,blank,0,196.66685,464.40395,11722,11789,67
100,11,"%d%d",93,136.0581,237.8582,12026,12061,35
100,11,"%d%d",93,150.395,241.0185,12095,12128,33
100,12,"EntertheelementsofmatrixA\n",104,236.2399,250.0033,12228,12263,35
100,12,"EntertheelementsofmatrixA\n",104,162.1055,246.7541,12362,12395,33
100,12,"EntertheelementsofmatrixA\n",104,182.5119,246.2893,12462,12529,67
100,12,"EntertheelementsofmatrixA\n",104,171.0034,260.8868,12620,12655,35
100,12,"EntertheelementsofmatrixA\n",104,246.645166666667,252.180066666667,12689,12789,100
100,10,"EntertheorderofthematrixB\n",88,234.2786,220.5994,12822,12857,35
100,8,"EntertheorderofthematrixA\n",72,160.677,169.2616,12922,12956,34
100,7,row1,58,152.4718,155.9469,12990,13023,33
100,8,"EntertheorderofthematrixA\n",72,164.2816,174.1496,13057,13090,33
100,8,"EntertheorderofthematrixA\n",72,134.9785,157.7905,13226,13261,35
100,0,blank,0,125.2948,108.69445,13294,13362,68
100,0,blank,0,133.3705,131.3755,13430,13455,25
100,9,"%d%d",77,110.5446,198.274,13750,13817,67
100,12,"EntertheelementsofmatrixA\n",104,115.22525,265.5227,13978,14043,65
100,11,scanf,91,82.5281,230.2626,14136,14170,34
100,12,"EntertheelementsofmatrixA\n",104,179.0124,256.1877,14236,14304,68
100,12,"EntertheelementsofmatrixA\n",104,165.1536,250.9174,14371,14405,34
100,11,row2,96,221.8123,228.9943,14639,14672,33
100,11,row2,96,208.5602,238.2004,14771,14804,33
100,11,row2,96,216.125966666667,243.9791,14837,14936,99
100,10,"EntertheorderofthematrixB\n",88,357.6577,211.6705,15061,15093,32
100,11,column2,99,320.5994,232.6729,15252,15317,65
100,11,column2,99,324.4028,233.167,15384,15417,33
100,0,blank,0,379.7174,222.0724,15509,15534,25
100,0,blank,0,376.4739,231.0132,15657,15689,32
100,0,blank,0,183.7117,291.2776,15821,15886,65
100,0,blank,0,162.8591,283.8904,15911,15944,33
100,13,row1,115,239.6843,277.0275,16075,16141,66
100,13,0,111,137.89314,271.07014,16371,16534,163
100,12,"EntertheelementsofmatrixA\n",104,125.394,264.1308,16794,16827,33
100,13,0,111,141.2596,267.3257,16859,16891,32
100,12,"EntertheelementsofmatrixA\n",104,223.2906,259.9929,16957,16989,32
100,12,"EntertheelementsofmatrixA\n",104,213.0762,257.6601,17023,17055,32
100,12,"EntertheelementsofmatrixA\n",104,167.783,265.2836,17316,17349,33
100,0,blank,0,245.1586,288.6094,17513,17546,33
100,12,"EntertheelementsofmatrixA\n",104,218.3172,264.4357,17710,17743,33
100,13,i,117,264.5182,272.495333333333,18006,18105,99
100,0,blank,0,168.5958,298.27425,18254,18318,64
100,13,i,117,172.1446,273.19295,18350,18415,65
100,12,"EntertheelementsofmatrixA\n",104,168.78275,257.2963,18709,18774,65
100,0,blank,0,197.3889,288.5622,19229,19254,25
100,13,++,118,285.75045,268.3584,19680,19745,65
100,13,i,117,268.1775,268.8435,19777,19810,33
100,13,row1,115,207.33,275.2763,20104,20136,32
100,0,blank,0,116.222,298.5906,20324,20357,33
100,0,blank,0,102.2511,299.8393,20422,20454,32
100,13,++,118,275.46735,276.52305,20780,20911,131
100,13,row1,115,205.325433333333,267.503566666667,21241,21338,97
100,0,blank,0,-350,-105,21437,21571,134
100,13,i,117,265.1453,278.9707,21693,21718,25
100,0,blank,0,343.1156,284.3809,22371,22403,32
100,0,blank,0,349.6633,276.638,22436,22468,32
100,0,blank,0,209.7695,289.3998,22566,22600,34
100,0,blank,0,129.0169,288.29745,22852,22919,67
100,0,blank,0,116.3421,298.7166,22982,23014,32
100,13,row1,115,214.3941,283.62,23178,23243,65
100,13,row1,115,229.6046,282.160033333333,23276,23374,98
100,13,++,118,278.068566666667,280.892333333333,23466,23647,181
100,12,"EntertheelementsofmatrixA\n",104,249.5866,265.6739,23812,23845,33
100,11,&,98,198.9885,232.39685,24515,24581,66
100,12,"EntertheelementsofmatrixA\n",104,208.4259,249.98,24646,24679,33
100,0,blank,0,144.732825,222.61015,24812,24943,131
100,11,"%d%d",93,137.2465,223.5409,25009,25043,34
100,10,"EntertheorderofthematrixB\n",88,150.1014,220.9731,25077,25110,33
100,12,"EntertheelementsofmatrixA\n",104,144.3473,247.3979,25176,25209,33
100,13,;,116,149.9881,282.064,25277,25342,65
100,13,0,111,141.431,279.309766666667,25377,25475,98
100,13,row1,115,217.39605,275.7698,25574,25641,67
100,0,blank,0,132.9791,274.9795,25674,25707,33
100,0,blank,0,125.5175,285.3887,25865,25896,31
100,0,blank,0,231.2204,291.522133333333,26120,26210,90
100,12,"EntertheelementsofmatrixA\n",104,307.15675,264.536,26242,26308,66
100,0,blank,0,312.69955,271.45445,26341,26407,66
100,0,blank,0,275.9633,288.9988,26505,26539,34
100,13,++,118,284.0767,280.3318,26571,26604,33
100,12,"EntertheelementsofmatrixA\n",104,405.5118,256.8658,26767,26800,33
100,0,blank,0,400.176,277.0392,26866,26964,98
100,13,),119,298.44894,276.7895,26997,27163,166
100,0,blank,0,189.2244,231.0036,27454,27487,33
100,11,&,98,194.7543,243.4001,27552,27585,33
100,11,comma,97,178.3331,231.9437,27651,27683,32
100,15,=,124,158.43465,326.539,27716,27781,65
100,0,blank,0,199.1311,282.9629,27880,27912,32
100,0,blank,0,182.78535,277.49605,27945,28011,66
100,13,;,116,246.941516666667,277.55705,28145,28342,197
100,13,row1,115,237.9393,285.9811,28408,28440,32
100,0,blank,0,242.31655,290.4611,28572,28663,91
101,0,blank,0,299.5074,270.17595,30152,30218,66
101,0,blank,0,368.6291,270.1976,30285,30318,33
101,0,blank,0,386.3249,272.7271,30354,30386,32
101,0,blank,0,369.7985,272.4824,30452,30486,34
101,0,blank,0,385.4064,295.4346,30684,30717,33
101,0,blank,0,359.8255,278.5472,30850,30883,33
101,0,blank,0,302.904,193.3662,30974,31007,33
101,0,blank,0,135.1382,226.9549,31141,31207,66
101,0,blank,0,128.28685,216.34875,31306,31372,66
101,0,blank,0,363.3568,228.1648,31471,31504,33
101,29,++,216,292.0509,211.668,31636,31661,25
101,28,),203,287.21105,195.8025,31728,31796,68
101,0,blank,0,154.7915,239.9569,32293,32327,34
101,0,blank,0,170.3127,240.0605,32495,32664,169
101,0,blank,0,172.8448,268.4675,32833,32867,34
101,0,blank,0,198.9716,283.12645,32933,33001,68
101,33,"%3d",235,206.0521,299.2647,33068,33102,34
101,0,blank,0,173.3476,291.7982,33136,33169,33
101,33,comma,236,251.6068,292.1134,33236,33261,25
101,49,(,323,130.799,664.1074,33453,33545,92
101,0,blank,0,190.0536,614.5925,33628,33695,67
102,0,blank,0,964.401,224.0816,35132,35216,84
102,0,blank,0,957.7095,295.06575,35516,35584,68
102,0,blank,0,973.997,296.4772,35741,35776,35
102,0,blank,0,956.713,291.1507,35842,35876,34
102,0,blank,0,969.542,284.6255,35943,35976,33
102,0,blank,0,981.651,308.7603,36397,36432,35
102,0,blank,0,181.3645,503.0634,36651,36686,35
102,0,blank,0,177.7003,364.9796,37014,37039,25
102,0,blank,0,149.477,201.5265,37209,37243,34
102,48,printf,317,140.84125,217.7105,37394,37487,93
102,0,blank,0,295.1243,183.74,37545,37570,25
102,48,"Matricescanbecompared\n",319,280.0537,205.1291,37605,37638,33
102,0,blank,0,146.0025,491.7089,37976,38009,33
102,64,exit,386,123.0903,562.3147,38277,38310,33
102,63,"Cannotbecompared\n",383,177.7042,541.9266,38403,38485,82
102,64,(,387,128.3443,562.3162,38735,38760,25
102,63,printf,381,121.9342,534.1635,38976,39009,33
102,0,blank,0,294.1062,612.5488,39193,39251,58
102,63,"Cannotbecompared\n",383,201.1561,550.9882,39276,39310,34
102,63,printf,381,138.9015,541.4175,39644,39678,34
102,0,blank,0,143.66095,526.4616,39894,39959,65
102,0,blank,0,185.0794,-103.9229,40061,40127,66
102,0,blank,0,185.8539,253.312,40595,40630,35
102,48,"Matricescanbecompared\n",319,156.6517,208.2574,41030,41064,34
102,49,;,331,191.7275,235.3008,41559,41585,26
102,0,blank,0,198.6633,230.4868,41650,41709,59
102,49,i,332,204.3592,242.5927,41709,41919,210
102,0,blank,0,200.05555,225.28375,41919,41976,57
102,48,(,318,150.4003,208.6402,42093,42118,25
102,0,blank,0,993.756,374.3356,42659,42742,83
102,0,blank,0,1000.29433333333,395.5636,42931,43030,99
102,0,blank,0,993.663,374.2457,43063,43098,35
102,0,blank,0,1001.584,382.10035,43131,43198,67
102,0,blank,0,984.420666666667,388.171633333333,43264,43365,101
102,0,blank,0,1001.323,376.4823,43399,43433,34
102,0,blank,0,983.846,393.21815,43467,43592,125
102,0,blank,0,986.544,394.9933,43884,43918,34
102,0,blank,0,1011.37,390.8985,44055,44091,36
102,0,blank,0,1011.791,398.123,44196,44221,25
103,25,"%d",186,191.0066,550.4468,45827,45860,33
103,0,blank,0,362.3425,624.6725,45925,45958,33
103,0,blank,0,127.2816,564.12885,46518,46576,58
103,0,blank,0,172.8149,496.74285,46846,46914,68
103,0,blank,0,174.5992,550.1838,47048,47081,33
103,0,blank,0,172.374,587.0161,47114,47147,33
103,0,blank,0,226.4968,570.8807,47373,47407,34
103,25,"%d",186,196.5213,544.4649,47607,47641,34
103,0,blank,0,252.8735,565.9654,47674,47720,46
103,25,&,188,243.2525,542.26235,47754,47823,69
103,25,&,188,249.9785,546.1755,47988,48021,33
103,25,&,188,252.235133333333,544.340966666667,48188,48288,100
103,25,&,188,243.0937,536.4342,48453,48486,33
103,0,blank,0,312.1446,553.8297,48585,48618,33
103,25,],195,314.2205,535.2653,48651,48684,33
103,0,blank,0,238.0433,583.7897,48849,48883,34
103,0,blank,0,198.5671,575.3547,49015,49048,33
103,0,blank,0,205.6225,580.7833,49081,49116,35
103,25,i,191,280.891,536.5582,49274,49308,34
103,0,blank,0,380.89505,535.8421,49540,49606,66
103,0,blank,0,246.8022,527.2674,49974,50009,35
103,0,blank,0,239.9774,544.7627,50075,50109,34
103,0,blank,0,184.657,527.0695,50241,50276,35
103,25,"%d",186,208.7073,546.3736,50409,50441,32
103,0,blank,0,153.1448,559.6949,50574,50606,32
103,25,"%d",186,196.8,549.4917,50976,51009,33
103,25,scanf,184,170.78595,538.9838,51076,51143,67
103,25,b,189,259.9581,541.2142,51276,51308,32
103,25,[,193,267.6594,540.205,51341,51374,33
103,0,blank,0,223.7475,543.2708,51473,51506,33
103,0,blank,0,220.7101,529.4885,51605,51637,32
103,0,blank,0,311.5099,562.5189,51702,51735,33
103,0,blank,0,323.0283,568.994866666667,51768,51869,101
103,25,[,193,295.5551,544.0696,51905,51937,32
103,0,blank,0,315.02495,576.13575,51970,52036,66
103,0,blank,0,322.6716,545.1752,52267,52300,33
103,0,blank,0,324.5575,529.8004,52333,52399,66
103,25,],195,320.0633,532.9015,52437,52502,65
103,25,],195,314.3751,545.3274,52699,52732,33
103,0,blank,0,313.94835,558.4811,52765,52830,65
103,0,blank,0,333.4216,579.5503,52928,52962,34
103,0,blank,0,348.6308,569.9108,53037,53070,33
103,0,blank,0,289.21995,559.38105,53176,53242,66
103,0,blank,0,217.30075,556.0157,53344,53412,68
103,0,blank,0,226.918,529.8187,53445,53477,32
103,0,blank,0,235.1455,556.9868,53613,53645,32
103,28,"MATRIXAis\n",202,160.11215,598.36735,53810,53875,65
103,0,blank,0,137.9149,580.6134,53941,53974,33
103,0,blank,0,249.006333333333,570.7876,54007,54107,100
103,0,blank,0,204.4725,573.7546,54239,54305,66
103,0,blank,0,370.8523,538.6486,54393,54425,32
103,0,blank,0,361.171633333333,537.182,54490,54588,98
103,0,blank,0,221.599333333333,565.655333333333,54751,54850,99
103,0,blank,0,206.4936,575.1354,55080,55112,32
103,25,[,193,266.0169,548.3433,55145,55178,33
103,0,blank,0,270.35955,555.51815,55210,55279,69
103,0,blank,0,351.7745,556.52195,55417,55486,69
103,0,blank,0,318.51395,554.7806,55559,55624,65
103,0,blank,0,323.9103,554.9716,55789,55822,33
103,0,blank,0,436.17344,541.55482,55888,56065,177
103,25,scanf,184,169.4469,542.0106,56539,56604,65
103,0,blank,0,239.4979,534.031633333333,56802,56906,104
103,25,"%d",186,210.86235,542.9328,57301,57368,67
103,25,[,193,269.1249,547.9648,57599,57635,36
103,25,],195,315.902133333333,539.186333333333,57938,58042,104
103,25,],195,318.92875,543.373425,58077,58218,141
103,0,blank,0,318.1442,525.1892,58321,58356,35
103,25,j,194,311.6771,548.9838,58389,58421,32
103,23,<,177,224.2223,506.7656,58619,58685,66
103,25,"%d",186,216.613,531.8002,58742,58775,33
103,0,blank,0,223.8199,539.1014,58875,58911,36
103,25,&,188,248.1124,547.0386,59043,59110,67
103,0,blank,0,196.1494,591.4189,59177,59209,32
103,0,blank,0,192.1071,575.2457,59242,59274,32
103,0,blank,0,127.63145,595.2688,59698,59763,65
103,0,blank,0,175.0314,573.613,59993,60027,34
103,28,"MATRIXAis\n",202,140.9827,602.0962,60191,60224,33
103,0,blank,0,245.3736,561.9468,60322,60355,33
103,28,"MATRIXAis\n",202,205.8903,600.6832,60455,60521,66
103,0,blank,0,320.1243,585.110766666667,60743,60845,102
103,0,blank,0,319.9991,571.0721,60879,60913,34
103,0,blank,0,280.1733,577.3166,60979,61013,34
103,0,blank,0,292.43,587.497466666667,61047,61146,99
103,0,blank,0,497.07035,564.9113,61211,61288,77
103,0,blank,0,505.172,567.4401,61426,61459,33
103,0,blank,0,460.6247,569.3926,61720,61756,36
103,0,blank,0,461.81785,559.1467,61827,61901,74
103,0,blank,0,462.0766,574.7642,61937,61973,36
103,0,blank,0,599.30065,557.49805,62009,62118,109
103,0,blank,0,572.8369,556.4799,62393,62457,64
103,0,blank,0,561.0645,551.6212,62496,62534,38
103,0,blank,0,233.2742,595.7413,62639,62673,34
103,0,blank,0,232.1785,585.94785,62706,62772,66
103,28,"MATRIXAis\n",202,121.40965,598.11075,62838,62903,65
103,28,"MATRIXAis\n",202,135.8356,604.8828,62935,62967,32
103,28,"MATRIXAis\n",202,131.74535,610.6554,63097,63161,64
103,29,<,212,183.4069,623.8224,63291,63324,33
103,28,"MATRIXAis\n",202,224.2944,597.8478,63860,63893,33
103,28,"MATRIXAis\n",202,114.0199,617.7773,63992,64024,32
103,0,blank,0,110.7885,618.0352,64185,64248,63
103,28,"MATRIXAis\n",202,273.6711,606.8782,64448,64532,84
103,29,row1,213,243.2605,628.4575,64627,64692,65
103,0,blank,0,343.3108,589.1178,64942,65077,135
103,0,blank,0,348.7864,592.6843,65077,65248,171
103,28,"MATRIXAis\n",202,203.431,615.2539,65426,65463,37
103,0,blank,0,281.0015,593.1013,65499,65566,67
103,28,"MATRIXAis\n",202,272.5812,603.1397,65599,65636,37
103,28,"MATRIXAis\n",202,266.1391,608.4864,65740,65775,35
103,28,"MATRIXAis\n",202,223.3521,603.2579,65808,65841,33
103,28,"MATRIXAis\n",202,206.3229,603.5504,65939,65975,36
103,28,"MATRIXAis\n",202,220.3045,602.7649,66013,66047,34
103,28,"MATRIXAis\n",202,256.5826,605.7959,66116,66155,39
103,0,blank,0,349.0758,603.5916,66317,66375,58
103,0,blank,0,332.1232,599.4232,66406,66443,37
103,28,"MATRIXAis\n",202,164.6105,615.1796,66816,66849,33
103,0,blank,0,197.1953,627.5452,66881,66916,35
103,0,blank,0,324.9795,621.7449,67124,67159,35
103,0,blank,0,261.9115,643.908,67195,67227,32
103,0,blank,0,249.1595,642.5161,67335,67370,35
103,29,i,215,264.519633333333,636.186033333333,67440,67542,102
103,0,blank,0,336.7043,608.3568,67676,67711,35
103,0,blank,0,327.955266666667,601.6625,67748,67855,107
103,0,blank,0,327.6823,588.602,67923,67958,35
103,0,blank,0,322.6508,592.8381,67991,68028,37
103,29,row1,213,218.6949,622.5281,68201,68237,36
103,29,;,214,148.4187,629.57976,68408,68575,167
103,0,blank,0,154.80735,625.62215,68575,68644,69
103,0,blank,0,428.0266,580.3458,68921,68956,35
103,0,blank,0,146.00095,559.66935,69103,69172,69
103,0,blank,0,154.98555,570.90625,69240,69306,66
103,25,"%d",186,218.9551,539.2224,69441,69476,35
103,0,blank,0,210.9866,509.8055,69543,69570,27
103,25,comma,187,225.1479,541.9271,69604,69637,33
103,0,blank,0,227.678,515.5606,69708,69733,25
103,23,<,177,226.23495,505.2791,69769,69843,74
103,0,blank,0,248.7392,525.607,70048,70082,34
103,0,blank,0,363.41975,523.1462,70147,70212,65
103,0,blank,0,232.6422,539.782,70753,70786,33
103,0,blank,0,241.8168,510.2279,70851,70884,33
103,0,blank,0,299.120233333333,508.1615,71080,71179,99
103,25,[,193,295.6534,534.0236,71211,71244,33
103,0,blank,0,252.1035,515.7845,71737,71770,33
103,25,(,185,182.2905,549.8882,71935,71970,35
103,0,blank,0,380.01465,508.799,72103,72175,72
103,0,blank,0,335.7065,520.7657,72305,72340,35
103,0,blank,0,329.0022,526.118,72409,72442,33
103,0,blank,0,338.24625,510.76435,72608,72674,66
103,0,blank,0,378.3636,523.1849,72748,72781,33
103,0,blank,0,179.0989,530.475,72914,72948,34
103,25,"%d",186,186.05894,535.47984,72981,73148,167
103,0,blank,0,195.8805,528.1694,73148,73182,34
103,0,blank,0,239.80185,544.46485,73385,73452,67
103,0,blank,0,176.1523,591.5841,73589,73623,34
103,0,blank,0,175.755,639.7738,73820,73852,32
103,28,"MATRIXAis\n",202,243.9678,614.8483,74213,74246,33
103,0,blank,0,236.6763,587.5169,74376,74409,33
103,0,blank,0,324.2694,583.95455,74475,74539,64
103,0,blank,0,331.9485,604.9534,74572,74605,33
103,0,blank,0,326.1763,599.707,74704,74735,31
103,0,blank,0,234.3487,517.2274,74834,74866,32
103,25,comma,187,226.3284,540.3842,74899,74931,32
103,25,"%d",186,218.9216,534.6539,74995,75028,33
103,0,blank,0,231.7584,524.1791,75093,75125,32
103,0,blank,0,321.869,616.1275,75157,75190,33
103,0,blank,0,321.5414,589.3218,75289,75323,34
103,0,blank,0,333.3049,627.3394,75419,75452,33
103,0,blank,0,331.7044,616.8606,75486,75518,32
103,0,blank,0,393.86915,488.02385,75734,75802,68
103,0,blank,0,393.5695,496.4971,75835,75868,33
103,0,blank,0,223.5974,575.0151,75971,76004,33
103,0,blank,0,221.2191,552.5329,76038,76070,32
103,0,blank,0,256.37505,513.62415,76207,76275,68
103,25,[,193,267.5423,545.0102,76311,76344,33
103,25,],195,321.11215,537.9696,76410,76482,72
103,0,blank,0,313.6242,531.216125,76622,76753,131
103,0,blank,0,279.1912,581.717,76821,76856,35
103,0,blank,0,273.86624,576.0742,76921,77098,177
103,0,blank,0,278.6405,585.3753,77132,77170,38
103,28,"MATRIXAis\n",202,143.3368,615.1502,77240,77307,67
103,28,"MATRIXAis\n",202,156.459066666667,613.336633333333,77379,77477,98
103,0,blank,0,127.0051,634.4765,77546,77578,32
103,0,blank,0,149.23295,592.65875,77775,77840,65
103,0,blank,0,259.9841,594.5698,77906,77939,33
103,29,row1,213,212.16115,619.60975,78105,78174,69
103,28,"MATRIXAis\n",202,216.74145,607.7401,78207,78274,67
103,28,"MATRIXAis\n",202,208.31865,612.1941,78382,78452,70
103,28,"MATRIXAis\n",202,270.4047,603.2886,78590,78626,36
103,0,blank,0,348.5176,584.4995,78843,78876,33
103,25,scanf,184,168.434866666667,537.8511,78987,79086,99
103,25,scanf,184,166.6337,541.3728,79119,79188,69
103,28,(,201,105.6435,602.3965,79288,79322,34
103,29,0,209,141.149025,622.018775,79419,79553,134
103,25,"%d",186,190.831,538.265625,79718,79856,138
103,25,b,189,255.5661,532.163733333333,80026,80131,105
103,25,scanf,184,149.3681,551.084,80334,80370,36
103,25,"%d",186,185.730566666667,543.298133333333,80694,80793,99
103,25,scanf,184,166.191566666667,531.2337,80894,80997,103
103,0,blank,0,166.7518,527.3472,81098,81130,32
103,0,blank,0,167.7211,513.4498,81197,81230,33
103,0,blank,0,151.0926,562.9016,81427,81460,33
103,0,blank,0,189.54935,530.9624,81689,81755,66
103,20,"EntertheelementsofmatrixB\n",153,170.55505,441.95555,81951,82017,66
103,0,blank,0,147.6511,299.2092,82279,82312,33
103,15,for,121,89.2527,312.054,82410,82443,33
103,15,for,121,98.102,314.189,82508,82541,33
103,25,scanf,184,138.969,539.981,82728,82761,33
103,0,blank,0,193.6526,519.0623,82953,82987,34
103,25,"%d",186,194.23,542.583,83214,83246,32
103,25,"%d",186,200.9094,548.1723,83278,83311,33
103,0,blank,0,254.6679,525.0702,83408,83476,68
103,25,"%d",186,219.4859,534.32325,83573,83640,67
103,25,"%d",186,213.3141,540.0032,83803,83836,33
103,0,blank,0,176.1796,557.2419,84001,84026,25
103,25,scanf,184,160.406366666667,548.4576,84057,84156,99
103,23,(,171,129.3749,492.0076,84585,84617,32
103,0,blank,0,113.8059,307.06985,84915,84979,64
103,0,blank,0,101.4463,301.593,85077,85110,33
103,0,blank,0,323.9731,516.1584,85549,85599,50
103,25,),196,329.6807,548.3035,85637,85673,36
103,25,(,185,181.2977,538.296,85880,85949,69
103,25,"%d",186,191.5082,542.3011,86042,86077,35
103,29,;,214,248.99255,619.0915,86257,86329,72
103,28,"MATRIXAis\n",202,118.369,607.146533333333,86470,86577,107
103,28,"MATRIXAis\n",202,159.411866666667,610.897466666667,86643,86745,102
103,28,"MATRIXAis\n",202,231.818075,600.60455,86845,86980,135
103,0,blank,0,271.8796,643.9628,87243,87268,25
103,0,blank,0,284.0148,569.426,87301,87333,32
103,0,blank,0,283.8524,590.0818,87500,87532,32
103,0,blank,0,288.8508,584.3163,87598,87632,34
103,0,blank,0,280.1819,590.3309,87665,87698,33
103,0,blank,0,322.1143,631.2458,87830,87863,33
103,28,"MATRIXAis\n",202,196.9938,604.3873,87997,88030,33
103,0,blank,0,191.7569,583.5763,88096,88129,33
103,28,"MATRIXAis\n",202,203.3521,599.1356,88162,88197,35
103,0,blank,0,214.11665,558.86105,88230,88296,66
103,0,blank,0,294.136333333333,520.0943,88429,88527,98
103,0,blank,0,240.745766666667,514.995366666667,88762,88861,99
103,0,blank,0,239.8418,588.0703,88996,89030,34
103,28,"MATRIXAis\n",202,210.05795,613.36295,89095,89219,124
103,0,blank,0,336.7822,701.6947,89615,89649,34
103,0,blank,0,344.5161,583.9193,90067,90093,26
103,0,blank,0,248.2999,528.4472,90289,90323,34
103,0,blank,0,138.2647,295.8817,90489,90514,25
103,13,;,116,147.2097,275.9943,90637,90670,33
103,15,for,121,113.485366666667,329.285266666667,90804,90902,98
103,15,for,121,99.9665,326.4882,91027,91060,33
103,0,blank,0,977.549,434.9518,91624,91688,64
103,0,blank,0,979.333,449.2625,91796,91828,32
103,0,blank,0,977.961,454.238,92131,92156,25
103,0,blank,0,995.329,465.0234,92314,92347,33
103,0,blank,0,977.996,472.6938,92380,92414,34
103,0,blank,0,300.41635,644.19855,92541,92608,67
103,0,blank,0,573.4816,637.427,92862,92920,58
103,0,blank,0,565.66125,640.8329,92978,93035,57
103,0,blank,0,572.8182,625.1146,93068,93101,33
103,0,blank,0,503.9258,657.293,93168,93201,33
103,0,blank,0,113.5331,252.8827,93413,93438,25
103,10,"EntertheorderofthematrixB\n",88,123.099675,201.777975,93761,93917,156
103,9,"%d%d",77,110.6706,188.8009,93942,94007,65
103,0,blank,0,-350,-105,94554,94579,25
103,6,comma,44,178.2748,122.6053,94732,94758,26
103,0,blank,0,-350,-105,94925,95344,419
103,0,blank,0,-350,-105,95344,95416,72
103,0,blank,0,-350,-105,95416,95614,198
103,0,blank,0,-350,-105,95614,95787,173
103,0,blank,0,-350,-105,95787,95887,100
103,0,blank,0,-350,-105,95887,96056,169
103,0,blank,0,-350,-105,96056,96148,92
103,0,blank,0,-350,-105,96666,96792,126
103,10,(,87,108.229833333333,218.317,99674,99766,92
103,10,printf,86,102.372833333333,202.493266666667,99799,99895,96
103,10,"EntertheorderofthematrixB\n",88,155.00755,209.39635,99927,99990,63
103,10,"EntertheorderofthematrixB\n",88,153.6848,215.3765,100022,100054,32
103,10,"EntertheorderofthematrixB\n",88,260.9063,210.885,100183,100214,31
103,10,"EntertheorderofthematrixB\n",88,258.8491,217.1246,100307,100339,32
103,10,"EntertheorderofthematrixB\n",88,214.798,218.6107,100404,100430,26
103,0,blank,0,239.7042,200.6327,100463,100496,33
103,10,"EntertheorderofthematrixB\n",88,331.3216,221.44815,100810,100877,67
103,10,"EntertheorderofthematrixB\n",88,274.512,211.542,101003,101035,32
103,10,"EntertheorderofthematrixB\n",88,289.13834,218.77872,101227,101388,161
103,11,column2,99,297.13418,234.5331,101623,101784,161
103,10,"EntertheorderofthematrixB\n",88,292.5388,220.1688,101847,101879,32
103,0,blank,0,292.548166666667,244.276133333333,102043,102141,98
103,12,"EntertheelementsofmatrixA\n",104,328.2143,249.2864,102204,102235,31
103,11,column2,99,342.4181,234.79775,102266,102330,64
103,11,column2,99,320.463,230.13435,102395,102460,65
103,10,"EntertheorderofthematrixB\n",88,256.475,219.7603,102492,102524,32
103,11,row2,96,242.0345,229.1235,102558,102622,64
103,11,column2,99,299.345,240.9049,102720,102754,34
103,11,column2,99,308.8026,240.4516,102949,102981,32
103,11,column2,99,291.8534,233.4972,103013,103080,67
103,10,"EntertheorderofthematrixB\n",88,306.137,216.2668,103111,103143,32
103,11,column2,99,303.3447,230.78695,103299,103363,64
103,11,column2,99,299.453866666667,224.2954,103507,103598,91
103,0,blank,0,34.2701,248.4471,103664,103729,65
103,11,&,98,193.9339,243.4978,103917,103950,33
103,0,blank,0,-350,-105,104544,104640,96
103,10,"EntertheorderofthematrixB\n",88,181.7988,220.9047,104809,104838,29
103,10,"EntertheorderofthematrixB\n",88,175.9203,209.0259,104938,104969,31
103,12,printf,102,79.4838,249.473633333333,105192,105331,139
103,10,"EntertheorderofthematrixB\n",88,143.4769,216.098,105459,105491,32
103,13,i,117,98.7814,269.0476,105716,105834,118
103,12,"EntertheelementsofmatrixA\n",104,261.816,263.5488,106145,106176,31
103,12,"EntertheelementsofmatrixA\n",104,245.0538,262.1891,106210,106242,32
103,12,"EntertheelementsofmatrixA\n",104,216.84545,262.60385,106340,106407,67
103,11,"%d%d",93,144.7512,239.4384,106440,106472,32
103,12,"EntertheelementsofmatrixA\n",104,154.66794,258.57288,106505,106671,166
103,11,"%d%d",93,138.7306,237.5976,106671,106706,35
103,11,scanf,91,84.68765,239.931,106803,106870,67
103,12,printf,102,68.14135,251.01365,107135,107201,66
103,12,"EntertheelementsofmatrixA\n",104,289.1631,257.02125,107460,107527,67
103,12,"EntertheelementsofmatrixA\n",104,273.9428,265.1434,107560,107626,66
103,12,"EntertheelementsofmatrixA\n",104,232.1433,263.5625,107659,107693,34
103,12,"EntertheelementsofmatrixA\n",104,197.0643,263.1823,107726,107757,31
103,12,"EntertheelementsofmatrixA\n",104,223.3492,264.5188,107791,107822,31
103,0,blank,0,64.03925,546.64655,108020,108085,65
103,0,blank,0,77.7739,584.3809,108216,108249,33
103,0,blank,0,111.1897,582.535133333333,108349,108448,99
103,0,blank,0,106.2366,576.9311,108480,108512,32
103,28,"MATRIXAis\n",202,228.7469,602.0032,108544,108577,33
103,0,blank,0,238.5432,585.0557,108609,108642,33
103,0,blank,0,209.9878,579.8255,108809,108841,32
103,27,},199,44.6951,581.1774,109009,109043,34
103,0,blank,0,55.1696,566.7242,109107,109140,33
103,0,blank,0,101.6162,640.425,109307,109342,35
103,28,printf,200,59.4447,608.0396,109489,109528,39
103,10,"EntertheorderofthematrixB\n",88,130.8389,221.1907,109659,109693,34
103,12,"EntertheelementsofmatrixA\n",104,132.8367,265.8383,109826,109858,32
103,0,blank,0,126.7015,272.9063,109926,109959,33
103,0,blank,0,111.8918,277.5386,109993,110028,35
103,12,"EntertheelementsofmatrixA\n",104,114.1202,265.6129,110095,110127,32
103,12,printf,102,89.0651,260.3424,110194,110226,32
103,12,"EntertheelementsofmatrixA\n",104,116.0372,265.902,110448,110480,32
103,12,printf,102,84.4801,263.3374,110779,110811,32
103,13,for,107,59.4734,268.1116,110846,110910,64
103,0,blank,0,125.7317,274.0477,110942,111009,67
103,13,=,110,116.8811,280.5195,111109,111141,32
103,0,blank,0,130.2559,284.9204,111240,111274,34
103,13,;,116,147.01186,282.3079,111306,111473,167
103,13,i,117,100.24605,277.697675,111540,111670,130
103,0,blank,0,305.343,284.4688,111802,111834,32
103,13,++,118,289.81695,286.6337,111868,111932,64
103,13,row1,115,243.22395,270.4419,112029,112095,66
103,12,"EntertheelementsofmatrixA\n",104,239.39095,260.2731,112127,112193,66
103,0,blank,0,294.395333333333,266.910833333333,112325,112421,96
103,12,"EntertheelementsofmatrixA\n",104,320.6526,264.9081,112487,112523,36
103,12,"EntertheelementsofmatrixA\n",104,306.729225,255.10115,112794,112930,136
103,13,++,118,279.789,269.4199,113163,113196,33
103,13,i,117,270.1331,282.5608,113325,113361,36
103,13,for,107,66.6598,281.7853,113560,113592,32
103,13,for,107,57.4794,281.5943,113659,113692,33
103,13,i,117,169.2338,285.1634,113790,113824,34
103,13,;,116,150.4499,284.0277,113989,114022,33
103,0,blank,0,129.3557,630.8992,114256,114289,33
103,0,blank,0,133.666966666667,586.747666666667,114393,114489,96
103,0,blank,0,222.53155,576.613975,114556,114696,140
103,29,for,205,57.013,620.117,114792,114855,63
103,29,for,205,70.8202,622.1266,114887,114919,32
103,28,"MATRIXAis\n",202,134.41005,608.3616,115048,115114,66
103,0,blank,0,139.501,591.0262,115178,115209,31
103,12,"EntertheelementsofmatrixA\n",104,146.3641,262.604,115636,115675,39
103,13,(,108,90.0868,271.461,115837,115906,69
103,12,"EntertheelementsofmatrixA\n",104,186.1295,250.5364,116373,116408,35
103,13,=,110,119.7797,272.3513,116472,116537,65
103,12,"EntertheelementsofmatrixA\n",104,119.7961,257.8276,116571,116604,33
103,0,blank,0,114.9281,660.5975,116823,116861,38
103,0,blank,0,118.6769,670.4987,116924,116956,32
103,0,blank,0,69.827,663.5194,116988,117021,33
103,0,blank,0,94.432,658.3891,117055,117089,34
103,0,blank,0,76.6085,670.2202,117121,117153,32
103,31,;,228,191.80955,669.61915,117552,117618,66
103,0,blank,0,198.8552,672.3007,117684,117719,35
103,31,column1,227,301.059,667.3497,117817,117849,32
103,31,column1,227,306.2598,673.8516,117915,117947,32
103,12,printf,102,98.8415,261.1407,118179,118212,33
103,0,blank,0,113.375866666667,247.8332,118319,118417,98
103,13,;,116,145.7882,281.6387,118484,118517,33
103,13,0,111,142.9596,287.8613,118549,118584,35
103,13,;,116,148.5933,273.038175,118617,118751,134
103,13,0,111,138.9356,270.3347,118817,118850,33
103,0,blank,0,182.814,274.6428,118915,118949,34
103,0,blank,0,196.7064,283.78685,119113,119178,65
103,0,blank,0,295.67545,293.9163,119343,119408,65
103,12,"EntertheelementsofmatrixA\n",104,234.94725,265.5055,119474,119541,67
103,13,row1,115,227.0276,278.6422,119574,119609,35
103,12,(,103,105.4197,256.6879,119807,119832,25
103,12,(,103,107.0487,265.6721,119865,119899,34
103,0,blank,0,171.4729,266.0366,119934,119967,33
103,0,blank,0,176.55555,294.77625,120067,120133,66
103,13,i,117,172.6441,271.0941,120166,120232,66
103,0,blank,0,188.5308,293.0582,120289,120324,35
103,13,<,114,183.3666,280.50525,120388,120455,67
103,12,(,103,108.7747,263.6605,120580,120613,33
103,12,printf,102,99.5411,265.9914,120646,120679,33
103,13,<,114,191.8338,269.814133333333,120744,120841,97
103,13,<,114,192.7108,274.813166666667,120873,120973,100
103,0,blank,0,197.96625,269.67655,121007,121075,68
103,0,blank,0,255.6219,290.5955,121308,121342,34
103,0,blank,0,-350,-105,121526,121640,114
103,0,blank,0,-350,-105,121801,121958,157
103,13,i,117,103.90415,277.6491,122206,122272,66
103,0,blank,0,163.863,298.4676,122335,122367,32
103,12,"EntertheelementsofmatrixA\n",104,165.8749,260.8515,122399,122431,32
103,13,i,117,164.1981,280.4832,122497,122530,33
103,12,printf,102,76.30355,256.544575,122763,122891,128
103,0,blank,0,286.5292,293.581,122957,122989,32
103,12,"EntertheelementsofmatrixA\n",104,291.1952,262.91365,123087,123154,67
103,13,;,116,246.5688,270.0715,123254,123287,33
103,13,row1,115,235.3837,284.36785,123321,123388,67
103,0,blank,0,355.0072,277.6209,123762,123795,33
103,0,blank,0,255.3906,281.8156,123863,123897,34
103,13,row1,115,238.7145,284.03,123999,124032,33
103,0,blank,0,254.304933333333,284.632733333333,124064,124163,99
103,15,j,131,139.147633333333,311.040766666667,124394,124497,103
103,15,for,121,97.2909,316.3239,124664,124696,32
103,12,"EntertheelementsofmatrixA\n",104,371.7007,252.6929,124893,124928,35
103,0,blank,0,134.49095,308.70305,125329,125396,67
103,15,(,122,127.4082,319.6283,125463,125495,32
103,0,blank,0,136.51515,302.0767,125628,125695,67
103,0,blank,0,134.5716,288.80565,125727,125794,67
103,15,column1,129,291.6547,318.7412,125827,125861,34
103,15,column1,129,260.1096,326.4486,126691,126724,33
103,0,blank,0,249.1298,299.2079,126889,126922,33
103,0,blank,0,413.9053,300.5057,127053,127086,33
103,0,blank,0,399.1846,313.3273,127118,127184,66
103,0,blank,0,350.0233,309.441033333333,127216,127316,100
103,15,++,132,347.101,322.3596,127379,127413,34
103,0,blank,0,482.04465,326.8754,127478,127542,64
103,15,),133,371.97805,317.84605,128069,128136,67
103,0,blank,0,384.3695,308.0222,128240,128272,32
103,0,blank,0,486.4138,333.4425,128341,128372,31
103,0,blank,0,476.1332,320.1158,128407,128442,35
103,0,blank,0,464.227733333333,327.554566666667,128475,128576,101
103,0,blank,0,625.8834,317.9312,128679,128715,36
103,0,blank,0,631.25585,334.65515,128815,128880,65
103,0,blank,0,583.8053,318.1212,128978,129009,31
103,0,blank,0,174.228,301.9393,129173,129205,32
103,15,0,125,173.6546,323.0921,129238,129303,65
103,0,blank,0,123.3945,312.75425,129438,129511,73
103,0,blank,0,146.7707,324.9582,129543,129578,35
103,15,column1,129,244.0236,312.5719,129708,129773,65
103,0,blank,0,238.1986,313.38085,129805,129870,65
103,15,j,131,207.1226,317.165,130001,130034,33
103,13,;,116,246.31505,271.70025,130361,130425,64
103,13,row1,115,238.3076,282.8179,130521,130553,32
103,0,blank,0,177.4005,267.4949,130586,130618,32
103,0,blank,0,177.108,288.696733333333,130650,130746,96
103,13,i,117,172.4784,281.5525,130816,130852,36
104,35,;,251,206.5181,264.8704,132514,132547,33
104,35,printf,247,122.7591,261.2256,132652,132752,100
104,35,printf,247,123.5917,276.0708,132818,132850,32
104,35,(,248,145.6133,279.19,132885,132917,32
104,0,blank,0,94.0152,260.7425,133015,133048,33
104,35,printf,247,89.973,268.1077,133214,133248,34
104,35,"\n",249,169.4622,264.2233,133545,133578,33
104,35,printf,247,105.6391,268.0361,133842,133908,66
104,35,printf,247,113.4143,263.3989,133941,133975,34
104,0,blank,0,234.6862,267.3531,134008,134040,32
104,0,blank,0,243.3398,252.1612,134140,134171,31
104,0,blank,0,243.8303,283.2119,134237,134271,34
104,0,blank,0,341.471033333333,263.4705,134405,134502,97
104,0,blank,0,245.6851,278.5393,134727,134760,33
104,35,printf,247,106.0668,268.8565,134925,134958,33
104,35,printf,247,117.4445,274.3557,135024,135057,33
104,0,blank,0,154.3635,299.1466,135220,135253,33
104,0,blank,0,470.9476,295.9071,135515,135546,31
104,0,blank,0,345.0022,338.1074,135709,135741,32
104,0,blank,0,375.7729,299.40615,135807,135898,91
104,0,blank,0,420.1588,323.4128,136125,136158,33
104,0,blank,0,480.92435,347.06805,136488,136555,67
104,0,blank,0,480.86245,355.569,136626,136695,69
104,0,blank,0,466.12875,348.7968,136800,136871,71
104,0,blank,0,603.763825,355.894175,136941,137093,152
104,0,blank,0,388.6663,321.4942,137513,137544,31
104,0,blank,0,403.9479,309.1042,137711,137744,33
104,0,blank,0,338.5775,318.6678,137811,137844,33
104,0,blank,0,335.7574,334.2852,137877,137942,65
104,0,blank,0,351.7052,309.54,138072,138104,32
104,0,blank,0,156.564025,332.81885,138206,138335,129
104,37,"MATRIXBis\n",255,254.5138,309.6149,138508,138578,70
104,37,"MATRIXBis\n",255,116.61885,323.22165,138679,138749,70
104,37,"MATRIXBis\n",255,121.2397,313.6882,138815,138849,34
104,0,blank,0,107.8729,338.1837,138881,138913,32
104,38,i,268,96.5662,334.6111,138948,138980,32
104,37,(,254,112.3123,319.4438,139013,139046,33
104,37,(,254,110.86544,324.58762,139112,139275,163
104,0,blank,0,224.052,294.5057,139338,139371,33
104,37,"MATRIXBis\n",255,229.22655,310.7867,139406,139474,68
104,37,printf,253,90.8801,320.1696,139544,139576,32
104,37,(,254,107.0248,307.0725,139806,139838,32
104,37,(,254,112.77165,317.0664,139870,139937,67
104,37,"MATRIXBis\n",255,254.5972,311.221,140004,140041,37
104,0,blank,0,247.7731,285.179,140142,140176,34
104,0,blank,0,451.8875,311.6923,140340,140373,33
104,0,blank,0,393.9303,317.8207,140512,140544,32
104,35,printf,247,130.7373,277.01365,140613,140681,68
104,35,printf,247,124.3636,264.967675,140713,140843,130
104,35,printf,247,105.98945,277.6309,140876,140945,69
104,0,blank,0,202.8895,272.0407,141083,141116,33
104,0,blank,0,212.602,259.6267,141150,141183,33
104,0,blank,0,178.9542,257.3799,141383,141418,35
104,35,"\n",249,170.3218,262.4376,141450,141484,34
104,35,"\n",249,181.3158,271.7304,141517,141550,33
104,35,printf,247,133.8699,271.1866,141617,141651,34
104,0,blank,0,123.6347,260.502,141746,141812,66
104,0,blank,0,73.3138333333333,256.637666666667,141979,142078,99
104,0,blank,0,164.998,257.414966666667,142175,142274,99
104,0,blank,0,296.7917,252.9604,142340,142375,35
104,0,blank,0,280.068,274.4611,142407,142507,100
104,35,printf,247,141.3578,265.1526,142875,142906,31
104,35,"\n",249,178.518,269.7663,142940,142973,33
104,0,blank,0,-350,-105,143108,143236,128
104,35,(,248,146.4463,268.7127,143468,143502,34
104,35,"\n",249,157.759775,277.69625,143535,143667,132
104,0,blank,0,155.6874,255.1672,143701,143735,34
104,0,blank,0,132.388,283.282,143857,143922,65
104,35,printf,247,133.013266666667,274.455566666667,144011,144109,98
104,0,blank,0,243.3033,236.9047,144282,144311,29
104,0,blank,0,236.1221,282.8122,144343,144376,33
104,0,blank,0,253.1352,251.6598,144408,144440,32
104,0,blank,0,250.4596,275.5457,144539,144573,34
104,0,blank,0,347.8066,273.5662,144606,144640,34
104,0,blank,0,321.1582,265.5721,144740,144803,63
104,0,blank,0,340.26755,271.6612,144931,144998,67
104,0,blank,0,97.9835,596.7726,145105,145137,32
104,0,blank,0,104.0892,592.72905,145170,145235,65
104,49,for,322,94.3452,580.3624,145301,145335,34
104,49,(,323,125.4789,576.5232,145369,145402,33
104,0,blank,0,239.44815,576.5797,145600,145670,70
104,49,0,326,183.8406,575.3494,145874,145909,35
104,49,0,326,174.11335,578.55605,145941,146008,67
104,48,"Matricescanbecompared\n",319,244.1144,563.3418,146043,146075,32
104,49,row1,330,258.9092,584.6685,146212,146246,34
104,29,(,206,88.5192,141.8494,146601,146692,91
104,28,printf,200,98.9056,119.6876,146865,146898,33
104,0,blank,0,76.7958,87.37905,146997,147062,65
104,0,blank,0,66.8388666666667,97.3355666666667,147129,147229,100
104,0,blank,0,45.9122,66.1849,147330,147364,34
104,28,(,201,108.2154,125.8423,147497,147530,33
104,29,(,206,91.1091,141.573233333333,147561,147661,100
104,29,i,215,96.2547,136.1129,147693,147726,33
104,0,blank,0,-350,-105,147828,147965,137
104,0,blank,0,78.6222,86.1549,148098,148128,30
104,28,printf,200,103.1086,122.5003,148162,148194,32
104,0,blank,0,113.864466666667,116.418233333333,148228,148329,101
104,0,blank,0,76.7037,157.7201,148395,148429,34
104,28,(,201,111.8003,122.0155,148693,148726,33
104,0,blank,0,109.2714,139.9069,148758,148790,32
104,28,(,201,110.271575,110.873675,148955,149088,133
104,28,"MATRIXAis\n",202,120.1701,110.0349,149252,149286,34
104,0,blank,0,111.8653,206.0698,149384,149417,33
104,0,blank,0,134.6978,248.2649,149549,149618,69
104,0,blank,0,143.7894,238.1933,149684,149717,33
104,0,blank,0,137.677,249.9279,149920,149955,35
104,0,blank,0,107.5408,245.3993,150220,150252,32
104,0,blank,0,117.9455,217.8541,150320,150351,31
104,0,blank,0,116.4117,244.9661,150417,150450,33
104,0,blank,0,-350,-105,150517,150601,84
104,28,printf,200,97.7845,116.2231,150766,150794,28
104,0,blank,0,97.2294,152.8159,150858,150957,99
104,0,blank,0,68.345,256.7693,151058,151089,31
104,0,blank,0,88.8029,236.9073,151154,151187,33
104,33,printf,233,174.223325,235.0129,151253,151386,133
104,33,printf,233,131.2283,231.4934,151452,151550,98
104,0,blank,0,120.080066666667,227.6907,151584,151681,97
104,0,blank,0,126.5662,211.4161,151713,151746,33
104,31,j,229,135.8504,190.1616,152041,152075,34
104,0,blank,0,145.0211,184.2218,152173,152205,32
104,31,=,222,158.329066666667,191.3909,152238,152337,99
104,33,printf,233,157.828,217.8706,152402,152500,98
104,0,blank,0,74.18985,240.4543,152592,152660,68
104,0,blank,0,78.7398,251.906,152727,152759,32
104,28,printf,200,70.2296,107.88215,152860,152927,67
104,28,printf,200,63.875,124.38085,152961,153025,64
104,0,blank,0,39.7412666666667,66.5665666666667,153060,153160,100
104,0,blank,0,102.7001,71.8122,153298,153331,33
104,0,blank,0,99.6974,67.6791,153431,153465,34
104,35,"\n",249,171.07645,270.95485,153974,154042,68
104,0,blank,0,176.791425,250.488975,154073,154209,136
104,0,blank,0,177.9615,246.57725,154274,154341,67
104,0,blank,0,-350,-105,154409,154546,137
104,0,blank,0,97.1179,217.053,154749,154782,33
104,0,blank,0,111.1506,206.192,154847,154879,32
104,0,blank,0,103.3659,201.16905,155075,155138,63
104,0,blank,0,114.4893,205.4517,155236,155268,32
104,0,blank,0,67.2770666666667,245.842633333333,155397,155497,100
104,0,blank,0,145.1108,249.5553,155596,155628,32
104,0,blank,0,139.78385,244.8653,155694,155758,64
104,0,blank,0,236.5689,246.3856,156092,156157,65
104,0,blank,0,244.1418,262.5071,156264,156297,33
104,0,blank,0,166.22598,250.6289,156397,156566,169
104,0,blank,0,177.6597,250.6655,156566,156598,32
104,0,blank,0,-350,-105,156665,156776,111
104,0,blank,0,230.339266666667,263.002566666667,156883,157073,190
104,0,blank,0,231.4841,259.5222,157073,157106,33
104,0,blank,0,136.9087,248.9976,157271,157305,34
104,0,blank,0,163.1803,250.98535,157404,157470,66
104,0,blank,0,308.1769,254.6785,157635,157669,34
104,0,blank,0,109.4903,248.4459,157904,157936,32
104,0,blank,0,95.9015,260.4794,157969,158004,35
104,0,blank,0,98.4226,250.8575,158068,158103,35
104,0,blank,0,24.2245,207.3988,158202,158234,32
104,0,blank,0,22.7284,222.5299,158303,158334,31
104,0,blank,0,51.36985,215.9722,158367,158434,67
104,0,blank,0,80.4687,572.2258,158534,158568,34
104,48,printf,317,95.20695,555.19375,158667,158734,67
104,0,blank,0,30.7308,551.4214,158767,158802,35
104,0,blank,0,16.596,563.5262,158835,158868,33
104,0,blank,0,83.7183,258.6707,159069,159103,34
104,35,printf,247,93.8371,262.7996,159170,159205,35
104,0,blank,0,114.896,252.440933333333,159237,159338,101
104,0,blank,0,174.4554,243.6501,159370,159404,34
104,0,blank,0,200.2238,252.7474,159471,159504,33
104,0,blank,0,169.9628,256.4435,159604,159636,32
104,0,blank,0,233.3019,242.0972,159737,159770,33
104,0,blank,0,152.6495,244.0136,159943,159975,32
104,35,"\n",249,156.83055,266.5679,160008,160075,67
104,35,printf,247,83.6696,262.7701,160143,160177,34
104,0,blank,0,54.0332,251.5079,160212,160246,34
104,0,blank,0,74.163,268.59855,160278,160345,67
104,0,blank,0,308.0821,243.78515,160513,160583,70
104,0,blank,0,303.9551,281.2614,160617,160650,33
104,0,blank,0,294.4291,265.0338,160683,160749,66
104,0,blank,0,309.7847,253.0966,160783,160818,35
104,0,blank,0,123.683733333333,254.564366666667,160884,160983,99
104,35,printf,247,117.5909,270.6191,161083,161116,33
104,0,blank,0,110.0657,541.1756,161383,161415,32
104,48,printf,317,87.9207,555.5503,161479,161513,34
104,0,blank,0,95.02265,534.614,161546,161610,64
104,0,blank,0,24.6717,574.550833333333,161776,161874,98
104,0,blank,0,28.4802,549.9564,161907,161942,35
104,0,blank,0,109.2564,233.7141,162139,162171,32
104,0,blank,0,89.614,239.9929,162320,162345,25
104,0,blank,0,71.8078,255.7517,162409,162442,33
104,33,"%3d",235,195.1748,223.9682,162676,162710,34
104,0,blank,0,319.6176,263.3708,162777,162810,33
104,0,blank,0,347.8683,254.3661,162905,162930,25
104,0,blank,0,336.332,256.59435,162997,163063,66
104,0,blank,0,317.6948,274.7778,163097,163132,35
104,0,blank,0,150.4224,256.9836,163197,163232,35
104,35,"\n",249,158.8745,266.2179,163267,163300,33
104,0,blank,0,143.693,253.7745,163367,163402,35
104,0,blank,0,57.9394,185.34415,163673,163741,68
104,0,blank,0,40.9099,633.3557,163807,163841,34
104,0,blank,0,77.4592,553.3059,164042,164073,31
104,0,blank,0,74.1086,531.4652,164107,164141,34
104,0,blank,0,36.573,566.6572,164206,164240,34
104,0,blank,0,29.6961,574.2839,164305,164342,37
104,0,blank,0,25.16,549.7596,164375,164408,33
104,0,blank,0,54.7399,210.7347,164632,164665,33
105,47,{,316,51.8825,200.94305,165225,165359,134
105,47,{,316,44.81855,196.9718,165425,165494,69
105,47,{,316,48.2428333333333,191.7095,165530,165630,100
105,46,row1,308,108.586933333333,177.125833333333,165698,165797,99
105,0,blank,0,239.77645,292.99645,165829,165897,68
105,0,blank,0,258.8102,254.9139,165933,165969,36
105,0,blank,0,286.68765,248.39745,166072,166137,65
105,0,blank,0,289.18274,260.98532,166203,166370,167
105,0,blank,0,296.84985,252.52725,166437,166503,66
105,0,blank,0,272.7949,247.7894,166602,166635,33
105,0,blank,0,83.53515,279.97335,167403,167471,68
105,0,blank,0,79.3719,265.545,167539,167573,34
105,51,(,337,172.8852,288.2687,167706,167739,33
105,0,blank,0,192.4335,276.5263,167773,167807,34
105,0,blank,0,100.4799,274.8968,167875,167907,32
105,0,blank,0,111.0561,282.0316,167941,167975,34
105,0,blank,0,105.0726,272.9935,168043,168077,34
105,51,0,340,214.4276,289.6237,168377,168413,36
105,0,blank,0,-350,-105,168610,168716,106
105,0,blank,0,140.6402,266.9636,168990,169022,32
105,0,blank,0,165.6489,252.1481,169219,169252,33
105,51,for,336,136.44145,270.825,169284,169352,68
105,0,blank,0,257.1218,267.9683,169451,169484,33
105,51,<,343,264.74295,285.088,169583,169649,66
105,0,blank,0,267.8915,248.1106,169715,169747,32
105,0,blank,0,31.993325,127.83255,169848,169981,133
105,0,blank,0,70.9929,216.55385,170215,170283,68
105,0,blank,0,44.614,226.117,170316,170349,33
105,0,blank,0,69.8967,203.84935,170383,170451,68
105,0,blank,0,154.1363,256.95855,170588,170656,68
105,0,blank,0,147.4922,263.3613,170792,170829,37
105,0,blank,0,157.1074,293.1857,170861,170895,34
105,48,printf,317,116.47002,221.50046,171001,171171,170
105,48,"Matricescanbecompared\n",319,169.8686,210.6318,171339,171409,70
105,49,for,322,109.3658,229.9929,171613,171647,34
105,0,blank,0,72.9188,224.0063,172459,172491,32
105,0,blank,0,150.274166666667,199.518966666667,172793,172892,99
105,0,blank,0,105.5483,198.9064,173032,173066,34
105,48,printf,317,108.357,222.4923,173235,173303,68
105,0,blank,0,117.0427,193.3007,173336,173372,36
105,46,if,306,43.4438,168.8162,173673,173706,33
105,0,blank,0,84.47885,84.436,173773,173839,66
105,43,},299,84.5564,97.5394,173873,173906,33
105,0,blank,0,80.4102,63.2855,174040,174073,33
105,0,blank,0,77.7141,66.03175,174108,174172,64
105,51,for,336,144.282,275.4419,174274,174307,33
105,0,blank,0,176.5326,258.7636,174406,174440,34
105,51,for,336,152.6323,281.2889,174474,174508,34
105,0,blank,0,170.0519,255.3273,174677,174710,33
105,0,blank,0,166.9998,294.8695,174878,174913,35
105,46,&&,311,214.4561,166.2847,174981,175014,33
105,0,blank,0,311.19125,195.01135,175216,175308,92
105,48,"Matricescanbecompared\n",319,360.0713,209.6402,175472,175506,34
105,49,i,332,136.9,245.1265,175899,175933,34
105,49,(,323,129.6093,238.1034,176069,176102,33
105,41,{,285,86.6213,50.9691,176306,176339,33
105,0,blank,0,63.1929,57.5977,176405,176438,33
105,0,blank,0,69.2044,91.8328,176472,176537,65
105,0,blank,0,79.4531333333334,110.964533333333,176639,176738,99
105,0,blank,0,308.8451,300.3235,177107,177207,100
105,51,column2,344,325.478,284.5549,177241,177275,34
105,51,column2,344,328.0757,278.334,177375,177409,34
105,0,blank,0,239.088,287.0401,177509,177543,34
105,51,j,346,246.786,283.2562,177611,177678,67
105,0,blank,0,367.3759,284.4372,177778,177812,34
105,51,column2,344,285.29775,272.7342,177977,178042,65
105,0,blank,0,260.3399,301.1292,178108,178141,33
105,51,column2,344,326.9297,279.6165,178210,178241,31
105,0,blank,0,316.0693,292.1679,178276,178310,34
105,51,column2,344,330.61675,273.2441,178344,178410,66
105,0,blank,0,372.6595,298.14025,178574,178638,64
105,0,blank,0,181.938,259.7806,178736,178770,34
105,0,blank,0,191.0071,247.8517,178802,178837,35
105,0,blank,0,112.7379,248.2535,178903,178936,33
105,0,blank,0,108.2239,249.69445,179002,179070,68
105,0,blank,0,146.1856,251.09205,179202,179269,67
105,49,i,332,141.1958,234.85,179336,179370,34
105,0,blank,0,246.4556,253.0681,179403,179467,64
105,0,blank,0,252.07875,247.49315,179500,179593,93
105,0,blank,0,249.21525,262.6196,179690,179756,66
105,0,blank,0,302.2319,249.5334,179857,179889,32
105,0,blank,0,284.6428,259.3753,179989,180022,33
105,0,blank,0,314.9943,262.0814,180055,180089,34
105,0,blank,0,21.74245,112.46215,180337,180450,113
105,66,flag,394,118.2991,611.6034,180676,180710,34
105,66,flag,394,101.7115,603.6334,180744,180812,68
105,0,blank,0,85.3835,583.5584,180846,180880,34
105,0,blank,0,114.1014,530.2217,180947,180979,32
105,67,printf,398,86.8462,627.3405,181147,181180,33
105,0,blank,0,268.3809,652.3795,181604,181637,33
105,0,blank,0,253.6136,659.0547,181807,181873,66
105,69,"But,twomatricesarenotequal\n",406,236.7523,669.468,181975,182008,33
105,0,blank,0,-350,-105,182418,182503,85
105,0,blank,0,-350,-105,182503,182697,194
105,0,blank,0,-350,-105,182697,182867,170
105,0,blank,0,-350,-105,182867,183056,189
105,0,blank,0,-350,-105,183056,183211,155
105,0,blank,0,970.232,153.3645,183328,183398,70
105,0,blank,0,978.145,221.295,183431,183499,68
105,0,blank,0,983.705666666667,222.560433333333,183524,183627,103
105,0,blank,0,991.632,236.1243,183696,183789,93
105,0,blank,0,174.7289,444.7545,184169,184204,35
105,46,==,313,139.8148,171.62365,184476,184544,68
105,0,blank,0,143.83,150.8425,184578,184611,33
105,44,printf,300,97.53435,117.41,184713,184780,67
105,0,blank,0,103.6049,137.83495,184814,184880,66
105,0,blank,0,174.30155,141.38665,184913,184980,67
105,0,blank,0,183.2815,148.0204,185079,185112,33
105,0,blank,0,184.7982,158.9884,185180,185213,33
105,0,blank,0,141.4228,193.8261,185282,185316,34
105,0,blank,0,148.9463,192.9653,185419,185452,33
105,48,"Matricescanbecompared\n",319,168.55025,209.25415,185486,185554,68
105,44,"\n",302,180.8165,120.4635,185588,185623,35
105,0,blank,0,187.0709,111.1976,185757,185792,35
105,44,"\n",302,177.4786,131.54,185826,185861,35
105,0,blank,0,127.7774,147.4393,186062,186095,33
105,44,printf,300,108.1496,125.3311,186200,186231,31
105,0,blank,0,261.5327,109.2799,186300,186334,34
105,0,blank,0,266.715933333333,124.747966666667,186368,186470,102
105,0,blank,0,242.9878,128.09796,186537,186707,170
105,0,blank,0,-350,-105,186740,186876,136
105,0,blank,0,244.053,115.4823,187009,187030,21
105,0,blank,0,300.893,119.2582,187583,187617,34
105,0,blank,0,305.296033333333,129.841866666667,187649,187748,99
105,46,row2,310,183.0185,173.1319,188008,188040,32
105,0,blank,0,187.1918,158.1696,188107,188141,34
105,46,row2,310,186.7517,167.2642,188175,188208,33
105,0,blank,0,134.2539,200.6187,188410,188443,33
105,46,row2,310,185.40455,178.33455,188544,188610,66
105,0,blank,0,113.8102,181.8622,188779,188813,34
105,0,blank,0,134.8992,186.0921,188912,188946,34
105,0,blank,0,190.4174,158.2783,188979,189012,33
105,0,blank,0,196.6419,181.1059,189046,189113,67
105,46,row2,310,195.552666666667,177.991633333333,189146,189247,101
105,0,blank,0,155.9712,172.6429,189280,189313,33
105,0,blank,0,125.2548,180.7427,189481,189582,101
105,0,blank,0,208.3985,167.2776,189782,189817,35
105,0,blank,0,205.78745,176.88065,189883,189950,67
105,46,row2,310,203.18685,172.19895,189984,190050,66
105,46,row2,310,201.89005,171.7736,190083,190149,66
105,48,printf,317,126.9281,219.6356,190348,190382,34
105,0,blank,0,126.4985,189.7073,190449,190482,33
105,0,blank,0,122.34895,196.6701,190678,190744,66
105,0,blank,0,122.2569,191.9489,191007,191073,66
105,0,blank,0,135.8776,194.6123,191138,191171,33
105,48,(,318,145.7168,208.4757,191204,191236,32
105,0,blank,0,134.1805,201.6214,191302,191336,34
105,0,blank,0,110.4181,201.267,191630,191664,34
105,0,blank,0,136.5214,198.524625,191762,191883,121
105,48,printf,317,130.881025,206.581875,191949,192080,131
105,0,blank,0,113.1322,193.1894,192179,192212,33
105,0,blank,0,91.1005,193.7213,192244,192276,32
105,48,printf,317,110.9549,206.1114,192308,192342,34
105,0,blank,0,194.5784,182.4581,192408,192473,65
105,0,blank,0,210.0159,176.8861,192498,192530,32
105,0,blank,0,110.7184,184.0157,192562,192660,98
105,49,i,332,134.9236,229.3685,192757,192790,33
105,48,"Matricescanbecompared\n",319,208.67795,205.0917,192887,192952,65
105,0,blank,0,205.771225,198.2005,192986,193115,129
105,48,"Matricescanbecompared\n",319,225.0123,203.2354,193147,193180,33
105,48,"Matricescanbecompared\n",319,209.77195,207.84615,193245,193311,66
105,48,"Matricescanbecompared\n",319,217.39355,207.331966666667,193343,193539,196
105,0,blank,0,259.9532,190.148566666667,193571,193669,98
105,0,blank,0,226.0229,196.264,193769,193802,33
105,0,blank,0,227.2919,186.3196,193867,193900,33
105,0,blank,0,308.88055,190.67205,194194,194261,67
105,48,"Matricescanbecompared\n",319,186.9064,215.1768,194358,194392,34
105,0,blank,0,192.2831,201.9759,194457,194489,32
105,0,blank,0,245.9079,199.8263,194521,194554,33
105,0,blank,0,231.5114,194.5306,194586,194619,33
105,46,column2,314,357.0103,179.4858,194782,194815,33
105,0,blank,0,360.1657,185.0799,195001,195034,33
105,0,blank,0,305.375675,185.51855,195066,195196,130
105,0,blank,0,301.8134,193.4699,195229,195260,31
105,0,blank,0,363.9351,181.1005,195325,195390,65
105,0,blank,0,-350,-105,195448,195507,59
105,0,blank,0,65.1955,177.0384,196099,196135,36
105,0,blank,0,179.2704,195.7092,196756,196790,34
105,48,"Matricescanbecompared\n",319,170.4861,206.7014,196888,196920,32
105,48,"Matricescanbecompared\n",319,242.75575,213.4559,197079,197142,63
105,0,blank,0,202.2788,190.05725,197303,197368,65
105,48,"Matricescanbecompared\n",319,204.226,209.6611,197528,197560,32
105,0,blank,0,260.4953,198.7984,197818,197850,32
105,0,blank,0,212.6911,199.034,198110,198143,33
105,48,"Matricescanbecompared\n",319,217.5432,214.4401,198175,198207,32
105,0,blank,0,200.82335,201.58605,198239,198303,64
105,0,blank,0,205.82685,191.6413,198368,198432,64
105,0,blank,0,289.1048,188.8651,198529,198561,32
105,48,"Matricescanbecompared\n",319,290.48735,209.41585,198592,198658,66
105,0,blank,0,280.9461,191.7846,198689,198723,34
105,0,blank,0,278.6544,197.8874,198790,198825,35
105,0,blank,0,285.6111,197.3252,198891,198924,33
105,48,"Matricescanbecompared\n",319,295.9439,209.0044,198956,198991,35
105,0,blank,0,336.7391,188.77375,199026,199160,134
105,0,blank,0,331.9227,199.408275,199193,199329,136
105,0,blank,0,281.3889,186.482,199464,199498,34
105,0,blank,0,262.9075,193.4799,199571,199606,35
105,0,blank,0,181.2296,252.3951,199675,199711,36
105,0,blank,0,170.052233333333,249.761933333333,199744,199841,97
105,0,blank,0,172.5779,235.7462,200061,200086,25
105,0,blank,0,152.6882,266.3639,200150,200184,34
105,49,0,326,180.7418,238.4827,200446,200478,32
105,0,blank,0,148.6789,244.7178,200638,200670,32
105,0,blank,0,201.7278,255.5437,200767,200799,32
105,0,blank,0,200.7003,232.3348,200900,200935,35
105,49,<,329,224.1054,242.1389,201099,201131,32
105,0,blank,0,200.8983,248.7209,201165,201201,36
105,48,"Matricescanbecompared\n",319,177.6541,215.3645,201270,201305,35
105,48,"Matricescanbecompared\n",319,181.1678,207.8311,201337,201369,32
105,0,blank,0,174.78965,201.34625,201402,201469,67
105,0,blank,0,120.71635,201.91225,201565,201629,64
105,0,blank,0,257.2686,200.581,201694,201727,33
105,48,"Matricescanbecompared\n",319,270.026166666667,212.410733333333,201759,201861,102
105,0,blank,0,216.8726,193.3839,201961,201993,32
105,48,"Matricescanbecompared\n",319,234.5065,214.5239,202025,202058,33
105,48,"Matricescanbecompared\n",319,222.10845,212.74395,202122,202189,67
105,0,blank,0,285.4212,193.3805,202519,202555,36
105,0,blank,0,138.1029,325.101,202726,202751,25
105,52,{,349,135.400966666667,311.958833333333,202783,202879,96
105,0,blank,0,89.384,317.268,202999,203029,30
105,0,blank,0,191.8683,301.50785,203156,203219,63
105,0,blank,0,201.1243,308.8398,203252,203284,32
105,0,blank,0,298.570175,297.949275,203476,203606,130
105,0,blank,0,282.8934,299.6335,203711,203740,29
105,0,blank,0,304.6262,293.6831,203772,203806,34
105,0,blank,0,366.8932,296.8284,203977,204012,35
105,51,;,345,229.9905,288.82485,204150,204221,71
105,53,],366,239.8499,314.7645,204255,204290,35
105,0,blank,0,149.7325,328.3702,204390,204415,25
105,53,a,352,204.5552,317.4581,204576,204609,33
105,53,if,350,174.8804,322.5078,204714,204747,33
105,0,blank,0,174.415,340.69895,204780,204848,68
105,0,blank,0,239.4417,341.6579,204983,205020,37
105,0,blank,0,228.0239,311.393066666667,205057,205157,100
105,0,blank,0,227.85965,307.119475,205192,205331,139
105,53,i,362,228.3871,319.58205,205399,205471,72
105,0,blank,0,215.7711,312.2246,205578,205610,32
105,49,row1,330,276.1326,242.0559,205715,205748,33
105,51,column2,344,284.964233333333,276.9358,205783,205889,106
105,0,blank,0,269.4445,258.7877,205924,205959,35
105,0,blank,0,332.8644,300.7093,206103,206129,26
105,53,b,360,317.2232,326.7514,206279,206314,35
105,0,blank,0,325.3733,308.8851,206349,206384,35
105,51,column2,344,313.7051,283.4253,206420,206454,34
105,51,column2,344,313.0352,285.1261,206562,206597,35
105,54,{,368,168.098,354.8045,206667,206701,34
105,0,blank,0,155.3451,368.4825,206809,206841,32
105,0,blank,0,262.5076,303.9118,206980,207012,32
105,0,blank,0,257.2678,305.6847,207123,207161,38
105,0,blank,0,418.9716,288.3786,207234,207374,140
105,0,blank,0,407.996,308.3224,207410,207457,47
105,0,blank,0,-350,-105,208029,208203,174
105,0,blank,0,232.2392,295.558,208292,208328,36
105,0,blank,0,213.8184,298.53505,208363,208434,71
105,0,blank,0,156.10958,295.86664,208468,208640,172
105,0,blank,0,155.4417,294.8415,208640,208672,32
105,0,blank,0,154.1891,315.07295,208706,208771,65
105,0,blank,0,161.24905,316.45725,208804,208872,68
105,0,blank,0,97.9693,307.3349,208941,208973,32
105,0,blank,0,84.6565,291.5224,209005,209039,34
105,0,blank,0,210.4936,286.3865,209232,209257,25
105,0,blank,0,212.711,293.5295,209321,209353,32
105,0,blank,0,275.2839,294.4962,209484,209517,33
105,0,blank,0,279.3561,305.8168,209582,209614,32
105,0,blank,0,199.772625,298.5304,209911,210043,132
105,0,blank,0,265.4827,311.2901,210211,210247,36
105,0,blank,0,249.1736,182.4507,210319,210352,33
105,0,blank,0,229.6458,144.7416,210449,210483,34
105,48,"Matricescanbecompared\n",319,204.1704,208.6716,210595,210627,32
105,48,"Matricescanbecompared\n",319,216.06734,207.70018,210700,210875,175
105,49,<,329,225.2499,225.7416,210945,210978,33
105,48,"Matricescanbecompared\n",319,212.7469,205.7806,211014,211050,36
105,0,blank,0,192.723333333333,244.169666666667,211124,211235,111
105,51,column2,344,320.0396,285.5027,211522,211559,37
105,0,blank,0,308.7461,304.6446,211702,211738,36
105,0,blank,0,326.2992,311.161,211771,211841,70
105,0,blank,0,278.0577,275.8544,212018,212120,102
105,51,++,347,403.439,286.840833333333,212258,212371,113
105,0,blank,0,373.3432,290.6392,212444,212476,32
105,0,blank,0,385.8121,298.2788,212589,212626,37
105,0,blank,0,364.8799,301.406,212730,212769,39
105,0,blank,0,365.5853,292.290433333333,212841,212950,109
105,0,blank,0,422.01736,291.77238,213058,213246,188
105,51,j,346,380.8213,287.839,213278,213314,36
105,51,j,346,380.818,288.7263,213385,213457,72
105,0,blank,0,385.8865,292.2657,213491,213527,36
105,0,blank,0,398.33255,292.1416,213562,213634,72
105,0,blank,0,429.0249,308.8157,213779,213819,40
105,0,blank,0,444.3166,309.5482,213856,213894,38
105,0,blank,0,445.0879,278.036,213933,213968,35
105,0,blank,0,438.66835,313.3138,214043,214121,78
105,0,blank,0,437.40775,299.8177,214159,214234,75
105,0,blank,0,438.41852,312.04292,214272,214460,188
105,0,blank,0,432.5392,301.9315,214460,214499,39
105,0,blank,0,402.281533333333,295.323866666667,214534,214709,175
105,0,blank,0,390.60505,297.31025,214709,214783,74
105,0,blank,0,-350,-105,214821,214933,112
105,0,blank,0,444.164525,308.460525,215061,215196,135
105,0,blank,0,458.7287,291.4846,215234,215273,39
105,0,blank,0,459.8144,291.23192,215342,215524,182
105,0,blank,0,435.028266666667,302.6781,215524,215628,104
105,0,blank,0,429.9757,299.2565,215770,215807,37
105,53,if,350,170.742233333333,332.0421,215979,216121,142
105,0,blank,0,179.7783,309.6327,216149,216185,36
105,0,blank,0,448.1644,293.88335,216319,216489,170
105,0,blank,0,447.088266666667,285.7103,216489,216596,107
105,0,blank,0,154.6635,331.2622,216666,216702,36
105,0,blank,0,162.3748,346.2685,216915,216950,35
105,54,{,368,169.609275,342.0379,216985,217163,178
105,0,blank,0,177.8948,347.0325,217163,217199,36
105,0,blank,0,157.2374,335.86,217235,217307,72
105,54,{,368,169.324,344.7127,217340,217418,78
105,53,[,364,218.413,314.942533333333,217490,217629,139
105,0,blank,0,201.7241,334.3713,217702,217739,37
105,53,(,351,202.8779,317.1613,217900,217928,28
105,0,blank,0,203.32645,296.21525,218000,218107,107
105,0,blank,0,207.77245,309.7119,218229,218331,102
105,51,++,347,398.6988,289.4349,218502,218541,39
105,51,++,347,399.5533,281.3182,218616,218653,37
105,51,column2,344,284.9186,286.4924,218688,218760,72
105,0,blank,0,300.2337,295.9882,218866,218891,25
105,0,blank,0,199.7827,200.395,219099,219132,33
105,48,"Matricescanbecompared\n",319,207.3964,204.3013,219205,219241,36
105,0,blank,0,236.0088,239.5172,219388,219464,76
105,49,<,329,230.4938,243.5809,219603,219639,36
105,0,blank,0,135.955,350.3195,219773,219805,32
105,0,blank,0,136.6988,349.8492,219876,219943,67
105,0,blank,0,141.511375,376.549275,220014,220150,136
105,0,blank,0,118.056466666667,360.725233333333,220423,220526,103
105,48,printf,317,129.7343,218.0216,220659,220691,32
105,0,blank,0,116.1418,224.2007,220788,220823,35
105,48,printf,317,127.94265,214.3667,220893,220957,64
105,48,"Matricescanbecompared\n",319,232.927,208.3328,221022,221093,71
105,0,blank,0,243.6466,202.6204,221125,221195,70
105,48,"Matricescanbecompared\n",319,239.2043,210.5932,221230,221262,32
105,48,"Matricescanbecompared\n",319,312.1056,207.0229,221617,221652,35
105,0,blank,0,325.342033333333,185.8155,221690,221798,108
105,53,if,350,164.8022,330.2149,221874,221907,33
105,0,blank,0,223.2352,301.9869,222160,222192,32
105,0,blank,0,227.0402,301.43,222228,222302,74
105,0,blank,0,231.0282,310.1137,222327,222365,38
105,53,(,351,200.39585,318.41185,222495,222591,96
105,53,j,365,256.003266666667,319.028466666667,222714,222825,111
105,0,blank,0,164.13855,185.19935,223036,223107,71
105,51,column2,344,287.6939,276.224566666667,223429,223534,105
105,0,blank,0,300.744,290.3912,223570,223605,35
106,17,scanf,135,144.8958,364.9495,224879,224916,37
106,17,scanf,135,144.679166666667,358.047566666667,225245,225347,102
106,0,blank,0,107.602,359.6423,225378,225410,32
106,0,blank,0,138.90045,354.9602,225443,225512,69
106,0,blank,0,240.1325,376.5715,225978,226085,107
106,0,blank,0,234.4808,374.7289,226154,226188,34
106,17,;,148,341.8685,370.0543,226258,226289,31
106,0,blank,0,323.31295,379.27635,226326,226402,76
106,0,blank,0,346.4574,369.2393,226439,226477,38
106,0,blank,0,142.7293,417.4879,226616,226682,66
106,0,blank,0,171.7997,409.1589,226796,226829,33
106,6,[,49,142.766,114.7833,227269,227304,35
106,6,10,50,157.64505,124.94095,227376,227444,68
106,6,10,50,217.2802,127.7735,227587,227652,65
106,0,blank,0,-350,-105,227718,227857,139
106,20,"EntertheelementsofmatrixB\n",153,130.84055,432.28005,228263,228331,68
106,0,blank,0,113.05055,433.4525,228364,228430,66
106,0,blank,0,257.8064,420.8279,228595,228662,67
106,20,"EntertheelementsofmatrixB\n",153,167.1409,439.2171,228897,228930,33
106,20,"EntertheelementsofmatrixB\n",153,149.7084,428.76425,228997,229064,67
106,0,blank,0,858.231,271.9221,229199,229233,34
106,0,blank,0,863.096,271.0339,229266,229300,34
106,0,blank,0,975.17,282.2742,229436,229472,36
106,0,blank,0,979.29,441.2799,229642,229677,35
106,0,blank,0,986.579,403.9563,229976,230153,177
106,0,blank,0,982.314,401.4307,230153,230247,94
106,0,blank,0,984.5235,409.3448,230457,230516,59
106,0,blank,0,980.263,400.9647,230653,230686,33
106,10,"EntertheorderofthematrixB\n",88,151.8812,209.82345,230963,231032,69
106,10,"EntertheorderofthematrixB\n",88,148.2888,212.9063,231136,231175,39
106,10,"EntertheorderofthematrixB\n",88,158.7913,215.793,231243,231277,34
106,0,blank,0,185.0786,185.7155,231412,231446,34
106,7,row1,58,160.369,146.0434,231613,231638,25
106,9,"%d%d",77,172.241733333333,185.140533333333,231670,231869,199
106,9,"%d%d",77,162.43315,187.27315,231869,231937,68
106,10,"EntertheorderofthematrixB\n",88,174.439,209.2159,232037,232070,33
106,10,"EntertheorderofthematrixB\n",88,170.0603,205.58775,232103,232169,66
106,9,"%d%d",77,165.9781,191.7892,232235,232269,34
106,0,blank,0,227.30555,266.7614,232370,232436,66
106,11,row2,96,214.2137,239.34235,232503,232570,67
106,0,blank,0,178.4495,273.49045,232638,232704,66
106,0,blank,0,180.37345,278.70025,232808,232876,68
106,13,i,117,173.14315,273.329875,232912,233074,162
106,12,"EntertheelementsofmatrixA\n",104,305.097066666667,263.1309,233174,233275,101
106,0,blank,0,198.9174,279.1296,233679,233714,35
106,13,<,114,187.9871,281.8292,233781,233813,32
106,0,blank,0,263.9162,268.0278,233848,233880,32
106,12,"EntertheelementsofmatrixA\n",104,267.7451,262.8907,233982,234015,33
106,0,blank,0,278.319,291.8072,234048,234081,33
106,13,++,118,276.37645,284.18145,234115,234182,67
106,0,blank,0,-350,-105,234373,234509,136
106,12,"EntertheelementsofmatrixA\n",104,294.933266666667,265.5506,234702,234803,101
106,13,++,118,288.4823,283.3402,234837,234870,33
106,0,blank,0,344.1431,266.6594,235003,235103,100
106,0,blank,0,330.7768,270.9332,235135,235168,33
106,13,++,118,282.5485,271.8224,235304,235341,37
106,13,i,117,268.086175,268.175225,235377,235516,139
106,13,i,117,266.4012,270.14395,235582,235651,69
106,12,"EntertheelementsofmatrixA\n",104,364.8704,251.8151,235685,235720,35
106,12,"EntertheelementsofmatrixA\n",104,392.1408,264.6008,235854,235886,32
106,0,blank,0,322.4063,273.490966666667,235958,236061,103
106,12,"EntertheelementsofmatrixA\n",104,407.3583,264.0208,236225,236258,33
106,12,"EntertheelementsofmatrixA\n",104,408.9155,258.5841,236292,236360,68
106,12,"EntertheelementsofmatrixA\n",104,400.64955,254.90805,236428,236496,68
106,0,blank,0,166.80428,293.85868,236671,236853,182
106,12,"EntertheelementsofmatrixA\n",104,170.4463,265.09835,237063,237130,67
106,12,"EntertheelementsofmatrixA\n",104,282.7308,264.511,237196,237296,100
106,13,++,118,281.14476,270.52612,237331,237498,167
106,0,blank,0,159.0934,307.5381,237563,237597,34
106,15,=,124,156.005,311.79545,237663,237796,133
106,0,blank,0,166.0136,300.3941,237831,237863,32
106,15,column1,129,301.2658,315.1775,237963,237996,33
106,0,blank,0,277.6361,299.9402,238067,238101,34
106,0,blank,0,513.3637,283.183,238234,238269,35
106,0,blank,0,510.2565,297.1172,238303,238335,32
106,0,blank,0,505.3203,288.200666666667,238435,238535,100
106,0,blank,0,393.0451,297.3306,238734,238766,32
106,0,blank,0,383.0125,306.5321,238799,238832,33
106,0,blank,0,360.5385,298.8905,238865,238898,33
106,0,blank,0,118.9943,361.396,239056,239089,33
106,0,blank,0,249.1715,345.4711,239253,239286,33
106,17,&,139,246.85265,363.462,239384,239450,66
106,0,blank,0,199.669966666667,354.881233333333,239519,239624,105
106,0,blank,0,202.15,347.1222,239696,239731,35
106,0,blank,0,286.8059,344.0056,239839,239875,36
106,17,[,144,299.6303,356.6508,239975,240009,34
106,17,i,142,275.8138,355.3768,240043,240077,34
106,0,blank,0,284.332466666667,344.802666666667,240111,240211,100
106,20,"EntertheelementsofmatrixB\n",153,182.5558,433.0517,240318,240353,35
106,0,blank,0,184.5529,418.7788,240388,240424,36
106,0,blank,0,384.4627,372.5032,240533,240567,34
106,0,blank,0,372.5552,363.0313,240602,240636,34
106,0,blank,0,395.2263,379.6148,240761,240794,33
106,0,blank,0,393.643,385.5786,240830,240943,113
106,0,blank,0,382.1224,400.8961,241017,241052,35
106,20,"EntertheelementsofmatrixB\n",153,205.4367,422.0308,241129,241194,65
106,0,blank,0,197.0083,402.6092,241366,241398,32
106,0,blank,0,264.094533333333,357.9434,241624,241726,102
106,17,],146,319.4142,364.8798,241803,241841,38
106,0,blank,0,317.2197,341.1183,241874,241913,39
106,17,),147,324.821,360.5954,242029,242067,38
106,0,blank,0,234.9999,391.7446,242277,242302,25
106,0,blank,0,378.0542,366.1837,242374,242410,36
106,0,blank,0,362.267275,380.238375,242516,242658,142
106,0,blank,0,455.1825,349.27925,242801,242868,67
106,0,blank,0,441.054,377.4467,243076,243110,34
106,0,blank,0,459.16885,371.4048,243144,243246,102
106,0,blank,0,393.2028,384.3861,243415,243483,68
106,0,blank,0,201.0973,381.2852,243553,243585,32
106,21,;,165,249.4448,461.7619,244408,244441,33
106,0,blank,0,485.34445,444.48985,244814,244883,69
106,0,blank,0,384.0685,446.9471,244988,245025,37
106,0,blank,0,401.77785,442.4931,245095,245167,72
106,0,blank,0,386.40755,443.159,245204,245343,139
106,0,blank,0,400.5942,448.4944,245376,245409,33
106,0,blank,0,402.9953,464.0505,245444,245481,37
106,0,blank,0,389.8657,460.9833,245552,245585,33
106,0,blank,0,408.2499,476.5812,245621,245657,36
106,0,blank,0,393.7369,464.0885,245729,245765,36
106,0,blank,0,364.7155,469.9169,245910,245981,71
106,0,blank,0,362.2524,456.9982,246044,246080,36
106,0,blank,0,589.9492,441.1089,246422,246456,34
106,0,blank,0,581.785,433.5289,246596,246629,33
106,0,blank,0,378.8546,453.77985,246911,246980,69
106,0,blank,0,376.274566666667,473.5335,247199,247314,115
106,0,blank,0,375.42,487.7615,247422,247459,37
106,0,blank,0,512.2592,436.261,247609,247635,26
106,0,blank,0,597.4286,455.5688,247852,247889,37
106,0,blank,0,561.6616,472.4394,248215,248285,70
106,0,blank,0,572.8619,443.09,248747,248782,35
107,0,blank,0,570.842333333333,450.956933333333,248923,249029,106
107,0,blank,0,128.1103,550.7844,249204,249238,34
108,0,blank,0,232.503166666667,529.556933333333,249403,249509,106
108,0,blank,0,725.242,337.6029,249640,249698,58
108,0,blank,0,935.844,196.1965,249801,249904,103
108,0,blank,0,978.7895,212.73755,250004,250071,67
108,0,blank,0,981.216,191.2002,250138,250171,33
108,0,blank,0,975.642,198.7113,250206,250239,33
108,0,blank,0,970.193,202.94405,250273,250399,126
108,0,blank,0,966.816,229.1002,250424,250517,93
108,0,blank,0,970.364333333333,205.890633333333,250542,250643,101
108,0,blank,0,980.085,201.8429,250677,250712,35
108,0,blank,0,983.921,205.7253,250746,250779,33
108,0,blank,0,973.6335,199.98025,250847,250916,69
108,48,"Matricescanbecompared\n",319,209.4228,453.49655,251054,251124,70
108,0,blank,0,198.46695,330.1731,251294,251363,69
108,49,i,332,137.6501,465.0891,251504,251537,33
108,40,=,275,156.7165,279.0671,252020,252045,25
108,0,blank,0,174.3972,286.2267,252112,252179,67
108,42,printf,286,133.73255,309.81255,252302,252369,67
108,0,blank,0,159.4295,336.8176,252436,252501,65
108,42,printf,286,149.0588,321.1095,252568,252601,33
108,0,blank,0,161.6611,335.6506,252670,252808,138
108,0,blank,0,257.8234,323.4029,252949,253014,65
108,0,blank,0,272.4666,304.2405,253043,253081,38
108,0,blank,0,193.85925,316.56285,253435,253561,126
108,42,[,294,277.21605,308.36985,253695,253754,59
108,0,blank,0,279.6318,301.0672,253819,253886,67
108,0,blank,0,163.5342,380.52685,254077,254177,100
108,0,blank,0,166.03775,371.5751,254202,254266,64
108,51,for,336,150.9152,510.1522,254366,254391,25
108,51,for,336,140.73815,509.86695,254456,254522,66
108,0,blank,0,172.8659,662.4856,254654,254687,33
108,57,},375,170.6643,638.374,254720,254752,32
108,56,break,373,229.7084,615.4039,254997,255030,33
108,0,blank,0,205.112366666667,646.849933333333,255162,255253,91
108,0,blank,0,129.8966,642.0353,255285,255319,34
108,53,],366,236.2722,551.7684,255821,255855,34
108,53,i,362,233.4644,551.7698,255888,255921,33
108,56,break,373,216.9741,627.4414,256055,256088,33
108,56,break,373,234.442,622.2242,256286,256319,33
108,0,blank,0,249.6251,634.2267,256353,256389,36
108,0,blank,0,164.8681,659.4711,256491,256529,38
108,0,blank,0,313.3801,597.5132,256766,256799,33
108,0,blank,0,318.924,601.6935,256874,256910,36
108,56,break,373,221.9401,624.2263,257135,257174,39
108,0,blank,0,344.493,607.8453,257284,257320,36
108,0,blank,0,328.7115,602.3279,257356,257393,37
108,0,blank,0,189.222,419.879266666667,257501,257613,112
108,0,blank,0,310.783733333333,616.181633333333,257754,257856,102
108,0,blank,0,336.91,623.3679,258065,258091,26
108,0,blank,0,337.7633,630.3328,258306,258337,31
108,55,flag,369,222.6564,596.4171,258484,258523,39
108,56,break,373,215.46405,618.861975,258595,258746,151
108,55,flag,369,206.8253,595.9163,258785,258823,38
108,55,flag,369,219.593,600.0972,258889,258954,65
108,0,blank,0,401.8096,553.5777,259055,259088,33
108,0,blank,0,413.9406,594.6189,259163,259200,37
108,0,blank,0,341.7039,584.824,259236,259306,70
108,0,blank,0,334.53655,588.3262,259379,259452,73
108,0,blank,0,158.6808,604.886,259583,259613,30
108,0,blank,0,156.8394,593.2171,259646,259682,36
108,0,blank,0,263.8697,572.99925,259754,259829,75
108,0,blank,0,198.7088,598.37695,259974,260085,111
108,0,blank,0,141.1946,597.255633333333,260188,260311,123
108,0,blank,0,150.3987,611.704,260344,260378,34
108,53,!=,359,298.8081,566.497,260478,260539,61
108,0,blank,0,289.6283,571.1266,260716,260752,36
108,0,blank,0,203.4679,591.6962,260825,260863,38
108,55,flag,369,209.8262,596.8689,260898,260938,40
108,0,blank,0,342.54275,582.78365,261284,261363,79
108,0,blank,0,124.49,615.6967,261973,261998,25
108,0,blank,0,361.66785,598.49555,262188,262253,65
108,0,blank,0,343.9264,605.80715,262325,262400,75
108,0,blank,0,130.4529,651.9822,262506,262566,60
108,0,blank,0,123.7513,636.1409,262591,262662,71
108,0,blank,0,255.176766666667,633.5196,262945,263056,111
108,0,blank,0,160.284933333333,646.615066666667,263272,263375,103
108,0,blank,0,154.8418,653.21365,263409,263509,100
108,58,},376,135.8593,673.5791,263659,263767,108
108,54,{,368,163.0276,578.3679,263861,263895,34
108,53,if,350,173.5212,555.7479,263928,263961,33
108,53,if,350,176.16385,565.3397,264102,264173,71
108,0,blank,0,279.84885,556.6279,264247,264320,73
108,53,(,351,196.7457,550.48665,264397,264474,77
108,0,blank,0,207.6435,576.5681,264507,264547,40
108,53,a,352,207.0208,566.6465,264622,264660,38
108,0,blank,0,274.9326,558.1483,264730,264770,40
108,0,blank,0,263.15525,583.53875,264806,264880,74
108,0,blank,0,549.87555,595.15315,265061,265201,140
108,0,blank,0,541.1763,586.1182,265201,265271,70
108,0,blank,0,236.1143,639.208066666667,265757,265905,148
108,0,blank,0,235.506233333333,646.7308,266010,266122,112
108,58,},376,142.276066666667,674.471933333333,266158,266264,106
108,0,blank,0,281.9421,617.6852,266539,266567,28
108,56,break,373,213.4204,625.13185,266604,266679,75
108,0,blank,0,141.7357,635.50685,266752,266814,62
109,67,"Twomatricesareequal\n",400,253.1425,635.3301,267060,267133,73
109,67,"Twomatricesareequal\n",400,247.2741,626.0268,267281,267317,36
109,67,"Twomatricesareequal\n",400,246.3629,638.4064,267390,267421,31
109,0,blank,0,115.2872,262.0347,267570,267595,25
109,0,blank,0,139.5724,66.11,268137,268200,63
109,0,blank,0,151.69055,57.0469,268260,268323,63
109,0,blank,0,-350,-105,268431,268597,166
109,0,blank,0,-350,-105,268597,268772,175
109,0,blank,0,-350,-105,268772,269035,263
109,0,blank,0,-350,-105,269035,269192,157
109,0,blank,0,-350,-105,269192,269384,192
109,0,blank,0,-350,-105,269531,269695,164
109,0,blank,0,-350,-105,269695,270074,379
109,0,blank,0,-350,-105,270074,270176,102
109,0,blank,0,155.6689,645.4212,270229,270266,37
109,67,"Twomatricesareequal\n",400,261.6881,634.3351,270570,270602,32
110,0,blank,0,133.1242,652.5025,271035,271068,33
110,0,blank,0,198.6622,654.4661,271106,271142,36
110,0,blank,0,185.082,613.2427,271216,271253,37
110,67,"Twomatricesareequal\n",400,177.09275,631.5339,271403,271478,75
110,67,"Twomatricesareequal\n",400,175.176575,634.393875,271511,271660,149
110,67,"Twomatricesareequal\n",400,186.43455,632.95175,271697,271771,74
110,67,"Twomatricesareequal\n",400,190.2263,636.8839,271843,271879,36
110,67,printf,398,114.6104,633.3177,271953,271989,36
110,67,printf,398,138.905866666667,633.553033333333,272061,272175,114
110,0,blank,0,252.7659,610.2043,272284,272320,36
110,0,blank,0,249.068666666667,609.922966666667,272394,272504,110
110,0,blank,0,190.93245,645.7925,272615,272727,112
110,67,"Twomatricesareequal\n",400,185.441,637.1293,272871,272907,36
110,0,blank,0,146.5711,705.5634,273089,273128,39
110,0,blank,0,665.233,638.9641,273421,273458,37
110,0,blank,0,666.272,621.0475,273561,273662,101
110,0,blank,0,276.0322,592.62275,274117,274193,76
110,0,blank,0,320.7789,584.3769,274335,274372,37
110,0,blank,0,310.7754,573.701,274465,274490,25
110,64,;,390,158.6682,565.7986,274698,274734,36
110,66,flag,394,123.365633333333,612.8629,274905,275007,102
110,67,printf,398,131.37765,621.33115,275040,275142,102
110,0,blank,0,220.9853,572.139,275359,275393,34
110,0,blank,0,230.0325,575.3373,275567,275604,37
110,0,blank,0,1037.591,436.5784,275958,275992,34
110,0,blank,0,980.713,447.5303,276453,276547,94
110,0,blank,0,978.971,441.8173,276649,276718,69
110,0,blank,0,984.866,435.479,276801,276826,25
110,0,blank,0,988.601,428.173466666667,276917,277103,186
110,0,blank,0,72.2488,205.0234,277272,277297,25
111,0,blank,0,194.1798,264.2069,277983,278016,33
111,0,blank,0,165.9208,252.52905,278049,278115,66
111,0,blank,0,151.28,245.285,278240,278296,56
111,0,blank,0,153.0067,256.0883,278354,278379,25
111,49,i,332,135.280566666667,225.6153,278477,278633,156
111,64,),389,147.3248,561.003,278790,278815,25
111,63,printf,381,126.6945,552.44825,278936,279027,91
111,0,blank,0,221.271933333333,572.383366666667,279196,279320,124
111,0,blank,0,215.5178,565.8646,279469,279494,25
111,63,"Cannotbecompared\n",383,226.6124,549.6212,279523,279556,33
111,0,blank,0,245.2968,132.013125,279718,279850,132
111,0,blank,0,408.71975,32.63655,280016,280082,66
111,0,blank,0,401.574733333333,33.9264333333333,280115,280216,101
111,0,blank,0,408.8787,6.11790000000001,280249,280283,34
111,0,blank,0,-350,-105,280418,280611,193
111,0,blank,0,-350,-105,280611,280760,149
111,0,blank,0,-350,-105,280760,280893,133
111,0,blank,0,-350,-105,280893,280986,93
111,0,blank,0,-350,-105,280986,281124,138
111,0,blank,0,-350,-105,281124,281306,182
111,0,blank,0,-350,-105,281306,281439,133
111,0,blank,0,-350,-105,281439,281530,91
111,0,blank,0,-350,-105,281530,281724,194
111,0,blank,0,-350,-105,281724,281856,132
111,0,blank,0,-350,-105,281856,281968,112
111,0,blank,0,-350,-105,281968,282165,197
111,0,blank,0,-350,-105,282165,282361,196
111,0,blank,0,-350,-105,282361,282393,32
111,0,blank,0,-350,-105,282471,282503,32
111,0,blank,0,158.0801,69.7007,282539,282564,25
111,0,blank,0,176.1321,56.5171,282598,282632,34
111,0,blank,0,154.1335,54.0503,282666,282700,34
111,0,blank,0,171.0376,59.91546,282733,282905,172
111,0,blank,0,162.923,66.3333,282905,282941,36
