Frameno_fix,lineno_fix,Tokenname_fix,tokens_id,gaze_X_fix,gaze_Y_fix,timestamp_fix_start,timestamp_fix_end,time_duration
100,0,blank,0,131.4825,-77.6774,3826,3855,29
100,0,blank,0,-350,-105,3937,4114,177
100,0,blank,0,-350,-105,4114,4294,180
100,0,blank,0,-350,-105,4294,4482,188
100,0,blank,0,-350,-105,4482,4664,182
100,0,blank,0,-350,-105,4664,4846,182
100,0,blank,0,-350,-105,4846,5029,183
100,0,blank,0,-350,-105,5029,5210,181
100,0,blank,0,-350,-105,5210,5408,198
100,0,blank,0,-350,-105,5408,5553,145
100,0,blank,0,-350,-105,5976,6102,126
100,0,blank,0,38.4274,50.1968,6318,6345,27
100,0,blank,0,34.3028,51.9236,6459,6488,29
100,2,include,15,36.9724,40.1843,6545,6573,28
100,2,#,14,12.1465,30.1071,6658,6715,57
100,1,C,3,31.8667,13.192,6856,6885,29
100,0,blank,0,33.3511,17.204,6943,6971,28
100,1,C,3,24.5393,10.421,7001,7030,29
100,0,blank,0,-350,-105,7118,7309,191
100,0,blank,0,-350,-105,7827,8018,191
100,0,blank,0,-350,-105,8018,8197,179
100,0,blank,0,-350,-105,8197,8389,192
100,0,blank,0,-350,-105,8389,8532,143
100,0,blank,0,-350,-105,9068,9240,172
100,2,stdio,17,132.8324,41.92935,9461,9519,58
100,0,blank,0,70.4441,43.4232,9608,9639,31
100,1,Program,4,61.2623,23.84275,9730,9790,60
100,0,blank,0,-350,-105,9852,10010,158
100,0,blank,0,-350,-105,10010,10162,152
100,2,<,16,95.8026,28.1233,10211,10242,31
100,0,blank,0,-350,-105,10816,11012,196
100,0,blank,0,-350,-105,11012,11191,179
100,0,blank,0,-350,-105,11191,11383,192
100,0,blank,0,-350,-105,11383,11521,138
100,0,blank,0,41.0353,47.6235,12053,12082,29
100,0,blank,0,-350,-105,12199,12328,129
100,2,include,15,29.9235,40.0429,12555,12585,30
100,0,blank,0,41.0386,23.6875,12675,12704,29
100,0,blank,0,121.9937,5.3888,12910,12939,29
100,0,blank,0,181.5303,125.2048,13180,13211,31
100,0,blank,0,49.3412,43.0876,13804,13834,30
100,1,Program,4,68.2028,17.1312,13863,13895,32
100,3,main,22,59.0323,51.6448,13924,13953,29
100,2,include,15,22.7006,38.5267,14013,14043,30
100,3,int,21,23.8568,55.5576,14103,14133,30
100,2,include,15,33.6267333333333,37.9223,14282,14370,88
100,3,main,22,57.463,66.3948,14458,14489,31
100,3,main,22,66.4533,48.5701,14518,14546,28
100,0,blank,0,106.309,75.7397,14840,14898,58
100,0,blank,0,-350,-105,15016,15147,131
100,0,blank,0,50.37,43.2,15283,15309,26
100,0,blank,0,130.9202,45.6883,15479,15509,30
100,1,Program,4,61.0627,18.8583,15844,15873,29
100,2,include,15,63.7029,28.1271,16047,16076,29
100,0,blank,0,427.8346,36.789,16639,16669,30
100,0,blank,0,420.6884,40.6871,16765,16794,29
100,0,blank,0,349.4716,2.71299999999999,16851,16881,30
100,1,Strings,9,355.0374,11.3476,17029,17059,30
100,1,Anagrams,11,458.7141,17.5984,17209,17239,30
100,1,are,10,443.80325,11.04495,17269,17328,59
100,0,blank,0,389.399233333333,-0.795633333333332,17388,17478,90
100,1,Strings,9,355.302833333333,11.6641333333333,17537,17627,90
100,0,blank,0,356.4691,-0.278599999999997,17658,17689,31
100,0,blank,0,-350,-105,18077,18243,166
100,1,Strings,9,367.5857,8.8293,18321,18350,29
100,1,Anagrams,11,462.0832,12.3835,18413,18474,61
100,0,blank,0,494.5101,-1.7355,18505,18536,31
100,0,blank,0,83.632,69.7833,18837,18897,60
100,0,blank,0,85.4795,86.0666,18927,18958,31
100,0,blank,0,91.5029,98.2155,19082,19135,53
100,7,"Enterthestring\n",42,126.1375,141.0861,19308,19433,125
100,0,blank,0,-350,-105,19487,19601,114
100,7,"Enterthestring\n",42,131.13285,149.4671,19714,19766,52
100,0,blank,0,192.938,122.7817,19854,19884,30
100,7,"Enterthestring\n",42,194.4102,153.0128,19914,19974,60
100,7,"Enterthestring\n",42,198.5737,139.5487,20004,20034,30
100,7,"Enterthestring\n",42,198.2097,149.9288,20064,20094,30
100,11,find_anagram,62,206.7297,235.5697,20474,20504,30
100,11,find_anagram,62,198.256,239.7325,20563,20592,29
100,8,array1,47,150.658775,173.890025,20709,20826,117
100,0,blank,0,-350,-105,20973,21155,182
100,7,printf,40,95.0793,144.5053,21189,21233,44
100,6,int,37,65.9584666666667,125.777433333333,21382,21468,86
100,7,printf,40,50.0128,142.6774,21526,21555,29
100,7,"Enterthestring\n",42,190.3572,147.9364,21644,21674,30
100,7,"Enterthestring\n",42,176.4775,155.1048,21762,21792,30
100,9,"Enteranotherstring\n",52,231.3023,179.1828,21912,21940,28
100,7,"Enterthestring\n",42,232.6974,151.6621,21969,21997,28
100,0,blank,0,214.3091,263.9238,22169,22198,29
100,13,"%sand%sareanagrams.\n",77,200.063533333333,283.439833333333,22227,22316,89
100,13,"%sand%sareanagrams.\n",77,201.5036,270.1151,22346,22375,29
100,13,"%sand%sareanagrams.\n",77,184.72165,278.69995,22404,22462,58
100,13,"%sand%sareanagrams.\n",77,291.103733333333,275.083966666667,22550,22637,87
100,0,blank,0,281.4155,288.9554,22666,22696,30
100,13,"%sand%sareanagrams.\n",77,304.353166666667,268.0239,22726,22814,88
100,13,"%sand%sareanagrams.\n",77,268.7234,273.5049,22902,22931,29
100,0,blank,0,235.1824,288.7331,23019,23048,29
100,15,"%sand%sarenotanagrams.\n",87,168.93865,311.1007,23077,23136,59
100,13,"%sand%sareanagrams.\n",77,183.1364,284.4696,23223,23252,29
100,0,blank,0,-350,-105,23368,23499,131
100,13,"%sand%sareanagrams.\n",77,234.7388,280.131866666667,23881,23968,87
100,0,blank,0,254.3103,301.1538,24113,24142,29
100,0,blank,0,236.6629,301.94885,24409,24468,59
100,13,"%sand%sareanagrams.\n",77,241.78925,279.8126,24528,24589,61
100,13,"%sand%sareanagrams.\n",77,235.0292,275.8907,24619,24649,30
100,12,flag,71,103.2664,265.7692,24832,24863,31
100,11,find_anagram,62,131.3346,236.0172,24925,24955,30
100,12,flag,71,84.9316,253.71385,25515,25577,62
100,11,flag,60,83.2894,237.7536,25607,25637,30
100,11,flag,60,60.075,233.4362,25668,25698,30
100,0,blank,0,-350,-105,25853,25984,131
100,18,find_anagram,99,83.49745,390.23875,26196,26257,61
100,0,blank,0,87.2598666666667,372.091266666667,26289,26381,92
100,0,blank,0,114.5204,399.0003,26710,26740,30
100,0,blank,0,41.8395,382.2519,26769,26798,29
100,18,int,98,11.0944333333333,390.802433333333,26948,27038,90
100,18,int,98,8.04860000000002,397.6201,27129,27158,29
100,0,blank,0,-350,-105,28507,28542,35
100,0,blank,0,-350,-105,28542,28890,348
100,0,blank,0,-350,-105,28890,29052,162
100,0,blank,0,102.043266666667,-103.991933333333,29078,29154,76
100,0,blank,0,100.752,-103.99245,29182,29236,54
100,0,blank,0,-350,-105,29530,29706,176
100,0,blank,0,-350,-105,29706,29880,174
100,0,blank,0,-350,-105,29880,30060,180
100,0,blank,0,-350,-105,30060,30245,185
100,0,blank,0,-350,-105,31907,31984,77
100,0,blank,0,123.6459,769.1549,32009,32035,26
100,18,int,98,27.8314,385.32765,32356,32418,62
100,18,find_anagram,99,151.588225,380.860175,32539,32660,121
100,18,find_anagram,99,126.61825,395.281,32690,32750,60
100,18,find_anagram,99,117.67695,388.2387,32779,32838,59
100,18,int,98,28.7912333333333,382.529833333333,32926,33013,87
100,0,blank,0,30.9335,373.5154,33043,33102,59
100,0,blank,0,162.4673,373.41555,33307,33365,58
100,0,blank,0,250.2976,365.8618,33815,33849,34
100,18,char,106,191.035966666667,379.465166666667,34065,34154,89
100,0,blank,0,-350,-105,34184,34368,184
100,0,blank,0,-350,-105,34368,34394,26
100,18,char,106,217.89695,377.53685,34484,34535,51
100,18,char,106,223.4751,392.93,34596,34627,31
100,0,blank,0,228.1809,400.99035,34750,34811,61
100,0,blank,0,241.22655,374.2876,34873,34932,59
100,18,array1,102,236.23755,388.3206,34992,35051,59
100,18,char,106,231.41905,396.93805,35169,35229,60
100,0,blank,0,-350,-105,35289,35471,182
100,0,blank,0,-350,-105,35471,35626,155
100,18,comma,105,328.4586,379.4011,35759,35789,30
100,18,array1,102,283.359,390.0702,35934,35964,30
100,18,comma,105,329.0073,377.75,36167,36196,29
100,0,blank,0,292.3171,401.8904,36428,36454,26
100,0,blank,0,322.9871,385.5206,36600,36628,28
100,18,char,106,348.2749,383.6703,36687,36717,30
100,0,blank,0,327.4152,367.92765,36803,36861,58
100,0,blank,0,306.5991,376.0316,36919,36949,30
100,0,blank,0,319.0838,372.8845,37036,37065,29
100,18,array2,107,425.5872,377.0273,37390,37419,29
100,0,blank,0,446.5795,402.5208,37828,37857,29
100,0,blank,0,489.7319,428.8549,38122,38152,30
100,0,blank,0,485.2354,411.34645,38210,38269,59
100,0,blank,0,439.9675,371.092,38472,38501,29
100,0,blank,0,-350,-105,38618,38801,183
100,0,blank,0,-350,-105,38801,38916,115
100,0,blank,0,-350,-105,40011,40038,27
100,0,blank,0,318.5946,463.7043,40526,40554,28
100,0,blank,0,329.2505,432.1765,40697,40726,29
100,20,=,132,336.4063,432.4846,40961,40991,30
100,0,blank,0,177.1579,418.4365,41336,41372,36
100,0,blank,0,75.1404,406.2457,42441,42502,61
100,18,find_anagram,99,65.1838,383.354,42593,42618,25
100,0,blank,0,99.68685,375.6155,42824,42885,61
100,0,blank,0,-350,-105,43158,43188,30
100,0,blank,0,-350,-105,43378,43406,28
100,0,blank,0,119.5035,376.5827,43989,44017,28
100,0,blank,0,-350,-105,44109,44266,157
100,0,blank,0,-350,-105,44876,44905,29
100,0,blank,0,49.75085,416.5621,45354,45413,59
100,20,num1,113,92.1039,428.09215,45560,45619,59
100,0,blank,0,83.18285,420.7858,45767,45827,60
100,20,num1,113,86.6449333333333,435.3705,45973,46063,90
100,0,blank,0,74.1672,431.1423,46122,46151,29
100,20,int,112,55.2658,427.5448,46241,46272,31
100,0,blank,0,80.2851,434.7765,46360,46389,29
100,0,blank,0,33.6729,466.61265,46897,46953,56
100,0,blank,0,-350,-105,46984,47012,28
100,0,blank,0,36.8672,487.9372,47038,47063,25
100,0,blank,0,-350,-105,47709,47814,105
100,9,"Enteranotherstring\n",52,213.8538,180.5731,48159,48189,30
100,8,array1,47,99.3531,176.2762,48285,48316,31
100,9,printf,50,68.2511,179.4978,48638,48668,30
100,0,blank,0,-350,-105,49052,49082,30
100,8,;,49,165.298,170.2233,49985,50016,31
100,7,printf,40,79.2113,142.2798,50908,50937,29
100,7,printf,40,61.96535,155.47915,51084,51144,60
100,7,printf,40,54.0761333333333,153.5882,51322,51412,90
100,8,(,46,90.1253,158.6845,51500,51531,31
100,8,gets,45,82.0971,160.9489,51619,51649,30
100,8,gets,45,76.4682,171.0519,51678,51707,29
100,7,printf,40,67.9909,140.9387,51796,51826,30
100,0,blank,0,-350,-105,52005,52192,187
100,0,blank,0,-350,-105,52192,52277,85
100,0,blank,0,-350,-105,52517,52596,79
100,0,blank,0,144.8998,316.6801,53126,53154,28
100,10,array2,57,107.9561,203.071,53994,54024,30
100,0,blank,0,90.5209,223.1021,54464,54523,59
100,9,printf,50,86.5416,198.3745,54849,54878,29
100,11,flag,60,81.2246,223.0308,54908,54966,58
100,0,blank,0,-350,-105,55198,55341,143
100,0,blank,0,85.5767,225.8041,55505,55538,33
100,10,gets,55,52.7333,201.6072,55656,55689,33
100,11,flag,60,60.6216,236.3281,55901,55931,30
100,11,flag,60,76.7502,227.5017,56082,56112,30
100,0,blank,0,69.7632,252.0053,56201,56231,30
100,10,(,56,88.4832,215.1098,56437,56467,30
100,11,flag,60,62.9835,231.7687,56496,56556,60
100,11,find_anagram,62,132.451,224.4022,56644,56673,29
100,0,blank,0,115.41065,222.4345,56823,56884,61
100,11,find_anagram,62,120.014266666667,223.837933333333,56914,57003,89
100,0,blank,0,109.7848,229.1962,57033,57063,30
100,12,flag,71,113.9489,245.4157,57121,57152,31
100,11,flag,60,64.809,229.115,57360,57390,30
100,11,flag,60,62.558,224.4402,57449,57508,59
100,0,blank,0,89.9702,230.5403,57538,57567,29
100,11,find_anagram,62,115.192,240.7004,57715,57748,33
100,11,find_anagram,62,135.83975,224.43415,57775,57834,59
100,0,blank,0,-350,-105,58284,58464,180
100,0,blank,0,-350,-105,58534,58563,29
100,0,blank,0,250.3315,259.2056,58849,58876,27
100,12,flag,71,122.4998,249.3449,59605,59635,30
100,0,blank,0,140.871,244.7955,59694,59723,29
100,12,flag,71,117.0443,257.2314,60338,60368,30
100,13,printf,75,101.06065,267.77115,60428,60487,59
100,12,flag,71,103.2237,252.5053,60517,60547,30
100,12,flag,71,99.4087,261.983933333333,60695,60783,88
100,0,blank,0,147.1896,266.4866,60872,60902,30
100,13,printf,75,118.3573,276.2295,60990,61020,30
100,0,blank,0,115.6761,290.5088,61140,61169,29
100,12,flag,71,84.7455,246.2218,61319,61349,30
100,13,printf,75,96.6698,269.7446,61379,61409,30
100,13,printf,75,120.1664,274.4513,61528,61557,29
100,13,printf,75,114.5642,278.7316,61616,61647,31
100,13,printf,75,109.017,275.529566666667,61676,61764,88
100,0,blank,0,178.3299,299.4123,61912,61943,31
100,0,blank,0,178.9601,266.3583,61972,62001,29
100,0,blank,0,273.9959,293.7064,62239,62266,27
100,13,"%sand%sareanagrams.\n",77,270.4652,277.2026,62296,62326,30
100,0,blank,0,274.31575,296.9681,62385,62445,60
100,0,blank,0,276.6318,259.059,62503,62533,30
100,0,blank,0,351.0687,302.5235,62861,62891,30
100,13,"%sand%sareanagrams.\n",77,370.244,278.0515,62921,62950,29
100,15,"%sand%sarenotanagrams.\n",87,288.7102,313.0759,63160,63189,29
100,16,0,95,118.8057,338.1826,63336,63365,29
100,15,printf,85,136.90185,315.3025,63395,63454,59
100,0,blank,0,-350,-105,63544,63731,187
100,0,blank,0,-350,-105,63731,63862,131
100,0,blank,0,555.2931,422.8928,63991,64019,28
100,0,blank,0,-350,-105,64419,64610,191
100,0,blank,0,-350,-105,64610,64799,189
100,0,blank,0,-350,-105,64799,64971,172
100,0,blank,0,-350,-105,64971,65160,189
100,0,blank,0,-350,-105,65160,65315,155
100,0,blank,0,1018.666,82.9513,65424,65449,25
100,0,blank,0,997.896,75.1507,65654,65683,29
100,0,blank,0,1002.076,80.8873,65830,65859,29
100,0,blank,0,1015.684,70.8188,65918,65948,30
100,0,blank,0,1034.861,68.6144,66007,66037,30
100,0,blank,0,1015.8,81.7159,66097,66127,30
100,0,blank,0,1013.56,55.6856,66187,66216,29
100,0,blank,0,1026.454,72.3819,66246,66306,60
100,0,blank,0,1006.495,85.1102,66366,66396,30
100,0,blank,0,1030.049,88.4737,66486,66517,31
100,0,blank,0,1015.038,78.7582,66577,66607,30
100,0,blank,0,1013.4745,71.9327,66758,66819,61
100,0,blank,0,1018.975,59.6261,66973,67003,30
100,0,blank,0,997.253,59.51,67064,67095,31
100,0,blank,0,1022.2095,73.775,67249,67311,62
101,0,blank,0,552.239,232.92305,69331,69389,58
101,15,comma,90,537.8664,236.317,69418,69448,30
101,15,array2,91,562.1964,232.9715,69594,69623,29
101,18,array1,102,249.0795,303.3014,70257,70287,30
101,20,0,133,209.7849,353.1587,70437,70467,30
101,0,blank,0,171.1422,329.4361,70497,70527,30
101,18,find_anagram,99,161.99065,300.4277,70615,70674,59
101,18,find_anagram,99,162.3925,298.0984,70733,70763,30
101,0,blank,0,179.6323,276.415,71182,71212,30
101,15,"%sand%sarenotanagrams.\n",87,181.871,247.5669,71364,71394,30
101,0,blank,0,969.756,261.8099,72041,72072,31
101,0,blank,0,-350,-105,72515,72544,29
101,0,blank,0,979.361,133.2977,72710,72738,28
101,15,comma,90,459.1401,229.4198,73108,73139,31
101,0,blank,0,466.3494,253.7942,73199,73228,29
101,0,blank,0,319.3533,479.7652,74105,74162,57
101,0,blank,0,331.053,456.749,75307,75336,29
101,0,blank,0,382.6945,425.3348,75826,75855,29
101,15,"%sand%sarenotanagrams.\n",87,185.6339,246.6758,77396,77425,29
101,11,find_anagram,62,218.9725,140.7612,78035,78065,30
101,12,==,72,144.11005,177.5631,78095,78155,60
101,12,==,72,141.9217,171.2636,78184,78214,30
101,12,flag,71,119.3698,171.8186,78331,78361,30
101,0,blank,0,153.8802,207.4399,78480,78509,29
101,0,blank,0,-350,-105,78540,78722,182
101,0,blank,0,-350,-105,78722,78772,50
101,13,"%sand%sareanagrams.\n",77,170.083033333333,187.769,78890,78979,89
101,0,blank,0,162.79735,180.7171,79008,79068,60
101,12,1,73,169.2862,168.9691,79831,79862,31
101,0,blank,0,272.9664,206.9435,80009,80067,58
101,0,blank,0,283.8806,224.3378,80186,80215,29
101,0,blank,0,371.7813,216.3538,80545,80616,71
101,13,"%sand%sareanagrams.\n",77,354.4546,192.2698,80652,80682,30
101,15,"%sand%sarenotanagrams.\n",87,314.762,234.1004,80741,80771,30
101,0,blank,0,317.4979,220.7242,80860,80889,29
101,13,"%sand%sareanagrams.\n",77,307.8744,193.6625,80948,80977,29
101,15,"%sand%sarenotanagrams.\n",87,189.77,229.03,81096,81126,30
101,0,blank,0,170.0444,214.1344,81214,81244,30
101,0,blank,0,170.2724,218.9138,81273,81302,29
101,0,blank,0,171.1575,219.084,81361,81391,30
101,15,"%sand%sarenotanagrams.\n",87,259.3564,248.412666666667,81749,81840,91
101,18,char,106,206.29375,297.7702,82051,82110,59
101,18,find_anagram,99,135.3121,300.2065,82553,82583,30
101,0,blank,0,133.1545,334.3485,83054,83084,30
101,0,blank,0,103.1567,288.3414,83321,83379,58
101,0,blank,0,126.4166,281.2675,83589,83618,29
101,0,blank,0,156.5437,329.1204,83739,83768,29
101,0,blank,0,-350,-105,83857,83962,105
101,18,array1,102,290.7989,298.3358,84105,84156,51
101,0,blank,0,298.2972,320.3755,85176,85205,29
101,18,array1,102,272.2908,294.7596,85385,85415,30
101,18,array1,102,277.3291,304.0224,85474,85504,30
101,18,array1,102,291.0452,313.8862,85624,85654,30
101,18,[,108,299.8101,313.5018,85895,85926,31
101,18,[,108,296.0154,304.314,85956,85986,30
101,18,],109,304.7911,304.5183,86138,86169,31
101,18,array1,102,285.206125,298.615675,86230,86353,123
101,0,blank,0,272.6594,293.2425,86475,86506,31
101,18,array1,102,287.8554,297.8399,86537,86568,31
101,0,blank,0,300.6091,315.6349,86660,86690,30
101,0,blank,0,287.5995,316.0977,86753,86783,30
101,18,array1,102,291.22355,308.3763,86876,86938,62
101,0,blank,0,301.381,319.6208,87000,87031,31
101,18,array1,102,283.3266,307.4085,87093,87156,63
101,0,blank,0,292.579,315.1961,87187,87218,31
101,18,array1,102,292.7911,314.2809,87280,87311,31
101,0,blank,0,298.5505,316.1671,87372,87404,32
101,0,blank,0,294.3491,332.3675,87495,87526,31
101,0,blank,0,283.5389,315.8024,87558,87589,31
101,0,blank,0,285.4305,316.2721,87744,87775,31
101,0,blank,0,298.6104,335.0382,87806,87837,31
101,18,array1,102,280.3955,313.951,87899,87929,30
101,0,blank,0,297.0115,319.20745,87960,88083,123
101,0,blank,0,298.7262,328.445875,88177,88302,125
101,0,blank,0,294.52775,328.9663,88397,88460,63
101,0,blank,0,293.6029,324.9683,88648,88679,31
101,0,blank,0,294.3068,320.3075,88742,88772,30
101,20,26,124,304.8612,340.858666666667,88928,89021,93
101,0,blank,0,293.168733333333,326.366433333333,89085,89179,94
101,0,blank,0,279.5484,324.10735,89398,89461,63
101,20,26,124,142.301766666667,344.782233333333,89491,89586,95
101,20,[,123,130.71564,345.33036,89617,89774,157
101,21,array1,137,147.4826,362.8534,89836,89869,33
101,20,26,124,144.851166666667,343.6865,89900,89992,92
101,20,[,123,129.85192,349.90618,90023,90176,153
101,20,[,123,128.8761,348.2059,90207,90237,30
101,20,26,124,139.7527,354.7168,90268,90299,31
101,21,array1,137,149.7159,363.1816,90359,90391,32
101,20,[,123,132.9343,344.11055,90422,90483,61
101,20,26,124,139.61405,355.43615,90545,90607,62
101,0,blank,0,123.20985,331.19105,90638,90699,61
101,20,26,124,139.7924,351.3146,90823,90853,30
101,0,blank,0,119.1338,331.3312,91038,91069,31
101,0,blank,0,142.73155,334.2248,91131,91193,62
101,20,26,124,141.1197,350.5088,91285,91317,32
101,0,blank,0,124.3472,330.6496,91407,91437,30
101,20,26,124,139.6308,341.22895,91471,91529,58
101,0,blank,0,119.310766666667,331.3369,91777,91870,93
101,0,blank,0,129.94875,332.95025,91932,91994,62
101,0,blank,0,130.7279,330.1591,92056,92087,31
101,20,26,124,147.0658,350.66895,92118,92180,62
101,0,blank,0,139.4901,333.569,92241,92272,31
101,0,blank,0,6.0301,316.5785,92426,92457,31
101,0,blank,0,-16.2917,286.6948,92548,92578,30
101,0,blank,0,-2.04393333333333,300.616133333333,92672,92765,93
101,0,blank,0,-10.03265,304.770225,92827,92948,121
101,0,blank,0,102.7655,321.6241,93039,93069,30
101,18,find_anagram,99,103.7983,313.204066666667,93159,93340,181
101,18,find_anagram,99,102.2281,295.5779,93370,93400,30
101,18,find_anagram,99,99.4992,305.7792,93462,93492,30
101,18,find_anagram,99,100.2243,312.65915,93522,93582,60
101,0,blank,0,174.5925,316.1901,93613,93673,60
101,0,blank,0,160.4034,316.7596,93733,93763,30
101,18,find_anagram,99,171.222675,311.974475,93793,93913,120
101,0,blank,0,169.009,317.7686,94033,94063,30
101,18,find_anagram,99,171.5002,298.1259,94092,94123,31
101,18,array1,102,264.1219,303.2033,94543,94573,30
101,18,array1,102,263.23045,309.5244,94633,94694,61
101,0,blank,0,262.521725,319.47325,94755,94876,121
101,18,array1,102,272.4279,303.19255,95085,95145,60
101,18,array1,102,270.7076,301.5544,95205,95236,31
101,18,array1,102,264.9197,308.0671,95296,95356,60
101,0,blank,0,261.7066,321.6975,95416,95446,30
101,18,array1,102,281.5859,311.6069,95477,95507,30
101,18,array1,102,281.3277,303.1366,95568,95598,30
101,0,blank,0,271.0983,317.4351,95658,95691,33
101,0,blank,0,259.0279,329.938,95749,95780,31
101,0,blank,0,266.002766666667,318.474566666667,95872,95963,91
101,0,blank,0,258.158,326.4711,95993,96024,31
101,18,array1,102,280.647766666667,309.6298,96056,96149,93
101,18,char,106,382.90825,314.102833333333,96271,96457,186
101,18,char,106,376.435033333333,304.887633333333,96457,96550,93
101,18,char,106,377.8083,308.8952,96581,96766,185
101,0,blank,0,366.0712,321.0567,96796,96826,30
101,0,blank,0,383.6015,318.5348,96945,96976,31
101,0,blank,0,376.7772,333.585275,97036,97157,121
101,0,blank,0,391.9217,318.9652,97188,97219,31
101,0,blank,0,379.662433333333,316.0223,97249,97340,91
101,0,blank,0,377.6493,321.9019,97494,97555,61
101,0,blank,0,370.5783,323.5521,97616,97646,30
101,0,blank,0,374.4452,322.105,97707,97737,30
101,0,blank,0,371.92275,322.90905,97768,97830,62
101,0,blank,0,383.7698,316.2119,97891,97953,62
101,0,blank,0,369.485733333333,327.972366666667,97984,98076,92
101,0,blank,0,374.3243,322.1209,98168,98199,31
101,0,blank,0,383.8694,326.2163,98260,98355,95
101,18,char,106,381.898675,314.630625,98383,98506,123
101,0,blank,0,391.2805,315.6004,98537,98568,31
101,0,blank,0,380.804466666667,315.893633333333,98630,98724,94
101,0,blank,0,371.877433333333,328.9195,98786,98879,93
101,0,blank,0,385.0208,316.1131,98910,98941,31
101,0,blank,0,379.692366666667,327.897666666667,98973,99066,93
101,0,blank,0,383.9526,320.3902,99097,99128,31
101,0,blank,0,373.14155,318.081,99159,99221,62
101,0,blank,0,377.2914,321.669966666667,99253,99347,94
101,0,blank,0,364.4178,331.4184,99378,99410,32
101,0,blank,0,380.275525,316.551775,99630,99756,126
101,0,blank,0,379.786275,318.9655,99819,99944,125
101,0,blank,0,376.0752,317.48625,99976,100162,186
101,18,char,106,376.7921,314.1007,100162,100193,31
101,18,array2,107,390.2607,308.4388,100256,100287,31
101,0,blank,0,380.7014,332.1145,100444,100507,63
101,0,blank,0,384.69,332.5756,100539,100570,31
101,0,blank,0,359.184733333333,329.8959,101007,101104,97
101,18,char,106,373.0743,314.5106,101135,101166,31
101,20,{,127,353.668,346.3705,101533,101564,31
101,0,blank,0,365.1475,329.6589,101654,101683,29
101,0,blank,0,346.7125,350.7187,101713,101744,31
101,20,{,127,359.77225,340.39535,101774,101834,60
101,0,blank,0,360.5533,328.2063,101925,101956,31
101,0,blank,0,367.8011,327.0024,102079,102202,123
101,18,array2,107,388.0129,314.7269,102233,102264,31
101,0,blank,0,364.581733333333,324.192166666667,102295,102388,93
101,0,blank,0,371.3509,320.2189,102451,102482,31
101,0,blank,0,367.05314,322.93676,102544,102700,156
101,0,blank,0,362.738,321.7449,102731,102762,31
101,0,blank,0,363.37605,327.159983333333,102825,103013,188
101,0,blank,0,362.5305,330.6155,103013,103045,32
101,0,blank,0,376.222125,321.415625,103076,103203,127
101,0,blank,0,370.1641,329.0664,103266,103297,31
101,0,blank,0,360.3652,338.3286,103329,103361,32
101,0,blank,0,367.28956,328.67932,103457,103615,158
101,0,blank,0,369.63248,327.95318,103647,103807,160
101,0,blank,0,361.995375,322.660175,104006,104133,127
101,0,blank,0,359.1461,324.2049,104227,104259,32
101,0,blank,0,351.3676,326.7602,104352,104384,32
101,0,blank,0,382.2699,329.5517,104446,104478,32
101,20,{,127,355.8407,343.6879,104509,104540,31
101,0,blank,0,368.128525,329.631775,104821,104946,125
101,0,blank,0,373.1396,326.3195,104977,105008,31
101,0,blank,0,364.802,335.8306,105039,105070,31
101,0,blank,0,370.350366666667,323.2598,105102,105196,94
101,0,blank,0,372.516,324.703,105258,105320,62
101,0,blank,0,370.17075,325.8166,105477,105541,64
101,0,blank,0,363.1703,328.6185,105603,105729,126
101,0,blank,0,370.1309,335.1866,105854,105885,31
101,0,blank,0,350.6625,337.6799,105917,105948,31
101,20,{,127,362.12865,343.3648,106011,106074,63
101,20,{,127,362.2589,346.8541,106137,106169,32
101,0,blank,0,372.0416,334.8817,106263,106294,31
101,20,{,127,361.47082,339.76322,106326,106484,158
101,0,blank,0,350.7891,364.4309,106516,106548,32
101,0,blank,0,346.98215,352.55295,106611,106674,63
101,20,0,133,364.6211,350.3546,106737,106768,31
101,20,{,127,354.7991,344.91075,106956,107018,62
101,0,blank,0,347.1144,350.5851,107049,107143,94
101,0,blank,0,347.3288,360.5223,107298,107329,31
101,0,blank,0,352.643533333333,349.235516666667,107360,107547,187
101,0,blank,0,350.7698,337.046566666667,107703,107797,94
101,0,blank,0,353.0636,338.075333333333,107891,107984,93
101,0,blank,0,347.071366666667,343.883166666667,108015,108204,189
101,0,blank,0,348.673325,348.90325,108266,108390,124
101,0,blank,0,340.6514,390.0109,108482,108514,32
101,0,blank,0,348.1222,355.166466666667,108545,108732,187
101,20,=,132,339.85135,355.26655,108795,108857,62
101,20,{,127,357.53865,348.2362,108888,108951,63
101,0,blank,0,348.5137,362.6202,108982,109014,32
101,20,{,127,361.7891,352.5362,109045,109077,32
101,0,blank,0,348.7747,353.9434,109139,109233,94
101,0,blank,0,348.6464,350.166733333333,109295,109481,186
101,20,=,132,341.7959,349.2309,109481,109636,155
101,0,blank,0,348.334,341.4317,109668,109700,32
101,20,=,132,338.56956,358.39922,109763,109922,159
101,0,blank,0,332.1808,354.5345,109986,110017,31
101,0,blank,0,341.0448,361.64025,110048,110111,63
101,0,blank,0,352.0621,347.388,110143,110175,32
101,0,blank,0,347.2068,359.7686,110239,110271,32
101,0,blank,0,330.6927,364.098666666667,110333,110429,96
101,0,blank,0,328.6713,337.5242,110463,110493,30
101,0,blank,0,326.5999,363.583966666667,110525,110620,95
101,0,blank,0,328.839033333333,361.764133333333,110651,110744,93
101,0,blank,0,337.278266666667,365.423633333333,110776,110868,92
101,20,=,132,333.62425,356.51455,110899,110962,63
101,20,=,132,340.912716666667,356.279866666667,111056,111245,189
101,0,blank,0,336.7911,370.7858,111245,111277,32
101,0,blank,0,339.747133333333,360.2501,111339,111432,93
101,0,blank,0,329.6437,385.6783,111526,111557,31
101,20,=,132,342.8955,346.5772,111620,111652,32
101,20,{,127,355.389,358.501,111715,111746,31
101,0,blank,0,345.5646,368.4005,111964,111995,31
101,0,blank,0,335.20845,361.52995,112120,112183,63
101,0,blank,0,339.643025,365.47,112245,112372,127
101,0,blank,0,330.7037,383.357,112436,112467,31
101,0,blank,0,336.6029,368.43565,112529,112591,62
101,20,=,132,336.6299,352.2164,112622,112653,31
101,0,blank,0,324.6168,386.16555,112746,112808,62
101,0,blank,0,335.64345,368.3997,112932,112995,63
101,0,blank,0,347.8986,366.2195,113027,113059,32
101,0,blank,0,335.5839,368.311,113122,113153,31
101,0,blank,0,341.8708,372.9872,113185,113216,31
101,0,blank,0,347.24905,366.6913,113279,113341,62
101,0,blank,0,345.5605,363.3147,113404,113436,32
101,0,blank,0,341.4595,365.40225,113467,113530,63
101,0,blank,0,331.5212,396.8064,113686,113718,32
101,0,blank,0,332.8712,366.26165,113750,113813,63
101,0,blank,0,339.731833333333,363.749666666667,113844,113938,94
101,0,blank,0,337.12215,365.41735,114001,114128,127
101,0,blank,0,338.359833333333,359.467366666667,114160,114349,189
101,20,=,132,335.8454,357.5247,114349,114413,64
101,0,blank,0,335.229366666667,366.981866666667,114444,114538,94
101,0,blank,0,337.7949,359.79015,114600,114663,63
101,20,=,132,342.9182,353.1298,114725,114756,31
101,0,blank,0,338.800916666667,364.616,114787,114975,188
101,0,blank,0,346.7309,365.0987,114975,115007,32
101,0,blank,0,338.2389,363.551066666667,115101,115195,94
101,0,blank,0,337.7695,365.4886,115257,115288,31
101,0,blank,0,350.0168,361.2451,115319,115350,31
101,20,=,132,339.8064,358.799466666667,115381,115474,93
101,0,blank,0,341.1611,370.3437,115568,115598,30
101,0,blank,0,334.9463,393.946,115629,115660,31
101,0,blank,0,344.0558,374.4111,115691,115723,32
101,20,{,127,357.0444,345.9955,115754,115786,32
101,0,blank,0,349.7908,366.2211,115817,115848,31
101,0,blank,0,351.62805,359.5656,115941,116003,62
101,20,{,127,354.712666666667,356.457033333333,116034,116218,184
101,0,blank,0,351.48595,347.25125,116218,116279,61
101,0,blank,0,294.6324,378.5124,116339,116369,30
101,0,blank,0,-350,-105,116430,116564,134
101,0,blank,0,183.6995,402.9858,116588,116614,26
101,23,i,149,204.2751,417.0045,116693,116723,30
101,23,array1,147,188.9913,412.6108,116752,116781,29
101,23,array1,147,175.3214,410.9483,116840,116870,30
101,23,i,149,205.759,421.1882,116988,117017,29
101,0,blank,0,113.9884,394.03015,117658,117719,61
101,21,array1,137,120.033,370.8985,117833,117861,28
101,0,blank,0,109.7428,384.4677,118269,118298,29
101,0,blank,0,132.9507,399.8134,118356,118386,30
101,0,blank,0,108.33765,392.7617,118533,118592,59
101,0,blank,0,108.0023,395.6337,118651,118681,30
101,0,blank,0,101.3118,399.2767,118739,118797,58
101,0,blank,0,113.4785,395.2478,118827,118856,29
101,0,blank,0,115.3907,387.2138,118915,118946,31
101,23,num1,145,112.2917,407.9237,119005,119034,29
101,0,blank,0,110.41054,388.73454,119270,119421,151
101,0,blank,0,118.5767,400.3632,119450,119481,31
101,0,blank,0,106.2421,401.1427,119511,119541,30
101,0,blank,0,115.3899,393.5723,119660,119690,30
101,0,blank,0,104.610366666667,396.9362,119839,119929,90
101,0,blank,0,100.0859,389.838725,120107,120228,121
101,0,blank,0,104.6128,387.218,120288,120317,29
101,0,blank,0,105.826466666667,398.8608,120346,120435,89
101,0,blank,0,102.618133333333,396.548666666667,120498,120676,178
101,0,blank,0,110.18868,392.5455,120706,120855,149
101,0,blank,0,93.6318666666667,390.497966666667,120885,120976,91
101,0,blank,0,107.1523,385.0957,121024,121112,88
101,0,blank,0,99.5677,375.1333,121369,121408,39
101,0,blank,0,118.6513,390.9438,121528,121557,29
101,0,blank,0,98.5339,386.9104,121704,121733,29
101,0,blank,0,110.6454,398.6478,121822,121851,29
101,0,blank,0,103.853033333333,389.110866666667,121884,121970,86
101,0,blank,0,119.1079,389.2157,122146,122175,29
101,0,blank,0,108.3541,396.0688,122321,122350,29
101,21,array1,137,127.8644,368.892,122437,122466,29
101,0,blank,0,206.596,398.5492,122902,122931,29
101,23,a,152,258.86135,408.2619,123279,123336,57
101,0,blank,0,233.8627,428.4173,123364,123392,28
101,0,blank,0,373.04145,-103.9762,124296,124351,55
101,0,blank,0,490.4481,-103.9467,124631,124659,28
101,0,blank,0,427.661466666667,-103.957966666667,124776,124862,86
101,0,blank,0,558.8002,-103.931,125035,125064,29
101,0,blank,0,625.8034,-103.9516,125179,125207,28
101,0,blank,0,574.6683,-103.9882,125236,125264,28
101,0,blank,0,564.6702,-103.8955,125751,125838,87
101,0,blank,0,606.2128,-103.9096,125894,125923,29
101,0,blank,0,561.1885,-103.9377,125982,126097,115
101,0,blank,0,620.0064,-103.9895,126156,126185,29
101,0,blank,0,563.2567,-103.91185,126302,126360,58
101,0,blank,0,583.22495,-103.89235,126479,126538,59
101,0,blank,0,591.55215,-103.8721,126748,126809,61
101,0,blank,0,565.07,-103.9001,126871,126900,29
101,0,blank,0,572.792925,-103.8775,126930,127050,120
101,0,blank,0,596.7715,-103.87305,127080,127140,60
101,0,blank,0,592.7756,-103.8577,127170,127200,30
101,0,blank,0,577.6884,-103.8607,127260,127290,30
101,0,blank,0,587.589333333333,-103.838466666667,127322,127411,89
101,0,blank,0,579.8915,-103.8662,127471,127501,30
101,0,blank,0,606.083333333333,-103.912533333333,127531,127620,89
101,0,blank,0,584.5415,-103.8851,127707,127734,27
101,0,blank,0,591.3229,-103.87335,127798,127855,57
101,0,blank,0,602.2311,-103.887,127916,127946,30
101,0,blank,0,595.0794,-103.8622,128005,128034,29
101,0,blank,0,589.1899,-103.9009,128152,128181,29
101,0,blank,0,559.422,-103.8893,128210,128240,30
101,0,blank,0,578.0818,-103.8954,128329,128359,30
101,0,blank,0,547.8531,-103.9731,128887,128916,29
101,0,blank,0,115.41,-103.902366666667,129405,129497,92
101,0,blank,0,90.313,-103.8922,129527,129557,30
101,0,blank,0,118.628933333333,-103.853666666667,129588,129679,91
101,0,blank,0,107.2444,-103.867,129740,129772,32
101,0,blank,0,96.8799333333333,-103.886366666667,129863,129954,91
101,0,blank,0,80.8869,-103.8857,130043,130073,30
101,0,blank,0,-350,-105,130858,131029,171
101,0,blank,0,-350,-105,131029,131195,166
101,0,blank,0,-350,-105,131195,131363,168
101,0,blank,0,-350,-105,131363,131540,177
101,0,blank,0,-350,-105,131540,131713,173
101,0,blank,0,-350,-105,131713,131907,194
101,0,blank,0,-350,-105,131907,132078,171
101,0,blank,0,-350,-105,132078,132258,180
101,0,blank,0,-350,-105,132258,132442,184
101,0,blank,0,583.1857,-103.8919,132553,132583,30
101,0,blank,0,530.239,-103.9435,132698,132727,29
101,0,blank,0,577.7515,-103.9088,132873,132902,29
101,0,blank,0,565.4138,-103.8718,132987,133016,29
101,0,blank,0,584.371,-103.881,133045,133074,29
101,0,blank,0,581.2468,-103.9511,133103,133132,29
101,0,blank,0,589.7526,-103.8894,133160,133189,29
101,0,blank,0,148.3035,-103.8686,133419,133448,29
101,0,blank,0,106.70435,-103.87785,133569,133754,185
101,0,blank,0,98.6624,-103.9094,133754,133817,63
101,0,blank,0,82.6696,-103.8767,133844,133906,62
101,0,blank,0,122.6691,741.6811,134148,134178,30
101,0,blank,0,-350,-105,134208,134390,182
101,0,blank,0,-350,-105,134390,134577,187
101,0,blank,0,-350,-105,134939,135124,185
101,0,blank,0,-350,-105,135124,135303,179
101,0,blank,0,-350,-105,135303,135479,176
101,0,blank,0,-350,-105,135479,135658,179
101,0,blank,0,-350,-105,135658,135834,176
101,0,blank,0,-350,-105,135834,136011,177
101,0,blank,0,-350,-105,136011,136190,179
101,0,blank,0,-350,-105,136190,136383,193
101,0,blank,0,-350,-105,136383,136493,110
101,23,array1,147,150.6119,416.4476,136509,136533,24
101,0,blank,0,86.3061,397.2657,136719,136749,30
101,0,blank,0,111.1392,387.5142,136893,136921,28
101,23,array1,147,139.4858,416.9478,137595,137623,28
101,0,blank,0,134.321,401.7341,137846,137875,29
101,23,array1,147,154.3587,415.3312,137904,137931,27
101,0,blank,0,-350,-105,138015,138200,185
101,0,blank,0,-350,-105,138200,138386,186
101,0,blank,0,-350,-105,138386,138545,159
101,0,blank,0,-350,-105,138545,138705,160
101,0,blank,0,164.2755,382.2558,138867,138894,27
101,23,array1,147,155.3508,408.3792,139562,139591,29
101,23,array1,147,141.0472,407.7471,139731,139758,27
101,20,num1,113,101.3858,358.041,139959,139988,29
101,0,blank,0,121.0084,382.4286,140016,140046,30
101,0,blank,0,110.14735,402.2973,140223,140284,61
101,0,blank,0,212.5187,392.1727,140375,140404,29
101,21,!=,141,218.8187,380.7631,140434,140464,30
101,21,!=,141,223.768,362.4463,140672,140703,31
101,0,blank,0,294.1095,361.9626,140763,140792,29
101,20,num2,122,274.3272,356.2217,140975,141006,31
101,20,num2,122,255.48715,346.3348,141157,141218,61
101,0,blank,0,-350,-105,141278,141467,189
101,0,blank,0,144.6709,272.52375,141918,141978,60
101,0,blank,0,-350,-105,142156,142339,183
101,0,blank,0,-350,-105,142339,142519,180
101,0,blank,0,-350,-105,142519,142678,159
101,0,blank,0,-350,-105,142678,142840,162
101,0,blank,0,171.59505,326.6024,142940,143000,60
101,0,blank,0,298.13475,323.1862,143149,143208,59
101,0,blank,0,498.5145,389.4763,143550,143578,28
101,0,blank,0,-350,-105,144617,144747,130
101,13,array2,81,529.2718,199.9213,144772,144798,26
101,0,blank,0,504.5728,225.3838,144851,144876,25
101,0,blank,0,199.1215,273.0745,145524,145552,28
101,0,blank,0,191.1691,271.6693,145752,145780,28
101,13,printf,75,143.9448,201.043,145837,145866,29
101,15,printf,85,112.5313,238.8834,146319,146349,30
101,0,blank,0,-350,-105,146409,146545,136
101,12,1,73,163.5745,165.0186,146669,146694,25
101,12,),74,179.50282,163.88746,146850,147004,154
101,20,26,124,150.2029,346.6559,147388,147421,33
101,0,blank,0,132.4218,223.2996,147515,147545,30
101,0,blank,0,-350,-105,148004,148192,188
101,0,blank,0,-350,-105,148192,148344,152
101,0,blank,0,333.6894,476.2554,148898,148926,28
101,0,blank,0,-350,-105,149224,149252,28
101,12,1,73,171.1125,176.9874,149948,149977,29
101,12,flag,71,118.0401,165.8162,150096,150126,30
101,13,"%sand%sareanagrams.\n",77,209.7472,191.1266,150900,150928,28
101,0,blank,0,-350,-105,152003,152031,28
101,0,blank,0,-350,-105,152430,152509,79
101,0,blank,0,303.9332,265.0344,152870,152900,30
101,0,blank,0,365.5328,452.2603,152932,152963,31
101,0,blank,0,476.2512,461.9886,153310,153343,33
101,0,blank,0,413.2538,464.4176,153805,153832,27
101,0,blank,0,436.79165,187.74125,154124,154184,60
101,0,blank,0,401.1538,183.4484,154273,154303,30
101,0,blank,0,449.1197,253.4727,154539,154568,29
101,0,blank,0,435.6448,220.8879,154775,154806,31
101,0,blank,0,461.687,221.276233333333,154898,154987,89
101,0,blank,0,469.78174,240.03842,155017,155166,149
101,0,blank,0,459.8703,253.7837,155522,155551,29
101,0,blank,0,468.9041,227.3568,155640,155669,29
101,15,array1,89,478.2369,236.785,155787,155845,58
101,15,array1,89,492.1952,237.6327,156555,156584,29
101,0,blank,0,500.0553,467.422,156612,156641,29
101,0,blank,0,511.0439,209.1094,157077,157106,29
101,13,array1,79,484.6722,191.7407,157135,157164,29
101,15,array1,89,529.3195,243.7427,157222,157251,29
101,0,blank,0,557.4952,219.26745,159412,159470,58
101,0,blank,0,523.16805,209.2637,159768,159829,61
101,0,blank,0,-350,-105,159919,160001,82
101,0,blank,0,549.6949,406.8032,160026,160052,26
101,0,blank,0,547.14435,216.1069,160220,160283,63
101,0,blank,0,502.14585,222.50485,160345,160407,62
101,0,blank,0,535.0055,215.827133333333,160627,160723,96
101,0,blank,0,534.70315,213.3183,160756,160820,64
101,0,blank,0,536.1382,214.3471,160852,160884,32
101,0,blank,0,534.12492,214.28122,160948,161114,166
101,0,blank,0,534.3666,219.9864,161218,161253,35
101,0,blank,0,599.21455,208.9822,161322,161387,65
101,15,),92,614.5361,230.466333333333,161490,161681,191
101,0,blank,0,600.9472,224.7385,161715,161748,33
101,0,blank,0,619.3182,203.2743,161783,161844,61
101,0,blank,0,676.393333333333,-103.981866666667,162430,162550,120
101,0,blank,0,683.658,-103.99,162605,162634,29
101,0,blank,0,675.488,-103.989675,162693,162808,115
101,0,blank,0,678.380285714286,-103.9871,162837,163033,196
101,0,blank,0,676.6815,-103.980616666667,163089,163284,195
101,0,blank,0,676.073,-103.982,163284,163312,28
101,0,blank,0,676.229857142857,-103.972228571429,163510,163701,191
101,0,blank,0,681.626,-103.9643,163701,163729,28
101,0,blank,0,667.5295,-103.97755,163912,163962,50
101,0,blank,0,682.289,792.228,164167,164195,28
101,0,blank,0,680.2595,777.1385,164252,164314,62
101,0,blank,0,667.706,791.7813,164456,164484,28
101,0,blank,0,-350,-105,164808,164898,90
101,0,blank,0,668.558,-103.9947,165168,165197,29
101,0,blank,0,675.6195,-103.9984,165254,165310,56
101,0,blank,0,666.1,789.4105,165338,165395,57
101,0,blank,0,672.421,785.7692,165455,165483,28
101,0,blank,0,665.795,787.6481,165516,165544,28
101,0,blank,0,668.718,-103.9857,165573,165601,28
101,0,blank,0,653.417,-103.9963,165658,165686,28
101,0,blank,0,660.755,782.3069,165742,165771,29
101,0,blank,0,667.14,-103.9783,165855,165884,29
101,0,blank,0,659.3965,791.8894,165915,166003,88
101,0,blank,0,659.581,-103.9851,166033,166062,29
101,0,blank,0,670.187,-103.99455,166119,166176,57
101,0,blank,0,666.762,-103.9573,166434,166462,28
101,0,blank,0,674.707,-103.9993,166520,167033,513
101,0,blank,0,-350,-105,167080,167277,197
101,0,blank,0,-350,-105,167277,167455,178
101,0,blank,0,-350,-105,167455,167642,187
101,0,blank,0,-350,-105,167642,167666,24
101,0,blank,0,690.274,793.5264,167888,167915,27
101,0,blank,0,671.89,-103.9905,167946,167974,28
101,0,blank,0,683.60175,-103.986325,168205,168319,114
101,0,blank,0,666.008,790.6132,168490,168521,31
101,0,blank,0,673.924,776.3298,168549,168577,28
101,0,blank,0,675.221,762.16,168742,168769,27
101,0,blank,0,688.103,762.6299,168884,168915,31
101,0,blank,0,669.088,788.2279,168971,168999,28
101,0,blank,0,674.093,-103.972775,169111,169226,115
101,0,blank,0,678.159,-103.9766,169313,169341,28
101,0,blank,0,671.845,-103.9976,169426,169455,29
101,0,blank,0,687.054666666667,-103.9956,169511,169595,84
101,0,blank,0,676.267,-103.9631,169743,169771,28
101,0,blank,0,682.969,-103.976166666667,170253,170340,87
101,0,blank,0,672.48,-103.969,170453,170484,31
101,0,blank,0,683.883,-103.9878,170599,170629,30
101,0,blank,0,673.524,-103.9865,170685,170712,27
101,0,blank,0,662.96,-103.987,170767,170795,28
101,0,blank,0,679.418,-103.9855,170824,170851,27
101,0,blank,0,671.013,-103.9791,170878,170905,27
101,0,blank,0,709.572,-103.9806,170932,170959,27
101,0,blank,0,675.150857142857,-103.972342857143,170990,171187,197
101,0,blank,0,679.266,-103.95742,171187,171328,141
101,0,blank,0,697.955,-103.9472,171357,171385,28
101,0,blank,0,679.599,-103.9643,171412,171496,84
101,0,blank,0,677.596,-103.963466666667,171552,171640,88
101,0,blank,0,678.6032,-103.97108,171723,171864,141
101,0,blank,0,675.587142857143,-103.965985714286,171919,172114,195
101,0,blank,0,670.881428571429,-103.9631,172114,172307,193
101,0,blank,0,679.5406,-103.96174,172307,172448,141
101,0,blank,0,679.092428571429,-103.971157142857,172477,172675,198
101,0,blank,0,673.59375,-103.961225,172675,172786,111
101,0,blank,0,680.63075,-103.968125,172814,172926,112
101,0,blank,0,676.64,-103.967633333333,172983,173154,171
101,0,blank,0,674.491,-103.973816666667,173154,173325,171
101,0,blank,0,675.802333333333,-103.971683333333,173325,173496,171
101,0,blank,0,682.422,-103.9568,173496,173526,30
101,0,blank,0,671.923166666667,-103.976483333333,173551,173725,174
101,0,blank,0,679.252,-103.9772,173725,173752,27
101,0,blank,0,680.93,-103.970828571429,173812,174011,199
101,0,blank,0,684.781,-103.9645,174011,174039,28
101,0,blank,0,681.302,-103.98405,174094,174151,57
101,0,blank,0,678.993666666667,-103.986933333333,174270,174353,83
101,0,blank,0,675.281,-103.9682,174381,174414,33
101,0,blank,0,687.6965,-103.98215,174554,174614,60
101,0,blank,0,685.833,794.656,174642,174674,32
101,0,blank,0,670.226,-103.981833333333,174790,174874,84
101,0,blank,0,693.948,-103.97785,174957,175015,58
101,0,blank,0,680.473666666667,-103.9703,175043,175126,83
101,0,blank,0,677.938,-103.9802,175239,175298,59
101,0,blank,0,686.3835,-103.98335,175354,175411,57
101,0,blank,0,696.246,-103.9741,175526,175555,29
101,0,blank,0,682.279,-103.9827,175808,175986,178
101,0,blank,0,691.9325,-103.9748,175986,176043,57
101,0,blank,0,689.231666666667,-103.974716666667,176101,176273,172
101,0,blank,0,702.189,-103.9968,176273,176302,29
101,0,blank,0,699.4955,-103.9857,176387,176446,59
101,0,blank,0,694.479,-103.9735,176765,176822,57
101,0,blank,0,680.586,-103.9814,176962,176994,32
101,0,blank,0,691.7315,-103.96605,177023,177080,57
101,0,blank,0,688.65975,-103.9894,177136,177253,117
101,0,blank,0,690.628,789.6312,177280,177336,56
101,0,blank,0,673.072,-103.9859,177424,177455,31
101,0,blank,0,677.028,-103.9844,177742,177770,28
101,0,blank,0,-350,-105,177799,177931,132
101,0,blank,0,671.772666666667,-103.986333333333,178005,178173,168
101,0,blank,0,671.122,-103.9502,178232,178260,28
101,0,blank,0,-350,-105,178292,178445,153
101,0,blank,0,674.67075,-103.9864,178560,178677,117
101,0,blank,0,667.261,775.3363,178790,178818,28
101,0,blank,0,663.3325,774.3226,178927,179058,131
101,21,0,142,275.8046,374.3059,179228,179254,26
101,20,num2,122,255.7673,345.6415,179289,179318,29
101,0,blank,0,314.53225,333.5142,179807,179867,60
101,0,blank,0,366.4627,361.795,179896,179925,29
101,0,blank,0,314.2559,327.8868,180224,180254,30
101,0,blank,0,328.8782,354.7837,180284,180314,30
101,0,blank,0,-350,-105,180494,180648,154
101,20,0,133,373.7802,345.2299,180844,180874,30
101,20,comma,130,388.0526,342.2598,180904,180934,30
101,0,blank,0,413.33625,373.2514,181662,181722,60
101,0,blank,0,415.40235,382.75125,181838,181896,58
101,20,i,131,407.279,340.7349,182044,182102,58
101,0,blank,0,432.1208,328.1953,182589,182623,34
101,20,=,132,429.5503,352.3485,182713,182743,30
101,0,blank,0,465.071,354.918,183101,183131,30
101,20,=,132,432.5135,356.3156,183192,183222,30
101,0,blank,0,452.6041,363.6024,183252,183282,30
101,0,blank,0,-350,-105,183550,183729,179
101,0,blank,0,-350,-105,183729,183908,179
101,0,blank,0,-350,-105,183908,184105,197
101,0,blank,0,-350,-105,184105,184203,98
101,0,blank,0,241.1088,332.8908,184221,184246,25
101,0,blank,0,248.8826,322.6068,184285,184313,28
101,0,blank,0,224.5713,335.1108,184342,184372,30
101,20,26,124,142.3363,356.29945,184581,184639,58
101,20,26,124,136.9475,353.5492,184698,184727,29
101,20,num1,113,112.4252,356.7678,184985,185013,28
101,20,=,132,173.8834,356.991,185419,185447,28
101,21,while,135,85.0088,375.793333333333,185739,185826,87
101,21,array1,137,130.5701,375.039,186203,186232,29
101,0,blank,0,-350,-105,186318,186474,156
101,21,array1,137,162.4381,370.8458,186607,186632,25
101,21,array1,137,130.1394,365.2522,186685,186805,120
101,21,array1,137,118.9321,377.8086,186893,186922,29
101,21,array1,137,137.9637,376.9748,186952,186982,30
101,20,num1,113,101.1976,356.4491,187100,187159,59
101,21,(,136,111.5994,369.7874,187189,187217,28
101,21,(,136,112.0615,362.6987,187248,187277,29
101,0,blank,0,284.8585,448.2434,187667,187692,25
101,0,blank,0,256.7945,328.0682,188200,188228,28
101,20,=,132,173.1396,354.4344,188560,188590,30
101,21,array1,137,173.5758,369.981,188683,188712,29
101,0,blank,0,148.2453,384.0053,188830,188859,29
101,21,array1,137,157.6078,370.9836,188889,188918,29
101,21,[,138,177.21665,380.12125,189098,189156,58
101,21,[,138,175.3063,368.7249,189185,189214,29
101,21,array1,137,158.721,365.29886,189361,189508,147
101,21,array1,137,163.812166666667,365.7975,189596,189685,89
101,21,array1,137,172.66414,367.43698,189831,189978,147
101,20,=,132,177.9977,349.3712,190007,190037,30
101,21,[,138,175.91555,378.3406,190096,190215,119
101,21,i,139,184.74615,365.58615,190424,190483,59
101,0,blank,0,182.1942,389.6958,190573,190603,30
101,21,],140,200.9203,363.4172,190632,190720,88
101,21,array1,137,163.7316,365.1927,190808,190838,30
101,0,blank,0,202.523666666667,389.886866666667,190899,190990,91
101,0,blank,0,203.157,400.0291,191051,191081,30
101,21,],140,198.2886,377.0711,191141,191171,30
101,0,blank,0,235.419,361.4078,191202,191233,31
101,20,num2,122,246.4958,358.4965,191386,191418,32
101,0,blank,0,-350,-105,191540,191623,83
101,21,],140,198.8017,362.1351,191759,191784,25
101,21,!=,141,219.6436,378.6463,191902,191932,30
101,0,blank,0,209.0801,390.8003,192112,192144,32
101,0,blank,0,195.6219,386.2025,192206,192236,30
101,0,blank,0,193.9896,391.1432,192296,192325,29
101,0,blank,0,206.5875,380.0048,192413,192443,30
101,0,blank,0,200.5358,398.0197,192501,192530,29
101,21,i,139,188.8885,367.38195,192559,192618,59
101,0,blank,0,202.71955,377.88925,192649,192709,60
101,21,],140,196.94985,379.3866,192738,192798,60
101,21,0,142,254.3259,374.6228,192948,192978,30
101,0,blank,0,212.916866666667,382.857233333333,193126,193216,90
101,0,blank,0,209.9641,379.7022,193245,193275,30
101,21,!=,141,218.5303,374.5946,193334,193364,30
101,0,blank,0,208.3974,375.5489,193422,193452,30
101,21,!=,141,220.2265,367.3839,193632,193693,61
101,0,blank,0,217.16935,396.92315,193724,193785,61
101,21,!=,141,231.5291,367.0107,193993,194083,90
101,0,blank,0,209.078,367.3318,194174,194206,32
101,21,0,142,262.5916,376.6057,194502,194531,29
101,0,blank,0,235.33,368.3767,194998,195027,29
101,21,0,142,253.8436,369.9443,195210,195239,29
101,0,blank,0,223.4023,413.1624,195384,195414,30
101,0,blank,0,-350,-105,195502,195630,128
101,23,-,151,242.0515,422.598,195792,195820,28
101,0,blank,0,231.850266666667,431.7641,195878,195965,87
101,0,blank,0,226.565,438.3613,196023,196053,30
101,0,blank,0,225.093,405.8089,196082,196112,30
101,21,!=,141,230.7193,380.5396,196141,196170,29
101,0,blank,0,226.961,387.2815,196228,196257,29
101,0,blank,0,240.8425,363.6352,196286,196348,62
101,23,],153,216.0802,408.0409,196434,196463,29
101,0,blank,0,239.0422,384.8701,196728,196757,29
101,0,blank,0,235.91805,399.843,196786,196844,58
101,23,],153,215.2769,410.82485,196931,196989,58
101,23,[,148,128.14955,409.13425,197077,197135,58
101,23,num1,145,120.0857,408.6703,197194,197224,30
101,0,blank,0,82.3066,421.0318,197253,197341,88
101,24,i,156,93.226,444.8569,197574,197604,30
101,23,num1,145,105.0542,419.1946,197721,197750,29
101,23,num1,145,114.57785,416.45555,197781,197841,60
101,0,blank,0,-350,-105,197932,198100,168
101,21,0,142,263.54595,371.97705,198340,198433,93
101,0,blank,0,116.9458,400.6938,199172,199201,29
101,24,i,156,90.93,440.0111,199438,199470,32
101,0,blank,0,141.3825,427.7682,199502,199536,34
101,23,array1,147,153.1223,422.3373,199634,199666,32
101,0,blank,0,131.8925,429.1236,199790,199819,29
101,23,num1,145,100.8704,409.6294,199994,200023,29
101,0,blank,0,97.04445,393.3447,200082,200141,59
101,23,num1,145,90.208,413.5218,200229,200259,30
101,0,blank,0,125.27975,389.91835,200408,200467,59
101,23,num1,145,115.5759,413.16545,200528,200588,60
101,0,blank,0,150.1234,395.5022,200798,200827,29
101,23,array1,147,168.1716,424.3172,200887,200917,30
101,23,array1,147,176.5642,408.977733333333,201005,201093,88
101,23,array1,147,165.6262,412.0483,201270,201300,30
101,23,array1,147,183.7766,416.8516,201389,201419,30
101,0,blank,0,181.2977,431.6808,201477,201506,29
101,23,array1,147,193.6755,420.86905,201535,201594,59
101,0,blank,0,-350,-105,201653,201782,129
101,0,blank,0,217.6097,442.0278,201882,201909,27
101,23,],153,220.0689,421.6169,201969,202000,31
101,0,blank,0,228.6365,431.6181,202029,202059,30
101,0,blank,0,225.29915,431.4465,202240,202301,61
101,0,blank,0,205.3654,454.2014,202331,202362,31
101,0,blank,0,204.4799,425.9801,203037,203065,28
101,23,num1,145,98.4849,419.4507,204119,204150,31
101,24,i,156,87.139,442.6789,204180,204211,31
101,0,blank,0,82.0952,420.353,204302,204362,60
101,0,blank,0,58.9237,416.43125,204453,204512,59
101,23,-,151,241.11865,422.98875,204894,204952,58
101,0,blank,0,241.1743,400.0868,205014,205041,27
101,23,],153,216.1147,410.2785,205344,205373,29
101,0,blank,0,218.828866666667,430.474466666667,205433,205522,89
101,23,],153,214.377,424.3305,205553,205583,30
101,0,blank,0,227.4619,429.033833333333,205644,205735,91
101,23,],153,217.0024,416.6237,205796,205827,31
101,0,blank,0,172.885,434.3545,205948,205979,31
101,23,array1,147,159.128,424.4101,206040,206071,31
101,23,array1,147,172.701133333333,415.016533333333,206132,206223,91
101,23,array1,147,178.9376,422.8815,206287,206317,30
101,23,array1,147,190.73965,417.46155,206378,206439,61
101,0,blank,0,165.2277,427.1211,206470,206500,30
101,0,blank,0,174.5121,433.3786,206590,206684,94
101,0,blank,0,180.1121,440.342466666667,206743,206834,91
101,0,blank,0,155.712366666667,466.864066666667,206925,207018,93
101,0,blank,0,153.4621,465.695375,207111,207235,124
101,0,blank,0,201.8036,472.0641,207330,207361,31
101,27,[,167,175.7357,498.9477,207393,207457,64
101,27,i,168,191.433566666667,496.9341,207581,207675,94
101,27,[,167,180.5859,493.4114,207767,207798,31
101,27,i,168,187.1976,494.6183,207860,207891,31
101,27,[,167,178.805,498.2051,207922,207953,31
101,0,blank,0,181.5351,488.627933333333,208046,208139,93
101,27,i,168,189.6503,493.04215,208204,208266,62
101,0,blank,0,169.5803,478.3137,208328,208359,31
101,27,array2,166,130.4758,500.733,208488,208518,30
101,27,array2,166,136.60385,503.946383333333,208675,208866,191
101,27,array2,166,133.7598,500.69405,208897,208960,63
101,0,blank,0,132.7041,515.3347,208991,209022,31
101,0,blank,0,-350,-105,209054,209161,107
101,0,blank,0,156.08215,485.130733333333,209296,209483,187
101,0,blank,0,148.71386,487.39538,209483,209638,155
101,0,blank,0,140.0609,473.7373,209669,209701,32
101,0,blank,0,147.9415,476.0528,209856,209886,30
101,0,blank,0,154.5892,490.9548,209947,209978,31
101,0,blank,0,130.859,478.3406,210009,210039,30
101,0,blank,0,157.3296,470.38075,210070,210131,61
101,27,array2,166,118.011725,503.025875,210224,210346,122
101,0,blank,0,144.9777,480.5412,210440,210471,31
101,0,blank,0,168.4715,460.4232,210625,210656,31
101,0,blank,0,169.8849,476.3605,210780,210810,30
101,0,blank,0,132.242133333333,442.151,210933,211024,91
101,23,[,148,132.7523,424.3941,211055,211085,30
101,23,num1,145,95.2052,419.249733333333,211208,211300,92
101,23,num1,145,107.3267,423.0076,211449,211479,30
101,23,num1,145,91.5146,423.2804,211539,211570,31
101,0,blank,0,114.4117,400.7135,211718,211749,31
101,23,num1,145,106.9059,409.06365,211778,211837,59
101,23,num1,145,93.0255,416.6693,211897,211927,30
101,23,num1,145,101.53474,417.7148,211986,212137,151
101,0,blank,0,96.2527,429.6115,212258,212289,31
101,23,num1,145,99.9119,413.9948,212319,212349,30
101,23,num1,145,91.5155,411.018,212471,212502,31
101,23,num1,145,94.3497,405.1974,212564,212594,30
101,0,blank,0,80.27635,417.1074,212624,212685,61
101,23,num1,145,84.6788333333333,416.849633333333,212716,212898,182
101,0,blank,0,86.002,427.56685,212898,212959,61
101,0,blank,0,78.169475,414.083875,212989,213111,122
101,0,blank,0,80.5043,418.8501,213172,213233,61
101,23,num1,145,88.8034,408.695,213295,213325,30
101,0,blank,0,87.8628,426.1707,213356,213418,62
101,23,num1,145,84.42254,418.76,213448,213603,155
101,0,blank,0,-350,-105,213635,213743,108
101,0,blank,0,80.9423,399.2424,213785,213839,54
101,23,num1,145,98.5174,414.0219,213930,213956,26
101,0,blank,0,93.7450333333334,400.227733333333,214020,214112,92
101,23,num1,145,91.38275,405.5642,214173,214236,63
101,0,blank,0,102.6387,397.8083,214266,214296,30
101,0,blank,0,97.051,402.7142,214358,214389,31
101,23,num1,145,95.6322,405.2934,214448,214478,30
101,0,blank,0,56.9351,419.1665,214714,214745,31
101,0,blank,0,66.5227,422.7417,214835,214866,31
101,0,blank,0,68.4633,440.0755,214926,214956,30
101,0,blank,0,78.30465,425.1659,214986,215045,59
101,0,blank,0,70.92695,433.8151,215076,215137,61
101,0,blank,0,76.6402,423.5491,215197,215227,30
101,0,blank,0,61.047,441.5142,215258,215288,30
101,0,blank,0,65.558475,417.65345,215496,215617,121
101,0,blank,0,69.91565,431.67825,215708,215771,63
101,0,blank,0,82.0828,439.2263,215863,215893,30
101,0,blank,0,70.9800166666667,427.773783333333,215924,216108,184
101,0,blank,0,74.4428666666667,428.417633333333,216108,216298,190
101,0,blank,0,70.5123,432.2944,216298,216329,31
101,0,blank,0,73.7499,425.75696,216360,216520,160
101,0,blank,0,77.0046666666667,435.573966666667,216553,216647,94
101,0,blank,0,66.5352,444.21165,216711,216773,62
101,0,blank,0,76.0777666666667,435.6653,216805,216990,185
101,0,blank,0,72.9297,430.5171,216990,217021,31
101,0,blank,0,37.1738333333333,443.268833333333,217053,217147,94
101,0,blank,0,44.5584666666667,448.4595,217178,217272,94
101,0,blank,0,45.08065,439.5919,217366,217430,64
101,0,blank,0,32.37895,436.80995,217462,217524,62
101,0,blank,0,40.5414,447.329183333333,217586,217767,181
101,0,blank,0,38.92565,454.3947,217799,217860,61
101,0,blank,0,42.6198666666667,439.604566666667,217890,217982,92
101,0,blank,0,39.7866,439.7317,218013,218043,30
101,0,blank,0,54.15645,447.49095,218136,218199,63
101,0,blank,0,37.74315,440.40435,218229,218290,61
101,0,blank,0,35.8506,433.747,218381,218411,30
101,0,blank,0,60.0958,438.37225,218503,218564,61
101,0,blank,0,46.3247,448.9821,218626,218656,30
101,0,blank,0,53.0135,436.8265,218748,218809,61
101,0,blank,0,53.65735,438.103,218902,218964,62
101,0,blank,0,53.3864,441.74494,219025,219179,154
101,0,blank,0,65.1998,427.7647,219210,219241,31
101,0,blank,0,56.73195,447.5404,219424,219486,62
101,25,},159,45.83935,453.07935,219547,219609,62
101,0,blank,0,50.0204,443.4968,219639,219669,30
101,25,},159,44.6595,457.8151,219701,219733,32
101,25,},159,48.324,454.38005,219918,219979,61
101,0,blank,0,54.50285,448.133425,220010,220133,123
101,0,blank,0,54.9645833333333,454.66695,220166,220350,184
101,0,blank,0,55.6621666666667,452.067416666667,220350,220542,192
101,25,},159,50.0652,454.94552,220542,220701,159
101,0,blank,0,51.6141333333333,443.0289,220732,220920,188
101,25,},159,50.9405,450.17865,220920,220982,62
101,0,blank,0,51.2428166666667,444.672616666667,221045,221231,186
101,25,},159,50.37775,457.2351,221231,221294,63
101,0,blank,0,43.2957,453.1614,221356,221387,31
101,0,blank,0,60.5067,456.162,221451,221483,32
101,0,blank,0,56.1259333333333,463.500316666667,221549,221737,188
101,0,blank,0,-350,-105,221800,221929,129
101,0,blank,0,65.56065,435.8361,221979,222029,50
101,0,blank,0,59.9036666666667,433.409466666667,222061,222154,93
101,0,blank,0,64.9635,442.28755,222216,222277,61
101,0,blank,0,62.9375,435.4246,222308,222338,30
101,0,blank,0,64.6118,432.19675,222489,222549,60
101,0,blank,0,55.9922,454.0165,223219,223319,100
101,0,blank,0,58.4755,462.2576,223392,223425,33
101,0,blank,0,56.7641,470.3662,223610,223640,30
101,0,blank,0,60.817675,451.483725,223793,223917,124
101,0,blank,0,58.7413666666667,467.7625,223948,224040,92
101,0,blank,0,65.0657333333333,464.810516666667,224072,224261,189
101,0,blank,0,66.6975,464.60415,224261,224324,63
101,0,blank,0,56.56085,463.8885,224355,224418,63
101,25,},159,52.51345,461.4004,224482,224545,63
101,0,blank,0,57.7968166666667,465.96165,224576,224767,191
101,25,},159,52.1687,462.1478,224767,224799,32
101,0,blank,0,54.086725,472.93275,224831,224958,127
101,0,blank,0,59.9715,471.503166666667,225022,225215,193
101,0,blank,0,61.6670166666667,472.632283333333,225215,225407,192
101,0,blank,0,56.7998,469.3743,225407,225503,96
101,0,blank,0,64.54715,471.55705,225535,225599,64
101,0,blank,0,-350,-105,225663,225798,135
101,0,blank,0,72.6358666666667,436.541366666667,225940,226122,182
101,0,blank,0,73.5247,431.6053,226122,226153,31
101,0,blank,0,83.3732,432.2269,226184,226215,31
101,0,blank,0,81.3502333333333,447.242966666667,226245,226337,92
101,0,blank,0,97.652,449.7063,226517,226547,30
101,24,i,156,85.5578,443.4825,226637,226667,30
101,23,num1,145,92.0522,421.9687,226697,226727,30
101,0,blank,0,72.1423,446.6509,226819,226849,30
101,0,blank,0,118.6887,395.71425,227273,227335,62
101,0,blank,0,98.9028,427.9854,227457,227488,31
101,0,blank,0,120.5347,394.1904,227548,227579,31
101,23,num1,145,101.19795,416.273125,227821,227944,123
101,23,num1,145,106.03255,424.72635,227975,228035,60
101,23,num1,145,103.86545,420.53045,228159,228221,62
101,0,blank,0,107.14195,429.89165,228343,228405,62
101,0,blank,0,104.1803,429.4235,228465,228496,31
101,0,blank,0,109.7977,430.213025,228526,228648,122
101,24,++,157,104.7828,437.1844,228679,228710,31
101,24,++,157,107.457683333333,436.262983333333,228771,228957,186
101,0,blank,0,101.3107,448.50855,228989,229051,62
101,0,blank,0,103.478,430.9138,229081,229112,31
101,24,++,157,102.181166666667,437.349966666667,229173,229358,185
101,24,;,158,119.016,436.2013,229451,229482,31
101,24,++,157,102.769133333333,436.157166666667,229512,229696,184
101,24,;,158,115.409275,435.78325,229696,229819,123
101,24,;,158,117.663575,438.991925,229975,230100,125
101,24,;,158,120.8133,442.3034,230379,230441,62
101,0,blank,0,116.9886,451.7866,230503,230534,31
101,0,blank,0,130.9154,432.649,230625,230656,31
101,0,blank,0,117.835,453.4702,230929,230962,33
101,0,blank,0,119.11995,450.0561,231143,231204,61
101,0,blank,0,121.12265,448.167233333333,231358,231541,183
101,0,blank,0,128.2529,459.538,231541,231572,31
101,0,blank,0,118.9278,450.1293,231633,231664,31
101,0,blank,0,127.9755,457.2885,231695,231725,30
101,0,blank,0,119.64465,455.23375,231786,231909,123
101,0,blank,0,120.1797,462.5991,231971,232002,31
101,0,blank,0,112.2802,446.62395,232033,232094,61
101,0,blank,0,119.87705,455.30345,232125,232187,62
101,0,blank,0,118.66035,457.051725,232218,232341,123
101,0,blank,0,120.240175,452.25505,232403,232527,124
101,0,blank,0,132.96865,454.49335,232558,232745,187
101,0,blank,0,127.7548,450.6655,232745,232808,63
101,0,blank,0,136.3026,457.684,232870,232901,31
101,0,blank,0,120.1825,449.6723,232932,232963,31
101,0,blank,0,125.207133333333,461.416733333333,232994,233085,91
101,0,blank,0,123.509966666667,462.2509,233117,233209,92
101,0,blank,0,129.9558,453.5227,233241,233302,61
101,0,blank,0,114.4187,449.261,233363,233394,31
101,0,blank,0,129.4788,462.4409,233456,233487,31
101,0,blank,0,129.9871,458.436066666667,233518,233707,189
101,0,blank,0,126.325683333333,462.897483333333,233707,233894,187
101,0,blank,0,127.613716666667,459.88885,233894,234081,187
101,0,blank,0,137.9181,457.429233333333,234081,234172,91
101,0,blank,0,139.2422,465.9452,234262,234294,32
101,0,blank,0,142.0316,456.0853,234325,234386,61
101,0,blank,0,141.8344,461.9011,234447,234571,124
101,0,blank,0,149.131066666667,474.1066,234602,234695,93
101,0,blank,0,140.0038,473.9068,234726,234757,31
101,0,blank,0,150.6893,465.006533333333,234788,234881,93
101,0,blank,0,137.3964,461.0132,234912,234943,31
101,0,blank,0,148.0224,467.1106,235036,235067,31
101,0,blank,0,141.575066666667,461.718533333333,235254,235348,94
101,0,blank,0,148.9768,453.451633333333,235505,235599,94
101,0,blank,0,141.9123,463.9957,235725,235756,31
101,0,blank,0,146.42485,454.286283333333,235788,235977,189
101,0,blank,0,145.8119,460.6583,235977,236008,31
101,0,blank,0,151.3557,441.9972,236278,236308,30
101,0,blank,0,127.1297,437.2092,236403,236434,31
101,0,blank,0,134.97842,443.58342,236526,236682,156
101,0,blank,0,132.071,451.502,236713,236744,31
101,0,blank,0,137.671025,447.950925,236806,236929,123
101,0,blank,0,136.7932,456.5964,237111,237171,60
101,0,blank,0,131.8913,439.7435,237232,237263,31
101,0,blank,0,150.1491,460.8299,237292,237322,30
101,0,blank,0,147.3784,443.5423,237353,237383,30
101,0,blank,0,140.1553,449.49165,237445,237507,62
101,0,blank,0,137.037266666667,441.803333333333,237601,237694,93
101,0,blank,0,149.139166666667,436.733733333333,237724,237818,94
101,0,blank,0,133.3738,453.0852,237849,237879,30
101,0,blank,0,149.528816666667,453.6617,237910,238095,185
101,0,blank,0,147.1698,447.0436,238095,238126,31
101,0,blank,0,147.071,454.301683333333,238188,238373,185
101,0,blank,0,150.08965,457.9963,238436,238499,63
101,0,blank,0,158.571,455.53465,238562,238626,64
101,0,blank,0,165.471083333333,457.723733333333,238657,238847,190
101,0,blank,0,157.6997,450.899016666667,238879,239066,187
101,0,blank,0,152.2414,443.0171,239159,239252,93
101,0,blank,0,145.8236,450.2444,239345,239375,30
101,0,blank,0,153.71015,431.2849,239437,239498,61
101,0,blank,0,156.713,431.35795,239529,239591,62
101,0,blank,0,163.5941,454.7159,239685,239716,31
101,0,blank,0,153.406433333333,457.733,239778,239872,94
101,0,blank,0,161.7066,450.4865,239935,239968,33
101,0,blank,0,158.2227,449.2195,240062,240094,32
101,0,blank,0,158.4546,455.6487,240156,240188,32
101,0,blank,0,159.872016666667,455.0426,240250,240433,183
101,0,blank,0,156.001675,461.8235,240433,240556,123
101,0,blank,0,157.873866666667,458.550533333333,240683,240778,95
101,0,blank,0,160.26335,465.9708,240810,240874,64
101,0,blank,0,149.2991,459.79045,241034,241098,64
101,0,blank,0,157.068233333333,456.934216666667,241130,241318,188
101,0,blank,0,161.9044,461.2147,241318,241350,32
101,0,blank,0,159.4976,453.296933333333,241412,241508,96
101,0,blank,0,161.452433333333,454.819566666667,241539,241727,188
101,0,blank,0,159.5517,446.09825,241758,241947,189
101,0,blank,0,157.3714,467.4883,241980,242011,31
101,0,blank,0,166.30045,447.45035,242042,242104,62
101,0,blank,0,171.330566666667,447.5807,242200,242295,95
101,0,blank,0,169.4356,461.94155,242326,242389,63
101,0,blank,0,157.7765,451.041866666667,242420,242514,94
101,0,blank,0,170.7929,454.8824,242550,242581,31
101,0,blank,0,-350,-105,242644,242828,184
101,0,blank,0,-350,-105,242828,242870,42
101,32,<,196,191.2785,606.5192,242983,243014,31
101,0,blank,0,199.3731,611.569,243076,243107,31
101,32,26,197,208.7294,604.2901,243169,243199,30
101,0,blank,0,198.6011,606.3202,243290,243348,58
101,0,blank,0,212.2496,598.0844,243789,243820,31
101,0,blank,0,194.39155,609.96085,244058,244117,59
101,32,<,196,191.1544,602.1484,244536,244567,31
101,0,blank,0,304.352,644.1567,245060,245090,30
101,0,blank,0,303.2846,661.0525,245333,245363,30
101,0,blank,0,474.7745,763.743,245580,245611,31
101,0,blank,0,509.3,765.7783,245916,245947,31
101,0,blank,0,489.413,789.2794,245979,246010,31
101,0,blank,0,473.8708,792.6293,246104,246134,30
101,0,blank,0,542.3888,-103.9932,246352,246383,31
101,0,blank,0,265.96955,387.40015,246570,246633,63
101,0,blank,0,282.895,377.3412,246665,246695,30
101,21,),143,284.056466666667,378.837566666667,246977,247068,91
101,0,blank,0,305.884333333333,360.369766666667,247187,247274,87
101,0,blank,0,214.2369,381.2919,247423,247454,31
101,21,0,142,248.4486,368.7172,247484,247514,30
101,0,blank,0,232.2559,396.2775,247573,247604,31
101,0,blank,0,236.3434,372.2528,247725,247755,30
101,0,blank,0,249.5394,359.3495,247785,247816,31
101,0,blank,0,240.92875,360.1395,247877,247938,61
101,21,!=,141,233.3681,360.0547,247998,248027,29
101,0,blank,0,313.9981,373.7139,248147,248176,29
101,0,blank,0,309.8681,380.7383,248985,249014,29
101,0,blank,0,261.61695,385.2271,249044,249103,59
101,21,0,142,261.8077,379.6854,249103,249293,190
101,0,blank,0,265.0424,392.8097,249293,249326,33
101,21,0,142,265.87145,379.2032,249640,249698,58
101,0,blank,0,258.51955,395.3151,249904,249963,59
101,21,0,142,263.1697,379.028,249992,250022,30
101,0,blank,0,245.8126,396.9303,250291,250321,30
101,0,blank,0,228.1389,382.8336,250441,250472,31
101,21,!=,141,221.1364,371.1177,250532,250563,31
101,0,blank,0,234.675,380.548,250715,250745,30
101,21,!=,141,229.1579,369.2267,250776,250806,30
101,21,!=,141,222.02035,380.6906,250896,250955,59
101,21,!=,141,226.8716,374.2534,251014,251073,59
101,0,blank,0,189.1818,400.4634,251279,251309,30
101,23,[,148,197.4103,416.705,251605,251635,30
101,0,blank,0,203.05225,395.4936,251664,251724,60
101,0,blank,0,187.35275,430.5485,251901,251959,58
101,23,[,148,197.5151,410.9554,251988,252017,29
101,0,blank,0,196.52035,403.00175,252136,252195,59
101,0,blank,0,194.4313,410.8442,252253,252283,30
101,23,array1,147,135.657533333333,423.874533333333,252517,252603,86
101,0,blank,0,126.1349,440.397,252632,252662,30
101,0,blank,0,131.9923,403.82395,252691,252749,58
101,23,++,154,293.0795,424.7094,252953,252982,29
101,0,blank,0,-350,-105,253221,255982,2761
101,0,blank,0,-350,-105,255982,256127,145
101,0,blank,0,-350,-105,256127,256186,59
101,0,blank,0,131.8206,435.0129,256223,256236,13
101,0,blank,0,123.602325,443.11955,256266,256385,119
101,24,++,157,113.314766666667,434.161366666667,256415,256506,91
101,0,blank,0,112.184533333333,450.534166666667,256566,256655,89
101,0,blank,0,128.4792,438.7855,256714,256744,30
101,24,++,157,109.8105,443.4963,256773,256803,30
101,0,blank,0,113.0598,447.4729,256952,256982,30
101,23,[,148,126.0303,424.2316,257044,257076,32
101,0,blank,0,126.1942,443.8691,257167,257197,30
101,0,blank,0,109.395,446.2091,257412,257442,30
101,24,;,158,118.9579,434.687333333333,257533,257624,91
101,24,++,157,112.8201,445.6385,257714,257746,32
101,24,;,158,115.3755,440.477,257777,257838,61
101,24,++,157,110.3645,434.55178,258050,258201,151
101,0,blank,0,127.3701,461.7295,258263,258295,32
101,0,blank,0,139.6573,489.8914,258356,258386,30
101,0,blank,0,133.18085,478.34625,258448,258573,125
101,0,blank,0,144.024066666667,488.503533333333,258633,258726,93
101,0,blank,0,138.0045,483.5409,258757,258788,31
101,0,blank,0,138.6338,481.1165,258972,259003,31
101,0,blank,0,153.2696,482.0568,259094,259124,30
101,27,array2,166,141.9109,500.3115,259549,259579,30
101,0,blank,0,161.6053,485.7273,259640,259670,30
101,27,array2,166,154.663,503.04415,259760,259820,60
101,27,array2,166,142.6521,499.6262,260179,260209,30
101,27,array2,166,157.57495,494.68325,260387,260449,62
101,0,blank,0,230.8346,480.70375,260507,260566,59
101,0,blank,0,212.2979,507.9877,260597,260626,29
101,27,array2,166,173.8257,508.61442,261015,261164,149
101,0,blank,0,122.8758,522.313,261312,261341,29
101,0,blank,0,146.8084,515.2883,261430,261459,29
101,0,blank,0,130.9439,517.0987,261813,261842,29
101,0,blank,0,132.35515,517.3669,262075,262133,58
101,0,blank,0,83.6008,527.4005,262342,262372,30
101,29,num2,174,86.6609,554.6369,262492,262525,33
101,29,num2,174,107.1143,545.7648,262555,262585,30
101,29,num2,174,115.2694,547.8943,262740,262771,31
101,29,num2,174,109.73385,551.2867,262834,262896,62
101,29,num2,174,110.136,539.4142,262985,263016,31
101,29,num2,174,110.77205,539.2091,263075,263135,60
101,29,num2,174,113.0458,539.7866,263653,263683,30
101,0,blank,0,112.633,532.6661,263812,263921,109
101,0,blank,0,121.2588,533.2251,263921,264112,191
101,0,blank,0,152.97275,525.9814,264182,264242,60
101,29,array2,176,167.7341,551.9242,264363,264393,30
101,27,array2,166,166.4051,499.1697,264454,264484,30
101,29,array2,176,146.3119,548.1663,264515,264545,30
101,29,array2,176,155.2533,552.3312,264606,264636,30
101,0,blank,0,158.5857,558.1253,264696,264727,31
101,29,array2,176,170.1141,540.5938,264758,264788,30
101,0,blank,0,169.4315,527.5921,264851,264883,32
101,29,array2,176,162.2006,550.1454,265036,265066,30
101,27,[,167,178.8271,512.3077,265332,265362,30
101,29,array2,176,178.0147,553.2651,265508,265538,30
101,29,array2,176,186.1633,537.0262,266068,266099,31
101,29,array2,176,139.1234,546.54845,266487,266547,60
101,0,blank,0,148.9175,565.5176,266639,266668,29
101,29,array2,176,135.55515,554.3688,266936,266996,60
101,0,blank,0,147.3146,519.8251,267144,267173,29
101,0,blank,0,108.8397,533.2952,267232,267262,30
101,0,blank,0,104.3435,530.8414,267380,267410,30
101,29,num2,174,106.4719,549.8712,267441,267471,30
101,0,blank,0,103.8187,526.7721,267501,267531,30
101,27,array2,166,139.05415,496.3579,267561,267621,60
101,27,array2,166,129.39895,509.68235,267650,267713,63
101,29,array2,176,136.3588,542.90045,267776,267837,61
101,0,blank,0,-350,-105,268112,268308,196
101,0,blank,0,-350,-105,268308,268547,239
101,0,blank,0,-350,-105,268547,268722,175
101,0,blank,0,-350,-105,268722,268903,181
101,0,blank,0,-350,-105,268903,269098,195
101,0,blank,0,-350,-105,269098,269286,188
101,0,blank,0,-350,-105,269286,269452,166
101,0,blank,0,-350,-105,269452,269591,139
101,0,blank,0,-350,-105,269591,269697,106
101,21,!=,141,218.86425,360.57725,269970,270031,61
101,20,{,127,201.3624,356.9232,270120,270177,57
101,0,blank,0,236.3804,339.3036,270596,270626,30
101,0,blank,0,214.2131,369.4298,270713,270743,30
101,0,blank,0,-350,-105,270979,271139,160
101,0,blank,0,248.8651,359.6211,271316,271343,27
101,0,blank,0,213.7169,390.1049,272573,272604,31
101,0,blank,0,248.6757,435.7039,272720,272748,28
101,0,blank,0,264.29265,429.05125,272806,272865,59
101,0,blank,0,250.2479,398.7543,272895,272924,29
101,0,blank,0,266.2529,427.2847,273188,273217,29
101,23,a,152,256.1107,412.77525,273277,273334,57
101,23,a,152,270.0914,418.1946,273507,273536,29
101,0,blank,0,237.9063,394.722,273708,273737,29
101,21,!=,141,222.8668,366.6836,274111,274140,29
101,0,blank,0,326.2547,428.5253,274400,274427,27
101,0,blank,0,329.3879,429.9404,274487,274516,29
101,0,blank,0,304.8649,393.6988,274602,274631,29
101,0,blank,0,325.2143,437.8678,274689,274717,28
101,0,blank,0,326.945,368.7411,274806,274834,28
101,20,],125,317.2247,343.3577,274978,275008,30
101,0,blank,0,356.9911,329.2547,275179,275209,30
101,0,blank,0,372.8765,320.7345,275323,275351,28
101,0,blank,0,335.3631,386.737,275613,275642,29
101,0,blank,0,327.5106,400.0156,275992,276019,27
101,0,blank,0,-350,-105,276222,276420,198
101,0,blank,0,334.4993,420.5276,276527,276554,27
101,0,blank,0,373.6785,480.6337,277061,277090,29
101,0,blank,0,344.8876,432.0612,277177,277206,29
101,0,blank,0,346.1194,427.8283,277468,277497,29
101,0,blank,0,377.4135,486.1058,277758,277787,29
101,0,blank,0,358.473766666667,468.6806,277995,278085,90
101,23,;,155,321.4176,406.0049,278349,278378,29
101,0,blank,0,185.3925,443.4418,278903,278933,30
101,0,blank,0,279.4196,455.7181,279077,279107,30
101,0,blank,0,320.9942,427.2934,279713,279742,29
101,0,blank,0,374.84,617.4049,280236,280267,31
101,0,blank,0,394.66895,569.0237,280864,280922,58
101,0,blank,0,338.5278,446.1545,281819,281848,29
101,0,blank,0,266.5416,441.3519,282657,282687,30
101,0,blank,0,279.6409,427.034,282880,282905,25
101,20,[,123,290.0118,342.659,283225,283254,29
101,0,blank,0,331.1501,455.9719,283720,283750,30
101,0,blank,0,334.5818,470.6767,283809,283838,29
101,0,blank,0,281.1177,528.6037,285101,285128,27
101,0,blank,0,-350,-105,286061,286195,134
101,0,blank,0,-350,-105,286273,286351,78
101,0,blank,0,-350,-105,286440,286495,55
101,0,blank,0,198.6599,461.7625,288147,288178,31
101,0,blank,0,247.98725,396.82155,288330,288391,61
101,0,blank,0,324.2363,373.247633333333,288541,288632,91
101,0,blank,0,425.475,330.8477,288842,288872,30
101,20,i,131,412.7141,339.8683,288933,288963,30
101,21,0,142,251.9409,370.3206,289234,289265,31
101,0,blank,0,232.5322,389.4207,289508,289539,31
101,21,!=,141,228.3272,373.82605,289662,289722,60
101,21,0,142,249.9217,368.3403,289753,289784,31
101,20,[,123,288.4937,358.0914,290146,290176,30
101,20,num2,122,246.0037,355.0687,290267,290294,27
101,0,blank,0,232.35495,354.1239,290326,290383,57
101,20,0,133,205.1104,344.9093,290473,290503,30
101,0,blank,0,229.286,359.7841,290533,290563,30
101,0,blank,0,-350,-105,290714,290874,160
101,21,0,142,247.99985,374.701,290968,291019,51
101,0,blank,0,210.990966666667,377.162833333333,291109,291201,92
101,21,!=,141,219.7394,360.1118,291355,291385,30
101,0,blank,0,306.7695,429.2502,291595,291625,30
101,20,num2,122,267.8401,341.1283,291862,291891,29
101,0,blank,0,-350,-105,292156,292340,184
101,0,blank,0,342.9931,409.3046,292367,292393,26
101,0,blank,0,303.8509,360.0673,292445,292495,50
101,0,blank,0,-350,-105,293184,293369,185
101,0,blank,0,202.2599,384.7881,293595,293625,30
101,21,i,139,188.0998,363.4535,293688,293717,29
101,23,],153,215.4151,407.06995,293747,293810,63
101,0,blank,0,282.9196,430.4954,294114,294145,31
101,0,blank,0,-350,-105,294325,294509,184
101,0,blank,0,-350,-105,294509,294625,116
101,20,num2,122,246.4611,354.9024,294654,294672,18
101,0,blank,0,-350,-105,295212,295395,183
101,0,blank,0,-350,-105,295395,295526,131
101,29,i,178,207.5376,538.6559,296951,296980,29
101,0,blank,0,-350,-105,298166,298224,58
101,0,blank,0,304.10395,479.15265,299558,299619,61
101,27,),172,288.3454,500.42125,299802,299864,62
101,0,blank,0,306.336166666667,494.854433333333,299925,300017,92
101,0,blank,0,296.5997,504.2184,300225,300255,30
101,0,blank,0,327.0298,497.9283,301130,301161,31
101,0,blank,0,207.9526,487.8641,301590,301620,30
101,0,blank,0,318.2007,454.167,302222,302286,64
101,0,blank,0,-350,-105,303737,303818,81
101,0,blank,0,146.6465,483.6071,304477,304508,31
101,0,blank,0,176.4089,515.7053,305511,305540,29
101,27,array2,166,171.5163,503.5214,305628,305659,31
101,0,blank,0,225.0504,521.7026,305953,305983,30
101,21,array1,137,142.8276,368.659,306253,306285,32
101,20,{,127,201.5428,356.7504,306548,306578,30
101,0,blank,0,355.5492,321.4472,307731,307760,29
101,0,blank,0,465.2427,442.4216,308340,308367,27
101,20,0,133,444.65395,341.4792,308453,308513,60
101,0,blank,0,247.6144,518.5369,309265,309295,30
101,29,a,181,259.174166666667,542.014366666667,309384,309473,89
101,0,blank,0,221.4265,491.951,309534,309564,30
101,0,blank,0,236.53075,471.86435,309772,309830,58
101,0,blank,0,-350,-105,310544,310701,157
101,0,blank,0,322.8485,412.4886,311405,311470,65
101,0,blank,0,420.892,603.3696,311591,311625,34
101,0,blank,0,314.9935,433.7301,313241,313319,78
101,0,blank,0,-350,-105,315487,315514,27
101,29,],182,218.9006,539.1416,315938,315997,59
101,0,blank,0,401.7772,620.9797,316481,316510,29
101,0,blank,0,444.038,626.8046,316977,317006,29
101,0,blank,0,-350,-105,317091,317118,27
101,0,blank,0,-350,-105,317169,317224,55
101,0,blank,0,-350,-105,317415,317445,30
101,0,blank,0,-350,-105,317497,317553,56
101,0,blank,0,-350,-105,317960,318153,193
101,0,blank,0,-350,-105,318153,318333,180
101,0,blank,0,-350,-105,318333,318525,192
101,0,blank,0,-350,-105,318525,318670,145
101,0,blank,0,-350,-105,318670,318816,146
101,32,i,199,244.7654,610.0751,319394,319424,30
101,0,blank,0,198.2248,586.0282,319455,319486,31
101,0,blank,0,-350,-105,319748,319936,188
101,0,blank,0,-350,-105,319936,320112,176
101,32,i,199,252.3577,619.5617,320507,320566,59
101,0,blank,0,179.8616,629.127,322073,322103,30
101,0,blank,0,129.70015,638.33995,322261,322321,60
101,0,blank,0,141.5048,599.0922,322381,322412,31
101,0,blank,0,97.2773,636.01135,322653,322712,59
101,0,blank,0,79.0791,654.8538,322802,322831,29
101,0,blank,0,47.3087,650.0794,323486,323515,29
101,0,blank,0,-350,-105,323665,323815,150
101,0,blank,0,128.1771,640.4031,324139,324169,30
101,0,blank,0,-350,-105,324501,324687,186
101,0,blank,0,-350,-105,324687,324877,190
101,0,blank,0,-350,-105,324877,324963,86
101,0,blank,0,-350,-105,324963,325173,210
101,0,blank,0,-350,-105,325173,325338,165
101,0,blank,0,-350,-105,325338,325415,77
101,0,blank,0,279.3134,630.6155,325622,325652,30
101,0,blank,0,-350,-105,326378,326464,86
101,0,blank,0,131.7126,579.4401,326925,326986,61
101,0,blank,0,82.1271,601.2785,327266,327296,30
101,0,blank,0,200.7275,601.7706,327644,327674,30
101,0,blank,0,187.8307,592.7096,327861,327892,31
101,32,<,196,184.1494,618.73915,327923,327987,64
101,32,;,198,226.0759,617.56185,328112,328173,61
101,0,blank,0,128.738,618.2999,328267,328297,30
101,0,blank,0,121.7132,626.3304,328509,328540,31
101,0,blank,0,124.7555,638.855,328662,328692,30
101,32,;,198,147.5752,609.9119,328724,328755,31
101,0,blank,0,126.295,611.829,328818,328847,29
101,0,blank,0,835.58,452.1641,329120,329150,30
101,0,blank,0,1032.217,352.0396,329689,329720,31
101,0,blank,0,1021.255,373.5675,329993,330022,29
101,0,blank,0,1021.218,328.3665,330113,330144,31
101,0,blank,0,1011.995,361.6606,330174,330204,30
101,0,blank,0,1001.957,662.5381,330327,330358,31
101,0,blank,0,1022.443,667.3662,330601,330632,31
102,0,blank,0,274.945425,603.809675,331034,331154,120
102,0,blank,0,246.3834,593.509,331277,331308,31
102,34,num2,210,265.9571,615.3776,331339,331371,32
102,0,blank,0,-350,-105,331464,331600,136
102,34,num2,210,266.6626,618.2998,332551,332582,31
102,0,blank,0,-350,-105,332742,332939,197
102,0,blank,0,-350,-105,332939,333137,198
102,0,blank,0,-350,-105,333137,333202,65
102,0,blank,0,-350,-105,333202,333467,265
102,0,blank,0,-350,-105,333467,333529,62
102,34,i,212,175.9426,602.8063,333795,333826,31
102,0,blank,0,227.0778,605.0042,334032,334061,29
102,0,blank,0,185.6948,542.4802,337411,337440,29
102,0,blank,0,-350,-105,338678,338830,152
102,0,blank,0,262.6678,576.995,338856,338882,26
102,0,blank,0,194.5902,621.7274,339310,339338,28
102,0,blank,0,-350,-105,339622,339806,184
102,0,blank,0,-350,-105,339806,339985,179
102,0,blank,0,-350,-105,339985,340076,91
102,0,blank,0,-350,-105,340076,340187,111
102,0,blank,0,-350,-105,340187,340520,333
102,0,blank,0,308.2325,632.1584,341323,341352,29
102,0,blank,0,280.3049,626.9003,341380,341408,28
102,0,blank,0,255.04,628.691,341607,341636,29
102,0,blank,0,280.6945,627.5861,341777,341806,29
102,0,blank,0,283.4657,619.1566,342149,342177,28
102,0,blank,0,279.1605,639.0902,342290,342318,28
102,0,blank,0,321.2875,645.3163,342347,342375,28
102,0,blank,0,312.969266666667,636.771966666667,342403,342487,84
102,0,blank,0,356.4055,620.1255,342603,342631,28
102,0,blank,0,301.3726,598.6492,342748,342777,29
102,34,[,211,276.73355,606.6134,342892,342949,57
102,34,],213,299.2224,619.6377,342977,343035,58
102,34,],213,300.3562,612.6334,343207,343235,28
102,0,blank,0,-350,-105,345310,345442,132
102,29,;,184,309.68175,500.44655,346086,346142,56
102,0,blank,0,337.4863,490.6129,346428,346457,29
102,0,blank,0,347.578,470.8613,346514,346542,28
102,0,blank,0,377.1037,482.4083,346570,346599,29
102,0,blank,0,362.3259,494.8372,346686,346715,29
102,0,blank,0,360.585,519.5219,346831,346860,29
102,0,blank,0,355.8682,384.0029,346977,347007,30
102,0,blank,0,350.907866666667,380.610866666667,347097,347184,87
102,0,blank,0,310.1622,350.9637,347414,347442,28
102,0,blank,0,271.4387,410.8147,347838,347866,28
102,0,blank,0,230.1042,364.7942,348154,348183,29
102,0,blank,0,359.8798,379.1133,348983,349012,29
102,0,blank,0,364.9831,375.4987,349099,349127,28
102,0,blank,0,369.8204,375.8473,349241,349270,29
102,0,blank,0,383.3186,401.3139,349385,349413,28
102,0,blank,0,343.4005,394.9791,349698,349726,28
102,0,blank,0,372.4981,404.6734,349895,349924,29
102,0,blank,0,344.2442,372.8743,349981,350010,29
102,0,blank,0,349.0046,386.4007,350040,350069,29
102,0,blank,0,389.0794,415.0894,350269,350297,28
102,0,blank,0,360.5053,379.7496,350470,350499,29
102,0,blank,0,371.6661,407.48,350614,350643,29
102,0,blank,0,347.1182,368.1256,350929,350957,28
102,0,blank,0,332.3784,352.6082,351013,351042,29
102,23,a,152,264.69175,373.6863,351242,351298,56
102,0,blank,0,500.912433333333,218.4252,353255,353344,89
102,0,blank,0,392.898,279.0279,353485,353516,31
102,0,blank,0,366.6935,338.9703,353714,353743,29
102,0,blank,0,348.136,359.9457,353887,353916,29
102,0,blank,0,358.7311,432.8666,354032,354061,29
102,0,blank,0,361.232,431.1144,354147,354176,29
102,0,blank,0,341.5398,516.222,354465,354494,29
102,0,blank,0,369.8562,496.1875,355209,355273,64
102,0,blank,0,343.03635,495.0028,355302,355362,60
102,15,"%sand%sarenotanagrams.\n",87,355.6111,186.1879,355575,355604,29
102,13,"%sand%sareanagrams.\n",77,289.9804,139.7376,355782,355811,29
102,0,blank,0,234.7547,77.1479,356192,356221,29
102,0,blank,0,240.6667,83.0594,356369,356398,29
102,11,find_anagram,62,221.4802,105.747,356427,356456,29
103,0,blank,0,370.4891,114.8284,356699,356731,32
103,0,blank,0,358.5999,129.1785,356759,356790,31
103,0,blank,0,327.4946,82.8082,356820,356850,30
103,5,],35,330.1707,96.0132,357092,357122,30
103,0,blank,0,359.7525,142.2517,357243,357274,31
103,0,blank,0,238.8284,127.2794,357303,357332,29
104,0,blank,0,419.0742,212.4268,358646,358673,27
104,0,blank,0,415.8644,201.1423,358876,358905,29
105,0,blank,0,462.9108,249.1025,359972,360001,29
105,0,blank,0,377.1475,351.4732,360774,360802,28
105,0,blank,0,-350,-105,361062,361241,179
105,0,blank,0,471.7778,259.9803,361895,361926,31
105,0,blank,0,505.4211,178.0801,362302,362330,28
105,0,blank,0,572.8279,121.4061,363058,363084,26
105,0,blank,0,263.4731,90.881,363667,363698,31
105,13,"%sand%sareanagrams.\n",77,255.02945,148.5345,363790,363850,60
105,11,find_anagram,62,190.5154,96.447,364531,364559,28
105,0,blank,0,205.2232,121.40315,364588,364647,59
105,9,"Enteranotherstring\n",52,248.6224,56.5074,364822,364881,59
105,0,blank,0,309.3322,45.2777,364992,365022,30
105,7,"Enterthestring\n",42,289.59055,23.8954,365109,365167,58
105,0,blank,0,214.8108,281.4344,366042,366111,69
105,18,],109,305.8757,264.5944,367011,367039,28
105,0,blank,0,306.7573,238.0945,367067,367096,29
105,0,blank,0,465.3675,327.0158,367974,368002,28
105,18,[,108,451.1359,266.7852,368030,368058,28
105,0,blank,0,478.601,283.0418,368086,368114,28
105,0,blank,0,484.0347,299.7667,368257,368287,30
105,18,array2,107,419.3405,267.6745,368815,368844,29
105,18,array2,107,407.006033333333,252.2955,368932,369020,88
105,0,blank,0,367.436,212.0293,369138,369169,31
105,0,blank,0,282.7564,229.819,369289,369319,30
105,0,blank,0,252.225,202.8661,369668,369697,29
105,0,blank,0,236.6171,207.035,369784,369813,29
105,15,"%sand%sarenotanagrams.\n",87,265.0889,200.3777,369871,369901,30
105,15,"%sand%sarenotanagrams.\n",87,342.50216,192.49818,370278,370427,149
105,15,"%sand%sarenotanagrams.\n",87,327.43825,192.7894,370488,370547,59
105,0,blank,0,396.3575,207.8004,370754,370783,29
105,15,"%sand%sarenotanagrams.\n",87,396.8109,186.5713,370900,370930,30
105,0,blank,0,381.9066,163.2408,371020,371050,30
105,0,blank,0,304.723966666667,230.658066666667,371290,371378,88
105,0,blank,0,296.0275,211.639,371436,371465,29
105,0,blank,0,293.5064,210.4875,371641,371671,30
105,0,blank,0,296.4875,202.9721,371787,371816,29
105,0,blank,0,294.2488,209.3414,371845,371874,29
105,0,blank,0,-350,-105,372048,372203,155
105,0,blank,0,303.1795,214.1655,372336,372361,25
105,15,"%sand%sarenotanagrams.\n",87,303.1376,188.37245,372388,372447,59
105,0,blank,0,292.43665,215.55355,372506,372564,58
105,0,blank,0,351.2307,180.5418,373165,373194,29
105,18,char,106,362.8072,247.4529,373223,373252,29
105,15,"%sand%sarenotanagrams.\n",87,338.9249,197.9232,373339,373367,28
105,0,blank,0,315.7202,219.2957,373453,373481,28
105,15,"%sand%sarenotanagrams.\n",87,294.4812,183.6597,373509,373537,28
105,15,"%sand%sarenotanagrams.\n",87,309.3803,198.9176,373624,373681,57
105,0,blank,0,293.2692,204.8165,373941,373970,29
105,0,blank,0,289.9073,205.4501,374028,374057,29
105,15,"%sand%sarenotanagrams.\n",87,290.3524,194.4878,374145,374203,58
105,0,blank,0,292.54122,219.1834,374232,374378,146
105,0,blank,0,357.1658,209.9444,374466,374495,29
105,15,"%sand%sarenotanagrams.\n",87,344.0799,181.3825,374698,374727,29
105,0,blank,0,355.5807,207.5079,374756,374786,30
105,15,"%sand%sarenotanagrams.\n",87,427.7629,186.1628,374963,374992,29
105,0,blank,0,467.3301,191.96495,375344,375404,60
105,0,blank,0,486.1418,213.8739,375580,375609,29
105,15,"%sand%sarenotanagrams.\n",87,437.7203,195.5927,375812,375841,29
105,15,"%sand%sarenotanagrams.\n",87,429.1075,188.7384,376075,376104,29
105,0,blank,0,434.88535,176.76695,376192,376251,59
105,15,"%sand%sarenotanagrams.\n",87,449.9786,196.0408,376310,376339,29
105,15,"%sand%sarenotanagrams.\n",87,295.0879,201.6419,376926,376956,30
105,15,"%sand%sarenotanagrams.\n",87,297.0347,183.6612,377014,377043,29
105,0,blank,0,303.7853,207.9814,377072,377101,29
105,0,blank,0,274.5862,172.0827,377627,377656,29
105,0,blank,0,351.6383,177.5181,378461,378491,30
105,0,blank,0,294.777,166.5296,378847,378877,30
105,15,"%sand%sarenotanagrams.\n",87,290.9434,188.8308,378907,378936,29
105,0,blank,0,310.511733333333,215.8045,379259,379346,87
105,0,blank,0,292.0346,214.3645,379667,379696,29
105,15,"%sand%sarenotanagrams.\n",87,295.09415,201.12885,379754,379812,58
105,0,blank,0,282.4401,170.0664,379870,379899,29
105,0,blank,0,-350,-105,379986,380167,181
105,0,blank,0,-350,-105,380167,380345,178
105,0,blank,0,-350,-105,380345,380521,176
105,0,blank,0,-350,-105,380521,380560,39
105,0,blank,0,-350,-105,380903,381084,181
105,0,blank,0,-350,-105,381084,381160,76
105,0,blank,0,724.987,689.4019,381402,381431,29
105,0,blank,0,-350,-105,382132,382313,181
105,0,blank,0,-350,-105,382313,382493,180
105,0,blank,0,-350,-105,382493,382678,185
105,0,blank,0,-350,-105,382678,382862,184
105,0,blank,0,-350,-105,382862,383047,185
105,0,blank,0,-350,-105,383047,383225,178
105,0,blank,0,-350,-105,383225,383404,179
105,0,blank,0,-350,-105,383404,383584,180
105,0,blank,0,-350,-105,383584,383762,178
105,0,blank,0,-350,-105,383762,383941,179
105,0,blank,0,-350,-105,383941,384123,182
105,0,blank,0,-350,-105,384123,384306,183
105,0,blank,0,-350,-105,384306,384492,186
105,0,blank,0,-350,-105,384492,384673,181
105,0,blank,0,-350,-105,384673,384857,184
105,0,blank,0,-350,-105,384857,385021,164
105,0,blank,0,462.1079,234.5975,385101,385131,30
105,0,blank,0,486.0219,288.0036,385220,385250,30
105,0,blank,0,483.6734,215.2811,385367,385396,29
105,0,blank,0,557.9645,218.1682,385512,385541,29
105,15,array1,89,487.4885,195.2461,386061,386090,29
105,15,"%sand%sarenotanagrams.\n",87,226.963766666667,188.8192,386573,386660,87
105,0,blank,0,175.2554,284.662,386777,386835,58
105,0,blank,0,174.3971,288.3908,386894,386953,59
105,21,!=,141,228.4054,321.4955,387041,387070,29
105,0,blank,0,218.2225,344.5867,387100,387129,29
105,23,++,154,296.72395,374.81375,387275,387334,59
105,23,],153,215.9351,358.7974,387829,387858,29
105,0,blank,0,201.939,390.0483,388037,388067,30
105,0,blank,0,200.954,388.3399,388186,388216,30
105,0,blank,0,-350,-105,388305,388435,130
105,0,blank,0,237.7454,401.3145,388534,388562,28
105,0,blank,0,253.1094,415.3366,388825,388854,29
105,0,blank,0,328.238,308.1795,389617,389646,29
105,0,blank,0,346.668,360.7004,389736,389766,30
105,21,],140,198.5871,331.2331,391008,391037,29
105,0,blank,0,272.0825,344.6074,391125,391153,28
105,21,0,142,272.9691,318.4077,391210,391239,29
105,0,blank,0,345.7631,350.9027,391644,391676,32
105,0,blank,0,-350,-105,392234,392414,180
105,21,0,142,274.6117,325.0428,392450,392494,44
105,0,blank,0,282.006,363.2284,392564,392589,25
105,0,blank,0,301.45755,385.97845,392697,392755,58
105,0,blank,0,342.5217,401.8769,393797,393824,27
105,0,blank,0,395.529,385.7067,394686,394716,30
105,0,blank,0,391.86,419.6145,396048,396077,29
105,0,blank,0,415.5054,447.7642,396132,396160,28
105,0,blank,0,257.013,419.2148,396680,396708,28
105,0,blank,0,230.8134,407.0825,397376,397404,28
105,0,blank,0,179.3978,384.4781,397607,397665,58
105,23,],153,218.1975,368.423,397891,397919,28
105,0,blank,0,265.4614,388.3817,398229,398257,28
105,0,blank,0,274.8609,383.0852,401073,401101,28
105,0,blank,0,290.431,403.3875,401158,401188,30
105,0,blank,0,227.6904,373.6134,401304,401332,28
105,0,blank,0,269.1413,413.6584,402175,402203,28
105,21,0,142,260.4509,327.592,402669,402699,30
105,23,],153,289.60595,362.9306,403100,403162,62
105,23,++,154,300.3573,365.3004,403279,403309,30
105,0,blank,0,364.1636,484.8469,404414,404442,28
105,0,blank,0,302.0304,346.3869,405136,405161,25
105,0,blank,0,303.7965,331.0801,405510,405538,28
105,0,blank,0,-350,-105,405684,405709,25
105,0,blank,0,580.1607,537.6185,405760,405784,24
105,0,blank,0,363.194,373.9206,405976,406033,57
105,0,blank,0,325.6125,374.8421,406266,406296,30
105,0,blank,0,274.1743,337.7975,406849,406913,64
105,23,-,151,237.3405,369.1703,407308,407336,28
105,0,blank,0,273.8391,409.7931,407394,407426,32
105,0,blank,0,268.5461,399.1258,407776,407808,32
105,0,blank,0,361.5641,424.0996,407955,407987,32
105,0,blank,0,360.22495,403.4554,408355,408411,56
105,0,blank,0,322.1302,354.7487,408977,409041,64
105,0,blank,0,322.1135,359.3161,409308,409340,32
105,23,++,154,307.6535,369.0752,409519,409547,28
105,0,blank,0,340.3136,373.4489,409641,409669,28
105,29,;,184,308.0295,505.0187,410450,410478,28
105,0,blank,0,344.5607,549.5683,410619,410647,28
105,0,blank,0,356.7589,549.7822,410769,410794,25
105,0,blank,0,583.8528,617.0944,411031,411062,31
105,0,blank,0,294.4648,546.6321,411581,411610,29
105,0,blank,0,362.309,385.6866,412573,412601,28
105,0,blank,0,416.0042,400.4027,413153,413184,31
105,0,blank,0,244.6865,448.6622,413525,413553,28
105,0,blank,0,247.6809,419.1347,413581,413610,29
105,0,blank,0,202.722,392.1885,413755,413783,28
105,0,blank,0,229.0847,372.0772,414718,414748,30
105,20,{,127,194.7222,311.5378,415047,415077,30
105,21,array1,137,138.6346,326.2602,415535,415563,28
105,23,array1,147,165.85975,365.2782,415621,415680,59
105,21,array1,137,164.8453,314.1358,415709,415738,29
105,0,blank,0,478.9944,491.5486,416117,416147,30
105,0,blank,0,236.4365,333.5204,416229,416258,29
105,23,],153,215.2867,362.8252,417636,417665,29
105,23,i,149,204.3668,369.7293,418076,418105,29
105,0,blank,0,228.2622,365.8094,418193,418222,29
105,0,blank,0,-350,-105,418456,418638,182
105,0,blank,0,-350,-105,418638,418667,29
105,0,blank,0,250.818166666667,341.5865,418828,418917,89
105,0,blank,0,245.5413,332.9876,418976,419006,30
105,23,++,154,297.0626,360.3296,419210,419239,29
105,0,blank,0,334.1173,383.8282,419495,419524,29
105,0,blank,0,338.8887,368.0876,419609,419638,29
105,0,blank,0,-350,-105,419753,419935,182
105,0,blank,0,-350,-105,419935,420114,179
105,0,blank,0,-350,-105,420114,420303,189
105,0,blank,0,-350,-105,420303,420480,177
105,0,blank,0,-350,-105,420480,420657,177
105,0,blank,0,-350,-105,420657,420805,148
105,0,blank,0,1069.3785,345.6576,420831,420879,48
105,0,blank,0,1060.443,373.3922,421513,421543,30
105,0,blank,0,1031.995,411.6362,421907,421937,30
106,0,blank,0,236.7595,90.6165,422509,422540,31
106,0,blank,0,1088.755,215.1001,423601,423631,30
106,0,blank,0,1042.231,250.6031,423928,423959,31
106,0,blank,0,1058.286,265.0008,423988,424018,30
107,0,blank,0,332.2319,535.5601,424527,424556,29
107,0,blank,0,321.6967,515.8613,424586,424615,29
107,0,blank,0,360.5531,556.9943,424673,424702,29
107,0,blank,0,-350,-105,424820,425007,187
107,0,blank,0,-350,-105,425007,425204,197
107,0,blank,0,-350,-105,425204,425381,177
107,0,blank,0,-350,-105,425381,425578,197
107,0,blank,0,-350,-105,425578,425746,168
107,0,blank,0,-350,-105,425746,425888,142
107,0,blank,0,-350,-105,425888,426062,174
107,0,blank,0,-350,-105,426062,426261,199
107,0,blank,0,-350,-105,426261,426452,191
107,0,blank,0,-350,-105,426452,426636,184
107,0,blank,0,-350,-105,426636,426815,179
107,0,blank,0,-350,-105,426815,426988,173
107,0,blank,0,-350,-105,426988,427203,215
107,0,blank,0,-350,-105,427203,427387,184
107,0,blank,0,-350,-105,427387,427443,56
107,0,blank,0,237.3716,461.1316,428844,428905,61
108,0,blank,0,264.8526,410.6844,429144,429173,29
108,0,blank,0,323.4272,354.6377,429379,429411,32
108,0,blank,0,250.7795,395.9253,430369,430397,28
108,0,blank,0,277.6059,392.6528,430541,430570,29
108,0,blank,0,294.6839,405.5686,430628,430686,58
109,0,blank,0,253.6039,375.7204,430889,430918,29
109,23,a,152,272.1632,376.8228,431418,431447,29
109,23,++,154,313.9042,359.3066,431622,431651,29
109,0,blank,0,317.4613,393.053,431738,431767,29
109,23,++,154,306.78695,369.64795,431972,432030,58
109,0,blank,0,320.9008,416.9543,432059,432088,29
109,0,blank,0,282.6182,339.9056,432117,432147,30
109,23,],153,288.5441,360.3468,432320,432349,29
109,0,blank,0,315.2691,418.1493,432378,432406,28
109,0,blank,0,295.85395,393.23065,432869,432927,58
109,0,blank,0,319.4966,385.7596,433600,433630,30
109,23,++,154,311.0973,358.2119,433747,433777,30
109,0,blank,0,306.2819,405.9707,433835,433864,29
109,0,blank,0,361.5032,415.2308,434212,434241,29
109,0,blank,0,325.2017,416.3693,434445,434475,30
109,0,blank,0,327.973,370.6185,434649,434679,30
109,0,blank,0,330.5858,384.0006,434708,434737,29
109,0,blank,0,342.6378,388.573,435201,435259,58
109,0,blank,0,342.0088,360.0212,435318,435348,30
109,0,blank,0,316.9786,352.5378,435436,435465,29
109,0,blank,0,320.0307,388.8082,435612,435642,30
109,0,blank,0,311.6565,393.5843,435701,435730,29
109,23,++,154,313.7178,362.1869,435847,435877,30
109,0,blank,0,357.7209,385.1912,436108,436138,30
109,0,blank,0,336.1891,346.5883,436432,436462,30
109,0,blank,0,337.2629,422.9728,436521,436551,30
109,0,blank,0,350.503475,389.525475,436580,436696,116
109,0,blank,0,357.85195,394.4357,436755,436814,59
109,0,blank,0,-350,-105,436872,436976,104
109,0,blank,0,587.3305,554.5569,437001,437026,25
109,0,blank,0,363.84975,403.6909,437449,437507,58
109,0,blank,0,391.3169,423.812,437740,437769,29
109,0,blank,0,375.5912,402.7642,438058,438088,30
109,0,blank,0,377.5215,408.3804,438146,438175,29
109,0,blank,0,350.8083,350.4645,438292,438322,30
109,0,blank,0,344.0607,390.4013,438526,438555,29
109,0,blank,0,352.1996,375.6566,438613,438642,29
109,0,blank,0,336.0172,412.3936,438671,438700,29
109,0,blank,0,330.2448,375.3407,438879,438909,30
109,0,blank,0,300.7788,420.7923,438969,438998,29
109,0,blank,0,286.5978,415.3983,439057,439086,29
109,0,blank,0,268.5034,393.9615,439293,439322,29
109,0,blank,0,343.32125,490.0115,440216,440276,60
109,0,blank,0,341.5663,495.9449,440366,440395,29
109,0,blank,0,344.6162,489.2576,440515,440545,30
109,0,blank,0,352.80295,485.8704,440663,440723,60
109,0,blank,0,468.2438,785.849666666667,440871,440959,88
109,0,blank,0,477.17145,-103.98125,441135,441194,59
109,0,blank,0,510.206,-103.9777,441224,441254,30
109,0,blank,0,487.206,-103.9841,441283,441312,29
109,0,blank,0,334.6367,476.5443,441609,441639,30
109,0,blank,0,327.3626,457.8149,441787,441817,30
109,0,blank,0,331.6501,465.9735,442020,442049,29
109,0,blank,0,324.9272,477.6152,442136,442165,29
109,0,blank,0,332.9933,490.7809,442368,442397,29
109,0,blank,0,328.302733333333,448.587666666667,442577,442666,89
109,0,blank,0,282.6953,476.0659,442905,442935,30
109,0,blank,0,277.8771,484.94805,442966,443025,59
109,27,0,171,261.6089,450.2961,443056,443086,30
109,0,blank,0,288.0674,476.3146,443296,443327,31
109,0,blank,0,283.6407,468.0875,443536,443566,30
109,29,++,183,291.0794,499.9658,443595,443625,30
109,0,blank,0,239.79565,520.227,443927,443987,60
109,0,blank,0,229.1453,537.6327,444047,444078,31
109,0,blank,0,228.3299,545.3713,444139,444170,31
109,0,blank,0,235.95225,514.104,444262,444323,61
109,0,blank,0,231.8364,536.8685,444353,444383,30
109,32,i,199,248.7014,556.57125,444621,444680,59
109,0,blank,0,223.9147,541.834,444919,444949,30
109,0,blank,0,219.6016,525.5516,445339,445370,31
109,0,blank,0,231.29455,549.4376,445552,445612,60
109,0,blank,0,239.7937,543.4392,445673,445703,30
109,0,blank,0,234.44425,515.7272,445792,445883,91
109,0,blank,0,454.277333333333,671.336066666667,446401,446492,91
109,0,blank,0,456.4271,671.9794,446676,446706,30
109,0,blank,0,466.7181,706.6024,446885,446915,30
109,0,blank,0,292.01745,533.4047,447183,447243,60
109,0,blank,0,310.6036,575.8804,447273,447303,30
109,0,blank,0,268.9499,593.4056,448333,448361,28
109,32,26,197,221.4203,556.2661,448623,448655,32
109,0,blank,0,230.9163,587.478,448771,448801,30
109,0,blank,0,318.6083,623.0158,449154,449185,31
109,0,blank,0,307.1853,595.7719,449419,449449,30
109,0,blank,0,315.4193,631.1545,449597,449627,30
109,0,blank,0,308.27955,597.3302,449745,449803,58
109,0,blank,0,239.584,644.202,449949,449979,30
109,0,blank,0,264.7834,653.2221,450008,450038,30
109,0,blank,0,249.75275,623.3828,450157,450216,59
109,0,blank,0,252.28825,642.51555,450246,450306,60
109,0,blank,0,248.4226,592.3362,450634,450665,31
109,0,blank,0,246.9692,620.092,450753,450782,29
109,0,blank,0,253.0876,593.5015,450988,451017,29
109,34,num2,210,244.39415,618.3621,451047,451107,60
109,0,blank,0,238.3369,641.3189,451137,451167,30
109,0,blank,0,228.54865,605.5261,451285,451345,60
109,0,blank,0,228.9086,610.2104,451436,451467,31
109,34,num2,210,240.43835,612.66315,451497,451557,60
109,0,blank,0,215.3821,659.0341,451798,451828,30
109,0,blank,0,202.9914,622.0652,451888,451918,30
109,0,blank,0,199.0329,647.1879,452009,452069,60
109,0,blank,0,212.928,642.7355,452100,452129,29
109,35,;,217,208.27,626.2324,452339,452369,30
109,0,blank,0,215.7711,638.7927,452428,452458,30
109,0,blank,0,200.35555,646.69905,452722,452782,60
109,0,blank,0,192.3691,615.3022,452812,452841,29
109,0,blank,0,-350,-105,452901,453052,151
109,0,blank,0,230.322,626.0885,453249,453278,29
109,0,blank,0,233.674,631.2037,453337,453366,29
109,0,blank,0,256.0074,621.6016,453716,453745,29
109,0,blank,0,231.3087,656.8972,453774,453803,29
109,0,blank,0,236.4953,631.86005,453890,453948,58
109,0,blank,0,173.5811,648.4718,454122,454151,29
109,35,return,215,148.1148,630.7335,454180,454209,29
109,35,return,215,183.2667,626.228,454268,454298,30
109,34,i,212,174.6308,618.496,454385,454414,29
109,0,blank,0,208.6284,652.0565,455448,455507,59
109,0,blank,0,215.6929,624.0214,455536,455594,58
109,0,blank,0,220.4443,637.2725,455970,455999,29
109,0,blank,0,197.4761,645.9108,456175,456205,30
109,35,;,217,209.77675,639.05665,456235,456294,59
109,35,;,217,208.0927,633.7084,456591,456621,30
109,0,blank,0,191.4444,650.95155,456681,456740,59
109,0,blank,0,187.256633333333,649.425433333333,456889,456979,90
109,0,blank,0,184.7473,666.1183,457070,457099,29
109,0,blank,0,195.5206,650.6144,457190,457220,30
109,0,blank,0,176.0184,670.4327,457250,457280,30
109,0,blank,0,201.1525,647.1434,457492,457522,30
109,0,blank,0,203.049,659.3143,457614,457644,30
109,0,blank,0,185.4258,657.8498,457766,457796,30
109,0,blank,0,202.1747,644.8531,457827,457857,30
109,0,blank,0,195.1916,650.4507,458100,458130,30
109,0,blank,0,193.28535,653.34665,458283,458347,64
109,0,blank,0,195.748,649.8278,458405,458435,30
109,0,blank,0,411.1007,662.7999,458647,458677,30
109,0,blank,0,427.93155,656.6064,458737,458798,61
109,0,blank,0,418.760233333333,653.733633333333,458858,458951,93
109,0,blank,0,425.216033333333,683.229533333334,459073,459165,92
109,0,blank,0,427.97015,665.3709,459257,459319,62
109,0,blank,0,416.9294,640.6302,459379,459409,30
109,0,blank,0,415.6539,657.6271,459561,459591,30
109,0,blank,0,418.15,674.8572,459807,459837,30
109,0,blank,0,417.0751,650.8941,459899,459930,31
109,0,blank,0,425.89395,675.8294,460023,460086,63
109,0,blank,0,430.35065,657.4789,460179,460240,61
109,0,blank,0,279.1782,765.81445,460364,460428,64
109,0,blank,0,272.5677,753.5784,460488,460549,61
109,0,blank,0,271.6018,757.5146,460611,460642,31
109,0,blank,0,266.793,757.9896,460766,460797,31
109,0,blank,0,267.5485,735.8175,460859,460890,31
109,0,blank,0,267.782933333333,757.967066666667,460921,461012,91
109,0,blank,0,269.1812,771.0504,461132,461162,30
109,0,blank,0,265.3857,774.84495,461590,461652,62
109,0,blank,0,277.3874,766.6346,461714,461745,31
109,0,blank,0,266.0195,771.75105,461962,462025,63
110,0,blank,0,275.9501,788.3846,462149,462180,31
110,0,blank,0,437.8448,777.8531,462275,462307,32
110,0,blank,0,435.6533,792.8974,462369,462400,31
110,0,blank,0,444.81765,-103.9678,462465,462528,63
110,0,blank,0,430.4485,-103.9964,462747,462778,31
110,0,blank,0,434.85775,-103.96175,462840,462902,62
110,0,blank,0,432.4816,-103.9863,462963,462993,30
110,0,blank,0,446.2443,-103.9545,463024,463055,31
110,0,blank,0,455.4848,-103.9978,463207,463238,31
110,0,blank,0,438.2833,-103.98596,463269,463424,155
111,0,blank,0,403.14565,736.64555,463991,464055,64
111,0,blank,0,332.82925,636.70305,464311,464375,64
111,0,blank,0,272.8687,636.96,464407,464439,32
111,0,blank,0,278.194133333333,657.513866666667,464563,464654,91
111,0,blank,0,279.12655,627.19275,464895,464955,60
111,34,[,211,275.5745,614.0933,465161,465191,30
111,34,num2,210,264.8545,615.04665,465339,465399,60
111,34,i,212,285.4443,616.1185,465428,465458,30
111,0,blank,0,268.5681,634.9935,465488,465518,30
111,0,blank,0,340.6296,618.4111,465637,465668,31
111,0,blank,0,326.9056,608.304,465698,465729,31
111,0,blank,0,333.1537,610.9109,465760,465790,30
111,0,blank,0,327.8779,616.2983,465851,465882,31
111,0,blank,0,330.2903,621.9658,466067,466127,60
111,0,blank,0,344.411,627.4923,466188,466218,30
111,0,blank,0,176.25405,684.7018,466549,466609,60
111,0,blank,0,189.3141,687.3895,466729,466759,30
111,0,blank,0,181.4875,681.709,466819,466849,30
111,0,blank,0,176.88685,677.103,467088,467148,60
111,0,blank,0,404.8124,670.7234,467239,467269,30
111,0,blank,0,403.26228,644.58126,467330,467481,151
111,0,blank,0,411.0002,654.3719,467543,467573,30
111,0,blank,0,582.3632,784.59375,467666,467728,62
111,0,blank,0,579.4554,-103.9537,468197,468233,36
111,0,blank,0,380.58505,-103.9885,468295,468356,61
111,0,blank,0,387.42935,-103.9743,468387,468448,61
111,0,blank,0,376.246533333333,-103.988133333333,468509,468602,93
111,0,blank,0,222.6822,-103.9461,468634,468697,63
111,0,blank,0,222.16895,-103.93315,468729,468857,128
111,0,blank,0,225.295733333333,-103.924966666667,468921,469110,189
111,0,blank,0,231.5526,-103.931433333333,469110,469205,95
111,0,blank,0,229.083466666667,-103.920733333333,469237,469331,94
111,0,blank,0,228.791366666667,-103.9053,469363,469457,94
111,0,blank,0,226.2764,-103.9099,469521,469714,193
111,0,blank,0,215.3618,-103.9231,469714,469746,32
111,0,blank,0,235.0823,-103.9032,469778,469811,33
111,0,blank,0,232.4128,-103.912775,469875,470004,129
111,0,blank,0,234.2442,-103.918216666667,470038,470228,190
111,0,blank,0,306.3116,763.777,470549,470581,32
111,0,blank,0,254.77895,644.016,470707,470768,61
111,0,blank,0,257.8664,657.3057,470860,470891,31
111,0,blank,0,275.0228,651.4044,471245,471275,30
111,0,blank,0,292.46875,666.558,471362,471419,57
111,0,blank,0,328.5627,645.408,471624,471653,29
111,0,blank,0,310.7392,633.503,471682,471712,30
111,0,blank,0,309.5162,621.1216,471950,471980,30
111,0,blank,0,268.2664,634.2297,472274,472303,29
111,0,blank,0,251.1176,642.9934,472390,472419,29
111,0,blank,0,261.2278,661.1556,472477,472506,29
111,0,blank,0,227.183,662.1428,473200,473229,29
111,0,blank,0,241.9891,657.67,473403,473433,30
111,0,blank,0,239.2077,639.2231,473493,473522,29
111,0,blank,0,234.0828,636.861,473933,473993,60
111,0,blank,0,423.2026,614.77695,474082,474143,61
111,0,blank,0,441.3372,609.16055,474416,474476,60
111,0,blank,0,314.9835,623.7333,474685,474716,31
111,0,blank,0,307.857,597.7228,474746,474778,32
111,0,blank,0,317.4815,603.4164,474805,474836,31
111,0,blank,0,267.4873,627.7395,474955,475014,59
111,0,blank,0,275.9802,640.4565,475193,475222,29
111,34,num2,210,257.1202,602.63455,475605,475664,59
111,34,num2,210,267.0505,615.3321,475723,475753,30
111,0,blank,0,-350,-105,475867,475967,100
111,0,blank,0,520.9819,714.3643,475993,476018,25
111,0,blank,0,-350,-105,476076,476226,150
111,0,blank,0,284.2183,695.303,476252,476277,25
111,0,blank,0,307.1487,730.7092,476301,476327,26
111,0,blank,0,312.8438,724.5167,476417,476447,30
111,0,blank,0,310.4701,715.6816,476568,476598,30
111,0,blank,0,290.3475,632.82865,476893,476952,59
111,34,num2,210,270.0709,611.3214,477483,477512,29
111,34,i,212,285.3138,615.2404,477745,477775,30
111,0,blank,0,278.5956,623.78245,477834,477893,59
111,0,blank,0,267.6316,629.1085,478009,478069,60
111,34,num2,210,268.95175,617.16315,478158,478218,60
111,0,blank,0,283.6064,644.1502,478278,478308,30
111,0,blank,0,622.23,625.7534,478553,478584,31
111,0,blank,0,319.6528,633.1083,478950,478980,30
111,0,blank,0,325.2222,612.5656,479040,479070,30
111,0,blank,0,272.04605,626.72655,479634,479693,59
111,0,blank,0,274.8871,594.3938,479722,479751,29
111,34,[,211,276.5347,599.431,479928,479957,29
111,34,[,211,275.1396,610.2537,480075,480104,29
111,0,blank,0,241.62685,584.13205,480280,480339,59
111,0,blank,0,274.61,627.7533,480369,480398,29
111,0,blank,0,252.4891,621.2077,480485,480515,30
111,34,num2,210,272.4258,613.6135,480604,480633,29
111,0,blank,0,283.74615,568.447,481012,481071,59
111,0,blank,0,281.4523,588.65,481160,481189,29
111,0,blank,0,252.7692,576.60015,481509,481567,58
111,0,blank,0,233.8365,590.7704,481596,481626,30
111,0,blank,0,244.9742,552.3597,481803,481833,30
111,0,blank,0,268.9457,593.0538,481951,481980,29
111,0,blank,0,260.5539,584.4643,482099,482245,146
111,32,i,199,250.2051,571.4624,482275,482304,29
111,0,blank,0,259.1741,579.3883,482422,482451,29
111,0,blank,0,443.705,606.0054,482748,482777,29
111,0,blank,0,-350,-105,483671,483697,26
111,0,blank,0,738.941,452.199,483797,483822,25
111,0,blank,0,572.0652,639.3589,484237,484267,30
111,0,blank,0,565.6834,654.8726,484536,484566,30
111,0,blank,0,601.5831,785.474,485076,485107,31
111,0,blank,0,601.5477,778.3489,485167,485197,30
111,0,blank,0,582.3424,766.961,485287,485318,31
111,0,blank,0,617.095,769.8845,485348,485379,31
111,0,blank,0,597.4725,778.0813,485409,485439,30
111,0,blank,0,613.8283,781.6159,485469,485499,30
111,0,blank,0,621.1819,782.6926,485712,485742,30
111,0,blank,0,622.6682,775.4016,485863,485894,31
111,0,blank,0,520.727333333333,765.348566666667,485985,486077,92
111,0,blank,0,522.9832,739.4341,486138,486168,30
111,0,blank,0,499.6871,770.7272,486320,486351,31
111,0,blank,0,514.0912,749.8093,486381,486412,31
111,0,blank,0,359.3185,479.6667,486838,486868,30
111,29,;,184,308.459,494.5992,486961,486992,31
111,0,blank,0,304.9539,512.924,487053,487083,30
111,0,blank,0,323.1863,504.1763,487142,487172,30
111,0,blank,0,291.8334,624.7712,487318,487347,29
111,0,blank,0,289.124,627.6883,487434,487464,30
111,34,num2,210,251.3685,604.1077,487552,487581,29
111,0,blank,0,232.6771,611.5771,487639,487668,29
111,0,blank,0,243.8851,594.1843,487725,487755,30
111,0,blank,0,-350,-105,488763,488935,172
111,0,blank,0,-350,-105,488935,489107,172
111,0,blank,0,-350,-105,489107,489289,182
111,0,blank,0,-350,-105,489289,489319,30
111,32,i,199,253.1035,571.1746,490338,490366,28
111,0,blank,0,238.33855,569.7851,490452,490509,57
111,0,blank,0,243.0873,567.207,490709,490737,28
111,32,++,200,264.7496,561.982,491312,491340,28
111,32,i,199,248.703533333333,572.923666666667,491834,491923,89
111,0,blank,0,267.6842,576.0112,492366,492395,29
111,0,blank,0,-350,-105,492540,492666,126
111,0,blank,0,248.537,594.07,492691,492716,25
111,32,++,200,258.7034,564.9875,492765,492790,25
111,0,blank,0,282.52695,589.5373,492935,492993,58
111,0,blank,0,283.9518,579.6483,493051,493080,29
111,0,blank,0,292.5759,576.9203,493282,493313,31
111,0,blank,0,305.0366,575.9299,493685,493714,29
111,0,blank,0,330.4946,612.6573,493801,493830,29
111,0,blank,0,268.2365,584.9682,494092,494118,26
111,34,num2,210,250.2382,614.7036,494265,494294,29
111,0,blank,0,240.5003,573.9626,494323,494353,30
111,0,blank,0,208.3593,540.7595,494414,494441,27
111,32,26,197,212.0056,563.8845,494616,494646,30
111,34,num2,210,248.21835,599.6303,494794,494852,58
111,32,i,199,251.251,572.42,494909,494996,87
112,0,blank,0,237.2776,579.2807,495140,495171,31
112,0,blank,0,336.7026,638.1588,495839,495868,29
112,0,blank,0,-350,-105,495897,496080,183
112,0,blank,0,264.0524,547.1374,496106,496132,26
112,0,blank,0,315.1609,604.2976,496603,496631,28
112,0,blank,0,339.9315,600.5276,497033,497062,29
112,0,blank,0,368.4297,587.2271,497178,497207,29
112,0,blank,0,311.6096,577.496,497409,497441,32
112,0,blank,0,-350,-105,497886,498074,188
112,0,blank,0,-350,-105,498074,498137,63
112,34,num2,210,255.4813,600.3602,498216,498246,30
112,34,num2,210,234.4498,604.3472,498662,498690,28
112,0,blank,0,-350,-105,499009,499163,154
112,0,blank,0,342.98885,601.053,499431,499489,58
112,0,blank,0,243.0463,577.0009,499919,499947,28
112,0,blank,0,297.5419,657.2557,500063,500091,28
112,0,blank,0,333.1559,641.6448,500352,500381,29
112,34,i,212,288.66105,614.28145,500616,500675,59
112,0,blank,0,333.77785,643.0704,501083,501141,58
112,0,blank,0,331.11045,600.20245,501200,501259,59
112,0,blank,0,321.5654,611.8373,501289,501319,30
112,0,blank,0,324.0839,610.1863,501466,501495,29
112,34,[,211,277.3081,619.70355,501796,501853,57
112,0,blank,0,286.9714,628.6285,501912,501942,30
112,0,blank,0,321.35765,617.5856,501971,502031,60
112,0,blank,0,322.5297,636.479,502090,502120,30
112,0,blank,0,-350,-105,502240,502372,132
112,0,blank,0,325.8946,613.98845,502858,502916,58
112,0,blank,0,322.8726,636.5351,503122,503152,30
112,0,blank,0,335.6257,642.17405,503211,503269,58
112,0,blank,0,317.53655,630.13055,503327,503386,59
112,0,blank,0,341.105,640.7137,503445,503474,29
112,0,blank,0,352.9766,633.7943,503680,503710,30
112,0,blank,0,307.56295,594.12125,503948,504008,60
112,0,blank,0,337.2974,620.5388,504453,504482,29
112,0,blank,0,340.4448,640.2985,504570,504599,29
112,0,blank,0,-350,-105,504893,505074,181
112,0,blank,0,251.9494,646.0738,505102,505128,26
112,0,blank,0,280.2979,659.9318,505354,505384,30
112,34,num2,210,267.2756,609.4371,505442,505470,28
112,0,blank,0,260.3936,637.4864,505556,505585,29
112,0,blank,0,285.0295,631.2238,505871,505899,28
112,0,blank,0,253.5665,621.0447,505985,506014,29
112,0,blank,0,330.5143,644.1779,506387,506416,29
112,0,blank,0,320.8477,599.2801,507179,507208,29
112,0,blank,0,337.6376,610.5412,507531,507560,29
112,34,),214,306.5043,618.8421,507764,507794,30
112,0,blank,0,-350,-105,508228,508355,127
112,0,blank,0,358.4384,649.6877,509210,509238,28
112,34,num2,210,247.7785,613.1006,509500,509529,29
112,0,blank,0,244.1578,620.3237,509906,509936,30
112,0,blank,0,241.5212,626.1601,509994,510023,29
112,0,blank,0,-350,-105,510256,510436,180
112,0,blank,0,-350,-105,510436,510614,178
112,0,blank,0,-350,-105,510614,510806,192
112,0,blank,0,-350,-105,510806,510981,175
112,0,blank,0,-350,-105,510981,511156,175
112,0,blank,0,-350,-105,511156,511336,180
112,0,blank,0,-350,-105,511336,511430,94
112,0,blank,0,-350,-105,512570,512749,179
112,0,blank,0,318.5112,606.8132,512832,512858,26
112,34,],213,297.5425,607.7121,513159,513191,32
112,0,blank,0,286.1038,597.8654,513256,513286,30
112,34,num2,210,243.171,604.6353,513408,513473,65
112,0,blank,0,203.2137,594.8249,513904,513935,31
112,0,blank,0,268.8523,631.0692,514152,514182,30
112,34,],213,296.3898,603.7273,514451,514482,31
112,0,blank,0,308.22,585.4149,514513,514544,31
112,0,blank,0,245.4877,597.889,514605,514667,62
112,34,num2,210,237.731,617.4946,514818,514879,61
112,0,blank,0,-350,-105,514937,514968,31
112,0,blank,0,-350,-105,515054,515251,197
112,0,blank,0,-350,-105,515251,515327,76
112,0,blank,0,173.4082,608.045,516164,516252,88
112,34,if,203,96.10635,605.20885,516428,516488,60
112,0,blank,0,109.3993,605.5414,516670,516700,30
112,0,blank,0,89.3425,597.9745,516730,516759,29
112,34,(,204,115.63145,604.46165,516851,516912,61
112,0,blank,0,164.4117,613.6955,516973,517002,29
112,34,[,211,167.2102,604.2225,517154,517183,29
112,34,[,211,172.7418,618.2355,517214,517244,30
112,34,i,212,178.9186,606.4524,517275,517305,30
112,35,return,215,172.4059,626.016,517336,517366,30
112,34,[,211,169.533,619.2042,517456,517486,30
112,34,],213,187.451,599.126,517517,517547,30
112,35,return,215,167.4582,632.8929,517607,517636,29
112,34,i,212,174.245866666667,616.040133333333,517666,517756,90
112,0,blank,0,247.743,621.5425,517817,517846,29
112,34,num2,210,235.0483,611.5071,518038,518074,36
112,34,num2,210,250.7473,617.5641,518135,518165,30
112,34,num2,210,241.645375,619.75635,518195,518318,123
112,0,blank,0,247.01795,598.67445,518441,518503,62
112,0,blank,0,-350,-105,518715,518842,127
112,0,blank,0,203.1219,588.1655,518920,518946,26
112,35,0,216,197.4527,628.5114,519274,519304,30
112,0,blank,0,-350,-105,519398,519563,165
112,0,blank,0,-350,-105,519563,519753,190
112,0,blank,0,-350,-105,519753,519933,180
112,0,blank,0,-350,-105,519933,520095,162
112,0,blank,0,-350,-105,520095,520271,176
112,0,blank,0,-350,-105,520271,520446,175
112,0,blank,0,-350,-105,520446,520621,175
112,0,blank,0,-350,-105,520621,520694,73
112,0,blank,0,-350,-105,520694,520949,255
112,0,blank,0,-350,-105,520949,521203,254
112,0,blank,0,-350,-105,521203,521396,193
112,0,blank,0,-350,-105,521396,521590,194
112,0,blank,0,-350,-105,521590,521772,182
112,0,blank,0,-350,-105,521772,521838,66
112,0,blank,0,205.7739,652.9936,522015,522041,26
112,0,blank,0,165.5906,-103.8754,522594,522632,38
112,34,i,212,183.968325,616.19925,523318,523454,136
112,35,return,215,176.1634,633.6248,523619,523650,31
112,0,blank,0,189.2202,626.434,523682,523744,62
112,0,blank,0,173.0175,613.8371,523869,523901,32
112,0,blank,0,185.161,632.7367,523932,523963,31
112,0,blank,0,234.1537,628.3839,524056,524087,31
112,35,0,216,201.1161,633.9967,524280,524312,32
112,35,0,216,203.528,628.1523,524375,524406,31
112,0,blank,0,212.6056,640.1302,524532,524628,96
112,0,blank,0,220.313266666667,621.255333333333,524689,524784,95
112,0,blank,0,209.135,643.4575,524814,524846,32
112,0,blank,0,225.4165,646.1519,525138,525199,61
112,0,blank,0,266.0225,643.340133333333,525386,525482,96
112,0,blank,0,261.1012,630.9621,525513,525544,31
112,0,blank,0,255.0991,626.5722,525735,525767,32
112,34,),214,307.916133333333,602.2188,525832,525928,96
112,0,blank,0,313.75395,622.8087,526055,526182,127
112,34,),214,304.1196,605.8806,526213,526243,30
112,0,blank,0,283.410833333333,619.515966666667,526370,526466,96
112,34,i,212,287.3937,616.8118,526530,526562,32
112,0,blank,0,248.735433333333,621.23945,526627,526813,186
112,0,blank,0,264.326233333333,626.608333333333,526845,526936,91
112,0,blank,0,262.9703,594.258,526968,527000,32
112,34,num2,210,271.559675,603.713975,527155,527277,122
112,34,num2,210,255.3122,599.0554,527337,527369,32
112,34,[,211,275.7979,613.9044,527431,527461,30
112,0,blank,0,255.5223,588.4382,527492,527522,30
112,34,num2,210,272.5704,603.6536,527767,527797,30
112,34,num2,210,268.457266666667,604.090366666667,527891,527984,93
112,0,blank,0,269.9454,593.1999,528045,528076,31
112,34,num2,210,264.1552,601.8523,528107,528138,31
112,34,[,211,278.7678,606.3607,528168,528230,62
112,34,num2,210,272.1034,601.0893,528261,528323,62
112,0,blank,0,274.0709,610.328,528451,528482,31
112,0,blank,0,341.9485,561.6038,528606,528637,31
112,0,blank,0,359.88925,573.364225,528668,528793,125
112,0,blank,0,324.96655,601.70305,529435,529496,61
112,0,blank,0,325.5666,608.406125,529559,529685,126
113,0,blank,0,335.118,591.8428,529810,529841,31
113,0,blank,0,354.1011,593.3976,529938,529969,31
113,0,blank,0,369.3361,609.9009,530000,530032,32
113,0,blank,0,347.4361,616.9469,530094,530126,32
113,0,blank,0,349.6201,620.4749,530189,530221,32
113,0,blank,0,335.668466666667,618.533833333333,530252,530345,93
113,0,blank,0,349.5172,633.7418,530538,530570,32
113,0,blank,0,346.7411,629.7151,530667,530699,32
113,0,blank,0,342.9349,621.2542,530730,530761,31
113,0,blank,0,416.3959,624.6388,530793,530823,30
113,0,blank,0,434.6913,617.965,530853,530883,30
113,0,blank,0,431.6452,622.8911,531191,531222,31
113,0,blank,0,420.6194,604.7791,531253,531283,30
113,0,blank,0,434.760966666667,616.771833333333,531345,531437,92
113,0,blank,0,419.3784,623.3807,531469,531499,30
113,0,blank,0,429.1753,601.2103,531529,531561,32
113,0,blank,0,568.2637,701.048,531591,531622,31
113,0,blank,0,1063.391,719.8188,532539,532571,32
113,0,blank,0,1053.391,703.8286,533138,533171,33
113,0,blank,0,-350,-105,533682,533817,135
113,0,blank,0,858.633,761.9934,534128,534160,32
113,0,blank,0,724.608,744.0041,534321,534353,32
113,0,blank,0,714.493,761.3384,534510,534541,31
113,0,blank,0,392.377233333333,598.4,534638,534732,94
113,34,num2,210,270.0025,607.323133333333,534856,534950,94
113,34,num2,210,250.2422,600.0712,535012,535042,30
113,34,num2,210,254.8577,608.72915,535164,535224,60
113,0,blank,0,-350,-105,535285,535415,130
113,34,num2,210,256.1986,601.9908,535920,535950,30
113,0,blank,0,277.0151,625.022,535981,536012,31
113,34,num2,210,240.8192,617.2873,536256,536286,30
113,34,num2,210,239.1114,607.6368,536531,536561,30
113,0,blank,0,297.62348,642.29484,536623,536778,155
113,0,blank,0,307.7055,652.34,536840,536872,32
113,0,blank,0,311.20265,633.71645,536995,537059,64
113,0,blank,0,298.4087,631.1777,537092,537123,31
113,0,blank,0,446.5054,637.4901,537312,537344,32
113,0,blank,0,590.4134,711.8426,537535,537567,32
113,0,blank,0,583.0975,723.7683,537694,537726,32
113,0,blank,0,582.7484,723.5745,537790,537822,32
113,0,blank,0,602.69165,709.05285,537854,537919,65
113,0,blank,0,601.3305,703.9365,537950,537982,32
113,0,blank,0,600.2359,707.5702,538142,538174,32
113,0,blank,0,590.93,710.9711,538426,538495,69
113,0,blank,0,759.543,745.7042,538686,538723,37
113,0,blank,0,766.7435,744.6421,538886,538952,66
113,0,blank,0,-350,-105,539087,539272,185
113,0,blank,0,-350,-105,539272,539451,179
113,0,blank,0,-350,-105,539451,539614,163
113,0,blank,0,-350,-105,539614,539795,181
113,0,blank,0,-350,-105,539795,539947,152
113,0,blank,0,-350,-105,539947,540125,178
113,0,blank,0,-350,-105,540125,540323,198
113,0,blank,0,-350,-105,540323,540517,194
113,0,blank,0,225.712525,645.427125,541220,541339,119
113,0,blank,0,226.19735,632.95765,541401,541459,58
113,0,blank,0,221.6758,659.0262,541550,541580,30
113,0,blank,0,217.1493,644.5413,541640,541670,30
113,0,blank,0,219.0015,635.4012,541761,541791,30
113,35,0,216,199.992,631.1125,541821,541852,31
113,0,blank,0,211.664,620.772633333333,541882,541973,91
113,0,blank,0,211.0309,620.911,542034,542096,62
113,0,blank,0,260.961666666667,643.222066666667,542187,542282,95
113,0,blank,0,247.9274,626.0249,542314,542346,32
113,0,blank,0,262.8952,627.1798,542379,542411,32
113,0,blank,0,586.0075,738.3207,542952,542983,31
113,0,blank,0,587.10455,741.3398,543140,543203,63
113,0,blank,0,597.3281,732.1429,543235,543266,31
113,0,blank,0,575.0893,738.3349,543329,543392,63
113,0,blank,0,560.9471,757.819,543425,543489,64
113,0,blank,0,563.8082,743.6552,543521,543553,32
113,0,blank,0,574.0862,752.3027,543616,543648,32
113,0,blank,0,329.684375,676.5979,543805,543934,129
113,0,blank,0,241.5103,631.7023,544154,544185,31
113,0,blank,0,240.6833,647.0269,544217,544249,32
113,0,blank,0,241.904366666667,641.183666666667,544281,544374,93
113,0,blank,0,271.449766666667,652.7351,544650,544742,92
113,0,blank,0,260.7417,661.3828,544803,544835,32
113,0,blank,0,260.7708,665.51455,544866,544928,62
113,0,blank,0,270.245,676.3431,545084,545115,31
113,0,blank,0,269.8059,640.2364,545208,545271,63
113,0,blank,0,264.28535,653.7128,545488,545552,64
113,0,blank,0,260.1445,626.5797,545645,545677,32
113,0,blank,0,262.740266666667,658.9047,545772,545868,96
113,34,num2,210,243.9421,612.5878,545900,545931,31
113,0,blank,0,275.8926,667.6596,546089,546120,31
113,0,blank,0,248.6924,644.2909,546278,546308,30
113,0,blank,0,263.4828,662.5323,546339,546369,30
113,0,blank,0,265.84655,653.14105,546400,546461,61
113,0,blank,0,264.949175,655.580625,546711,546836,125
113,0,blank,0,264.4142,623.8361,546898,546929,31
113,0,blank,0,719.463,693.0878,547116,547148,32
113,0,blank,0,737.179,679.40615,547307,547380,73
113,0,blank,0,742.847,691.8395,547412,547443,31
113,0,blank,0,-350,-105,547725,547889,164
113,0,blank,0,-350,-105,547889,547993,104
113,0,blank,0,492.858,742.5342,548050,548085,35
113,0,blank,0,539.24785,782.5075,548176,548238,62
113,0,blank,0,532.468,759.6067,548300,548331,31
113,0,blank,0,526.39165,-103.9894,548455,548516,61
113,0,blank,0,521.2274,788.8492,548546,548576,30
113,0,blank,0,-350,-105,548823,549011,188
113,0,blank,0,-350,-105,549011,549208,197
113,0,blank,0,-350,-105,549208,549387,179
113,0,blank,0,-350,-105,549387,549543,156
113,0,blank,0,-350,-105,549543,549720,177
113,0,blank,0,-350,-105,549720,549891,171
113,0,blank,0,-350,-105,549891,549931,40
113,34,!=,209,218.6329,608.7093,549947,549975,28
113,0,blank,0,216.1662,630.3951,550487,550518,31
113,0,blank,0,213.68195,622.92875,550918,550978,60
113,0,blank,0,220.652,635.6268,551129,551221,92
113,0,blank,0,214.3708,631.0437,551653,551684,31
113,0,blank,0,277.4022,656.6421,551716,551747,31
113,0,blank,0,279.92755,641.22385,551778,551841,63
113,0,blank,0,306.7486,650.3565,551873,551904,31
113,0,blank,0,567.9407,-103.9896,552187,552218,31
113,0,blank,0,562.2784,-103.9989,552375,552406,31
113,0,blank,0,378.2095,778.6069,553180,553211,31
113,0,blank,0,370.9526,758.8027,553334,553365,31
113,0,blank,0,368.5052,772.6298,553610,553641,31
113,0,blank,0,372.497633333333,784.0516,554229,554325,96
113,0,blank,0,281.8729,645.6413,554552,554585,33
113,34,num2,210,262.47045,615.1518,554749,554814,65
113,0,blank,0,230.0356,624.65705,554970,555033,63
113,0,blank,0,232.516166666667,631.803333333333,555093,555188,95
113,0,blank,0,239.5435,621.2379,555282,555312,30
113,0,blank,0,255.1667,635.8533,555404,555435,31
113,34,num2,210,263.8969,609.8481,555709,555739,30
113,34,num2,210,271.844466666667,604.157166666667,555800,555892,92
113,0,blank,0,254.2312,596.9696,555922,555952,30
113,34,num2,210,268.4361,612.3049,556014,556047,33
113,34,num2,210,273.7786,602.4248,556110,556142,32
113,0,blank,0,250.8095,639.7599,556233,556264,31
113,0,blank,0,244.1704,643.1009,556325,556386,61
113,0,blank,0,269.4663,651.7648,556479,556510,31
113,0,blank,0,263.0002,636.1074,556604,556634,30
113,0,blank,0,270.8334,650.484,556665,556697,32
113,0,blank,0,274.1299,643.3641,556758,556789,31
113,0,blank,0,263.782,645.7722,556975,557007,32
113,0,blank,0,251.8106,650.60675,557069,557130,61
113,0,blank,0,257.6394,627.4733,557161,557191,30
113,0,blank,0,283.7694,634.1002,557343,557376,33
113,0,blank,0,296.05165,631.3547,557437,557500,63
113,0,blank,0,329.9416,630.0237,557683,557713,30
113,0,blank,0,333.1519,626.4257,557866,557897,31
113,0,blank,0,323.3596,618.4994,558419,558451,32
113,0,blank,0,314.1507,601.6943,558511,558573,62
113,0,blank,0,341.4017,633.9717,558968,558998,30
113,0,blank,0,321.7634,583.9705,559332,559362,30
113,0,blank,0,330.7289,577.2601,559454,559485,31
113,0,blank,0,345.4846,581.4438,559695,559724,29
113,0,blank,0,338.3347,608.6234,560026,560056,30
113,0,blank,0,342.023866666667,625.1798,560325,560415,90
113,0,blank,0,500.3536,690.9234,560564,560624,60
113,0,blank,0,483.8171,701.8185,560653,560684,31
113,0,blank,0,404.92955,657.3494,560866,560924,58
113,0,blank,0,369.9891,615.9032,560955,560985,30
113,0,blank,0,364.0193,614.532,561410,561441,31
113,0,blank,0,345.8664,600.8306,561533,561562,29
113,0,blank,0,360.1719,610.8148,561683,561746,63
113,0,blank,0,-350,-105,561834,561910,76
113,0,blank,0,336.1909,655.3851,562011,562036,25
113,0,blank,0,348.2855,643.4999,562113,562175,62
113,0,blank,0,494.3854,720.4829,562265,562296,31
113,0,blank,0,523.3411,700.2254,562359,562390,31
113,0,blank,0,680.3535,-103.9068,562765,562830,65
113,0,blank,0,-350,-105,563120,563315,195
113,0,blank,0,-350,-105,563315,563512,197
113,0,blank,0,-350,-105,563512,563647,135
113,0,blank,0,266.1932,670.7211,565325,565356,31
113,0,blank,0,-350,-105,565661,565841,180
113,0,blank,0,279.7039,670.5569,566517,566557,40
113,0,blank,0,302.7423,630.1138,567953,567983,30
113,0,blank,0,843.719,752.5401,568828,568854,26
113,0,blank,0,634.3462,695.523,568964,568995,31
113,0,blank,0,355.7181,618.0374,569368,569396,28
113,0,blank,0,-350,-105,570071,570136,65
113,0,blank,0,-350,-105,570136,570282,146
113,0,blank,0,1037.394,754.6032,570508,570533,25
113,0,blank,0,-348.7386,741.411166666667,570677,570849,172
113,0,blank,0,-348.7558,758.2356,570911,570974,63
113,0,blank,0,-348.7477,729.5995,571005,571036,31
113,0,blank,0,736.351,662.4164,571220,571250,30
113,0,blank,0,751.201,659.96785,571312,571374,62
113,0,blank,0,591.5956,650.7505,571718,571749,31
113,0,blank,0,591.56015,663.4126,572021,572083,62
113,0,blank,0,536.1226,622.2956,572261,572291,30
113,0,blank,0,526.1077,661.1686,572533,572565,32
113,0,blank,0,-350,-105,572877,573056,179
113,0,blank,0,-350,-105,573056,573244,188
113,0,blank,0,-350,-105,573244,573435,191
113,0,blank,0,-350,-105,573435,573615,180
113,0,blank,0,-350,-105,573615,573725,110
113,0,blank,0,-350,-105,574109,574297,188
113,0,blank,0,-350,-105,574297,574472,175
113,0,blank,0,-350,-105,574472,574654,182
113,0,blank,0,-350,-105,574654,574836,182
113,0,blank,0,-350,-105,574836,575017,181
113,0,blank,0,-350,-105,575017,575194,177
113,0,blank,0,-350,-105,575194,575369,175
113,0,blank,0,-350,-105,575369,575465,96
113,32,i,199,246.468,559.6768,575653,575682,29
113,0,blank,0,259.114066666667,537.049,575713,575803,90
113,0,blank,0,257.64485,546.4367,575954,576015,61
113,0,blank,0,263.9662,577.2201,576074,576104,30
113,0,blank,0,183.615,592.6325,576164,576193,29
113,0,blank,0,174.20115,589.39285,576281,576340,59
113,34,[,211,172.9554,604.4263,576369,576398,29
113,0,blank,0,164.9242,585.6166,576577,576637,60
113,0,blank,0,169.871833333333,594.949333333333,576757,576847,90
113,0,blank,0,107.1245,593.3989,576907,576937,30
113,34,num1,205,125.8052,602.2124,577057,577088,31
113,0,blank,0,117.1252,588.5808,577239,577268,29
113,0,blank,0,324.5363,635.3494,577362,577393,31
113,0,blank,0,641.8512,750.1752,577766,577798,32
113,0,blank,0,946.522,-103.9838,578013,578042,29
113,0,blank,0,264.8436,678.3265,579143,579175,32
113,0,blank,0,229.549,618.582,579640,579667,27
113,0,blank,0,284.5923,593.4108,580102,580131,29
113,0,blank,0,364.695,614.1335,580973,581002,29
113,0,blank,0,333.6858,579.2236,581060,581118,58
113,0,blank,0,335.3297,635.5429,581467,581497,30
113,0,blank,0,259.9222,550.0309,581611,581638,27
113,0,blank,0,297.8151,553.8122,581755,581784,29
113,0,blank,0,-350,-105,582162,582347,185
113,0,blank,0,-350,-105,582347,582384,37
113,0,blank,0,266.1223,523.0072,582522,582551,29
113,0,blank,0,-350,-105,582582,582777,195
113,0,blank,0,-350,-105,582777,582831,54
113,0,blank,0,365.6342,472.692,582863,582881,18
113,0,blank,0,294.924,523.9606,583147,583177,30
113,29,;,184,310.7386,495.1642,583206,583235,29
113,0,blank,0,332.3369,544.238,583265,583294,29
113,0,blank,0,341.788,569.6901,583445,583476,31
113,0,blank,0,317.8951,510.6149,583536,583594,58
113,0,blank,0,-350,-105,583798,583985,187
113,29,++,183,299.1057,499.5478,584012,584038,26
113,0,blank,0,296.4054,486.363,584217,584248,31
113,0,blank,0,279.81585,512.85215,584571,584629,58
113,0,blank,0,335.84745,482.325,585079,585141,62
113,0,blank,0,316.0126,490.8267,585479,585509,30
113,0,blank,0,315.30635,476.7378,585667,585732,65
113,29,],182,217.0621,492.1111,585982,586014,32
113,0,blank,0,235.9338,487.4477,586109,586141,32
113,0,blank,0,254.4048,478.6229,586171,586203,32
113,0,blank,0,273.33705,478.22875,586452,586514,62
113,15,"%sand%sarenotanagrams.\n",87,278.8805,185.6288,586670,586702,32
113,0,blank,0,293.8613,208.7856,586732,586763,31
113,13,"%sand%sareanagrams.\n",77,345.6772,146.8812,586857,586889,32
113,0,blank,0,357.1998,85.5245,587043,587073,30
113,0,blank,0,357.1383,73.2343,587165,587195,30
113,11,array1,64,263.5131,97.5648,587255,587285,30
113,0,blank,0,238.391,161.7284,587467,587497,30
113,0,blank,0,237.7485,129.1859,587587,587618,31
113,13,"%sand%sareanagrams.\n",77,349.584,137.6327,587738,587768,30
113,0,blank,0,399.7174,136.2226,587952,587984,32
113,0,blank,0,301.0309,469.0637,588295,588326,31
113,0,blank,0,313.2477,528.8837,588416,588446,30
113,0,blank,0,240.4077,483.3959,589022,589052,30
113,27,),172,287.3167,458.4128,589172,589202,30
113,0,blank,0,289.5486,474.6396,589233,589263,30
113,0,blank,0,241.5394,480.7516,589569,589600,31
113,0,blank,0,236.4105,483.8351,589688,589719,31
113,0,blank,0,215.6678,480.2529,589839,589898,59
113,0,blank,0,220.3503,513.506,590143,590174,31
113,29,i,178,213.2391,499.0745,590204,590235,31
113,27,==,170,233.3312,458.7002,590598,590666,68
113,0,blank,0,281.0614,478.3257,590764,590795,31
113,0,blank,0,266.8632,593.8376,591091,591121,30
113,0,blank,0,261.8467,471.8378,591397,591429,32
113,0,blank,0,290.0322,565.8892,591761,591790,29
113,0,blank,0,256.69995,547.1574,591851,591912,61
113,13,"%sand%sareanagrams.\n",77,342.3062,146.8574,592155,592186,31
113,13,"%sand%sareanagrams.\n",77,339.18745,156.45675,592217,592397,180
113,13,"%sand%sareanagrams.\n",77,357.749,143.2616,592397,592427,30
113,0,blank,0,338.3051,175.2323,592578,592608,30
113,13,"%sand%sareanagrams.\n",77,400.6967,145.9599,592759,592788,29
113,13,"%sand%sareanagrams.\n",77,391.5205,147.3483,592906,592935,29
113,0,blank,0,396.6932,117.8407,592996,593026,30
113,0,blank,0,362.1775,177.289,593205,593234,29
113,0,blank,0,377.42055,117.9303,593412,593472,60
113,9,"Enteranotherstring\n",52,345.7736,51.4956,593560,593591,31
113,7,),43,316.38255,23.49775,593680,593741,61
113,0,blank,0,313.9448,41.0802,593889,593919,30
114,0,blank,0,261.6591,32.2523,594119,594148,29
114,0,blank,0,409.9427,14.3187,594297,594326,29
114,0,blank,0,-350,-105,594447,594645,198
114,0,blank,0,193.5165,517.7135,594754,594783,29
114,27,0,171,274.669,456.9392,595627,595656,29
114,0,blank,0,243.2199,434.0997,595892,595951,59
114,27,0,171,254.7084,463.3038,596010,596039,29
114,0,blank,0,237.9597,437.3873,596218,596250,32
114,27,==,170,215.3641,461.2419,596470,596500,30
114,0,blank,0,242.73785,379.17955,596710,596772,62
114,0,blank,0,255.2147,335.7564,596921,596951,30
114,0,blank,0,279.8432,356.07835,597610,597671,61
114,23,],153,289.83,364.571,597761,597793,32
114,23,++,154,300.7684,365.7617,597912,597941,29
114,0,blank,0,279.1442,378.5889,597971,598000,29
114,0,blank,0,298.1941,387.0023,598030,598064,34
114,0,blank,0,243.1522,357.0331,598184,598251,67
114,0,blank,0,250.4236,360.8756,598281,598311,30
114,23,array1,147,189.9325,358.5852,598552,598580,28
114,0,blank,0,307.0306,317.093,599300,599330,30
114,0,blank,0,293.4813,316.4071,599478,599508,30
114,0,blank,0,314.2021,330.8718,599746,599776,30
114,0,blank,0,316.3519,319.9528,599868,599898,30
114,0,blank,0,312.537,328.9384,600139,600170,31
114,0,blank,0,272.9871,336.3591,600407,600437,30
114,21,0,142,264.2729,324.6917,600525,600554,29
114,27,i,168,188.2294,457.5738,601005,601035,30
114,0,blank,0,181.5102,544.2034,601368,601398,30
114,0,blank,0,206.27815,475.6751,601544,601603,59
114,0,blank,0,244.2662,487.5063,601663,601693,30
114,0,blank,0,226.7202,481.4398,601724,601754,30
114,27,==,170,222.0251,460.6241,601783,601813,30
114,0,blank,0,233.7684,474.9546,601842,601872,30
114,0,blank,0,294.4211,444.827666666667,602205,602294,89
114,0,blank,0,346.847,467.6094,602443,602472,29
114,27,),172,287.4825,458.4235,602682,602711,29
114,0,blank,0,296.6823,439.9554,602741,602770,29
114,0,blank,0,242.8374,459.5867,602889,602920,31
114,27,==,170,225.45615,453.04735,603043,603106,63
114,0,blank,0,220.1929,443.8116,603137,603168,31
114,0,blank,0,244.8794,451.8652,603198,603229,31
114,0,blank,0,172.4006,479.2985,603379,603439,60
114,0,blank,0,230.8959,519.3399,603745,603806,61
114,27,0,171,269.9034,464.01355,603928,603989,61
114,29,++,183,284.9725,492.7205,604110,604141,31
114,27,),172,288.7877,462.082,604327,604357,30
114,0,blank,0,329.3861,458.5621,604451,604513,62
114,0,blank,0,309.5349,455.8846,604544,604575,31
114,0,blank,0,255.3798,471.3514,604635,604667,32
114,0,blank,0,256.755866666667,484.031966666667,604729,604822,93
114,0,blank,0,277.5656,426.1852,605006,605035,29
114,0,blank,0,260.8779,416.6276,605095,605124,29
114,0,blank,0,297.6555,462.5439,605213,605243,30
114,0,blank,0,310.97115,463.50165,605452,605512,60
114,27,0,171,248.544,456.897,605602,605631,29
114,0,blank,0,156.0979,510.0131,605872,605903,31
114,0,blank,0,189.1843,443.7803,606052,606082,30
114,0,blank,0,273.7409,520.8144,606321,606350,29
114,0,blank,0,247.9333,472.8201,606589,606619,30
114,29,++,183,292.114466666667,493.503533333333,606826,606914,88
114,27,0,171,258.3196,465.4915,606973,607002,29
114,27,0,171,263.3892,459.7425,607032,607062,30
114,0,blank,0,272.0551,470.6716,607150,607180,30
114,27,),172,286.3703,456.5614,607210,607240,30
114,0,blank,0,300.8318,454.3115,607391,607421,30
114,27,),172,288.58145,462.8504,607481,607541,60
114,0,blank,0,284.9876,471.215,607572,607602,30
114,0,blank,0,300.70935,456.3465,607633,607691,58
114,0,blank,0,282.40315,437.38165,607720,607780,60
114,20,num2,122,267.0262,293.0682,607928,607958,30
114,0,blank,0,300.2747,312.34355,608139,608257,118
114,21,),143,284.6409,320.6534,608347,608376,29
114,20,num2,122,269.5767,311.3139,608406,608494,88
114,21,),143,287.6703,322.4332,608731,608760,29
114,0,blank,0,309.116,463.3778,608907,608937,30
114,0,blank,0,271.618,439.2665,609146,609176,30
114,0,blank,0,311.5641,465.5207,609295,609324,29
114,0,blank,0,307.4193,482.4031,609708,609737,29
114,0,blank,0,277.0032,405.1065,609857,609887,30
114,0,blank,0,254.6392,377.6372,609977,610007,30
114,0,blank,0,256.4401,469.0096,610457,610486,29
114,21,),143,285.4444,329.9991,611157,611187,30
114,21,0,142,263.06025,328.60285,611217,611277,60
114,0,blank,0,269.4507,393.5331,611570,611600,30
114,0,blank,0,317.768,478.5745,611718,611747,29
114,0,blank,0,304.8514,463.97555,611808,611867,59
114,0,blank,0,307.6215,434.0085,611987,612016,29
114,0,blank,0,326.7571,450.603,612046,612075,29
114,0,blank,0,320.4634,462.79965,612432,612491,59
114,0,blank,0,268.717,432.0482,612904,612936,32
114,0,blank,0,267.9737,479.32835,612995,613057,62
114,0,blank,0,233.1471,444.8748,613116,613145,29
114,0,blank,0,263.85105,352.67505,613718,613779,61
114,21,0,142,257.6146,327.4166,613929,613958,29
114,0,blank,0,277.4329,339.8994,614018,614047,29
114,0,blank,0,284.6843,312.7331,614136,614166,30
114,0,blank,0,262.7574,437.0989,614224,614254,30
114,0,blank,0,256.3381,468.8099,614995,615025,30
114,27,0,171,256.5447,460.8681,615201,615231,30
114,0,blank,0,-350,-105,615793,615925,132
114,27,0,171,259.0154,460.2204,616427,616455,28
114,0,blank,0,281.1672,473.1292,616623,616650,27
114,0,blank,0,295.2401,464.359,619032,619062,30
114,0,blank,0,296.8914,465.2562,619122,619152,30
114,0,blank,0,310.5656,542.3939,619483,619513,30
114,0,blank,0,294.2217,486.1214,619812,619840,28
114,0,blank,0,274.7839,466.4659,619928,619959,31
114,0,blank,0,232.3594,488.7927,620407,620436,29
114,0,blank,0,327.5697,502.7521,620733,620762,29
114,0,blank,0,341.492,492.8624,620881,620911,30
114,0,blank,0,348.3477,526.387,620940,620970,30
114,0,blank,0,321.8984,494.1433,621029,621059,30
114,0,blank,0,227.524,478.5032,621535,621565,30
114,0,blank,0,193.308,470.2709,621751,621778,27
114,29,],182,217.1808,497.2053,621839,621869,30
114,0,blank,0,234.2174,499.7612,621899,621929,30
114,0,blank,0,243.7495,484.033,621961,621991,30
114,29,;,184,306.3309,497.039,622264,622295,31
114,0,blank,0,274.4544,518.5094,622417,622448,31
114,0,blank,0,256.4501,477.825,622507,622537,30
114,29,a,181,265.7391,503.3439,622692,622724,32
114,0,blank,0,277.7455,475.6232,622906,622935,29
114,0,blank,0,232.5101,495.556,622966,622995,29
114,29,a,181,251.8499,492.8351,623115,623145,30
114,27,==,170,218.6661,459.4589,623236,623266,30
114,29,array2,176,168.69385,500.98325,623445,623504,59
114,29,[,177,202.5569,490.5752,623715,623775,60
114,29,array2,176,171.7316,495.4879,623836,623867,31
114,0,blank,0,289.056,578.6776,624011,624040,29
114,34,num2,210,256.213,602.1541,624218,624248,30
114,0,blank,0,253.8154,626.2122,624277,624308,31
114,34,num2,210,268.6484,606.81105,624339,624399,60
114,0,blank,0,315.4815,594.18995,624643,624703,60
114,0,blank,0,396.6431,618.6569,625200,625232,32
114,0,blank,0,373.1583,634.4891,625356,625415,59
114,0,blank,0,342.1767,624.6196,625625,625657,32
114,0,blank,0,321.2726,650.8004,625782,625813,31
114,0,blank,0,284.3004,515.0056,625934,625964,30
114,0,blank,0,287.6443,417.6783,626355,626382,27
114,0,blank,0,-350,-105,626483,626631,148
114,0,blank,0,347.303,458.7591,626750,626771,21
114,0,blank,0,323.9196,399.9316,626923,626953,30
114,0,blank,0,245.5087,478.9083,627348,627379,31
114,0,blank,0,235.626933333333,445.7846,627468,627564,96
114,0,blank,0,254.1357,433.2209,627714,627744,30
114,0,blank,0,239.3101,445.5473,627804,627833,29
114,29,[,177,198.2966,497.5782,628081,628108,27
114,29,++,183,283.6296,500.4563,628420,628450,30
114,0,blank,0,324.5121,495.2887,628511,628541,30
114,29,;,184,309.96515,495.1654,628634,628694,60
114,0,blank,0,-350,-105,628969,629101,132
114,29,a,181,258.606,499.7118,629299,629324,25
114,0,blank,0,290.1329,487.9786,629563,629593,30
114,0,blank,0,364.5693,489.3474,629833,629863,30
114,0,blank,0,166.5797,542.4059,630289,630320,31
114,32,26,197,217.1271,565.4117,630475,630505,30
114,0,blank,0,185.8496,533.3889,630567,630598,31
114,0,blank,0,347.7406,482.3463,630932,630962,30
114,0,blank,0,351.9109,470.2992,631120,631228,108
114,0,blank,0,-350,-105,631420,631486,66
114,0,blank,0,413.3112,612.9566,631591,631641,50
114,0,blank,0,577.8503,720.0401,632224,632254,30
114,0,blank,0,641.5269,777.9296,632552,632580,28
114,0,blank,0,658.084,764.5588,632642,632667,25
114,0,blank,0,671.329,790.9988,632989,633023,34
114,0,blank,0,-350,-105,633227,633410,183
114,0,blank,0,-350,-105,633410,633586,176
114,0,blank,0,-350,-105,633586,633782,196
114,0,blank,0,-350,-105,633782,633960,178
114,0,blank,0,-350,-105,633960,634137,177
114,0,blank,0,190.0224,673.2419,634169,634201,32
114,0,blank,0,-350,-105,634312,634395,83
114,0,blank,0,-350,-105,635106,635290,184
114,0,blank,0,-350,-105,635290,635479,189
114,0,blank,0,-350,-105,635479,635563,84
114,0,blank,0,294.394,544.9322,635625,635650,25
114,0,blank,0,-350,-105,635828,636021,193
114,0,blank,0,-350,-105,636021,636097,76
114,0,blank,0,313.4329,614.9745,636424,636453,29
114,0,blank,0,317.8391,606.1306,636515,636546,31
114,0,blank,0,-350,-105,636843,637003,160
114,0,blank,0,-350,-105,637003,637045,42
114,0,blank,0,351.0272,640.4589,637183,637214,31
114,0,blank,0,325.2829,625.5045,637422,637453,31
114,0,blank,0,-350,-105,637694,637890,196
114,0,blank,0,272.4272,622.1553,638015,638073,58
114,0,blank,0,-350,-105,638236,638365,129
114,0,blank,0,298.0781,626.0569,638475,638501,26
114,0,blank,0,255.4879,632.3711,638798,638829,31
114,0,blank,0,-350,-105,639135,639212,77
114,0,blank,0,280.7469,655.989,639320,639346,26
114,0,blank,0,252.9094,628.7407,639399,639424,25
114,0,blank,0,263.2703,620.3452,639454,639485,31
114,34,num2,210,251.3127,610.463,639610,639642,32
114,0,blank,0,250.2128,635.2183,639828,639859,31
114,0,blank,0,279.7931,665.166,640325,640355,30
114,0,blank,0,-350,-105,640388,640521,133
114,0,blank,0,244.609,674.3337,640602,640627,25
114,0,blank,0,228.7988,673.4476,640690,640734,44
114,35,0,216,200.19825,635.90175,641600,641660,60
114,0,blank,0,-350,-105,642025,642128,103
114,0,blank,0,183.3664,641.095733333333,642234,642312,78
114,0,blank,0,193.7095,645.3272,642342,642374,32
114,35,;,217,211.29462,629.84686,642680,642830,150
114,34,num2,210,234.4766,609.9114,642889,642920,31
114,0,blank,0,212.4895,621.3685,642979,643009,30
114,0,blank,0,229.519,624.0735,643100,643129,29
114,34,num2,210,242.82375,614.50175,643310,643369,59
114,34,num2,210,252.7502,612.7014,643429,643459,30
114,34,num2,210,246.8979,614.9543,643488,643518,30
114,0,blank,0,248.2487,621.7214,643577,643607,30
114,0,blank,0,292.8412,667.8323,643757,643786,29
114,0,blank,0,253.0229,638.4146,643906,643936,30
114,0,blank,0,241.5977,649.0118,643967,643997,30
114,0,blank,0,239.21,656.6063,644058,644088,30
114,0,blank,0,230.3422,664.9725,644179,644209,30
114,0,blank,0,239.5465,656.311,644270,644300,30
114,0,blank,0,175.08125,-103.9689,644361,644479,118
114,0,blank,0,86.2853333333333,-103.905033333333,644509,644697,188
114,0,blank,0,84.5473,-103.89015,644697,644759,62
114,0,blank,0,-350,-105,644910,645097,187
114,0,blank,0,-350,-105,645097,645282,185
114,0,blank,0,-350,-105,645282,645453,171
114,0,blank,0,-350,-105,645453,645631,178
114,0,blank,0,-350,-105,645631,645811,180
114,0,blank,0,-350,-105,645811,645992,181
114,0,blank,0,-350,-105,645992,646172,180
114,0,blank,0,-350,-105,646172,646352,180
114,0,blank,0,-350,-105,646352,646523,171
114,0,blank,0,247.8752,632.5288,647268,647298,30
114,0,blank,0,-350,-105,647595,647774,179
114,0,blank,0,-350,-105,647985,648171,186
114,0,blank,0,-350,-105,648171,648349,178
114,0,blank,0,-350,-105,648349,648492,143
114,0,blank,0,336.6036,-103.99,648546,648608,62
114,0,blank,0,-350,-105,649536,649717,181
114,0,blank,0,-350,-105,649717,649897,180
114,0,blank,0,-350,-105,649897,649928,31
114,0,blank,0,-350,-105,650797,650963,166
114,0,blank,0,-350,-105,650963,651069,106
114,0,blank,0,-350,-105,651742,651931,189
114,0,blank,0,-350,-105,651931,652031,100
114,0,blank,0,351.849425,-103.9484,652137,652258,121
114,0,blank,0,367.4444,-103.88875,652393,652455,62
114,0,blank,0,336.761733333333,-103.883933333333,652517,652609,92
114,0,blank,0,331.5257,-103.88515,652671,652733,62
114,0,blank,0,324.0882,-103.8833,652826,652856,30
114,0,blank,0,256.3937,-103.997,652949,652980,31
114,0,blank,0,255.6383,771.238766666667,653012,653106,94
114,0,blank,0,190.774933333333,689.422,653232,653325,93
114,0,blank,0,168.2201,652.2478,653512,653542,30
114,0,blank,0,-350,-105,653696,653882,186
114,34,[,211,170.0483,606.4119,653908,653934,26
114,0,blank,0,187.430566666667,622.744533333333,653956,654047,91
114,35,return,215,163.90485,640.17105,654138,654198,60
114,35,return,215,160.43955,637.2119,654258,654320,62
114,34,!=,209,214.5056,614.4254,654500,654530,30
114,0,blank,0,210.9874,621.5554,654559,654589,30
114,34,!=,209,215.3364,606.2081,654921,654951,30
114,34,!=,209,206.9225,608.1032,655010,655041,31
114,0,blank,0,180.5124,642.0798,655251,655281,30
114,0,blank,0,200.2874,650.4846,655525,655555,30
114,0,blank,0,201.36795,622.986,655926,655988,62
114,0,blank,0,267.95486,625.15688,656082,656235,153
114,0,blank,0,273.022,635.5934,656266,656296,30
114,0,blank,0,273.9267,790.255,656640,656702,62
114,0,blank,0,282.5946,778.9318,656733,656794,61
114,0,blank,0,283.7644,787.3205,656918,656978,60
114,0,blank,0,583.7402,-103.8854,657130,657162,32
114,0,blank,0,566.8155,-103.8913,657224,657256,32
114,0,blank,0,-350,-105,657383,657579,196
114,0,blank,0,456.838125,-103.8378,657613,657732,119
114,0,blank,0,467.2801,-103.833,657763,657795,32
114,0,blank,0,302.0035,716.8266,658000,658034,34
114,0,blank,0,301.3339,714.9911,658098,658131,33
114,0,blank,0,273.0448,793.1932,658320,658349,29
114,0,blank,0,278.5152,772.9438,658470,658502,32
114,0,blank,0,340.33558,-103.97088,658595,658746,151
114,0,blank,0,-350,-105,658869,659056,187
114,0,blank,0,-350,-105,659056,659246,190
114,0,blank,0,-350,-105,659246,659445,199
114,0,blank,0,-350,-105,659445,659634,189
114,0,blank,0,-350,-105,659634,659824,190
114,0,blank,0,-350,-105,659824,659992,168
114,0,blank,0,-350,-105,659992,660171,179
114,0,blank,0,-350,-105,660171,660345,174
114,0,blank,0,-350,-105,660345,660515,170
114,0,blank,0,-350,-105,660515,660683,168
114,0,blank,0,471.0588,-103.9993,661013,661044,31
114,0,blank,0,451.7527,-103.975,661104,661134,30
114,0,blank,0,465.4471,792.2458,661165,661195,30
114,0,blank,0,474.9452,-103.9883,661226,661318,92
114,0,blank,0,472.4275,-103.97805,661380,661443,63
114,0,blank,0,470.664733333333,-103.981233333333,661541,661647,106
114,0,blank,0,480.6669,-103.9796,661679,661710,31
114,0,blank,0,-350,-105,661773,661959,186
114,0,blank,0,-350,-105,661959,662142,183
114,0,blank,0,-350,-105,662142,662326,184
114,0,blank,0,-350,-105,662326,662515,189
114,0,blank,0,-350,-105,662515,662694,179
114,0,blank,0,-350,-105,662694,662873,179
114,0,blank,0,-350,-105,662873,663054,181
114,0,blank,0,-350,-105,663054,663234,180
114,0,blank,0,-350,-105,663234,663398,164
114,0,blank,0,-350,-105,663398,663590,192
114,0,blank,0,-350,-105,663590,663776,186
114,0,blank,0,-350,-105,663776,663974,198
114,0,blank,0,-350,-105,663974,664166,192
114,0,blank,0,-350,-105,664166,664343,177
114,0,blank,0,-350,-105,664343,664475,132
114,0,blank,0,630.98035,-6.90349999999999,664653,664714,61
114,0,blank,0,628.4232,9.10250000000001,664804,664833,29
114,0,blank,0,612.984,-2.12479999999999,664862,664892,30
114,0,blank,0,365.2305,130.4067,664980,665010,30
114,0,blank,0,420.878066666667,180.551633333333,665277,665365,88
114,15,array1,89,479.23965,196.94455,665425,665484,59
114,15,array1,89,505.0673,196.6349,665601,665631,30
114,15,array1,89,508.933,186.0058,665689,665719,30
114,0,blank,0,-350,-105,665838,666028,190
114,0,blank,0,-350,-105,666028,666208,180
114,0,blank,0,-350,-105,666208,666397,189
114,0,blank,0,-350,-105,666397,666595,198
114,0,blank,0,-350,-105,666595,666672,77
115,0,blank,0,-350,-105,666729,666906,177
115,0,blank,0,-350,-105,666906,667019,113
116,0,blank,0,-350,-105,667110,667305,195
116,0,blank,0,-350,-105,667305,667480,175
116,0,blank,0,-350,-105,667480,667657,177
116,0,blank,0,-350,-105,667657,667834,177
116,0,blank,0,-350,-105,667834,668012,178
116,0,blank,0,-350,-105,668012,668174,162
116,0,blank,0,-350,-105,668174,668333,159
117,0,blank,0,-350,-105,668413,668595,182
117,0,blank,0,-350,-105,668595,668782,187
117,0,blank,0,-350,-105,668782,668962,180
