Frameno_fix,lineno_fix,Tokenname_fix,tokens_id,gaze_X_fix,gaze_Y_fix,timestamp_fix_start,timestamp_fix_end,time_duration
100,0,blank,0,468.1291,43.9229,3848,3881,33
100,1,Anagrams,11,470.6812,10.983,4045,4077,32
100,0,blank,0,447.5182,31.695,4110,4143,33
100,0,blank,0,429.5381,-16.89,4238,4271,33
100,0,blank,0,429.24345,1.6653,4362,4424,62
100,0,blank,0,527.837266666667,46.1349333333333,4490,4585,95
100,0,blank,0,520.8029,56.9281,4746,4780,34
100,0,blank,0,440.097633333333,31.5150666666667,4909,5007,98
100,2,include,15,52.7637,29.7353,5137,5172,35
100,0,blank,0,55.4939,46.6965,5205,5238,33
100,1,Program,4,51.4687,11.6494,5272,5306,34
100,2,include,15,48.7286,30.1292,5408,5475,67
100,1,Program,4,98.13305,20.4631,5609,5744,135
100,0,blank,0,85.2415,40.2706,5777,5810,33
100,6,flag,38,120.1457,124.2385,5844,5876,32
100,5,array1,27,97.1785,96.5067,6042,6075,33
100,0,blank,0,206.2302,87.5652,6341,6374,33
100,5,array1,27,126.7519,104.1827,6506,6539,33
100,0,blank,0,159.1461,87.5801,6863,6897,34
100,0,blank,0,114.6259,309.5307,6999,7033,34
100,13,printf,75,108.52765,285.19165,7067,7133,66
100,0,blank,0,67.1135,412.3544,7200,7233,33
100,0,blank,0,190.2837,348.82555,7636,7704,68
100,0,blank,0,129.40135,370.50415,7940,8007,67
100,0,blank,0,148.0981,357.9506,8107,8140,33
100,0,blank,0,91.3505,-9.2898,8240,8273,33
100,0,blank,0,59.4878,-10.7388,8341,8373,32
100,1,Program,4,87.92735,15.0503,8473,8539,66
100,1,Program,4,78.3799,20.2171,8605,8640,35
100,12,flag,71,119.6919,263.4809,8904,8937,33
100,6,flag,38,118.4895,131.6763,9103,9136,33
100,6,flag,38,105.4777,121.0168,9268,9299,31
100,0,blank,0,147.624625,80.20635,9396,9529,133
100,1,Program,4,68.9864,20.3243,9597,9630,33
100,2,include,15,72.72,30.9555,9663,9696,33
100,3,main,22,83.06065,64.1489,9797,9864,67
100,3,),24,97.6471,54.9622,9961,9996,35
100,0,blank,0,109.867666666667,301.842966666667,10162,10262,100
100,13,printf,75,107.936,282.6841,10328,10360,32
100,7,printf,40,99.35415,140.8283,10590,10655,65
100,7,printf,40,94.39155,145.15125,10689,10755,66
100,0,blank,0,202.3182,114.6664,11083,11115,32
100,7,"Enterthestring\n",42,214.2697,135.8847,11147,11180,33
100,7,printf,40,98.1976,142.7741,11311,11344,33
100,6,flag,38,97.31665,117.25715,11377,11443,66
100,10,array2,57,124.764,202.9116,11805,11836,31
100,10,array2,57,110.6437,213.7289,11968,12000,32
100,10,array2,57,133.9812,201.370066666667,12068,12197,129
100,10,gets,55,62.63776,207.25254,12446,12609,163
100,9,"Enteranotherstring\n",52,175.0614,194.8302,12675,12708,33
100,9,"Enteranotherstring\n",52,160.131,195.485,12933,12966,33
100,0,blank,0,222.1953,215.213866666667,13159,13257,98
100,18,find_anagram,99,108.3217,393.41195,13418,13482,64
100,0,blank,0,149.5342,357.20555,13605,13694,89
100,0,blank,0,162.17045,352.26245,13791,13857,66
100,0,blank,0,217.70655,213.01035,14051,14114,63
100,0,blank,0,230.0398,207.7707,14244,14277,33
100,11,find_anagram,62,137.2988,227.2766,14371,14405,34
100,11,find_anagram,62,115.54095,242.0096,14663,14729,66
100,11,find_anagram,62,207.4442,235.9422,14829,14861,32
100,13,"%sand%sareanagrams.\n",77,414,284.9386,15087,15120,33
100,13,"%sand%sareanagrams.\n",77,411.6197,280.97395,15267,15356,89
100,8,),48,159.2982,164.0829,15502,15531,29
100,8,;,49,165.3793,176.291,15598,15692,94
100,0,blank,0,99.4178,88.0981,16044,16075,31
100,6,flag,38,96.2554,115.4447,16106,16137,31
100,5,array1,27,105.2897,93.8775,16363,16393,30
100,0,blank,0,126.1268,74.6303,16587,16618,31
100,0,blank,0,-350,-105,16749,16889,140
100,0,blank,0,171.1931,79.5678,17098,17130,32
100,5,array2,32,246.9169,100.0989,17390,17422,32
100,0,blank,0,253.66,79.8705,17487,17521,34
100,0,blank,0,280.8386,113.5238,17620,17654,34
100,5,array2,32,275.48145,96.22615,17685,17748,63
100,0,blank,0,276.7673,120.676766666667,17812,17909,97
100,0,blank,0,103.7893,113.5633,18005,18039,34
100,6,flag,38,95.8325,121.906,18073,18107,34
100,5,array1,27,113.4834,102.2221,18205,18236,31
100,5,array1,27,130.6704,98.0568,18268,18335,67
100,0,blank,0,128.9176,89.8705,18434,18525,91
100,0,blank,0,80.6488,129.689,18639,18735,96
100,6,flag,38,111.3691,119.6776,18959,18992,33
100,0,blank,0,82.61975,130.7253,19025,19090,65
100,6,flag,38,123.3544,114.773,19156,19189,33
100,5,array1,27,128.4933,98.39815,19254,19320,66
100,5,char,26,45.8718,111.2407,19488,19521,33
100,6,int,37,58.7473333333333,127.5138,19554,19651,97
100,0,blank,0,105.89275,90.19005,19741,19795,54
100,0,blank,0,105.53705,84.81845,19860,19919,59
100,0,blank,0,104.5452,90.6232,19951,19983,32
100,5,array1,27,102.1072,94.1352,20016,20082,66
100,0,blank,0,84.4726,95.3110333333333,20140,20238,98
100,5,array1,27,96.078,96.2402,20428,20527,99
100,0,blank,0,114.9838,85.263,20560,20592,32
100,5,array1,27,102.4957,99.8121,20626,20660,34
100,0,blank,0,104.1312,113.7357,20957,20990,33
100,6,int,37,68.2517,132.4318,21090,21123,33
100,0,blank,0,82.83245,115.19075,21188,21253,65
100,6,int,37,64.8559,127.078,21286,21442,156
100,0,blank,0,200.51645,117.58225,21467,21531,64
100,0,blank,0,186.0087,122.9912,21597,21628,31
100,0,blank,0,162.1258,121.52795,21783,21839,56
100,0,blank,0,267.1294,130.4084,22101,22134,33
100,7,"Enterthestring\n",42,247.5146,145.9642,22199,22231,32
100,0,blank,0,168.0408,126.6488,22396,22429,33
100,7,"Enterthestring\n",42,144.6685,149.5205,22462,22495,33
100,0,blank,0,82.6598,129.0826,22624,22657,33
100,0,blank,0,176.3462,165.5142,22755,22788,33
100,7,"Enterthestring\n",42,159.24425,154.38145,22822,22887,65
100,7,printf,40,83.3175333333333,153.383333333333,22986,23084,98
100,7,printf,40,91.2085,146.1296,23148,23181,33
100,8,array1,47,128.9497,177.2313,23279,23312,33
100,7,"Enterthestring\n",42,161.3204,147.7664,23508,23542,34
100,7,printf,40,87.3961666666667,138.894166666667,23673,23770,97
100,7,"Enterthestring\n",42,146.0948,148.2132,23868,23901,33
100,8,array1,47,148.29015,167.0055,23967,24033,66
100,7,"Enterthestring\n",42,148.9359,148.4717,24065,24100,35
100,0,blank,0,156.7618,132.6638,24129,24162,33
100,7,"Enterthestring\n",42,148.5071,155.7316,24293,24326,33
100,7,"Enterthestring\n",42,160.9476,148.843,24358,24391,33
100,8,array1,47,150.5745,159.2733,24488,24584,96
100,8,array1,47,122.9776,174.8283,24871,24902,31
100,9,printf,50,57.1993,192.2949,24934,24998,64
100,9,printf,50,82.9657,189.102225,25127,25258,131
100,8,array1,47,142.674525,170.39375,25484,25615,131
100,0,blank,0,276.59535,168.5273,25679,25744,65
100,0,blank,0,298.9598,174.4529,25843,25875,32
100,9,"Enteranotherstring\n",52,177.15225,183.657525,25939,26070,131
100,0,blank,0,237.7076,176.0129,26293,26326,33
100,7,"Enterthestring\n",42,262.2349,151.3795,26358,26390,32
100,10,array2,57,112.104766666667,204.537933333333,26551,26746,195
100,9,"Enteranotherstring\n",52,135.196425,198.476075,27100,27225,125
100,10,array2,57,118.94885,207.9594,27322,27387,65
100,9,"Enteranotherstring\n",52,127.5493,188.69225,27453,27516,63
100,11,flag,60,66.3974,223.7486,27549,27581,32
100,10,gets,55,74.2921666666667,218.2848,27646,27743,97
100,9,printf,50,77.2693,191.3304,28065,28097,32
100,10,array2,57,139.4687,205.721133333333,28193,28290,97
100,0,blank,0,-350,-105,28386,28473,87
100,9,"Enteranotherstring\n",52,180.8064,183.3009,28975,29008,33
100,0,blank,0,117.1642,200.9016,29102,29132,30
100,9,"Enteranotherstring\n",52,128.0546,184.1708,29197,29228,31
100,0,blank,0,223.19125,202.2622,29474,29536,62
100,9,"Enteranotherstring\n",52,225.086,188.58115,29658,29719,61
100,5,array1,27,139.5544,101.6723,29874,29906,32
100,0,blank,0,167.4253,125.9503,30059,30090,31
100,5,array1,27,150.3025,111.3227,30282,30307,25
100,0,blank,0,181.44825,79.1737,30399,30465,66
100,11,array1,64,282.8834,236.9685,30557,30589,32
100,0,blank,0,285.709,212.2708,30652,30686,34
100,11,array2,66,341.2613,242.322,31223,31255,32
100,11,array2,66,355.5749,228.73435,31352,31418,66
100,0,blank,0,154.9755,253.494,31610,31643,33
100,11,find_anagram,62,161.058,230.7812,31676,31707,31
100,0,blank,0,125.787,255.0962,31804,31837,33
100,0,blank,0,124.62125,250.350275,31930,32060,130
100,11,find_anagram,62,149.2403,239.222,32155,32188,33
100,11,find_anagram,62,134.8699,224.5246,32220,32252,32
100,0,blank,0,86.10035,223.6028,32314,32379,65
100,11,find_anagram,62,158.3992,228.3148,32671,32702,31
100,9,(,51,112.7058,198.3435,32733,32764,31
100,9,printf,50,101.3418,181.5555,33115,33147,32
100,6,flag,38,109.9068,128.894566666667,33360,33454,94
100,6,flag,38,102.024,133.75235,33772,33839,67
100,11,find_anagram,62,133.5991,238.977,34114,34145,31
100,11,find_anagram,62,128.5703,233.7094,34275,34301,26
100,11,find_anagram,62,161.7624,225.5917,34684,34715,31
100,12,==,72,143.4398,259.9261,34814,34846,32
100,11,find_anagram,62,139.7231,241.72005,34941,35006,65
100,0,blank,0,254.8755,265.0166,35191,35223,32
100,0,blank,0,268.5571,249.9396,35255,35286,31
100,0,blank,0,210.6221,265.602133333333,35351,35450,99
100,13,"%sand%sareanagrams.\n",77,316.9142,270.216,35675,35706,31
100,13,"%sand%sareanagrams.\n",77,346.6658,281.5489,35739,35770,31
100,13,"%sand%sareanagrams.\n",77,328.059,278.6792,35802,35833,31
100,13,"%sand%sareanagrams.\n",77,274.3266,285.8039,35965,35996,31
100,0,blank,0,234.328766666667,263.978766666667,36123,36223,100
100,0,blank,0,142.7703,133.3768,36414,36447,33
100,0,blank,0,380.4129,254.2345,36796,36821,25
100,0,blank,0,361.5104,250.5671,36915,36940,25
100,11,find_anagram,62,237.8279,224.7713,37106,37136,30
100,10,array2,57,97.89245,217.6048,37329,37390,61
100,11,flag,60,79.9019,232.1215,37453,37484,31
100,10,array2,57,95.4615,201.666,38087,38112,25
100,0,blank,0,243.8814,206.4441,38173,38206,33
100,0,blank,0,219.939833333333,217.296266666667,38239,38337,98
100,11,find_anagram,62,237.6572,231.5373,38464,38496,32
100,0,blank,0,202.9944,263.0162,38629,38659,30
100,12,flag,71,99.683,258.0221,38992,39117,125
100,13,printf,75,99.6126,269.4663,39117,39228,111
100,0,blank,0,352.2496,298.327,39365,39396,31
100,13,"%sand%sareanagrams.\n",77,365.9724,270.2838,39493,39519,26
100,0,blank,0,465.80535,299.15995,39619,39684,65
100,0,blank,0,417.9816,304.174,39840,39874,34
100,18,find_anagram,99,75.6002,391.7025,40005,40059,54
100,0,blank,0,86.1686,374.8639,40091,40122,31
100,18,find_anagram,99,85.1516,389.9738,40183,40215,32
100,0,blank,0,104.8393,358.4168,40312,40343,31
100,0,blank,0,120.2838,358.5666,40406,40438,32
100,16,return,94,99.0663,351.3975,40505,40537,32
100,16,return,94,96.6255,337.4011,40668,40701,33
100,18,find_anagram,99,71.394,383.4626,40766,40832,66
100,0,blank,0,-350,-105,40890,40975,85
100,0,blank,0,-350,-105,41252,41396,144
100,0,blank,0,1023.088,485.2847,42423,42495,72
101,0,blank,0,-350,-105,43461,43640,179
101,0,blank,0,-350,-105,43640,43733,93
101,13,"%sand%sareanagrams.\n",77,286.2122,142.8177,44206,44364,158
101,18,array1,102,242.2018,259.3412,45209,45243,34
101,0,blank,0,-350,-105,45335,45461,126
101,0,blank,0,316.2899,260.6247,45487,45513,26
101,0,blank,0,150.635,334.3519,45678,45703,25
101,20,26,124,147.2235,298.4354,45736,45768,32
101,18,array2,107,394.3079,255.6522,46067,46099,32
101,0,blank,0,346.8914,240.80145,46165,46241,76
101,20,num1,113,90.4676,306.8244,46937,46962,25
101,0,blank,0,-350,-105,47055,47230,175
101,0,blank,0,-350,-105,47230,47255,25
101,21,array1,137,134.0736,314.8689,47382,47407,25
101,0,blank,0,92.9836,335.2254,47527,47552,25
101,21,while,135,78.8368,320.6823,47613,47638,25
101,0,blank,0,-350,-105,48201,48387,186
101,0,blank,0,-350,-105,48387,48573,186
101,0,blank,0,-350,-105,48573,48726,153
101,0,blank,0,-350,-105,48726,48781,55
101,0,blank,0,235.9209,309.3292,49156,49202,46
101,0,blank,0,297.2626,277.1165,49574,49620,46
101,20,26,124,296.0591,294.1238,49668,49735,67
101,0,blank,0,224.8972,284.6675,49933,49966,33
101,20,},129,214.9932,305.8972,50031,50064,33
101,0,blank,0,194.575,283.3071,50130,50162,32
101,0,blank,0,164.4972,285.4028,50295,50327,32
101,0,blank,0,161.1863,273.1265,50393,50425,32
101,0,blank,0,120.7531,279.2159,50525,50558,33
101,0,blank,0,135.347733333333,277.533,50590,50689,99
101,0,blank,0,221.6151,276.6446,50785,50819,34
101,0,blank,0,235.4025,281.0479,50854,50884,30
101,0,blank,0,230.99315,268.965,50915,50982,67
101,0,blank,0,201.5115,273.11935,51012,51078,66
101,18,find_anagram,99,115.8922,267.1377,51238,51270,32
101,20,num1,113,116.69425,293.36515,51367,51433,66
101,0,blank,0,129.4896,276.7514,51466,51497,31
101,0,blank,0,76.5916,285.2214,51560,51593,33
101,0,blank,0,94.6641,289.8976,51655,51685,30
101,0,blank,0,157.64975,288.49635,51910,52033,123
101,0,blank,0,125.3554,275.2834,52196,52226,30
101,0,blank,0,110.7908,273.8792,52258,52291,33
101,0,blank,0,275.8522,286.021,52355,52386,31
101,20,num2,122,261.3746,292.0878,52453,52484,31
101,0,blank,0,243.2788,286.1264,52553,52586,33
101,20,num2,122,251.4648,309.1104,52617,52648,31
101,20,comma,130,230.3497,306.9093,52972,53003,31
101,20,{,127,193.493,302.499,53129,53160,31
101,20,=,132,180.8049,297.3712,53228,53263,35
101,0,blank,0,205.8414,287.867,53294,53356,62
101,0,blank,0,340.3834,274.3454,53519,53550,31
101,0,blank,0,348.9265,296.7622,53582,53615,33
101,0,blank,0,360.5271,291.9178,53678,53703,25
101,20,],125,317.3806,295.3786,53766,53797,31
101,20,26,124,301.5015,309.4229,53892,53922,30
101,20,],125,316.7615,301.0809,53986,54018,32
101,20,=,132,340.2968,308.648,54083,54116,33
101,0,blank,0,350.54405,297.09715,54308,54369,61
101,0,blank,0,161.6894,272.9193,54401,54437,36
101,0,blank,0,210.7684,276.6476,54659,54696,37
101,0,blank,0,187.5399,301.2081,54731,54762,31
101,0,blank,0,387.1525,287.898,55021,55054,33
101,20,{,127,360.4438,311.2417,55089,55122,33
101,20,comma,130,387.56,303.8165,55217,55282,65
101,20,},129,381.2887,306.4573,55307,55368,61
101,0,blank,0,395.6617,303.8474,55489,55519,30
101,0,blank,0,380.95535,315.90105,55552,55617,65
101,0,blank,0,77.0257,276.8994,55680,55713,33
101,0,blank,0,77.7044666666667,275.493733333333,56005,56099,94
101,20,0,133,207.7522,309.149066666667,56194,56289,95
101,21,array1,137,114.1003,320.3829,56421,56452,31
101,20,[,123,128.8799,305.2039,56548,56583,35
101,21,array1,137,171.8835,318.0398,56676,56709,33
101,20,=,132,177.1414,298.8454,56804,56836,32
101,21,while,135,70.87542,313.21418,56904,57071,167
101,20,num1,113,92.6804,294.7718,57104,57141,37
101,0,blank,0,120.8715,352.784,57473,57542,69
101,0,blank,0,100.327,354.2324,57610,57641,31
101,0,blank,0,137.9646,349.0435,57674,57743,69
101,0,blank,0,243.2986,359.79925,57882,57946,64
101,0,blank,0,228.11795,357.3532,57977,58116,139
101,0,blank,0,123.812033333333,354.761366666667,58184,58283,99
101,23,[,148,125.8555,360.5427,58321,58356,35
101,23,num1,145,120.1728,376.5428,58452,58490,38
101,23,num1,145,108.407666666667,365.4054,58589,58690,101
101,23,num1,145,97.6065,377.4125,58794,58827,33
101,0,blank,0,90.3595,354.4171,58865,58896,31
101,23,array1,147,140.2074,366.1974,58963,59000,37
101,0,blank,0,154.7301,348.3956,59032,59063,31
101,0,blank,0,140.6917,334.3553,59191,59230,39
101,21,(,136,106.4579,324.7166,59320,59435,115
101,0,blank,0,-350,-105,59695,59757,62
101,0,blank,0,97.3741,536.5928,59784,59810,26
101,0,blank,0,143.8031,357.4882,59986,60017,31
101,0,blank,0,139.6362,334.5553,60055,60086,31
101,0,blank,0,128.9743,335.6576,60149,60221,72
101,0,blank,0,129.9096,339.9136,60251,60314,63
101,0,blank,0,73.21815,345.72565,60483,60545,62
101,0,blank,0,67.1807,339.410266666667,60615,60709,94
101,0,blank,0,147.8076,340.9454,61059,61089,30
101,0,blank,0,207.3751,316.752,61190,61220,30
101,0,blank,0,181.4412,356.0068,61283,61315,32
101,0,blank,0,227.6238,354.4536,61645,61710,65
101,0,blank,0,169.5081,354.2557,61841,61873,32
101,23,[,148,195.8308,358.8028,62066,62132,66
101,0,blank,0,250.7334,343.98395,62488,62553,65
101,0,blank,0,232.5876,340.7054,62584,62617,33
101,23,],153,215.4417,372.3132,62681,62713,32
101,0,blank,0,186.10075,357.85825,62778,62843,65
101,23,array1,147,180.4194,362.2839,62875,62974,99
101,23,array1,147,188.8331,365.8141,63039,63072,33
101,23,array1,147,192.05495,364.9646,63105,63172,67
101,0,blank,0,189.2205,218.2021,63302,63333,31
101,18,find_anagram,99,167.24535,250.5118,63366,63434,68
101,18,find_anagram,99,149.7509,259.2331,63500,63533,33
101,18,find_anagram,99,113.6664,255.2016,63564,63595,31
101,0,blank,0,140.87595,271.58305,63725,63787,62
101,0,blank,0,152.3301,357.7549,63917,63950,33
101,23,array1,147,165.9044,367.471,64015,64079,64
101,0,blank,0,231.1805,365.3155,64177,64209,32
101,0,blank,0,261.9199,336.5952,64242,64275,33
101,0,blank,0,240.4971,356.673433333333,64376,64476,100
101,0,blank,0,301.291533333333,352.648933333333,64668,64767,99
101,23,num1,145,89.6018,367.3745,64896,64928,32
101,23,num1,145,107.226,363.8844,64960,65062,102
101,23,num1,145,99.9624,366.6145,65134,65166,32
101,23,num1,145,120.24845,365.9554,65231,65293,62
101,0,blank,0,88.5787,380.23,65421,65455,34
101,23,num1,145,113.4367,364.3065,65824,65856,32
101,23,array1,147,136.8924,364.3172,65889,65923,34
101,23,num1,145,88.4139666666667,368.940466666667,66163,66269,106
101,0,blank,0,76.3643,369.6879,66300,66332,32
101,23,num1,145,110.3341,359.9727,66363,66395,32
101,0,blank,0,74.6639,394.957233333333,66499,66600,101
101,0,blank,0,83.1236,409.8881,66760,66793,33
101,0,blank,0,69.9951,390.2407,66824,66856,32
101,25,},159,50.9389,420.8646,66888,66926,38
101,20,num1,113,115.3375,294.4538,67432,67466,34
101,0,blank,0,108.9373,273.64005,67499,67563,64
101,20,num1,113,88.90925,303.9017,67691,67757,66
101,20,=,132,179.6335,310.793,67953,68017,64
101,21,array1,137,171.7778,322.6056,68043,68079,36
101,0,blank,0,134.7646,437.2651,68116,68154,38
101,27,array2,166,143.0445,449.38685,68252,68325,73
101,0,blank,0,159.9359,440.7661,68363,68394,31
101,0,blank,0,204.4621,439.403,68459,68491,32
101,0,blank,0,223.2747,428.0209,68702,68734,32
101,0,blank,0,248.2938,436.3167,69094,69127,33
101,0,blank,0,263.6725,432.2429,69190,69224,34
101,29,array2,176,135.7037,492.4407,69521,69553,32
101,0,blank,0,225.5284,486.1045,69844,69912,68
101,0,blank,0,224.3248,467.4034,69978,70009,31
101,0,blank,0,219.16535,474.52175,70041,70106,65
101,27,array2,166,157.28915,465.09075,70171,70236,65
101,27,0,171,278.6963,461.0336,70469,70501,32
101,0,blank,0,295.3908,480.2784,70533,70599,66
101,29,num2,174,88.0011,503.3429,70806,70838,32
101,0,blank,0,90.2844,485.5239,70937,70967,30
101,0,blank,0,131.60145,555.5339,71101,71173,72
101,0,blank,0,151.7062,538.3661,71242,71305,63
101,27,array2,166,118.1869,450.5723,71645,71677,32
101,0,blank,0,129.2237,482.48175,71908,71975,67
101,0,blank,0,130.19145,475.68735,72040,72104,64
101,0,blank,0,109.0731,418.9697,72331,72364,33
101,20,26,124,152.3501,306.32935,72398,72519,121
101,21,array1,137,131.91475,317.50135,72545,72618,73
101,0,blank,0,164.8723,272.7602,72804,72839,35
101,0,blank,0,104.7487,571.2679,73110,73148,38
101,0,blank,0,153.619,554.5031,73184,73216,32
101,0,blank,0,206.88955,539.85005,73565,73666,101
101,0,blank,0,227.6314,542.5638,73765,73801,36
101,0,blank,0,171.1406,537.8727,73898,73930,32
101,0,blank,0,150.20655,544.2657,73997,74061,64
101,32,<,196,191.48915,556.38605,74256,74322,66
101,0,blank,0,206.3372,532.3072,74355,74387,32
101,0,blank,0,190.756566666667,543.737166666667,74419,74520,101
101,0,blank,0,151.2601,531.9032,74676,74711,35
101,0,blank,0,200.9929,583.2811,74990,75023,33
101,0,blank,0,209.0064,578.6757,75023,75552,529
101,0,blank,0,199.528,588.6934,75552,75617,65
101,0,blank,0,166.1688,581.0491,75850,75886,36
101,0,blank,0,144.9415,585.6322,76022,76055,33
101,0,blank,0,74.5582,564.2294,76222,76253,31
101,35,return,215,152.4217,629.0566,76317,76350,33
101,35,return,215,151.9677,636.1642,76522,76555,33
101,0,blank,0,72.8411,643.2475,76755,76861,106
101,0,blank,0,105.2298,643.4028,76956,76989,33
101,10,array2,57,99.12245,87.66515,77768,77825,57
101,11,flag,60,78.99605,95.709,78084,78151,67
101,9,"Enteranotherstring\n",52,118.4336,50.4656,78415,78447,32
101,9,(,51,105.382,66.0924,78746,78778,32
101,9,"Enteranotherstring\n",52,115.4493,50.4224,78811,78844,33
101,8,array1,47,101.1299,32.2597,78911,78944,33
101,8,array1,47,97.9932,35.865,78978,79010,32
101,0,blank,0,77.851,48.5364,79043,79075,32
101,9,printf,50,100.6269,49.53005,79139,79206,67
101,8,array1,47,109.5759,29.9441,79239,79274,35
101,8,array1,47,101.1975,40.8769,79305,79337,32
101,9,"Enteranotherstring\n",52,139.6226,64.915,79371,79437,66
101,8,array1,47,139.2697,47.8241,79470,79505,35
101,9,"Enteranotherstring\n",52,123.2625,60.3476,79604,79635,31
101,8,array1,47,118.7186,35.4579,79978,80045,67
101,8,array1,47,107.8957,33.3537,80085,80117,32
101,7,"Enterthestring\n",42,180.3876,12.5445,80386,80418,32
101,0,blank,0,174.6592,28.0683,80485,80517,32
101,0,blank,0,262.3932,-4.4399,80888,81034,146
101,0,blank,0,158.0982,-0.923100000000005,81249,81282,33
101,7,"Enterthestring\n",42,243.107,11.7441,81349,81382,33
101,0,blank,0,-350,-105,81540,81677,137
101,10,gets,55,79.8517,89.0366,81793,81819,26
101,10,(,56,88.2003,76.848075,81924,82057,133
101,9,"Enteranotherstring\n",52,157.9774,60.2632,82288,82322,34
101,9,"Enteranotherstring\n",52,158.3992,53.2974,82389,82422,33
101,0,blank,0,973.5135,181.1018,82740,82861,121
101,0,blank,0,1025.5435,243.4628,83075,83142,67
101,0,blank,0,1016.163,270.6352,83174,83208,34
101,0,blank,0,995.5455,279.9913,83309,83399,90
101,0,blank,0,1016.322,64.3022,83660,83751,91
102,0,blank,0,991.19,51.5215,83919,83945,26
102,8,array1,47,124.4374,173.1285,84633,84691,58
102,9,"Enteranotherstring\n",52,139.3591,186.528,84800,84825,25
102,8,array1,47,124.334,170.3107,84888,84914,26
102,8,array1,47,108.4966,158.2344,84982,85015,33
102,6,flag,38,89.5037,132.607,85081,85106,25
102,7,printf,40,98.1975,137.8794,85169,85233,64
102,7,"Enterthestring\n",42,227.4651,146.0318,85622,85650,28
102,0,blank,0,235.1559,126.5851,85682,85715,33
102,0,blank,0,188.0593,167.6125,85919,85951,32
102,0,blank,0,287.7816,130.3742,86016,86081,65
102,0,blank,0,294.78535,158.94,86114,86229,115
102,7,"Enterthestring\n",42,199.9219,153.512,86424,86457,33
102,0,blank,0,-350,-105,86603,86704,101
102,13,"%sand%sareanagrams.\n",77,209.3987,275.0406,86729,86755,26
102,7,"Enterthestring\n",42,234.6385,155.4242,86841,86866,25
102,7,),43,320.1604,148.07305,87280,87345,65
102,0,blank,0,181.8537,91.2032,88161,88200,39
102,0,blank,0,233.5104,123.858,88247,88284,37
102,5,array2,32,277.3937,108.54995,88747,88816,69
102,0,blank,0,290.13565,120.86385,88848,88914,66
102,0,blank,0,287.6597,127.7759,88948,89014,66
102,5,[,33,287.9475,108.1055,89080,89113,33
102,5,array1,27,111.00745,111.79835,89702,89767,65
102,6,flag,38,115.2569,116.2807,89832,89864,32
102,7,"Enterthestring\n",42,128.0424,140.0199,89996,90029,33
102,7,printf,40,97.66735,148.23585,90161,90226,65
102,0,blank,0,104.0399,155.1801,90325,90357,32
102,0,blank,0,-350,-105,90390,90500,110
102,7,"Enterthestring\n",42,121.97815,146.16105,90637,90689,52
102,8,),48,157.239,174.1773,90721,90753,32
102,7,"Enterthestring\n",42,148.3582,149.8207,90884,90917,33
102,7,printf,40,72.96315,136.8343,91112,91177,65
102,7,printf,40,66.8611333333333,140.479866666667,91209,91305,96
102,7,"Enterthestring\n",42,145.555575,153.98675,91339,91468,129
102,8,gets,45,64.593,158.4128,91841,91873,32
102,7,printf,40,73.253325,155.57655,91905,92035,130
102,7,printf,40,87.1024,147.8529,92101,92134,33
102,8,(,46,86.0389,162.2512,92261,92389,128
102,8,array1,47,144.3714,167.7161,92454,92484,30
102,7,"Enterthestring\n",42,158.749133333333,150.6765,92515,92612,97
102,8,array1,47,122.439,170.8772,92730,92903,173
102,8,array1,47,121.085266666667,165.425766666667,92903,93018,115
102,7,"Enterthestring\n",42,199.3013,153.2041,93176,93208,32
102,9,"Enteranotherstring\n",52,200.6157,180.8569,93385,93495,110
102,0,blank,0,315.068833333333,164.0201,93548,93642,94
102,0,blank,0,315.73615,159.55705,93831,93895,64
102,0,blank,0,274.7375,167.5572,94084,94116,32
102,7,"Enterthestring\n",42,274.4563,154.5438,94265,94296,31
102,0,blank,0,145.4303,132.0047,94758,94790,32
102,7,"Enterthestring\n",42,136.3142,147.5743,94885,94915,30
102,8,array1,47,150.334833333333,164.8871,94948,95040,92
102,7,"Enterthestring\n",42,143.1413,143.5378,95070,95101,31
102,8,gets,45,72.1698,168.363,95262,95294,32
102,9,printf,50,67.5813,184.4284,95355,95387,32
102,0,blank,0,-350,-105,95450,95556,106
102,0,blank,0,75.7084333333333,178.4021,95798,95894,96
102,0,blank,0,73.696,200.38675,95989,96083,94
102,9,printf,50,55.3902333333333,180.421666666667,96108,96201,93
102,9,printf,50,51.136,199.9922,96231,96261,30
102,9,printf,50,93.03245,180.03395,96416,96476,60
102,9,printf,50,82.502,185.0756,96696,96729,33
102,0,blank,0,60.3638,178.9036,96759,96790,31
102,9,printf,50,57.5966,198.1481,96851,96881,30
102,8,gets,45,78.7817,175.369,97010,97039,29
102,8,gets,45,58.6947,176.6173,97130,97161,31
102,9,printf,50,55.9809,197.77,97195,97225,30
102,9,printf,50,59.6557,190.2004,97320,97497,177
102,9,printf,50,56.2476,180.3399,97497,97525,28
102,9,printf,50,52.42,189.9892,97620,97652,32
102,0,blank,0,-350,-105,97929,98063,134
102,0,blank,0,239.0211,157.7963,98104,98152,48
102,8,(,46,91.6758,163.8312,98615,98647,32
102,0,blank,0,104.67,154.6638,98769,98799,30
102,8,gets,45,76.1623,160.8674,98861,98891,30
102,7,"Enterthestring\n",42,131.9156,148.07035,99315,99376,61
102,0,blank,0,126.0063,156.9613,99436,99467,31
102,9,"Enteranotherstring\n",52,232.7892,179.4409,99564,99593,29
102,8,;,49,171.916,173.8824,99813,99846,33
102,8,;,49,170.8594,158.9257,100001,100034,33
102,7,"Enterthestring\n",42,301.9315,151.5078,100409,100446,37
102,0,blank,0,299.1324,159.323,100704,100736,32
102,7,"Enterthestring\n",42,237.1884,146.8815,100800,100832,32
102,9,"Enteranotherstring\n",52,227.2803,181.1985,100896,100928,32
102,8,array1,47,102.5024,177.811366666667,101022,101117,95
102,9,printf,50,96.4206,187.0986,101148,101182,34
102,9,printf,50,63.7688333333333,186.3616,101216,101313,97
102,8,array1,47,130.1456,174.7762,101472,101504,32
102,9,(,51,112.8564,196.2097,101597,101630,33
102,9,"Enteranotherstring\n",52,120.3396,186.5008,101662,101695,33
102,0,blank,0,-350,-105,101761,101866,105
102,9,"Enteranotherstring\n",52,159.4261,187.5135,102233,102263,30
102,10,array2,57,148.4326,208.7898,102326,102359,33
102,10,),58,155.05055,201.80335,102423,102484,61
102,9,"Enteranotherstring\n",52,254.4529,193.7362,102731,102762,31
102,0,blank,0,208.5176,178.771833333333,102982,103076,94
102,0,blank,0,244.883,176.4702,103137,103171,34
102,0,blank,0,194.1113,210.0338,103201,103232,31
102,9,"Enteranotherstring\n",52,187.2183,184.4243,103420,103450,30
102,9,"Enteranotherstring\n",52,182.1025,194.284,103576,103607,31
102,9,"Enteranotherstring\n",52,273.150725,198.087975,103767,103898,131
102,0,blank,0,267.0742,213.955,103932,103967,35
102,7,"Enterthestring\n",42,191.0873,148.8484,104033,104066,33
102,8,;,49,171.642,177.5075,104218,104252,34
102,11,array1,64,302.4849,233.33995,104649,104714,65
102,0,blank,0,298.7878,215.9884,104906,104940,34
102,0,blank,0,360.9656,205.27055,105167,105234,67
102,9,"Enteranotherstring\n",52,352.7942,195.4767,105328,105354,26
102,0,blank,0,346.54635,219.3046,105452,105548,96
102,0,blank,0,182.4232,204.4782,105612,105643,31
102,9,"Enteranotherstring\n",52,164.1967,189.0907,105704,105737,33
102,10,),58,160.5709,221.1947,105769,105802,33
102,9,"Enteranotherstring\n",52,310.7624,190.0166,106061,106093,32
102,0,blank,0,309.89035,209.5539,106261,106326,65
102,9,"Enteranotherstring\n",52,249.9763,185.7715,106418,106451,33
102,9,"Enteranotherstring\n",52,238.4785,195.1787,106578,106603,25
102,0,blank,0,258.58,206.5775,106716,106747,31
102,0,blank,0,240.2424,206.1406,106963,106997,34
102,0,blank,0,250.33,203.2475,107165,107198,33
102,9,"Enteranotherstring\n",52,132.38325,188.97235,107229,107292,63
102,0,blank,0,-350,-105,107390,107500,110
102,9,"Enteranotherstring\n",52,230.0403,199.08735,107675,107740,65
102,0,blank,0,220.8364,210.8172,107896,107927,31
102,9,printf,50,92.7796,182.879,108180,108209,29
102,9,"Enteranotherstring\n",52,305.058,197.3304,108590,108622,32
102,9,"Enteranotherstring\n",52,338.4932,182.7981,108708,108740,32
102,9,"Enteranotherstring\n",52,263.6332,199.539,108840,108875,35
102,0,blank,0,269.9901,202.507,108937,108970,33
102,8,array1,47,134.7278,176.3798,109254,109285,31
102,9,"Enteranotherstring\n",52,135.1506,181.3195,109348,109379,31
102,8,(,46,86.3262,170.8069,109602,109632,30
102,9,"Enteranotherstring\n",52,203.0892,190.1253,109790,109855,65
102,0,blank,0,108.32315,235.2993,110236,110299,63
102,10,array2,57,119.9946,219.1327,110331,110364,33
102,11,find_anagram,62,128.484033333333,228.208166666667,110433,110528,95
102,11,find_anagram,62,133.6816,237.3925,110590,110654,64
102,0,blank,0,112.4337,238.4825,110687,110720,33
102,12,flag,71,121.5977,249.0051,110788,110820,32
102,11,find_anagram,62,118.1859,227.0675,110853,110886,33
102,0,blank,0,302.8009,290.7888,111078,111109,31
102,13,"%sand%sareanagrams.\n",77,290.09075,278.19535,111173,111239,66
102,0,blank,0,191.2907,252.036466666667,111375,111471,96
102,13,"%sand%sareanagrams.\n",77,294.54555,274.5919,111664,111728,64
102,11,find_anagram,62,141.2332,225.2642,111958,111990,32
102,0,blank,0,124.9603,245.9001,112024,112054,30
102,10,array2,57,130.6705,214.3863,112118,112149,31
102,0,blank,0,-350,-105,112277,112367,90
102,9,printf,50,62.6037,198.7952,112480,112505,25
102,11,find_anagram,62,127.044,229.958633333333,112878,112973,95
102,11,find_anagram,62,126.3622,234.7085,113038,113070,32
102,11,find_anagram,62,139.7803,226.0062,113134,113164,30
102,8,gets,45,77.3509,176.6927,113286,113318,32
102,9,printf,50,98.09825,180.68445,113350,113416,66
102,10,(,56,91.6882,214.4973,113551,113585,34
102,11,find_anagram,62,214.6368,223.8652,113882,113913,31
102,9,"Enteranotherstring\n",52,163.8853,190.5132,114012,114044,32
102,10,),58,154.76625,212.433,114075,114138,63
102,0,blank,0,162.9387,213.64495,114273,114377,104
102,0,blank,0,221.993866666667,210.351933333333,114562,114660,98
102,9,"Enteranotherstring\n",52,226.9907,189.7866,114695,114727,32
102,0,blank,0,69.9907,409.9196,114955,115051,96
102,0,blank,0,121.3492,360.453933333333,115084,115181,97
102,0,blank,0,107.3641,356.6385,115248,115317,69
102,0,blank,0,178.2798,373.4698,115645,115712,67
102,0,blank,0,254.3276,372.9782,115902,115933,31
102,0,blank,0,266.634,363.6599,115964,116028,64
102,18,array1,102,265.76195,378.95655,116132,116195,63
102,18,array1,102,271.9459,389.4725,116227,116258,31
102,0,blank,0,267.5803,365.9256,116324,116358,34
102,0,blank,0,429.6843,363.3687,116427,116463,36
102,18,array2,107,405.5311,381.3027,116528,116560,32
102,18,array2,107,407.3792,379.1546,116659,116691,32
102,18,array2,107,413.5927,390.9812,116758,116790,32
102,0,blank,0,199.5073,115.9452,116886,116920,34
102,7,"Enterthestring\n",42,197.8868,142.79835,116954,117024,70
102,0,blank,0,116.1217,68.6247,117121,117152,31
102,0,blank,0,123.59835,86.1081,117184,117248,64
102,1,Program,4,83.8867,23.3979,117344,117376,32
102,1,Program,4,67.5655,19.9293333333333,117409,117508,99
102,0,blank,0,85.9772,72.714225,117649,117777,128
102,0,blank,0,80.9243,91.0874,117812,117845,33
102,0,blank,0,216.2222,75.8419,117967,118127,160
102,5,array1,27,145.9387,110.2017,118186,118221,35
102,5,100,34,304.9253,100.0732,118647,118678,31
102,0,blank,0,151.53665,474.92695,118769,118837,68
102,0,blank,0,176.3511,406.49925,119376,119441,65
102,21,i,139,191.4139,452.232125,119794,119919,125
102,0,blank,0,188.536566666667,442.5371,120058,120157,99
102,0,blank,0,119.38225,415.55785,120350,120415,65
102,24,++,157,114.2768,523.7055,120669,120774,105
102,24,++,157,102.18705,523.6888,120878,120945,67
102,20,num2,122,251.9673,431.0109,121138,121170,32
102,0,blank,0,417.775666666667,412.403266666667,121605,121705,100
102,0,blank,0,407.0325,406.3099,121738,121772,34
102,0,blank,0,205.0947,479.9694,122077,122110,33
102,0,blank,0,217.8674,473.813,122176,122209,33
102,21,i,139,187.3952,457.69715,122243,122332,89
102,0,blank,0,172.8903,475.4329,122365,122399,34
102,0,blank,0,200.1064,470.3665,122434,122471,37
102,21,0,142,257.9221,456.2285,122576,122640,64
102,21,0,142,265.4701,453.2675,122704,122737,33
102,0,blank,0,224.0836,249.8248,122841,122867,26
102,7,"Enterthestring\n",42,173.344366666667,143.6083,123241,123418,177
102,7,"Enterthestring\n",42,170.217,139.4753,123418,123455,37
102,8,array1,47,151.28885,166.79175,123519,123584,65
102,9,"Enteranotherstring\n",52,154.3594,186.4756,123616,123648,32
102,0,blank,0,184.714866666667,71.7874666666667,123750,123916,166
102,0,blank,0,179.8768,88.6907,123982,124015,33
102,2,stdio,17,143.9872,26.11105,124112,124178,66
102,1,two,8,299.4583,23.7472,124697,124815,118
102,1,Check,6,188.004333333333,20.7092,124881,125030,149
102,0,blank,0,288.598,32.6565,125242,125272,30
102,0,blank,0,479.8367,24.465,125526,125591,65
102,0,blank,0,464.4623,50.0881,125624,125657,33
102,1,Strings,9,384.99015,18.2682,125724,125824,100
102,3,main,22,60.3472,54.5707,126000,126132,132
102,0,blank,0,123.1474,62.0899,126389,126424,35
102,0,blank,0,122.0397,54.35535,126566,126631,65
102,0,blank,0,114.3507,58.1838,126728,126760,32
102,0,blank,0,273.2034,86.6214,127562,127595,33
102,5,array2,32,276.6461,97.6875,127658,127691,33
102,6,flag,38,92.6311,130.3488,128145,128175,30
102,7,"Enterthestring\n",42,207.7074,143.5559,128315,128414,99
102,7,"Enterthestring\n",42,138.4449,136.5688,128446,128479,33
102,8,(,46,85.8231,160.2524,128836,128869,33
102,5,array1,27,106.11345,100.6223,129072,129140,68
102,0,blank,0,101.0643,113.1498,129271,129394,123
102,7,printf,40,97.2006333333333,136.877533333333,129420,129592,172
102,7,(,41,105.7053,144.9221,129592,129628,36
102,0,blank,0,230.6172,162.1599,129657,129723,66
102,8,array1,47,97.04155,161.30225,129919,129989,70
102,8,gets,45,80.1995,165.0263,130022,130054,32
102,8,array1,47,98.2582333333333,163.439466666667,130120,130224,104
102,5,char,26,72.6275,107.2338,130706,130737,31
102,0,blank,0,86.1661,107.2842,130867,130899,32
102,5,char,26,79.7018,107.5086,130967,131000,33
102,6,flag,38,89.0394,118.23435,131066,131131,65
102,0,blank,0,-350,-105,131227,131305,78
102,0,blank,0,95.35958,88.64368,131464,131620,156
102,0,blank,0,107.2098,91.3474,131685,131718,33
102,5,array1,27,113.1457,110.9272,131752,131815,63
102,0,blank,0,97.99465,85.44015,131949,132015,66
102,0,blank,0,236.3406,91.2133,132081,132113,32
102,7,printf,40,71.6656,147.2038,132247,132280,33
102,7,printf,40,51.121,143.9473,132314,132348,34
102,7,printf,40,55.91145,146.4835,132416,132482,66
102,8,array1,47,95.24362,171.4384,132549,132715,166
102,8,array1,47,98.7444,159.6371,132715,132749,34
102,9,printf,50,77.66132,193.71396,132784,132955,171
102,9,printf,50,87.49525,194.6008,132989,133060,71
102,10,gets,55,57.72195,208.88875,133096,133165,69
102,9,printf,50,67.831325,196.377875,133198,133334,136
102,10,(,56,85.0494333333333,218.551433333333,133437,133537,100
102,11,find_anagram,62,135.0097,235.7522,133637,133670,33
102,11,find_anagram,62,150.671766666667,237.4408,133704,133804,100
102,10,array2,57,123.9948,208.7639,133836,133871,35
102,11,find_anagram,62,118.68485,223.5353,133936,134002,66
102,11,array1,64,277.0325,234.2523,134167,134233,66
102,11,array1,64,254.8289,224.9594,134332,134365,33
102,11,find_anagram,62,179.17355,229.3854,134399,134465,66
102,10,array2,57,145.8796,213.2754,134696,134728,32
102,0,blank,0,-350,-105,135040,135173,133
102,0,blank,0,218.7813,212.875,135198,135230,32
102,11,find_anagram,62,221.0537,233.0215,135376,135440,64
102,0,blank,0,293.1954,218.60555,135572,135638,66
102,0,blank,0,265.0265,209.5705,135769,135802,33
102,11,array1,64,308.0952,229.4453,136030,136067,37
102,11,(,63,252.934233333333,230.6168,136416,136522,106
102,0,blank,0,248.3928,244.9007,136556,136592,36
102,0,blank,0,257.1446,245.1977,136665,136702,37
102,11,array1,64,265.5636,230.1744,136874,136907,33
102,9,"Enteranotherstring\n",52,335.1367,183.2674,137292,137325,33
102,0,blank,0,337.6866,203.3253,137358,137392,34
102,0,blank,0,321.0656,205.5308,137424,137458,34
102,5,comma,31,204.9044,103.9321,137590,137622,32
102,0,blank,0,215.5981,163.82445,137721,137786,65
102,0,blank,0,199.1492,178.5251,137819,137851,32
102,0,blank,0,213.8796,169.0982,137884,137918,34
102,0,blank,0,318.442533333333,220.5887,138048,138146,98
102,12,flag,71,121.78725,253.9991,138344,138411,67
102,0,blank,0,127.3221,248.6267,138443,138476,33
102,0,blank,0,105.23398,226.28772,138576,138741,165
102,11,find_anagram,62,116.5408,228.2009,138808,138841,33
102,11,find_anagram,62,155.4328,235.9445,138907,138973,66
102,0,blank,0,-350,-105,139073,139182,109
102,11,find_anagram,62,116.46855,225.1204,139256,139316,60
102,12,flag,71,106.75905,246.11675,139347,139413,66
102,11,find_anagram,62,118.1822,233.1465,139446,139478,32
102,11,=,61,98.2531,231.114,139511,139544,33
102,0,blank,0,108.15995,237.6455,139577,139644,67
102,0,blank,0,38.4759,207.7561,139710,139742,32
102,0,blank,0,29.0289,213.2248,139775,139807,32
102,0,blank,0,32.2476,217.9509,139905,139937,32
102,11,find_anagram,62,115.7542,236.7402,140002,140027,25
102,11,=,61,99.4212,233.94965,140058,140122,64
102,11,find_anagram,62,123.3329,238.3818,140187,140220,33
102,11,=,61,101.3173,234.95445,140253,140318,65
102,11,find_anagram,62,122.9119,227.4852,140350,140383,33
102,11,find_anagram,62,142.61465,230.13375,140547,140613,66
102,0,blank,0,135.7398,222.369,140645,140678,33
102,0,blank,0,88.8865,244.2155,140776,140809,33
102,11,find_anagram,62,181.997,243.36165,141401,141465,64
102,13,"%sand%sareanagrams.\n",77,271.3958,276.4119,141792,141825,33
102,13,"%sand%sareanagrams.\n",77,253.7774,276.30795,141888,141955,67
102,13,"%sand%sareanagrams.\n",77,331.23235,269.5247,142086,142152,66
102,0,blank,0,335.775,254.1046,142216,142251,35
102,0,blank,0,187.41245,249.37015,142347,142411,64
102,12,),74,180.7888,254.5671,142478,142511,33
102,13,"%sand%sareanagrams.\n",77,200.9133,267.7612,142542,142576,34
102,12,1,73,165.3341,261.6134,142901,142965,64
102,12,),74,174.0295,262.3177,143002,143033,31
102,0,blank,0,153.8672,283.8196,143065,143097,32
102,13,"%sand%sareanagrams.\n",77,302.1956,276.4529,143164,143196,32
102,13,array1,79,489.40845,281.9609,143451,143516,65
102,0,blank,0,395.180933333333,298.8402,143580,143675,95
102,13,"%sand%sareanagrams.\n",77,405.152675,272.88495,143742,143869,127
102,13,array1,79,463.2019,278.9032,144002,144033,31
102,0,blank,0,451.2963,309.6693,144097,144129,32
102,0,blank,0,358.7952,300.7483,144418,144451,33
102,13,"%sand%sareanagrams.\n",77,377.0657,277.5397,144576,144604,28
102,0,blank,0,363.819866666667,296.5767,144705,144798,93
102,0,blank,0,374.3295,294.4996,144866,144899,33
102,0,blank,0,480.8901,302.0775,144994,145024,30
102,0,blank,0,431.3124,293.101475,145431,145549,118
102,13,"%sand%sareanagrams.\n",77,394.5016,281.3602,145619,145650,31
102,0,blank,0,378.8987,288.87065,145817,145873,56
102,0,blank,0,325.70045,261.9296,145905,145967,62
102,0,blank,0,-350,-105,146096,146179,83
102,0,blank,0,293.2373,301.6943,146354,146387,33
102,13,"%sand%sareanagrams.\n",77,234.20665,269.4267,147345,147408,63
102,13,"%sand%sareanagrams.\n",77,245.9979,271.8862,147437,147467,30
102,0,blank,0,434.782966666667,264.268133333333,148294,148387,93
102,0,blank,0,431.5152,261.9443,148452,148486,34
102,0,blank,0,420.9709,293.635,148515,148544,29
102,12,if,69,50.7023,250.675466666667,148609,148705,96
102,12,),74,179.9108,249.605033333333,148863,148960,97
102,10,gets,55,76.6652,211.313,149217,149279,62
102,9,printf,50,66.5371,193.8456,149374,149407,33
102,10,gets,55,47.0455,208.0042,149567,149599,32
102,7,printf,40,69.972125,146.049675,149632,149757,125
102,6,flag,38,109.67145,132.10115,149881,149946,65
102,6,flag,38,113.1884,123.0509,150009,150039,30
102,6,;,39,131.5859,127.1334,150071,150102,31
102,6,flag,38,119.1714,121.5873,150133,150166,33
102,5,array1,27,111.8459,96.498,150198,150229,31
102,6,int,37,64.2292,114.1644,150421,150484,63
102,5,char,26,78.6033,111.8843,150516,150550,34
102,0,blank,0,160.3628,81.5755,150615,150645,30
102,0,blank,0,85.2981,83.98405,150800,150866,66
102,0,blank,0,108.218,77.3291,150898,150929,31
102,5,array1,27,107.8703,94.86155,151028,151091,63
102,0,blank,0,283.2849,88.3031,151191,151223,32
102,0,blank,0,248.2908,82.4528,151322,151353,31
102,0,blank,0,263.75415,83.95475,151384,151449,65
102,5,array2,32,268.0308,108.21068,151483,151644,161
102,0,blank,0,259.3871,124.1685,151709,151741,32
102,0,blank,0,-350,-105,151933,152094,161
102,8,(,46,86.8319,167.7219,152121,152147,26
102,8,array1,47,95.7786333333333,166.227833333333,152207,152303,96
102,8,array1,47,93.0977,169.9474,152336,152402,66
102,8,gets,45,82.6726,162.0862,152465,152498,33
102,6,flag,38,96.30385,116.16505,152531,152594,63
102,0,blank,0,98.3258,90.53405,152626,152690,64
102,5,array1,27,105.6014,107.7963,152722,152752,30
102,7,printf,40,77.7319,137.2267,152817,152851,34
102,0,blank,0,81.1363,123.3129,152882,152913,31
102,5,array1,27,144.5079,97.7366,153062,153088,26
102,0,blank,0,130.8447,84.823,153336,153370,34
102,5,array1,27,139.8615,98.2525,153432,153462,30
102,5,array2,32,246.0624,111.8808,153528,153561,33
102,5,array2,32,282.8271,103.1767,153624,153656,32
102,7,printf,40,66.0942,154.8849,153984,154016,32
102,8,gets,45,82.5506,159.22305,154083,154146,63
102,0,blank,0,140.35345,128.04455,154210,154278,68
102,0,blank,0,137.41055,124.7977,154412,154479,67
102,8,array1,47,128.56235,159.10295,154785,154851,66
102,7,"Enterthestring\n",42,129.924733333333,152.240833333333,154885,154984,99
102,8,array1,47,108.232933333333,173.453066666667,155117,155218,101
102,9,printf,50,79.8318666666667,190.327933333333,155488,155588,100
102,8,array1,47,119.01025,168.01315,155721,155787,66
102,0,blank,0,254.5073,173.5274,155852,155885,33
102,9,"Enteranotherstring\n",52,239.8796,186.2502,155984,156014,30
102,0,blank,0,243.8828,169.4108,156046,156077,31
102,12,flag,71,108.6433,261.0185,156210,156243,33
102,13,printf,75,108.2,275.247733333333,156275,156374,99
102,20,[,123,131.08725,431.2787,156741,156806,65
102,0,blank,0,143.5797,421.7567,156970,157004,34
102,0,blank,0,100.1443,405.01295,157036,157102,66
102,0,blank,0,103.87855,411.33435,157202,157267,65
102,0,blank,0,315.5971,415.1144,157501,157533,32
102,0,blank,0,249.57595,442.30055,157782,157859,77
102,20,num2,122,267.6931,431.5844,158038,158074,36
102,20,{,127,354.2267,429.777,158285,158323,38
102,20,},129,215.8383,439.2714,158431,158466,35
102,0,blank,0,224.1664,415.6048,158499,158533,34
102,20,0,133,207.0894,436.6307,158704,158738,34
102,0,blank,0,226.3475,419.3898,158809,158875,66
102,0,blank,0,192.518433333333,431.1848,158942,159043,101
102,20,{,127,194.3555,422.1387,159077,159110,33
102,0,blank,0,124.2151,415.848,159278,159311,33
102,0,blank,0,126.8665,411.5914,159378,159410,32
102,20,26,124,134.5397,428.9359,159544,159578,34
102,0,blank,0,47.1794,421.5271,159710,159810,100
102,20,int,112,71.1864,433.8892,159843,159877,34
102,0,blank,0,75.0289,422.5749,160009,160042,33
102,0,blank,0,336.5751,410.9171,160141,160175,34
102,0,blank,0,338.9589,421.2609,160208,160241,33
102,0,blank,0,344.9442,429.8469,160304,160337,33
102,0,blank,0,394.1141,444.465,160490,160522,32
102,0,blank,0,417.8417,425.1823,160555,160586,31
102,20,},129,375.9977,437.195,160619,160652,33
102,0,blank,0,422.75265,425.7667,160716,160780,64
102,20,comma,130,386.5808,441.58465,160815,160877,62
102,0,blank,0,396.0997,424.8826,161075,161107,32
102,0,blank,0,416.58125,445.9524,161140,161206,66
102,0,blank,0,-350,-105,161386,161514,128
102,0,blank,0,386.9502,453.7784,161727,161754,27
102,0,blank,0,430.0866,415.5731,161890,161924,34
102,0,blank,0,403.9828,402.5401,161958,161992,34
102,0,blank,0,411.9657,404.1416,162128,162196,68
102,21,while,135,56.0362,450.37205,162513,162579,66
102,0,blank,0,970.382,287.789,163166,163232,66
102,0,blank,0,-350,-105,163594,163619,25
102,0,blank,0,996.549,289.5473,163644,163669,25
102,0,blank,0,997.176,299.7005,163776,163801,25
102,0,blank,0,-350,-105,163826,163930,104
102,0,blank,0,1013.981,291.5903,163981,164006,25
102,21,!=,141,219.4872,448.5558,164122,164155,33
103,0,blank,0,-350,-105,164417,164596,179
103,0,blank,0,-350,-105,164596,164721,125
103,0,blank,0,428.7785,284.6165,164776,164804,28
103,18,array2,107,427.15,264.6098,164992,165049,57
103,0,blank,0,-350,-105,165140,165319,179
103,0,blank,0,-350,-105,165319,165396,77
103,0,blank,0,232.213,289.28255,165727,165791,64
103,20,=,132,337.7391,302.7116,165940,166021,81
103,0,blank,0,309.2352,313.2577,166230,166284,54
103,18,[,108,299.17,255.556,166342,166561,219
103,20,26,124,303.6767,306.95925,166752,166900,148
103,0,blank,0,-350,-105,167483,167654,171
103,0,blank,0,-350,-105,167654,167773,119
103,20,num2,122,283.0086,307.36,167810,167875,65
103,0,blank,0,416.1307,301.277225,168809,168957,148
103,20,i,131,408.2324,300.51705,169022,169087,65
103,0,blank,0,410.2658,315.3748,169254,169279,25
103,20,num2,122,246.5907,304.587,169462,169635,173
103,21,array1,137,127.9251,325.7981,169852,169878,26
103,0,blank,0,101.0983,328.3589,169903,169969,66
103,0,blank,0,330.0717,310.8936,170099,170125,26
103,0,blank,0,-350,-105,170530,170714,184
103,0,blank,0,-350,-105,170714,170894,180
103,0,blank,0,-350,-105,170894,170994,100
103,0,blank,0,327.1669,299.943433333333,171832,171958,126
103,0,blank,0,187.1931,289.9159,172055,172087,32
103,18,char,106,186.54465,266.05505,172249,172306,57
103,0,blank,0,184.22765,278.10675,172435,172502,67
103,0,blank,0,176.7795,283.6886,172566,172631,65
103,0,blank,0,177.6522,288.54035,172731,172794,63
103,0,blank,0,260.2752,285.3771,173359,173392,33
103,0,blank,0,221.3251,289.47235,173612,173668,56
103,0,blank,0,240.279,275.971,173886,173922,36
103,0,blank,0,251.574,291.3811,173953,173990,37
103,0,blank,0,82.00526,270.27446,174185,174348,163
103,20,num1,113,104.1707,304.2513,174411,174511,100
103,20,num1,113,114.3861,302.4751,174579,174613,34
103,0,blank,0,75.5106,277.102,174648,174682,34
103,18,find_anagram,99,77.3269,258.7141,174717,174751,34
103,0,blank,0,64.3869,243.6475,174845,174880,35
103,20,0,133,205.0545,302.5775,175130,175163,33
103,0,blank,0,158.929966666667,285.686866666667,175359,175458,99
103,20,],125,159.9562,300.7279,175691,175724,33
103,20,[,123,128.2653,298.563,175758,175790,32
103,21,array1,137,135.1008,313.1174,175920,175953,33
103,21,array1,137,142.2734,314.43365,175986,176051,65
103,21,array1,137,133.3113,318.3836,176149,176174,25
103,20,=,132,179.45885,307.98675,176294,176374,80
103,21,i,139,189.4926,313.3924,176464,176491,27
103,0,blank,0,-350,-105,176669,176770,101
103,20,int,112,59.2195,302.724866666667,176981,177077,96
103,20,int,112,60.2709,295.9951,177109,177142,33
103,0,blank,0,57.6932,276.9656,177172,177202,30
103,20,26,124,137.58616,300.8809,177264,177446,182
103,0,blank,0,416.0227,291.464166666667,177540,177636,96
103,20,},129,377.826,304.6497,177700,177731,31
103,20,comma,130,384.2924,299.6048,177858,177916,58
103,0,blank,0,-350,-105,177941,178027,86
103,0,blank,0,74.97705,419.96805,178556,178612,56
103,26,=,161,67.3877,434.7971,178743,178810,67
103,0,blank,0,178.8605,431.77495,178866,178924,58
103,25,},159,47.5881,412.5564,179114,179199,85
103,0,blank,0,78.5101,408.9579,179483,179549,66
103,0,blank,0,101.081833333333,343.811566666667,179762,179881,119
103,23,num1,145,91.1804,375.0111,179999,180031,32
103,0,blank,0,106.32965,470.9287,180129,180278,149
103,0,blank,0,96.6092,466.0036,180390,180415,25
103,0,blank,0,143.5987,407.3858,180567,180599,32
103,0,blank,0,172.526433333333,432.045066666667,180697,180891,194
103,0,blank,0,161.2654,443.89535,180916,180973,57
103,0,blank,0,214.399066666667,435.822766666667,181219,181317,98
103,0,blank,0,118.3687,426.7868,181444,181476,32
103,0,blank,0,209.4097,433.6064,181595,181734,139
103,0,blank,0,219.9681,277.9422,181970,182007,37
103,21,!=,141,217.53465,333.2832,182186,182237,51
103,0,blank,0,218.619,354.2342,182270,182336,66
103,21,!=,141,229.174,328.2071,182417,182468,51
103,0,blank,0,109.3227,344.3268,182559,182613,54
103,0,blank,0,105.889833333333,344.811166666667,182728,182854,126
103,0,blank,0,239.27545,489.57395,182934,182997,63
103,29,-,180,238.0103,494.7621,182997,183214,217
103,0,blank,0,92.8352,554.5047,183416,183480,64
103,32,<,196,185.920766666667,559.199666666667,183732,183814,82
103,0,blank,0,112.8528,546.1454,183912,183945,33
103,32,i,199,102.39175,558.81525,184132,184190,58
103,0,blank,0,169.5269,553.469,184432,184458,26
103,32,=,192,117.9259,556.4088,184577,184634,57
103,0,blank,0,63.4302,483.8738,184659,184691,32
103,0,blank,0,63.4393,479.6005,184805,184858,53
103,0,blank,0,62.4285333333333,527.685233333333,185220,185336,116
103,32,for,189,53.3048,560.4228,185449,185473,24
103,27,while,164,70.8483666666667,461.857166666667,185537,185633,96
103,0,blank,0,75.9714,404.6421,185766,185856,90
103,0,blank,0,-350,-105,186310,186494,184
103,0,blank,0,117.471466666667,589.7379,187009,187106,97
103,35,return,215,146.1039,629.9443,187432,187457,25
103,0,blank,0,184.2662,648.3501,187716,187742,26
103,34,num1,205,138.0433,599.3173,188173,188206,33
103,32,;,198,147.7811,570.3661,188426,188459,33
103,34,[,211,170.8238,618.2231,188731,188756,25
103,34,num1,205,158.1078,605.2449,189003,189088,85
103,34,num1,205,150.2016,609.6556,189244,189273,29
103,34,num2,210,234.309,600.3886,189699,189724,25
103,34,!=,209,215.0748,604.5353,190549,190691,142
103,34,!=,209,222.6995,615.0307,190780,190812,32
103,0,blank,0,-350,-105,190845,190976,131
103,0,blank,0,183.5367,598.6302,191163,191194,31
103,0,blank,0,176.34612,595.26938,191226,191385,159
103,34,],213,185.4285,614.6443,191417,191450,33
103,32,++,200,257.51775,568.04975,192039,192104,65
103,0,blank,0,-350,-105,193934,194115,181
103,0,blank,0,-350,-105,194115,194287,172
103,0,blank,0,-350,-105,194287,194627,340
103,0,blank,0,-350,-105,194627,194771,144
103,0,blank,0,107.4799,537.7455,195101,195156,55
103,0,blank,0,126.588,546.2286,195245,195277,32
103,35,return,215,126.6573,627.4561,195465,195497,32
103,34,num1,205,138.0627,613.976,195562,195596,34
103,0,blank,0,134.639,621.3287,195661,195694,33
103,0,blank,0,73.1401,594.6699,195888,195913,25
103,0,blank,0,112.47945,597.32045,196003,196060,57
103,0,blank,0,127.9303,568.4208,196207,196237,30
103,0,blank,0,261.809,590.1786,196369,196402,33
103,0,blank,0,250.7387,581.8981,196467,196500,33
103,0,blank,0,153.299233333333,573.831233333333,196729,196861,132
103,32,i,199,164.93675,573.73895,196886,196949,63
103,0,blank,0,-350,-105,197186,197269,83
103,0,blank,0,162.0867,584.9784,197652,197684,32
103,34,num1,205,131.3575,619.5182,197716,197750,34
103,0,blank,0,95.9955,582.7925,197814,197879,65
103,0,blank,0,83.441,552.0078,197990,198080,90
103,0,blank,0,89.3134,547.0236,198307,198396,89
103,0,blank,0,132.28,598.6452,199086,199150,64
103,0,blank,0,83.8707,561.647225,199182,199356,174
103,32,(,190,91.9576,566.8234,199356,199389,33
103,0,blank,0,-350,-105,199483,199509,26
103,0,blank,0,231.7767,552.6888,199534,199560,26
103,32,26,197,214.9759,563.3883,199618,199643,25
103,0,blank,0,179.0198,578.2528,199820,199854,34
103,32,<,196,191.5883,563.2415,199884,199948,64
103,0,blank,0,153.6854,557.4764,200035,200125,90
103,0,blank,0,161.593,550.6149,200125,200310,185
103,0,blank,0,164.6039,554.093,200310,200335,25
103,0,blank,0,167.7667,545.5276,200432,200457,25
103,34,num2,210,265.8201,611.6867,200610,200643,33
103,34,!=,209,222.4532,599.8704,200799,200832,33
103,0,blank,0,226.4203,606.21,200929,200961,32
103,34,num2,210,244.4538,603.7037,200993,201027,34
103,34,num2,210,237.9876,601.7611,201124,201190,66
103,34,num2,210,234.22455,613.82395,201255,201319,64
103,35,return,215,125.4072,632.3942,201384,201416,32
103,35,return,215,165.053733333333,634.161366666667,201582,201666,84
103,18,find_anagram,99,123.41705,247.72895,201731,201817,86
103,0,blank,0,117.8252,245.9186,201938,201970,32
103,0,blank,0,-350,-105,202442,202575,133
103,0,blank,0,119.9301,276.6936,202752,202777,25
103,0,blank,0,109.7943,276.3108,202838,202863,25
103,0,blank,0,113.7058,271.6203,202894,202927,33
103,0,blank,0,294.8712,270.5933,203117,203149,32
103,0,blank,0,251.0327,285.6458,203337,203368,31
103,18,array1,102,238.4615,261.9417,203397,203429,32
103,0,blank,0,241.1014,277.5346,203460,203491,31
103,18,array1,102,237.1978,267.2799,203679,203709,30
103,0,blank,0,251.3383,284.0048,203741,203773,32
103,0,blank,0,264.2519,287.6288,203967,203992,25
103,0,blank,0,282.7982,289.2747,204047,204113,66
103,0,blank,0,199.566,276.1646,204169,204232,63
103,0,blank,0,189.9071,284.64985,204296,204358,62
103,0,blank,0,212.050933333333,277.649166666667,204389,204509,120
103,0,blank,0,208.5972,270.6613,204598,204629,31
103,0,blank,0,201.0492,287.681,204725,204758,33
103,0,blank,0,142.54535,275.34695,205328,205382,54
103,20,num2,122,279.93675,295.667375,205841,205968,127
103,0,blank,0,286.0317,286.2504,206146,206178,32
103,0,blank,0,245.5516,278.7457,206266,206298,32
103,0,blank,0,247.8969,281.4489,206428,206453,25
103,0,blank,0,247.1556,271.602,206517,206548,31
103,0,blank,0,-350,-105,206613,206796,183
103,0,blank,0,233.9315,334.8891,206822,206855,33
103,0,blank,0,235.4111,347.2075,206891,206924,33
103,20,26,124,304.3465,301.1726,207308,207340,32
103,20,{,127,361.4418,294.4347,207403,207436,33
103,20,=,132,333.9581,307.0741,207534,207565,31
103,0,blank,0,344.9234,313.2545,207630,207662,32
103,0,blank,0,245.6003,585.7249,208059,208091,32
103,0,blank,0,229.845466666667,588.8762,208188,208286,98
103,0,blank,0,125.5235,571.3763,208318,208351,33
103,34,num1,205,145.35405,604.24055,208414,208478,64
103,34,num1,205,132.4731,607.384,208542,208573,31
103,0,blank,0,198.495333333333,613.0918,208638,208776,138
103,0,blank,0,201.6902,616.9675,208776,208938,162
103,34,!=,209,212.7499,612.2848,208964,208992,28
103,35,return,215,140.471375,627.377225,209026,209180,154
103,35,return,215,145.4674,627.4833,209276,209309,33
103,0,blank,0,188.4672,631.3272,209376,209408,32
103,0,blank,0,-350,-105,209499,209677,178
103,0,blank,0,-350,-105,209677,209779,102
103,0,blank,0,162.5989,595.0421,209924,209949,25
103,0,blank,0,72.9274,579.8105,209980,210012,32
103,0,blank,0,77.1578,585.2317,210147,210177,30
103,0,blank,0,153.3503,584.4899,210750,210786,36
103,0,blank,0,183.416,539.986,210925,210959,34
103,0,blank,0,168.9706,583.2985,210992,211027,35
103,34,num2,210,242.8126,605.0432,211161,211196,35
103,34,num2,210,253.3998,601.1492,211332,211365,33
103,0,blank,0,179.9498,481.3846,211792,211824,32
103,34,num1,205,157.0674,602.1718,211924,211955,31
103,0,blank,0,121.8629,630.1914,212107,212139,32
103,0,blank,0,-350,-105,212633,212761,128
103,0,blank,0,67.0951,648.4458,212798,212823,25
103,0,blank,0,48.4256,620.3029,213158,213188,30
103,0,blank,0,73.5754,648.16745,213307,213364,57
103,0,blank,0,37.1173,524.43,213981,214060,79
103,0,blank,0,91.9034,585.7593,214545,214577,32
103,32,for,189,65.5286,567.6075,214610,214802,192
103,32,for,189,54.1471,563.27025,214802,214941,139
103,32,0,193,133.57085,569.50165,215312,215394,82
103,0,blank,0,112.8237,611.9866,216017,216056,39
103,0,blank,0,-350,-105,216243,216421,178
103,0,blank,0,-350,-105,216421,216602,181
103,0,blank,0,-350,-105,216602,216767,165
103,0,blank,0,-350,-105,216767,217029,262
103,0,blank,0,-350,-105,217029,217213,184
103,0,blank,0,-350,-105,217213,217788,575
103,0,blank,0,-350,-105,217788,217815,27
103,0,blank,0,-350,-105,217815,218736,921
103,0,blank,0,-350,-105,218736,218845,109
103,12,flag,71,100.186,115.9393,219244,219319,75
103,11,find_anagram,62,159.0722,109.7257,219520,219545,25
103,0,blank,0,-350,-105,219635,219737,102
103,0,blank,0,92.4207,99.4285,220053,220086,33
103,12,flag,71,95.4993,123.6998,220148,220180,32
103,0,blank,0,64.6009,70.1545,220364,220395,31
103,10,gets,55,45.5741,83.2547,220459,220491,32
103,0,blank,0,238.4369,85.4491,220668,220693,25
103,0,blank,0,247.4733,87.763,220755,220787,32
103,10,gets,55,77.9041,71.386,221263,221288,25
103,8,gets,45,70.8487,47.9987,221517,221575,58
103,0,blank,0,-350,-105,221721,221807,86
103,9,printf,50,90.9937,65.1946,221837,221863,26
103,7,printf,40,93.7569,17.87805,221973,222052,79
103,0,blank,0,92.0724,4.95755,222082,222147,65
103,13,array2,81,579.0013,153.7461,223198,223265,67
103,0,blank,0,-350,-105,223440,223618,178
103,0,blank,0,-350,-105,223618,223796,178
103,0,blank,0,-350,-105,223796,223981,185
103,0,blank,0,-350,-105,223981,224157,176
103,0,blank,0,-350,-105,224157,224333,176
103,0,blank,0,-350,-105,224333,224468,135
104,0,blank,0,-350,-105,257967,257996,29
104,0,blank,0,-350,-105,257996,258190,194
104,0,blank,0,-350,-105,258190,258221,31
104,0,blank,0,-350,-105,258221,258449,228
104,0,blank,0,-350,-105,258449,258633,184
104,0,blank,0,-350,-105,258633,258797,164
104,0,blank,0,-350,-105,258797,259169,372
104,0,blank,0,-350,-105,259169,259270,101
104,0,blank,0,-350,-105,259270,259449,179
104,0,blank,0,-350,-105,259449,259735,286
104,0,blank,0,-350,-105,259735,259908,173
104,0,blank,0,-350,-105,259908,259938,30
104,0,blank,0,-350,-105,261404,261545,141
104,0,blank,0,148.4968,539.3575,261692,261723,31
104,0,blank,0,153.8095,568.1497,261756,261791,35
104,0,blank,0,176.236233333333,561.6309,261826,261952,126
104,32,i,199,166.7717,567.956,261986,262054,68
104,0,blank,0,162.0541,555.6023,262169,262203,34
104,0,blank,0,198.2561,558.6658,262302,262327,25
104,32,26,197,205.424166666667,574.6104,262359,262543,184
104,32,i,199,244.25305,569.9317,262658,262723,65
104,0,blank,0,232.28615,582.4525,262923,262989,66
104,0,blank,0,128.913866666667,576.0099,263641,263750,109
104,0,blank,0,74.8684,559.48,264151,264176,25
104,0,blank,0,107.7025,602.81345,264239,264304,65
104,34,(,204,118.3246,604.05445,264337,264405,68
104,34,if,203,84.7886,617.533925,264471,264604,133
104,0,blank,0,-350,-105,264897,265081,184
104,0,blank,0,-350,-105,265081,265265,184
104,0,blank,0,-350,-105,265265,265346,81
104,0,blank,0,-350,-105,265346,265576,230
104,0,blank,0,-350,-105,265576,265619,43
104,0,blank,0,-350,-105,266714,266834,120
104,0,blank,0,-350,-105,266834,267075,241
104,0,blank,0,-350,-105,267075,267243,168
104,0,blank,0,-350,-105,267243,267407,164
104,0,blank,0,-350,-105,267407,267579,172
104,0,blank,0,-350,-105,267579,267620,41
104,33,{,202,52.9855,578.8395,267866,267934,68
104,0,blank,0,-350,-105,268000,268155,155
104,0,blank,0,-350,-105,268155,268326,171
104,0,blank,0,-350,-105,268326,268447,121
104,0,blank,0,-350,-105,268447,268533,86
104,34,num2,210,239.114025,601.6674,269307,269436,129
104,34,num2,210,247.4913,607.0855,269467,269527,60
104,0,blank,0,208.6419,595.47415,269615,269677,62
104,0,blank,0,196.6887,589.9901,269769,269801,32
104,34,num2,210,233.5664,614.2565,270016,270046,30
104,34,num1,205,149.7279,616.152666666667,271568,271687,119
104,34,num1,205,139.8284,617.9401,271717,271747,30
104,35,return,215,152.9602,633.5002,271838,271901,63
104,0,blank,0,75.6747,574.6552,271955,272108,153
104,0,blank,0,-350,-105,272217,272378,161
104,0,blank,0,-350,-105,272378,272564,186
104,0,blank,0,-350,-105,272564,272757,193
104,0,blank,0,-350,-105,272757,272839,82
104,0,blank,0,234.566033333333,598.607133333333,273276,273368,92
104,34,num2,210,251.44515,607.81035,273401,273466,65
104,34,num2,210,250.4536,599.9806,273466,273635,169
104,0,blank,0,120.5263,587.1514,273800,273826,26
104,0,blank,0,142.88895,541.1887,273982,274069,87
104,0,blank,0,199.0779,561.9506,274465,274493,28
104,0,blank,0,258.43465,549.2171,274553,274620,67
104,0,blank,0,274.6632,554.8588,274654,274688,34
104,0,blank,0,-350,-105,274790,274878,88
104,34,num1,205,143.1337,605.9728,275189,275218,29
104,34,(,204,121.443966666667,605.368466666667,275284,275376,92
104,0,blank,0,40.5977,440.9017,276252,276353,101
104,26,;,163,94.5435,429.1321,276557,276589,32
104,0,blank,0,63.24595,356.49755,277222,277276,54
104,0,blank,0,119.479,160.0539,277441,277466,25
104,13,printf,75,121.51195,157.28635,277521,277607,86
104,18,find_anagram,99,54.92775,249.6097,277720,277829,109
104,18,char,106,209.7698,253.8269,278271,278353,82
104,0,blank,0,215.9609,228.5785,278378,278406,28
104,0,blank,0,-350,-105,278549,278730,181
104,0,blank,0,-350,-105,278730,278862,132
104,0,blank,0,-350,-105,278862,279068,206
104,0,blank,0,-350,-105,279068,279172,104
104,0,blank,0,-350,-105,279172,279348,176
104,0,blank,0,358.0618,209.9693,280176,280201,25
104,0,blank,0,-350,-105,280353,280391,38
104,0,blank,0,-350,-105,280391,280842,451
104,0,blank,0,-350,-105,280842,281036,194
104,0,blank,0,-350,-105,281036,281184,148
104,0,blank,0,-350,-105,281184,281374,190
104,0,blank,0,-350,-105,281374,281566,192
104,0,blank,0,-350,-105,281566,281687,121
105,0,blank,0,-350,-105,281803,281965,162
105,0,blank,0,-350,-105,281965,282093,128
105,0,blank,0,-350,-105,282093,282250,157
105,0,blank,0,-350,-105,282250,282377,127
105,0,blank,0,-350,-105,282377,282510,133
105,0,blank,0,-350,-105,282510,282681,171
105,0,blank,0,-350,-105,282681,282861,180
105,0,blank,0,-350,-105,282861,283058,197
105,0,blank,0,-350,-105,283058,283236,178
105,0,blank,0,-350,-105,283236,283425,189
105,0,blank,0,-350,-105,283425,283612,187
105,0,blank,0,-350,-105,283612,283777,165
105,0,blank,0,-350,-105,283777,283895,118
105,0,blank,0,-350,-105,283895,284155,260
105,0,blank,0,-350,-105,284155,284374,219
105,0,blank,0,-350,-105,284374,284551,177
105,0,blank,0,-350,-105,284551,284581,30
105,0,blank,0,-350,-105,284581,284809,228
105,0,blank,0,-350,-105,284809,284996,187
105,0,blank,0,-350,-105,284996,285172,176
105,0,blank,0,-350,-105,285172,285548,376
105,0,blank,0,-350,-105,285548,285807,259
105,0,blank,0,-350,-105,285807,285998,191
105,0,blank,0,-350,-105,285998,286113,115
105,0,blank,0,-350,-105,286113,286272,159
105,0,blank,0,-350,-105,286272,286432,160
105,0,blank,0,-350,-105,286432,286601,169
105,0,blank,0,-350,-105,286601,286780,179
105,0,blank,0,-350,-105,286780,286954,174
105,0,blank,0,-350,-105,286954,287138,184
105,0,blank,0,-350,-105,287138,287195,57
106,10,array2,57,135.101,216.08885,287525,287663,138
106,13,printf,75,94.9955,268.67605,287933,288086,153
106,0,blank,0,-350,-105,288112,288298,186
106,0,blank,0,-350,-105,288298,288402,104
106,0,blank,0,-350,-105,288402,288823,421
106,0,blank,0,-350,-105,288823,288971,148
106,11,flag,60,50.26565,230.407125,289437,289549,112
106,11,flag,60,70.5204,227.2721,289613,289644,31
106,11,flag,60,53.56846,225.32386,290154,290320,166
106,0,blank,0,-350,-105,290353,290546,193
106,0,blank,0,-350,-105,290546,290607,61
106,0,blank,0,-350,-105,290607,290808,201
106,0,blank,0,-350,-105,290808,290962,154
106,0,blank,0,-350,-105,290962,291158,196
106,0,blank,0,-350,-105,291158,291242,84
106,8,array1,47,94.4318,176.0121,291411,291436,25
106,0,blank,0,-350,-105,291533,291717,184
106,0,blank,0,-350,-105,291717,291883,166
106,9,printf,50,92.899,189.4982,291915,291947,32
106,0,blank,0,-350,-105,292411,292487,76
106,11,find_anagram,62,176.8098,225.9731,292513,292704,191
106,0,blank,0,-350,-105,293241,293281,40
106,0,blank,0,-350,-105,293281,293441,160
106,0,blank,0,-350,-105,293441,293637,196
106,0,blank,0,-350,-105,293637,293757,120
106,0,blank,0,-350,-105,293757,293920,163
106,0,blank,0,-350,-105,294791,294919,128
106,0,blank,0,-350,-105,295000,295156,156
106,0,blank,0,-350,-105,295156,295335,179
106,0,blank,0,-350,-105,295335,295508,173
106,9,(,51,106.1149,180.2779,295552,295584,32
106,8,gets,45,45.4899,164.1968,295719,295746,27
106,0,blank,0,126.0534,70.4909,295939,295965,26
106,2,include,15,50.1723,34.8084,296215,296240,25
106,0,blank,0,-350,-105,296265,296444,179
106,0,blank,0,-350,-105,296444,296639,195
106,0,blank,0,320.84925,218.2013,296797,296952,155
106,0,blank,0,-350,-105,296986,297088,102
107,0,blank,0,-350,-105,297158,297349,191
107,0,blank,0,-350,-105,297349,297540,191
107,0,blank,0,-350,-105,297540,297723,183
107,0,blank,0,-350,-105,297723,297838,115
107,0,blank,0,-350,-105,297838,297984,146
107,0,blank,0,-350,-105,297984,298166,182
107,0,blank,0,-350,-105,298166,298393,227
107,0,blank,0,-350,-105,298393,298588,195
107,0,blank,0,-350,-105,298588,298727,139
107,0,blank,0,-350,-105,298727,298875,148
107,0,blank,0,-350,-105,298875,299069,194
107,0,blank,0,-350,-105,299069,299238,169
107,0,blank,0,-350,-105,299238,299428,190
107,0,blank,0,-350,-105,299428,299552,124
107,0,blank,0,-350,-105,299552,299645,93
107,0,blank,0,-350,-105,299645,299776,131
107,0,blank,0,-350,-105,299776,299927,151
107,0,blank,0,155.3572,247.1239,300061,300091,30
107,11,find_anagram,62,159.4607,236.3669,300155,300218,63
108,0,blank,0,422.4269,254.7003,300687,300719,32
108,13,"%sand%sareanagrams.\n",77,403.7449,279.8196,300780,300811,31
108,0,blank,0,-350,-105,301082,301261,179
108,0,blank,0,-350,-105,301261,301441,180
108,0,blank,0,-350,-105,301441,301597,156
108,0,blank,0,-350,-105,301597,302185,588
108,0,blank,0,-350,-105,302185,302354,169
108,0,blank,0,-350,-105,302354,302542,188
108,0,blank,0,-350,-105,302542,302719,177
108,0,blank,0,-350,-105,302719,302885,166
108,0,blank,0,-350,-105,302885,303028,143
108,0,blank,0,-350,-105,303028,303173,145
108,0,blank,0,-350,-105,303173,303318,145
108,0,blank,0,-350,-105,303318,303636,318
108,0,blank,0,-350,-105,303636,303900,264
108,0,blank,0,-350,-105,303900,303977,77
108,0,blank,0,-350,-105,303977,304375,398
108,0,blank,0,-350,-105,304375,304554,179
108,0,blank,0,-350,-105,304554,304738,184
108,0,blank,0,-350,-105,304738,304926,188
108,0,blank,0,-350,-105,304926,305107,181
108,0,blank,0,-350,-105,305107,305305,198
108,0,blank,0,-350,-105,305305,305546,241
108,0,blank,0,-350,-105,305546,305694,148
108,0,blank,0,-350,-105,305694,305801,107
108,14,else,84,67.30145,300.10195,306021,306075,54
108,0,blank,0,71.0933,325.5312,306107,306173,66
108,0,blank,0,75.749,315.2336,306256,306281,25
108,0,blank,0,382.2906,-5.0752,306697,306726,29
108,0,blank,0,-350,-105,306952,307134,182
108,0,blank,0,-350,-105,307134,307311,177
108,0,blank,0,-350,-105,307311,307479,168
108,0,blank,0,-350,-105,307479,308244,765
108,0,blank,0,-350,-105,308244,308430,186
