Frameno_fix,lineno_fix,Tokenname_fix,tokens_id,gaze_X_fix,gaze_Y_fix,timestamp_fix_start,timestamp_fix_end,time_duration
100,0,blank,0,73.6181,-24.0605,3895,3993,98
100,0,blank,0,198.09018,123.64114,4058,4227,169
100,0,blank,0,197.83905,122.2995,4227,4296,69
100,0,blank,0,289.66705,8.98665,4331,4468,137
100,0,blank,0,446.32916,28.092,4536,4702,166
100,0,blank,0,488.2724,26.49946,4736,4902,166
100,0,blank,0,487.1122,29.0116,4902,4936,34
100,0,blank,0,357.87344,28.45336,5003,5176,173
100,1,Program,4,113.6783,19.61568,5246,5417,171
100,0,blank,0,114.462033333333,21.5695333333333,5417,5522,105
100,0,blank,0,248.21652,32.1624,5591,5767,176
100,0,blank,0,241.5627,31.9364,5767,5802,35
100,0,blank,0,103.8147,56.65152,5836,6020,184
100,3,),24,101.8507,60.0658,6020,6058,38
100,7,"Enterthestring\n",42,222.55346,135.28898,6134,6316,182
100,7,"Enterthestring\n",42,229.2376,139.9339,6316,6351,35
100,0,blank,0,242.10476,158.4531,6387,6564,177
100,7,"Enterthestring\n",42,142.8011,151.5771,6597,6663,66
100,0,blank,0,-350,-105,6727,6819,92
100,0,blank,0,-350,-105,7077,7265,188
100,0,blank,0,-350,-105,7265,7448,183
100,0,blank,0,-350,-105,7448,7630,182
100,0,blank,0,-350,-105,7630,7801,171
100,0,blank,0,-350,-105,7801,7985,184
100,0,blank,0,-350,-105,7985,8174,189
100,0,blank,0,-350,-105,8174,8364,190
100,0,blank,0,-350,-105,8364,8523,159
100,0,blank,0,-350,-105,8523,8698,175
100,0,blank,0,-350,-105,8698,8770,72
100,5,100,34,185.027066666667,94.4394,8884,9005,121
100,0,blank,0,343.9838,106.235433333333,9047,9180,133
100,5,100,34,298.492,101.4775,9389,9432,43
100,0,blank,0,341.147,112.199566666667,9520,9652,132
100,5,array2,32,228.297075,94.46315,9692,9855,163
100,0,blank,0,225.496,89.0361,9855,9895,40
100,5,100,34,189.889425,102.103875,9973,10133,160
100,7,"Enterthestring\n",42,151.80785,143.96505,10210,10361,151
100,0,blank,0,145.43572,133.15018,10397,10584,187
100,7,"Enterthestring\n",42,146.3005,144.5326,10584,10621,37
100,0,blank,0,137.36095,118.82455,10738,10812,74
100,0,blank,0,163.192766666667,128.177333333333,10931,11039,108
100,7,"Enterthestring\n",42,163.5873,139.7212,11076,11149,73
100,8,array1,47,151.6724,157.6916,11370,11408,38
100,0,blank,0,276.0547,169.9627,11448,11484,36
100,7,"Enterthestring\n",42,300.3242,145.9098,11743,11777,34
100,0,blank,0,-350,-105,12449,12646,197
100,0,blank,0,-350,-105,12646,12703,57
100,0,blank,0,-350,-105,12703,12989,286
100,0,blank,0,-350,-105,12989,13116,127
100,0,blank,0,345.360675,202.67615,13246,13388,142
100,0,blank,0,225.8758,261.41875,13426,13503,77
100,13,"%sand%sareanagrams.\n",77,225.2126,270.6281,13539,13575,36
100,13,"%sand%sareanagrams.\n",77,163.8333,272.7384,13846,13885,39
100,12,==,72,146.84428,256.77584,13922,14116,194
100,12,==,72,137.3027,258.5464,14116,14155,39
100,0,blank,0,209.346475,253.299375,14301,14450,149
100,0,blank,0,284.055575,247.3557,14486,14635,149
100,0,blank,0,184.618066666667,290.383666666667,14962,15130,168
100,0,blank,0,190.908866666667,289.676066666667,15167,15279,112
100,13,"%sand%sareanagrams.\n",77,233.65076,275.70832,15318,15505,187
100,13,"%sand%sareanagrams.\n",77,232.9167,269.8884,15505,15540,35
100,12,==,72,153.9644,256.3656,15576,15650,74
100,11,array2,66,345.68934,242.61826,15830,16013,183
100,11,array2,66,344.6937,243.6825,16013,16087,74
100,0,blank,0,396.03465,247.3149,16122,16267,145
100,0,blank,0,307.59698,296.24362,16305,16486,181
100,0,blank,0,303.5768,295.1753,16486,16523,37
100,0,blank,0,339.03528,296.00788,16559,16747,188
100,0,blank,0,384.1619,293.46115,16783,16855,72
100,13,array1,79,445.1164,287.26414,16891,17074,183
100,0,blank,0,475.737266666667,294.762433333333,17113,17257,144
100,0,blank,0,334.20615,351.87405,17330,17477,147
100,0,blank,0,362.08045,339.94985,17514,17591,77
100,0,blank,0,169.7281,352.39102,17631,17823,192
100,0,blank,0,166.6187,348.4306,17823,17898,75
100,0,blank,0,184.807033333333,364.2225,17938,18049,111
100,0,blank,0,206.1059,401.91475,18086,18229,143
100,0,blank,0,170.263566666667,403.132633333333,18300,18406,106
100,18,comma,105,328.9944,390.903733333333,18475,18583,108
100,0,blank,0,290.984575,401.788325,18688,18828,140
100,18,array2,107,439.069733333333,393.149966666667,18900,19007,107
100,0,blank,0,1019.96,251.0825,19113,19143,30
100,0,blank,0,1016.659,255.7099,19213,19249,36
100,0,blank,0,1002.41975,176.400975,19315,19452,137
100,0,blank,0,1005.746,134.9228,19555,19739,184
100,0,blank,0,1004.0735,140.955775,19739,19893,154
100,18,array2,107,409.6279,391.9383,20071,20114,43
101,0,blank,0,-350,-105,21435,21562,127
101,5,100,34,186.99975,95.20965,21666,21735,69
101,0,blank,0,349.8763,97.5888,21929,21959,30
101,0,blank,0,-350,-105,22037,22157,120
101,0,blank,0,283.2347,115.9901,22308,22341,33
101,0,blank,0,278.753,86.6004,22413,22484,71
101,0,blank,0,-350,-105,22718,22899,181
101,0,blank,0,-350,-105,22899,23070,171
101,0,blank,0,-350,-105,23070,23233,163
101,0,blank,0,-350,-105,23233,23427,194
101,0,blank,0,-350,-105,23427,23559,132
101,0,blank,0,289.3719,170.1524,23695,23764,69
101,0,blank,0,348.7931,178.6513,23803,23911,108
101,11,find_anagram,62,186.10416,223.70636,23983,24168,185
101,11,find_anagram,62,199.060933333333,223.370566666667,24168,24281,113
101,0,blank,0,194.63955,164.48195,24358,24515,157
101,7,"Enterthestring\n",42,152.83505,145.0893,24553,24634,81
101,0,blank,0,268.12645,157.1156,24880,24996,116
101,0,blank,0,336.104425,164.5524,25048,25210,162
101,0,blank,0,336.6911,166.1517,25210,25248,38
101,9,;,54,366.11935,195.65985,25287,25462,175
101,0,blank,0,374.891025,197.501625,25462,25635,173
101,9,"Enteranotherstring\n",52,349.215066666667,193.0332,25679,25802,123
101,0,blank,0,327.9848,157.34632,25844,26034,190
101,11,find_anagram,62,193.15535,224.48545,26143,26216,73
101,11,find_anagram,62,197.2964,228.3624,26249,26286,37
101,0,blank,0,215.348833333333,245.805433333333,26360,26471,111
101,11,find_anagram,62,157.7313,237.94486,26541,26727,186
101,11,find_anagram,62,174.522,243.8031,26727,26764,37
101,0,blank,0,232.848875,254.706675,26801,26950,149
101,0,blank,0,270.1081,246.65708,26988,27174,186
101,11,array1,64,269.2055,242.1383,27174,27211,37
101,0,blank,0,335.1859,245.756,27248,27359,111
101,0,blank,0,254.23048,247.70414,27396,27578,182
101,0,blank,0,258.76435,246.4505,27578,27649,71
101,0,blank,0,344.18305,246.2343,27686,27759,73
101,11,array2,66,345.95055,242.106425,27795,27943,148
101,0,blank,0,414.4436,248.8278,28020,28173,153
101,0,blank,0,445.9083,242.1782,28210,28285,75
101,13,"%sand%sareanagrams.\n",77,206.350675,268.56465,28355,28511,156
101,12,1,73,172.94274,258.2539,28546,28731,185
101,13,"%sand%sareanagrams.\n",77,208.776775,271.13755,28768,28915,147
101,13,"%sand%sareanagrams.\n",77,333.5149,286.47028,28952,29138,186
101,13,"%sand%sareanagrams.\n",77,289.456875,283.314725,29211,29356,145
101,13,"%sand%sareanagrams.\n",77,248.48775,286.89765,29429,29502,73
101,13,"%sand%sareanagrams.\n",77,254.1939,282.7416,29536,29571,35
101,0,blank,0,345.576625,292.695475,29606,29748,142
101,0,blank,0,453.944533333333,297.051866666667,29821,29932,111
101,0,blank,0,506.366525,295.540375,30002,30146,144
101,0,blank,0,581.8085,291.8131,30216,30393,177
101,0,blank,0,467.1726,305.5508,30427,30463,36
101,0,blank,0,454.642333333333,301.458733333333,30500,30607,107
101,15,"%sand%sarenotanagrams.\n",87,375.2948,315.12845,30676,30753,77
101,0,blank,0,350.6071,336.4084,30895,30933,38
101,0,blank,0,141.2163,360.0587,31067,31110,43
101,0,blank,0,157.0627,358.5702,31153,31192,39
101,0,blank,0,309.257133333333,406.687833333333,31474,31588,114
101,0,blank,0,450.0056,413.3491,31663,31701,38
101,0,blank,0,433.672275,398.28075,31741,31886,145
101,0,blank,0,220.4991,403.940666666667,31924,32036,112
101,0,blank,0,-350,-105,32074,32238,164
101,0,blank,0,-350,-105,32238,32361,123
101,0,blank,0,989.332,185.435,32399,32421,22
101,5,[,33,290.7493,100.506866666667,32542,32647,105
101,1,whether,7,280.87034,22.26582,32683,32864,181
101,1,whether,7,281.0681,19.6287,32864,32901,37
101,1,Strings,9,384.9567,12.4546,32936,33009,73
101,0,blank,0,164.3902,53.0535,33118,33156,38
101,0,blank,0,968.392666666667,103.3921,33267,33383,116
101,0,blank,0,1026.7115,111.63405,33424,33505,81
101,20,],125,317.8781,424.876325,33659,33821,162
101,0,blank,0,309.1851,409.6022,33821,33859,38
101,0,blank,0,316.7079,387.0184,33900,33939,39
102,0,blank,0,449.45705,282.9385,34410,34484,74
102,20,=,132,425.5225,297.57492,34522,34720,198
102,0,blank,0,276.99654,544.04036,34758,34950,192
102,0,blank,0,278.2496,551.3446,34950,35032,82
102,0,blank,0,240.181966666667,522.442533333333,35468,35621,153
102,0,blank,0,313.43994,524.9268,35660,35852,192
102,0,blank,0,312.223733333333,521.2585,35852,35963,111
102,0,blank,0,333.42538,511.62626,36001,36192,191
102,0,blank,0,335.8142,512.5105,36192,36311,119
102,0,blank,0,-350,-105,36742,36789,47
102,0,blank,0,-350,-105,36915,37111,196
102,0,blank,0,173.8536,284.14315,37143,37208,65
102,20,comma,130,226.219133333333,292.133533333333,37252,37446,194
102,18,array2,107,440.02915,266.2842,37536,37619,83
102,0,blank,0,427.5233,269.77195,37671,37757,86
102,0,blank,0,616.39712,11.10304,37844,38039,195
102,0,blank,0,614.7042,-1.6103,38039,38077,38
102,0,blank,0,431.2866,-105.1881,38153,38302,149
102,0,blank,0,-350,-105,38375,38557,182
102,0,blank,0,-350,-105,38557,38745,188
102,0,blank,0,-350,-105,38745,38923,178
102,0,blank,0,-350,-105,38923,39102,179
102,0,blank,0,-350,-105,39102,39283,181
102,0,blank,0,-350,-105,39283,39470,187
102,0,blank,0,-350,-105,39470,39647,177
102,0,blank,0,-350,-105,39647,39752,105
102,0,blank,0,-350,-105,39752,39912,160
102,0,blank,0,-350,-105,39912,40090,178
102,0,blank,0,-350,-105,40090,40265,175
102,0,blank,0,-350,-105,40265,40459,194
102,0,blank,0,-350,-105,40459,40638,179
102,0,blank,0,-350,-105,40638,40777,139
102,0,blank,0,-350,-105,40777,40893,116
102,0,blank,0,-350,-105,40893,41064,171
102,0,blank,0,-350,-105,41064,41217,153
102,0,blank,0,-350,-105,41217,41380,163
102,0,blank,0,-350,-105,41380,41555,175
102,0,blank,0,-350,-105,41555,41754,199
102,0,blank,0,-350,-105,41754,41929,175
102,0,blank,0,-350,-105,41929,42079,150
102,0,blank,0,-350,-105,42079,42150,71
102,0,blank,0,-350,-105,42284,44143,1859
102,0,blank,0,-350,-105,44143,44287,144
102,10,),58,159.3311,86.8591,45742,45779,37
102,9,"Enteranotherstring\n",52,162.68098,69.66066,45808,45989,181
102,10,;,59,166.166133333333,71.2569,45989,46100,111
102,11,find_anagram,62,232.90466,111.59128,46174,46362,188
102,0,blank,0,222.93832,162.96158,46399,46584,185
102,0,blank,0,225.557766666667,162.472466666667,46584,46695,111
102,0,blank,0,263.974,179.07808,46731,46913,182
102,15,"%sand%sarenotanagrams.\n",87,267.0532,192.6035,46913,46950,37
102,0,blank,0,312.75945,166.8953,46987,47079,92
102,0,blank,0,692.574,154.093,47178,47229,51
102,0,blank,0,-350,-105,47328,47381,53
102,0,blank,0,654.5415,85.04165,47487,47628,141
102,0,blank,0,409.9321,10.59175,47784,47887,103
102,0,blank,0,1052.431,-53.59595,48212,48299,87
102,0,blank,0,1027.8374,-61.29658,48338,48528,190
102,0,blank,0,1023.996,-58.5709,48528,48566,38
102,0,blank,0,781.2252,42.2288,48603,48788,185
102,0,blank,0,783.935,39.2018,48788,48825,37
102,0,blank,0,625.45876,111.69238,48862,49054,192
102,13,),82,590.1585,148.73598,49094,49291,197
102,13,),82,590.852,149.8089,49291,49331,40
102,0,blank,0,447.911066666667,162.4358,49372,49491,119
102,0,blank,0,-350,-105,49531,49575,44
102,0,blank,0,471.087866666667,175.1572,49797,49926,129
102,15,"%sand%sarenotanagrams.\n",87,339.015925,186.2533,50007,50166,159
102,15,array2,91,597.74454,184.63432,50245,50442,197
102,15,array2,91,595.511025,190.015225,50442,50608,166
102,15,array2,91,598.0403,183.95502,50608,50802,194
102,15,array2,91,597.598566666667,182.513966666667,50802,50918,116
102,0,blank,0,944.887,43.300625,50996,51152,156
102,13,array2,81,544.1034,139.5274,51231,51388,157
102,0,blank,0,-350,-105,51435,51612,177
102,13,comma,80,424.84095,144.59885,51657,51739,82
102,0,blank,0,367.63515,-15.977125,51820,51981,161
102,0,blank,0,364.498733333333,-16.5190333333333,51981,52101,120
102,0,blank,0,630.70895,-26.9122,52180,52333,153
102,0,blank,0,935.34475,-46.587425,52410,52565,155
102,0,blank,0,977.486666666667,-57.1639,52604,52718,114
102,0,blank,0,438.98152,125.36874,52797,52991,194
102,0,blank,0,434.7618,123.6422,52991,53031,40
102,0,blank,0,-350,-105,53112,53239,127
102,0,blank,0,541.5007,167.1358,53412,53437,25
102,0,blank,0,922.757666666667,586.5687,53532,53663,131
102,0,blank,0,734.459,783.0688,53742,53780,38
102,0,blank,0,738.647,792.9105,53858,53898,40
102,0,blank,0,609.862225,777.209325,54052,54208,156
102,0,blank,0,380.601975,219.9174,54323,54499,176
102,0,blank,0,381.056325,228.913925,54499,54662,163
102,0,blank,0,377.7286,218.9431,54662,54706,44
102,0,blank,0,-350,-105,54750,54918,168
102,0,blank,0,-350,-105,54918,55110,192
102,0,blank,0,-350,-105,55110,55306,196
102,0,blank,0,-350,-105,55306,55485,179
102,0,blank,0,-350,-105,55485,55614,129
102,0,blank,0,-350,-105,55614,55765,151
102,0,blank,0,-350,-105,55765,55934,169
102,0,blank,0,-350,-105,55934,56118,184
102,0,blank,0,-350,-105,56118,56298,180
102,0,blank,0,-350,-105,56298,56484,186
102,0,blank,0,-350,-105,56484,56575,91
102,0,blank,0,769.485333333333,769.5623,57067,57185,118
102,0,blank,0,330.768833333333,483.291133333333,57300,57416,116
102,0,blank,0,324.259625,322.296975,57493,57654,161
102,0,blank,0,325.2481,323.3322,57654,57696,42
102,0,blank,0,353.329075,316.863875,57736,57898,162
102,0,blank,0,354.76875,315.13075,57898,57976,78
102,0,blank,0,296.22674,354.21954,58051,58242,191
102,0,blank,0,292.9467,355.339,58242,58281,39
102,0,blank,0,317.840775,380.035275,58320,58475,155
102,0,blank,0,322.63556,509.20204,58558,58751,193
102,0,blank,0,317.2609,511.0039,58751,58790,39
102,32,26,197,204.871775,573.795725,58867,59030,163
102,0,blank,0,225.93356,620.85346,59068,59258,190
102,0,blank,0,236.8158,625.3477,59258,59296,38
102,0,blank,0,265.905433333333,634.003666666667,59334,59450,116
102,0,blank,0,324.5561,628.2584,59527,59681,154
102,0,blank,0,344.8231,629.958975,59722,59884,162
102,0,blank,0,273.533025,645.7487,59924,60081,157
102,0,blank,0,269.31435,642.098,60081,60161,80
102,0,blank,0,262.54365,643.531,60199,60360,161
102,0,blank,0,258.9467,637.35415,60360,60540,180
102,0,blank,0,-350,-105,60657,60815,158
102,0,blank,0,-350,-105,60815,61010,195
102,0,blank,0,-350,-105,61010,61126,116
102,0,blank,0,-350,-105,61126,61220,94
102,0,blank,0,742.619,624.194,61261,61281,20
102,0,blank,0,-350,-105,61392,61581,189
102,0,blank,0,-350,-105,61581,61778,197
102,0,blank,0,-350,-105,61778,61975,197
102,0,blank,0,-350,-105,61975,62103,128
102,0,blank,0,-350,-105,62103,62249,146
102,0,blank,0,242.3488,641.5049,62429,62473,44
102,0,blank,0,277.77678,626.46844,62581,62773,192
102,34,[,211,276.45745,616.7769,62773,62848,75
102,0,blank,0,276.68934,626.33106,62885,63068,183
102,0,blank,0,260.312475,645.83265,63104,63248,144
102,0,blank,0,-350,-105,63320,63462,142
102,15,array2,91,582.4029,201.5707,63793,63838,45
102,15,array2,91,578.296833333333,189.627266666667,63874,63990,116
102,0,blank,0,-350,-105,64083,64263,180
102,0,blank,0,-350,-105,64263,64444,181
102,0,blank,0,-350,-105,64444,64619,175
102,0,blank,0,-350,-105,64619,64798,179
102,0,blank,0,-350,-105,64798,64973,175
102,0,blank,0,-350,-105,64973,65147,174
102,0,blank,0,-350,-105,65147,65322,175
102,0,blank,0,-350,-105,65322,65514,192
102,0,blank,0,-350,-105,65514,65693,179
102,0,blank,0,-350,-105,65693,65884,191
102,0,blank,0,-350,-105,65884,66080,196
102,0,blank,0,-350,-105,66080,66256,176
102,0,blank,0,-350,-105,66256,66435,179
102,0,blank,0,-350,-105,66435,66620,185
102,0,blank,0,-350,-105,66620,66800,180
102,0,blank,0,-350,-105,66800,66981,181
102,0,blank,0,-350,-105,66981,67158,177
102,0,blank,0,-350,-105,67158,67334,176
102,0,blank,0,-350,-105,67334,67511,177
102,0,blank,0,-350,-105,67511,67696,185
102,0,blank,0,-350,-105,67696,67874,178
102,0,blank,0,-350,-105,67874,68054,180
102,0,blank,0,-350,-105,68054,68232,178
102,0,blank,0,-350,-105,68232,68412,180
102,0,blank,0,-350,-105,68412,68593,181
102,0,blank,0,-350,-105,68593,68781,188
102,0,blank,0,-350,-105,68781,68957,176
102,0,blank,0,-350,-105,68957,69132,175
102,0,blank,0,-350,-105,69132,69309,177
102,0,blank,0,-350,-105,69309,69501,192
102,0,blank,0,-350,-105,69501,69691,190
102,0,blank,0,-350,-105,69691,69883,192
102,0,blank,0,-350,-105,69883,70077,194
102,0,blank,0,-350,-105,70077,70261,184
102,0,blank,0,-350,-105,70261,70441,180
102,0,blank,0,-350,-105,70441,70620,179
102,0,blank,0,-350,-105,70620,70800,180
102,0,blank,0,-350,-105,70800,70981,181
102,0,blank,0,-350,-105,70981,71161,180
102,0,blank,0,-350,-105,71161,71344,183
102,0,blank,0,-350,-105,71344,71520,176
102,0,blank,0,-350,-105,71520,71698,178
102,0,blank,0,-350,-105,71698,71874,176
102,0,blank,0,-350,-105,71874,72053,179
102,0,blank,0,-350,-105,72053,72233,180
102,0,blank,0,-350,-105,72233,72419,186
102,0,blank,0,-350,-105,72419,72602,183
102,0,blank,0,-350,-105,72602,72783,181
102,0,blank,0,-350,-105,72783,72960,177
102,0,blank,0,-350,-105,72960,73136,176
102,0,blank,0,-350,-105,73136,73312,176
102,0,blank,0,-350,-105,73312,73496,184
102,0,blank,0,-350,-105,73496,73673,177
102,0,blank,0,-350,-105,73673,73853,180
102,0,blank,0,-350,-105,73853,74031,178
102,0,blank,0,-350,-105,74031,74211,180
102,0,blank,0,-350,-105,74211,74391,180
102,0,blank,0,-350,-105,74391,74578,187
102,0,blank,0,-350,-105,74578,74755,177
102,0,blank,0,-350,-105,74755,74932,177
102,0,blank,0,-350,-105,74932,75110,178
102,0,blank,0,-350,-105,75110,75287,177
102,0,blank,0,-350,-105,75287,75466,179
102,0,blank,0,-350,-105,75466,75650,184
102,0,blank,0,-350,-105,75650,75835,185
102,0,blank,0,-350,-105,75835,75987,152
102,0,blank,0,-350,-105,75987,76172,185
102,0,blank,0,-350,-105,76172,76357,185
102,0,blank,0,-350,-105,76357,76536,179
102,0,blank,0,-350,-105,76536,76713,177
102,0,blank,0,-350,-105,76713,76890,177
102,0,blank,0,-350,-105,76890,77068,178
102,0,blank,0,-350,-105,77068,77264,196
102,0,blank,0,-350,-105,77264,77365,101
102,0,blank,0,-350,-105,77365,77472,107
102,0,blank,0,-350,-105,77472,77621,149
102,0,blank,0,-350,-105,77621,77813,192
102,0,blank,0,-350,-105,77813,77995,182
102,0,blank,0,-350,-105,77995,78180,185
102,0,blank,0,-350,-105,78180,78361,181
102,0,blank,0,-350,-105,78361,78542,181
102,0,blank,0,-350,-105,78542,78723,181
102,0,blank,0,-350,-105,78723,78902,179
102,0,blank,0,-350,-105,78902,79079,177
102,0,blank,0,-350,-105,79079,79260,181
102,0,blank,0,-350,-105,79260,79439,179
102,0,blank,0,-350,-105,79439,79615,176
102,0,blank,0,-350,-105,79615,79792,177
102,0,blank,0,-350,-105,79792,79971,179
102,0,blank,0,-350,-105,79971,80151,180
102,0,blank,0,-350,-105,80151,80338,187
102,0,blank,0,-350,-105,80338,80519,181
102,0,blank,0,-350,-105,80519,80696,177
102,0,blank,0,-350,-105,80696,80873,177
102,0,blank,0,-350,-105,80873,81050,177
102,0,blank,0,-350,-105,81050,81226,176
102,0,blank,0,-350,-105,81226,81407,181
102,0,blank,0,-350,-105,81407,81587,180
102,0,blank,0,-350,-105,81587,81768,181
102,0,blank,0,-350,-105,81768,81948,180
102,0,blank,0,-350,-105,81948,82045,97
102,0,blank,0,-350,-105,82045,82266,221
102,0,blank,0,-350,-105,82266,82337,71
102,0,blank,0,543.7115,212.791,82729,82840,111
102,0,blank,0,548.009,205.3181,82949,83002,53
102,15,"%sand%sarenotanagrams.\n",87,381.9907,191.4636,83161,83214,53
102,15,"%sand%sarenotanagrams.\n",87,424.5128,188.629933333333,83267,83396,129
102,0,blank,0,371.52456,176.23886,83434,83623,189
102,0,blank,0,370.1405,172.52596,83623,83821,198
102,15,array1,89,532.57598,192.8344,83861,84057,196
102,15,array2,91,580.79648,196.01952,84094,84289,195
102,15,),92,621.04108,195.50198,84327,84521,194
102,15,),92,620.9615,196.3404,84521,84596,75
102,15,array1,89,509.06612,186.62152,84674,84864,190
102,0,blank,0,544.56168,193.90692,84904,85097,193
102,0,blank,0,545.14275,199.82015,85097,85251,154
102,15,"%sand%sarenotanagrams.\n",87,428.8582,196.263,85290,85449,159
102,15,"%sand%sarenotanagrams.\n",87,432.5438,198.503375,85449,85616,167
102,15,"%sand%sarenotanagrams.\n",87,433.509025,199.21185,85616,85779,163
102,0,blank,0,437.38868,202.46346,85779,85971,192
102,0,blank,0,438.9283,203.186533333333,85971,86087,116
102,0,blank,0,493.042925,300.380925,86126,86276,150
102,0,blank,0,-350,-105,86351,86545,194
102,0,blank,0,-350,-105,86545,86740,195
102,0,blank,0,-350,-105,86740,86920,180
102,0,blank,0,-350,-105,86920,87093,173
102,0,blank,0,-350,-105,87093,87264,171
102,0,blank,0,-350,-105,87264,87438,174
102,0,blank,0,-350,-105,87438,87616,178
102,0,blank,0,-350,-105,87616,87813,197
102,0,blank,0,-350,-105,87813,88009,196
102,0,blank,0,-350,-105,88009,88183,174
102,0,blank,0,-350,-105,88183,88358,175
102,0,blank,0,-350,-105,88358,88534,176
102,0,blank,0,-350,-105,88534,88711,177
102,0,blank,0,-350,-105,88711,88890,179
102,0,blank,0,-350,-105,88890,89066,176
102,0,blank,0,-350,-105,89066,89177,111
102,0,blank,0,-350,-105,89337,89374,37
102,0,blank,0,368.6895,203.77025,89405,89481,76
102,15,"%sand%sarenotanagrams.\n",87,351.9625,185.04255,89526,89693,167
102,15,"%sand%sarenotanagrams.\n",87,348.57005,192.00035,89693,89772,79
102,13,"%sand%sareanagrams.\n",77,336.19974,156.13058,89815,90008,193
102,13,"%sand%sareanagrams.\n",77,331.9797,152.3272,90008,90048,40
102,0,blank,0,235.685633333333,165.6374,90124,90238,114
102,0,blank,0,-350,-105,90279,90437,158
102,0,blank,0,-350,-105,90437,90486,49
102,0,blank,0,284.421125,174.001225,90580,90735,155
102,0,blank,0,347.48312,179.48682,90817,91016,199
102,15,"%sand%sarenotanagrams.\n",87,344.1191,182.67236,91016,91211,195
102,15,"%sand%sarenotanagrams.\n",87,339.107225,185.822825,91211,91358,147
102,0,blank,0,470.20234,176.54702,91394,91581,187
102,0,blank,0,288.21804,170.532,91660,91857,197
102,0,blank,0,285.8476,171.9324,91857,91929,72
102,0,blank,0,385.773366666667,162.12,92002,92109,107
102,0,blank,0,464.33774,161.50028,92185,92376,191
102,0,blank,0,467.30132,165.26714,92376,92570,194
102,0,blank,0,470.67504,164.4365,92570,92765,195
102,0,blank,0,298.043825,177.523925,92845,93007,162
102,0,blank,0,403.506475,171.8011,93046,93202,156
102,13,array1,79,457.954366666667,152.5259,93240,93363,123
102,0,blank,0,-350,-105,93442,93626,184
102,0,blank,0,410.0452,173.646,93677,93696,19
102,0,blank,0,409.14585,165.40895,93738,93814,76
102,0,blank,0,776.875,-34.3577,93926,93970,44
102,0,blank,0,837.74375,-3.03355,94016,94168,152
102,13,array2,81,542.05516,148.67852,94246,94431,185
102,13,array2,81,545.89225,148.31475,94431,94511,80
102,0,blank,0,-350,-105,95931,95988,57
102,0,blank,0,316.952233333333,170.990633333333,96208,96327,119
102,0,blank,0,512.2325,166.8102,96411,96478,67
102,0,blank,0,503.9417,168.3871,96478,96618,140
102,0,blank,0,582.21365,173.2698,96755,96867,112
102,0,blank,0,703.3534,142.92528,96905,97095,190
102,0,blank,0,700.495,137.1076,97095,97170,75
102,0,blank,0,450.37792,244.2787,97250,97444,194
102,0,blank,0,449.1311,245.58145,97444,97524,80
102,0,blank,0,304.29622,231.4436,97646,97830,184
102,0,blank,0,305.396933333333,234.648066666667,97830,97948,118
102,0,blank,0,-350,-105,98109,98224,115
102,0,blank,0,-350,-105,98385,98564,179
102,0,blank,0,-350,-105,98564,98728,164
102,0,blank,0,-350,-105,98728,98911,183
102,0,blank,0,-350,-105,98911,99094,183
102,0,blank,0,-350,-105,99094,99284,190
102,0,blank,0,-350,-105,99284,99479,195
102,0,blank,0,-350,-105,99479,99612,133
102,0,blank,0,621.276125,163.2079,99651,99809,158
102,0,blank,0,965.223,8.1598,99928,99973,45
102,0,blank,0,948.187,50.0543,100004,100042,38
102,0,blank,0,312.183825,126.477,100177,100335,158
102,11,array1,64,298.9427,104.5624,100375,100415,40
102,9,"Enteranotherstring\n",52,251.881175,64.889625,100455,100616,161
102,9,"Enteranotherstring\n",52,234.023975,62.8192,100654,100812,158
102,9,"Enteranotherstring\n",52,316.83065,49.316775,100851,101006,155
102,0,blank,0,293.57968,169.43642,101086,101284,198
102,15,"%sand%sarenotanagrams.\n",87,300.24225,182.06365,101284,101363,79
102,0,blank,0,209.310166666667,163.754966666667,101402,101524,122
102,13,"%sand%sareanagrams.\n",77,209.61045,151.46875,101561,101639,78
102,13,"%sand%sareanagrams.\n",77,311.972133333333,140.891266666667,101719,101909,190
102,13,"%sand%sareanagrams.\n",77,296.2885,149.3582,101961,102118,157
102,13,array1,79,482.6041,138.1132,102171,102342,171
102,21,[,138,180.068,323.1354,102510,102619,109
102,20,{,127,193.2688,299.3208,102671,102726,55
102,0,blank,0,-350,-105,102784,102955,171
102,0,blank,0,-350,-105,102955,103052,97
102,20,num2,122,247.4931,294.1511,103082,103109,27
102,0,blank,0,206.2528,272.54775,103148,103341,193
102,20,{,127,198.22238,304.22634,103385,103575,190
102,0,blank,0,241.8416,310.62485,103615,103693,78
102,20,=,132,183.6449,310.8726,103882,103913,31
102,21,0,142,249.9763,325.2101,103988,104025,37
102,0,blank,0,355.95804,314.9072,104485,104671,186
102,0,blank,0,350.4903,313.09235,104671,104746,75
102,20,comma,130,390.342133333333,307.1557,104783,104896,113
102,0,blank,0,339.5406,325.410066666667,104935,105049,114
102,20,;,134,455.51488,304.77496,105123,105312,189
102,20,;,134,455.1957,307.58752,105312,105500,188
102,0,blank,0,473.96236,304.62478,105538,105727,189
102,20,i,131,408.81305,310.84335,105765,105840,75
102,0,blank,0,441.57515,295.0683,106337,106424,87
102,0,blank,0,445.2031,290.9652,106461,106537,76
102,0,blank,0,469.57145,294.44475,106574,106645,71
102,21,0,142,270.705333333333,332.910466666667,106753,106861,108
102,21,[,138,175.03235,331.6608,107231,107305,74
102,21,array1,137,167.9587,324.1467,107340,107376,36
102,0,blank,0,351.4203,468.4344,107689,107732,43
102,0,blank,0,314.168633333333,328.0049,107807,107919,112
102,0,blank,0,237.56538,336.98968,107995,108181,186
102,0,blank,0,252.17888,334.46528,108181,108364,183
102,21,0,142,255.1528,331.9336,108364,108402,38
102,20,;,134,455.680433333333,311.889833333333,108474,108587,113
102,0,blank,0,-350,-105,108627,108739,112
102,0,blank,0,235.5648,322.686166666667,108972,109082,110
102,20,0,133,453.57684,309.59364,109230,109414,184
102,0,blank,0,274.39418,352.08858,109488,109672,184
102,23,array1,147,147.5299,362.6648,110917,110969,52
102,23,[,148,132.4882,364.3175,111185,111281,96
102,0,blank,0,-350,-105,111332,111431,99
102,0,blank,0,157.282666666667,379.320066666667,111834,111958,124
102,0,blank,0,-350,-105,112075,112250,175
102,0,blank,0,-350,-105,112250,112449,199
102,0,blank,0,-350,-105,112449,112623,174
102,0,blank,0,-350,-105,112623,112801,178
102,0,blank,0,-350,-105,112801,112901,100
102,0,blank,0,-350,-105,113072,113246,174
102,0,blank,0,-350,-105,113246,113428,182
102,0,blank,0,-350,-105,113428,113613,185
102,0,blank,0,-350,-105,113613,113704,91
102,0,blank,0,-350,-105,114024,114199,175
102,0,blank,0,-350,-105,114199,114290,91
102,0,blank,0,-350,-105,114290,114414,124
102,0,blank,0,-350,-105,114414,114524,110
102,0,blank,0,-350,-105,114524,114651,127
102,0,blank,0,-350,-105,114651,114782,131
102,0,blank,0,-350,-105,114782,114853,71
102,0,blank,0,264.3938,402.30725,115281,115467,186
102,0,blank,0,-350,-105,115714,115806,92
102,23,a,152,270.9534,358.8898,115842,115893,51
102,23,a,152,264.42902,361.78644,115974,116161,187
102,0,blank,0,258.8834,357.852633333333,116161,116284,123
102,0,blank,0,167.5027,354.5338,116365,116405,40
102,0,blank,0,-350,-105,116669,116867,198
102,0,blank,0,-350,-105,116867,117011,144
102,0,blank,0,-350,-105,117011,117075,64
102,0,blank,0,-350,-105,117075,117212,137
102,0,blank,0,-350,-105,117488,117591,103
102,0,blank,0,228.7036,363.4548,117843,117944,101
102,0,blank,0,189.426,334.397666666667,117995,118155,160
102,0,blank,0,233.9142,338.1744,118208,118260,52
102,23,++,154,303.926733333333,374.414433333333,118300,118410,110
102,0,blank,0,-350,-105,118485,118592,107
102,23,++,154,310.5539,366.4726,118620,118647,27
102,0,blank,0,-350,-105,118836,119032,196
102,0,blank,0,-350,-105,119032,119211,179
102,0,blank,0,-350,-105,119211,119349,138
102,21,i,139,185.0973,317.1003,120025,120075,50
102,0,blank,0,175.296175,395.030275,120638,120787,149
102,0,blank,0,154.84585,433.164,120822,120965,143
102,0,blank,0,-350,-105,121000,121114,114
102,0,blank,0,-350,-105,121114,121219,105
102,0,blank,0,165.465975,443.10175,121257,121394,137
102,27,array2,166,150.553433333333,451.232766666667,121464,121573,109
102,0,blank,0,157.34625,386.384375,121609,121754,145
102,27,],169,200.7128,462.9675,121827,121936,109
102,0,blank,0,-350,-105,122009,122207,198
102,0,blank,0,-350,-105,122207,122455,248
102,0,blank,0,-350,-105,122654,122836,182
102,0,blank,0,-350,-105,122836,122920,84
102,0,blank,0,225.3273,377.092,123084,123145,61
102,23,i,149,205.30425,372.31445,123199,123305,106
102,23,a,152,265.205,376.3016,123510,123559,49
102,0,blank,0,249.2554,337.9479,123661,123712,51
102,0,blank,0,202.9578,353.42476,123763,123958,195
102,27,],169,200.484766666667,450.256433333333,124029,124139,110
102,29,array2,176,185.7975,491.8383,124176,124212,36
102,0,blank,0,186.95024,474.9607,124248,124430,182
102,0,blank,0,184.0572,481.4186,124430,124467,37
102,0,blank,0,137.37365,469.869925,124507,124698,191
102,0,blank,0,40.0074,464.4412,124737,124774,37
102,0,blank,0,34.03615,475.72685,124848,124920,72
102,0,blank,0,-29.3872,476.4454,125029,125068,39
102,0,blank,0,-350,-105,125217,125400,183
102,0,blank,0,-350,-105,125400,125589,189
102,0,blank,0,-350,-105,125589,125773,184
102,0,blank,0,-350,-105,125773,125952,179
102,0,blank,0,-350,-105,125952,126127,175
102,0,blank,0,-350,-105,126127,126324,197
102,0,blank,0,-350,-105,126324,126494,170
102,0,blank,0,-350,-105,126494,126675,181
102,0,blank,0,-350,-105,126675,126812,137
102,0,blank,0,-350,-105,126812,126982,170
102,0,blank,0,-350,-105,126982,127160,178
102,0,blank,0,-350,-105,127160,127326,166
102,0,blank,0,-350,-105,127326,127429,103
102,0,blank,0,-350,-105,127429,127586,157
102,0,blank,0,-350,-105,127586,127757,171
102,0,blank,0,-350,-105,127757,127956,199
102,0,blank,0,-350,-105,127956,128150,194
102,0,blank,0,-350,-105,128150,128320,170
102,0,blank,0,-350,-105,128320,128499,179
102,0,blank,0,-350,-105,128499,128648,149
102,0,blank,0,-350,-105,128648,128749,101
102,0,blank,0,-350,-105,128749,128937,188
102,0,blank,0,-350,-105,128937,129104,167
102,0,blank,0,-350,-105,129104,129282,178
102,0,blank,0,-350,-105,129282,129458,176
102,0,blank,0,-350,-105,129458,129628,170
102,0,blank,0,-350,-105,129628,129818,190
102,0,blank,0,-350,-105,129818,130006,188
102,0,blank,0,-350,-105,130006,130204,198
102,0,blank,0,-350,-105,130204,130230,26
102,0,blank,0,65.5991,471.8643,130298,130343,45
102,29,array2,176,167.13165,508.4142,130761,130834,73
102,0,blank,0,229.37765,488.88655,130978,131051,73
102,0,blank,0,233.1424,506.0079,131128,131165,37
102,0,blank,0,242.878,476.0405,131245,131284,39
102,0,blank,0,218.7794,435.3228,131437,131476,39
102,0,blank,0,-350,-105,131558,131724,166
102,27,i,168,188.348366666667,462.319966666667,131759,131880,121
102,29,num2,174,104.592225,509.66455,131925,132100,175
102,0,blank,0,105.4012,513.0751,132100,132142,42
102,0,blank,0,89.3821,584.968,132228,132351,123
102,0,blank,0,133.817675,641.009825,132430,132596,166
102,0,blank,0,273.328,284.8338,132722,132848,126
102,0,blank,0,275.5431,278.4319,132889,132968,79
102,15,"%sand%sarenotanagrams.\n",87,256.0648,190.3216,133049,133203,154
102,15,"%sand%sarenotanagrams.\n",87,263.304,188.860133333333,133203,133380,177
102,15,"%sand%sarenotanagrams.\n",87,258.7129,193.7216,133380,133417,37
102,29,],182,220.81154,494.80936,133495,133690,195
102,29,],182,215.89942,494.32044,133690,133884,194
102,0,blank,0,-350,-105,133922,134100,178
102,0,blank,0,-350,-105,134100,134143,43
102,0,blank,0,121.2329,470.9297,134247,134285,38
102,0,blank,0,126.53795,471.6751,134361,134511,150
102,0,blank,0,152.29842,472.30258,134549,134736,187
102,27,array2,166,153.6916,462.57675,134736,134810,74
102,27,==,170,216.4205,463.72974,134847,135038,191
102,0,blank,0,208.6451,468.4199,135038,135076,38
102,0,blank,0,192.186525,470.4815,135114,135268,154
102,0,blank,0,171.5537,514.213,135386,135425,39
102,0,blank,0,165.407333333333,510.447166666667,135463,135579,116
102,0,blank,0,212.64582,510.98938,135657,135851,194
102,29,],182,220.674366666667,500.713233333333,135895,136024,129
102,0,blank,0,183.152,474.7782,136067,136230,163
102,0,blank,0,-350,-105,136269,136362,93
102,0,blank,0,-350,-105,136632,136808,176
102,0,blank,0,-350,-105,136808,136991,183
102,0,blank,0,-350,-105,136991,137092,101
102,0,blank,0,-350,-105,137092,137194,102
102,0,blank,0,-350,-105,137194,137601,407
102,0,blank,0,-350,-105,137601,137773,172
102,0,blank,0,-350,-105,137773,137971,198
102,0,blank,0,-350,-105,137971,138131,160
102,0,blank,0,-350,-105,138131,138307,176
102,0,blank,0,-350,-105,138307,138502,195
102,0,blank,0,-350,-105,138502,138657,155
102,0,blank,0,-350,-105,138657,138856,199
102,0,blank,0,-350,-105,138856,139049,193
102,0,blank,0,-350,-105,139049,139234,185
102,0,blank,0,-350,-105,139234,139412,178
102,0,blank,0,-350,-105,139412,139494,82
102,0,blank,0,298.4703,478.6462,139638,139682,44
102,0,blank,0,333.27432,476.00772,139713,139891,178
102,0,blank,0,332.9524,481.16785,139891,139963,72
102,0,blank,0,307.28352,477.97738,139998,140175,177
102,0,blank,0,314.319125,471.920775,140213,140363,150
102,27,0,171,267.66445,464.93325,140470,140542,72
102,0,blank,0,274.4021,472.4271,140579,140615,36
102,0,blank,0,319.39976,476.6052,140691,140876,185
102,0,blank,0,312.1511,472.9547,140876,140914,38
102,0,blank,0,319.82955,478.08255,140950,141024,74
102,0,blank,0,-350,-105,141278,141451,173
102,0,blank,0,-350,-105,141451,141649,198
102,0,blank,0,-350,-105,141649,141830,181
102,0,blank,0,-350,-105,141830,141999,169
102,0,blank,0,-350,-105,141999,142179,180
102,0,blank,0,-350,-105,142179,142357,178
102,0,blank,0,-350,-105,142357,142538,181
102,0,blank,0,-350,-105,142538,142713,175
102,0,blank,0,-350,-105,142713,142890,177
102,0,blank,0,-350,-105,142890,143069,179
102,0,blank,0,-350,-105,143069,143257,188
102,0,blank,0,-350,-105,143257,143438,181
102,0,blank,0,-350,-105,143438,143625,187
102,0,blank,0,-350,-105,143625,143808,183
102,0,blank,0,-350,-105,143808,143989,181
102,0,blank,0,-350,-105,143989,144170,181
102,0,blank,0,-350,-105,144170,144345,175
102,0,blank,0,-350,-105,144345,144522,177
102,0,blank,0,-350,-105,144522,144693,171
102,0,blank,0,-350,-105,144693,144892,199
102,0,blank,0,-350,-105,144892,144969,77
102,0,blank,0,-350,-105,145476,145626,150
102,0,blank,0,-350,-105,145626,145801,175
102,0,blank,0,-350,-105,145801,145958,157
102,0,blank,0,-350,-105,145958,146114,156
102,0,blank,0,-350,-105,146114,146333,219
102,0,blank,0,-350,-105,146333,146520,187
102,0,blank,0,306.167225,468.843625,146558,146697,139
102,0,blank,0,-350,-105,146773,146964,191
102,0,blank,0,-350,-105,146964,147096,132
102,0,blank,0,257.9363,521.8531,147829,147887,58
102,0,blank,0,143.0951,531.322,148215,148269,54
102,0,blank,0,154.9181,473.11445,148345,148484,139
102,0,blank,0,251.5378,382.57244,148725,148909,184
102,29,],182,274.8439,503.53855,149017,149093,76
102,0,blank,0,244.125266666667,512.474766666667,149131,149251,120
102,0,blank,0,282.924966666667,518.264633333333,149289,149408,119
102,0,blank,0,323.9405,524.7074,149448,149488,40
102,0,blank,0,314.2914,497.2903,149526,149566,40
102,23,++,154,311.9907,375.00055,149645,149802,157
102,0,blank,0,311.313,385.3753,149842,149881,39
102,0,blank,0,349.486,404.742366666667,149920,150042,122
102,0,blank,0,353.29225,517.84165,150082,150238,156
102,0,blank,0,210.3962,595.6141,152010,152047,37
102,32,++,200,268.9923,575.72935,152110,152181,71
102,0,blank,0,275.41535,588.49395,152218,152293,75
102,0,blank,0,-350,-105,152870,153035,165
102,0,blank,0,-350,-105,153035,153185,150
102,0,blank,0,-350,-105,153185,153357,172
102,0,blank,0,-350,-105,153357,153522,165
102,0,blank,0,-350,-105,153522,153681,159
102,0,blank,0,-350,-105,153681,153847,166
102,0,blank,0,-350,-105,153847,153935,88
102,0,blank,0,-350,-105,153935,156958,3023
102,0,blank,0,-350,-105,156958,157059,101
102,0,blank,0,-350,-105,157059,157234,175
102,0,blank,0,-350,-105,157234,157359,125
102,0,blank,0,-350,-105,157562,157648,86
102,0,blank,0,-350,-105,157648,157771,123
102,0,blank,0,-350,-105,157771,157959,188
102,0,blank,0,-350,-105,157959,158142,183
102,0,blank,0,-350,-105,158241,158428,187
102,0,blank,0,-350,-105,158428,158622,194
102,0,blank,0,-350,-105,158622,158801,179
102,0,blank,0,-350,-105,158801,158950,149
102,0,blank,0,213.3265,126.6683,159083,159108,25
102,0,blank,0,-350,-105,159735,159952,217
102,0,blank,0,-350,-105,159952,160098,146
102,0,blank,0,-350,-105,160098,160625,527
102,0,blank,0,-350,-105,160625,161357,732
102,0,blank,0,-350,-105,161357,161497,140
102,0,blank,0,-350,-105,161497,161598,101
102,20,num2,122,280.8428,308.1737,161655,161699,44
102,20,num2,122,271.43675,301.72725,161926,161999,73
102,0,blank,0,280.29974,312.27464,162037,162221,184
102,21,),143,285.80385,316.61625,162221,162293,72
102,20,=,132,340.2513,295.9546,162369,162407,38
102,20,=,132,339.3881,309.2614,162482,162518,36
102,0,blank,0,421.3491,287.1093,162684,162722,38
102,20,i,131,409.858966666667,309.494233333333,162832,162941,109
102,0,blank,0,415.8179,304.0846,163052,163089,37
102,0,blank,0,426.9512,278.0633,163127,163163,36
102,0,blank,0,-350,-105,163200,163237,37
102,0,blank,0,402.583925,283.3314,163396,163531,135
102,23,array1,147,136.4063,360.0277,163604,163642,38
102,0,blank,0,204.0324,317.87245,163680,163762,82
102,20,=,132,183.42985,303.61365,163833,163981,148
102,20,comma,130,228.827425,310.32975,164019,164169,150
102,20,26,124,135.05592,308.01624,164244,164431,187
102,20,0,133,210.361566666667,299.081533333333,164507,164626,119
102,0,blank,0,239.949133333333,314.433166666667,164670,164807,137
102,0,blank,0,-350,-105,164944,165114,170
102,0,blank,0,-350,-105,165114,165249,135
102,21,0,142,268.27026,319.81306,165291,165480,189
102,21,0,142,273.0765,326.3814,165480,165523,43
102,0,blank,0,250.8047,351.728925,165564,165725,161
102,0,blank,0,248.0819,347.2018,165725,165767,42
102,0,blank,0,192.145466666667,355.446466666667,165809,165931,122
102,23,i,149,206.27485,372.150175,166055,166218,163
102,0,blank,0,228.1556,368.0271,166258,166299,41
102,21,!=,141,221.6631,325.867025,166424,166594,170
102,21,!=,141,227.234766666667,331.7952,166594,166723,129
102,0,blank,0,231.835575,362.900075,166766,166935,169
102,0,blank,0,232.9857,364.6339,166935,166978,43
102,23,a,152,271.1228,374.13605,167020,167191,171
102,0,blank,0,308.3259,356.5329,167277,167402,125
102,23,;,155,320.17545,362.26215,167488,167574,86
102,0,blank,0,352.38575,374.58905,167659,167746,87
102,0,blank,0,176.0698,394.71605,167830,167999,169
102,0,blank,0,158.9977,393.743275,168040,168210,170
102,0,blank,0,155.51355,399.1506,168210,168292,82
102,0,blank,0,141.76655,429.76735,168334,168418,84
102,0,blank,0,135.61825,432.6899,168506,168603,97
102,0,blank,0,140.1903,434.1256,168726,168768,42
102,0,blank,0,-350,-105,169129,169256,127
102,0,blank,0,-350,-105,169256,169330,74
102,0,blank,0,-350,-105,169330,169512,182
102,0,blank,0,-350,-105,169512,169682,170
102,0,blank,0,-350,-105,169682,169846,164
102,0,blank,0,-350,-105,169846,170010,164
102,0,blank,0,-350,-105,170010,170127,117
102,23,a,152,263.712833333333,364.019466666667,170367,170481,114
102,21,0,142,249.023925,327.01945,170564,170752,188
102,20,num2,122,251.2813,308.915,170795,170836,41
102,0,blank,0,317.72465,326.4146,171039,171206,167
102,23,a,152,260.3704,361.821675,171247,171425,178
102,23,a,152,260.237066666667,364.9785,171425,171549,124
102,0,blank,0,167.4521,384.2434,171674,171768,94
102,0,blank,0,233.314475,363.015575,171853,172019,166
102,23,a,152,261.4607,367.266875,172059,172222,163
102,0,blank,0,240.0136,333.5115,172303,172443,140
102,0,blank,0,-350,-105,172485,172672,187
102,0,blank,0,259.02035,351.24625,172903,173055,152
102,0,blank,0,296.20165,353.42955,173098,173260,162
102,0,blank,0,268.2265,354.8081,173301,173464,163
102,0,blank,0,264.341875,357.62735,173506,173664,158
102,0,blank,0,364.1777,366.9019,173705,173824,119
102,23,a,152,264.869033333333,362.816766666667,173943,174062,119
102,0,blank,0,252.144775,360.827475,174101,174273,172
102,0,blank,0,254.80865,356.02365,174273,174436,163
102,0,blank,0,266.1492,349.4424,174436,174496,60
102,0,blank,0,255.1426,359.1508,174578,174620,42
102,0,blank,0,252.1295,359.6272,174699,174739,40
102,0,blank,0,220.631766666667,355.003966666667,174778,174902,124
102,23,++,154,308.6564,359.5782,174942,174982,40
102,0,blank,0,312.98375,378.44005,175022,175102,80
102,23,;,155,317.3229,373.3828,175142,175183,41
102,0,blank,0,352.3872,376.20985,175429,175514,85
102,0,blank,0,-350,-105,175847,176032,185
102,0,blank,0,-350,-105,176032,176223,191
102,0,blank,0,-350,-105,176223,176389,166
102,0,blank,0,-350,-105,176389,176475,86
102,21,array1,137,146.3206,322.4545,176531,176562,31
102,0,blank,0,306.797,312.10038,176691,176884,193
102,0,blank,0,155.506233333333,403.8742,177209,177371,162
102,0,blank,0,166.1414,398.5838,177371,177413,42
102,0,blank,0,-350,-105,177452,177521,69
102,0,blank,0,150.000875,399.185325,177840,178039,199
102,0,blank,0,134.4786,426.5609,178185,178316,131
102,27,==,170,219.843025,455.2933,178440,178605,165
102,0,blank,0,235.8687,458.252,178696,178737,41
102,0,blank,0,306.3628,453.888,178777,178860,83
102,0,blank,0,211.69385,448.76675,179022,179102,80
102,0,blank,0,259.971,442.0563,179263,179304,41
102,0,blank,0,308.286333333333,438.785133333333,179344,179466,122
102,0,blank,0,205.26985,444.0369,179588,179668,80
102,0,blank,0,205.582875,446.83765,179828,179990,162
102,0,blank,0,207.1277,447.4777,179990,180031,41
102,0,blank,0,140.582,421.098,180071,180110,39
102,0,blank,0,151.8935,444.6136,180151,180191,40
102,0,blank,0,297.069825,444.7056,180270,180432,162
102,0,blank,0,299.2145,443.453266666667,180432,180552,120
102,0,blank,0,304.2859,442.7745,180591,180631,40
102,0,blank,0,315.001433333333,442.9776,180713,180834,121
102,0,blank,0,-350,-105,180914,181084,170
102,0,blank,0,-350,-105,181084,181221,137
102,0,blank,0,-350,-105,181221,181298,77
102,0,blank,0,131.32575,421.51595,181338,181405,67
102,0,blank,0,267.4972,436.0412,181776,181857,81
102,0,blank,0,320.3946,450.1301,181897,181977,80
102,0,blank,0,313.3826,452.827,182061,182104,43
102,0,blank,0,243.847,492.275375,182224,182388,164
102,29,-,180,234.6017,498.2052,182388,182428,40
102,29,array2,176,176.1706,497.45465,182468,182547,79
102,29,a,181,258.590375,493.33085,182909,183057,148
102,0,blank,0,239.3424,488.1,183169,183207,38
102,29,-,180,242.8281,495.6783,183244,183283,39
102,0,blank,0,209.6078,452.186,183359,183395,36
102,0,blank,0,241.0111,468.7571,183506,183544,38
102,27,0,171,246.113,449.2435,183618,183654,36
102,0,blank,0,282.60245,493.547625,183691,183839,148
102,0,blank,0,305.86026,485.03878,183876,184062,186
102,0,blank,0,278.8342,382.804,184137,184254,117
102,23,++,154,293.0176,375.63615,184291,184365,74
102,0,blank,0,358.14454,353.94634,184403,184593,190
102,0,blank,0,369.3401,494.110966666667,184670,184785,115
102,0,blank,0,164.61624,534.51582,184824,185013,189
102,23,array1,147,170.613,363.30858,185086,185281,195
102,0,blank,0,162.5062,379.2051,185281,185322,41
102,0,blank,0,-350,-105,185401,185466,65
102,0,blank,0,154.8558,518.8638,185682,185703,21
102,0,blank,0,169.645,473.5785,185822,185864,42
102,32,26,197,203.0504,574.2813,185979,186022,43
102,0,blank,0,-350,-105,186060,186202,142
102,0,blank,0,-350,-105,186202,186269,67
102,0,blank,0,154.9865,587.9413,186689,186727,38
102,0,blank,0,146.0158,581.70295,186765,186850,85
102,0,blank,0,192.4792,585.2747,186896,186942,46
102,32,++,200,264.39905,575.098,187065,187148,83
102,0,blank,0,308.0181,581.7311,187321,187362,41
102,0,blank,0,313.554066666667,565.1548,187629,187768,139
102,32,26,197,203.354225,568.620125,187863,188047,184
102,0,blank,0,199.2762,610.2386,188091,188134,43
102,34,num2,210,244.2255,607.7883,188314,188354,40
102,34,!=,209,210.9637,614.148633333333,188571,188696,125
102,34,num1,205,159.7542,611.1008,188738,188781,43
102,34,num1,205,159.0447,613.4216,188825,188866,41
102,34,),214,309.671033333333,615.185766666667,189047,189176,129
102,34,num2,210,237.6901,619.1262,189307,189351,44
102,34,num2,210,237.7221,601.9927,189396,189439,43
102,0,blank,0,-350,-105,189527,189676,149
102,0,blank,0,-350,-105,189676,189815,139
102,0,blank,0,-350,-105,189815,189995,180
102,0,blank,0,-350,-105,189995,190177,182
102,0,blank,0,-350,-105,190177,190217,40
102,0,blank,0,-350,-105,190217,190781,564
102,0,blank,0,-350,-105,190781,190980,199
102,0,blank,0,-350,-105,190980,191148,168
102,0,blank,0,-350,-105,191148,191347,199
102,0,blank,0,-350,-105,191347,191515,168
102,0,blank,0,-350,-105,191515,191680,165
102,0,blank,0,-350,-105,191680,191845,165
102,0,blank,0,-350,-105,191845,192044,199
102,0,blank,0,-350,-105,192044,192203,159
102,0,blank,0,-350,-105,192203,192364,161
102,0,blank,0,-350,-105,192364,192524,160
102,0,blank,0,-350,-105,192524,192723,199
102,0,blank,0,-350,-105,192723,192922,199
102,0,blank,0,-350,-105,192922,193084,162
102,0,blank,0,-350,-105,193084,193246,162
102,0,blank,0,-350,-105,193246,193411,165
102,0,blank,0,-350,-105,193411,193572,161
102,0,blank,0,-350,-105,193572,193738,166
102,0,blank,0,-350,-105,193738,193933,195
102,0,blank,0,-350,-105,193933,194095,162
102,0,blank,0,-350,-105,194095,194288,193
102,0,blank,0,-350,-105,194288,194456,168
102,0,blank,0,-350,-105,194456,194655,199
102,0,blank,0,-350,-105,194655,194848,193
102,0,blank,0,-350,-105,194848,195010,162
102,0,blank,0,-350,-105,195010,195204,194
102,0,blank,0,-350,-105,195204,195365,161
102,0,blank,0,-350,-105,195365,195564,199
102,0,blank,0,-350,-105,195564,195727,163
102,0,blank,0,-350,-105,195727,195926,199
102,0,blank,0,-350,-105,195926,196100,174
102,0,blank,0,-350,-105,196100,196283,183
102,0,blank,0,-350,-105,196283,196474,191
102,0,blank,0,-350,-105,196474,196654,180
102,0,blank,0,-350,-105,196654,196738,84
102,27,==,170,227.8304,465.5994,197347,197385,38
102,0,blank,0,-350,-105,197659,197844,185
102,0,blank,0,-350,-105,197844,198021,177
102,0,blank,0,-350,-105,198021,198167,146
102,0,blank,0,106.3549,339.7054,198203,198234,31
102,0,blank,0,-350,-105,198427,198546,119
102,0,blank,0,-350,-105,198546,198733,187
102,0,blank,0,-350,-105,198733,199134,401
102,0,blank,0,-350,-105,199134,199314,180
102,0,blank,0,-350,-105,199314,199486,172
102,0,blank,0,-350,-105,199486,199684,198
102,0,blank,0,-350,-105,199684,199857,173
102,0,blank,0,-350,-105,199857,200032,175
102,0,blank,0,-350,-105,200032,200209,177
102,0,blank,0,-350,-105,200209,200399,190
102,0,blank,0,-350,-105,200399,200585,186
102,0,blank,0,-350,-105,200585,200765,180
102,0,blank,0,-350,-105,200765,200907,142
102,0,blank,0,-350,-105,200907,201051,144
102,0,blank,0,-350,-105,201051,201162,111
102,0,blank,0,-350,-105,201162,201411,249
102,0,blank,0,-350,-105,201411,201646,235
102,0,blank,0,-350,-105,201646,201836,190
102,0,blank,0,-350,-105,201836,201879,43
102,0,blank,0,306.83825,593.86955,202524,202593,69
102,0,blank,0,215.923,651.764925,202634,202800,166
102,0,blank,0,216.9046,642.3895,202800,202842,42
102,0,blank,0,247.346025,653.849625,202882,203046,164
102,0,blank,0,241.24915,655.17425,203046,203127,81
102,0,blank,0,215.576633333333,651.002366666667,203167,203289,122
102,0,blank,0,315.076625,643.997875,203328,203488,160
102,0,blank,0,304.85055,650.37765,203488,203650,162
102,0,blank,0,289.746975,650.631025,203650,203814,164
102,0,blank,0,247.7651,687.4546,203936,203976,40
102,0,blank,0,242.1519,679.4987,204016,204056,40
102,0,blank,0,257.0462,666.6223,204138,204179,41
102,0,blank,0,261.9692,669.1429,204261,204304,43
102,0,blank,0,291.76735,643.70645,204430,204514,84
102,0,blank,0,325.7269,650.0897,204602,204646,44
102,0,blank,0,172.57145,717.339,204729,204814,85
102,0,blank,0,-350,-105,205256,205315,59
102,0,blank,0,-350,-105,205906,206094,188
102,0,blank,0,-350,-105,206094,206133,39
102,0,blank,0,-350,-105,206261,206453,192
102,0,blank,0,-350,-105,206453,206624,171
102,0,blank,0,-350,-105,206624,206801,177
102,0,blank,0,-350,-105,206801,206984,183
102,0,blank,0,-350,-105,206984,207181,197
102,0,blank,0,-350,-105,207181,207361,180
102,0,blank,0,-350,-105,207361,207540,179
102,0,blank,0,-350,-105,207540,207731,191
102,0,blank,0,-350,-105,207731,207930,199
102,0,blank,0,-350,-105,207930,208097,167
102,0,blank,0,-350,-105,208097,208288,191
102,0,blank,0,-350,-105,208288,208463,175
102,0,blank,0,-350,-105,208463,208588,125
102,0,blank,0,-350,-105,208588,208713,125
102,0,blank,0,-350,-105,208713,208883,170
102,0,blank,0,-350,-105,208883,209072,189
102,0,blank,0,-350,-105,209072,209238,166
102,0,blank,0,-350,-105,209238,209418,180
102,0,blank,0,-350,-105,209418,209599,181
102,0,blank,0,-350,-105,209599,209780,181
102,0,blank,0,-350,-105,209780,209958,178
102,0,blank,0,-350,-105,209958,210134,176
102,0,blank,0,-350,-105,210134,210171,37
102,0,blank,0,-350,-105,210171,210426,255
102,0,blank,0,-350,-105,210426,210680,254
102,0,blank,0,-350,-105,210680,210934,254
102,0,blank,0,-350,-105,210934,211113,179
102,0,blank,0,-350,-105,211113,211296,183
