Frameno_fix,lineno_fix,Tokenname_fix,tokens_id,gaze_X_fix,gaze_Y_fix,timestamp_fix_start,timestamp_fix_end,time_duration
100,0,blank,0,94.032325,-29.586475,3145,3269,124
100,0,blank,0,89.978375,-27.04045,3269,3392,123
100,0,blank,0,90.9515,-14.3324,3392,3455,63
100,8,array1,47,136.6674,157.077675,3486,3610,124
100,7,"Enterthestring\n",42,135.10605,153.332825,3610,3737,127
100,7,"Enterthestring\n",42,122.636425,153.4952,3737,3862,125
100,7,"Enterthestring\n",42,132.942575,149.51115,3862,3986,124
100,7,"Enterthestring\n",42,125.5604,151.4386,3986,4018,32
100,0,blank,0,340.12985,29.685225,4048,4172,124
100,1,Strings,9,334.520775,20.960825,4172,4294,122
100,0,blank,0,363.1234,29.8503,4294,4324,30
100,1,Anagrams,11,502.427125,8.3253,4354,4478,124
100,1,Anagrams,11,514.09005,14.07755,4478,4600,122
100,1,Anagrams,11,524.25505,16.8821,4600,4721,121
100,1,Anagrams,11,525.8634,18.4787,4721,4845,124
100,0,blank,0,535.593475,25.7462,4845,4969,124
100,0,blank,0,496.7406,45.053,4969,5000,31
100,11,find_anagram,62,171.9376,238.682475,5032,5159,127
100,0,blank,0,92.844625,78.36075,5192,5321,129
100,0,blank,0,95.3696,85.071175,5321,5449,128
100,0,blank,0,119.2849,52.860525,5449,5577,128
100,5,array1,27,142.076875,105.371225,5577,5703,126
100,7,"Enterthestring\n",42,151.30585,152.251075,5703,5832,129
100,8,array1,47,142.0822,166.80925,5832,5897,65
100,0,blank,0,-323,-105,5932,5964,32
100,0,blank,0,-323,-105,6016,6061,45
100,7,"Enterthestring\n",42,205.510025,136.7644,6091,6221,130
100,7,"Enterthestring\n",42,204.481,135.7968,6221,6255,34
100,0,blank,0,259.54695,370.228175,6289,6429,140
100,0,blank,0,257.550175,373.552975,6429,6574,145
100,13,"%sand%sareanagrams.\n",77,302.81035,282.6228,6574,6720,146
100,0,blank,0,310.970025,295.181975,6720,6863,143
100,0,blank,0,299.025625,295.480325,6863,7009,146
100,13,"%sand%sareanagrams.\n",77,281.3597,274.664375,7009,7146,137
100,13,"%sand%sareanagrams.\n",77,231.767375,285.3932,7146,7277,131
100,0,blank,0,234.032525,304.3915,7277,7413,136
100,0,blank,0,284.638225,296.20665,7413,7539,126
100,13,"%sand%sareanagrams.\n",77,259.78305,285.190275,7539,7666,127
100,11,find_anagram,62,177.266075,230.006175,7666,7794,128
100,11,find_anagram,62,156.637575,240.442075,7794,7922,128
100,0,blank,0,128.500566666667,251.891366666667,7922,8018,96
100,0,blank,0,-323,-105,8049,8081,32
100,0,blank,0,-323,-105,8159,8189,30
100,10,array2,57,127.510525,220.230325,8215,8338,123
100,10,gets,55,78.8005,220.399625,8338,8464,126
100,12,==,72,140.2583,250.6603,8556,8613,57
100,7,(,41,111.199575,140.854025,9047,9182,135
100,7,(,41,107.306675,137.3086,9182,9315,133
100,0,blank,0,106.465375,112.271075,9315,9452,137
100,0,blank,0,117.198875,91.385725,9452,9587,135
100,6,flag,38,122.397366666667,123.9652,9587,9689,102
100,0,blank,0,438.3165,55.6213,10338,10405,67
100,0,blank,0,212.0033,134.6346,10635,10700,65
100,0,blank,0,329.4868,112.6184,11272,11326,54
100,0,blank,0,272.2222,120.0294,11441,11540,99
100,5,array2,32,250.716,110.5729,11832,11930,98
100,7,printf,40,63.7865,153.1356,11966,12003,37
100,0,blank,0,172.513,156.6915,12038,12151,113
100,7,"Enterthestring\n",42,165.126225,146.165375,12151,12299,148
100,7,"Enterthestring\n",42,169.42035,143.4917,12299,12447,148
100,7,"Enterthestring\n",42,203.177525,145.8047,12447,12594,147
100,7,"Enterthestring\n",42,217.2103,148.991475,12594,12743,149
100,7,"Enterthestring\n",42,280.492925,154.395525,12743,12888,145
100,7,"Enterthestring\n",42,278.181825,145.46575,12888,13031,143
100,0,blank,0,280.5311,158.280325,13031,13174,143
100,0,blank,0,285.0127,164.06555,13174,13316,142
100,0,blank,0,309.80805,157.23595,13316,13455,139
100,0,blank,0,333.62675,162.245325,13455,13596,141
100,0,blank,0,337.0661,170.97285,13596,13664,68
100,0,blank,0,189.254,209.05475,13700,13842,142
100,0,blank,0,186.691175,204.5441,13842,13980,138
100,9,"Enteranotherstring\n",52,172.0833,198.042275,13980,14119,139
100,9,"Enteranotherstring\n",52,162.013,192.776625,14119,14259,140
100,9,"Enteranotherstring\n",52,167.619425,198.523675,14259,14397,138
100,9,"Enteranotherstring\n",52,149.794425,189.924375,14397,14533,136
100,9,"Enteranotherstring\n",52,151.76615,190.55565,14533,14671,138
100,9,"Enteranotherstring\n",52,145.7596,195.443675,14671,14807,136
100,9,"Enteranotherstring\n",52,162.1971,185.150833333333,14807,14930,123
100,9,"Enteranotherstring\n",52,177.4997,192.7456,14930,15033,103
100,9,"Enteranotherstring\n",52,189.4378,188.9515,15033,15141,108
100,9,"Enteranotherstring\n",52,202.8733,193.3098,15141,15262,121
100,9,"Enteranotherstring\n",52,197.2691,191.8171,15262,15384,122
100,9,"Enteranotherstring\n",52,209.134925,195.573675,15384,15524,140
100,9,"Enteranotherstring\n",52,186.78355,192.132125,15524,15661,137
100,10,),58,158.0512,208.311775,15661,15800,139
100,9,"Enteranotherstring\n",52,171.341575,192.886375,15800,15936,136
100,9,"Enteranotherstring\n",52,187.450975,188.931975,15936,16073,137
100,9,"Enteranotherstring\n",52,197.98945,184.707275,16073,16210,137
100,9,"Enteranotherstring\n",52,222.3831,183.497925,16210,16348,138
100,0,blank,0,220.719725,172.7672,16348,16486,138
100,0,blank,0,228.994075,169.794925,16486,16624,138
100,0,blank,0,297.819875,163.2199,16624,16761,137
100,0,blank,0,304.021175,166.662225,16761,16901,140
100,0,blank,0,323.566975,174.926125,16901,17041,140
100,0,blank,0,287.787775,169.1049,17041,17180,139
100,0,blank,0,216.778875,170.503,17180,17318,138
100,9,"Enteranotherstring\n",52,148.174825,180.230075,17318,17457,139
100,8,),48,158.5388,172.74435,17457,17597,140
100,8,;,49,170.994625,170.036925,17597,17737,140
100,8,;,49,167.636525,164.09865,17737,17880,143
100,0,blank,0,224.14085,178.377225,17880,18019,139
100,0,blank,0,286.309075,168.603525,18019,18156,137
100,0,blank,0,330.84435,171.65825,18156,18296,140
100,0,blank,0,348.268075,169.3306,18296,18437,141
100,9,"Enteranotherstring\n",52,318.1819,188.8192,18437,18472,35
100,0,blank,0,202.727625,219.744875,18507,18646,139
100,0,blank,0,176.275425,207.44265,18646,18785,139
100,10,;,59,167.987925,214.88665,18785,18926,141
100,10,;,59,166.8721,215.25375,18926,19063,137
100,11,find_anagram,62,170.4502,232.865225,19063,19202,139
100,11,find_anagram,62,211.2894,234.290525,19202,19337,135
100,11,find_anagram,62,191.716225,239.1219,19337,19473,136
100,12,),74,176.206975,254.49605,19473,19613,140
100,12,1,73,170.1779,250.2,19613,19749,136
100,0,blank,0,157.75695,251.27575,19749,19888,139
100,0,blank,0,157.4091,252.766925,19888,20028,140
100,0,blank,0,157.934375,247.468975,20028,20163,135
100,12,==,72,153.629425,258.81625,20163,20300,137
100,0,blank,0,208.5545,253.692325,20300,20438,138
100,0,blank,0,234.51405,253.02595,20438,20573,135
100,0,blank,0,252.5263,248.156675,20573,20708,135
100,0,blank,0,267.846225,249.2337,20708,20847,139
100,0,blank,0,260.0826,257.37735,20847,20984,137
100,0,blank,0,226.184825,244.0024,20984,21120,136
100,0,blank,0,266.81445,245.76915,21120,21257,137
100,0,blank,0,304.6623,245.799725,21257,21390,133
100,0,blank,0,338.517175,253.38215,21390,21527,137
100,0,blank,0,340.928075,251.241975,21527,21660,133
100,0,blank,0,342.1141,249.1879,21660,21795,135
100,0,blank,0,349.038175,254.15315,21795,21930,135
100,11,array2,66,351.56205,242.7124,21930,22066,136
100,11,array2,66,354.594775,238.478225,22066,22200,134
100,0,blank,0,392.899925,247.084625,22200,22336,136
100,0,blank,0,398.857475,244.16805,22336,22467,131
100,0,blank,0,405.1057,231.7907,22467,22598,131
100,0,blank,0,989.99,-103.4547,22696,22729,33
100,0,blank,0,-323,-105,22764,22891,127
100,0,blank,0,-323,-105,22891,23131,240
100,0,blank,0,-323,-105,23131,23260,129
100,0,blank,0,-323,-105,23260,23299,39
100,0,blank,0,-323,-105,23299,23420,121
100,0,blank,0,-323,-105,23420,23545,125
100,0,blank,0,-323,-105,23545,23621,76
100,0,blank,0,-323,-105,23621,23742,121
100,0,blank,0,-323,-105,23742,23873,131
100,0,blank,0,-323,-105,23873,23977,104
100,0,blank,0,-323,-105,23977,24066,89
100,0,blank,0,-323,-105,24066,24132,66
100,0,blank,0,-323,-105,24132,24236,104
100,0,blank,0,-323,-105,24236,24409,173
100,0,blank,0,-323,-105,24409,24555,146
100,0,blank,0,-323,-105,24555,24682,127
100,0,blank,0,-323,-105,24682,24741,59
100,0,blank,0,-323,-105,24741,24921,180
100,0,blank,0,-323,-105,24921,24994,73
100,0,blank,0,-323,-105,24994,25252,258
100,0,blank,0,-323,-105,25252,25411,159
100,0,blank,0,-323,-105,25411,25557,146
100,0,blank,0,-323,-105,25557,25586,29
100,0,blank,0,-323,-105,25586,25906,320
100,0,blank,0,-323,-105,25906,26055,149
100,0,blank,0,-323,-105,26055,26217,162
100,0,blank,0,-323,-105,26217,26382,165
100,0,blank,0,-323,-105,26382,26543,161
100,0,blank,0,-323,-105,26543,26651,108
100,0,blank,0,-323,-105,26651,26746,95
100,0,blank,0,-323,-105,26746,26898,152
100,0,blank,0,-323,-105,26898,27118,220
100,0,blank,0,-323,-105,27118,27205,87
100,0,blank,0,-323,-105,27205,27331,126
100,0,blank,0,-323,-105,27331,27357,26
100,0,blank,0,-323,-105,27357,27567,210
100,0,blank,0,-323,-105,27567,27637,70
100,0,blank,0,-323,-105,27637,27745,108
100,0,blank,0,-323,-105,27745,27878,133
100,0,blank,0,-323,-105,27878,28016,138
100,0,blank,0,-323,-105,28016,28137,121
100,0,blank,0,-323,-105,28137,28230,93
100,0,blank,0,-323,-105,28230,28367,137
100,0,blank,0,-323,-105,28367,28426,59
100,0,blank,0,-323,-105,28426,28612,186
100,0,blank,0,-323,-105,28612,28958,346
100,0,blank,0,-323,-105,28958,29214,256
100,0,blank,0,-323,-105,29214,29493,279
100,0,blank,0,-323,-105,29493,29634,141
100,0,blank,0,-323,-105,29634,29877,243
100,0,blank,0,-323,-105,29877,30014,137
100,0,blank,0,-323,-105,30014,30099,85
100,0,blank,0,-323,-105,30099,30214,115
100,0,blank,0,-323,-105,30214,30305,91
100,0,blank,0,310.4265,244.6286,30469,30580,111
100,11,array1,64,249.1069,232.31,30628,30732,104
100,0,blank,0,320.0411,223.9533,30732,30782,50
100,11,comma,65,307.1347,237.940666666667,30833,30960,127
100,11,find_anagram,62,190.69075,241.8305,30996,31132,136
100,11,find_anagram,62,176.121075,234.045125,31132,31270,138
100,0,blank,0,172.310625,219.88955,31270,31409,139
100,11,find_anagram,62,164.436525,236.650125,31409,31550,141
100,11,find_anagram,62,164.51145,230.31305,31550,31687,137
100,11,find_anagram,62,176.823525,230.2675,31687,31823,136
100,11,find_anagram,62,184.600625,226.1295,31823,31962,139
100,12,1,73,168.510025,245.8665,31962,32096,134
100,11,find_anagram,62,214.27495,234.884725,32096,32231,135
100,11,find_anagram,62,228.637475,238.18685,32231,32368,137
100,11,array1,64,300.99545,243.23205,32368,32507,139
100,11,array1,64,291.3889,236.530125,32507,32643,136
100,13,"%sand%sareanagrams.\n",77,236.114825,277.44315,32643,32781,138
100,13,"%sand%sareanagrams.\n",77,221.93035,285.6909,32781,32916,135
100,13,"%sand%sareanagrams.\n",77,212.02215,286.667625,32916,33051,135
100,13,"%sand%sareanagrams.\n",77,335.688325,285.1303,33051,33186,135
100,13,"%sand%sareanagrams.\n",77,345.09095,277.85605,33186,33320,134
100,13,"%sand%sareanagrams.\n",77,361.5879,282.470225,33320,33456,136
100,0,blank,0,406.34055,262.018825,33456,33591,135
100,13,"%sand%sareanagrams.\n",77,410.2766,271.830975,33591,33727,136
100,0,blank,0,307.25755,291.491175,33727,33862,135
100,13,"%sand%sareanagrams.\n",77,305.69495,271.64965,33862,33993,131
100,0,blank,0,346.2783,262.0899,33993,34127,134
100,13,"%sand%sareanagrams.\n",77,348.69275,267.924,34127,34260,133
100,13,array1,79,468.99555,273.89225,34294,34427,133
100,13,array2,81,546.68705,277.03785,34427,34563,136
100,13,array2,81,551.34845,275.63145,34563,34698,135
100,13,array2,81,559.431975,273.1919,34698,34835,137
100,13,array2,81,573.91325,286.530575,34835,34972,137
100,0,blank,0,183.6381,309.0171,35006,35141,135
100,0,blank,0,175.122425,302.147925,35141,35275,134
100,0,blank,0,166.6552,296.6423,35275,35332,57
100,0,blank,0,158.7726,306.0029,35332,35447,115
100,0,blank,0,203.0318,338.1577,35447,35569,122
100,15,"%sand%sarenotanagrams.\n",87,264.26205,330.8604,35569,35703,134
100,0,blank,0,266.017,332.3675,35703,35833,130
100,15,"%sand%sarenotanagrams.\n",87,321.890975,329.333475,35833,35963,130
100,15,"%sand%sarenotanagrams.\n",87,331.150325,331.51815,35963,36095,132
100,15,"%sand%sarenotanagrams.\n",87,328.985175,320.569225,36095,36226,131
100,0,blank,0,317.76675,337.7518,36226,36357,131
100,0,blank,0,318.0674,336.52035,36357,36492,135
100,15,"%sand%sarenotanagrams.\n",87,297.125725,330.084525,36492,36620,128
100,0,blank,0,326.617075,332.77005,36620,36750,130
100,15,"%sand%sarenotanagrams.\n",87,327.224725,328.313975,36750,36882,132
100,15,"%sand%sarenotanagrams.\n",87,328.8969,324.6754,36882,37015,133
100,0,blank,0,327.084575,332.004125,37015,37146,131
100,15,"%sand%sarenotanagrams.\n",87,325.341525,329.13395,37146,37279,133
100,15,"%sand%sarenotanagrams.\n",87,373.718625,329.121,37279,37409,130
100,0,blank,0,342.936925,339.961475,37409,37539,130
100,15,"%sand%sarenotanagrams.\n",87,299.156225,324.71425,37539,37670,131
100,0,blank,0,274.31905,335.57415,37670,37799,129
100,0,blank,0,274.106675,332.831675,37799,37927,128
100,15,"%sand%sarenotanagrams.\n",87,337.721025,327.349575,37927,38058,131
100,0,blank,0,338.4474,332.547475,38058,38191,133
100,0,blank,0,328.1619,333.288275,38191,38322,131
100,15,"%sand%sarenotanagrams.\n",87,328.902575,328.179175,38322,38454,132
100,0,blank,0,326.629675,337.1127,38454,38587,133
100,15,"%sand%sarenotanagrams.\n",87,328.887775,331.069475,38587,38720,133
100,0,blank,0,323.255725,335.360675,38720,38850,130
100,0,blank,0,322.5482,333.3807,38850,38981,131
100,15,"%sand%sarenotanagrams.\n",87,338.362525,330.869175,38981,39112,131
100,15,"%sand%sarenotanagrams.\n",87,337.328225,328.892175,39112,39246,134
100,15,"%sand%sarenotanagrams.\n",87,337.268475,323.199775,39246,39380,134
100,0,blank,0,315.733075,333.12245,39380,39511,131
100,0,blank,0,319.75155,334.569625,39511,39643,132
100,15,"%sand%sarenotanagrams.\n",87,314.128,331.7446,39643,39774,131
100,15,"%sand%sarenotanagrams.\n",87,321.057825,328.68735,39774,39908,134
100,0,blank,0,314.84795,333.28765,39908,40041,133
100,15,"%sand%sarenotanagrams.\n",87,327.255875,325.443325,40041,40174,133
100,15,"%sand%sarenotanagrams.\n",87,345.987825,331.122475,40174,40306,132
100,15,"%sand%sarenotanagrams.\n",87,357.0766,323.04555,40306,40372,66
100,0,blank,0,-323,-105,40407,40440,33
100,15,"%sand%sarenotanagrams.\n",87,424.145325,329.956725,40572,40703,131
100,15,"%sand%sarenotanagrams.\n",87,450.510225,314.298975,40703,40840,137
100,15,array1,89,493.86415,311.68975,40840,40977,137
100,15,array1,89,530.5798,317.2691,40977,41113,136
100,15,comma,90,535.34055,327.705725,41113,41248,135
100,0,blank,0,528.201725,306.4613,41248,41384,136
100,15,array1,89,512.778775,317.84915,41384,41519,135
100,15,array1,89,507.48255,313.73905,41519,41653,134
100,0,blank,0,493.684375,302.7836,41653,41786,133
100,15,array1,89,501.163325,325.163925,41786,41922,136
100,0,blank,0,484.661275,260.73475,41922,42056,134
100,0,blank,0,481.304925,266.72145,42056,42191,135
100,13,array1,79,466.720275,279.148225,42191,42327,136
100,13,array1,79,466.870625,283.97435,42327,42465,138
100,0,blank,0,543.055525,293.301875,42465,42602,137
100,0,blank,0,568.631,301.1537,42602,42740,138
100,0,blank,0,579.70635,310.05155,42740,42878,138
100,15,array2,91,561.742033333333,313.353066666667,42878,42983,105
100,18,char,106,220.708475,386.18425,43018,43157,139
100,18,find_anagram,99,161.71095,394.0049,43157,43293,136
100,18,find_anagram,99,143.249925,394.83735,43293,43429,136
100,18,find_anagram,99,138.7273,388.544475,43429,43564,135
100,18,find_anagram,99,115.57565,394.22485,43564,43695,131
100,18,find_anagram,99,118.03105,387.502,43695,43829,134
100,18,find_anagram,99,135.663925,391.44695,43829,43963,134
100,0,blank,0,169.206,399.4892,43963,44095,132
100,18,char,106,196.014925,387.78255,44095,44230,135
100,18,char,106,192.14965,395.872025,44230,44364,134
100,18,char,106,228.583425,393.767675,44364,44501,137
100,18,array1,102,244.45715,394.8248,44501,44632,131
100,18,find_anagram,99,172.834275,397.906625,44632,44767,135
100,18,find_anagram,99,168.8715,395.962925,44767,44902,135
100,0,blank,0,189.195875,401.372425,44902,45035,133
100,0,blank,0,199.5482,398.430625,45035,45170,135
100,18,find_anagram,99,145.833125,392.827075,45170,45304,134
100,0,blank,0,144.45415,401.475725,45304,45435,131
100,0,blank,0,161.196375,402.61635,45435,45570,135
100,18,(,100,180.481975,389.397975,45570,45707,137
100,18,char,106,185.1343,391.9784,45707,45844,137
100,0,blank,0,213.554775,406.163025,45844,45979,135
100,18,array1,102,234.739725,379.72735,45979,46115,136
100,18,array1,102,249.3119,385.684125,46115,46251,136
100,18,array1,102,264.770575,390.79525,46251,46385,134
100,18,array1,102,264.7794,386.62885,46385,46525,140
100,0,blank,0,277.077575,413.8156,46525,46674,149
100,0,blank,0,-322.144033333333,-104.0922,46746,46895,149
100,0,blank,0,-322.162066666667,-103.9406,46895,47043,148
100,0,blank,0,-321.7298,-103.47515,47043,47126,83
100,20,26,124,146.86205,437.7145,47231,47370,139
100,0,blank,0,140.593975,418.454525,47370,47513,143
100,20,num1,113,107.375325,426.1983,47513,47649,136
100,0,blank,0,93.8511,409.812025,47649,47778,129
100,18,find_anagram,99,107.37355,395.8887,47778,47901,123
100,18,find_anagram,99,140.618025,380.937775,47901,48024,123
100,18,find_anagram,99,172.0217,378.73126,48024,48173,149
100,0,blank,0,227.138775,402.687425,48173,48293,120
100,0,blank,0,206.08222,371.42702,48293,48440,147
100,0,blank,0,216.0792,400.363075,48440,48560,120
100,18,char,106,212.1883,388.46565,48560,48679,119
100,20,},129,222.946,426.78,48679,48711,32
100,0,blank,0,323.292825,410.938475,48741,48862,121
100,0,blank,0,308.92795,414.29145,48862,48983,121
100,0,blank,0,354.99255,403.751675,48983,49105,122
100,18,char,106,379.8574,382.749925,49105,49225,120
100,0,blank,0,370.088575,408.558725,49225,49347,122
100,18,char,106,337.691225,387.3641,49347,49471,124
100,0,blank,0,315.375575,370.9112,49471,49594,123
100,0,blank,0,337.0469,364.3693,49594,49625,31
100,20,num1,113,84.1777,430.9889,49657,49777,120
100,18,find_anagram,99,128.766,377.6219,49777,49808,31
100,20,int,112,66.5163,440.5693,49870,49961,91
100,0,blank,0,29.33842,372.99204,49990,50139,149
100,20,int,112,49.313375,427.45155,50139,50260,121
100,0,blank,0,26.44295,426.735975,50260,50382,122
100,0,blank,0,25.509575,428.93295,50382,50504,122
100,21,while,135,42.83695,443.6219,50504,50627,123
100,20,int,112,59.0283,433.944025,50627,50748,121
100,21,while,135,44.9047666666667,443.232266666667,50748,50838,90
100,21,while,135,85.2976,453.6477,50869,50992,123
100,0,blank,0,80.37445,467.01495,50992,51116,124
100,0,blank,0,73.553875,464.5472,51116,51241,125
100,0,blank,0,77.316475,466.137125,51241,51365,124
100,21,while,135,89.11205,453.063375,51365,51488,123
100,0,blank,0,85.25415,442.95245,51488,51613,125
100,21,while,135,82.77515,460.96935,51613,51748,135
100,0,blank,0,91.955975,481.8655,51748,51878,130
100,0,blank,0,84.554025,481.680925,51878,52012,134
100,0,blank,0,134.982325,468.0388,52012,52143,131
100,0,blank,0,124.728375,467.1425,52143,52268,125
100,21,array1,137,147.45985,452.18205,52268,52393,125
100,21,array1,137,151.8836,445.333175,52393,52521,128
100,0,blank,0,175.90905,466.29525,52521,52650,129
100,0,blank,0,171.2053,434.642475,52650,52776,126
100,0,blank,0,172.273875,427.382925,52776,52906,130
100,0,blank,0,169.30455,440.7119,52906,53039,133
100,21,array1,137,170.932575,454.870575,53039,53171,132
100,20,},129,223.980525,441.494475,53171,53303,132
100,20,comma,130,225.259925,433.6677,53303,53433,130
100,21,!=,141,232.72195,445.923525,53433,53561,128
100,0,blank,0,239.264775,425.708025,53561,53692,131
100,0,blank,0,241.4869,438.6575,53692,53823,131
100,21,0,142,262.497975,447.8184,53823,53950,127
100,20,num2,122,256.937325,435.890575,53950,54075,125
100,20,num2,122,254.172375,439.708225,54075,54201,126
100,21,0,142,266.164225,455.107975,54201,54324,123
100,21,0,142,264.6467,443.487125,54324,54449,125
100,20,num2,122,263.3967,425.6987,54449,54511,62
101,0,blank,0,225.3828,335.6521,54568,54692,124
101,0,blank,0,226.8997,335.7821,54692,54819,127
101,21,!=,141,225.58335,321.1788,54819,54944,125
101,20,comma,130,227.50675,305.711575,54944,55070,126
101,20,comma,130,228.766975,305.580475,55070,55194,124
101,0,blank,0,237.521775,310.7494,55194,55321,127
101,0,blank,0,229.99025,285.5012,55321,55448,127
101,0,blank,0,232.13075,302.65495,55448,55573,125
101,20,=,132,177.592433333333,292.352133333333,55573,55680,107
101,0,blank,0,148.4389,355.7993,55680,55735,55
101,21,array1,137,138.9145,322.9565,55735,55851,116
101,0,blank,0,-323,-105,55966,56054,88
101,21,array1,137,123.91045,324.508675,56172,56293,121
101,21,array1,137,130.53425,325.336125,56293,56424,131
101,20,num1,113,85.4331,306.642675,56424,56549,125
101,20,num1,113,123.936825,306.13755,56549,56679,130
101,21,array1,137,161.866775,314.604625,56679,56806,127
101,0,blank,0,156.92075,288.765375,56806,56936,130
101,20,],125,160.79485,306.894975,56936,57065,129
101,20,[,123,131.540075,296.28505,57065,57195,130
101,0,blank,0,126.54205,269.798375,57195,57322,127
101,18,find_anagram,99,114.008425,266.281225,57322,57449,127
101,0,blank,0,105.667125,280.1575,57449,57575,126
101,0,blank,0,60.097475,272.681275,57575,57705,130
101,0,blank,0,53.210475,271.8382,57705,57835,130
101,0,blank,0,192.8238,298.25005,57835,57963,128
101,0,blank,0,214.46855,287.983225,57963,58089,126
101,0,blank,0,234.2605,314.471475,58089,58214,125
101,0,blank,0,240.023475,308.421275,58214,58339,125
101,21,!=,141,220.946775,316.069575,58339,58463,124
101,21,[,138,179.685475,317.8834,58463,58588,125
101,20,=,132,174.4172,310.6725,58588,58711,123
101,21,(,136,109.558125,326.5862,58711,58837,126
101,20,num1,113,102.74765,303.570875,58837,58963,126
101,0,blank,0,163.316,311.341375,58963,59089,126
101,0,blank,0,162.21115,308.806625,59089,59212,123
101,21,array1,137,169.8728,324.5511,59212,59243,31
101,20,],125,319.4291,309.2982,59274,59400,126
101,0,blank,0,313.1858,319.483375,59400,59524,124
101,20,=,132,338.2688,309.4342,59524,59647,123
101,0,blank,0,332.385225,291.047775,59647,59771,124
101,0,blank,0,293.132325,327.355975,59771,59900,129
101,20,26,124,300.75605,309.560225,59900,60030,130
101,20,=,132,339.190375,304.497425,60030,60157,127
101,20,=,132,337.3406,301.3491,60157,60290,133
101,20,=,132,334.313475,292.876825,60290,60423,133
101,0,blank,0,341.3632,312.4817,60423,60554,131
101,0,blank,0,282.421225,285.79355,60554,60685,131
101,21,0,142,268.5466,328.32315,60685,60818,133
101,21,0,142,253.21375,328.057575,60818,60951,133
101,0,blank,0,232.099966666667,289.148933333333,60951,61052,101
102,20,num2,122,244.586733333333,302.8804,61121,61269,148
102,0,blank,0,346.5989,312.2722,61269,61417,148
102,0,blank,0,351.033333333333,306.030066666667,61417,61532,115
102,0,blank,0,385.9423,312.6489,61532,61677,145
102,20,num2,122,251.37235,304.776425,61715,61861,146
102,21,0,142,261.823225,330.097525,61861,62001,140
102,21,0,142,276.884375,327.5834,62001,62145,144
102,20,num2,122,264.7882,310.2848,62145,62178,33
102,18,char,106,351.6573,259.2985,62214,62280,66
102,0,blank,0,-323,-105,62818,62931,113
102,0,blank,0,-323,-105,62931,63051,120
102,0,blank,0,-323,-105,63051,63169,118
102,0,blank,0,-323,-105,63169,63277,108
102,0,blank,0,-323,-105,63277,63421,144
102,0,blank,0,-323,-105,63421,63570,149
102,0,blank,0,-323,-105,63570,63682,112
102,0,blank,0,-323,-105,63682,63826,144
102,0,blank,0,-323,-105,63826,63975,149
102,0,blank,0,-323,-105,63975,64083,108
102,0,blank,0,414.8202,-105.1128,64121,64198,77
102,0,blank,0,444.587566666667,314.6188,64299,64417,118
102,23,array1,147,139.482725,360.39435,64453,64596,143
102,23,array1,147,169.529175,358.0631,64596,64745,149
102,0,blank,0,204.5159,344.40455,64745,64893,148
102,0,blank,0,245.454025,319.939525,64893,65038,145
102,20,[,123,285.8146,298.92065,65038,65179,141
102,20,num2,122,282.7636,297.566675,65179,65319,140
102,0,blank,0,296.604525,276.23995,65319,65459,140
102,0,blank,0,352.940766666667,294.7104,65459,65563,104
102,0,blank,0,329.43075,311.6155,65563,65686,123
102,0,blank,0,329.966225,312.342975,65686,65825,139
102,0,blank,0,306.435675,315.4822,65825,65962,137
102,0,blank,0,308.2166,319.703575,65962,66100,138
102,0,blank,0,328.738775,315.39395,66100,66240,140
102,0,blank,0,342.156375,321.549875,66240,66386,146
102,0,blank,0,314.24715,326.161375,66386,66532,146
102,0,blank,0,296.5559,343.6075,66532,66648,116
102,0,blank,0,308.266733333333,340.223433333333,66648,66797,149
102,0,blank,0,342.884375,317.6784,66797,66939,142
102,0,blank,0,322.9283,324.4216,66939,66972,33
102,0,blank,0,-323,-105,68829,68964,135
102,0,blank,0,-323,-105,68964,69081,117
102,0,blank,0,-323,-105,69081,69222,141
102,0,blank,0,-323,-105,69222,69368,146
102,0,blank,0,-323,-105,69368,69510,142
102,0,blank,0,-323,-105,69510,69545,35
102,0,blank,0,312.229633333333,332.873133333333,69582,69720,138
102,0,blank,0,327.32215,409.514425,69756,69905,149
102,0,blank,0,360.3021,413.783025,69905,70049,144
102,0,blank,0,393.79925,374.976425,70049,70191,142
102,0,blank,0,380.235025,388.2759,70191,70321,130
102,0,blank,0,372.812875,395.859425,70321,70447,126
102,0,blank,0,356.420275,405.431875,70447,70574,127
102,0,blank,0,355.26095,380.18125,70574,70700,126
102,0,blank,0,302.831525,398.4258,70700,70828,128
102,0,blank,0,260.101925,391.124525,70828,70957,129
102,0,blank,0,270.274225,382.992075,70957,71086,129
102,0,blank,0,379.655575,385.23965,71120,71253,133
102,0,blank,0,304.885925,396.3738,71253,71392,139
102,0,blank,0,211.262625,414.8196,71392,71529,137
102,0,blank,0,202.72355,416.297925,71529,71666,137
102,0,blank,0,344.97295,370.677875,71701,71838,137
102,0,blank,0,346.452675,377.047375,71838,71974,136
102,0,blank,0,272.71435,395.9259,71974,72110,136
102,0,blank,0,269.6779,395.527175,72110,72248,138
102,0,blank,0,243.953175,395.0135,72248,72392,144
102,0,blank,0,205.4637,389.87865,72392,72534,142
102,0,blank,0,190.55825,399.91705,72534,72672,138
102,0,blank,0,185.888575,407.188325,72672,72807,135
102,0,blank,0,253.028625,399.4005,72807,72943,136
102,0,blank,0,311.53075,404.443925,72943,73083,140
102,0,blank,0,343.9501,402.5267,73083,73222,139
102,0,blank,0,345.3599,395.0351,73222,73256,34
102,0,blank,0,217.4589,413.47525,73290,73361,71
102,0,blank,0,-323,-105,73397,73513,116
102,0,blank,0,268.64315,380.986825,73677,73816,139
102,0,blank,0,275.611266666667,389.590533333333,73816,73929,113
102,0,blank,0,324.1937,380.791066666667,73929,74048,119
102,0,blank,0,334.441,382.34095,74048,74194,146
102,0,blank,0,337.895425,377.067725,74194,74342,148
102,0,blank,0,349.085325,388.672225,74342,74490,148
102,0,blank,0,250.371166666667,383.826466666667,74490,74606,116
102,0,blank,0,251.288733333333,388.411433333333,74606,74725,119
102,0,blank,0,215.225666666667,384.532133333333,74725,74843,118
102,0,blank,0,212.7286,383.749,74843,74960,117
102,23,i,149,207.967333333333,371.9886,74960,75079,119
102,0,blank,0,218.266166666667,380.297966666667,75079,75194,115
102,0,blank,0,245.597766666667,390.034933333333,75194,75315,121
102,23,a,152,267.025566666667,374.5275,75315,75434,119
102,0,blank,0,286.785333333333,379.398833333333,75434,75552,118
102,0,blank,0,286.949266666667,386.080766666667,75552,75674,122
102,0,blank,0,272.168666666667,384.033066666667,75674,75790,116
102,0,blank,0,266.1183,386.325733333333,75790,75905,115
102,0,blank,0,268.881066666667,385.964,75905,76020,115
102,0,blank,0,277.9771,381.0069,76020,76069,49
102,0,blank,0,280.1687,389.9889,76069,76172,103
102,0,blank,0,284.5101,348.1085,76172,76292,120
102,0,blank,0,237.4034,268.1328,76292,76436,144
102,21,!=,141,232.102733333333,317.636633333333,76436,76566,130
102,21,0,142,248.4573,329.2994,76566,76685,119
102,0,blank,0,251.648433333333,334.483666666667,76685,76803,118
102,0,blank,0,263.791133333333,346.300966666667,76803,76919,116
102,21,0,142,267.036333333333,319.115733333333,76919,77035,116
102,0,blank,0,273.9392,334.976366666667,77035,77150,115
102,0,blank,0,290.297333333333,339.202966666667,77150,77266,116
102,0,blank,0,312.299733333333,328.7526,77266,77381,115
102,0,blank,0,293.6039,335.762133333333,77381,77493,112
102,21,),143,286.382066666667,329.0992,77493,77608,115
102,21,0,142,249.5704,328.812875,77608,77756,148
102,21,0,142,254.211525,331.718175,77756,77904,148
102,21,0,142,276.8052,326.78765,77904,78052,148
102,0,blank,0,301.179225,336.922325,78052,78200,148
102,0,blank,0,306.58875,340.660375,78200,78348,148
102,0,blank,0,337.4129,336.813166666667,78348,78462,114
102,0,blank,0,336.799533333333,321.487366666667,78462,78575,113
102,21,0,142,275.201025,318.953175,78575,78723,148
102,0,blank,0,258.391766666667,346.6528,78723,78836,113
102,0,blank,0,228.752633333333,334.491333333333,78836,78950,114
102,0,blank,0,225.4771,338.3881,78950,79062,112
102,0,blank,0,217.047833333333,345.0412,79062,79176,114
102,0,blank,0,170.7551,339.2728,79176,79318,142
102,0,blank,0,164.9552,334.9431,79318,79432,114
102,0,blank,0,210.311366666667,407.919533333333,79432,79545,113
102,0,blank,0,215.803133333333,400.537366666667,79545,79658,113
102,0,blank,0,203.40165,396.71535,79658,79807,149
102,0,blank,0,193.048166666667,407.426666666667,79807,79922,115
102,0,blank,0,190.5512,397.633833333333,79922,80050,128
102,21,),143,284.1362,324.32055,80050,80199,149
102,20,26,124,295.608475,300.6694,80199,80346,147
102,0,blank,0,290.291875,312.936125,80346,80493,147
102,0,blank,0,180.996766666667,425.464966666667,80531,80645,114
102,0,blank,0,187.88385,400.707825,80645,80792,147
102,0,blank,0,186.162866666667,394.770666666667,80792,80903,111
102,0,blank,0,180.661033333333,402.671833333333,80903,81016,113
102,0,blank,0,179.58995,384.623325,81016,81163,147
102,23,array1,147,183.36205,377.592675,81163,81309,146
102,0,blank,0,155.774975,427.722225,81309,81458,149
102,0,blank,0,150.521466666667,438.072,81458,81570,112
102,0,blank,0,140.836333333333,429.3398,81570,81683,113
102,0,blank,0,136.820466666667,430.927533333333,81683,81798,115
102,27,[,179,177.376466666667,448.343233333333,81798,81913,115
102,0,blank,0,181.9577,432.502166666667,81913,82027,114
102,27,array2,178,165.6505,452.009266666667,82027,82141,114
102,0,blank,0,184.1633,410.422133333333,82141,82255,114
102,0,blank,0,222.576975,438.747625,82255,82404,149
102,27,0,183,246.3524,457.35795,82404,82553,149
102,0,blank,0,187.106566666667,434.208266666667,82553,82666,113
102,0,blank,0,156.0705,427.950675,82666,82813,147
102,0,blank,0,202.3813,409.85865,82813,82957,144
102,0,blank,0,217.85725,442.4379,82957,83029,72
102,0,blank,0,-323,-105,83103,83193,90
102,0,blank,0,254.2641,483.6827,83263,83340,77
102,0,blank,0,245.190875,468.87875,83433,83577,144
102,0,blank,0,242.665325,454.943775,83577,83721,144
102,27,0,183,268.66305,449.4065,83721,83865,144
102,0,blank,0,327.1673,473.57265,83865,84010,145
102,0,blank,0,305.947575,432.9681,84010,84155,145
102,0,blank,0,288.83,437.465575,84155,84292,137
102,0,blank,0,235.763575,435.81305,84292,84430,138
102,0,blank,0,209.899725,448.121075,84430,84571,141
102,0,blank,0,219.512325,443.6052,84571,84714,143
102,0,blank,0,212.459875,446.138125,84714,84851,137
102,0,blank,0,207.3934,476.684425,84851,84996,145
102,0,blank,0,205.40415,473.1071,84996,85141,145
102,29,a,193,251.794,490.739833333333,85141,85260,119
102,29,a,193,247.773375,496.2433,85260,85402,142
102,0,blank,0,267.6656,435.9927,85402,85440,38
103,0,blank,0,295.7574,486.77165,85519,85659,140
103,0,blank,0,314.29115,489.379625,85659,85799,140
103,0,blank,0,318.47885,502.41665,85799,85870,71
103,0,blank,0,312.619575,484.52805,85906,86047,141
103,0,blank,0,317.83695,472.75755,86047,86191,144
103,0,blank,0,364.102366666667,514.967433333333,86227,86340,113
103,0,blank,0,325.784575,512.439675,86340,86488,148
103,0,blank,0,200.534133333333,529.2341,86488,86602,114
103,0,blank,0,201.3571,510.6078,86602,86716,114
103,29,array2,188,186.347066666667,509.389333333333,86716,86830,114
103,0,blank,0,191.118633333333,528.3683,86830,86943,113
103,0,blank,0,183.5199,524.287833333333,86943,87057,114
103,0,blank,0,161.437633333333,553.955666666667,87057,87172,115
103,32,i,211,164.6803,565.993366666667,87172,87285,113
103,0,blank,0,196.665625,556.5892,87285,87434,149
103,0,blank,0,222.001,578.4539,87434,87548,114
103,0,blank,0,256.5986,577.5696,87548,87661,113
103,32,),213,279.491275,575.5319,87661,87809,148
103,32,++,212,270.997525,575.3746,87809,87957,148
103,0,blank,0,283.73585,580.32435,87957,88104,147
103,0,blank,0,292.4157,587.877233333333,88104,88216,112
103,0,blank,0,324.542266666667,589.7401,88216,88329,113
103,0,blank,0,337.7044,587.150733333333,88329,88443,114
103,0,blank,0,277.8628,596.5113,88443,88557,114
103,34,num2,222,267.272066666667,607.2028,88557,88673,116
103,0,blank,0,255.808766666667,621.6895,88673,88806,133
103,34,num2,222,244.344466666667,618.049733333333,88806,88920,114
103,0,blank,0,240.448833333333,593.590266666667,88920,89035,115
103,34,num2,222,235.700866666667,612.765533333333,89035,89156,121
103,0,blank,0,214.707433333333,629.235833333333,89156,89272,116
103,0,blank,0,228.8373,626.998366666667,89272,89386,114
103,0,blank,0,257.204766666667,626.577,89386,89499,113
103,0,blank,0,270.265175,630.01965,89499,89648,149
103,0,blank,0,322.485366666667,616.573666666667,89648,89760,112
103,0,blank,0,334.7867,619.626166666667,89760,89879,119
103,0,blank,0,342.5058,609.819533333333,89879,90009,130
103,0,blank,0,333.117566666667,635.308633333333,90009,90134,125
103,0,blank,0,316.273466666667,628.063533333333,90134,90247,113
103,34,i,224,284.6087,615.299433333333,90247,90360,113
103,34,[,223,280.3634,611.837133333333,90360,90473,113
103,0,blank,0,283.720925,637.17085,90473,90621,148
103,34,),226,309.027666666667,617.473766666667,90621,90740,119
103,0,blank,0,325.579866666667,633.3151,90740,90861,121
103,0,blank,0,330.4824,614.768633333333,90861,90998,137
103,0,blank,0,-323,-105,91074,91190,116
103,0,blank,0,-323,-105,91190,91275,85
103,0,blank,0,-323,-105,91275,91423,148
103,0,blank,0,-323,-105,91423,91558,135
103,0,blank,0,-323,-105,91558,91656,98
103,0,blank,0,-323,-105,91656,91770,114
103,0,blank,0,250.5092,655.5957,91832,91965,133
103,34,!=,221,206.56705,619.351325,91965,92114,149
103,0,blank,0,167.9119,591.104325,92114,92258,144
103,0,blank,0,166.560233333333,691.783366666667,92258,92404,146
103,0,blank,0,128.180533333333,704.264833333333,92404,92517,113
103,0,blank,0,116.3971,710.98845,92517,92656,139
103,0,blank,0,117.449833333333,724.037033333333,92656,92769,113
103,0,blank,0,121.30965,697.253875,92769,92915,146
103,0,blank,0,130.8447,708.0914,92915,92950,35
103,0,blank,0,145.0831,692.491425,92985,93123,138
103,0,blank,0,158.5346,713.01605,93123,93259,136
103,0,blank,0,158.4974,689.47625,93259,93397,138
103,0,blank,0,164.4539,674.5807,93397,93429,32
103,0,blank,0,485.04465,615.240775,93463,93605,142
103,0,blank,0,510.68035,584.8067,93605,93675,70
103,0,blank,0,1102.643,393.4908,93711,93746,35
103,0,blank,0,963.756,412.2642,93780,93918,138
103,0,blank,0,963.696666666667,415.223966666667,93918,94018,100
103,0,blank,0,865.724333333333,631.8119,94052,94153,101
103,37,return,231,76.218275,682.004625,94249,94377,128
103,0,blank,0,37.518425,699.873375,94377,94511,134
103,0,blank,0,22.24895,698.01065,94511,94647,136
103,0,blank,0,36.10495,696.9014,94647,94783,136
103,0,blank,0,78.8386,503.74185,94818,94960,142
103,0,blank,0,76.916775,486.125425,94960,95102,142
103,29,num2,186,94.621275,490.302475,95102,95239,137
103,29,num2,186,98.4554,498.747075,95239,95370,131
103,29,num2,186,118.582425,491.598425,95370,95500,130
103,29,num2,186,104.908575,500.8721,95500,95628,128
103,27,array2,178,148.921225,457.3326,95628,95753,125
103,0,blank,0,153.117733333333,385.8498,95753,95844,91
103,0,blank,0,204.668075,423.059025,95875,95996,121
103,0,blank,0,211.94505,384.9977,95996,96056,60
103,0,blank,0,126.257325,435.707225,96087,96207,120
103,0,blank,0,107.0312,435.432,96207,96351,144
103,0,blank,0,98.2162333333333,460.6243,96351,96442,91
103,27,(,177,107.4417,449.5242,96442,96501,59
103,0,blank,0,22.4252,448.7296,96501,96619,118
103,27,while,176,58.582,457.869,96619,96719,100
103,0,blank,0,155.307733333333,510.418833333333,96828,96939,111
103,0,blank,0,200.4172,489.18915,96969,97089,120
103,0,blank,0,208.449775,474.902825,97089,97210,121
103,30,++,198,98.766025,521.713925,97242,97364,122
103,0,blank,0,100.549925,511.765475,97364,97494,130
103,0,blank,0,93.573625,541.188325,97494,97623,129
103,30,++,198,110.754025,526.10005,97623,97758,135
103,0,blank,0,179.063075,517.97585,97758,97897,139
103,0,blank,0,190.58335,544.263625,97897,98035,138
103,32,26,209,217.046875,564.447575,98035,98170,135
103,0,blank,0,269.3482,513.1649,98170,98271,101
103,0,blank,0,266.536066666667,536.5224,98271,98402,131
103,0,blank,0,276.4025,549.3716,98402,98433,31
103,20,26,124,304.1662,303.8557,98466,98498,32
103,0,blank,0,259.0571,546.6657,98693,98819,126
103,0,blank,0,237.438425,568.255075,98819,98949,130
103,0,blank,0,-10.21875,528.422625,98982,99110,128
103,0,blank,0,33.677025,575.276325,99110,99236,126
103,0,blank,0,14.000525,569.27295,99236,99358,122
103,32,for,201,58.390425,555.082075,99358,99482,124
103,33,{,214,45.19285,587.863675,99482,99608,126
103,0,blank,0,63.109725,586.677625,99608,99738,130
103,30,++,198,101.6227,518.6906,99738,99853,115
103,0,blank,0,115.461633333333,539.651966666667,99853,99997,144
103,0,blank,0,98.2684,579.074333333333,99997,100140,143
103,0,blank,0,117.8633,591.8883,100140,100285,145
103,34,num1,217,154.179833333333,611.1673,100285,100427,142
103,0,blank,0,205.1356,595.005066666667,100427,100570,143
103,0,blank,0,187.517666666667,626.895133333333,100570,100708,138
103,0,blank,0,197.5023,668.463775,100708,100855,147
103,0,blank,0,228.887375,649.8422,100855,100984,129
103,0,blank,0,246.6492,637.51755,100984,101117,133
103,0,blank,0,239.7793,647.819,101117,101253,136
103,0,blank,0,285.629175,635.3301,101253,101396,143
103,0,blank,0,299.5533,630.2971,101396,101540,144
103,0,blank,0,290.77045,627.69535,101540,101679,139
103,34,num2,222,273.1533,603.3836,101679,101715,36
103,0,blank,0,215.2084,622.1369,101715,101933,218
103,34,],225,185.6097,614.5808,101933,102074,141
103,34,!=,221,220.2534,615.5176,102229,102290,61
103,0,blank,0,285.0708,622.83025,102345,102457,112
103,0,blank,0,206.78755,455.1443,102677,102775,98
103,0,blank,0,169.5841,443.953,102775,102838,63
103,0,blank,0,325.6473,292.2874,102892,103015,123
103,21,0,142,277.88585,318.49965,103129,103243,114
103,0,blank,0,323.7533,313.983366666667,103243,103370,127
103,0,blank,0,328.475225,320.17725,103370,103510,140
103,0,blank,0,329.779925,321.960075,103510,103650,140
103,0,blank,0,334.197725,344.18065,103650,103790,140
103,0,blank,0,325.942675,302.619475,103790,103929,139
103,0,blank,0,322.112875,253.965275,103929,104070,141
103,18,array1,102,283.56205,261.767175,104070,104210,140
103,0,blank,0,222.3482,268.642475,104210,104351,141
103,0,blank,0,165.834275,268.442125,104351,104492,141
103,18,find_anagram,99,150.28035,264.403575,104492,104632,140
103,0,blank,0,156.8732,271.775075,104632,104773,141
103,0,blank,0,150.826975,272.174775,104773,104914,141
103,0,blank,0,176.9132,240.3238,104914,104949,35
103,0,blank,0,253.7031,129.199175,104984,105127,143
104,0,blank,0,250.350725,134.7933,105197,105338,141
104,0,blank,0,210.28545,156.11145,105338,105480,142
104,7,"Enterthestring\n",42,219.731175,155.9649,105480,105623,143
104,7,"Enterthestring\n",42,289.8913,150.478275,105623,105766,143
104,0,blank,0,287.868925,156.87025,105766,105907,141
104,7,"Enterthestring\n",42,273.63365,139.722075,105907,106048,141
104,0,blank,0,248.553775,112.7933,106048,106190,142
104,0,blank,0,234.888925,89.730175,106190,106331,141
104,0,blank,0,223.23145,66.3556,106331,106475,144
104,0,blank,0,213.774275,50.569975,106475,106618,143
104,0,blank,0,203.546,58.9083,106618,106763,145
104,0,blank,0,163.075525,79.710325,106763,106907,144
104,0,blank,0,157.573066666667,66.3066666666667,106907,107016,109
104,1,two,8,301.839825,21.125375,107052,107196,144
104,1,Strings,9,350.825425,11.422775,107196,107341,145
104,1,are,10,418.69635,10.71215,107341,107485,144
104,0,blank,0,448.338275,14.300975,107485,107628,143
104,1,Anagrams,11,527.1569,17.19585,107628,107775,147
104,1,Anagrams,11,531.34215,20.3157,107775,107922,147
104,1,Anagrams,11,511.5391,17.38785,107922,108069,147
104,1,Anagrams,11,507.9955,16.567,108069,108105,36
104,1,whether,7,216.065,9.397325,108180,108327,147
104,1,whether,7,215.96555,12.619225,108327,108472,145
104,1,Check,6,202.5812,10.5421,108472,108509,37
104,1,Strings,9,333.915175,19.681075,108545,108690,145
104,1,Strings,9,335.326666666667,18.4743,108690,108798,108
104,13,"%sand%sareanagrams.\n",77,204.533475,272.125,108871,109020,149
104,15,"%sand%sarenotanagrams.\n",87,183.936325,321.435275,109020,109165,145
104,0,blank,0,171.1392,354.564975,109165,109313,148
104,0,blank,0,199.8264,208.1535,109348,109489,141
104,0,blank,0,215.69875,205.2553,109489,109626,137
104,0,blank,0,223.8899,213.73865,109626,109763,137
104,0,blank,0,276.876125,203.56575,109763,109900,137
104,9,"Enteranotherstring\n",52,277.77815,199.038,109900,110037,137
104,0,blank,0,313.327625,202.670025,110037,110174,137
104,0,blank,0,318.904833333333,207.989133333333,110174,110274,100
104,11,find_anagram,62,181.64895,224.971025,110308,110444,136
104,11,find_anagram,62,182.4975,226.20865,110444,110578,134
104,10,;,59,171.947,220.913675,110578,110711,133
104,10,),58,156.839125,219.262875,110711,110845,134
104,11,find_anagram,62,155.33155,229.243125,110845,110980,135
104,10,),58,156.8841,215.10035,110980,111114,134
104,10,),58,158.7927,219.7579,111114,111249,135
104,11,find_anagram,62,158.66955,228.0002,111249,111386,137
104,11,find_anagram,62,171.79765,227.453525,111386,111523,137
104,10,;,59,168.67665,220.41945,111523,111659,136
104,11,find_anagram,62,172.5588,231.3474,111659,111696,37
104,0,blank,0,261.73555,-103.91,111763,111905,142
104,0,blank,0,263.02675,-103.907575,111905,112046,141
104,0,blank,0,648.09595,-103.920575,112081,112219,138
104,0,blank,0,644.922025,-103.920675,112219,112355,136
104,0,blank,0,630.4047,-103.9299,112355,112389,34
104,0,blank,0,734.7175,-103.8871,112424,112493,69
104,0,blank,0,604.748633333333,-103.9004,112527,112641,114
104,0,blank,0,609.03785,-103.89825,112641,112784,143
104,0,blank,0,159.637425,307.356975,112857,113000,143
104,0,blank,0,94.532275,301.09695,113000,113135,135
104,0,blank,0,77.450525,280.921125,113135,113270,135
104,0,blank,0,68.28455,276.36595,113270,113403,133
104,0,blank,0,68.0766,254.601525,113403,113537,134
104,11,flag,60,77.2053,240.472025,113537,113668,131
104,11,=,61,100.830175,243.05125,113668,113799,131
104,0,blank,0,130.783925,246.3438,113799,113927,128
104,12,==,72,133.179675,259.833375,113927,114055,128
104,0,blank,0,113.834775,266.7178,114055,114187,132
104,12,flag,71,109.7786,252.6652,114187,114255,68
104,0,blank,0,224.16745,246.667025,114290,114428,138
104,0,blank,0,224.24475,248.510825,114428,114572,144
104,11,(,63,241.16245,240.31755,114572,114716,144
104,11,array1,64,280.7012,229.979166666667,114716,114831,115
104,11,array1,64,281.900233333333,239.444233333333,114831,114947,116
104,12,(,70,79.9559,256.5485,114985,115104,119
104,12,(,70,81.1494,264.98665,115104,115184,80
104,11,find_anagram,62,174.834433333333,243.364966666667,115225,115346,121
104,0,blank,0,162.0523,248.992375,115346,115490,144
104,11,find_anagram,62,171.92295,240.453925,115490,115633,143
104,11,find_anagram,62,214.3636,237.299675,115633,115777,144
104,0,blank,0,232.74595,246.377175,115777,115922,145
104,0,blank,0,259.109375,248.072225,115922,116070,148
104,0,blank,0,260.052175,248.8579,116070,116212,142
104,0,blank,0,226.05835,248.449725,116212,116358,146
104,0,blank,0,188.22655,251.5906,116358,116500,142
104,12,1,73,165.546525,260.01905,116500,116641,141
104,0,blank,0,156.297425,251.7069,116641,116786,145
104,0,blank,0,191.79015,245.0183,116786,116899,113
104,0,blank,0,218.2963,248.9891,116899,117024,125
104,0,blank,0,276.101,252.0487,117024,117157,133
104,11,array1,64,291.7915,243.4233,117157,117301,144
104,0,blank,0,318.282775,251.463075,117301,117442,141
104,0,blank,0,297.6344,247.240825,117442,117586,144
104,0,blank,0,238.87955,252.202275,117586,117724,138
104,0,blank,0,232.0379,244.290425,117724,117862,138
104,0,blank,0,223.706125,250.635975,117862,118005,143
104,0,blank,0,312.394725,250.238375,118005,118147,142
104,0,blank,0,317.55455,251.210225,118147,118287,140
104,11,array1,64,266.6841,242.2725,118287,118431,144
104,11,array1,64,252.01615,240.07605,118431,118501,70
104,0,blank,0,183.75925,418.58995,118535,118677,142
104,0,blank,0,164.63945,404.5483,118677,118819,142
104,0,blank,0,150.212325,403.547275,118819,118961,142
104,0,blank,0,116.8457,401.6808,118961,119102,141
104,0,blank,0,135.83405,408.95225,119102,119242,140
104,18,find_anagram,99,162.252366666667,397.276166666667,119242,119345,103
104,0,blank,0,206.398,258.86475,119380,119521,141
104,13,"%sand%sareanagrams.\n",77,209.7599,269.8136,119521,119556,35
104,0,blank,0,145.53755,130.904575,119591,119730,139
104,0,blank,0,151.254475,124.071175,119730,119870,140
104,0,blank,0,146.66935,117.918225,119870,120011,141
104,0,blank,0,147.118475,116.96855,120011,120153,142
104,0,blank,0,149.602075,120.440525,120153,120295,142
104,0,blank,0,153.331,121.665575,120295,120437,142
104,0,blank,0,135.77735,119.6224,120437,120578,141
104,6,flag,38,121.9844,116.617825,120578,120723,145
104,15,printf,85,111.591575,328.59815,120760,120907,147
104,0,blank,0,103.363075,376.09605,120907,121053,146
104,0,blank,0,97.597175,403.72065,121053,121199,146
104,0,blank,0,98.3922,402.42005,121199,121342,143
104,0,blank,0,98.32365,404.1491,121342,121482,140
104,0,blank,0,100.78595,404.453175,121482,121623,141
104,0,blank,0,153.04175,407.983875,121623,121766,143
104,0,blank,0,159.66905,406.86585,121766,121905,139
104,0,blank,0,156.16235,402.03175,121905,122046,141
104,0,blank,0,116.627125,406.4306,122046,122186,140
104,0,blank,0,121.9241,403.057425,122186,122326,140
104,0,blank,0,112.67985,409.49675,122326,122467,141
104,0,blank,0,111.32045,403.2586,122467,122604,137
104,0,blank,0,118.120875,409.5316,122604,122744,140
104,0,blank,0,158.838625,400.064,122744,122882,138
104,0,blank,0,152.100025,405.655975,122882,123023,141
104,0,blank,0,216.381775,404.5125,123023,123168,145
104,18,array1,102,254.738475,395.924,123168,123310,142
104,0,blank,0,282.728125,405.711525,123310,123452,142
104,0,blank,0,284.4739,400.614,123452,123487,35
104,0,blank,0,113.26525,402.939725,123524,123663,139
104,0,blank,0,112.724625,404.21145,123663,123804,141
104,18,find_anagram,99,121.42065,389.6268,123804,123945,141
104,0,blank,0,149.55265,374.65835,123945,124086,141
104,0,blank,0,149.7533,358.749675,124086,124231,145
104,0,blank,0,140.61075,340.7929,124231,124374,143
104,0,blank,0,97.7759,297.7441,124374,124518,144
104,14,else,84,77.9677,292.20395,124518,124661,143
104,0,blank,0,-23.2704,339.1149,124661,124697,36
104,0,blank,0,-323,-105,124733,124772,39
104,0,blank,0,197.1051,302.305775,124946,125085,139
104,0,blank,0,207.001175,295.627425,125085,125227,142
104,0,blank,0,251.796225,302.08575,125227,125367,140
104,0,blank,0,298.606575,294.202975,125367,125507,140
104,0,blank,0,307.282725,294.045225,125507,125645,138
104,0,blank,0,326.83865,293.153475,125645,125786,141
104,0,blank,0,347.502125,301.92065,125786,125926,140
104,0,blank,0,379.82435,303.86795,125926,126066,140
104,0,blank,0,388.917425,298.476725,126066,126207,141
104,13,"%sand%sareanagrams.\n",77,371.514925,286.74425,126207,126349,142
104,0,blank,0,382.827825,293.62545,126349,126487,138
104,0,blank,0,390.05125,293.50135,126487,126629,142
104,0,blank,0,445.869725,297.653175,126629,126772,143
104,0,blank,0,450.54185,292.07675,126772,126913,141
104,0,blank,0,429.73035,295.89505,126913,127051,138
104,0,blank,0,501.24685,295.643375,127051,127193,142
104,0,blank,0,507.7837,289.084275,127193,127332,139
104,0,blank,0,514.96635,294.379025,127332,127466,134
104,0,blank,0,533.4075,298.5562,127466,127604,138
104,0,blank,0,526.8505,296.107225,127604,127740,136
104,0,blank,0,202.64615,333.657925,127775,127915,140
104,0,blank,0,197.53175,347.2649,127915,128051,136
104,0,blank,0,221.507825,339.806575,128051,128188,137
104,0,blank,0,266.485225,343.0586,128188,128327,139
104,0,blank,0,268.233325,349.38895,128327,128464,137
104,0,blank,0,276.049625,344.122775,128464,128599,135
104,0,blank,0,313.89395,337.69275,128599,128739,140
104,0,blank,0,347.743425,339.1813,128739,128877,138
104,0,blank,0,393.055475,340.065025,128877,129018,141
104,15,"%sand%sarenotanagrams.\n",87,395.5093,331.6559,129018,129159,141
104,0,blank,0,422.0371,339.013875,129159,129297,138
104,0,blank,0,487.814175,338.08975,129297,129431,134
104,0,blank,0,553.24385,339.253325,129431,129566,135
104,0,blank,0,555.562575,336.585025,129566,129702,136
104,0,blank,0,567.2648,334.9245,129702,129847,145
104,0,blank,0,590.299575,336.85685,129847,129991,144
104,15,array2,91,586.152275,322.023175,129991,130131,140
104,0,blank,0,574.97335,303.566325,130131,130269,138
104,13,array2,81,550.964725,285.390475,130269,130412,143
104,0,blank,0,247.4167,297.86685,130448,130585,137
104,0,blank,0,207.940525,305.924725,130585,130717,132
104,0,blank,0,197.44215,301.762575,130717,130849,132
104,0,blank,0,269.98775,300.67465,130849,130980,131
104,0,blank,0,318.2804,302.960425,130980,131114,134
104,0,blank,0,393.73955,305.305125,131114,131246,132
104,0,blank,0,384.512533333333,304.553766666667,131246,131372,126
104,13,"%sand%sareanagrams.\n",77,185.628975,280.6675,131403,131536,133
104,0,blank,0,177.4316,295.30965,131536,131670,134
104,0,blank,0,187.590025,293.81025,131670,131803,133
104,0,blank,0,183.8068,308.117225,131803,131939,136
104,13,"%sand%sareanagrams.\n",77,158.95935,280.6939,131939,132078,139
104,13,"%sand%sareanagrams.\n",77,161.633266666667,287.227333333333,132078,132220,142
104,11,find_anagram,62,164.07725,229.190375,132220,132347,127
104,7,"Enterthestring\n",42,168.13285,148.149275,132347,132489,142
104,7,"Enterthestring\n",42,156.18215,140.5978,132489,132621,132
104,7,"Enterthestring\n",42,154.989325,136.712075,132621,132757,136
104,0,blank,0,149.744675,119.607675,132757,132895,138
104,5,array1,27,149.24085,111.44045,132895,133035,140
104,0,blank,0,231.9719,160.289,133035,133139,104
104,0,blank,0,236.172266666667,159.305633333333,133139,133268,129
104,7,"Enterthestring\n",42,244.375625,137.913125,133268,133408,140
104,7,"Enterthestring\n",42,241.6798,138.2735,133408,133548,140
104,7,"Enterthestring\n",42,220.529275,136.538175,133548,133692,144
104,0,blank,0,188.575225,121.158125,133692,133834,142
104,5,100,34,174.1993,106.807475,133834,133973,139
104,5,100,34,163.796875,106.2011,133973,134111,138
104,0,blank,0,161.924675,88.3667,134111,134254,143
104,0,blank,0,154.689425,83.691425,134254,134391,137
104,0,blank,0,150.615325,83.066925,134391,134535,144
104,0,blank,0,135.5481,75.27065,134535,134678,143
104,0,blank,0,122.286275,68.043625,134678,134820,142
104,0,blank,0,127.2495,68.98045,134820,134966,146
104,0,blank,0,144.983925,57.975675,134966,135109,143
104,0,blank,0,209.9661,60.15465,135109,135253,144
104,0,blank,0,237.226375,56.715925,135253,135396,143
104,21,array1,137,129.889875,457.44585,135470,135619,149
104,0,blank,0,121.14185,402.4747,135619,135767,148
104,0,blank,0,149.427175,418.775325,135767,135913,146
104,0,blank,0,175.757975,413.998425,135913,136055,142
104,0,blank,0,161.0703,410.4264,136055,136196,141
104,0,blank,0,139.826625,408.2582,136196,136329,133
104,20,num1,113,89.1233,422.408025,136329,136465,136
104,0,blank,0,84.001575,414.680275,136465,136602,137
104,0,blank,0,82.870025,417.13835,136602,136739,137
104,0,blank,0,145.091125,407.498775,136739,136875,136
104,0,blank,0,211.181475,407.144675,136875,137013,138
104,0,blank,0,253.272375,399.637975,137013,137148,135
104,0,blank,0,214.474366666667,412.3017,137148,137292,144
104,0,blank,0,282.3949,416.7991,137292,137409,117
104,18,array1,102,273.3815,386.5534,137409,137527,118
104,18,array1,102,292.4327,390.25835,137527,137645,118
104,0,blank,0,316.323475,402.3041,137645,137777,132
104,0,blank,0,316.845525,402.601525,137777,137912,135
104,0,blank,0,327.178675,402.6912,137912,138042,130
104,0,blank,0,343.321975,405.20865,138042,138175,133
104,0,blank,0,353.478175,400.9041,138175,138310,135
104,0,blank,0,405.010425,401.177425,138310,138445,135
104,18,[,108,447.8204,395.900925,138445,138576,131
104,0,blank,0,433.662525,401.254825,138576,138710,134
104,0,blank,0,463.198625,405.077025,138710,138843,133
104,0,blank,0,453.20695,399.15165,138843,138978,135
104,0,blank,0,422.953425,401.965375,138978,139111,133
104,18,array2,107,433.479675,394.691175,139111,139244,133
104,0,blank,0,473.082325,399.44615,139244,139375,131
104,0,blank,0,470.821175,396.8812,139375,139509,134
104,0,blank,0,470.3296,402.8888,139509,139542,33
104,0,blank,0,150.411625,244.8309,139575,139710,135
104,10,),58,160.934275,214.133775,139710,139842,132
104,0,blank,0,174.109725,170.264125,139842,139976,134
104,0,blank,0,179.8519,174.0671,139976,140009,33
104,0,blank,0,185.187225,367.0753,140042,140179,137
104,0,blank,0,190.331475,373.15435,140179,140317,138
104,0,blank,0,232.378875,354.621025,140317,140456,139
104,0,blank,0,241.2479,345.465575,140456,140592,136
104,0,blank,0,552.204625,341.24735,140660,140795,135
104,0,blank,0,568.547525,336.862375,140795,140931,136
104,0,blank,0,596.97405,337.423475,140931,141066,135
104,0,blank,0,592.702075,339.508775,141066,141202,136
104,0,blank,0,546.869425,302.284475,141202,141338,136
104,0,blank,0,546.5259,297.611525,141338,141476,138
104,0,blank,0,544.345333333333,303.474233333333,141476,141577,101
104,0,blank,0,200.23295,305.149775,141611,141746,135
104,0,blank,0,203.738325,307.17525,141746,141885,139
104,0,blank,0,187.229925,305.9323,141885,142025,140
104,13,"%sand%sareanagrams.\n",77,176.376075,285.392725,142025,142164,139
104,13,"%sand%sareanagrams.\n",77,171.525675,281.808325,142164,142296,132
104,13,"%sand%sareanagrams.\n",77,172.372725,277.120775,142296,142429,133
104,13,"%sand%sareanagrams.\n",77,175.923925,267.02665,142429,142562,133
104,0,blank,0,225.546975,263.232575,142562,142695,133
104,0,blank,0,257.3959,261.0655,142695,142827,132
104,13,"%sand%sareanagrams.\n",77,277.8866,268.71325,142827,142962,135
104,0,blank,0,239.015775,258.324575,142962,143096,134
104,0,blank,0,193.199025,261.98315,143096,143232,136
104,12,==,72,153.171075,264.201425,143232,143368,136
104,13,"%sand%sareanagrams.\n",77,156.43255,272.45475,143368,143435,67
104,18,find_anagram,99,114.454875,392.989325,143468,143606,138
104,0,blank,0,133.59325,402.462025,143606,143742,136
104,0,blank,0,184.2987,414.9184,143742,143880,138
104,0,blank,0,128.2063,411.922225,143880,144018,138
104,0,blank,0,116.88185,403.63315,144018,144154,136
104,0,blank,0,125.8809,414.5331,144154,144189,35
104,0,blank,0,134.819175,72.304525,144221,144358,137
104,0,blank,0,144.04485,68.102375,144358,144495,137
104,0,blank,0,140.5752,78.773325,144495,144631,136
104,0,blank,0,140.293725,75.651875,144631,144764,133
104,0,blank,0,138.3396,67.735025,144764,144902,138
104,0,blank,0,141.519325,42.961125,144902,145040,138
104,0,blank,0,136.31965,56.0719,145040,145180,140
104,0,blank,0,129.5689,60.834675,145180,145321,141
104,0,blank,0,124.2971,62.522075,145321,145459,138
104,0,blank,0,111.74385,80.46365,145459,145598,139
104,0,blank,0,102.207025,85.38685,145598,145741,143
104,0,blank,0,85.453075,81.17795,145741,145880,139
104,0,blank,0,83.6543,79.997875,145880,146024,144
104,0,blank,0,104.921275,87.127275,146024,146168,144
104,0,blank,0,121.06625,79.836925,146168,146310,142
104,5,array1,27,117.86085,97.09435,146310,146382,72
104,0,blank,0,163.2318,466.2218,146418,146563,145
104,0,blank,0,309.896375,356.872275,146599,146740,141
104,0,blank,0,308.0422,340.6387,146740,146880,140
104,0,blank,0,305.931475,298.15765,146880,147013,133
104,0,blank,0,273.38355,301.595575,147013,147149,136
104,0,blank,0,233.562,293.391475,147149,147285,136
104,0,blank,0,205.776425,296.779,147285,147419,134
104,13,"%sand%sareanagrams.\n",77,189.2685,280.847175,147419,147555,136
104,13,"%sand%sareanagrams.\n",77,186.4204,280.994725,147555,147693,138
104,13,"%sand%sareanagrams.\n",77,207.473525,286.8849,147693,147832,139
104,13,"%sand%sareanagrams.\n",77,205.105225,287.109525,147832,147974,142
104,0,blank,0,197.363875,255.303375,147974,148114,140
104,11,find_anagram,62,181.92295,233.560975,148114,148253,139
104,11,find_anagram,62,166.5377,242.1528,148253,148394,141
104,11,find_anagram,62,207.150725,242.42275,148394,148534,140
104,0,blank,0,242.50365,252.4041,148534,148678,144
104,0,blank,0,287.816225,255.03695,148678,148820,142
104,0,blank,0,324.650875,254.9717,148820,148961,141
104,0,blank,0,323.018875,254.5555,148961,149103,142
104,0,blank,0,268.445875,249.15085,149103,149244,141
104,11,array1,64,262.893325,243.87145,149244,149383,139
104,11,find_anagram,62,231.053425,243.244575,149383,149521,138
104,0,blank,0,232.0421,204.9121,149521,149660,139
104,9,"Enteranotherstring\n",52,229.074225,193.5329,149660,149803,143
104,0,blank,0,227.57725,221.520325,149803,149943,140
104,11,find_anagram,62,221.377975,232.28325,149943,150086,143
104,11,find_anagram,62,214.177525,227.73395,150086,150225,139
104,11,find_anagram,62,204.880625,229.18575,150225,150365,140
104,0,blank,0,182.36365,219.03385,150365,150506,141
104,9,"Enteranotherstring\n",52,173.561,192.806475,150506,150645,139
104,8,;,49,164.176775,169.1527,150645,150783,138
104,8,),48,160.837725,173.933675,150783,150923,140
104,0,blank,0,243.15305,168.606425,150923,151062,139
104,0,blank,0,243.2675,170.8897,151062,151204,142
104,0,blank,0,241.25335,163.05685,151204,151343,139
104,7,"Enterthestring\n",42,232.202,148.647625,151343,151481,138
104,7,"Enterthestring\n",42,208.477125,155.864575,151481,151616,135
104,7,"Enterthestring\n",42,199.270825,146.11705,151616,151752,136
104,0,blank,0,198.504425,158.58335,151752,151893,141
104,0,blank,0,209.007125,162.3179,151893,152033,140
104,0,blank,0,239.723275,170.580325,152033,152172,139
104,0,blank,0,315.022975,169.895825,152172,152308,136
104,7,),43,318.2361,145.36185,152308,152445,137
104,0,blank,0,322.810675,133.5837,152445,152583,138
104,0,blank,0,340.983825,129.51495,152583,152721,138
104,0,blank,0,343.773025,127.4226,152721,152861,140
104,0,blank,0,342.756825,127.307975,152861,153001,140
104,0,blank,0,344.731225,121.97955,153001,153143,142
104,0,blank,0,212.1463,128.02495,153143,153283,140
104,0,blank,0,212.4068,131.503525,153283,153423,140
104,0,blank,0,231.999675,128.862125,153423,153562,139
104,0,blank,0,235.777175,129.484775,153562,153702,140
104,0,blank,0,210.64305,126.0832,153702,153845,143
104,0,blank,0,207.6982,131.1042,153845,153918,73
104,0,blank,0,-323,-105,153952,153988,36
104,5,array1,27,152.4004,101.64685,154150,154280,130
104,0,blank,0,149.576225,81.096675,154280,154420,140
104,0,blank,0,146.1387,77.2005333333333,154420,154525,105
104,0,blank,0,181.558975,486.95255,154592,154734,142
104,0,blank,0,181.67125,468.26645,154734,154876,142
104,21,i,139,192.0188,457.862375,154876,155014,138
104,21,i,139,193.580975,451.3813,155014,155152,138
104,21,i,139,193.053125,447.963375,155152,155289,137
104,21,array1,137,167.3985,447.65985,155289,155423,134
104,21,array1,137,150.14175,452.30645,155423,155555,132
104,0,blank,0,146.5344,442.271875,155555,155688,133
104,0,blank,0,142.96545,406.598725,155688,155825,137
104,20,26,124,151.965075,427.2857,155825,155958,133
104,0,blank,0,209.551125,446.6194,155958,156092,134
104,0,blank,0,215.054,445.19025,156092,156227,135
104,0,blank,0,239.3006,452.165775,156227,156361,134
104,21,0,142,265.5433,462.257225,156361,156495,134
104,0,blank,0,236.328425,458.6555,156495,156629,134
104,21,0,142,255.094325,451.678425,156629,156767,138
104,21,),143,284.65625,457.379625,156767,156902,135
104,21,),143,284.448875,454.838625,156902,157039,137
104,21,),143,285.488875,462.481775,157039,157171,132
104,0,blank,0,319.200175,460.300575,157171,157310,139
104,0,blank,0,350.575875,452.18325,157310,157450,140
104,0,blank,0,338.3308,465.1276,157450,157589,139
104,0,blank,0,338.7756,460.1614,157589,157653,64
104,0,blank,0,334.3043,459.7051,157653,157768,115
104,20,{,127,356.147,423.0248,157984,158088,104
104,0,blank,0,350.8441,446.393225,158173,158301,128
104,0,blank,0,377.04765,454.845275,158301,158432,131
104,0,blank,0,375.202475,449.92965,158432,158569,137
104,0,blank,0,372.8942,459.803925,158569,158705,136
104,0,blank,0,366.633175,456.601575,158705,158839,134
104,0,blank,0,378.1254,458.63215,158839,158972,133
104,0,blank,0,402.787,455.3451,158972,159106,134
104,0,blank,0,433.0077,448.503475,159106,159237,131
104,0,blank,0,437.52415,454.67835,159237,159371,134
104,0,blank,0,452.60825,457.212425,159371,159504,133
104,0,blank,0,447.32245,456.825825,159504,159642,138
104,0,blank,0,432.150675,448.5316,159642,159779,137
104,0,blank,0,388.6762,452.214075,159779,159915,136
104,0,blank,0,362.4444,458.78365,159915,160050,135
104,0,blank,0,343.63495,454.502475,160050,160184,134
104,0,blank,0,334.9452,459.50675,160184,160251,67
104,21,[,138,182.58325,460.3799,160285,160423,138
104,21,[,138,177.604225,459.093775,160423,160557,134
104,21,],140,196.823225,456.428525,160557,160695,138
104,21,],140,201.6979,461.1434,160695,160834,139
104,0,blank,0,244.647825,462.422725,160834,160972,138
104,0,blank,0,240.06975,467.329175,160972,161110,138
104,21,0,142,258.27815,460.228375,161110,161246,136
104,21,0,142,265.2775,462.15535,161246,161384,138
104,21,!=,141,228.7688,457.424025,161384,161519,135
104,21,!=,141,227.225775,459.263525,161519,161654,135
104,21,],140,198.704125,461.1319,161654,161791,137
104,21,],140,200.3236,461.982975,161791,161927,136
104,0,blank,0,244.302675,459.528025,161927,162063,136
104,0,blank,0,261.723425,464.71105,162063,162203,140
104,21,0,142,259.26285,455.5532,162203,162344,141
104,21,0,142,259.324475,461.1144,162344,162483,139
104,0,blank,0,212.802725,459.235525,162483,162623,140
104,0,blank,0,215.9368,461.21845,162623,162764,141
104,0,blank,0,209.7663,458.1612,162764,162905,141
104,21,],140,198.2552,460.890125,162905,163044,139
104,0,blank,0,185.753175,469.04575,163044,163184,140
104,0,blank,0,190.60185,466.353525,163184,163329,145
104,0,blank,0,422.2928,462.152325,163365,163506,141
104,0,blank,0,435.184,453.365525,163506,163648,142
104,0,blank,0,456.979225,449.011525,163648,163786,138
104,0,blank,0,476.44775,445.790375,163786,163925,139
104,0,blank,0,483.582325,448.303475,163925,164062,137
104,0,blank,0,478.153625,451.686175,164062,164199,137
104,0,blank,0,460.71995,454.84935,164199,164340,141
104,0,blank,0,343.430475,450.268125,164340,164477,137
104,0,blank,0,324.469333333333,454.160433333333,164477,164581,104
104,23,array1,147,176.76705,494.4024,164616,164753,137
104,0,blank,0,177.811925,487.64935,164753,164888,135
104,0,blank,0,215.22085,480.169025,164888,165027,139
104,0,blank,0,234.556425,482.75965,165027,165164,137
104,0,blank,0,258.00355,475.5398,165164,165232,68
104,0,blank,0,-323,-105,165267,165379,112
104,0,blank,0,-323,-105,165379,165461,82
104,0,blank,0,292.150033333333,453.1581,165507,165624,117
104,0,blank,0,269.227575,469.899625,165624,165760,136
104,0,blank,0,311.842075,470.998025,165760,165896,136
104,0,blank,0,312.956875,476.4401,165896,166034,138
104,0,blank,0,314.7169,470.62885,166034,166169,135
104,0,blank,0,273.27555,474.371875,166169,166305,136
104,0,blank,0,274.7212,467.233,166305,166439,134
104,0,blank,0,325.617975,485.5256,166439,166574,135
104,0,blank,0,330.09975,500.85205,166574,166708,134
104,0,blank,0,334.86685,484.357175,166708,166849,141
104,0,blank,0,338.1385,481.433475,166849,166992,143
104,0,blank,0,334.5543,482.9726,166992,167028,36
104,0,blank,0,230.721575,514.5162,167062,167203,141
104,0,blank,0,245.6574,549.8926,167203,167272,69
104,0,blank,0,-323,-105,167344,167431,87
104,0,blank,0,-323,-105,167431,167575,144
104,0,blank,0,-323,-105,167575,167681,106
104,0,blank,0,-323,-105,167681,167827,146
104,0,blank,0,-323,-105,167827,167895,68
104,0,blank,0,-323,-105,167895,168064,169
104,0,blank,0,-323,-105,168064,168143,79
104,0,blank,0,-323,-105,168143,168289,146
104,0,blank,0,-323,-105,168289,168436,147
104,0,blank,0,-323,-105,168436,168577,141
104,0,blank,0,-323,-105,168577,168718,141
104,0,blank,0,-323,-105,168718,168865,147
104,0,blank,0,-323,-105,168865,169009,144
104,0,blank,0,-323,-105,169009,169106,97
104,0,blank,0,-323,-105,169106,169243,137
104,0,blank,0,-323,-105,169243,169381,138
104,0,blank,0,-323,-105,169381,169510,129
104,0,blank,0,-323,-105,169510,169723,213
104,0,blank,0,-323,-105,169723,170009,286
104,0,blank,0,-323,-105,170009,170158,149
104,0,blank,0,-323,-105,170158,170302,144
104,0,blank,0,-323,-105,170302,170413,111
104,0,blank,0,-323,-105,170413,170483,70
104,0,blank,0,-323,-105,170483,170771,288
104,0,blank,0,-323,-105,170771,171061,290
104,0,blank,0,-323,-105,171061,171458,397
104,0,blank,0,-323,-105,171458,171602,144
104,0,blank,0,209.5389,460.1972,171836,171935,99
104,0,blank,0,354.9129,456.9747,172245,172352,107
104,0,blank,0,165.4099,471.595,172510,172610,100
104,0,blank,0,262.2907,470.2383,172610,172660,50
104,0,blank,0,224.709866666667,479.290833333333,172762,172895,133
104,0,blank,0,254.268775,474.058575,172895,173031,136
104,0,blank,0,258.508,472.57235,173031,173170,139
104,0,blank,0,237.015725,484.0086,173170,173310,140
104,0,blank,0,238.572375,480.043425,173310,173448,138
104,0,blank,0,204.44185,479.66305,173448,173585,137
104,0,blank,0,182.752275,483.35845,173585,173722,137
104,0,blank,0,171.841,476.7089,173722,173791,69
104,0,blank,0,354.030475,448.0373,173825,173965,140
104,0,blank,0,373.165,458.757925,173965,174104,139
104,0,blank,0,384.911325,462.460975,174104,174245,141
104,0,blank,0,445.8667,459.45415,174245,174383,138
104,0,blank,0,448.2014,454.173,174383,174526,143
104,0,blank,0,476.9726,459.33325,174526,174666,140
104,0,blank,0,481.088675,457.392025,174666,174809,143
104,0,blank,0,481.51255,459.475075,174809,174949,140
104,0,blank,0,417.30005,455.3183,174949,175088,139
104,0,blank,0,386.8602,448.4161,175088,175229,141
104,0,blank,0,373.022075,444.1519,175229,175367,138
104,0,blank,0,386.91485,450.85325,175367,175505,138
104,0,blank,0,428.1193,454.802825,175505,175645,140
104,0,blank,0,495.86885,453.274575,175645,175788,143
104,0,blank,0,482.7895,451.8856,175788,175931,143
104,0,blank,0,483.137875,453.08765,175931,176076,145
104,0,blank,0,487.84115,449.1968,176076,176149,73
104,21,0,142,253.63585,455.198325,176184,176326,142
104,23,array1,147,186.18735,489.580075,176326,176462,136
104,0,blank,0,177.236,486.04495,176462,176597,135
104,0,blank,0,236.0335,458.665975,176597,176735,138
104,21,0,142,246.12665,458.7701,176735,176874,139
104,0,blank,0,234.481125,467.511975,176874,177014,140
104,0,blank,0,248.41975,469.7301,177014,177152,138
104,21,0,142,256.084025,462.991625,177152,177288,136
104,0,blank,0,252.4556,468.6019,177288,177323,35
104,0,blank,0,-323,-105,177358,177476,118
104,0,blank,0,-323,-105,177476,177599,123
104,0,blank,0,-323,-105,177599,177642,43
104,0,blank,0,-323,-105,178064,178191,127
104,0,blank,0,-323,-105,178191,178224,33
104,0,blank,0,-323,-105,178224,178344,120
104,0,blank,0,-323,-105,178344,178488,144
104,0,blank,0,24.6591,481.4122,178556,178654,98
104,0,blank,0,66.209825,477.953225,178719,178848,129
104,0,blank,0,70.4224,511.192575,178848,178980,132
104,0,blank,0,51.855925,521.570125,179012,179138,126
104,0,blank,0,84.6837,551.1089,179202,179229,27
104,0,blank,0,-323,-105,179258,179390,132
104,0,blank,0,-323,-105,179390,179516,126
104,0,blank,0,-323,-105,179516,179642,126
104,0,blank,0,-323,-105,179642,179788,146
104,0,blank,0,-323,-105,179788,179932,144
104,0,blank,0,-323,-105,179932,180068,136
104,0,blank,0,-323,-105,180068,180202,134
104,0,blank,0,-323,-105,180202,180329,127
104,0,blank,0,-323,-105,180329,180462,133
104,0,blank,0,-323,-105,180462,180595,133
104,0,blank,0,-323,-105,180595,180721,126
104,0,blank,0,-323,-105,180721,180846,125
104,0,blank,0,-323,-105,180846,180984,138
104,0,blank,0,-323,-105,180984,181103,119
104,0,blank,0,-323,-105,181103,181178,75
104,0,blank,0,-323,-105,181178,181286,108
104,0,blank,0,-323,-105,181286,181454,168
104,0,blank,0,-323,-105,181454,181591,137
104,0,blank,0,-323,-105,181591,181685,94
104,0,blank,0,-323,-105,181685,181812,127
104,0,blank,0,-323,-105,181812,181898,86
104,0,blank,0,-323,-105,181898,181996,98
104,0,blank,0,265.78435,518.4445,182045,182168,123
104,0,blank,0,259.4503,512.1856,182168,182281,113
104,23,a,152,264.564725,504.483475,182281,182430,149
104,0,blank,0,277.067833333333,517.279033333333,182430,182542,112
104,23,++,154,312.716825,498.277125,182542,182691,149
104,0,blank,0,346.487,491.19685,182691,182833,142
104,0,blank,0,334.61875,497.71205,182833,182973,140
104,0,blank,0,337.204425,504.003875,182973,183114,141
104,0,blank,0,337.7739,505.675625,183114,183258,144
104,0,blank,0,327.42025,484.449775,183258,183402,144
104,23,++,154,310.610975,502.3504,183402,183543,141
104,23,a,152,276.5875,497.155775,183543,183685,142
104,0,blank,0,253.89895,499.584775,183685,183830,145
104,0,blank,0,270.245625,473.17635,183830,183974,144
104,23,++,154,295.76975,507.183575,183974,184114,140
105,0,blank,0,352.8023,517.6771,184186,184333,147
105,0,blank,0,361.128975,512.56365,184333,184475,142
105,0,blank,0,377.571775,509.9482,184475,184622,147
105,0,blank,0,200.876375,526.6504,184659,184806,147
105,0,blank,0,175.011,513.5151,184806,184842,36
105,0,blank,0,179.38285,538.751775,184915,185061,146
105,0,blank,0,208.6027,518.296875,185061,185208,147
105,23,],153,217.491975,490.7066,185208,185357,149
105,0,blank,0,192.2979,517.443475,185357,185503,146
105,23,array1,147,193.8046,503.14105,185503,185647,144
105,0,blank,0,186.1305,519.2177,185647,185684,37
105,23,++,154,301.3027,500.70135,185720,185866,146
105,0,blank,0,306.6273,511.120925,185866,186015,149
105,0,blank,0,219.73515,514.52775,186015,186163,148
105,0,blank,0,215.507125,513.915675,186163,186309,146
105,0,blank,0,213.593675,514.1408,186309,186453,144
105,0,blank,0,255.415525,493.414,186453,186599,146
105,0,blank,0,280.6082,508.35995,186599,186747,148
105,0,blank,0,324.455425,515.200025,186747,186893,146
105,23,++,154,297.654325,503.4192,186893,187042,149
105,0,blank,0,317.08545,515.432625,187042,187188,146
105,0,blank,0,334.4142,511.556375,187188,187334,146
105,0,blank,0,343.399725,503.4486,187334,187481,147
105,0,blank,0,352.454175,511.850575,187481,187628,147
105,0,blank,0,342.340575,510.925025,187628,187776,148
105,0,blank,0,344.179025,520.080325,187776,187922,146
105,0,blank,0,330.893825,518.0265,187922,188068,146
105,0,blank,0,283.7587,510.3455,188068,188104,36
105,0,blank,0,-323,-105,188177,188266,89
105,0,blank,0,180.8808,558.6719,188340,188424,84
105,0,blank,0,186.246625,533.04955,188521,188664,143
105,0,blank,0,182.787125,516.854225,188664,188810,146
105,0,blank,0,185.741725,519.70705,188810,188956,146
105,0,blank,0,182.7282,510.675425,188956,189102,146
105,0,blank,0,201.367875,511.255625,189102,189248,146
105,0,blank,0,213.805825,515.45305,189248,189396,148
105,0,blank,0,190.674025,524.800125,189396,189540,144
105,0,blank,0,193.876125,521.079075,189540,189685,145
105,0,blank,0,184.561375,524.04145,189685,189831,146
105,23,[,148,195.5191,507.3665,189831,189975,144
105,21,!=,141,218.618925,450.765225,189975,190119,144
105,20,num2,122,274.6583,441.185725,190119,190264,145
105,0,blank,0,300.730575,445.886075,190264,190411,147
105,0,blank,0,326.5766,444.0015,190411,190523,112
105,0,blank,0,174.34275,447.232325,190559,190706,147
105,20,=,132,180.82525,434.218725,190706,190851,145
105,20,{,127,197.138625,435.957325,190851,190996,145
105,0,blank,0,191.636975,426.5014,190996,191141,145
105,20,0,133,203.034475,422.03375,191141,191286,145
105,20,0,133,211.3218,437.1071,191286,191428,142
105,20,0,133,205.1657,436.6696,191428,191569,141
105,20,0,133,208.69915,439.27925,191569,191714,145
105,20,0,133,208.771575,439.935875,191714,191861,147
105,0,blank,0,206.32385,447.79365,191861,192006,145
105,21,i,139,190.0483,455.67615,192006,192151,145
105,21,],140,199.108925,445.314475,192151,192297,146
105,0,blank,0,203.155925,444.73745,192297,192443,146
105,21,i,139,191.004133333333,451.7362,192443,192581,138
105,0,blank,0,151.6477,465.486275,192581,192730,149
105,21,array1,137,156.688225,458.565125,192730,192876,146
105,21,[,138,176.1548,449.517375,192876,193021,145
105,21,[,138,177.833325,445.45385,193021,193167,146
105,21,i,139,193.77205,455.46605,193167,193313,146
105,0,blank,0,214.66255,445.717825,193313,193457,144
105,21,0,142,246.82245,448.103225,193457,193603,146
105,21,!=,141,225.36395,454.33655,193603,193751,148
105,21,!=,141,226.87135,447.908475,193751,193896,145
105,0,blank,0,210.561025,451.55345,193896,194043,147
105,21,],140,198.477425,452.337875,194043,194188,145
105,0,blank,0,212.992966666667,448.1939,194188,194325,137
105,23,[,148,195.81455,504.2843,194325,194472,147
105,0,blank,0,182.310533333333,537.532866666667,194472,194584,112
105,0,blank,0,185.0545,527.628933333333,194584,194697,113
105,0,blank,0,205.6976,523.674166666667,194697,194810,113
105,0,blank,0,216.885625,523.482625,194810,194956,146
105,0,blank,0,215.0596,523.6308,194956,194992,36
105,0,blank,0,-323,-105,195028,195143,115
105,0,blank,0,276.516525,475.453075,195270,195416,146
105,23,a,152,256.301466666667,503.204833333333,195416,195536,120
105,0,blank,0,258.579666666667,518.4558,195536,195654,118
105,0,blank,0,244.447866666667,493.0991,195654,195772,118
105,0,blank,0,249.45055,500.98155,195772,195921,149
105,0,blank,0,282.302075,513.427525,195921,196058,137
105,0,blank,0,318.8211,518.6224,196058,196194,136
105,0,blank,0,343.38445,525.96925,196194,196331,137
105,0,blank,0,337.149775,528.663425,196331,196465,134
105,0,blank,0,300.53445,533.546625,196465,196605,140
105,0,blank,0,262.65195,524.955,196605,196742,137
105,0,blank,0,261.878475,529.289475,196742,196876,134
105,0,blank,0,253.24675,527.674,196876,197013,137
105,0,blank,0,243.80155,519.8596,197013,197149,136
105,0,blank,0,261.0257,517.706675,197149,197286,137
105,0,blank,0,272.226725,519.0286,197286,197421,135
105,0,blank,0,345.22685,518.885175,197421,197559,138
105,0,blank,0,339.1361,524.8998,197559,197697,138
105,0,blank,0,341.160375,518.23315,197697,197835,138
105,0,blank,0,365.97145,534.6157,197835,197973,138
105,0,blank,0,365.00635,522.28405,197973,198111,138
105,0,blank,0,368.52475,521.572525,198111,198248,137
105,0,blank,0,364.07545,520.1136,198248,198384,136
105,0,blank,0,371.2689,528.7775,198384,198438,54
105,0,blank,0,341.3214,534.2384,198780,198806,26
105,0,blank,0,358.959075,522.090325,198874,199004,130
105,0,blank,0,370.442425,525.77975,199004,199143,139
105,0,blank,0,315.427025,521.56695,199143,199283,140
105,0,blank,0,246.805625,524.56425,199283,199423,140
105,0,blank,0,219.545075,513.000875,199423,199558,135
105,0,blank,0,212.84795,509.357775,199558,199695,137
105,23,i,149,206.698675,504.818875,199695,199831,136
105,0,blank,0,189.559,533.456575,199831,199969,138
105,23,[,148,196.15745,506.33645,199969,200105,136
105,0,blank,0,176.0385,553.601525,200105,200242,137
105,0,blank,0,166.2826,565.11095,200242,200380,138
105,0,blank,0,178.7114,566.04525,200380,200515,135
105,0,blank,0,162.80905,552.818275,200515,200652,137
105,0,blank,0,151.82695,572.30235,200652,200789,137
105,27,array2,178,145.6813,589.682775,200789,200926,137
105,27,array2,178,132.694225,586.0162,200926,201062,136
105,27,array2,178,129.974,591.612575,201062,201198,136
105,27,array2,178,124.925775,591.794575,201198,201332,134
105,27,array2,178,126.38485,587.666775,201332,201467,135
105,0,blank,0,137.657775,596.38925,201467,201603,136
105,0,blank,0,151.769025,598.17965,201603,201739,136
105,0,blank,0,140.916,596.085075,201739,201873,134
105,0,blank,0,132.0776,602.026575,201873,202007,134
105,27,array2,178,127.01335,586.019425,202007,202142,135
105,0,blank,0,131.864,597.858975,202142,202280,138
105,0,blank,0,166.034525,609.689975,202280,202416,136
105,0,blank,0,214.859375,611.975225,202416,202551,135
105,0,blank,0,226.19065,613.000575,202551,202689,138
105,0,blank,0,244.7383,610.1545,202689,202824,135
105,0,blank,0,307.30105,606.824675,202824,202961,137
105,0,blank,0,320.963325,603.8341,202961,203096,135
105,0,blank,0,317.75815,602.09075,203096,203231,135
105,27,array2,178,147.26125,579.304,203266,203400,134
105,27,array2,178,145.0569,586.1161,203400,203433,33
105,21,!=,141,216.336,448.30535,203466,203602,136
105,0,blank,0,438.080025,451.702225,203635,203770,135
105,0,blank,0,434.940925,448.259725,203770,203909,139
105,0,blank,0,375.94235,455.960725,203909,204047,138
105,0,blank,0,354.30475,461.083025,204047,204185,138
105,21,),143,289.6037,457.296,204185,204221,36
105,21,array1,137,164.81475,455.822775,204255,204394,139
105,21,array1,137,157.145375,461.7232,204394,204530,136
105,0,blank,0,133.74835,471.14065,204530,204669,139
105,0,blank,0,122.81295,474.77425,204669,204806,137
105,0,blank,0,127.276225,468.629025,204806,204945,139
105,21,array1,137,128.138975,461.640975,204945,205083,138
105,21,array1,137,120.003675,451.81255,205083,205221,138
105,20,26,124,141.89505,439.7319,205221,205359,138
105,20,26,124,148.52015,439.70415,205359,205498,139
105,0,blank,0,140.445525,476.82695,205498,205637,139
105,0,blank,0,144.0546,467.423125,205637,205775,138
105,0,blank,0,136.63655,475.48685,205775,205912,137
105,0,blank,0,139.148625,480.43025,205912,206051,139
105,23,array1,147,149.280525,492.313025,206051,206191,140
105,23,array1,147,164.396466666667,497.732666666667,206191,206295,104
105,0,blank,0,134.9208,596.043,206330,206469,139
105,27,array2,178,137.250675,595.847425,206469,206609,140
105,27,array2,178,133.5465,575.013125,206609,206749,140
105,0,blank,0,238.73835,510.83835,206749,206889,140
105,23,++,154,313.5814,497.39555,206889,207029,140
105,0,blank,0,361.117725,480.608325,207029,207170,141
105,0,blank,0,384.5445,451.021875,207170,207310,140
105,0,blank,0,442.612825,451.28905,207310,207451,141
105,0,blank,0,-323,-105,207488,207617,129
105,0,blank,0,-323,-105,207617,207750,133
105,0,blank,0,252.74405,465.747625,207794,207926,132
105,21,!=,141,226.898525,457.5455,207926,208067,141
105,0,blank,0,212.486025,458.783075,208067,208211,144
105,21,0,142,253.07675,454.904525,208211,208343,132
105,20,num2,122,248.72185,437.43335,208343,208478,135
105,20,num2,122,257.85255,424.2814,208478,208612,134
105,21,0,142,254.941125,453.410225,208612,208745,133
105,0,blank,0,244.658,472.311975,208745,208878,133
105,0,blank,0,242.674625,441.2362,208878,209014,136
105,0,blank,0,-323,-105,209046,209163,117
105,0,blank,0,272.8925,486.0008,209227,209301,74
105,0,blank,0,275.680325,479.101075,209374,209517,143
105,0,blank,0,282.828375,476.030875,209517,209660,143
105,0,blank,0,289.303775,480.642875,209660,209798,138
105,0,blank,0,333.19415,477.965375,209798,209935,137
105,0,blank,0,325.9826,480.2025,209935,210072,137
105,0,blank,0,312.0785,476.114675,210072,210208,136
105,0,blank,0,269.252375,476.563275,210208,210346,138
105,0,blank,0,255.41245,471.876375,210346,210483,137
105,0,blank,0,234.56055,474.785975,210483,210619,136
105,0,blank,0,244.91255,483.89125,210619,210755,136
105,0,blank,0,267.981875,484.139025,210755,210893,138
105,0,blank,0,253.39205,491.92065,210893,211032,139
105,0,blank,0,235.686375,478.4569,211032,211170,138
105,23,-,151,235.06495,495.645425,211170,211307,137
105,0,blank,0,209.3297,543.661375,211307,211448,141
105,0,blank,0,212.6798,529.62985,211448,211588,140
105,0,blank,0,231.6757,529.089075,211588,211727,139
105,0,blank,0,253.97585,527.673275,211727,211866,139
105,0,blank,0,288.7959,530.781525,211866,212004,138
105,0,blank,0,315.61485,529.743525,212004,212144,140
105,0,blank,0,337.643725,521.501975,212144,212286,142
105,0,blank,0,350.4929,521.617525,212286,212428,142
105,0,blank,0,368.580525,519.922025,212428,212570,142
105,0,blank,0,368.964333333333,512.702,212570,212674,104
105,0,blank,0,231.4212,522.98255,212709,212851,142
105,0,blank,0,236.334925,521.5421,212851,212993,142
105,0,blank,0,273.709225,523.30625,212993,213134,141
105,0,blank,0,322.350325,526.8837,213134,213277,143
105,0,blank,0,366.90505,528.93805,213277,213419,142
105,0,blank,0,369.099625,521.699625,213419,213563,144
105,0,blank,0,366.33335,521.256675,213563,213706,143
105,0,blank,0,350.508525,529.945275,213706,213848,142
105,0,blank,0,344.982675,534.568875,213848,213992,144
105,0,blank,0,352.11455,529.527925,213992,214138,146
105,0,blank,0,335.058075,526.55935,214138,214283,145
105,0,blank,0,262.2346,522.459875,214283,214429,146
105,0,blank,0,232.797025,527.820325,214429,214572,143
105,0,blank,0,213.3366,513.56035,214572,214718,146
105,0,blank,0,206.044125,550.319425,214718,214864,146
105,0,blank,0,-323,-105,214902,214991,89
105,0,blank,0,273.336,536.3344,215049,215119,70
105,0,blank,0,212.267975,552.38615,215205,215341,136
105,0,blank,0,198.218025,563.209125,215341,215488,147
105,0,blank,0,313.6197,524.980325,215488,215632,144
105,0,blank,0,321.89465,530.59705,215632,215774,142
105,0,blank,0,348.7147,527.674125,215774,215917,143
105,0,blank,0,342.7531,525.185525,215917,216060,143
105,0,blank,0,271.6806,527.93555,216060,216202,142
105,0,blank,0,271.281075,520.992875,216202,216348,146
105,0,blank,0,259.44575,517.320925,216348,216496,148
105,0,blank,0,273.603266666667,522.342366666667,216496,216610,114
105,0,blank,0,291.1337,508.965433333333,216610,216723,113
105,0,blank,0,288.750166666667,514.488733333333,216723,216837,114
105,0,blank,0,290.397566666667,525.240066666667,216837,216949,112
105,0,blank,0,292.9397,529.374633333333,216949,217064,115
105,0,blank,0,290.8024,533.797033333333,217064,217178,114
105,0,blank,0,243.34795,522.763475,217178,217326,148
105,0,blank,0,242.008,525.43,217326,217441,115
105,0,blank,0,233.790466666667,514.943133333333,217441,217554,113
105,0,blank,0,205.1431,510.767033333333,217554,217668,114
105,0,blank,0,207.811733333333,512.645833333333,217668,217783,115
105,23,array1,147,193.850566666667,504.990433333333,217783,217897,114
105,23,num1,145,85.1184,490.4896,217897,217937,40
105,23,[,148,201.3848,503.8813,217994,218111,117
105,23,array1,147,177.8183,500.0459,218111,218219,108
105,23,array1,147,163.23105,504.129,218219,218323,104
105,0,blank,0,301.66615,485.8882,218323,218429,106
105,23,],153,285.09485,491.3594,218429,218535,106
105,0,blank,0,294.0986,512.7041,218535,218644,109
105,0,blank,0,304.86185,536.00765,218644,218754,110
105,0,blank,0,186.3308,534.4654,218850,219050,200
105,23,num1,145,115.026,492.7158,219050,219234,184
105,23,++,154,301.167133333333,489.063666666667,219743,219879,136
105,23,;,155,319.7247,504.6474,219879,220020,141
105,23,++,154,309.666166666667,495.5432,220020,220135,115
105,0,blank,0,325.701566666667,470.160366666667,220135,220248,113
105,0,blank,0,369.2193,500.9096,220248,220361,113
105,0,blank,0,185.3878,478.640166666667,220393,220503,110
105,0,blank,0,169.5018,468.8379,220503,220604,101
105,0,blank,0,170.82345,469.01755,220604,220744,140
106,0,blank,0,144.0101,558.3904,221515,221733,218
106,0,blank,0,216.036475,549.987775,221733,221874,141
106,23,],153,215.960675,496.542625,221874,222015,141
106,0,blank,0,194.154225,499.1716,222015,222164,149
106,23,array1,147,188.316125,488.386225,222164,222311,147
106,23,array1,147,142.4576,488.6564,222311,222457,146
106,0,blank,0,147.044533333333,481.878833333333,222457,222564,107
106,23,a,152,269.595475,500.6932,222599,222736,137
106,23,a,152,258.93305,502.133975,222736,222874,138
106,23,],153,216.0424,495.386675,222874,223014,140
106,23,],153,215.19335,496.82095,223014,223155,141
106,23,array1,147,188.39995,493.136925,223155,223293,138
106,0,blank,0,160.11315,485.930675,223293,223429,136
106,0,blank,0,224.15175,498.386,223429,223565,136
106,0,blank,0,281.964033333333,473.3441,223565,223698,133
106,0,blank,0,330.430325,495.012075,223698,223838,140
106,23,++,154,295.57435,489.303925,223838,223977,139
106,0,blank,0,316.77045,478.864625,223977,224115,138
106,0,blank,0,354.5477,482.061633333333,224115,224219,104
106,23,++,154,311.79205,503.0826,224219,224331,112
106,23,array1,147,162.29,503.22185,224364,224503,139
106,24,;,158,120.186475,518.40295,224503,224642,139
106,0,blank,0,118.153975,512.4519,224642,224782,140
106,0,blank,0,116.75255,510.43595,224782,224927,145
106,24,++,157,114.26535,514.176375,224927,225071,144
106,0,blank,0,120.656225,510.101325,225071,225213,142
106,23,array1,147,142.024025,498.874975,225213,225350,137
106,23,[,148,131.470725,502.768425,225350,225490,140
106,23,num1,145,97.9717,505.2866,225490,225635,145
106,0,blank,0,101.1634,508.7996,225635,225706,71
106,27,==,170,227.4643,586.40765,225783,225921,138
106,0,blank,0,237.812866666667,617.361533333333,225921,226058,137
106,29,a,193,247.970975,632.5915,226058,226198,140
106,0,blank,0,225.426575,618.936525,226198,226336,138
106,0,blank,0,326.232875,646.31845,226375,226515,140
106,29,-,192,239.975933333333,623.323333333333,226548,226654,106
106,27,==,170,234.2005,591.39525,226724,226791,67
106,0,blank,0,130.85675,652.025,226824,226964,140
106,0,blank,0,125.290125,655.208375,226964,227101,137
106,30,;,199,120.5327,649.14965,227101,227243,142
106,29,num2,186,118.278975,635.603975,227243,227388,145
106,29,num2,186,122.967325,631.723825,227388,227530,142
106,29,array2,188,164.843825,623.499625,227530,227672,142
106,0,blank,0,174.2935,615.14845,227672,227812,140
106,0,blank,0,150.226675,605.792875,227812,227951,139
106,0,blank,0,141.765875,609.171975,227951,228091,140
106,0,blank,0,157.74975,596.748575,228091,228232,141
106,0,blank,0,221.6791,559.372825,228232,228370,138
106,0,blank,0,223.1018,561.1933,228370,228510,140
106,27,i,180,184.11995,576.19935,228510,228648,138
106,27,array2,178,169.465925,575.242275,228648,228788,140
106,0,blank,0,194.2502,560.729325,228788,228929,141
106,0,blank,0,187.43045,573.46375,228929,229069,140
106,27,array2,178,156.58325,586.657775,229069,229210,141
106,0,blank,0,143.554475,609.540025,229210,229351,141
106,0,blank,0,142.442025,608.453025,229351,229495,144
106,0,blank,0,124.45755,612.9376,229495,229638,143
106,0,blank,0,121.61525,603.510275,229638,229784,146
106,27,array2,178,138.708225,575.781275,229784,229929,145
106,0,blank,0,217.04385,572.2346,229929,230077,148
106,0,blank,0,185.779975,570.477825,230077,230222,145
106,0,blank,0,178.500425,563.06415,230222,230363,141
106,0,blank,0,180.861025,563.12745,230363,230505,142
106,0,blank,0,179.9079,561.37,230505,230643,138
106,0,blank,0,181.693225,606.247475,230643,230781,138
106,0,blank,0,216.7328,600.381425,230781,230921,140
106,29,;,196,305.806075,624.406425,230921,231061,140
106,0,blank,0,278.9481,611.61495,231061,231130,69
106,0,blank,0,134.940925,616.463,231164,231306,142
106,29,array2,188,133.867125,622.463925,231306,231451,145
106,0,blank,0,128.0732,619.70785,231451,231589,138
106,0,blank,0,249.135575,340.425275,231658,231801,143
106,0,blank,0,266.75725,360.861675,231801,231943,142
106,18,char,106,364.215333333333,391.392066666667,231943,232045,102
106,0,blank,0,270.311025,366.3697,232078,232217,139
106,18,array1,102,246.956675,396.253525,232217,232365,148
106,0,blank,0,213.046625,416.552725,232365,232500,135
106,0,blank,0,228.501433333333,408.1338,232500,232639,139
106,0,blank,0,154.21615,421.57725,232639,232780,141
106,0,blank,0,176.4349,407.98395,232780,232916,136
106,0,blank,0,180.00565,412.41725,232916,233053,137
106,0,blank,0,166.5973,420.620733333333,233053,233187,134
106,20,26,124,152.535625,423.336825,233187,233332,145
106,0,blank,0,163.2266,430.8582,233332,233472,140
106,0,blank,0,162.202366666667,433.609666666667,233472,233576,104
106,0,blank,0,192.164466666667,423.550066666667,233576,233712,136
106,21,0,142,258.274366666667,449.217733333333,233712,233856,144
106,20,num2,122,268.64645,434.4523,233856,233992,136
106,0,blank,0,354.7261,469.3031,233992,234027,35
106,0,blank,0,328.09365,430.57065,234092,234160,68
106,0,blank,0,284.8821,442.4221,234258,234299,41
106,20,26,124,149.951833333333,439.433766666667,235015,235157,142
106,21,array1,137,171.1102,455.3869,235157,235261,104
106,21,0,142,250.8757,448.73,235358,235405,47
106,0,blank,0,365.4951,444.447833333333,235458,235579,121
106,20,{,127,361.23,439.945475,235579,235716,137
106,0,blank,0,365.135675,448.4227,235716,235856,140
106,18,char,106,372.252825,393.712525,235856,235996,140
106,0,blank,0,329.06665,308.13665,235996,236136,140
106,0,blank,0,323.8458,302.390125,236136,236279,143
106,0,blank,0,285.453225,249.382275,236279,236419,140
106,0,blank,0,280.965,246.67,236419,236452,33
106,0,blank,0,290.9868,534.996125,236487,236629,142
106,23,a,152,275.935025,491.853225,236629,236771,142
106,21,0,142,255.7901,452.753575,236771,236917,146
106,21,0,142,279.319525,458.0518,236917,237065,148
106,21,),143,284.2967,461.7793,237065,237211,146
106,0,blank,0,-323,-105,237249,237384,135
106,0,blank,0,-323,-105,237384,237487,103
106,21,),143,287.949575,449.337625,237529,237665,136
106,21,0,142,279.606325,458.271975,237665,237813,148
106,20,num2,122,271.0665,423.3959,237813,237849,36
106,27,],181,196.563366666667,583.894766666667,237886,238000,114
106,0,blank,0,201.51705,604.44615,238000,238076,76
106,20,num2,122,281.966333333333,432.252933333333,238244,238372,128
106,0,blank,0,235.950075,439.265125,238372,238513,141
106,0,blank,0,241.96165,428.746525,238513,238653,140
106,0,blank,0,238.5067,430.1924,238653,238796,143
106,0,blank,0,240.2902,432.035375,238796,238943,147
106,21,!=,141,224.5472,445.4577,238943,239015,72
106,0,blank,0,366.2096,444.5473,239052,239161,109
106,0,blank,0,367.5361,444.3846,239161,239234,73
106,0,blank,0,394.7327,424.1564,239234,239359,125
106,0,blank,0,388.0078,412.9456,239359,239486,127
106,0,blank,0,380.55505,446.79815,239486,239608,122
106,0,blank,0,379.536133333333,449.6681,239608,239720,112
106,0,blank,0,351.3688,462.134475,239720,239868,148
106,0,blank,0,341.408775,461.232175,239868,240013,145
106,0,blank,0,346.265875,445.416025,240013,240160,147
106,0,blank,0,371.658025,445.7294,240160,240303,143
106,0,blank,0,412.3261,450.35815,240303,240448,145
106,0,blank,0,428.036325,448.316125,240448,240595,147
106,0,blank,0,435.45385,458.7064,240595,240742,147
106,0,blank,0,477.18925,443.1612,240742,240891,149
106,0,blank,0,462.428325,450.0372,240891,241037,146
106,0,blank,0,435.644733333333,459.379766666667,241037,241150,113
106,0,blank,0,475.3162,451.223333333333,241150,241263,113
106,0,blank,0,491.169425,451.4554,241263,241412,149
106,0,blank,0,478.302,452.0367,241412,241524,112
106,0,blank,0,393.876625,439.010275,241524,241673,149
106,0,blank,0,371.71465,452.6852,241673,241820,147
106,0,blank,0,435.136725,444.461825,241820,241967,147
106,0,blank,0,431.755033333333,442.2707,241967,242078,111
106,0,blank,0,345.000225,451.300275,242078,242227,149
106,0,blank,0,312.008975,458.116375,242227,242376,149
106,0,blank,0,329.125075,456.04715,242376,242521,145
106,0,blank,0,336.404025,445.84125,242521,242666,145
106,0,blank,0,360.341125,452.225325,242666,242811,145
106,0,blank,0,365.62475,453.82535,242811,242957,146
106,0,blank,0,358.0581,449.7137,242957,243103,146
106,0,blank,0,349.114325,452.70375,243103,243251,148
106,0,blank,0,415.99625,447.916475,243251,243398,147
106,0,blank,0,425.702,442.699875,243398,243543,145
106,0,blank,0,425.658375,449.54415,243543,243690,147
106,0,blank,0,438.016766666667,438.792366666667,243690,243803,113
106,0,blank,0,435.766825,444.290625,243803,243951,148
106,0,blank,0,442.159325,444.595975,243951,244099,148
106,0,blank,0,436.14235,450.239425,244099,244246,147
106,0,blank,0,445.7894,453.0389,244246,244283,37
106,23,++,154,307.042625,504.387575,244320,244468,148
106,0,blank,0,325.671166666667,478.215333333333,244468,244580,112
106,0,blank,0,341.274233333333,465.9094,244580,244692,112
106,0,blank,0,338.1572,463.282066666667,244692,244805,113
106,21,0,142,253.891666666667,448.946533333333,244805,244917,112
106,0,blank,0,243.724725,447.51375,244917,245066,149
106,0,blank,0,220.11415,466.01935,245066,245212,146
106,0,blank,0,223.155025,466.247225,245212,245358,146
106,0,blank,0,241.016025,562.306875,245358,245507,149
106,0,blank,0,242.424575,566.126875,245507,245655,148
106,0,blank,0,275.0739,549.1571,245655,245801,146
106,0,blank,0,302.010275,510.4117,245801,245947,146
106,0,blank,0,322.611525,515.0566,245947,246093,146
106,0,blank,0,338.227225,519.343975,246093,246238,145
106,0,blank,0,334.5593,532.88655,246238,246385,147
106,0,blank,0,339.12205,512.92545,246385,246532,147
106,0,blank,0,341.325466666667,512.681166666667,246532,246672,140
106,0,blank,0,285.737575,527.24285,246672,246821,149
106,0,blank,0,249.144675,532.4508,246821,246970,149
106,0,blank,0,257.35325,529.2506,246970,247118,148
106,0,blank,0,308.041233333333,525.950566666667,247118,247258,140
106,0,blank,0,354.057266666667,522.660966666667,247258,247406,148
106,0,blank,0,198.420175,556.3747,247470,247609,139
106,0,blank,0,197.4396,543.916166666667,247609,247721,112
106,0,blank,0,189.0193,543.928333333333,247721,247835,114
106,0,blank,0,187.15825,555.15495,247835,247983,148
106,0,blank,0,194.320433333333,528.407633333333,247983,248090,107
106,0,blank,0,182.986766666667,536.2527,248090,248224,134
106,0,blank,0,182.797475,551.402075,248224,248367,143
106,0,blank,0,186.21535,558.661325,248367,248507,140
106,27,[,179,181.306775,588.632175,248507,248651,144
106,0,blank,0,174.99935,594.019975,248651,248794,143
106,0,blank,0,202.589675,602.887075,248794,248938,144
106,0,blank,0,212.6644,617.4702,248938,249045,107
106,0,blank,0,259.8356,609.646333333333,249045,249181,136
106,0,blank,0,265.736175,607.774575,249181,249326,145
106,0,blank,0,320.2146,615.5387,249326,249464,138
106,0,blank,0,313.65125,644.51315,249464,249607,143
106,0,blank,0,307.38455,657.5025,249607,249679,72
106,0,blank,0,310.7189,647.1412,249751,249787,36
106,29,array2,188,171.2213,623.0814,249823,249967,144
106,29,array2,188,181.989225,622.519475,249967,250105,138
106,0,blank,0,213.920425,611.999175,250105,250249,144
106,27,[,179,178.511575,588.37905,250249,250391,142
106,0,blank,0,208.115625,518.9784,250391,250539,148
106,0,blank,0,221.4303,527.649275,250539,250687,148
106,0,blank,0,236.25235,529.339375,250687,250831,144
106,0,blank,0,253.41365,533.9924,250831,250975,144
106,0,blank,0,276.398975,538.822775,250975,251119,144
106,0,blank,0,298.81615,539.621225,251119,251262,143
106,0,blank,0,-323,-105,251298,251411,113
106,0,blank,0,-323,-105,251411,251474,63
106,23,array1,147,192.217833333333,500.636566666667,251652,251766,114
106,23,array1,147,185.361675,490.2076,251766,251909,143
106,0,blank,0,186.034125,524.4423,251909,252045,136
106,0,blank,0,185.686533333333,525.788,252045,252150,105
106,23,array1,147,178.8327,494.77775,252185,252325,140
106,23,array1,147,170.674,494.040933333333,252325,252431,106
106,0,blank,0,330.912025,522.96225,252466,252611,145
106,0,blank,0,340.36555,525.2894,252611,252753,142
106,0,blank,0,349.0367,524.856175,252753,252899,146
106,0,blank,0,306.369675,525.901175,252899,253045,146
106,0,blank,0,227.6803,531.139725,253045,253191,146
106,0,blank,0,239.000075,527.491025,253191,253340,149
106,0,blank,0,273.50385,529.66405,253340,253486,146
106,0,blank,0,285.062875,528.686425,253486,253632,146
106,0,blank,0,328.422875,521.66405,253632,253777,145
106,0,blank,0,333.4506,522.704225,253777,253922,145
106,0,blank,0,298.38095,534.398525,253922,254067,145
106,0,blank,0,283.7881,533.9959,254067,254212,145
106,0,blank,0,267.968575,528.95905,254212,254355,143
106,0,blank,0,266.31585,530.5932,254355,254499,144
106,0,blank,0,295.507325,517.183175,254499,254643,144
106,0,blank,0,310.707025,525.1387,254643,254786,143
106,0,blank,0,334.3938,521.856025,254786,254928,142
106,0,blank,0,257.157875,526.2206,254928,255072,144
106,0,blank,0,258.6764,526.996725,255072,255215,143
106,0,blank,0,236.705275,522.41455,255215,255360,145
106,0,blank,0,236.320025,526.090175,255360,255504,144
106,0,blank,0,218.391475,523.7539,255504,255647,143
106,0,blank,0,198.312933333333,526.8062,255647,255759,112
106,0,blank,0,203.62545,528.4682,255759,255835,76
106,0,blank,0,310.546825,528.605075,255870,256014,144
106,0,blank,0,330.2907,528.89855,256014,256158,144
106,0,blank,0,340.34475,522.621375,256158,256303,145
106,0,blank,0,342.61885,525.87245,256303,256449,146
106,0,blank,0,337.78985,519.729425,256449,256597,148
106,0,blank,0,341.559525,526.06895,256597,256744,147
106,0,blank,0,321.564675,529.35995,256744,256891,147
106,0,blank,0,315.1118,528.011825,256891,257038,147
106,0,blank,0,315.2039,522.81905,257038,257184,146
106,0,blank,0,340.9152,523.3903,257184,257332,148
106,0,blank,0,357.0919,524.7795,257332,257480,148
106,0,blank,0,323.822875,520.792825,257480,257628,148
106,0,blank,0,225.039933333333,529.341166666667,257628,257740,112
106,0,blank,0,201.8246,523.71885,257740,257889,149
106,0,blank,0,191.987866666667,531.204633333333,257889,258003,114
106,0,blank,0,224.4667,526.80475,258003,258151,148
106,0,blank,0,225.663525,522.6809,258151,258296,145
106,0,blank,0,208.903625,533.201225,258296,258443,147
106,0,blank,0,221.424025,521.587875,258443,258592,149
106,0,blank,0,272.4096,529.94825,258592,258739,147
106,0,blank,0,266.0977,524.9316,258739,258774,35
106,0,blank,0,-323,-105,258810,258929,119
106,0,blank,0,202.575466666667,525.504133333333,259115,259246,131
106,0,blank,0,200.3733,534.880266666667,259246,259365,119
106,0,blank,0,195.4894,530.2123,259365,259448,83
106,20,[,123,132.2338,435.8686,259613,259748,135
106,0,blank,0,346.357033333333,528.092466666667,259911,260049,138
106,0,blank,0,334.6542,541.8721,260049,260087,38
106,0,blank,0,212.60575,516.510075,260124,260273,149
106,0,blank,0,197.64865,528.2978,260273,260421,148
106,0,blank,0,196.832125,532.650125,260421,260570,149
106,0,blank,0,227.442425,528.499225,260570,260715,145
106,0,blank,0,225.6267,527.380225,260715,260862,147
106,0,blank,0,280.66495,529.95305,260862,261007,145
106,0,blank,0,307.1172,532.83545,261007,261151,144
106,0,blank,0,350.836125,521.625075,261151,261298,147
106,0,blank,0,195.189533333333,527.635866666667,261334,261447,113
106,0,blank,0,197.795125,533.023675,261447,261596,149
106,0,blank,0,198.93645,526.189225,261596,261744,148
106,0,blank,0,188.7551,531.7034,261744,261857,113
106,0,blank,0,175.893125,523.4475,261857,262006,149
106,0,blank,0,168.739666666667,515.912866666667,262006,262120,114
106,0,blank,0,189.190375,515.303675,262120,262266,146
106,0,blank,0,190.307333333333,529.6349,262266,262379,113
106,0,blank,0,193.484833333333,530.150533333333,262379,262492,113
106,0,blank,0,208.94495,524.071875,262492,262638,146
106,0,blank,0,216.35095,529.195025,262638,262786,148
106,0,blank,0,255.603825,528.2523,262786,262932,146
106,0,blank,0,328.23685,526.464875,262932,263081,149
106,0,blank,0,224.102925,528.578375,263081,263228,147
106,0,blank,0,211.563075,528.370125,263228,263375,147
106,0,blank,0,189.309425,526.351975,263375,263524,149
106,0,blank,0,184.1794,514.9334,263524,263563,39
106,0,blank,0,346.353966666667,525.169733333333,263601,263712,111
106,0,blank,0,351.039933333333,529.497366666667,263712,263823,111
106,0,blank,0,346.696833333333,532.8271,263823,263937,114
106,0,blank,0,320.0744,522.555266666667,263937,264051,114
106,0,blank,0,368.5628,525.562,264051,264197,146
106,0,blank,0,363.523925,527.909325,264197,264345,148
106,0,blank,0,367.591025,526.688475,264345,264490,145
106,0,blank,0,371.0417,512.3859,264490,264527,37
106,23,i,149,207.3406,490.94905,264564,264707,143
106,23,array1,147,177.272975,491.49405,264707,264849,142
106,0,blank,0,194.4319,485.762125,264849,264992,143
106,0,blank,0,228.273125,486.0523,264992,265134,142
106,0,blank,0,231.965475,476.642675,265134,265275,141
106,0,blank,0,249.0142,484.821125,265275,265420,145
106,0,blank,0,308.72255,482.6117,265420,265565,145
106,0,blank,0,261.931075,487.223725,265565,265707,142
106,0,blank,0,204.592225,511.79975,265707,265852,145
106,0,blank,0,238.11065,524.327875,265852,265996,144
106,0,blank,0,249.450275,529.653275,265996,266140,144
106,0,blank,0,205.4466,524.558875,266140,266286,146
106,0,blank,0,192.9284,530.890875,266286,266430,144
106,0,blank,0,189.248625,528.9833,266430,266573,143
106,0,blank,0,187.596675,532.679975,266573,266719,146
106,0,blank,0,208.884025,533.09825,266719,266864,145
106,0,blank,0,224.564225,536.395825,266864,267008,144
106,0,blank,0,282.8395,529.078325,267008,267150,142
106,0,blank,0,285.548975,531.9911,267150,267293,143
106,0,blank,0,289.771275,531.818175,267293,267436,143
106,0,blank,0,247.900025,533.54285,267436,267578,142
106,0,blank,0,217.041075,536.8489,267578,267719,141
106,0,blank,0,203.365725,526.082325,267719,267864,145
106,0,blank,0,204.605025,528.228275,267864,268009,145
106,0,blank,0,234.071625,531.159825,268009,268153,144
106,0,blank,0,230.577575,527.806825,268153,268296,143
106,0,blank,0,197.46135,529.353425,268296,268440,144
106,0,blank,0,214.887775,535.509975,268440,268586,146
106,0,blank,0,279.200975,523.188825,268586,268733,147
106,0,blank,0,324.7413,523.48425,268733,268881,148
106,0,blank,0,339.1431,536.587575,268881,269030,149
106,0,blank,0,352.954625,531.090275,269030,269177,147
106,0,blank,0,353.23985,530.024025,269177,269323,146
106,0,blank,0,354.1307,526.6306,269323,269471,148
106,0,blank,0,359.46655,525.633025,269471,269617,146
106,0,blank,0,367.16705,522.2975,269617,269760,143
106,0,blank,0,372.0081,523.2121,269760,269904,144
106,0,blank,0,366.010275,520.54075,269904,270050,146
106,0,blank,0,256.219325,520.3232,270050,270197,147
106,0,blank,0,250.90555,527.355125,270197,270345,148
106,0,blank,0,222.1904,529.9903,270345,270491,146
106,0,blank,0,213.956975,531.60525,270491,270639,148
106,0,blank,0,222.37955,526.524825,270639,270785,146
106,0,blank,0,261.782033333333,529.087,270785,270897,112
106,0,blank,0,265.3185,525.667933333333,270897,271010,113
106,0,blank,0,313.675925,531.1563,271010,271159,149
106,0,blank,0,335.6655,528.413625,271159,271307,148
106,0,blank,0,329.139325,511.24375,271307,271453,146
106,0,blank,0,333.548625,488.198225,271453,271601,148
106,0,blank,0,272.791075,517.961375,271601,271748,147
106,0,blank,0,254.246433333333,535.887733333333,271748,271860,112
106,0,blank,0,251.006166666667,536.3991,271860,271973,113
106,0,blank,0,251.473675,532.342075,271973,272122,149
106,0,blank,0,250.4473,526.6164,272122,272234,112
106,0,blank,0,305.07505,532.9292,272234,272382,148
106,0,blank,0,303.34005,527.8214,272382,272529,147
106,0,blank,0,250.408575,539.420425,272529,272678,149
106,0,blank,0,236.952833333333,543.726566666667,272678,272792,114
106,0,blank,0,338.40045,474.205675,272830,272977,147
106,0,blank,0,354.580633333333,461.600566666667,272977,273090,113
106,0,blank,0,367.483366666667,464.8373,273090,273202,112
106,0,blank,0,364.5221,464.4251,273202,273315,113
106,0,blank,0,364.3667,455.822,273315,273388,73
106,0,blank,0,273.299,523.137175,273425,273570,145
106,0,blank,0,257.511225,532.1667,273570,273713,143
106,0,blank,0,241.90105,538.7013,273713,273860,147
106,0,blank,0,264.3692,531.3078,273860,274007,147
106,0,blank,0,268.9704,523.51335,274007,274155,148
106,0,blank,0,293.20115,521.458375,274155,274303,148
106,0,blank,0,315.100425,520.904075,274303,274447,144
106,0,blank,0,262.560925,531.17385,274447,274590,143
106,0,blank,0,228.680825,533.9742,274590,274737,147
106,0,blank,0,226.985166666667,532.007933333333,274737,274850,113
106,0,blank,0,279.943925,530.942825,274850,274998,148
106,0,blank,0,315.1596,523.88595,274998,275146,148
106,0,blank,0,326.330325,529.418625,275146,275292,146
106,0,blank,0,285.56675,534.895325,275292,275439,147
106,0,blank,0,226.874766666667,538.073766666667,275439,275551,112
106,0,blank,0,224.86255,537.4137,275551,275699,148
106,0,blank,0,186.1033,533.724025,275699,275846,147
106,0,blank,0,188.379466666667,533.443066666667,275846,275959,113
106,0,blank,0,231.418625,541.9107,275959,276107,148
106,0,blank,0,242.796075,535.1629,276107,276253,146
106,0,blank,0,273.65165,527.15565,276253,276402,149
106,0,blank,0,272.1335,528.2312,276402,276551,149
106,0,blank,0,276.8276,527.4057,276551,276663,112
106,0,blank,0,270.143433333333,525.251233333333,276663,276776,113
106,0,blank,0,239.5339,534.352825,276776,276924,148
106,0,blank,0,235.03515,535.060525,276924,277069,145
106,0,blank,0,202.452675,533.37435,277069,277218,149
106,0,blank,0,204.96065,529.9426,277218,277366,148
106,0,blank,0,228.81435,528.274275,277366,277515,149
106,0,blank,0,247.54185,526.203975,277515,277663,148
106,0,blank,0,266.025533333333,528.1422,277663,277776,113
106,0,blank,0,260.3829,532.466,277776,277890,114
106,0,blank,0,295.356833333333,524.526333333333,277890,278004,114
106,0,blank,0,309.2269,530.337275,278004,278149,145
106,0,blank,0,315.430275,531.6161,278149,278294,145
106,0,blank,0,310.495175,530.416375,278294,278438,144
106,0,blank,0,260.947475,533.0334,278438,278583,145
106,0,blank,0,267.259475,528.452525,278583,278726,143
106,0,blank,0,252.8457,535.041175,278726,278870,144
106,0,blank,0,259.078175,534.528075,278870,279015,145
106,0,blank,0,278.76595,535.326925,279015,279159,144
106,0,blank,0,284.0297,535.508325,279159,279303,144
106,0,blank,0,334.903475,523.053675,279303,279446,143
106,0,blank,0,262.28145,524.694775,279446,279591,145
106,0,blank,0,240.543925,528.947575,279591,279740,149
106,0,blank,0,262.4693,528.59115,279740,279889,149
106,0,blank,0,285.6635,517.8472,279889,279984,95
106,0,blank,0,287.9963,516.7596,279984,280107,123
106,0,blank,0,331.5306,531.7791,280107,280253,146
106,0,blank,0,329.95745,524.745,280253,280377,124
106,23,++,154,312.982675,495.7754,280377,280522,145
106,0,blank,0,296.0298,465.713325,280522,280669,147
106,0,blank,0,293.639525,473.668625,280669,280813,144
106,23,a,152,265.34505,499.37495,280813,280957,144
106,23,a,152,269.5427,502.099525,280957,281101,144
106,0,blank,0,275.28695,531.609675,281101,281249,148
106,0,blank,0,271.91655,522.058625,281249,281394,145
106,0,blank,0,298.873775,517.946725,281394,281541,147
106,0,blank,0,304.234975,528.78085,281541,281686,145
106,0,blank,0,312.2947,519.713066666667,281686,281797,111
106,0,blank,0,-323,-105,281869,281960,91
106,0,blank,0,261.3014,538.1489,282066,282217,151
106,0,blank,0,246.120775,533.1347,282306,282443,137
106,0,blank,0,216.779525,529.022425,282443,282588,145
106,0,blank,0,269.906125,526.666875,282588,282728,140
106,0,blank,0,269.928925,536.112075,282728,282873,145
106,0,blank,0,268.942525,534.33765,282873,283017,144
106,0,blank,0,-323,-105,283052,283201,149
106,0,blank,0,167.1514,563.4371,283328,283389,61
106,0,blank,0,174.742225,562.649825,283476,283614,138
106,0,blank,0,174.89275,556.307025,283614,283755,141
106,0,blank,0,181.66975,553.852875,283755,283896,141
106,0,blank,0,180.930875,554.457475,283896,284036,140
106,27,array2,178,163.552475,587.16055,284036,284179,143
106,0,blank,0,167.295575,597.819625,284179,284320,141
106,0,blank,0,190.217375,614.43295,284320,284459,139
106,0,blank,0,204.54705,608.415875,284459,284599,140
106,0,blank,0,226.79355,616.740025,284599,284741,142
106,0,blank,0,255.17715,610.054925,284741,284884,143
106,0,blank,0,291.971225,612.834175,284884,285029,145
106,29,a,193,268.745933333333,628.147333333333,285029,285144,115
106,29,a,193,246.016625,639.923325,285144,285289,145
106,0,blank,0,222.0513,646.174875,285289,285436,147
106,0,blank,0,231.08075,650.916175,285436,285580,144
106,0,blank,0,261.604,656.914125,285580,285725,145
106,0,blank,0,312.089025,648.30485,285725,285870,145
106,0,blank,0,330.712633333333,647.0571,285870,285979,109
106,0,blank,0,187.763125,664.547575,286016,286163,147
106,0,blank,0,185.09345,659.051875,286163,286307,144
106,0,blank,0,183.973575,660.34665,286307,286449,142
106,0,blank,0,186.4998,654.1279,286449,286595,146
106,0,blank,0,178.18135,672.637625,286595,286740,145
106,0,blank,0,171.8016,677.03375,286740,286887,147
106,32,i,211,173.1187,694.68495,286887,287034,147
106,0,blank,0,162.222475,707.530575,287034,287183,149
106,0,blank,0,149.6603,721.032166666667,287183,287296,113
106,0,blank,0,153.6403,719.7307,287296,287411,115
106,0,blank,0,189.873325,714.120025,287411,287560,149
106,0,blank,0,184.170875,717.10005,287560,287708,148
106,0,blank,0,200.966,723.706625,287708,287853,145
106,0,blank,0,204.4134,717.383075,287853,288000,147
106,0,blank,0,223.09365,726.950025,288000,288148,148
106,0,blank,0,232.243066666667,709.0903,288148,288263,115
106,0,blank,0,250.810733333333,707.590066666667,288263,288375,112
106,0,blank,0,257.1954,721.9762,288375,288489,114
106,0,blank,0,234.435933333333,717.6408,288489,288603,114
106,0,blank,0,230.335866666667,723.0484,288603,288719,116
106,0,blank,0,234.769333333333,725.884733333333,288719,288841,122
106,0,blank,0,252.315466666667,720.223466666667,288841,288971,130
106,32,),213,279.5863,695.775666666667,288971,289099,128
106,0,blank,0,291.307666666667,717.466366666667,289099,289228,129
106,0,blank,0,290.342166666667,731.098833333333,289228,289348,120
106,0,blank,0,294.93275,717.602675,289348,289489,141
106,0,blank,0,297.9045,727.8201,289489,289524,35
106,0,blank,0,-323,-105,289673,289781,108
106,0,blank,0,-323,-105,289781,289894,113
106,0,blank,0,-323,-105,289894,290034,140
106,0,blank,0,-323,-105,290034,290076,42
106,0,blank,0,-323,-105,290076,290197,121
106,0,blank,0,-323,-105,290197,290333,136
106,0,blank,0,-323,-105,290333,290476,143
106,0,blank,0,-323,-105,290476,290600,124
106,0,blank,0,-323,-105,290600,290730,130
106,0,blank,0,-323,-105,290730,290850,120
106,0,blank,0,-323,-105,290850,290924,74
106,0,blank,0,242.04265,705.6288,291498,291606,108
106,0,blank,0,249.2021,707.1284,291606,291664,58
106,0,blank,0,226.7357,683.2646,291664,291779,115
106,32,26,209,222.7206,687.0896,291779,291888,109
107,0,blank,0,226.7168,589.46175,292047,292176,129
107,0,blank,0,232.07605,562.97775,292176,292290,114
107,0,blank,0,228.054366666667,553.611033333333,292290,292439,149
107,0,blank,0,202.5349,601.22685,292439,292583,144
107,0,blank,0,150.9036,620.441925,292583,292728,145
107,34,num1,217,153.0353,610.8171,292728,292768,40
107,0,blank,0,-323,-105,292804,292885,81
107,0,blank,0,-323,-105,292885,292977,92
107,34,num1,217,140.80315,611.4244,293028,293163,135
107,0,blank,0,103.07505,630.41705,293163,293256,93
107,0,blank,0,121.7207,623.7983,293256,293365,109
107,34,num1,217,130.9284,611.03695,293365,293469,104
107,34,[,223,165.366,615.259233333333,293469,293616,147
107,0,blank,0,254.1202,624.311666666667,293668,293814,146
107,0,blank,0,243.7746,623.1489,293814,293921,107
107,0,blank,0,265.7971,623.67445,293921,294024,103
107,0,blank,0,251.55055,628.46275,294024,294128,104
107,34,num2,222,246.877233333333,602.8965,294128,294262,134
107,32,),213,280.90425,567.77525,294262,294400,138
107,34,[,223,281.502866666667,607.207033333333,294400,294545,145
107,0,blank,0,-323,-105,294580,294713,133
107,0,blank,0,-323,-105,294713,294820,107
107,0,blank,0,321.6635,787.5637,294918,294954,36
107,0,blank,0,344.604475,674.30725,295005,295144,139
107,0,blank,0,310.919475,573.371425,295144,295285,141
107,34,num2,222,269.181033333333,608.8096,295285,295401,116
107,0,blank,0,274.879275,603.4704,295401,295543,142
107,34,num2,222,267.7396,610.14835,295543,295685,142
107,0,blank,0,220.94465,397.546425,295720,295864,144
107,0,blank,0,222.517775,379.58835,295864,296008,144
107,0,blank,0,239.35455,346.462575,296008,296148,140
107,21,0,142,252.614625,332.106875,296148,296292,144
107,23,a,152,259.282233333333,365.347766666667,296292,296396,104
107,23,num1,145,118.5313,374.6972,296431,296573,142
107,23,num1,145,108.038925,376.65655,296573,296714,141
107,0,blank,0,110.5468,432.2817,296714,296749,35
107,0,blank,0,-323,-105,296786,296874,88
107,0,blank,0,226.5782,586.2798,296940,296998,58
107,0,blank,0,235.614975,597.523775,297083,297217,134
107,34,],225,190.34195,600.93645,297217,297362,145
107,0,blank,0,181.282125,597.03025,297362,297507,145
107,0,blank,0,232.7646,596.985275,297507,297648,141
107,34,num2,222,235.306075,605.801975,297648,297790,142
107,34,i,224,174.476925,605.099825,297790,297934,144
107,34,i,224,176.57435,607.967,297934,298076,142
107,34,!=,221,207.210675,608.437925,298076,298216,140
107,34,],225,189.57615,611.863575,298216,298355,139
107,34,i,224,178.65565,614.941525,298355,298495,140
107,34,i,224,175.389375,611.415675,298495,298634,139
107,0,blank,0,173.009875,612.878275,298634,298772,138
107,34,],225,184.395025,606.426775,298772,298910,138
107,34,i,224,182.723125,608.25675,298910,299050,140
107,0,blank,0,199.87045,603.3683,299050,299188,138
107,34,num2,222,251.702475,604.021975,299188,299329,141
107,0,blank,0,264.978325,589.46475,299329,299472,143
107,34,num2,222,265.464525,603.213725,299472,299612,140
107,34,num2,222,266.84605,606.3163,299612,299753,141
107,34,num2,222,261.54655,605.8903,299753,299895,142
107,35,return,227,175.137525,626.58585,299895,300039,144
107,0,blank,0,174.290575,622.4701,300039,300183,144
107,34,num1,217,156.1379,616.329425,300183,300332,149
107,34,num1,217,145.3019,607.0432,300332,300421,89
107,32,=,204,121.2063,575.1582,300421,300537,116
107,0,blank,0,118.2156,577.0927,300537,300669,132
107,0,blank,0,124.8253,580.53255,300669,300818,149
107,34,num1,217,148.45865,611.61065,300818,300965,147
107,34,i,224,175.975125,615.701275,300965,301106,141
107,0,blank,0,198.543325,613.157075,301106,301247,141
107,34,[,223,169.41715,615.555525,301247,301391,144
107,34,num1,217,144.560475,611.900775,301391,301535,144
107,0,blank,0,123.0101,587.7821,301535,301679,144
107,0,blank,0,151.25635,577.22675,301679,301820,141
107,32,i,211,168.16945,575.1226,301820,301959,139
107,32,<,208,192.3637,571.180675,301959,302098,139
107,0,blank,0,177.810125,574.946875,302098,302240,142
107,0,blank,0,176.937325,569.79925,302240,302378,138
107,32,0,205,134.38425,574.5256,302378,302517,139
107,0,blank,0,124.204725,571.522025,302517,302658,141
107,0,blank,0,125.1339,570.3577,302658,302694,36
107,0,blank,0,-323,-105,302764,302848,84
107,32,;,210,231.845,560.987,302907,302983,76
107,32,26,209,215.993775,563.6715,303074,303204,130
107,32,26,209,214.111275,565.9883,303204,303347,143
107,0,blank,0,240.0638,567.681675,303347,303492,145
107,0,blank,0,239.19745,565.9789,303492,303634,142
107,0,blank,0,237.878725,570.1023,303634,303777,143
107,32,26,209,222.9573,569.41195,303777,303922,145
107,32,26,209,221.886525,569.759925,303922,304065,143
107,0,blank,0,238.296275,566.323475,304065,304209,144
107,0,blank,0,214.021875,586.9615,304209,304353,144
107,35,return,227,160.9449,625.587225,304353,304498,145
107,0,blank,0,158.7714,621.124875,304498,304639,141
107,34,[,223,165.693725,615.930675,304639,304784,145
107,0,blank,0,176.151525,591.1231,304784,304928,144
107,0,blank,0,221.055625,487.06635,304928,305071,143
107,0,blank,0,210.74295,443.789675,305071,305213,142
107,0,blank,0,208.76955,410.690575,305213,305354,141
107,23,-,151,234.745525,375.442425,305354,305492,138
107,0,blank,0,221.735425,381.466475,305492,305627,135
107,0,blank,0,204.8717,584.7393,305661,305805,144
107,0,blank,0,203.234075,584.29915,305805,305945,140
107,0,blank,0,196.44065,588.681275,305945,306084,139
107,0,blank,0,188.22055,596.693575,306084,306222,138
107,0,blank,0,197.224975,575.6968,306222,306365,143
107,0,blank,0,201.9694,572.4443,306365,306510,145
107,32,26,209,211.719225,567.07535,306510,306652,142
107,0,blank,0,221.11555,525.9737,306652,306795,143
107,29,],194,218.932625,493.13445,306795,306933,138
107,29,array2,188,182.233425,503.452125,306933,307076,143
107,29,array2,188,177.44415,508.696675,307076,307216,140
107,0,blank,0,231.5521,501.769525,307216,307357,141
107,0,blank,0,243.5515,501.754125,307357,307494,137
107,29,a,193,246.471025,504.353125,307494,307630,136
107,29,array2,188,172.627075,507.414425,307630,307766,136
107,30,++,198,96.553425,528.617175,307766,307907,141
107,30,++,198,96.631525,530.6944,307907,308048,141
107,30,++,198,99.714775,528.270025,308048,308190,142
107,0,blank,0,158.813225,510.475575,308190,308330,140
107,29,],194,214.011875,507.768,308330,308469,139
107,29,a,193,253.3383,505.734675,308469,308603,134
107,29,a,193,252.8867,502.998875,308603,308738,135
107,0,blank,0,243.914233333333,507.7207,308738,308842,104
107,29,array2,188,133.248125,501.012925,308878,309017,139
107,29,array2,188,141.548175,503.03865,309017,309159,142
107,29,array2,188,171.463125,502.80195,309159,309302,143
107,29,-,192,240.6551,499.244025,309302,309446,144
107,29,-,192,238.6666,499.037933333333,309446,309546,100
107,29,num2,186,122.94625,498.16585,309581,309723,142
107,29,num2,186,118.879625,502.898325,309723,309864,141
107,30,++,198,104.16225,523.0744,309864,310012,148
107,0,blank,0,188.59425,484.905425,310012,310156,144
107,0,blank,0,201.730775,487.434925,310156,310299,143
107,29,[,189,195.077825,504.9792,310299,310439,140
107,29,[,189,195.6814,504.932725,310439,310577,138
107,0,blank,0,196.59535,484.92635,310577,310645,68
107,0,blank,0,-323,-105,310680,310769,89
107,0,blank,0,269.7062,711.6775,310795,310821,26
107,29,array2,188,143.790325,508.396625,310890,311019,129
107,0,blank,0,124.1935,507.6548,311019,311163,144
107,29,[,189,125.14395,509.611725,311163,311306,143
107,29,[,189,132.33405,503.678575,311306,311448,142
107,29,array2,188,150.7366,509.46395,311448,311587,139
107,29,[,189,200.831575,499.87245,311587,311726,139
107,29,-,192,234.696575,506.288375,311726,311863,137
107,29,-,192,242.9904,509.2981,311863,312004,141
107,29,a,193,265.602775,505.8717,312004,312141,137
107,29,a,193,269.006825,503.346075,312141,312285,144
107,29,num2,186,122.74515,506.344175,312321,312464,143
107,29,num2,186,123.944075,506.8488,312464,312609,145
107,29,array2,188,141.424725,505.30405,312609,312753,144
107,0,blank,0,161.038975,512.35005,312753,312900,147
107,0,blank,0,232.6214,512.6078,312900,313044,144
107,29,-,192,240.9351,506.6507,313044,313185,141
107,29,a,193,254.294925,501.81335,313185,313330,145
107,29,array2,188,135.11555,501.202325,313367,313513,146
107,29,array2,188,133.90005,496.68865,313513,313659,146
107,29,array2,188,176.417,500.1791,313659,313806,147
107,29,i,190,205.386925,501.16525,313806,313953,147
107,0,blank,0,231.648425,498.72475,313953,314097,144
107,29,i,190,206.60255,502.484325,314097,314239,142
107,29,array2,188,189.037325,501.47315,314239,314387,148
107,29,array2,188,159.4522,503.93695,314387,314535,148
107,29,array2,188,170.0096,502.2887,314535,314648,113
107,29,array2,188,185.699875,503.011575,314648,314794,146
107,29,array2,188,186.5577,504.3419,314794,314939,145
107,29,array2,188,186.473925,504.784125,314939,315082,143
107,29,array2,188,186.29325,503.76285,315082,315221,139
107,0,blank,0,173.650825,604.49475,315257,315406,149
107,34,[,223,167.285625,604.890125,315406,315549,143
107,0,blank,0,179.6199,541.743225,315549,315694,145
107,0,blank,0,190.9516,518.79115,315694,315836,142
107,29,array2,188,177.566425,506.334325,315836,315976,140
107,29,array2,188,181.919025,504.24845,315976,316117,141
107,0,blank,0,203.637125,501.503875,316117,316254,137
107,29,i,190,206.477225,497.592175,316254,316395,141
107,0,blank,0,233.3676,501.587275,316395,316536,141
107,0,blank,0,223.08845,502.27265,316536,316677,141
107,29,i,190,204.90145,503.72275,316677,316819,142
107,0,blank,0,226.020725,503.452725,316819,316963,144
107,29,-,192,241.3598,504.203375,316963,317102,139
107,29,a,193,261.99,501.80015,317102,317244,142
107,29,a,193,265.036025,500.855525,317244,317388,144
107,29,a,193,248.2357,499.908925,317388,317534,146
107,29,a,193,250.41175,506.611925,317534,317680,146
107,29,a,193,267.06145,499.093525,317680,317825,145
107,29,a,193,268.067,502.9366,317825,317859,34
107,29,array2,188,135.471433333333,498.846133333333,317895,318000,105
107,0,blank,0,-323,-105,318070,318182,112
107,0,blank,0,160.7087,521.4962,318272,318373,101
107,0,blank,0,177.2371,517.753425,318468,318600,132
107,29,i,190,207.000525,505.991175,318600,318741,141
107,29,i,190,205.6113,507.2622,318741,318880,139
107,0,blank,0,167.123925,554.244925,318880,319019,139
107,32,i,211,166.123,558.7961,319019,319153,134
107,32,;,210,148.693875,572.569875,319153,319290,137
107,0,blank,0,146.7124,595.5434,319290,319430,140
107,34,num1,217,153.4417,611.24875,319430,319574,144
107,0,blank,0,173.431975,613.934125,319574,319714,140
107,34,i,224,175.034875,614.462025,319714,319855,141
107,34,i,224,175.5286,615.256125,319855,319993,138
107,34,num1,217,159.449925,613.36975,319993,320132,139
107,34,num1,217,151.64525,616.39025,320132,320272,140
107,34,i,224,177.18935,616.5302,320272,320409,137
107,34,!=,221,222.1705,614.3432,320409,320551,142
107,0,blank,0,203.994675,614.227175,320551,320692,141
107,0,blank,0,229.34355,612.6924,320692,320793,101
107,34,num2,222,251.7606,609.9391,320793,320922,129
107,34,num2,222,269.2661,615.732,320922,321054,132
107,34,num2,222,270.3186,614.20425,321054,321187,133
107,35,return,227,175.31705,632.431625,321187,321333,146
107,35,return,227,172.932375,633.00965,321333,321478,145
107,35,return,227,172.17675,627.252425,321478,321625,147
107,35,return,227,172.5903,628.661,321625,321771,146
107,35,return,227,173.241,628.34335,321771,321917,146
107,35,return,227,178.509425,627.4449,321917,322063,146
107,35,return,227,180.18705,624.3121,322063,322205,142
107,34,i,224,180.19705,619.31315,322205,322352,147
107,0,blank,0,172.244075,621.667475,322352,322497,145
107,35,return,227,170.105925,623.46375,322497,322643,146
107,35,return,227,165.532,626.533325,322643,322788,145
107,35,return,227,146.553975,633.6853,322788,322930,142
107,0,blank,0,107.77085,664.535425,322930,323073,143
107,37,return,231,99.4538,671.55365,323073,323211,138
107,0,blank,0,108.9925,655.916725,323211,323350,139
107,35,return,227,125.574525,627.9886,323350,323488,138
107,34,num1,217,133.899725,608.0632,323488,323626,138
107,0,blank,0,160.02025,579.644125,323626,323760,134
107,32,26,209,215.196725,561.59865,323760,323897,137
107,0,blank,0,252.288225,581.29945,323897,324035,138
107,34,num2,222,255.7746,618.11615,324035,324172,137
107,0,blank,0,252.8105,622.576,324172,324273,101
107,0,blank,0,245.20625,421.795275,324306,324444,138
107,20,26,124,296.44235,309.43845,324444,324583,139
107,0,blank,0,291.494725,281.546325,324583,324721,138
107,20,[,123,285.6967,296.71425,324721,324861,140
107,20,num2,122,278.37515,302.436075,324861,325001,140
107,20,num2,122,283.50755,303.972325,325001,325140,139
107,20,comma,130,228.091125,301.07305,325140,325279,139
107,20,{,127,196.55155,296.62415,325279,325416,137
107,20,{,127,202.7257,311.0358,325416,325552,136
107,0,blank,0,-323,-105,325586,325674,88
107,20,num2,122,245.3856,303.4539,325703,325744,41
107,0,blank,0,244.448625,314.44495,325831,325969,138
107,0,blank,0,240.501875,313.269975,325969,326116,147
107,18,array2,107,410.0486,267.172325,326150,326285,135
107,0,blank,0,412.0434,280.848725,326285,326419,134
107,0,blank,0,404.116175,279.03455,326419,326554,135
107,20,=,132,425.623025,296.669825,326554,326688,134
107,20,i,131,411.390866666667,306.4866,326688,326790,102
108,20,},129,380.17435,310.214825,326855,326993,138
108,20,comma,130,384.867675,298.887675,326993,327138,145
108,20,},129,380.600133333333,295.948166666667,327138,327254,116
108,0,blank,0,352.716425,304.315525,327254,327394,140
108,0,blank,0,322.643825,305.218325,327394,327535,141
108,20,26,124,301.08095,305.77685,327535,327607,72
108,20,comma,130,391.81485,299.460125,327643,327790,147
108,20,},129,376.0537,301.33645,327790,327935,145
108,20,{,127,357.5996,294.89285,327935,328076,141
108,0,blank,0,343.04685,288.82265,328076,328224,148
108,0,blank,0,328.541775,296.3978,328224,328365,141
108,20,26,124,303.4649,292.0863,328365,328505,140
108,0,blank,0,329.967875,304.394875,328505,328645,140
108,0,blank,0,336.887025,289.6827,328645,328789,144
108,20,=,132,343.6447,303.237175,328789,328928,139
108,20,num2,122,282.062875,300.739925,328928,329065,137
108,0,blank,0,287.0933,289.635025,329065,329204,139
108,20,num2,122,267.33905,309.4128,329204,329346,142
108,20,num2,122,280.5425,296.179925,329346,329491,145
108,0,blank,0,350.974325,304.6927,329491,329636,145
108,20,{,127,362.4943,302.695975,329636,329783,147
108,20,0,133,372.833425,303.637825,329783,329928,145
108,0,blank,0,419.335125,305.1489,329928,330072,144
108,20,=,132,433.51805,307.1708,330072,330214,142
108,20,=,132,430.039625,309.310775,330214,330355,141
108,20,=,132,428.70445,304.271575,330355,330494,139
108,0,blank,0,473.76775,304.133325,330494,330631,137
108,20,;,134,461.632866666667,306.2948,330631,330734,103
108,18,[,108,450.327525,259.84265,330767,330904,137
108,18,[,108,451.06395,264.16765,330904,331045,141
108,0,blank,0,448.9066,272.15175,331045,331182,137
108,18,[,108,446.874875,263.668775,331182,331320,138
108,18,[,108,449.993725,263.503925,331320,331464,144
108,0,blank,0,429.008425,269.463225,331464,331599,135
108,0,blank,0,462.567475,266.0391,331599,331738,139
108,0,blank,0,521.979625,206.344075,331738,331882,144
108,0,blank,0,529.71035,217.4264,331882,332028,146
108,0,blank,0,558.183533333333,275.044166666667,332028,332132,104
108,0,blank,0,263.351375,420.83105,332198,332337,139
108,0,blank,0,223.7858,383.82725,332337,332480,143
108,0,blank,0,226.24875,389.386775,332480,332618,138
108,23,array1,147,187.978975,375.200175,332618,332756,138
108,23,array1,147,187.232075,377.11395,332756,332891,135
108,23,array1,147,187.8328,377.6631,332891,332925,34
108,0,blank,0,249.8794,-103.9673,332993,333065,72
108,0,blank,0,258.816975,744.16075,333091,333226,135
108,0,blank,0,287.76485,733.2504,333226,333293,67
108,0,blank,0,283.0997,783.7947,333395,333422,27
108,0,blank,0,257.970933333333,-103.954666666667,333458,333555,97
108,0,blank,0,238.9639,-103.9757,333555,333674,119
108,0,blank,0,197.1451,-103.9379,333674,333785,111
108,0,blank,0,117.3126,-103.921,333785,333833,48
108,0,blank,0,622.481466666667,-103.915766666667,333943,334092,149
108,0,blank,0,686.171,-103.9099,334193,334294,101
108,0,blank,0,633.8503,-103.92415,334294,334400,106
108,0,blank,0,634.2881,-103.9185,334400,334512,112
108,0,blank,0,619.2192,-103.9306,334512,334625,113
108,0,blank,0,635.42285,-103.9039,334625,334772,147
108,0,blank,0,635.746333333333,-103.909566666667,334772,334892,120
108,0,blank,0,637.28955,-103.919275,334892,335037,145
108,0,blank,0,-323,-105,335107,335223,116
108,0,blank,0,-323,-105,335223,335277,54
108,0,blank,0,-323,-105,335277,335377,100
108,0,blank,0,-323,-105,335377,335519,142
108,0,blank,0,-323,-105,335519,335651,132
108,0,blank,0,-323,-105,335651,335792,141
108,0,blank,0,-323,-105,335792,335854,62
108,0,blank,0,-323,-105,335854,335985,131
108,0,blank,0,-323,-105,335985,336057,72
108,0,blank,0,-323,-105,336057,336150,93
108,0,blank,0,-323,-105,336150,336274,124
108,0,blank,0,-323,-105,336274,336421,147
108,0,blank,0,-323,-105,336421,336538,117
108,0,blank,0,-323,-105,336538,336643,105
108,0,blank,0,-323,-105,336643,336785,142
108,0,blank,0,-323,-105,336785,336908,123
108,0,blank,0,-323,-105,336908,337027,119
108,0,blank,0,-323,-105,337027,337145,118
108,0,blank,0,-323,-105,337145,337266,121
108,0,blank,0,-323,-105,337266,337376,110
108,0,blank,0,-323,-105,337376,337524,148
108,0,blank,0,-323,-105,337524,337761,237
108,0,blank,0,-323,-105,337761,337915,154
108,0,blank,0,-323,-105,337915,338055,140
108,0,blank,0,-323,-105,338055,338169,114
108,0,blank,0,-323,-105,338169,338267,98
108,0,blank,0,-323,-105,338267,338412,145
108,0,blank,0,-323,-105,338412,338606,194
108,0,blank,0,-323,-105,338606,338785,179
108,0,blank,0,-323,-105,338785,338982,197
108,0,blank,0,-323,-105,338982,339103,121
108,0,blank,0,-323,-105,339103,339194,91
108,0,blank,0,-323,-105,339194,339384,190
108,0,blank,0,-323,-105,339384,339532,148
108,0,blank,0,-323,-105,339532,339675,143
108,0,blank,0,-323,-105,339675,339783,108
108,0,blank,0,-323,-105,339783,339956,173
108,0,blank,0,-323,-105,339956,340166,210
108,0,blank,0,-323,-105,340166,340371,205
108,0,blank,0,-323,-105,340371,340486,115
108,0,blank,0,-323,-105,340486,340635,149
108,0,blank,0,-323,-105,340635,340780,145
108,0,blank,0,-323,-105,340780,340905,125
108,0,blank,0,-323,-105,340905,341046,141
108,0,blank,0,-323,-105,341046,341139,93
108,0,blank,0,-323,-105,341139,341559,420
108,0,blank,0,-323,-105,341559,341701,142
108,0,blank,0,-323,-105,341701,341815,114
108,0,blank,0,-323,-105,341815,341931,116
108,0,blank,0,-323,-105,341931,342029,98
108,0,blank,0,-323,-105,342029,342150,121
108,0,blank,0,-323,-105,342150,342183,33
108,0,blank,0,-323,-105,342183,342372,189
108,0,blank,0,-323,-105,342372,342488,116
108,0,blank,0,-323,-105,342488,342612,124
108,0,blank,0,-323,-105,342612,342750,138
108,0,blank,0,-323,-105,342750,342908,158
108,0,blank,0,-323,-105,342908,342962,54
108,0,blank,0,-323,-105,342962,343114,152
108,0,blank,0,-323,-105,343114,343174,60
108,0,blank,0,-323,-105,343174,343304,130
108,0,blank,0,-323,-105,343304,343497,193
108,0,blank,0,-323,-105,343497,343621,124
108,0,blank,0,-323,-105,343621,343751,130
108,0,blank,0,-323,-105,343751,343944,193
108,0,blank,0,-323,-105,343944,344281,337
108,0,blank,0,-323,-105,344281,344471,190
108,0,blank,0,-323,-105,344471,345004,533
108,0,blank,0,-323,-105,345004,345215,211
108,0,blank,0,-323,-105,345215,345848,633
108,0,blank,0,-323,-105,345848,345905,57
108,0,blank,0,-323,-105,345905,346204,299
108,0,blank,0,-323,-105,346204,346325,121
108,0,blank,0,-323,-105,346325,346474,149
108,0,blank,0,-323,-105,346474,346610,136
108,0,blank,0,-323,-105,346610,346723,113
108,0,blank,0,-323,-105,346723,346864,141
108,0,blank,0,-323,-105,346864,346966,102
108,0,blank,0,-323,-105,346966,347086,120
108,0,blank,0,-323,-105,347086,347207,121
108,0,blank,0,-323,-105,347207,347303,96
108,0,blank,0,-323,-105,347303,347449,146
108,0,blank,0,-323,-105,347449,347569,120
108,0,blank,0,-323,-105,347569,347712,143
108,0,blank,0,-323,-105,347712,347831,119
108,0,blank,0,-323,-105,347831,347973,142
108,0,blank,0,-323,-105,347973,348086,113
108,0,blank,0,-323,-105,348086,348213,127
108,0,blank,0,-323,-105,348213,348360,147
108,0,blank,0,-323,-105,348360,348486,126
108,0,blank,0,-323,-105,348486,348606,120
108,0,blank,0,-323,-105,348606,348707,101
109,0,blank,0,365.363675,316.865525,348905,349045,140
109,0,blank,0,438.7834,299.3903,349045,349204,159
109,21,!=,141,216.32725,328.240675,349284,349419,135
109,21,!=,141,218.84,317.50685,349419,349562,143
109,21,!=,141,228.3208,319.786075,349562,349705,143
109,0,blank,0,251.546525,312.944325,349705,349848,143
109,21,!=,141,233.98355,320.462,349848,349991,143
109,20,comma,130,224.632175,307.197175,349991,350134,143
109,0,blank,0,242.35235,310.461875,350134,350276,142
109,20,num2,122,273.700275,307.084675,350276,350418,142
109,20,[,123,292.887525,302.50935,350418,350561,143
109,20,26,124,299.948625,305.99625,350561,350705,144
109,20,=,132,333.34135,311.085975,350705,350849,144
109,20,=,132,342.999375,304.29835,350849,350994,145
109,0,blank,0,367.450675,291.559575,350994,351138,144
109,20,0,133,371.18445,299.742275,351138,351281,143
109,20,{,127,358.87565,311.010425,351281,351425,144
109,0,blank,0,349.84485,311.612425,351425,351568,143
109,0,blank,0,344.729025,314.033225,351568,351710,142
109,0,blank,0,333.930975,323.296275,351710,351854,144
109,0,blank,0,330.577675,328.146575,351854,352002,148
109,0,blank,0,325.4216,360.2953,352002,352038,36
109,0,blank,0,-323,-105,352073,352134,61
109,0,blank,0,334.2829,343.0877,352184,352248,64
109,21,0,142,268.772875,323.0938,352328,352472,144
109,0,blank,0,244.718,313.647,352472,352585,113
109,0,blank,0,245.377875,321.81215,352585,352734,149
109,20,=,132,343.63845,306.394125,352772,352916,144
109,20,=,132,343.39815,297.3555,352916,353061,145
109,20,=,132,343.19985,296.31705,353061,353206,145
109,20,0,133,366.321175,300.501175,353206,353352,146
109,20,},129,378.9795,293.768775,353352,353496,144
109,20,},129,378.4911,297.0305,353496,353641,145
109,18,array2,107,398.7493,266.97935,353641,353788,147
109,0,blank,0,390.185625,288.5876,353788,353933,145
109,0,blank,0,404.9294,285.542025,353933,354079,146
109,20,=,132,431.32415,293.845825,354079,354225,146
109,0,blank,0,437.18335,301.21375,354225,354372,147
109,0,blank,0,446.3223,278.9359,354372,354407,35
109,0,blank,0,-323,-105,354478,354544,66
109,21,!=,141,218.3971,321.0062,354613,354684,71
109,20,comma,130,229.949225,303.126925,354759,354894,135
109,20,num2,122,267.45915,304.696,354894,355035,141
109,20,num2,122,264.31135,301.6441,355035,355177,142
109,0,blank,0,260.786575,334.165375,355177,355319,142
109,0,blank,0,258.5125,344.356025,355319,355462,143
109,0,blank,0,331.4528,345.55005,355462,355607,145
109,0,blank,0,324.176775,356.7897,355607,355754,147
109,0,blank,0,275.205,378.70125,355754,355899,145
109,0,blank,0,272.65565,379.288625,355899,356044,145
109,23,a,152,273.32615,372.19335,356044,356188,144
109,0,blank,0,243.057225,378.24345,356188,356334,146
109,0,blank,0,237.25815,383.734375,356334,356479,145
109,0,blank,0,333.74705,361.96655,356479,356627,148
109,0,blank,0,336.77565,358.308075,356627,356776,149
109,0,blank,0,334.6245,364.0734,356776,356925,149
109,23,a,152,277.8179,368.32,356925,357039,114
109,23,a,152,275.2191,376.737966666667,357039,357151,112
109,0,blank,0,244.7123,318.453675,357151,357300,149
109,20,num2,122,264.017066666667,309.004233333333,357300,357413,113
109,20,num2,122,277.60995,309.75895,357413,357562,149
109,20,num2,122,283.291675,303.835725,357562,357709,147
109,20,[,123,292.2023,306.4171,357709,357858,149
109,20,26,124,296.880366666667,306.717533333333,357858,357971,113
109,20,[,123,290.21715,307.5137,357971,358118,147
109,0,blank,0,244.137166666667,387.654966666667,358118,358230,112
109,23,-,151,241.118,373.6651,358230,358379,149
109,0,blank,0,247.4634,378.874175,358379,358527,148
109,23,a,152,262.843375,375.3189,358527,358675,148
109,23,],153,287.40975,373.367725,358675,358821,146
109,0,blank,0,340.9342,361.8254,358821,358969,148
109,0,blank,0,343.6066,366.78395,358969,359117,148
109,0,blank,0,330.79835,376.180125,359117,359266,149
109,27,],181,200.1784,448.755233333333,359304,359417,113
109,0,blank,0,187.640525,390.317925,359417,359564,147
109,0,blank,0,185.23975,398.202175,359564,359711,147
109,0,blank,0,178.7938,393.6486,359711,359859,148
109,0,blank,0,176.8545,409.85595,359859,360007,148
109,23,array1,147,185.091266666667,360.911866666667,360007,360120,113
109,0,blank,0,243.027225,239.4024,360120,360269,149
109,0,blank,0,269.0221,160.0934,360269,360415,146
109,13,"%sand%sareanagrams.\n",77,268.5512,152.494833333333,360415,360529,114
109,13,"%sand%sareanagrams.\n",77,299.384133333333,147.3804,360529,360643,114
109,0,blank,0,321.10135,125.2938,360643,360791,148
109,0,blank,0,400.342566666667,116.115066666667,360791,360906,115
109,13,"%sand%sareanagrams.\n",77,412.0642,152.54605,360906,361055,149
109,13,array2,81,562.492275,152.48445,361091,361239,148
109,13,array2,81,580.6535,149.035425,361239,361383,144
109,13,;,83,597.0289,148.324333333333,361383,361508,125
109,0,blank,0,187.621766666667,120.343333333333,361849,361989,140
109,0,blank,0,208.270733333333,119.9479,361989,362103,114
109,0,blank,0,220.050233333333,115.908433333333,362103,362216,113
109,0,blank,0,190.7013,466.9757,362253,362370,117
109,27,],181,200.6313,457.75985,362370,362518,148
109,0,blank,0,195.7053,397.9987,362518,362632,114
109,0,blank,0,188.829875,336.06235,362632,362781,149
109,0,blank,0,194.4856,337.7297,362781,362926,145
109,0,blank,0,232.14245,340.109375,362926,363073,147
109,0,blank,0,244.7283,393.1309,363073,363108,35
110,0,blank,0,189.1291,402.98735,363180,363323,143
110,0,blank,0,171.7282,413.80415,363323,363468,145
110,0,blank,0,169.98185,390.206725,363468,363615,147
110,0,blank,0,162.30915,338.486325,363615,363760,145
110,0,blank,0,160.788725,390.699825,363760,363907,147
110,0,blank,0,148.477425,473.931875,363907,364054,147
110,27,array2,178,147.796875,452.210275,364054,364198,144
110,27,array2,178,148.1351,461.208825,364198,364344,146
110,0,blank,0,186.1571,622.673466666667,364380,364494,114
110,35,0,228,196.5868,638.711833333333,364494,364608,114
110,0,blank,0,202.5723,700.6432,364608,364722,114
110,0,blank,0,197.07075,662.5041,364722,364869,147
110,0,blank,0,192.86275,645.269825,364869,365015,146
110,0,blank,0,181.7107,620.21105,365015,365163,148
110,34,num1,217,158.53905,604.70015,365163,365310,147
110,34,num1,217,152.766325,599.98125,365310,365453,143
110,0,blank,0,174.146875,592.140275,365453,365599,146
110,0,blank,0,201.626266666667,584.6674,365599,365707,108
110,0,blank,0,176.970225,485.288975,365744,365890,146
110,0,blank,0,191.3218,482.6017,365890,365926,36
110,37,;,233,126.774675,678.909175,365963,366109,146
110,0,blank,0,138.079566666667,686.351166666667,366109,366223,114
110,0,blank,0,180.41475,431.599425,366261,366410,149
110,27,[,179,181.787875,446.42035,366410,366556,146
110,0,blank,0,189.8515,470.992033333333,366556,366664,108
110,0,blank,0,311.378475,125.639775,366701,366849,148
110,11,array1,64,301.362233333333,112.659633333333,366849,366960,111
110,0,blank,0,267.6639,127.978166666667,366960,367073,113
110,0,blank,0,238.315966666667,135.403833333333,367073,367187,114
110,11,find_anagram,62,197.282725,112.55875,367187,367336,149
110,0,blank,0,192.3225,85.588,367336,367452,116
110,13,"%sand%sareanagrams.\n",77,202.392275,140.05575,367452,367600,148
110,13,"%sand%sareanagrams.\n",77,166.4113,138.6304,367600,367747,147
110,13,"%sand%sareanagrams.\n",77,157.023425,151.476525,367747,367892,145
110,12,1,73,172.022275,121.8739,367892,368038,146
110,0,blank,0,224.163825,129.37485,368038,368183,145
110,13,"%sand%sareanagrams.\n",77,260.77405,149.800025,368183,368328,145
110,13,"%sand%sareanagrams.\n",77,285.2477,142.762275,368328,368475,147
110,0,blank,0,263.851175,158.681475,368475,368622,147
110,0,blank,0,226.076475,164.783375,368622,368768,146
110,0,blank,0,208.549225,134.024525,368768,368915,147
110,0,blank,0,214.96965,136.7951,368915,368987,72
110,0,blank,0,375.203875,125.61895,369023,369167,144
110,0,blank,0,370.588025,117.569675,369167,369312,145
110,0,blank,0,359.4662,114.2463,369312,369460,148
110,0,blank,0,358.84815,132.88105,369460,369533,73
110,0,blank,0,251.3307,647.206766666667,369608,369726,118
110,0,blank,0,208.229566666667,688.920033333333,369726,369840,114
110,0,blank,0,180.131466666667,696.7846,369840,369955,115
110,0,blank,0,174.525766666667,703.631366666667,369955,370074,119
110,0,blank,0,167.161325,705.81345,370074,370221,147
110,0,blank,0,163.640133333333,704.896666666667,370221,370333,112
110,0,blank,0,190.000466666667,677.307033333333,370333,370446,113
110,0,blank,0,199.965233333333,652.6335,370446,370560,114
110,0,blank,0,206.1446,652.666833333333,370560,370674,114
110,0,blank,0,189.308075,641.21665,370674,370819,145
110,0,blank,0,168.176025,641.1261,370819,370963,144
110,0,blank,0,135.370933333333,590.8716,370963,371091,128
110,0,blank,0,135.238175,583.729025,371091,371227,136
110,0,blank,0,131.99465,589.69455,371227,371294,67
110,0,blank,0,142.61475,474.29355,371329,371467,138
110,0,blank,0,139.11,474.4614,371467,371537,70
110,0,blank,0,203.900975,654.02875,371573,371721,148
110,0,blank,0,248.555166666667,627.5198,371721,371836,115
110,0,blank,0,249.5083,621.3194,371836,371948,112
110,0,blank,0,238.632233333333,597.203733333333,371948,372067,119
110,32,26,209,220.941066666667,570.138233333333,372067,372186,119
110,0,blank,0,-323,-105,372228,372354,126
110,0,blank,0,-323,-105,372354,372446,92
110,0,blank,0,-323,-105,372446,372511,65
110,0,blank,0,-323,-105,372511,372617,106
110,0,blank,0,-323,-105,372617,372749,132
110,0,blank,0,-323,-105,372749,372789,40
110,0,blank,0,200.774025,587.502625,373112,373256,144
110,0,blank,0,189.947733333333,588.340566666667,373256,373383,127
110,34,i,224,174.445333333333,608.8001,373383,373503,120
110,0,blank,0,164.841866666667,594.871833333333,373503,373618,115
110,0,blank,0,163.7296,581.185333333333,373618,373735,117
110,0,blank,0,163.902666666667,592.1416,373735,373854,119
110,0,blank,0,201.772533333333,602.283633333333,373854,373971,117
110,0,blank,0,224.830866666667,605.354833333333,373971,374087,116
110,34,num2,222,245.708333333333,619.580566666667,374087,374205,118
110,34,num2,222,260.358933333333,617.176633333333,374205,374322,117
110,0,blank,0,282.7909,628.974966666667,374322,374438,116
110,0,blank,0,300.687533333333,625.4724,374438,374551,113
110,0,blank,0,268.237866666667,626.879466666667,374551,374668,117
110,34,num2,222,255.705733333333,618.719366666667,374668,374783,115
110,0,blank,0,281.043466666667,625.944233333333,374783,374898,115
110,0,blank,0,288.5823,621.904633333333,374898,375012,114
110,0,blank,0,310.344133333333,629.669433333333,375012,375126,114
110,0,blank,0,314.64665,619.4454,375126,375203,77
110,0,blank,0,162.653633333333,666.197833333333,375240,375354,114
110,0,blank,0,160.590933333333,677.289166666667,375354,375468,114
110,0,blank,0,168.442566666667,652.699966666667,375468,375584,116
110,0,blank,0,-323,-105,375621,375716,95
110,0,blank,0,123.21415,554.74795,375878,376021,143
110,0,blank,0,130.730833333333,564.447766666667,376021,376134,113
110,0,blank,0,131.745175,546.749525,376134,376283,149
110,29,array2,188,143.900366666667,503.609666666667,376283,376397,114
110,0,blank,0,145.124,475.64175,376397,376546,149
110,27,],181,196.766,459.1469,376546,376660,114
110,0,blank,0,213.769125,467.873475,376660,376808,148
110,29,i,190,209.0317,503.694033333333,376808,376921,113
110,0,blank,0,209.008025,514.7757,376921,377069,148
110,29,[,189,201.248333333333,504.776866666667,377069,377180,111
110,34,num2,222,236.191966666667,616.830233333333,377216,377329,113
110,0,blank,0,243.2863,588.379433333333,377329,377445,116
110,34,num2,222,251.495466666667,604.190733333333,377445,377561,116
110,0,blank,0,274.808133333333,606.4885,377561,377676,115
110,0,blank,0,301.010833333333,630.840366666667,377676,377791,115
110,34,),226,308.428333333333,611.8583,377791,377903,112
110,0,blank,0,251.425075,621.608625,377903,378052,149
110,34,num2,222,252.17125,619.1961,378052,378200,148
110,34,num2,222,246.3691,616.199833333333,378200,378317,117
110,0,blank,0,233.187833333333,637.820466666667,378317,378430,113
110,34,num2,222,242.574066666667,603.101666666667,378430,378542,112
110,34,num2,222,240.282566666667,610.213366666667,378542,378654,112
110,34,!=,221,215.25835,614.595325,378654,378802,148
110,0,blank,0,218.1943,589.7311,378802,378916,114
110,0,blank,0,238.7405,621.0245,378916,379029,113
110,34,num2,222,234.649233333333,603.0474,379029,379142,113
110,0,blank,0,178.920566666667,588.7486,379142,379284,142
110,0,blank,0,180.519633333333,575.304133333333,379284,379398,114
110,32,<,208,191.29745,570.063875,379398,379547,149
110,32,26,209,204.6615,572.804,379547,379658,111
110,0,blank,0,182.242233333333,573.6837,379658,379773,115
110,34,[,223,166.357066666667,600.0685,379773,379886,113
110,0,blank,0,185.0631,581.04155,379886,379962,76
110,0,blank,0,-323,-105,380000,380146,146
110,0,blank,0,-323,-105,380146,380172,26
110,0,blank,0,243.789666666667,633.639066666667,380220,380346,126
110,34,num2,222,236.681666666667,610.305133333333,380346,380457,111
110,0,blank,0,242.1218,631.370066666667,380457,380572,115
110,34,i,224,286.414675,612.978175,380572,380719,147
110,0,blank,0,328.730725,618.89905,380719,380865,146
110,0,blank,0,324.812825,611.499775,380865,381011,146
110,0,blank,0,229.432533333333,645.9182,381011,381127,116
110,0,blank,0,217.08255,649.7461,381127,381264,137
110,0,blank,0,217.83925,639.4894,381264,381398,134
110,0,blank,0,185.542675,628.158025,381398,381547,149
110,35,return,227,174.067566666667,638.541533333333,381547,381687,140
110,35,return,227,165.3824,635.10985,381687,381833,146
110,0,blank,0,191.93965,671.3246,381833,381939,106
110,0,blank,0,204.8029,653.607,381939,382070,131
110,0,blank,0,209.1707,677.3909,382070,382200,130
110,15,"%sand%sarenotanagrams.\n",87,235.821933333333,200.682833333333,382394,382514,120
110,0,blank,0,212.173166666667,214.9855,382514,382630,116
110,0,blank,0,194.1265,225.7468,382630,382668,38
110,0,blank,0,183.4947,133.5137,382705,382818,113
110,12,),74,174.351275,132.31085,382818,382966,148
110,13,"%sand%sareanagrams.\n",77,177.07915,145.512125,382966,383115,149
110,13,"%sand%sareanagrams.\n",77,180.879533333333,145.6773,383115,383228,113
110,12,==,72,135.391775,127.315825,383228,383375,147
110,12,==,72,137.18755,116.3399,383375,383522,147
110,0,blank,0,188.887233333333,118.104766666667,383522,383634,112
110,11,find_anagram,62,187.451,111.705966666667,383634,383747,113
110,11,find_anagram,62,174.4778,104.555733333333,383747,383860,113
110,0,blank,0,176.944666666667,86.6612,383860,383976,116
110,0,blank,0,185.983133333333,123.995333333333,383976,384092,116
110,0,blank,0,-323,-105,384129,384247,118
110,0,blank,0,250.1429,678.2886,384334,384429,95
110,0,blank,0,219.378825,675.21725,384518,384661,143
110,0,blank,0,178.879125,678.5694,384661,384809,148
110,0,blank,0,159.956475,701.393825,384809,384954,145
110,0,blank,0,95.70275,711.012425,384954,385098,144
110,0,blank,0,101.82125,717.352325,385098,385241,143
110,0,blank,0,86.941625,713.6175,385241,385383,142
110,0,blank,0,82.5605333333334,696.267533333333,385383,385493,110
110,0,blank,0,150.236266666667,438.355,385531,385652,121
110,27,array2,178,157.515866666667,457.918866666667,385652,385774,122
110,27,array2,178,163.58835,452.59925,385774,385921,147
110,0,blank,0,170.588575,469.64345,385921,386070,149
110,0,blank,0,219.98115,468.923225,386070,386214,144
110,27,0,183,269.8012,449.202175,386214,386350,136
110,0,blank,0,323.76165,438.233,386350,386483,133
110,0,blank,0,344.679325,398.789825,386483,386613,130
110,0,blank,0,314.4695,406.650225,386613,386749,136
110,0,blank,0,286.584825,388.236225,386749,386885,136
110,23,a,152,266.428,361.882875,386885,387029,144
110,21,0,142,254.635475,333.84395,387029,387174,145
110,21,),143,285.7656,315.90785,387174,387319,145
110,0,blank,0,295.598775,323.5193,387319,387456,137
110,21,),143,291.638966666667,328.394966666667,387456,387561,105
110,34,num2,222,263.1672,608.32805,387596,387736,140
110,0,blank,0,274.40995,611.6959,387736,387878,142
110,0,blank,0,259.65325,620.25085,387878,388021,143
110,0,blank,0,-323,-105,388171,388305,134
110,0,blank,0,-323,-105,388305,388366,61
110,0,blank,0,-323,-105,388366,388583,217
110,0,blank,0,-323,-105,388583,388757,174
110,0,blank,0,-323,-105,388757,388830,73
110,0,blank,0,-323,-105,388830,388929,99
110,0,blank,0,-323,-105,388929,389028,99
110,0,blank,0,-323,-105,389028,389209,181
110,0,blank,0,-323,-105,389209,389596,387
110,0,blank,0,-323,-105,389596,389632,36
110,0,blank,0,-323,-105,389632,389888,256
111,0,blank,0,-323,-105,390142,390172,30
112,0,blank,0,-323,-105,390247,390388,141
112,0,blank,0,-323,-105,390388,390527,139
112,0,blank,0,-323,-105,390527,390578,51
113,0,blank,0,-323,-105,390685,390833,148
114,0,blank,0,0,0,0,0,0
115,0,blank,0,280.6204,470.5314,391238,391285,47
116,0,blank,0,0,0,0,0,0
117,0,blank,0,-323,-105,391655,391788,133
117,0,blank,0,-323,-105,391788,391834,46
117,0,blank,0,294.2362,512.79265,391949,392035,86
117,13,"%sand%sareanagrams.\n",77,362.1612,137.3033,392486,392528,42
117,0,blank,0,486.409275,51.63985,392557,392692,135
117,0,blank,0,488.728,46.4063,392692,392724,32
117,0,blank,0,629.7076,-103.9733,392790,392824,34
117,0,blank,0,628.8857,787.2094,392920,392952,32
117,0,blank,0,651.0147,-103.9994,392985,393016,31
117,0,blank,0,637.7065,779.3413,393048,393173,125
117,0,blank,0,630.8179,773.11105,393173,393227,54
117,0,blank,0,-323,-105,393727,393837,110
117,0,blank,0,-323,-105,393837,393889,52
117,0,blank,0,784.685,-103.3755,393914,393940,26
117,23,[,148,201.2481,358.1756,394145,394197,52
117,0,blank,0,205.1117,331.3788,394299,394445,146
117,0,blank,0,212.321066666667,351.0717,394445,394585,140
117,0,blank,0,282.3858,331.3729,394585,394631,46
117,0,blank,0,-323,-105,394793,394911,118
117,0,blank,0,-323,-105,394911,395004,93
117,0,blank,0,-323,-105,395004,395273,269
117,0,blank,0,-323,-105,395273,395432,159
117,0,blank,0,-323,-105,395432,395571,139
117,0,blank,0,-323,-105,395571,395718,147
117,0,blank,0,-323,-105,395718,395860,142
117,0,blank,0,-323,-105,395860,395890,30
117,0,blank,0,-323,-105,395890,396027,137
117,0,blank,0,-323,-105,396027,396165,138
117,0,blank,0,-323,-105,396165,396317,152
117,0,blank,0,-323,-105,396317,396505,188
117,0,blank,0,-323,-105,396505,396665,160
117,0,blank,0,-323,-105,396665,396791,126
117,0,blank,0,-323,-105,396791,397182,391
117,0,blank,0,-323,-105,397182,397293,111
117,0,blank,0,323.40585,401.02335,397328,397454,126
117,0,blank,0,341.00825,368.22535,397454,397590,136
118,0,blank,0,354.026775,326.009025,397656,397789,133
118,0,blank,0,341.5431,322.428566666667,397789,397889,100
118,20,26,124,309.6559,304.0345,397889,398231,342
118,0,blank,0,315.8762,276.918375,398231,398363,132
118,20,26,124,312.177075,298.731525,398363,398498,135
118,0,blank,0,293.6087,330.8918,398498,398600,102
119,0,blank,0,294.15605,331.4327,398667,398735,68
119,21,),143,290.90675,326.7745,398735,398804,69
119,21,),143,285.42405,329.7453,398804,398874,70
119,0,blank,0,292.2469,325.0191,398874,398942,68
119,0,blank,0,292.466,324.5589,398942,399010,68
119,21,),143,291.5169,313.55225,399010,399080,70
119,0,blank,0,292.61405,320.69815,399080,399149,69
119,0,blank,0,298.4976,327.4959,399149,399217,68
119,0,blank,0,298.14495,319.1442,399217,399284,67
119,0,blank,0,298.5678,319.34725,399284,399354,70
119,20,[,123,290.62195,310.6585,399354,399425,71
119,0,blank,0,297.7776,322.5795,399425,399460,35
