Frameno_fix,lineno_fix,Tokenname_fix,tokens_id,gaze_X_fix,gaze_Y_fix,timestamp_fix_start,timestamp_fix_end,time_duration
100,0,blank,0,7.6867,-58.313875,3039,3168,129
100,0,blank,0,2.665525,-64.035025,3199,3328,129
100,0,blank,0,320.991533333333,45.7740666666667,3426,3524,98
100,0,blank,0,460.09405,-29.3771666666667,3588,3783,195
100,0,blank,0,462.2781,-35.3567,3783,3816,33
100,0,blank,0,444.92334,-36.94084,3849,4008,159
100,0,blank,0,485.448633333333,-28.6614833333333,4042,4235,193
100,0,blank,0,489.3282,-28.8675,4235,4268,33
100,0,blank,0,470.2725,-19.0653,4301,4470,169
100,0,blank,0,466.9774,-13.55055,4470,4537,67
100,0,blank,0,364.0217,-12.5879,4570,4767,197
100,0,blank,0,367.156,-6.6849,4767,4799,32
100,0,blank,0,82.222425,-3.1215,4865,5003,138
100,0,blank,0,31.4715,-11.611,5070,5103,33
100,1,C,3,31.4601,8.8001,5137,5170,33
100,1,whether,7,242.100875,17.379075,5273,5406,133
100,0,blank,0,1001.25125,63.113175,5603,5743,140
100,0,blank,0,1003.32375,324.79815,5813,5950,137
100,0,blank,0,986.837,526.6589,6018,6051,33
100,0,blank,0,979.735,539.0398,6086,6156,70
100,0,blank,0,1002.0385,573.34155,6190,6259,69
100,0,blank,0,990.95,584.2709,6294,6328,34
100,0,blank,0,375.76475,62.1012,6435,6507,72
100,0,blank,0,388.544166666667,63.4887666666667,6578,6688,110
100,0,blank,0,381.464866666667,58.7772333333333,6725,6836,111
100,0,blank,0,-350,-105,6906,7052,146
100,0,blank,0,-350,-105,7052,7122,70
100,2,.,18,155.7577,39.76865,7160,7217,57
100,2,stdio,17,122.19226,27.18064,7250,7422,172
100,2,stdio,17,124.442,26.62804,7422,7595,173
100,2,stdio,17,121.06295,26.5491,7595,7664,69
100,2,stdio,17,110.3637,26.8929,7699,7875,176
100,0,blank,0,109.6131,25.42814,7875,8055,180
100,1,Program,4,107.63225,20.7664,8134,8202,68
100,1,Check,6,166.967733333333,21.9090333333333,8240,8346,106
100,1,Program,4,104.24624,14.65286,8484,8651,167
100,1,Program,4,104.12178,10.39258,8651,8818,167
100,1,Program,4,113.64405,14.25085,8818,8889,71
100,1,Check,6,179.83602,10.99934,8923,9099,176
100,1,Check,6,174.96374,11.9115,9099,9271,172
100,0,blank,0,208.18165,18.3934,9306,9376,70
100,0,blank,0,204.7563,15.795,9411,9445,34
100,0,blank,0,135.08115,25.041025,9515,9651,136
100,1,Check,6,178.20134,12.09156,9684,9854,170
100,1,Program,4,99.4259,11.0023,9888,10063,175
100,1,Program,4,94.1765,13.2225,10063,10137,74
100,2,stdio,17,109.92895,34.93535,10173,10313,140
100,2,include,15,82.76814,26.2783,10348,10524,176
100,2,include,15,83.77084,31.1225,10524,10697,173
100,2,include,15,83.7208,27.3234,10697,10734,37
100,0,blank,0,120.1133,52.7891,10769,10803,34
100,0,blank,0,119.42115,47.6916,10836,10904,68
100,0,blank,0,111.8287,81.4369,10937,10972,35
100,0,blank,0,121.78778,85.78878,11004,11175,171
100,0,blank,0,122.44768,84.31494,11175,11345,170
100,0,blank,0,124.91766,87.17452,11345,11514,169
100,0,blank,0,123.20875,85.52145,11514,11581,67
100,0,blank,0,100.007875,78.20925,11615,11751,136
100,0,blank,0,123.96694,84.56696,11786,11959,173
100,0,blank,0,177.40204,86.2862,11994,12167,173
100,0,blank,0,183.62014,85.31212,12167,12337,170
100,0,blank,0,195.5208,85.6507,12337,12370,33
100,0,blank,0,195.0317,78.0659,12438,12473,35
100,0,blank,0,199.709,81.2749,12507,12541,34
100,0,blank,0,164.38638,91.49952,12575,12747,172
100,0,blank,0,176.73635,88.46735,12780,12847,67
100,0,blank,0,177.760766666667,84.9137666666667,12882,12987,105
100,0,blank,0,131.07504,81.7624,13022,13192,170
100,0,blank,0,259.65545,88.912425,13227,13367,140
100,0,blank,0,291.406,85.19485,13435,13503,68
100,5,100,34,296.7503,96.7379,13668,13703,35
100,5,],35,328.28615,96.79335,13737,13808,71
100,0,blank,0,328.095075,91.113425,13841,13980,139
100,0,blank,0,304.7737,85.7504,14013,14047,34
100,5,100,34,317.6392,96.1859,14081,14115,34
100,0,blank,0,142.1281,115.14146,14182,14349,167
100,5,array1,27,144.997566666667,109.7148,14349,14448,99
100,5,array1,27,122.051716666667,104.936766666667,14480,14675,195
100,5,array1,27,126.0667,106.13005,14675,14741,66
100,0,blank,0,191.959666666667,91.1410333333333,14808,14909,101
100,5,array1,27,136.54654,106.67808,14975,15142,167
100,0,blank,0,118.56242,112.7048,15142,15309,167
100,6,;,39,124.29675,114.63945,15309,15375,66
100,5,array1,27,148.383283333333,110.246,15409,15607,198
100,0,blank,0,146.0509,119.7471,15607,15640,33
100,6,;,39,124.20392,130.62004,15773,15940,167
100,6,flag,38,117.3331,115.96,15973,16008,35
100,6,;,39,126.5842,122.6581,16141,16173,32
100,7,"Enterthestring\n",42,141.4261,135.22664,16240,16408,168
100,7,"Enterthestring\n",42,145.84118,135.02922,16408,16576,168
100,7,"Enterthestring\n",42,153.6422,140.439,16576,16609,33
100,0,blank,0,156.78322,128.48656,16676,16844,168
100,0,blank,0,153.10952,126.12222,16844,17011,167
100,0,blank,0,153.20258,126.31032,17011,17176,165
100,6,;,39,127.976975,133.84905,17242,17374,132
100,6,;,39,127.56696,131.61794,17407,17573,166
100,0,blank,0,136.21035,133.737875,17573,17709,136
100,6,;,39,129.1307,123.6598,17742,17775,33
100,0,blank,0,133.3634,134.1179,17843,17876,33
100,6,flag,38,103.5353,123.687,17910,17943,33
100,0,blank,0,108.63028,112.3618,17976,18145,169
100,5,array1,27,111.1945,102.942333333333,18145,18247,102
100,5,array1,27,112.38846,105.76666,18283,18451,168
100,5,array1,27,107.2802,104.3727,18451,18520,69
100,6,;,39,124.88984,115.05532,18623,18790,167
100,7,"Enterthestring\n",42,134.263433333333,138.5926,18856,19055,199
100,0,blank,0,134.07265,132.7595,19055,19121,66
100,7,"Enterthestring\n",42,114.892216666667,139.442033333333,19155,19353,198
100,7,"Enterthestring\n",42,121.8771,136.3644,19353,19420,67
100,7,"Enterthestring\n",42,114.0954,141.4131,19453,19521,68
100,7,"Enterthestring\n",42,120.641125,138.316525,19587,19718,131
100,0,blank,0,110.7619,134.6303,19785,19819,34
100,0,blank,0,113.54554,134.2753,19886,20054,168
100,7,"Enterthestring\n",42,118.0213,135.8179,20054,20087,33
100,0,blank,0,153.655666666667,128.3265,20121,20222,101
100,0,blank,0,158.066433333333,131.4657,20257,20358,101
100,0,blank,0,203.18098,129.03728,20394,20561,167
100,0,blank,0,156.76564,132.45346,20594,20763,169
100,0,blank,0,132.44186,133.51954,20796,20966,170
100,0,blank,0,136.3757,133.8671,20966,20998,32
100,0,blank,0,205.4042,126.7328,21097,21165,68
100,7,"Enterthestring\n",42,207.034,139.851066666667,21199,21316,117
100,0,blank,0,287.6142,131.8947,21631,21769,138
100,7,"Enterthestring\n",42,290.5481,137.1165,21800,21933,133
100,7,"Enterthestring\n",42,295.59435,151.0701,21965,22031,66
100,7,"Enterthestring\n",42,163.3656,148.87695,22128,22193,65
100,7,"Enterthestring\n",42,174.0972,155.08,22256,22289,33
100,0,blank,0,162.053,164.8432,22321,22352,31
100,8,array1,47,137.970233333333,159.4165,22417,22513,96
100,8,array1,47,151.0715,169.2837,22545,22577,32
100,7,"Enterthestring\n",42,210.0766,138.0155,22640,22673,33
100,7,"Enterthestring\n",42,195.677,139.757466666667,22705,22803,98
100,0,blank,0,274.96495,131.891533333333,22867,23061,194
100,7,"Enterthestring\n",42,282.4543,141.6856,23061,23092,31
100,7,"Enterthestring\n",42,165.714883333333,147.290216666667,23157,23354,197
100,7,(,41,109.706,150.3973,23419,23451,32
100,8,array1,47,124.099933333333,162.100083333333,23484,23679,195
100,8,array1,47,114.9919,167.5714,23712,23744,32
100,0,blank,0,104.0001,155.821,23776,23808,32
100,8,array1,47,116.422266666667,164.249166666667,23840,23939,99
100,8,;,49,165.91044,158.82454,23973,24135,162
100,8,;,49,164.30215,160.90215,24169,24233,64
100,8,;,49,166.70555,170.48215,24297,24362,65
100,8,array1,47,132.146416666667,161.496616666667,24491,24684,193
100,8,array1,47,140.4479,157.3083,24716,24749,33
100,7,"Enterthestring\n",42,124.896466666667,148.6355,24780,24877,97
100,7,"Enterthestring\n",42,133.6953,152.1888,24910,24942,32
100,8,array1,47,120.05765,159.3578,25071,25269,198
100,8,array1,47,118.99195,157.623825,25269,25398,129
100,8,;,49,166.63878,159.61194,25465,25627,162
100,8,;,49,165.7605,163.5576,25660,25693,33
100,5,100,34,193.640066666667,94.4850666666667,25759,25956,197
100,5,100,34,173.1651,95.8756666666666,25989,26087,98
100,5,100,34,172.209,96.1485,26120,26184,64
100,5,100,34,174.499333333333,95.9643833333333,26217,26413,196
100,5,100,34,174.1956,100.40885,26413,26478,65
100,8,array1,47,137.89856,176.14324,26510,26678,168
100,9,"Enteranotherstring\n",52,139.9961,182.8577,26678,26711,33
100,8,array1,47,134.1716,177.49868,26777,26947,170
100,8,array1,47,129.4913,173.9771,26947,26980,33
100,0,blank,0,134.176466666667,178.665733333333,27013,27113,100
100,9,"Enteranotherstring\n",52,122.28002,183.17778,27146,27310,164
100,9,"Enteranotherstring\n",52,121.208616666667,182.370666666667,27376,27575,199
100,9,"Enteranotherstring\n",52,119.4861,188.8518,27575,27609,34
100,8,;,49,167.05315,173.105916666667,27676,27874,198
100,9,"Enteranotherstring\n",52,219.651466666667,180.082383333333,27908,28106,198
100,9,"Enteranotherstring\n",52,188.16485,185.04495,28140,28206,66
100,9,"Enteranotherstring\n",52,187.125766666667,183.649433333333,28240,28343,103
100,9,"Enteranotherstring\n",52,196.1766,184.59484,28443,28612,169
100,0,blank,0,200.22445,178.98375,28645,28711,66
100,0,blank,0,297.62526,174.84944,28745,28909,164
100,9,"Enteranotherstring\n",52,234.163033333333,181.068733333333,28976,29075,99
100,9,"Enteranotherstring\n",52,234.12165,188.50355,29141,29206,65
100,9,"Enteranotherstring\n",52,296.38548,180.3184,29238,29403,165
100,0,blank,0,318.97092,174.34064,29567,29729,162
100,0,blank,0,341.274,169.419,29829,29862,33
100,10,array2,57,151.2014,203.29972,30030,30195,165
100,10,array2,57,116.8719,206.8796,30261,30328,67
100,10,array2,57,119.3347,216.6263,30361,30393,32
100,10,array2,57,143.5331,208.7321,30426,30459,33
100,10,array2,57,142.5924,208.0558,30524,30591,67
100,0,blank,0,178.0819,204.585875,30626,30758,132
100,0,blank,0,144.7726,114.6294,30823,30855,32
100,5,array1,27,145.7825,97.5859,30888,30954,66
100,0,blank,0,151.825233333333,222.5783,31052,31149,97
100,11,find_anagram,62,155.0329,228.0182,31181,31214,33
100,11,find_anagram,62,130.4363,227.1644,31246,31279,33
100,11,find_anagram,62,126.8339,243.0096,31377,31409,32
100,11,find_anagram,62,116.53628,228.5076,31443,31607,164
100,0,blank,0,197.52095,222.227625,31639,31772,133
100,11,find_anagram,62,166.6827,225.7167,31872,31904,32
100,11,find_anagram,62,165.5175,224.6189,32032,32097,65
100,11,find_anagram,62,183.0636,234.4853,32198,32264,66
100,11,find_anagram,62,188.954333333333,230.1187,32334,32435,101
100,11,find_anagram,62,233.24648,228.92488,32470,32640,170
100,11,find_anagram,62,239.784725,226.7584,32640,32777,137
100,11,find_anagram,62,185.8645,236.73305,32846,32914,68
100,11,find_anagram,62,187.5569,231.593,32983,33018,35
100,11,find_anagram,62,224.042125,228.4556,33052,33187,135
100,11,find_anagram,62,225.2227,234.8226,33221,33255,34
100,11,find_anagram,62,230.954466666667,233.345933333333,33321,33520,199
100,11,find_anagram,62,231.7997,237.9654,33520,33553,33
100,0,blank,0,233.8232,212.9351,33586,33620,34
100,11,find_anagram,62,232.62555,226.4403,33685,33751,66
100,11,find_anagram,62,220.73425,225.601483333333,33850,34045,195
100,11,find_anagram,62,219.52625,224.35845,34045,34178,133
100,11,find_anagram,62,237.8502,223.482375,34211,34345,134
100,11,find_anagram,62,237.991725,227.1787,34379,34515,136
100,11,find_anagram,62,238.13404,224.03144,34581,34748,167
100,11,find_anagram,62,232.42495,226.3539,34783,34851,68
100,11,find_anagram,62,225.54108,227.2714,34919,35088,169
100,11,(,63,248.192,224.0837,35155,35189,34
100,11,array1,64,254.660633333333,226.991133333333,35223,35327,104
100,11,array1,64,300.2793,229.560433333333,35397,35500,103
100,11,find_anagram,62,124.4132,236.6805,35569,35604,35
100,11,find_anagram,62,134.440933333333,237.0029,35636,35832,196
100,12,==,72,147.8104,254.2973,35864,35898,34
100,11,find_anagram,62,126.7279,226.7289,35930,35962,32
100,11,find_anagram,62,113.6477,226.614,36028,36062,34
100,11,find_anagram,62,129.8048,231.7203,36126,36158,32
100,11,find_anagram,62,178.610333333333,229.813933333333,36191,36291,100
100,0,blank,0,175.55995,222.38525,36357,36424,67
100,0,blank,0,-350,-105,36489,36661,172
100,0,blank,0,-350,-105,36661,36810,149
100,18,find_anagram,99,114.5502,378.9688,36924,36954,30
100,0,blank,0,140.811,400.5119,37179,37209,30
100,18,char,106,186.6364,380.1025,37300,37332,32
100,11,find_anagram,62,240.372133333333,224.985933333333,37455,37552,97
100,11,array2,66,334.8391,238.0831,37748,37881,133
100,11,comma,65,327.4655,226.4642,37915,37949,34
100,0,blank,0,166.4818,415.789966666667,38016,38114,98
100,0,blank,0,165.948833333333,405.339433333333,38405,38506,101
100,0,blank,0,180.504,402.0659,38637,38670,33
100,18,(,100,176.131,385.3331,38702,38735,33
100,0,blank,0,177.803,399.16385,38801,38865,64
100,0,blank,0,170.6738,402.5364,38931,38964,33
100,11,find_anagram,62,237.55615,224.15805,39095,39162,67
100,11,array1,64,262.272275,238.924925,39195,39324,129
100,11,array1,64,266.007175,234.518325,39357,39486,129
100,0,blank,0,207.4087,407.56065,39651,39718,67
100,18,char,106,227.5281,386.274966666667,39751,39852,101
100,18,array1,102,235.61,392.10495,39884,39954,70
100,18,char,106,213.1661,388.8909,39989,40090,101
100,18,char,106,226.6094,388.05222,40123,40290,167
100,18,char,106,232.65785,389.61815,40290,40356,66
100,0,blank,0,293.452,399.9765,40421,40523,102
100,18,array1,102,275.141966666667,387.7676,40719,40818,99
100,18,array1,102,273.6889,391.4938,40888,40922,34
100,18,array1,102,277.41225,397.33635,40955,41022,67
100,18,array1,102,274.3005,379.6733,41056,41089,33
100,0,blank,0,286.75215,404.46825,41123,41189,66
100,18,comma,105,333.970633333333,396.476333333333,41254,41354,100
100,20,26,124,153.3073,429.1362,41484,41517,33
100,0,blank,0,166.02205,442.8743,41550,41617,67
100,18,char,106,338.0886,397.65635,41649,41752,103
100,18,char,106,339.4272,389.7809,41752,41872,120
100,18,],109,309.9794,386.6578,41994,42082,88
100,18,array2,107,409.477583333333,392.663483333333,42121,42317,196
100,18,array2,107,411.7704,389.7514,42317,42349,32
100,18,array2,107,411.3043,395.3238,42414,42447,33
100,0,blank,0,391.9372,400.9041,42480,42512,32
100,18,char,106,374.591,386.4538,42544,42577,33
100,0,blank,0,385.13045,399.25865,42672,42738,66
100,9,"Enteranotherstring\n",52,164.946775,190.617875,42805,42936,131
100,9,"Enteranotherstring\n",52,168.82895,197.3236,43003,43135,132
100,8,array1,47,153.6073,166.078525,43167,43299,132
100,7,"Enterthestring\n",42,149.2507,152.8395,43330,43362,32
100,8,array1,47,151.815366666667,163.2172,43395,43490,95
100,11,find_anagram,62,130.1232,234.2488,43522,43683,161
100,0,blank,0,127.2241,178.0872,43812,43846,34
100,9,"Enteranotherstring\n",52,133.500833333333,180.330366666667,43879,43978,99
100,9,"Enteranotherstring\n",52,135.6511,188.71425,44013,44079,66
100,8,),48,158.8983,159.619,44145,44179,34
100,7,"Enterthestring\n",42,152.6574,146.8187,44212,44244,32
100,8,array1,47,127.1069,170.76255,44277,44342,65
100,8,array1,47,126.1534,172.464375,44406,44533,127
100,8,),48,159.928583333333,161.909633333333,44565,44757,192
100,8,;,49,165.9133,160.9442,44757,44789,32
100,0,blank,0,284.8201,221.33,44853,44885,32
100,11,array1,64,283.82124,230.12552,44949,45110,161
100,11,find_anagram,62,233.8226,228.5425,45173,45198,25
100,11,find_anagram,62,239.3943,236.4975,45291,45322,31
100,0,blank,0,210.1369,244.8075,45415,45447,32
100,11,array1,64,298.96478,236.41014,45511,45670,159
100,8,array1,47,152.5651,166.7223,45734,45798,64
100,9,"Enteranotherstring\n",52,159.3653,181.0761,45861,45893,32
100,8,array1,47,153.111066666667,172.3331,45956,46052,96
100,7,"Enterthestring\n",42,124.8511,153.2612,46083,46115,32
100,9,"Enteranotherstring\n",52,129.2504,182.44775,46148,46215,67
100,5,[,33,162.040466666667,97.1482,46516,46699,183
100,5,comma,31,205.2446,93.5758666666667,46731,46830,99
100,5,],35,199.5126,93.6033666666667,46864,47060,196
100,8,array1,47,147.0821,160.804883333333,47194,47389,195
100,8,array1,47,147.6302,159.756,47454,47486,32
100,8,array1,47,147.09995,170.9386,47518,47586,68
100,10,array2,57,145.798525,217.515425,47620,47749,129
100,10,array2,57,142.094866666667,212.270866666667,47813,47908,95
100,11,find_anagram,62,145.8545,229.359733333333,47939,48036,97
100,0,blank,0,198.077333333333,209.599366666667,48230,48326,96
100,0,blank,0,386.144,420.1959,48423,48455,32
100,18,array2,107,387.4123,395.9302,48583,48614,31
100,0,blank,0,394.4659,399.645,48808,48840,32
100,0,blank,0,238.5471,426.0179,49028,49060,32
100,20,26,124,152.3041,440.0888,49156,49188,32
100,20,],125,157.22715,440.12935,49220,49284,64
100,21,array1,137,147.5856,460.4706,49477,49508,31
100,0,blank,0,116.9056,464.78625,49603,49668,65
100,0,blank,0,132.384,473.5548,49832,49865,33
100,21,[,138,176.648883333333,450.952416666667,49931,50130,199
100,21,i,139,184.441,452.8387,50130,50163,33
100,21,array1,137,170.57902,454.12998,50196,50366,170
100,21,array1,137,167.9445,449.6978,50366,50400,34
100,0,blank,0,-350,-105,50467,50575,108
100,21,!=,141,222.4429,453.3035,50770,50795,25
100,21,!=,141,231.9291,457.2488,50829,50862,33
100,21,0,142,265.1357,446.23315,50894,50960,66
100,21,0,142,260.740225,455.50125,50994,51127,133
100,0,blank,0,202.3728,443.5829,51230,51264,34
100,21,i,139,186.1545,448.7521,51330,51396,66
100,0,blank,0,164.4141,467.8611,51460,51494,34
100,21,array1,137,136.46095,445.34955,51825,51892,67
100,20,26,124,137.9265,435.0109,51926,51960,34
100,0,blank,0,180.55124,442.46764,52028,52199,171
100,20,26,124,137.565933333333,434.9256,52232,52332,100
100,21,array1,137,150.0455,449.31775,52436,52505,69
100,21,array1,137,133.4425,446.9609,52539,52573,34
100,21,array1,137,143.9088,445.8526,52607,52641,34
100,21,array1,137,171.756425,446.987475,52709,52844,135
100,21,[,138,179.65794,456.633,52879,53049,170
100,21,array1,137,170.4563,459.210333333333,53049,53152,103
100,20,num2,122,266.7788,438.6873,53255,53289,34
100,21,0,142,250.7231,454.8489,53461,53495,34
100,0,blank,0,207.3493,460.2813,53563,53597,34
100,21,],140,195.3621,462.4244,53665,53699,34
100,0,blank,0,205.4227,450.2081,53767,53801,34
100,20,comma,130,226.7307,437.2883,53868,53902,34
100,0,blank,0,234.2416,442.49925,53937,54004,67
100,21,0,142,251.4273,452.5637,54038,54072,34
100,0,blank,0,337.4524,444.93154,54343,54516,173
100,0,blank,0,323.922733333333,445.491733333333,54550,54652,102
100,20,26,124,313.0686,432.4894,54686,54753,67
100,20,],125,320.25625,441.87135,54788,54854,66
100,0,blank,0,319.3834,444.4439,54986,55021,35
100,0,blank,0,329.4283,453.8527,55056,55124,68
100,0,blank,0,312.8956,451.685266666667,55292,55393,101
100,0,blank,0,317.559,449.05,55459,55492,33
100,0,blank,0,333.5531,446.0486,55557,55689,132
100,0,blank,0,341.037366666667,442.847666666667,55755,55854,99
100,0,blank,0,354.47375,451.7535,55920,55986,66
100,0,blank,0,392.919733333333,450.0426,56019,56117,98
100,20,comma,130,391.0266,438.3261,56182,56215,33
100,0,blank,0,383.9839,449.537666666667,56279,56375,96
100,0,blank,0,376.555966666667,445.468166666667,56438,56536,98
100,0,blank,0,400.3218,432.6386,56633,56664,31
100,20,0,133,444.966683333333,441.9072,56855,57050,195
100,0,blank,0,425.7803,443.30045,57115,57180,65
100,0,blank,0,433.12675,453.19805,57217,57281,64
100,0,blank,0,434.6281,455.4431,57312,57345,33
100,0,blank,0,338.1016,458.7194,57443,57474,31
100,0,blank,0,325.7036,448.8113,57507,57573,66
100,0,blank,0,174.9117,485.355,57837,57869,32
100,0,blank,0,149.237366666667,470.433733333333,57967,58065,98
100,0,blank,0,194.235466666667,473.341733333333,58467,58564,97
100,0,blank,0,235.9473,472.553,58695,58728,33
100,0,blank,0,235.6367,484.663625,58825,58955,130
100,0,blank,0,206.68725,462.84475,59119,59185,66
100,18,char,106,358.216,386.3213,59319,59352,33
100,0,blank,0,361.5879,412.942666666667,59384,59482,98
100,18,array2,107,412.146966666667,391.459666666667,59514,59617,103
100,0,blank,0,195.8832,412.1359,59685,59718,33
100,0,blank,0,209.0337,414.1569,59818,59851,33
100,0,blank,0,268.1122,410.8516,59885,59919,34
100,0,blank,0,268.0717,405.258833333333,59952,60054,102
100,0,blank,0,213.5884,484.24035,60283,60350,67
100,0,blank,0,235.412333333333,481.755433333333,60382,60481,99
100,0,blank,0,238.0865,481.01945,60514,60646,132
100,0,blank,0,236.709,480.721766666667,60678,60775,97
100,0,blank,0,224.563,468.537833333333,60906,61103,197
100,0,blank,0,-350,-105,61137,61284,147
100,0,blank,0,251.7525,471.9519,61460,61519,59
100,0,blank,0,272.4217,479.5953,61550,61615,65
100,0,blank,0,260.1412,464.97535,61648,61717,69
100,0,blank,0,259.0548,467.1793,61784,61917,133
100,0,blank,0,288.16245,474.105525,61983,62149,166
100,0,blank,0,281.354,473.5806,62149,62270,121
100,0,blank,0,240.820633333333,520.379233333333,62388,62537,149
100,0,blank,0,198.4989,511.7369,62602,62634,32
100,0,blank,0,201.134633333333,520.131233333333,62734,62833,99
100,0,blank,0,295.4555,472.0327,63032,63101,69
100,0,blank,0,302.6354,478.102033333333,63136,63236,100
100,0,blank,0,296.01952,475.88422,63304,63477,173
100,0,blank,0,226.61135,290.67345,63579,63645,66
100,13,"%sand%sareanagrams.\n",77,218.8128,278.7077,63679,63748,69
100,0,blank,0,228.3655,295.2514,63782,63815,33
100,0,blank,0,218.9199,484.1738,63976,64010,34
100,21,],140,196.4167,457.2708,64076,64108,32
100,0,blank,0,203.963525,477.48415,64175,64305,130
100,21,[,138,179.3687,452.8525,64373,64406,33
100,21,i,139,188.430666666667,446.725733333333,64441,64543,102
100,0,blank,0,166.7573,429.295,64876,64909,33
100,21,i,139,191.6837,454.1273,64941,64974,33
100,20,{,127,199.1596,438.034,65039,65105,66
100,0,blank,0,188.2653,427.4011,65170,65202,32
100,0,blank,0,-350,-105,65424,65455,31
100,0,blank,0,-350,-105,65544,65578,34
100,0,blank,0,205.2435,467.2351,65762,65857,95
100,21,array1,137,169.326675,443.748,66109,66237,128
100,0,blank,0,167.9166,435.398016666667,66364,66551,187
100,0,blank,0,170.7733,427.0206,66680,66714,34
100,20,=,132,174.4333,434.372,66777,66807,30
100,21,],140,201.3821,447.4981,66961,66992,31
100,21,i,139,187.42025,444.61575,67023,67087,64
100,21,i,139,191.3915,444.3823,67150,67182,32
100,21,[,138,178.389,448.3871,67246,67275,29
100,0,blank,0,157.248116666667,442.437466666667,67338,67533,195
100,21,array1,137,171.301433333333,448.606633333333,67662,67760,98
100,7,"Enterthestring\n",42,133.36195,150.07305,67888,67955,67
100,7,"Enterthestring\n",42,136.5085,153.84455,67988,68051,63
100,5,array1,27,145.5314,103.4324,68271,68302,31
100,5,array1,27,151.1214,108.33135,68364,68427,63
100,0,blank,0,189.24315,473.7835,68553,68620,67
100,0,blank,0,180.5516,464.6892,68652,68684,32
100,0,blank,0,212.0916,465.5452,68907,68938,31
100,0,blank,0,204.663133333333,444.023633333333,68969,69061,92
100,21,0,142,258.721433333333,462.118133333333,70443,70553,110
100,0,blank,0,257.3032,465.426,70651,70683,32
100,0,blank,0,247.2466,483.5552,70748,70781,33
100,0,blank,0,285.1002,467.9537,70912,70945,33
100,21,0,142,275.88015,460.8547,71010,71077,67
100,0,blank,0,271.791,472.779,71177,71209,32
100,0,blank,0,267.5459,467.3748,71276,71310,34
100,0,blank,0,429.5028,461.3077,71611,71645,34
100,0,blank,0,253.4771,471.6967,71815,71847,32
100,21,0,142,263.65945,444.7705,71913,71977,64
100,21,),143,285.1285,453.3471,72043,72110,67
100,0,blank,0,281.080433333333,460.863666666667,72178,72280,102
100,0,blank,0,344.2624,468.5812,72612,72746,134
100,0,blank,0,427.40075,448.8646,73045,73113,68
100,0,blank,0,425.82835,451.0734,73212,73276,64
100,0,blank,0,470.3239,443.5313,73636,73668,32
100,0,blank,0,350.82785,463.88555,73765,73831,66
100,0,blank,0,351.9537,452.4305,73862,73896,34
100,0,blank,0,334.4182,444.4493,73994,74027,33
100,20,=,132,336.4832,429.3411,74060,74093,33
100,23,array1,147,174.22155,494.7124,74221,74284,63
100,23,array1,147,193.7701,490.2339,74316,74349,33
100,21,],140,194.1001,444.1456,74381,74412,31
100,0,blank,0,186.5358,472.6052,74475,74507,32
100,21,i,139,185.3632,451.0117,74603,74645,42
100,21,[,138,176.9924,447.3254,74741,74772,31
100,0,blank,0,153.321,485.9383,75027,75092,65
100,0,blank,0,156.388,508.84,75124,75156,32
100,0,blank,0,170.5637,519.1203,75188,75221,33
100,0,blank,0,228.7873,484.0564,75449,75481,32
100,0,blank,0,232.01325,525.5071,75580,75648,68
100,0,blank,0,271.5675,539.2907,75680,75746,66
100,0,blank,0,215.4577,545.5486,76030,76063,33
100,0,blank,0,203.0239,544.1227,76163,76197,34
100,0,blank,0,-350,-105,76264,76425,161
100,0,blank,0,300.4426,548.3609,76868,76901,33
100,23,++,154,307.3692,507.2005,77006,77040,34
100,0,blank,0,341.4452,553.0977,77263,77302,39
100,0,blank,0,351.6909,548.2331,77441,77481,40
100,0,blank,0,193.9511,520.3959,77617,77652,35
100,0,blank,0,202.9086,513.0098,77857,77891,34
100,0,blank,0,253.769533333333,502.9164,78027,78130,103
100,0,blank,0,264.29195,541.44955,78198,78268,70
100,0,blank,0,346.4448,538.106,78581,78615,34
100,0,blank,0,348.3469,542.24175,78650,78720,70
100,0,blank,0,184.5995,521.8475,79039,79076,37
100,0,blank,0,198.6003,538.7704,79115,79149,34
100,0,blank,0,188.8226,513.4684,79623,79656,33
100,0,blank,0,268.1642,483.036,80351,80376,25
100,0,blank,0,254.9953,464.6157,80410,80443,33
100,0,blank,0,221.6521,551.1717,80551,80585,34
100,0,blank,0,215.0244,520.8804,80618,80651,33
100,0,blank,0,212.7111,478.8835,81281,81319,38
100,0,blank,0,217.3564,370.8613,81698,81732,34
100,9,"Enteranotherstring\n",52,202.3487,195.7838,81838,81871,33
100,0,blank,0,207.2453,171.4238,82068,82133,65
100,0,blank,0,213.4319,174.395,82199,82232,33
100,5,comma,31,209.8337,104.6236,82264,82426,162
100,0,blank,0,230.2404,86.0356,82462,82520,58
100,0,blank,0,337.0543,90.0394,83199,83231,32
100,11,array1,64,266.088975,241.953075,83426,83561,135
100,11,find_anagram,62,238.6419,237.8478,83626,83658,32
100,0,blank,0,313.716,417.0007,84103,84138,35
100,0,blank,0,347.4634,432.45555,84311,84380,69
100,0,blank,0,357.2128,419.8336,84585,84621,36
100,20,=,132,335.2841,425.1719,84861,84999,138
100,20,{,127,356.4025,440.6128,85277,85311,34
100,20,0,133,371.0889,434.4682,85591,85624,33
100,0,blank,0,437.6943,419.4703,85724,85758,34
100,0,blank,0,449.62,421.0353,85925,85958,33
100,0,blank,0,-350,-105,86089,86171,82
100,26,0,162,86.7323,568.7831,86579,86601,22
100,0,blank,0,59.8076,546.8752,86736,86767,31
100,0,blank,0,73.4741,554.13615,86831,86895,64
100,26,=,161,67.5958,567.3017,87022,87053,31
100,0,blank,0,72.3424,529.5784,87149,87181,32
100,0,blank,0,79.6363333333333,560.2196,87245,87340,95
100,0,blank,0,59.8108,548.734,87405,87438,33
100,0,blank,0,99.6812666666667,554.490733333333,87571,87672,101
100,26,;,163,95.2311,558.8955,87740,87775,35
100,27,array2,166,113.8561,576.7703,87910,87981,71
100,27,while,164,69.6719,581.5345,88118,88152,34
100,0,blank,0,-350,-105,88389,88586,197
100,0,blank,0,-350,-105,88586,88723,137
100,0,blank,0,103.149,550.18285,88775,88851,76
100,0,blank,0,125.6208,536.9896,88986,89020,34
100,0,blank,0,118.6828,566.0317,89055,89089,34
100,27,while,164,80.0798,580.5201,89191,89259,68
100,27,while,164,73.93155,579.0407,89326,89394,68
100,26,;,163,96.5502333333333,559.609366666667,89461,89562,101
100,0,blank,0,81.9409,556.4894,89662,89695,33
100,0,blank,0,127.8636,574.1369,89796,89835,39
100,0,blank,0,193.72545,563.0146,90583,90649,66
100,0,blank,0,151.0151,570.9899,90949,90983,34
100,0,blank,0,143.64675,557.6398,91016,91082,66
100,0,blank,0,126.9902,525.9647,91115,91150,35
100,18,char,106,193.3408,388.0451,91386,91420,34
100,9,printf,50,102.128433333333,180.473033333333,91653,91753,100
100,9,"Enteranotherstring\n",52,114.7089,189.7823,91786,91819,33
100,5,array1,27,115.1546,111.8331,91853,92020,167
100,5,array1,27,118.6811,110.893033333333,92020,92119,99
100,5,array1,27,134.601133333333,100.7823,92184,92284,100
100,5,array1,27,128.3844,111.8112,92350,92382,32
100,0,blank,0,110.7163,305.12848,92514,92682,168
100,8,array1,47,124.5338,177.605,92815,92883,68
100,0,blank,0,189.0128,117.8483,93521,93554,33
100,7,"Enterthestring\n",42,197.1923,136.4491,93587,93621,34
100,0,blank,0,212.334,157.6802,93656,93690,34
100,8,array1,47,127.6667,166.4934,93858,93892,34
100,8,array1,47,107.29795,161.3084,93926,93994,68
100,8,array1,47,117.482,177.3566,94028,94062,34
100,9,"Enteranotherstring\n",52,123.3626,179.505,94161,94196,35
100,0,blank,0,203.4848,157.784,94299,94333,34
100,8,gets,45,65.8205,171.60185,94401,94468,67
100,8,gets,45,61.9953,169.251,94808,94877,69
100,8,gets,45,62.690375,170.586075,94910,95048,138
100,7,printf,40,56.0439,148.6158,95115,95150,35
100,8,gets,45,61.365425,176.1381,95254,95394,140
100,9,printf,50,60.524025,189.277725,95463,95601,138
100,9,printf,50,43.7409,194.2531,95874,95909,35
100,10,gets,55,48.238,206.0936,95944,95977,33
100,9,printf,50,76.5988,190.925,96011,96046,35
100,10,(,56,87.4653333333333,204.962866666667,96080,96183,103
100,12,flag,71,88.5618,254.7321,96385,96420,35
100,13,printf,75,95.63245,275.2421,96454,96523,69
100,12,flag,71,94.7976,247.2502,96593,96628,35
100,10,array2,57,140.4828,213.7541,96767,96818,51
100,23,array1,147,168.9756,501.1086,97317,97414,97
100,0,blank,0,209.60795,536.5347,97743,97809,66
100,0,blank,0,213.9856,540.58,97842,97876,34
100,0,blank,0,245.4307,522.4329,97941,98007,66
100,0,blank,0,248.7997,515.3766,98074,98138,64
100,0,blank,0,244.2373,498.0707,98172,98238,66
100,0,blank,0,235.71654,482.08876,98339,98507,168
100,0,blank,0,234.81,483.2776,98507,98574,67
100,0,blank,0,224.2425,478.008575,98607,98742,135
100,0,blank,0,219.53855,537.48615,98973,99039,66
100,0,blank,0,226.316,537.7556,99072,99105,33
100,0,blank,0,291.986933333333,522.528,99203,99302,99
100,0,blank,0,289.7832,531.80995,99336,99404,68
100,0,blank,0,267.793833333333,524.6576,99439,99542,103
100,0,blank,0,273.2347,535.3525,99577,99612,35
100,0,blank,0,297.7982,524.0698,99647,99682,35
100,0,blank,0,291.5355,517.51314,99785,99956,171
100,0,blank,0,301.857766666667,521.0655,99956,100057,101
100,0,blank,0,300.2392,526.3253,100091,100158,67
100,0,blank,0,301.5282,517.783,100191,100224,33
100,0,blank,0,299.277,532.4885,100257,100291,34
100,0,blank,0,293.883275,517.4097,100424,100553,129
100,0,blank,0,214.3606,525.97075,100714,100778,64
100,0,blank,0,280.439083333333,474.285733333333,100810,101005,195
100,21,0,142,279.199,453.791975,101070,101201,131
100,21,],140,195.81768,452.77258,101266,101435,169
100,21,i,139,189.9423,452.3975,101435,101469,34
100,0,blank,0,183.2576,336.92395,101503,101700,197
100,8,;,49,171.012883333333,172.447083333333,101765,101956,191
100,0,blank,0,174.111,173.4301,101956,101987,31
100,5,100,34,179.33185,101.20465,102360,102429,69
100,5,100,34,173.9262,104.1408,102491,102522,31
100,11,find_anagram,62,172.600125,238.773625,102585,102714,129
100,12,1,73,171.673433333333,245.2644,102746,102840,94
100,15,array1,89,483.9116,313.323,103181,103260,79
100,0,blank,0,264.7795,529.1637,103365,103398,33
100,0,blank,0,302.92635,510.84515,103463,103529,66
100,0,blank,0,307.7594,510.8013,103596,103630,34
100,0,blank,0,307.29445,523.5815,103793,103859,66
100,0,blank,0,299.52082,449.86952,103891,104055,164
100,0,blank,0,300.048266666667,452.569066666667,104120,104216,96
100,21,!=,141,229.020033333333,446.5392,104278,104375,97
100,0,blank,0,388.99645,451.32785,104602,104734,132
100,0,blank,0,393.48625,446.94045,104800,104864,64
100,0,blank,0,305.22102,447.7529,104897,105059,162
100,0,blank,0,291.215,402.05762,105125,105289,164
100,20,],125,314.1469,431.5679,105320,105354,34
100,0,blank,0,323.766825,437.997875,105421,105550,129
100,15,"%sand%sarenotanagrams.\n",87,335.4881,316.393483333333,105617,105811,194
100,15,"%sand%sarenotanagrams.\n",87,273.7848,314.05245,105844,105975,131
100,15,"%sand%sarenotanagrams.\n",87,278.18496,319.19652,106044,106210,166
100,0,blank,0,270.2101,310.5491,106210,106244,34
100,0,blank,0,236.19515,213.4465,106277,106414,137
100,0,blank,0,146.561925,347.302025,106481,106616,135
100,0,blank,0,143.7174,351.1374,106650,106683,33
100,0,blank,0,156.815675,358.549725,106717,106847,130
100,0,blank,0,218.2788,570.949175,106913,107047,134
100,0,blank,0,215.33065,541.8962,107081,107149,68
100,0,blank,0,228.66685,559.90535,107182,107247,65
100,29,++,183,296.312075,631.9644,107282,107419,137
100,0,blank,0,304.947425,614.7258,107520,107656,136
100,0,blank,0,291.11964,656.44288,107725,107899,174
100,0,blank,0,290.2258,659.5747,107899,107933,34
100,0,blank,0,306.52986,531.95286,108003,108173,170
100,0,blank,0,-350,-105,108276,108416,140
100,0,blank,0,-350,-105,108416,108745,329
100,0,blank,0,-350,-105,108745,108943,198
100,0,blank,0,-350,-105,108943,109043,100
100,0,blank,0,295.4553,529.7635,109131,109162,31
100,0,blank,0,297.29425,531.7882,109194,109330,136
100,0,blank,0,309.4471,534.1276,109364,109397,33
100,0,blank,0,303.5828,525.3406,109430,109464,34
100,0,blank,0,303.9066,452.6057,109564,109597,33
100,23,array1,147,156.011766666667,497.275,109699,109796,97
100,23,array1,147,162.803766666667,507.6549,109828,109926,98
100,0,blank,0,142.9702,538.3116,109959,109992,33
100,0,blank,0,146.025625,546.10595,110024,110155,131
100,27,array2,166,136.88785,591.154325,110220,110352,132
100,0,blank,0,141.8269,596.08845,110418,110485,67
100,21,array1,137,148.0782,444.1222,110553,110587,34
100,20,],125,157.31425,441.27245,110655,110723,68
100,0,blank,0,236.4555,446.6315,110823,110956,133
100,0,blank,0,348.87288,445.25226,111022,111189,167
100,20,i,131,412.491933333333,439.099066666667,111323,111427,104
100,0,blank,0,298.65276,398.94632,111564,111732,168
100,0,blank,0,306.42415,400.675175,111766,111902,136
100,0,blank,0,239.620933333333,459.763566666667,111938,112039,101
100,0,blank,0,243.839,482.249,112139,112173,34
100,21,i,139,185.515,449.6888,112276,112309,33
100,20,=,132,178.8021,438.1263,112343,112378,35
100,0,blank,0,162.5862,335.85335,112412,112479,67
100,0,blank,0,153.5913,342.5988,112513,112546,33
100,0,blank,0,185.6346,256.7612,112743,112776,33
100,8,array1,47,143.3631,176.8458,113279,113313,34
100,0,blank,0,482.8884,288.5062,113580,113612,32
100,0,blank,0,483.69546,290.3032,113678,113846,168
100,0,blank,0,485.10725,289.93955,113846,113912,66
100,0,blank,0,439.66155,294.0862,113946,114015,69
100,0,blank,0,449.429025,301.5933,114049,114188,139
100,0,blank,0,314.5692,545.1977,114362,114397,35
100,0,blank,0,324.9409,515.9085,114431,114466,35
100,0,blank,0,316.536466666667,518.3014,114501,114606,105
100,0,blank,0,300.9491,533.021925,114641,114779,138
100,0,blank,0,161.85105,552.807,114880,114949,69
100,0,blank,0,162.5483,558.0147,115018,115052,34
100,0,blank,0,149.8634,551.0099,115087,115124,37
100,0,blank,0,156.09485,566.2435,115156,115225,69
100,0,blank,0,-350,-105,115295,115431,136
100,0,blank,0,331.2047,520.49044,115649,115817,168
100,0,blank,0,333.3268,535.3984,115817,115850,33
100,0,blank,0,333.9295,518.7849,115883,115949,66
100,0,blank,0,350.06775,530.682,115984,116048,64
100,0,blank,0,231.4672,538.183,116211,116278,67
100,0,blank,0,232.8211,519.3073,116310,116342,32
100,0,blank,0,241.0799,522.61445,116407,116475,68
100,0,blank,0,198.5188,527.978,116540,116605,65
100,0,blank,0,193.76115,530.05785,116672,116739,67
100,0,blank,0,342.041433333333,528.5414,116805,116904,99
100,0,blank,0,347.6354,529.3242,116937,116971,34
100,0,blank,0,169.5149,530.111033333333,117040,117143,103
100,0,blank,0,171.5846,515.8184,117211,117245,34
100,0,blank,0,170.66305,537.06225,117279,117347,68
100,0,blank,0,147.73645,542.41135,117381,117448,67
100,0,blank,0,-350,-105,117585,117735,150
100,0,blank,0,159.864,565.9121,117922,117959,37
100,0,blank,0,150.6982,557.4023,118025,118058,33
100,0,blank,0,139.7767,612.0949,118221,118253,32
100,0,blank,0,107.7552,602.2381,118512,118544,32
100,27,array2,166,117.670866666667,589.7524,118577,118673,96
100,0,blank,0,114.9649,556.434,118834,118866,32
100,0,blank,0,120.5093,556.6163,118900,118932,32
100,0,blank,0,115.0056,573.298,118999,119033,34
100,27,array2,166,119.8152,580.6639,119066,119099,33
100,27,array2,166,137.3924,588.5997,119133,119166,33
100,27,array2,166,123.136,578.124,119266,119299,33
100,27,array2,166,131.71945,592.28375,119333,119401,68
100,0,blank,0,208.450033333333,608.608033333333,119538,119637,99
100,0,blank,0,213.318966666667,606.843066666667,119704,119804,100
100,27,],169,199.0141,593.3392,119839,119873,34
100,0,blank,0,203.43152,610.03014,119907,120076,169
100,0,blank,0,198.84504,611.31938,120076,120244,168
100,0,blank,0,205.855233333333,611.520866666667,120244,120347,103
100,0,blank,0,145.6301,611.354,120416,120450,34
100,0,blank,0,139.833766666667,609.9159,120517,120618,101
100,27,0,171,278.9985,595.6215,120950,120983,33
100,0,blank,0,497.1438,414.7226,121188,121255,67
100,20,0,133,371.61845,423.05665,121392,121531,139
100,0,blank,0,542.1264,288.035766666667,121600,121703,103
100,13,array2,81,554.027033333333,270.6355,121740,121840,100
100,0,blank,0,551.410166666667,264.7735,121874,122071,197
100,0,blank,0,549.1951,264.5637,122071,122140,69
100,0,blank,0,932.306333333333,329.432466666667,122241,122343,102
100,0,blank,0,971.159,336.102,122444,122477,33
100,0,blank,0,979.66375,305.09485,122509,122644,135
100,0,blank,0,981.7035,310.8581,122677,122745,68
100,0,blank,0,971.136,327.224,122847,122881,34
100,0,blank,0,992.608,256.8429,122915,122949,34
100,0,blank,0,999.423,238.55785,122982,123050,68
100,0,blank,0,997.1545,252.87365,123118,123185,67
100,0,blank,0,973.802,262.6922,123317,123440,123
100,0,blank,0,984.783,262.4006,123440,123560,120
100,0,blank,0,973.5364,434.15954,123698,123873,175
100,0,blank,0,976.228,436.8053,123873,123907,34
100,0,blank,0,984.772,638.6334,124088,124124,36
100,0,blank,0,981.837,637.6317,124161,124234,73
101,0,blank,0,986.435,415.6373,124592,124626,34
101,0,blank,0,982.190666666667,420.4132,124663,124768,105
101,0,blank,0,983.503,415.379975,124839,124981,142
101,0,blank,0,978.042,430.2817,125016,125052,36
101,0,blank,0,985.128,410.93655,125228,125298,70
101,0,blank,0,977.3705,396.203225,125405,125548,143
101,0,blank,0,736.352,322.3334,125620,125656,36
101,0,blank,0,736.567,330.6282,125694,125732,38
101,20,26,124,296.8034,304.1509,125844,125950,106
101,0,blank,0,162.794925,294.165,126058,126200,142
101,0,blank,0,172.6785,298.562075,126235,126375,140
101,20,=,132,175.642966666667,302.165566666667,126410,126513,103
101,20,num2,122,256.30344,310.31654,126614,126782,168
101,21,0,142,259.5408,314.08898,126815,126986,171
101,20,0,133,203.7137,302.812,127054,127087,33
101,21,!=,141,222.1014,322.3238,127220,127252,32
101,0,blank,0,235.74445,331.5009,127316,127380,64
101,0,blank,0,171.3815,411.4681,127507,127539,32
101,0,blank,0,155.375,390.7178,127570,127602,32
101,0,blank,0,165.61625,400.304375,127702,127868,166
101,23,array1,147,172.288,375.4446,127901,127936,35
101,0,blank,0,164.83874,382.1854,127969,128137,168
101,23,a,152,258.660466666667,376.532333333333,128204,128303,99
101,0,blank,0,252.7372,379.4731,128370,128402,32
101,0,blank,0,233.3107,378.7975,128469,128535,66
101,0,blank,0,229.0249,371.738066666667,128602,128700,98
101,0,blank,0,233.2257,385.3368,128733,128766,33
101,0,blank,0,309.43045,385.65775,128832,128898,66
101,0,blank,0,306.3124,379.9465,128964,129031,67
101,0,blank,0,217.86605,380.177875,129129,129261,132
101,0,blank,0,221.8116,384.73555,129325,129390,65
101,23,array1,147,148.3492,363.437833333333,129490,129587,97
101,0,blank,0,165.9302,335.6572,129653,129685,32
101,23,array1,147,191.1604,358.9252,130591,130636,45
101,23,;,155,318.6566,376.9556,130773,130820,47
101,0,blank,0,158.8948,591.0323,131407,131439,32
101,0,blank,0,160.5815,578.8118,131536,131568,32
101,0,blank,0,174.6679,597.2184,131632,131664,32
101,34,],213,187.1436,600.5896,131729,131762,33
101,0,blank,0,142.420166666667,700.921366666667,131827,131926,99
101,0,blank,0,161.55455,688.8537,132026,132093,67
101,0,blank,0,164.3576,693.65195,132158,132225,67
101,0,blank,0,169.75066,692.12058,132291,132460,169
101,0,blank,0,175.0101,708.5148,132460,132493,33
101,35,return,215,155.3261,640.801,132526,132560,34
101,0,blank,0,134.005933333333,164.067966666667,132755,132893,138
101,10,array2,57,139.593975,90.28255,133032,133161,129
101,12,1,73,169.4293,121.6917,133228,133262,34
101,11,find_anagram,62,165.3691,113.9811,133427,133495,68
101,0,blank,0,129.1522,133.4578,133587,133618,31
101,9,"Enteranotherstring\n",52,155.8493,61.7712,133946,133978,32
101,9,"Enteranotherstring\n",52,157.2526,69.8901,134010,134042,32
101,7,"Enterthestring\n",42,166.6389,17.84232,134365,134531,166
101,7,"Enterthestring\n",42,167.527433333333,25.2742333333333,134531,134632,101
101,0,blank,0,177.085675,70.77415,134696,134829,133
101,12,==,72,142.575933333333,126.743733333333,134894,134992,98
101,12,==,72,133.2959,119.8571,135124,135157,33
101,0,blank,0,112.48875,112.541625,135189,135324,135
101,11,find_anagram,62,124.3953,112.1929,135357,135389,32
101,0,blank,0,183.12095,116.714666666667,135489,135687,198
101,0,blank,0,185.9791,120.5795,135687,135883,196
101,0,blank,0,188.32555,122.4687,135883,135951,68
101,0,blank,0,193.540133333333,570.689733333333,136113,136207,94
101,0,blank,0,185.92255,703.6456,136270,136335,65
101,0,blank,0,187.1863,695.8734,136397,136430,33
101,15,"%sand%sarenotanagrams.\n",87,204.36975,192.0176,136523,136587,64
101,15,"%sand%sarenotanagrams.\n",87,202.61535,188.26655,136653,136718,65
101,0,blank,0,182.27025,167.59045,136819,136882,63
101,13,"%sand%sareanagrams.\n",77,188.4452,141.53395,136948,137077,129
101,0,blank,0,259.71114,130.27056,137140,137308,168
101,0,blank,0,368.09268,129.07398,137377,137543,166
101,13,"%sand%sareanagrams.\n",77,285.84894,138.99764,137609,137779,170
101,13,"%sand%sareanagrams.\n",77,292.60978,140.06374,137779,137952,173
101,0,blank,0,273.91558,136.20158,137986,138162,176
101,0,blank,0,340.931,133.63412,138196,138369,173
101,0,blank,0,340.686266666667,135.774133333333,138369,138471,102
101,13,"%sand%sareanagrams.\n",77,371.4008,140.20612,138504,138673,169
101,13,"%sand%sareanagrams.\n",77,357.82912,141.03078,138706,138875,169
101,13,"%sand%sareanagrams.\n",77,357.9418,139.235033333333,138875,138979,104
101,13,"%sand%sareanagrams.\n",77,355.0856,140.0954,139045,139079,34
101,0,blank,0,334.8917,160.99394,139114,139281,167
101,0,blank,0,338.2966,168.2407,139281,139314,33
101,13,"%sand%sareanagrams.\n",77,408.34332,149.89196,139346,139513,167
101,0,blank,0,455.72705,128.9526,139547,139614,67
101,13,array1,79,464.01554,142.9666,139648,139816,168
101,13,array1,79,461.346975,144.4278,139816,139948,132
101,13,array1,79,491.973366666667,137.986533333333,139981,140079,98
101,15,"%sand%sarenotanagrams.\n",87,181.27604,189.77626,140145,140311,166
101,15,"%sand%sarenotanagrams.\n",87,177.812966666667,184.644533333333,140345,140447,102
101,23,a,152,276.02134,377.74704,140515,140679,164
101,23,a,152,267.4417,377.6236,140778,140844,66
101,23,],153,290.924,368.99156,140877,141046,169
101,0,blank,0,209.748983333333,231.733066666667,141179,141378,199
101,0,blank,0,210.6106,230.1793,141378,141443,65
101,0,blank,0,183.5405,165.8956,141477,141510,33
101,9,"Enteranotherstring\n",52,194.2776,66.2746,141857,141890,33
101,0,blank,0,204.0468,81.6471,141922,141955,33
101,0,blank,0,203.0487,85.8743,142020,142118,98
101,0,blank,0,187.041,37.8083,142184,142212,28
101,20,26,124,296.252916666667,300.921116666667,142637,142836,199
101,20,26,124,297.3824,301.6149,142836,142869,33
101,20,},129,219.4327,307.8008,142937,142971,34
101,20,},129,223.698133333333,310.534166666667,143038,143137,99
101,20,comma,130,225.119075,311.183475,143170,143302,132
101,18,find_anagram,99,109.9029,252.2615,144193,144229,36
101,18,find_anagram,99,97.100525,255.1184,144262,144393,131
101,18,array1,102,253.5449,259.573,144460,144527,67
101,0,blank,0,287.44015,357.2478,144689,144758,69
101,23,],153,287.85372,364.18798,144855,145019,164
101,23,++,154,293.23284,370.65454,145085,145249,164
101,0,blank,0,285.5814,352.6155,145579,145611,32
101,0,blank,0,315.4792,384.9882,145644,145677,33
101,23,++,154,294.5672,359.01748,145853,146020,167
101,0,blank,0,289.6131,353.7433,146084,146148,64
101,23,++,154,293.17325,368.348683333333,146280,146475,195
101,23,],153,289.0178,364.43245,146475,146540,65
101,23,++,154,294.897,376.8521,146573,146605,32
101,23,++,154,295.701716666667,373.034383333333,146669,146865,196
101,23,++,154,294.013316666667,371.411183333333,146900,147099,199
101,0,blank,0,299.318033333333,384.102266666667,147099,147199,100
101,0,blank,0,288.2349,381.7558,147233,147265,32
101,23,++,154,299.090733333333,375.859433333333,147331,147429,98
101,23,++,154,298.1428,369.0284,147462,147495,33
101,0,blank,0,301.153733333333,474.373,147562,147660,98
101,0,blank,0,300.83546,470.71826,147692,147855,163
101,29,a,181,266.6781,509.227766666667,147888,147986,98
101,0,blank,0,219.6564,351.1164,148051,148085,34
101,0,blank,0,230.489766666667,382.533633333333,148118,148314,196
101,0,blank,0,224.6015,387.9549,148314,148348,34
101,0,blank,0,160.9041,392.528166666667,148381,148479,98
101,0,blank,0,169.311,404.0707,148514,148548,34
101,0,blank,0,306.53135,384.6648,148617,148685,68
101,0,blank,0,309.82395,388.1314,148718,148786,68
101,0,blank,0,314.75265,384.8506,148853,148919,66
101,0,blank,0,316.818533333333,389.693466666667,148951,149051,100
101,0,blank,0,312.98598,391.61518,149084,149252,168
101,0,blank,0,322.9231,402.80675,149285,149355,70
101,0,blank,0,316.61236,391.35538,149389,149557,168
101,0,blank,0,313.37465,391.809425,149591,149725,134
101,0,blank,0,786.26525,352.5675,149827,149960,133
101,0,blank,0,982.1602,401.67486,150059,150227,168
101,0,blank,0,973.8136,419.58278,150330,150500,170
101,0,blank,0,964.6266,39.79018,150604,150776,172
101,0,blank,0,963.996333333333,46.3975333333333,150776,150882,106
102,0,blank,0,178.6082,125.3942,151694,151871,177
102,0,blank,0,169.8226,130.727675,151871,152010,139
102,0,blank,0,193.89198,70.48764,152240,152416,176
102,0,blank,0,198.219,69.4306,152416,152451,35
102,0,blank,0,270.19356,88.54406,152484,152654,170
102,2,stdio,17,125.45688,38.88452,152721,152887,166
102,0,blank,0,108.153175,44.506175,152922,153053,131
102,7,"Enterthestring\n",42,185.5304,149.4095,153185,153357,172
102,7,"Enterthestring\n",42,181.5729,147.9849,153357,153391,34
102,0,blank,0,174.45655,170.196175,153425,153563,138
102,9,"Enteranotherstring\n",52,176.0118,180.507,153597,153701,104
102,0,blank,0,178.15045,200.86185,153735,153805,70
102,0,blank,0,175.79625,207.959425,153874,154011,137
102,0,blank,0,195.864733333333,244.950033333333,154044,154144,100
102,0,blank,0,193.49784,244.96096,154215,154383,168
102,0,blank,0,188.1456,250.86975,154383,154450,67
102,0,blank,0,358.57535,250.819725,154516,154649,133
102,0,blank,0,195.40178,258.52514,154716,154880,164
102,0,blank,0,185.3573,258.8512,154979,155013,34
102,0,blank,0,317.19925,225.841483333333,155081,155279,198
102,11,array1,64,311.7939,234.4584,155279,155313,34
102,13,array1,79,491.2917,275.59382,155411,155580,169
102,13,array1,79,489.45445,276.1762,155580,155650,70
102,13,comma,80,425.8993,269.2106,155750,155783,33
102,11,find_anagram,62,173.720975,226.996175,155879,156009,130
102,11,find_anagram,62,173.7423,242.2427,156042,156073,31
102,11,find_anagram,62,182.8438,231.8736,156137,156169,32
102,11,find_anagram,62,171.4949,230.59,156201,156232,31
102,11,array1,64,294.52535,226.114,156295,156426,131
102,0,blank,0,293.9505,215.0568,156455,156486,31
102,12,==,72,147.33755,252.890316666667,156551,156747,196
102,0,blank,0,151.9176,244.6895,156812,156844,32
102,15,"%sand%sarenotanagrams.\n",87,401.0041,312.2553,157327,157358,31
102,0,blank,0,394.7252,304.3808,157426,157459,33
102,0,blank,0,250.7242,301.2807,157588,157620,32
102,15,"%sand%sarenotanagrams.\n",87,254.818033333333,324.007566666667,157652,157746,94
102,0,blank,0,309.2231,468.6481,158091,158153,62
102,18,array1,102,286.7512,382.1053,158280,158313,33
102,18,[,108,301.0367,390.0834,158374,158405,31
102,0,blank,0,-350,-105,158961,159053,92
102,0,blank,0,204.0737,464.7178,159806,159851,45
102,0,blank,0,117.22175,361.6767,160082,160176,94
102,20,{,127,354.1516,423.6129,160463,160496,33
102,0,blank,0,103.8459,605.9463,160592,160732,140
102,0,blank,0,292.241,161.9716,160872,160938,66
102,0,blank,0,-350,-105,161073,161132,59
102,0,blank,0,898.8315,287.78695,161654,161790,136
102,0,blank,0,896.789333333333,296.661833333333,161892,161989,97
102,0,blank,0,901.6945,313.87075,162058,162127,69
102,0,blank,0,897.451,319.41705,162195,162259,64
102,0,blank,0,893.9165,313.7659,162293,162361,68
103,23,array1,147,178.4268,365.8519,162736,162770,34
103,23,array1,147,170.220433333333,371.671533333333,162804,162903,99
103,0,blank,0,204.0956,357.428325,163124,163314,190
103,0,blank,0,198.8126,383.2288,163361,163407,46
103,23,[,148,195.5009,372.91635,163452,163544,92
103,0,blank,0,195.6442,353.0323,163635,163681,46
103,20,0,133,373.05965,304.0143,164035,164178,143
103,0,blank,0,240.64585,341.2483,164518,164581,63
103,0,blank,0,-350,-105,164646,164803,157
103,0,blank,0,228.595,379.0144,165195,165227,32
103,0,blank,0,178.8942,545.7563,165689,165738,49
103,0,blank,0,292.5284,579.397666666667,166579,166675,96
103,0,blank,0,299.7967,596.9867,166708,166739,31
103,0,blank,0,302.8363,522.24215,166806,166871,65
103,0,blank,0,298.34855,517.344233333333,166903,167098,195
103,0,blank,0,296.09328,516.23212,167098,167264,166
103,0,blank,0,297.2972,518.40495,167264,167332,68
103,0,blank,0,299.479566666667,515.502766666667,167396,167494,98
103,0,blank,0,285.613933333333,518.610116666667,167526,167723,197
103,0,blank,0,283.71228,518.84716,167723,167891,168
103,0,blank,0,283.673433333333,518.647733333333,167891,167991,100
103,0,blank,0,219.4343,578.4834,168024,168057,33
103,0,blank,0,215.9401,582.47295,168126,168192,66
103,0,blank,0,307.2858,518.0535,168259,168293,34
103,0,blank,0,298.213,511.6301,168326,168359,33
103,0,blank,0,301.80064,514.91214,168425,168588,163
103,0,blank,0,295.348,516.44,168621,168654,33
103,0,blank,0,299.2471,514.7924,168687,168719,32
103,0,blank,0,-350,-105,168821,168990,169
103,0,blank,0,276.3117,487.8046,169086,169154,68
103,29,++,183,290.150816666667,507.226983333333,169255,169452,197
103,29,],182,279.34835,506.1202,169724,169790,66
103,0,blank,0,298.6213,523.6013,169856,169890,34
103,0,blank,0,282.7277,505.1008,169922,169955,33
103,0,blank,0,282.194,497.95,169988,170022,34
103,34,num2,210,266.33515,619.49665,170221,170289,68
103,34,num2,210,242.0345,605.2789,170320,170353,33
103,0,blank,0,264.8504,587.44325,170389,170454,65
103,32,++,200,255.5399,575.070733333333,170486,170588,102
103,0,blank,0,-350,-105,170724,170906,182
103,0,blank,0,281.62766,510.1815,170958,171130,172
103,0,blank,0,281.05262,510.55888,171130,171300,170
103,29,++,183,284.71285,507.987925,171364,171494,130
103,0,blank,0,279.48885,513.35,171590,171659,69
103,0,blank,0,395.4802,756.9444,172363,172394,31
103,29,],182,278.0373,504.408,172758,172790,32
103,0,blank,0,275.4515,510.192566666667,172858,172964,106
103,0,blank,0,286.9739,516.3961,172998,173099,101
103,0,blank,0,276.812066666667,515.067633333333,173132,173232,100
103,0,blank,0,281.8238,519.6832,173263,173296,33
103,0,blank,0,288.005833333333,312.0673,173430,173533,103
103,0,blank,0,286.25416,354.32668,173707,173883,176
103,0,blank,0,223.0894,343.8527,173987,174054,67
103,23,array1,147,167.81506,375.0838,174169,174338,169
103,23,a,152,264.77562,362.05894,174547,174720,173
103,23,a,152,266.93075,359.97,174720,174787,67
103,0,blank,0,271.70865,379.733,174822,174962,140
103,23,++,154,312.70744,377.57936,175101,175278,177
103,23,;,155,316.69718,372.78856,175278,175449,171
103,0,blank,0,297.32375,383.0958,175484,175555,71
103,23,++,154,299.247125,374.33365,175592,175731,139
103,0,blank,0,249.7035,596.7004,176038,176106,68
103,0,blank,0,243.6172,574.855,176141,176177,36
103,0,blank,0,253.5248,470.4911,176247,176281,34
103,0,blank,0,237.5139,354.2807,176716,176758,42
103,0,blank,0,236.2964,378.912,176793,176829,36
103,0,blank,0,232.3939,363.2556,176938,176974,36
103,23,a,152,276.43625,371.120875,177232,177401,169
103,23,a,152,278.24442,370.3792,177401,177575,174
103,23,array1,147,172.01186,369.13478,177901,178098,197
103,0,blank,0,165.0819,242.853,178166,178274,108
103,0,blank,0,171.0173,240.1129,178309,178344,35
103,21,0,142,274.0077,331.448375,178449,178589,140
103,21,!=,141,223.481625,326.9821,178625,178766,141
103,0,blank,0,221.10636,312.87642,178801,178979,178
103,0,blank,0,189.7977,298.2919,179015,179052,37
103,21,i,139,185.6238,316.0012,179087,179121,34
103,0,blank,0,183.3703,313.6534,179190,179225,35
103,20,=,132,182.94275,309.12695,179294,179363,69
103,0,blank,0,182.847333333333,312.511633333333,179433,179537,104
103,20,26,124,313.7846,304.591625,179604,179746,142
103,20,26,124,303.44622,299.51724,179781,179955,174
103,20,0,133,363.48074,300.48104,179990,180166,176
103,20,],125,320.9985,303.9531,180202,180271,69
103,20,],125,320.8331,301.2686,180307,180339,32
103,20,26,124,301.90345,302.071,180408,180550,142
103,20,],125,159.012266666667,299.358766666667,180619,180725,106
103,20,26,124,153.0524,301.8005,180759,180795,36
103,10,),58,161.613925,80.983475,180900,181037,137
103,10,),58,157.96912,77.34922,181071,181247,176
103,10,),58,160.5001,76.439475,181247,181388,141
103,9,"Enteranotherstring\n",52,200.3403,60.549,181424,181561,137
103,0,blank,0,239.306175,311.301475,181628,181767,139
103,20,=,132,178.41902,306.96268,181871,182047,176
103,20,=,132,174.520466666667,311.0766,182047,182151,104
103,0,blank,0,160.9117,312.7719,182221,182257,36
103,20,],125,157.49718,310.34344,182397,182569,172
103,20,],125,156.0555,308.909266666667,182569,182671,102
103,11,find_anagram,62,180.74206,105.06178,182740,182917,177
103,0,blank,0,244.940675,82.2127,182988,183129,141
103,9,"Enteranotherstring\n",52,203.0657,57.0535,183270,183303,33
103,9,"Enteranotherstring\n",52,218.5643,68.5961,183339,183373,34
103,9,"Enteranotherstring\n",52,213.999,59.1522,183408,183445,37
103,0,blank,0,176.60615,41.135825,183518,183662,144
103,21,!=,141,222.794,313.370766666667,183767,183871,104
103,0,blank,0,183.3299,313.070533333333,183907,184008,101
103,21,array1,137,166.329216666667,314.781783333333,184110,184309,199
103,0,blank,0,165.9589,311.518866666667,184309,184411,102
103,0,blank,0,236.3277,310.8124,184449,184502,53
103,0,blank,0,234.1784,295.0114,184624,184708,84
103,20,num2,122,243.646,300.1104,184708,184885,177
103,20,num2,122,245.9801,311.2811,184885,184939,54
103,23,array1,147,154.582333333333,358.6626,185007,185109,102
103,0,blank,0,641.3243,265.4186,185499,185532,33
103,0,blank,0,640.3621,269.5215,185805,185840,35
103,0,blank,0,687.512,259.8113,186070,186104,34
103,0,blank,0,786.428,192.4742,186302,186348,46
103,0,blank,0,777.575,170.4734,186387,186428,41
103,21,!=,141,228.05285,319.833925,186675,186830,155
103,21,!=,141,219.229,325.0106,186936,186973,37
103,21,!=,141,228.1334,333.5497,187044,187079,35
103,21,!=,141,220.30912,329.84342,187148,187326,178
103,0,blank,0,213.35556,328.0683,187326,187495,169
103,0,blank,0,209.72318,326.87148,187495,187673,178
103,0,blank,0,212.304225,337.394575,187673,187813,140
103,21,],140,197.9376,328.3293,187849,187885,36
103,0,blank,0,223.7423,342.9724,187922,187959,37
103,0,blank,0,207.9869,336.40872,187995,188176,181
103,0,blank,0,238.00445,322.95295,188212,188282,70
103,0,blank,0,244.542633333333,332.751433333333,188315,188424,109
103,0,blank,0,222.307733333333,340.511533333333,188460,188568,108
103,21,!=,141,216.82368,333.57902,188602,188780,178
103,21,],140,197.28342,330.85112,188816,188995,179
103,21,],140,196.5908,333.6429,188995,189064,69
103,0,blank,0,205.06515,335.17465,189135,189205,70
103,21,!=,141,223.13118,328.78768,189241,189415,174
103,21,!=,141,228.1137,330.3105,189415,189450,35
103,0,blank,0,253.6107,337.132,189487,189522,35
103,21,!=,141,233.45495,322.8259,189557,189628,71
103,0,blank,0,243.444725,321.207225,189698,189840,142
103,0,blank,0,242.2855,326.4028,189908,189942,34
103,21,0,142,261.99105,330.51565,189976,190045,69
103,21,0,142,261.915125,326.19885,190080,190221,141
103,0,blank,0,259.71575,343.4886,190291,190362,71
103,0,blank,0,253.21924,337.45324,190398,190573,175
103,0,blank,0,153.4936,343.7583,190607,190643,36
103,0,blank,0,142.56314,336.23342,190677,190849,172
103,0,blank,0,151.1804,347.9256,190849,190885,36
103,0,blank,0,127.2559,336.249966666667,190919,191023,104
103,0,blank,0,183.1552,330.5739,191094,191128,34
103,21,],140,201.7214,332.51995,191269,191413,144
103,21,0,142,260.51735,322.77175,191486,191630,144
103,21,0,142,249.0414,318.232866666667,191666,191775,109
103,21,0,142,251.27,319.661,191811,191882,71
103,0,blank,0,-350,-105,191952,192108,156
103,0,blank,0,239.5354,332.8325,192164,192235,71
103,0,blank,0,243.2437,318.3333,192305,192330,25
103,0,blank,0,188.589233333333,349.6563,192472,192577,105
103,21,[,138,181.31545,323.66195,192952,193063,111
103,0,blank,0,237.432266666667,318.370066666667,193167,193274,107
103,21,!=,141,233.93644,326.64526,193346,193519,173
103,21,!=,141,229.57595,326.33495,193519,193590,71
103,0,blank,0,217.57496,334.45798,193662,193841,179
103,0,blank,0,207.603,315.7602,193841,193878,37
103,0,blank,0,243.77052,327.26378,193914,194095,181
103,0,blank,0,253.4542,335.8,194095,194131,36
103,0,blank,0,244.751933333333,328.688566666667,194167,194275,108
103,21,array1,137,125.3685,323.88785,194348,194420,72
103,21,array1,137,131.57325,332.4786,194456,194526,70
103,21,array1,137,119.9088,321.8798,194631,194664,33
103,0,blank,0,125.8697,334.40785,194771,194843,72
103,0,blank,0,243.13856,325.52216,194950,195128,178
103,21,0,142,246.87468,325.4286,195128,195305,177
103,0,blank,0,243.1279,324.2768,195305,195378,73
103,0,blank,0,281.85826,326.28446,195413,195594,181
103,21,0,142,275.733866666667,325.750333333333,195594,195701,107
103,0,blank,0,253.4016,341.92645,195916,195987,71
103,21,i,139,192.7069,325.2937,196023,196166,143
103,0,blank,0,142.5549,341.9586,196274,196310,36
103,0,blank,0,140.31095,342.57605,196417,196487,70
103,23,array1,147,145.908633333333,363.282766666667,196559,196664,105
103,23,array1,147,145.2944,372.4896,196808,196844,36
103,0,blank,0,167.8694,385.1286,196879,196913,34
103,0,blank,0,157.3,380.1447,196949,196983,34
103,0,blank,0,141.8632,379.1999,197119,197151,32
103,21,i,139,189.02475,332.71185,197352,197430,78
103,0,blank,0,154.2892,391.1485,197533,197568,35
103,0,blank,0,160.2811,383.544533333333,197638,197742,104
103,23,array1,147,157.4038,369.0103,197776,197811,35
103,0,blank,0,145.311,385.6063,197882,197917,35
103,23,array1,147,165.81815,374.70825,198141,198231,90
103,23,array1,147,155.1595,362.49875,198267,198337,70
103,23,array1,147,140.405,376.80976,198408,198584,176
103,23,[,148,132.2327,370.23425,198584,198654,70
103,0,blank,0,-350,-105,199142,199326,184
103,0,blank,0,-348.8941,-105.118,199326,199382,56
103,23,array1,147,161.0121,376.0941,199563,199602,39
103,23,array1,147,171.2878,373.8155,199634,199703,69
103,0,blank,0,143.331733333333,164.6622,199768,199862,94
103,11,find_anagram,62,146.65548,102.84268,199931,200104,173
103,0,blank,0,173.4586,75.5832,200580,200614,34
103,0,blank,0,179.8062,168.75406,200680,200849,169
103,0,blank,0,181.11285,172.8899,200849,200919,70
103,0,blank,0,241.1489,270.4842,200988,201023,35
103,18,array1,102,234.6385,258.2792,201056,201091,35
103,18,char,106,232.9651,264.3033,201126,201162,36
103,0,blank,0,186.08848,278.4625,201195,201367,172
103,20,0,133,205.887166666667,293.317766666667,201403,201505,102
103,20,comma,130,225.9141,304.4861,201538,201572,34
103,0,blank,0,186.5221,308.9478,201676,201745,69
103,0,blank,0,168.5884,303.3968,201780,201814,34
103,20,],125,160.55112,300.42334,201847,202017,170
103,0,blank,0,184.6257,351.4309,202051,202085,34
103,0,blank,0,166.5634,343.097,202151,202186,35
103,23,array1,147,176.3618,369.3969,202357,202392,35
103,23,array1,147,171.5909,366.0441,202427,202463,36
103,0,blank,0,237.8185,310.0379,202534,202569,35
103,20,},129,218.42738,293.69828,202604,202783,179
103,23,a,152,256.83182,368.8835,202853,203032,179
103,0,blank,0,230.5314,371.87328,203068,203243,175
103,0,blank,0,242.1439,378.2703,203243,203279,36
103,23,-,151,238.360866666667,369.814566666667,203352,203464,112
103,23,],153,285.9509,370.3539,203533,203569,36
103,23,],153,284.309575,374.39795,203606,203747,141
103,23,++,154,299.5042,373.0897,203780,203918,138
103,23,],153,284.61,370.3758,204024,204168,144
103,23,a,152,274.56805,362.8866,204202,204272,70
103,23,],153,289.0986,371.3482,204305,204340,35
103,20,comma,130,227.99574,302.8821,204405,204574,169
103,20,comma,130,231.96355,308.847,204574,204642,68
103,0,blank,0,208.8358,312.1259,204823,204896,73
103,20,=,132,174.1449,294.8788,205009,205094,85
103,23,array1,147,186.13025,372.98865,205236,205342,106
103,23,array1,147,182.2395,370.61775,205412,205479,67
103,0,blank,0,283.80386,372.20034,205614,205788,174
103,0,blank,0,291.4694,378.7609,205788,205824,36
103,0,blank,0,296.1909,383.2832,205859,205893,34
103,27,0,171,278.63275,451.57105,205929,206001,72
103,27,),172,284.13955,458.49895,206036,206105,69
103,0,blank,0,290.1391,482.245,206138,206206,68
103,0,blank,0,292.4759,488.7572,206274,206309,35
103,0,blank,0,267.866,473.6412,206342,206377,35
103,0,blank,0,288.97405,487.8374,206410,206480,70
103,27,i,168,186.77125,450.618625,206548,206686,138
103,27,array2,166,146.3611,447.2592,206793,206828,35
103,27,array2,166,137.0545,451.4322,206863,207004,141
103,27,],169,194.498,461.0005,207038,207072,34
103,27,i,168,187.4036,451.0154,207106,207212,106
103,27,i,168,191.637033333333,456.673133333333,207353,207457,104
103,27,i,168,190.172475,463.080325,207491,207630,139
103,27,array2,166,122.7832,446.2102,207665,207735,70
103,27,array2,166,130.1818,457.5459,207769,207840,71
103,27,array2,166,122.66085,454.897075,207912,208053,141
103,0,blank,0,280.28742,473.78796,208125,208303,178
103,0,blank,0,610.90592,42.27612,208407,208579,172
103,20,comma,130,230.5416,310.6671,208680,208715,35
103,0,blank,0,177.44165,357.71145,208751,208822,71
103,23,[,148,196.12625,370.14275,208857,208927,70
103,23,array1,147,193.6551,369.3341,208962,208998,36
103,29,array2,176,149.7773,491.1946,209104,209139,35
103,0,blank,0,137.017,481.7198,209177,209212,35
103,27,array2,166,121.50145,463.1197,209282,209350,68
103,0,blank,0,-350,-105,209419,209590,171
103,0,blank,0,-350,-105,209590,209773,183
103,0,blank,0,-350,-105,209773,209833,60
103,0,blank,0,298.3526,468.8007,210104,210138,34
103,0,blank,0,281.7616,469.32315,210171,210239,68
103,0,blank,0,253.0755,467.31145,210273,210342,69
103,0,blank,0,263.73852,469.60634,210377,210548,171
103,27,0,171,254.36276,462.46824,210582,210753,171
103,0,blank,0,259.990925,471.8266,210753,210888,135
103,0,blank,0,261.135466666667,466.790933333333,210923,211026,103
103,0,blank,0,251.896,471.938825,211062,211196,134
103,0,blank,0,257.1728,486.92755,211266,211334,68
103,0,blank,0,228.91592,476.03046,211369,211543,174
103,0,blank,0,241.0952,477.5679,211543,211578,35
103,0,blank,0,306.7847,480.7874,211715,211786,71
103,0,blank,0,292.115466666667,483.2834,211820,211926,106
103,0,blank,0,287.58835,516.7112,212066,212136,70
103,0,blank,0,294.898766666667,525.881066666667,212171,212279,108
103,0,blank,0,297.917633333333,533.2762,212313,212413,100
103,0,blank,0,226.55776,606.75588,212447,212617,170
103,0,blank,0,226.6015,595.5373,212684,212717,33
103,0,blank,0,191.4047,594.26544,212852,213021,169
103,0,blank,0,207.90485,621.9459,213055,213123,68
103,35,0,216,198.5426,625.9825,213259,213429,170
103,35,0,216,200.9893,629.5045,213429,213464,35
103,0,blank,0,178.9174,697.50046,213499,213674,175
103,0,blank,0,180.2237,698.30035,213674,213744,70
103,35,0,216,201.7311,636.02514,213779,213953,174
103,35,0,216,199.8868,639.31014,213953,214132,179
103,35,0,216,197.22675,637.38645,214132,214201,69
103,0,blank,0,264.5772,640.0203,214235,214339,104
103,0,blank,0,267.5514,621.9056,214408,214443,35
103,0,blank,0,260.26036,630.20168,214479,214657,178
103,34,num2,210,241.28684,614.11402,214657,214830,173
103,0,blank,0,232.919766666667,605.1156,214830,214932,102
103,32,i,199,167.7546,555.80418,215002,215180,178
103,0,blank,0,162.419,551.2203,215180,215218,38
103,0,blank,0,183.0609,581.5765,215289,215463,174
103,0,blank,0,182.7075,590.1543,215463,215499,36
103,35,0,216,196.9549,632.962833333333,215534,215639,105
103,0,blank,0,203.5178,646.98835,215741,215809,68
103,35,0,216,203.2534,628.9446,215879,215913,34
103,35,0,216,196.3962,633.85942,215949,216121,172
103,35,0,216,194.1525,632.89635,216224,216291,67
103,0,blank,0,186.16345,628.4032,216327,216400,73
103,0,blank,0,185.8396,637.8321,216470,216507,37
103,35,return,215,140.58092,627.85822,216541,216715,174
103,35,return,215,133.48505,623.449,216715,216786,71
103,0,blank,0,-350,-105,216857,217000,143
103,34,i,212,183.3887,611.3206,217206,217240,34
103,34,],213,190.8594,609.1991,217272,217308,36
103,0,blank,0,193.463,614.9496,217472,217505,33
103,0,blank,0,193.64155,598.14335,217574,217642,68
103,27,[,167,178.916225,456.692175,217744,217880,136
103,0,blank,0,198.1536,477.6931,217914,217950,36
103,23,array1,147,167.065275,367.33735,218321,218458,137
103,0,blank,0,241.71735,386.53795,218524,218591,67
103,0,blank,0,240.7902,652.3073,218800,218832,32
103,0,blank,0,253.4665,639.9429,218967,219000,33
103,0,blank,0,242.3524,625.3188,219034,219068,34
103,0,blank,0,234.85865,634.22315,219103,219172,69
103,0,blank,0,248.533966666667,631.371,219241,219343,102
103,0,blank,0,204.2106,466.68474,219483,219660,177
103,0,blank,0,209.9923,469.28558,219697,219875,178
103,0,blank,0,268.58956,470.12022,219910,220088,178
103,0,blank,0,270.1874,468.6335,220123,220159,36
103,0,blank,0,267.657,340.149366666667,220230,220333,103
103,21,0,142,262.268766666667,332.081833333333,220370,220478,108
103,0,blank,0,176.9177,80.456825,220552,220693,141
103,9,"Enteranotherstring\n",52,160.390566666667,63.6671666666667,220762,220862,100
103,9,"Enteranotherstring\n",52,156.4285,54.1422,220894,220928,34
103,9,"Enteranotherstring\n",52,238.7,54.96255,221564,221632,68
103,9,"Enteranotherstring\n",52,248.5469,60.0872,221948,221980,32
103,9,"Enteranotherstring\n",52,206.161275,58.5579,222120,222267,147
103,0,blank,0,272.988,86.8058,222376,222412,36
103,11,array1,64,275.19872,96.70582,222446,222617,171
103,11,array1,64,271.9633,93.4636,222617,222759,142
103,11,find_anagram,62,200.1824,106.99352,222827,223005,178
103,11,find_anagram,62,190.87715,105.12195,223005,223075,70
103,11,find_anagram,62,173.381933333333,96.1246333333333,223110,223217,107
103,11,find_anagram,62,168.577675,100.919525,223254,223404,150
103,11,find_anagram,62,239.174525,102.458525,223474,223616,142
103,11,find_anagram,62,231.54925,100.540925,223685,223826,141
103,11,find_anagram,62,227.56505,105.1484,223860,223931,71
103,0,blank,0,205.912033333333,91.2130666666666,223965,224068,103
103,11,find_anagram,62,194.2978,95.4876333333333,224104,224210,106
103,11,find_anagram,62,233.37964,94.32372,224318,224492,174
103,11,find_anagram,62,231.4718,93.1339,224492,224563,71
103,0,blank,0,298.0404,89.93975,224634,224703,69
103,0,blank,0,301.20236,92.50412,224770,224939,169
103,11,array1,64,303.85858,99.30654,224939,225112,173
103,0,blank,0,240.2084,334.6109,225182,225215,33
103,21,!=,141,233.9809,319.2255,225271,225385,114
103,0,blank,0,244.5406,350.1222,225626,225662,36
103,0,blank,0,230.88812,362.12092,225740,225916,176
103,0,blank,0,226.24775,366.39465,225916,225985,69
103,0,blank,0,223.1528,364.80225,226054,226124,70
103,29,],182,220.2639,498.3283,226194,226228,34
103,0,blank,0,160.0156,419.06205,226472,226541,69
103,27,array2,166,129.3581,458.1142,226612,226647,35
103,0,blank,0,130.756,442.3282,226680,226713,33
103,27,array2,166,126.121,448.4256,226817,226849,32
103,0,blank,0,145.27725,403.1769,226953,227022,69
103,23,],153,291.25544,364.85014,227125,227300,175
103,0,blank,0,135.23225,413.564875,227368,227506,138
103,0,blank,0,118.553975,444.626525,227573,227705,132
103,27,array2,166,116.6364,457.3751,227842,227877,35
103,0,blank,0,111.5949,444.4244,227912,227946,34
103,0,blank,0,139.3873,471.9017,228365,228400,35
103,0,blank,0,183.2658,469.7636,228436,228543,107
103,0,blank,0,189.4789,476.4175,228578,228613,35
103,0,blank,0,142.968533333333,440.970466666667,228683,228787,104
103,0,blank,0,172.76935,418.0799,228889,228956,67
103,0,blank,0,170.6262,410.3677,228991,229025,34
103,0,blank,0,164.7779,391.48455,229060,229132,72
103,0,blank,0,229.4665,490.2778,230009,230056,47
103,0,blank,0,267.42054,517.14754,230496,230683,187
103,0,blank,0,265.5158,521.8309,230683,230721,38
103,23,a,152,270.29722,368.95862,230757,230933,176
103,0,blank,0,265.0784,355.779,230933,230968,35
103,23,a,152,272.1095,365.6255,231004,231076,72
103,23,a,152,273.9153,364.2286,231112,231182,70
103,20,[,123,287.28284,295.0384,231252,231429,177
103,20,[,123,288.07772,295.16418,231429,231611,182
103,0,blank,0,282.98216,319.93232,231611,231791,180
103,21,),143,284.700766666667,323.474733333333,231791,231900,109
103,23,a,152,274.65376,363.5458,231936,232115,179
103,23,],153,289.59506,368.91978,232115,232288,173
103,23,],153,289.52454,369.61254,232288,232461,173
103,23,],153,289.747266666667,370.3334,232461,232567,106
103,0,blank,0,246.58094,376.31616,232601,232778,177
103,23,-,151,238.17675,375.5427,232778,232849,71
103,0,blank,0,219.376925,380.07755,232883,233018,135
103,23,a,152,274.4089,374.1078,233084,233154,70
103,0,blank,0,281.0615,383.8069,233189,233225,36
103,0,blank,0,226.834266666667,381.734266666667,233261,233367,106
103,0,blank,0,227.59604,383.87176,233404,233579,175
103,0,blank,0,225.84798,383.81352,233579,233752,173
103,0,blank,0,223.2972,392.5046,233752,233786,34
103,0,blank,0,161.3991,395.64284,233820,233995,175
103,0,blank,0,298.7638,378.14064,234065,234248,183
103,23,],153,285.36765,369.1756,234285,234356,71
103,0,blank,0,-350,-105,234392,234480,88
103,0,blank,0,307.16852,378.27498,234647,234821,174
103,23,],153,290.66534,375.34582,234890,235069,179
103,0,blank,0,295.3793,379.1297,235069,235139,70
103,23,a,152,278.81696,374.78858,235174,235351,177
103,23,a,152,280.1695,370.5368,235351,235385,34
103,0,blank,0,169.48415,384.994475,235487,235625,138
103,0,blank,0,153.61796,397.92866,235659,235830,171
103,0,blank,0,150.3961,398.9692,235830,235863,33
103,0,blank,0,155.13065,379.75705,236072,236140,68
103,0,blank,0,157.82515,380.36445,236176,236246,70
103,0,blank,0,152.72885,395.30285,236281,236353,72
103,0,blank,0,155.7988,410.2162,236388,236425,37
103,0,blank,0,151.407,409.8156,236458,236491,33
103,0,blank,0,274.234525,381.949475,236527,236670,143
103,0,blank,0,299.018,388.36704,236706,236888,182
103,0,blank,0,294.2151,385.95724,236888,237069,181
103,0,blank,0,302.0872,393.8106,237069,237105,36
103,0,blank,0,291.8716,386.64574,237142,237324,182
103,0,blank,0,250.33625,377.889075,237395,237535,140
103,0,blank,0,163.2963,382.0863,237569,237604,35
103,23,array1,147,162.8065,377.0558,237639,237675,36
103,0,blank,0,169.0345,378.0526,237822,237859,37
103,23,array1,147,162.4367,377.02875,237931,238003,72
103,23,a,152,274.0759,368.3501,238038,238074,36
103,23,a,152,272.644533333333,368.161566666667,238143,238247,104
103,23,array1,147,166.8551,369.1005,238317,238351,34
103,0,blank,0,-350,-105,238534,238570,36
103,0,blank,0,140.1043,388.5799,238748,238816,68
103,0,blank,0,306.580633333333,378.097266666667,238849,238954,105
103,23,++,154,308.12184,376.44662,238990,239166,176
103,23,],153,291.275633333333,374.508566666667,239307,239412,105
103,0,blank,0,291.3559,383.3296,239481,239516,35
103,23,],153,285.126475,369.26815,239550,239690,140
103,23,a,152,259.8527,371.34474,239724,239904,180
103,23,++,154,297.314,361.4658,239941,239977,36
103,0,blank,0,310.4068,378.1051,240012,240084,72
103,0,blank,0,233.18715,369.177,240120,240191,71
103,23,],153,214.1937,360.2755,240260,240293,33
103,23,-,151,237.3235,363.6635,240329,240363,34
103,0,blank,0,234.2571,379.1031,240397,240431,34
103,23,++,154,308.54956,376.21536,240502,240680,178
103,23,++,154,299.0927,369.9962,240680,240715,35
103,0,blank,0,240.3309,378.1634,240750,240787,37
103,0,blank,0,233.9656,358.9475,240857,240928,71
103,0,blank,0,229.7827,388.0789,240963,240998,35
103,23,],153,219.4418,370.1772,241067,241102,35
103,0,blank,0,221.9438,389.1821,241205,241240,35
103,15,"%sand%sarenotanagrams.\n",87,164.4966,200.7383,241411,241443,32
103,15,"%sand%sarenotanagrams.\n",87,180.585375,196.079975,241511,241647,136
103,21,!=,141,219.0276,326.21475,241747,241815,68
103,0,blank,0,-350,-105,241880,242020,140
103,0,blank,0,214.3635,344.6904,242257,242395,138
103,23,i,149,206.0048,363.8288,242431,242466,35
103,0,blank,0,245.151,375.5242,242565,242597,32
103,20,26,124,138.2647,311.6035,243572,243622,50
103,0,blank,0,203.4034,372.3355,244181,244281,100
103,0,blank,0,-350,-105,244677,244736,59
103,20,[,123,130.068,310.5844,244766,244810,44
103,0,blank,0,-350,-105,245074,245108,34
103,0,blank,0,188.1219,386.9035,245369,245423,54
103,23,a,152,275.9625,370.6326,246336,246437,101
103,0,blank,0,-350,-105,246855,246900,45
103,0,blank,0,-350,-105,246988,247128,140
103,0,blank,0,187.5185,285.7534,247919,247966,47
103,0,blank,0,214.918666666667,353.813866666667,248478,248576,98
103,0,blank,0,212.517533333333,357.5932,248610,248706,96
103,0,blank,0,214.8056,350.768,248738,248774,36
103,0,blank,0,48.8585,393.10682,248837,249004,167
103,0,blank,0,50.4758,383.1971,249004,249038,34
103,0,blank,0,41.8859,393.12574,249105,249273,168
103,0,blank,0,40.56336,392.1757,249273,249444,171
103,0,blank,0,43.7614333333333,392.202766666667,249444,249546,102
103,0,blank,0,44.10406,392.53514,249580,249753,173
103,0,blank,0,37.0992,378.0823,249753,249787,34
103,0,blank,0,40.5129333333333,389.194233333333,249821,249924,103
103,21,while,135,63.026525,318.297075,249960,250100,140
103,0,blank,0,20.45145,455.37785,250241,250384,143
103,0,blank,0,13.91782,445.30442,250455,250634,179
103,0,blank,0,11.13752,439.17626,250634,250813,179
103,0,blank,0,8.62004000000001,440.4072,250813,250986,173
103,0,blank,0,6.802,440.241133333333,250986,251090,104
103,0,blank,0,-350,-105,251161,251274,113
103,0,blank,0,81.87032,498.87158,251482,251648,166
103,0,blank,0,71.3722666666667,502.162133333333,251648,251751,103
103,29,[,177,201.98684,494.55534,251783,251951,168
103,29,[,177,200.596525,496.775475,251951,252082,131
103,0,blank,0,52.61894,512.13966,252116,252285,169
103,0,blank,0,52.15615,507.22795,252285,252354,69
103,0,blank,0,60.7625666666667,393.280466666667,252422,252523,101
103,0,blank,0,69.5611,366.045825,252662,252797,135
103,21,array1,137,148.649025,319.603,252864,252997,133
103,0,blank,0,80.78454,292.28576,253068,253249,181
103,0,blank,0,77.35975,292.038,253249,253385,136
103,20,num1,113,84.211575,295.239975,253419,253558,139
103,23,[,148,202.98172,365.62616,253593,253769,176
103,0,blank,0,202.170866666667,378.406666666667,253769,253876,107
103,23,num1,145,92.91448,372.99236,253947,254123,176
103,0,blank,0,61.38474,370.69686,254158,254331,173
103,0,blank,0,60.40345,365.4383,254331,254402,71
103,0,blank,0,53.0899,515.0231,254473,254511,38
103,0,blank,0,48.4938,525.3493,254548,254620,72
103,0,blank,0,44.12594,498.33498,254655,254834,179
103,0,blank,0,42.24684,499.1964,254834,255014,180
103,0,blank,0,41.8483,497.0869,255014,255124,110
103,0,blank,0,-350,-105,255161,255274,113
103,0,blank,0,94.2315,534.6929,255321,255378,57
103,29,num2,174,95.79708,501.36212,255464,255632,168
103,29,num2,174,97.62165,505.48655,255632,255703,71
103,32,for,189,73.11258,560.2787,255774,255948,174
103,0,blank,0,36.9837,562.8365,255982,256017,35
103,0,blank,0,41.4109666666667,566.676433333333,256052,256159,107
103,0,blank,0,17.13594,566.69804,256195,256373,178
103,0,blank,0,14.2149,564.37155,256373,256444,71
103,0,blank,0,70.5415666666667,534.576333333333,256518,256624,106
103,0,blank,0,79.3865666666667,496.387466666667,256661,256766,105
103,29,array2,176,172.62476,493.2107,256837,257012,175
103,23,array1,147,165.03085,366.2119,257048,257120,72
103,23,array1,147,180.08524,362.60422,257224,257400,176
103,0,blank,0,-350,-105,257469,257610,141
103,29,[,177,126.1476,497.151716666667,257636,257831,195
103,0,blank,0,65.75392,501.73774,257900,258070,170
103,0,blank,0,66.4113333333333,500.377466666667,258070,258178,108
103,29,num2,174,111.95294,494.14,258212,258388,176
103,29,num2,174,108.0782,503.398,258388,258424,36
103,29,num2,174,120.54866,496.03938,258460,258640,180
103,29,[,177,200.43036,495.43044,258675,258852,177
103,0,blank,0,199.564,487.8557,258852,258887,35
103,0,blank,0,40.19092,517.55308,258960,259132,172
103,0,blank,0,40.01304,521.84644,259132,259306,174
103,0,blank,0,35.56132,540.65724,259306,259482,176
103,0,blank,0,32.8868,537.2357,259482,259519,37
103,0,blank,0,32.466325,574.565325,259553,259696,143
103,0,blank,0,5.55462,575.84102,259732,259913,181
103,0,blank,0,0.537599999999998,562.3976,259913,259949,36
103,0,blank,0,10.4975,571.2673,259986,260023,37
103,32,for,189,61.23078,570.94538,260057,260241,184
103,32,for,189,61.43398,568.06294,260241,260424,183
103,32,for,189,63.6621,566.8287,260424,260460,36
103,32,(,190,89.91646,567.93698,260495,260677,182
103,32,(,190,90.4569,566.28714,260677,260859,182
103,32,(,190,92.7505,562.7935,260859,260895,36
103,0,blank,0,116.07,552.11,260930,260967,37
103,0,blank,0,124.21546,560.95534,261002,261184,182
103,32,;,198,151.11938,569.0934,261222,261402,180
103,0,blank,0,150.1953,551.6026,261402,261439,37
103,32,0,193,140.37498,561.71412,261512,261687,175
103,32,0,193,138.2336,560.1595,261687,261722,35
103,32,=,192,123.9503,562.4831,261758,261928,170
103,32,=,192,122.97126,566.33918,261928,262099,171
103,32,=,192,119.2723,565.9254,262099,262136,37
103,32,;,198,144.50746,567.36944,262170,262348,178
103,32,0,193,143.714775,571.136225,262348,262493,145
103,0,blank,0,130.06286,559.58282,262528,262710,182
103,32,=,192,122.7574,559.4541,262710,262887,177
103,32,=,192,118.11006,555.88934,262887,263059,172
103,32,=,192,116.633,558.8749,263059,263128,69
103,32,0,193,143.58216,565.56862,263161,263339,178
103,32,;,198,147.7513,557.4697,263339,263373,34
103,0,blank,0,180.40838,561.20084,263409,263584,175
103,0,blank,0,174.03268,562.24488,263584,263768,184
103,32,i,199,167.15258,566.5807,263768,263946,178
103,32,i,199,167.8697,566.44234,263946,264122,176
103,32,i,199,166.678825,561.731275,264122,264262,140
103,32,i,199,168.2028,561.6246,264297,264333,36
103,29,array2,176,171.82772,500.5732,264368,264543,175
103,0,blank,0,176.60162,561.68194,264614,264789,175
103,32,i,199,168.0648,566.71692,264825,265002,177
103,32,i,199,170.6147,571.01996,265002,265177,175
103,32,i,199,168.9057,573.72456,265177,265354,177
103,32,i,199,164.52324,575.27474,265354,265530,176
103,0,blank,0,153.09065,577.378,265530,265674,144
103,32,;,198,149.3597,571.5099,265710,265747,37
103,32,;,198,145.16715,573.1332,265783,265857,74
103,0,blank,0,54.5776333333333,625.607866666667,265929,266068,139
103,0,blank,0,-350,-105,266199,266323,124
103,0,blank,0,52.2318,611.0926,266548,266582,34
103,0,blank,0,44.478875,617.575625,266623,266782,159
103,34,if,203,92.84378,610.01588,266844,267016,172
103,34,if,203,92.12758,612.0397,267016,267194,178
103,34,if,203,98.74288,611.0321,267194,267364,170
103,34,if,203,99.4781,618.7122,267364,267433,69
103,0,blank,0,106.02594,613.64728,267468,267638,170
103,0,blank,0,107.50658,609.16568,267638,267819,181
103,0,blank,0,106.95428,608.66478,267819,268000,181
103,34,if,203,103.1462,617.1683,268000,268036,36
103,0,blank,0,143.97098,598.53954,268108,268287,179
103,34,num1,205,140.859233333333,602.1469,268287,268396,109
103,34,(,204,121.06976,608.0725,268505,268689,184
103,34,if,203,94.37,616.6946,268726,268764,38
103,34,if,203,90.8925666666667,608.882933333333,268802,268915,113
103,0,blank,0,80.71336,483.95594,269025,269207,182
103,29,array2,176,135.4928,492.930266666667,269279,269384,105
103,29,array2,176,163.18914,493.44356,269420,269594,174
103,29,array2,176,161.18744,496.67192,269594,269775,181
103,29,array2,176,161.8569,501.1439,269775,269811,36
103,23,array1,147,174.8622,370.8753,269880,269915,35
103,23,array1,147,179.00642,369.97288,269950,270134,184
103,23,array1,147,176.9323,362.7037,270134,270169,35
103,23,array1,147,182.2106,369.392933333333,270240,270346,106
103,21,[,138,180.68504,329.07772,270381,270560,179
103,21,[,138,178.3567,324.71585,270560,270629,69
103,20,num1,113,100.827,297.97772,270701,270881,180
103,0,blank,0,81.57004,341.91276,270918,271105,187
103,0,blank,0,74.6927,341.4744,271105,271143,38
103,23,num1,145,96.60506,358.6769,271180,271359,179
103,23,num1,145,87.8789,363.29325,271359,271504,145
103,23,num1,145,87.21895,374.2048,271539,271609,70
103,0,blank,0,82.35735,297.17275,271680,271754,74
103,0,blank,0,80.02108,295.0661,271792,271977,185
103,0,blank,0,81.67978,295.05368,271977,272150,173
103,0,blank,0,84.6713,290.5411,272150,272186,36
103,23,num1,145,114.34878,363.93258,272255,272432,177
103,23,num1,145,110.90922,364.38826,272432,272611,179
103,0,blank,0,87.962225,337.497525,272648,272792,144
103,0,blank,0,81.40634,311.46526,272861,273030,169
103,0,blank,0,79.7527,311.2289,273030,273201,171
103,20,num1,113,83.5208,302.0095,273201,273236,35
103,0,blank,0,102.90795,353.55285,273272,273417,145
103,23,num1,145,102.416,366.2731,273454,273488,34
103,23,num1,145,108.4753,358.2482,273524,273594,70
103,0,blank,0,72.09152,126.93844,273664,273840,176
103,12,(,70,78.2204,127.3526,273840,273876,36
103,7,printf,40,67.70626,10.39822,273912,274090,178
103,7,printf,40,68.43396,11.82526,274090,274261,171
103,7,printf,40,70.185725,12.25845,274261,274403,142
103,0,blank,0,94.97812,70.32166,274439,274615,176
103,9,printf,50,98.6787,68.8518,274615,274650,35
103,0,blank,0,985.2758,415.94152,275104,275277,173
103,0,blank,0,988.860666666667,408.004433333333,275277,275378,101
103,0,blank,0,985.116,406.1328,275413,275448,35
103,0,blank,0,983.33,415.6432,275515,275549,34
103,0,blank,0,978.643,368.54448,275583,275756,173
103,0,blank,0,977.9832,361.68414,275826,276000,174
103,0,blank,0,975.0355,358.01185,276000,276136,136
103,0,blank,0,970.9772,412.28568,276204,276379,175
103,0,blank,0,972.3445,414.15065,276379,276451,72
103,0,blank,0,975.0714,418.02412,276488,276671,183
103,0,blank,0,981.96325,411.633025,276708,276856,148
103,0,blank,0,979.865,417.2512,276893,276929,36
103,0,blank,0,991.3036,29.65324,277039,277223,184
103,0,blank,0,991.822,32.6834,277223,277259,36
103,0,blank,0,986.8576,33.35294,277295,277471,176
103,0,blank,0,988.0095,40.6296,277471,277547,76
104,0,blank,0,141.0715,91.48334,277960,278141,181
104,0,blank,0,153.99315,88.29175,278141,278276,135
104,0,blank,0,140.5227,87.314,278980,279013,33
104,0,blank,0,112.6407,86.1552,279047,279217,170
104,0,blank,0,101.8976,85.4165,279217,279252,35
104,5,array1,27,103.3774,98.1511,279286,279322,36
104,0,blank,0,102.66474,88.03008,279557,279725,168
104,0,blank,0,104.677875,88.050775,279725,279860,135
104,0,blank,0,104.6631,87.0593,279929,279961,32
104,5,array1,27,102.332575,96.0756,279994,280129,135
104,6,flag,38,105.7601,115.1544,280262,280293,31
104,0,blank,0,283.12128,84.0574,280593,280760,167
104,0,blank,0,282.8379,80.6314,280760,280793,33
104,7,"Enterthestring\n",42,139.182,148.0749,281029,281062,33
104,0,blank,0,-350,-105,281451,281573,122
105,27,[,167,176.5461,449.3842,282665,282714,49
105,0,blank,0,139.06575,476.14715,282761,282854,93
105,27,while,164,78.54298,459.62418,282901,283081,180
105,27,while,164,77.21048,459.60392,283081,283247,166
105,0,blank,0,79.7597,470.1887,283247,283281,34
105,0,blank,0,69.4822,474.3963,283348,283382,34
105,0,blank,0,68.67395,478.87955,283416,283484,68
105,27,while,164,81.98494,457.47526,283519,283686,167
105,23,array1,147,148.9443,365.68436,283752,283918,166
105,23,array1,147,151.728733333333,366.950133333333,283952,284053,101
105,23,array1,147,135.2402,361.86895,284086,284152,66
105,23,array1,147,133.69864,370.7885,284185,284355,170
105,23,array1,147,169.863133333333,361.081016666667,284422,284621,199
105,23,num1,145,95.9874,359.46985,284654,284852,198
105,23,num1,145,89.3631,363.4915,284852,284884,32
105,23,num1,145,91.3297,360.3842,284918,284951,33
105,0,blank,0,81.41552,355.25492,284985,285155,170
105,0,blank,0,57.05932,361.53426,285189,285363,174
105,0,blank,0,59.2345,359.4098,285363,285498,135
105,23,[,148,130.78682,369.0649,285532,285704,172
105,23,[,148,131.01312,373.34416,285704,285881,177
105,0,blank,0,504.3037,-103.88775,286087,286149,62
105,0,blank,0,-350,-105,286245,286440,195
105,0,blank,0,-350,-105,286440,286819,379
105,0,blank,0,-350,-105,286819,286939,120
105,0,blank,0,-350,-105,286939,287118,179
105,0,blank,0,-350,-105,287118,287227,109
105,0,blank,0,-350,-105,287227,287395,168
105,0,blank,0,-350,-105,287395,287633,238
105,0,blank,0,-350,-105,287633,287753,120
105,0,blank,0,-350,-105,287753,290057,2304
105,0,blank,0,-350,-105,290057,290187,130
105,0,blank,0,-350,-105,290187,290368,181
105,0,blank,0,263.3472,380.7267,292446,292495,49
105,0,blank,0,229.6808,377.2081,292585,292632,47
105,0,blank,0,171.8122,344.125266666667,292938,293056,118
105,0,blank,0,187.972625,347.545,293090,293222,132
105,0,blank,0,190.336466666667,352.193433333333,293256,293357,101
105,23,array1,147,182.932116666667,364.292966666667,293390,293589,199
105,23,array1,147,186.59012,358.33106,293589,293756,167
105,23,array1,147,190.20912,358.15146,293756,293925,169
105,0,blank,0,187.2841,355.513275,293925,294059,134
105,23,array1,147,145.819033333333,367.7315,294128,294231,103
105,0,blank,0,73.469,370.09932,294300,294476,176
105,0,blank,0,70.1715,378.8523,294476,294510,34
105,0,blank,0,-350,-105,294546,294737,191
105,23,num1,145,120.5803,360.41365,294770,294825,55
105,23,[,148,198.71965,364.1919,294895,294965,70
105,0,blank,0,201.2458,355.9051,294998,295099,101
105,0,blank,0,32.42736,400.5667,295200,295370,170
105,0,blank,0,31.2592,397.2601,295370,295441,71
105,0,blank,0,33.37802,432.0992,295511,295687,176
105,0,blank,0,31.2373,440.62415,295687,295757,70
105,0,blank,0,37.471,395.51066,295792,295969,177
105,0,blank,0,40.498,391.2176,295969,296004,35
105,27,while,164,56.443,451.89464,296039,296216,177
105,27,while,164,60.2393,452.0181,296216,296251,35
105,0,blank,0,24.91346,435.1064,296320,296500,180
105,0,blank,0,23.2963,436.1428,296500,296536,36
105,27,while,164,76.65298,451.78388,296605,296786,181
105,27,while,164,77.6224333333333,446.839533333333,296786,296895,109
105,27,(,165,107.58326,449.02226,296932,297115,183
105,0,blank,0,103.5075,448.4254,297115,297187,72
105,0,blank,0,174.8397,444.82624,297259,297444,185
105,27,(,165,107.18966,454.52598,297516,297695,179
105,0,blank,0,94.9424,455.91216,297695,297870,175
105,27,while,164,90.71265,455.3495,297870,297939,69
105,0,blank,0,98.65308,357.9444,297974,298157,183
105,23,num1,145,98.19285,365.4629,298157,298230,73
105,23,num1,145,111.76394,371.29752,298267,298451,184
105,23,num1,145,108.11115,377.4175,298451,298525,74
105,0,blank,0,108.851666666667,429.6965,298564,298676,112
105,0,blank,0,102.70386,445.44086,298714,298894,180
105,27,(,165,106.81985,450.70035,298894,299038,144
105,27,array2,166,162.23494,451.41972,299075,299254,179
105,27,array2,166,154.52836,451.73122,299254,299434,180
105,27,array2,166,154.32468,447.76698,299434,299607,173
105,27,array2,166,156.15308,447.2946,299607,299785,178
105,27,array2,166,157.9797,453.4133,299785,299855,70
105,27,[,167,179.04978,450.85486,299891,300070,179
105,0,blank,0,43.47356,492.32508,300143,300320,177
105,0,blank,0,41.90478,495.75118,300320,300500,180
105,0,blank,0,43.4476333333333,493.820133333333,300500,300609,109
105,0,blank,0,-350,-105,300675,300808,133
105,0,blank,0,70.6284,371.8744,300925,300985,60
105,0,blank,0,46.75614,386.48684,301018,301187,169
105,0,blank,0,42.7851,389.34,301187,301254,67
105,0,blank,0,50.79358,379.52374,301289,301456,167
105,29,num2,174,91.66908,493.42346,301523,301692,169
105,29,num2,174,92.93045,491.00315,301692,301759,67
105,29,num2,174,114.97062,495.02112,301793,301962,169
105,29,num2,174,119.6352,491.8608,301962,301997,35
105,23,num1,145,114.48742,364.578,302066,302235,169
105,23,num1,145,112.26066,362.14448,302235,302412,177
105,23,num1,145,119.5141,361.8385,302412,302447,35
105,0,blank,0,100.05536,444.83502,302519,302692,173
105,0,blank,0,100.74228,452.36708,302692,302862,170
105,0,blank,0,135.968733333333,481.885666666667,302896,302995,99
105,0,blank,0,-350,-105,303066,303196,130
105,0,blank,0,150.41895,488.11855,303301,303433,132
105,0,blank,0,194.72532,489.5305,303467,303636,169
105,29,array2,176,193.4071,495.3451,303636,303669,33
105,29,num2,174,93.14202,502.94726,303737,303908,171
105,29,num2,174,91.34414,498.74258,303908,304081,173
105,21,array1,137,141.43534,326.2845,304181,304352,171
105,21,array1,137,138.98635,329.4715,304352,304424,72
105,15,printf,85,133.1869,186.34375,304493,304634,141
105,11,find_anagram,62,150.61196,97.33558,304703,304876,173
105,10,array2,57,145.0485,83.4219,304912,304945,33
105,9,"Enteranotherstring\n",52,147.0286,65.6336,305015,305049,34
105,10,array2,57,121.7894,77.9857,305083,305118,35
105,10,array2,57,121.39756,81.59066,305152,305322,170
105,10,array2,57,123.41666,81.69194,305322,305494,172
105,11,find_anagram,62,117.5468,101.1277,305494,305528,34
105,10,array2,57,126.5449,85.4404,305562,305595,33
105,0,blank,0,151.97736,484.62218,305664,305838,174
105,0,blank,0,152.641,486.17745,305838,305976,138
105,0,blank,0,189.8522,486.819333333333,306011,306116,105
105,29,array2,176,187.715266666667,493.567866666667,306150,306255,105
105,0,blank,0,-350,-105,306326,306413,87
105,0,blank,0,187.6032,488.32885,306576,306636,60
105,29,array2,176,152.76528,493.93674,306671,306847,176
105,29,array2,176,148.2796,500.1655,306847,306908,61
105,29,[,177,131.8026,491.6606,307035,307140,105
105,0,blank,0,74.534425,500.800875,307301,307458,157
105,0,blank,0,66.825925,494.634025,307489,307633,144
105,0,blank,0,167.91052,489.83696,307702,307876,174
105,0,blank,0,193.162066666667,487.6599,307910,308015,105
105,29,array2,176,189.0573,494.0712,308051,308084,33
105,0,blank,0,174.2337,480.94508,308120,308300,180
105,0,blank,0,172.1917,474.4994,308300,308335,35
105,0,blank,0,138.3177,488.88402,308372,308555,183
105,0,blank,0,138.627033333333,484.084933333333,308555,308665,110
105,29,[,177,195.49708,490.23546,308703,308884,181
105,29,array2,176,176.96582,492.52354,308921,309102,181
105,29,array2,176,176.0931,491.723525,309102,309246,144
105,0,blank,0,145.89788,487.96576,309280,309461,181
105,29,array2,176,142.18664,490.78744,309461,309645,184
105,29,[,177,131.2169,498.17752,309645,309828,183
105,29,[,177,130.92218,496.71014,309828,310008,180
105,29,num2,174,89.89888,494.45114,310045,310220,175
105,29,num2,174,90.93975,494.7375,310220,310287,67
105,29,[,177,127.01354,497.50464,310392,310572,180
105,29,[,177,126.91745,498.6327,310572,310715,143
105,29,array2,176,178.91134,492.24326,310752,310933,181
105,0,blank,0,176.0559,486.98355,310933,311006,73
105,29,array2,176,167.24008,493.80248,311041,311221,180
105,29,array2,176,168.4626,493.5212,311221,311293,72
105,29,array2,176,145.43236,497.63166,311328,311508,180
105,29,array2,176,144.44148,497.40852,311508,311692,184
105,29,array2,176,145.120725,492.7727,311692,311837,145
105,29,num2,174,121.169625,499.970225,311874,312020,146
105,29,num2,174,122.4591,497.38856,312055,312230,175
105,29,num2,174,120.79678,497.79074,312230,312411,181
105,29,array2,176,133.0962,495.1954,312411,312448,37
105,29,array2,176,153.16552,499.09986,312486,312666,180
105,29,array2,176,153.2572,506.0037,312666,312704,38
105,29,[,177,200.49814,501.19442,312739,312911,172
105,0,blank,0,191.8807,489.9883,312911,312947,36
105,29,array2,176,189.14432,500.39604,312983,313164,181
105,29,array2,176,186.3096,505.2457,313164,313200,36
105,0,blank,0,37.4636,519.706966666667,313272,313380,108
105,0,blank,0,39.77216,528.69486,313415,313601,186
105,0,blank,0,36.77884,538.5558,313601,313781,180
105,0,blank,0,33.68092,545.22298,313781,313968,187
105,0,blank,0,31.533725,545.241225,313968,314115,147
105,0,blank,0,75.77485,584.67775,314187,314330,143
105,0,blank,0,78.08548,575.01444,314366,314547,181
105,31,},188,46.3872,546.768166666667,314584,314698,114
105,31,},188,46.281,548.9464,314771,314808,37
105,32,for,189,62.2741,572.263833333333,314842,314950,108
105,33,{,202,45.9761,580.43252,314985,315163,178
105,0,blank,0,13.38892,575.62146,315197,315381,184
105,0,blank,0,13.29504,576.22174,315381,315560,179
105,0,blank,0,8.27699999999999,575.67454,315560,315747,187
105,0,blank,0,8.02780000000001,577.1385,315747,315784,37
105,32,for,189,48.81624,574.31072,315821,315998,177
105,33,{,202,44.3094,585.6979,316069,316105,36
105,32,for,189,69.26874,575.8484,316142,316320,178
105,32,for,189,66.56856,574.17514,316320,316498,178
105,32,(,190,91.21714,573.39284,316532,316708,176
105,32,(,190,89.26714,572.57616,316708,316883,175
105,0,blank,0,74.63266,575.65686,316883,317058,175
105,0,blank,0,76.63424,578.07306,317058,317236,178
105,0,blank,0,80.3605666666667,577.632866666667,317236,317345,109
105,0,blank,0,106.024,575.302,317381,317490,109
105,0,blank,0,-350,-105,317562,317739,177
105,0,blank,0,-350,-105,317739,317812,73
105,0,blank,0,121.35105,586.3033,317876,317952,76
105,0,blank,0,135.84574,576.34258,317988,318158,170
105,0,blank,0,135.907766666667,576.5624,318158,318261,103
105,32,i,199,172.720333333333,570.239,318295,318400,105
105,32,i,199,172.7181,572.7749,318436,318474,38
105,0,blank,0,157.303125,567.5882,318509,318651,142
105,32,for,189,48.441425,568.57185,318757,318897,140
105,0,blank,0,21.3574,567.22648,318934,319114,180
105,0,blank,0,17.989,558.4722,319114,319149,35
105,0,blank,0,-1.21061999999999,566.16428,319184,319358,174
105,0,blank,0,-0.481449999999995,563.96865,319358,319427,69
105,32,for,189,48.37288,566.11692,319497,319675,178
105,32,for,189,52.74425,561.9068,319675,319747,72
105,32,for,189,53.0532,571.31922,319783,319963,180
105,32,for,189,51.2164333333333,573.837533333333,319963,320068,105
105,32,(,190,90.3412,569.7672,320103,320138,35
105,32,(,190,86.6988,572.586333333333,320207,320311,104
105,0,blank,0,84.54475,565.1133,320346,320415,69
105,32,=,192,123.63258,560.1853,320453,320634,181
105,32,=,192,118.4217,565.24192,320634,320811,177
105,0,blank,0,83.5827,567.4397,320848,320920,72
105,0,blank,0,80.51986,566.86096,320952,321128,176
105,0,blank,0,111.41688,567.80896,321163,321336,173
105,32,i,199,99.4664,566.48994,321405,321579,174
105,0,blank,0,110.8956,569.2858,321579,321612,33
105,32,0,193,142.57712,565.28582,321647,321822,175
105,32,0,193,140.238533333333,573.714733333333,321822,321927,105
105,32,0,193,142.25466,564.73014,321997,322169,172
105,32,0,193,138.51294,563.24626,322169,322344,175
105,0,blank,0,132.9355,572.8842,322344,322379,35
105,0,blank,0,158.73346,574.68318,322415,322590,175
105,32,i,199,164.503,575.732233333333,322590,322695,105
105,0,blank,0,37.5912,606.16345,322765,322834,69
105,0,blank,0,41.2356,602.2686,322869,322904,35
105,0,blank,0,27.1868666666667,604.830933333333,322939,323049,110
105,0,blank,0,26.783225,617.0792,323120,323258,138
105,0,blank,0,71.2937,614.09936,323292,323459,167
105,0,blank,0,73.4094333333333,618.531933333333,323459,323562,103
105,0,blank,0,76.41782,609.06984,323595,323762,167
105,0,blank,0,82.9042666666667,616.035433333333,323762,323863,101
105,0,blank,0,45.49595,620.269375,323895,324030,135
105,0,blank,0,-350,-105,324099,324269,170
105,0,blank,0,-350,-105,324269,324305,36
105,0,blank,0,80.0959,621.7369,324332,324351,19
105,0,blank,0,78.4149,608.9085,324387,324454,67
105,34,if,203,100.42348,606.66844,324489,324662,173
105,0,blank,0,105.5264,615.778,324662,324695,33
105,34,if,203,98.2481,599.5539,324764,324797,33
105,34,num1,205,130.1666,610.8433,324832,325002,170
105,34,num1,205,127.7359,611.364,325002,325035,33
105,34,num1,205,131.8805,605.40345,325068,325136,68
105,0,blank,0,164.54726,611.0413,325200,325370,170
105,34,[,211,168.07185,604.87705,325370,325438,68
105,34,num1,205,158.1203,609.16244,325472,325646,174
105,34,num1,205,147.24058,614.4547,325646,325820,174
105,34,num1,205,144.251033333333,615.263366666667,325820,325926,106
105,34,],213,186.04704,612.66198,325958,326137,179
105,34,],213,186.33065,610.7353,326137,326207,70
105,34,i,212,180.419,619.3159,326242,326278,36
105,0,blank,0,84.2766,626.9949,326315,326489,174
105,0,blank,0,86.5088666666667,633.043366666667,326489,326593,104
105,0,blank,0,77.3241,632.948633333333,326629,326730,101
105,0,blank,0,141.0973,162.3691,326873,327049,176
105,0,blank,0,137.4324,158.7107,327049,327121,72
105,13,printf,75,95.72745,151.71145,327155,327223,68
105,11,flag,60,77.1269,111.286,327371,327461,90
105,13,"%sand%sareanagrams.\n",77,292.9327,140.0967,327587,327655,68
105,0,blank,0,371.8351,127.6546,327754,327820,66
105,0,blank,0,365.579,132.6694,327853,327886,33
105,0,blank,0,321.9229,131.57385,327952,328017,65
105,0,blank,0,325.6374,123.098,328050,328081,31
105,0,blank,0,240.838166666667,124.344133333333,328148,328246,98
105,0,blank,0,233.4969,124.8487,328278,328312,34
105,0,blank,0,204.3494,126.0253,328345,328414,69
105,0,blank,0,202.108375,127.1386,328552,328686,134
105,0,blank,0,197.363,121.9204,328722,328756,34
105,13,"%sand%sareanagrams.\n",77,229.9888,152.245925,328792,328927,135
105,0,blank,0,191.5471,171.406133333333,328994,329096,102
105,0,blank,0,31.94168,168.1835,329230,329399,169
105,0,blank,0,27.19145,169.1851,329433,329501,68
105,0,blank,0,22.68936,155.55288,329569,329739,170
105,0,blank,0,45.724675,184.64515,329805,329940,135
105,0,blank,0,-350,-105,329974,330141,167
105,0,blank,0,45.0873,616.0243,330291,330352,61
105,0,blank,0,37.8721,619.7452,330421,330455,34
105,0,blank,0,23.9294,687.6371,330523,330558,35
105,0,blank,0,21.16256,673.1584,330659,330827,168
105,0,blank,0,24.9931,669.3937,330827,330860,33
105,37,return,219,51.3187,673.89365,331026,331159,133
105,13,printf,75,94.79094,157.3676,331360,331532,172
105,10,array2,57,95.9525,82.2199,331597,331766,169
105,10,array2,57,94.9312,77.5759,331766,331834,68
105,10,gets,55,74.3411,83.2821,331903,331973,70
105,11,flag,60,78.8039666666667,95.8802666666667,332075,332180,105
105,0,blank,0,37.92944,87.9707,332215,332387,172
105,0,blank,0,36.5288,86.7012,332387,332421,34
105,0,blank,0,198.85562,85.78184,332489,332660,171
105,0,blank,0,200.697275,86.60775,332660,332798,138
105,10,array2,57,107.64626,85.0326,332868,333040,172
105,10,array2,57,106.4488,77.3939,333040,333211,171
105,10,(,56,87.53572,82.4744,333245,333422,177
105,10,gets,55,79.4697,85.0244,333422,333458,36
105,8,array1,47,140.84848,46.51482,333493,333670,177
105,8,array1,47,140.4208,45.51908,333670,333850,180
105,9,"Enteranotherstring\n",52,210.8483,52.44348,333885,334058,173
105,0,blank,0,132.80954,538.97648,334128,334305,177
105,32,0,193,134.023133333333,569.7396,334340,334447,107
105,0,blank,0,113.18388,468.854,334515,334693,178
105,0,blank,0,109.9321,466.8259,334693,334729,36
105,27,array2,166,138.63574,446.2385,334764,334938,174
105,27,array2,166,139.09145,446.57405,334938,335008,70
105,29,array2,176,152.183925,492.3958,335044,335177,133
105,29,array2,176,155.41385,490.81055,335211,335281,70
105,0,blank,0,170.588375,400.45885,335314,335458,144
105,23,array1,147,173.97698,366.6065,335495,335675,180
105,23,array1,147,169.51764,362.78498,335675,335854,179
105,23,array1,147,144.76342,360.00446,335889,336070,181
105,23,array1,147,138.0273,364.67794,336070,336253,183
105,23,[,148,128.1452,366.445,336253,336289,36
105,23,[,148,126.60474,359.89592,336326,336506,180
105,0,blank,0,128.75008,356.5803,336506,336686,180
105,23,num1,145,108.31956,363.93906,336722,336901,179
105,23,num1,145,118.587,364.6831,336937,336972,35
105,0,blank,0,70.81498,365.35974,337009,337189,180
105,0,blank,0,67.702,363.3108,337189,337225,36
105,0,blank,0,48.8945666666666,378.972566666667,337262,337369,107
105,23,array1,147,190.86294,359.82814,337478,337655,177
105,23,array1,147,186.7078,364.973766666667,337655,337763,108
105,23,num1,145,111.34608,362.98422,337836,338016,180
105,23,num1,145,109.601033333333,359.249466666667,338016,338124,108
105,23,num1,145,112.0853,359.42635,338159,338302,143
105,0,blank,0,72.57714,371.35236,338375,338546,171
105,0,blank,0,72.6225,364.2054,338546,338582,36
105,0,blank,0,57.002625,363.10995,338618,338761,143
105,0,blank,0,66.6486,371.5299,338798,338833,35
105,23,num1,145,106.13626,365.11214,338869,339048,179
105,23,num1,145,102.020766666667,372.2026,339048,339152,104
105,23,array1,147,136.46325,362.24145,339188,339260,72
105,23,array1,147,138.19112,358.3381,339296,339477,181
105,23,array1,147,136.39355,361.9453,339477,339553,76
105,23,num1,145,120.2062,365.72866,339589,339774,185
105,0,blank,0,-350,-105,339989,340099,110
105,0,blank,0,57.2558,379.9653,340148,340207,59
105,0,blank,0,50.4111,372.81112,340304,340478,174
105,0,blank,0,44.8503,370.7409,340478,340653,175
105,0,blank,0,58.0629,375.8287,340653,340723,70
105,0,blank,0,50.35314,370.95326,340759,340937,178
105,0,blank,0,53.6195333333333,370.686166666667,340937,341045,108
105,0,blank,0,199.77076,350.99398,341079,341253,174
105,0,blank,0,196.5181,351.604,341253,341290,37
105,0,blank,0,178.5633,351.1546,341322,341356,34
105,23,array1,147,180.327866666667,359.8408,341392,341496,104
105,23,[,148,129.0771,366.37288,341531,341705,174
105,23,[,148,132.0385,367.75255,341705,341848,143
105,23,i,149,209.15228,375.87732,341921,342101,180
105,0,blank,0,50.8652,376.62324,342299,342480,181
105,0,blank,0,53.153725,374.3616,342480,342624,144
105,0,blank,0,47.76604,382.13684,342662,342843,181
105,0,blank,0,46.01185,376.5133,342843,342914,71
105,0,blank,0,106.83094,470.26432,343021,343200,179
105,0,blank,0,106.378733333333,473.235633333333,343200,343308,108
105,0,blank,0,124.43022,496.80064,343344,343527,183
105,29,[,177,125.026166666667,496.834033333333,343527,343632,105
105,29,array2,176,173.54786,492.64526,343669,343852,183
105,0,blank,0,171.43655,488.6517,343852,343923,71
105,29,array2,176,171.1909,495.412033333333,343997,344103,106
105,23,array1,147,184.9868,375.30678,344176,344356,180
105,0,blank,0,188.1533,350.4722,344392,344427,35
105,23,array1,147,187.92735,359.91685,344465,344540,75
105,18,find_anagram,99,130.2063,264.48698,344576,344757,181
105,13,printf,75,123.7537,144.9836,344830,344974,144
105,12,==,72,144.7542,131.76435,345008,345076,68
105,9,"Enteranotherstring\n",52,146.32256,49.92986,345175,345345,170
105,9,"Enteranotherstring\n",52,144.26022,50.73552,345345,345514,169
105,10,array2,57,148.184933333333,78.6176333333333,345548,345653,105
105,10,array2,57,128.2208,79.793,345688,345756,68
105,10,array2,57,125.77768,83.55342,345790,345964,174
105,10,array2,57,127.3916,82.95422,345964,346136,172
105,10,array2,57,127.061766666667,87.9939,346136,346239,103
105,10,array2,57,144.81445,91.8814,346273,346341,68
105,11,find_anagram,62,149.7694,93.5076,346413,346481,68
105,0,blank,0,-350,-105,346515,346653,138
105,23,array1,147,183.5977,369.3351,346694,346767,73
105,0,blank,0,178.14478,379.96556,346839,347003,164
105,0,blank,0,94.35454,378.8352,347107,347280,173
105,27,array2,166,132.32665,456.8293,347348,347485,137
105,27,array2,166,129.080666666667,459.407166666667,347520,347623,103
105,29,array2,176,166.3292,494.0493,347680,347751,71
105,0,blank,0,175.4827,484.9828,347751,347995,244
105,29,array2,176,178.140733333333,493.521733333333,347995,348169,174
105,29,array2,176,177.11242,494.79164,348169,348344,175
105,0,blank,0,138.37298,481.76828,348379,348557,178
105,0,blank,0,134.7557,480.2496,348557,348593,36
105,0,blank,0,-129.87542,-19.44952,348700,348877,177
105,0,blank,0,-35.873875,-62.70655,348947,349084,137
105,0,blank,0,-63.3112666666667,-77.3243666666667,349152,349281,129
105,0,blank,0,-84.76712,-83.13982,349308,349478,170
105,0,blank,0,-79.207,-78.9515,349478,349512,34
105,0,blank,0,-96.48902,-77.03738,349545,349712,167
105,0,blank,0,-92.6695,-60.8913,349712,349746,34
105,0,blank,0,143.22252,532.14298,349850,350019,169
105,0,blank,0,140.95885,534.292,350019,350089,70
105,34,num1,205,161.54022,601.59574,350124,350297,173
105,34,[,211,168.6505,605.4202,350297,350331,34
105,0,blank,0,575.024033333333,681.638366666667,350472,350576,104
105,0,blank,0,680.459,745.2482,350647,350683,36
105,0,blank,0,673.939,754.92005,350717,350787,70
105,0,blank,0,608.1327,790.560333333333,350856,350961,105
105,0,blank,0,-350,-105,351170,351271,101
105,0,blank,0,130.05515,431.26465,351519,351688,169
105,0,blank,0,127.2268,432.1815,351688,351725,37
105,0,blank,0,113.931125,480.429075,351797,351942,145
105,27,array2,166,123.0959,463.642,352048,352085,37
105,27,array2,166,119.78345,448.636175,352230,352370,140
105,27,array2,166,114.469,453.084,352475,352510,35
105,0,blank,0,43.6558,421.3038,352619,352657,38
105,27,while,164,44.8287,448.5909,352693,352728,35
105,26,i,160,47.7417,427.466,352765,352802,37
105,0,blank,0,31.5266,447.3444,352945,353019,74
105,0,blank,0,38.5583,451.3753,353091,353126,35
105,0,blank,0,121.7804,468.4695,353201,353235,34
105,27,array2,166,115.7655,462.3965,353344,353380,36
105,27,while,164,89.1104,463.8491,353453,353525,72
105,0,blank,0,27.5280666666667,459.4644,353633,353742,109
105,0,blank,0,11.33415,467.04945,353852,353925,73
105,27,while,164,86.203425,462.968675,354073,354219,146
105,27,array2,166,118.79216,451.76386,354256,354440,184
105,0,blank,0,90.728375,349.869675,354478,354625,147
105,0,blank,0,102.374466666667,329.278266666667,354660,354767,107
105,21,array1,137,115.2135,327.97778,354840,355023,183
105,21,array1,137,114.28605,329.6573,355059,355133,74
105,27,array2,166,141.06148,462.78518,355205,355384,179
105,27,array2,166,145.8073,455.1375,355384,355420,36
105,27,array2,166,120.60414,453.15612,355455,355635,180
105,27,array2,166,124.7543,451.19192,355671,355856,185
105,27,array2,166,122.05732,450.1569,355856,356029,173
105,27,array2,166,144.75026,456.18292,356029,356205,176
105,27,array2,166,148.85386,459.30404,356205,356385,180
105,27,array2,166,147.45765,457.052575,356385,356527,142
105,27,array2,166,127.05932,455.2727,356564,356740,176
105,27,array2,166,125.91378,452.7268,356740,356916,176
105,27,array2,166,127.23642,451.34062,356916,357090,174
105,27,array2,166,124.7787,453.6047,357090,357126,36
105,27,while,164,77.87352,453.22934,357161,357341,180
105,27,while,164,74.3953,449.97455,357341,357412,71
105,27,array2,166,170.895066666667,447.3142,357518,357624,106
105,27,i,168,187.45892,447.06846,357660,357838,178
105,27,i,168,184.2119,445.3567,357838,357910,72
105,27,array2,166,127.33366,451.00494,357946,358123,177
105,26,;,163,97.1626,441.903375,358159,358304,145
105,0,blank,0,37.2232,440.82502,358340,358518,178
105,0,blank,0,35.3953333333333,444.043833333333,358518,358625,107
105,0,blank,0,44.88692,508.45598,358662,358840,178
105,0,blank,0,42.36104,505.69094,358840,359020,180
105,0,blank,0,38.7493,508.66312,359020,359199,179
105,0,blank,0,137.20134,583.3095,359270,359446,176
105,0,blank,0,138.90905,581.974825,359446,359591,145
105,34,i,212,174.3642,618.21982,359627,359811,184
105,0,blank,0,173.0944,617.9653,359811,359847,36
105,0,blank,0,155.57815,485.340525,359884,360029,145
105,29,array2,176,163.81838,502.42186,360064,360246,182
105,29,array2,176,163.2717,503.4051,360246,360282,36
105,29,array2,176,141.32375,502.1493,360318,360460,142
105,0,blank,0,-350,-105,360495,360637,142
105,0,blank,0,120.681,466.0262,360831,360856,25
105,27,(,165,109.808575,456.9488,360890,361028,138
105,27,array2,166,155.130733333333,448.2248,361062,361166,104
105,20,26,124,143.66888,304.91516,361271,361441,170
105,20,[,123,130.6067,309.88256,361441,361612,171
105,21,array1,137,129.76075,314.7284,361612,361680,68
105,0,blank,0,-350,-105,361748,361945,197
105,0,blank,0,-350,-105,361945,362114,169
105,0,blank,0,-350,-105,362114,362279,165
105,0,blank,0,-350,-105,362279,362473,194
105,0,blank,0,-350,-105,362473,362578,105
105,0,blank,0,225.84414,498.05642,362611,362793,182
105,0,blank,0,233.7854,498.3254,362793,362827,34
105,0,blank,0,225.535975,482.187925,362861,362992,131
105,0,blank,0,230.0994,496.1022,363058,363092,34
105,0,blank,0,243.34895,515.6638,363126,363195,69
105,0,blank,0,235.76255,516.0756,363267,363337,70
105,0,blank,0,250.45952,580.54286,363371,363541,170
105,0,blank,0,250.65202,585.58532,363541,363713,172
105,0,blank,0,244.5089,586.8635,363749,363818,69
105,0,blank,0,232.1583,583.0644,363962,363996,34
105,0,blank,0,237.3652,585.1126,364064,364099,35
105,0,blank,0,283.92595,626.201,364167,364306,139
105,0,blank,0,297.3466,638.36228,364340,364513,173
105,0,blank,0,-350,-105,364581,364777,196
105,0,blank,0,-350,-105,364777,364961,184
105,0,blank,0,-350,-105,364961,365139,178
105,0,blank,0,-350,-105,365139,365179,40
105,0,blank,0,-350,-105,365179,365472,293
105,0,blank,0,-350,-105,365472,365541,69
105,0,blank,0,230.7477,598.59885,365576,365663,87
105,0,blank,0,237.256233333333,637.175233333333,365700,365799,99
105,0,blank,0,225.4066,647.9892,365832,365865,33
105,0,blank,0,226.5052,636.5138,365898,365931,33
105,0,blank,0,212.31086,630.77534,365964,366132,168
105,35,return,215,179.4612,640.66885,366265,366333,68
105,0,blank,0,159.4376,642.1781,366367,366401,34
105,0,blank,0,161.368566666667,641.360266666667,366435,366535,100
105,35,return,215,144.171,631.3942,366569,366637,68
105,35,return,215,168.60955,631.7922,366672,366741,69
105,35,0,216,202.947,629.6098,366775,366810,35
105,0,blank,0,214.1131,639.8852,366844,367016,172
105,0,blank,0,209.9291,642.0971,367050,367084,34
105,0,blank,0,214.790633333333,644.6725,367187,367290,103
105,0,blank,0,253.63515,633.5524,367427,367495,68
105,35,;,217,206.7325,634.9032,367562,367629,67
105,0,blank,0,225.6101,646.2411,367698,367732,34
105,0,blank,0,208.53215,642.97585,367767,367835,68
105,0,blank,0,-350,-105,367904,368102,198
105,0,blank,0,-350,-105,368102,368235,133
105,0,blank,0,148.6129,644.2415,368580,368622,42
105,35,return,215,149.41274,640.3645,368757,368926,169
105,35,return,215,151.3305,639.7497,368926,368960,34
105,37,;,221,131.8224,678.6775,368994,369028,34
105,0,blank,0,138.131,674.6588,369095,369128,33
105,0,blank,0,167.5751,641.7764,369363,369430,67
105,0,blank,0,162.45205,644.95745,369498,369567,69
105,0,blank,0,120.28772,166.7282,369734,369903,169
105,13,"%sand%sareanagrams.\n",77,154.270425,153.400025,369936,370069,133
105,13,(,76,147.60285,156.3673,370103,370168,65
105,0,blank,0,158.08035,126.88005,370201,370267,66
105,0,blank,0,142.80995,704.162375,370567,370702,135
105,0,blank,0,134.1497,694.32145,370736,370804,68
105,0,blank,0,131.9945,703.15965,370838,370904,66
105,0,blank,0,159.9156,657.562,370938,370972,34
105,35,return,215,154.38595,623.70865,371105,371172,67
105,35,return,215,172.3102,630.3094,371205,371238,33
105,34,[,211,171.92495,608.00025,371339,371406,67
105,34,[,211,171.4664,603.2177,371473,371506,33
105,0,blank,0,224.6946,645.4138,371573,371606,33
105,35,;,217,210.92115,623.4475,371640,371707,67
105,0,blank,0,240.88675,635.4331,371741,371806,65
105,0,blank,0,245.0797,643.4642,371838,371872,34
105,0,blank,0,238.2916,648.8628,371904,371938,34
105,0,blank,0,258.1388,640.753,371970,372069,99
105,0,blank,0,257.921,637.7562,372169,372202,33
105,0,blank,0,211.9881,661.830733333333,372334,372434,100
105,0,blank,0,195.113,530.9839,372500,372565,65
105,32,26,197,210.9206,567.7909,372763,372797,34
105,32,26,197,215.0363,569.7149,372932,372967,35
105,0,blank,0,208.690433333333,589.018733333333,373032,373134,102
105,0,blank,0,199.2099,517.7609,373237,373304,67
105,0,blank,0,203.6617,529.55755,373338,373407,69
105,29,array2,176,177.5081,500.7366,373664,373718,54
105,0,blank,0,218.16,482.7697,373863,373897,34
105,0,blank,0,215.3819,481.1052,373931,373998,67
105,0,blank,0,213.603325,477.4197,374135,374271,136
105,0,blank,0,242.23734,480.99548,374305,374467,162
105,0,blank,0,246.116933333333,481.0763,374532,374630,98
105,0,blank,0,270.875566666667,478.366266666667,374663,374861,198
105,0,blank,0,271.86225,479.3193,374861,374927,66
105,0,blank,0,266.67965,486.10635,374960,375025,65
105,0,blank,0,265.71485,484.08915,375090,375158,68
105,27,0,171,260.1662,465.3215,375222,375255,33
105,0,blank,0,264.307666666667,473.837883333333,375320,375518,198
105,27,0,171,262.32305,464.6531,375518,375585,67
105,0,blank,0,270.90328,480.9053,375619,375790,171
105,0,blank,0,273.98325,473.7708,375790,375856,66
105,0,blank,0,237.46258,467.61742,375921,376088,167
105,0,blank,0,240.371,466.9536,376088,376122,34
105,0,blank,0,228.79546,472.02002,376156,376326,170
105,0,blank,0,229.46265,466.69525,376326,376394,68
105,0,blank,0,219.71808,471.22068,376428,376597,169
105,0,blank,0,205.18672,479.20586,376597,376768,171
105,0,blank,0,198.7122,469.223,376768,376836,68
105,0,blank,0,-350,-105,376971,377138,167
105,0,blank,0,-350,-105,377138,377195,57
105,0,blank,0,226.1637,481.6592,377309,377344,35
105,0,blank,0,270.8057,484.66255,377412,377549,137
105,0,blank,0,275.6337,483.58235,377618,377686,68
105,0,blank,0,268.44515,478.5705,377720,377788,68
105,0,blank,0,270.96355,484.3531,377923,377991,68
105,0,blank,0,185.97755,517.007,378025,378091,66
105,29,array2,176,178.2378,504.2808,378124,378157,33
105,29,array2,176,172.2239,509.44865,378326,378395,69
105,29,array2,176,191.3388,492.21264,378461,378633,172
105,0,blank,0,190.0333,485.8345,378633,378667,34
105,0,blank,0,194.180033333333,490.734866666667,378738,378842,104
105,0,blank,0,196.291966666667,484.564166666667,378878,378980,102
105,0,blank,0,231.12068,474.23562,379015,379185,170
105,0,blank,0,231.27946,483.5199,379185,379357,172
105,0,blank,0,194.78445,519.74965,379428,379569,141
105,23,a,152,262.8932,372.50495,379640,379707,67
105,23,a,152,262.204966666667,377.259066666667,379742,379845,103
105,0,blank,0,239.2181,384.7638,379880,379950,70
105,23,-,151,238.5847,368.1306,379985,380020,35
105,0,blank,0,229.8797,343.0327,380091,380126,35
105,0,blank,0,231.6773,335.45995,380160,380228,68
105,0,blank,0,164.20425,341.052025,380328,380459,131
105,27,array2,166,172.6207,449.0278,380658,380691,33
105,27,array2,166,162.378325,462.813875,380825,380959,134
105,27,array2,166,165.62465,463.1268,380992,381060,68
105,0,blank,0,169.70515,470.31185,381093,381161,68
105,27,array2,166,135.3258,448.658,381359,381392,33
105,0,blank,0,174.964,526.8095,381493,381526,33
105,0,blank,0,176.6198,531.8422,381628,381662,34
105,0,blank,0,166.616166666667,546.5637,381730,381830,100
105,0,blank,0,155.2918,541.2936,381864,381897,33
105,32,i,199,168.9669,560.0509,381931,381965,34
105,0,blank,0,167.9371,554.791,382034,382103,69
105,0,blank,0,173.5286,576.5872,382342,382377,35
105,0,blank,0,127.7728,577.5504,382445,382480,35
105,27,array2,166,170.5655,449.80655,383230,383297,67
105,0,blank,0,143.24515,484.642,383463,383530,67
105,0,blank,0,186.6213,483.1744,383630,383730,100
105,0,blank,0,192.3275,484.1849,383763,383796,33
105,0,blank,0,234.089425,483.5617,383928,384061,133
105,0,blank,0,191.279075,530.13995,384094,384230,136
105,0,blank,0,194.9532,540.5032,384264,384298,34
105,0,blank,0,191.9034,534.2114,384333,384366,33
105,0,blank,0,256.108566666667,524.495766666667,384401,384503,102
105,0,blank,0,261.7226,525.5387,384537,384607,70
105,0,blank,0,317.644425,528.540475,384746,384884,138
105,0,blank,0,257.4832,526.14835,384953,385021,68
105,0,blank,0,155.5057,539.2385,385090,385124,34
105,0,blank,0,161.1095,550.6649,385227,385261,34
105,0,blank,0,147.65195,546.8493,385329,385398,69
105,0,blank,0,159.24495,543.1077,385432,385501,69
105,0,blank,0,170.42076,521.01316,385535,385705,170
105,29,a,181,255.5706,504.1872,385772,385807,35
105,0,blank,0,232.844,492.3942,385839,385873,34
105,0,blank,0,-350,-105,385939,386075,136
105,0,blank,0,233.006,504.1792,386239,386274,35
105,0,blank,0,214.55912,484.10314,386307,386474,167
105,0,blank,0,211.9211,477.2991,386507,386539,32
105,0,blank,0,215.48216,485.23526,386873,387036,163
105,0,blank,0,225.2318,494.2603,387166,387199,33
105,0,blank,0,161.78695,402.7944,387300,387364,64
105,0,blank,0,178.62308,414.99948,387432,387598,166
105,23,++,154,298.98158,368.29258,387632,387800,168
105,23,++,154,293.790633333333,361.3489,387800,387899,99
105,23,],153,219.4806,372.7523,387932,387965,33
105,0,blank,0,227.875775,389.198225,388064,388198,134
105,23,;,155,315.852,366.2872,388266,388402,136
105,0,blank,0,322.4778,389.524,388437,388495,58
105,0,blank,0,208.8423,654.5374,389068,389102,34
105,0,blank,0,204.523566666667,643.6564,389137,389241,104
105,0,blank,0,211.20555,644.9227,389309,389380,71
105,0,blank,0,212.9731,660.2084,389413,389448,35
105,0,blank,0,216.0029,638.9338,389483,389518,35
105,0,blank,0,230.89525,644.10045,389553,389622,69
105,0,blank,0,237.42634,639.87782,389656,389827,171
105,0,blank,0,236.96335,642.7066,389827,389963,136
105,0,blank,0,292.3831,635.9435,389997,390102,105
105,0,blank,0,290.9048,631.2709,390137,390206,69
105,0,blank,0,288.0652,636.8431,390241,390276,35
105,0,blank,0,246.4736,639.153966666667,390311,390415,104
105,0,blank,0,241.1723,640.5479,390487,390522,35
105,0,blank,0,230.0065,636.303725,390629,390769,140
105,0,blank,0,253.2729,647.800925,390874,391015,141
105,0,blank,0,234.746075,633.4595,391224,391362,138
105,0,blank,0,232.36455,636.4414,391432,391501,69
105,0,blank,0,234.9772,633.2524,391536,391571,35
105,0,blank,0,229.29238,633.28334,391638,391811,173
105,0,blank,0,232.4352,646.4955,391811,391846,35
105,0,blank,0,207.1663,642.4661,391983,392016,33
105,35,return,215,151.5311,633.8776,392085,392119,34
105,35,return,215,160.6436,639.0148,392217,392250,33
105,0,blank,0,226.69245,640.055425,392349,392487,138
105,0,blank,0,233.9967,645.68925,392522,392591,69
105,0,blank,0,250.532,625.4241,392766,392801,35
105,23,a,152,259.505566666667,369.656466666667,392905,393006,101
105,0,blank,0,269.41965,380.14395,393040,393108,68
105,23,-,151,236.9314,373.16755,393141,393210,69
105,0,blank,0,241.4054,379.9002,393244,393280,36
105,0,blank,0,247.6539,380.41175,393347,393415,68
105,0,blank,0,261.8785,386.3541,393449,393483,34
105,0,blank,0,256.5102,381.7939,393550,393584,34
105,0,blank,0,290.710925,380.19345,393618,393755,137
105,0,blank,0,291.28186,378.16346,393824,393996,172
105,23,],153,288.4773,373.1719,393996,394030,34
105,0,blank,0,296.84018,380.9523,394065,394236,171
105,0,blank,0,297.6288,382.0384,394236,394268,32
105,23,],153,289.3168,372.2928,394302,394338,36
105,0,blank,0,299.0552,380.0943,394373,394407,34
