Frameno_fix,lineno_fix,Tokenname_fix,tokens_id,gaze_X_fix,gaze_Y_fix,timestamp_fix_start,timestamp_fix_end,time_duration
100,0,blank,0,454.8281,-73.1539,3498,3528,30
100,0,blank,0,547.9868,-37.7675,4351,4395,44
100,0,blank,0,512.7823,-31.3371,5139,5171,32
100,0,blank,0,303.20985,-34.2483,5489,5554,65
100,1,to,5,138.084675,18.491525,5825,5972,147
100,1,to,5,137.1839,21.7992,6008,6047,39
100,0,blank,0,230.75206,38.06002,6152,6326,174
100,0,blank,0,230.1475,32.1275,6326,6360,34
100,0,blank,0,283.66476,25.09502,6463,6633,170
100,0,blank,0,290.55105,21.3335,6668,6735,67
100,0,blank,0,-350,-105,6769,6804,35
100,1,Strings,9,352.7931,20.7515,6958,7028,70
100,0,blank,0,405.115975,18.64735,7064,7213,149
100,0,blank,0,-350,-105,7321,7506,185
100,0,blank,0,-350,-105,7506,7672,166
100,0,blank,0,-350,-105,7672,7843,171
100,0,blank,0,-350,-105,7843,8040,197
100,0,blank,0,477.3536,-104.1325,8071,8123,52
100,0,blank,0,475.96,-97.2891,8337,8367,30
100,0,blank,0,446.292,-23.9808,8676,8707,31
100,0,blank,0,457.94805,-5.04725,8737,8797,60
100,0,blank,0,431.1548,30.7346,8965,8994,29
100,0,blank,0,427.5206,2.95999999999999,9023,9054,31
100,0,blank,0,426.8291,-7.8907,9175,9206,31
100,0,blank,0,445.0624,14.0427,9388,9419,31
100,1,Anagrams,11,456.35765,14.5186,9481,9543,62
100,0,blank,0,441.7797,-10.8726,9573,9604,31
100,1,Anagrams,11,460.6161,19.3071,9634,9665,31
100,0,blank,0,491.6015,-5.7908,9877,9996,119
100,0,blank,0,-350,-105,10147,10261,114
100,0,blank,0,493.0101,40.8619,10471,10502,31
100,0,blank,0,-350,-105,11087,11276,189
100,0,blank,0,-350,-105,11276,11467,191
100,0,blank,0,-350,-105,11467,11645,178
100,0,blank,0,-350,-105,11645,11679,34
100,1,Anagrams,11,480.1409,12.8716,12214,12249,35
100,0,blank,0,-350,-105,12554,12733,179
100,0,blank,0,-350,-105,12733,12923,190
100,0,blank,0,-350,-105,12923,13086,163
100,0,blank,0,-350,-105,13086,13282,196
100,0,blank,0,-350,-105,13282,13463,181
100,0,blank,0,-350,-105,13463,13662,199
100,0,blank,0,-350,-105,13662,13843,181
100,0,blank,0,-350,-105,13843,14021,178
100,0,blank,0,-350,-105,14021,14198,177
100,0,blank,0,-350,-105,14198,14379,181
100,0,blank,0,-350,-105,14379,14562,183
100,0,blank,0,-350,-105,14562,14741,179
100,0,blank,0,-350,-105,14741,14925,184
100,0,blank,0,-350,-105,14925,15081,156
100,0,blank,0,-350,-105,15081,15213,132
100,0,blank,0,-350,-105,15213,15367,154
100,0,blank,0,-350,-105,15367,15536,169
100,0,blank,0,-350,-105,15536,15863,327
100,0,blank,0,-350,-105,15863,16036,173
100,0,blank,0,-350,-105,16036,16215,179
100,0,blank,0,-350,-105,16215,16351,136
100,0,blank,0,-350,-105,16351,16484,133
100,0,blank,0,-350,-105,16484,16606,122
100,0,blank,0,-350,-105,16606,16794,188
100,0,blank,0,-350,-105,17793,17981,188
100,0,blank,0,-350,-105,17981,18160,179
100,0,blank,0,-350,-105,18160,18356,196
100,0,blank,0,-350,-105,18356,18540,184
100,0,blank,0,-350,-105,18540,18720,180
100,0,blank,0,-350,-105,18720,18918,198
100,0,blank,0,-350,-105,18918,19086,168
100,0,blank,0,-350,-105,19086,19198,112
100,0,blank,0,-350,-105,19198,19339,141
100,0,blank,0,-350,-105,19339,19525,186
100,0,blank,0,-350,-105,19525,19643,118
100,0,blank,0,-350,-105,19643,19746,103
100,0,blank,0,-350,-105,19746,19892,146
100,0,blank,0,-350,-105,19892,20041,149
100,0,blank,0,-350,-105,20041,20211,170
100,0,blank,0,-350,-105,20211,20397,186
100,0,blank,0,-350,-105,20397,20575,178
100,0,blank,0,-350,-105,20575,20756,181
100,0,blank,0,-350,-105,20756,20926,170
100,0,blank,0,-350,-105,20926,21099,173
100,0,blank,0,-350,-105,21099,21281,182
100,0,blank,0,-350,-105,21281,21477,196
100,0,blank,0,-350,-105,21477,21618,141
100,0,blank,0,-350,-105,21618,21809,191
100,0,blank,0,-350,-105,21809,21994,185
100,0,blank,0,-350,-105,21994,22173,179
100,0,blank,0,-350,-105,22173,22363,190
100,0,blank,0,-350,-105,22363,22544,181
100,0,blank,0,-350,-105,22544,22727,183
100,0,blank,0,-350,-105,22727,22919,192
100,0,blank,0,-350,-105,22919,23098,179
100,0,blank,0,-350,-105,23098,23279,181
100,0,blank,0,-350,-105,23279,23457,178
100,0,blank,0,-350,-105,23457,23615,158
100,0,blank,0,-350,-105,23615,23811,196
100,0,blank,0,-350,-105,23811,23979,168
100,0,blank,0,-350,-105,23979,24153,174
100,0,blank,0,-350,-105,24153,24330,177
100,0,blank,0,-350,-105,24330,24506,176
100,0,blank,0,-350,-105,24506,24697,191
100,0,blank,0,-350,-105,24697,24870,173
100,0,blank,0,-350,-105,24870,24951,81
100,0,blank,0,-350,-105,24951,25135,184
100,0,blank,0,-350,-105,25135,25317,182
100,0,blank,0,-350,-105,25317,25497,180
100,0,blank,0,-350,-105,25497,25585,88
100,0,blank,0,-350,-105,25585,25749,164
100,0,blank,0,-350,-105,25749,25922,173
100,0,blank,0,-350,-105,25922,26094,172
100,0,blank,0,-350,-105,26094,26266,172
100,0,blank,0,-350,-105,26266,26328,62
100,0,blank,0,-350,-105,26328,26480,152
100,0,blank,0,-350,-105,26480,26665,185
100,0,blank,0,-350,-105,26665,26843,178
100,0,blank,0,-350,-105,26843,27023,180
100,0,blank,0,-350,-105,27023,27198,175
100,0,blank,0,-350,-105,27198,27372,174
100,0,blank,0,-350,-105,27372,27554,182
100,0,blank,0,-350,-105,27554,27736,182
100,0,blank,0,-350,-105,27736,27918,182
100,0,blank,0,-350,-105,27918,28097,179
100,0,blank,0,-350,-105,28097,28282,185
100,0,blank,0,-350,-105,28282,28335,53
100,0,blank,0,-350,-105,28335,28574,239
100,0,blank,0,-350,-105,28574,28755,181
100,0,blank,0,-350,-105,28755,28929,174
100,0,blank,0,-350,-105,28929,29112,183
100,0,blank,0,-350,-105,29112,29311,199
100,0,blank,0,-350,-105,29311,29504,193
100,0,blank,0,-350,-105,29504,29661,157
100,0,blank,0,-350,-105,29661,29844,183
100,0,blank,0,-350,-105,29844,30034,190
100,0,blank,0,-350,-105,30034,30218,184
100,0,blank,0,-350,-105,30218,30404,186
100,0,blank,0,-350,-105,30404,30565,161
100,0,blank,0,-350,-105,30565,30750,185
100,0,blank,0,-350,-105,30750,30923,173
100,0,blank,0,-350,-105,30923,31090,167
100,0,blank,0,-350,-105,31090,31281,191
100,0,blank,0,-350,-105,31281,31465,184
100,0,blank,0,-350,-105,31465,31653,188
100,0,blank,0,-350,-105,31653,31838,185
100,0,blank,0,-350,-105,31838,32026,188
100,0,blank,0,-350,-105,32026,32218,192
100,0,blank,0,-350,-105,32218,32403,185
100,0,blank,0,-350,-105,32403,32588,185
100,0,blank,0,-350,-105,32588,32774,186
100,0,blank,0,-350,-105,32774,32956,182
100,0,blank,0,-350,-105,32956,33141,185
100,0,blank,0,-350,-105,33141,33322,181
100,0,blank,0,-350,-105,33322,33503,181
100,0,blank,0,-350,-105,33503,33687,184
100,0,blank,0,-350,-105,33687,33878,191
100,0,blank,0,-350,-105,33878,34072,194
100,0,blank,0,-350,-105,34072,34259,187
100,0,blank,0,-350,-105,34259,34442,183
100,0,blank,0,-350,-105,34442,34629,187
100,0,blank,0,-350,-105,34629,34806,177
100,0,blank,0,-350,-105,34806,34989,183
100,0,blank,0,-350,-105,34989,35168,179
100,0,blank,0,-350,-105,35168,35349,181
100,0,blank,0,-350,-105,35349,35527,178
100,0,blank,0,-350,-105,35527,35705,178
100,0,blank,0,-350,-105,35705,35887,182
100,0,blank,0,-350,-105,35887,36067,180
100,0,blank,0,-350,-105,36067,36245,178
100,0,blank,0,-350,-105,36245,36421,176
100,0,blank,0,-350,-105,36421,36606,185
100,0,blank,0,-350,-105,36606,36803,197
100,0,blank,0,-350,-105,36803,36984,181
100,0,blank,0,-350,-105,36984,37169,185
100,0,blank,0,-350,-105,37169,37351,182
100,0,blank,0,-350,-105,37351,37534,183
100,0,blank,0,-350,-105,37534,37710,176
100,0,blank,0,-350,-105,37710,37892,182
100,0,blank,0,-350,-105,37892,38079,187
100,0,blank,0,-350,-105,38079,38264,185
100,0,blank,0,-350,-105,38264,38452,188
100,0,blank,0,-350,-105,38452,38638,186
100,0,blank,0,-350,-105,38638,38812,174
100,0,blank,0,-350,-105,38812,38997,185
100,0,blank,0,-350,-105,38997,39185,188
100,0,blank,0,-350,-105,39185,39374,189
100,0,blank,0,-350,-105,39374,39540,166
100,0,blank,0,-350,-105,39540,39737,197
100,0,blank,0,-350,-105,39737,39927,190
100,0,blank,0,-350,-105,39927,40093,166
100,0,blank,0,-350,-105,40093,40270,177
100,0,blank,0,-350,-105,40270,40460,190
100,0,blank,0,-350,-105,40460,40647,187
100,0,blank,0,-350,-105,40647,40831,184
100,0,blank,0,-350,-105,40831,41020,189
100,0,blank,0,-350,-105,41020,41207,187
100,0,blank,0,-350,-105,41207,41397,190
100,0,blank,0,-350,-105,41397,41590,193
100,0,blank,0,-350,-105,41590,41768,178
100,0,blank,0,-350,-105,41768,41964,196
100,0,blank,0,-350,-105,41964,42150,186
100,0,blank,0,-350,-105,42150,42326,176
100,0,blank,0,-350,-105,42326,42524,198
100,0,blank,0,-350,-105,42524,42708,184
100,0,blank,0,-350,-105,42708,42882,174
100,0,blank,0,-350,-105,42882,43042,160
100,0,blank,0,-350,-105,43042,43218,176
100,0,blank,0,-350,-105,43218,43413,195
100,0,blank,0,-350,-105,43413,43570,157
100,0,blank,0,-350,-105,43570,43763,193
100,0,blank,0,-350,-105,43763,43910,147
100,0,blank,0,-350,-105,43910,44088,178
100,0,blank,0,-350,-105,44088,44208,120
100,0,blank,0,-350,-105,44208,44358,150
100,0,blank,0,-350,-105,44358,44514,156
100,0,blank,0,-350,-105,44514,44694,180
100,0,blank,0,-350,-105,44694,44785,91
100,0,blank,0,-350,-105,44785,44926,141
100,0,blank,0,-350,-105,44926,45079,153
100,0,blank,0,-350,-105,45079,45188,109
100,0,blank,0,-350,-105,45188,45386,198
100,0,blank,0,-350,-105,45386,45543,157
100,0,blank,0,-350,-105,45543,45817,274
100,0,blank,0,-350,-105,45817,45999,182
100,0,blank,0,-350,-105,45999,46177,178
100,0,blank,0,-350,-105,46177,46240,63
100,0,blank,0,-350,-105,46240,46404,164
100,0,blank,0,-350,-105,46404,46565,161
100,0,blank,0,-350,-105,46565,46748,183
100,0,blank,0,-350,-105,46748,46929,181
100,0,blank,0,-350,-105,46929,47116,187
100,0,blank,0,-350,-105,47116,47275,159
100,0,blank,0,-350,-105,47275,47470,195
100,0,blank,0,-350,-105,47470,47667,197
100,0,blank,0,-350,-105,47667,47840,173
100,0,blank,0,-350,-105,47840,48014,174
100,0,blank,0,-350,-105,48014,48196,182
100,0,blank,0,-350,-105,48196,48374,178
100,0,blank,0,-350,-105,48374,48526,152
100,0,blank,0,-350,-105,48526,48691,165
100,0,blank,0,-350,-105,48691,48886,195
100,0,blank,0,-350,-105,48886,49051,165
100,0,blank,0,-350,-105,49051,49245,194
100,0,blank,0,-350,-105,49245,49373,128
100,0,blank,0,-350,-105,49373,49567,194
100,0,blank,0,-350,-105,49567,49669,102
100,0,blank,0,-350,-105,49669,49794,125
100,0,blank,0,-350,-105,49794,49987,193
100,0,blank,0,-350,-105,49987,50170,183
100,0,blank,0,-350,-105,50170,50367,197
100,0,blank,0,-350,-105,50367,50561,194
100,0,blank,0,-350,-105,50561,50723,162
100,0,blank,0,-350,-105,50723,50992,269
100,0,blank,0,-350,-105,50992,51056,64
100,0,blank,0,-350,-105,51056,51301,245
100,0,blank,0,-350,-105,51301,51494,193
100,0,blank,0,-350,-105,51494,51671,177
100,0,blank,0,-350,-105,51671,51858,187
100,0,blank,0,-350,-105,51858,52049,191
100,0,blank,0,-350,-105,52049,52230,181
100,0,blank,0,-350,-105,52230,52414,184
100,0,blank,0,-350,-105,52414,52587,173
100,0,blank,0,-350,-105,52587,52749,162
100,0,blank,0,-350,-105,52749,52909,160
100,0,blank,0,-350,-105,52909,53088,179
100,0,blank,0,-350,-105,53088,53241,153
100,0,blank,0,-350,-105,53241,53417,176
100,0,blank,0,-350,-105,53417,53576,159
100,0,blank,0,-350,-105,53576,53752,176
100,0,blank,0,-350,-105,53752,53939,187
100,0,blank,0,-350,-105,53939,54109,170
100,0,blank,0,-350,-105,54109,54290,181
100,0,blank,0,-350,-105,54290,54468,178
100,0,blank,0,-350,-105,54468,54641,173
100,0,blank,0,-350,-105,54641,54775,134
100,0,blank,0,-350,-105,54775,54971,196
100,0,blank,0,-350,-105,54971,55095,124
100,0,blank,0,-350,-105,55095,55260,165
100,0,blank,0,-350,-105,55260,55438,178
100,0,blank,0,-350,-105,55438,55607,169
100,0,blank,0,-350,-105,55607,55791,184
100,0,blank,0,-350,-105,55791,55957,166
100,0,blank,0,-350,-105,55957,56142,185
100,0,blank,0,-350,-105,56142,56293,151
100,0,blank,0,-350,-105,56293,56445,152
100,0,blank,0,-350,-105,56445,56598,153
100,0,blank,0,-350,-105,56598,56765,167
100,0,blank,0,-350,-105,56765,56873,108
100,0,blank,0,-350,-105,56873,56993,120
100,0,blank,0,-350,-105,56993,57179,186
100,0,blank,0,-350,-105,57179,57330,151
100,0,blank,0,-350,-105,57330,57389,59
101,0,blank,0,-350,-105,57575,57676,101
101,0,blank,0,-350,-105,57676,57921,245
101,0,blank,0,-350,-105,57921,58105,184
101,0,blank,0,-350,-105,58105,58260,155
101,0,blank,0,-350,-105,58260,58357,97
101,0,blank,0,-350,-105,58357,58498,141
101,0,blank,0,-350,-105,58498,58657,159
101,0,blank,0,-350,-105,58657,58853,196
101,0,blank,0,-350,-105,58853,59011,158
101,0,blank,0,-350,-105,59011,59209,198
101,0,blank,0,-350,-105,59209,59390,181
101,0,blank,0,-350,-105,59390,59569,179
101,0,blank,0,-350,-105,59569,59712,143
101,0,blank,0,-350,-105,59712,59883,171
101,0,blank,0,-350,-105,59883,59971,88
101,0,blank,0,-350,-105,59971,60149,178
101,0,blank,0,-350,-105,60149,60331,182
101,0,blank,0,-350,-105,60331,60476,145
101,0,blank,0,-350,-105,60476,60612,136
101,0,blank,0,-350,-105,60612,60782,170
101,0,blank,0,-350,-105,60782,60981,199
101,0,blank,0,-350,-105,60981,61171,190
101,0,blank,0,-350,-105,61171,61367,196
101,0,blank,0,-350,-105,61367,61519,152
101,0,blank,0,-350,-105,61519,61707,188
101,0,blank,0,-350,-105,61707,61812,105
101,0,blank,0,-350,-105,61812,61993,181
101,0,blank,0,-350,-105,61993,62172,179
101,0,blank,0,-350,-105,62172,62333,161
101,0,blank,0,-350,-105,62333,62525,192
101,0,blank,0,-350,-105,62525,62672,147
101,0,blank,0,290.7577,55.7865,62834,62877,43
101,0,blank,0,106.373283333333,55.29455,62975,63161,186
101,0,blank,0,68.6012,49.6491,63254,63287,33
101,0,blank,0,-350,-105,63447,63639,192
101,0,blank,0,-350,-105,63639,63794,155
101,0,blank,0,-350,-105,63794,63943,149
101,0,blank,0,-350,-105,63943,64107,164
101,0,blank,0,-350,-105,64107,64287,180
101,0,blank,0,-350,-105,64287,64466,179
101,0,blank,0,-350,-105,64466,64634,168
101,0,blank,0,-350,-105,64634,64819,185
101,0,blank,0,-350,-105,64819,64984,165
101,0,blank,0,-350,-105,64984,65164,180
101,0,blank,0,-350,-105,65164,65321,157
101,0,blank,0,-350,-105,65321,65503,182
101,0,blank,0,-350,-105,65503,65676,173
101,0,blank,0,-350,-105,65676,65860,184
101,0,blank,0,-350,-105,65860,66030,170
101,0,blank,0,-350,-105,66030,66216,186
101,0,blank,0,-350,-105,66216,66395,179
101,0,blank,0,-350,-105,66395,66433,38
101,0,blank,0,141.9017,59.8195,66471,66515,44
101,0,blank,0,169.639,26.6285,66598,66635,37
101,0,blank,0,-350,-105,66983,67163,180
101,0,blank,0,-350,-105,67163,67312,149
101,0,blank,0,-350,-105,67312,67458,146
101,0,blank,0,-350,-105,67458,67639,181
101,0,blank,0,-350,-105,67639,67826,187
101,0,blank,0,-350,-105,67826,68009,183
101,0,blank,0,-350,-105,68009,68158,149
101,0,blank,0,-350,-105,68158,68321,163
101,0,blank,0,-350,-105,68321,68493,172
101,0,blank,0,-350,-105,68493,68634,141
101,0,blank,0,-350,-105,68862,69055,193
101,0,blank,0,-350,-105,69055,69211,156
101,0,blank,0,-350,-105,69211,69406,195
101,0,blank,0,-350,-105,69406,69580,174
101,0,blank,0,-350,-105,69580,69765,185
101,0,blank,0,-350,-105,69765,69943,178
101,0,blank,0,-350,-105,69943,70083,140
101,0,blank,0,-350,-105,70083,70339,256
101,0,blank,0,-350,-105,70339,70594,255
101,0,blank,0,-350,-105,70594,70849,255
101,0,blank,0,-350,-105,70849,71027,178
101,0,blank,0,-350,-105,71027,71214,187
101,0,blank,0,-350,-105,71214,71294,80
101,0,blank,0,-350,-105,71294,71420,126
101,0,blank,0,-350,-105,71420,71553,133
101,0,blank,0,-350,-105,71553,71648,95
101,0,blank,0,-350,-105,71648,71961,313
101,0,blank,0,-350,-105,71961,72049,88
101,0,blank,0,-350,-105,72049,72377,328
101,0,blank,0,-350,-105,72377,72569,192
101,0,blank,0,-350,-105,72569,72679,110
101,0,blank,0,-350,-105,72679,72932,253
101,0,blank,0,-350,-105,72932,72964,32
101,0,blank,0,-350,-105,72964,73179,215
101,0,blank,0,-350,-105,73179,73349,170
101,0,blank,0,-350,-105,73349,73438,89
101,0,blank,0,-350,-105,73438,73568,130
101,0,blank,0,-350,-105,73568,73765,197
101,0,blank,0,-350,-105,73765,73909,144
101,0,blank,0,-350,-105,73909,74104,195
101,0,blank,0,-350,-105,74104,74280,176
101,0,blank,0,-350,-105,74280,74461,181
101,0,blank,0,-350,-105,74461,74569,108
101,0,blank,0,-350,-105,74569,74745,176
101,0,blank,0,-350,-105,74745,74864,119
101,0,blank,0,-350,-105,74864,74967,103
101,0,blank,0,-350,-105,74967,75113,146
101,0,blank,0,-350,-105,75113,75292,179
101,0,blank,0,-350,-105,75292,75381,89
101,0,blank,0,13.4968,-103.7141,75993,76019,26
101,0,blank,0,118.013775,32.85035,76192,76376,184
101,0,blank,0,-350,-105,76731,76760,29
101,0,blank,0,-350,-105,76847,77033,186
101,0,blank,0,-350,-105,77033,77210,177
101,0,blank,0,-350,-105,77210,77365,155
101,0,blank,0,-350,-105,77365,77557,192
101,0,blank,0,-350,-105,77557,77693,136
101,0,blank,0,-350,-105,77693,77869,176
101,0,blank,0,-350,-105,77869,78037,168
101,0,blank,0,-350,-105,78037,78222,185
101,0,blank,0,-350,-105,78222,78419,197
101,0,blank,0,-350,-105,78419,78543,124
101,0,blank,0,-350,-105,78543,78621,78
101,0,blank,0,-350,-105,78621,78807,186
101,0,blank,0,-350,-105,78807,78980,173
101,0,blank,0,-350,-105,78980,79168,188
101,0,blank,0,-350,-105,79168,79299,131
101,0,blank,0,-350,-105,79299,79495,196
101,0,blank,0,-350,-105,79495,79663,168
101,0,blank,0,-350,-105,79663,79839,176
101,0,blank,0,-350,-105,79839,79992,153
101,0,blank,0,-350,-105,79992,80172,180
101,0,blank,0,-350,-105,80172,80349,177
101,0,blank,0,-350,-105,80349,80498,149
101,0,blank,0,-350,-105,80498,80682,184
101,0,blank,0,-350,-105,80682,80807,125
101,0,blank,0,-350,-105,80807,80966,159
101,0,blank,0,-350,-105,81143,81174,31
101,0,blank,0,5.7398,-103.7529,81199,81224,25
101,0,blank,0,-350,-105,81299,81324,25
101,0,blank,0,-350,-105,81459,81484,25
101,0,blank,0,-350,-105,81798,81877,79
101,5,array1,27,148.1776,78.4801,82128,82160,32
101,6,flag,38,113.6774,101.2422,82420,82455,35
101,0,blank,0,154.2853,74.0686,82798,82842,44
101,0,blank,0,-350,-105,83746,83854,108
101,0,blank,0,186.9317,40.3418,83909,83977,68
101,0,blank,0,-350,-105,84029,84065,36
101,5,array1,27,122.88465,77.42395,84117,84195,78
101,0,blank,0,-350,-105,85255,85322,67
101,0,blank,0,-350,-105,85929,86031,102
101,0,blank,0,-350,-105,86244,86312,68
101,0,blank,0,182.0052,45.2701,86349,86374,25
101,0,blank,0,264.22985,64.3247,86449,86513,64
101,5,array2,32,263.151033333333,83.7021,86546,86641,95
101,5,array2,32,262.5365,78.2368,86703,86735,32
101,0,blank,0,-350,-105,86767,86905,138
101,5,array2,32,247.5878,69.6273,86954,86980,26
101,0,blank,0,-350,-105,87043,87148,105
101,0,blank,0,255.3503,59.3054,87308,87340,32
101,0,blank,0,247.9248,38.2903,87372,87403,31
101,0,blank,0,254.7598,51.9199,87434,87465,31
101,0,blank,0,200.0289,50.4754,87497,87528,31
101,0,blank,0,213.97335,54.49335,87559,87621,62
101,5,100,34,171.1486,77.1226,87923,88013,90
101,5,100,34,179.5625,77.0995,88713,88744,31
101,0,blank,0,178.4451,53.6758,89046,89076,30
101,0,blank,0,203.286,53.1973,89107,89136,29
101,0,blank,0,137.5089,104.1947,89291,89321,30
101,6,;,39,131.2997,97.5764,89383,89414,31
101,5,array1,27,125.3354,80.0887333333333,89507,89600,93
101,0,blank,0,134.6276,98.3444,89631,89661,30
101,5,array1,27,129.516933333333,86.1856,89753,89846,93
101,0,blank,0,124.752,89.1453,89970,90064,94
101,5,array1,27,121.4165,80.0328,90125,90155,30
101,0,blank,0,123.3826,89.446,90245,90276,31
101,7,(,41,105.9555,112.6952,90306,90336,30
101,0,blank,0,111.9704,110.9161,90427,90488,61
101,5,array1,27,122.4537,75.0869,90609,90639,30
101,0,blank,0,189.40645,43.19685,90791,90852,61
101,5,array1,27,153.4407,85.4152,90912,90942,30
101,0,blank,0,187.169833333333,66.6463,91003,91093,90
101,5,100,34,169.649,75.3654,91153,91183,30
101,0,blank,0,-350,-105,91425,91608,183
101,0,blank,0,-350,-105,91608,91792,184
101,0,blank,0,-350,-105,91792,91864,72
101,0,blank,0,-350,-105,91864,92014,150
101,0,blank,0,-350,-105,92014,92184,170
101,0,blank,0,-350,-105,92184,92363,179
101,0,blank,0,-350,-105,92363,92457,94
101,0,blank,0,-350,-105,92457,92584,127
101,0,blank,0,-350,-105,92584,92710,126
101,0,blank,0,-350,-105,92710,92909,199
101,0,blank,0,-350,-105,92909,93088,179
101,0,blank,0,-350,-105,93088,93277,189
101,0,blank,0,-350,-105,93277,93440,163
101,0,blank,0,-350,-105,93440,93686,246
101,0,blank,0,-350,-105,93686,94068,382
101,0,blank,0,-350,-105,94068,94266,198
101,0,blank,0,-350,-105,94266,94522,256
101,0,blank,0,-350,-105,94522,94840,318
101,0,blank,0,-350,-105,94840,95113,273
101,0,blank,0,-350,-105,95113,95294,181
101,0,blank,0,-350,-105,95294,95336,42
101,0,blank,0,-350,-105,95336,95593,257
101,0,blank,0,-350,-105,95593,95668,75
101,0,blank,0,-350,-105,95668,95928,260
101,0,blank,0,-350,-105,95928,96295,367
101,0,blank,0,-350,-105,96295,96470,175
101,0,blank,0,-350,-105,96470,96655,185
101,0,blank,0,-350,-105,96655,96688,33
101,0,blank,0,-350,-105,96688,96879,191
101,0,blank,0,-350,-105,96879,97074,195
101,0,blank,0,-350,-105,97074,97355,281
101,0,blank,0,-350,-105,97355,97540,185
101,0,blank,0,-350,-105,97540,97716,176
101,0,blank,0,-350,-105,97716,97915,199
101,0,blank,0,-350,-105,97915,98114,199
101,0,blank,0,-350,-105,98114,98257,143
101,0,blank,0,-350,-105,98257,98452,195
101,0,blank,0,-350,-105,98452,98633,181
101,0,blank,0,-350,-105,98633,98812,179
101,0,blank,0,-350,-105,98812,98872,60
101,0,blank,0,-350,-105,98872,99068,196
101,0,blank,0,-350,-105,99068,99163,95
101,0,blank,0,-350,-105,99163,99392,229
101,0,blank,0,-350,-105,99392,99484,92
101,0,blank,0,-350,-105,99484,99613,129
101,0,blank,0,-350,-105,99613,99791,178
101,0,blank,0,-350,-105,99791,99977,186
101,0,blank,0,-350,-105,99977,100100,123
101,0,blank,0,-350,-105,100100,100293,193
101,0,blank,0,-350,-105,100293,100477,184
101,0,blank,0,-350,-105,100477,100660,183
101,0,blank,0,-350,-105,100660,100842,182
101,0,blank,0,-350,-105,100842,101020,178
101,0,blank,0,-350,-105,101020,101199,179
101,0,blank,0,-350,-105,101199,101375,176
101,0,blank,0,-350,-105,101375,101571,196
101,0,blank,0,-350,-105,101571,101711,140
101,0,blank,0,-350,-105,101711,101846,135
101,0,blank,0,-350,-105,101846,102038,192
101,0,blank,0,-350,-105,102038,102219,181
101,0,blank,0,-350,-105,102219,102403,184
101,0,blank,0,-350,-105,102403,102582,179
101,0,blank,0,-350,-105,102582,102641,59
101,0,blank,0,-350,-105,102641,102834,193
101,0,blank,0,-350,-105,102834,103027,193
101,0,blank,0,-350,-105,103027,103180,153
101,0,blank,0,-350,-105,103180,103472,292
101,0,blank,0,-350,-105,103472,103647,175
101,0,blank,0,-350,-105,103647,103716,69
101,0,blank,0,-350,-105,103770,103968,198
101,0,blank,0,-350,-105,103968,104128,160
101,0,blank,0,-350,-105,104128,104233,105
101,0,blank,0,-350,-105,104233,104400,167
101,0,blank,0,-350,-105,104400,104577,177
101,0,blank,0,-350,-105,104577,104746,169
101,0,blank,0,-350,-105,104746,104930,184
101,0,blank,0,-350,-105,104930,105109,179
101,0,blank,0,-350,-105,105109,105287,178
101,0,blank,0,-350,-105,105287,105465,178
101,0,blank,0,-350,-105,105465,105648,183
101,0,blank,0,-350,-105,105648,105826,178
101,0,blank,0,-350,-105,105826,105999,173
101,0,blank,0,-350,-105,105999,106163,164
101,0,blank,0,-350,-105,106163,106333,170
101,0,blank,0,-350,-105,106333,106523,190
101,0,blank,0,-350,-105,106523,106703,180
101,0,blank,0,-350,-105,106703,106834,131
101,0,blank,0,-350,-105,106834,107023,189
101,0,blank,0,-350,-105,107023,107206,183
101,0,blank,0,-350,-105,107206,107383,177
101,0,blank,0,-350,-105,107383,107576,193
101,0,blank,0,-350,-105,107576,107675,99
101,0,blank,0,-350,-105,108351,108550,199
101,0,blank,0,-350,-105,108550,108720,170
101,0,blank,0,-350,-105,108720,108917,197
101,0,blank,0,-350,-105,108917,109097,180
101,0,blank,0,-350,-105,109097,109277,180
101,0,blank,0,-350,-105,109277,109443,166
101,0,blank,0,-350,-105,109443,109631,188
101,0,blank,0,-350,-105,109631,109795,164
101,0,blank,0,-350,-105,109795,109958,163
101,0,blank,0,-350,-105,109958,110139,181
101,0,blank,0,-350,-105,110139,110305,166
101,0,blank,0,-350,-105,110305,110479,174
101,0,blank,0,-350,-105,110479,110648,169
101,0,blank,0,-350,-105,110648,110844,196
101,0,blank,0,-350,-105,110844,111041,197
101,0,blank,0,-350,-105,111041,111141,100
101,6,int,37,73.4396333333333,93.0438666666667,111299,111484,185
101,6,flag,38,120.8668,104.11,111876,111907,31
101,11,find_anagram,62,144.309,215.2701,112526,112559,33
101,11,find_anagram,62,135.0057,211.005,112625,112658,33
101,11,find_anagram,62,153.0475,210.669,112724,112757,33
101,13,printf,75,140.5521,247.6404,112824,112858,34
101,0,blank,0,-350,-105,112890,112923,33
101,0,blank,0,120.939,88.7201,113085,113117,32
101,6,;,39,126.6671,93.988,113180,113214,34
101,6,flag,38,84.9974,98.4006,113244,113277,33
101,6,flag,38,90.1709,99.9598,113374,113405,31
101,5,array1,27,110.9035,79.7277,113661,113694,33
101,0,blank,0,118.9482,88.0029,113823,113856,33
101,5,array1,27,149.3408,76.6578,113888,113920,32
101,0,blank,0,-350,-105,113953,114144,191
101,0,blank,0,-350,-105,114144,114313,169
101,0,blank,0,-350,-105,114313,114445,132
101,0,blank,0,-350,-105,114445,114628,183
101,0,blank,0,-350,-105,114628,114819,191
101,0,blank,0,-350,-105,114819,115005,186
101,0,blank,0,-350,-105,115005,115186,181
101,0,blank,0,-350,-105,115186,115364,178
101,0,blank,0,-350,-105,115364,115555,191
101,0,blank,0,-350,-105,115555,115736,181
101,0,blank,0,-350,-105,115736,115912,176
101,0,blank,0,-350,-105,115912,116074,162
101,0,blank,0,-350,-105,116074,116260,186
101,0,blank,0,-350,-105,116260,116435,175
101,0,blank,0,-350,-105,116435,116610,175
101,0,blank,0,-350,-105,116610,116786,176
101,0,blank,0,-350,-105,116786,116961,175
101,0,blank,0,-350,-105,116961,117150,189
101,0,blank,0,-350,-105,117150,117347,197
101,0,blank,0,-350,-105,117347,117543,196
101,0,blank,0,-350,-105,117543,117726,183
101,0,blank,0,-350,-105,117726,117923,197
101,0,blank,0,-350,-105,117923,118101,178
101,0,blank,0,-350,-105,118101,118275,174
101,0,blank,0,-350,-105,118275,118438,163
101,0,blank,0,-350,-105,118438,118613,175
101,0,blank,0,-350,-105,118613,118806,193
101,0,blank,0,-350,-105,118806,118909,103
101,0,blank,0,-350,-105,118909,119084,175
101,0,blank,0,-350,-105,119084,119267,183
101,0,blank,0,-350,-105,119267,119405,138
101,0,blank,0,-350,-105,119405,119627,222
101,0,blank,0,-350,-105,119627,119814,187
101,0,blank,0,-350,-105,119814,120003,189
101,0,blank,0,-350,-105,120003,120147,144
101,7,printf,40,68.71638,131.93514,120858,121037,179
101,7,printf,40,67.2949333333333,129.920066666667,121037,121142,105
101,7,printf,40,81.6175,126.3853,121246,121281,35
101,7,printf,40,71.8344,124.028,121356,121390,34
101,9,printf,50,84.0753,159.2339,121459,121494,35
101,8,gets,45,78.9595666666667,153.3485,121563,121665,102
101,9,printf,50,69.9021,157.5231,121733,122199,466
101,0,blank,0,-350,-105,122237,122424,187
101,0,blank,0,-350,-105,122424,122569,145
101,0,blank,0,-350,-105,122675,122837,162
101,0,blank,0,-350,-105,123659,123707,48
101,0,blank,0,-350,-105,124182,124239,57
101,8,array1,47,112.356375,148.188875,125565,125700,135
101,9,(,51,110.12345,167.8608,125734,125802,68
101,9,printf,50,103.142333333333,172.567833333333,125871,125973,102
101,7,"Enterthestring\n",42,137.028166666667,115.295633333333,126040,126141,101
101,7,"Enterthestring\n",42,137.8343,113.2226,126209,126241,32
101,7,"Enterthestring\n",42,127.50895,114.10685,126276,126339,63
101,7,"Enterthestring\n",42,131.2744,112.493,126405,126436,31
101,6,;,39,131.695,105.125166666667,126470,126665,195
101,0,blank,0,141.65645,105.614016666667,126665,126860,195
101,8,array1,47,119.2663,133.194733333333,126893,126994,101
101,8,array1,47,111.65272,136.29202,127027,127199,172
101,10,array2,57,116.89878,187.62646,127232,127399,167
101,9,"Enteranotherstring\n",52,117.26314,170.4196,127399,127569,170
101,9,"Enteranotherstring\n",52,115.3883,171.59092,127569,127736,167
101,10,array2,57,97.5448,194.0234,127769,127835,66
101,9,"Enteranotherstring\n",52,142.94476,171.79714,127868,128028,160
101,9,"Enteranotherstring\n",52,166.01162,166.18924,128093,128254,161
101,0,blank,0,158.2946,97.63755,128318,128383,65
101,0,blank,0,163.831,101.277216666667,128447,128638,191
101,7,"Enterthestring\n",42,168.8787,112.69635,128638,128704,66
101,7,"Enterthestring\n",42,162.16904,117.76236,128769,128935,166
101,7,"Enterthestring\n",42,153.6324,123.7933,128935,128969,34
101,0,blank,0,151.4326,154.9192,129069,129102,33
101,9,"Enteranotherstring\n",52,139.37248,163.84678,129135,129304,169
101,8,;,49,165.259,146.6012,129372,129405,33
101,0,blank,0,221.5638,144.9964,129536,129568,32
101,0,blank,0,234.5756,145.756,129603,129636,33
101,0,blank,0,235.4531,176.4886,129707,129742,35
101,9,"Enteranotherstring\n",52,272.4182,162.8459,129777,129812,35
101,9,"Enteranotherstring\n",52,291.1502,173.3257,129846,129882,36
101,0,blank,0,-350,-105,130249,130306,57
101,0,blank,0,605.6349,-103.797,130351,130378,27
101,0,blank,0,-350,-105,131089,131268,179
101,0,blank,0,-350,-105,131268,131466,198
101,0,blank,0,-350,-105,131466,131663,197
101,0,blank,0,-350,-105,131663,131847,184
101,0,blank,0,-350,-105,131847,132045,198
101,0,blank,0,-350,-105,132045,132471,426
101,0,blank,0,-350,-105,132471,133053,582
101,0,blank,0,-350,-105,133053,133231,178
101,0,blank,0,-350,-105,133231,133416,185
101,0,blank,0,-350,-105,133416,133538,122
101,0,blank,0,-350,-105,133538,133681,143
101,0,blank,0,-350,-105,133681,133865,184
101,0,blank,0,-350,-105,133865,134049,184
101,0,blank,0,-350,-105,134049,134228,179
101,0,blank,0,-350,-105,134228,134424,196
101,0,blank,0,-350,-105,134424,134583,159
101,0,blank,0,-350,-105,134583,134748,165
101,0,blank,0,-350,-105,134748,134921,173
101,0,blank,0,-350,-105,134921,135105,184
101,0,blank,0,-350,-105,135105,135293,188
101,0,blank,0,-350,-105,135293,135514,221
101,0,blank,0,-350,-105,135514,135687,173
101,0,blank,0,-350,-105,135687,135886,199
101,0,blank,0,-350,-105,135886,136079,193
101,0,blank,0,-350,-105,136079,136194,115
101,0,blank,0,-350,-105,136194,136375,181
101,0,blank,0,-350,-105,136375,136556,181
101,0,blank,0,-350,-105,136556,136750,194
101,0,blank,0,-350,-105,136750,136943,193
101,0,blank,0,-350,-105,136943,137127,184
101,0,blank,0,-350,-105,137127,137290,163
101,0,blank,0,-350,-105,137290,137453,163
101,0,blank,0,-350,-105,137453,137617,164
101,0,blank,0,-350,-105,137617,137798,181
101,0,blank,0,-350,-105,137798,137977,179
101,0,blank,0,-350,-105,137977,138176,199
101,0,blank,0,-350,-105,138176,138284,108
101,0,blank,0,-350,-105,138284,138451,167
101,0,blank,0,-350,-105,138451,138625,174
101,0,blank,0,-350,-105,138625,138822,197
101,0,blank,0,-350,-105,138822,138999,177
101,0,blank,0,-350,-105,138999,139191,192
101,0,blank,0,-350,-105,139191,139371,180
101,0,blank,0,-350,-105,139371,139550,179
101,0,blank,0,-350,-105,139550,139686,136
101,0,blank,0,-350,-105,139686,139862,176
101,0,blank,0,-350,-105,139862,140111,249
101,0,blank,0,-350,-105,140111,140284,173
101,0,blank,0,-350,-105,140284,140475,191
101,0,blank,0,-350,-105,140475,140662,187
101,0,blank,0,-350,-105,140662,140841,179
101,0,blank,0,-350,-105,140841,140935,94
101,0,blank,0,-350,-105,140935,141128,193
101,0,blank,0,-350,-105,141128,141304,176
101,0,blank,0,-350,-105,141304,141464,160
101,0,blank,0,-350,-105,142017,142196,179
101,0,blank,0,-350,-105,142196,142377,181
101,0,blank,0,-350,-105,142377,142474,97
101,0,blank,0,394.6889,192.88435,143077,143135,58
101,0,blank,0,394.098066666667,179.860983333333,143168,143362,194
101,0,blank,0,394.6074,176.3722,143362,143394,32
101,0,blank,0,399.9014,184.8331,143459,143491,32
101,0,blank,0,318.4829,177.928666666667,143590,143683,93
101,0,blank,0,340.8331,180.5139,143715,143880,165
101,11,find_anagram,62,220.8622,205.6555,143933,143998,65
101,0,blank,0,231.25125,193.12985,144031,144163,132
101,0,blank,0,203.4373,188.6132,144196,144228,32
101,0,blank,0,202.2817,194.2905,144261,144326,65
101,11,find_anagram,62,202.718033333333,203.561766666667,144359,144458,99
101,11,find_anagram,62,199.4097,214.2477,144491,144524,33
101,0,blank,0,171.1378,242.6237,144590,144623,33
101,12,),74,174.2709,224.509066666667,144655,144754,99
101,0,blank,0,158.47465,223.368816666667,144819,145016,197
101,0,blank,0,161.26225,227.7393,145016,145147,131
101,0,blank,0,193.246033333333,223.684966666667,145179,145374,195
101,0,blank,0,194.68095,224.65905,145406,145536,130
101,11,find_anagram,62,196.9027,205.59955,145601,145666,65
101,11,find_anagram,62,195.490566666667,200.432833333333,145700,145797,97
101,0,blank,0,193.3553,198.1053,145830,145862,32
101,11,find_anagram,62,162.9837,212.504,145895,145927,32
101,11,find_anagram,62,165.5707,218.0588,145993,146026,33
101,11,find_anagram,62,136.60625,203.287766666667,146058,146256,198
101,0,blank,0,207.87525,231.3124,146355,146487,132
101,0,blank,0,204.8853,224.45685,146520,146586,66
101,0,blank,0,226.402233333333,239.222633333333,146652,146751,99
101,0,blank,0,274.86935,233.4942,146784,146849,65
101,0,blank,0,377.25135,233.3922,147012,147078,66
101,13,"%sand%sareanagrams.\n",77,381.7554,244.0699,147111,147243,132
101,0,blank,0,404.6863,241.4386,147275,147339,64
101,0,blank,0,394.2483,225.8315,147373,147405,32
101,13,"%sand%sareanagrams.\n",77,252.1918,263.312,147790,147821,31
101,0,blank,0,241.014433333333,265.8538,147854,147953,99
101,0,blank,0,256.102875,276.1956,147985,148115,130
101,0,blank,0,292.466966666667,282.634366666667,148179,148276,97
101,0,blank,0,293.67475,275.36865,148309,148374,65
101,15,"%sand%sarenotanagrams.\n",87,331.3176,287.0536,148407,148440,33
101,0,blank,0,336.995,280.9532,148505,148605,100
101,15,"%sand%sarenotanagrams.\n",87,375.30085,294.74855,148636,148701,65
101,0,blank,0,374.7757,283.1719,148733,148766,33
101,0,blank,0,418.3326,308.3038,148832,148865,33
101,15,"%sand%sarenotanagrams.\n",87,411.2644,293.0412,148930,148963,33
101,0,blank,0,295.393533333333,442.566733333333,149028,149127,99
101,0,blank,0,294.54435,452.5367,149159,149226,67
101,0,blank,0,312.9593,429.054,149260,149360,100
101,20,26,124,312.724275,412.068775,149425,149554,129
101,18,find_anagram,99,127.795333333333,365.402066666667,149850,149945,95
101,18,find_anagram,99,111.50185,353.2689,149977,150040,63
101,18,find_anagram,99,113.631,362.6667,150072,150135,63
101,18,(,100,173.551933333333,359.3363,150199,150293,94
101,0,blank,0,230.2227,352.92985,150356,150419,63
101,0,blank,0,236.2828,352.61135,150483,150546,63
101,18,],109,309.137633333333,357.8409,150609,150705,96
101,0,blank,0,313.85225,353.84345,150769,150833,64
101,18,array1,102,289.3753,366.7296,150929,150961,32
101,18,array1,102,291.5713,353.4164,151026,151057,31
101,0,blank,0,321.7139,347.7793,151090,151122,32
101,0,blank,0,310.773733333333,348.873366666667,151155,151252,97
101,0,blank,0,173.6727,142.97735,151477,151530,53
101,0,blank,0,288.9692,336.496875,151628,151759,131
101,0,blank,0,246.2532,337.9658,151791,151824,33
101,0,blank,0,248.3451,349.47155,151858,151923,65
101,0,blank,0,-350,-105,151989,152072,83
101,0,blank,0,400.5596,340.6325,152148,152206,58
101,0,blank,0,455.8212,374.3564,152281,152374,93
101,18,[,108,447.1671,365.7816,152407,152439,32
101,0,blank,0,-350,-105,152506,152589,83
101,15,"%sand%sarenotanagrams.\n",87,191.7437,288.7328,152615,152665,50
101,0,blank,0,186.4014,108.7525,152735,152761,26
101,7,"Enterthestring\n",42,181.8521,113.8628,152797,152896,99
101,5,100,34,189.010875,69.64875,153255,153384,129
101,0,blank,0,175.86898,63.67646,153448,153608,160
101,0,blank,0,-350,-105,153672,153790,118
101,0,blank,0,197.64645,348.62905,153869,153932,63
101,20,[,123,129.591,405.433,154225,154258,33
101,0,blank,0,125.8969,375.4707,154388,154420,32
101,18,find_anagram,99,128.5648,370.4195,154484,154516,32
101,0,blank,0,170.5075,379.6917,154644,154676,32
101,0,blank,0,171.73855,384.7413,154742,154807,65
101,0,blank,0,202.409183333333,394.629016666667,154871,155065,194
101,20,{,127,198.0211,414.2136,155065,155098,33
101,0,blank,0,206.320866666667,390.926066666667,155163,155261,98
101,0,blank,0,203.2644,388.05844,155326,155489,163
101,20,{,127,194.1123,405.3379,155521,155553,32
101,20,num2,122,246.5687,404.5479,155618,155651,33
101,0,blank,0,255.39915,391.2278,155784,155849,65
101,20,num2,122,253.7834,404.0516,155881,155915,34
101,0,blank,0,259.65735,391.5121,156013,156079,66
101,0,blank,0,166.2188,388.464633333333,156212,156407,195
101,0,blank,0,168.3934,392.153,156407,156439,32
101,0,blank,0,166.87745,386.2786,156471,156536,65
101,0,blank,0,-350,-105,156600,156658,58
101,0,blank,0,165.8194,378.6783,156841,156877,36
101,0,blank,0,188.43995,391.6849,156940,157004,64
101,0,blank,0,-350,-105,157068,157151,83
101,0,blank,0,191.1151,400.25175,157527,157591,64
101,0,blank,0,190.84442,391.48864,157688,157848,160
101,0,blank,0,194.2592,374.9478,157881,157913,32
101,20,=,132,182.4095,398.4623,157945,157976,31
101,0,blank,0,-350,-105,158040,158122,82
101,0,blank,0,211.1229,380.4077,158165,158256,91
101,0,blank,0,115.7992,392.116,158327,158353,26
101,0,blank,0,128.9787,385.2877,158451,158514,63
101,0,blank,0,122.6724,390.8572,158609,158641,32
101,0,blank,0,125.6775,374.856333333333,158672,158766,94
101,0,blank,0,155.531875,389.6322,158955,159080,125
101,0,blank,0,155.0027,387.231066666667,159112,159206,94
101,20,26,124,143.6072,400.7458,159237,159268,31
101,0,blank,0,155.326666666667,397.117016666667,159300,159489,189
101,0,blank,0,156.3681,385.16345,159520,159648,128
101,20,],125,156.9731,398.1541,159679,159712,33
101,0,blank,0,156.68705,382.13885,159744,159808,64
101,0,blank,0,192.14645,399.26215,159906,160033,127
101,0,blank,0,187.8097,387.6563,160065,160096,31
101,0,blank,0,187.5055,405.04165,160129,160195,66
101,0,blank,0,-40.3347,406.6079,160451,160476,25
101,20,],125,161.33062,404.19806,160511,160679,168
101,20,],125,159.0554,398.5218,160711,160777,66
101,0,blank,0,155.4211,391.2713,160974,161007,33
101,18,find_anagram,99,145.1259,368.8376,161040,161073,33
101,18,find_anagram,99,141.10235,371.6474,161139,161204,65
101,0,blank,0,134.2739,396.2676,161335,161367,32
101,12,1,73,167.8528,232.9358,161629,161667,38
101,13,"%sand%sareanagrams.\n",77,155.705,244.7672,161701,161733,32
101,5,array1,27,146.46242,80.9772,161867,162033,166
101,0,blank,0,148.05795,61.63045,162099,162166,67
101,0,blank,0,155.90075,331.29245,162624,162688,64
101,0,blank,0,193.1511,385.0045,162880,162913,33
101,20,{,127,202.6225,398.894,162977,163009,32
101,0,blank,0,174.58525,392.374825,163078,163212,134
101,20,0,133,203.54785,407.29,163407,163471,64
101,18,array1,102,254.1613,367.5815,163631,163669,38
101,20,num2,122,247.2108,403.5481,163771,163802,31
101,21,0,142,268.6849,428.8184,163898,163962,64
101,0,blank,0,280.8019,388.0987,164057,164123,66
101,20,26,124,313.9132,404.7185,164283,164347,64
101,0,blank,0,352.9829,419.19205,164508,164574,66
101,20,=,132,340.7999,413.601433333333,164606,164702,96
101,0,blank,0,330.2929,410.7715,164767,164799,32
101,0,blank,0,328.40955,386.72865,164832,164896,64
101,20,num2,122,265.2026,411.4951,165024,165056,32
101,20,num2,122,256.1007,399.8199,165121,165153,32
101,20,=,132,334.8983,399.1006,165185,165217,32
101,0,blank,0,425.5464,393.7729,165545,165577,32
101,0,blank,0,417.3448,399.76715,165649,165713,64
101,0,blank,0,420.9564,413.8011,165746,165779,33
101,0,blank,0,289.4803,388.9711,166047,166080,33
101,0,blank,0,269.574,396.9816,166148,166214,66
101,0,blank,0,472.99025,402.6953,166614,166684,70
101,0,blank,0,487.7442,416.6833,166747,166813,66
101,0,blank,0,488.21,386.173,166844,166877,33
101,20,comma,130,230.425733333333,400.055933333333,167237,167334,97
101,0,blank,0,197.09165,397.951,167431,167496,65
101,0,blank,0,187.309333333333,406.465433333333,167594,167692,98
101,0,blank,0,172.286,409.8987,167725,167758,33
101,20,26,124,141.1771,406.7839,167791,167824,33
101,20,[,123,132.7253,410.7805,167858,167890,32
101,20,[,123,127.0328,402.2794,167956,167989,33
101,0,blank,0,133.2726,389.9688,168021,168054,33
101,0,blank,0,286.8066,395.6241,168216,168280,64
101,0,blank,0,-350,-105,168471,168641,170
101,0,blank,0,-350,-105,168641,168826,185
101,0,blank,0,-350,-105,168826,168971,145
101,0,blank,0,-350,-105,168971,169147,176
101,0,blank,0,-350,-105,169147,169420,273
101,0,blank,0,-350,-105,169515,169701,186
101,0,blank,0,-350,-105,169701,169731,30
101,0,blank,0,-350,-105,169731,170046,315
101,0,blank,0,-350,-105,170046,170420,374
101,0,blank,0,-350,-105,170420,170594,174
101,0,blank,0,-350,-105,170594,170713,119
101,0,blank,0,-350,-105,170713,170865,152
101,0,blank,0,-350,-105,170865,171044,179
101,0,blank,0,-350,-105,171044,171240,196
101,0,blank,0,-350,-105,171240,171600,360
101,0,blank,0,-350,-105,171600,171668,68
101,0,blank,0,-350,-105,171668,171841,173
101,0,blank,0,-350,-105,171841,171984,143
101,0,blank,0,-350,-105,171984,172087,103
101,0,blank,0,-350,-105,172087,172199,112
101,0,blank,0,-350,-105,172199,172373,174
101,0,blank,0,-350,-105,172373,172470,97
101,0,blank,0,-350,-105,172470,172649,179
101,0,blank,0,-350,-105,172649,172719,70
101,0,blank,0,-350,-105,172719,172910,191
101,0,blank,0,-350,-105,172910,173050,140
101,0,blank,0,-350,-105,173050,173192,142
101,0,blank,0,-350,-105,173192,173389,197
101,0,blank,0,-350,-105,173389,173427,38
101,0,blank,0,-350,-105,173427,173748,321
101,0,blank,0,-350,-105,173748,173925,177
101,0,blank,0,-350,-105,173925,174078,153
101,0,blank,0,-350,-105,174515,174686,171
101,0,blank,0,-350,-105,174686,174847,161
101,0,blank,0,-350,-105,174847,175043,196
101,0,blank,0,513.2491,-103.9006,175075,175101,26
101,0,blank,0,-350,-105,175137,175327,190
101,0,blank,0,-350,-105,175327,175522,195
101,0,blank,0,-350,-105,175522,175718,196
101,0,blank,0,-350,-105,175718,175874,156
101,0,blank,0,-350,-105,175874,176062,188
101,0,blank,0,-350,-105,176062,176219,157
101,0,blank,0,-350,-105,176219,176337,118
101,0,blank,0,-350,-105,176481,176626,145
101,0,blank,0,-350,-105,176745,176860,115
101,0,blank,0,-350,-105,177095,177274,179
101,0,blank,0,-350,-105,177542,178092,550
101,0,blank,0,-350,-105,178555,178668,113
101,0,blank,0,-350,-105,178668,178809,141
101,0,blank,0,-350,-105,178809,179190,381
101,0,blank,0,-350,-105,179190,179444,254
101,0,blank,0,-350,-105,179444,179643,199
101,0,blank,0,-350,-105,179643,179958,315
101,0,blank,0,-350,-105,179958,180262,304
101,0,blank,0,-350,-105,180262,180425,163
101,0,blank,0,64.842,298.9308,181909,181968,59
101,0,blank,0,41.2316,328.2028,182039,182074,35
101,16,return,94,99.0526,312.7896,182378,182412,34
101,16,return,94,71.4978,324.6149,182546,182581,35
101,0,blank,0,104.2058,328.4251,182853,182889,36
101,0,blank,0,36.6582,314.5883,182955,182989,34
101,0,blank,0,77.8975,329.9597,184369,184406,37
101,0,blank,0,-350,-105,184690,184723,33
101,0,blank,0,178.2686,341.4868,185243,185277,34
101,18,char,106,376.1712,354.4025,185461,185494,33
101,0,blank,0,334.1478,351.5,185559,185591,32
101,0,blank,0,365.92175,335.3762,185753,185818,65
101,15,"%sand%sarenotanagrams.\n",87,377.5915,301.7415,185851,185885,34
101,0,blank,0,369.76385,343.95675,185918,185982,64
101,0,blank,0,377.3855,317.9263,186014,186046,32
101,0,blank,0,313.047,333.3609,186372,186409,37
101,0,blank,0,55.1189,347.6448,186885,186915,30
101,0,blank,0,-350,-105,187248,187281,33
101,0,blank,0,69.3173,349.9731,187520,187549,29
101,20,int,112,44.3185,405.5784,188398,188431,33
101,16,return,94,67.8999,327.3576,189329,189460,131
101,20,int,112,49.3402,398.54665,190515,190578,63
101,0,blank,0,72.7148,379.128,190610,190643,33
101,0,blank,0,97.5024,380.8525,190706,190770,64
101,0,blank,0,101.3881,387.2233,191375,191407,32
101,0,blank,0,-350,-105,191470,191615,145
101,0,blank,0,-350,-105,191707,191737,30
101,0,blank,0,129.8277,374.7897,192005,192066,61
101,0,blank,0,-350,-105,192463,192643,180
101,0,blank,0,-350,-105,192643,192841,198
101,0,blank,0,-350,-105,192841,192930,89
101,0,blank,0,-350,-105,192930,193138,208
101,0,blank,0,-350,-105,193138,193543,405
101,0,blank,0,-350,-105,193543,193793,250
101,0,blank,0,-350,-105,193793,193904,111
101,0,blank,0,-350,-105,193904,194047,143
101,0,blank,0,-350,-105,194047,194245,198
101,0,blank,0,-350,-105,194245,194506,261
101,0,blank,0,-350,-105,194506,194654,148
101,0,blank,0,-350,-105,194654,194764,110
101,0,blank,0,-350,-105,194764,195005,241
101,0,blank,0,-350,-105,195005,195185,180
101,0,blank,0,-350,-105,195185,195238,53
101,0,blank,0,-350,-105,195238,195634,396
101,0,blank,0,-350,-105,195634,195810,176
101,0,blank,0,-350,-105,195810,195985,175
101,0,blank,0,-350,-105,195985,196168,183
101,0,blank,0,-350,-105,196168,196347,179
101,0,blank,0,-350,-105,196347,196523,176
101,0,blank,0,-350,-105,196523,196701,178
101,0,blank,0,-350,-105,196701,196880,179
101,0,blank,0,-350,-105,196880,197048,168
101,0,blank,0,-350,-105,197048,197219,171
101,0,blank,0,-350,-105,197219,197342,123
101,0,blank,0,-350,-105,197342,197537,195
101,0,blank,0,-350,-105,197537,197702,165
101,0,blank,0,-350,-105,197702,197792,90
101,0,blank,0,-350,-105,197792,198105,313
101,0,blank,0,-350,-105,198105,198429,324
101,0,blank,0,-350,-105,198429,198627,198
101,0,blank,0,-350,-105,198627,198788,161
101,0,blank,0,-350,-105,198788,198971,183
101,0,blank,0,-350,-105,198971,199004,33
101,0,blank,0,-350,-105,199004,199494,490
101,0,blank,0,-350,-105,199494,199978,484
101,0,blank,0,-350,-105,199978,200158,180
101,0,blank,0,-350,-105,200158,200336,178
101,0,blank,0,-350,-105,200336,200592,256
101,0,blank,0,-350,-105,200592,200847,255
101,0,blank,0,-350,-105,200847,200909,62
101,0,blank,0,-350,-105,200909,201134,225
101,0,blank,0,-350,-105,201134,201360,226
101,0,blank,0,-350,-105,201360,201545,185
101,0,blank,0,-350,-105,201545,201826,281
101,0,blank,0,-350,-105,201826,201996,170
101,0,blank,0,-350,-105,201996,202177,181
101,0,blank,0,-350,-105,202177,202409,232
101,0,blank,0,-350,-105,202409,202599,190
101,0,blank,0,-350,-105,202599,202765,166
101,0,blank,0,-350,-105,202765,202955,190
101,0,blank,0,-350,-105,202955,203141,186
101,0,blank,0,-350,-105,203141,203361,220
101,0,blank,0,-350,-105,203361,203559,198
101,0,blank,0,-350,-105,203559,203751,192
101,0,blank,0,-350,-105,203751,203846,95
101,0,blank,0,-350,-105,203846,203974,128
101,0,blank,0,-350,-105,203974,204110,136
101,0,blank,0,-350,-105,204110,204329,219
101,0,blank,0,-350,-105,204329,204526,197
101,0,blank,0,-350,-105,204526,204686,160
101,0,blank,0,-350,-105,204686,204857,171
101,0,blank,0,-350,-105,204857,205024,167
101,0,blank,0,-350,-105,205024,205261,237
101,0,blank,0,-350,-105,205261,205436,175
101,0,blank,0,-350,-105,205436,205572,136
101,0,blank,0,-350,-105,205572,205753,181
101,0,blank,0,-350,-105,205753,205925,172
101,0,blank,0,-350,-105,205925,206026,101
101,0,blank,0,-350,-105,206026,206214,188
101,0,blank,0,-350,-105,206214,206268,54
101,0,blank,0,-350,-105,206268,206764,496
101,0,blank,0,-350,-105,206764,206952,188
101,0,blank,0,-350,-105,206952,207015,63
101,0,blank,0,-350,-105,207731,207908,177
101,0,blank,0,-350,-105,207908,208059,151
101,0,blank,0,-350,-105,208059,208163,104
101,0,blank,0,-350,-105,208163,208284,121
101,0,blank,0,-350,-105,208284,208449,165
101,0,blank,0,-350,-105,208449,208621,172
101,0,blank,0,-350,-105,208621,208655,34
101,0,blank,0,-350,-105,208655,208840,185
101,0,blank,0,-350,-105,208840,209057,217
101,0,blank,0,-350,-105,209057,209351,294
101,0,blank,0,-350,-105,209351,209535,184
101,0,blank,0,-350,-105,209535,209706,171
101,0,blank,0,-350,-105,209706,209909,203
101,0,blank,0,-350,-105,209909,210009,100
101,0,blank,0,-350,-105,210009,210401,392
101,0,blank,0,-350,-105,210401,210559,158
101,0,blank,0,-350,-105,210559,210950,391
101,0,blank,0,-350,-105,210950,211005,55
101,0,blank,0,-350,-105,211005,211220,215
101,0,blank,0,-350,-105,211220,211399,179
101,0,blank,0,-350,-105,211399,211570,171
101,0,blank,0,-350,-105,211570,211850,280
101,0,blank,0,-350,-105,212618,212651,33
101,21,(,136,112.3537,429.6174,213153,213189,36
101,0,blank,0,120.6468,376.7681,213257,213291,34
101,20,26,124,151.70075,409.35985,213429,213499,70
101,20,num1,113,111.8239,413.7493,213567,213600,33
101,0,blank,0,117.8514,395.5547,213666,213700,34
101,0,blank,0,-350,-105,214296,214404,108
101,0,blank,0,-350,-105,214404,214561,157
101,0,blank,0,273.2489,457.1771,214696,214721,25
101,0,blank,0,167.3629,347.9436,216077,216126,49
101,0,blank,0,215.84845,328.91465,216387,216449,62
101,0,blank,0,188.2803,282.5745,216481,216513,32
101,0,blank,0,170.2551,375.8896,216608,216645,37
101,0,blank,0,-350,-105,216678,216855,177
101,0,blank,0,-350,-105,216855,217030,175
101,0,blank,0,-350,-105,217030,217204,174
101,0,blank,0,-350,-105,217204,217381,177
101,0,blank,0,-350,-105,217381,217577,196
101,0,blank,0,-350,-105,217577,217606,29
101,0,blank,0,-350,-105,217606,217785,179
101,0,blank,0,-350,-105,217785,217966,181
101,0,blank,0,-350,-105,217966,218283,317
101,0,blank,0,-350,-105,218283,218463,180
101,0,blank,0,-350,-105,218463,218634,171
101,0,blank,0,-350,-105,218634,218722,88
101,0,blank,0,-350,-105,218722,218861,139
101,0,blank,0,-350,-105,218861,219009,148
101,0,blank,0,-350,-105,219009,219192,183
101,0,blank,0,-350,-105,219192,219391,199
101,0,blank,0,-350,-105,219391,219573,182
101,0,blank,0,-350,-105,219573,219753,180
101,0,blank,0,-350,-105,219753,219932,179
101,0,blank,0,-350,-105,219932,220130,198
101,0,blank,0,-350,-105,220130,220259,129
101,0,blank,0,-350,-105,220259,220390,131
101,0,blank,0,-350,-105,220390,220556,166
101,0,blank,0,-350,-105,220556,220744,188
101,0,blank,0,-350,-105,220744,220926,182
101,0,blank,0,-350,-105,220926,221083,157
101,0,blank,0,-350,-105,221083,221251,168
101,0,blank,0,-350,-105,221251,221344,93
101,0,blank,0,-350,-105,221344,221496,152
101,0,blank,0,-350,-105,221496,221582,86
101,0,blank,0,-350,-105,221582,221879,297
101,0,blank,0,-350,-105,221879,222185,306
101,0,blank,0,-350,-105,222185,222362,177
101,0,blank,0,-350,-105,222362,222538,176
101,0,blank,0,-350,-105,222538,222592,54
101,0,blank,0,-350,-105,222592,222971,379
101,0,blank,0,-350,-105,222971,223358,387
101,0,blank,0,-350,-105,223358,223925,567
101,0,blank,0,-350,-105,223925,224108,183
101,0,blank,0,-350,-105,224108,224256,148
101,0,blank,0,-350,-105,224256,224423,167
101,0,blank,0,-350,-105,224423,224498,75
101,0,blank,0,-350,-105,224498,224679,181
101,0,blank,0,-350,-105,224679,224876,197
101,0,blank,0,-350,-105,224876,225083,207
101,0,blank,0,-350,-105,225083,225274,191
101,0,blank,0,-350,-105,225274,225453,179
101,0,blank,0,-350,-105,225453,225516,63
101,0,blank,0,-350,-105,225516,225692,176
101,0,blank,0,-350,-105,225692,225867,175
101,0,blank,0,-350,-105,225867,226050,183
101,0,blank,0,-350,-105,226050,226218,168
101,0,blank,0,-350,-105,226218,226401,183
101,0,blank,0,-350,-105,226401,226532,131
101,0,blank,0,-350,-105,226532,226718,186
101,0,blank,0,-350,-105,226718,226825,107
101,0,blank,0,-350,-105,226825,227002,177
101,0,blank,0,-350,-105,227002,227173,171
101,0,blank,0,-350,-105,227173,227310,137
101,0,blank,0,-350,-105,227310,227456,146
101,0,blank,0,-350,-105,227456,227648,192
101,0,blank,0,-350,-105,227648,227835,187
101,0,blank,0,-350,-105,227835,228014,179
101,0,blank,0,-350,-105,228014,228193,179
101,0,blank,0,-350,-105,228193,228370,177
101,0,blank,0,-350,-105,228370,228500,130
101,0,blank,0,-350,-105,228500,228679,179
101,0,blank,0,-350,-105,228679,228712,33
101,0,blank,0,-350,-105,228712,228911,199
101,0,blank,0,-350,-105,228911,228969,58
101,0,blank,0,-350,-105,228969,229161,192
101,0,blank,0,-350,-105,229161,229338,177
101,0,blank,0,-350,-105,229338,229540,202
101,0,blank,0,-350,-105,229540,229701,161
101,0,blank,0,-350,-105,229701,229897,196
101,0,blank,0,-350,-105,229897,230078,181
101,0,blank,0,-350,-105,230078,230199,121
101,0,blank,0,-350,-105,230199,230549,350
101,0,blank,0,-350,-105,230549,230911,362
101,0,blank,0,-350,-105,230911,231109,198
101,0,blank,0,-350,-105,231109,231285,176
101,0,blank,0,-350,-105,231285,231592,307
101,0,blank,0,180.8971,440.44575,234017,234080,63
101,0,blank,0,-350,-105,234170,234253,83
101,0,blank,0,198.5816,456.585,234890,234947,57
101,23,array1,147,181.1409,465.382,234991,235021,30
101,0,blank,0,208.2007,432.2275,235115,235142,27
101,21,!=,141,219.6441,419.1558,235239,235269,30
101,21,],140,200.2714,434.6525,235299,235330,31
101,0,blank,0,172.1439,403.9724,235390,235420,30
101,21,array1,137,157.610966666667,428.827833333333,235451,235543,92
101,0,blank,0,195.6067,451.0289,235893,235924,31
101,0,blank,0,200.7014,453.2886,235985,236015,30
101,21,[,138,179.9776,438.4072,236227,236267,40
101,0,blank,0,166.754333333333,459.282533333333,236359,236450,91
101,0,blank,0,144.101,387.7136,237024,237053,29
101,0,blank,0,94.829,429.90885,237275,237338,63
101,0,blank,0,103.7671,436.0844,237399,237429,30
101,20,],125,157.1339,401.9896,237672,237731,59
101,20,num2,122,280.045,403.6439,237916,237946,30
101,18,],109,305.6292,373.9195,238004,238035,31
101,0,blank,0,368.4608,382.7023,238279,238308,29
101,20,i,131,412.6406,408.2307,238367,238396,29
101,0,blank,0,188.7355,401.0632,239217,239247,30
101,0,blank,0,-350,-105,239468,239524,56
101,0,blank,0,-350,-105,239755,239801,46
101,20,num2,122,250.4875,402.4171,239947,239972,25
101,0,blank,0,-350,-105,240391,240564,173
101,0,blank,0,-350,-105,240564,240757,193
101,0,blank,0,-350,-105,240757,240924,167
101,0,blank,0,-350,-105,240924,241044,120
101,0,blank,0,-350,-105,241044,241232,188
101,0,blank,0,-350,-105,241232,241422,190
101,0,blank,0,-350,-105,241422,241587,165
101,0,blank,0,-350,-105,241587,241750,163
101,0,blank,0,-350,-105,241750,241928,178
101,0,blank,0,-350,-105,241928,242108,180
101,0,blank,0,-350,-105,242108,242295,187
101,0,blank,0,-350,-105,242295,242479,184
101,0,blank,0,-350,-105,242479,242508,29
101,0,blank,0,137.9351,453.6294,242911,242942,31
101,0,blank,0,95.6572,437.15,243187,243222,35
101,0,blank,0,118.7854,532.4249,243967,243996,29
101,0,blank,0,-350,-105,245751,245828,77
101,0,blank,0,-350,-105,246130,246314,184
101,23,a,152,272.4963,473.7493,246339,246362,23
101,23,array1,147,145.6127,479.2278,246820,246853,33
101,0,blank,0,99.5989,452.211,247207,247236,29
101,0,blank,0,-350,-105,249102,249205,103
101,0,blank,0,-350,-105,249205,249394,189
101,0,blank,0,-350,-105,249394,249515,121
101,21,array1,137,168.54355,436.2619,250528,250638,110
101,0,blank,0,191.8345,410.7401,251064,251096,32
101,0,blank,0,-350,-105,251284,251426,142
101,0,blank,0,161.5031,453.0176,251945,251975,30
101,0,blank,0,-350,-105,252066,252147,81
101,0,blank,0,-350,-105,252212,252247,35
101,0,blank,0,182.5458,449.398,252273,252294,21
101,0,blank,0,192.1813,449.4777,252366,252397,31
101,0,blank,0,-350,-105,252465,252551,86
101,0,blank,0,-350,-105,252660,252794,134
101,0,blank,0,-350,-105,253351,253509,158
101,0,blank,0,-350,-105,253509,253575,66
101,0,blank,0,-350,-105,254812,255006,194
101,0,blank,0,-350,-105,255006,255208,202
101,0,blank,0,-350,-105,255208,255358,150
101,0,blank,0,-350,-105,255358,255680,322
101,0,blank,0,-350,-105,266846,267034,188
101,0,blank,0,-350,-105,267034,267184,150
101,0,blank,0,-350,-105,267184,267373,189
101,0,blank,0,-350,-105,267373,267562,189
101,0,blank,0,-350,-105,267562,267727,165
101,0,blank,0,-350,-105,267727,267894,167
101,0,blank,0,-350,-105,267894,268085,191
101,0,blank,0,-350,-105,268085,268253,168
101,0,blank,0,-350,-105,268253,268595,342
101,0,blank,0,-350,-105,268595,268633,38
101,0,blank,0,-350,-105,268633,268829,196
101,0,blank,0,-350,-105,269499,269637,138
101,0,blank,0,-350,-105,269948,270060,112
101,0,blank,0,-350,-105,270297,270327,30
101,0,blank,0,541.5394,-103.8242,270352,270377,25
101,0,blank,0,990.677,223.9761,270427,270452,25
101,0,blank,0,955.351,266.8126,270502,270534,32
101,0,blank,0,962.825,215.0183,271102,271132,30
101,0,blank,0,964.425,208.248,271222,271251,29
101,0,blank,0,988.922,182.5927,271311,271341,30
101,0,blank,0,981.665,180.8075,271401,271431,30
101,0,blank,0,985.987,194.5172,271582,271612,30
101,0,blank,0,998.373,91.4027,271673,271698,25
101,0,blank,0,970.257,59.6454,271876,271907,31
101,0,blank,0,1008.163,183.0511,272178,272208,30
101,0,blank,0,995.988,148.0669,272238,272268,30
101,0,blank,0,999.936,197.9845,272379,272404,25
102,0,blank,0,-350,-105,272915,272972,57
102,0,blank,0,331.8287,59.5889,273023,273047,24
102,0,blank,0,263.0694,41.6142,273948,273998,50
102,1,whether,7,220.2719,19.2752,274023,274078,55
102,0,blank,0,-350,-105,275433,275554,121
102,0,blank,0,548.9724,-103.8046,276025,276051,26
102,0,blank,0,961.586,160.7769,276179,276210,31
102,0,blank,0,958.043,141.7278,276241,276271,30
102,0,blank,0,-350,-105,276424,276455,31
102,0,blank,0,97.61545,-33.3111,276736,276798,62
102,0,blank,0,-350,-105,276830,276888,58
102,0,blank,0,-350,-105,276939,277085,146
103,20,26,124,145.1003,305.7518,279046,279077,31
103,18,find_anagram,99,164.7451,264.4331,279201,279234,33
103,0,blank,0,169.8557,299.3143,279265,279297,32
103,18,find_anagram,99,143.20085,260.1587,279912,279979,67
103,18,find_anagram,99,165.5657,259.0177,280044,280076,32
103,18,find_anagram,99,146.0568,256.0102,280109,280140,31
103,0,blank,0,-350,-105,280413,280610,197
103,0,blank,0,172.314,306.4903,280771,280799,28
103,20,num2,122,268.7068,306.8257,281155,281186,31
103,0,blank,0,385.5688,334.8138,281430,281460,30
103,0,blank,0,187.8375,355.1335,282027,282057,30
103,0,blank,0,187.4734,400.8612,282644,282672,28
103,0,blank,0,192.6061,334.4457,282868,282897,29
103,0,blank,0,192.0312,307.6842,283824,283853,29
103,20,=,132,176.10845,306.29675,284449,284508,59
103,20,26,124,137.447,297.0851,285080,285109,29
103,21,array1,137,156.9706,328.5573,285472,285502,30
103,0,blank,0,148.3727,275.3681,285681,285711,30
103,20,26,124,141.6982,292.0548,285740,285771,31
103,21,array1,137,142.9871,313.0321,286259,286290,31
103,21,array1,137,159.485175,321.68805,286413,286536,123
103,20,],125,156.0791,298.3779,286598,286628,30
103,20,],125,154.38465,296.34055,286689,286751,62
103,0,blank,0,170.2336,337.0458,286782,286813,31
103,20,26,124,151.05225,308.1815,287028,287091,63
103,21,array1,137,162.869,314.2853,287122,287153,31
103,21,array1,137,158.888,314.4059,287523,287554,31
103,0,blank,0,162.54,297.4938,287825,287856,31
103,0,blank,0,124.806233333333,303.649033333333,287982,288075,93
103,21,array1,137,151.17165,331.20755,288136,288200,64
103,21,array1,137,139.8584,329.3761,288293,288354,61
103,21,while,135,78.0529,313.6557,288448,288481,33
103,21,(,136,107.4988,332.5701,288512,288597,85
103,0,blank,0,77.7581,277.5616,290130,290161,31
103,0,blank,0,105.2619,290.97755,291065,291126,61
103,20,num1,113,96.9316,292.9073,291621,291652,31
103,0,blank,0,96.4603,276.6736,291871,291903,32
103,0,blank,0,110.9619,289.3444,291999,292028,29
103,18,find_anagram,99,100.5169,266.146633333333,292122,292217,95
103,0,blank,0,97.8232,273.6198,292279,292310,31
103,21,(,136,110.6502,315.4595,292342,292374,32
103,20,num1,113,113.3706,300.3152,292774,292805,31
103,0,blank,0,41.395,278.3419,292867,292898,31
103,0,blank,0,53.1749,281.0112,292960,292991,31
103,0,blank,0,55.3288,284.434,293053,293084,31
103,0,blank,0,86.1053,281.8919,293331,293362,31
103,0,blank,0,43.4713,229.0677,294655,294681,26
103,0,blank,0,-350,-105,294703,294784,81
103,0,blank,0,-350,-105,295333,295461,128
103,0,blank,0,-350,-105,295563,295740,177
103,21,array1,137,145.2531,317.3593,296497,296526,29
103,0,blank,0,-350,-105,296854,296956,102
103,13,"%sand%sareanagrams.\n",77,195.1884,150.0091,297499,297530,31
103,0,blank,0,264.3476,277.8431,298669,298700,31
103,0,blank,0,275.4349,268.09,298969,299000,31
103,0,blank,0,236.6484,312.4618,300310,300337,27
103,0,blank,0,494.6982,417.6399,301379,301477,98
103,0,blank,0,-350,-105,301667,301853,186
103,20,26,124,135.6135,298.3767,302317,302347,30
103,21,!=,141,226.307,332.6626,302706,302736,30
103,0,blank,0,-350,-105,304176,306877,2701
103,0,blank,0,-350,-105,306877,306949,72
103,0,blank,0,-350,-105,306949,307087,138
103,0,blank,0,-350,-105,307087,307262,175
103,0,blank,0,-350,-105,307262,307408,146
103,0,blank,0,-350,-105,307408,307539,131
103,0,blank,0,-350,-105,307539,308231,692
103,0,blank,0,-350,-105,308231,308633,402
103,0,blank,0,-350,-105,308633,309207,574
103,0,blank,0,-350,-105,309696,309867,171
103,0,blank,0,-350,-105,309867,311051,1184
103,0,blank,0,-350,-105,311051,311155,104
103,0,blank,0,-350,-105,311155,311451,296
103,0,blank,0,-350,-105,311451,311649,198
103,0,blank,0,-350,-105,311649,311829,180
103,0,blank,0,-350,-105,311829,311901,72
103,0,blank,0,-44.3353,280.4729,312091,312117,26
103,0,blank,0,-350,-105,314834,315011,177
103,0,blank,0,-350,-105,315011,315058,47
103,0,blank,0,-350,-105,315058,315297,239
103,0,blank,0,-350,-105,315297,315436,139
103,0,blank,0,-350,-105,315436,315610,174
103,0,blank,0,-350,-105,315610,315655,45
103,0,blank,0,-350,-105,315655,315915,260
103,0,blank,0,-350,-105,315915,316481,566
103,0,blank,0,-350,-105,316481,316874,393
103,0,blank,0,-350,-105,316874,317054,180
103,0,blank,0,-350,-105,317054,317356,302
103,0,blank,0,-350,-105,317356,317669,313
103,0,blank,0,-350,-105,317669,317974,305
103,0,blank,0,-350,-105,317974,318165,191
103,0,blank,0,-350,-105,318165,318206,41
103,0,blank,0,-350,-105,318206,318383,177
103,0,blank,0,-350,-105,318383,318517,134
103,0,blank,0,-350,-105,318517,318659,142
103,0,blank,0,-350,-105,318659,318827,168
103,0,blank,0,-350,-105,318827,318863,36
103,0,blank,0,-350,-105,318863,319119,256
103,0,blank,0,-350,-105,319119,319374,255
103,0,blank,0,-350,-105,319374,319629,255
103,0,blank,0,-350,-105,319629,319764,135
103,0,blank,0,-350,-105,319764,319966,202
103,0,blank,0,-350,-105,319966,320333,367
103,0,blank,0,-350,-105,320333,320795,462
103,0,blank,0,-350,-105,320795,320970,175
103,0,blank,0,-350,-105,320970,320997,27
103,0,blank,0,-350,-105,320997,321459,462
103,0,blank,0,-350,-105,321459,321632,173
103,0,blank,0,-350,-105,321632,322023,391
103,0,blank,0,-350,-105,322023,322422,399
103,0,blank,0,-350,-105,322422,322568,146
103,0,blank,0,-350,-105,322568,322690,122
103,0,blank,0,-350,-105,322690,322831,141
103,0,blank,0,-350,-105,322831,322967,136
103,0,blank,0,-350,-105,322967,323102,135
103,0,blank,0,-350,-105,323102,323274,172
103,0,blank,0,-350,-105,323274,323431,157
103,0,blank,0,-350,-105,323431,323608,177
103,0,blank,0,-350,-105,323608,323676,68
103,0,blank,0,184.2828,341.6913,324936,324974,38
103,21,i,139,193.7713,324.3376,325367,325398,31
103,0,blank,0,214.9277,244.34,326215,326249,34
103,0,blank,0,227.18235,245.78355,326558,326621,63
103,0,blank,0,288.5314,244.4033,326783,326815,32
103,0,blank,0,-350,-105,326942,327123,181
103,0,blank,0,-350,-105,327123,327308,185
103,0,blank,0,-350,-105,327308,327484,176
103,0,blank,0,-350,-105,327484,327636,152
103,0,blank,0,-350,-105,327636,327738,102
103,0,blank,0,-350,-105,327738,327853,115
103,0,blank,0,-350,-105,327853,327960,107
103,0,blank,0,-350,-105,327960,328119,159
103,0,blank,0,-350,-105,328119,328315,196
103,0,blank,0,-350,-105,328315,328528,213
103,0,blank,0,-350,-105,328528,328739,211
103,0,blank,0,-350,-105,328739,328969,230
103,0,blank,0,-350,-105,328969,329167,198
103,0,blank,0,-350,-105,329167,329327,160
103,0,blank,0,-350,-105,329327,329410,83
103,0,blank,0,-350,-105,329410,329587,177
103,0,blank,0,-350,-105,329587,329786,199
103,0,blank,0,-350,-105,329786,329933,147
103,0,blank,0,-350,-105,329933,330082,149
103,0,blank,0,-350,-105,330082,330185,103
103,0,blank,0,-350,-105,330185,330288,103
103,0,blank,0,-350,-105,330288,330534,246
103,20,comma,130,228.937,301.6218,331339,331369,30
103,20,0,133,204.3225,307.1349,331578,331610,32
103,20,0,133,207.1613,296.8154,331701,331730,29
103,0,blank,0,186.2313,294.4136,331791,331822,31
103,0,blank,0,176.3801,277.4461,331853,331883,30
103,0,blank,0,141.798725,290.2102,332035,332157,122
103,0,blank,0,-350,-105,332250,332330,80
103,0,blank,0,-350,-105,332792,332820,28
103,23,],153,219.0838,375.0319,332845,332870,25
103,0,blank,0,230.8618,338.5477,332923,332948,25
103,18,char,106,201.3706,256.2395,333368,333398,30
103,18,(,100,176.257,252.6587,333460,333490,30
103,0,blank,0,-350,-105,333704,333760,56
103,0,blank,0,181.2952,271.8879,333900,333925,25
103,0,blank,0,203.2817,342.609,334043,334074,31
103,21,!=,141,222.9917,329.2239,334105,334136,31
103,0,blank,0,214.0789,336.6461,334347,334378,31
103,0,blank,0,203.35575,349.3872,334623,334685,62
103,23,[,148,196.58085,363.25045,334777,334839,62
103,0,blank,0,280.7134,353.65825,334869,334930,61
103,0,blank,0,-350,-105,335111,335143,32
103,23,],153,288.4305,360.6826,335268,335295,27
103,21,),143,289.0163,325.6582,335478,335509,31
103,0,blank,0,278.285,352.427,335540,335570,30
103,23,a,152,272.5143,358.96055,335660,335721,61
103,0,blank,0,-350,-105,336202,336338,136
103,21,),143,287.1749,333.8161,336720,336829,109
103,0,blank,0,249.64065,347.13525,337056,337117,61
103,0,blank,0,255.6692,350.5143,337240,337270,30
103,0,blank,0,263.025,338.8757,337302,337333,31
103,0,blank,0,255.583975,348.66875,337489,337614,125
103,0,blank,0,235.62055,355.81785,337675,337737,62
103,23,],153,217.5776,366.8897,337800,337831,31
103,0,blank,0,134.4092,387.5423,337926,337957,31
103,23,num1,145,112.21755,372.8807,338118,338184,66
103,0,blank,0,93.0736,407.9496,338249,338282,33
103,0,blank,0,109.3142,353.5635,338443,338476,33
103,0,blank,0,79.8082,366.5731,338508,338540,32
103,0,blank,0,112.4721,354.9954,338603,338635,32
103,0,blank,0,303.9108,348.641333333333,338729,338826,97
103,0,blank,0,295.9394,353.4002,338858,338889,31
103,0,blank,0,327.7073,339.2214,338920,338985,65
103,0,blank,0,77.48485,394.2177,339254,339318,64
103,0,blank,0,92.8551,285.9052,339672,339704,32
103,0,blank,0,55.72165,284.52665,339861,339923,62
103,21,while,135,52.7285,313.578,339987,340018,31
103,0,blank,0,95.7386,330.4091,340206,340238,32
103,0,blank,0,-350,-105,340300,340383,83
103,0,blank,0,103.2086,422.7493,341028,341061,33
103,0,blank,0,104.9219,454.7269,341124,341156,32
103,23,a,152,279.0139,361.1991,341378,341409,31
103,0,blank,0,315.1459,336.7612,341946,341977,31
103,0,blank,0,292.2592,339.3824,342228,342260,32
103,0,blank,0,324.8442,322.8889,342738,342769,31
103,20,26,124,296.7807,301.9485,343022,343053,31
103,0,blank,0,290.5076,279.2089,343271,343332,61
103,20,26,124,300.0524,294.8233,343393,343423,30
103,0,blank,0,300.1286,328.08285,343513,343576,63
103,0,blank,0,316.8539,335.6419,343667,343697,30
103,0,blank,0,300.9173,316.8719,343728,343759,31
103,0,blank,0,280.066,338.221,343853,343883,30
103,0,blank,0,304.422175,326.63225,343977,344100,123
103,21,),143,288.631,319.1124,344472,344503,31
103,0,blank,0,294.3806,346.1148,344534,344565,31
103,21,),143,287.0204,319.0822,344690,344722,32
103,21,0,142,261.4449,328.7696,345004,345035,31
103,0,blank,0,269.25805,340.43205,345129,345192,63
103,21,0,142,278.5759,333.9967,345318,345349,31
103,0,blank,0,253.1953,344.2851,345380,345412,32
103,0,blank,0,260.9293,349.9225,345443,345475,32
103,0,blank,0,259.8225,349.3497,345538,345600,62
103,0,blank,0,276.8869,349.0553,345662,345693,31
103,23,num1,145,89.2586,376.072,346007,346039,32
103,23,num1,145,87.9518,373.6187,346101,346132,31
103,23,num1,145,107.2646,361.411266666667,346287,346380,93
103,23,num1,145,104.9192,362.91,346443,346474,31
103,23,num1,145,112.3748,365.1878,346537,346569,32
103,23,num1,145,99.6649,361.517,346940,347002,62
103,23,num1,145,88.78275,374.31075,347219,347281,62
103,23,num1,145,89.6328,369.871566666667,347376,347563,187
103,23,num1,145,99.8571,365.934,347624,347656,32
103,23,num1,145,84.39445,366.3631,347687,347750,63
103,23,num1,145,88.43275,358.30365,347781,347843,62
103,0,blank,0,86.1461,356.3314,347874,347905,31
103,23,num1,145,88.09365,363.59625,347999,348062,63
103,0,blank,0,91.0643,350.488,348093,348124,31
103,23,num1,145,93.248,364.982575,348220,348347,127
103,23,num1,145,86.134275,369.4631,348441,348568,127
103,0,blank,0,89.5406,357.6303,348630,348663,33
103,0,blank,0,77.75955,368.32745,348695,348757,62
103,0,blank,0,118.9908,354.7512,348822,348918,96
103,0,blank,0,158.08866,348.20724,349045,349204,159
103,0,blank,0,280.2375,356.8109,349235,349267,32
103,0,blank,0,268.41365,338.7797,349297,349361,64
103,0,blank,0,275.5614,349.8136,349486,349517,31
103,0,blank,0,294.079,343.7041,349547,349578,31
103,0,blank,0,97.5879,378.2416,349882,349912,30
103,0,blank,0,128.6525,474.0064,350011,350044,33
103,0,blank,0,-350,-105,350104,350204,100
103,0,blank,0,-350,-105,350507,350560,53
103,0,blank,0,-350,-105,350643,350678,35
103,0,blank,0,-350,-105,351642,351724,82
103,0,blank,0,-350,-105,351811,351883,72
103,0,blank,0,108.2834,340.4707,352450,352482,32
103,0,blank,0,107.8457,351.6633,352704,352734,30
103,23,array1,147,185.8938,370.62545,352795,352855,60
103,27,0,171,249.0756,456.4928,353786,353816,30
103,0,blank,0,240.7417,447.8506,354000,354030,30
103,0,blank,0,257.71635,441.7889,354248,354311,63
103,0,blank,0,146.8243,740.0473,355073,355105,32
103,0,blank,0,213.388,483.7979,355350,355380,30
103,29,array2,176,193.295,503.9532,355534,355564,30
103,0,blank,0,253.616,480.9818,357284,357332,48
103,27,0,171,252.7593,451.6437,357628,357658,30
103,0,blank,0,327.5436,555.9987,357779,357809,30
103,29,],182,218.6208,494.4022,358497,358528,31
103,29,-,180,236.6464,493.391,358559,358589,30
103,0,blank,0,233.6528,484.8854,358650,358680,30
103,0,blank,0,232.5589,505.6804,358744,358776,32
103,0,blank,0,219.2808,480.1224,358933,358964,31
103,0,blank,0,236.27935,470.26705,359026,359088,62
103,0,blank,0,234.3915,479.2994,359120,359152,32
103,0,blank,0,106.9103,514.0421,359277,359316,39
103,0,blank,0,106.3944,481.5568,359506,359538,32
103,29,num2,174,106.855,498.8629,359633,359665,32
103,0,blank,0,89.0893,514.5726,359729,359760,31
103,29,[,177,125.22485,497.8744,359822,359885,63
103,29,num2,174,109.2672,491.3854,359978,360009,31
103,29,num2,174,108.278,505.5334,360133,360165,32
103,0,blank,0,97.4158,510.9957,360227,360291,64
103,30,++,186,96.9047,521.01,360477,360509,32
103,0,blank,0,109.4551,584.4136,360540,360571,31
103,0,blank,0,126.0321,550.8683,360635,360667,32
103,32,=,192,124.3696,556.7086,360732,360763,31
103,0,blank,0,115.163966666667,542.957116666667,360859,361050,191
103,0,blank,0,118.4366,546.5259,361337,361369,32
103,0,blank,0,112.547733333333,557.938433333333,361433,361625,192
103,32,i,199,167.3586,563.7852,361821,361886,65
103,0,blank,0,173.363,538.853,361950,361982,32
103,0,blank,0,174.7183,556.7549,362013,362044,31
103,0,blank,0,184.1801,544.1216,362140,362173,33
103,0,blank,0,174.98265,555.5153,362237,362302,65
103,0,blank,0,181.6959,558.9994,362464,362496,32
103,32,i,199,167.3802,562.474,362562,362659,97
103,0,blank,0,-350,-105,362725,362888,163
103,0,blank,0,-350,-105,362888,363004,116
103,0,blank,0,264.5585,581.4836,363279,363310,31
103,27,i,168,193.1641,448.6229,363579,363604,25
103,0,blank,0,220.5043,554.7894,364040,364070,30
103,0,blank,0,236.1685,568.2433,364286,364317,31
103,0,blank,0,202.0421,564.7811,364660,364692,32
103,0,blank,0,232.4322,600.5094,364754,364787,33
103,32,26,197,216.7186,563.1046,364847,364879,32
103,0,blank,0,241.5766,531.97735,365311,365403,92
103,0,blank,0,257.50225,552.6421,366197,366264,67
103,32,),201,275.7068,570.8437,366462,366495,33
103,0,blank,0,284.8528,564.2604,366793,366828,35
103,0,blank,0,285.65885,559.74135,367359,367424,65
103,0,blank,0,280.6307,540.43,367457,367488,31
103,0,blank,0,144.616,577.2343,368019,368050,31
103,34,num1,205,163.6934,618.1685,368142,368173,31
103,0,blank,0,117.2831,588.87,368295,368326,31
103,0,blank,0,-350,-105,368417,368575,158
103,32,=,192,122.2047,565.6721,369003,369033,30
103,34,num1,205,148.3269,618.1044,369374,369406,32
103,0,blank,0,116.46305,592.74295,369840,369904,64
103,0,blank,0,-350,-105,369967,370130,163
103,0,blank,0,-350,-105,370130,370317,187
103,0,blank,0,943.974,399.642,370721,370746,25
103,0,blank,0,-350,-105,374654,374844,190
103,0,blank,0,-350,-105,374844,375019,175
103,0,blank,0,-350,-105,375019,375100,81
103,32,<,196,188.5716,569.7411,375492,375557,65
103,0,blank,0,156.4952,569.7194,375712,375776,64
103,0,blank,0,-350,-105,375837,375868,31
103,0,blank,0,-350,-105,375961,375993,32
103,0,blank,0,155.1503,556.0478,376154,376191,37
103,0,blank,0,-350,-105,377753,377920,167
103,32,;,198,145.3403,563.3721,378187,378220,33
103,0,blank,0,154.8971,562.5649,378618,378651,33
103,0,blank,0,125.6157,402.3504,378948,379028,80
103,0,blank,0,173.8363,272.0704,379544,379595,51
103,0,blank,0,97.6320333333333,550.132633333333,379963,380064,101
103,30,;,187,118.5854,521.4359,380159,380192,33
103,0,blank,0,99.6628,546.3657,380225,380256,31
103,0,blank,0,131.1183,488.732,380487,380518,31
103,29,num2,174,118.612,496.3591,380582,380611,29
103,0,blank,0,123.5158,482.1812,380675,380707,32
103,29,array2,176,150.894,502.611,380769,380807,38
103,0,blank,0,-350,-105,380839,380974,135
103,0,blank,0,-350,-105,380974,381107,133
103,0,blank,0,-350,-105,381107,381210,103
103,0,blank,0,125.6911,539.1448,381364,381404,40
103,32,i,199,165.0693,575.1008,381466,381498,32
103,0,blank,0,142.4534,553.5136,381808,381839,31
103,0,blank,0,174.7522,562.3337,382247,382287,40
103,0,blank,0,157.1667,567.8704,382319,382348,29
103,0,blank,0,-350,-105,382411,382597,186
103,0,blank,0,-350,-105,383232,383315,83
103,0,blank,0,202.9972,557.358,383479,383525,46
103,0,blank,0,171.3989,552.0385,383630,383662,32
103,0,blank,0,171.483,540.2444,383820,383852,32
103,0,blank,0,184.6044,540.1491,383914,383945,31
103,0,blank,0,158.7558,555.5306,384271,384303,32
103,0,blank,0,161.6077,549.7191,384409,384440,31
103,0,blank,0,154.1162,559.06255,384535,384598,63
103,32,;,198,150.1247,556.5295,384665,384708,43
103,32,i,199,166.2802,558.1417,385734,385772,38
103,32,<,196,186.3804,568.1851,385903,385936,33
103,32,<,196,183.2772,557.7526,386096,386129,33
103,0,blank,0,155.893,547.9908,386268,386299,31
103,34,num1,205,130.3999,619.897,386846,386877,31
103,0,blank,0,201.6733,552.5701,386981,387011,30
103,0,blank,0,182.0897,559.5852,387040,387079,39
103,32,26,197,206.998,563.7175,387141,387212,71
103,0,blank,0,-350,-105,387244,387368,124
103,0,blank,0,176.2663,532.8381,387533,387568,35
103,0,blank,0,194.56795,518.2673,387736,387801,65
103,27,array2,166,151.9675,465.9709,388032,388072,40
103,27,array2,166,169.7722,454.7203,388103,388134,31
103,27,[,167,179.1164,460.5757,388259,388297,38
103,0,blank,0,-350,-105,388595,388692,97
103,0,blank,0,155.7721,384.5336,388762,388846,84
103,0,blank,0,97.6046,402.2702,389015,389048,33
103,0,blank,0,117.9311,378.5568,389253,389291,38
103,23,num1,145,111.8686,368.3627,389386,389417,31
103,0,blank,0,86.632,414.7816,389447,389479,32
103,0,blank,0,99.0211,487.6404,390065,390097,32
103,0,blank,0,-350,-105,390282,390386,104
103,0,blank,0,-350,-105,390613,390721,108
103,0,blank,0,100.8018,409.4772,390750,390776,26
103,26,0,162,93.9627,436.055,390829,390921,92
103,0,blank,0,80.0344,443.7645,390952,390983,31
103,0,blank,0,130.0265,531.7482,391204,391268,64
103,0,blank,0,-350,-105,391627,391680,53
103,0,blank,0,-350,-105,392048,392226,178
103,0,blank,0,129.5995,538.1849,392254,392306,52
103,29,array2,176,139.1567,506.4141,392336,392368,32
103,0,blank,0,-350,-105,392556,392735,179
103,0,blank,0,-350,-105,392735,392782,47
103,0,blank,0,141.4381,553.8266,392837,392873,36
103,0,blank,0,138.6909,537.5653,392964,392995,31
103,0,blank,0,179.3604,559.435266666667,393025,393118,93
103,32,<,196,188.7959,557.5277,393270,393301,31
103,32,i,199,170.50635,556.5013,393362,393423,61
103,0,blank,0,197.0284,542.1955,393453,393485,32
103,32,26,197,209.2714,556.1563,393515,393545,30
103,0,blank,0,209.7061,547.706,393698,393729,31
103,0,blank,0,179.973,541.334966666667,393759,393851,92
103,0,blank,0,165.6301,545.2648,393881,393942,61
103,0,blank,0,198.333,547.6135,394188,394249,61
103,32,i,199,171.3844,558.40475,394279,394341,62
103,0,blank,0,199.6991,551.3986,394402,394464,62
103,0,blank,0,132.12465,484.202075,394556,394681,125
103,27,array2,166,119.8162,464.7895,394744,394775,31
103,27,array2,166,125.3465,452.7105,394839,394873,34
103,27,array2,166,131.9259,457.14915,394965,395030,65
103,0,blank,0,199.4888,566.5319,395281,395313,32
103,20,num1,113,111.1604,293.5403,395689,395720,31
103,0,blank,0,126.9919,553.0295,396753,396816,63
103,0,blank,0,115.5927,546.4332,397040,397070,30
103,0,blank,0,161.812,574.6954,397102,397167,65
103,0,blank,0,233.63195,595.7562,398151,398338,187
103,35,return,215,150.6167,632.5397,398558,398585,27
103,34,[,211,171.0514,606.0709,398645,398675,30
103,34,num2,210,269.3507,609.8271,398824,398910,86
103,34,num2,210,272.3561,608.1838,399015,399043,28
103,0,blank,0,220.0344,623.8364,399103,399133,30
103,0,blank,0,227.1851,593.581,399164,399194,30
103,34,num2,210,236.1813,610.37575,399255,399315,60
103,34,!=,209,210.6704,614.6968,399345,399376,31
103,34,num1,205,155.4807,619.29655,399649,399709,60
103,35,return,215,160.5471,629.620816666667,399770,399954,184
103,34,[,211,166.0114,607.363,399984,400015,31
103,35,return,215,144.5698,624.8209,400045,400076,31
103,35,return,215,162.36545,630.4649,400137,400198,61
103,34,num1,205,132.90565,618.50555,400289,400349,60
103,34,num1,205,139.108,612.6334,400409,400438,29
103,34,[,211,168.3135,605.62145,400528,400589,61
103,0,blank,0,219.8645,584.3461,400769,400800,31
103,0,blank,0,138.942,595.7228,401041,401071,30
103,34,num1,205,125.029,616.4576,401101,401131,30
103,0,blank,0,161.083,595.7223,401221,401250,29
103,35,return,215,132.1046,624.7073,401341,401371,30
103,35,return,215,150.6046,628.7626,401432,401462,30
103,0,blank,0,98.9423,651.8454,401642,401671,29
103,0,blank,0,-350,-105,401912,401994,82
103,20,num1,113,89.97395,301.34595,402020,402123,103
103,0,blank,0,91.4354,286.4418,402148,402173,25
103,0,blank,0,118.0847,688.8499,402382,402410,28
103,35,return,215,167.76535,630.7746,402494,402556,62
103,35,return,215,156.1706,634.6979,402702,402732,30
103,0,blank,0,75.0079,655.1871,403109,403137,28
103,0,blank,0,94.5549,635.858,403167,403198,31
103,0,blank,0,110.6783,642.5477,403229,403260,31
103,0,blank,0,129.95415,581.9331,403413,403473,60
103,0,blank,0,123.4315,585.6738,403685,403716,31
103,0,blank,0,126.0651,562.4095,403745,403773,28
103,0,blank,0,102.6338,589.0123,403861,403892,31
103,34,num1,205,128.79558,617.5544,403982,404131,149
103,34,num1,205,146.2102,612.4142,404281,404310,29
103,35,return,215,167.926,623.0316,404635,404666,31
103,0,blank,0,157.4062,621.36,404844,404903,59
103,34,i,212,183.5326,606.2085,404932,404963,31
103,0,blank,0,192.8554,604.6319,405021,405051,30
103,0,blank,0,220.6779,628.889833333333,405221,405382,161
103,0,blank,0,898.788,533.491,405692,405716,24
103,0,blank,0,-350,-105,406282,406476,194
103,0,blank,0,-350,-105,406476,406507,31
103,34,num1,205,146.8744,619.7817,406883,406949,66
103,35,return,215,131.9191,625.5629,407069,407099,30
103,35,return,215,135.54175,628.642,407160,407221,61
104,0,blank,0,221.282466666667,210.384933333333,409378,409475,97
104,0,blank,0,135.5085,355.176,410112,410145,33
104,0,blank,0,135.9795,338.0856,410212,410246,34
104,12,),74,174.372,263.7964,410966,410998,32
104,11,find_anagram,62,148.8523,242.3536,411064,411098,34
104,0,blank,0,149.7759,288.0879,411196,411231,35
104,11,find_anagram,62,114.5583,226.479,411458,411490,32
104,13,printf,75,124.35425,276.36435,411744,411809,65
104,0,blank,0,110.4171,298.5677,411872,411902,30
104,13,printf,75,101.0598,277.6662,411932,411963,31
104,13,printf,75,112.8084,287.75845,411993,412056,63
104,13,printf,75,136.9954,285.2143,412119,412150,31
104,12,==,72,134.2359,261.649,412276,412338,62
104,12,flag,71,93.4917,265.03,412717,412748,31
104,11,find_anagram,62,174.8804,240.6882,412961,412992,31
104,0,blank,0,159.9378,260.35725,413148,413211,63
104,11,find_anagram,62,160.2019,238.9886,413242,413272,30
104,0,blank,0,-350,-105,413366,413399,33
104,0,blank,0,-350,-105,413450,413475,25
104,0,blank,0,-350,-105,413552,413713,161
104,15,"%sand%sarenotanagrams.\n",87,171.4314,311.974,413848,413872,24
104,0,blank,0,176.6286,288.9348,413969,414003,34
104,0,blank,0,233.9064,253.0336,414097,414129,32
104,13,"%sand%sareanagrams.\n",77,258.60115,283.7643,414160,414224,64
104,0,blank,0,-350,-105,414538,414752,214
104,0,blank,0,-350,-105,414752,414931,179
104,0,blank,0,-350,-105,414931,415009,78
104,0,blank,0,-350,-105,415009,415204,195
104,0,blank,0,-350,-105,415204,415395,191
104,0,blank,0,-350,-105,415395,415571,176
104,0,blank,0,-350,-105,415571,415745,174
104,0,blank,0,-350,-105,415745,415936,191
104,0,blank,0,-350,-105,415936,415975,39
104,0,blank,0,-350,-105,415975,416266,291
104,0,blank,0,-350,-105,416266,416490,224
104,0,blank,0,-350,-105,416490,416687,197
104,0,blank,0,-350,-105,416687,416866,179
104,0,blank,0,-350,-105,416866,417032,166
104,0,blank,0,-350,-105,417032,417226,194
104,0,blank,0,-350,-105,417226,417375,149
104,0,blank,0,-350,-105,417375,417540,165
104,0,blank,0,-350,-105,417540,417722,182
104,0,blank,0,-350,-105,417722,417912,190
104,0,blank,0,-350,-105,417912,418086,174
104,0,blank,0,-350,-105,418086,418278,192
104,0,blank,0,-350,-105,418278,418510,232
104,0,blank,0,-350,-105,418510,418694,184
104,0,blank,0,-350,-105,418694,418889,195
104,0,blank,0,-350,-105,418889,418998,109
104,0,blank,0,-350,-105,418998,419125,127
104,0,blank,0,-350,-105,419125,419280,155
104,0,blank,0,-350,-105,419280,419342,62
104,0,blank,0,-350,-105,419342,419490,148
104,12,flag,71,110.48325,252.4422,419976,420026,50
104,0,blank,0,-350,-105,420624,420816,192
104,0,blank,0,-350,-105,420816,421002,186
104,0,blank,0,-350,-105,421002,421183,181
104,0,blank,0,-350,-105,421183,421326,143
104,0,blank,0,-350,-105,421326,421533,207
104,0,blank,0,-350,-105,421533,421735,202
104,0,blank,0,-350,-105,421735,421937,202
104,0,blank,0,-350,-105,421937,421966,29
104,0,blank,0,-350,-105,421966,422232,266
104,0,blank,0,-350,-105,422232,422421,189
104,0,blank,0,-350,-105,422421,422636,215
104,0,blank,0,-350,-105,422636,423001,365
104,0,blank,0,-350,-105,423001,423183,182
104,0,blank,0,-350,-105,423183,423276,93
104,0,blank,0,-350,-105,423276,423617,341
104,0,blank,0,-350,-105,423617,423962,345
104,0,blank,0,-350,-105,423962,424343,381
104,0,blank,0,-350,-105,424343,424520,177
104,0,blank,0,-350,-105,424520,424697,177
104,0,blank,0,-350,-105,424697,424753,56
104,0,blank,0,-350,-105,424753,425102,349
104,0,blank,0,-350,-105,425102,425152,50
104,0,blank,0,-350,-105,425152,425313,161
104,0,blank,0,-350,-105,425313,425619,306
104,0,blank,0,-350,-105,425619,425704,85
104,0,blank,0,-350,-105,425704,426058,354
104,0,blank,0,-350,-105,426058,426407,349
104,0,blank,0,-350,-105,426407,426586,179
104,0,blank,0,-350,-105,426586,426638,52
104,0,blank,0,-350,-105,426638,426796,158
104,0,blank,0,-350,-105,426796,426889,93
104,0,blank,0,-350,-105,426889,427220,331
104,0,blank,0,-350,-105,427220,427621,401
104,0,blank,0,-350,-105,427621,427787,166
104,0,blank,0,-350,-105,427787,427976,189
104,0,blank,0,-350,-105,427976,428165,189
104,0,blank,0,-350,-105,428165,428305,140
104,0,blank,0,-350,-105,428305,428441,136
104,0,blank,0,-350,-105,428441,428642,201
104,0,blank,0,-350,-105,428642,428706,64
104,0,blank,0,-350,-105,428706,429061,355
104,0,blank,0,-350,-105,429061,429176,115
104,0,blank,0,-350,-105,429176,429613,437
104,0,blank,0,-350,-105,429613,429838,225
104,0,blank,0,-350,-105,429838,429981,143
104,0,blank,0,-350,-105,429981,430322,341
104,0,blank,0,-350,-105,430322,430631,309
104,0,blank,0,-350,-105,430631,430946,315
104,0,blank,0,-350,-105,430946,431005,59
104,0,blank,0,-350,-105,431005,431318,313
104,0,blank,0,-350,-105,431318,431422,104
104,0,blank,0,-350,-105,431422,431537,115
104,0,blank,0,-350,-105,431537,431808,271
104,0,blank,0,-350,-105,431808,431962,154
104,0,blank,0,-350,-105,431962,432132,170
104,0,blank,0,-350,-105,432132,432264,132
104,0,blank,0,-350,-105,432264,432400,136
104,0,blank,0,-350,-105,432400,432473,73
104,0,blank,0,-350,-105,432473,432669,196
104,0,blank,0,-350,-105,432669,432853,184
104,0,blank,0,-350,-105,432853,433034,181
104,0,blank,0,-350,-105,433034,433211,177
104,0,blank,0,-350,-105,433211,433389,178
104,0,blank,0,-350,-105,433389,433436,47
104,0,blank,0,-350,-105,433436,433648,212
104,0,blank,0,-350,-105,433648,433688,40
104,0,blank,0,-350,-105,433688,433891,203
104,0,blank,0,-350,-105,433891,434067,176
104,0,blank,0,-350,-105,434067,434239,172
104,0,blank,0,-350,-105,434239,434435,196
104,0,blank,0,-350,-105,434435,434593,158
104,0,blank,0,-350,-105,434593,434764,171
104,0,blank,0,-350,-105,434764,434939,175
104,0,blank,0,-350,-105,434939,435054,115
104,0,blank,0,-350,-105,435054,435229,175
104,0,blank,0,-350,-105,435229,435420,191
104,0,blank,0,-350,-105,435420,435594,174
104,0,blank,0,-350,-105,435594,435727,133
104,0,blank,0,-350,-105,435727,435904,177
104,0,blank,0,-350,-105,435904,436084,180
104,0,blank,0,-350,-105,436084,436261,177
104,0,blank,0,-350,-105,436261,436376,115
104,0,blank,0,-350,-105,436376,436543,167
104,0,blank,0,-350,-105,436543,436738,195
104,0,blank,0,-350,-105,436738,436917,179
104,0,blank,0,-350,-105,436917,437107,190
104,0,blank,0,-350,-105,437107,437291,184
104,0,blank,0,-350,-105,437291,437468,177
104,0,blank,0,-350,-105,437468,437651,183
104,0,blank,0,-350,-105,437651,437846,195
104,0,blank,0,-350,-105,437846,437886,40
104,0,blank,0,-350,-105,437886,438083,197
104,0,blank,0,-350,-105,438083,438264,181
104,0,blank,0,-350,-105,438264,438429,165
104,0,blank,0,-350,-105,438429,438604,175
104,0,blank,0,-350,-105,438604,438776,172
104,0,blank,0,-350,-105,438776,438923,147
104,0,blank,0,-350,-105,438923,439071,148
104,0,blank,0,-350,-105,439071,439259,188
104,0,blank,0,-350,-105,439259,439428,169
104,0,blank,0,-350,-105,439428,439590,162
104,0,blank,0,-350,-105,439590,439782,192
104,0,blank,0,-350,-105,439782,439959,177
104,0,blank,0,-350,-105,439959,440122,163
104,0,blank,0,-350,-105,440122,440274,152
104,0,blank,0,-350,-105,440274,440470,196
104,0,blank,0,-350,-105,440470,440656,186
104,0,blank,0,-350,-105,440656,440826,170
104,0,blank,0,-350,-105,440826,441002,176
104,0,blank,0,-350,-105,441002,441165,163
104,0,blank,0,-350,-105,441165,441277,112
104,0,blank,0,-350,-105,441277,441421,144
104,0,blank,0,-350,-105,441421,441550,129
104,0,blank,0,-350,-105,441550,441727,177
104,0,blank,0,-350,-105,441727,441893,166
104,0,blank,0,-350,-105,441893,442367,474
104,0,blank,0,-350,-105,442367,442556,189
104,0,blank,0,-350,-105,442556,442738,182
104,0,blank,0,-350,-105,442738,442904,166
104,0,blank,0,-350,-105,442904,443075,171
104,0,blank,0,-350,-105,443075,443263,188
104,0,blank,0,-350,-105,443263,443305,42
104,0,blank,0,517.2656,273.4096,443718,443750,32
104,15,array1,89,507.5077,327.602,443812,443839,27
104,0,blank,0,241.5837,301.9768,444867,444896,29
104,13,"%sand%sareanagrams.\n",77,209.4267,267.8287,445166,445195,29
104,13,"%sand%sareanagrams.\n",77,320.9537,286.9569,445350,445382,32
104,13,"%sand%sareanagrams.\n",77,321.6376,284.0442,445444,445473,29
104,0,blank,0,306.4456,294.6621,445534,445565,31
104,15,"%sand%sarenotanagrams.\n",87,280.7288,311.1117,445719,445750,31
104,0,blank,0,281.7654,299.9044,445875,445906,31
104,15,"%sand%sarenotanagrams.\n",87,264.1286,316.12775,445937,445998,61
104,11,array1,64,279.2801,226.3627,446029,446061,32
104,0,blank,0,276.4593,245.557533333333,446244,446335,91
104,12,flag,71,116.8803,259.7116,446520,446551,31
104,0,blank,0,115.2197,266.5992,446675,446738,63
104,0,blank,0,120.5461,299.5591,446798,446830,32
104,12,flag,71,113.0625,251.8432,446990,447023,33
104,0,blank,0,130.2035,290.7393,447054,447086,32
104,0,blank,0,126.3394,265.68715,447244,447303,59
104,16,return,94,91.7042,335.0789,447397,447428,31
104,0,blank,0,91.9125,301.4409,447458,447489,31
104,13,"%sand%sareanagrams.\n",77,208.69545,278.63285,447921,448001,80
104,15,"%sand%sarenotanagrams.\n",87,270.175,327.9432,448118,448200,82
104,15,printf,85,130.9092,319.4356,448317,448349,32
104,0,blank,0,-350,-105,448504,448533,29
104,11,array2,66,351.0585,243.1272,450064,450094,30
104,0,blank,0,336.120166666667,294.178233333333,450418,450507,89
104,0,blank,0,325.1696,296.779,451014,451045,31
104,0,blank,0,338.0222,304.1684,451134,451164,30
104,13,array2,81,563.731,270.00535,451612,451674,62
104,0,blank,0,561.3702,292.3083,451762,451792,30
104,15,array2,91,557.2455,314.1753,451882,451943,61
104,13,array2,81,549.2116,286.4979,452033,452093,60
104,0,blank,0,550.6733,293.6679,452486,452516,30
104,0,blank,0,557.9185,300.6741,452848,452878,30
104,13,array1,79,481.0826,273.9848,454263,454295,32
104,13,array1,79,469.85,275.0448,454360,454392,32
104,0,blank,0,91.02004,303.29276,454667,454821,154
104,13,printf,75,87.40595,282.02765,454851,454912,61
104,0,blank,0,87.7537,292.75825,454973,455034,61
104,14,else,84,83.79545,290.45575,455185,455245,60
104,0,blank,0,103.1128,293.4066,455275,455305,30
104,15,printf,85,94.9491,317.702025,455424,455544,120
104,0,blank,0,94.8069,301.0515,455633,455663,30
104,0,blank,0,91.70635,305.08955,455754,455814,60
104,0,blank,0,86.9113,304.2148,455963,455993,30
104,0,blank,0,78.99655,312.796,456083,456143,60
104,14,else,84,82.0289,290.7222,456233,456262,29
104,15,printf,85,90.23055,313.398,456381,456441,60
104,15,"%sand%sarenotanagrams.\n",87,166.6714,311.6168,457022,457052,30
104,0,blank,0,-350,-105,457171,457277,106
104,0,blank,0,225.1324,298.3928,457520,457549,29
104,0,blank,0,219.7831,290.2733,457638,457668,30
104,15,"%sand%sarenotanagrams.\n",87,212.2704,317.6146,458143,458175,32
104,15,"%sand%sarenotanagrams.\n",87,215.5897,330.1981,458292,458322,30
104,13,"%sand%sareanagrams.\n",77,209.7298,274.6904,458683,458712,29
104,0,blank,0,231.2083,264.6881,458920,458980,60
104,15,"%sand%sarenotanagrams.\n",87,244.6168,313.006,459395,459429,34
104,0,blank,0,251.6581,296.5128,459785,459814,29
104,15,"%sand%sarenotanagrams.\n",87,202.298,321.1226,459901,459930,29
104,0,blank,0,201.6467,307.7905,460045,460103,58
104,0,blank,0,-350,-105,460161,460264,103
104,0,blank,0,207.9498,301.9179,460673,460702,29
104,15,"%sand%sarenotanagrams.\n",87,177.9077,330.38,460905,460934,29
104,0,blank,0,550.1551,332.2103,462565,462597,32
104,0,blank,0,161.1584,467.2554,463222,463247,25
104,0,blank,0,-350,-105,463273,463458,185
104,0,blank,0,-350,-105,463458,463629,171
104,0,blank,0,-350,-105,463629,463809,180
104,0,blank,0,-350,-105,463809,463973,164
104,0,blank,0,-350,-105,463973,464239,266
104,0,blank,0,-350,-105,464239,464324,85
105,0,blank,0,-350,-105,466435,466564,129
105,0,blank,0,-350,-105,467112,467301,189
105,0,blank,0,-350,-105,467301,467481,180
105,0,blank,0,-350,-105,467481,467667,186
105,0,blank,0,-350,-105,467667,467723,56
105,0,blank,0,-350,-105,467723,468225,502
105,0,blank,0,-350,-105,468225,468825,600
105,0,blank,0,-350,-105,468825,469002,177
105,0,blank,0,-350,-105,469002,469178,176
105,0,blank,0,-350,-105,469178,469280,102
105,0,blank,0,197.4775,549.0562,469874,470114,240
105,32,i,199,172.6459,571.3554,470266,470309,43
105,0,blank,0,837.593,572.9554,470403,470433,30
105,0,blank,0,824.242,564.4402,470554,470584,30
105,0,blank,0,811.365,560.1196,470614,470674,60
105,0,blank,0,811.727,569.9282,470704,470734,30
105,0,blank,0,232.5691,508.5868,471004,471034,30
105,0,blank,0,230.9655,496.1099,471065,471094,29
105,0,blank,0,118.127833333333,487.267,471215,471305,90
105,29,num2,174,120.1274,493.7324,471335,471365,30
105,29,num2,174,116.0504,491.59245,471395,471455,60
105,0,blank,0,128.4411,487.137866666667,471515,471604,89
105,0,blank,0,116.2484,475.0182,471693,471723,30
105,0,blank,0,112.79935,478.91725,471782,471900,118
105,0,blank,0,116.4511,488.6899,471960,471989,29
105,0,blank,0,112.023,467.6672,472047,472076,29
105,0,blank,0,132.59,415.3638,472193,472223,30
105,0,blank,0,365.5694,513.1072,472436,472465,29
105,0,blank,0,349.8665,504.3173,472810,472840,30
105,0,blank,0,782.9835,631.8212,473017,473078,61
105,0,blank,0,204.51865,521.62695,473349,473407,58
105,0,blank,0,207.6213,528.8422,473612,473641,29
105,29,],182,220.7497,507.6621,473787,473845,58
105,0,blank,0,78.05795,532.65145,473963,474022,59
105,0,blank,0,79.274,527.35075,474169,474229,60
105,0,blank,0,74.83915,531.10375,474317,474368,51
105,30,i,185,84.3276,524.8681,474397,474486,89
105,0,blank,0,71.2011,538.9251,474576,474605,29
105,0,blank,0,72.0232,533.897266666667,474634,474723,89
105,29,num2,174,87.7296,507.2333,474900,474930,30
105,0,blank,0,878.105,-103.9968,475275,475304,29
105,0,blank,0,955.1105,783.3538,475363,475424,61
105,0,blank,0,947.636,-103.984,475453,475483,30
105,0,blank,0,976.438,-103.9571,475634,475664,30
105,0,blank,0,-350,-105,475907,476041,134
105,29,],182,216.36485,500.50815,476144,476226,82
105,0,blank,0,1011.565,-103.9596,476714,476745,31
105,0,blank,0,951.52,791.3534,477111,477141,30
105,0,blank,0,968.696333333333,783.7277,477173,477267,94
105,0,blank,0,983.804,-103.9876,477363,477396,33
105,0,blank,0,989.644666666667,777.633966666667,477493,477589,96
105,0,blank,0,1004.593,787.5335,477947,477981,34
105,0,blank,0,985.804,790.7239,478210,478243,33
105,0,blank,0,181.7525,488.4999,478503,478537,34
105,0,blank,0,202.7007,521.3682,478570,478603,33
105,29,num2,174,88.113,507.0374,478993,479025,32
105,0,blank,0,88.4835,542.1286,479057,479088,31
105,0,blank,0,-350,-105,479884,479970,86
105,0,blank,0,-350,-105,480612,480747,135
105,0,blank,0,-350,-105,480747,480866,119
105,0,blank,0,-350,-105,480866,481097,231
105,34,num2,210,236.3676,618.0365,482220,482311,91
105,0,blank,0,185.7575,631.269,482372,482462,90
105,0,blank,0,-350,-105,482647,482780,133
105,34,num1,205,141.1147,616.4829,482804,482830,26
105,34,num1,205,134.3961,609.4991,482854,482912,58
105,0,blank,0,115.21535,636.47375,483005,483067,62
105,0,blank,0,109.792066666667,643.413333333333,483098,483190,92
105,35,return,215,142.6498,636.7467,483220,483282,62
105,0,blank,0,-350,-105,483342,483515,173
105,0,blank,0,166.273,593.633233333333,483566,483656,90
105,34,[,211,166.3372,604.84425,483686,483748,62
105,0,blank,0,-350,-105,483780,483888,108
105,0,blank,0,164.3989,610.985,484934,484978,44
105,34,num1,205,127.1935,605.312025,485042,485190,148
105,0,blank,0,104.68335,469.15475,485361,485484,123
105,0,blank,0,124.489166666667,473.697133333333,485576,485664,88
105,29,num2,174,98.5664,508.4391,485695,485725,30
105,29,num2,174,111.7301,503.78215,485787,485847,60
105,0,blank,0,98.2616,513.0483,485878,485940,62
105,34,num1,205,163.96224,617.20238,485980,486134,154
105,34,[,211,167.94935,611.5544,486164,486286,122
105,0,blank,0,235.1503,593.3594,486379,486409,30
105,0,blank,0,231.6159,604.9622,486441,486503,62
105,34,num1,205,159.41975,619.1425,486533,486594,61
105,34,i,212,178.2451,617.4179,486654,486685,31
105,0,blank,0,152.3593,597.1301,486746,486776,30
105,34,num1,205,130.8509,604.8955,486807,486837,30
105,0,blank,0,-350,-105,486958,487141,183
105,0,blank,0,-350,-105,487141,487279,138
105,0,blank,0,-350,-105,487279,487470,191
105,0,blank,0,-350,-105,487470,487655,185
105,0,blank,0,-350,-105,487655,487844,189
105,0,blank,0,-350,-105,487844,487942,98
105,0,blank,0,-350,-105,487942,488214,272
105,0,blank,0,-350,-105,488214,488403,189
105,0,blank,0,-350,-105,488403,488564,161
105,0,blank,0,-350,-105,488564,488691,127
105,0,blank,0,-350,-105,488691,488890,199
105,0,blank,0,-350,-105,488890,489060,170
105,0,blank,0,-350,-105,489060,489160,100
105,0,blank,0,-350,-105,490332,490437,105
105,0,blank,0,-350,-105,490670,490856,186
105,0,blank,0,-350,-105,490856,491002,146
105,0,blank,0,-350,-105,491002,491109,107
105,0,blank,0,-350,-105,491109,491301,192
105,0,blank,0,-350,-105,491301,491453,152
105,0,blank,0,-350,-105,491453,491554,101
105,0,blank,0,-350,-105,491554,491664,110
105,0,blank,0,-350,-105,491664,491804,140
105,0,blank,0,-350,-105,491804,492002,198
105,0,blank,0,-350,-105,492002,492196,194
105,0,blank,0,-350,-105,492196,492339,143
105,0,blank,0,-350,-105,492339,492629,290
105,0,blank,0,-350,-105,492629,492825,196
105,0,blank,0,-350,-105,492825,492996,171
105,0,blank,0,-350,-105,492996,493096,100
105,0,blank,0,-350,-105,493096,493198,102
105,0,blank,0,-350,-105,493198,493384,186
105,0,blank,0,-350,-105,493384,493567,183
105,0,blank,0,-350,-105,493567,493735,168
105,0,blank,0,-350,-105,493735,493919,184
105,0,blank,0,-350,-105,493919,494099,180
105,0,blank,0,-350,-105,494099,494328,229
105,0,blank,0,-350,-105,494328,494497,169
105,0,blank,0,-350,-105,494497,494679,182
105,0,blank,0,-350,-105,494679,494772,93
105,0,blank,0,-350,-105,494772,494901,129
105,0,blank,0,-350,-105,494901,495066,165
105,0,blank,0,-350,-105,495066,495272,206
105,0,blank,0,-350,-105,495272,495416,144
105,0,blank,0,-350,-105,495416,495577,161
105,0,blank,0,-350,-105,495577,495967,390
105,0,blank,0,-350,-105,495967,496352,385
105,0,blank,0,-350,-105,496352,496516,164
105,0,blank,0,-350,-105,496516,496690,174
105,0,blank,0,-350,-105,496690,496844,154
105,0,blank,0,-350,-105,496844,496977,133
105,0,blank,0,-350,-105,496977,497198,221
105,0,blank,0,-350,-105,497198,497366,168
105,0,blank,0,-350,-105,497366,497427,61
105,0,blank,0,-350,-105,497427,497624,197
105,0,blank,0,-350,-105,497624,498392,768
105,0,blank,0,-350,-105,498392,498583,191
105,0,blank,0,-350,-105,498583,498613,30
105,0,blank,0,-350,-105,498613,498989,376
105,0,blank,0,-350,-105,498989,499182,193
105,0,blank,0,-350,-105,500208,500676,468
105,0,blank,0,-350,-105,500676,500985,309
105,0,blank,0,-350,-105,500985,501186,201
105,0,blank,0,-350,-105,501855,502017,162
105,0,blank,0,-350,-105,502017,502160,143
105,0,blank,0,-350,-105,502160,502239,79
105,0,blank,0,-350,-105,502239,502415,176
105,0,blank,0,-350,-105,502862,502921,59
105,0,blank,0,226.0596,376.22865,505507,505569,62
105,0,blank,0,246.8807,360.5,505693,505725,32
105,0,blank,0,217.4351,341.1794,505913,505945,32
105,23,i,149,210.9144,359.1042,506008,506071,63
105,0,blank,0,-350,-105,506229,506372,143
105,0,blank,0,-350,-105,507017,507213,196
105,0,blank,0,-350,-105,507213,507392,179
105,0,blank,0,-350,-105,507392,507450,58
105,0,blank,0,-350,-105,507450,507955,505
105,0,blank,0,-350,-105,507955,508048,93
105,0,blank,0,-350,-105,508048,508298,250
105,0,blank,0,-350,-105,508298,508347,49
105,0,blank,0,218.9131,353.8959,508800,508840,40
105,23,],153,214.1946,362.6825,508869,508900,31
105,0,blank,0,198.384,355.2723,508932,508962,30
105,23,i,149,212.7867,376.1136,508995,509027,32
105,0,blank,0,233.4781,381.9875,509058,509091,33
105,0,blank,0,224.3738,367.7259,509122,509155,33
105,0,blank,0,195.3438,346.531,509345,509375,30
105,0,blank,0,208.2399,354.7516,509439,509470,31
105,23,i,149,212.008016666667,373.477683333333,509534,509723,189
105,0,blank,0,233.0435,363.1096,510101,510133,32
105,0,blank,0,241.9761,378.9929,510228,510258,30
105,0,blank,0,198.7557,382.1893,510322,510356,34
105,0,blank,0,224.9992,349.4918,510390,510455,65
105,0,blank,0,-350,-105,510790,510987,197
105,0,blank,0,-350,-105,510987,511186,199
105,0,blank,0,-350,-105,511186,511380,194
105,0,blank,0,-350,-105,511380,511569,189
105,0,blank,0,-350,-105,511569,511745,176
105,0,blank,0,-350,-105,511745,511848,103
105,12,==,72,146.5464,135.4053,511889,511914,25
105,0,blank,0,-350,-105,512098,512126,28
105,0,blank,0,258.0739,335.7967,512178,512203,25
105,20,num2,122,246.7106,297.5449,512226,512257,31
105,0,blank,0,223.2499,366.2032,512419,512451,32
105,23,i,149,210.1421,360.4232,512486,512518,32
105,0,blank,0,-350,-105,512728,512807,79
105,23,array1,147,187.37325,371.44665,513002,513076,74
105,10,array2,57,115.3609,79.4949,514074,514106,32
105,8,array1,47,146.6656,41.6881,514236,514269,33
105,9,"Enteranotherstring\n",52,129.8161,54.9264,514616,514649,33
105,10,array2,57,118.2804,78.5967,514745,514777,32
105,10,array2,57,153.3849,78.9325,515320,515353,33
105,21,],140,197.7522,319.5636,515385,515417,32
105,23,[,148,200.0674,372.0936,515685,515749,64
105,23,array1,147,182.9722,363.45905,515777,515841,64
105,23,array1,147,172.45405,372.9017,516039,516103,64
105,23,[,148,200.0509,369.5064,516353,516384,31
105,23,],153,214.174466666667,367.961433333333,516448,516543,95
105,0,blank,0,201.01975,378.6583,516703,516768,65
105,0,blank,0,176.74165,222.2384,517444,517539,95
105,10,array2,57,140.3741,86.1859,517819,517849,30
105,8,array1,47,137.25205,32.5594,517912,517974,62
105,8,array1,47,123.3051,35.15435,518037,518099,62
105,8,array1,47,125.2573,43.1355,518130,518192,62
105,7,"Enterthestring\n",42,137.6007,25.0375,518315,518346,31
105,23,i,149,211.3125,371.57225,518625,518688,63
105,0,blank,0,168.236633333333,304.1714,518783,518877,94
105,21,array1,137,170.1387,315.8599,518971,519003,32
105,21,i,139,185.132525,316.53525,519033,519156,123
105,21,i,139,190.6326,320.2006,519187,519250,63
105,21,),143,286.681,325.7933,519311,519343,32
105,20,26,124,308.9042,295.3381,519435,519498,63
105,20,26,124,306.456366666667,300.013733333333,519591,519684,93
105,0,blank,0,172.841275,310.3673,519776,519901,125
105,21,i,139,187.3338,327.699,520122,520212,90
105,0,blank,0,202.39185,382.918,520772,520839,67
105,0,blank,0,187.5538,394.578,520979,521014,35
105,0,blank,0,-350,-105,522032,522217,185
105,0,blank,0,-350,-105,522217,522415,198
105,0,blank,0,-350,-105,522415,522614,199
105,0,blank,0,-350,-105,522614,522793,179
105,0,blank,0,-350,-105,522793,522972,179
105,0,blank,0,-350,-105,522972,523150,178
105,0,blank,0,-350,-105,523150,523333,183
105,0,blank,0,-350,-105,523333,523505,172
105,0,blank,0,-350,-105,523505,523694,189
105,0,blank,0,-350,-105,523694,523879,185
105,0,blank,0,-350,-105,523879,524040,161
105,0,blank,0,-350,-105,524040,524221,181
105,0,blank,0,-350,-105,524221,524403,182
105,0,blank,0,-350,-105,524403,524570,167
105,0,blank,0,142.8203,425.91728,524601,524768,167
105,0,blank,0,143.9442,442.899,524962,524994,32
105,27,while,164,86.6193,450.9712,525155,525188,33
105,0,blank,0,80.69125,429.4746,525315,525379,64
105,0,blank,0,121.2964,479.35455,525474,525539,65
105,32,(,190,89.9702,569.9019,525731,525764,33
105,0,blank,0,165.5284,549.8594,525962,525993,31
105,0,blank,0,168.6449,554.9752,526026,526059,33
105,0,blank,0,151.1627,586.4518,526123,526156,33
105,0,blank,0,131.6486,589.6079,526383,526416,33
105,0,blank,0,155.5968,282.7956,526480,526505,25
105,21,i,139,186.7203,323.99455,526701,526801,100
105,0,blank,0,-350,-105,526866,526897,31
105,0,blank,0,165.623566666667,585.1266,527151,527248,97
105,0,blank,0,175.8127,580.5769,527311,527344,33
105,0,blank,0,206.0176,588.5814,527376,527409,33
105,0,blank,0,223.3919,576.82195,527505,527569,64
105,0,blank,0,227.1034,589.40635,527600,527728,128
105,0,blank,0,217.5126,597.1068,527761,527792,31
105,0,blank,0,226.92835,583.7324,527855,527919,64
105,0,blank,0,218.8353,579.5231,528015,528048,33
105,34,num2,210,237.6293,600.9076,528209,528244,35
105,0,blank,0,239.6619,587.6104,528468,528500,32
105,0,blank,0,243.76485,587.91465,528632,528696,64
105,0,blank,0,225.60425,598.01145,528729,528795,66
105,0,blank,0,-350,-105,528924,529092,168
105,0,blank,0,-350,-105,529092,529282,190
105,0,blank,0,-350,-105,529282,529474,192
105,0,blank,0,-350,-105,529474,529643,169
105,0,blank,0,-350,-105,529643,529823,180
105,0,blank,0,-350,-105,529823,529996,173
105,0,blank,0,-350,-105,529996,530103,107
105,0,blank,0,-350,-105,530103,530202,99
105,0,blank,0,-350,-105,530202,530379,177
105,0,blank,0,-350,-105,530379,530551,172
105,0,blank,0,-350,-105,530551,530730,179
105,0,blank,0,-350,-105,530730,530907,177
105,0,blank,0,-350,-105,530907,531106,199
105,0,blank,0,-350,-105,531106,531248,142
105,0,blank,0,-350,-105,531248,531386,138
105,0,blank,0,-350,-105,531386,531560,174
105,0,blank,0,-350,-105,531560,531737,177
105,0,blank,0,-350,-105,531737,531906,169
105,0,blank,0,-350,-105,531906,532013,107
105,0,blank,0,-350,-105,532013,532178,165
105,0,blank,0,-350,-105,532178,532361,183
105,0,blank,0,-350,-105,532361,532543,182
105,0,blank,0,-350,-105,532543,532721,178
105,0,blank,0,-350,-105,532721,532912,191
105,0,blank,0,-350,-105,532912,533053,141
105,0,blank,0,-350,-105,533053,533128,75
105,0,blank,0,-350,-105,534003,534152,149
105,0,blank,0,-350,-105,534152,534283,131
105,0,blank,0,177.3835,476.6075,534312,534337,25
105,0,blank,0,170.7467,487.0325,534459,534490,31
105,0,blank,0,172.3128,476.5233,534521,534553,32
105,0,blank,0,141.0441,527.0632,534584,534616,32
105,0,blank,0,117.5555,532.0123,534647,534680,33
105,0,blank,0,119.0436,540.4397,534746,534776,30
105,0,blank,0,124.2119,536.1027,534903,534936,33
105,0,blank,0,96.088,533.6423,535101,535134,33
105,0,blank,0,125.6071,559.4813,535167,535201,34
105,0,blank,0,-350,-105,535303,535482,179
105,0,blank,0,-350,-105,535482,535534,52
105,30,;,187,118.121,525.6128,535788,535825,37
105,0,blank,0,138.8244,512.3369,536069,536108,39
105,0,blank,0,103.7741,512.3297,536140,536174,34
105,30,++,186,101.374,529.7701,536239,536272,33
105,0,blank,0,122.7749,553.79075,536940,537010,70
105,0,blank,0,155.1599,567.822,537622,537669,47
105,29,array2,176,180.5868,509.733,538173,538230,57
105,29,array2,176,188.3778,501.89685,538970,539035,65
105,0,blank,0,227.036066666667,504.9199,539130,539228,98
105,0,blank,0,-350,-105,539328,539459,131
105,0,blank,0,-350,-105,539459,539606,147
105,0,blank,0,-350,-105,539606,539779,173
105,0,blank,0,-350,-105,539779,539956,177
105,0,blank,0,-350,-105,539956,540146,190
105,0,blank,0,-350,-105,540146,540295,149
105,0,blank,0,-350,-105,540295,540516,221
105,0,blank,0,-350,-105,540516,540936,420
105,0,blank,0,-350,-105,540936,541112,176
105,0,blank,0,-350,-105,541112,541299,187
105,0,blank,0,-350,-105,541299,541498,199
105,0,blank,0,-350,-105,541498,541612,114
105,0,blank,0,-350,-105,541612,541739,127
105,0,blank,0,-350,-105,541739,541934,195
105,0,blank,0,-350,-105,541934,542112,178
105,0,blank,0,-350,-105,542112,542290,178
105,0,blank,0,-350,-105,542290,542430,140
105,0,blank,0,-350,-105,542430,542623,193
105,0,blank,0,-350,-105,542623,542815,192
105,0,blank,0,-350,-105,542815,542966,151
105,0,blank,0,-350,-105,542966,543047,81
105,0,blank,0,-350,-105,543047,543213,166
105,0,blank,0,-350,-105,543213,543272,59
105,0,blank,0,-350,-105,543272,543457,185
105,0,blank,0,-350,-105,543457,543618,161
105,0,blank,0,-350,-105,543618,544036,418
105,0,blank,0,-350,-105,544036,544217,181
105,0,blank,0,-350,-105,544217,544365,148
105,0,blank,0,-350,-105,544365,544466,101
105,0,blank,0,-350,-105,544466,544633,167
105,0,blank,0,-350,-105,544633,544737,104
105,0,blank,0,-350,-105,544737,544923,186
105,0,blank,0,-350,-105,544923,545177,254
105,0,blank,0,-350,-105,545177,545363,186
105,0,blank,0,-350,-105,545363,545522,159
105,0,blank,0,-350,-105,545522,545635,113
105,0,blank,0,-350,-105,545635,545796,161
105,0,blank,0,-350,-105,545796,545974,178
105,0,blank,0,-350,-105,545974,546142,168
105,0,blank,0,-350,-105,546142,546347,205
105,0,blank,0,-350,-105,546347,547041,694
105,0,blank,0,-350,-105,547041,547239,198
105,0,blank,0,-350,-105,547239,547413,174
105,0,blank,0,-350,-105,547413,547518,105
105,0,blank,0,-350,-105,547711,547889,178
105,0,blank,0,-350,-105,547889,547954,65
105,0,blank,0,-350,-105,547954,548122,168
105,0,blank,0,-350,-105,548122,548159,37
105,0,blank,0,402.2845,164.3213,549128,549225,97
106,0,blank,0,94.0818,-58.6465,551918,552018,100
106,0,blank,0,721.973,46.6416,552288,552318,30
106,0,blank,0,735.805,36.1639,552383,552418,35
106,0,blank,0,829.7245,29.38545,552516,552582,66
106,0,blank,0,-350,-105,552955,552987,32
106,0,blank,0,565.3132,13.2034,553520,553552,32
106,0,blank,0,-350,-105,553617,553764,147
106,0,blank,0,-350,-105,553764,553955,191
106,0,blank,0,-350,-105,553955,554050,95
106,0,blank,0,-350,-105,554050,554214,164
106,0,blank,0,-350,-105,554646,554825,179
106,0,blank,0,-350,-105,554825,554935,110
106,0,blank,0,-350,-105,555874,556163,289
106,0,blank,0,-348.95235,394.9891,557195,557304,109
106,0,blank,0,-348.94285,364.5386,557333,557404,71
106,0,blank,0,-350,-105,557532,557681,149
106,0,blank,0,-350,-105,557681,557850,169
106,0,blank,0,-350,-105,557850,557978,128
106,0,blank,0,-350,-105,557978,558107,129
106,0,blank,0,-350,-105,558107,558240,133
106,0,blank,0,-350,-105,558240,558381,141
106,0,blank,0,-350,-105,558381,558547,166
106,0,blank,0,-350,-105,558547,558699,152
106,0,blank,0,-350,-105,558699,558831,132
106,0,blank,0,-350,-105,558831,558968,137
106,0,blank,0,-350,-105,558968,559146,178
106,0,blank,0,-350,-105,559146,559205,59
106,0,blank,0,556.9963,29.286,559431,559456,25
106,0,blank,0,-350,-105,560151,560195,44
106,0,blank,0,1017.43333333333,311.2204,560460,560586,126
106,0,blank,0,1009.016,318.2107,560644,560671,27
106,0,blank,0,1002.921,296.5204,560769,560803,34
107,0,blank,0,1000.6225,429.2353,561541,561633,92
107,0,blank,0,1010.6855,425.83815,561726,561791,65
107,0,blank,0,1014.5556,427.93318,561858,562049,191
107,0,blank,0,475.918666666667,238.866266666667,562184,562286,102
107,0,blank,0,466.0485,246.2,562354,562388,34
107,0,blank,0,477.16665,248.4159,562423,562490,67
107,0,blank,0,-350,-105,562626,562777,151
107,0,blank,0,-350,-105,562777,562873,96
107,0,blank,0,-350,-105,562873,563055,182
107,0,blank,0,-350,-105,563055,563248,193
107,0,blank,0,-350,-105,563248,563415,167
107,0,blank,0,-350,-105,563415,563600,185
107,0,blank,0,-350,-105,563600,563781,181
107,0,blank,0,-350,-105,563781,563967,186
107,0,blank,0,-350,-105,563967,564137,170
107,0,blank,0,-350,-105,564137,564307,170
107,0,blank,0,-350,-105,564307,564464,157
107,0,blank,0,-350,-105,564464,564640,176
107,0,blank,0,-350,-105,564640,564765,125
107,0,blank,0,-350,-105,564765,564937,172
107,0,blank,0,-350,-105,564937,565095,158
107,0,blank,0,-350,-105,565095,565316,221
107,0,blank,0,-350,-105,565316,565454,138
107,0,blank,0,-350,-105,565454,565601,147
107,0,blank,0,-350,-105,565601,565793,192
107,0,blank,0,-350,-105,565793,565944,151
107,0,blank,0,-350,-105,565944,566074,130
107,0,blank,0,-350,-105,566074,566200,126
107,0,blank,0,-350,-105,566200,566414,214
107,0,blank,0,-350,-105,566414,566509,95
107,0,blank,0,-350,-105,566509,566683,174
107,0,blank,0,-350,-105,566683,566860,177
107,0,blank,0,-350,-105,566860,567036,176
107,0,blank,0,-350,-105,567036,567293,257
107,0,blank,0,-350,-105,567293,567548,255
107,0,blank,0,-350,-105,567548,567610,62
107,0,blank,0,-350,-105,567610,567881,271
107,0,blank,0,-350,-105,567881,568151,270
107,0,blank,0,-350,-105,568151,568258,107
107,0,blank,0,-350,-105,568306,568425,119
107,0,blank,0,250.9805,353.3539,569485,569516,31
107,0,blank,0,246.7046,347.04365,569577,569640,63
107,0,blank,0,244.3297,342.5407,569764,569794,30
107,20,num2,122,258.3285,313.7682,569887,569918,31
108,0,blank,0,262.0851,393.6869,570139,570170,31
108,23,-,151,239.6344,371.26065,570387,570449,62
108,0,blank,0,350.1335,338.18605,570514,570576,62
108,0,blank,0,358.5403,368.7884,570608,570640,32
108,27,0,171,253.1921,454.1195,570863,570893,30
108,0,blank,0,286.0496,379.5291,571054,571086,32
108,0,blank,0,323.795,346.851,572269,572302,33
108,0,blank,0,315.7722,350.9592,572371,572406,35
108,0,blank,0,232.4598,367.603,572509,572545,36
108,0,blank,0,283.6591,348.4236,572679,572711,32
108,0,blank,0,324.2652,373.1296,574069,574095,26
108,0,blank,0,341.8055,330.2009,574321,574346,25
108,0,blank,0,310.7701,407.971,574712,574739,27
108,0,blank,0,-350,-105,574832,574962,130
108,0,blank,0,-350,-105,576111,576270,159
108,0,blank,0,-350,-105,576270,576394,124
108,0,blank,0,-350,-105,576498,576610,112
108,0,blank,0,-350,-105,576610,576801,191
108,0,blank,0,-350,-105,576801,576994,193
108,0,blank,0,-350,-105,576994,577024,30
108,0,blank,0,-350,-105,577024,577199,175
108,0,blank,0,-350,-105,577199,577375,176
108,0,blank,0,-350,-105,577375,577527,152
108,0,blank,0,-350,-105,577527,577688,161
108,0,blank,0,-350,-105,577688,577891,203
108,0,blank,0,-350,-105,577891,577936,45
108,0,blank,0,-350,-105,577936,578133,197
108,0,blank,0,-350,-105,578133,578378,245
108,0,blank,0,-350,-105,578378,578543,165
108,0,blank,0,-350,-105,578543,578693,150
108,0,blank,0,-350,-105,578693,578867,174
108,0,blank,0,-350,-105,578867,579047,180
108,0,blank,0,-350,-105,579047,579230,183
108,0,blank,0,-350,-105,579230,579389,159
108,0,blank,0,-350,-105,579556,579726,170
108,0,blank,0,-350,-105,579726,579840,114
108,0,blank,0,-350,-105,580030,580159,129
108,0,blank,0,282.1141,510.9597,580193,580254,61
108,0,blank,0,273.6248,502.5812,580319,580353,34
108,0,blank,0,272.8948,518.4443,580454,580487,33
108,0,blank,0,-350,-105,581811,581921,110
108,29,num2,174,96.04585,490.92525,582233,582305,72
108,29,num2,174,97.3983333333333,498.464466666667,582371,582466,95
108,26,;,163,99.9106,434.8112,582497,582558,61
108,0,blank,0,107.3097,422.2312,582588,582619,31
108,0,blank,0,109.2611,343.6173,582708,582737,29
108,23,num1,145,108.3921,359.6411,582767,582797,30
108,0,blank,0,114.5783,351.3907,582859,582889,30
108,0,blank,0,112.520533333333,346.1777,582919,583011,92
108,0,blank,0,111.8203,337.4944,583099,583129,30
108,0,blank,0,111.5436,341.41605,583189,583249,60
108,0,blank,0,117.8852,351.8951,583364,583389,25
108,0,blank,0,118.805033333333,334.5459,583451,583566,115
108,0,blank,0,110.8213,336.047,583741,583766,25
108,0,blank,0,123.5882,348.2013,583853,583878,25
108,0,blank,0,132.406633333333,357.607433333333,583936,584062,126
108,0,blank,0,128.2492,345.6902,584087,584118,31
108,0,blank,0,133.1145,341.9963,584150,584181,31
108,0,blank,0,-350,-105,584243,584426,183
108,0,blank,0,-350,-105,584426,584606,180
108,0,blank,0,-350,-105,584606,584786,180
108,0,blank,0,-350,-105,584786,584965,179
108,0,blank,0,-350,-105,584965,585146,181
108,0,blank,0,-350,-105,585146,585327,181
108,0,blank,0,-350,-105,585327,585392,65
108,0,blank,0,-350,-105,585392,585571,179
108,0,blank,0,-350,-105,585571,585733,162
108,0,blank,0,-350,-105,585733,586034,301
108,0,blank,0,-350,-105,586034,586128,94
108,0,blank,0,-350,-105,586128,586308,180
108,0,blank,0,-350,-105,586308,586482,174
108,0,blank,0,-350,-105,586482,586611,129
108,0,blank,0,-350,-105,586611,586769,158
108,0,blank,0,-350,-105,586769,586938,169
108,0,blank,0,-350,-105,586938,587127,189
108,0,blank,0,-350,-105,587127,587299,172
108,0,blank,0,-350,-105,587299,587454,155
108,0,blank,0,-350,-105,587454,587631,177
108,0,blank,0,-350,-105,587631,587808,177
108,0,blank,0,-350,-105,587808,587917,109
108,0,blank,0,-350,-105,587917,588045,128
108,0,blank,0,-350,-105,588045,588214,169
108,0,blank,0,-350,-105,588214,588380,166
108,0,blank,0,-350,-105,588380,588552,172
108,0,blank,0,-350,-105,588552,588725,173
108,0,blank,0,-350,-105,588725,589024,299
108,0,blank,0,-350,-105,589024,589278,254
108,0,blank,0,-350,-105,589278,589340,62
108,0,blank,0,-350,-105,589340,589517,177
108,0,blank,0,-350,-105,590892,591072,180
108,0,blank,0,-350,-105,591072,591141,69
108,0,blank,0,-350,-105,591483,591631,148
108,0,blank,0,-350,-105,593201,593271,70
108,20,26,124,297.6625,300.0456,593305,593468,163
108,0,blank,0,-350,-105,593610,593722,112
108,0,blank,0,-350,-105,593773,593948,175
108,0,blank,0,-350,-105,593948,594122,174
108,0,blank,0,-350,-105,594122,594314,192
108,0,blank,0,-350,-105,594314,594508,194
108,0,blank,0,-350,-105,594508,594608,100
108,27,0,171,260.5294,465.3937,594840,594925,85
108,0,blank,0,245.8932,481.2214,595033,595200,167
108,0,blank,0,258.145,475.939,595276,595301,25
108,0,blank,0,-350,-105,595789,596252,463
108,0,blank,0,-350,-105,596252,596959,707
108,0,blank,0,-350,-105,596959,597088,129
108,0,blank,0,-350,-105,597088,597258,170
108,0,blank,0,-350,-105,597258,597395,137
108,0,blank,0,-350,-105,597395,597564,169
108,0,blank,0,-350,-105,597564,597708,144
108,0,blank,0,-350,-105,597708,597909,201
108,0,blank,0,-350,-105,597909,598070,161
108,0,blank,0,-350,-105,598070,598201,131
108,0,blank,0,-350,-105,598201,598487,286
108,0,blank,0,-350,-105,598487,598685,198
108,0,blank,0,-350,-105,598685,598829,144
108,0,blank,0,-350,-105,599195,599286,91
108,0,blank,0,-350,-105,600242,600285,43
108,0,blank,0,-350,-105,601260,601285,25
108,0,blank,0,-350,-105,601580,601976,396
108,0,blank,0,-350,-105,601976,602156,180
108,0,blank,0,1060.542,476.2167,602627,602653,26
108,0,blank,0,967.354,454.7012,603457,603537,80
108,0,blank,0,981.089,448.2079,603826,603890,64
108,0,blank,0,966.347,230.7534,604083,604147,64
108,0,blank,0,975.381,240.1489,604244,604276,32
108,0,blank,0,953.842,232.9209,604308,604339,31
109,2,stdio,17,122.6842,41.139,604838,604901,63
109,0,blank,0,119.603866666667,46.9119,605030,605126,96
109,0,blank,0,116.6157,53.2986,605189,605221,32
109,2,stdio,17,108.4555,36.012,605251,605282,31
109,5,array1,27,135.81455,109.1925,605345,605407,62
109,0,blank,0,132.4516,122.6951,605686,605717,31
109,5,char,26,55.9055,107.0902,606061,606122,61
109,7,"Enterthestring\n",42,180.5385,144.519,606369,606399,30
109,7,"Enterthestring\n",42,198.8405,155.6091,606463,606495,32
109,7,"Enterthestring\n",42,191.7412,140.9487,606527,606559,32
109,7,"Enterthestring\n",42,207.5037,144.9189,606657,606688,31
109,0,blank,0,200.0835,169.1226,606818,606850,32
109,9,"Enteranotherstring\n",52,223.4173,188.4455,607138,607169,31
109,0,blank,0,225.1346,169.0587,607201,607233,32
109,0,blank,0,-350,-105,607330,607529,199
109,0,blank,0,-350,-105,607529,607663,134
109,0,blank,0,-350,-105,607663,607807,144
109,0,blank,0,-350,-105,607807,607980,173
109,0,blank,0,-350,-105,607980,608084,104
109,0,blank,0,-350,-105,608084,608292,208
109,0,blank,0,-350,-105,608292,608422,130
109,0,blank,0,-350,-105,608422,608618,196
109,0,blank,0,-350,-105,608618,608791,173
109,0,blank,0,-350,-105,608791,608942,151
109,0,blank,0,-350,-105,608942,609140,198
109,0,blank,0,-350,-105,609140,609308,168
109,0,blank,0,-350,-105,609308,609473,165
109,0,blank,0,-350,-105,609473,609573,100
109,0,blank,0,-350,-105,609573,609752,179
109,0,blank,0,-350,-105,609752,609933,181
109,0,blank,0,-350,-105,609933,610118,185
109,0,blank,0,-350,-105,610118,610313,195
109,0,blank,0,-350,-105,610313,610355,42
109,0,blank,0,-350,-105,610355,610620,265
109,0,blank,0,-350,-105,610823,610905,82
109,0,blank,0,-350,-105,610953,611564,611
109,0,blank,0,-350,-105,611564,611731,167
109,0,blank,0,-350,-105,611731,611930,199
109,0,blank,0,-350,-105,611930,612121,191
109,0,blank,0,-350,-105,612121,612238,117
109,11,find_anagram,62,199.2599,241.45175,612272,612365,93
109,11,find_anagram,62,224.064633333333,230.245233333333,612462,612561,99
109,11,array2,66,390.4471,232.5413,613108,613143,35
109,0,blank,0,160.0282,200.643,613249,613284,35
109,0,blank,0,163.1218,208.5538,613320,613391,71
109,9,"Enteranotherstring\n",52,171.4628,197.42562,613426,613601,175
109,9,"Enteranotherstring\n",52,169.8794,191.05035,613601,613670,69
109,9,"Enteranotherstring\n",52,177.2385,192.1596,613704,613774,70
109,0,blank,0,-350,-105,613844,613931,87
109,0,blank,0,-350,-105,614068,614259,191
109,0,blank,0,-350,-105,614259,614430,171
109,0,blank,0,-350,-105,614430,614600,170
109,0,blank,0,-350,-105,614600,614765,165
109,0,blank,0,-350,-105,614765,614914,149
109,0,blank,0,-350,-105,614914,615043,129
109,0,blank,0,-350,-105,615043,615131,88
109,0,blank,0,-350,-105,615131,615319,188
109,0,blank,0,-350,-105,615319,615499,180
109,0,blank,0,-350,-105,615499,615677,178
109,0,blank,0,-350,-105,615677,615816,139
109,0,blank,0,-350,-105,615816,616003,187
109,0,blank,0,-350,-105,616003,616185,182
109,0,blank,0,-350,-105,616185,616362,177
109,0,blank,0,-350,-105,616362,616544,182
109,0,blank,0,-350,-105,616544,616673,129
109,0,blank,0,-350,-105,616673,616910,237
109,0,blank,0,-350,-105,616910,616935,25
109,0,blank,0,-350,-105,616935,617379,444
109,0,blank,0,-350,-105,617379,617512,133
109,0,blank,0,-350,-105,617512,617703,191
109,0,blank,0,-350,-105,617703,617884,181
109,0,blank,0,-350,-105,617884,618060,176
109,0,blank,0,-350,-105,618060,618238,178
109,0,blank,0,-350,-105,618238,618414,176
109,0,blank,0,-350,-105,618414,618476,62
109,0,blank,0,-350,-105,618476,618746,270
109,0,blank,0,-350,-105,618746,618922,176
109,0,blank,0,-350,-105,618922,619321,399
109,0,blank,0,-350,-105,619321,619591,270
109,0,blank,0,-350,-105,619591,619773,182
109,0,blank,0,-350,-105,619773,619953,180
109,0,blank,0,-350,-105,619953,620133,180
109,0,blank,0,-350,-105,620133,620315,182
109,0,blank,0,-350,-105,620315,620409,94
109,0,blank,0,-350,-105,620409,620524,115
109,0,blank,0,-350,-105,620524,620641,117
109,0,blank,0,-350,-105,620641,620804,163
109,0,blank,0,-350,-105,620804,620996,192
109,0,blank,0,-350,-105,620996,621174,178
109,0,blank,0,-350,-105,621174,621352,178
109,0,blank,0,-350,-105,621352,621531,179
109,0,blank,0,-350,-105,621531,621708,177
109,0,blank,0,-350,-105,621708,621877,169
109,0,blank,0,-350,-105,621877,622065,188
109,0,blank,0,-350,-105,622065,622209,144
109,0,blank,0,-350,-105,622209,622727,518
109,0,blank,0,-350,-105,622727,622905,178
109,0,blank,0,-350,-105,622905,623071,166
109,0,blank,0,-350,-105,623071,623180,109
109,0,blank,0,-350,-105,623180,623470,290
109,0,blank,0,-350,-105,623470,623622,152
109,0,blank,0,-350,-105,623622,624432,810
109,0,blank,0,-350,-105,624432,624616,184
109,0,blank,0,-350,-105,624616,624708,92
109,0,blank,0,-350,-105,624708,624853,145
109,0,blank,0,-350,-105,624853,624941,88
109,0,blank,0,-350,-105,624941,625275,334
109,0,blank,0,-350,-105,625275,625461,186
109,0,blank,0,-350,-105,625461,625642,181
109,0,blank,0,-350,-105,625642,625837,195
109,0,blank,0,-350,-105,625837,625953,116
109,0,blank,0,-350,-105,625953,626144,191
109,0,blank,0,-350,-105,626144,626230,86
109,0,blank,0,-350,-105,626230,626413,183
109,0,blank,0,-350,-105,626413,626596,183
109,0,blank,0,-350,-105,626596,626754,158
109,0,blank,0,-350,-105,626754,627192,438
109,0,blank,0,-350,-105,627192,627220,28
109,0,blank,0,-350,-105,627220,627642,422
109,0,blank,0,-350,-105,627642,628028,386
109,0,blank,0,-350,-105,628028,628206,178
109,0,blank,0,-350,-105,628206,628384,178
109,0,blank,0,-350,-105,628384,628561,177
109,0,blank,0,-350,-105,628561,628740,179
109,0,blank,0,-350,-105,628740,628927,187
109,0,blank,0,-350,-105,628927,629108,181
109,0,blank,0,-350,-105,629108,629283,175
109,0,blank,0,-350,-105,629283,629346,63
109,0,blank,0,-350,-105,629346,629619,273
109,0,blank,0,-350,-105,629619,629893,274
109,0,blank,0,-350,-105,629893,630087,194
109,0,blank,0,-350,-105,630087,630210,123
109,0,blank,0,-350,-105,630501,630671,170
109,0,blank,0,35.8183,-103.7866,630997,631062,65
109,0,blank,0,-350,-105,631277,631487,210
109,0,blank,0,50.9976,-103.8627,631743,631808,65
109,0,blank,0,42.8285,-103.7991,631946,631972,26
109,0,blank,0,58.1142,-103.8279,632222,632280,58
109,0,blank,0,60.1555333333333,-103.833733333333,632389,632469,80
109,0,blank,0,71.5229,-103.91755,632677,632752,75
109,0,blank,0,45.8652333333333,-103.8086,632861,632995,134
109,0,blank,0,25.6992,-103.8027,633022,633049,27
109,0,blank,0,-350,-105,633233,633401,168
109,0,blank,0,-350,-105,633401,633557,156
109,0,blank,0,-350,-105,633557,633601,44
109,0,blank,0,-350,-105,634305,634347,42
110,0,blank,0,-350,-105,636034,636101,67
110,0,blank,0,-350,-105,636621,636691,70
110,0,blank,0,-350,-105,636801,636880,79
110,0,blank,0,-350,-105,636880,637062,182
110,0,blank,0,-350,-105,637062,637252,190
110,0,blank,0,493.277,298.48662,637850,638033,183
110,0,blank,0,485.95706,286.7789,638067,638238,171
110,21,!=,141,229.102,326.7173,638310,638347,37
110,21,],140,200.01075,323.0297,638530,638588,58
110,0,blank,0,235.723,336.54165,638657,638729,72
110,0,blank,0,243.2167,315.1225,638764,638799,35
110,21,!=,141,230.889866666667,317.885,638835,638944,109
110,20,num2,122,259.0242,292.9627,639150,639184,34
110,20,num2,122,244.3713,305.3286,639252,639285,33
110,20,num2,122,249.745266666667,301.3466,639351,639453,102
110,0,blank,0,297.0042,291.4713,639486,639520,34
110,0,blank,0,295.746,313.7235,639588,639622,34
110,0,blank,0,239.95646,305.50094,639656,639829,173
110,20,num2,122,244.04725,301.4496,639829,639896,67
110,0,blank,0,241.81985,311.99695,639933,639998,65
110,0,blank,0,-350,-105,640067,640101,34
110,0,blank,0,212.56395,281.98325,640293,640357,64
110,20,0,133,206.2419,292.9999,640390,640423,33
110,20,},129,221.71105,295.585375,640589,640722,133
110,20,comma,130,227.5427,310.3582,640822,640855,33
110,20,},129,222.5953,305.34175,640886,640951,65
110,0,blank,0,-350,-105,641018,641208,190
110,0,blank,0,-350,-105,641208,641387,179
110,0,blank,0,-350,-105,641387,641574,187
110,0,blank,0,-350,-105,641574,641749,175
110,0,blank,0,-350,-105,641749,641925,176
110,0,blank,0,-350,-105,641925,642123,198
110,0,blank,0,-350,-105,642123,642263,140
110,0,blank,0,-350,-105,642263,642441,178
110,0,blank,0,-350,-105,642441,642612,171
110,0,blank,0,-350,-105,642612,642787,175
110,0,blank,0,-350,-105,643725,643916,191
110,0,blank,0,-350,-105,643916,644043,127
110,0,blank,0,-350,-105,644043,644227,184
110,0,blank,0,-350,-105,644227,644340,113
110,0,blank,0,-350,-105,644340,644568,228
110,0,blank,0,-350,-105,644568,644791,223
110,0,blank,0,-350,-105,644791,644932,141
110,0,blank,0,-350,-105,644932,645187,255
110,0,blank,0,-350,-105,645187,645442,255
110,0,blank,0,-350,-105,645442,645504,62
110,0,blank,0,-350,-105,645504,645661,157
110,0,blank,0,-350,-105,645661,645854,193
110,0,blank,0,-350,-105,645854,646044,190
110,0,blank,0,-350,-105,646044,646207,163
110,0,blank,0,-350,-105,646207,646471,264
110,0,blank,0,-350,-105,646471,646545,74
110,0,blank,0,-350,-105,646545,646855,310
110,0,blank,0,-350,-105,646855,647132,277
110,0,blank,0,-350,-105,647132,647288,156
110,0,blank,0,-350,-105,647288,647470,182
110,0,blank,0,-350,-105,647470,647660,190
110,0,blank,0,-350,-105,647660,647813,153
110,0,blank,0,-350,-105,647813,647962,149
110,0,blank,0,-350,-105,647962,648070,108
110,0,blank,0,-350,-105,648070,648254,184
110,0,blank,0,-350,-105,648254,648446,192
110,0,blank,0,-350,-105,648446,648794,348
110,0,blank,0,-350,-105,648794,648997,203
110,0,blank,0,-350,-105,648997,649173,176
110,0,blank,0,-350,-105,649173,649343,170
110,0,blank,0,-350,-105,649343,649503,160
110,0,blank,0,-350,-105,649503,649594,91
110,0,blank,0,-350,-105,649594,650000,406
110,0,blank,0,-350,-105,650000,650171,171
110,0,blank,0,-350,-105,650171,650275,104
110,0,blank,0,215.1404,324.8287,650294,650323,29
110,0,blank,0,-350,-105,651259,651349,90
110,0,blank,0,-350,-105,651575,651742,167
110,0,blank,0,-350,-105,651742,651934,192
110,0,blank,0,-350,-105,651934,652108,174
110,0,blank,0,-350,-105,652108,652301,193
110,0,blank,0,-350,-105,652301,652483,182
110,0,blank,0,-350,-105,652483,652697,214
110,0,blank,0,-350,-105,652697,652928,231
110,0,blank,0,-350,-105,652928,653093,165
110,0,blank,0,-350,-105,653093,653276,183
110,0,blank,0,-350,-105,653276,653453,177
110,0,blank,0,-350,-105,653453,653615,162
110,0,blank,0,-350,-105,653615,653740,125
110,0,blank,0,-350,-105,653740,653912,172
110,0,blank,0,-350,-105,653912,654094,182
110,0,blank,0,-350,-105,654094,654223,129
110,0,blank,0,-350,-105,654223,654385,162
110,0,blank,0,-350,-105,654385,654578,193
110,0,blank,0,-350,-105,654578,654734,156
110,0,blank,0,-350,-105,654734,654929,195
110,0,blank,0,-350,-105,654929,655107,178
110,0,blank,0,-350,-105,655107,655283,176
110,0,blank,0,-350,-105,655283,655463,180
110,0,blank,0,-350,-105,655463,655718,255
110,0,blank,0,-350,-105,655718,655973,255
110,0,blank,0,-350,-105,655973,656035,62
110,0,blank,0,-350,-105,656035,656183,148
110,0,blank,0,-350,-105,656183,656363,180
110,0,blank,0,-350,-105,656363,656547,184
110,0,blank,0,-350,-105,656547,656725,178
110,0,blank,0,-350,-105,656725,656903,178
110,0,blank,0,-350,-105,656903,657087,184
110,0,blank,0,-350,-105,657087,657175,88
110,0,blank,0,-350,-105,657175,657393,218
110,0,blank,0,-350,-105,657393,657604,211
110,0,blank,0,-350,-105,657604,657801,197
110,0,blank,0,-350,-105,657801,657938,137
110,0,blank,0,-350,-105,657938,658110,172
110,0,blank,0,-350,-105,658110,658291,181
110,0,blank,0,-350,-105,658291,658488,197
110,0,blank,0,-350,-105,658488,658666,178
110,0,blank,0,-350,-105,658666,658805,139
110,0,blank,0,-350,-105,658805,658974,169
110,0,blank,0,-350,-105,658974,659031,57
110,0,blank,0,-350,-105,659031,659348,317
110,0,blank,0,-350,-105,659348,659657,309
110,0,blank,0,-350,-105,659657,659798,141
110,0,blank,0,-350,-105,659798,660053,255
110,0,blank,0,-350,-105,660053,660308,255
110,0,blank,0,-350,-105,660308,660483,175
110,0,blank,0,-350,-105,660483,660647,164
110,0,blank,0,-350,-105,661169,661523,354
110,0,blank,0,-350,-105,661523,661617,94
110,0,blank,0,-350,-105,661617,661726,109
110,0,blank,0,-350,-105,661726,662215,489
110,0,blank,0,-350,-105,663159,663606,447
110,0,blank,0,-350,-105,663606,663829,223
110,0,blank,0,-350,-105,663829,664090,261
110,0,blank,0,-350,-105,664090,664270,180
110,0,blank,0,-350,-105,664270,664415,145
110,0,blank,0,-350,-105,664415,664595,180
110,0,blank,0,400.5008,302.7113,664684,664696,12
110,0,blank,0,407.4428,286.13945,664734,664797,63
110,0,blank,0,364.1317,275.5482,664983,665014,31
110,0,blank,0,-350,-105,665077,665158,81
110,0,blank,0,387.900966666667,272.938466666667,665388,665570,182
110,0,blank,0,395.7999,281.1531,665570,665630,60
110,0,blank,0,-350,-105,665691,665822,131
110,0,blank,0,449.379,239.9544,667070,667146,76
110,0,blank,0,443.8499,260.3013,667221,667294,73
110,0,blank,0,-350,-105,667949,667986,37
110,11,array2,66,353.9226,110.4138,668341,668376,35
110,13,"%sand%sareanagrams.\n",77,290.6383,146.2549,669540,669635,95
110,13,"%sand%sareanagrams.\n",77,157.1905,143.8289,670422,670452,30
110,0,blank,0,191.0134,286.4082,670712,670833,121
110,0,blank,0,189.6263,290.5838,670833,670930,97
110,0,blank,0,-350,-105,671657,671736,79
110,0,blank,0,-159.3109,778.0209,673858,673898,40
110,0,blank,0,107.6202,-103.9869,674018,674048,30
110,0,blank,0,387.0542,246.5425,674776,674806,30
110,0,blank,0,285.0062,285.2232,675583,675643,60
110,18,array1,102,291.408,262.1873,675792,675822,30
110,0,blank,0,380.8813,272.0672,676060,676091,31
110,20,0,133,450.0955,293.7971,676306,676337,31
110,0,blank,0,428.2208,281.9594,676606,676635,29
110,0,blank,0,234.9436,275.0202,676843,676874,31
110,0,blank,0,413.0311,268.4888,677330,677360,30
110,0,blank,0,200.4969,286.4879,677571,677632,61
110,0,blank,0,201.0621,285.6052,677663,677754,91
110,20,=,132,180.4847,301.965,677783,677814,31
110,0,blank,0,189.2347,298.1744,677905,677935,30
110,0,blank,0,340.3827,283.25925,677995,678058,63
110,0,blank,0,356.6711,284.6128,678088,678118,30
110,18,array2,107,442.5923,267.1075,678270,678301,31
110,0,blank,0,438.59735,270.9197,678362,678421,59
110,0,blank,0,283.0329,288.5697,678604,678634,30
110,0,blank,0,398.998,284.3394,679235,679265,30
110,0,blank,0,-350,-105,679354,679536,182
110,0,blank,0,-350,-105,679536,679733,197
110,0,blank,0,-350,-105,679733,679925,192
110,0,blank,0,-350,-105,679925,680104,179
110,0,blank,0,-350,-105,680104,680280,176
110,0,blank,0,-350,-105,680280,680468,188
110,0,blank,0,-350,-105,680468,680648,180
110,0,blank,0,-350,-105,680648,680836,188
110,0,blank,0,-350,-105,680836,681015,179
110,0,blank,0,-350,-105,681015,681187,172
110,0,blank,0,-350,-105,681187,681376,189
110,0,blank,0,-350,-105,681376,681531,155
110,0,blank,0,-350,-105,681531,681725,194
110,0,blank,0,-350,-105,681725,681918,193
110,0,blank,0,-350,-105,681918,682105,187
110,0,blank,0,-350,-105,682105,682233,128
110,0,blank,0,-350,-105,682233,682423,190
110,0,blank,0,-350,-105,682423,682540,117
110,0,blank,0,-350,-105,682540,682845,305
110,0,blank,0,-350,-105,682845,683146,301
110,0,blank,0,-350,-105,683146,683325,179
110,0,blank,0,-350,-105,683325,683744,419
110,0,blank,0,-350,-105,683744,684004,260
110,0,blank,0,-350,-105,684004,684095,91
110,0,blank,0,-350,-105,684199,684232,33
110,0,blank,0,-350,-105,684317,684498,181
110,0,blank,0,-350,-105,684498,684603,105
110,0,blank,0,-350,-105,684947,685028,81
110,0,blank,0,-350,-105,685251,685433,182
110,0,blank,0,-350,-105,685433,685529,96
110,0,blank,0,-350,-105,685529,685670,141
110,0,blank,0,-350,-105,685670,685969,299
110,0,blank,0,-350,-105,685969,686079,110
110,0,blank,0,-350,-105,686079,686265,186
110,0,blank,0,-350,-105,686265,686309,44
110,0,blank,0,-350,-105,686309,686493,184
110,0,blank,0,-350,-105,686493,686652,159
110,0,blank,0,-350,-105,686652,686798,146
110,0,blank,0,-350,-105,686798,686903,105
110,0,blank,0,-350,-105,686903,687044,141
110,0,blank,0,-350,-105,687044,687232,188
110,0,blank,0,-350,-105,687232,687375,143
110,0,blank,0,-350,-105,687375,687573,198
110,0,blank,0,-350,-105,687573,687715,142
110,0,blank,0,-350,-105,687715,687835,120
110,0,blank,0,-350,-105,687835,687988,153
110,0,blank,0,-350,-105,687988,688223,235
110,0,blank,0,-350,-105,688223,688315,92
110,0,blank,0,-350,-105,688315,688878,563
110,0,blank,0,-350,-105,688878,688961,83
110,0,blank,0,-350,-105,688961,689097,136
110,0,blank,0,-350,-105,689275,689353,78
110,0,blank,0,348.6861,363.6951,689758,689820,62
110,0,blank,0,-350,-105,689853,689937,84
110,0,blank,0,322.7322,340.8077,689962,689999,37
110,0,blank,0,141.0396,271.22,690320,690353,33
110,0,blank,0,-350,-105,690419,690505,86
110,0,blank,0,194.2629,335.7612,690544,690644,100
110,21,],140,195.3124,332.3392,690844,690878,34
110,0,blank,0,158.8787,655.8295,691498,691523,25
110,21,0,142,276.20875,325.38725,691562,691746,184
110,0,blank,0,-350,-105,692149,692224,75
110,0,blank,0,-350,-105,692224,692636,412
110,0,blank,0,-350,-105,692636,692822,186
110,0,blank,0,-350,-105,692822,692939,117
110,0,blank,0,-350,-105,692939,693154,215
110,0,blank,0,-350,-105,693154,693245,91
110,0,blank,0,-350,-105,693245,693451,206
110,0,blank,0,-350,-105,693451,694503,1052
110,0,blank,0,-350,-105,694503,694675,172
110,0,blank,0,-350,-105,694675,694771,96
110,0,blank,0,-350,-105,694771,695197,426
110,0,blank,0,-350,-105,695197,695360,163
110,0,blank,0,-350,-105,695360,695568,208
110,0,blank,0,-350,-105,695568,695761,193
110,0,blank,0,-350,-105,695761,695943,182
110,0,blank,0,-350,-105,695943,696080,137
110,0,blank,0,-350,-105,696080,696257,177
110,0,blank,0,-350,-105,696257,696431,174
110,0,blank,0,-350,-105,696431,696621,190
110,0,blank,0,-350,-105,696621,696751,130
110,0,blank,0,-350,-105,696751,696887,136
110,0,blank,0,-350,-105,696887,697133,246
110,0,blank,0,-350,-105,697133,697160,27
110,0,blank,0,-350,-105,697160,697338,178
110,0,blank,0,-350,-105,697338,697376,38
110,0,blank,0,276.8292,350.4494,697427,697457,30
110,0,blank,0,-350,-105,697705,697877,172
110,0,blank,0,-350,-105,697877,697982,105
110,0,blank,0,-350,-105,697982,698158,176
110,0,blank,0,-350,-105,698158,698338,180
110,0,blank,0,-350,-105,698338,698531,193
110,0,blank,0,-350,-105,698531,698728,197
110,0,blank,0,-350,-105,698728,698759,31
110,0,blank,0,-350,-105,698759,699243,484
110,21,while,135,51.7875,326.6113,699480,699511,31
110,20,=,132,337.2725,305.1227,700004,700038,34
110,20,{,127,358.4229,309.5489,700282,700348,66
110,0,blank,0,411.5801,274.9648,700647,700679,32
110,0,blank,0,-350,-105,700817,701004,187
110,0,blank,0,-350,-105,701004,701172,168
110,0,blank,0,-350,-105,701172,701346,174
110,0,blank,0,-350,-105,701346,701431,85
110,0,blank,0,-350,-105,701431,701617,186
110,0,blank,0,-350,-105,701617,701809,192
110,0,blank,0,-350,-105,701809,701942,133
110,0,blank,0,-350,-105,701942,702245,303
110,0,blank,0,-350,-105,702245,702333,88
110,0,blank,0,-350,-105,702333,702659,326
110,0,blank,0,-350,-105,702659,702826,167
110,0,blank,0,-350,-105,702826,702996,170
110,0,blank,0,-350,-105,702996,703122,126
110,0,blank,0,-350,-105,703122,703293,171
110,0,blank,0,-350,-105,703293,703481,188
110,0,blank,0,-350,-105,703481,703611,130
110,0,blank,0,-350,-105,703611,703816,205
110,0,blank,0,-350,-105,703816,703994,178
110,0,blank,0,-350,-105,703994,704165,171
110,0,blank,0,-350,-105,704165,704336,171
110,0,blank,0,-350,-105,704336,704519,183
110,0,blank,0,-350,-105,704519,704706,187
110,0,blank,0,-350,-105,704706,704835,129
110,0,blank,0,-350,-105,704835,704969,134
110,0,blank,0,-350,-105,704969,705148,179
110,0,blank,0,-350,-105,705148,705332,184
110,0,blank,0,-350,-105,705332,705528,196
110,0,blank,0,-350,-105,705528,705704,176
110,0,blank,0,-350,-105,705704,705881,177
110,0,blank,0,-350,-105,705881,706070,189
110,0,blank,0,-350,-105,706070,706244,174
110,0,blank,0,-350,-105,706244,706432,188
110,0,blank,0,-350,-105,706432,706611,179
110,0,blank,0,-350,-105,706611,706779,168
110,0,blank,0,-350,-105,706779,706957,178
110,0,blank,0,-350,-105,706957,707137,180
110,0,blank,0,-350,-105,707137,707315,178
110,0,blank,0,-350,-105,707315,707498,183
110,0,blank,0,-350,-105,707498,707676,178
110,0,blank,0,-350,-105,707676,707854,178
110,0,blank,0,-350,-105,707854,708033,179
110,0,blank,0,-350,-105,708033,708214,181
110,0,blank,0,-350,-105,708214,708395,181
110,0,blank,0,-350,-105,708395,708491,96
110,0,blank,0,-350,-105,708491,708638,147
110,0,blank,0,-350,-105,708638,708788,150
110,0,blank,0,-350,-105,708788,708950,162
110,0,blank,0,-350,-105,708950,709134,184
110,0,blank,0,-350,-105,709134,709302,168
110,0,blank,0,-350,-105,709302,709495,193
110,0,blank,0,-350,-105,709495,709685,190
110,0,blank,0,-350,-105,709685,709867,182
110,0,blank,0,-350,-105,709867,710045,178
110,0,blank,0,-350,-105,710045,710224,179
110,0,blank,0,-350,-105,710224,710402,178
110,0,blank,0,-350,-105,710402,710579,177
110,0,blank,0,-350,-105,710579,710763,184
110,0,blank,0,-350,-105,710763,710943,180
110,0,blank,0,-350,-105,710943,711125,182
110,0,blank,0,-350,-105,711125,711308,183
110,0,blank,0,-350,-105,711308,711409,101
110,0,blank,0,-350,-105,711409,711533,124
110,0,blank,0,-350,-105,711533,711656,123
110,0,blank,0,-350,-105,711656,711908,252
110,0,blank,0,-350,-105,711908,712432,524
110,0,blank,0,-350,-105,712432,712583,151
110,0,blank,0,-350,-105,712583,712710,127
110,0,blank,0,-350,-105,712710,712935,225
110,0,blank,0,-350,-105,712935,712982,47
110,0,blank,0,-350,-105,712982,713171,189
110,0,blank,0,-350,-105,713171,713370,199
110,0,blank,0,-350,-105,713370,713413,43
110,0,blank,0,236.9885,299.1389,714505,714538,33
110,0,blank,0,231.1888,369.304,715023,715057,34
110,0,blank,0,242.826,388.7912,715121,715155,34
110,0,blank,0,224.9899,479.00775,715254,715318,64
110,29,],182,221.3436,494.8427,715385,715418,33
110,0,blank,0,224.09325,515.9475,715484,715551,67
110,0,blank,0,183.2759,539.47215,715786,715852,66
110,0,blank,0,188.4452,510.3657,716086,716120,34
110,0,blank,0,-350,-105,716187,716293,106
110,0,blank,0,230.9761,288.2622,716317,716343,26
110,0,blank,0,-350,-105,716443,716554,111
110,0,blank,0,192.5944,412.697,716735,716763,28
110,0,blank,0,-350,-105,717255,717423,168
110,0,blank,0,-350,-105,717423,717482,59
110,0,blank,0,191.4122,269.4054,717797,717864,67
110,0,blank,0,-350,-105,717932,718072,140
110,0,blank,0,-350,-105,718072,718217,145
110,0,blank,0,-350,-105,718217,718328,111
110,0,blank,0,-350,-105,718328,718547,219
110,0,blank,0,-350,-105,718547,718729,182
110,0,blank,0,-350,-105,718729,718912,183
110,0,blank,0,-350,-105,718912,719152,240
110,0,blank,0,-350,-105,719152,719317,165
110,0,blank,0,-350,-105,719317,719516,199
110,0,blank,0,-350,-105,719662,719856,194
110,0,blank,0,-350,-105,719856,720053,197
110,0,blank,0,-350,-105,720053,720143,90
110,0,blank,0,-350,-105,720143,720288,145
110,0,blank,0,-350,-105,720288,720679,391
110,0,blank,0,-350,-105,720679,720821,142
110,0,blank,0,-350,-105,720821,721079,258
110,0,blank,0,-350,-105,721079,721334,255
110,0,blank,0,-350,-105,721334,721589,255
110,0,blank,0,-350,-105,721589,721788,199
110,0,blank,0,-350,-105,721788,721901,113
110,0,blank,0,-350,-105,721901,722117,216
110,0,blank,0,-350,-105,722117,722316,199
110,0,blank,0,-350,-105,722316,722559,243
110,0,blank,0,-350,-105,722559,722616,57
110,0,blank,0,-350,-105,722616,722892,276
110,0,blank,0,-350,-105,722892,723233,341
110,0,blank,0,-350,-105,723233,723358,125
110,0,blank,0,-350,-105,724324,724437,113
110,0,blank,0,-350,-105,724437,724658,221
110,0,blank,0,-350,-105,724658,724791,133
110,0,blank,0,-350,-105,724791,724940,149
110,0,blank,0,-350,-105,724940,725096,156
110,0,blank,0,-350,-105,725096,725167,71
110,0,blank,0,-350,-105,725167,725334,167
110,0,blank,0,-350,-105,725334,725478,144
110,0,blank,0,-350,-105,725478,725637,159
110,0,blank,0,-350,-105,725637,725840,203
110,0,blank,0,-350,-105,725840,725885,45
110,0,blank,0,-350,-105,725885,726057,172
110,0,blank,0,-350,-105,726057,726596,539
110,0,blank,0,-350,-105,726596,726690,94
110,0,blank,0,-350,-105,726690,726799,109
110,0,blank,0,-350,-105,726799,727123,324
110,0,blank,0,-350,-105,727123,727298,175
110,0,blank,0,-350,-105,727298,727328,30
110,0,blank,0,-350,-105,727328,727726,398
110,0,blank,0,-350,-105,727726,727920,194
110,0,blank,0,-350,-105,727920,728037,117
110,0,blank,0,-350,-105,728037,728157,120
110,0,blank,0,-350,-105,728157,728245,88
110,0,blank,0,-350,-105,728245,728430,185
110,0,blank,0,-350,-105,728430,728531,101
110,0,blank,0,-350,-105,728531,728699,168
110,0,blank,0,-350,-105,728699,728955,256
110,0,blank,0,-350,-105,728955,729107,152
110,0,blank,0,-350,-105,729107,729459,352
110,0,blank,0,330.5676,338.852,732625,732656,31
110,0,blank,0,354.5184,368.4956,732784,732817,33
110,0,blank,0,330.8361,382.24975,732912,732975,63
110,0,blank,0,330.0515,368.0463,733133,733165,32
110,0,blank,0,347.42075,367.2988,733230,733296,66
110,0,blank,0,-350,-105,733458,733543,85
110,20,],125,318.7286,299.977,733569,733612,43
110,0,blank,0,338.8927,357.8754,733705,733741,36
110,0,blank,0,-350,-105,733933,734046,113
110,0,blank,0,-350,-105,734336,734488,152
110,0,blank,0,-350,-105,734488,734631,143
110,0,blank,0,-350,-105,735091,735164,73
110,0,blank,0,-350,-105,735164,735477,313
110,0,blank,0,-350,-105,735477,736052,575
110,0,blank,0,-350,-105,736052,736299,247
110,0,blank,0,-350,-105,736299,736526,227
110,0,blank,0,-350,-105,736526,736716,190
110,0,blank,0,-350,-105,736716,736906,190
110,0,blank,0,-350,-105,736906,737039,133
110,0,blank,0,-350,-105,737039,737133,94
110,0,blank,0,-350,-105,737133,737458,325
110,0,blank,0,-350,-105,737458,737635,177
110,0,blank,0,-350,-105,737635,737812,177
110,0,blank,0,-350,-105,737812,738006,194
110,0,blank,0,-350,-105,738006,738064,58
110,0,blank,0,-350,-105,738064,738489,425
110,0,blank,0,-350,-105,738489,738668,179
110,0,blank,0,-350,-105,738668,738851,183
110,0,blank,0,-350,-105,738851,738946,95
110,0,blank,0,-350,-105,739347,739429,82
110,0,blank,0,324.0959,324.2554,739459,739494,35
110,21,0,142,258.6743,325.4633,739879,739911,32
110,0,blank,0,-350,-105,740129,740212,83
110,0,blank,0,284.84785,302.71615,740349,740412,63
110,21,array1,137,145.788,333.3609,740698,740728,30
110,21,array1,137,148.9858,333.7464,740822,740851,29
110,0,blank,0,142.1491,351.0217,740943,741005,62
110,0,blank,0,-350,-105,741162,741267,105
110,0,blank,0,221.65435,353.24275,741546,741611,65
110,23,i,149,206.3021,359.6087,741737,741769,32
110,0,blank,0,-350,-105,741865,741974,109
110,0,blank,0,218.9672,399.403,742420,742547,127
110,0,blank,0,223.4818,401.0012,742547,742628,81
110,0,blank,0,-350,-105,742745,742924,179
110,0,blank,0,-350,-105,742924,743103,179
110,0,blank,0,-350,-105,743103,743283,180
110,0,blank,0,-350,-105,743283,743481,198
110,0,blank,0,-350,-105,743481,743605,124
110,0,blank,0,-350,-105,743605,743763,158
110,0,blank,0,-350,-105,743763,743908,145
110,0,blank,0,-350,-105,743908,744086,178
110,0,blank,0,-350,-105,744086,744211,125
110,29,;,184,311.8033,499.278,745670,745701,31
110,29,],182,276.304033333333,493.040966666667,745853,746018,165
110,29,a,181,270.828983333333,498.303383333333,746080,746266,186
110,0,blank,0,256.728625,487.0437,746266,746418,152
110,0,blank,0,251.3399,488.90695,746543,746671,128
110,0,blank,0,253.779033333333,483.843866666667,746703,746801,98
110,0,blank,0,256.289325,483.98335,746834,746986,152
110,0,blank,0,254.79015,487.88835,747017,747080,63
110,0,blank,0,222.97195,485.36705,747113,747177,64
110,0,blank,0,244.86286,490.58496,747394,747578,184
110,0,blank,0,248.210233333333,487.2598,747604,747699,95
110,29,a,181,248.9258,498.67,747763,747795,32
110,0,blank,0,244.5271,486.880733333333,747885,747981,96
110,0,blank,0,234.355,538.5789,748449,748479,30
110,0,blank,0,229.621825,483.777325,748725,748839,114
110,29,array2,176,184.3826,497.8798,748989,749083,94
110,0,blank,0,227.926,608.2301,749684,749722,38
110,32,26,197,212.1772,560.6765,750055,750085,30
110,0,blank,0,208.0234,595.460333333333,750269,750360,91
110,0,blank,0,-350,-105,751289,751483,194
110,0,blank,0,-350,-105,751587,751679,92
110,0,blank,0,-350,-105,752575,752702,127
110,0,blank,0,-350,-105,752702,752869,167
110,0,blank,0,990.088,413.2921,753530,753560,30
110,0,blank,0,983.351,420.52195,753955,754015,60
110,0,blank,0,1000.723,431.3174,754135,754166,31
110,0,blank,0,983.344,424.1912,754351,754382,31
110,27,0,171,261.2903,457.4744,754554,754599,45
110,0,blank,0,291.928,477.1675,755576,755607,31
110,0,blank,0,268.426,484.441083333333,755946,756130,184
110,27,0,171,274.5608,461.475,756130,756160,30
110,0,blank,0,254.3784,466.0588,756190,756220,30
110,13,"%sand%sareanagrams.\n",77,418.9553,143.3653,756430,756460,30
110,13,"%sand%sareanagrams.\n",77,418.8182,150.9635,756549,756579,30
110,0,blank,0,425.3386,161.7196,756609,756640,31
110,0,blank,0,232.0669,118.8927,756699,756730,31
110,0,blank,0,226.8473,120.1935,756759,756819,60
110,13,"%sand%sareanagrams.\n",77,244.1012,142.5709,756849,756880,31
111,0,blank,0,473.7503,288.0838,758165,758194,29
111,0,blank,0,998.944,367.6248,758286,758317,31
111,0,blank,0,344.3104,285.8314,758738,758769,31
111,20,0,133,366.098575,308.3081,758832,758952,120
111,0,blank,0,314.9633,353.5809,759013,759044,31
111,20,num2,122,274.5228,310.3001,759165,759196,31
111,0,blank,0,-350,-105,759258,759363,105
111,0,blank,0,-350,-105,759363,759540,177
111,0,blank,0,-350,-105,759540,759716,176
111,0,blank,0,-350,-105,759716,759745,29
111,0,blank,0,-350,-105,760024,760130,106
111,0,blank,0,279.8623,349.8976,760447,760488,41
111,0,blank,0,-350,-105,760601,760740,139
111,0,blank,0,-350,-105,760946,761096,150
111,0,blank,0,-350,-105,761096,761256,160
111,0,blank,0,-350,-105,761256,761568,312
111,0,blank,0,-350,-105,761568,761758,190
111,0,blank,0,-350,-105,761758,761898,140
111,0,blank,0,-350,-105,761898,762034,136
111,0,blank,0,-350,-105,762034,762133,99
111,0,blank,0,-350,-105,762133,762307,174
111,0,blank,0,-350,-105,762307,762489,182
111,0,blank,0,-350,-105,762489,762628,139
111,0,blank,0,-350,-105,762628,762782,154
111,0,blank,0,-350,-105,762782,763010,228
111,0,blank,0,-350,-105,763010,763189,179
111,0,blank,0,-350,-105,763189,763372,183
111,0,blank,0,-350,-105,763372,763517,145
111,0,blank,0,-350,-105,763517,763650,133
111,0,blank,0,-350,-105,763650,763839,189
111,0,blank,0,-350,-105,763839,763949,110
111,0,blank,0,-350,-105,763949,764239,290
111,0,blank,0,-350,-105,764239,764495,256
111,0,blank,0,-350,-105,764495,764677,182
111,0,blank,0,99.4789,539.8735,765021,765050,29
111,0,blank,0,137.79,516.4962,765141,765171,30
111,0,blank,0,176.4195,476.6744,765924,766002,78
111,32,i,199,167.479,559.7089,766766,766796,30
111,0,blank,0,188.6299,535.611,766858,766883,25
111,0,blank,0,175.2424,553.2663,766912,766942,30
111,0,blank,0,226.0958,481.5851,767003,767034,31
111,0,blank,0,165.6405,475.749,767466,767491,25
111,0,blank,0,146.706,471.3487,767858,767883,25
111,0,blank,0,150.0482,439.4133,768063,768088,25
111,27,array2,166,159.7725,453.7437,768116,768147,31
111,27,array2,166,158.0008,452.7035,768267,768326,59
111,27,array2,166,157.4908,464.1909,768356,768417,61
111,27,[,167,177.3978,445.3199,768606,768636,30
111,0,blank,0,166.0251,468.1113,768666,768697,31
111,27,array2,166,166.6406,454.9323,768758,768789,31
111,0,blank,0,212.05415,482.12535,768929,769008,79
111,27,==,170,218.9925,465.244,769123,769154,31
111,0,blank,0,224.24088,474.0087,769277,769431,154
111,0,blank,0,248.7268,476.977366666667,769577,769670,93
111,0,blank,0,247.46485,484.5537,769758,769810,52
111,0,blank,0,249.079433333333,474.563866666667,769840,769964,124
111,29,[,177,131.1872,504.1902,770170,770200,30
111,0,blank,0,98.8447,471.431966666667,770259,770373,114
111,0,blank,0,187.48005,518.97785,771103,771163,60
111,0,blank,0,166.248,549.1288,771194,771224,30
111,0,blank,0,-350,-105,771700,771751,51
111,0,blank,0,-350,-105,772105,772160,55
111,29,num2,174,104.9613,496.4011,772370,772399,29
111,0,blank,0,-350,-105,772513,772640,127
111,0,blank,0,-350,-105,772746,772895,149
111,0,blank,0,163.3184,533.2021,773311,773344,33
111,0,blank,0,-350,-105,773482,773612,130
111,0,blank,0,-350,-105,773612,773682,70
111,0,blank,0,164.4224,608.3541,774331,774360,29
111,0,blank,0,196.93765,612.92785,774705,774793,88
111,35,return,215,169.3946,632.4595,775038,775070,32
111,0,blank,0,261.943166666667,581.267766666667,775323,775418,95
111,32,++,200,267.1587,575.7812,775513,775576,63
111,34,num1,205,153.9352,607.0309,775795,775826,31
111,34,num1,205,147.9734,615.705,775889,775921,32
111,0,blank,0,172.6748,589.8236,776015,776077,62
111,34,num1,205,162.271,599.0071,776108,776139,31
111,0,blank,0,207.7272,596.2143,776202,776233,31
111,32,26,197,210.1149,572.4251,776327,776390,63
111,0,blank,0,228.0806,588.1797,776515,776546,31
111,0,blank,0,221.3105,587.1604,776608,776643,35
111,0,blank,0,224.6774,582.72085,776736,776799,63
111,0,blank,0,217.1684,578.7225,777018,777050,32
111,0,blank,0,227.3273,580.5032,777081,777113,32
111,0,blank,0,-350,-105,777207,777341,134
111,0,blank,0,203.1629,537.3438,777391,777414,23
111,0,blank,0,193.8071,600.827,777788,777818,30
111,0,blank,0,144.333733333333,526.591366666667,778819,778914,95
111,0,blank,0,134.4604,552.91,779070,779102,32
111,32,0,193,141.0538,555.9697,779194,779225,31
111,0,blank,0,134.4077,580.5718,779286,779319,33
111,32,;,198,148.6556,575.1914,779476,779507,31
111,0,blank,0,184.203966666667,552.708366666667,779634,779729,95
111,0,blank,0,190.0357,541.86115,779760,779824,64
111,0,blank,0,194.6353,542.587,779919,779950,31
111,0,blank,0,176.4393,571.7687,779982,780014,32
111,0,blank,0,177.522166666667,576.8403,780109,780206,97
111,0,blank,0,174.1855,572.3015,780302,780335,33
111,0,blank,0,163.158,572.8585,780495,780559,64
111,32,i,199,171.242566666667,567.542966666667,780623,780719,96
111,0,blank,0,165.9495,587.5858,780751,780783,32
111,0,blank,0,153.6511,567.5195,780847,780879,32
111,0,blank,0,155.12405,559.62225,780912,780976,64
111,0,blank,0,183.3542,269.6293,781259,781289,30
111,0,blank,0,161.142825,520.00675,781475,781602,127
111,0,blank,0,152.7415,588.1312,781758,781790,32
111,0,blank,0,140.9013,583.2507,781949,781985,36
111,0,blank,0,161.4322,566.8798,782019,782055,36
111,0,blank,0,143.971616666667,582.562483333333,782091,782287,196
111,0,blank,0,147.9269,582.06525,782287,782353,66
111,0,blank,0,138.2637,597.671225,782483,782611,128
111,0,blank,0,135.6715,595.8951,782674,782771,97
111,32,0,193,138.40885,572.9588,782805,782879,74
111,32,;,198,148.05015,561.30935,782908,782976,68
111,32,;,198,147.0344,572.05645,783041,783104,63
111,32,0,193,135.182,567.1082,783137,783170,33
111,0,blank,0,190.2792,543.2457,783269,783301,32
111,0,blank,0,187.0862,538.4326,783366,783398,32
111,0,blank,0,181.3588,557.3778,783430,783494,64
111,0,blank,0,182.80675,549.66085,783558,783683,125
111,0,blank,0,185.0345,529.3545,783714,783747,33
111,0,blank,0,196.80735,538.20145,783843,783907,64
111,0,blank,0,185.309775,549.65765,783969,784095,126
111,0,blank,0,187.2189,538.5376,784184,784215,31
111,29,array2,176,184.4926,508.8922,784390,784421,31
111,0,blank,0,193.7803,530.6944,784453,784484,31
111,0,blank,0,164.2472,547.6281,784516,784547,31
111,32,i,199,166.8383,561.8814,784609,784641,32
111,0,blank,0,122.75045,589.6032,784740,784805,65
111,32,0,193,142.114533333333,568.752833333333,785231,785325,94
111,32,26,197,214.62105,567.61695,785466,785525,59
111,35,return,215,133.1065,632.3697,785946,786035,89
111,34,num1,205,149.3161,607.8604,786166,786196,30
111,0,blank,0,556.4291,131.4331,787626,787657,31
111,0,blank,0,583.49585,126.1644,787812,787874,62
111,0,blank,0,433.39,176.9254,789010,789042,32
111,0,blank,0,304.1538,158.2885,789297,789327,30
111,11,array1,64,298.3585,93.9285,789736,789768,32
111,13,"%sand%sareanagrams.\n",77,326.5635,148.2263,789831,789925,94
111,13,"%sand%sareanagrams.\n",77,286.654066666667,149.799566666667,790378,790466,88
111,13,"%sand%sareanagrams.\n",77,344.8235,147.671,790668,790698,30
111,0,blank,0,350.2522,159.6843,790785,790814,29
111,0,blank,0,313.8743,129.5318,791243,791271,28
111,13,"%sand%sareanagrams.\n",77,305.1683,154.7888,791300,791330,30
111,0,blank,0,279.8787,129.6527,791359,791387,28
111,0,blank,0,349.941,87.9219,791678,791708,30
111,0,blank,0,329.3303,86.8838,791917,791948,31
111,11,array1,64,311.8351,109.2017,792230,792261,31
111,13,"%sand%sareanagrams.\n",77,295.9553,138.9776,792358,792390,32
111,15,"%sand%sarenotanagrams.\n",87,311.1813,187.1549,792454,792487,33
111,0,blank,0,336.59785,177.3279,793052,793119,67
111,13,"%sand%sareanagrams.\n",77,335.903,155.8464,793250,793283,33
111,15,"%sand%sarenotanagrams.\n",87,317.9743,181.4742,793314,793346,32
111,0,blank,0,331.6057,175.7041,793506,793537,31
111,0,blank,0,342.4925,129.5024,793634,793667,33
111,13,"%sand%sareanagrams.\n",77,322.1771,139.7716,793698,793731,33
111,0,blank,0,324.5154,119.3999,793763,793796,33
111,0,blank,0,-350,-105,793892,793951,59
111,0,blank,0,322.2344,180.2192,794189,794221,32
111,0,blank,0,317.896,159.51175,794254,794318,64
111,15,"%sand%sarenotanagrams.\n",87,323.24105,186.60835,794416,794481,65
111,0,blank,0,-350,-105,794579,794689,110
111,0,blank,0,324.90915,166.4415,794940,795004,64
111,0,blank,0,327.8649,176.4733,795036,795069,33
111,0,blank,0,172.6091,165.3904,795263,795295,32
111,13,"%sand%sareanagrams.\n",77,176.8075,143.2289,795457,795489,32
111,0,blank,0,-350,-105,795554,795663,109
111,0,blank,0,341.9064,133.8403,795689,795720,31
111,13,"%sand%sareanagrams.\n",77,331.7576,156.5718,795788,795814,26
111,0,blank,0,328.1719,125.8727,795847,795879,32
111,0,blank,0,339.66605,167.81265,795911,795975,64
111,0,blank,0,312.052666666667,165.162733333333,796041,796138,97
111,13,"%sand%sareanagrams.\n",77,315.0723,146.1431,796203,796235,32
111,0,blank,0,339.9286,134.5272,796333,796398,65
111,0,blank,0,327.3588,124.6833,796431,796462,31
111,0,blank,0,391.5154,128.7087,796528,796560,32
111,0,blank,0,386.8054,176.0144,796659,796691,32
111,15,"%sand%sarenotanagrams.\n",87,371.4333,182.7196,796724,796821,97
111,0,blank,0,326.6896,170.3195,796919,796952,33
111,15,"%sand%sarenotanagrams.\n",87,346.7991,200.2386,796985,797018,33
111,15,"%sand%sarenotanagrams.\n",87,328.8285,187.1669,797051,797084,33
111,15,"%sand%sarenotanagrams.\n",87,331.5424,201.9388,797117,797182,65
111,0,blank,0,-350,-105,797312,797423,111
111,13,"%sand%sareanagrams.\n",77,338.2917,152.2367,797567,797593,26
111,0,blank,0,332.4855,172.1147,797628,797660,32
111,13,"%sand%sareanagrams.\n",77,327.4205,148.1452,797725,797757,32
111,0,blank,0,312.826,174.6366,797822,797854,32
111,15,"%sand%sarenotanagrams.\n",87,322.24085,191.10295,798018,798083,65
111,0,blank,0,-350,-105,798117,798244,127
111,13,"%sand%sareanagrams.\n",77,403.553,148.6153,799265,799298,33
111,0,blank,0,412.1482,208.2519,799438,799471,33
111,0,blank,0,466.334,162.3317,799538,799573,35
111,15,array1,89,485.18385,198.8676,799919,800011,92
111,0,blank,0,433.8169,-29.68605,801112,801178,66
111,0,blank,0,263.5577,39.8318,801512,801547,35
111,0,blank,0,266.2015,37.9063,801645,801678,33
111,0,blank,0,266.1213,45.5874,801748,801780,32
111,0,blank,0,263.8794,70.3027,802112,802146,34
111,9,"Enteranotherstring\n",52,263.2855,50.821,802179,802213,34
111,0,blank,0,-350,-105,802281,802313,32
111,0,blank,0,323.7059,70.8418,802446,802471,25
111,0,blank,0,300.28002,70.78498,802834,802997,163
111,0,blank,0,-350,-105,803192,803274,82
111,0,blank,0,230.5479,168.45025,803411,803472,61
111,0,blank,0,192.58715,239.56395,803634,803763,129
111,18,char,106,226.52605,250.60475,803795,803860,65
111,0,blank,0,187.5796,273.4433,803988,804020,32
111,0,blank,0,-350,-105,804116,804200,84
111,0,blank,0,191.017,230.6707,804332,804357,25
111,18,find_anagram,99,139.473,248.4997,804553,804617,64
111,18,find_anagram,99,124.2369,248.8875,804681,804713,32
111,0,blank,0,179.2682,280.2682,805001,805031,30
111,18,char,106,233.6745,264.1469,805219,805251,32
111,21,0,142,271.5898,314.9813,805409,805441,32
111,0,blank,0,323.1005,358.4672,805662,805693,31
111,0,blank,0,322.2782,337.3226,805725,805757,32
111,0,blank,0,224.7582,394.0277,806276,806399,123
111,0,blank,0,225.3047,503.3597,806811,806840,29
111,29,-,180,241.963,490.5117,806872,806904,32
111,29,-,180,236.5806,498.5508,806936,806999,63
111,0,blank,0,154.602,641.7394,807158,807190,32
111,35,return,215,175.634,624.3201,807256,807284,28
111,0,blank,0,232.5267,641.439,807700,807733,33
111,13,"%sand%sareanagrams.\n",77,370.8684,138.6387,807953,807985,32
111,0,blank,0,357.8564,130.2626,808081,808113,32
111,11,array2,66,371.7052,113.9079,808145,808178,33
111,0,blank,0,-350,-105,808210,808242,32
111,13,"%sand%sareanagrams.\n",77,292.3513,151.0576,808366,808391,25
111,0,blank,0,296.7036,168.92495,808458,808524,66
111,0,blank,0,-71.0787,2.601,808784,808848,64
111,0,blank,0,-187.3217,-12.8732,809007,809040,33
111,0,blank,0,-168.1042,2.83459999999999,809072,809103,31
111,0,blank,0,-186.4828,-11.8275,809134,809166,32
111,0,blank,0,160.2142,208.004,809484,809516,32
111,0,blank,0,147.9409,286.3778,809709,809741,32
111,0,blank,0,155.3632,270.2068,809806,809839,33
111,21,array1,137,141.4651,318.696,810000,810032,32
111,20,26,124,152.1422,307.5644,810096,810128,32
111,0,blank,0,160.02885,392.0918,810258,810322,64
111,23,array1,147,163.42345,376.953,810353,810418,65
111,23,array1,147,187.77755,368.6318,810514,810578,64
111,0,blank,0,181.89905,383.13515,810674,810737,63
111,0,blank,0,95.3596,285.2293,810834,810866,32
111,0,blank,0,76.4056,284.666,810930,810961,31
111,32,<,196,188.584,562.4742,811249,811282,33
111,32,<,196,191.8851,557.0961,811378,811411,33
111,34,num2,210,254.0437,617.3296,811540,811572,32
111,0,blank,0,256.2451,624.2523,811635,811668,33
111,0,blank,0,221.0867,632.9667,811768,811802,34
111,34,num2,210,237.8407,599.8737,811900,811933,33
111,0,blank,0,285.1433,590.4065,812065,812097,32
111,0,blank,0,308.3701,544.2803,812847,812877,30
111,0,blank,0,-350,-105,813184,813383,199
111,0,blank,0,-350,-105,813383,813582,199
111,0,blank,0,-350,-105,813582,813748,166
111,0,blank,0,-350,-105,813748,813934,186
111,0,blank,0,-350,-105,813934,814097,163
111,0,blank,0,-350,-105,814097,814245,148
111,0,blank,0,-350,-105,814245,814398,153
111,0,blank,0,-350,-105,814398,814669,271
111,0,blank,0,-350,-105,814669,814972,303
111,0,blank,0,-350,-105,814972,815108,136
111,0,blank,0,-350,-105,815108,815247,139
111,0,blank,0,-350,-105,815247,815391,144
111,0,blank,0,-350,-105,815391,815506,115
111,0,blank,0,-350,-105,815506,815698,192
111,0,blank,0,-350,-105,815698,815879,181
111,0,blank,0,-350,-105,815879,816069,190
111,0,blank,0,-350,-105,816069,816321,252
111,0,blank,0,-350,-105,816321,816577,256
111,0,blank,0,-350,-105,816577,816677,100
111,0,blank,0,-350,-105,816677,816853,176
111,0,blank,0,-350,-105,816853,817036,183
111,0,blank,0,-350,-105,817036,817231,195
111,0,blank,0,-350,-105,817231,817343,112
111,0,blank,0,-350,-105,817343,817513,170
111,0,blank,0,-350,-105,817513,817683,170
111,0,blank,0,-350,-105,817683,817864,181
111,0,blank,0,-350,-105,817864,818020,156
111,0,blank,0,-350,-105,818020,818171,151
111,0,blank,0,-350,-105,818171,818352,181
111,0,blank,0,-350,-105,818352,818535,183
111,0,blank,0,-350,-105,818535,818694,159
111,0,blank,0,-350,-105,818694,818892,198
111,0,blank,0,-350,-105,818892,819075,183
111,0,blank,0,-350,-105,819075,819307,232
111,0,blank,0,-350,-105,819307,819481,174
111,0,blank,0,-350,-105,819481,819662,181
