Frameno_fix,lineno_fix,Tokenname_fix,tokens_id,gaze_X_fix,gaze_Y_fix,timestamp_fix_start,timestamp_fix_end,time_duration
100,0,blank,0,110.481666666667,-98.6702833333333,5068,5258,190
100,0,blank,0,120.742616666667,-94.2189,5258,5451,193
100,0,blank,0,443.741275,-86.694925,5483,5607,124
100,0,blank,0,445.733983333333,-12.1371666666667,5640,5827,187
100,0,blank,0,555.110366666667,-67.7155833333333,5827,6015,188
100,0,blank,0,557.264433333333,-41.3838833333333,6015,6205,190
100,0,blank,0,558.04145,-85.5251,6205,6270,65
100,0,blank,0,509.586233333333,-67.6543833333333,6397,6587,190
100,0,blank,0,478.35565,-66.6404,6587,6651,64
100,0,blank,0,164.246516666667,-51.2490166666667,6811,7007,196
100,1,to,5,141.8211,19.251,7007,7039,32
100,0,blank,0,134.66975,-10.39665,7072,7136,64
100,0,blank,0,135.7221,46.9502,7201,7235,34
100,0,blank,0,558.07356,-78.07596,7299,7466,167
100,0,blank,0,562.4506,-52.65874,7466,7639,173
100,0,blank,0,93.35956,-77.1926,7710,7893,183
100,0,blank,0,74.552825,-70.6144,7893,8058,165
100,0,blank,0,100.854133333333,-60.3262666666667,8058,8177,119
100,0,blank,0,156.0244,-45.27235,8261,8354,93
100,0,blank,0,-350,-105,8973,9066,93
100,2,stdio,17,123.1277,27.5618833333333,9201,9399,198
100,2,stdio,17,143.84348,34.77792,9399,9574,175
100,0,blank,0,157.512566666667,59.8115,9574,9677,103
100,0,blank,0,108.5325,63.95304,9780,9947,167
100,0,blank,0,126.98534,44.92008,9947,10115,168
100,2,stdio,17,142.1574,30.10602,10115,10285,170
100,2,h,19,171.18714,34.01336,10285,10458,173
100,2,h,19,173.9482,30.82534,10458,10630,172
100,2,>,20,177.34422,37.87382,10630,10805,175
100,2,stdio,17,105.21216,41.45532,10805,10974,169
100,0,blank,0,99.5711,-8.6485,10974,11140,166
100,0,blank,0,119.42202,-15.86718,11140,11306,166
100,1,to,5,132.68708,23.5309,11306,11473,167
100,2,stdio,17,132.31164,34.69936,11473,11640,167
100,0,blank,0,129.704716666667,56.7075166666667,11640,11839,199
100,0,blank,0,135.200333333333,56.6390666666667,11839,11940,101
100,0,blank,0,881.1514,-45.9944,12010,12183,173
100,0,blank,0,870.945,-72.7307,12183,12218,35
100,0,blank,0,548.825325,-30.40725,12252,12413,161
100,0,blank,0,930.058,104.1786,12514,12608,94
100,0,blank,0,1013.01,190.95325,12608,12795,187
100,0,blank,0,1013.1062,179.94118,12795,12973,178
100,0,blank,0,1007.1338,189.15378,12973,13151,178
100,0,blank,0,1002.365,192.45006,13151,13329,178
100,0,blank,0,1003.027,90.37108,13329,13506,177
100,0,blank,0,997.7888,72.53222,13506,13700,194
100,0,blank,0,997.5508,94.73882,13700,13881,181
100,0,blank,0,991.3048,449.73882,13917,14091,174
100,0,blank,0,987.2248,554.8276,14126,14301,175
101,0,blank,0,152.98705,708.540483333333,16710,16901,191
101,0,blank,0,154.8716,699.0414,16901,17091,190
101,7,"Enterthestring\n",42,290.517566666667,148.2824,17187,17284,97
101,0,blank,0,90.73612,-21.33538,17317,17485,168
101,0,blank,0,92.9363833333333,2.08283333333333,17485,17681,196
101,1,Program,4,89.2633833333334,7.34791666666667,17681,17874,193
101,1,Program,4,87.5932833333333,6.72955,17874,18068,194
101,1,Program,4,65.75085,12.0370166666667,18068,18265,197
101,0,blank,0,41.72666,-3.77434,18265,18430,165
101,0,blank,0,38.96608,-19.44992,18430,18604,174
101,0,blank,0,74.8513,-26.98682,18604,18776,172
101,0,blank,0,88.45114,-48.58392,18776,18950,174
101,0,blank,0,78.967,-69.51022,18950,19128,178
101,0,blank,0,164.5055,-34.98994,19128,19311,183
101,0,blank,0,192.13125,-6.81335,19438,19634,196
101,0,blank,0,83.99008,-13.7659,19634,19802,168
101,0,blank,0,102.2033,1.16066666666666,19802,20001,199
101,2,stdio,17,111.50868,26.27116,20001,20168,167
101,2,stdio,17,115.76845,36.00315,20168,20364,196
101,0,blank,0,112.301383333333,57.6811333333333,20364,20560,196
101,2,include,15,68.69478,26.48894,20560,20729,169
101,0,blank,0,104.9639,-1.03463333333333,20729,20925,196
101,0,blank,0,122.800016666667,-2.21478333333333,20925,21124,199
101,1,Program,4,88.52454,16.99336,21124,21292,168
101,2,include,15,80.5143666666667,38.2847333333333,21292,21491,199
101,5,array1,27,139.85915,93.79085,21491,21687,196
101,2,stdio,17,116.25174,29.53262,21687,21854,167
101,0,blank,0,125.37235,76.4522,21854,21922,68
101,0,blank,0,162.70618,76.51992,21990,22158,168
101,0,blank,0,186.444566666667,48.54635,22158,22357,199
101,0,blank,0,190.37158,81.54484,22357,22522,165
101,0,blank,0,200.0702,37.39668,22522,22690,168
101,0,blank,0,193.58175,64.09755,22690,22887,197
101,0,blank,0,129.8526,45.6768,22887,23082,195
101,0,blank,0,109.493233333333,43.1132666666667,23082,23280,198
101,2,<,16,101.8837,27.0604333333333,23280,23477,197
101,0,blank,0,103.29998,24.40896,23477,23645,168
101,0,blank,0,135.05522,42.64604,23645,23826,181
101,7,"Enterthestring\n",42,195.70015,141.8539,23826,23899,73
101,0,blank,0,157.51952,68.79138,23985,24160,175
101,1,to,5,124.36194,9.43584,24160,24335,175
101,0,blank,0,104.45784,-9.53962,24335,24502,167
101,0,blank,0,91.178275,-14.225425,24502,24633,131
101,0,blank,0,138.76445,-24.8028333333333,24666,24862,196
101,2,h,19,173.4203,28.6031,24895,24926,31
101,0,blank,0,140.83822,-13.25292,24991,25163,172
101,0,blank,0,117.51742,24.56096,25163,25329,166
101,0,blank,0,61.9796,-16.30668,25329,25510,181
101,1,Check,6,179.134,12.89106,25510,25692,182
101,0,blank,0,171.79986,-0.983800000000002,25692,25865,173
101,2,>,20,182.60964,31.2133,25865,26038,173
101,0,blank,0,187.89938,28.69774,26038,26208,170
101,2,h,19,173.3959,34.01,26208,26407,199
101,2,h,19,165.51844,27.82122,26407,26574,167
101,1,Check,6,183.297566666667,16.0699333333333,26574,26771,197
101,0,blank,0,196.302016666667,30.9775,26771,26965,194
101,0,blank,0,190.054033333333,34.8657666666667,26965,27161,196
101,2,>,20,178.442216666667,39.3676833333333,27161,27359,198
101,0,blank,0,234.9766,42.6546,27359,27454,95
101,0,blank,0,257.383283333333,56.9379666666667,27517,27716,199
101,0,blank,0,288.869,78.9864,27716,27751,35
101,2,>,20,179.528,31.0943,27817,28011,194
101,2,stdio,17,108.203416666667,27.1851666666667,28011,28207,196
101,3,),24,94.58555,50.5022,28207,28402,195
101,0,blank,0,137.50645,68.0213166666667,28402,28594,192
101,11,find_anagram,62,194.929966666667,242.219066666667,28627,28757,130
101,5,[,33,161.439566666667,93.59755,28789,28987,198
101,0,blank,0,183.7557,78.0844,28987,29020,33
101,0,blank,0,178.36706,57.36388,29118,29288,170
101,0,blank,0,189.2477,77.1156,29288,29322,34
101,1,whether,7,224.9063,18.5295,29421,29575,154
101,0,blank,0,266.5668,86.0478,29637,29712,75
101,9,"Enteranotherstring\n",52,328.4097,188.0709,29813,29879,66
101,0,blank,0,99.266525,86.444175,29909,30068,159
101,5,array1,27,135.2812,97.8158,30225,30253,28
101,6,;,39,127.80455,127.313933333333,30385,30580,195
101,0,blank,0,79.149175,82.643025,30678,30868,190
101,0,blank,0,150.6474,113.104633333333,30952,31082,130
101,0,blank,0,133.4748,122.0239,31214,31302,88
101,0,blank,0,114.55538,77.01276,31525,31695,170
101,0,blank,0,114.469516666667,91.2229,31695,31880,185
101,0,blank,0,129.298383333333,72.9125333333333,31880,32067,187
101,0,blank,0,149.402266666667,78.1296166666667,32067,32254,187
101,0,blank,0,151.238566666667,54.10575,32254,32436,182
101,0,blank,0,181.374583333333,70.7699,32436,32619,183
101,0,blank,0,211.0745,76.48214,32619,32772,153
101,0,blank,0,228.2353,64.26965,32772,32942,170
101,5,array2,32,241.2211,93.1673,32942,33037,95
101,5,comma,31,211.8609,97.4022333333333,33037,33227,190
101,0,blank,0,227.293333333333,90.7639333333333,33227,33420,193
101,0,blank,0,222.331866666667,87.5832833333333,33420,33614,194
101,0,blank,0,186.771766666667,87.6086,33614,33804,190
101,0,blank,0,109.944916666667,78.9884333333333,33804,33995,191
101,0,blank,0,121.197316666667,78.8035666666667,33995,34186,191
101,0,blank,0,73.5972,79.7635833333333,34186,34379,193
101,0,blank,0,56.2589666666667,81.5102333333333,34379,34474,95
101,0,blank,0,229.2246,79.2973166666667,34506,34695,189
101,0,blank,0,250.817833333333,84.5963166666667,34695,34884,189
101,0,blank,0,270.47115,85.4209666666666,34884,35076,192
101,0,blank,0,285.0255,82.3492833333333,35076,35266,190
101,5,array1,27,119.498266666667,97.53155,35298,35487,189
101,6,int,37,72.3740666666667,114.292533333333,35487,35677,190
101,5,char,26,51.7483,111.937116666667,35677,35868,191
101,0,blank,0,94.3538333333333,112.355983333333,35868,36059,191
101,6,flag,38,93.21405,115.424583333333,36059,36247,188
101,7,printf,40,58.27635,138.692483333333,36247,36435,188
101,6,int,37,72.94365,132.038333333333,36435,36625,190
101,6,flag,38,122.804716666667,133.546866666667,36625,36812,187
101,0,blank,0,183.9747,129.284616666667,36812,37001,189
101,0,blank,0,243.005983333333,126.190566666667,37001,37191,190
101,0,blank,0,266.944,121.803183333333,37191,37380,189
101,0,blank,0,260.2541,131.399083333333,37380,37568,188
101,0,blank,0,268.76698,121.20164,37568,37722,154
101,6,flag,38,106.966516666667,132.4444,37753,37939,186
101,0,blank,0,75.3653,133.907633333333,37939,38124,185
101,7,printf,40,61.0836666666667,153.062883333333,38124,38311,187
101,7,printf,40,52.86735,152.4814,38311,38497,186
101,7,printf,40,52.3074333333333,152.75425,38497,38683,186
101,7,printf,40,88.4442666666667,152.232816666667,38683,38873,190
101,7,printf,40,56.7066833333333,150.02515,38873,39063,190
101,7,printf,40,61.2641333333333,148.957083333333,39063,39253,190
101,7,printf,40,92.98115,141.364233333333,39253,39448,195
101,7,(,41,110.133783333333,142.82725,39448,39647,199
101,0,blank,0,-350,-105,40242,40416,174
101,0,blank,0,-350,-105,40416,40595,179
101,0,blank,0,-350,-105,40595,40763,168
101,0,blank,0,-350,-105,40763,40869,106
101,0,blank,0,295.46698,132.45886,40905,41075,170
101,0,blank,0,332.482333333333,146.959783333333,41075,41257,182
101,0,blank,0,410.09785,138.879366666667,41257,41437,180
101,0,blank,0,430.868783333333,126.5845,41437,41619,182
101,0,blank,0,446.796733333333,146.410916666667,41619,41801,182
101,0,blank,0,188.143383333333,164.003516666667,41863,42044,181
101,7,"Enterthestring\n",42,177.6296,135.48356,42044,42195,151
101,0,blank,0,-350,-105,42282,42462,180
101,0,blank,0,-350,-105,42462,42636,174
101,0,blank,0,-350,-105,42636,42812,176
101,0,blank,0,-350,-105,42812,42983,171
101,0,blank,0,-350,-105,42983,43175,192
101,0,blank,0,-350,-105,43175,43286,111
101,0,blank,0,177.69782,133.33164,43323,43500,177
101,0,blank,0,178.640733333333,175.36855,43500,43686,186
101,9,"Enteranotherstring\n",52,179.517583333333,192.07695,43718,43907,189
101,0,blank,0,180.438283333333,170.271083333333,43907,44095,188
101,9,"Enteranotherstring\n",52,186.0378,179.871466666667,44095,44286,191
101,0,blank,0,191.343033333333,173.248833333333,44286,44470,184
101,9,"Enteranotherstring\n",52,184.687266666667,194.68005,44470,44653,183
101,9,"Enteranotherstring\n",52,211.884633333333,186.3358,44653,44837,184
101,7,"Enterthestring\n",42,239.173066666667,142.982633333333,44837,45018,181
101,0,blank,0,230.378166666667,124.232316666667,45018,45199,181
101,0,blank,0,203.082083333333,162.849516666667,45199,45383,184
101,9,"Enteranotherstring\n",52,231.662283333333,193.653733333333,45383,45566,183
101,9,"Enteranotherstring\n",52,295.198883333333,187.131616666667,45566,45748,182
101,9,"Enteranotherstring\n",52,318.6872,180.89855,45748,45930,182
101,9,"Enteranotherstring\n",52,326.9212,190.273516666667,45930,46113,183
101,9,"Enteranotherstring\n",52,293.2472,186.585816666667,46113,46301,188
101,9,"Enteranotherstring\n",52,282.841516666667,189.669466666667,46301,46486,185
101,9,"Enteranotherstring\n",52,286.002116666667,193.899716666667,46486,46671,185
101,9,"Enteranotherstring\n",52,280.957316666667,196.562783333333,46671,46857,186
101,9,"Enteranotherstring\n",52,292.394183333333,194.23315,46857,47044,187
101,0,blank,0,295.64295,176.492283333333,47044,47241,197
101,9,"Enteranotherstring\n",52,299.325733333333,182.202266666667,47241,47429,188
101,9,"Enteranotherstring\n",52,294.141866666667,181.681666666667,47429,47615,186
101,0,blank,0,303.396133333333,171.7476,47615,47796,181
101,9,"Enteranotherstring\n",52,291.162416666667,179.034983333333,47796,47973,177
101,0,blank,0,295.130883333333,201.900766666667,47973,48150,177
101,9,"Enteranotherstring\n",52,294.557133333333,183.220666666667,48150,48328,178
101,9,"Enteranotherstring\n",52,312.39515,199.1717,48328,48507,179
101,0,blank,0,320.44835,165.222633333333,48507,48687,180
101,9,"Enteranotherstring\n",52,343.309866666667,180.600083333333,48687,48869,182
101,0,blank,0,363.407016666667,191.618133333333,48869,49051,182
101,0,blank,0,390.698016666667,193.430666666667,49051,49237,186
101,0,blank,0,424.225083333333,207.118066666667,49237,49424,187
101,0,blank,0,452.511066666667,191.8032,49424,49610,186
101,0,blank,0,418.974733333333,182.5399,49610,49797,187
101,0,blank,0,463.324,192.698966666667,49797,49979,182
101,0,blank,0,477.16055,195.440166666667,49979,50161,182
101,0,blank,0,482.882266666667,191.915016666667,50161,50344,183
101,0,blank,0,410.5508,178.42205,50344,50526,182
101,0,blank,0,401.4018,185.78025,50526,50707,181
101,0,blank,0,449.003383333333,210.504783333333,50707,50887,180
101,0,blank,0,426.051966666667,193.612066666667,50887,51071,184
101,0,blank,0,383.053366666667,192.098666666667,51071,51253,182
101,9,),53,358.491766666667,194.361433333333,51253,51436,183
101,0,blank,0,395.533775,201.286575,51436,51558,122
101,0,blank,0,254.8666,178.52995,51588,51771,183
101,0,blank,0,201.373433333333,208.621516666667,51771,51964,193
101,9,"Enteranotherstring\n",52,189.392616666667,196.3376,51964,52148,184
101,0,blank,0,186.824033333333,209.155983333333,52148,52334,186
101,0,blank,0,181.837666666667,204.181516666667,52334,52518,184
101,9,"Enteranotherstring\n",52,188.4553,182.034366666667,52518,52702,184
101,9,"Enteranotherstring\n",52,179.58025,180.734266666667,52702,52887,185
101,9,"Enteranotherstring\n",52,170.800516666667,197.301216666667,52887,53066,179
101,7,"Enterthestring\n",42,185.03474,153.91804,53066,53257,191
101,0,blank,0,-350,-105,53375,53490,115
101,9,"Enteranotherstring\n",52,232.755383333333,192.353383333333,53580,53775,195
101,9,"Enteranotherstring\n",52,182.636383333333,197.03565,53775,53957,182
101,0,blank,0,175.26125,205.818383333333,53957,54140,183
101,9,"Enteranotherstring\n",52,177.376083333333,180.94465,54140,54324,184
101,0,blank,0,198.151233333333,170.291683333333,54324,54509,185
101,0,blank,0,220.475466666667,167.368716666667,54509,54692,183
101,0,blank,0,210.904483333333,176.879866666667,54692,54875,183
101,9,"Enteranotherstring\n",52,218.979116666667,184.786666666667,54875,55059,184
101,9,"Enteranotherstring\n",52,222.809383333333,193.57615,55059,55253,194
101,0,blank,0,204.59968,209.14844,55253,55447,194
101,9,"Enteranotherstring\n",52,203.398016666667,190.287166666667,55447,55637,190
101,10,;,59,169.57945,208.71425,55637,55832,195
101,0,blank,0,172.149366666667,207.2369,55832,56020,188
101,0,blank,0,191.852566666667,213.3505,56020,56209,189
101,9,"Enteranotherstring\n",52,231.815666666667,182.676716666667,56209,56396,187
101,0,blank,0,178.30138,203.03902,56396,56583,187
101,0,blank,0,189.793716666667,165.5831,56583,56776,193
101,0,blank,0,215.4006,176.7119,56776,56959,183
101,0,blank,0,194.413066666667,173.587783333333,56959,57147,188
101,0,blank,0,196.820916666667,169.2064,57147,57334,187
101,7,"Enterthestring\n",42,249.819133333333,153.320733333333,57334,57520,186
101,0,blank,0,229.905333333333,171.508283333333,57520,57708,188
101,0,blank,0,204.021033333333,117.081266666667,57708,57799,91
101,0,blank,0,267.62894,158.18252,57829,57986,157
101,0,blank,0,265.56238,172.92026,57986,58170,184
101,0,blank,0,210.29995,176.983266666667,58170,58354,184
101,9,"Enteranotherstring\n",52,186.61464,191.89296,58354,58510,156
101,9,"Enteranotherstring\n",52,257.344383333333,188.171266666667,58540,58725,185
101,0,blank,0,257.097783333333,204.087,58725,58911,186
101,0,blank,0,269.523733333333,208.292183333333,58911,59100,189
101,0,blank,0,303.219183333333,212.8927,59100,59288,188
101,9,"Enteranotherstring\n",52,308.839066666667,197.20515,59288,59475,187
101,0,blank,0,294.1351,202.94735,59475,59660,185
101,9,"Enteranotherstring\n",52,293.865616666667,197.680716666667,59660,59849,189
101,9,"Enteranotherstring\n",52,292.795016666667,191.989966666667,59849,60033,184
101,9,"Enteranotherstring\n",52,308.4244,181.528666666667,60033,60218,185
101,9,"Enteranotherstring\n",52,307.04925,193.38855,60218,60404,186
101,9,;,54,365.84725,184.1468,60404,60597,193
101,9,;,54,368.426933333333,189.748183333333,60597,60789,192
101,0,blank,0,384.098183333333,195.13685,60789,60977,188
101,0,blank,0,423.164333333333,208.710833333333,60977,61167,190
101,0,blank,0,451.639216666667,183.958416666667,61167,61356,189
101,0,blank,0,475.936566666667,184.651116666667,61356,61542,186
101,0,blank,0,484.1935,214.20665,61542,61603,61
101,9,"Enteranotherstring\n",52,221.713183333333,181.108566666667,61667,61850,183
101,0,blank,0,190.972016666667,159.862233333333,61850,62031,181
101,7,"Enterthestring\n",42,203.976933333333,149.52675,62031,62216,185
101,0,blank,0,236.444766666667,157.2858,62216,62401,185
101,0,blank,0,219.099716666667,166.835383333333,62401,62587,186
101,0,blank,0,188.073416666667,168.953983333333,62587,62771,184
101,9,"Enteranotherstring\n",52,188.600133333333,180.684366666667,62771,62957,186
101,0,blank,0,238.738033333333,158.382866666667,62957,63142,185
101,0,blank,0,182.5152,177.578983333333,63142,63323,181
101,0,blank,0,209.800233333333,173.634833333333,63323,63501,178
101,0,blank,0,191.215633333333,172.256316666667,63501,63682,181
101,9,"Enteranotherstring\n",52,230.894283333333,180.679333333333,63682,63860,178
101,0,blank,0,238.66475,200.14215,63860,64043,183
101,9,"Enteranotherstring\n",52,261.613933333333,196.35345,64043,64225,182
101,9,"Enteranotherstring\n",52,188.315616666667,188.670916666667,64225,64406,181
101,9,"Enteranotherstring\n",52,184.701683333333,191.77625,64406,64587,181
101,9,"Enteranotherstring\n",52,259.7185,181.514983333333,64587,64768,181
101,9,"Enteranotherstring\n",52,252.045916666667,197.40245,64768,64951,183
101,9,"Enteranotherstring\n",52,302.371533333333,185.074916666667,64951,65132,181
101,9,"Enteranotherstring\n",52,304.421683333333,186.012366666667,65132,65313,181
101,0,blank,0,300.844033333333,217.228916666667,65313,65499,186
101,11,array1,64,296.263683333333,232.015933333333,65499,65683,184
101,0,blank,0,321.11335,219.239733333333,65683,65866,183
101,9,),53,361.825983333333,199.196483333333,65866,66049,183
101,11,array2,66,354.31575,236.032866666667,66049,66233,184
101,11,array2,66,381.366366666667,227.194366666667,66233,66415,182
101,0,blank,0,421.040433333333,213.229966666667,66415,66600,185
101,0,blank,0,415.5801,231.8936,66600,66723,123
101,0,blank,0,421.290483333333,213.223783333333,66753,66936,183
101,0,blank,0,409.70635,213.417516666667,66936,67120,184
101,0,blank,0,429.80335,211.061733333333,67120,67303,183
101,0,blank,0,481.47645,228.16885,67303,67487,184
101,0,blank,0,499.579916666667,243.213033333333,67487,67674,187
101,0,blank,0,508.33505,236.637033333333,67674,67863,189
101,0,blank,0,500.24515,232.728283333333,67863,68048,185
101,0,blank,0,515.5864,247.302316666667,68048,68234,186
101,0,blank,0,551.265566666667,263.712,68234,68420,186
101,0,blank,0,578.245966666667,256.763566666667,68420,68607,187
101,0,blank,0,612.9017,253.610866666667,68607,68794,187
101,0,blank,0,631.539833333333,251.926666666667,68794,68979,185
101,0,blank,0,660.647433333333,242.49985,68979,69168,189
101,13,"%sand%sareanagrams.\n",77,176.972533333333,283.97355,69232,69424,192
101,13,"%sand%sareanagrams.\n",77,200.33405,283.1258,69424,69614,190
101,0,blank,0,251.154266666667,289.453483333333,69614,69806,192
101,0,blank,0,289.219216666667,288.909783333333,69806,70000,194
101,13,"%sand%sareanagrams.\n",77,328.1904,274.9688,70000,70191,191
101,13,"%sand%sareanagrams.\n",77,354.08535,284.353116666667,70191,70373,182
101,0,blank,0,334.6835,288.0413,70373,70556,183
101,0,blank,0,332.70405,299.906733333333,70556,70738,182
101,0,blank,0,349.99915,294.691016666667,70738,70921,183
101,13,"%sand%sareanagrams.\n",77,320.7791,284.585316666667,70921,71107,186
101,13,"%sand%sareanagrams.\n",77,350.927183333333,273.792616666667,71107,71293,186
101,13,"%sand%sareanagrams.\n",77,353.531566666667,277.147516666667,71293,71483,190
101,0,blank,0,370.6203,289.730633333333,71483,71679,196
101,13,"%sand%sareanagrams.\n",77,349.892716666667,284.9576,71679,71870,191
101,0,blank,0,370.03945,265.41795,71870,72059,189
101,13,"%sand%sareanagrams.\n",77,409.86345,283.5323,72059,72248,189
101,0,blank,0,433.351016666667,289.58975,72248,72433,185
101,13,array1,79,454.592716666667,284.241033333333,72433,72616,183
101,0,blank,0,494.840216666667,292.655016666667,72616,72801,185
101,13,array2,81,555.004383333333,268.945216666667,72801,72987,186
101,0,blank,0,592.102016666667,284.311833333333,72987,73171,184
101,0,blank,0,620.917733333333,300.723383333333,73171,73358,187
101,0,blank,0,673.758,304.844233333333,73358,73452,94
101,15,"%sand%sarenotanagrams.\n",87,179.042533333333,311.7141,73515,73648,133
101,15,"%sand%sarenotanagrams.\n",87,204.1356,321.1627,73648,73758,110
101,0,blank,0,210.6546,302.7864,73758,73876,118
101,0,blank,0,142.625125,332.938875,73876,74061,185
101,0,blank,0,145.6922,344.885733333333,74061,74250,189
101,0,blank,0,160.7422,362.171375,74250,74373,123
101,11,find_anagram,62,146.6756,242.2077,74405,74435,30
101,0,blank,0,135.763,361.529666666667,74466,74656,190
101,0,blank,0,132.951933333333,375.249683333333,74656,74842,186
101,11,find_anagram,62,145.50985,232.5154,74842,74935,93
101,0,blank,0,143.9463,362.368416666667,74967,75159,192
101,0,blank,0,165.4712,340.061175,75159,75281,122
101,0,blank,0,179.87966,332.36258,75339,75526,187
101,0,blank,0,230.975083333333,349.651383333333,75526,75709,183
101,0,blank,0,238.307683333333,359.7133,75709,75891,182
101,0,blank,0,256.161483333333,362.2874,75891,76074,183
101,0,blank,0,255.7051,360.30352,76074,76227,153
101,0,blank,0,139.77535,356.404566666667,76258,76440,182
101,0,blank,0,165.1334,366.382366666667,76440,76625,185
101,0,blank,0,140.7141,371.791983333333,76625,76813,188
101,0,blank,0,166.992133333333,369.45775,76813,77002,189
101,15,"%sand%sarenotanagrams.\n",87,166.11815,330.95055,77002,77190,188
101,0,blank,0,128.6902,365.239875,77190,77314,124
101,0,blank,0,155.569716666667,66.74555,77344,77531,187
101,0,blank,0,136.342166666667,46.4886333333333,77531,77713,182
101,2,.,18,156.9719,33.00215,77713,77897,184
101,11,find_anagram,62,228.863183333333,223.0991,77928,78110,182
101,9,"Enteranotherstring\n",52,196.354366666667,199.558383333333,78110,78293,183
101,9,"Enteranotherstring\n",52,183.821666666667,196.847616666667,78293,78476,183
101,10,;,59,167.280183333333,208.00525,78476,78660,184
101,0,blank,0,194.840283333333,208.448233333333,78660,78843,183
101,0,blank,0,216.358966666667,215.263366666667,78843,79025,182
101,9,"Enteranotherstring\n",52,275.592816666667,198.871616666667,79025,79207,182
101,9,"Enteranotherstring\n",52,246.838683333333,191.1253,79207,79392,185
101,0,blank,0,240.721216666667,176.7022,79392,79577,185
101,9,"Enteranotherstring\n",52,203.419733333333,199.110483333333,79577,79762,185
101,9,"Enteranotherstring\n",52,170.414533333333,195.486833333333,79762,79952,190
101,0,blank,0,209.904533333333,203.71295,79952,80139,187
101,9,"Enteranotherstring\n",52,249.350616666667,191.5069,80139,80322,183
101,9,"Enteranotherstring\n",52,279.152016666667,198.6307,80322,80507,185
101,9,"Enteranotherstring\n",52,235.617516666667,192.125916666667,80507,80692,185
101,9,"Enteranotherstring\n",52,162.84208,193.73482,80692,80847,155
101,1,to,5,140.661483333333,14.7935333333333,80879,81065,186
101,1,Check,6,155.32865,9.59998333333333,81065,81248,183
101,1,Check,6,190.872033333333,8.04315,81248,81437,189
101,0,blank,0,175.1572,3.42261666666667,81437,81626,189
101,0,blank,0,224.6427,1.50963333333333,81626,81811,185
101,0,blank,0,197.549466666667,-34.1676833333333,81811,81992,181
101,0,blank,0,158.9143,-24.1741333333333,81992,82082,90
101,7,"Enterthestring\n",42,248.927833333333,140.0512,82112,82200,88
101,0,blank,0,200.079883333333,213.462933333333,82229,82419,190
101,0,blank,0,164.4913,118.0381,82450,82480,30
101,0,blank,0,143.190433333333,-48.0155166666667,82512,82691,179
101,0,blank,0,160.74866,-18.52216,82691,82844,153
101,0,blank,0,176.8929,-105.086,82875,82906,31
101,0,blank,0,194.6052,-14.5050333333333,82936,83127,191
101,0,blank,0,171.528283333333,-8.36601666666667,83127,83319,192
101,1,Check,6,173.0794,6.7245,83319,83509,190
101,1,Check,6,184.55272,6.99514,83509,83665,156
101,0,blank,0,216.7245,206.704283333333,83696,83882,186
101,0,blank,0,215.949016666667,177.347483333333,83882,84066,184
101,9,"Enteranotherstring\n",52,221.754333333333,198.603483333333,84066,84250,184
101,9,"Enteranotherstring\n",52,189.263533333333,199.154533333333,84250,84436,186
101,0,blank,0,173.766316666667,209.030166666667,84436,84625,189
101,9,"Enteranotherstring\n",52,198.659333333333,198.037016666667,84625,84816,191
101,0,blank,0,188.041166666667,202.644616666667,84816,85005,189
101,0,blank,0,182.688066666667,217.4325,85005,85193,188
101,0,blank,0,257.0945,213.435383333333,85193,85383,190
101,0,blank,0,237.6042,207.4876,85383,85579,196
101,0,blank,0,216.361216666667,207.434966666667,85579,85768,189
101,9,"Enteranotherstring\n",52,172.709775,196.39705,85768,85896,128
101,9,"Enteranotherstring\n",52,285.45335,198.80275,85928,86119,191
101,0,blank,0,299.849916666667,207.067833333333,86119,86304,185
101,0,blank,0,355.775283333333,204.661533333333,86304,86493,189
101,0,blank,0,384.510683333333,199.57475,86493,86681,188
101,0,blank,0,405.681233333333,198.4419,86681,86873,192
101,0,blank,0,406.3412,203.945,86873,86905,32
101,0,blank,0,216.520925,262.413875,86938,87066,128
101,20,=,132,177.774483333333,429.103483333333,87098,87294,196
101,18,(,100,165.148583333333,394.666466666667,87294,87491,197
101,0,blank,0,151.38875,372.73945,87491,87677,186
101,0,blank,0,159.2545,358.62415,87677,87738,61
101,0,blank,0,152.011875,357.4976,87768,87954,186
101,0,blank,0,162.320966666667,354.334566666667,87954,88140,186
101,0,blank,0,179.2559,340.208216666667,88140,88325,185
101,0,blank,0,157.304733333333,350.5295,88325,88519,194
101,15,"%sand%sarenotanagrams.\n",87,223.182983333333,319.610183333333,88519,88711,192
101,15,"%sand%sarenotanagrams.\n",87,242.07392,314.707,88711,88897,186
101,15,"%sand%sarenotanagrams.\n",87,243.1964,330.24496,88897,89083,186
101,0,blank,0,237.201316666667,342.042383333333,89083,89270,187
101,0,blank,0,235.7745,351.492883333333,89270,89462,192
101,15,"%sand%sarenotanagrams.\n",87,251.371583333333,331.065916666667,89462,89651,189
101,0,blank,0,284.8395,354.463283333333,89651,89835,184
101,0,blank,0,307.246133333333,342.761533333333,89835,90017,182
101,0,blank,0,302.320583333333,344.054616666667,90017,90202,185
101,0,blank,0,310.676183333333,353.868916666667,90202,90389,187
101,0,blank,0,312.699,342.929825,90389,90514,125
101,7,"Enterthestring\n",42,253.282133333333,139.8043,90546,90735,189
101,7,"Enterthestring\n",42,212.123066666667,146.038916666667,90735,90922,187
101,0,blank,0,199.37935,124.63275,90922,90985,63
101,0,blank,0,195.11945,160.032933333333,91016,91200,184
101,0,blank,0,211.5869,171.4418,91200,91383,183
101,0,blank,0,197.588883333333,170.229866666667,91383,91566,183
101,0,blank,0,334.459783333333,399.059316666667,91598,91785,187
101,0,blank,0,277.416366666667,376.4819,91785,91974,189
101,0,blank,0,259.8034,346.54555,91974,92159,185
101,0,blank,0,194.134433333333,366.7738,92159,92343,184
101,0,blank,0,179.4182,303.5865,92343,92376,33
101,15,"%sand%sarenotanagrams.\n",87,236.8686,322.60392,92437,92588,151
101,18,comma,105,306.605866666667,379.958233333333,92618,92803,185
101,18,char,106,338.039816666667,383.63865,92803,92996,193
101,0,blank,0,317.4435,340.459383333333,92996,93185,189
101,0,blank,0,365.431933333333,334.500416666667,93185,93372,187
101,13,"%sand%sareanagrams.\n",77,389.5999,287.013875,93372,93495,123
101,0,blank,0,393.2065,347.21496,93556,93743,187
101,0,blank,0,369.781616666667,345.8341,93743,93924,181
101,0,blank,0,384.3457,374.15695,93924,94009,85
101,15,"%sand%sarenotanagrams.\n",87,360.6739,312.5018,94009,94208,199
101,0,blank,0,360.577,260.6967,94208,94353,145
101,0,blank,0,402.0333,292.056066666667,94384,94574,190
101,0,blank,0,439.206083333333,295.2848,94574,94754,180
101,0,blank,0,448.205983333333,338.231683333333,94754,94936,182
101,0,blank,0,504.36062,361.65708,94936,95090,154
101,0,blank,0,520.950383333333,338.0501,95154,95351,197
101,0,blank,0,531.26515,354.5292,95351,95475,124
101,18,array1,102,227.2509,391.8672,95508,95692,184
101,0,blank,0,193.3096,404.004066666667,95692,95880,188
101,0,blank,0,148.4207,409.035983333333,95880,96067,187
101,0,blank,0,162.982533333333,414.627383333333,96067,96252,185
101,0,blank,0,197.794616666667,409.2572,96252,96440,188
101,0,blank,0,187.420333333333,402.2268,96440,96628,188
101,0,blank,0,211.3353,443.5489,96628,96659,31
101,0,blank,0,208.21785,411.889275,96689,96816,127
101,9,"Enteranotherstring\n",52,300.0271,186.3528,96973,97001,28
101,20,comma,130,224.19838,422.4774,97029,97187,158
101,20,num2,122,247.263216666667,430.4109,97222,97407,185
101,20,num2,122,253.0503,423.9274,97407,97587,180
101,21,0,142,253.77195,445.6361,97587,97647,60
101,0,blank,0,-350,-105,97708,97789,81
101,11,array1,64,276.027,227.1651,97814,97840,26
101,20,num2,122,267.108566666667,425.891516666667,97870,98066,196
101,20,26,124,307.2151,425.225366666667,98066,98252,186
101,20,26,124,293.61215,434.2195,98252,98436,184
101,20,num2,122,284.118083333333,427.317083333333,98436,98622,186
101,0,blank,0,296.157866666667,416.2319,98622,98715,93
101,0,blank,0,183.106683333333,417.030116666667,98775,98965,190
101,20,=,132,173.2208,429.3119,98965,99088,123
101,0,blank,0,290.237816666667,410.8616,99119,99303,184
101,0,blank,0,254.44465,409.8647,99303,99365,62
101,18,[,108,292.332766666667,397.0623,99426,99611,185
101,0,blank,0,319.1794,353.5912,99611,99642,31
101,20,26,124,297.8796,433.498783333333,99703,99892,189
101,0,blank,0,277.730633333333,417.1536,99892,100079,187
101,20,0,133,211.9346,430.720316666667,100079,100262,183
101,20,},129,215.949483333333,427.497383333333,100262,100444,182
101,0,blank,0,216.514583333333,401.594566666667,100444,100626,182
101,18,array1,102,270.937783333333,395.039083333333,100626,100810,184
101,0,blank,0,300.064083333333,368.890883333333,100810,100995,185
101,0,blank,0,296.9744,408.338175,101025,101211,186
101,18,comma,105,311.49654,380.91698,101211,101397,186
101,0,blank,0,349.058983333333,404.7841,101397,101580,183
101,18,array2,107,377.920283333333,391.094283333333,101580,101766,186
101,18,array2,107,378.476116666667,391.755316666667,101766,101948,182
101,0,blank,0,381.43475,349.31645,101948,102009,61
101,0,blank,0,393.5941,430.728966666667,102069,102249,180
101,0,blank,0,403.397516666667,408.929083333333,102249,102429,180
101,0,blank,0,378.9893,402.037866666667,102429,102609,180
101,18,array2,107,389.8732,393.64085,102609,102787,178
101,0,blank,0,409.90036,412.0812,102787,102968,181
101,0,blank,0,457.804,307.16375,103029,103095,66
101,18,[,108,440.92325,389.155075,103126,103247,121
101,18,),110,457.215233333333,393.540116666667,103277,103456,179
101,0,blank,0,470.68664,364.89036,103456,103633,177
101,0,blank,0,500.698783333333,402.72455,103633,103813,180
101,0,blank,0,515.196583333333,412.997216666667,103813,103991,178
101,0,blank,0,511.353883333333,401.022016666667,103991,104169,178
101,0,blank,0,501.21735,403.16195,104169,104348,179
101,0,blank,0,485.62316,403.91914,104348,104498,150
101,0,blank,0,260.121266666667,421.819716666667,104558,104743,185
101,0,blank,0,162.679733333333,432.0723,104743,104931,188
101,0,blank,0,244.3616,414.427016666667,104931,105118,187
101,18,[,108,291.53744,390.50606,105184,105360,176
101,0,blank,0,317.938383333333,408.528883333333,105424,105618,194
101,18,array2,107,380.371933333333,383.941933333333,105618,105811,193
101,0,blank,0,406.57795,409.99375,105811,106000,189
101,0,blank,0,465.5339,397.583666666667,106000,106189,189
101,0,blank,0,529.275883333333,384.313716666667,106189,106375,186
101,0,blank,0,495.1613,400.503966666667,106375,106566,191
101,0,blank,0,493.777066666667,409.275266666667,106566,106751,185
101,0,blank,0,505.7129,397.5693,106751,106940,189
101,0,blank,0,518.329483333333,392.349483333333,106940,107125,185
101,0,blank,0,513.029083333333,388.397116666667,107125,107313,188
101,0,blank,0,494.13545,359.29475,107313,107495,182
101,0,blank,0,431.818266666667,356.386316666667,107495,107680,185
101,0,blank,0,516.416533333333,388.435933333333,107680,107864,184
101,0,blank,0,519.923216666667,379.25415,107864,108045,181
101,0,blank,0,488.348666666667,407.7844,108045,108135,90
101,0,blank,0,300.11765,450.822433333333,108166,108349,183
101,0,blank,0,241.49574,403.56474,108379,108567,188
101,0,blank,0,207.95145,403.944283333333,108567,108754,187
101,21,!=,141,223.666966666667,444.10955,108754,108939,185
101,0,blank,0,272.685733333333,421.341733333333,108939,109123,184
101,0,blank,0,288.8895,415.6259,109123,109215,92
101,18,array1,102,276.3402,387.57802,109245,109434,189
101,0,blank,0,270.523133333333,414.677883333333,109434,109626,192
101,0,blank,0,248.387316666667,418.338266666667,109626,109807,181
101,0,blank,0,266.964116666667,376.746483333333,109807,109988,181
101,0,blank,0,268.2638,416.74842,109988,110167,179
101,0,blank,0,288.145433333333,419.536583333333,110167,110351,184
101,0,blank,0,296.3681,410.414075,110351,110472,121
101,21,),143,286.244266666667,449.974133333333,110503,110687,184
101,0,blank,0,283.034083333333,461.737083333333,110687,110869,182
101,0,blank,0,331.530183333333,431.518216666667,110869,111050,181
101,0,blank,0,332.731116666667,438.6309,111050,111234,184
101,18,char,106,174.95544,396.47584,111264,111450,186
101,21,[,138,182.1006,458.4903,111450,111518,68
101,0,blank,0,331.7626,424.347433333333,111613,111802,189
101,0,blank,0,317.906416666667,382.3692,111802,111988,186
101,20,],125,316.0849,422.2313,111988,112019,31
101,0,blank,0,347.984366666667,399.1483,112080,112261,181
101,0,blank,0,353.7487,410.372625,112261,112443,182
101,0,blank,0,366.635783333333,417.753833333333,112443,112626,183
101,0,blank,0,381.631333333333,340.254733333333,112626,112716,90
101,0,blank,0,385.5132,374.41005,112833,112892,59
101,20,},129,223.8379,423.07984,112952,113137,185
101,0,blank,0,229.48572,468.05128,113137,113284,147
101,0,blank,0,187.43185,432.947,113284,113404,120
101,0,blank,0,224.576633333333,496.526233333333,113404,113580,176
101,0,blank,0,240.529833333333,472.518133333333,113580,113750,170
101,0,blank,0,238.7491,460.24335,113750,113926,176
101,0,blank,0,230.46118,513.35482,113926,114113,187
101,0,blank,0,225.87855,496.263933333333,114174,114371,197
101,0,blank,0,228.39735,472.22315,114371,114555,184
101,0,blank,0,234.09305,470.34215,114555,114753,198
101,0,blank,0,252.160133333333,492.602516666667,114753,114945,192
101,0,blank,0,306.093633333333,469.807866666667,114945,115130,185
101,0,blank,0,332.6432,438.8098,115130,115192,62
101,0,blank,0,291.62555,472.45445,115252,115311,59
101,20,26,124,298.444025,435.94735,115373,115554,181
101,0,blank,0,302.727166666667,462.61845,115554,115736,182
101,0,blank,0,236.464033333333,464.605,115736,115927,191
101,0,blank,0,227.587016666667,501.174216666667,115927,116125,198
101,23,-,151,235.590233333333,498.2197,116125,116317,192
101,0,blank,0,261.63078,479.00546,116317,116485,168
101,0,blank,0,296.8562,479.018466666667,116485,116680,195
101,0,blank,0,301.368016666667,484.703783333333,116680,116876,196
101,0,blank,0,297.068166666667,487.533766666667,116876,117071,195
101,0,blank,0,233.428166666667,467.761883333333,117071,117262,191
101,0,blank,0,231.406116666667,476.33075,117262,117453,191
101,23,],153,221.944233333333,489.6854,117453,117640,187
101,0,blank,0,237.45105,455.400883333333,117640,117831,191
101,20,},129,221.67595,434.0525,117831,117957,126
101,0,blank,0,245.46195,406.826433333333,118019,118205,186
101,18,array1,102,228.632225,394.57765,118205,118393,188
101,18,array1,102,257.637283333333,381.37615,118393,118580,187
101,0,blank,0,291.66262,469.5926,118580,118777,197
101,0,blank,0,299.820466666667,479.978233333333,118777,118959,182
101,20,],125,316.1277,437.1888,118959,118990,31
101,20,26,124,312.6625,424.913666666667,119088,119274,186
101,20,26,124,298.0237,426.081783333333,119274,119460,186
101,18,array1,102,278.795866666667,384.330616666667,119493,119676,183
101,20,26,124,300.715033333333,428.2452,119676,119859,183
101,0,blank,0,347.6328,448.839325,119859,120048,189
101,0,blank,0,374.704,494.6873,120048,120077,29
101,0,blank,0,375.591116666667,452.782333333333,120108,120301,193
101,0,blank,0,362.676366666667,469.351516666667,120301,120483,182
101,0,blank,0,392.9814,483.898516666667,120483,120675,192
101,0,blank,0,387.4284,451.850966666667,120675,120768,93
101,0,blank,0,-350,-105,120800,120834,34
101,0,blank,0,395.119033333333,447.260333333333,121006,121205,199
101,0,blank,0,398.371216666667,469.25885,121205,121394,189
101,23,++,154,312.240366666667,494.520683333333,121394,121582,188
101,0,blank,0,371.489483333333,473.7598,121582,121767,185
101,0,blank,0,387.717483333333,474.054866666667,121767,121953,186
101,0,blank,0,402.0244,485.334833333333,121953,122046,93
101,0,blank,0,259.810766666667,468.767433333333,122077,122268,191
101,0,blank,0,219.0267,508.2846,122268,122460,192
101,23,-,151,237.530275,504.34205,122460,122585,125
101,0,blank,0,410.431983333333,459.055433333333,122617,122807,190
101,0,blank,0,402.4246,476.736033333333,122807,122900,93
101,21,!=,141,228.707116666667,449.580416666667,122931,123119,188
101,0,blank,0,227.310083333333,479.5641,123181,123374,193
101,0,blank,0,-350,-105,123407,123530,123
101,20,},129,376.88228,432.81742,123676,123852,176
101,0,blank,0,389.234033333333,458.425433333333,123852,124041,189
101,0,blank,0,410.40216,483.60956,124041,124194,153
101,21,0,142,260.1939,461.643983333333,124226,124413,187
101,0,blank,0,241.765833333333,483.488433333333,124413,124596,183
101,23,],153,215.0207,493.1632,124596,124780,184
101,0,blank,0,209.601883333333,520.976383333333,124780,124966,186
101,0,blank,0,215.543316666667,530.87585,124966,125149,183
101,0,blank,0,185.382133333333,534.23565,125149,125334,185
101,0,blank,0,162.89305,538.3057,125334,125518,184
101,0,blank,0,163.595283333333,570.1044,125518,125706,188
101,0,blank,0,175.158775,574.4563,125706,125833,127
101,0,blank,0,161.47265,550.158516666667,125862,126048,186
101,0,blank,0,179.4437,565.17064,126048,126203,155
101,0,blank,0,207.0708,473.408,126203,126351,148
101,20,0,133,206.7694,438.8873,126351,126710,359
101,0,blank,0,187.744166666667,608.526566666667,127103,127280,177
101,0,blank,0,225.940583333333,601.30145,127280,127461,181
101,0,blank,0,234.344733333333,601.729233333333,127461,127644,183
101,0,blank,0,192.16115,611.367116666667,127644,127828,184
101,0,blank,0,218.540533333333,601.2736,127828,127999,171
101,29,array2,176,188.8112,624.0685,127999,128321,322
101,0,blank,0,175.15384,546.54974,128321,128493,172
101,0,blank,0,194.3264,574.852666666667,128493,128683,190
101,0,blank,0,189.322533333333,574.865216666667,128683,128873,190
101,0,blank,0,165.197783333333,554.114116666667,128873,129063,190
101,0,blank,0,196.73605,558.010866666667,129063,129249,186
101,21,i,139,188.931466666667,445.104066666667,129281,129471,190
101,0,blank,0,186.43156,415.54672,129471,129640,169
101,21,i,139,184.18875,452.10615,129640,129707,67
101,0,blank,0,221.17445,598.556783333333,129740,129937,197
101,0,blank,0,241.53994,573.19044,129937,130101,164
101,0,blank,0,174.52086,565.99108,130101,130270,169
101,27,[,167,178.378516666667,592.469316666667,130270,130460,190
101,27,array2,166,163.55265,576.5415,130460,130524,64
101,0,blank,0,237.877333333333,456.713216666667,130555,130742,187
101,21,0,142,260.2684,453.748216666667,130742,130934,192
101,0,blank,0,317.93185,446.659733333333,130934,131120,186
101,20,{,127,354.384416666667,429.298966666667,131120,131308,188
101,0,blank,0,442.6076,432.104433333333,131308,131497,189
101,0,blank,0,467.591475,427.63225,131497,131620,123
101,0,blank,0,324.43018,536.07868,131651,131805,154
101,0,blank,0,235.66118,521.49494,131805,131989,184
101,0,blank,0,261.851833333333,509.3382,131989,132177,188
101,23,],153,286.720916666667,492.200483333333,132177,132364,187
101,0,blank,0,227.52155,515.409866666667,132364,132552,188
101,0,blank,0,236.486083333333,517.2536,132552,132738,186
101,23,a,152,266.579216666667,497.235883333333,132738,132930,192
101,0,blank,0,340.199116666667,491.820683333333,132930,133118,188
101,0,blank,0,370.075083333333,494.65385,133118,133304,186
101,0,blank,0,362.9366,538.6781,133304,133335,31
101,0,blank,0,298.56355,412.4209,133366,133552,186
101,0,blank,0,258.7494,414.0844,133552,133736,184
101,21,0,142,268.2737,454.890933333333,133736,133923,187
101,23,++,154,307.7654,493.024366666667,133923,134111,188
101,23,++,154,298.71355,504.581966666667,134111,134299,188
101,0,blank,0,205.681033333333,514.0763,134299,134490,191
101,0,blank,0,221.6648,484.479166666667,134490,134618,128
101,23,-,151,239.404025,494.708275,134680,134869,189
101,0,blank,0,268.744,519.8357,134869,134975,106
101,0,blank,0,388.130733333333,480.435766666667,135086,135258,172
101,0,blank,0,382.691866666667,491.719333333333,135258,135442,184
101,0,blank,0,326.84534,498.5081,135442,135631,189
101,23,a,152,270.2149,503.1655,135631,135810,179
101,23,++,154,310.394633333333,490.926916666667,135810,136009,199
101,0,blank,0,371.0127,485.234,136009,136195,186
101,0,blank,0,394.99385,470.628566666667,136195,136379,184
101,0,blank,0,386.10895,473.766483333333,136379,136563,184
101,0,blank,0,296.07045,467.668333333333,136563,136748,185
101,0,blank,0,350.7709,476.3594,136777,136810,33
101,20,],125,320.77135,432.560216666667,136873,137057,184
101,20,26,124,293.4162,438.7281,137057,137239,182
101,20,26,124,310.70195,427.643,137239,137421,182
101,0,blank,0,364.168866666667,456.7023,137421,137608,187
101,0,blank,0,368.06715,493.9445,137608,137672,64
101,0,blank,0,353.649383333333,471.467,137703,137891,188
101,0,blank,0,356.270233333333,491.459333333333,137891,137981,90
101,0,blank,0,202.950866666667,530.972466666667,138012,138194,182
101,29,-,180,236.772266666667,626.51555,138194,138380,186
101,0,blank,0,223.455766666667,642.417933333333,138380,138567,187
101,29,array2,176,191.66295,630.954433333333,138567,138753,186
101,0,blank,0,163.8641,616.3209,138753,138785,32
101,0,blank,0,-350,-105,138817,138937,120
101,0,blank,0,311.504733333333,653.993133333333,139070,139248,178
101,0,blank,0,353.20105,652.635466666667,139248,139433,185
101,0,blank,0,343.915083333333,644.21415,139433,139618,185
101,0,blank,0,322.969166666667,671.045883333333,139618,139800,182
101,32,;,198,231.74555,698.720366666667,139800,139986,186
101,0,blank,0,221.13805,716.5823,139986,140048,62
101,0,blank,0,968.052166666667,289.2402,140204,140396,192
101,0,blank,0,943.507,185.111,140396,140579,183
101,0,blank,0,931.969,192.05865,140579,140641,62
101,0,blank,0,943.0005,117.02465,140672,140857,185
101,0,blank,0,938.895,163.5416,140857,140888,31
101,32,<,196,187.729066666667,685.834266666667,140950,141139,189
101,0,blank,0,117.909316666667,716.373666666667,141139,141327,188
101,32,=,192,121.866733333333,695.440333333333,141327,141421,94
102,34,i,212,179.2778,605.074716666667,143020,143207,187
102,0,blank,0,181.5046,520.7784,143207,143238,31
102,0,blank,0,211.40522,590.30416,143378,143549,171
102,0,blank,0,240.053766666667,589.875633333333,143549,143738,189
102,0,blank,0,88.32135,649.748933333333,143769,143958,189
102,0,blank,0,131.31375,650.555066666667,143958,144148,190
102,0,blank,0,154.220816666667,651.10875,144148,144337,189
102,0,blank,0,191.5527,654.434533333333,144337,144522,185
102,0,blank,0,236.091416666667,646.019016666667,144522,144708,186
102,34,i,212,182.46005,612.051433333333,144708,144893,185
102,0,blank,0,127.68795,592.065783333333,144893,145077,184
102,0,blank,0,95.673725,592.7703,145077,145201,124
102,0,blank,0,85.32504,597.9869,145359,145523,164
102,0,blank,0,-350,-105,145617,145744,127
102,32,;,198,227.922233333333,572.701683333333,146005,146181,176
102,0,blank,0,205.816083333333,536.219033333333,146181,146369,188
102,32,;,198,226.208916666667,559.380266666667,146369,146556,187
102,0,blank,0,259.5337,489.72735,146556,146738,182
102,0,blank,0,292.1617,536.8935,146738,146923,185
102,32,++,200,261.66196,555.58592,146923,147110,187
102,32,i,199,251.1653,561.886733333333,147110,147302,192
102,0,blank,0,293.5763,548.1394,147302,147458,156
102,18,array1,102,264.0709,264.18385,147526,147717,191
102,20,[,123,287.4821,296.086616666667,147717,147908,191
102,0,blank,0,345.948716666667,339.703366666667,147908,148098,190
102,0,blank,0,362.49986,353.67416,148098,148256,158
102,0,blank,0,234.237583333333,336.692633333333,148290,148482,192
102,20,num2,122,259.916716666667,297.443816666667,148482,148669,187
102,0,blank,0,349.096966666667,271.1551,148701,148888,187
102,0,blank,0,322.3433,240.8038,148888,149076,188
102,0,blank,0,273.688133333333,279.72345,149076,149262,186
102,0,blank,0,236.836333333333,312.210316666667,149262,149451,189
102,23,[,148,200.780666666667,366.327066666667,149451,149639,188
102,0,blank,0,232.449566666667,368.048666666667,149639,149824,185
102,0,blank,0,265.403183333333,349.966933333333,149824,150009,185
102,0,blank,0,336.094716666667,348.5479,150009,150199,190
102,21,[,138,178.1562,328.2404,150230,150384,154
102,0,blank,0,200.1064,348.07835,150415,150596,181
102,0,blank,0,164.35475,312.489183333333,150596,150781,185
102,0,blank,0,167.402883333333,296.638216666667,150781,150964,183
102,20,},129,220.26925,292.221333333333,150964,151149,185
102,20,num2,122,281.040683333333,308.572966666667,151149,151333,184
102,0,blank,0,330.85485,277.005966666667,151333,151517,184
102,0,blank,0,335.4876,269.7917,151517,151579,62
102,0,blank,0,237.479066666667,353.136016666667,151610,151797,187
102,0,blank,0,240.919383333333,319.9616,151797,151987,190
102,0,blank,0,249.239416666667,354.4709,151987,152177,190
102,0,blank,0,238.603966666667,440.147866666667,152209,152401,192
102,0,blank,0,241.956816666667,430.74545,152401,152592,191
102,0,blank,0,239.90114,430.74038,152592,152749,157
102,0,blank,0,218.05926,442.14254,152811,152998,187
102,23,[,148,200.064783333333,375.985183333333,152998,153184,186
102,0,blank,0,196.99655,389.974383333333,153184,153371,187
102,0,blank,0,188.347983333333,385.183433333333,153371,153562,191
102,0,blank,0,184.808083333333,404.017966666667,153562,153753,191
102,0,blank,0,199.280316666667,469.5299,153753,153949,196
102,27,[,167,180.051166666667,454.249533333333,153949,154043,94
102,0,blank,0,245.81168,447.47672,154110,154284,174
102,0,blank,0,270.170975,467.092875,154284,154409,125
102,20,{,127,355.93385,292.71155,154531,154599,68
102,0,blank,0,236.7537,423.8369,154670,154702,32
102,0,blank,0,211.41685,526.50275,154770,154964,194
102,0,blank,0,212.81325,521.2677,154964,155150,186
102,0,blank,0,200.81175,550.42405,155150,155287,137
102,0,blank,0,179.8141,588.1326,155287,155382,95
102,0,blank,0,147.0862,578.19715,155382,155566,184
102,0,blank,0,193.339483333333,585.3496,155566,155760,194
102,0,blank,0,221.359583333333,592.343833333333,155760,155949,189
102,0,blank,0,232.86895,582.798866666667,155949,156139,190
102,0,blank,0,257.85745,576.667183333333,156139,156331,192
102,32,++,200,266.3269,567.516366666667,156331,156527,196
102,0,blank,0,282.745,571.307,156527,156721,194
102,0,blank,0,256.18515,582.590633333333,156721,156919,198
102,32,i,199,252.028,570.59042,156919,157082,163
102,0,blank,0,295.28656,570.5758,157082,157267,185
102,0,blank,0,324.743375,549.16365,157267,157422,155
102,0,blank,0,312.85185,579.654575,157422,157605,183
102,0,blank,0,319.30282,580.4773,157605,157788,183
102,0,blank,0,342.6093,536.477433333333,157788,157885,97
102,0,blank,0,325.51542,542.00624,158009,158173,164
102,0,blank,0,276.49252,542.1769,158202,158364,162
102,0,blank,0,242.72765,561.806175,158364,158555,191
102,0,blank,0,358.31406,540.17112,158583,158767,184
102,0,blank,0,353.7095,575.4075,158767,158799,32
102,0,blank,0,243.624816666667,584.060033333333,158861,159049,188
102,0,blank,0,231.71898,607.2291,159137,159288,151
102,0,blank,0,259.445325,633.79535,159288,159471,183
102,0,blank,0,274.89054,576.95702,159471,159652,181
102,34,num2,210,259.9547,618.5018,159652,159713,61
102,0,blank,0,-350,-105,159739,159887,148
102,0,blank,0,288.72248,598.50546,160035,160222,187
102,0,blank,0,321.1665,611.801,160222,160405,183
102,34,],213,301.2744,613.4345,160405,160554,149
102,0,blank,0,351.5516,597.70085,160554,160732,178
102,0,blank,0,345.150083333333,606.3762,160732,160920,188
102,0,blank,0,326.235966666667,607.613166666667,160920,161111,191
102,0,blank,0,329.794166666667,613.831016666667,161111,161303,192
102,0,blank,0,339.045166666667,596.374533333333,161303,161496,193
102,0,blank,0,346.1377,587.813583333333,161496,161683,187
102,34,],213,295.222075,607.404175,161683,161810,127
102,0,blank,0,377.06435,567.919233333333,161963,162157,194
102,0,blank,0,356.09625,613.290966666667,162157,162339,182
102,0,blank,0,350.997183333333,604.770233333333,162339,162522,183
102,0,blank,0,261.965533333333,620.95835,162522,162703,181
102,0,blank,0,255.912416666667,622.711266666667,162703,162887,184
102,0,blank,0,277.9702,620.4006,162887,163072,185
102,0,blank,0,278.6018,576.704216666667,163072,163259,187
102,0,blank,0,235.0135,597.642533333333,163259,163446,187
102,34,num2,210,250.2202,617.9693,163446,163477,31
102,0,blank,0,-350,-105,163538,163625,87
102,0,blank,0,262.9176,530.3304,163653,163678,25
102,0,blank,0,255.255583333333,625.261583333333,163763,163957,194
102,35,0,216,196.3074,637.185183333333,163957,164149,192
102,0,blank,0,191.57455,642.5459,164149,164339,190
102,0,blank,0,196.027333333333,683.8767,164339,164528,189
102,0,blank,0,160.406233333333,673.044283333333,164528,164721,193
102,0,blank,0,145.5267,683.422733333333,164721,164911,190
102,0,blank,0,161.88715,656.97965,164911,164973,62
102,0,blank,0,-350,-105,165036,165207,171
102,0,blank,0,-350,-105,165207,165237,30
102,0,blank,0,177.2412,543.8544,165337,165487,150
102,0,blank,0,175.509866666667,485.273733333333,165487,165631,144
102,27,array2,166,172.7863,448.000883333333,165663,165849,186
102,23,array1,147,173.02935,372.03195,165849,165910,61
102,20,],125,159.13385,304.93325,166003,166064,61
102,0,blank,0,191.05038,698.39208,166126,166303,177
102,0,blank,0,216.77428,717.78038,166303,166480,177
102,0,blank,0,255.68708,642.04416,166480,166657,177
102,34,num2,210,264.801225,618.933625,166657,166806,149
102,0,blank,0,169.946725,583.840225,166806,166957,151
102,34,],213,189.057266666667,619.8752,167019,167111,92
102,0,blank,0,227.240225,370.94385,167203,167361,158
102,0,blank,0,214.0135,321.6103,167361,167419,58
102,0,blank,0,226.021133333333,120.331733333333,167446,167631,185
102,0,blank,0,227.9283,-1.13815,167631,167814,183
102,7,"Enterthestring\n",42,250.6802,7.1384,167814,167845,31
102,0,blank,0,991.995833333333,286.7101,167906,168097,191
102,0,blank,0,945.939166666667,310.408833333333,168097,168282,185
102,0,blank,0,944.365833333333,290.550783333333,168282,168468,186
102,0,blank,0,941.644,258.545683333333,168468,168656,188
102,0,blank,0,908.1715,247.03205,168656,168719,63
102,0,blank,0,131.201133333333,-3.6415,168783,168972,189
102,8,gets,45,64.83585,30.9295833333333,168972,169165,193
102,8,gets,45,61.7615833333333,46.9414333333333,169165,169354,189
102,10,gets,55,64.3796,72.835,169354,169386,32
103,0,blank,0,57.3133,271.50885,173945,174134,189
103,0,blank,0,58.7968833333333,268.17545,174134,174323,189
103,0,blank,0,83.2648833333333,246.338216666667,174323,174507,184
103,0,blank,0,98.494,282.312525,174507,174629,122
103,0,blank,0,-350,-105,174660,174691,31
103,0,blank,0,267.932866666667,209.333733333333,174813,174918,105
103,18,char,106,197.422866666667,259.668283333333,174951,175143,192
103,18,array1,102,234.764833333333,255.971583333333,175143,175327,184
103,0,blank,0,244.321283333333,269.204516666667,175327,175514,187
103,18,array1,102,235.006833333333,257.911233333333,175514,175678,164
103,20,{,127,199.4526,308.351,175678,175784,106
103,0,blank,0,194.1631,288.5899,175784,175895,111
103,0,blank,0,261.869483333333,246.032716666667,175961,176150,189
103,0,blank,0,233.6068,246.2478,176150,176328,178
103,0,blank,0,168.8054,205.43716,176328,176483,155
103,0,blank,0,167.277083333333,273.907533333333,176512,176698,186
103,0,blank,0,219.992516666667,290.7704,176698,176885,187
103,20,comma,130,229.3644,298.2534,176885,176916,31
103,11,array1,64,267.9246,94.194,177041,177072,31
103,18,array1,102,253.988,248.38865,177104,177296,192
103,0,blank,0,268.508283333333,276.688083333333,177296,177485,189
103,0,blank,0,265.4657,289.757733333333,177485,177672,187
103,0,blank,0,256.128116666667,279.785916666667,177672,177857,185
103,0,blank,0,287.9579,277.73555,177857,177919,62
103,0,blank,0,302.892266666667,278.393066666667,178039,178233,194
103,0,blank,0,266.310266666667,283.6182,178233,178419,186
103,0,blank,0,264.7306,282.06905,178419,178602,183
103,0,blank,0,299.8387,276.686966666667,178602,178786,184
103,0,blank,0,318.86575,259.568466666667,178786,178969,183
103,18,char,106,345.151933333333,260.8367,178969,179153,184
103,18,array2,107,390.571416666667,260.82785,179153,179339,186
103,18,char,106,353.405216666667,262.0468,179339,179526,187
103,0,blank,0,373.12675,272.83955,179526,179711,185
103,18,array2,107,394.80205,262.435616666667,179711,179899,188
103,0,blank,0,404.503883333333,268.1537,179899,180084,185
103,0,blank,0,382.924,273.83365,180084,180272,188
103,0,blank,0,377.201,243.833716666667,180272,180461,189
103,0,blank,0,412.8619,239.629816666667,180461,180648,187
103,0,blank,0,479.336216666667,244.734683333333,180648,180830,182
103,0,blank,0,512.300083333333,250.402216666667,180830,181016,186
103,0,blank,0,502.253366666667,263.679233333333,181016,181202,186
103,0,blank,0,500.423833333333,269.086233333333,181202,181295,93
103,0,blank,0,518.71038,221.76894,181411,181573,162
103,0,blank,0,222.926983333333,285.649183333333,181605,181790,185
103,0,blank,0,222.55795,276.4094,181790,181975,185
103,0,blank,0,270.00415,271.26395,181975,182157,182
103,0,blank,0,253.08716,270.57586,182157,182337,180
103,0,blank,0,185.089966666667,303.786316666667,182337,182520,183
103,0,blank,0,179.5016,341.7232,182520,182551,31
103,0,blank,0,-350,-105,182582,182692,110
103,0,blank,0,242.2858,239.2046,182752,182823,71
103,0,blank,0,253.43265,290.825733333333,182888,183073,185
103,0,blank,0,234.068833333333,294.970583333333,183073,183268,195
103,20,num2,122,253.990366666667,307.897366666667,183268,183456,188
103,21,0,142,263.28405,313.12875,183456,183643,187
103,0,blank,0,265.165783333333,287.9122,183643,183830,187
103,0,blank,0,257.070016666667,273.477383333333,183830,184011,181
103,20,num2,122,270.4823,305.5213,184011,184196,185
103,20,num2,122,268.014533333333,298.692283333333,184196,184381,185
103,0,blank,0,269.854633333333,274.205683333333,184381,184566,185
103,18,[,108,288.78918,261.02086,184566,184746,180
103,20,26,124,311.7528,302.196283333333,184746,184929,183
103,0,blank,0,326.947,297.9035,184929,184960,31
103,0,blank,0,326.48824,269.41586,185087,185266,179
103,20,26,124,297.842533333333,292.185133333333,185266,185449,183
103,18,[,108,292.319475,263.106375,185449,185570,121
103,0,blank,0,330.1789,288.235183333333,185631,185817,186
103,18,char,106,362.969133333333,260.669366666667,185817,185906,89
103,0,blank,0,506.380116666667,287.54975,185937,186123,186
103,0,blank,0,480.3865,295.683116666667,186123,186308,185
103,0,blank,0,477.3557,263.3899,186308,186339,31
103,20,26,124,309.217766666667,295.2954,186370,186557,187
103,20,26,124,302.96725,292.812366666667,186557,186744,187
103,0,blank,0,284.275516666667,289.779833333333,186744,186930,186
103,20,num2,122,274.13585,301.877183333333,186930,187117,187
103,20,num2,122,269.269633333333,297.550716666667,187117,187300,183
103,20,num2,122,251.93115,305.211933333333,187300,187482,182
103,0,blank,0,261.511983333333,289.9892,187482,187667,185
103,20,[,123,292.829766666667,296.63835,187667,187849,182
103,0,blank,0,329.94448,307.08866,187849,188003,154
103,0,blank,0,198.270283333333,286.9711,188034,188218,184
103,0,blank,0,253.454716666667,288.854866666667,188218,188399,181
103,20,num2,122,280.836033333333,294.917666666667,188399,188582,183
103,0,blank,0,280.968866666667,289.475266666667,188582,188673,91
103,0,blank,0,278.117533333333,286.0384,188769,188954,185
103,20,26,124,299.910366666667,301.120133333333,188954,189137,183
103,0,blank,0,350.9798,279.252966666667,189137,189320,183
103,18,char,106,363.578,254.0771,189320,189351,31
103,0,blank,0,316.0731,129.7811,189382,189412,30
103,0,blank,0,332.12875,276.5287,189443,189630,187
103,0,blank,0,318.5761,282.08625,189630,189811,181
103,0,blank,0,341.747383333333,289.886416666667,189811,189992,181
103,0,blank,0,344.2135,283.602475,189992,190113,121
103,0,blank,0,190.311883333333,309.392083333333,190143,190326,183
103,0,blank,0,210.127766666667,330.02635,190326,190507,181
103,21,!=,141,224.282016666667,316.8927,190507,190692,185
103,0,blank,0,239.273,314.213616666667,190692,190884,192
103,0,blank,0,245.39135,331.92725,190884,190944,60
103,21,0,142,261.29915,331.1052,191006,191187,181
103,0,blank,0,292.514,325.436266666667,191187,191373,186
103,0,blank,0,301.163516666667,339.111333333333,191373,191554,181
103,20,],125,316.0716,307.4543,191554,191585,31
103,0,blank,0,204.893666666667,333.800566666667,191617,191806,189
103,0,blank,0,209.5739,329.921083333333,191806,191990,184
103,0,blank,0,208.518433333333,337.827616666667,191990,192179,189
103,0,blank,0,241.134866666667,294.591383333333,192213,192403,190
103,0,blank,0,260.0547,350.11862,192403,192574,171
103,23,],153,286.660616666667,377.1188,192574,192766,192
103,23,a,152,270.400466666667,374.081016666667,192766,192958,192
103,0,blank,0,269.7254,349.17666,192958,193125,167
103,0,blank,0,291.19782,341.8966,193125,193297,172
103,23,],153,284.10704,370.59224,193297,193466,169
103,23,++,154,301.92394,371.10646,193466,193634,168
103,0,blank,0,331.226316666667,370.365183333333,193634,193828,194
103,0,blank,0,344.664683333333,375.642816666667,193828,194023,195
103,0,blank,0,350.383583333333,365.73585,194023,194215,192
103,0,blank,0,354.909,356.118783333333,194215,194412,197
103,0,blank,0,358.263283333333,346.209916666667,194412,194609,197
103,0,blank,0,363.275866666667,346.996066666667,194609,194804,195
103,23,;,155,319.3857,362.43824,194804,194971,167
103,0,blank,0,292.39646,358.72618,194971,195140,169
103,23,a,152,262.715666666667,370.897266666667,195140,195336,196
103,23,++,154,312.881916666667,361.790616666667,195336,195524,188
103,23,],153,286.725616666667,360.944883333333,195524,195710,186
103,0,blank,0,275.764566666667,353.956816666667,195710,195896,186
103,0,blank,0,296.9405,357.88785,195896,195960,64
103,0,blank,0,238.932966666667,346.349433333333,196256,196438,182
103,23,a,152,267.628433333333,364.691483333333,196438,196623,185
103,0,blank,0,296.679933333333,347.63935,196623,196808,185
103,0,blank,0,269.0677,356.247833333333,196808,196991,183
103,23,],153,284.245483333333,363.0009,196991,197174,183
103,0,blank,0,295.6335,336.654316666667,197174,197356,182
103,0,blank,0,292.306233333333,345.410816666667,197356,197537,181
103,0,blank,0,281.196383333333,348.882833333333,197537,197720,183
103,0,blank,0,278.193366666667,351.2242,197720,197903,183
103,0,blank,0,311.34435,350.2772,197903,198085,182
103,0,blank,0,303.019766666667,354.633733333333,198085,198269,184
103,0,blank,0,222.2885,335.477633333333,198269,198453,184
103,0,blank,0,214.4444,317.04995,198453,198513,60
103,0,blank,0,375.31555,344.293666666667,198544,198730,186
103,0,blank,0,393.407766666667,352.9847,198730,198914,184
103,0,blank,0,370.9294,342.508166666667,198914,199102,188
103,0,blank,0,213.981516666667,334.914733333333,199102,199289,187
103,0,blank,0,204.233916666667,335.328033333333,199289,199470,181
103,23,],153,216.01166,365.22226,199470,199626,156
103,0,blank,0,328.4713,362.267566666667,199655,199839,184
103,0,blank,0,367.9609,352.047716666667,199839,200024,185
103,0,blank,0,383.012,354.4433,200024,200055,31
103,0,blank,0,241.2965,352.374616666667,200087,200278,191
103,0,blank,0,239.2697,338.966933333333,200278,200374,96
103,15,"%sand%sarenotanagrams.\n",87,413.29555,191.419883333333,200406,200588,182
103,0,blank,0,421.6856,209.0713,200588,200618,30
103,20,num2,122,280.297566666667,305.451483333333,200648,200826,178
103,0,blank,0,240.302833333333,319.66175,200826,201006,180
103,0,blank,0,220.600733333333,349.813033333333,201006,201094,88
103,0,blank,0,311.305583333333,317.340966666667,201180,201372,192
103,0,blank,0,280.149416666667,337.287683333333,201372,201551,179
103,0,blank,0,323.09282,321.16296,201551,201730,179
103,20,26,124,293.606366666667,295.070433333333,201730,201821,91
103,20,26,124,295.941966666667,300.702966666667,201882,201978,96
103,0,blank,0,-350,-105,202009,202183,174
103,0,blank,0,-350,-105,202183,202291,108
103,0,blank,0,402.0624,291.1467,202320,202344,24
103,0,blank,0,408.17495,215.07325,202499,202551,52
103,0,blank,0,414.901733333333,223.639266666667,202612,202707,95
103,0,blank,0,238.97105,180.22225,202797,202910,113
103,20,num2,122,277.893783333333,310.0551,202969,203158,189
103,20,num2,122,244.4696,294.575483333333,203158,203344,186
103,0,blank,0,236.3692,244.859933333333,203344,203443,99
103,21,!=,141,233.2201,314.173066666667,203475,203667,192
103,0,blank,0,232.080483333333,375.777583333333,203667,203860,193
103,0,blank,0,244.4665,352.033466666667,203860,204054,194
103,0,blank,0,242.453633333333,329.951216666667,204054,204251,197
103,0,blank,0,249.8181,312.919316666667,204251,204445,194
103,23,],153,218.102583333333,377.61925,204445,204643,198
103,0,blank,0,231.15776,377.61136,204643,204810,167
103,0,blank,0,243.03664,372.22448,204810,204982,172
103,23,a,152,274.51476,372.5291,204982,205154,172
103,0,blank,0,244.52226,356.51154,205154,205324,170
103,0,blank,0,241.68362,351.56966,205324,205494,170
103,0,blank,0,228.44968,343.9817,205494,205662,168
103,21,!=,141,219.04964,331.87476,205662,205830,168
103,0,blank,0,244.56854,326.37244,205830,206002,172
103,0,blank,0,264.09108,350.44084,206002,206174,172
103,0,blank,0,286.712583333333,279.616066666667,206174,206367,193
103,18,[,108,292.060166666667,262.350616666667,206367,206560,193
103,0,blank,0,254.7996,279.156016666667,206560,206753,193
103,0,blank,0,251.186633333333,277.2527,206753,206946,193
103,0,blank,0,231.223666666667,270.898833333333,206946,207134,188
103,0,blank,0,232.95078,220.0655,207166,207339,173
103,18,array1,102,273.1388,262.5222,207339,207531,192
103,0,blank,0,281.25415,244.6479,207531,207593,62
103,0,blank,0,-350,-105,207625,207658,33
103,0,blank,0,257.8121,130.3348,207683,207720,37
103,18,array1,102,252.838033333333,258.345316666667,207814,207997,183
103,0,blank,0,252.7295,289.096766666667,207997,208179,182
103,0,blank,0,285.2613,351.3777,208179,208365,186
103,0,blank,0,319.728333333333,340.3667,208365,208457,92
103,0,blank,0,298.932166666667,291.100366666667,208488,208677,189
103,18,array1,102,271.468016666667,260.7846,208677,208866,189
103,18,array1,102,276.513933333333,266.634933333333,208866,209064,198
103,23,],153,285.7141,360.5551,209064,209162,98
103,20,26,124,308.207775,305.871575,209194,209318,124
103,0,blank,0,364.642533333333,351.516,209380,209568,188
103,0,blank,0,363.850833333333,344.228366666667,209568,209757,189
103,0,blank,0,343.677283333333,359.579483333333,209757,209951,194
103,0,blank,0,372.61065,331.038516666667,209951,210148,197
103,0,blank,0,306.004616666667,324.994733333333,210148,210345,197
103,21,),143,289.229966666667,323.031933333333,210345,210444,99
103,0,blank,0,-350,-105,210476,210541,65
103,20,=,132,336.31,309.293,210632,210831,199
103,0,blank,0,373.503166666667,339.860466666667,210831,211029,198
103,0,blank,0,365.486716666667,342.761866666667,211029,211219,190
103,0,blank,0,345.41426,326.41002,211219,211386,167
103,0,blank,0,303.2482,333.54808,211386,211553,167
103,0,blank,0,265.9098,334.794966666667,211553,211748,195
103,21,),143,291.046483333333,328.6202,211748,211938,190
103,0,blank,0,306.791033333333,355.789933333333,211938,212130,192
103,0,blank,0,349.05242,311.45866,212161,212354,193
103,0,blank,0,305.261566666667,338.442916666667,212354,212538,184
103,0,blank,0,292.24555,336.188966666667,212538,212721,183
103,0,blank,0,274.209383333333,352.250683333333,212721,212904,183
103,0,blank,0,301.19105,325.2929,212904,213093,189
103,23,++,154,311.170166666667,367.10285,213093,213285,192
103,0,blank,0,307.81985,357.56055,213285,213475,190
103,0,blank,0,352.7387,336.648375,213475,213599,124
103,0,blank,0,348.6246,342.1182,213630,213661,31
103,20,=,132,335.730816666667,310.8778,213794,213990,196
103,0,blank,0,304.250416666667,345.825083333333,213990,214180,190
103,0,blank,0,279.4714,345.76984,214180,214341,161
103,0,blank,0,-350,-105,214402,214532,130
103,18,[,108,289.0709,261.445933333333,214670,214863,193
103,20,num2,122,270.319466666667,308.091066666667,214863,215052,189
103,0,blank,0,302.47504,274.19642,215052,215240,188
103,0,blank,0,302.4478,343.01915,215240,215333,93
103,0,blank,0,328.4655,325.6323,215452,215638,186
103,0,blank,0,340.45895,319.473883333333,215638,215821,183
103,0,blank,0,321.208383333333,320.436433333333,215821,216009,188
103,21,),143,290.396816666667,321.77865,216009,216199,190
103,0,blank,0,320.10756,326.2169,216199,216382,183
103,20,[,123,286.79565,307.9345,216382,216563,181
103,0,blank,0,241.4781,217.183,216563,216672,109
103,0,blank,0,288.4228,347.25654,216755,216927,172
103,0,blank,0,314.491016666667,349.448216666667,216927,217122,195
103,0,blank,0,348.91905,344.229916666667,217122,217312,190
103,0,blank,0,372.254266666667,347.916466666667,217312,217500,188
103,20,0,133,373.613,294.2381,217500,217532,32
103,20,0,133,365.29235,293.54075,217596,217790,194
103,0,blank,0,322.714433333333,315.13145,217790,217973,183
103,0,blank,0,321.230666666667,317.4851,217973,218066,93
103,20,comma,130,391.789316666667,311.523916666667,218128,218321,193
103,0,blank,0,386.660583333333,328.496633333333,218321,218506,185
103,0,blank,0,366.736583333333,321.6464,218506,218690,184
103,0,blank,0,363.55015,349.7676,218690,218751,61
103,0,blank,0,370.25895,285.397,218812,218871,59
103,0,blank,0,-350,-105,218901,218932,31
103,0,blank,0,372.1603,263.3901,218958,218986,28
103,20,0,133,368.147,296.0568,219050,219075,25
103,0,blank,0,393.53644,337.8282,219142,219297,155
103,0,blank,0,-350,-105,219360,219421,61
103,0,blank,0,377.2663,291.364966666667,219576,219753,177
103,0,blank,0,284.07258,351.97746,219785,219955,170
103,21,0,142,260.633233333333,326.134066666667,220020,220207,187
103,0,blank,0,236.476216666667,325.5049,220207,220396,189
103,21,0,142,262.215816666667,321.79075,220396,220587,191
103,21,0,142,275.563566666667,314.647333333333,220587,220783,196
103,0,blank,0,243.4729,326.101016666667,220783,220969,186
103,0,blank,0,404.76205,339.995583333333,221000,221185,185
103,0,blank,0,402.299183333333,355.9145,221185,221372,187
103,0,blank,0,406.796033333333,354.878683333333,221372,221560,188
103,20,num2,122,265.4665,300.917583333333,221592,221777,185
103,21,0,142,251.637483333333,330.384016666667,221777,221962,185
103,20,num2,122,253.798466666667,298.676783333333,221962,222150,188
103,0,blank,0,266.4921,354.79425,222150,222213,63
103,0,blank,0,398.3965,348.233633333333,222244,222431,187
103,0,blank,0,413.3241,348.0268,222431,222620,189
103,0,blank,0,412.330325,343.414725,222620,222749,129
103,0,blank,0,267.656816666667,269.170816666667,222786,222971,185
103,20,num2,122,280.759466666667,301.02335,222971,223157,186
103,20,26,124,293.072266666667,300.07315,223157,223341,184
103,20,[,123,288.624233333333,298.225633333333,223402,223498,96
103,0,blank,0,-350,-105,223562,223654,92
103,20,[,123,291.957333333333,293.4882,223857,224046,189
103,0,blank,0,309.544666666667,342.93555,224046,224239,193
103,0,blank,0,326.847933333333,334.022366666667,224239,224426,187
103,0,blank,0,257.293416666667,343.2785,224426,224614,188
103,0,blank,0,232.233875,351.9012,224614,224740,126
103,0,blank,0,398.797416666667,317.7969,224771,224958,187
103,0,blank,0,392.9125,355.11275,224958,225020,62
103,0,blank,0,237.581966666667,351.328783333333,225051,225237,186
103,0,blank,0,240.763966666667,306.0183,225237,225331,94
103,0,blank,0,378.354533333333,320.465766666667,225362,225548,186
103,0,blank,0,268.26095,289.541516666667,225548,225733,185
103,18,array1,102,234.748166666667,257.654166666667,225733,225824,91
103,0,blank,0,247.543,385.5204,225860,225889,29
103,0,blank,0,350.633816666667,338.94105,225920,226105,185
103,20,0,133,364.515666666667,311.013166666667,226105,226197,92
103,21,0,142,253.994016666667,321.9548,226227,226413,186
103,21,0,142,264.56745,320.037466666667,226413,226597,184
103,0,blank,0,226.24265,347.424766666667,226597,226778,181
103,0,blank,0,233.585116666667,367.353833333333,226778,226959,181
103,0,blank,0,254.194916666667,354.3251,226959,227142,183
103,0,blank,0,359.14655,350.66055,227142,227326,184
103,0,blank,0,389.007083333333,273.00675,227419,227616,197
103,23,i,149,213.132666666667,362.376716666667,227650,227832,182
103,0,blank,0,203.430716666667,359.797766666667,227832,228017,185
103,23,],153,215.329733333333,367.066133333333,228017,228205,188
103,0,blank,0,402.38625,334.045116666667,228235,228421,186
103,0,blank,0,219.781716666667,384.8015,228453,228641,188
103,23,],153,221.395083333333,367.818616666667,228641,228833,192
103,0,blank,0,225.202566666667,376.2329,228833,228927,94
103,0,blank,0,373.263766666667,363.348883333333,228958,229145,187
103,0,blank,0,382.0986,369.2813,229145,229176,31
103,0,blank,0,234.661133333333,337.392066666667,229207,229392,185
103,0,blank,0,244.932,324.8615,229392,229550,158
103,0,blank,0,365.73775,250.53915,229579,229767,188
103,0,blank,0,403.1989,336.98046,229797,229949,152
103,20,num2,122,244.51275,306.380083333333,229979,230163,184
103,0,blank,0,230.966533333333,347.797733333333,230163,230253,90
103,0,blank,0,355.601166666667,317.300583333333,230283,230465,182
103,20,num2,122,280.71145,303.509166666667,230465,230647,182
103,0,blank,0,302.681266666667,335.8182,230647,230828,181
103,20,num2,122,280.0773,309.843783333333,230828,231005,177
103,0,blank,0,269.55295,286.980783333333,231005,231185,180
103,20,num2,122,247.11525,301.1374,231185,231246,61
103,0,blank,0,237.942416666667,285.807683333333,231306,231486,180
103,0,blank,0,310.572916666667,286.100216666667,231486,231668,182
103,0,blank,0,200.930425,395.505525,231699,231825,126
103,0,blank,0,224.7452,276.6584,231856,231889,33
103,0,blank,0,193.379683333333,392.93785,231920,232106,186
103,0,blank,0,174.940933333333,449.52335,232106,232297,191
103,0,blank,0,178.5739,443.470216666667,232297,232487,190
103,0,blank,0,181.3609,429.186233333333,232487,232673,186
103,0,blank,0,160.64035,434.198433333333,232673,232858,185
103,0,blank,0,175.643016666667,385.270616666667,232858,233039,181
103,0,blank,0,185.6013,310.333533333333,233070,233257,187
103,21,i,139,184.69995,317.183,233257,233444,187
103,21,!=,141,232.4536,318.7969,233444,233632,188
103,0,blank,0,236.6431,315.9593,233632,233694,62
103,0,blank,0,185.920583333333,427.42435,233727,233918,191
103,0,blank,0,198.05345,413.27605,233918,234111,193
103,0,blank,0,204.492366666667,383.791633333333,234111,234310,199
103,23,i,149,205.17015,368.958133333333,234310,234505,195
103,0,blank,0,198.825183333333,379.927583333333,234505,234703,198
103,0,blank,0,202.03435,420.383733333333,234703,234892,189
103,0,blank,0,191.019566666667,432.252933333333,234892,234988,96
103,0,blank,0,-350,-105,235052,235165,113
103,0,blank,0,212.73925,419.805616666667,235311,235488,177
103,27,0,171,263.604133333333,448.9384,235488,235673,185
103,27,),172,285.720616666667,459.173783333333,235673,235858,185
103,0,blank,0,325.489183333333,454.561016666667,235858,236042,184
103,0,blank,0,366.86916,455.45808,236042,236226,184
103,0,blank,0,201.09424,410.749,236256,236413,157
103,0,blank,0,196.8771,401.15176,236444,236596,152
103,0,blank,0,332.061025,450.465275,236656,236810,154
103,0,blank,0,323.88185,439.0514,236810,237006,196
103,0,blank,0,364.437466666667,450.174766666667,237006,237197,191
103,0,blank,0,307.772,450.70936,237197,237383,186
103,0,blank,0,283.723116666667,446.02235,237383,237565,182
103,0,blank,0,344.346583333333,438.28895,237565,237748,183
103,0,blank,0,338.8638,472.2857,237748,237779,31
103,0,blank,0,232.978133333333,381.121633333333,237842,237934,92
103,0,blank,0,241.429116666667,461.87655,237965,238158,193
103,0,blank,0,346.375116666667,456.7518,238158,238345,187
103,0,blank,0,335.43058,424.55512,238345,238506,161
103,0,blank,0,372.201,315.0003,238538,238570,32
103,18,char,106,330.150283333333,267.27365,238632,238826,194
103,0,blank,0,314.40855,290.6324,238826,239009,183
103,0,blank,0,319.7357,285.15585,239009,239131,122
103,0,blank,0,329.75682,444.43804,239227,239375,148
103,27,],169,199.94662,446.14634,239405,239562,157
103,0,blank,0,238.507083333333,297.9599,239592,239774,182
103,0,blank,0,239.642766666667,303.078633333333,239774,239957,183
103,0,blank,0,210.3915,339.8793,239957,240052,95
103,0,blank,0,209.73125,449.78005,240139,240329,190
103,27,[,167,181.637,460.280716666667,240329,240511,182
103,0,blank,0,210.5438,283.687266666667,240540,240725,185
103,0,blank,0,235.278516666667,284.072633333333,240725,240917,192
103,20,num2,122,280.498516666667,301.254333333333,240917,241109,192
103,20,26,124,313.913233333333,305.834633333333,241109,241297,188
103,0,blank,0,330.24305,292.949616666667,241297,241485,188
103,0,blank,0,340.050333333333,288.16505,241485,241673,188
103,0,blank,0,339.08155,352.479483333333,241673,241859,186
103,0,blank,0,303.348383333333,478.654966666667,241859,242044,185
103,0,blank,0,255.699,469.954183333333,242044,242231,187
103,0,blank,0,169.8133,468.9553,242231,242419,188
103,27,],169,196.898383333333,449.125166666667,242419,242608,189
103,27,0,171,260.93855,446.39105,242608,242797,189
103,27,0,171,262.8404,462.691666666667,242797,242981,184
103,0,blank,0,294.057383333333,427.021516666667,242981,243167,186
103,0,blank,0,-350,-105,243197,243228,31
103,0,blank,0,293.9523,416.4808,243254,243287,33
103,0,blank,0,306.460933333333,405.638583333333,243351,243528,177
103,0,blank,0,330.23372,426.38998,243528,243682,154
103,0,blank,0,346.560466666667,430.051166666667,243743,243925,182
103,0,blank,0,360.180366666667,439.150733333333,243925,244110,185
103,0,blank,0,337.759733333333,429.55945,244110,244296,186
103,0,blank,0,329.925033333333,453.65525,244296,244488,192
103,0,blank,0,349.842233333333,450.310483333333,244488,244678,190
103,0,blank,0,328.98745,439.843216666667,244678,244867,189
103,0,blank,0,254.478883333333,406.123633333333,244867,245058,191
103,0,blank,0,327.531116666667,452.369266666667,245058,245241,183
103,0,blank,0,304.7543,443.63195,245241,245302,61
103,0,blank,0,-350,-105,245333,245415,82
103,0,blank,0,269.66385,430.756533333333,245551,245729,178
103,0,blank,0,239.01545,411.1082,245729,245914,185
103,0,blank,0,210.162966666667,416.524333333333,245914,246097,183
103,0,blank,0,207.246866666667,430.47995,246097,246282,185
103,27,==,170,227.545383333333,447.248,246282,246461,179
103,0,blank,0,311.40782,424.5462,246461,246643,182
103,0,blank,0,364.890616666667,427.360416666667,246643,246826,183
103,0,blank,0,243.231116666667,482.0365,246826,247011,185
103,0,blank,0,263.5733,485.138983333333,247011,247192,181
103,0,blank,0,337.517216666667,481.002583333333,247192,247375,183
103,0,blank,0,375.432883333333,483.860866666667,247375,247561,186
103,29,++,183,286.34284,494.06096,247561,247713,152
103,0,blank,0,246.8667,478.737933333333,247744,247940,196
103,0,blank,0,204.76865,467.081883333333,247940,248132,192
103,27,],169,196.206383333333,457.793233333333,248132,248329,197
103,0,blank,0,186.928983333333,435.159283333333,248329,248521,192
103,27,[,167,180.384016666667,459.208483333333,248521,248712,191
103,27,[,167,180.148166666667,453.618483333333,248712,248901,189
103,27,i,168,188.752016666667,448.50625,248901,249088,187
103,0,blank,0,265.534966666667,437.25905,249088,249270,182
103,27,0,171,267.07845,456.91325,249270,249336,66
103,0,blank,0,306.751116666667,439.8455,249399,249590,191
103,0,blank,0,344.542083333333,434.008833333333,249590,249782,192
103,0,blank,0,365.12228,441.60784,249782,249944,162
103,27,0,171,257.4301,449.69616,249976,250146,170
103,0,blank,0,260.39645,444.767816666667,250146,250341,195
103,0,blank,0,229.092216666667,434.417983333333,250341,250539,198
103,0,blank,0,192.26662,429.71082,250539,250707,168
103,0,blank,0,187.7547,444.80582,250707,250875,168
103,0,blank,0,237.306033333333,440.27915,250875,251069,194
103,0,blank,0,248.346,444.606916666667,251069,251266,197
103,0,blank,0,246.994083333333,428.284016666667,251266,251456,190
103,0,blank,0,233.109033333333,441.189666666667,251456,251653,197
103,0,blank,0,281.216733333333,426.3696,251653,251852,199
103,27,0,171,266.1097,457.675966666667,251852,252047,195
103,0,blank,0,252.894016666667,433.501816666667,252047,252243,196
103,0,blank,0,279.696633333333,425.081883333333,252243,252440,197
103,0,blank,0,304.17236,430.4525,252440,252612,172
103,0,blank,0,334.7024,441.933133333333,252612,252806,194
103,0,blank,0,324.070516666667,443.516733333333,252806,253000,194
103,0,blank,0,340.4462,435.3332,253000,253182,182
103,0,blank,0,349.239525,375.587525,253182,253364,182
103,0,blank,0,183.156883333333,449.777383333333,253456,253646,190
103,0,blank,0,199.333366666667,478.548633333333,253646,253830,184
103,27,==,170,221.25042,460.09684,253830,253979,149
103,27,==,170,217.7899,447.1021,254038,254106,68
103,0,blank,0,223.9536,440.72084,254165,254346,181
103,0,blank,0,202.612483333333,448.559,254346,254543,197
103,0,blank,0,139.08652,512.37054,254543,254729,186
103,30,++,186,109.844266666667,519.586633333333,254729,254915,186
103,30,i,185,93.4747166666667,522.11485,254915,255103,188
103,30,++,186,107.444083333333,525.256583333333,255103,255295,192
103,0,blank,0,125.090133333333,520.683916666667,255295,255484,189
103,0,blank,0,171.093133333333,531.440516666667,255484,255669,185
103,0,blank,0,200.411916666667,526.520416666667,255669,255859,190
103,0,blank,0,234.444116666667,537.7488,255859,256050,191
103,0,blank,0,237.519133333333,526.432833333333,256050,256145,95
103,0,blank,0,264.7408,527.090933333333,256177,256368,191
103,0,blank,0,258.9144,515.05015,256368,256432,64
103,0,blank,0,74.9372166666667,555.22025,256464,256654,190
103,32,i,199,94.27402,567.09846,256654,256811,157
103,29,[,177,197.620716666667,496.588533333333,256964,257149,185
103,0,blank,0,199.1017,575.0275,257149,257208,59
103,32,26,197,206.5383,564.6245,257412,257510,98
103,0,blank,0,189.32635,586.221483333333,257602,257789,187
103,0,blank,0,233.520866666667,574.513183333333,257789,257985,196
103,0,blank,0,241.510283333333,569.986866666667,257985,258176,191
103,32,),201,275.082233333333,566.531066666667,258176,258365,189
103,0,blank,0,304.47825,562.758066666667,258365,258549,184
103,0,blank,0,334.9256,559.006283333333,258549,258739,190
103,0,blank,0,318.452033333333,547.499416666667,258739,258929,190
103,0,blank,0,293.7644,572.428033333333,258929,259123,194
103,32,;,198,231.433933333333,572.175733333333,259123,259313,190
103,32,<,196,192.560916666667,563.400766666667,259313,259504,191
103,0,blank,0,181.957383333333,572.973783333333,259504,259694,190
103,0,blank,0,216.88375,583.5587,259694,259887,193
103,32,;,198,227.7424,567.318283333333,259887,260081,194
103,32,26,197,220.157933333333,566.39815,260081,260278,197
103,32,26,197,223.9526,558.3661,260278,260469,191
103,32,++,200,274.2645,570.86205,260469,260654,185
103,0,blank,0,305.779533333333,529.7898,260654,260839,185
103,0,blank,0,320.05106,478.97744,260839,260996,157
103,0,blank,0,365.13885,487.94075,261026,261150,124
103,0,blank,0,365.3292,566.2958,261212,261243,31
103,29,i,178,213.67384,508.65502,261275,261431,156
103,0,blank,0,242.8274,442.3904,261431,261492,61
103,32,<,196,183.346966666667,563.433866666667,261518,261704,186
103,32,++,200,258.729066666667,562.104716666667,261704,261888,184
103,0,blank,0,312.176583333333,554.159083333333,261888,262072,184
103,0,blank,0,238.61495,572.304716666667,262072,262252,180
103,0,blank,0,213.160683333333,578.557566666667,262252,262433,181
103,0,blank,0,184.744533333333,593.168966666667,262433,262615,182
103,32,26,197,221.785933333333,563.256866666667,262615,262707,92
103,0,blank,0,234.950333333333,551.627283333333,262739,262931,192
103,0,blank,0,251.044066666667,596.66035,262931,263119,188
103,34,i,212,289.330716666667,601.535083333333,263119,263307,188
103,0,blank,0,302.356333333333,612.997166666667,263307,263493,186
103,34,),214,308.137375,616.98175,263493,263619,126
103,0,blank,0,186.22465,633.967766666667,263649,263838,189
103,34,i,212,182.8441,617.4669,263838,263869,31
103,34,num2,210,267.346633333333,608.011283333333,263932,264125,193
103,0,blank,0,279.44825,631.099083333333,264188,264374,186
103,34,!=,209,220.638266666667,618.387666666667,264405,264592,187
103,34,],213,191.969333333333,608.250466666667,264592,264776,184
103,0,blank,0,181.908516666667,592.522083333333,264776,264962,186
103,32,26,197,208.3944,573.330783333333,264962,265146,184
103,0,blank,0,251.424366666667,389.629466666667,265177,265283,106
103,32,<,196,189.054283333333,559.712316666667,265317,265513,196
103,32,26,197,204.5049,557.076725,265513,265637,124
103,13,"%sand%sareanagrams.\n",77,308.0054,153.8138,265772,265827,55
103,18,char,106,361.734933333333,250.396166666667,265894,266002,108
103,34,num2,210,242.7104,608.7021,266036,266069,33
103,32,++,200,254.637375,562.2638,266166,266336,170
103,32,++,200,272.992525,567.804125,266336,266519,183
103,32,++,200,274.17365,574.71955,266519,266606,87
103,0,blank,0,128.167075,576.05435,266646,266816,170
103,32,for,189,54.60982,568.91204,266816,267011,195
103,0,blank,0,60.266,607.920616666667,267011,267190,179
103,32,for,189,71.4366,573.2861,267190,267373,183
103,0,blank,0,108.029566666667,604.50775,267373,267554,181
103,34,if,203,100.140333333333,605.786883333333,267554,267736,182
103,0,blank,0,113.405083333333,601.014566666667,267736,267918,182
103,34,num1,205,136.231183333333,606.02185,267918,268097,179
103,34,num1,205,151.6707,611.899666666667,268097,268277,180
103,0,blank,0,178.737816666667,620.348416666667,268277,268458,181
103,34,i,212,177.215783333333,599.437566666667,268458,268639,181
103,0,blank,0,173.73295,617.197716666667,268639,268823,184
103,35,;,217,208.813533333333,626.1034,268823,269005,182
103,0,blank,0,213.3541,627.034166666667,269005,269192,187
103,0,blank,0,229.343025,619.694,269192,269316,124
103,0,blank,0,104.43645,642.33725,269347,269535,188
103,0,blank,0,128.165,644.471333333333,269535,269721,186
103,0,blank,0,63.1976666666667,652.9106,269721,269909,188
103,36,},218,49.5443166666667,653.8005,269909,270097,188
103,0,blank,0,114.340683333333,628.754583333333,270097,270284,187
103,35,return,215,148.555783333333,630.840083333333,270284,270465,181
103,35,return,215,130.03285,628.5904,270465,270648,183
103,34,if,203,100.722016666667,619.921333333333,270648,270841,193
103,34,num1,205,123.263466666667,614.627233333333,270841,271029,188
103,34,(,204,118.333583333333,605.359033333333,271029,271218,189
103,0,blank,0,78.23215,596.726883333333,271218,271408,190
103,0,blank,0,79.7871,596.474033333333,271408,271594,186
103,0,blank,0,100.081166666667,596.696716666667,271594,271780,186
103,34,num1,205,123.8195,610.024716666667,271780,271964,184
103,34,num1,205,145.6006,606.808866666667,271964,272147,183
103,34,num1,205,137.876816666667,603.60015,272147,272330,183
103,34,num1,205,142.01405,603.4888,272330,272527,197
103,34,[,211,169.960966666667,609.0532,272527,272711,184
103,0,blank,0,137.86315,595.177866666667,272711,272898,187
103,0,blank,0,150.042566666667,591.58705,272898,273086,188
103,34,num1,205,147.520416666667,604.7541,273086,273274,188
103,35,return,215,147.030033333333,624.591416666667,273274,273464,190
103,35,return,215,144.730266666667,623.752383333333,273464,273651,187
103,0,blank,0,131.13365,622.801733333333,273651,273837,186
103,0,blank,0,87.83745,640.130433333333,273837,274022,185
103,36,},218,49.4671,663.307683333333,274022,274207,185
103,35,return,215,136.104416666667,625.753033333333,274207,274391,184
103,0,blank,0,70.62885,657.461383333333,274391,274577,186
103,0,blank,0,30.6138166666667,660.673783333333,274577,274765,188
103,0,blank,0,35.7819,692.6931,274765,274796,31
103,0,blank,0,77.7605,658.425416666667,274883,275061,178
103,0,blank,0,74.2135333333333,651.442383333333,275061,275247,186
103,37,return,219,66.862,668.582583333333,275247,275429,182
103,0,blank,0,32.1699666666667,667.740783333333,275429,275616,187
103,0,blank,0,7.40699999999999,683.621183333333,275616,275803,187
103,0,blank,0,0.40425,670.667533333333,275803,275993,190
103,0,blank,0,28.5342166666667,661.217916666667,275993,276182,189
103,0,blank,0,105.614583333333,634.243766666667,276182,276370,188
103,34,num1,205,127.72205,601.029333333333,276370,276558,188
103,34,(,204,118.292883333333,606.3496,276558,276748,190
103,0,blank,0,112.848483333333,612.556233333333,276748,276936,188
103,0,blank,0,120.28955,597.41745,276936,277125,189
103,0,blank,0,130.707833333333,577.605983333333,277125,277316,191
103,32,i,199,95.1042833333333,565.42805,277316,277507,191
103,0,blank,0,81.8523666666667,567.881766666667,277507,277675,168
103,34,num1,205,129.2468,618.3278,277675,277766,91
103,0,blank,0,132.2707,621.73795,277766,277956,190
103,0,blank,0,91.09505,515.515316666667,277956,278151,195
103,29,num2,174,85.5668166666667,505.16835,278151,278340,189
103,0,blank,0,71.4664833333333,470.92365,278340,278526,186
103,27,while,164,62.4992666666667,457.821433333333,278526,278712,186
103,0,blank,0,28.6883833333333,457.467033333333,278712,278899,187
103,0,blank,0,32.88465,445.10205,278899,278960,61
103,0,blank,0,111.786,340.560633333333,278991,279173,182
103,0,blank,0,102.665266666667,336.017583333333,279173,279361,188
103,0,blank,0,9.79046666666667,324.093866666667,279361,279550,189
103,21,while,135,44.5476666666667,317.095166666667,279550,279738,188
103,20,num1,113,103.715683333333,303.717766666667,279738,279924,186
103,0,blank,0,105.679,288.995433333333,279924,280110,186
103,21,array1,137,127.808833333333,315.571583333333,280110,280302,192
103,0,blank,0,125.784483333333,312.426033333333,280302,280487,185
103,21,array1,137,126.45275,317.941433333333,280487,280673,186
103,21,array1,137,158.782416666667,323.79305,280673,280858,185
103,21,array1,137,161.919,325.342033333333,280858,281041,183
103,0,blank,0,161.619916666667,339.400983333333,281041,281225,184
103,0,blank,0,169.657216666667,338.657333333333,281225,281410,185
103,21,array1,137,157.68695,333.064983333333,281410,281592,182
103,21,[,138,179.182216666667,320.8409,281592,281773,181
103,21,array1,137,172.537283333333,323.07295,281773,281953,180
103,21,[,138,181.07395,321.867316666667,281953,282135,182
103,21,[,138,177.41815,330.709683333333,282135,282315,180
103,0,blank,0,121.809583333333,339.17115,282315,282498,183
103,0,blank,0,161.586683333333,340.90235,282498,282678,180
103,0,blank,0,155.220266666667,378.8808,282678,282858,180
103,27,array2,166,136.221316666667,454.790033333333,282858,283037,179
103,0,blank,0,94.0939166666667,472.138766666667,283037,283215,178
103,0,blank,0,28.9318666666667,465.591333333333,283215,283395,180
103,0,blank,0,100.10635,470.881733333333,283395,283574,179
103,0,blank,0,124.260816666667,468.38445,283574,283751,177
103,0,blank,0,132.9957,478.181266666667,283751,283930,179
103,0,blank,0,152.431983333333,472.205916666667,283930,284110,180
103,27,array2,166,151.859216666667,465.258566666667,284110,284287,177
103,27,array2,166,154.247783333333,463.370983333333,284287,284466,179
103,27,array2,166,169.5873,458.266666666667,284466,284644,178
103,27,[,167,176.11415,465.575433333333,284644,284825,181
103,27,[,167,176.40932,459.60602,284825,284973,148
103,27,array2,166,171.4519,451.691833333333,285062,285240,178
103,27,array2,166,162.449633333333,457.4576,285240,285417,177
103,27,array2,166,150.3314,461.950683333333,285417,285593,176
103,0,blank,0,118.394616666667,473.6951,285593,285771,178
103,27,array2,166,114.562,461.220166666667,285771,285948,177
103,0,blank,0,62.7203833333333,477.513216666667,285948,286125,177
103,0,blank,0,37.5038666666667,469.610166666667,286125,286302,177
103,0,blank,0,35.6415333333333,480.324166666667,286302,286479,177
103,0,blank,0,55.6617666666667,499.778883333333,286479,286656,177
103,0,blank,0,59.7037166666667,522.09645,286656,286834,178
103,0,blank,0,59.9310833333333,543.433916666667,286834,287012,178
103,0,blank,0,63.8050166666667,531.19675,287012,287190,178
103,0,blank,0,60.7947166666667,533.134916666667,287190,287368,178
103,0,blank,0,62.3418,496.603583333333,287368,287547,179
103,32,for,189,67.8354333333333,555.38695,287547,287725,178
103,32,(,190,88.9257833333333,567.792716666667,287725,287903,178
103,32,=,192,115.683866666667,568.62865,287903,288082,179
103,0,blank,0,113.364366666667,596.8233,288082,288262,180
103,34,if,203,100.215933333333,601.351866666667,288262,288353,91
103,0,blank,0,29.6249833333333,668.99195,288383,288565,182
103,0,blank,0,24.0572333333333,680.95245,288565,288749,184
103,0,blank,0,58.9862333333333,654.644666666667,288749,288934,185
103,0,blank,0,62.4202166666667,642.121266666667,288934,289119,185
103,0,blank,0,14.6873166666667,661.565833333333,289119,289306,187
103,0,blank,0,12.1416,666.122583333333,289306,289490,184
103,0,blank,0,-350,-105,289553,289734,181
103,0,blank,0,-350,-105,289734,289895,161
103,0,blank,0,-350,-105,289895,290083,188
103,0,blank,0,-350,-105,290083,290229,146
103,0,blank,0,229.46795,596.64285,290245,290436,191
103,0,blank,0,214.148316666667,584.5964,290436,290632,196
103,32,0,193,141.61016,558.14468,290632,290797,165
103,0,blank,0,767.836166666667,302.163333333333,290923,291108,185
103,0,blank,0,939.35975,340.75815,291108,291264,156
103,0,blank,0,992.6134,321.30742,291264,291452,188
103,0,blank,0,988.574166666667,306.89575,291452,291647,195
103,0,blank,0,992.154666666667,321.1333,291647,291836,189
103,0,blank,0,1005.85166666667,336.79025,291836,292027,191
103,0,blank,0,1011.20466666667,327.073666666667,292027,292219,192
103,0,blank,0,986.479,308.5836,292219,292287,68
103,0,blank,0,457.969316666667,95.6003666666667,292351,292541,190
103,11,find_anagram,62,190.743233333333,107.9376,292573,292764,191
103,0,blank,0,192.8803,160.8912,292764,292796,32
104,13,"%sand%sareanagrams.\n",77,179.4641,284.395016666667,293356,293541,185
104,12,1,73,166.70215,257.888233333333,293541,293726,185
104,11,find_anagram,62,164.44255,239.047683333333,293726,293909,183
104,0,blank,0,189.725233333333,245.9681,293909,294098,189
104,0,blank,0,190.964233333333,256.397983333333,294098,294286,188
104,0,blank,0,295.355033333333,305.226516666667,294316,294500,184
104,13,"%sand%sareanagrams.\n",77,226.053883333333,280.414,294500,294686,186
104,13,"%sand%sareanagrams.\n",77,201.641083333333,287.54525,294686,294870,184
104,13,"%sand%sareanagrams.\n",77,221.056916666667,278.79775,294870,295056,186
104,0,blank,0,248.7397,291.1405,295056,295087,31
104,0,blank,0,264.1203,652.487033333333,295150,295330,180
104,11,find_anagram,62,189.9698,236.744983333333,295391,295577,186
104,0,blank,0,209.92755,260.080666666667,295577,295764,187
104,0,blank,0,215.067083333333,253.6473,295764,295956,192
104,0,blank,0,988.269666666667,132.971983333333,296018,296205,187
104,0,blank,0,996.1925,135.6429,296205,296388,183
104,0,blank,0,984.611666666667,177.240483333333,296388,296573,185
104,0,blank,0,982.5688,162.72408,296573,296730,157
104,0,blank,0,332.228433333333,257.2714,296793,296984,191
104,0,blank,0,331.9039,253.496,296984,297014,30
104,0,blank,0,463.7463,244.8802,297046,297233,187
104,0,blank,0,461.494933333333,266.072633333333,297233,297326,93
104,0,blank,0,1003.0405,211.26695,297388,297575,187
104,0,blank,0,369.459683333333,254.974583333333,297637,297822,185
104,0,blank,0,957.947,157.757175,297884,298083,199
104,0,blank,0,999.749,160.9761,298083,298181,98
104,0,blank,0,987.6365,169.9341,298181,298355,174
104,0,blank,0,983.5995,175.381633333333,298355,298547,192
104,0,blank,0,992.797,178.9695,298547,298579,32
104,0,blank,0,555.83664,361.1281,298642,298802,160
105,35,return,215,183.545933333333,633.522566666667,299770,299961,191
105,0,blank,0,195.275833333333,644.308283333333,299961,300150,189
105,35,0,216,196.758233333333,638.93325,300150,300335,185
105,0,blank,0,202.9392,641.199525,300335,300490,155
105,0,blank,0,-350,-105,300522,300706,184
105,0,blank,0,-350,-105,300706,300749,43
105,37,return,219,91.5606,680.27032,300779,300920,141
105,0,blank,0,234.158616666667,620.06765,301188,301369,181
105,0,blank,0,240.259633333333,627.959766666667,301369,301551,182
105,0,blank,0,244.466766666667,632.78435,301551,301739,188
105,0,blank,0,233.002066666667,638.095216666667,301739,301924,185
105,0,blank,0,221.68595,669.057583333333,301924,302110,186
105,0,blank,0,-350,-105,302141,302326,185
105,0,blank,0,-350,-105,302326,302374,48
105,0,blank,0,122.0706,658.8759,302400,302425,25
105,37,;,221,128.074733333333,675.951333333333,302491,302573,82
105,34,num1,205,149.5051,614.568,302573,302839,266
105,0,blank,0,-350,-105,303037,303221,184
105,0,blank,0,153.0667,537.7872,303389,303416,27
105,0,blank,0,240.961,630.623375,303506,303658,152
105,32,26,197,212.5093,572.3586,303658,303916,258
105,0,blank,0,140.71805,591.653366666667,303916,304095,179
105,0,blank,0,141.796416666667,592.8169,304095,304278,183
105,0,blank,0,164.993633333333,601.635333333333,304278,304457,179
105,0,blank,0,285.95045,668.2571,304457,304519,62
105,0,blank,0,-350,-105,304550,304671,121
105,34,num2,210,264.226166666667,613.245716666667,304725,304900,175
105,0,blank,0,266.264916666667,626.8238,304900,305079,179
105,0,blank,0,214.063066666667,596.523966666667,305079,305231,152
105,34,num2,210,261.39255,606.4803,305231,305320,89
105,32,++,200,265.1536,575.8553,305384,305410,26
105,0,blank,0,-350,-105,305442,305612,170
105,0,blank,0,214.30355,643.7233,305643,305777,134
105,0,blank,0,986.9055,273.24735,306079,306265,186
105,0,blank,0,987.52225,278.664325,306265,306388,123
105,0,blank,0,934.195,288.8058,306388,306476,88
105,0,blank,0,519.8356,390.5727,306506,306537,31
105,0,blank,0,511.7023,389.693075,306602,306728,126
105,0,blank,0,533.4451,-103.7226,306791,306824,33
105,0,blank,0,685.967333333333,675.20065,307151,307331,180
105,0,blank,0,-350,-105,307393,307579,186
105,0,blank,0,-350,-105,307579,307758,179
105,0,blank,0,-350,-105,307758,307956,198
105,0,blank,0,-350,-105,307956,308130,174
105,0,blank,0,-350,-105,308130,308323,193
105,0,blank,0,-350,-105,308323,308527,204
105,0,blank,0,-350,-105,308527,308703,176
105,0,blank,0,-350,-105,308703,308814,111
105,0,blank,0,-350,-105,308814,309068,254
105,0,blank,0,-350,-105,309068,309093,25
