Frameno_fix,lineno_fix,Tokenname_fix,tokens_id,gaze_X_fix,gaze_Y_fix,timestamp_fix_start,timestamp_fix_end,time_duration
100,0,blank,0,96.1157,-64.27475,5451,5520,69
100,0,blank,0,84.7311,-43.0008,5622,5656,34
100,0,blank,0,413.9937,-8.2225,5897,5965,68
100,0,blank,0,536.7258,-14.4116,6035,6069,34
100,0,blank,0,539.4938,-31.5782,6104,6138,34
100,0,blank,0,540.4932,-16.2163,6172,6206,34
100,0,blank,0,648.7194,-23.68625,6275,6343,68
100,0,blank,0,613.61,-26.064,6513,6546,33
100,0,blank,0,633.2935,-30.5321,6648,6683,35
100,0,blank,0,581.9957,-2.54900000000001,6752,6786,34
100,0,blank,0,-350,-105,7023,7212,189
100,0,blank,0,175.4256,-5.6801,7306,7340,34
100,1,Check,6,183.2495,11.5401,7374,7408,34
100,1,Program,4,111.9039,20.5619,7475,7510,35
100,1,whether,7,250.266516666667,23.0573833333333,7675,7874,199
100,1,Strings,9,389.24385,8.9976,7907,7973,66
100,0,blank,0,383.959,-13.4642,8007,8041,34
100,0,blank,0,-350,-105,8109,8218,109
100,15,"%sand%sarenotanagrams.\n",87,188.1632,316.39845,8356,8406,50
100,0,blank,0,198.874866666667,517.4694,8473,8576,103
100,18,find_anagram,99,123.478366666667,392.359733333333,8883,8984,101
100,0,blank,0,1004.039,467.958,9292,9326,34
100,0,blank,0,1016.69333333333,589.265,9454,9578,124
100,0,blank,0,-350,-105,9704,9873,169
100,9,"Enteranotherstring\n",52,254.347,185.5667,10012,10039,27
100,0,blank,0,252.8575,168.2132,10109,10143,34
100,0,blank,0,147.618,57.9642,10396,10421,25
100,0,blank,0,139.8523,65.9124,10490,10524,34
100,0,blank,0,175.9947,210.2479,10730,10755,25
100,0,blank,0,210.2137,408.6708,10924,10959,35
100,13,"%sand%sareanagrams.\n",77,227.5193,272.1436,11526,11562,36
100,11,find_anagram,62,208.213866666667,231.707633333333,11596,11702,106
100,0,blank,0,176.4495,211.5823,11774,11810,36
100,0,blank,0,153.538525,84.559375,12092,12233,141
100,2,<,16,102.10296,28.07116,12269,12448,179
100,0,blank,0,103.39025,32.1929,12448,12520,72
100,1,Check,6,162.699066666667,8.27166666666667,12555,12660,105
100,0,blank,0,-350,-105,12736,12797,61
100,7,"Enterthestring\n",42,174.4011,142.4746,12853,12884,31
100,7,"Enterthestring\n",42,164.27575,138.3013,12921,12996,75
100,0,blank,0,143.14125,83.3722,13070,13144,74
100,5,array1,27,150.04378,92.88884,13180,13358,178
100,5,array1,27,150.53745,96.8884,13358,13430,72
100,0,blank,0,113.25925,137.55975,13466,13537,71
100,7,"Enterthestring\n",42,124.3351,140.13205,13607,13678,71
100,8,array1,47,148.6601,162.1769,13712,13748,36
100,5,array1,27,124.7584,102.31595,14145,14209,64
100,0,blank,0,305.6452,133.5583,14431,14466,35
100,5,100,34,187.509766666667,95.8522333333333,14687,14792,105
100,0,blank,0,90.5532,38.2265,14830,14867,37
100,1,Program,4,78.7204,14.6716,14949,14990,41
100,2,include,15,82.338625,27.152075,15032,15198,166
100,16,return,94,58.6417,348.9357,15362,15403,41
100,0,blank,0,60.3645,361.941,15487,15527,40
100,0,blank,0,68.39435,375.219625,15569,15738,169
100,0,blank,0,72.68705,368.8146,15738,15821,83
100,0,blank,0,141.41845,371.95515,15902,16066,164
100,0,blank,0,150.1131,365.47205,16066,16144,78
100,0,blank,0,150.505,372.0582,16224,16303,79
100,0,blank,0,92.8128666666667,372.847266666667,16342,16461,119
100,0,blank,0,43.31845,373.29575,16654,16732,78
100,0,blank,0,118.997175,52.15415,16808,16972,164
100,0,blank,0,122.2365,61.9361,16972,17053,81
100,11,find_anagram,62,123.1314,238.47008,17094,17287,193
100,11,find_anagram,62,116.3612,235.6844,17287,17367,80
100,10,(,56,85.009425,210.66345,17409,17565,156
100,8,array1,47,105.1638,160.7165,17642,17682,40
100,0,blank,0,91.79832,26.77192,17761,17959,198
100,0,blank,0,55.4658,2.1491,17996,18081,85
100,1,Program,4,63.5757,12.1874,18081,18207,126
100,1,Program,4,55.56582,20.9666,18521,18714,193
100,1,Program,4,59.5373333333333,15.5047666666667,18714,18831,117
100,0,blank,0,63.61635,419.94525,18909,19063,154
100,0,blank,0,69.40265,368.75525,19101,19252,151
100,18,find_anagram,99,133.44585,381.634825,19290,19437,147
100,18,int,98,25.58348,377.64222,19511,19696,185
100,18,int,98,28.8167,380.5709,19696,19732,36
100,18,find_anagram,99,150.0508,383.519,19915,19951,36
100,18,char,106,229.866125,381.96805,19986,20134,148
100,18,char,106,221.4966,385.8952,20171,20210,39
100,18,char,106,348.9142,396.5535,20245,20317,72
100,18,comma,105,328.99105,394.4361,20424,20495,71
100,18,char,106,340.57365,389.60815,20602,20675,73
100,18,(,100,174.1929,380.3911,20777,20812,35
100,18,char,106,184.629925,378.16665,20847,20984,137
100,13,"%sand%sareanagrams.\n",77,220.6013,274.05445,21052,21119,67
100,13,"%sand%sareanagrams.\n",77,219.3801,267.8653,21192,21229,37
100,0,blank,0,440.3801,291.0978,21301,21334,33
100,0,blank,0,443.241766666667,302.493333333333,21371,21476,105
100,0,blank,0,429.3369,309.1741,21513,21550,37
100,10,array2,57,135.9746,203.854933333333,21693,21797,104
100,9,"Enteranotherstring\n",52,159.6423,192.1699,21832,21868,36
100,9,"Enteranotherstring\n",52,155.09875,186.6211,21903,22049,146
100,9,printf,50,93.52285,199.69525,22085,22158,73
100,10,(,56,92.62185,213.422575,22193,22337,144
100,0,blank,0,115.45095,87.00615,22480,22550,70
100,5,array1,27,101.4172,101.4144,22586,22658,72
100,3,main,22,70.98695,52.45355,22795,22855,60
100,3,main,22,68.7508,64.7469,22889,22957,68
100,0,blank,0,74.50955,90.3306,23025,23093,68
100,5,array1,27,123.8426,96.7075,23161,23195,34
100,5,array1,27,121.806466666667,98.1208,23229,23360,131
100,5,char,26,58.6753666666667,92.6911333333333,23431,23538,107
100,0,blank,0,79.4359,112.964025,23672,23797,125
100,0,blank,0,135.80495,114.911,23834,23903,69
100,6,;,39,128.735566666667,122.083966666667,23937,24042,105
100,0,blank,0,172.15818,120.21992,24078,24253,175
100,6,flag,38,122.74342,129.22824,24288,24462,174
100,6,;,39,126.7216,131.75985,24462,24531,69
100,0,blank,0,183.75394,128.75168,24599,24770,171
100,0,blank,0,247.44842,124.30032,24805,24976,171
100,0,blank,0,247.664633333333,124.0538,24976,25077,101
100,0,blank,0,278.9064,129.8517,25112,25215,103
100,7,printf,40,74.0461,137.2791,25319,25354,35
100,7,printf,40,86.4742,136.648,25387,25492,105
100,7,printf,40,65.68214,149.1377,25526,25695,169
100,7,printf,40,70.45785,140.30625,25695,25764,69
100,8,array1,47,96.2059666666667,158.6921,25797,25901,104
100,0,blank,0,173.467266666667,160.167666666667,25968,26072,104
100,0,blank,0,242.64224,168.9934,26173,26368,195
100,8,array1,47,114.1199,165.3565,26436,26470,34
100,8,array1,47,121.539333333333,166.170566666667,26503,26607,104
100,9,printf,50,74.81345,180.622375,26641,26777,136
100,0,blank,0,-350,-105,26812,26872,60
100,8,array1,47,98.7861,168.4888,27055,27081,26
100,0,blank,0,85.7563666666667,408.0603,27960,28078,118
100,0,blank,0,62.8913,408.459933333333,28113,28212,99
100,18,char,106,207.0668,397.1792,28312,28345,33
100,18,char,106,189.6243,391.4856,28379,28411,32
100,0,blank,0,187.1285,409.2108,28443,28476,33
100,0,blank,0,84.8010333333333,134.93685,28577,28774,197
100,7,printf,40,82.0297,149.94535,28774,28841,67
100,8,gets,45,79.3807,161.2282,28908,28974,66
100,8,(,46,87.0525833333333,175.201133333333,29041,29240,199
100,8,gets,45,73.8912,169.8218,29240,29275,35
100,8,gets,45,67.03654,175.0944,29307,29474,167
100,8,gets,45,59.5834,167.7975,29474,29507,33
100,9,printf,50,68.07485,180.1803,29541,29608,67
100,9,"Enteranotherstring\n",52,120.37548,179.43364,29674,29842,168
100,9,"Enteranotherstring\n",52,123.733325,179.21795,29842,29976,134
100,8,gets,45,61.6057,168.9216,30078,30111,33
100,0,blank,0,-350,-105,30145,30332,187
100,0,blank,0,-350,-105,30332,30505,173
100,8,gets,45,63.97408,171.45762,30576,30760,184
100,9,printf,50,62.7501,186.0909,30760,30823,63
100,9,printf,50,62.16896,182.94184,30892,31060,168
100,9,printf,50,63.237,186.8299,31060,31093,33
100,8,array1,47,108.841925,160.909675,31126,31260,134
100,6,flag,38,100.51868,126.91136,31361,31527,166
100,6,flag,38,102.60725,123.32325,31527,31595,68
100,9,printf,50,68.3296333333333,191.097266666667,31661,31764,103
100,9,printf,50,72.1725,186.0807,31797,31830,33
100,8,gets,45,59.8774333333334,163.566966666667,31973,32086,113
100,9,printf,50,66.168775,192.626575,32133,32286,153
100,8,array1,47,152.38695,161.8151,32896,32970,74
100,0,blank,0,-350,-105,33007,33154,147
100,0,blank,0,-350,-105,33154,33280,126
100,10,gets,55,55.3780666666667,210.884866666667,33376,33483,107
100,10,gets,55,68.7391666666667,208.386633333333,33519,33625,106
100,0,blank,0,-350,-105,33695,33885,190
100,0,blank,0,-350,-105,33885,34041,156
100,0,blank,0,-350,-105,34041,34086,45
100,0,blank,0,36.2341,43.0534,34504,34543,39
100,9,printf,50,71.9029333333333,187.155433333333,35031,35146,115
100,7,printf,40,67.5943,146.0933,35179,35213,34
100,7,printf,40,68.154275,153.91405,35246,35380,134
100,6,flag,38,113.3301,130.5565,35449,35483,34
100,6,flag,38,122.0882,119.3204,35552,35585,33
100,0,blank,0,160.61102,112.7311,35724,35902,178
100,5,[,33,159.169,103.6976,35902,35938,36
100,0,blank,0,186.591166666667,115.424466666667,36011,36122,111
100,3,main,22,67.14036,63.3586,36220,36397,177
100,6,flag,38,89.8136,119.6277,36508,36544,36
100,6,flag,38,92.2046,122.25695,36579,36721,142
100,6,flag,38,114.29628,120.6202,36757,36937,180
100,6,flag,38,107.088975,115.787775,36937,37111,174
100,6,flag,38,103.6998,123.2457,37111,37184,73
100,0,blank,0,-350,-105,37253,37290,37
100,6,flag,38,109.4121,119.94508,37443,37618,175
100,6,flag,38,106.187075,121.1755,37618,37761,143
100,7,printf,40,71.4784,135.2686,37795,37971,176
100,7,printf,40,64.7112,139.5948,37971,38005,34
100,7,(,41,110.867,139.798,38075,38110,35
100,6,flag,38,112.0594,126.9109,38146,38180,34
100,6,flag,38,116.44702,130.44172,38216,38394,178
100,6,flag,38,112.668,123.9985,38394,38467,73
100,0,blank,0,-350,-105,38591,38787,196
100,0,blank,0,-350,-105,38787,38948,161
100,0,blank,0,-350,-105,38948,39130,182
100,0,blank,0,-350,-105,39130,39321,191
100,0,blank,0,-350,-105,39321,39502,181
100,0,blank,0,-350,-105,39502,39666,164
100,0,blank,0,-350,-105,39666,39830,164
100,0,blank,0,-350,-105,39830,39978,148
100,0,blank,0,-350,-105,39978,40142,164
100,0,blank,0,-350,-105,40142,40339,197
100,0,blank,0,-350,-105,40339,40521,182
100,0,blank,0,-350,-105,40521,40700,179
100,0,blank,0,-350,-105,40700,40896,196
100,0,blank,0,-350,-105,40896,40930,34
100,0,blank,0,-350,-105,40930,41192,262
100,0,blank,0,-350,-105,41192,41496,304
100,0,blank,0,-350,-105,41496,41670,174
100,0,blank,0,-350,-105,41670,41845,175
100,0,blank,0,-350,-105,41845,41986,141
100,0,blank,0,230.0088,169.7054,43118,43175,57
100,0,blank,0,225.10128,157.06076,43211,43390,179
100,0,blank,0,294.213766666667,166.835833333333,43426,43530,104
100,0,blank,0,289.800333333333,158.0703,43565,43675,110
100,8,gets,45,83.4008333333334,175.139966666667,43862,43973,111
100,8,array1,47,141.9613,160.011966666667,44380,44485,105
100,0,blank,0,151.9392,156.3214,44592,44666,74
100,9,"Enteranotherstring\n",52,145.1903,197.3947,44887,44923,36
100,9,printf,50,72.65125,191.8774,44959,45033,74
100,0,blank,0,188.565433333333,217.099333333333,45433,45539,106
100,10,array2,57,140.224425,217.616075,45612,45764,152
100,0,blank,0,256.39698,215.11394,45800,45978,178
100,0,blank,0,251.5092,212.3688,45978,46011,33
100,0,blank,0,196.39302,213.19594,46115,46286,171
100,0,blank,0,195.8911,217.689,46286,46320,34
100,9,"Enteranotherstring\n",52,198.6776,191.3035,46353,46423,70
100,9,"Enteranotherstring\n",52,209.4953,199.9385,46448,46483,35
100,9,"Enteranotherstring\n",52,264.803866666667,192.438,46589,46695,106
100,0,blank,0,262.0741,200.0826,46766,46802,36
100,2,include,15,50.60806,38.29342,46873,47051,178
100,2,include,15,53.5298,33.8965,47051,47086,35
100,0,blank,0,44.8577,-2.32205,47157,47226,69
100,0,blank,0,34.3475,7.0446,47361,47396,35
100,0,blank,0,37.7183,-17.1716,47430,47465,35
100,0,blank,0,-350,-105,47500,47535,35
100,0,blank,0,124.87106,-14.95228,47809,47979,170
100,0,blank,0,121.9826,-15.3668,47979,48153,174
100,0,blank,0,118.9732,-11.15895,48153,48222,69
100,0,blank,0,23.4898,-19.0470333333333,48292,48399,107
100,0,blank,0,49.2923,332.62765,48505,48578,73
100,16,return,94,44.09025,347.83425,48685,48758,73
100,0,blank,0,125.598675,358.6184,48828,48972,144
100,16,;,96,131.7137,347.3268,49006,49041,35
100,0,blank,0,147.5636,156.4127,49110,49307,197
100,0,blank,0,139.5163,125.006366666667,49375,49478,103
100,5,char,26,68.34596,103.40104,49579,49748,169
100,5,char,26,70.4003,107.6587,49748,49781,33
100,0,blank,0,130.71314,75.06486,49847,50013,166
100,0,blank,0,237.555433333333,72.1467666666667,50116,50217,101
100,11,find_anagram,62,169.6993,225.7067,50286,50320,34
100,11,find_anagram,62,188.2837,226.3863,50354,50389,35
100,11,find_anagram,62,172.4224,224.8914,50424,50492,68
100,0,blank,0,278.443766666667,208.438533333333,50561,50663,102
100,0,blank,0,267.7128,208.2426,50698,50731,33
100,0,blank,0,332.88135,214.17975,50765,50835,70
100,0,blank,0,-350,-105,50902,50988,86
100,10,array2,57,122.5386,221.4725,51013,51043,30
100,10,array2,57,117.5534,219.3937,51115,51173,58
100,10,gets,55,67.2937,217.8074,51271,51304,33
100,11,flag,60,76.2615,231.50936,51339,51505,166
100,11,find_anagram,62,130.7107,233.970116666667,51571,51769,198
100,0,blank,0,229.22884,254.38292,51803,51971,168
100,0,blank,0,228.713525,255.0575,51971,52107,136
100,0,blank,0,136.99085,244.3409,52140,52208,68
100,12,==,72,145.183233333333,254.497433333333,52242,52343,101
100,12,1,73,169.5542,246.210333333333,52410,52514,104
100,11,array2,66,362.0457,243.09275,52874,52946,72
100,0,blank,0,229.13762,251.54626,53020,53201,181
100,0,blank,0,232.405,252.65845,53201,53273,72
100,0,blank,0,415.183433333333,243.8988,53836,53943,107
100,0,blank,0,473.3214,252.5214,54016,54054,38
100,0,blank,0,459.565733333333,260.561733333333,54233,54340,107
100,0,blank,0,551.6313,252.8102,54375,54409,34
100,0,blank,0,550.5858,248.0752,54481,54516,35
100,11,find_anagram,62,130.9696,234.2196,54770,54806,36
100,13,printf,75,112.418325,273.964725,54947,55084,137
100,0,blank,0,247.3126,294.00852,55154,55331,177
100,0,blank,0,250.6448,293.9732,55331,55366,35
100,0,blank,0,310.624,297.617666666667,55438,55544,106
100,0,blank,0,359.352666666667,299.508166666667,55579,55687,108
100,0,blank,0,484.4466,296.2136,55759,55832,73
100,13,array1,79,497.7275,281.4636,55903,55939,36
100,0,blank,0,145.88245,373.921775,56515,56667,152
100,0,blank,0,70.43626,368.46858,56705,56890,185
100,0,blank,0,75.44454,363.71132,56890,57068,178
100,0,blank,0,128.23185,407.95585,57104,57176,72
100,27,array2,166,143.84502,586.15344,57456,57635,179
100,27,array2,166,137.29875,594.17695,57635,57703,68
100,0,blank,0,-350,-105,57739,57930,191
100,0,blank,0,133.21375,356.850775,57957,58084,127
100,16,return,94,86.4589333333333,343.892666666667,58152,58257,105
100,16,return,94,91.9473,349.4046,58292,58360,68
100,15,"%sand%sarenotanagrams.\n",87,216.2043,322.6192,58430,58464,34
100,0,blank,0,225.3875,349.7422,58537,58570,33
100,0,blank,0,242.67155,362.48885,58636,58705,69
100,0,blank,0,250.5722,371.535,58773,58814,41
100,0,blank,0,-350,-105,59019,59143,124
100,0,blank,0,-350,-105,59143,59303,160
100,0,blank,0,329.0273,401.55695,59389,59460,71
100,18,char,106,193.6376,397.3798,59533,59603,70
100,0,blank,0,-350,-105,59750,59923,173
100,0,blank,0,49.2099,75.5526,60084,60122,38
100,3,main,22,55.5554,61.8736,60157,60193,36
100,3,int,21,14.6951,65.4382,60265,60302,37
100,0,blank,0,21.1432,84.6326,60370,60407,37
100,0,blank,0,-350,-105,60486,60571,85
100,0,blank,0,41.2011,118.842175,61403,61552,149
100,8,array1,47,101.7605,162.013,61877,61910,33
100,7,printf,40,76.3247,142.8515,61943,61977,34
100,6,flag,38,87.2421,127.98855,62080,62148,68
100,0,blank,0,64.7453,74.4564666666667,62287,62389,102
100,0,blank,0,-350,-105,62493,62692,199
100,0,blank,0,-350,-105,62692,62868,176
100,0,blank,0,213.437725,54.5682,63163,63303,140
100,0,blank,0,333.811133333333,60.0599333333333,63408,63513,105
100,0,blank,0,436.279066666667,41.0388,63806,63918,112
100,3,main,22,70.2738,56.1502,64307,64449,142
100,1,whether,7,279.547233333333,11.0064333333333,64659,64772,113
100,0,blank,0,284.9418,-3.4011,64843,64883,40
100,0,blank,0,287.27445,21.1969,64917,64984,67
100,15,printf,85,116.4315,311.2815,65189,65222,33
100,18,find_anagram,99,94.9643,396.7033,65617,65653,36
100,20,num1,113,95.79035,434.76925,65688,65755,67
100,0,blank,0,148.286133333333,412.546833333333,65889,65991,102
100,18,char,106,209.68674,389.73874,66092,66265,173
100,18,char,106,220.08135,394.95075,66265,66336,71
100,18,array1,102,279.52574,390.38972,66371,66547,176
100,18,array1,102,271.579,397.5296,66547,66583,36
100,18,array1,102,278.8951,394.0697,66617,66653,36
100,18,find_anagram,99,103.042333333333,388.461133333333,66760,66866,106
100,0,blank,0,107.6086,332.5557,66901,66936,35
100,0,blank,0,164.933425,353.4172,67040,67179,139
100,0,blank,0,244.6189,351.22304,67247,67418,171
100,0,blank,0,238.9709,353.7354,67418,67453,35
100,0,blank,0,354.514,361.9243,67488,67522,34
100,0,blank,0,348.24955,355.7079,67557,67626,69
100,0,blank,0,378.52115,355.3599,67699,67765,66
100,0,blank,0,-350,-105,67834,67867,33
100,18,find_anagram,99,100.6986,386.9331,68018,68048,30
100,18,find_anagram,99,92.6953,393.40684,68083,68255,172
100,0,blank,0,92.0995,399.0621,68255,68289,34
100,0,blank,0,116.5486,408.0508,68324,68358,34
100,18,find_anagram,99,122.0281,394.6257,68391,68428,37
100,0,blank,0,75.4571666666667,411.704566666667,68459,68562,103
100,0,blank,0,80.37,412.829633333333,68628,68729,101
100,18,find_anagram,99,122.876675,397.2683,68862,68996,134
100,20,num1,113,122.7798,422.3597,69030,69066,36
100,0,blank,0,125.94394,405.32372,69099,69271,172
100,0,blank,0,189.8853,400.03318,69340,69527,187
100,0,blank,0,190.474075,410.464025,69527,69665,138
100,18,char,106,193.4202,385.6865,69699,69733,34
100,18,char,106,202.0814,396.9017,69768,69803,35
100,0,blank,0,-350,-105,70018,70217,199
100,0,blank,0,-350,-105,70217,70396,179
100,0,blank,0,-350,-105,70396,70584,188
100,0,blank,0,-350,-105,70584,70780,196
100,0,blank,0,-350,-105,70780,71084,304
100,0,blank,0,-350,-105,71084,71398,314
100,0,blank,0,-350,-105,71398,71506,108
100,0,blank,0,-350,-105,71506,71671,165
100,0,blank,0,-350,-105,71671,71856,185
100,0,blank,0,-350,-105,71856,72001,145
100,0,blank,0,-350,-105,72001,72181,180
100,0,blank,0,-350,-105,72181,72351,170
100,0,blank,0,-350,-105,72351,72538,187
100,0,blank,0,-350,-105,72538,72727,189
100,0,blank,0,-350,-105,72727,72900,173
100,0,blank,0,-350,-105,72900,73073,173
100,0,blank,0,-350,-105,73073,73181,108
100,0,blank,0,-350,-105,73181,73342,161
100,0,blank,0,-350,-105,73342,73528,186
100,0,blank,0,-350,-105,73528,73679,151
100,0,blank,0,-350,-105,73679,73863,184
100,0,blank,0,-350,-105,73863,74030,167
100,0,blank,0,-350,-105,74030,74216,186
100,0,blank,0,-350,-105,74216,74403,187
100,0,blank,0,-350,-105,74403,74478,75
100,0,blank,0,-350,-105,74478,74631,153
100,0,blank,0,-350,-105,74631,74775,144
100,0,blank,0,-350,-105,74775,74998,223
100,0,blank,0,-350,-105,74998,75194,196
100,0,blank,0,-350,-105,75194,75374,180
100,0,blank,0,-350,-105,75374,75559,185
100,0,blank,0,-350,-105,75559,75728,169
100,0,blank,0,-350,-105,75728,75916,188
100,0,blank,0,-350,-105,75916,76054,138
100,0,blank,0,-350,-105,76054,76229,175
100,0,blank,0,-350,-105,76229,76401,172
100,0,blank,0,-350,-105,76401,76600,199
100,0,blank,0,-350,-105,76600,76768,168
100,0,blank,0,-350,-105,76768,76966,198
100,0,blank,0,-350,-105,76966,77097,131
100,0,blank,0,-350,-105,77097,77301,204
100,0,blank,0,-350,-105,77301,77493,192
100,0,blank,0,-350,-105,77493,77547,54
100,0,blank,0,-350,-105,77547,77748,201
100,0,blank,0,-350,-105,77748,77958,210
100,0,blank,0,-350,-105,77958,78204,246
100,0,blank,0,-350,-105,78204,78277,73
100,0,blank,0,-350,-105,78277,78532,255
100,0,blank,0,-350,-105,78532,78786,254
100,0,blank,0,-350,-105,78786,79040,254
100,0,blank,0,-350,-105,79040,79219,179
100,0,blank,0,-350,-105,79219,79392,173
100,0,blank,0,-350,-105,79392,79678,286
100,0,blank,0,-350,-105,79678,79715,37
100,0,blank,0,-350,-105,79715,80039,324
100,0,blank,0,-350,-105,80039,80238,199
100,0,blank,0,-350,-105,80238,80371,133
100,0,blank,0,-350,-105,80371,80552,181
100,0,blank,0,-350,-105,80552,80728,176
100,0,blank,0,-350,-105,80728,80942,214
100,0,blank,0,-350,-105,80942,80994,52
100,0,blank,0,-350,-105,80994,81198,204
100,0,blank,0,-350,-105,81198,81250,52
100,0,blank,0,-350,-105,82007,82086,79
100,18,char,106,208.62414,389.232,82484,82673,189
100,0,blank,0,207.17805,373.60625,82673,82746,73
100,18,char,106,204.74825,392.03395,82783,82859,76
100,0,blank,0,287.241033333333,400.9025,83198,83312,114
100,18,find_anagram,99,158.5799,379.2656,83630,83712,82
100,18,find_anagram,99,143.61055,383.0326,83757,83833,76
100,0,blank,0,-350,-105,84145,84315,170
100,0,blank,0,-350,-105,84315,84491,176
100,0,blank,0,-350,-105,84491,84675,184
100,0,blank,0,-350,-105,84675,84852,177
100,0,blank,0,-350,-105,84852,84988,136
100,0,blank,0,-350,-105,84988,85140,152
100,0,blank,0,-350,-105,85140,85330,190
100,0,blank,0,-350,-105,85330,85524,194
100,0,blank,0,-350,-105,85524,85672,148
100,0,blank,0,-350,-105,85672,85868,196
100,0,blank,0,-350,-105,85868,86023,155
100,0,blank,0,-350,-105,86023,86220,197
100,0,blank,0,-350,-105,86220,86415,195
100,0,blank,0,-350,-105,86415,86587,172
100,0,blank,0,-350,-105,86587,86780,193
100,0,blank,0,-350,-105,86780,86937,157
100,21,0,142,264.0286,446.8717,87181,87218,37
100,0,blank,0,219.34045,442.7443,87281,87350,69
100,0,blank,0,200.2621,415.9426,87681,87716,35
100,20,0,133,212.9578,433.8969,87750,87785,35
100,0,blank,0,173.20155,414.374,87819,87888,69
100,0,blank,0,153.9872,404.3989,87956,87991,35
100,0,blank,0,207.6097,420.5575,88094,88162,68
100,0,blank,0,170.6339,410.71,88370,88405,35
100,0,blank,0,189.34255,421.10575,88439,88509,70
100,21,],140,195.7078,446.1678,88542,88577,35
100,0,blank,0,316.5049,391.3634,88715,88749,34
100,0,blank,0,304.8717,373.734,88784,88818,34
100,0,blank,0,310.575425,368.801575,88852,88987,135
100,18,char,106,192.8862,380.6842,89088,89121,33
100,0,blank,0,-350,-105,89190,89303,113
100,0,blank,0,168.4743,408.8969,89353,89386,33
100,0,blank,0,170.317933333333,408.997466666667,89419,89519,100
100,18,find_anagram,99,150.4087,396.3888,89553,89621,68
100,18,find_anagram,99,145.9612,381.010083333333,89653,89852,199
100,18,find_anagram,99,140.4223,380.6363,89884,89918,34
100,0,blank,0,192.6671,438.7792,89951,89983,32
100,21,],140,194.1533,451.2298,90017,90050,33
100,0,blank,0,189.13355,437.48235,90082,90149,67
100,20,[,123,132.2499,436.7777,90182,90215,33
100,20,],125,160.89815,438.44325,90314,90380,66
100,20,{,127,195.204,429.8475,90445,90479,34
100,0,blank,0,194.3442,442.7074,90545,90579,34
100,0,blank,0,-350,-105,90612,90801,189
100,0,blank,0,-350,-105,90801,90991,190
100,0,blank,0,-350,-105,90991,91096,105
100,0,blank,0,228.4625,414.184033333333,91144,91245,101
100,18,char,106,214.6509,390.9619,91278,91314,36
100,7,"Enterthestring\n",42,241.1222,153.5063,91479,91512,33
100,0,blank,0,-350,-105,91647,91835,188
100,0,blank,0,-350,-105,91835,91991,156
100,20,{,127,195.5179,429.2304,92102,92137,35
100,20,26,124,140.4666,428.7289,92244,92281,37
100,0,blank,0,191.4057,432.6516,92585,92615,30
100,20,26,124,153.17552,436.09032,92648,92816,168
100,20,{,127,199.719533333333,430.2714,92851,92951,100
100,20,0,133,210.4511,433.90405,92984,93051,67
100,0,blank,0,168.98445,435.027825,93218,93351,133
100,0,blank,0,168.80985,434.3487,93385,93453,68
100,0,blank,0,176.28675,442.982,93485,93552,67
100,0,blank,0,204.6453,418.5468,93749,93783,34
100,0,blank,0,-350,-105,93849,94036,187
100,0,blank,0,-350,-105,94036,94195,159
100,0,blank,0,-350,-105,94195,94238,43
100,0,blank,0,196.0357,421.479,94270,94390,120
100,20,=,132,174.3528,424.3494,94423,94456,33
100,0,blank,0,-350,-105,94489,94625,136
100,20,=,132,178.374766666667,439.471866666667,94781,94870,89
100,20,{,127,202.39165,436.6344,94968,95034,66
100,0,blank,0,191.6937,424.0037,95065,95098,33
100,0,blank,0,195.68625,417.0872,95162,95226,64
100,21,),143,287.91575,454.0798,95421,95484,63
100,0,blank,0,256.3318,412.7158,95581,95614,33
100,20,{,127,201.2686,430.1722,95774,95807,33
100,0,blank,0,-350,-105,95839,95949,110
100,20,{,127,202.6245,423.3282,96067,96092,25
100,0,blank,0,171.8945,432.7902,96223,96256,33
100,0,blank,0,343.4772,476.9522,96697,96730,33
100,0,blank,0,-350,-105,96862,96976,114
100,0,blank,0,371.0206,403.0823,97044,97124,80
100,0,blank,0,420.4504,416.0612,97253,97320,67
100,0,blank,0,420.8431,427.31072,97388,97555,167
100,0,blank,0,474.1183,443.119066666667,97589,97690,101
100,0,blank,0,466.0344,437.257425,97723,97856,133
100,0,blank,0,484.22808,427.43716,97923,98089,166
100,0,blank,0,487.804533333333,432.408266666667,98089,98193,104
100,0,blank,0,478.3632,433.1287,98265,98300,35
100,0,blank,0,414.1242,455.468,98408,98444,36
100,20,num2,122,263.3118,440.5037,98656,98691,35
100,20,26,124,298.8759,426.871,98795,98830,35
100,20,0,133,209.094025,422.428975,98999,99134,135
100,20,=,132,177.2879,429.7352,99203,99237,34
100,0,blank,0,-350,-105,99270,99423,153
100,0,blank,0,-350,-105,99423,99479,56
100,0,blank,0,245.4423,404.9495,99516,99533,17
100,0,blank,0,270.16265,418.4742,99572,99666,94
100,20,},129,214.3171,429.8914,100038,100099,61
100,0,blank,0,195.8884,420.887,100140,100178,38
100,0,blank,0,168.216775,415.7446,100216,100385,169
100,20,=,132,173.21065,424.7764,100385,100557,172
100,0,blank,0,199.89,410.88215,100642,100737,95
100,0,blank,0,198.3779,399.2337,100819,100860,41
100,0,blank,0,-350,-105,100900,100941,41
100,0,blank,0,208.51475,416.821975,101106,101259,153
100,0,blank,0,261.84575,414.47195,101298,101376,78
100,0,blank,0,275.960933333333,409.867,101461,101589,128
100,0,blank,0,262.3248,398.1404,101636,101683,47
100,20,26,124,300.3748,422.5161,101929,102015,86
100,0,blank,0,299.6107,445.0834,102095,102135,40
100,0,blank,0,165.4753,404.5268,102685,102715,30
100,0,blank,0,122.1392,370.713,103131,103162,31
100,0,blank,0,-350,-105,103280,103434,154
100,0,blank,0,-350,-105,104206,104382,176
100,0,blank,0,-350,-105,104487,104636,149
100,18,find_anagram,99,146.7513,388.0765,104694,104740,46
100,0,blank,0,-350,-105,105409,105475,66
100,0,blank,0,-350,-105,105556,105589,33
100,0,blank,0,-350,-105,106394,106559,165
100,0,blank,0,222.8406,375.0385,107444,107475,31
100,0,blank,0,-350,-105,107664,107832,168
100,0,blank,0,-350,-105,107832,107989,157
100,18,],109,458.076733333333,397.8503,109633,109792,159
100,0,blank,0,435.6323,407.0557,109830,109868,38
100,0,blank,0,139.68256,411.2226,109946,110134,188
100,0,blank,0,118.9434,409.7363,110170,110208,38
100,0,blank,0,116.3174,402.6377,110245,110282,37
100,0,blank,0,91.3453,411.6333,110389,110428,39
100,0,blank,0,354.33355,410.934625,110502,110649,147
100,18,array2,107,386.1315,393.1619,110794,110865,71
100,0,blank,0,99.6235333333333,403.445666666667,111556,111657,101
100,0,blank,0,101.4758,407.152,111690,111758,68
100,0,blank,0,136.80305,407.6199,111792,111862,70
100,0,blank,0,-350,-105,111938,112129,191
100,0,blank,0,-350,-105,112129,112317,188
100,0,blank,0,-350,-105,112317,112502,185
100,0,blank,0,-350,-105,112502,112687,185
100,0,blank,0,-350,-105,112687,112857,170
100,0,blank,0,-350,-105,112857,113040,183
100,0,blank,0,-350,-105,113040,113210,170
100,0,blank,0,-350,-105,113210,113391,181
100,0,blank,0,-350,-105,113391,113562,171
100,0,blank,0,-350,-105,113562,113718,156
100,0,blank,0,-350,-105,113718,113775,57
100,0,blank,0,-350,-105,113775,113954,179
100,0,blank,0,-350,-105,113954,114065,111
100,0,blank,0,-350,-105,114065,114259,194
100,0,blank,0,-350,-105,114259,114378,119
100,0,blank,0,-350,-105,114378,114517,139
100,0,blank,0,-350,-105,114517,114656,139
100,0,blank,0,-350,-105,114656,114844,188
100,0,blank,0,-350,-105,114844,115032,188
100,0,blank,0,-350,-105,115032,115200,168
100,0,blank,0,-350,-105,115200,115371,171
100,0,blank,0,-350,-105,115371,115537,166
100,0,blank,0,-350,-105,115537,115706,169
100,0,blank,0,-350,-105,115706,115860,154
100,0,blank,0,-350,-105,115860,116019,159
100,0,blank,0,-350,-105,116019,116170,151
100,0,blank,0,-350,-105,116170,116281,111
100,0,blank,0,-350,-105,116281,116458,177
100,0,blank,0,-350,-105,116458,116609,151
100,0,blank,0,-350,-105,116609,116737,128
100,0,blank,0,-350,-105,116737,116920,183
100,0,blank,0,-350,-105,116920,117062,142
100,0,blank,0,-350,-105,117062,117201,139
100,0,blank,0,-350,-105,117201,117395,194
100,0,blank,0,-350,-105,117395,117578,183
100,0,blank,0,-350,-105,117578,117655,77
100,0,blank,0,-350,-105,117655,117805,150
100,0,blank,0,-350,-105,117805,117931,126
100,0,blank,0,-350,-105,117931,118074,143
100,0,blank,0,-350,-105,118074,118240,166
100,0,blank,0,-350,-105,118240,118433,193
100,0,blank,0,-350,-105,118433,118573,140
100,0,blank,0,-350,-105,118573,118737,164
100,0,blank,0,-350,-105,118737,118927,190
100,0,blank,0,-350,-105,118927,119104,177
100,0,blank,0,-350,-105,119104,119283,179
100,0,blank,0,-350,-105,119283,119479,196
100,0,blank,0,-350,-105,119479,119643,164
100,0,blank,0,-350,-105,119643,119784,141
100,0,blank,0,-350,-105,119784,119960,176
100,0,blank,0,-350,-105,119960,120112,152
100,0,blank,0,-350,-105,120112,120653,541
100,0,blank,0,-350,-105,120653,120871,218
100,0,blank,0,-350,-105,120871,121050,179
100,0,blank,0,-350,-105,121050,121224,174
100,0,blank,0,-350,-105,121224,121405,181
100,0,blank,0,-350,-105,121405,121582,177
100,0,blank,0,-350,-105,121582,121762,180
100,0,blank,0,-350,-105,121762,121960,198
100,0,blank,0,-350,-105,121960,122328,368
100,0,blank,0,-350,-105,122328,122657,329
100,0,blank,0,-350,-105,122657,122853,196
100,0,blank,0,-350,-105,122853,123175,322
100,0,blank,0,-350,-105,123175,123545,370
100,0,blank,0,-350,-105,123545,124001,456
100,0,blank,0,-350,-105,124001,124135,134
100,0,blank,0,-350,-105,124135,124294,159
100,0,blank,0,-350,-105,124294,124465,171
100,0,blank,0,-350,-105,124465,124523,58
100,0,blank,0,-350,-105,124523,124771,248
100,0,blank,0,204.0422,446.564,125070,125133,63
100,0,blank,0,232.1686,431.8073,125395,125450,55
100,0,blank,0,-350,-105,125488,125601,113
100,20,],125,314.44615,427.17435,126270,126340,70
100,0,blank,0,255.8624,417.7525,126477,126511,34
100,0,blank,0,-350,-105,126546,126740,194
100,0,blank,0,226.91145,475.58095,127719,127830,111
100,0,blank,0,257.83935,466.54865,127938,128104,166
100,21,0,142,260.1984,462.8157,128104,128139,35
100,0,blank,0,240.34,462.571733333333,128176,128286,110
100,0,blank,0,-350,-105,128322,128385,63
100,0,blank,0,-350,-105,128464,128490,26
100,21,!=,141,222.6504,444.2547,129103,129209,106
100,0,blank,0,293.4318,484.2503,129585,129637,52
100,21,0,142,248.5786,463.8671,129744,129797,53
100,0,blank,0,188.75285,470.81745,129908,129979,71
100,0,blank,0,-350,-105,130117,130150,33
100,0,blank,0,117.7893,768.6028,130176,130202,26
100,0,blank,0,-350,-105,130228,130280,52
100,0,blank,0,209.84155,453.4344,130313,130395,82
100,23,++,154,293.75675,491.5197,130606,130712,106
100,23,++,154,295.96595,499.89585,130762,130866,104
100,0,blank,0,323.7352,487.8557,130969,131020,51
100,0,blank,0,-350,-105,131231,131410,179
100,0,blank,0,-350,-105,131410,131591,181
100,0,blank,0,-350,-105,131591,131778,187
100,0,blank,0,-350,-105,131778,131971,193
100,0,blank,0,-350,-105,132086,132255,169
100,0,blank,0,-350,-105,132255,132370,115
100,0,blank,0,-350,-105,132370,132547,177
100,0,blank,0,-350,-105,132547,132691,144
100,0,blank,0,335.743,466.369,132894,132936,42
100,0,blank,0,-350,-105,132965,133051,86
100,0,blank,0,286.2642,466.8322,133168,133193,25
100,0,blank,0,277.3508,465.0104,133262,133298,36
100,0,blank,0,198.37115,467.5167,133370,133440,70
100,0,blank,0,-350,-105,134002,134180,178
100,0,blank,0,-350,-105,134180,134361,181
100,0,blank,0,-350,-105,134361,134448,87
100,0,blank,0,-350,-105,134448,134947,499
100,0,blank,0,-350,-105,135798,135983,185
100,0,blank,0,-350,-105,135983,136039,56
100,0,blank,0,-350,-105,136039,136192,153
100,21,array1,137,124.02345,452.74,136457,136527,70
100,21,array1,137,115.9777,461.0475,136562,136597,35
100,0,blank,0,267.753825,470.537,136910,137048,138
100,0,blank,0,258.45605,469.27145,137082,137151,69
100,0,blank,0,273.670133333333,472.416033333333,137186,137294,108
100,0,blank,0,279.87254,464.55736,137327,137507,180
100,0,blank,0,281.62738,465.5536,137507,137680,173
100,0,blank,0,-350,-105,137714,137801,87
100,21,array1,137,118.0184,462.70425,138031,138102,71
100,21,array1,137,144.5987,451.4684,138137,138171,34
100,21,array1,137,151.1233,450.9385,138207,138240,33
100,21,array1,137,156.8699,460.3824,138311,138344,33
100,0,blank,0,105.48798,477.71506,138379,138553,174
100,0,blank,0,96.2836,442.1611,138621,138657,36
100,0,blank,0,103.11655,462.5363,138694,138765,71
100,0,blank,0,103.83175,446.032775,138800,138940,140
100,0,blank,0,127.86582,408.92032,138976,139149,173
100,0,blank,0,104.2761,398.6759,139184,139219,35
100,18,find_anagram,99,102.045375,381.810525,139255,139393,138
100,18,find_anagram,99,137.94044,390.26538,139427,139603,176
100,18,find_anagram,99,137.37344,382.14182,139675,139850,175
100,18,find_anagram,99,106.134933333333,383.6377,139919,140026,107
100,0,blank,0,-350,-105,140062,140123,61
100,0,blank,0,111.3495,-103.98,140150,140176,26
100,0,blank,0,-350,-105,140202,140278,76
100,0,blank,0,156.5896,403.1277,140351,140376,25
100,0,blank,0,-350,-105,140991,141147,156
100,0,blank,0,-350,-105,141147,141338,191
100,0,blank,0,-350,-105,141338,141518,180
100,0,blank,0,-350,-105,141518,141636,118
100,0,blank,0,-350,-105,141636,141734,98
100,0,blank,0,249.6981,409.6988,142236,142293,57
100,0,blank,0,241.9882,425.803,142574,142628,54
100,0,blank,0,166.1652,402.1661,142681,142806,125
100,0,blank,0,317.24556,396.39958,142947,143130,183
100,0,blank,0,317.53924,399.1779,143130,143306,176
100,0,blank,0,320.5778,394.14632,143306,143481,175
100,18,comma,105,323.162,394.853,143481,143516,35
100,18,find_anagram,99,172.7448,389.23218,143550,143726,176
100,18,find_anagram,99,167.98995,387.4677,143726,143797,71
100,18,(,100,174.039766666667,389.041033333333,143903,144007,104
100,0,blank,0,-350,-105,144043,144130,87
100,18,char,106,220.4057,391.2642,144328,144401,73
100,0,blank,0,298.0666,407.74355,144437,144506,69
100,0,blank,0,328.60132,403.79314,144600,144797,197
100,0,blank,0,338.1125,398.6248,144797,144832,35
100,18,(,100,178.132233333333,393.126066666667,144987,145090,103
100,0,blank,0,178.8525,399.984466666667,145227,145332,105
100,0,blank,0,187.0183,412.0643,145367,145402,35
100,0,blank,0,257.05995,402.153825,145612,145751,139
100,0,blank,0,-350,-105,145852,146041,189
100,0,blank,0,-350,-105,146041,146216,175
100,0,blank,0,-350,-105,146216,146393,177
100,0,blank,0,-350,-105,146393,146540,147
100,0,blank,0,-350,-105,146540,146687,147
100,0,blank,0,-350,-105,146687,146840,153
100,0,blank,0,-350,-105,146840,147016,176
100,0,blank,0,-350,-105,147016,147194,178
100,0,blank,0,-350,-105,147194,147371,177
100,0,blank,0,-350,-105,147371,147557,186
100,0,blank,0,-350,-105,147557,147705,148
100,0,blank,0,-350,-105,147705,147873,168
100,0,blank,0,-350,-105,147873,148038,165
100,0,blank,0,-350,-105,148038,148230,192
100,0,blank,0,-350,-105,148230,148362,132
100,0,blank,0,-350,-105,148362,148536,174
100,0,blank,0,-350,-105,148536,148708,172
100,0,blank,0,-350,-105,148708,148889,181
100,0,blank,0,-350,-105,148889,149053,164
100,0,blank,0,-350,-105,149053,149207,154
100,0,blank,0,-350,-105,149207,149371,164
100,0,blank,0,-350,-105,149371,149539,168
100,0,blank,0,-350,-105,149539,149684,145
100,20,0,133,204.12875,433.08715,149933,150029,96
100,0,blank,0,-350,-105,150312,150427,115
100,0,blank,0,-350,-105,150427,150584,157
100,0,blank,0,-350,-105,150584,150776,192
100,0,blank,0,-350,-105,150776,150841,65
100,0,blank,0,-350,-105,150841,151067,226
100,0,blank,0,-350,-105,151067,151250,183
100,0,blank,0,-350,-105,151250,151419,169
100,0,blank,0,-350,-105,151419,151547,128
100,0,blank,0,-350,-105,151547,151723,176
100,0,blank,0,-350,-105,151723,151917,194
100,0,blank,0,-350,-105,151917,152107,190
100,0,blank,0,-350,-105,152107,152285,178
100,0,blank,0,-350,-105,152285,152459,174
100,0,blank,0,-350,-105,152459,152562,103
100,0,blank,0,-350,-105,152562,152715,153
100,0,blank,0,-350,-105,152715,152844,129
100,0,blank,0,-350,-105,152844,153098,254
100,0,blank,0,-350,-105,153098,153357,259
100,0,blank,0,-350,-105,153357,153432,75
100,0,blank,0,-350,-105,153432,153651,219
100,0,blank,0,294.5347,585.773,153842,153923,81
100,0,blank,0,250.1457,70.88552,154135,154314,179
100,0,blank,0,250.685366666667,80.8527333333333,154314,154418,104
100,5,100,34,177.5317,95.2641,154521,154588,67
100,5,100,34,184.511,94.9665,154622,154756,134
100,5,100,34,294.6125,98.69515,154890,154957,67
100,5,100,34,300.6985,95.5086,154990,155024,34
100,0,blank,0,194.2043,493.38932,155299,155466,167
100,0,blank,0,191.3612,487.7719,155466,155533,67
100,23,array1,147,185.8312,488.0881,155847,155881,34
100,0,blank,0,176.81598,479.80568,155951,156121,170
100,0,blank,0,188.4762,479.1794,156121,156156,35
100,0,blank,0,-350,-105,156255,156395,140
100,0,blank,0,243.2274,485.7148,156520,156547,27
100,0,blank,0,233.3196,478.3388,156580,156615,35
100,0,blank,0,265.9682,485.0711,156650,156722,72
100,0,blank,0,250.8366,477.9839,156757,156792,35
100,0,blank,0,262.91,486.4377,156898,156934,36
100,0,blank,0,266.2064,477.2353,157041,157109,68
100,23,-,151,242.0474,492.9724,157249,157283,34
100,0,blank,0,262.0135,475.3967,157354,157389,35
100,0,blank,0,-350,-105,157563,157741,178
100,0,blank,0,-350,-105,157741,157912,171
100,0,blank,0,-350,-105,157912,158109,197
100,0,blank,0,-350,-105,158109,158292,183
100,0,blank,0,-350,-105,158292,158475,183
100,0,blank,0,-350,-105,158475,158674,199
100,0,blank,0,-350,-105,158674,158855,181
100,0,blank,0,-350,-105,158855,159016,161
100,0,blank,0,-350,-105,159016,159131,115
100,0,blank,0,-350,-105,159131,159648,517
100,0,blank,0,-350,-105,159648,159836,188
100,0,blank,0,-350,-105,159836,159980,144
100,0,blank,0,222.2247,442.6404,160150,160194,44
100,0,blank,0,-350,-105,160325,160450,125
100,0,blank,0,-350,-105,160450,160624,174
100,0,blank,0,-350,-105,160624,160787,163
100,0,blank,0,-350,-105,160787,160858,71
100,0,blank,0,-350,-105,160858,161034,176
100,0,blank,0,-350,-105,161034,161225,191
100,0,blank,0,-350,-105,161225,161317,92
100,0,blank,0,-350,-105,161317,161507,190
100,0,blank,0,-350,-105,161507,161648,141
100,0,blank,0,-350,-105,161648,161840,192
100,0,blank,0,-350,-105,161840,162005,165
100,0,blank,0,-350,-105,162005,162121,116
100,0,blank,0,-350,-105,162121,162226,105
100,0,blank,0,-350,-105,162226,162329,103
100,0,blank,0,-350,-105,162329,162495,166
100,0,blank,0,-350,-105,162495,162612,117
100,0,blank,0,-350,-105,162612,162789,177
100,0,blank,0,-350,-105,162789,162924,135
100,0,blank,0,-350,-105,162924,163097,173
100,0,blank,0,-350,-105,163097,163133,36
100,0,blank,0,-350,-105,163133,163388,255
100,0,blank,0,-350,-105,163388,163642,254
100,0,blank,0,-350,-105,163642,163709,67
100,0,blank,0,-350,-105,163948,164006,58
100,23,++,154,303.7959,497.5279,164175,164283,108
100,0,blank,0,324.710766666667,491.076133333333,164336,164491,155
100,23,;,155,321.887066666667,489.215033333333,164491,164646,155
100,0,blank,0,331.174,496.119,164646,164701,55
100,0,blank,0,128.2247,470.9844,164806,164857,51
100,0,blank,0,-350,-105,164962,165044,82
100,21,array1,137,128.7226,462.8979,165304,165337,33
100,0,blank,0,152.3266,465.6581,165371,165404,33
100,0,blank,0,255.2912,469.3554,165475,165545,70
100,0,blank,0,259.630533333333,474.596233333333,165580,165681,101
100,0,blank,0,280.0081,467.97925,165784,165850,66
100,18,char,106,222.1669,385.3375,165986,166054,68
100,0,blank,0,-350,-105,166550,166743,193
100,0,blank,0,203.0252,481.8055,167122,167225,103
100,0,blank,0,193.7855,487.5984,167334,167387,53
100,0,blank,0,192.992433333333,486.252566666667,167501,167696,195
100,21,[,138,182.6801,455.7521,167756,167825,69
100,0,blank,0,-350,-105,168746,168903,157
100,0,blank,0,-350,-105,168903,169099,196
100,0,blank,0,-350,-105,169099,169253,154
100,0,blank,0,-350,-105,169253,169444,191
100,0,blank,0,-350,-105,169444,169587,143
100,0,blank,0,-350,-105,169587,169756,169
100,0,blank,0,-350,-105,169756,169929,173
100,0,blank,0,-350,-105,169929,170077,148
100,0,blank,0,-350,-105,170077,170250,173
100,0,blank,0,-350,-105,170250,170413,163
100,0,blank,0,-350,-105,170413,170595,182
100,0,blank,0,-350,-105,170595,170929,334
100,0,blank,0,-350,-105,170929,171269,340
100,0,blank,0,-350,-105,171269,171658,389
100,0,blank,0,-350,-105,171658,171840,182
100,0,blank,0,-350,-105,171840,172007,167
100,0,blank,0,-350,-105,172007,172195,188
100,0,blank,0,-350,-105,172195,172370,175
100,0,blank,0,-350,-105,172370,172538,168
100,0,blank,0,-350,-105,172538,172708,170
100,0,blank,0,-350,-105,172708,172876,168
100,0,blank,0,-350,-105,172876,173074,198
100,0,blank,0,-350,-105,173074,173272,198
100,0,blank,0,-350,-105,173272,173443,171
100,0,blank,0,-350,-105,173443,173638,195
100,0,blank,0,-350,-105,173638,173834,196
100,0,blank,0,-350,-105,173834,174007,173
100,0,blank,0,-350,-105,174007,174079,72
100,21,0,142,278.5138,463.2365,175358,175395,37
100,0,blank,0,-350,-105,175430,175491,61
100,21,0,142,272.5623,445.4059,175615,175641,26
100,0,blank,0,153.4218,410.9033,175824,175862,38
100,18,find_anagram,99,103.5558,396.6196,176008,176042,34
100,20,],125,154.3224,433.4963,176400,176439,39
100,0,blank,0,161.3695,419.6349,176820,176855,35
100,18,find_anagram,99,165.5593,395.9232,176923,176959,36
100,0,blank,0,-350,-105,176994,177054,60
100,21,!=,141,230.016025,455.862375,177168,177291,123
100,0,blank,0,161.1216,468.2344,177428,177563,135
100,21,array1,137,157.7247,459.0771,177598,177632,34
100,0,blank,0,187.67295,471.07205,177702,177769,67
100,0,blank,0,168.3607,464.7587,177804,177838,34
100,0,blank,0,250.3193,470.55245,177909,178047,138
100,21,0,142,251.02922,462.52294,178151,178321,170
100,21,array1,137,162.228166666667,459.969033333333,178390,178492,102
100,21,array1,137,165.57635,453.941,178527,178663,136
100,21,i,139,187.9679,459.2676,178697,178732,35
100,21,0,142,253.06078,452.06774,178938,179109,171
100,21,0,142,249.24992,458.07456,179109,179280,171
100,0,blank,0,244.62905,460.44825,179280,179346,66
100,21,0,142,251.0391,455.520125,179379,179515,136
100,21,0,142,252.003566666667,455.3951,179548,179652,104
100,0,blank,0,218.1798,442.7916,179854,179887,33
100,0,blank,0,211.94775,455.5011,179922,179990,68
100,0,blank,0,-350,-105,180057,180188,131
100,21,],140,196.2581,447.4575,180303,180320,17
100,0,blank,0,-350,-105,180555,180614,59
100,0,blank,0,-350,-105,180784,180817,33
100,0,blank,0,209.5573,476.508,180968,180993,25
100,21,0,142,252.8106,455.358733333333,181127,181229,102
100,0,blank,0,244.3712,461.6895,181352,181442,90
100,0,blank,0,196.18335,467.37925,181658,181764,106
100,20,],125,161.3976,423.1866,181831,181868,37
100,0,blank,0,241.9998,457.42955,182359,182452,93
100,0,blank,0,294.6715,461.65815,182630,182727,97
100,0,blank,0,292.2628,448.5773,182991,183017,26
100,0,blank,0,-350,-105,183281,183315,34
100,0,blank,0,162.7728,424.1766,184264,184298,34
100,0,blank,0,168.3236,414.5029,184369,184403,34
100,0,blank,0,184.9303,426.404433333333,184437,184538,101
100,0,blank,0,251.450333333333,476.337866666667,184817,184947,130
100,0,blank,0,-350,-105,185075,185229,154
100,0,blank,0,-350,-105,185229,185408,179
100,0,blank,0,-350,-105,185408,185579,171
100,0,blank,0,-350,-105,185579,185775,196
100,0,blank,0,-350,-105,185775,185961,186
100,0,blank,0,-350,-105,185961,186167,206
100,0,blank,0,-350,-105,186167,186351,184
100,0,blank,0,-350,-105,186351,186495,144
100,0,blank,0,-350,-105,186495,186690,195
100,0,blank,0,-350,-105,186690,186786,96
100,0,blank,0,-350,-105,186786,186963,177
100,0,blank,0,-350,-105,186963,187138,175
100,0,blank,0,-350,-105,187138,187287,149
100,0,blank,0,-350,-105,187287,187470,183
100,0,blank,0,-350,-105,187470,187625,155
100,0,blank,0,-350,-105,187625,187735,110
100,0,blank,0,-350,-105,187735,188067,332
100,0,blank,0,-350,-105,188067,188256,189
100,0,blank,0,-350,-105,188256,188352,96
100,0,blank,0,-350,-105,188352,188464,112
100,0,blank,0,-350,-105,188464,188732,268
100,0,blank,0,-350,-105,188732,188910,178
100,0,blank,0,-350,-105,188910,188946,36
100,0,blank,0,-350,-105,188946,189141,195
100,0,blank,0,-350,-105,189141,189390,249
100,0,blank,0,-350,-105,189390,189777,387
100,0,blank,0,-350,-105,189777,189968,191
100,0,blank,0,-350,-105,189968,190068,100
100,0,blank,0,-350,-105,190068,190332,264
100,0,blank,0,-350,-105,190332,190465,133
100,0,blank,0,-350,-105,190465,190808,343
100,0,blank,0,-350,-105,190808,191064,256
100,0,blank,0,-350,-105,191064,191273,209
100,0,blank,0,-350,-105,191273,191453,180
100,0,blank,0,309.2188,456.1599,191486,191517,31
100,23,array1,147,140.7357,497.9122,191727,191776,49
100,23,array1,147,144.8777,505.1073,191830,191878,48
100,0,blank,0,105.6868,545.1907,192131,192182,51
100,20,num1,113,91.6281,428.0287,192697,192731,34
100,0,blank,0,158.7875,369.3172,192865,192899,34
100,18,find_anagram,99,110.4588,394.9759,193203,193230,27
100,18,find_anagram,99,54.83678,385.8063,193372,193562,190
100,0,blank,0,68.5006666666666,531.721933333333,193636,193747,111
100,0,blank,0,77.3686,548.9448,193822,193859,37
100,0,blank,0,90.7527,551.5129,193970,194003,33
100,0,blank,0,146.46842,547.44698,194078,194263,185
100,0,blank,0,259.2656,538.4908,194618,194688,70
100,27,array2,166,162.0948,586.055,194756,194826,70
100,0,blank,0,172.1412,568.6576,194860,194895,35
100,27,array2,166,119.26665,595.4344,194931,195002,71
100,0,blank,0,-350,-105,195073,195160,87
100,27,[,167,178.0298,592.766233333333,195344,195436,92
100,27,array2,166,172.790533333333,587.952066666667,195539,195647,108
100,0,blank,0,180.738,596.264466666667,195681,195785,104
100,27,],169,197.9722,589.2106,195925,195960,35
100,0,blank,0,203.832333333333,597.410533333333,195995,196100,105
100,27,],169,195.54355,589.2712,196135,196204,69
100,0,blank,0,245.952,591.214725,196238,196378,140
100,0,blank,0,248.9067,604.4756,196414,196451,37
100,0,blank,0,237.8995,597.879,196485,196521,36
100,27,0,171,280.8515,593.2211,196591,196624,33
100,0,blank,0,286.1379,609.6297,196694,196732,38
100,0,blank,0,105.1127,612.17842,196799,196972,173
100,0,blank,0,105.30765,615.1684,196972,197110,138
100,0,blank,0,112.5003,615.962,197180,197216,36
100,0,blank,0,103.43965,604.86625,197321,197391,70
100,0,blank,0,-350,-105,197461,197521,60
100,0,blank,0,-350,-105,197718,197896,178
100,0,blank,0,-350,-105,197896,198088,192
100,0,blank,0,-350,-105,198088,198263,175
100,0,blank,0,-350,-105,198263,198431,168
100,0,blank,0,-350,-105,198431,198549,118
100,0,blank,0,-350,-105,198549,198649,100
100,0,blank,0,-350,-105,198649,198824,175
100,0,blank,0,-350,-105,198824,199054,230
100,0,blank,0,-350,-105,199054,199251,197
100,0,blank,0,-350,-105,199251,199431,180
100,0,blank,0,-350,-105,199431,199565,134
100,0,blank,0,-350,-105,199565,199743,178
100,0,blank,0,-350,-105,199743,199929,186
100,0,blank,0,-350,-105,199929,200113,184
100,0,blank,0,-350,-105,200113,200292,179
100,0,blank,0,-350,-105,200292,200488,196
100,0,blank,0,-350,-105,200488,200666,178
100,0,blank,0,-350,-105,200666,200835,169
100,0,blank,0,-350,-105,200835,200991,156
100,0,blank,0,-350,-105,200991,201181,190
100,0,blank,0,-350,-105,201181,201309,128
100,0,blank,0,73.5978,676.1618,202729,202762,33
100,0,blank,0,81.4655,643.738,202798,202832,34
100,30,;,187,118.1308,657.7057,202933,202969,36
100,0,blank,0,114.558,677.6218,203002,203036,34
100,0,blank,0,979.263333333333,607.688733333333,203316,203425,109
100,0,blank,0,288.4695,648.6517,203712,203747,35
100,0,blank,0,1010.1415,455.768,204900,204967,67
100,0,blank,0,1013.547,452.3229,205389,205423,34
100,0,blank,0,1003.276,484.1501,205929,205964,35
100,0,blank,0,1010.733,496.504,206319,206355,36
100,0,blank,0,997.682,505.6492,206390,206427,37
100,0,blank,0,981.862,416.8004,206605,206641,36
100,0,blank,0,985.319,387.6032,206854,206890,36
100,0,blank,0,1002.451,489.9325,207249,207285,36
101,32,;,198,225.1049,568.8236,208643,208678,35
101,0,blank,0,135.7076,433.8125,209199,209236,37
101,27,i,168,193.5255,453.3094,209444,209477,33
101,27,],169,199.0019,449.4325,209582,209619,37
101,23,i,149,207.65205,371.88985,209910,209982,72
101,23,array1,147,189.8713,361.3211,210094,210131,37
101,0,blank,0,-350,-105,210279,210397,118
101,0,blank,0,134.9144,420.6143,210611,210646,35
101,0,blank,0,169.6511,419.1773,210825,210861,36
101,0,blank,0,209.9073,453.4283,211222,211258,36
101,0,blank,0,102.7032,430.7183,211403,211437,34
101,0,blank,0,189.5447,544.8778,211646,211682,36
101,0,blank,0,179.2331,510.4974,211787,211823,36
101,0,blank,0,-350,-105,212002,212153,151
101,0,blank,0,-350,-105,212388,212562,174
101,0,blank,0,-350,-105,212562,212610,48
101,32,26,197,213.619166666667,560.021266666667,212775,212884,109
101,32,i,199,246.6342,574.610866666667,212993,213099,106
101,32,i,199,245.062366666667,561.8054,213135,213242,107
101,0,blank,0,318.8015,565.6142,213278,213313,35
101,0,blank,0,313.5673,565.6744,213350,213385,35
101,32,i,199,253.1795,559.5396,213634,213811,177
101,0,blank,0,179.5829,572.5793,213848,213885,37
101,0,blank,0,154.1812,573.874,213922,213957,35
101,0,blank,0,134.229,582.5337,214103,214140,37
101,0,blank,0,178.8543,598.1656,214212,214246,34
101,34,[,211,170.879633333333,599.821766666667,214318,214426,108
101,0,blank,0,224.9415,584.0316,214463,214498,35
101,0,blank,0,228.95265,594.51765,214534,214683,149
101,0,blank,0,255.3588,595.2359,214759,214795,36
101,0,blank,0,-350,-105,214904,215093,189
101,35,return,215,142.1533,634.0062,215139,215181,42
101,35,return,215,154.5201,632.957,215289,215325,36
101,0,blank,0,150.42412,582.46464,215399,215582,183
101,0,blank,0,155.5305,579.74095,215582,215655,73
101,0,blank,0,134.2279,535.416175,215728,215869,141
101,0,blank,0,193.47225,535.57155,215905,215977,72
101,0,blank,0,188.282466666667,548.7283,216123,216233,110
101,0,blank,0,117.0848,545.76325,216270,216343,73
101,0,blank,0,118.733066666667,550.795333333333,216379,216486,107
101,0,blank,0,157.24475,594.3541,216522,216671,149
101,34,num1,205,157.6135,600.231725,216742,216885,143
101,0,blank,0,151.5212,585.062825,216921,217068,147
101,0,blank,0,232.90456,589.39714,217104,217285,181
101,0,blank,0,238.1889,584.9532,217285,217319,34
101,0,blank,0,263.88805,596.0375,217354,217425,71
101,0,blank,0,138.69818,540.16426,217461,217639,178
101,32,0,193,137.9768,556.5008,217639,217675,36
101,0,blank,0,-350,-105,217712,217800,88
101,0,blank,0,146.1377,540.0208,217826,217853,27
101,0,blank,0,144.946,536.5761,217928,217953,25
101,0,blank,0,171.63738,581.52996,217986,218163,177
101,0,blank,0,170.3517,586.5482,218163,218199,36
101,0,blank,0,247.91082,588.29472,218236,218409,173
101,0,blank,0,243.57835,583.27355,218409,218481,72
101,0,blank,0,165.70188,539.67958,218587,218766,179
101,0,blank,0,120.2099,534.02955,218836,218979,143
101,0,blank,0,179.110025,536.92575,219051,219196,145
101,0,blank,0,121.04692,534.44692,219233,219415,182
101,0,blank,0,121.221,535.2284,219415,219450,35
101,0,blank,0,74.35248,543.0356,219486,219666,180
101,0,blank,0,61.0415,535.33425,219666,219737,71
101,0,blank,0,65.2185,541.3096,219808,219845,37
101,0,blank,0,140.4417,524.0498,220022,220057,35
101,0,blank,0,83.2626666666667,534.9715,220162,220271,109
101,0,blank,0,-350,-105,220341,220534,193
101,0,blank,0,-350,-105,220534,220702,168
101,0,blank,0,-350,-105,220702,220750,48
101,0,blank,0,146.789666666667,534.244733333333,220789,220910,121
101,0,blank,0,142.500525,539.72835,220949,221097,148
101,0,blank,0,-350,-105,221133,221324,191
101,0,blank,0,-350,-105,221324,221507,183
101,0,blank,0,-350,-105,221507,221533,26
101,0,blank,0,85.44606,538.7862,221735,221912,177
101,0,blank,0,57.640275,537.853525,221946,222088,142
101,0,blank,0,147.1012,528.2896,222154,222272,118
101,0,blank,0,69.019075,534.6634,222407,222606,199
101,0,blank,0,61.2372,535.5225,222606,222639,33
101,0,blank,0,157.2777,569.26348,222708,222884,176
101,0,blank,0,78.8537,539.441033333333,222955,223060,105
101,31,},188,49.6942,536.3989,223096,223130,34
101,31,},188,53.94425,541.1249,223165,223234,69
101,0,blank,0,55.90285,543.6997,223269,223339,70
101,0,blank,0,99.41678,541.27016,223374,223550,176
101,0,blank,0,100.4057,540.995,223550,223584,34
101,0,blank,0,142.8954,544.76605,223654,223722,68
101,0,blank,0,-350,-105,223757,223844,87
101,0,blank,0,169.3029,534.6278,223955,223980,25
101,0,blank,0,170.9338,591.98408,224220,224393,173
101,34,[,211,170.557966666667,599.908633333333,224393,224495,102
101,0,blank,0,152.3762,535.698333333333,224634,224737,103
101,0,blank,0,98.6218,535.0154,224840,224873,33
101,0,blank,0,106.40805,547.93265,224908,224978,70
101,0,blank,0,104.969,538.6159,225013,225083,70
101,0,blank,0,175.378633333333,545.087766666667,225117,225221,104
101,0,blank,0,111.87384,538.49022,225295,225471,176
101,0,blank,0,109.3952,539.7975,225471,225542,71
101,0,blank,0,72.98905,541.28145,225577,225647,70
101,0,blank,0,-350,-105,226326,226512,186
101,0,blank,0,-350,-105,226512,226681,169
101,0,blank,0,-350,-105,226681,226811,130
101,0,blank,0,-350,-105,226811,226917,106
101,0,blank,0,93.40556,-103.95688,226982,227180,198
101,0,blank,0,94.2965,-103.9539,227180,227343,163
101,0,blank,0,369.4465,-103.95176,227388,227567,179
101,0,blank,0,372.220266666667,-103.9484,227567,227676,109
101,0,blank,0,367.85785,-103.94795,227712,227785,73
101,0,blank,0,-350,-105,227822,227860,38
101,0,blank,0,172.73055,444.27365,227972,228033,61
101,32,=,192,120.99368,561.4224,228147,228334,187
101,32,=,192,123.1323,564.2523,228334,228370,36
101,29,num2,174,116.29274,499.12174,228406,228589,183
101,0,blank,0,111.8306,486.3101,228589,228624,35
101,29,num2,174,101.8629,502.2934,228660,228841,181
101,29,num2,174,99.9541,500.107533333333,228841,228946,105
101,0,blank,0,216.25965,480.16935,229018,229088,70
101,0,blank,0,-350,-105,229158,229221,63
101,0,blank,0,209.8349,579.6323,229247,229273,26
101,27,array2,166,160.6932,448.9353,229334,229360,26
101,29,num2,174,93.29954,497.45048,229429,229607,178
101,0,blank,0,86.43295,487.52105,229607,229679,72
101,0,blank,0,-350,-105,229716,229894,178
101,0,blank,0,-350,-105,229894,230073,179
101,0,blank,0,-350,-105,230073,230248,175
101,0,blank,0,-350,-105,230248,230443,195
101,0,blank,0,-350,-105,230443,230601,158
101,0,blank,0,-350,-105,230601,230741,140
101,0,blank,0,-350,-105,230741,230898,157
101,0,blank,0,-350,-105,230898,231007,109
101,0,blank,0,-350,-105,231007,231116,109
101,0,blank,0,-350,-105,231116,231257,141
101,0,blank,0,-350,-105,231257,231518,261
101,0,blank,0,-350,-105,231518,231689,171
101,0,blank,0,-350,-105,231689,231856,167
101,0,blank,0,-350,-105,231856,232032,176
101,0,blank,0,-350,-105,232032,232219,187
101,0,blank,0,-350,-105,232219,232305,86
101,0,blank,0,-350,-105,232305,232422,117
101,0,blank,0,-350,-105,232422,232613,191
101,0,blank,0,-350,-105,232613,232751,138
101,0,blank,0,-350,-105,232751,232928,177
101,0,blank,0,-350,-105,232928,233096,168
101,0,blank,0,-350,-105,233096,233240,144
101,0,blank,0,-350,-105,233240,233401,161
101,0,blank,0,-350,-105,233401,233582,181
101,0,blank,0,-350,-105,233582,233766,184
101,0,blank,0,-350,-105,233766,233899,133
101,0,blank,0,-350,-105,233899,234003,104
101,0,blank,0,-350,-105,234003,234175,172
101,0,blank,0,-350,-105,234175,234362,187
101,0,blank,0,-350,-105,234362,234486,124
101,0,blank,0,-350,-105,234486,234648,162
101,0,blank,0,-350,-105,234648,234788,140
101,0,blank,0,-350,-105,234788,235043,255
101,0,blank,0,-350,-105,235043,235233,190
101,0,blank,0,-350,-105,235233,235365,132
101,0,blank,0,-350,-105,235365,235473,108
101,0,blank,0,-350,-105,235473,235645,172
101,0,blank,0,-350,-105,235645,235794,149
101,0,blank,0,-350,-105,235794,235988,194
101,0,blank,0,-350,-105,235988,236056,68
101,0,blank,0,157.9778,586.498,237479,237516,37
101,0,blank,0,157.12805,590.8528,237597,237670,73
101,0,blank,0,139.717066666667,583.6361,237751,237864,113
101,0,blank,0,113.3295,480.7247,237976,238013,37
101,0,blank,0,117.0642,538.285475,238050,238199,149
101,0,blank,0,133.8239,541.3398,238273,238310,37
101,0,blank,0,136.8048,551.2078,238383,238419,36
101,0,blank,0,123.3931,531.3217,238494,238532,38
101,0,blank,0,135.9843,546.5781,238641,238677,36
101,0,blank,0,177.3904,544.7454,238822,238895,73
101,0,blank,0,185.6257,545.428333333333,239001,239111,110
101,0,blank,0,205.1437,538.6824,239218,239254,36
101,32,26,197,213.04125,556.10215,239324,239398,74
101,0,blank,0,254.0652,544.1085,239432,239537,105
101,0,blank,0,254.1375,539.0765,239609,239646,37
101,0,blank,0,181.96,483.1901,239860,239898,38
101,0,blank,0,126.1595,518.6371,240112,240147,35
101,32,=,192,122.5879,555.8477,240181,240216,35
101,0,blank,0,165.0051,525.8909,240289,240323,34
101,0,blank,0,160.6026,577.5663,240395,240431,36
101,0,blank,0,157.3651,584.3812,240467,240501,34
101,0,blank,0,158.0605,585.38655,240573,240715,142
101,0,blank,0,192.0941,592.89,241000,241037,37
101,0,blank,0,213.746275,581.0537,241144,241287,143
101,0,blank,0,249.2762,583.0211,241324,241358,34
101,34,num1,205,151.68238,609.0619,241538,241715,177
101,34,num1,205,147.52,600.15445,241715,241787,72
101,34,i,212,176.6976,614.4537,241892,241964,72
101,0,blank,0,128.5681,583.4674,241997,242033,36
101,0,blank,0,-350,-105,242394,242589,195
101,35,return,215,158.4887,633.7825,242972,243006,34
101,0,blank,0,159.71642,586.36186,243040,243215,175
101,0,blank,0,117.35016,590.90944,243251,243430,179
101,0,blank,0,116.0985,586.45225,243430,243500,70
101,37,return,219,80.9525,674.76805,243569,243640,71
101,37,return,219,80.9547,671.1169,243676,243744,68
101,0,blank,0,64.54552,635.68252,243848,244024,176
101,0,blank,0,58.3952666666667,525.9955,244058,244167,109
101,27,while,164,61.1376,462.63165,244203,244276,73
101,0,blank,0,78.26395,432.73755,244392,244462,70
101,0,blank,0,75.6972,425.1428,244534,244570,36
101,0,blank,0,65.965025,274.1863,244642,244782,140
101,30,++,186,108.15915,527.70945,244922,244993,71
101,0,blank,0,146.389975,536.548575,245134,245274,140
101,0,blank,0,183.6306,530.7607,245309,245413,104
101,0,blank,0,179.465133333333,532.421733333333,245482,245584,102
101,0,blank,0,198.533733333333,531.8995,245618,245722,104
101,0,blank,0,102.43905,513.26485,245789,245859,70
101,0,blank,0,106.7491,511.0822,245892,245996,104
101,29,num2,174,106.01915,499.0802,246029,246099,70
101,30,++,186,101.626733333333,530.257366666667,246133,246236,103
101,27,array2,166,124.6562,445.6511,246271,246306,35
101,27,array2,166,114.4129,455.1443,246341,246374,33
101,0,blank,0,125.1588,439.4244,246409,246444,35
101,29,num2,174,93.6032666666667,496.958266666667,246548,246653,105
101,0,blank,0,-350,-105,247280,247454,174
101,0,blank,0,124.4038,557.0411,247909,247962,53
101,0,blank,0,152.1434,559.3684,248014,248067,53
101,29,array2,176,169.2362,504.0995,248791,248825,34
101,29,array2,176,154.358966666667,503.5282,248859,248963,104
101,0,blank,0,90.0648,485.0453,249032,249067,35
101,0,blank,0,141.554,510.3864,249136,249169,33
101,0,blank,0,231.483,547.2981,250694,250746,52
101,0,blank,0,149.3431,486.62515,250836,250903,67
101,0,blank,0,83.234,481.4439,251109,251143,34
101,0,blank,0,98.1681,489.5485,251277,251310,33
101,0,blank,0,118.2549,428.1037,251346,251380,34
101,18,find_anagram,99,139.8424,247.64286,251451,251621,170
101,18,find_anagram,99,134.7166,251.2683,251621,251655,34
101,0,blank,0,133.0639,238.1431,251689,251722,33
101,18,array1,102,286.0444,253.388966666667,251822,251922,100
101,18,array2,107,412.49095,266.699725,252056,252190,134
101,0,blank,0,392.2774,272.14075,252257,252392,135
101,0,blank,0,81.8349,482.91725,252460,252598,138
101,0,blank,0,86.7923,488.4313,252632,252665,33
101,0,blank,0,-350,-105,252699,252784,85
101,0,blank,0,92.0995,414.7077,252816,252855,39
101,0,blank,0,134.23265,436.3033,253089,253159,70
101,0,blank,0,137.6792,438.8091,253228,253262,34
101,27,array2,166,161.6646,445.1385,253298,253366,68
101,29,num2,174,119.288,508.4395,253537,253573,36
101,29,num2,174,96.0834,494.8123,253640,253674,34
101,29,num2,174,101.5353,500.37146,253708,253878,170
101,29,num2,174,101.6429,493.4034,253878,253913,35
101,0,blank,0,-350,-105,253946,254136,190
101,0,blank,0,-350,-105,254136,254324,188
101,0,blank,0,146.1048,553.3215,254364,254378,14
101,0,blank,0,101.791233333333,537.6105,254450,254553,103
101,0,blank,0,100.1613,542.47686,254586,254757,171
101,0,blank,0,96.1283,538.59306,254793,254965,172
101,0,blank,0,97.6928,552.1443,254965,255035,70
101,0,blank,0,56.5348,540.2273,255069,255104,35
101,0,blank,0,74.9442333333333,539.578333333333,255138,255241,103
101,0,blank,0,124.190066666667,536.9703,255309,255411,102
101,0,blank,0,172.0419,525.34145,255479,255547,68
101,0,blank,0,174.74002,532.2684,255581,255751,170
101,0,blank,0,178.6753,534.00956,255751,255923,172
101,0,blank,0,169.95206,543.91012,255923,256095,172
101,0,blank,0,174.074,547.1927,256095,256129,34
101,0,blank,0,192.9302,535.4443,256163,256197,34
101,0,blank,0,202.5095,544.1724,256231,256267,36
101,27,(,165,110.8295,464.6004,256442,256477,35
101,0,blank,0,110.5352,437.8013,256513,256548,35
101,0,blank,0,104.794,510.9936,256652,256725,73
101,0,blank,0,-350,-105,256796,256933,137
101,0,blank,0,134.1119,511.8369,257065,257090,25
101,0,blank,0,127.7596,520.5365,257264,257299,35
101,0,blank,0,124.7878,534.4899,257335,257369,34
101,0,blank,0,93.2793,416.9061,257831,257868,37
101,0,blank,0,95.5152,488.1099,257941,258079,138
101,29,num2,174,99.4823,504.4136,258221,258255,34
101,0,blank,0,102.420775,514.13315,258291,258432,141
101,0,blank,0,87.7151333333333,421.227566666667,258536,258641,105
101,0,blank,0,76.304675,402.997825,258779,258919,140
101,0,blank,0,-350,-105,258954,259068,114
101,0,blank,0,-350,-105,259068,259241,173
101,0,blank,0,125.68574,482.7433,259438,259606,168
101,0,blank,0,123.1951,487.3787,259606,259639,33
101,27,],169,195.40644,463.30112,259673,259840,167
101,27,],169,194.8159,465.9988,259840,259873,33
101,29,num2,174,95.6459,496.6273,259938,259971,33
101,29,num2,174,94.9623,504.32772,260038,260204,166
101,0,blank,0,223.88832,500.01192,260339,260530,191
101,29,num2,174,93.02155,499.5592,260600,260671,71
101,29,num2,174,87.34682,500.33824,260705,260877,172
101,0,blank,0,81.4048333333333,498.3026,260945,261050,105
101,0,blank,0,93.5714,471.4099,261157,261194,37
101,0,blank,0,56.25156,425.86846,261332,261508,176
101,25,},159,51.7112666666667,406.2221,261508,261614,106
101,0,blank,0,43.1435,404.0276,261681,261714,33
101,0,blank,0,73.39562,420.38636,261747,261917,170
101,0,blank,0,73.15312,419.68672,261951,262120,169
101,0,blank,0,71.796,409.5511,262120,262154,34
101,27,while,164,81.4432,459.9628,262188,262222,34
101,0,blank,0,87.628,469.2632,262257,262327,70
101,0,blank,0,-350,-105,262361,262501,140
101,27,while,164,89.8978,457.9634,262527,262564,37
101,0,blank,0,90.7022,466.3858,262636,262662,26
101,27,while,164,83.4881,464.2346,262726,262761,35
101,0,blank,0,83.5513666666667,586.302433333333,262830,263012,182
101,0,blank,0,-350,-105,263256,263449,193
101,0,blank,0,-350,-105,263449,263488,39
101,0,blank,0,99.428,541.4254,263557,263719,162
101,0,blank,0,98.428,539.6036,263719,263761,42
101,0,blank,0,91.18485,542.18065,263791,263864,73
101,0,blank,0,96.15915,533.9712,264043,264114,71
101,0,blank,0,112.1274,534.1895,264325,264360,35
101,0,blank,0,92.8686,538.6568,264469,264541,72
101,0,blank,0,94.06122,545.26288,264578,264760,182
101,0,blank,0,85.4827,538.2244,264794,264829,35
101,0,blank,0,63.60955,531.1234,264865,264935,70
101,0,blank,0,61.0375,526.8695,265006,265042,36
101,30,++,186,96.06574,530.82836,265111,265290,179
101,0,blank,0,98.7715,536.4231,265290,265326,36
101,0,blank,0,117.74615,546.8385,265363,265435,72
101,0,blank,0,126.1033,538.01345,265472,265544,72
101,0,blank,0,123.1289,552.769,265617,265653,36
101,0,blank,0,109.339425,539.00505,265689,265830,141
101,0,blank,0,101.0722,549.5464,265865,265903,38
101,0,blank,0,102.36565,537.77355,265936,266078,142
101,0,blank,0,101.8443,538.57432,266113,266295,182
101,0,blank,0,107.149866666667,538.8663,266295,266402,107
101,0,blank,0,96.68748,533.60602,266472,266648,176
101,0,blank,0,120.56276,541.73746,266648,266823,175
101,0,blank,0,126.81485,542.7284,266823,266963,140
101,0,blank,0,161.3106,536.48715,266997,267068,71
101,0,blank,0,-350,-105,267140,267279,139
101,29,num2,174,92.8379,500.1196,267428,267464,36
101,29,num2,174,87.4796,500.7053,267573,267611,38
101,29,num2,174,91.7297666666667,492.229866666667,267687,267798,111
101,29,[,177,125.9063,490.608,267834,267909,75
101,0,blank,0,124.20745,537.62005,267945,268017,72
101,29,num2,174,89.56972,506.29646,268055,268244,189
101,29,num2,174,86.1075,508.89445,268244,268319,75
101,0,blank,0,97.1516,548.3658,268355,268393,38
101,0,blank,0,101.5249,554.106,268431,268467,36
101,0,blank,0,109.38092,541.99718,268504,268692,188
101,0,blank,0,102.26678,534.66992,268692,268870,178
101,30,++,186,95.7333,527.8145,268870,268906,36
101,0,blank,0,99.33595,541.41455,268942,269016,74
101,0,blank,0,164.9682,543.18025,269090,269163,73
101,0,blank,0,161.43698,539.8035,269200,269384,184
101,0,blank,0,165.3268,547.6665,269384,269420,36
101,30,++,186,108.9777,528.5532,269492,269527,35
101,0,blank,0,-350,-105,269724,269841,117
101,0,blank,0,131.9466,596.6134,270055,270125,70
101,0,blank,0,137.621875,593.947025,270198,270341,143
101,0,blank,0,167.065625,583.650875,270412,270559,147
101,0,blank,0,171.0526,581.782,270597,270632,35
101,0,blank,0,242.15632,574.81202,270704,270890,186
101,0,blank,0,232.0681,576.6319,270890,270928,38
101,0,blank,0,185.87688,540.945,270965,271148,183
101,0,blank,0,188.602,542.99045,271148,271222,74
101,0,blank,0,230.3085,533.48324,271259,271440,181
101,0,blank,0,231.4805,531.4857,271478,271514,36
101,30,;,187,118.3623,527.27735,271551,271687,136
101,0,blank,0,-350,-105,271750,271942,192
101,0,blank,0,-350,-105,271942,272118,176
101,0,blank,0,-350,-105,272118,272259,141
101,0,blank,0,101.1564,538.1414,272357,272393,36
101,30,i,185,88.5135,527.4067,272468,272504,36
101,29,num2,174,85.1938,497.80305,272542,272616,74
101,29,num2,174,87.9949,501.7158,272653,272690,37
101,0,blank,0,108.7009,534.842366666667,272762,272873,111
101,0,blank,0,100.52795,533.6494,272910,272985,75
101,0,blank,0,98.3624,538.18484,273023,273207,184
101,0,blank,0,65.12525,543.196525,273316,273456,140
101,0,blank,0,107.680066666667,548.9736,273491,273595,104
101,0,blank,0,106.36705,533.15645,273630,273702,72
101,0,blank,0,-350,-105,273739,273853,114
101,0,blank,0,107.55815,537.91615,274055,274114,59
101,0,blank,0,87.29436,541.88902,274149,274326,177
101,0,blank,0,93.7339,541.2877,274326,274361,35
101,0,blank,0,117.554925,534.159725,274432,274579,147
101,26,=,161,71.3955,438.488033333333,274686,274794,108
101,26,=,161,73.54735,440.8189,274830,274901,71
101,0,blank,0,75.2168,436.91735,274935,275005,70
101,0,blank,0,60.6777,406.9466,275041,275111,70
101,25,},159,51.6679,409.1635,275147,275181,34
101,32,=,192,117.37564,570.89012,275217,275398,181
101,0,blank,0,121.559825,541.892975,275434,275581,147
101,30,++,186,99.46812,529.3389,275615,275790,175
101,0,blank,0,-350,-105,275861,276055,194
101,0,blank,0,-350,-105,276055,276224,169
101,0,blank,0,-350,-105,276224,276267,43
101,0,blank,0,123.0941,528.32375,276303,276362,59
101,0,blank,0,113.4469,511.9009,276398,276434,36
101,20,=,132,173.6295,305.8946,276506,276541,35
101,0,blank,0,171.7465,312.8904,276612,276648,36
101,0,blank,0,154.1656,444.4092,276721,276829,108
101,30,++,186,111.31254,518.77566,276866,277053,187
101,30,++,186,110.1253,522.1713,277053,277090,37
101,0,blank,0,100.360566666667,531.5036,277128,277238,110
101,0,blank,0,240.32275,298.01805,277309,277452,143
101,0,blank,0,98.5433,538.8736,277633,277778,145
101,0,blank,0,93.5108,536.7724,277814,277851,37
101,0,blank,0,121.2014,536.61475,277888,277962,74
101,0,blank,0,118.308625,540.90905,277998,278143,145
101,0,blank,0,-350,-105,278215,278307,92
101,0,blank,0,155.2861,579.8088,278345,278372,27
101,0,blank,0,164.95514,536.63144,278447,278620,173
101,0,blank,0,181.73232,541.68872,278657,278839,182
101,0,blank,0,185.93225,546.05465,278839,278915,76
101,0,blank,0,212.2073,544.686133333333,278953,279064,111
101,0,blank,0,165.65704,541.2201,279101,279288,187
101,0,blank,0,165.4108,541.465,279288,279326,38
101,0,blank,0,207.9349,548.9446,279364,279401,37
101,0,blank,0,208.0281,540.131,279438,279511,73
101,0,blank,0,144.26698,592.59814,279622,279809,187
101,0,blank,0,145.087266666667,586.641133333333,279846,279958,112
101,0,blank,0,167.0189,583.623925,279995,280144,149
101,0,blank,0,234.27086,579.42704,280221,280408,187
101,0,blank,0,-350,-105,280482,280671,189
101,0,blank,0,-350,-105,280671,280844,173
101,0,blank,0,-350,-105,280844,281024,180
101,0,blank,0,-350,-105,281024,281194,170
101,0,blank,0,-350,-105,281194,281378,184
101,0,blank,0,-350,-105,281378,281515,137
101,0,blank,0,-350,-105,281515,281714,199
101,0,blank,0,-350,-105,281714,281862,148
101,0,blank,0,154.34935,592.266725,282061,282209,148
101,34,i,212,181.3028,601.7903,282280,282317,37
101,0,blank,0,-350,-105,282426,282547,121
101,0,blank,0,-350,-105,282547,282730,183
101,0,blank,0,-350,-105,282730,282867,137
101,0,blank,0,-350,-105,282867,283044,177
101,0,blank,0,-350,-105,283044,283213,169
101,0,blank,0,-350,-105,283213,283637,424
101,0,blank,0,-350,-105,283637,283826,189
101,0,blank,0,-350,-105,283826,284020,194
101,0,blank,0,-350,-105,284020,284124,104
101,0,blank,0,-350,-105,284124,284238,114
101,0,blank,0,-350,-105,284238,284409,171
101,0,blank,0,-350,-105,284409,284590,181
101,0,blank,0,-350,-105,284590,284775,185
101,0,blank,0,-350,-105,284775,284931,156
101,0,blank,0,-350,-105,284931,285019,88
101,0,blank,0,-350,-105,285019,285161,142
101,0,blank,0,-350,-105,285161,285276,115
101,0,blank,0,-350,-105,285276,285396,120
101,0,blank,0,-350,-105,285396,285577,181
101,0,blank,0,-350,-105,285577,285765,188
101,0,blank,0,-350,-105,285765,285920,155
101,0,blank,0,-350,-105,285920,286011,91
101,0,blank,0,-350,-105,286011,286210,199
101,0,blank,0,-350,-105,286210,286350,140
101,0,blank,0,159.9765,528.8506,286694,286725,31
101,0,blank,0,144.0648,543.8553,286762,286798,36
101,0,blank,0,126.0236,526.4606,286833,286869,36
101,0,blank,0,120.74634,537.2402,286942,287119,177
101,0,blank,0,115.23268,533.47112,287119,287296,177
101,30,++,186,113.20395,530.30435,287296,287366,70
101,0,blank,0,109.3789,531.1503,287400,287436,36
101,0,blank,0,191.0723,534.2837,287471,287647,176
101,0,blank,0,187.8611,537.1794,287647,287682,35
101,34,if,203,96.05604,608.52328,287717,287896,179
101,0,blank,0,78.704225,643.884725,287965,288104,139
101,0,blank,0,66.7061,547.9247,288177,288212,35
101,32,for,189,70.364325,559.675075,288248,288391,143
101,32,for,189,70.2441333333333,573.122466666667,288428,288537,109
101,0,blank,0,127.74735,575.807775,288572,288717,145
101,0,blank,0,76.1081666666667,658.041466666667,288826,288933,107
101,0,blank,0,80.7566,647.8015,289003,289038,35
101,0,blank,0,109.8119,636.9853,289107,289178,71
101,0,blank,0,113.701075,648.284625,289213,289352,139
101,0,blank,0,108.7081,636.7672,289423,289459,36
101,32,i,199,96.5088,569.72092,289530,289707,177
101,32,i,199,96.5483,571.30945,289707,289777,70
101,0,blank,0,-350,-105,289814,290005,191
101,0,blank,0,-350,-105,290005,290202,197
101,0,blank,0,-350,-105,290202,290396,194
101,0,blank,0,-350,-105,290396,290551,155
101,0,blank,0,-350,-105,290551,290712,161
101,0,blank,0,-350,-105,290712,290902,190
101,0,blank,0,-350,-105,290902,291024,122
101,0,blank,0,-350,-105,291024,291195,171
101,0,blank,0,-350,-105,291195,291353,158
101,0,blank,0,-350,-105,291353,291548,195
101,0,blank,0,-350,-105,291548,291727,179
101,0,blank,0,-350,-105,291727,291908,181
101,0,blank,0,-350,-105,291908,292054,146
101,0,blank,0,-350,-105,292054,292234,180
101,0,blank,0,-350,-105,292234,292427,193
101,0,blank,0,-350,-105,292427,292598,171
101,0,blank,0,-350,-105,292598,292845,247
101,0,blank,0,-350,-105,292845,293030,185
101,0,blank,0,-350,-105,293030,293198,168
101,0,blank,0,-350,-105,293198,293382,184
101,0,blank,0,-350,-105,293382,293571,189
101,0,blank,0,-350,-105,293571,293656,85
101,0,blank,0,-350,-105,293656,293791,135
101,0,blank,0,-350,-105,293791,293962,171
101,0,blank,0,-350,-105,293962,294135,173
101,0,blank,0,-350,-105,294135,294309,174
101,0,blank,0,-350,-105,294309,294491,182
101,0,blank,0,-350,-105,294491,294689,198
101,0,blank,0,-350,-105,294689,294925,236
101,0,blank,0,-350,-105,294925,295107,182
101,0,blank,0,-350,-105,295107,295142,35
101,0,blank,0,-350,-105,295142,295316,174
101,0,blank,0,-350,-105,295316,295362,46
101,0,blank,0,-350,-105,295362,295524,162
101,0,blank,0,-350,-105,295524,295802,278
101,0,blank,0,-350,-105,295802,296013,211
101,0,blank,0,-350,-105,296013,296198,185
101,0,blank,0,-350,-105,296198,296396,198
101,0,blank,0,-350,-105,296396,296495,99
101,0,blank,0,-350,-105,296495,296681,186
101,0,blank,0,-350,-105,296681,296844,163
101,0,blank,0,-350,-105,296844,297041,197
101,0,blank,0,-350,-105,297041,297246,205
101,0,blank,0,-350,-105,297246,297419,173
101,0,blank,0,-350,-105,297419,297571,152
101,0,blank,0,-350,-105,297571,297768,197
101,0,blank,0,-350,-105,297768,297926,158
101,0,blank,0,-350,-105,297926,298088,162
101,0,blank,0,-350,-105,298088,298247,159
101,0,blank,0,-350,-105,298247,298425,178
101,0,blank,0,-350,-105,298425,298605,180
101,0,blank,0,-350,-105,298605,298688,83
101,0,blank,0,-350,-105,298688,298816,128
101,0,blank,0,-350,-105,298816,298965,149
101,0,blank,0,-350,-105,298965,299080,115
101,0,blank,0,-350,-105,299080,299285,205
101,0,blank,0,-350,-105,299285,299471,186
101,0,blank,0,-350,-105,299471,299569,98
101,0,blank,0,-350,-105,299569,299819,250
101,0,blank,0,-350,-105,299819,299846,27
101,0,blank,0,-350,-105,299846,300025,179
101,0,blank,0,-350,-105,300025,300215,190
101,0,blank,0,-350,-105,300215,300405,190
101,0,blank,0,-350,-105,300405,300575,170
101,0,blank,0,-350,-105,300575,300633,58
101,0,blank,0,-350,-105,300633,300894,261
101,0,blank,0,-350,-105,300894,301123,229
101,0,blank,0,-350,-105,301123,301299,176
101,0,blank,0,-350,-105,301299,301480,181
101,0,blank,0,-350,-105,301480,301612,132
101,0,blank,0,-350,-105,301612,301809,197
101,0,blank,0,-350,-105,301809,301984,175
101,0,blank,0,-350,-105,301984,302154,170
101,0,blank,0,-350,-105,302154,302274,120
101,0,blank,0,-350,-105,302274,302468,194
101,0,blank,0,-350,-105,302468,302633,165
101,0,blank,0,-350,-105,302633,302774,141
101,0,blank,0,-350,-105,302774,302986,212
101,0,blank,0,-350,-105,302986,303159,173
101,0,blank,0,-350,-105,303159,303335,176
101,0,blank,0,-350,-105,303335,303484,149
101,0,blank,0,-350,-105,303484,303617,133
101,0,blank,0,-350,-105,303617,303722,105
101,0,blank,0,-350,-105,303722,303908,186
101,0,blank,0,-350,-105,303908,304102,194
101,0,blank,0,-350,-105,304102,304283,181
101,0,blank,0,-350,-105,304283,304459,176
101,0,blank,0,-350,-105,304459,304632,173
101,0,blank,0,-350,-105,304632,304810,178
101,0,blank,0,-350,-105,304810,304883,73
101,0,blank,0,-350,-105,304883,305038,155
101,0,blank,0,-350,-105,305038,305232,194
101,0,blank,0,-350,-105,305232,305364,132
101,0,blank,0,-350,-105,305364,305501,137
101,0,blank,0,-350,-105,305501,305637,136
101,0,blank,0,-350,-105,305637,305786,149
101,0,blank,0,-350,-105,305786,305911,125
101,0,blank,0,-350,-105,305911,306175,264
101,0,blank,0,-350,-105,306175,306562,387
101,0,blank,0,-350,-105,306562,306696,134
101,0,blank,0,-350,-105,306696,306844,148
101,0,blank,0,-350,-105,306844,306928,84
101,0,blank,0,-350,-105,306928,307098,170
101,0,blank,0,-350,-105,307098,307283,185
101,0,blank,0,-350,-105,307283,307465,182
101,0,blank,0,-350,-105,307465,307570,105
101,0,blank,0,-350,-105,307570,308027,457
101,0,blank,0,-350,-105,308027,308203,176
101,0,blank,0,-350,-105,308203,308283,80
101,13,"%sand%sareanagrams.\n",77,417.3276,151.20355,308855,308913,58
101,13,array2,81,547.334533333333,142.7187,308980,309082,102
101,13,array2,81,545.47,143.5342,309115,309182,67
101,11,find_anagram,62,238.6389,95.418,309284,309318,34
101,0,blank,0,228.853833333333,88.0277,309351,309451,100
101,0,blank,0,214.98742,-8.36414,309618,309788,170
101,0,blank,0,215.7352,-23.5042,309788,309823,35
101,0,blank,0,914.5095,-43.83705,309962,310137,175
101,0,blank,0,908.777,-41.19435,310137,310221,84
101,13,"%sand%sareanagrams.\n",77,253.6014,157.2878,310535,310568,33
101,18,char,106,204.2966,265.471866666667,310735,310835,100
101,18,char,106,205.7344,265.8158,310936,311004,68
101,0,blank,0,223.949,281.5471,311030,311062,32
101,18,char,106,379.8376,247.0995,311352,311384,32
101,0,blank,0,362.4963,236.0461,311418,311452,34
101,18,array2,107,406.9801,255.5257,311629,311703,74
101,0,blank,0,467.512,254.8542,311812,311847,35
101,0,blank,0,466.9645,245.892466666667,311883,311990,107
101,0,blank,0,477.3043,262.7767,312062,312097,35
101,18,char,106,231.44445,260.993075,312165,312308,143
101,18,array1,102,246.7933,260.4676,312342,312377,35
101,0,blank,0,476.1233,246.27865,312479,312548,69
101,0,blank,0,451.8004,273.5171,312724,312796,72
101,0,blank,0,-350,-105,313010,313193,183
101,0,blank,0,-350,-105,313193,313378,185
101,0,blank,0,-350,-105,313378,313560,182
101,0,blank,0,-350,-105,313560,313759,199
101,0,blank,0,-350,-105,313759,313932,173
101,0,blank,0,-350,-105,313932,314119,187
101,0,blank,0,-350,-105,314119,314265,146
101,0,blank,0,-350,-105,314265,314433,168
101,0,blank,0,-350,-105,314433,314535,102
101,0,blank,0,-350,-105,314535,314711,176
101,0,blank,0,-350,-105,314711,314880,169
101,0,blank,0,-350,-105,314880,315042,162
101,0,blank,0,-350,-105,315042,315206,164
101,0,blank,0,-350,-105,315206,315402,196
101,0,blank,0,-350,-105,315402,315554,152
101,0,blank,0,-350,-105,315554,315750,196
101,0,blank,0,-350,-105,315750,315890,140
101,0,blank,0,-350,-105,315890,315991,101
101,0,blank,0,-350,-105,315991,316184,193
101,0,blank,0,-350,-105,316184,316374,190
101,0,blank,0,-350,-105,316374,316570,196
101,0,blank,0,-350,-105,316570,316754,184
101,0,blank,0,-350,-105,316754,316939,185
101,0,blank,0,-350,-105,316939,317088,149
101,0,blank,0,-350,-105,317088,317255,167
101,0,blank,0,-350,-105,317255,317427,172
101,0,blank,0,-350,-105,317427,317524,97
101,0,blank,0,-350,-105,317524,317695,171
101,0,blank,0,-350,-105,317695,317890,195
101,0,blank,0,-350,-105,317890,317971,81
101,0,blank,0,-350,-105,317971,318153,182
101,0,blank,0,-350,-105,318153,318286,133
101,0,blank,0,-350,-105,318286,318458,172
101,0,blank,0,-350,-105,318458,318609,151
