Frameno_fix,lineno_fix,Tokenname_fix,tokens_id,gaze_X_fix,gaze_Y_fix,timestamp_fix_start,timestamp_fix_end,time_duration
100,0,blank,0,119.4968,-44.2499,3281,3476,195
100,0,blank,0,114.11224,-56.24682,3476,3644,168
100,0,blank,0,312.512466666667,-14.9632,3674,3852,178
100,0,blank,0,371.7854,-9.71543333333333,3852,4031,179
100,0,blank,0,393.995816666667,-29.6287833333333,4031,4208,177
100,0,blank,0,383.41655,-14.8735,4208,4387,179
100,0,blank,0,391.420416666667,-17.7574833333333,4387,4564,177
100,0,blank,0,398.8929,-7.47996,4564,4716,152
100,1,to,6,158.4714,20.6786,4776,4958,182
100,1,to,6,155.094266666667,24.08645,4958,5144,186
100,2,stdio,15,109.09078,35.57224,5144,5324,180
100,2,stdio,15,110.39775,38.17035,5324,5385,61
100,0,blank,0,807.15675,619.031325,5639,5812,173
100,0,blank,0,738.07,555.5447,5812,5873,61
100,7,next,35,184.015683333333,138.730366666667,6028,6211,183
100,0,blank,0,124.704066666667,69.7850333333333,6211,6395,184
100,0,blank,0,156.1826,44.13775,6395,6576,181
100,2,>,18,176.855483333333,26.0104666666667,6576,6764,188
100,0,blank,0,180.4461,47.1268666666667,6764,6945,181
100,3,>,25,184.990466666667,48.9019166666667,6945,7127,182
100,3,>,25,188.644533333333,54.8370166666667,7127,7314,187
100,0,blank,0,107.53415,92.09655,7314,7503,189
100,4,node,27,110.0781,84.1899166666667,7503,7690,187
100,4,node,27,111.325833333333,73.2003333333333,7690,7878,188
100,0,blank,0,150.397033333333,71.6894,7878,8063,185
100,0,blank,0,152.18905,92.7046166666667,8063,8246,183
100,0,blank,0,144.793266666667,127.9809,8246,8337,91
100,0,blank,0,-333,-105,8368,8475,107
100,0,blank,0,130.585966666667,87.3597,8637,8808,171
100,0,blank,0,123.814533333333,69.1701166666667,8808,8991,183
100,0,blank,0,149.643583333333,74.5968,8991,9175,184
100,0,blank,0,117.406716666667,75.41365,9175,9359,184
100,4,node,27,104.49825,78.50885,9359,9541,182
100,0,blank,0,125.7624,109.35355,9541,9722,181
100,0,blank,0,136.127966666667,122.393233333333,9722,9910,188
100,0,blank,0,144.631933333333,115.9783,9910,10097,187
100,2,.,16,156.6873,30.6789,10097,10128,31
100,0,blank,0,-333,-105,10160,10266,106
100,0,blank,0,148.237,135.3279,10314,10373,59
100,0,blank,0,149.841766666667,133.9563,10440,10617,177
100,7,next,35,194.83155,139.189916666667,10617,10803,186
100,7,next,35,204.29925,149.521266666667,10803,10983,180
100,0,blank,0,233.182333333333,137.161433333333,10983,11163,180
100,0,blank,0,188.239166666667,134.8049,11163,11346,183
100,0,blank,0,158.153533333333,121.906133333333,11346,11532,186
100,0,blank,0,142.75005,106.017333333333,11532,11714,182
100,0,blank,0,122.0189,83.2878833333333,11714,11901,187
100,0,blank,0,151.956733333333,80.0671833333333,11901,12086,185
100,0,blank,0,144.609116666667,95.9736333333333,12086,12270,184
100,0,blank,0,146.067516666667,128.563533333333,12270,12454,184
100,0,blank,0,143.86025,135.357133333333,12454,12636,182
100,0,blank,0,138.575766666667,129.873683333333,12636,12824,188
100,0,blank,0,138.464683333333,125.067,12824,13008,184
100,0,blank,0,138.535483333333,117.576966666667,13008,13190,182
100,0,blank,0,-333,-105,13220,13325,105
100,0,blank,0,134.316466666667,93.1333,13350,13522,172
100,0,blank,0,135.5077,96.07485,13522,13703,181
100,0,blank,0,130.712016666667,157.86295,13703,13887,184
100,0,blank,0,159.52455,147.04455,13887,14073,186
100,7,next,35,187.852083333333,141.4975,14073,14256,183
100,7,next,35,218.138383333333,149.13845,14256,14438,182
100,0,blank,0,236.939183333333,141.455983333333,14438,14618,180
100,7,next,35,202.8679,149.477966666667,14618,14798,180
100,9,generate,40,102.921933333333,189.27445,14798,14985,187
100,9,generate,40,92.4801666666666,184.907783333333,14985,15170,185
100,0,blank,0,82.3482,169.602766666667,15170,15356,186
100,9,generate,40,120.299816666667,182.51715,15356,15541,185
100,0,blank,0,147.48545,176.26115,15541,15729,188
100,9,struct,42,174.741183333333,193.770266666667,15729,15912,183
100,9,node,43,213.663733333333,182.663433333333,15912,16093,181
100,0,blank,0,244.19165,175.42545,16093,16274,181
100,0,blank,0,271.03345,171.48025,16274,16334,60
100,0,blank,0,-333,-105,16365,16540,175
100,9,node,43,243.510457142857,180.530485714286,16566,16763,197
100,9,generate,40,129.85185,188.58755,16763,16949,186
100,9,generate,40,124.25325,193.505166666667,16949,17135,186
100,9,generate,40,103.310083333333,188.8585,17135,17318,183
100,9,generate,40,111.402466666667,199.267783333333,17318,17504,186
100,9,struct,42,150.2366,194.322466666667,17504,17596,92
100,0,blank,0,-333,-105,17627,17733,106
100,9,(,41,141.7291,181.8952,17768,17815,47
100,9,struct,42,151.888433333333,191.98565,17894,18071,177
100,9,struct,42,152.31885,189.6436,18071,18253,182
100,9,struct,42,165.148066666667,189.117883333333,18253,18436,183
100,9,node,43,222.827266666667,184.6639,18436,18613,177
100,9,node,43,224.7856,195.68105,18613,18789,176
100,0,blank,0,219.36095,178.143733333333,18789,18969,180
100,9,node,43,226.981933333333,187.224283333333,18969,19154,185
100,9,node,43,230.5154,192.524733333333,19154,19334,180
100,9,node,43,227.477333333333,181.3451,19334,19515,181
100,9,node,43,227.423783333333,183.518416666667,19515,19701,186
100,0,blank,0,181.876766666667,177.153916666667,19701,19890,189
100,9,struct,42,149.63905,182.40005,19890,19951,61
100,0,blank,0,-333,-105,20012,20120,108
100,9,generate,40,117.76176,183.54652,20227,20402,175
100,9,(,41,138.47925,185.756183333333,20402,20582,180
100,9,(,41,139.049566666667,180.4581,20582,20768,186
100,9,struct,42,171.89645,185.221983333333,20768,20951,183
100,9,node,43,218.431733333333,185.7734,20951,21134,183
100,9,node,43,233.073533333333,184.373766666667,21134,21316,182
100,9,),46,287.575683333333,183.943066666667,21316,21496,180
100,0,blank,0,295.3348,175.497133333333,21496,21676,180
100,0,blank,0,314.431866666667,171.233783333333,21676,21856,180
100,0,blank,0,317.2567,167.9593,21856,21884,28
100,9,struct,42,155.131016666667,182.352183333333,21913,22098,185
100,9,generate,40,122.159233333333,184.141733333333,22098,22281,183
100,9,generate,40,96.7004666666667,182.4418,22281,22466,185
100,9,generate,40,81.4019,186.590166666667,22466,22646,180
100,9,generate,40,102.0759,189.391316666667,22646,22828,182
100,9,(,41,140.78005,186.377866666667,22828,23006,178
100,0,blank,0,144.78065,175.4262,23006,23187,181
100,9,generate,40,106.059683333333,184.237333333333,23187,23369,182
100,6,;,31,101.45524,116.70826,23369,23549,180
100,0,blank,0,100.0001,69.16635,23549,23717,168
100,4,node,27,103.9461,76.4337,23717,23879,162
100,0,blank,0,127.858416666667,77.5583333333333,23879,24069,190
100,0,blank,0,133.630483333333,76.2016166666667,24069,24248,179
100,0,blank,0,130.733383333333,68.8492166666667,24248,24426,178
100,0,blank,0,124.1994,67.4019333333333,24426,24516,90
100,10,display,49,116.14645,202.021383333333,24546,24728,182
100,9,(,41,142.60375,188.93125,24728,24908,180
100,9,struct,42,150.24218,196.95766,24908,25058,150
100,0,blank,0,-333,-105,25090,25220,130
100,10,*,53,259.5716,211.704583333333,25332,25504,172
100,0,blank,0,276.1547,200.669916666667,25504,25679,175
100,9,;,47,299.111833333333,193.057833333333,25679,25860,181
100,0,blank,0,316.320066666667,191.442383333333,25860,26042,182
100,0,blank,0,315.11905,176.587883333333,26042,26227,185
100,0,blank,0,310.1389,180.7771,26227,26257,30
100,0,blank,0,124.393466666667,207.984316666667,26287,26471,184
100,10,display,49,115.330016666667,214.926883333333,26471,26653,182
100,10,struct,51,149.676883333333,204.00185,26653,26839,186
100,10,node,52,209.61325,205.631866666667,26839,27025,186
100,10,node,52,226.391866666667,209.260316666667,27025,27209,184
100,9,),46,284.71175,199.482216666667,27209,27391,182
100,0,blank,0,300.124866666667,205.05175,27391,27574,183
100,0,blank,0,311.32815,197.98345,27574,27635,61
100,11,reverse,57,107.836166666667,229.161083333333,27666,27850,184
100,11,struct,59,133.678533333333,228.390716666667,27850,28035,185
100,11,struct,59,144.924983333333,232.7704,28035,28222,187
100,11,struct,59,166.15475,231.884883333333,28222,28399,177
100,10,struct,51,178.497033333333,221.277183333333,28399,28578,179
100,11,node,60,218.69975,230.289816666667,28578,28759,181
100,0,blank,0,246.330716666667,232.152283333333,28759,28941,182
100,10,;,55,274.361566666667,220.29265,28941,29121,180
100,11,;,64,291.153116666667,226.105333333333,29121,29301,180
100,11,node,60,243.452133333333,232.987983333333,29301,29481,180
100,11,struct,59,166.143483333333,234.85535,29481,29663,182
100,12,struct,68,149.37405,248.944016666667,29663,29846,183
100,0,blank,0,133.9818,244.81615,29846,30029,183
100,12,struct,68,139.667183333333,247.0849,30029,30215,186
100,11,struct,59,145.447216666667,240.940833333333,30215,30399,184
100,12,struct,68,154.43125,245.271466666667,30399,30584,185
100,12,struct,68,150.852033333333,246.917933333333,30584,30765,181
100,0,blank,0,192.8359,258.068583333333,30765,30946,181
100,0,blank,0,166.6399,267.435916666667,30946,31127,181
100,0,blank,0,124.1633,287.321483333333,31127,31305,178
100,0,blank,0,120.436216666667,291.504633333333,31305,31486,181
100,0,blank,0,129.989483333333,285.723383333333,31486,31665,179
100,10,struct,51,148.904416666667,220.034466666667,31665,31848,183
100,10,struct,51,138.628133333333,206.722283333333,31848,32038,190
100,10,struct,51,133.911783333333,202.592483333333,32038,32219,181
100,10,struct,51,137.196833333333,205.340783333333,32219,32402,183
100,10,(,50,132.576633333333,213.18705,32402,32586,184
100,10,struct,51,142.1708,218.084316666667,32586,32774,188
100,10,(,50,132.114366666667,206.395633333333,32774,32962,188
100,12,struct,68,137.58755,247.454216666667,32962,33148,186
100,0,blank,0,127.403383333333,279.991216666667,33148,33330,182
100,0,blank,0,122.605916666667,284.134183333333,33330,33512,182
100,0,blank,0,135.6531,296.744033333333,33512,33687,175
100,15,node,80,138.51455,327.028216666667,33687,33866,179
100,15,node,80,131.136983333333,328.541683333333,33866,34046,180
100,15,node,80,145.33785,317.5298,34046,34230,184
100,0,blank,0,156.537466666667,289.411933333333,34230,34412,182
100,12,node,69,196.414266666667,252.933983333333,34412,34592,180
100,12,node,69,201.43138,245.45556,34592,34742,150
100,0,blank,0,1017.56583333333,155.66085,34833,35015,182
100,0,blank,0,1014.874,131.717216666667,35015,35191,176
100,0,blank,0,1011.43833333333,115.9771,35191,35368,177
100,0,blank,0,1019.66916666667,121.473316666667,35368,35545,177
100,0,blank,0,1011.82166666667,137.9519,35545,35721,176
100,0,blank,0,1026.994,144.22255,35721,35781,60
100,12,struct,68,179.72115,252.893516666667,35898,36077,179
100,11,struct,59,179.179933333333,241.52265,36077,36253,176
100,11,struct,59,184.124075,243.37305,36253,36370,117
100,0,blank,0,458.4802,138.8596,36400,36429,29
101,0,blank,0,156.4949,34.1728,37672,37731,59
101,33,->,172,204.44895,464.661716666667,37790,37965,175
101,0,blank,0,1003.085,253.772433333333,38054,38229,175
101,0,blank,0,1001.46233333333,258.548583333333,38229,38403,174
101,0,blank,0,976.132,231.02285,38403,38461,58
101,0,blank,0,151.906316666667,22.4210166666667,38551,38725,174
101,0,blank,0,139.025583333333,22.5890333333333,38725,38899,174
101,0,blank,0,133.11895,13.2240666666667,38899,39082,183
101,0,blank,0,135.32224,9.22306,39082,39232,150
101,0,blank,0,-333,-105,39292,39485,193
101,0,blank,0,-333,-105,39485,39561,76
101,0,blank,0,157.98935,63.1492,39697,39869,172
101,15,head,82,192.1152,61.4070333333333,39869,40049,180
101,15,head,82,189.5574,67.5652,40049,40229,180
101,0,blank,0,220.548366666667,67.3014166666667,40229,40409,180
101,0,blank,0,235.939866666667,56.1442666666667,40409,40587,178
101,15,=,83,232.18115,55.948625,40587,40707,120
101,0,blank,0,-333,-105,40767,40883,116
101,15,=,83,223.064283333333,58.3864166666667,40912,41081,169
101,15,*,81,165.945416666667,70.1202333333333,41081,41262,181
101,0,blank,0,156.749983333333,64.5408666666667,41262,41441,179
101,15,head,82,195.240933333333,64.0109666666667,41441,41622,181
101,0,blank,0,240.690133333333,64.6476333333333,41622,41802,180
101,0,blank,0,247.077666666667,50.4026166666667,41802,41982,180
101,15,NULL,84,244.676425,60.8844,41982,42103,121
101,0,blank,0,-333,-105,42134,42165,31
101,0,blank,0,264.913628571429,48.3029857142857,42268,42464,196
101,0,blank,0,162.963283333333,32.91885,42464,42645,181
101,0,blank,0,136.477816666667,25.1513,42645,42825,180
101,0,blank,0,133.071666666667,25.8186166666667,42825,43005,180
101,0,blank,0,137.114483333333,47.4601166666667,43005,43186,181
101,16,;,91,194.1424,75.0899666666667,43186,43369,183
101,0,blank,0,220.922483333333,74.5917666666667,43369,43550,181
101,15,NULL,84,254.60665,60.4304833333333,43550,43731,181
101,15,NULL,84,260.68768,61.93762,43731,43890,159
101,15,head,82,186.28425,68.85455,43890,44059,169
101,15,head,82,174.5938,65.0429,44059,44174,115
101,15,head,82,199.468683333333,56.31,44416,44597,181
101,0,blank,0,202.684416666667,49.1012666666667,44597,44778,181
101,15,head,82,179.742383333333,53.8817833333333,44778,44960,182
101,15,head,82,175.082933333333,63.90145,44960,45144,184
101,15,head,82,196.00424,57.04872,45144,45296,152
101,0,blank,0,976.197833333333,154.661683333333,45388,45574,186
101,0,blank,0,1019.95833333333,170.931733333333,45574,45757,183
101,0,blank,0,1019.7555,174.766583333333,45757,45936,179
101,0,blank,0,1017.11166666667,184.235933333333,45936,46117,181
101,0,blank,0,1019.28216666667,170.247183333333,46117,46299,182
101,0,blank,0,1015.74266666667,151.99075,46299,46481,182
101,0,blank,0,1016.69066666667,153.7617,46481,46664,183
101,0,blank,0,1017.957,148.4084,46664,46846,182
101,0,blank,0,1019.443,149.041,46846,47031,185
101,0,blank,0,1017.08383333333,154.913916666667,47031,47214,183
101,0,blank,0,1020.317,78.7645,47214,47394,180
101,0,blank,0,1014.33466666667,42.9269833333333,47394,47576,182
101,0,blank,0,1019.66533333333,31.7798333333333,47576,47760,184
101,0,blank,0,1015.984,39.70375,47760,47821,61
102,0,blank,0,122.584,80.8747833333333,48663,48848,185
102,0,blank,0,111.1613,82.9781,48848,49025,177
102,0,blank,0,125.547333333333,88.66305,49025,49203,178
102,0,blank,0,146.109216666667,76.0118166666667,49203,49380,177
102,0,blank,0,122.593316666667,94.1505333333333,49380,49557,177
102,0,blank,0,127.49055,106.460766666667,49557,49736,179
102,0,blank,0,151.672716666667,77.2438166666667,49736,49915,179
102,0,blank,0,157.497416666667,109.660366666667,49915,50099,184
102,7,node,33,150.660766666667,131.114433333333,50099,50192,93
102,0,blank,0,-333,-105,50253,50396,143
102,0,blank,0,127.09654,104.41036,50528,50710,182
102,0,blank,0,157.206666666667,78.9262833333333,50710,50896,186
102,0,blank,0,159.2982,76.8606,50896,51019,123
102,0,blank,0,-333,-105,51553,51644,91
102,0,blank,0,-333,-105,51644,51796,152
102,0,blank,0,-333,-105,51796,51879,83
102,0,blank,0,456.8487,520.0529,52189,52395,206
102,0,blank,0,-333,-105,53217,53392,175
102,0,blank,0,-333,-105,53392,53517,125
102,0,blank,0,136.5442,39.71894,53553,53745,192
102,0,blank,0,128.590933333333,61.18425,53745,53922,177
102,0,blank,0,163.243816666667,82.22685,53922,54103,181
102,0,blank,0,189.16205,122.836383333333,54103,54282,179
102,0,blank,0,224.97725,131.28815,54282,54461,179
102,0,blank,0,172.141283333333,88.4102166666667,54461,54642,181
102,3,stdlib,22,143.314466666667,53.3480166666667,54642,54826,184
102,0,blank,0,125.1127,81.5834833333333,54826,55008,182
102,6,;,31,97.3852,108.717483333333,55008,55191,183
102,0,blank,0,108.6312,115.6705,55191,55374,183
102,0,blank,0,142.405633333333,102.477116666667,55374,55560,186
102,0,blank,0,181.549283333333,118.86605,55560,55739,179
102,0,blank,0,180.879316666667,100.572883333333,55739,55923,184
102,0,blank,0,188.4067,115.722583333333,55923,56106,183
102,0,blank,0,257.287866666667,91.1434333333333,56106,56288,182
102,0,blank,0,258.3357,84.15135,56288,56348,60
102,0,blank,0,915.805666666667,115.95105,56438,56626,188
102,0,blank,0,969.159833333333,134.00945,56626,56809,183
102,0,blank,0,977.4045,133.8953,56809,56990,181
102,0,blank,0,984.638666666667,156.277233333333,56990,57171,181
102,0,blank,0,977.362,162.377166666667,57171,57353,182
102,0,blank,0,969.4945,162.13455,57353,57472,119
102,0,blank,0,0.389783333333336,316.61295,57564,57746,182
102,0,blank,0,41.3014666666667,314.85835,57746,57928,182
102,0,blank,0,12.9024333333333,312.161483333333,57928,58108,180
102,0,blank,0,-0.436300000000008,277.503016666667,58108,58291,183
102,0,blank,0,0.84108333333333,307.550566666667,58291,58470,179
102,0,blank,0,12.4344,318.351133333333,58470,58648,178
102,15,struct,79,63.102025,308.55925,58648,58769,121
102,0,blank,0,-333,-105,58799,58982,183
102,15,struct,79,92.8848333333333,322.924733333333,59020,59194,174
102,16,(,87,128.943266666667,346.690933333333,59194,59378,184
102,17,"\nThesequenceofcontents\n",94,128.479516666667,354.459733333333,59378,59562,184
102,16,generate,86,120.488766666667,328.878733333333,59562,59745,183
102,15,node,80,121.684316666667,320.9849,59745,59925,180
102,15,head,82,177.71825,320.455683333333,59925,60105,180
102,0,blank,0,181.78725,303.44255,60105,60224,119
102,0,blank,0,174.3653,299.736533333333,60284,60466,182
102,15,*,81,167.952133333333,307.365616666667,60466,60649,183
102,15,head,82,211.5154,312.97475,60649,60767,118
102,0,blank,0,28.5167666666667,365.535833333333,60797,60973,176
102,0,blank,0,41.2858666666667,359.3484,60973,61151,178
102,17,printf,92,98.1591666666666,356.342733333333,61151,61328,177
102,16,generate,86,101.912566666667,346.2487,61328,61506,178
102,17,printf,92,98.1044833333333,362.534016666667,61506,61683,177
102,17,printf,92,95.8553166666667,359.329666666667,61683,61860,177
102,17,printf,92,104.8069,365.425,61860,62036,176
102,17,(,93,109.668083333333,359.45575,62036,62210,174
102,17,(,93,107.70325,364.1691,62210,62269,59
102,6,int,29,52.9552666666667,123.658483333333,62298,62475,177
102,0,blank,0,52.25606,126.51044,62475,62622,147
102,17,(,93,107.201616666667,349.60215,62681,62861,180
102,17,(,93,112.526983333333,362.890866666667,62861,63038,177
102,15,head,82,179.51925,321.0243,63038,63219,181
102,16,&,88,143.982916666667,333.26025,63219,63398,179
102,16,(,87,127.983466666667,345.294533333333,63398,63575,177
102,16,generate,86,102.008233333333,335.658766666667,63575,63757,182
102,16,generate,86,112.77315,327.53735,63757,63817,60
102,6,int,29,60.4982666666667,116.8389,63847,64030,183
102,7,struct,32,67.25505,141.3259,64030,64211,181
102,0,blank,0,80.4434333333333,168.333766666667,64211,64370,159
102,10,display,49,63.7328,195.8477,64370,64475,105
102,0,blank,0,52.24985,206.49705,64475,64656,181
102,0,blank,0,123.350733333333,166.752216666667,64656,64850,194
102,0,blank,0,134.67428,184.40922,64850,65002,152
102,0,blank,0,184.05015,161.1315,65033,65093,60
102,0,blank,0,194.74544,155.29486,65154,65305,151
102,0,blank,0,214.899825,170.9279,65367,65488,121
102,0,blank,0,-0.599850000000004,202.004933333333,65548,65732,184
102,8,},37,10.1877,163.66655,65732,65853,121
102,13,(,76,97.1218666666667,274.091533333333,65883,65974,91
102,16,generate,86,99.9115166666667,339.5015,66004,66186,182
102,16,(,87,132.7135,346.519,66186,66216,30
102,0,blank,0,31.87265,379.9653,66277,66459,182
102,0,blank,0,32.41515,372.61155,66459,66643,184
102,0,blank,0,113.062316666667,366.916966666667,66643,66827,184
102,0,blank,0,192.019516666667,338.192533333333,66827,67009,182
102,17,"\nThesequenceofcontents\n",94,263.443716666667,348.347616666667,67009,67190,181
102,0,blank,0,295.943175,333.85275,67190,67309,119
102,0,blank,0,296.81355,370.585916666667,67340,67521,181
102,0,blank,0,191.159116666667,378.43465,67551,67730,179
102,0,blank,0,241.298933333333,337.584,67730,67911,181
102,17,"\nThesequenceofcontents\n",94,293.03475,351.683333333333,67911,68089,178
102,17,"\nThesequenceofcontents\n",94,319.634625,361.52875,68089,68210,121
102,17,"\nThesequenceofcontents\n",94,328.748666666667,353.812916666667,68268,68450,182
102,15,;,85,290.9697,310.8778,68450,68480,30
102,18,(,98,121.025333333333,376.310283333333,68511,68693,182
102,20,reverse,107,50.87825,418.026183333333,68693,68877,184
102,0,blank,0,42.89085,431.945066666667,68877,69056,179
102,0,blank,0,36.4873166666667,428.4209,69056,69235,179
102,0,blank,0,25.8709833333333,420.040516666667,69235,69415,180
102,21,printf,113,66.5276,439.324183333333,69415,69595,180
102,20,reverse,107,100.1472,433.618033333333,69595,69774,179
102,20,reverse,107,97.3166833333333,433.813716666667,69774,69953,179
102,21,printf,113,92.6928166666667,445.955916666667,69953,70133,180
102,22,display,118,106.839583333333,463.69515,70133,70313,180
102,22,),121,166.9594,469.1015,70313,70493,180
102,22,head,120,151.888466666667,458.978866666667,70493,70672,179
102,22,head,120,147.217466666667,463.2969,70672,70851,179
102,21,"\nThecontentsafterreversal\n",115,146.6918,454.50145,70851,70911,60
102,20,&,109,127.317416666667,433.6868,70942,71121,179
102,0,blank,0,42.4327333333333,483.375183333333,71121,71299,178
102,22,display,118,43.30325,466.612933333333,71299,71480,181
102,0,blank,0,28.3642666666667,438.9984,71480,71663,183
102,0,blank,0,23.4605333333333,487.398816666667,71663,71843,180
102,21,printf,113,65.1877,454.129583333333,71843,72022,179
102,21,"\nThecontentsafterreversal\n",115,134.6112,437.94395,72022,72204,182
102,20,head,110,141.99055,427.498416666667,72204,72386,182
102,0,blank,0,230.929183333333,421.3312,72386,72568,182
102,0,blank,0,258.776816666667,413.698666666667,72568,72748,180
102,0,blank,0,268.1652,424.8472,72748,72777,29
102,20,&,109,124.397016666667,427.113066666667,72806,72986,180
102,19,(,103,106.461233333333,403.322416666667,72986,73166,180
102,18,display,97,93.1355,383.172933333333,73166,73345,179
102,18,display,97,86.2545166666667,389.453566666667,73345,73525,180
102,19,printf,102,83.054,394.467133333333,73525,73705,180
102,19,printf,102,78.2899666666667,403.9322,73705,73885,180
102,20,reverse,107,97.1628833333333,420.620966666667,73885,74067,182
102,21,"\nThecontentsafterreversal\n",115,124.088533333333,443.73,74067,74248,181
102,22,head,120,127.28065,460.323433333333,74248,74431,183
102,21,"\nThecontentsafterreversal\n",115,127.52735,444.770516666667,74431,74610,179
102,21,"\nThecontentsafterreversal\n",115,223.875683333333,436.1291,74610,74791,181
102,21,"\nThecontentsafterreversal\n",115,269.1362,442.902625,74791,74912,121
102,0,blank,0,322.1085,295.3845,74942,74972,30
102,0,blank,0,291.912033333333,425.451483333333,75003,75194,191
102,0,blank,0,309.54698,419.01364,75194,75345,151
102,22,display,118,81.5387166666667,462.2549,75375,75556,181
102,21,printf,113,81.4719,453.301183333333,75556,75738,182
102,22,display,118,102.0331,464.09365,75738,75918,180
102,22,display,118,108.37725,465.282266666667,75918,76099,181
102,21,printf,113,95.6562,453.4352,76099,76130,31
102,0,blank,0,111.0567,128.1711,76191,76372,181
102,6,a,30,91.3941333333333,121.850833333333,76372,76554,182
102,7,struct,32,75.3776333333333,141.761933333333,76554,76736,182
102,0,blank,0,29.741,124.3708,76736,76916,180
102,7,struct,32,43.0324333333333,141.1619,76916,77096,180
102,7,struct,32,86.88546,135.00686,77096,77247,151
102,22,(,119,119.4767,469.933575,77307,77429,122
102,0,blank,0,113.9054,501.06,77459,77640,181
102,23,delete,123,103.060133333333,485.339033333333,77670,77851,181
102,23,(,124,107.5072,497.2857,77851,77911,60
102,22,display,118,50.9876333333333,473.433766666667,77941,78121,180
102,23,delete,123,92.7463166666667,482.9114,78121,78300,179
102,22,display,118,98.6114,473.94705,78300,78478,178
102,22,display,118,97.2582833333333,475.6075,78478,78655,177
102,22,head,120,136.159133333333,461.199666666667,78655,78834,179
102,0,blank,0,195.786366666667,434.693733333333,78834,79010,176
102,0,blank,0,246.077533333333,417.477366666667,79010,79188,178
102,21,"\nThecontentsafterreversal\n",115,250.0642,437.9114,79188,79249,61
102,22,display,118,109.0317,461.712816666667,79280,79460,180
102,22,display,118,84.7343833333333,469.615866666667,79460,79642,182
102,22,display,118,73.3765833333333,474.654466666667,79642,79820,178
102,22,display,118,82.18535,464.28715,79820,79997,177
102,21,printf,113,85.6570333333333,446.30015,79997,80175,178
102,22,display,118,95.94525,476.514316666667,80175,80353,178
102,21,printf,113,93.2505333333334,453.35745,80353,80529,176
102,22,display,118,91.38275,459.295866666667,80529,80707,178
102,22,display,118,82.37165,467.374366666667,80707,80885,178
102,0,blank,0,27.9941666666667,475.090933333333,80885,81064,179
102,0,blank,0,34.1642333333333,489.2426,81064,81244,180
102,0,blank,0,21.90315,476.045466666667,81244,81424,180
102,0,blank,0,23.7317166666667,475.750566666667,81424,81603,179
102,0,blank,0,18.1319166666667,462.765816666667,81603,81780,177
102,0,blank,0,21.0808166666667,474.145816666667,81780,81957,177
102,0,blank,0,39.7279166666667,453.56875,81957,82135,178
102,22,display,118,68.12145,477.156,82135,82311,176
102,22,display,118,68.2099,464.8322,82311,82341,30
102,0,blank,0,-333,-105,82400,82503,103
102,21,printf,113,77.0874166666667,438.94455,82672,82844,172
102,19,printf,102,84.0736,402.432816666667,82844,83023,179
102,20,&,109,128.587433333333,430.836966666667,83023,83201,178
102,0,blank,0,215.3286,413.3765,83201,83290,89
102,0,blank,0,274.3275,382.7012,83290,83482,192
102,0,blank,0,272.689142857143,385.858614285714,83482,83677,195
102,0,blank,0,282.696566666667,417.714766666667,83677,83856,179
102,0,blank,0,267.56495,414.313183333333,83856,84037,181
102,20,),111,178.786,433.272233333333,84037,84219,182
102,21,"\nThecontentsafterreversal\n",115,122.793766666667,442.76815,84219,84401,182
102,22,(,119,115.9479,460.8083,84401,84431,30
102,0,blank,0,21.1008666666667,472.08635,84461,84660,199
102,0,blank,0,31.5874,455.42855,84660,84834,174
102,0,blank,0,30.27315,443.3098,84834,85015,181
102,21,printf,113,52.1118166666667,443.15775,85015,85204,189
102,21,(,114,109.868466666667,455.4136,85204,85385,181
102,21,"\nThecontentsafterreversal\n",115,170.634333333333,443.027483333333,85385,85566,181
102,0,blank,0,219.0425,425.8786,85566,85626,60
102,19,"\nInversingthecontents\n",104,275.831216666667,397.732316666667,85657,85838,181
102,21,(,114,112.85915,456.711666666667,85838,86018,180
102,22,display,118,79.858125,465.391225,86018,86139,121
102,0,blank,0,26.6643833333333,470.902483333333,86199,86379,180
102,0,blank,0,31.1019333333333,467.5135,86379,86558,179
102,0,blank,0,29.91325,466.678633333333,86558,86738,180
102,0,blank,0,38.3565333333333,464.725633333333,86738,86919,181
102,0,blank,0,33.0962166666667,444.793466666667,86919,87103,184
102,0,blank,0,30.3236333333333,467.171916666667,87103,87285,182
102,0,blank,0,16.56705,459.992383333333,87285,87465,180
102,22,display,118,80.6806166666667,466.33465,87465,87646,181
102,22,display,118,76.7043166666667,466.600233333333,87646,87828,182
102,0,blank,0,29.2904666666667,502.777016666667,87828,88009,181
102,0,blank,0,31.4665166666667,481.130916666667,88009,88191,182
102,23,head,126,135.65975,495.0195,88222,88405,183
102,0,blank,0,186.97735,486.806783333333,88405,88586,181
102,21,"\nThecontentsafterreversal\n",115,246.023116666667,449.321316666667,88616,88798,182
102,0,blank,0,302.483033333333,463.927283333333,88798,88977,179
102,0,blank,0,315.9625,470.1436,88977,89007,30
102,0,blank,0,87.0337666666667,156.633066666667,89066,89245,179
102,0,blank,0,41.5107,142.512716666667,89245,89424,179
102,0,blank,0,45.374,229.6557,89424,89453,29
102,24,return,129,98.0424833333333,507.4594,89482,89663,181
102,0,blank,0,92.6547833333333,537.979466666667,89663,89843,180
102,0,blank,0,41.305,527.370333333333,89843,90023,180
102,0,blank,0,22.2447833333333,510.919166666667,90023,90202,179
102,0,blank,0,98.0400333333333,525.159533333333,90202,90382,180
102,23,delete,123,55.4085833333333,495.611016666667,90382,90564,182
102,0,blank,0,39.0736,480.1403,90564,90593,29
102,9,void,39,12.774,175.662383333333,90654,90835,181
102,0,blank,0,13.8345666666667,101.365383333333,90835,91016,181
102,0,blank,0,0.0687166666666599,214.063233333333,91047,91228,181
102,0,blank,0,15.7667666666667,215.623283333333,91228,91411,183
102,11,void,56,20.0055333333333,216.1616,91411,91593,182
102,11,void,56,23.3223333333333,216.178333333333,91593,91773,180
102,11,void,56,32.22645,223.975733333333,91773,91954,181
102,11,void,56,20.71895,232.524366666667,91954,92135,181
102,12,void,65,21.67955,248.06415,92135,92317,182
102,0,blank,0,47.4512166666667,227.589033333333,92317,92503,186
102,11,reverse,57,93.9577833333333,217.221333333333,92503,92684,181
102,0,blank,0,122.4201,193.6845,92684,92869,185
102,11,struct,59,154.91415,224.55485,92869,92929,60
102,23,delete,123,54.5832666666667,484.745483333333,92959,93139,180
102,0,blank,0,39.5547666666667,534.406266666667,93139,93318,179
102,0,blank,0,28.2740333333333,511.286166666667,93318,93498,180
102,0,blank,0,20.4150333333333,517.388633333333,93498,93680,182
102,0,blank,0,26.44205,539.8657,93680,93859,179
102,26,void,133,25.2834833333333,552.451233333333,93859,94039,180
102,0,blank,0,28.4857833333333,535.006633333333,94039,94219,180
102,0,blank,0,70.17475,540.0254,94219,94399,180
102,0,blank,0,74.2999833333333,572.516133333333,94399,94577,178
102,0,blank,0,87.3393333333333,544.714633333333,94577,94757,180
102,0,blank,0,85.4979333333333,545.649866666667,94757,94934,177
102,26,reverse,134,95.35705,557.828083333333,94934,95111,177
102,26,reverse,134,91.942675,547.96285,95111,95231,120
102,0,blank,0,76.74215,531.853066666667,95261,95444,183
102,26,void,133,37.66735,550.200166666667,95444,95624,180
102,0,blank,0,20.07415,571.413666666667,95624,95803,179
102,0,blank,0,33.6517,587.123133333333,95803,95980,177
102,26,void,133,28.67666,564.25428,95980,96130,150
102,0,blank,0,-333,-105,96160,96345,185
102,0,blank,0,51.9665,628.9789,96493,96518,25
102,0,blank,0,36.63955,576.006716666667,96544,96724,180
102,0,blank,0,43.6792333333333,582.582866666667,96724,96901,177
102,0,blank,0,39.3256833333333,626.588583333333,96901,97078,177
102,0,blank,0,-0.50154999999999,638.725466666667,97078,97255,177
102,0,blank,0,17.2478166666667,645.334766666667,97255,97437,182
102,0,blank,0,45.1591833333333,628.90645,97437,97615,178
102,0,blank,0,30.1376,621.39855,97615,97675,60
102,0,blank,0,935.7975,230.8816,97765,97945,180
102,0,blank,0,972.193,217.19385,97945,98127,182
102,0,blank,0,973.857166666667,165.672033333333,98127,98310,183
102,0,blank,0,981.150833333333,155.643533333333,98310,98490,180
102,0,blank,0,980.93575,156.44515,98490,98610,120
102,0,blank,0,33.1700833333333,359.369083333333,98701,98885,184
102,18,display,97,81.0866666666667,385.128233333333,98885,99068,183
102,18,display,97,58.8805666666667,386.55705,99068,99248,180
102,0,blank,0,29.4158333333333,407.10395,99248,99430,182
102,0,blank,0,17.6297666666667,412.8371,99430,99611,181
102,0,blank,0,16.43165,418.033666666667,99611,99794,183
102,0,blank,0,22.4762,436.563516666667,99794,99977,183
102,0,blank,0,24.1800833333333,460.66405,99977,100157,180
102,22,display,118,48.8553,469.288166666667,100157,100336,179
102,22,display,118,63.1367166666667,467.791366666667,100336,100515,179
102,0,blank,0,951.839666666667,149.467216666667,100605,100788,183
102,0,blank,0,969.457833333333,164.68615,100788,100969,181
102,0,blank,0,972.2435,173.083666666667,100969,101149,180
102,0,blank,0,967.209,202.6443,101149,101180,31
102,0,blank,0,57.8892666666667,501.317183333333,101299,101479,180
102,0,blank,0,968.039333333333,159.668433333333,101570,101751,181
102,0,blank,0,984.238333333333,161.065916666667,101751,101928,177
102,0,blank,0,981.098166666667,160.315316666667,101928,102106,178
102,0,blank,0,975.7025,176.543916666667,102106,102287,181
102,0,blank,0,972.3345,170.889983333333,102287,102468,181
103,26,(,135,128.081116666667,176.9911,104387,104563,176
103,26,reverse,134,95.6425,190.65905,104563,104740,177
103,26,void,133,9.37192,194.71544,104740,104891,151
103,0,blank,0,-333,-105,104949,105113,164
103,0,blank,0,-333,-105,105113,105393,280
103,0,blank,0,-333,-105,105393,105521,128
103,0,blank,0,-33.8592833333333,182.83665,105628,105811,183
103,0,blank,0,-34.3099166666667,170.913516666667,105811,105990,179
103,0,blank,0,-15.0198666666667,189.338166666667,105990,106170,180
103,26,void,133,20.9428666666667,183.36135,106170,106349,179
103,26,reverse,134,56.1747666666667,179.221216666667,106349,106527,178
103,0,blank,0,80.2294166666667,171.201016666667,106527,106706,179
103,0,blank,0,101.857883333333,171.5052,106706,106885,179
103,26,(,135,129.749616666667,181.6642,106885,107066,181
103,26,struct,136,159.20235,179.29335,107066,107125,59
103,0,blank,0,-333,-105,107154,107259,105
103,0,blank,0,285.053783333333,159.497416666667,107350,107523,173
103,0,blank,0,308.233466666667,149.757,107523,107700,177
103,0,blank,0,332.8157,160.6587,107700,107877,177
103,0,blank,0,237.646583333333,164.870133333333,107877,108055,178
103,0,blank,0,220.2072,154.863083333333,108055,108230,175
103,0,blank,0,109.27115,149.121216666667,108230,108409,179
103,0,blank,0,105.882116666667,153.59135,108409,108587,178
103,0,blank,0,120.038533333333,168.02085,108587,108767,180
103,26,struct,136,134.7565,181.158466666667,108767,108947,180
103,0,blank,0,171.021366666667,199.96665,108947,109130,183
103,0,blank,0,226.37228,144.15806,109130,109283,153
103,0,blank,0,226.349883333333,175.908,109314,109504,190
103,26,*,139,272.821533333333,181.354616666667,109504,109691,187
103,0,blank,0,337.23775,186.5114,109691,109813,122
103,0,blank,0,305.46415,167.278866666667,109843,110029,186
103,26,head,140,304.719,188.16632,110092,110246,154
103,0,blank,0,-333,-105,110278,110385,107
103,0,blank,0,306.644366666667,159.167733333333,110590,110769,179
103,26,*,139,259.078516666667,196.634116666667,110769,110950,181
103,28,temp,146,199.337133333333,226.819783333333,110950,111133,183
103,28,node,144,151.32735,230.645716666667,111133,111309,176
103,0,blank,0,155.27255,228.5515,111309,111368,59
103,0,blank,0,118.716066666667,160.421533333333,111397,111492,95
103,0,blank,0,201.8849,218.156916666667,111554,111740,186
103,26,node,137,239.0584,183.576783333333,111740,111917,177
103,0,blank,0,186.881,268.073883333333,111917,112100,183
103,0,blank,0,165.543833333333,282.3806,112100,112280,180
103,0,blank,0,236.220916666667,281.1897,112280,112459,179
103,28,prev,149,273.6493,226.34765,112459,112520,61
103,31,"listdoesnotexist\n",161,299.51585,288.508866666667,112583,112775,192
103,31,"listdoesnotexist\n",161,348.0187,289.71965,112775,112955,180
103,0,blank,0,371.66462,275.21888,112955,113101,146
103,0,blank,0,173.204266666667,318.083083333333,113131,113307,176
103,0,blank,0,176.3155,319.92755,113307,113483,176
103,0,blank,0,117.30926,315.36758,113483,113631,148
103,0,blank,0,234.1505,327.667583333333,113660,113838,178
103,31,"listdoesnotexist\n",161,264.9241,292.5094,113838,114017,179
103,31,"listdoesnotexist\n",161,266.2733,291.55016,114017,114171,154
103,0,blank,0,288.510216666667,277.515433333333,114200,114387,187
103,0,blank,0,355.871216666667,320.854216666667,114387,114572,185
103,0,blank,0,354.8803,235.4868,114572,114603,31
103,0,blank,0,352.25995,268.49545,114633,114762,129
103,31,(,160,151.609833333333,290.9414,114793,114888,95
103,0,blank,0,153.64342,304.08648,114919,115074,155
103,35,"Singlenodereversalbringsnodifference\n",180,162.148616666667,385.09495,115134,115322,188
103,0,blank,0,155.94955,368.83435,115322,115385,63
103,0,blank,0,158.321366666667,371.703933333333,115448,115541,93
103,33,head,170,168.656566666667,346.8265,115571,115763,192
103,0,blank,0,242.682766666667,351.962166666667,115763,115954,191
103,33,next,173,252.2688,349.3192,115954,115985,31
103,0,blank,0,302.98135,278.88435,116016,116209,193
103,33,next,173,270.60045,346.9892,116209,116403,194
103,0,blank,0,251.7228,365.2719,116403,116521,118
103,0,blank,0,309.759116666667,354.50915,116550,116734,184
103,31,"listdoesnotexist\n",161,353.19575,294.27615,116734,116919,185
103,0,blank,0,354.5385,283.3882,116919,116950,31
103,0,blank,0,353.106033333333,360.318033333333,116980,117071,91
103,0,blank,0,439.513016666667,295.7051,117101,117289,188
103,0,blank,0,451.376633333333,306.455466666667,117349,117530,181
103,0,blank,0,509.496466666667,287.3563,117530,117715,185
103,0,blank,0,517.64095,334.79175,117715,117778,63
103,0,blank,0,570.099166666667,231.2144,117809,117901,92
103,0,blank,0,568.8951,346.1667,117933,117964,31
103,0,blank,0,624.870066666667,276.402766666667,118057,118154,97
103,0,blank,0,284.9743,269.1478,118314,118375,61
103,0,blank,0,288.316475,358.603625,118405,118530,125
103,0,blank,0,159.75212,400.3149,118560,118707,147
103,37,->,193,211.920816666667,434.591083333333,118766,118948,182
103,37,next,194,224.904983333333,420.528433333333,118948,119127,179
103,37,->,193,222.7669,433.36305,119127,119187,60
103,0,blank,0,-333,-105,119246,119324,78
103,0,blank,0,120.582433333333,425.9037,119573,119744,171
103,39,head,209,128.099233333333,474.8257,119744,119927,183
103,40,head,216,127.643183333333,491.87615,119927,120105,178
103,39,head,209,143.307066666667,468.860316666667,120105,120281,176
103,39,->,205,156.787316666667,482.487083333333,120281,120456,175
103,0,blank,0,187.555366666667,483.404116666667,120456,120632,176
103,0,blank,0,198.549533333333,461.559166666667,120632,120808,176
103,39,->,205,231.66015,477.402783333333,120808,120986,178
103,39,->,205,231.009383333333,473.667016666667,120986,121163,177
103,39,next,206,255.805816666667,470.890366666667,121163,121340,177
103,39,next,206,280.596266666667,478.5574,121340,121520,180
103,0,blank,0,296.883133333333,459.62915,121520,121701,181
103,37,next,194,336.59004,437.69808,121701,121852,151
103,39,->,205,168.72598,472.02894,121884,122034,150
103,40,=,213,144.91275,486.835766666667,122064,122245,181
103,41,head,223,132.081666666667,510.419283333333,122245,122426,181
103,41,*,222,94.2578333333333,522.671916666667,122426,122604,178
103,0,blank,0,95.0420166666667,532.693333333333,122604,122783,179
103,39,next,206,279.157016666667,471.801266666667,122783,122962,179
103,0,blank,0,287.2542,450.478966666667,122962,123141,179
103,0,blank,0,306.631733333333,444.74095,123141,123320,179
103,39,=,207,321.231816666667,465.943966666667,123320,123500,180
103,0,blank,0,325.0604,444.8334,123500,123530,30
103,40,head,216,190.315083333333,489.388833333333,123560,123740,180
103,39,next,206,185.7675,463.3334,123740,123770,30
103,0,blank,0,-333,-105,123829,123932,103
103,37,head,189,160.280657142857,432.114014285714,124101,124300,199
103,0,blank,0,118.842166666667,452.746383333333,124300,124479,179
103,39,head,209,126.137283333333,468.406566666667,124479,124657,178
103,39,head,209,132.963466666667,467.698,124657,124837,180
103,39,->,205,173.985316666667,477.252016666667,124837,125017,180
103,39,next,206,175.9729,473.402983333333,125017,125196,179
103,0,blank,0,223.93405,465.797366666667,125196,125377,181
103,0,blank,0,250.0031,442.5198,125377,125431,54
103,40,next,219,291.556,485.7577,125431,125616,185
103,0,blank,0,-333,-105,125750,125816,66
103,0,blank,0,326.2778,408.56535,126039,126152,113
103,0,blank,0,182.403433333333,459.81475,126181,126359,178
103,0,blank,0,166.210383333333,446.82765,126359,126541,182
103,39,),202,146.013116666667,462.775316666667,126541,126720,179
103,0,blank,0,124.678916666667,446.711983333333,126720,126899,179
103,39,head,209,125.16125,463.078283333333,126899,127080,181
103,40,*,215,88.08245,496.918816666667,127080,127258,178
103,0,blank,0,64.3714,531.610066666667,127258,127348,90
103,0,blank,0,68.391,541.83415,127378,127558,180
103,41,(,221,92.2219333333333,517.759,127558,127738,180
103,0,blank,0,-333,-105,127768,127948,180
103,41,head,223,121.342133333333,507.918133333333,128067,128239,172
103,0,blank,0,163.868266666667,491.045733333333,128239,128413,174
103,41,->,227,167.087583333333,511.598816666667,128413,128596,183
103,41,->,227,165.058333333333,511.1766,128596,128773,177
103,41,next,228,197.272233333333,511.91755,128773,128951,178
103,41,next,228,247.960483333333,519.729316666667,128951,129128,177
103,41,next,228,252.54525,520.883466666667,129128,129305,177
103,40,next,219,281.87875,489.563633333333,129305,129484,179
103,41,next,228,266.559633333333,515.558716666667,129484,129663,179
103,41,next,228,266.620983333333,511.148016666667,129663,129839,176
103,40,->,218,251.8769,486.2433,129839,129899,60
103,0,blank,0,136.649266666667,529.89965,129929,130107,178
103,41,head,223,129.176866666667,516.144883333333,130107,130289,182
103,41,next,228,196.968233333333,523.4703,130289,130470,181
103,0,blank,0,201.83345,529.220216666667,130470,130651,181
103,41,next,228,269.415216666667,519.779516666667,130651,130833,182
103,0,blank,0,275.89935,542.971,130833,130893,60
103,0,blank,0,-333,-105,130953,131107,154
103,0,blank,0,272.429216666667,483.236783333333,131294,131469,175
103,40,next,219,261.74965,484.547383333333,131469,131647,178
103,39,next,206,276.03655,481.78805,131647,131827,180
103,41,next,228,295.169116666667,514.69675,131827,132004,177
103,40,next,219,275.900333333333,484.709783333333,132004,132183,179
103,41,next,228,295.45525,519.066116666667,132183,132364,181
103,0,blank,0,293.552366666667,531.15935,132364,132543,179
103,41,next,228,291.93584,518.3115,132543,132695,152
103,41,next,228,293.570366666667,506.121983333333,132755,132938,183
103,0,blank,0,251.655983333333,527.5174,132938,133119,181
103,41,next,228,210.808133333333,517.614916666667,133119,133300,181
103,43,else,233,70.3897666666667,554.556316666667,133300,133479,179
103,0,blank,0,75.4601166666667,568.586516666667,133479,133661,182
103,45,prev,235,89.7950333333333,599.684466666667,133661,133751,90
103,0,blank,0,91.16475,537.8574,133811,133998,187
103,0,blank,0,122.057866666667,553.463983333333,133998,134178,180
103,0,blank,0,140.669416666667,551.7719,134178,134358,180
103,0,blank,0,201.100016666667,569.366783333333,134358,134538,180
103,0,blank,0,191.196433333333,563.008133333333,134538,134716,178
103,43,else,233,70.1176166666667,551.4693,134747,134927,180
103,42,},232,51.3264,533.3519,134927,134957,30
103,0,blank,0,-333,-105,134987,135168,181
103,0,blank,0,-333,-105,135168,135262,94
103,0,blank,0,157.530766666667,484.725966666667,135354,135451,97
103,0,blank,0,162.402375,489.71105,135481,135600,119
103,0,blank,0,375.700166666667,447.111866666667,135629,135718,89
103,0,blank,0,376.500833333333,505.17995,135749,135925,176
103,0,blank,0,365.49195,495.153783333333,135925,136103,178
103,40,next,219,271.47925,502.7989,136103,136283,180
103,41,next,228,265.004416666667,525.64785,136283,136461,178
103,0,blank,0,263.019533333333,532.2144,136461,136550,89
103,41,->,227,161.506816666667,524.184716666667,136580,136760,180
103,0,blank,0,362.0585,483.582,136790,136969,179
103,0,blank,0,375.585666666667,496.085233333333,136969,137150,181
103,0,blank,0,393.9211,492.7293,137150,137180,30
103,0,blank,0,-333,-105,137210,137392,182
103,0,blank,0,-333,-105,137392,137572,180
103,0,blank,0,-333,-105,137572,137610,38
103,0,blank,0,386.5745,480.249916666667,137639,137813,174
103,0,blank,0,393.2765,474.130966666667,137813,137994,181
103,0,blank,0,389.592166666667,488.553,137994,138174,180
103,0,blank,0,313.10065,484.381783333333,138174,138354,180
103,40,next,219,274.93,500.2692,138354,138533,179
103,0,blank,0,376.282666666667,480.0059,138533,138711,178
103,0,blank,0,377.575466666667,468.2447,138711,138893,182
103,0,blank,0,377.88435,469.100066666667,138893,139071,178
103,0,blank,0,401.50675,486.704233333333,139071,139251,180
103,41,=,229,319.1013,517.7763,139251,139280,29
103,37,next,194,228.2489,435.349083333333,139310,139493,183
103,39,next,206,213.8496,480.0773,139493,139667,174
103,40,head,216,209.9742,494.85635,139667,139725,58
103,0,blank,0,386.250533333333,474.8175,139755,139931,176
103,0,blank,0,419.2982,451.318,139931,139961,30
103,0,blank,0,-333,-105,140020,140208,188
103,0,blank,0,391.6687,481.0737,140354,140373,19
103,0,blank,0,241.0092,402.468,140405,140436,31
103,0,blank,0,212.42465,450.788616666667,140468,140651,183
103,0,blank,0,241.436316666667,451.535433333333,140651,140827,176
103,39,next,206,249.524266666667,470.998016666667,140827,141006,179
103,40,next,219,293.636333333333,487.388283333333,141006,141183,177
103,39,*,208,333.029333333333,474.932783333333,141183,141361,178
103,0,blank,0,384.760575,455.36785,141361,141481,120
103,0,blank,0,-333,-105,141542,141708,166
103,0,blank,0,74.8823,491.347,141858,142044,186
103,0,blank,0,84.26495,557.4508,142263,142462,199
103,0,blank,0,70.86095,548.310383333333,142462,142639,177
103,40,->,218,248.617483333333,490.824466666667,142668,142846,178
103,41,next,228,248.826566666667,518.832566666667,142846,142935,89
103,0,blank,0,-333,-105,142965,143146,181
103,0,blank,0,-333,-105,143146,143189,43
103,39,next,206,260.31405,479.86215,143331,143394,63
103,0,blank,0,61.97785,539.36805,143430,143609,179
103,43,else,233,65.7824,551.526983333333,143609,143789,180
103,0,blank,0,70.8222166666667,550.88185,143789,143968,179
103,0,blank,0,56.6606666666667,540.819816666667,143968,144143,175
103,43,else,233,73.7924,553.880116666667,144143,144321,178
103,0,blank,0,108.832683333333,569.280833333333,144321,144498,177
103,0,blank,0,127.041583333333,541.7838,144498,144676,178
103,0,blank,0,145.052716666667,543.38145,144676,144854,178
103,0,blank,0,184.442233333333,539.368683333333,144854,145031,177
103,0,blank,0,178.289283333333,530.540916666667,145031,145209,178
103,0,blank,0,189.9128,550.1826,145209,145239,30
103,0,blank,0,-333,-105,145298,145453,155
103,39,->,205,173.684716666667,469.470516666667,145589,145772,183
103,0,blank,0,134.0612,548.2445,145822,146014,192
103,0,blank,0,99.37885,532.84655,146014,146181,167
103,0,blank,0,91.19718,565.95078,146181,146364,183
103,0,blank,0,64.4763,490.6807,146364,146397,33
103,0,blank,0,-333,-105,146519,146675,156
103,0,blank,0,-333,-105,146675,146726,51
103,0,blank,0,250.18255,456.404933333333,147010,147190,180
103,40,next,219,259.1736,491.1524,147190,147339,149
103,0,blank,0,-333,-105,147399,147580,181
103,0,blank,0,-333,-105,147580,147708,128
103,0,blank,0,-333,-105,147708,147781,73
103,41,next,228,306.27835,526.181383333333,147815,147999,184
103,0,blank,0,306.9777,553.4239,147999,148028,29
103,40,*,215,179.2942,489.585466666667,148119,148214,95
103,0,blank,0,-333,-105,148243,148429,186
103,0,blank,0,-333,-105,148429,148625,196
103,0,blank,0,-333,-105,148625,148664,39
103,41,),224,151.94916,509.63482,148754,148939,185
103,41,->,227,230.164325,511.4935,148939,149097,158
103,40,next,219,255.29215,504.611225,149097,149260,163
103,40,next,219,282.409433333333,494.9797,149260,149379,119
103,0,blank,0,172.41114,531.9842,149418,149600,182
103,0,blank,0,235.202466666667,558.857466666667,149600,149775,175
103,0,blank,0,246.893733333333,541.819583333333,149775,149950,175
103,0,blank,0,253.85245,537.729066666667,149950,150126,176
103,41,next,228,293.345233333333,526.3945,150126,150302,176
103,41,next,228,306.8024,524.611283333333,150302,150477,175
103,0,blank,0,346.641866666667,525.9142,150477,150655,178
103,41,=,229,317.049883333333,512.767866666667,150655,150832,177
103,0,blank,0,285.15046,542.48646,150832,150980,148
103,0,blank,0,-333,-105,151039,151235,196
103,41,next,228,281.189828571429,514.935028571429,151262,151460,198
103,0,blank,0,287.098183333333,530.578316666667,151460,151635,175
103,0,blank,0,268.800766666667,541.807233333333,151635,151808,173
103,0,blank,0,216.523857142857,551.749857142857,151808,152007,199
103,41,->,227,232.724733333333,521.071466666667,152007,152180,173
103,0,blank,0,244.946683333333,532.320783333333,152180,152353,173
103,41,->,227,239.952,516.5151,152353,152530,177
103,41,->,227,239.335216666667,523.50445,152530,152708,178
103,0,blank,0,251.261533333333,538.371533333333,152708,152883,175
103,41,->,227,231.088833333333,511.41355,152883,153057,174
103,40,->,218,243.33555,500.390483333333,153057,153236,179
103,41,next,228,246.051483333333,511.188666666667,153236,153416,180
103,41,next,228,266.605266666667,508.399616666667,153416,153598,182
103,40,next,219,275.276866666667,500.097816666667,153598,153779,181
103,40,next,219,277.900633333333,500.976416666667,153779,153963,184
103,41,next,228,281.100683333333,512.2044,153963,154147,184
103,0,blank,0,311.215566666667,502.093,154147,154327,180
103,39,next,206,304.31635,482.01185,154327,154387,60
103,0,blank,0,-333,-105,154416,154547,131
103,40,next,219,260.155028571429,487.216871428571,154656,154851,195
103,40,next,219,257.06075,501.5087,154851,155025,174
103,39,next,206,252.69135,481.125816666667,155025,155200,175
103,40,head,216,186.116633333333,490.110316666667,155200,155373,173
103,41,next,228,182.800433333333,507.510433333333,155373,155544,171
103,40,->,218,244.86585,501.62875,155544,155717,173
103,41,next,228,273.857333333333,506.396533333333,155717,155890,173
103,40,;,220,297.849433333333,493.021283333333,155890,156063,173
103,0,blank,0,302.66755,500.603,156063,156120,57
103,0,blank,0,-333,-105,156149,156329,180
103,0,blank,0,-333,-105,156329,156395,66
103,39,next,206,310.319742857143,478.703471428571,156424,156616,192
103,39,next,206,311.186183333333,479.375233333333,156616,156792,176
103,40,next,219,289.682566666667,493.405966666667,156792,156966,174
103,40,next,219,256.5481,488.325266666667,156966,157141,175
103,0,blank,0,256.547533333333,531.719933333333,157200,157399,199
103,0,blank,0,163.808033333333,488.932,157399,157542,143
103,41,next,228,189.711333333333,507.863883333333,157570,157741,171
103,0,blank,0,-333,-105,157800,157952,152
103,0,blank,0,-333,-105,158013,158046,33
103,0,blank,0,193.714514285714,531.085971428571,158072,158261,189
103,41,next,228,181.2364,524.574257142857,158261,158459,198
103,40,head,216,185.058166666667,502.714066666667,158459,158630,171
103,41,next,228,192.409785714286,513.484842857143,158630,158827,197
103,41,next,228,187.929471428571,523.669828571429,158827,159025,198
103,0,blank,0,-333,-105,159054,159233,179
103,0,blank,0,-333,-105,159233,159355,122
103,40,*,215,181.060428571429,494.936228571429,159381,159572,191
103,0,blank,0,205.745816666667,449.481666666667,159572,159748,176
103,0,blank,0,221.557483333333,439.764133333333,159748,159924,176
103,40,head,216,206.28988,491.67454,159924,160101,177
103,0,blank,0,240.162983333333,530.1434,160101,160278,177
103,41,next,228,258.938966666667,512.214133333333,160278,160477,199
103,41,next,228,310.977316666667,523.698566666667,160477,160654,177
103,0,blank,0,341.09232,518.75508,160654,160800,146
103,0,blank,0,138.373466666667,568.988633333333,160829,161003,174
103,0,blank,0,150.06175,575.645616666667,161003,161177,174
103,46,head,244,191.9039,628.791966666667,161237,161350,113
103,46,->,246,234.96695,635.0457,161413,161471,58
103,0,blank,0,217.9717,614.036433333333,161500,161672,172
103,46,->,246,237.513166666667,629.026933333333,161672,161843,171
103,46,->,246,224.644983333333,627.180066666667,161843,162017,174
103,0,blank,0,244.9348,613.3328,162017,162192,175
103,46,->,246,242.0319,622.841933333333,162192,162369,177
103,46,->,246,233.678766666667,619.083466666667,162369,162458,89
103,0,blank,0,997.327,291.870983333333,162545,162721,176
103,0,blank,0,970.351833333333,270.942316666667,162721,162896,175
103,0,blank,0,993.7708,230.18224,162896,163040,144
103,0,blank,0,994.2825,218.392333333333,163069,163240,171
103,0,blank,0,999.0235,232.421883333333,163240,163416,176
103,0,blank,0,1011.68716666667,230.028916666667,163416,163589,173
103,0,blank,0,1003.1945,234.546,163589,163763,174
103,0,blank,0,1010.58416666667,236.0334,163763,163938,175
103,0,blank,0,1022.5535,230.37195,163938,164115,177
103,0,blank,0,1023.7395,235.470366666667,164115,164294,179
103,0,blank,0,1006.73366666667,248.210666666667,164294,164383,89
103,0,blank,0,178.68595,557.255616666667,164474,164652,178
103,0,blank,0,181.5031,575.673816666667,164652,164831,179
103,45,head,238,202.554283333333,599.700683333333,164831,165008,177
103,46,->,246,228.39535,635.34615,165008,165067,59
103,0,blank,0,977.068166666667,324.2311,165155,165328,173
103,0,blank,0,1007.034,276.8469,165328,165357,29
104,0,blank,0,-333,-105,166529,166646,117
104,0,blank,0,230.964857142857,339.230371428571,166791,166986,195
104,46,head,244,181.833083333333,358.4034,166986,167162,176
104,0,blank,0,159.746433333333,386.576083333333,167162,167336,174
104,0,blank,0,176.681716666667,387.604166666667,167336,167511,175
104,47,*,253,177.697333333333,383.81015,167511,167690,179
104,46,->,246,225.59165,363.6888,167690,167869,179
104,47,),255,226.4984,375.3653,167869,167929,60
104,0,blank,0,-333,-105,167959,168141,182
104,0,blank,0,-333,-105,168141,168316,175
104,0,blank,0,-333,-105,168316,168514,198
104,47,*,253,182.910557142857,369.455,168544,168743,199
104,47,->,258,238.4643,374.694316666667,168743,168918,175
104,46,next,247,260.376916666667,362.989283333333,168918,169097,179
104,0,blank,0,290.12715,365.83765,169097,169273,176
104,47,->,258,313.887283333333,374.419633333333,169273,169447,174
104,46,next,247,291.122633333333,350.337583333333,169447,169623,176
104,49,next,274,271.4456,415.26165,169623,169798,175
104,48,=,264,196.897183333333,400.004383333333,169798,169977,179
104,48,next,263,171.478733333333,392.730016666667,169977,170156,179
104,0,blank,0,200.719316666667,389.1593,170156,170335,179
104,47,next,259,255.779233333333,383.5364,170335,170514,179
104,47,next,259,286.313066666667,378.097066666667,170514,170690,176
104,47,->,258,309.1207,376.30055,170690,170749,59
104,0,blank,0,-333,-105,170779,170884,105
104,0,blank,0,379.2061,385.743933333333,170994,171069,75
104,0,blank,0,186.79325,405.57885,171099,171280,181
104,48,next,263,179.19025,405.628633333333,171280,171457,177
104,49,head,271,208.579483333333,417.328633333333,171457,171634,177
104,49,),277,216.913933333333,413.748233333333,171634,171811,177
104,48,NULL,265,226.4323,406.866583333333,171811,171989,178
104,48,;,266,259.583416666667,407.42905,171989,172166,177
104,49,next,274,278.350633333333,413.106666666667,172166,172341,175
104,0,blank,0,196.225283333333,433.419616666667,172341,172519,178
104,0,blank,0,186.56565,434.7974,172519,172697,178
104,0,blank,0,248.515166666667,434.380133333333,172697,172874,177
104,49,next,274,254.189616666667,428.249816666667,172874,173051,177
104,49,!=,275,309.957383333333,418.957166666667,173051,173227,176
104,49,!=,275,323.88975,419.570966666667,173227,173403,176
104,49,NULL,276,355.92705,419.64995,173403,173520,117
104,0,blank,0,-333,-105,173549,173653,104
104,51,next,281,207.943566666667,456.157633333333,173678,173753,75
104,0,blank,0,-333,-105,173780,173961,181
104,0,blank,0,-333,-105,173961,174031,70
104,51,prev,283,270.396042857143,469.638842857143,174057,174249,192
104,51,prev,283,278.821283333333,471.110766666667,174249,174424,175
104,0,blank,0,330.713366666667,474.5541,174424,174599,175
104,0,blank,0,328.935616666667,480.054066666667,174599,174774,175
104,53,head,292,217.680533333333,509.952516666667,174774,174949,175
104,54,*,298,222.811533333333,522.565083333333,174949,175122,173
104,0,blank,0,248.71315,542.05945,175122,175295,173
104,0,blank,0,263.03795,506.689566666667,175295,175469,174
104,54,head,299,250.262466666667,522.3911,175469,175642,173
104,54,*,298,222.335716666667,539.773683333333,175642,175816,174
104,54,head,299,255.184266666667,532.75585,175816,175990,174
104,0,blank,0,272.275383333333,513.8682,175990,176164,174
104,0,blank,0,251.3314,560.4431,176164,176336,172
104,56,prev,309,238.226483333333,575.25075,176336,176510,174
104,0,blank,0,281.284833333333,550.852333333333,176510,176685,175
104,0,blank,0,301.187816666667,543.256933333333,176685,176860,175
104,0,blank,0,349.5737,538.19515,176860,176977,117
104,0,blank,0,210.92064,608.2829,177007,177152,145
104,0,blank,0,214.675,590.971383333333,177215,177390,175
104,0,blank,0,218.157566666667,592.646983333333,177390,177563,173
104,0,blank,0,219.893333333333,614.761866666667,177563,177651,88
104,0,blank,0,226.7317,621.579233333333,177709,177879,170
104,56,prev,309,228.036366666667,582.689233333333,177879,177967,88
104,0,blank,0,-333,-105,177997,178152,155
104,0,blank,0,550.854,752.015183333333,178277,178442,165
104,0,blank,0,631.627766666667,710.9522,178442,178612,170
104,0,blank,0,554.698033333333,698.583766666667,178612,178704,92
104,0,blank,0,557.448916666667,708.351333333333,178735,178913,178
104,0,blank,0,576.0948,685.264883333333,178913,179090,177
104,0,blank,0,494.684533333333,737.75485,179119,179290,171
104,0,blank,0,545.3825,719.4899,179290,179402,112
104,0,blank,0,597.564966666667,673.159333333333,179516,179663,147
104,0,blank,0,516.8476,707.066566666667,179695,179780,85
104,0,blank,0,523.6376,757.0471,179952,180010,58
104,0,blank,0,674.919,-103.906,180132,180162,30
104,0,blank,0,663.2154,-103.8662,180216,180269,53
104,0,blank,0,484.5322,-103.9604,180363,180392,29
104,0,blank,0,643.5534,-103.9248,180423,180452,29
104,0,blank,0,519.14925,-103.97415,180531,180648,117
104,0,blank,0,536.548,791.0422,180676,180704,28
104,0,blank,0,880.240333333333,668.781066666667,180851,180970,119
104,0,blank,0,759.093,686.753,181032,181058,26
104,0,blank,0,729.073,-103.9089,181088,181118,30
104,0,blank,0,843.937,669.868866666667,181146,181312,166
104,0,blank,0,849.976,649.79845,181312,181393,81
104,0,blank,0,546.76545,-103.98065,181504,181615,111
104,0,blank,0,522.93425,783.5325,181643,181701,58
104,0,blank,0,515.8516,790.1522,181756,181839,83
104,0,blank,0,561.7107,746.15085,181895,181950,55
104,0,blank,0,679.814,-103.8678,181981,182011,30
104,0,blank,0,571.8308,764.2593,182038,182064,26
105,0,blank,0,538.155633333333,619.036166666667,183315,183513,198
105,0,blank,0,572.905525,612.878475,183513,183657,144
105,0,blank,0,566.9296,578.4407,183685,183772,87
105,0,blank,0,662.118,510.02785,183956,184100,144
105,62,!=,334,145.454416666667,354.707483333333,184392,184578,186
105,0,blank,0,161.535216666667,362.059916666667,184578,184758,180
105,0,blank,0,191.490966666667,377.781616666667,184758,184935,177
105,0,blank,0,185.675033333333,375.986766666667,184935,185022,87
105,0,blank,0,-333,-105,185052,185251,199
105,62,NULL,335,202.788057142857,351.008914285714,185277,185472,195
105,62,),336,207.371533333333,358.885866666667,185472,185654,182
105,62,NULL,335,175.645466666667,347.9537,185654,185834,180
105,62,NULL,335,181.9735,349.933483333333,185834,186014,180
105,0,blank,0,212.8951,368.082233333333,186014,186191,177
105,0,blank,0,244.674833333333,359.27605,186191,186368,177
105,0,blank,0,282.752466666667,331.598616666667,186368,186545,177
105,0,blank,0,315.87945,302.74365,186545,186702,157
105,0,blank,0,302.6044,278.1584,186702,186762,60
105,0,blank,0,206.582183333333,365.408316666667,186922,187112,190
105,65,head,349,177.39605,413.420983333333,187112,187288,176
105,65,->,350,211.918183333333,411.478666666667,187288,187465,177
105,65,next,351,252.842933333333,419.113266666667,187465,187641,176
105,0,blank,0,274.5659,403.21025,187641,187816,175
105,64,),345,305.761566666667,394.328566666667,187816,187992,176
105,0,blank,0,328.6816,404.034116666667,187992,188170,178
105,0,blank,0,335.325716666667,404.9222,188170,188346,176
105,0,blank,0,325.480916666667,401.143733333333,188346,188521,175
105,64,),345,307.031066666667,404.706066666667,188521,188701,180
105,64,a,344,296.61705,386.11155,188701,188879,178
105,64,;,346,317.044833333333,389.034566666667,188879,189057,178
105,0,blank,0,291.835633333333,407.5272,189057,189234,177
105,64,->,343,284.39565,406.083983333333,189234,189413,179
105,64,),345,310.825116666667,395.004033333333,189413,189591,178
105,65,next,351,226.8014,413.68945,189591,189766,175
105,0,blank,0,178.724733333333,453.209483333333,189766,189939,173
105,0,blank,0,213.09975,433.146116666667,189939,190113,174
105,65,next,351,247.689283333333,422.933316666667,190113,190287,174
105,0,blank,0,278.877883333333,430.568516666667,190287,190461,174
105,0,blank,0,268.2136,431.7991,190461,190490,29
105,0,blank,0,-333,-105,190519,190674,155
105,65,next,351,263.508028571429,424.146257142857,190794,190990,196
105,0,blank,0,165.3041,439.451816666667,190990,191166,176
105,0,blank,0,167.568,445.433766666667,191166,191341,175
105,65,head,349,169.48605,422.4701,191341,191516,175
105,0,blank,0,182.488366666667,435.7518,191516,191692,176
105,64,"%d",340,199.390433333333,404.53515,191692,191867,175
105,0,blank,0,200.906783333333,407.331983333333,191867,192041,174
105,0,blank,0,260.787466666667,448.880566666667,192041,192218,177
105,0,blank,0,232.106333333333,455.237933333333,192218,192394,176
105,0,blank,0,195.736183333333,435.428266666667,192394,192567,173
105,0,blank,0,211.480233333333,456.058616666667,192567,192741,174
105,0,blank,0,210.814366666667,439.943466666667,192741,192916,175
105,0,blank,0,249.153033333333,439.86405,192916,193090,174
105,65,next,351,244.081916666667,428.953383333333,193090,193265,175
105,0,blank,0,284.602566666667,433.24175,193265,193438,173
105,64,"%d",340,203.017,386.025866666667,193438,193614,176
105,0,blank,0,192.722116666667,385.924083333333,193614,193789,175
105,0,blank,0,154.0863,343.386,193789,193965,176
105,0,blank,0,138.529266666667,326.25115,193965,194141,176
105,0,blank,0,137.502916666667,340.0167,194141,194317,176
105,0,blank,0,133.8748,382.6162,194317,194495,178
105,0,blank,0,127.312733333333,451.9329,194495,194671,176
105,0,blank,0,113.909666666667,448.342316666667,194671,194847,176
105,0,blank,0,146.582633333333,511.007416666667,194847,195028,181
105,71,*,373,171.056716666667,547.632816666667,195028,195208,180
105,0,blank,0,168.44112,526.46226,195208,195356,148
105,0,blank,0,358.876,485.1719,195386,195535,149
105,0,blank,0,967.723333333333,401.272666666667,195595,195773,178
105,0,blank,0,988.0975,375.1647,195773,195832,59
105,0,blank,0,956.198,427.425733333333,195861,196034,173
105,0,blank,0,1009.104,390.231666666667,196034,196208,174
105,0,blank,0,1016.11933333333,379.953533333333,196208,196384,176
105,0,blank,0,1020.00216666667,375.29205,196384,196561,177
105,0,blank,0,1026.60666666667,378.319616666667,196561,196738,177
105,0,blank,0,1018.836,394.421466666667,196738,196827,89
105,0,blank,0,215.992066666667,501.9227,196916,197092,176
105,0,blank,0,229.3548,514.8013,197092,197151,59
105,0,blank,0,1011.78383333333,446.175666666667,197210,197388,178
105,0,blank,0,1023.43933333333,440.686533333333,197388,197562,174
105,0,blank,0,1024.24233333333,430.77015,197562,197735,173
105,0,blank,0,1019.2175,446.047066666667,197735,197909,174
105,0,blank,0,1011.125,465.813,197909,197938,29
106,0,blank,0,993.956,500.88405,198616,198792,176
106,0,blank,0,993.039666666667,555.180816666667,198792,198964,172
106,0,blank,0,960.1565,597.015,198964,199021,57
106,68,struct,359,203.411233333333,209.848766666667,199107,199281,174
106,68,struct,359,175.338733333333,211.488816666667,199281,199460,179
106,68,(,358,138.6285,208.6892,199460,199490,30
106,0,blank,0,-333,-105,199552,199688,136
106,0,blank,0,458.80218,564.9662,199791,199948,157
106,0,blank,0,512.13296,572.77374,199948,200122,174
106,0,blank,0,509.35672,555.31224,200122,200274,152
106,0,blank,0,205.37388,243.83652,200304,200502,198
106,0,blank,0,229.692,244.072566666667,200502,200675,173
106,0,blank,0,252.568,234.058083333333,200675,200851,176
106,0,blank,0,292.34085,237.3854,200851,201032,181
106,68,),364,326.017333333333,215.488,201032,201205,173
106,0,blank,0,353.7679,238.7321,201205,201292,87
106,71,temp,374,182.801933333333,284.314533333333,201321,201498,177
106,71,*,373,165.625066666667,274.967,201498,201674,176
106,70,;,370,150.1748,260.12472,201674,201822,148
106,0,blank,0,-333,-105,201853,201958,105
106,0,blank,0,158.1768,227.596433333333,202074,202245,171
106,68,struct,359,164.67745,208.159883333333,202245,202424,179
106,68,struct,359,157.881416666667,203.406633333333,202424,202603,179
106,68,struct,359,160.03115,211.159083333333,202603,202782,179
106,0,blank,0,180.528733333333,227.840066666667,202782,202960,178
106,68,struct,359,181.86795,218.932016666667,202960,203138,178
106,0,blank,0,157.080983333333,233.762033333333,203138,203316,178
106,68,struct,359,155.063583333333,218.003633333333,203316,203493,177
106,0,blank,0,158.0062,224.748583333333,203493,203672,179
106,70,i,369,134.260833333333,265.284233333333,203672,203850,178
106,0,blank,0,158.29985,260.551083333333,203850,204027,177
106,0,blank,0,176.83275,263.4423,204027,204204,177
106,0,blank,0,185.395316666667,255.747116666667,204204,204381,177
106,0,blank,0,168.442933333333,267.17125,204381,204558,177
106,0,blank,0,153.70082,292.75418,204558,204707,149
106,0,blank,0,-333,-105,204737,204842,105
106,0,blank,0,190.8521,266.966,204867,204893,26
106,0,blank,0,160.148585714286,272.382714285714,204957,205155,198
106,0,blank,0,144.548366666667,294.85365,205155,205333,178
106,71,temp,374,185.44485,286.191583333333,205333,205507,174
106,71,temp,374,194.4607,271.064316666667,205507,205686,179
106,0,blank,0,227.622883333333,278.73545,205686,205864,178
106,0,blank,0,242.1013,272.636916666667,205864,206052,188
106,0,blank,0,212.385683333333,263.321816666667,206052,206229,177
106,0,blank,0,166.41825,251.249316666667,206229,206407,178
106,73,"Enterlengthoflist:",378,151.186533333333,315.5502,206407,206587,180
106,74,&,385,163.5956,340.222616666667,206587,206764,177
106,0,blank,0,192.8948,334.12668,206764,206911,147
106,73,"Enterlengthoflist:",378,280.52155,330.7682,206942,207084,142
106,0,blank,0,330.12195,303.6484,207084,207273,189
106,0,blank,0,241.77404,349.3402,207273,207457,184
106,74,),387,208.864116666667,345.4786,207457,207633,176
106,73,"Enterlengthoflist:",378,263.692033333333,333.302883333333,207633,207808,175
106,73,"Enterlengthoflist:",378,334.8489,319.97875,207808,207982,174
106,73,"Enterlengthoflist:",378,338.6949,325.82175,207982,208040,58
106,0,blank,0,-333,-105,208099,208205,106
106,0,blank,0,313.2398,270.4669,208254,208287,33
106,68,node,360,246.84524,205.56428,208376,208518,142
106,0,blank,0,-333,-105,208577,208682,105
106,0,blank,0,-333,-105,208682,208828,146
106,0,blank,0,95.4512333333333,236.662433333333,208867,209039,172
106,68,generate,357,91.97105,215.240516666667,209039,209210,171
106,68,generate,357,86.5380166666667,208.17945,209210,209385,175
106,68,generate,357,94.8037333333333,212.887433333333,209385,209559,174
106,0,blank,0,104.997216666667,230.729033333333,209559,209731,172
106,0,blank,0,73.2955166666667,229.638416666667,209731,209913,182
106,68,generate,357,81.9015666666667,208.085533333333,209913,210099,186
106,68,generate,357,117.080216666667,212.282616666667,210099,210273,174
106,0,blank,0,160.385683333333,200.240933333333,210273,210447,174
106,0,blank,0,214.537166666667,202.6232,210447,210621,174
106,68,node,360,229.39275,203.904583333333,210621,210799,178
106,0,blank,0,284.044466666667,187.3739,210799,210887,88
106,0,blank,0,79.2447,192.699833333333,210916,211095,179
106,0,blank,0,80.2713,194.57054,211095,211243,148
106,0,blank,0,-333,-105,211273,211302,29
106,0,blank,0,105.520971428571,180.584,211408,211604,196
106,0,blank,0,89.7047166666667,192.47145,211604,211786,182
106,0,blank,0,86.7525,191.1261,211786,211904,118
106,0,blank,0,282.89645,278.2733,211933,212112,179
106,0,blank,0,290.385633333333,273.80945,212112,212291,179
106,0,blank,0,878.789333333333,414.662166666667,212349,212440,91
106,0,blank,0,1018.80733333333,426.7807,212470,212650,180
106,0,blank,0,1021.69733333333,426.6028,212650,212826,176
106,0,blank,0,1020.06333333333,464.5575,212826,213002,176
106,0,blank,0,1022.71516666667,451.53715,213002,213179,177
106,0,blank,0,1027.79766666667,450.247516666667,213179,213357,178
106,0,blank,0,1023.20333333333,425.717383333333,213357,213534,177
106,0,blank,0,1020.4385,409.09415,213534,213708,174
106,0,blank,0,1014.62183333333,410.1552,213708,213882,174
106,0,blank,0,1015.13966666667,255.1638,213882,214060,178
107,0,blank,0,1018.16466666667,37.1455,215834,215922,88
107,0,blank,0,160.496766666667,267.32185,216042,216225,183
107,0,blank,0,154.275633333333,304.365116666667,216225,216406,181
107,16,head,89,175.593833333333,334.989766666667,216406,216585,179
107,16,),90,184.585583333333,335.135833333333,216585,216766,181
107,0,blank,0,193.053033333333,334.382616666667,216766,216944,178
107,16,head,89,161.9311,328.3472,216944,217122,178
107,16,head,89,177.886083333333,337.612933333333,217122,217309,187
107,15,head,82,207.023616666667,314.97175,217309,217481,172
107,12,node,69,198.1754,238.8664,217481,217655,174
107,10,struct,51,162.864133333333,195.454916666667,217655,217839,184
107,9,struct,42,147.246316666667,181.491716666667,217839,218017,178
107,9,(,41,141.450966666667,181.407733333333,218017,218191,174
107,9,generate,40,133.16138,174.96222,218191,218335,144
107,9,node,43,221.67575,174.606483333333,218365,218542,177
107,0,blank,0,204.03515,150.703566666667,218542,218722,180
107,7,next,35,182.494383333333,146.820433333333,218722,218901,179
107,0,blank,0,130.043116666667,125.545216666667,218901,219088,187
107,4,node,27,103.082433333333,71.3975,219088,219272,184
107,0,blank,0,145.3548,87.7131,219272,219458,186
107,0,blank,0,158.91516,64.07436,219458,219609,151
107,9,*,45,264.140616666667,180.098633333333,219638,219821,183
107,9,node,43,248.985,182.645116666667,219821,220000,179
107,9,node,43,234.835816666667,189.1566,220000,220174,174
107,9,generate,40,116.169433333333,176.715816666667,220204,220391,187
107,9,struct,42,147.62105,187.912816666667,220391,220578,187
107,9,struct,42,145.63785,172.20005,220578,220763,185
107,9,(,41,140.475466666667,188.485833333333,220763,220854,91
107,10,struct,51,142.786066666667,214.9529,220915,221096,181
107,10,struct,51,139.678383333333,200.777883333333,221096,221285,189
107,11,struct,59,139.411,222.810416666667,221285,221465,180
107,11,struct,59,133.037933333333,231.058966666667,221465,221556,91
107,16,head,89,152.8372,345.5816,221619,221678,59
107,17,"\nThesequenceofcontents\n",94,145.6486,353.043783333333,221740,221923,183
107,16,&,88,135.639633333333,343.686216666667,221923,222106,183
107,17,"\nThesequenceofcontents\n",94,149.736,359.529783333333,222106,222291,185
107,17,"\nThesequenceofcontents\n",94,200.5777,349.791533333333,222291,222465,174
107,16,head,89,172.834833333333,338.19345,222465,222643,178
107,16,head,89,165.8596,341.5843,222643,222822,179
107,0,blank,0,182.72755,347.245283333333,222822,223002,180
107,18,head,99,153.130816666667,371.818416666667,223002,223180,178
107,18,head,99,160.406466666667,386.24465,223180,223356,176
107,17,"\nThesequenceofcontents\n",94,224.768066666667,361.265133333333,223356,223536,180
107,17,"\nThesequenceofcontents\n",94,273.512316666667,356.5353,223536,223714,178
107,17,"\nThesequenceofcontents\n",94,346.711766666667,358.773116666667,223714,223891,177
107,0,blank,0,235.874716666667,373.659066666667,223891,224070,179
107,0,blank,0,200.473883333333,388.11815,224070,224246,176
107,19,"\nInversingthecontents\n",104,159.68155,399.19525,224246,224425,179
107,0,blank,0,152.635583333333,391.153316666667,224425,224600,175
107,17,"\nThesequenceofcontents\n",94,371.655733333333,366.41745,224630,224809,179
107,0,blank,0,381.20065,347.77705,224809,224985,176
107,0,blank,0,396.262066666667,347.047983333333,224985,225158,173
107,0,blank,0,232.970583333333,415.79625,225158,225333,175
107,19,"\nInversingthecontents\n",104,186.61815,394.9933,225362,225534,172
107,19,"\nInversingthecontents\n",104,169.686283333333,409.928133333333,225534,225709,175
107,19,"\nInversingthecontents\n",104,159.703233333333,411.299616666667,225709,225886,177
107,19,"\nInversingthecontents\n",104,187.85345,397.514283333333,225886,226063,177
107,19,"\nInversingthecontents\n",104,203.6072,393.079483333333,226063,226242,179
107,19,"\nInversingthecontents\n",104,199.044333333333,401.822066666667,226242,226421,179
107,0,blank,0,211.442416666667,371.3055,226421,226603,182
107,0,blank,0,212.3388,414.7426,226603,226784,181
107,19,"\nInversingthecontents\n",104,183.494533333333,407.507516666667,226784,226962,178
107,0,blank,0,196.901733333333,379.173666666667,226962,227140,178
107,17,"\nThesequenceofcontents\n",94,237.9587,359.8426,227140,227320,180
107,17,"\nThesequenceofcontents\n",94,282.46705,362.68625,227320,227437,117
107,0,blank,0,-333,-105,227538,227654,116
107,17,"\nThesequenceofcontents\n",94,388.079333333333,360.8804,227789,227972,183
107,17,"\nThesequenceofcontents\n",94,377.517466666667,357.83945,227972,228148,176
107,17,"\nThesequenceofcontents\n",94,384.287683333333,358.819,228148,228324,176
107,17,"\nThesequenceofcontents\n",94,361.1031,350.556,228324,228441,117
107,19,"\nInversingthecontents\n",104,239.525442857143,408.418814285714,228471,228670,199
107,19,"\nInversingthecontents\n",104,248.794,405.962657142857,228670,228868,198
107,19,"\nInversingthecontents\n",104,308.244166666667,397.822633333333,228868,229042,174
107,0,blank,0,371.0746,430.7994,229042,229099,57
107,0,blank,0,1013.40383333333,183.51745,229186,229362,176
107,0,blank,0,1013.84583333333,191.226216666667,229362,229538,176
107,0,blank,0,1016.60933333333,199.773333333333,229538,229712,174
107,0,blank,0,1021.674,190.349883333333,229712,229888,176
107,0,blank,0,1021.62883333333,185.078783333333,229888,230065,177
107,0,blank,0,1015.97283333333,186.943666666667,230065,230243,178
107,0,blank,0,1016.30266666667,186.834016666667,230243,230420,177
107,0,blank,0,1021.164,187.502,230420,230450,30
107,17,"\nThesequenceofcontents\n",94,215.57845,361.437466666667,230569,230745,176
107,17,"\nThesequenceofcontents\n",94,207.161266666667,364.79255,230745,230920,175
107,18,),100,166.770766666667,371.469933333333,230920,231094,174
107,17,"\nThesequenceofcontents\n",94,153.335233333333,354.328483333333,231094,231272,178
107,18,head,99,141.82735,390.515866666667,231272,231444,172
107,19,"\nInversingthecontents\n",104,150.458383333333,396.329533333333,231444,231618,174
107,19,"\nInversingthecontents\n",104,149.91295,403.87225,231618,231792,174
107,19,"\nInversingthecontents\n",104,159.422266666667,392.853316666667,231792,231965,173
107,20,head,110,167.383733333333,420.51995,231965,232140,175
107,20,head,110,166.199616666667,422.5584,232140,232318,178
107,21,"\nThecontentsafterreversal\n",115,166.54325,443.7813,232318,232495,177
107,21,"\nThecontentsafterreversal\n",115,155.8304,448.925866666667,232495,232668,173
107,21,"\nThecontentsafterreversal\n",115,165.682133333333,437.365966666667,232668,232842,174
107,21,"\nThecontentsafterreversal\n",115,162.4425,450.333883333333,232842,233018,176
107,21,"\nThecontentsafterreversal\n",115,160.30145,447.0321,233018,233190,172
107,21,"\nThecontentsafterreversal\n",115,162.259666666667,441.3302,233190,233365,175
107,22,head,120,154.8713,459.862533333333,233365,233539,174
107,22,head,120,143.413583333333,460.7118,233539,233714,175
107,22,head,120,149.738166666667,474.448566666667,233714,233888,174
107,22,head,120,150.464033333333,471.171666666667,233888,234062,174
107,0,blank,0,168.3771,479.02105,234062,234237,175
107,0,blank,0,197.990033333333,482.160733333333,234237,234413,176
107,0,blank,0,198.3304,481.904966666667,234413,234591,178
107,22,head,120,158.644216666667,468.601,234591,234767,176
107,22,head,120,150.759333333333,473.79865,234767,234952,185
107,21,"\nThecontentsafterreversal\n",115,159.931,447.614266666667,234952,235125,173
107,21,"\nThecontentsafterreversal\n",115,174.1521,454.3096,235125,235299,174
107,21,"\nThecontentsafterreversal\n",115,203.794183333333,445.86115,235299,235474,175
107,21,"\nThecontentsafterreversal\n",115,204.473633333333,453.510983333333,235474,235649,175
107,0,blank,0,207.850683333333,481.620066666667,235649,235823,174
107,0,blank,0,202.468283333333,472.335666666667,235823,235998,175
107,20,head,110,168.411383333333,433.80585,235998,236172,174
107,22,;,122,175.196533333333,465.1183,236172,236346,174
107,0,blank,0,-333,-105,236374,236479,105
107,20,),111,178.5661,421.2936,236504,236536,32
107,0,blank,0,190.439585714286,463.876614285714,236608,236805,197
107,0,blank,0,203.040316666667,496.419033333333,236805,236981,176
107,0,blank,0,146.1743,512.9647,236981,237010,29
107,0,blank,0,190.662133333333,516.110133333333,237068,237160,92
107,26,node,137,208.3835,559.939,237279,237310,31
107,0,blank,0,998.940666666667,208.946633333333,237400,237575,175
107,0,blank,0,1010.40283333333,214.885733333333,237575,237749,174
107,0,blank,0,1017.647,193.1078,237749,237924,175
107,0,blank,0,1020.56416666667,210.99255,237924,238100,176
107,0,blank,0,1025.2335,190.519325,238100,238218,118
107,28,temp,146,191.0073,596.6618,238335,238365,30
108,0,blank,0,1001.04216666667,549.427383333333,243124,243299,175
108,0,blank,0,1001.49833333333,550.370616666667,243299,243470,171
108,0,blank,0,-333,-105,243556,243660,104
108,0,blank,0,110.8856,56.3509,243788,243929,141
108,68,node,360,223.622016666667,108.329516666667,244105,244291,186
108,0,blank,0,287.6661,122.739716666667,244291,244469,178
108,68,head,363,307.5778,105.84095,244469,244651,182
108,0,blank,0,285.56835,120.308533333333,244651,244828,177
108,0,blank,0,197.736433333333,160.748416666667,244828,245010,182
108,0,blank,0,162.002683333333,157.901033333333,245010,245190,180
108,0,blank,0,153.894166666667,148.885666666667,245190,245370,180
108,0,blank,0,169.6996,158.44755,245370,245550,180
108,71,*,373,166.4303,174.641416666667,245550,245730,180
108,0,blank,0,141.262483333333,190.138433333333,245730,245911,181
108,71,temp,374,208.023466666667,175.968366666667,245911,246093,182
108,0,blank,0,258.847583333333,187.17715,246093,246272,179
108,73,"Enterlengthoflist:",378,203.609016666667,210.32335,246272,246453,181
108,73,"Enterlengthoflist:",378,201.3602,217.3751,246453,246632,179
108,73,"Enterlengthoflist:",378,264.473783333333,216.114933333333,246632,246813,181
108,73,"Enterlengthoflist:",378,323.8015,217.93155,246813,246933,120
108,0,blank,0,-333,-105,246963,247096,133
108,0,blank,0,376.6222,188.3846,247143,247202,59
108,73,"Enterlengthoflist:",378,292.786433333333,224.008783333333,247288,247459,171
108,73,"Enterlengthoflist:",378,230.593216666667,218.3291,247459,247646,187
108,74,num,386,176.866,227.45755,247646,247828,182
108,75,i,399,189.1011,253.7965,247828,247930,102
108,74,&,385,169.792,242.60575,247930,248115,185
108,74,comma,384,146.7571,237.880616666667,248115,248306,191
108,73,"Enterlengthoflist:",378,201.85185,205.239883333333,248306,248484,178
108,73,"Enterlengthoflist:",378,255.41105,210.077383333333,248484,248662,178
108,0,blank,0,276.13156,202.20566,248662,248810,148
108,0,blank,0,-333,-105,248869,248995,126
108,0,blank,0,296.5434,161.8952,249033,249100,67
108,73,"Enterlengthoflist:",378,345.965585714286,215.144642857143,249167,249366,199
108,0,blank,0,346.953366666667,199.6569,249366,249455,89
108,75,>,396,208.330116666667,256.847166666667,249485,249664,179
108,74,),387,204.483833333333,246.593083333333,249664,249841,177
108,0,blank,0,235.130166666667,231.99775,249841,250017,176
108,0,blank,0,235.469916666667,241.9991,250017,250193,176
108,75,i,399,191.090116666667,258.213816666667,250193,250371,178
108,75,i,399,192.946816666667,260.279783333333,250371,250548,177
108,0,blank,0,202.897983333333,258.951866666667,250548,250730,182
108,75,0,397,230.078416666667,265.33015,250730,250905,175
108,74,;,388,219.5182,228.878616666667,250905,251082,177
108,73,"Enterlengthoflist:",378,217.2336,220.70925,251082,251257,175
108,0,blank,0,233.140116666667,230.746433333333,251257,251433,176
108,0,blank,0,230.57515,238.325766666667,251433,251608,175
108,0,blank,0,250.639916666667,259.1491,251608,251783,175
108,0,blank,0,252.94775,262.399,251783,251959,176
108,75,--,400,264.5609,261.502,251959,251988,29
108,0,blank,0,-333,-105,252047,252199,152
108,0,blank,0,240.12434,246.17054,252223,252419,196
108,0,blank,0,176.5198,255.4346,252419,252596,177
108,75,>,396,204.203516666667,268.580166666667,252596,252772,176
108,75,;,398,240.000566666667,261.668483333333,252772,252948,176
108,0,blank,0,265.294716666667,283.1481,252948,253129,181
108,0,blank,0,300.822828571429,275.543042857143,253129,253328,199
108,0,blank,0,306.013066666667,267.269883333333,253328,253502,174
108,0,blank,0,255.7239,364.0631,253531,253560,29
108,0,blank,0,227.465916666667,322.757083333333,253588,253763,175
108,0,blank,0,277.598033333333,329.6995,253763,253939,176
108,77,*,408,289.164333333333,300.381733333333,253939,254115,176
108,77,node,415,272.703833333333,300.867716666667,254115,254292,177
108,77,*,408,290.345733333333,308.0459,254292,254468,176
108,0,blank,0,314.105033333333,283.615733333333,254468,254556,88
108,77,malloc,410,343.273583333333,298.8736,254619,254791,172
108,0,blank,0,353.51466,333.772,254791,254934,143
108,0,blank,0,381.717966666667,275.755633333333,254962,255144,182
108,77,sizeof,412,391.977933333333,307.99445,255144,255324,180
108,77,struct,414,446.45655,312.103816666667,255324,255503,179
108,77,sizeof,412,428.857683333333,294.334033333333,255503,255684,181
108,77,sizeof,412,393.433166666667,300.4389,255684,255773,89
108,0,blank,0,382.611833333333,326.691666666667,255832,255918,86
108,0,blank,0,-333,-105,255945,256128,183
108,0,blank,0,-333,-105,256128,256232,104
108,0,blank,0,469.9424,446.9107,256262,256293,31
108,0,blank,0,459.906366666667,334.9699,256355,256526,171
108,0,blank,0,497.2855,385.3892,256526,256590,64
108,0,blank,0,532.310216666667,348.333266666667,256646,256830,184
108,0,blank,0,528.855825,335.42345,256830,256952,122
108,0,blank,0,576.751616666667,336.867716666667,256982,257157,175
108,0,blank,0,544.652033333333,347.959266666667,257157,257247,90
108,0,blank,0,293.592216666667,376.1429,257276,257452,176
108,0,blank,0,228.079966666667,375.105516666667,257452,257629,177
108,81,temp,436,229.9632,386.86295,257629,257803,174
108,0,blank,0,207.352833333333,348.682583333333,257833,258015,182
108,79,NULL,430,229.59275,339.602633333333,258015,258186,171
108,79,NULL,430,248.3073,340.3105,258186,258338,152
108,81,;,437,245.550233333333,397.0914,258338,258456,118
108,0,blank,0,208.28655,353.582516666667,258486,258668,182
108,79,NULL,430,237.396483333333,355.960983333333,258668,258849,181
108,79,),431,255.93875,354.096825,258849,258995,146
108,0,blank,0,-333,-105,259026,259166,140
108,82,NULL,445,317.391233333333,407.361433333333,259324,259502,178
108,0,blank,0,300.383566666667,376.428166666667,259502,259591,89
108,0,blank,0,252.401066666667,395.1019,259652,259832,180
108,82,next,443,251.47515,415.7381,259832,260009,177
108,82,next,443,245.287216666667,415.128066666667,260009,260190,181
108,0,blank,0,299.64095,444.768266666667,260190,260371,181
108,0,blank,0,311.056083333333,452.0146,260371,260548,177
108,0,blank,0,334.144016666667,496.349916666667,260548,260727,179
108,0,blank,0,261.932633333333,459.914283333333,260757,260937,180
108,0,blank,0,278.948616666667,449.205416666667,260937,261114,177
108,0,blank,0,311.483666666667,449.016283333333,261114,261293,179
108,0,blank,0,324.40935,454.2224,261293,261472,179
108,0,blank,0,374.4631,463.294257142857,261472,261669,197
108,0,blank,0,391.8917,473.2186,261669,261700,31
108,86,next,452,240.60475,502.949933333333,261731,261904,173
108,0,blank,0,215.205266666667,458.687766666667,261904,262083,179
108,0,blank,0,211.177716666667,474.788766666667,262083,262266,183
108,87,temp,460,242.863633333333,520.9594,262266,262447,181
108,86,*,454,267.75015,510.37095,262447,262623,176
108,86,*,454,267.66065,504.6571,262623,262798,175
108,0,blank,0,269.495883333333,515.9279,262798,262974,176
108,86,head,455,291.968683333333,502.673816666667,262974,263148,174
108,86,head,455,311.4269,491.289966666667,263148,263325,177
108,0,blank,0,222.6274,538.81825,263325,263498,173
108,87,temp,460,216.221566666667,524.64695,263498,263673,175
108,0,blank,0,262.278083333333,524.2231,263673,263846,173
108,0,blank,0,177.3064,552.7391,263875,263904,29
108,0,blank,0,222.094325,583.5462,263933,264080,147
108,91,node,469,208.9898,618.4263,264173,264231,58
108,0,blank,0,255.8642,636.849833333333,264292,264387,95
108,0,blank,0,322.0828,663.022,264534,264562,28
108,0,blank,0,1031.91166666667,457.680266666667,264652,264765,113
108,0,blank,0,1033.6058,494.45538,264851,265028,177
108,0,blank,0,1030.60633333333,482.02245,265028,265210,182
108,0,blank,0,975.09225,450.26775,265210,265330,120
108,0,blank,0,983.0912,469.16836,265358,265499,141
108,0,blank,0,975.0235,486.798133333333,265528,265703,175
108,91,node,469,214.018783333333,603.429,265789,265964,175
108,91,*,471,265.4641,608.206533333333,265964,266139,175
108,91,head,472,310.443166666667,605.264766666667,266139,266338,199
108,0,blank,0,313.94886,591.2857,266338,266482,144
108,0,blank,0,919.85575,616.38495,266539,266657,118
109,0,blank,0,1023.371,590.6055,267034,267064,30
109,0,blank,0,365.532683333333,468.295833333333,267123,267298,175
109,0,blank,0,327.810416666667,493.50795,267298,267473,175
109,0,blank,0,364.5868,532.25885,267473,267531,58
109,0,blank,0,198.5188,565.9263,267588,267738,150
109,0,blank,0,171.467333333333,590.2053,267769,267856,87
109,0,blank,0,-333,-105,267886,268078,192
109,0,blank,0,-333,-105,268078,268109,31
109,0,blank,0,175.77825,568.64265,268162,268311,149
109,93,temp,478,203.486,542.2355,268505,268539,34
109,94,NULL,485,211.808333333333,559.020966666667,268589,268764,175
109,94,NULL,485,238.84655,565.528866666667,268764,268940,176
109,0,blank,0,240.7023,548.876733333333,268940,269116,176
109,0,blank,0,236.05015,529.12255,269116,269289,173
109,94,),486,249.532983333333,565.7245,269289,269462,173
109,94,NULL,485,217.752316666667,566.640783333333,269462,269636,174
109,0,blank,0,224.035866666667,582.162366666667,269636,269809,173
109,94,NULL,485,224.192216666667,565.444583333333,269809,269983,174
109,93,temp,478,213.893266666667,552.635933333333,269983,270159,176
109,0,blank,0,234.19155,551.0579,270159,270335,176
109,94,NULL,485,237.803366666667,555.051066666667,270335,270511,176
109,0,blank,0,256.29178,537.00998,270511,270687,176
109,91,head,472,297.581975,499.453725,270687,270797,110
109,0,blank,0,222.724714285714,548.670771428571,270856,271054,198
109,0,blank,0,224.119775,547.707575,271054,271172,118
109,0,blank,0,-333,-105,271201,271357,156
109,0,blank,0,-333,-105,271357,271481,124
109,0,blank,0,-333,-105,271481,271567,86
109,0,blank,0,409.919,782.0154,271830,271868,38
109,0,blank,0,-333,-105,272086,272192,106
109,0,blank,0,-333,-105,272668,272858,190
109,0,blank,0,-333,-105,272858,272953,95
109,0,blank,0,-333,-105,273042,273070,28
109,0,blank,0,-333,-105,273146,273332,186
109,0,blank,0,-333,-105,273332,273390,58
109,0,blank,0,-333,-105,273471,273600,129
109,0,blank,0,674.806,-103.9068,273823,273990,167
109,0,blank,0,602.23375,-103.837,273990,274068,78
109,0,blank,0,651.4155,-103.84,274232,274257,25
109,0,blank,0,-333,-105,274286,274485,199
109,0,blank,0,-333,-105,274485,274664,179
109,0,blank,0,-333,-105,274664,274846,182
109,0,blank,0,-333,-105,274846,275039,193
109,0,blank,0,-333,-105,275039,275137,98
109,0,blank,0,-333,-105,275137,275356,219
109,0,blank,0,-333,-105,275356,275386,30
109,0,blank,0,-333,-105,275386,275750,364
109,0,blank,0,-333,-105,275750,275791,41
109,0,blank,0,-333,-105,275791,275964,173
109,0,blank,0,-333,-105,275964,276028,64
109,0,blank,0,-333,-105,276028,276275,247
109,0,blank,0,-333,-105,276275,276696,421
109,0,blank,0,-333,-105,276696,277159,463
109,0,blank,0,-333,-105,277159,277340,181
109,0,blank,0,-333,-105,277340,277490,150
109,0,blank,0,-333,-105,277490,277619,129
109,0,blank,0,-333,-105,277619,277806,187
109,0,blank,0,-333,-105,277806,277971,165
109,0,blank,0,-333,-105,277971,278154,183
109,0,blank,0,-333,-105,278154,278342,188
109,0,blank,0,-333,-105,278342,278530,188
109,0,blank,0,-333,-105,278530,278714,184
109,0,blank,0,-333,-105,278714,278905,191
109,0,blank,0,-333,-105,278905,279083,178
109,0,blank,0,-333,-105,279083,279153,70
109,0,blank,0,-333,-105,279268,279426,158
109,0,blank,0,-333,-105,279426,279489,63
109,0,blank,0,495.41085,-103.9797,279638,279702,64
109,0,blank,0,-333,-105,279783,279969,186
109,0,blank,0,-333,-105,279969,280139,170
109,0,blank,0,-333,-105,280139,280332,193
109,93,temp,478,189.12165,547.551783333333,280356,280532,176
109,93,node,476,134.514766666667,550.444616666667,280532,280712,180
109,93,node,476,145.114783333333,550.4666,280712,280883,171
109,93,temp,478,183.303016666667,534.911116666667,280883,281056,173
109,93,temp,478,203.5799,535.759657142857,281056,281255,199
109,94,*,482,117.1976,567.95355,281255,281427,172
109,93,struct,475,93.3396571428571,540.274571428571,281427,281626,199
109,0,blank,0,81.3742166666667,528.752766666667,281626,281798,172
109,91,struct,468,141.131185714286,491.203442857143,281798,281997,199
109,0,blank,0,186.47085,531.007733333333,281997,282170,173
109,93,*,477,167.013066666667,549.729933333333,282170,282341,171
109,0,blank,0,124.487916666667,554.414966666667,282341,282514,173
109,0,blank,0,145.465816666667,515.707783333333,282514,282686,172
109,0,blank,0,165.98185,527.209266666667,282686,282858,172
109,93,node,476,152.746866666667,547.878683333333,282858,283030,172
109,94,*,482,118.47455,570.4832,283030,283202,172
109,0,blank,0,143.345583333333,595.9476,283202,283375,173
109,94,!=,484,191.635,567.735966666667,283375,283547,172
109,0,blank,0,186.959128571429,576.094671428571,283547,283744,197
109,0,blank,0,147.601616666667,592.210866666667,283744,283915,171
109,96,temp,488,105.201,613.6643,283915,284087,172
109,0,blank,0,182.026985714286,593.401185714286,284087,284285,198
109,96,head,491,198.469116666667,615.657866666667,284285,284456,171
109,0,blank,0,236.178433333333,605.909416666667,284456,284628,172
109,97,->,500,235.4028,632.10385,284628,284685,57
109,97,head,498,113.688833333333,621.768883333333,284714,284887,173
109,97,head,498,107.6487,627.672685714286,284887,285086,199
109,0,blank,0,137.93455,632.86075,285086,285259,173
109,96,head,491,164.1814,609.3622,285259,285316,57
109,0,blank,0,-333,-105,285344,285524,180
109,0,blank,0,148.8437,590.8087,285561,285611,50
109,96,=,489,141.045471428571,613.724028571429,285675,285868,193
109,0,blank,0,68.8121333333333,649.966666666667,285868,286042,174
109,0,blank,0,70.52045,643.085525,286042,286157,115
109,0,blank,0,40.4107166666667,526.896966666667,286186,286359,173
109,0,blank,0,47.1485,523.73205,286359,286417,58
109,91,(,467,120.998983333333,498.2359,286446,286618,172
109,91,delete,466,111.820171428571,491.187457142857,286618,286816,198
109,91,(,467,120.045066666667,505.2322,286816,286987,171
109,0,blank,0,877.963,565.03815,287073,287247,174
109,0,blank,0,900.966333333333,543.552066666667,287247,287336,89
109,0,blank,0,1030.84716666667,493.0688,287425,287606,181
109,0,blank,0,1020.08,520.73085,287606,287784,178
109,0,blank,0,1017.932,520.747866666667,287784,287964,180
109,0,blank,0,1010.0215,502.6114,287964,288026,62
109,0,blank,0,1030.5185,457.010416666667,288086,288262,176
109,0,blank,0,1029.98742857143,469.685057142857,288262,288461,199
109,0,blank,0,1024.08066666667,389.549533333333,288461,288598,137
110,11,struct,59,143.333483333333,225.502383333333,290028,290206,178
110,10,display,49,119.212966666667,202.84175,290206,290383,177
110,0,blank,0,147.192783333333,200.6502,290383,290559,176
110,0,blank,0,-333,-105,290617,290804,187
110,0,blank,0,-333,-105,290804,290849,45
110,10,display,49,73.22342,203.53742,290875,291038,163
110,10,display,49,86.047475,205.4923,291038,291228,190
110,10,display,49,79.3648666666667,217.788283333333,291228,291403,175
110,12,delete,66,98.1518333333333,252.864366666667,291403,291577,174
110,17,printf,92,82.5418166666667,361.463083333333,291577,291763,186
110,17,"\nThesequenceofcontents\n",94,181.3676,367.6217,291763,291795,32
110,18,display,97,65.66886,396.60134,291823,292000,177
110,20,reverse,107,87.7599,430.064066666667,292000,292175,175
110,21,printf,113,74.2795833333333,445.1411,292233,292406,173
110,19,printf,102,94.5381833333333,413.317133333333,292406,292583,177
110,20,reverse,107,88.2984,431.9055,292583,292613,30
110,0,blank,0,-333,-105,292701,292848,147
110,0,blank,0,-333,-105,292848,292985,137
110,0,blank,0,-333,-105,292985,293117,132
110,0,blank,0,-333,-105,293117,293244,127
110,0,blank,0,-333,-105,293244,293343,99
110,0,blank,0,-333,-105,293343,293455,112
110,0,blank,0,-333,-105,293455,293634,179
110,0,blank,0,-333,-105,293634,293787,153
110,0,blank,0,-333,-105,293787,293997,210
110,0,blank,0,-333,-105,293997,294193,196
110,0,blank,0,-333,-105,294193,294333,140
110,0,blank,0,-333,-105,294333,294532,199
110,0,blank,0,-333,-105,294532,294705,173
110,0,blank,0,-333,-105,294705,294890,185
110,0,blank,0,-333,-105,294890,295083,193
110,0,blank,0,-333,-105,295083,295220,137
110,0,blank,0,-333,-105,295220,295417,197
110,0,blank,0,-333,-105,295417,295598,181
110,0,blank,0,211.210633333333,335.941366666667,295634,295824,190
110,0,blank,0,208.31605,338.864483333333,295824,296009,185
110,0,blank,0,222.4545,339.7857,296009,296195,186
110,0,blank,0,-333,-105,296225,296281,56
110,0,blank,0,655.843,678.5987,296306,296331,25
110,17,"\nThesequenceofcontents\n",94,127.33158,361.40652,296411,296590,179
110,17,"\nThesequenceofcontents\n",94,138.95074,366.82122,296590,296745,155
110,17,"\nThesequenceofcontents\n",94,150.96048,360.37322,296745,296925,180
110,18,head,99,152.891733333333,380.1176,296925,297016,91
110,17,"\nThesequenceofcontents\n",94,230.971266666667,359.957833333333,297047,297230,183
110,17,"\nThesequenceofcontents\n",94,291.1987,371.08958,297230,297413,183
110,0,blank,0,367.56255,346.212433333333,297413,297592,179
110,17,"\nThesequenceofcontents\n",94,377.095216666667,358.920933333333,297592,297776,184
110,17,"\nThesequenceofcontents\n",94,380.670733333333,364.629283333333,297776,297960,184
110,17,"\nThesequenceofcontents\n",94,387.20975,375.503533333333,297960,298145,185
110,17,"\nThesequenceofcontents\n",94,392.8392,366.8087,298145,298175,30
110,0,blank,0,492.0559,-103.8854,298238,298267,29
110,0,blank,0,-333,-105,298296,298488,192
110,0,blank,0,-333,-105,298488,298686,198
110,0,blank,0,-333,-105,298686,298836,150
110,0,blank,0,-333,-105,298836,299018,182
110,0,blank,0,-333,-105,299018,299206,188
110,0,blank,0,-333,-105,299206,299421,215
110,0,blank,0,-333,-105,299421,299470,49
110,0,blank,0,-333,-105,299470,299799,329
110,0,blank,0,-333,-105,299799,299951,152
110,0,blank,0,-333,-105,299951,300134,183
110,0,blank,0,-333,-105,300134,300320,186
110,0,blank,0,-333,-105,300320,300514,194
110,0,blank,0,-333,-105,300514,300706,192
110,0,blank,0,-333,-105,300706,300896,190
110,0,blank,0,-333,-105,300896,301070,174
110,0,blank,0,-333,-105,301070,301259,189
110,0,blank,0,-333,-105,301259,301330,71
110,0,blank,0,-333,-105,301330,301509,179
110,0,blank,0,-333,-105,301509,301702,193
110,0,blank,0,-333,-105,301702,302022,320
110,0,blank,0,-333,-105,302022,302213,191
110,0,blank,0,-333,-105,302213,302267,54
110,0,blank,0,-333,-105,302267,302430,163
110,0,blank,0,-333,-105,302430,302754,324
110,0,blank,0,-333,-105,302754,303059,305
110,0,blank,0,-333,-105,303059,303199,140
110,0,blank,0,-333,-105,303199,303548,349
110,0,blank,0,-333,-105,303953,303987,34
110,0,blank,0,333.1598,330.242933333333,304270,304357,87
110,0,blank,0,399.5126,437.9555,304418,304446,28
110,0,blank,0,-333,-105,304509,304682,173
110,0,blank,0,-333,-105,304682,304855,173
110,0,blank,0,-333,-105,304855,305030,175
110,0,blank,0,-333,-105,305030,305222,192
110,0,blank,0,-333,-105,305222,305421,199
110,0,blank,0,-333,-105,305421,305544,123
110,0,blank,0,-333,-105,305544,305728,184
110,0,blank,0,-333,-105,305728,305906,178
110,0,blank,0,-333,-105,305906,305949,43
110,0,blank,0,-333,-105,305949,306150,201
110,0,blank,0,-333,-105,306150,306270,120
110,0,blank,0,-333,-105,306270,306433,163
110,0,blank,0,-333,-105,306433,306617,184
110,0,blank,0,-333,-105,306617,306815,198
110,0,blank,0,-333,-105,306815,306991,176
110,0,blank,0,-333,-105,306991,307173,182
110,0,blank,0,-333,-105,307173,307368,195
110,0,blank,0,-333,-105,307368,307557,189
110,0,blank,0,-333,-105,307557,307748,191
110,0,blank,0,-333,-105,307748,307942,194
110,19,"\nInversingthecontents\n",104,157.5986,418.5338,307972,308026,54
110,0,blank,0,206.59804,395.57082,308079,308271,192
110,0,blank,0,233.0021,439.567933333333,308271,308450,179
110,0,blank,0,223.2499,431.87575,308450,308629,179
110,0,blank,0,259.4151,488.96405,308629,308687,58
110,0,blank,0,-333,-105,308807,308959,152
110,0,blank,0,-333,-105,308959,309181,222
110,0,blank,0,-333,-105,309181,309352,171
110,0,blank,0,-333,-105,309352,309526,174
110,0,blank,0,-333,-105,309526,309635,109
110,0,blank,0,-333,-105,309635,309746,111
110,0,blank,0,-333,-105,309746,309850,104
110,0,blank,0,-333,-105,309850,310053,203
110,0,blank,0,-333,-105,310053,310379,326
110,19,"\nInversingthecontents\n",104,134.8519,399.8989,310409,310436,27
110,17,"\nThesequenceofcontents\n",94,134.326133333333,368.124,310703,310881,178
110,18,head,99,142.46105,377.237533333333,310881,311060,179
110,18,;,101,179.96225,396.212083333333,311060,311242,182
110,0,blank,0,195.841433333333,381.457783333333,311242,311432,190
110,0,blank,0,167.647283333333,398.1143,311432,311612,180
110,19,"\nInversingthecontents\n",104,169.35315,403.863266666667,311612,311791,179
110,0,blank,0,201.979933333333,387.642816666667,311791,311971,180
110,0,blank,0,204.771233333333,391.3241,311971,312152,181
110,18,;,101,180.1528,389.930266666667,312152,312334,182
110,18,head,99,163.0519,397.672183333333,312334,312512,178
110,19,"\nInversingthecontents\n",104,213.347066666667,407.281716666667,312512,312688,176
110,0,blank,0,223.3399,396.0735,312688,312718,30
110,0,blank,0,967.452,155.89892,312808,312956,148
110,0,blank,0,1016.12266666667,147.741483333333,313014,313200,186
110,0,blank,0,1007.5662,164.08436,313200,313385,185
110,0,blank,0,1021.57066666667,119.122416666667,313385,313564,179
110,0,blank,0,1035.997,115.0192,313564,313593,29
110,0,blank,0,159.3957,584.5795,313711,313893,182
110,0,blank,0,105.534583333333,551.9541,313893,314070,177
110,26,reverse,134,93.8374666666667,556.689066666667,314070,314159,89
110,0,blank,0,-333,-105,314217,314399,182
110,0,blank,0,1001.2894,223.29358,314538,314687,149
110,0,blank,0,994.95,221.4315,314718,314805,87
111,0,blank,0,211.333283333333,284.676733333333,317545,317723,178
111,60,node,326,215.446433333333,275.3835,317723,317901,178
111,62,NULL,335,177.503516666667,310.8501,317901,318079,178
111,0,blank,0,136.248266666667,293.85935,318079,318259,180
111,60,display,323,101.644816666667,260.178083333333,318259,318438,179
111,60,(,324,129.448533333333,265.872866666667,318438,318620,182
111,60,struct,325,137.014433333333,256.354816666667,318620,318804,184
111,60,struct,325,149.867183333333,264.863766666667,318804,318988,184
111,60,struct,325,173.47195,261.84995,318988,319169,181
111,60,struct,325,193.047133333333,274.014666666667,319169,319352,183
111,0,blank,0,157.770933333333,309.738366666667,319352,319535,183
111,62,NULL,335,164.02335,303.610466666667,319535,319713,178
111,0,blank,0,179.104833333333,298.832983333333,319713,319893,180
111,0,blank,0,190.03425,321.47185,319893,319954,61
111,0,blank,0,-333,-105,319985,320090,105
111,0,blank,0,192.1412,296.1927,320115,320141,26
111,62,NULL,335,183.2557,310.580733333333,320204,320378,174
111,65,head,349,170.495633333333,369.0505,320378,320559,181
111,65,head,349,178.253483333333,381.496,320559,320742,183
111,65,head,349,181.161866666667,372.01755,320742,320923,181
111,65,next,351,241.500333333333,371.04465,320923,321103,180
111,64,head,342,252.178283333333,357.80325,321103,321282,179
111,64,head,342,266.174216666667,360.03805,321282,321461,179
111,64,head,342,270.270333333333,352.835866666667,321461,321642,181
111,65,head,349,190.239166666667,374.046,321642,321822,180
111,0,blank,0,185.136333333333,365.1895,321822,322001,179
111,64,"%d",340,180.9018,353.580516666667,322001,322186,185
111,0,blank,0,198.056533333333,343.945483333333,322186,322365,179
111,0,blank,0,175.921166666667,408.783016666667,322365,322547,182
111,68,struct,359,161.950633333333,446.367333333333,322547,322728,181
111,65,next,351,241.312833333333,380.272216666667,322728,322907,179
111,64,a,344,300.272383333333,351.913183333333,322907,323087,180
111,64,),345,307.482683333333,351.753766666667,323087,323265,178
111,0,blank,0,303.81155,342.786716666667,323265,323441,176
111,0,blank,0,305.182433333333,330.188516666667,323441,323619,178
111,64,head,342,253.089133333333,357.737566666667,323619,323796,177
111,0,blank,0,228.49305,350.75185,323796,323977,181
111,65,next,351,228.227733333333,367.788016666667,323977,324157,180
111,64,"%d",340,212.86678,358.63634,324157,324304,147
111,0,blank,0,-333,-105,324334,324438,104
111,0,blank,0,-333,-105,324497,324525,28
111,64,),345,311.2311,355.72175,324575,324634,59
111,0,blank,0,297.977466666667,333.931666666667,324692,324869,177
111,0,blank,0,293.708666666667,328.004833333333,324869,325046,177
111,0,blank,0,305.917516666667,338.708483333333,325046,325223,177
111,64,"%d",340,204.598483333333,361.027483333333,325223,325403,180
111,0,blank,0,185.3082,397.8288,325403,325433,30
111,0,blank,0,-333,-105,325558,325705,147
111,0,blank,0,-333,-105,325705,325801,96
111,0,blank,0,-333,-105,325801,325911,110
111,0,blank,0,-333,-105,325911,326067,156
111,0,blank,0,-333,-105,326067,326264,197
111,0,blank,0,-333,-105,326264,326423,159
111,0,blank,0,-333,-105,326423,326695,272
111,0,blank,0,-333,-105,326695,326728,33
111,0,blank,0,-333,-105,326728,326978,250
111,0,blank,0,-333,-105,326978,327139,161
111,0,blank,0,-333,-105,327342,327502,160
111,0,blank,0,-333,-105,327502,327654,152
111,0,blank,0,-333,-105,327654,327819,165
111,0,blank,0,-333,-105,327819,327970,151
111,0,blank,0,-333,-105,327970,328171,201
111,0,blank,0,-333,-105,328171,328273,102
111,0,blank,0,-333,-105,328273,328426,153
111,0,blank,0,-333,-105,328426,328700,274
111,0,blank,0,-333,-105,328700,328828,128
111,0,blank,0,-333,-105,328828,329073,245
111,0,blank,0,-333,-105,329073,329228,155
111,0,blank,0,-333,-105,329228,329686,458
111,0,blank,0,-333,-105,329686,329873,187
111,0,blank,0,-333,-105,329873,330070,197
111,0,blank,0,-333,-105,330070,330120,50
111,0,blank,0,-333,-105,330120,330407,287
111,0,blank,0,-333,-105,330407,330491,84
111,0,blank,0,227.006833333333,699.961033333333,330921,331120,199
111,0,blank,0,206.5035,696.1166,331120,331238,118
111,65,display,347,126.549266666667,369.377,331442,331625,183
111,65,head,349,201.937416666667,380.765,331625,331798,173
111,0,blank,0,208.61815,403.991,331798,331969,171
111,0,blank,0,173.379816666667,365.647183333333,331969,332141,172
111,0,blank,0,196.37085,342.254675,332141,332254,113
111,0,blank,0,239.014525,333.111,332311,332434,123
111,0,blank,0,1017.784,391.8765,332523,332697,174
111,0,blank,0,1027.83166666667,392.770816666667,332697,332870,173
111,0,blank,0,1015.7475,389.6224,332870,332927,57
111,0,blank,0,116.977966666667,396.234033333333,333043,333217,174
111,64,printf,338,128.01825,363.524316666667,333217,333393,176
111,62,!=,334,137.942816666667,309.500733333333,333393,333569,176
111,0,blank,0,138.80385,277.65545,333569,333749,180
111,60,struct,325,169.7887,262.79906,333749,333899,150
111,0,blank,0,1023.63716666667,340.282583333333,333989,334167,178
111,0,blank,0,1003.66028571429,297.773157142857,334167,334366,199
111,0,blank,0,986.996,163.7616,334366,334395,29
112,0,blank,0,1024.796,-30.646,335857,335886,29
112,0,blank,0,129.16775,166.543033333333,336005,336182,177
112,9,(,41,138.157416666667,193.235066666667,336182,336360,178
112,10,struct,51,143.599733333333,215.808533333333,336360,336538,178
112,0,blank,0,155.081983333333,310.34985,336538,336719,181
112,17,"\nThesequenceofcontents\n",94,153.711783333333,370.7169,336719,336894,175
112,16,head,89,153.2842,337.62165,336894,336951,57
112,0,blank,0,188.702583333333,392.7556,337016,337193,177
112,0,blank,0,199.214933333333,376.16225,337193,337371,178
112,16,head,89,183.221775,353.921825,337371,337487,116
112,0,blank,0,272.24465,344.85865,337546,337731,185
112,0,blank,0,383.9993,559.0261,337762,337795,33
112,17,"\nThesequenceofcontents\n",94,378.1335,373.8162,337824,337944,120
112,0,blank,0,418.4676,430.4359,337976,338008,32
112,0,blank,0,266.8049,530.9429,338065,338095,30
112,0,blank,0,210.77058,389.53568,338123,338302,179
112,0,blank,0,311.7829,581.4964,338332,338361,29
112,0,blank,0,410.9796,378.29585,338419,338603,184
112,0,blank,0,188.1943,393.747416666667,338635,338815,180
112,0,blank,0,205.155133333333,389.552416666667,338815,338994,179
112,0,blank,0,202.167,392.77655,338994,339173,179
112,17,"\nThesequenceofcontents\n",94,189.33564,375.90792,339173,339349,176
112,0,blank,0,189.152133333333,383.6192,339349,339530,181
112,0,blank,0,189.87066,397.94188,339530,339711,181
112,19,"\nInversingthecontents\n",104,211.980483333333,418.709116666667,339711,339890,179
112,0,blank,0,281.667766666667,433.17085,339890,340073,183
112,19,"\nInversingthecontents\n",104,220.26324,414.08244,340073,340254,181
112,19,"\nInversingthecontents\n",104,221.590783333333,417.597683333333,340254,340441,187
112,19,"\nInversingthecontents\n",104,226.975516666667,410.599666666667,340441,340626,185
112,0,blank,0,360.954066666667,577.394466666667,340657,340780,123
112,19,"\nInversingthecontents\n",104,361.026575,406.770375,340864,340987,123
112,18,;,101,181.438833333333,384.850233333333,341018,341202,184
112,19,"\nInversingthecontents\n",104,263.0058,416.03345,341292,341352,60
112,0,blank,0,276.7316,532.4744,341382,341412,30
112,19,"\nInversingthecontents\n",104,175.221316666667,409.688983333333,341472,341657,185
112,19,"\nInversingthecontents\n",104,136.400866666667,400.1751,341657,341843,186
112,19,"\nInversingthecontents\n",104,145.750616666667,408.954983333333,341843,342030,187
112,0,blank,0,-333,-105,342094,342275,181
112,0,blank,0,-333,-105,342275,342412,137
112,0,blank,0,-333,-105,342412,342571,159
112,0,blank,0,-333,-105,342571,342681,110
112,0,blank,0,-333,-105,342681,342804,123
112,0,blank,0,-333,-105,342804,342972,168
112,0,blank,0,-333,-105,342972,343132,160
112,0,blank,0,-333,-105,343132,343318,186
112,0,blank,0,-333,-105,343318,343510,192
112,0,blank,0,-333,-105,343510,343692,182
112,0,blank,0,-333,-105,343692,343806,114
112,0,blank,0,-333,-105,343806,343914,108
112,0,blank,0,-333,-105,343914,344081,167
112,0,blank,0,-333,-105,344081,344252,171
112,0,blank,0,-333,-105,344252,344431,179
112,0,blank,0,-333,-105,344431,344537,106
112,0,blank,0,-333,-105,344537,344692,155
112,0,blank,0,-333,-105,344692,344942,250
112,0,blank,0,-333,-105,344942,345142,200
112,0,blank,0,-333,-105,345142,345328,186
112,0,blank,0,-333,-105,345328,345440,112
112,0,blank,0,-333,-105,345440,345814,374
112,0,blank,0,-333,-105,345814,345853,39
112,0,blank,0,-333,-105,345853,346218,365
112,0,blank,0,-333,-105,346218,346391,173
112,0,blank,0,-333,-105,346391,346564,173
112,0,blank,0,-333,-105,346564,346608,44
112,0,blank,0,-333,-105,346608,346828,220
112,0,blank,0,-333,-105,346828,346995,167
112,0,blank,0,-333,-105,346995,347521,526
112,0,blank,0,-333,-105,347521,347693,172
112,0,blank,0,-333,-105,347693,347859,166
112,0,blank,0,-333,-105,347859,348005,146
112,0,blank,0,-333,-105,348005,348125,120
112,0,blank,0,-333,-105,348125,348326,201
112,0,blank,0,-333,-105,348326,348384,58
112,0,blank,0,-333,-105,348384,348729,345
112,0,blank,0,-333,-105,348729,348861,132
112,0,blank,0,-333,-105,348861,349212,351
112,0,blank,0,-333,-105,349212,349329,117
112,0,blank,0,-333,-105,349329,349683,354
112,0,blank,0,-333,-105,349683,350085,402
112,0,blank,0,-333,-105,350085,350513,428
112,0,blank,0,-333,-105,350513,350708,195
112,21,"\nThecontentsafterreversal\n",115,138.048233333333,456.985,351724,351887,163
112,20,&,109,129.494925,441.2904,351887,352042,155
112,20,reverse,107,101.7571,425.0403,352042,352236,194
112,0,blank,0,219.421416666667,441.62225,352275,352464,189
112,21,"\nThecontentsafterreversal\n",115,213.394616666667,445.841916666667,352464,352640,176
112,0,blank,0,196.6372,426.9848,352640,352700,60
112,0,blank,0,-333,-105,352757,352833,76
112,0,blank,0,223.099757142857,422.817514285714,352935,353126,191
112,0,blank,0,234.385716666667,437.792,353126,353300,174
112,20,;,112,185.454883333333,437.8972,353300,353474,174
112,21,"\nThecontentsafterreversal\n",115,176.319885714286,451.169671428571,353474,353673,199
112,0,blank,0,192.776116666667,440.891133333333,353673,353850,177
112,0,blank,0,211.5621,465.0849,353850,353880,30
112,0,blank,0,-333,-105,354138,354332,194
112,0,blank,0,-333,-105,354332,354531,199
112,0,blank,0,-333,-105,354531,354722,191
112,0,blank,0,-333,-105,354722,354885,163
112,0,blank,0,-333,-105,354885,355060,175
112,0,blank,0,-333,-105,355060,355213,153
112,0,blank,0,-333,-105,355213,355301,88
112,0,blank,0,-333,-105,355301,355644,343
112,0,blank,0,-333,-105,355644,355823,179
112,0,blank,0,-333,-105,355823,356021,198
112,0,blank,0,-333,-105,356021,356101,80
112,0,blank,0,-333,-105,356101,356355,254
112,0,blank,0,-333,-105,356355,356503,148
112,0,blank,0,-333,-105,356503,356737,234
112,0,blank,0,-333,-105,356737,356887,150
112,0,blank,0,-333,-105,356887,357007,120
112,0,blank,0,-333,-105,357007,357106,99
112,0,blank,0,-333,-105,357106,357210,104
112,0,blank,0,-333,-105,357210,357458,248
112,0,blank,0,215.322166666667,474.596733333333,358010,358112,102
112,24,return,129,63.4343166666667,515.09335,358191,358367,176
112,23,delete,123,103.928166666667,489.159083333333,358397,358575,178
112,23,head,126,159.344466666667,493.263666666667,358575,358751,176
112,0,blank,0,236.096516666667,489.33155,358751,358929,178
112,0,blank,0,271.6581,487.908716666667,358929,359107,178
112,0,blank,0,302.011175,481.30585,359107,359226,119
112,22,display,118,83.6930833333333,481.14395,359256,359434,178
112,23,delete,123,47.7428666666667,498.612416666667,359434,359615,181
112,22,display,118,49.7587333333333,482.332833333333,359615,359793,178
112,20,(,108,116.897533333333,424.758016666667,359793,359976,183
112,20,reverse,107,113.692716666667,431.17705,359976,360160,184
112,21,"\nThecontentsafterreversal\n",115,177.0586,459.426533333333,360160,360250,90
112,0,blank,0,167.46445,442.7773,360280,360340,60
112,20,(,108,115.20425,436.49605,360400,360579,179
112,20,(,108,120.948966666667,431.453616666667,360579,360758,179
112,19,"\nInversingthecontents\n",104,238.669266666667,407.62545,360758,360936,178
112,0,blank,0,239.7999,422.2473,360936,360965,29
112,0,blank,0,56.3185833333333,442.280133333333,360994,361172,178
112,21,printf,113,80.60095,457.184933333333,361172,361353,181
112,21,printf,113,75.4138333333333,456.8515,361353,361533,180
112,0,blank,0,22.7086666666667,477.064483333333,361533,361712,179
112,0,blank,0,15.9085333333333,455.569533333333,361712,361892,180
112,0,blank,0,26.5132333333333,436.6396,361892,362072,180
112,0,blank,0,20.1001833333333,468.135566666667,362072,362250,178
112,0,blank,0,31.2778166666667,499.0205,362250,362429,179
112,0,blank,0,29.4888833333333,515.486583333333,362429,362608,179
112,0,blank,0,32.7717666666667,514.2041,362608,362788,180
112,22,display,118,82.5513833333333,480.997633333333,362788,362966,178
112,21,printf,113,86.2778333333333,448.002116666667,362966,363146,180
112,22,display,118,100.071283333333,482.982816666667,363146,363326,180
112,22,),121,166.71405,472.67,363326,363506,180
112,0,blank,0,189.5638,484.270083333333,363506,363685,179
112,0,blank,0,238.264616666667,488.0502,363685,363864,179
112,0,blank,0,315.070183333333,488.9742,363864,364045,181
112,0,blank,0,318.995233333333,498.415933333333,364045,364136,91
112,0,blank,0,310.2737,500.3141,364197,364259,62
112,22,head,120,144.79095,474.045225,364290,364412,122
112,0,blank,0,-333,-105,364534,364705,171
112,0,blank,0,-333,-105,364705,364838,133
112,0,blank,0,-333,-105,364838,365005,167
112,0,blank,0,-333,-105,365005,365099,94
112,0,blank,0,-333,-105,365099,365287,188
112,0,blank,0,-333,-105,365287,365473,186
112,0,blank,0,-333,-105,365473,365653,180
112,0,blank,0,-333,-105,365653,365774,121
112,0,blank,0,-333,-105,365774,366628,854
112,0,blank,0,-333,-105,366628,366784,156
112,0,blank,0,-333,-105,366784,366913,129
112,0,blank,0,-333,-105,366913,366987,74
112,0,blank,0,-333,-105,366987,367216,229
112,0,blank,0,-333,-105,367216,367414,198
112,0,blank,0,-333,-105,367414,367555,141
112,0,blank,0,-333,-105,367555,367726,171
112,0,blank,0,-333,-105,367726,367849,123
112,0,blank,0,-333,-105,367849,368184,335
112,0,blank,0,-333,-105,368184,368478,294
112,0,blank,0,-333,-105,368478,368537,59
112,0,blank,0,-333,-105,368537,368721,184
112,0,blank,0,-333,-105,368721,368897,176
112,0,blank,0,-333,-105,368897,369049,152
112,0,blank,0,-333,-105,369049,369314,265
112,0,blank,0,-333,-105,369314,370444,1130
112,0,blank,0,-333,-105,370444,370596,152
112,0,blank,0,-333,-105,370596,370755,159
112,0,blank,0,-333,-105,370755,370951,196
112,0,blank,0,-333,-105,370951,371167,216
112,0,blank,0,-333,-105,371167,371498,331
112,0,blank,0,-333,-105,371498,371557,59
112,0,blank,0,-333,-105,371557,371948,391
112,0,blank,0,-333,-105,371948,372128,180
112,0,blank,0,-333,-105,372128,372273,145
112,21,"\nThecontentsafterreversal\n",115,413.4001,462.6058,372547,372658,111
112,0,blank,0,159.63675,540.357225,372799,372970,171
112,24,return,129,97.9751,520.865325,373008,373174,166
112,23,&,125,115.361533333333,493.678066666667,373174,373342,168
112,0,blank,0,10.42145,434.8116,373381,373571,190
112,0,blank,0,8.38543333333333,429.9458,373571,373749,178
112,0,blank,0,-333,-105,373868,374030,162
112,0,blank,0,-333,-105,374030,374189,159
112,0,blank,0,-333,-105,374189,374261,72
112,0,blank,0,-333,-105,374261,374417,156
112,0,blank,0,-333,-105,374417,374597,180
112,0,blank,0,-333,-105,374597,374628,31
112,0,blank,0,-333,-105,374628,375006,378
112,0,blank,0,-333,-105,375006,375180,174
112,0,blank,0,-333,-105,375180,375252,72
112,0,blank,0,-333,-105,375252,375603,351
112,0,blank,0,-333,-105,375603,375647,44
112,0,blank,0,-333,-105,375647,375835,188
112,0,blank,0,-333,-105,375835,376150,315
112,0,blank,0,-333,-105,376150,376314,164
112,0,blank,0,-333,-105,376314,376510,196
112,0,blank,0,-333,-105,376510,376573,63
112,0,blank,0,-333,-105,376573,376717,144
112,0,blank,0,-333,-105,376717,376913,196
112,0,blank,0,-333,-105,376913,377031,118
112,0,blank,0,-333,-105,377031,377204,173
112,0,blank,0,-333,-105,377204,377379,175
112,0,blank,0,-333,-105,377379,377516,137
112,0,blank,0,-333,-105,377516,377679,163
112,0,blank,0,-333,-105,377679,377835,156
112,0,blank,0,-333,-105,377835,377974,139
112,0,blank,0,-333,-105,377974,378319,345
112,0,blank,0,-333,-105,378319,378507,188
112,0,blank,0,-333,-105,378507,378690,183
112,0,blank,0,-333,-105,378690,378867,177
112,0,blank,0,-333,-105,378867,379032,165
112,0,blank,0,-333,-105,379032,379174,142
112,0,blank,0,-333,-105,379174,379336,162
112,0,blank,0,-333,-105,379336,379529,193
112,0,blank,0,-333,-105,379529,379718,189
112,0,blank,0,-333,-105,379718,379774,56
112,0,blank,0,-333,-105,379774,380023,249
112,0,blank,0,-333,-105,380023,380049,26
112,0,blank,0,-333,-105,380049,380239,190
112,0,blank,0,-333,-105,380239,380441,202
112,0,blank,0,-333,-105,380441,380639,198
112,0,blank,0,-333,-105,380639,380801,162
112,0,blank,0,-333,-105,380801,380992,191
112,0,blank,0,-333,-105,380992,381054,62
112,0,blank,0,-333,-105,381054,381331,277
112,0,blank,0,-333,-105,381331,381508,177
112,0,blank,0,89.08,543.622275,381532,381708,176
112,0,blank,0,101.5076,543.500675,381708,381869,161
112,0,blank,0,163.076383333333,548.834083333333,381869,382062,193
112,26,struct,136,156.7137,557.2098,382062,382092,30
112,15,*,81,168.495083333333,324.810616666667,382122,382306,184
112,15,*,81,171.9414,317.2133,382306,382335,29
112,0,blank,0,-333,-105,382397,382585,188
112,0,blank,0,-333,-105,382585,382760,175
112,0,blank,0,-333,-105,382760,382931,171
112,0,blank,0,-333,-105,382931,383070,139
112,0,blank,0,-333,-105,383070,383236,166
112,0,blank,0,-333,-105,383236,383383,147
112,0,blank,0,-333,-105,383383,383549,166
112,0,blank,0,1095.192,-103.4552,383643,383716,73
