Frameno_fix,lineno_fix,Tokenname_fix,tokens_id,gaze_X_fix,gaze_Y_fix,timestamp_fix_start,timestamp_fix_end,time_duration
100,1,Perfect,12,558.17058,15.19034,3347,3522,175
100,0,blank,0,534.30875,-16.95035,3522,3623,101
100,0,blank,0,478.116,-15.7882,3623,3744,121
100,0,blank,0,155.0222,65.9817,3999,4185,186
100,0,blank,0,195.2745,114.1408,4185,4221,36
100,0,blank,0,637.27528,-3.04674,4258,4438,180
100,1,Number,13,624.1512,12.47352,4438,4615,177
100,1,Number,13,616.60184,17.11462,4615,4789,174
100,0,blank,0,644.6438,6.62664,4789,4964,175
100,0,blank,0,638.49038,0.852079999999998,4964,5139,175
100,0,blank,0,630.89176,-5.21198,5139,5315,176
100,1,Perfect,12,565.19842,4.64134,5315,5492,177
100,0,blank,0,596.38574,0.326760000000002,5492,5667,175
100,1,Number,13,627.797,15.02372,5667,5849,182
100,1,Number,13,625.94816,16.29678,5849,6040,191
100,0,blank,0,624.337675,27.1489,6040,6188,148
100,0,blank,0,18.10274,143.53456,6272,6469,197
100,4,int,23,32.26528,89.47172,6469,6658,189
100,0,blank,0,95.7013,55.31352,6658,6843,185
100,0,blank,0,87.0169,49.0373,6843,6914,71
100,13,+,81,186.69582,285.61412,6950,7126,176
100,0,blank,0,180.37612,174.88552,7162,7349,187
100,6,rem,31,125.59836,131.42432,7349,7527,178
100,6,n,29,84.70766,130.74296,7527,7703,176
100,6,rem,31,127.6368,128.439,7703,7886,183
100,6,s,33,169.90352,129.53622,7886,8079,193
100,6,s,33,168.5076,117.8141,8079,8276,197
100,0,blank,0,107.197375,133.525775,8276,8448,172
100,0,blank,0,80.999825,123.954875,8448,8612,164
100,6,rem,31,133.73746,126.64288,8612,8806,194
100,6,int,28,64.57428,122.64326,8806,9001,195
100,7,scanf,39,45.980225,148.1198,9001,9163,162
100,0,blank,0,43.73246,147.16472,9163,9356,193
100,7,scanf,39,83.18018,136.79446,9356,9540,184
100,7,"%d",41,116.32916,147.70424,9540,9718,178
100,7,"%d",41,135.41506,137.51004,9718,9893,175
100,7,scanf,39,53.6536,155.48476,9893,10072,179
100,6,..,36,150.687225,115.64565,10309,10465,156
100,0,blank,0,153.8113,129.912775,10465,10642,177
100,7,"%d",41,136.6565,144.58358,10642,10826,184
100,7,"%d",41,128.66412,148.71986,10826,11009,183
100,0,blank,0,161.42254,146.40766,11009,11194,185
100,7,;,46,197.11882,153.272,11194,11381,187
100,0,blank,0,154.86688,150.45588,11381,11561,180
100,7,"%d",41,119.12196,147.94784,11561,11736,175
100,7,"%d",41,115.80316,138.98276,11736,11913,177
100,7,"%d",41,117.51916,144.7515,11913,12096,183
100,8,1,58,141.57154,157.53192,12096,12272,176
100,0,blank,0,224.07492,149.0576,12272,12451,179
100,7,&,43,168.86534,155.71014,12451,12630,179
100,7,&,43,170.91424,150.80194,12630,12806,176
100,7,;,46,196.75892,150.6636,12806,12982,176
100,0,blank,0,222.46464,145.76366,12982,13158,176
100,0,blank,0,220.8974,137.80018,13158,13334,176
100,0,blank,0,175.24712,160.07792,13334,13514,180
100,8,n,56,229.31374,165.42944,13514,13691,177
100,8,1,58,268.99136,173.29744,13691,13866,175
100,0,blank,0,214.71672,163.80684,13866,14042,176
100,0,blank,0,219.08734,156.33864,14042,14218,176
100,7,&,43,170.87316,155.2885,14218,14396,178
100,7,n,44,181.9535,150.64106,14396,14572,176
100,0,blank,0,241.80496,169.40546,14572,14749,177
100,0,blank,0,295.74844,141.96568,14749,14927,178
100,0,blank,0,360.6616,153.1349,14927,15111,184
100,0,blank,0,346.582175,162.22055,15111,15257,146
100,8,<=,54,187.87708,159.4385,15292,15472,180
100,8,<=,54,184.34124,162.80954,15472,15652,180
100,8,<=,54,187.83118,176.62318,15652,15834,182
100,8,i,61,167.68832,163.22096,15834,16012,178
100,0,blank,0,154.75584,162.06452,16012,16193,181
100,0,blank,0,206.6943,158.43954,16193,16374,181
100,8,n,56,223.83462,165.32604,16374,16555,181
100,0,blank,0,262.15568,163.50478,16555,16735,180
100,8,(,55,217.36376,164.359,16735,16916,181
100,7,),45,187.24448,154.66794,16916,17096,180
100,7,&,43,172.2605,152.30254,17096,17274,178
100,0,blank,0,175.78092,157.5404,17274,17455,181
100,0,blank,0,184.57524,190.66846,17455,17640,185
100,10,i,69,184.67846,208.59558,17640,17824,184
100,8,<=,54,184.7536,160.76856,17824,18008,184
100,6,=,34,194.45722,120.21956,18008,18193,185
100,6,=,34,193.41618,131.08864,18193,18368,175
100,8,<=,54,187.9675,159.5817,18368,18403,35
100,0,blank,0,502.799325,105.2421,18441,18588,147
100,0,blank,0,622.12032,79.90856,18625,18810,185
100,0,blank,0,631.93084,86.87204,18810,18997,187
100,0,blank,0,-348.480933333333,512.133,19113,19249,136
100,0,blank,0,485.86484,122.88538,19319,19502,183
100,0,blank,0,584.14908,27.71652,19502,19687,185
100,0,blank,0,539.42054,66.05292,19687,19872,185
100,0,blank,0,528.5421,73.75666,19872,20053,181
100,0,blank,0,506.6027,74.2175,20053,20088,35
100,0,blank,0,255.3576,119.27388,20125,20309,184
100,7,"%d",41,138.31052,146.653,20309,20494,185
100,7,"%d",41,127.37698,140.95454,20494,20673,179
100,7,"%d",41,127.5698,146.13615,20673,20742,69
100,0,blank,0,947.9558,66.95398,20812,20994,182
100,0,blank,0,1003.417,67.9035,20994,21171,177
100,0,blank,0,998.6225,79.49595,21171,21243,72
100,0,blank,0,962.00625,604.876625,21278,21422,144
100,7,"%d",41,130.0168,155.04856,21531,21727,196
100,0,blank,0,74.64378,167.14842,21727,21914,187
100,0,blank,0,78.3624,183.17906,21914,22097,183
100,0,blank,0,112.64958,180.20328,22097,22281,184
100,0,blank,0,122.25984,181.44714,22281,22464,183
100,8,;,60,150.01602,172.36108,22464,22643,179
100,8,;,60,150.14552,177.81638,22643,22822,179
100,0,blank,0,197.23686,178.37582,22822,22996,174
100,0,blank,0,181.08774,172.12108,22996,23171,175
100,8,=,50,123.32012,157.65616,23171,23348,177
100,0,blank,0,143.17082,141.90556,23348,23523,175
100,0,blank,0,143.41908,138.34566,23523,23702,179
100,0,blank,0,79.32598,158.19382,23702,23879,177
100,7,"%d",41,136.130633333333,154.2066,23879,24023,144
100,6,=,34,186.4749,126.7361,24023,24152,129
100,0,blank,0,96.2491,113.5821,24152,24285,133
100,0,blank,0,94.318375,137.223875,24285,24470,185
100,7,&,43,171.8743,141.914075,24470,24616,146
100,7,scanf,39,61.75144,140.58462,24654,24837,183
100,7,scanf,39,67.54105,144.58495,24837,24908,71
100,0,blank,0,-284.7606,-25.7681,24944,24979,35
100,0,blank,0,-175.4003,4.62446,25016,25205,189
100,0,blank,0,-155.001,6.1867,25205,25241,36
100,0,blank,0,161.903266666667,67.1849,25277,25382,105
100,0,blank,0,655.2559,39.4155,25453,25630,177
100,0,blank,0,562.5963,33.9626,25630,25769,139
100,7,"%d",41,111.6472,146.29954,25873,26053,180
100,7,scanf,39,72.51134,141.44592,26053,26228,175
100,7,scanf,39,67.31838,151.9949,26228,26407,179
100,7,scanf,39,69.9842,142.96012,26407,26585,178
100,7,scanf,39,48.80494,144.0194,26585,26763,178
100,0,blank,0,39.49486,140.19804,26763,26939,176
100,0,blank,0,42.37592,135.46592,26939,27115,176
100,7,scanf,39,45.03994,141.7405,27115,27293,178
100,7,scanf,39,58.5168,147.35248,27293,27471,178
100,7,scanf,39,65.39234,148.06036,27471,27649,178
100,7,scanf,39,67.53015,141.58195,27649,27721,72
100,8,<=,54,200.98606,170.6973,27756,27935,179
100,8,i,61,169.46594,170.12624,27935,28119,184
100,0,blank,0,131.59082,171.73626,28119,28308,189
100,0,blank,0,214.68714,139.19356,28308,28500,192
100,0,blank,0,209.5957,135.72728,28500,28690,190
100,0,blank,0,216.7484,156.6519,28690,28798,108
100,0,blank,0,111.51232,121.5406,28834,29017,183
100,6,rem,31,119.6241,119.3688,29017,29204,187
100,6,n,29,88.36664,130.97858,29204,29392,188
100,0,blank,0,40.02842,137.76254,29392,29573,181
100,0,blank,0,158.41818,158.82578,29573,29752,179
100,0,blank,0,176.50066,163.59214,29752,29931,179
100,0,blank,0,143.64436,183.95724,29931,30110,179
100,0,blank,0,162.31058,178.4595,30110,30288,178
100,0,blank,0,173.94362,180.3948,30288,30464,176
100,0,blank,0,152.03638,166.94626,30464,30643,179
100,7,"%d",41,105.86486,136.36794,30643,30823,180
100,7,scanf,39,54.96292,138.67742,30823,31002,179
100,7,scanf,39,56.69446,147.4399,31002,31180,178
100,8,for,47,46.22888,161.4031,31180,31360,180
100,8,=,50,121.78714,164.03438,31360,31539,179
100,0,blank,0,127.50804,163.8061,31539,31719,180
100,8,1,58,137.1497,164.4314,31719,31791,72
100,0,blank,0,-350,-105,31828,31863,35
100,7,),45,188.58398,153.62738,32073,32245,172
100,7,),45,191.72732,153.23742,32245,32421,176
100,7,;,46,198.4443,143.06372,32421,32595,174
100,8,n,56,231.1755,165.7725,32595,32767,172
100,8,n,56,225.54544,157.53286,32767,32939,172
100,8,<=,54,190.87546,165.2793,32939,33115,176
100,0,blank,0,131.64088,164.15316,33115,33291,176
100,8,i,61,96.40302,165.60994,33291,33469,178
100,0,blank,0,107.21278,166.97842,33469,33646,177
100,0,blank,0,106.0197,170.80716,33646,33822,176
100,8,(,55,90.41202,174.89386,33822,33998,176
100,8,(,55,91.90182,175.41548,33998,34174,176
100,8,i,61,164.03314,174.55396,34174,34350,176
100,0,blank,0,158.78834,164.22128,34350,34528,178
100,8,1,58,134.160066666667,163.9157,34528,34637,109
100,0,blank,0,-350,-105,34674,34736,62
100,6,s,33,167.7292,132.5614,34788,34882,94
100,7,&,43,164.83632,151.63934,34968,35144,176
100,8,<=,54,193.37482,159.1502,35144,35325,181
100,0,blank,0,241.82212,154.82438,35325,35505,180
100,0,blank,0,275.62146,153.0162,35505,35680,175
100,8,),63,280.5159,161.47852,35680,35854,174
100,0,blank,0,278.41322,147.698,35854,36029,175
100,8,;,60,288.6234,161.19834,36029,36202,173
100,0,blank,0,283.221175,154.706675,36202,36341,139
100,10,rem,65,107.74354,208.33162,36376,36555,179
100,0,blank,0,72.79908,224.04926,36555,36737,182
100,0,blank,0,38.42326,202.04926,36737,36918,181
100,0,blank,0,38.07605,209.20035,36918,36988,70
100,8,1,58,264.84704,158.1672,37024,37204,180
100,0,blank,0,285.25454,152.24724,37204,37382,178
100,8,;,60,284.96804,163.97946,37382,37555,173
100,0,blank,0,289.571,141.33022,37555,37734,179
100,0,blank,0,286.80514,145.27332,37734,37913,179
100,0,blank,0,282.27656,148.78096,37913,38087,174
100,0,blank,0,-350,-105,38122,38158,36
100,8,),63,278.17194,157.5144,38336,38503,167
100,8,),63,280.49164,168.8968,38503,38683,180
100,0,blank,0,255.31894,166.40328,38683,38858,175
100,0,blank,0,143.60472,178.42202,38858,39037,179
100,8,n,56,231.52436,159.87484,39037,39215,178
100,0,blank,0,242.45262,154.6861,39215,39387,172
100,8,<=,54,198.706,162.62308,39387,39564,177
100,0,blank,0,262.24036,151.34554,39564,39741,177
100,0,blank,0,279.70898,154.6316,39741,39914,173
100,8,),63,277.2809,163.3458,39914,39948,34
100,0,blank,0,71.72874,196.71034,39983,40161,178
100,0,blank,0,89.28124,196.8984,40161,40340,179
100,0,blank,0,119.6922,207.41722,40340,40521,181
100,11,rem,73,87.18528,224.19224,40521,40701,180
100,10,rem,65,109.57124,217.47712,40701,40884,183
100,11,==,74,127.14526,226.68962,40884,41064,180
100,11,rem,73,101.42984,236.9118,41064,41244,180
100,0,blank,0,82.07874,256.65594,41244,41425,181
100,0,blank,0,150.8983,383.97944,41425,41610,185
100,0,blank,0,141.3361,382.1306,41610,41648,38
100,0,blank,0,278.96514,386.57138,41684,41860,176
100,0,blank,0,321.89394,386.24466,41860,42034,174
100,19,"EnteredNumberisnotaperfect",100,203.82792,409.06562,42034,42210,176
100,0,blank,0,271.25216,393.22076,42210,42386,176
100,17,"EnteredNumberiscorrect",94,303.3731,364.91335,42386,42455,69
100,0,blank,0,95.29356,377.30294,42490,42669,179
100,18,else,97,54.74742,385.42514,42669,42844,175
100,0,blank,0,40.86624,376.88434,42844,43022,178
100,0,blank,0,24.27245,369.05135,43022,43094,72
100,0,blank,0,115.63514,223.05588,43131,43308,177
100,10,rem,65,110.42682,213.44714,43308,43487,179
100,13,s,80,132.21948,272.54706,43487,43673,186
100,0,blank,0,151.9713,263.35796,43673,43863,190
100,0,blank,0,137.50114,292.06564,43863,44050,187
100,14,},84,88.31648,308.54226,44050,44231,181
100,0,blank,0,56.4105,285.149475,44231,44413,182
100,11,rem,73,97.38795,230.8624,44666,44830,164
100,10,rem,65,91.69444,216.30728,44830,45016,186
100,0,blank,0,175.91724,202.15654,45177,45362,185
100,0,blank,0,173.87538,201.65238,45362,45539,177
100,10,%,68,168.01606,210.51364,45539,45714,175
100,10,n,67,153.84302,210.7078,45714,45887,173
100,0,blank,0,183.3451,219.52382,45887,46060,173
100,0,blank,0,207.1466,210.64996,46060,46232,172
100,10,;,70,199.70346,216.96214,46232,46405,173
100,0,blank,0,204.81452,209.5967,46405,46575,170
100,0,blank,0,227.27036,211.94654,46575,46747,172
100,0,blank,0,206.86854,210.94696,46747,46919,172
100,0,blank,0,210.89606,210.9545,46919,47092,173
100,0,blank,0,225.3931,206.53206,47092,47263,171
100,0,blank,0,226.2131,204.18208,47263,47433,170
100,8,n,56,225.95378,171.79016,47433,47605,172
100,0,blank,0,351.41956,167.0019,47640,47812,172
100,0,blank,0,356.03582,156.32822,47812,47985,173
100,0,blank,0,364.8581,159.27272,47985,48160,175
100,0,blank,0,354.22645,155.861,48160,48230,70
100,0,blank,0,221.19206,189.9807,48301,48483,182
100,0,blank,0,238.86294,195.83774,48483,48661,178
100,0,blank,0,308.05524,178.80626,48661,48838,177
100,10,i,69,185.31762,214.312,48874,49050,176
100,10,i,69,184.26598,220.4472,49050,49224,174
100,10,;,70,201.49536,220.55998,49224,49397,173
100,0,blank,0,247.933825,270.203025,49397,49537,140
100,0,blank,0,-350,-105,49573,49691,118
100,0,blank,0,305.00386,182.09196,49841,50009,168
100,0,blank,0,355.98176,169.89744,50009,50186,177
100,0,blank,0,356.69004,163.72082,50186,50355,169
100,0,blank,0,356.46818,165.90998,50355,50531,176
100,0,blank,0,328.0435,147.67602,50531,50704,173
100,0,blank,0,322.43366,151.87144,50704,50877,173
100,8,++,62,324.940433333333,157.632233333333,50877,50981,104
100,0,blank,0,205.62248,172.22788,51015,51193,178
100,0,blank,0,203.936133333333,188.162366666667,51193,51300,107
100,0,blank,0,-350,-105,51370,51405,35
100,0,blank,0,267.4958,200.7223,51430,51488,58
100,0,blank,0,270.87652,197.61482,51637,51809,172
100,0,blank,0,344.2163,171.24332,51809,51987,178
100,0,blank,0,366.36406,162.25524,51987,52163,176
100,0,blank,0,367.00106,160.59556,52163,52338,175
100,0,blank,0,359.57682,169.49354,52338,52509,171
100,0,blank,0,357.96268,169.46644,52509,52680,171
100,0,blank,0,-350,-105,52715,52776,61
100,0,blank,0,214.1188,211.0226,52842,52932,90
100,0,blank,0,211.742766666667,212.139066666667,53005,53104,99
100,0,blank,0,356.28486,167.8924,53139,53313,174
100,0,blank,0,364.031,162.15524,53313,53490,177
100,0,blank,0,366.15206,153.39984,53490,53665,175
100,0,blank,0,369.8027,164.3592,53665,53699,34
100,0,blank,0,207.47322,101.29562,53735,53909,174
100,0,blank,0,204.17975,102.36635,53909,54047,138
100,0,blank,0,346.89768,32.06956,54081,54257,176
100,1,Number,13,438.37448,23.45686,54257,54434,177
100,1,is,11,470.8975,19.05395,54434,54506,72
100,0,blank,0,607.1391,25.17986,54541,54719,178
100,0,blank,0,541.96496,25.33366,54719,54897,178
100,0,blank,0,284.63302,140.05042,54931,55108,177
100,0,blank,0,353.34622,147.62904,55108,55281,173
100,0,blank,0,345.62095,157.0348,55281,55351,70
100,10,%,68,170.64456,219.42364,55386,55561,175
100,0,blank,0,179.418166666667,203.091,55561,55665,104
100,0,blank,0,-350,-105,55699,55759,60
100,10,;,70,194.35272,208.78172,55995,56174,179
100,0,blank,0,161.59868,218.76502,56174,56362,188
100,0,blank,0,158.4368,213.7839,56362,56560,198
100,10,i,69,186.41736,211.67442,56560,56744,184
100,10,;,70,200.87772,210.44954,56744,56922,178
100,0,blank,0,205.80186,210.92648,56922,57099,177
100,0,blank,0,221.86504,209.81236,57099,57274,175
100,0,blank,0,235.76354,210.91598,57274,57447,173
100,0,blank,0,231.43602,221.1648,57447,57624,177
100,0,blank,0,215.2739,189.58426,57624,57800,176
100,8,<=,54,192.4647,167.73182,57800,57977,177
100,0,blank,0,211.4756,171.36288,57977,58151,174
100,0,blank,0,245.98822,181.52078,58151,58328,177
100,8,n,56,225.15762,175.3367,58328,58503,175
100,8,),63,274.5204,168.97114,58503,58679,176
100,8,),63,274.47656,168.97548,58679,58854,175
100,0,blank,0,233.01542,148.24708,58854,59029,175
100,0,blank,0,212.55916,142.3974,59029,59205,176
100,0,blank,0,217.28808,145.41788,59205,59382,177
100,0,blank,0,227.3678,131.1335,59382,59562,180
100,0,blank,0,227.25886,145.74948,59562,59739,177
100,0,blank,0,227.89768,153.0381,59739,59919,180
100,0,blank,0,233.59408,197.41956,59919,60096,177
100,0,blank,0,228.10736,206.3317,60096,60271,175
100,0,blank,0,265.04462,185.82108,60271,60445,174
100,8,),63,282.64438,165.13704,60445,60624,179
100,0,blank,0,253.82982,165.9207,60624,60797,173
100,0,blank,0,257.72662,165.88828,60797,60971,174
100,8,;,60,290.0978,160.51542,60971,61147,176
100,8,),63,282.4518,162.98092,61147,61320,173
100,0,blank,0,252.4575,151.80856,61320,61495,175
100,0,blank,0,210.9,136.47308,61495,61668,173
100,7,;,46,196.41792,139.07966,61668,61840,172
100,0,blank,0,225.22658,148.30244,61840,62013,173
100,0,blank,0,239.65344,136.97826,62013,62187,174
100,6,0,35,211.35994,130.28264,62187,62359,172
100,0,blank,0,227.77962,137.43358,62359,62531,172
100,0,blank,0,241.20882,144.98896,62531,62703,172
100,8,1,58,268.3131,161.4648,62703,62877,174
100,8,),63,278.53396,157.49786,62877,63051,174
100,8,1,58,273.7494,164.5211,63051,63227,176
100,0,blank,0,-350,-105,63296,63384,88
100,0,blank,0,174.952,194.2408,63417,63474,57
100,0,blank,0,216.2416,196.48806,63571,63738,167
100,0,blank,0,227.6254,201.92408,63738,63910,172
100,0,blank,0,229.08666,206.0072,63910,64080,170
100,0,blank,0,233.81126,206.683,64080,64250,170
100,7,),45,186.77988,155.13072,64250,64420,170
100,7,n,44,178.7527,155.30114,64420,64590,170
100,7,&,43,171.23765,147.14745,64590,64730,140
100,0,blank,0,175.37195,158.5719,64730,64914,184
100,8,(,55,220.2535,168.377,64914,65038,124
100,0,blank,0,222.928425,182.38465,65038,65231,193
100,0,blank,0,224.62496,210.12902,65231,65401,170
100,0,blank,0,225.32348,216.68878,65401,65573,172
100,0,blank,0,238.40166,199.54292,65573,65746,173
100,0,blank,0,310.31032,189.3299,65746,65918,172
100,0,blank,0,229.20572,211.61072,65918,66091,173
100,0,blank,0,227.04294,194.0841,66091,66263,172
100,0,blank,0,229.83244,203.56968,66263,66436,173
100,0,blank,0,217.33982,216.85496,66436,66607,171
100,0,blank,0,185.4871,231.57548,66607,66779,172
100,11,),76,164.94426,235.4217,66779,66952,173
100,0,blank,0,186.11906,223.49746,66952,67126,174
100,11,==,74,132.08166,243.6749,67126,67300,174
100,11,==,74,125.38784,241.17354,67300,67470,170
100,11,rem,73,110.27412,232.6337,67470,67644,174
100,0,blank,0,175.64334,234.68232,67644,67817,173
100,0,blank,0,185.15168,231.21344,67817,67987,170
100,0,blank,0,204.468333333333,242.520866666667,67987,68090,103
100,0,blank,0,-350,-105,68125,68159,34
100,11,0,75,162.577,241.7482,68348,68521,173
100,0,blank,0,185.83528,226.88194,68521,68694,173
100,0,blank,0,217.16264,202.86612,68694,68868,174
100,0,blank,0,237.56528,200.76678,68868,69039,171
100,0,blank,0,238.7396,203.69448,69039,69210,171
100,0,blank,0,235.02834,211.2605,69210,69380,170
100,0,blank,0,212.49426,206.23038,69380,69552,172
100,0,blank,0,206.50032,196.4263,69552,69724,172
100,0,blank,0,212.162,202.3722,69724,69896,172
100,10,i,69,192.42406,208.74674,69896,70069,173
100,10,i,69,191.33612,206.22238,70069,70242,173
100,0,blank,0,232.6809,213.7986,70242,70416,174
100,0,blank,0,216.80864,217.27384,70416,70592,176
100,0,blank,0,216.27078,209.13828,70592,70768,176
100,0,blank,0,213.32154,211.16794,70768,70941,173
100,0,blank,0,211.66672,206.93244,70941,71115,174
100,0,blank,0,214.56702,210.8619,71115,71288,173
100,0,blank,0,215.57455,224.9755,71288,71357,69
100,0,blank,0,726.723,166.353066666667,71462,71569,107
100,0,blank,0,950.2334,-21.04068,71641,71826,185
100,0,blank,0,1042.6458,-60.05618,71826,72006,180
100,0,blank,0,1051.7285,-51.13375,72006,72077,71
100,0,blank,0,1017.75575,-76.523175,72224,72377,153
100,0,blank,0,61.0061,288.37324,72486,72668,182
100,0,blank,0,79.18072,246.45684,72668,72844,176
100,11,==,74,124.84494,229.76892,72844,73015,171
100,0,blank,0,128.845425,221.817525,73015,73155,140
100,0,blank,0,640.91528,27.06126,73223,73395,172
100,0,blank,0,597.57642,30.62236,73395,73564,169
100,0,blank,0,577.597175,11.688675,73564,73700,136
100,0,blank,0,488.0286,29.38955,73735,73875,140
100,0,blank,0,-350,-105,73910,73971,61
100,0,blank,0,119.48608,224.09778,74196,74370,174
100,10,=,66,133.311,211.72748,74370,74549,179
100,10,=,66,133.889825,208.8975,74549,74692,143
100,0,blank,0,-350,-105,74727,74813,86
100,10,%,68,162.19276,202.9189,74985,75153,168
100,10,n,67,144.72046,213.08556,75153,75325,172
100,0,blank,0,142.51428,204.93498,75325,75498,173
100,0,blank,0,138.72956,208.32028,75498,75669,171
100,10,n,67,144.05272,217.15584,75669,75840,171
100,11,0,75,156.4653,226.8207,75840,75874,34
100,0,blank,0,328.99846,388.25816,75909,76082,173
100,17,"EnteredNumberiscorrect",94,364.10854,368.4378,76082,76255,173
100,0,blank,0,118.8037,196.49206,76289,76464,175
100,10,n,67,143.92694,209.71308,76464,76636,172
100,0,blank,0,148.50642,224.03146,76636,76808,172
100,10,n,67,150.72722,212.5347,76808,76981,173
100,10,=,66,126.64808,216.79618,76981,77155,174
100,0,blank,0,122.7041,202.8734,77155,77294,139
100,0,blank,0,-350,-105,77328,77363,35
100,11,==,74,124.90276,232.61284,77559,77736,177
100,0,blank,0,120.68642,230.29842,77736,77918,182
100,0,blank,0,118.94012,222.23112,77918,78093,175
100,0,blank,0,116.2999,241.02876,78093,78270,177
100,0,blank,0,101.76912,272.0135,78270,78447,177
100,0,blank,0,100.66604,290.9155,78447,78626,179
100,0,blank,0,111.13552,306.80728,78626,78804,178
100,0,blank,0,104.73084,310.00494,78804,78984,180
100,0,blank,0,136.05096,301.71178,78984,79165,181
100,0,blank,0,142.70604,314.8125,79165,79341,176
100,0,blank,0,162.07052,299.83438,79341,79516,175
100,0,blank,0,119.9013,266.4135,79516,79622,106
100,7,scanf,39,66.5269,138.60922,79659,79839,180
100,7,..,42,149.8325,140.9762,79839,80018,179
100,7,&,43,166.810775,145.820075,80018,80161,143
100,0,blank,0,151.3763,317.3742,80198,80378,180
100,0,blank,0,159.54058,307.01496,80378,80557,179
100,0,blank,0,145.58342,265.34226,80557,80737,180
100,0,blank,0,100.14768,185.90266,80737,80918,181
100,0,blank,0,158.04286,165.80382,80918,81096,178
100,0,blank,0,161.8537,159.838925,81096,81242,146
100,0,blank,0,173.53624,324.26198,81278,81458,180
100,0,blank,0,164.039933333333,329.755233333333,81458,81567,109
100,0,blank,0,63.2473,300.1963,81604,81786,182
100,0,blank,0,63.3011,304.4234,81786,81858,72
100,0,blank,0,271.97378,347.48964,81894,82071,177
100,0,blank,0,359.826275,382.002025,82071,82214,143
100,17,printf,92,83.11996,360.65924,82248,82424,176
100,0,blank,0,71.35958,370.59892,82424,82605,181
100,0,blank,0,57.53934,376.984,82605,82785,180
100,0,blank,0,35.02454,361.34428,82785,82966,181
100,0,blank,0,37.52512,368.93562,82966,83147,181
100,0,blank,0,30.02188,351.5712,83147,83327,180
100,0,blank,0,29.51092,307.40792,83327,83507,180
100,0,blank,0,39.85718,281.72452,83507,83690,183
100,0,blank,0,20.17232,343.48966,83690,83870,180
100,0,blank,0,40.41514,365.3125,83870,84051,181
100,0,blank,0,71.07432,371.41088,84051,84232,181
100,0,blank,0,58.0559,377.96412,84232,84407,175
100,17,printf,92,90.99466,367.1931,84407,84583,176
100,0,blank,0,117.38956,385.12114,84583,84759,176
100,0,blank,0,198.1552,383.4941,84759,84934,175
100,17,"EnteredNumberiscorrect",94,224.949966666667,365.841233333333,84934,85037,103
100,17,"EnteredNumberiscorrect",94,341.38405,369.74265,85071,85166,95
100,0,blank,0,357.1744,385.3204,85166,85293,127
100,0,blank,0,257.0114,384.054825,85417,85607,190
100,17,"EnteredNumberiscorrect",94,226.2705,374.35668,85607,85778,171
100,0,blank,0,171.26818,378.91886,85778,85951,173
100,0,blank,0,133.42664,381.26746,85951,86128,177
100,17,printf,92,83.7916,366.66858,86128,86310,182
100,0,blank,0,56.99458,375.32194,86310,86490,180
100,0,blank,0,88.6267,377.73388,86490,86667,177
100,14,},84,87.8046,295.66884,86667,86849,182
100,0,blank,0,93.10188,271.20062,86849,87028,179
100,0,blank,0,127.68032,294.56738,87028,87207,179
100,0,blank,0,95.32616,337.33508,87207,87383,176
100,16,s,88,89.24704,351.45714,87383,87560,177
100,0,blank,0,147.17464,293.11328,87560,87739,179
100,0,blank,0,147.40924,296.68844,87739,87915,176
100,0,blank,0,146.70172,293.63842,87915,88089,174
100,0,blank,0,153.57044,294.24604,88089,88262,173
100,0,blank,0,144.03894,291.95548,88262,88437,175
100,0,blank,0,140.543,290.539,88437,88472,35
100,0,blank,0,-350,-105,88505,88568,63
100,0,blank,0,79.79922,366.54234,88750,88923,173
100,17,printf,92,87.7482,371.13704,88923,89104,181
100,0,blank,0,101.68314,297.2613,89104,89286,182
100,0,blank,0,131.51258,201.37498,89286,89465,179
100,7,..,42,151.89662,154.3852,89465,89645,180
100,8,<=,54,184.8581,160.84884,89645,89820,175
100,8,<=,54,202.43274,159.6937,89820,89998,178
100,8,1,58,142.8033,166.12524,89998,90174,176
100,0,blank,0,130.71634,161.3621,90174,90354,180
100,7,(,40,101.60254,150.38458,90354,90534,180
100,0,blank,0,153.38342,127.7788,90534,90711,177
100,6,..,36,147.40288,124.93622,90711,90890,179
100,0,blank,0,112.402166666667,121.8975,90890,90999,109
100,0,blank,0,162.00456,383.87824,91068,91245,177
100,0,blank,0,227.11906,394.95452,91245,91419,174
100,0,blank,0,267.37626,389.98344,91419,91591,172
100,20,return,103,78.047,440.12452,91625,91803,178
100,0,blank,0,77.43448,441.74102,91803,91979,176
100,0,blank,0,47.40094,461.9974,91979,92154,175
100,0,blank,0,75.13628,449.79356,92154,92338,184
100,0,blank,0,76.55812,442.9586,92338,92525,187
100,0,blank,0,153.00058,423.41828,92525,92709,184
100,0,blank,0,172.0762,441.9619,92709,92745,36
100,0,blank,0,278.56768,430.78956,92780,92958,178
100,19,"EnteredNumberisnotaperfect",100,346.60766,415.40866,92958,93129,171
100,19,"EnteredNumberisnotaperfect",100,349.90012,413.72106,93129,93297,168
100,0,blank,0,290.013433333333,432.890966666667,93297,93400,103
100,0,blank,0,76.51982,482.22666,93435,93614,179
100,0,blank,0,66.25004,475.16834,93614,93798,184
100,0,blank,0,47.50538,470.93896,93798,93976,178
100,0,blank,0,57.75586,469.7869,93976,94154,178
100,0,blank,0,83.09088,475.06528,94154,94332,178
100,0,blank,0,78.67925,478.57245,94332,94405,73
100,0,blank,0,329.26874,421.20534,94440,94615,175
100,0,blank,0,292.1571,445.59945,94615,94682,67
100,20,return,103,76.5423,424.06786,94716,94899,183
100,0,blank,0,33.72786,427.69312,94899,95078,179
100,20,return,103,43.6966,430.8093,95078,95262,184
100,20,return,103,91.61736,427.46924,95262,95447,185
100,0,blank,0,221.33084,420.35706,95447,95635,188
100,0,blank,0,290.7377,427.76032,95635,95813,178
100,19,"EnteredNumberisnotaperfect",100,349.04652,399.25526,95813,95990,177
100,0,blank,0,286.1492,383.43845,95990,96128,138
100,0,blank,0,102.84292,193.12612,96163,96342,179
100,10,rem,65,100.1142,205.1923,96342,96379,37
100,0,blank,0,213.6701,165.15412,96415,96588,173
100,0,blank,0,214.222233333333,171.373166666667,96588,96695,107
100,0,blank,0,213.05712,182.75652,96857,97042,185
100,8,<=,54,191.23228,158.86884,97042,97220,178
100,0,blank,0,229.13078,141.82338,97220,97392,172
100,6,..,36,214.8962,130.97298,97392,97564,172
100,0,blank,0,207.82058,133.26592,97564,97736,172
100,6,0,35,213.20092,126.71106,97736,97908,172
100,6,0,35,205.57734,124.32978,97908,98080,172
100,0,blank,0,191.14974,134.21636,98080,98254,174
100,0,blank,0,143.78086,154.26978,98254,98429,175
100,7,n,44,180.02256,151.0734,98429,98607,178
100,8,),63,335.64522,172.29032,98642,98822,180
100,0,blank,0,359.48288,174.11448,98822,98995,173
100,0,blank,0,368.684033333333,161.986566666667,98995,99100,105
100,0,blank,0,-350,-105,99136,99172,36
100,0,blank,0,348.3731,163.18002,99391,99564,173
100,8,++,62,315.02266,171.43896,99564,99742,178
100,8,-,57,252.63282,172.11686,99742,99917,175
100,8,n,56,229.63626,169.9211,99917,100093,176
100,0,blank,0,212.29198,169.742,100093,100268,175
100,8,<=,54,204.52896,176.38412,100268,100443,175
100,0,blank,0,179.55986,167.6079,100443,100618,175
100,0,blank,0,217.41856,178.2257,100618,100791,173
100,0,blank,0,292.1987,169.6707,100791,100967,176
100,8,),63,275.11802,167.89166,100967,101141,174
100,8,),63,275.2924,169.0432,101141,101317,176
100,8,(,55,220.44978,166.78724,101317,101491,174
100,8,<=,54,195.30074,161.09852,101491,101667,176
100,0,blank,0,192.9047,156.621,101667,101703,36
100,0,blank,0,354.69668,163.4752,101738,101916,178
100,0,blank,0,177.14998,164.52164,101951,102128,177
100,0,blank,0,211.03964,153.35498,102128,102306,178
100,0,blank,0,209.54398,146.93212,102306,102479,173
100,0,blank,0,207.33018,152.0318,102479,102652,173
100,8,(,55,222.32838,172.60404,102652,102825,173
100,0,blank,0,253.3668,172.83844,102825,102999,174
100,8,;,60,284.398,171.00586,102999,103175,176
100,8,;,60,286.06182,174.62682,103175,103353,178
100,8,;,60,291.74794,169.68144,103353,103531,178
100,0,blank,0,260.67602,156.43334,103531,103704,173
100,0,blank,0,262.38698,153.29216,103704,103878,174
100,8,;,60,291.99462,174.34754,103878,104053,175
100,8,;,60,287.44318,162.06866,104053,104227,174
100,0,blank,0,292.15162,169.17844,104227,104403,176
100,0,blank,0,292.15266,174.25672,104403,104579,176
100,8,-,57,251.88474,169.8402,104579,104755,176
100,0,blank,0,262.15854,175.28592,104755,104930,175
100,0,blank,0,279.4055,178.06316,104930,105104,174
100,0,blank,0,273.00834,178.94802,105104,105280,176
100,0,blank,0,293.78302,173.37026,105280,105454,174
100,0,blank,0,300.98825,163.2634,105454,105555,101
100,8,),63,277.5794,174.3453,105555,105676,121
100,8,1,58,267.5402,164.6775,105676,105806,130
100,8,1,58,272.013866666667,162.186533333333,105806,105961,155
100,8,(,55,220.5507,176.2354,106130,106306,176
100,8,n,56,225.54626,168.70844,106306,106481,175
100,8,-,57,244.21894,177.29306,106481,106655,174
100,0,blank,0,241.58452,168.48196,106655,106827,172
100,0,blank,0,243.12434,176.4087,106827,107000,173
100,8,),63,280.59786,169.38434,107000,107173,173
100,8,;,60,291.87046,160.46488,107173,107348,175
100,8,),63,282.35624,173.37172,107348,107522,174
100,8,(,55,218.61508,161.22308,107522,107696,174
100,8,<=,54,184.92302,170.6838,107696,107868,172
100,7,),45,187.57924,151.44998,107868,108042,174
100,0,blank,0,230.80176,144.59482,108042,108217,175
100,6,;,38,247.79272,131.44646,108217,108391,174
100,0,blank,0,209.2654,138.80282,108391,108564,173
100,7,&,43,166.96636,147.72116,108564,108738,174
100,7,&,43,164.16068,136.20982,108738,108911,173
100,7,&,43,165.71168,137.5822,108911,109085,174
100,7,"%d",41,136.50196,135.09748,109085,109260,175
100,6,rem,31,131.47578,127.56436,109260,109434,174
100,6,s,33,173.7892,130.68265,109434,109504,70
100,0,blank,0,449.147,108.9795,109539,109574,35
100,0,blank,0,668.86502,33.73352,109610,109785,175
100,0,blank,0,558.48526,24.5878,109785,109958,173
100,1,Number,13,585.662,20.15058,109958,110130,172
100,0,blank,0,646.944166666667,24.2934333333333,110130,110232,102
100,0,blank,0,525.85562,-0.831680000000003,110267,110441,174
100,0,blank,0,477.56632,-0.369740000000004,110441,110615,174
100,0,blank,0,476.46042,1.13662,110615,110788,173
100,1,given,9,356.04516,5.45306,110788,110960,172
100,0,blank,0,410.74192,-3.67676,110960,111132,172
100,0,blank,0,393.907866666667,-15.9105333333333,111132,111236,104
100,0,blank,0,112.99818,170.67726,111271,111446,175
100,0,blank,0,94.97492,149.3807,111446,111618,172
100,7,"%d",41,124.0967,155.14264,111618,111793,175
100,0,blank,0,139.22472,156.83076,111793,111966,173
100,8,=,50,115.5974,165.98126,111966,112138,172
100,8,i,61,99.74582,175.7099,112138,112312,174
100,0,blank,0,105.04582,173.09754,112312,112488,176
100,0,blank,0,154.10364,170.67526,112488,112663,175
100,8,;,60,146.06732,165.01326,112663,112838,175
100,8,;,60,146.77252,173.28838,112838,113018,180
100,7,"%d",41,107.6914,145.99146,113018,113198,180
100,6,..,36,147.3833,115.7904,113198,113378,180
100,6,..,36,149.2048,129.45522,113378,113560,182
100,8,1,58,142.94532,173.32676,113560,113742,182
100,8,;,60,145.66858,170.41002,113742,113927,185
100,8,1,58,142.80246,158.94226,113927,114111,184
100,8,=,50,115.32336,175.7371,114111,114291,180
100,8,=,50,121.51388,164.59436,114291,114471,180
100,8,=,50,119.97134,164.41932,114471,114654,183
100,8,=,50,117.13568,171.43862,114654,114834,180
100,8,=,50,121.26382,166.42868,114834,115011,177
100,8,=,50,120.39876,169.54686,115011,115190,179
100,8,=,50,117.7149,167.6611,115190,115366,176
100,8,=,50,123.31162,171.19866,115366,115547,181
100,0,blank,0,111.20262,172.8775,115547,115727,180
100,0,blank,0,128.74096,175.60852,115727,115906,179
100,0,blank,0,175.69468,165.68278,115906,116083,177
100,0,blank,0,158.97995,158.80555,116083,116225,142
100,8,-,57,246.60508,160.44166,116323,116505,182
100,0,blank,0,294.34288,168.64982,116505,116681,176
100,0,blank,0,293.10206,167.25666,116681,116854,173
100,8,i,61,306.19806,162.73996,116854,117027,173
100,8,),63,335.74934,165.8395,117027,117198,171
100,8,i,61,304.40362,168.75054,117198,117370,172
100,0,blank,0,218.34408,195.4219,117370,117546,176
100,10,;,70,194.0106,219.67584,117546,117720,174
100,0,blank,0,223.78898,202.38518,117720,117893,173
100,0,blank,0,245.76758,206.00828,117893,118068,175
100,8,++,62,332.46996,167.29934,118068,118240,172
100,8,++,62,325.18886,164.7803,118240,118414,174
100,8,++,62,328.778075,171.0163,118414,118553,139
100,0,blank,0,217.08226,231.39628,118587,118763,176
100,0,blank,0,229.32516,237.80756,118763,118940,177
100,0,blank,0,232.33266,224.4497,118940,119114,174
100,0,blank,0,227.682,222.5215,119114,119287,173
100,0,blank,0,234.40198,273.56088,119287,119462,175
100,0,blank,0,216.11692,240.7477,119462,119637,175
100,0,blank,0,217.324,219.19714,119637,119815,178
100,10,i,69,188.52928,212.04206,119815,119991,176
100,0,blank,0,157.76572,218.51858,119991,120166,175
100,10,;,70,201.5857,218.13482,120166,120339,173
100,0,blank,0,247.4093,192.77516,120339,120514,175
100,0,blank,0,279.37328,179.388,120514,120688,174
100,8,),63,336.7748,170.48764,120688,120863,175
100,0,blank,0,270.79124,185.6239,120863,121036,173
100,10,;,70,200.2114,202.47085,121036,121108,72
100,0,blank,0,-350,-105,121143,121336,193
100,0,blank,0,216.75168,181.50634,121394,121572,178
100,8,(,55,217.9252,174.63486,121572,121747,175
100,8,-,57,244.05596,176.44536,121747,121922,175
100,0,blank,0,239.09434,177.79242,121922,122096,174
100,0,blank,0,252.50428,178.0384,122096,122269,173
100,8,1,58,273.6186,172.20228,122269,122442,173
100,8,n,56,229.80454,161.06936,122442,122615,173
100,0,blank,0,218.77098,145.3194,122615,122789,174
100,7,),45,188.7429,146.07772,122789,122965,176
100,7,..,42,149.77452,138.60364,122965,123140,175
100,7,&,43,165.1676,142.94215,123140,123211,71
100,0,blank,0,294.18704,167.34388,123247,123422,175
100,0,blank,0,292.88515,193.6058,123422,123561,139
100,0,blank,0,-350,-105,123595,123654,59
100,0,blank,0,352.8598,142.2047,123701,123796,95
100,0,blank,0,356.91976,164.16484,123871,124045,174
100,0,blank,0,350.51336,170.93232,124045,124221,176
100,0,blank,0,183.24462,227.72224,124256,124430,174
100,0,blank,0,217.94214,202.90488,124430,124603,173
100,0,blank,0,303.51568,172.14392,124603,124775,172
100,0,blank,0,350.68816,166.21926,124775,124948,173
100,0,blank,0,363.2064,172.26884,124948,125122,174
100,0,blank,0,364.72558,175.5355,125122,125296,174
100,0,blank,0,359.99494,180.13778,125296,125471,175
100,0,blank,0,359.048625,175.814775,125471,125612,141
100,0,blank,0,-350,-105,125647,125682,35
100,0,blank,0,340.4886,117.7951,125708,125756,48
100,0,blank,0,344.928,169.02605,125836,125936,100
100,0,blank,0,332.3494,180.4482,125936,126058,122
100,0,blank,0,285.5116,181.5663,126058,126189,131
100,0,blank,0,324.073775,180.052625,126189,126381,192
100,8,),63,337.77566,173.4676,126381,126558,177
100,8,),63,342.32736,170.9984,126558,126733,175
100,0,blank,0,308.44604,179.74372,126733,126908,175
100,0,blank,0,206.4213,172.1989,126908,127086,178
100,0,blank,0,211.99146,176.65132,127086,127263,177
100,0,blank,0,211.4951,166.05264,127263,127437,174
100,0,blank,0,302.48244,170.98498,127558,127757,199
100,0,blank,0,359.98096,170.97108,127757,127935,178
100,0,blank,0,359.4764,187.378,127935,127968,33
100,0,blank,0,177.7927,209.69704,128003,128180,177
100,0,blank,0,176.32538,216.90884,128180,128354,174
100,0,blank,0,156.57306,213.78924,128354,128525,171
100,0,blank,0,176.6841,214.54998,128525,128696,171
100,10,;,70,197.23232,204.7103,128696,128870,174
100,10,n,67,152.96148,217.74146,128870,129045,175
100,10,i,69,192.68742,215.95074,129045,129220,175
100,0,blank,0,208.9276,212.58438,129220,129395,175
100,0,blank,0,217.50516,217.66054,129395,129567,172
100,0,blank,0,226.81686,216.67186,129567,129738,171
100,0,blank,0,229.84428,214.5373,129738,129912,174
100,0,blank,0,231.711,217.7593,129912,130086,174
100,0,blank,0,233.02652,203.85312,130086,130259,173
100,0,blank,0,242.32448,213.0702,130259,130433,174
100,0,blank,0,239.30116,215.17458,130433,130605,172
100,0,blank,0,226.34176,216.4561,130605,130779,174
100,0,blank,0,211.99144,206.92298,130779,130951,172
100,0,blank,0,205.18158,204.51418,130951,131126,175
100,10,i,69,192.7323,215.24084,131126,131300,174
100,10,;,70,194.32628,202.04512,131300,131473,173
100,8,<=,54,200.18622,175.6797,131473,131646,173
100,8,<=,54,196.73168,158.76424,131646,131819,173
100,8,n,56,227.16886,161.30716,131819,131993,174
100,0,blank,0,240.22172,147.99014,131993,132167,174
100,8,(,55,217.79048,159.01328,132167,132341,174
100,8,n,56,225.30652,165.01592,132341,132514,173
100,8,(,55,220.12386,172.97506,132514,132687,173
100,0,blank,0,206.92464,222.49932,132687,132862,175
100,0,blank,0,222.51044,214.04276,132862,133035,173
100,0,blank,0,226.71986,222.48834,133035,133206,171
100,0,blank,0,241.8092,218.03698,133206,133378,172
100,8,<=,54,201.29666,167.1774,133378,133550,172
100,7,;,46,197.2463,155.34818,133550,133721,171
100,8,<=,54,198.0308,164.56094,133721,133891,170
100,0,blank,0,229.347666666667,179.2306,133891,133994,103
100,0,blank,0,-350,-105,134028,134087,59
100,0,blank,0,235.81622,218.89578,134299,134469,170
100,0,blank,0,217.20968,220.47902,134469,134640,171
100,0,blank,0,197.826,246.18022,134640,134811,171
100,0,blank,0,212.29726,267.73854,134811,134981,170
100,0,blank,0,190.29108,237.1717,134981,135152,171
100,0,blank,0,190.161,229.71874,135152,135325,173
100,0,blank,0,181.1688,224.74178,135325,135497,172
100,0,blank,0,208.11848,220.95004,135497,135669,172
100,10,i,69,185.6767,204.2574,135669,135840,171
100,10,n,67,153.73074,217.63704,135840,136013,173
100,0,blank,0,156.69996,210.85922,136013,136185,172
100,11,0,75,156.27436,228.91158,136185,136359,174
100,0,blank,0,139.4539,222.14072,136359,136532,173
100,0,blank,0,121.68602,225.32844,136532,136705,173
100,0,blank,0,160.42068,206.41638,136705,136880,175
100,10,n,67,153.2259,218.59124,136880,137052,172
100,11,rem,73,99.811875,229.780625,137052,137192,140
100,0,blank,0,-350,-105,137227,137293,66
100,11,0,75,154.44074,227.21868,137502,137672,170
100,0,blank,0,193.4601,240.2134,137672,137846,174
100,0,blank,0,180.03098,241.29372,137846,138020,174
100,0,blank,0,197.79038,228.94794,138020,138194,174
100,0,blank,0,186.70736,228.53546,138194,138366,172
100,10,n,67,143.11712,220.63634,138366,138538,172
100,10,n,67,151.28724,218.95364,138538,138711,173
100,0,blank,0,152.42422,230.07026,138711,138884,173
100,0,blank,0,150.240066666667,227.2388,138884,138987,103
100,0,blank,0,-350,-105,139021,139166,145
100,0,blank,0,206.51292,242.35758,139191,139357,166
100,0,blank,0,201.9714,226.25402,139357,139533,176
100,0,blank,0,206.01638,235.15308,139533,139708,175
100,13,;,83,215.77258,273.31382,139708,139877,169
100,0,blank,0,224.51784,268.7181,139877,140045,168
100,0,blank,0,251.6282,275.10826,140045,140213,168
100,0,blank,0,230.20876,279.91698,140213,140383,170
100,13,;,83,214.98296,276.96504,140383,140555,172
100,8,n,56,231.5563,173.50766,140555,140726,171
100,0,blank,0,230.07808,137.63156,140726,140897,171
100,8,(,55,219.9753,167.0413,140897,140932,35
100,0,blank,0,253.19434,257.20068,140966,141138,172
100,0,blank,0,267.61734,201.46934,141138,141309,171
100,8,1,58,273.93274,162.45852,141309,141482,173
100,8,),63,278.71076,168.10266,141482,141655,173
100,0,blank,0,255.20952,287.29504,141688,141862,174
100,0,blank,0,252.1983,288.7898,141862,142001,139
100,0,blank,0,403.1244,396.27352,142036,142211,175
100,17,"EnteredNumberiscorrect",94,345.1741,359.2646,142211,142245,34
100,0,blank,0,200.1514,347.15378,142280,142454,174
100,0,blank,0,167.82844,343.67366,142454,142628,174
100,0,blank,0,168.46122,336.3202,142628,142801,173
100,0,blank,0,186.9385,337.04235,142801,142872,71
100,0,blank,0,-350,-105,142941,142967,26
100,0,blank,0,77.35446,360.87814,143092,143265,173
100,0,blank,0,74.81204,368.2322,143265,143445,180
100,18,else,97,77.7332,378.79744,143445,143627,182
100,18,else,97,66.42392,378.00716,143627,143804,177
100,18,else,97,53.92954,378.0014,143804,143983,179
100,0,blank,0,72.85295,400.0225,143983,144056,73
100,0,blank,0,207.37732,427.44828,144093,144269,176
100,0,blank,0,209.868,431.9609,144269,144304,35
100,19,"EnteredNumberisnotaperfect",100,395.66434,402.80602,144339,144516,177
100,0,blank,0,-350,-105,144550,144667,117
100,0,blank,0,194.6914,76.9057,144808,144833,25
100,7,"%d",41,118.34754,146.40742,144874,145059,185
100,7,"%d",41,131.2854,155.9338,145059,145096,37
100,0,blank,0,336.30696,436.351,145165,145339,174
100,19,"EnteredNumberisnotaperfect",100,340.2941,403.3298,145339,145373,34
100,0,blank,0,238.83654,446.48486,145408,145581,173
100,19,"EnteredNumberisnotaperfect",100,322.63092,418.69072,145581,145757,176
100,19,"EnteredNumberisnotaperfect",100,348.27574,408.29998,145757,145929,172
100,19,"EnteredNumberisnotaperfect",100,300.799225,400.20375,145929,146068,139
100,0,blank,0,-350,-105,146102,146163,61
100,6,rem,31,118.81666,128.64488,146662,146831,169
100,6,int,28,71.32148,123.70144,146831,147005,174
100,6,n,29,88.46152,126.64456,147005,147179,174
100,7,"%d",41,117.7554,152.0895,147179,147359,180
100,8,i,61,96.68422,171.50428,147359,147533,174
100,8,(,55,89.25448,158.36048,147533,147712,179
100,0,blank,0,107.85458,130.74982,147712,147885,173
100,6,rem,31,119.98508,128.91774,147885,148060,175
100,0,blank,0,110.67106,130.85806,148060,148234,174
100,0,blank,0,106.95698,132.53638,148234,148412,178
100,7,"%d",41,112.53588,137.528,148412,148591,179
100,7,(,40,98.45154,143.9099,148591,148771,180
100,7,(,40,97.75308,147.01442,148771,148953,182
100,7,"%d",41,110.07058,136.64884,148953,149133,180
100,7,(,40,101.9805,139.3068,149133,149314,181
100,7,"%d",41,111.65444,140.59018,149314,149495,181
100,0,blank,0,156.60048,140.7628,149495,149673,178
100,0,blank,0,154.14834,138.81064,149673,149849,176
100,0,blank,0,154.97078,122.17652,149849,150026,177
100,7,..,42,145.99778,142.57194,150026,150207,181
100,8,=,50,120.11388,161.08044,150207,150383,176
100,8,(,55,89.83645,176.6963,150383,150454,71
100,8,),63,279.30626,160.78552,150491,150667,176
100,0,blank,0,295.51658,170.1351,150667,150840,173
100,0,blank,0,294.23184,170.9962,150840,151015,175
100,0,blank,0,292.73554,163.86008,151015,151187,172
100,0,blank,0,209.7703,181.8191,151187,151363,176
100,0,blank,0,147.3976,179.0606,151363,151545,182
100,8,<=,54,193.82828,173.39294,151545,151726,181
100,8,<=,54,195.3798,165.10528,151726,151905,179
100,8,<=,54,189.67196,176.75024,151905,152086,181
100,8,i,61,169.04612,175.7821,152086,152268,182
100,8,i,61,164.07238,163.25392,152268,152449,181
100,0,blank,0,161.51084,176.5177,152449,152631,182
100,0,blank,0,157.03916,179.16316,152631,152810,179
100,8,<=,54,200.49532,172.70192,152810,152992,182
100,0,blank,0,149.20682,188.46554,152992,153175,183
100,0,blank,0,170.31478,187.99156,153175,153356,181
100,0,blank,0,164.81972,181.55646,153356,153538,182
100,0,blank,0,163.23564,166.15048,153538,153721,183
100,0,blank,0,154.4342,171.21982,153721,153903,182
100,0,blank,0,156.19986,180.51904,153903,154085,182
100,0,blank,0,162.9257,178.78316,154085,154268,183
100,8,i,61,170.63842,176.80738,154268,154448,180
100,0,blank,0,181.2828,161.09102,154448,154628,180
100,8,<=,54,195.37038,165.24142,154628,154807,179
100,0,blank,0,214.12242,182.0506,154807,154990,183
100,0,blank,0,194.84618,178.09822,154990,155174,184
100,0,blank,0,191.89238,187.3986,155174,155353,179
100,0,blank,0,183.96776,181.0854,155353,155529,176
100,0,blank,0,152.98032,182.1039,155529,155709,180
100,0,blank,0,155.3124,181.81012,155709,155889,180
100,0,blank,0,172.0985,178.16654,155889,156064,175
100,8,n,56,232.34054,174.2362,156064,156241,177
100,8,n,56,233.7068,161.8652,156241,156275,34
100,0,blank,0,679.9928,40.36748,156345,156523,178
100,0,blank,0,702.156666666667,5.81926666666666,156523,156628,105
100,0,blank,0,579.7995,24.9038,156662,156801,139
100,10,%,68,165.56592,209.60232,156836,157011,175
100,8,n,56,228.18714,164.15444,157011,157185,174
100,8,n,56,228.93398,163.24298,157185,157355,170
100,8,(,55,218.00516,163.79588,157355,157526,171
100,0,blank,0,278.68378,129.5246,157660,157843,183
100,0,blank,0,293.43432,142.48636,157843,158019,176
100,0,blank,0,298.32494,159.01314,158019,158194,175
100,0,blank,0,301.25962,159.61158,158194,158375,181
100,0,blank,0,298.28936,157.34346,158375,158552,177
100,0,blank,0,293.49308,165.86226,158552,158728,176
100,0,blank,0,362.59492,152.24276,158728,158901,173
100,0,blank,0,350.92134,149.7376,158901,159075,174
100,0,blank,0,180.2909,180.55386,159109,159284,175
100,0,blank,0,211.94936,201.97716,159284,159460,176
100,0,blank,0,214.3108,164.331,159460,159495,35
100,0,blank,0,-350,-105,159531,159639,108
100,0,blank,0,-350,-105,159917,160109,192
100,0,blank,0,-350,-105,160109,160302,193
100,0,blank,0,-350,-105,160302,160494,192
100,0,blank,0,-350,-105,160494,160609,115
100,0,blank,0,296.5055,149.2201,160644,160803,159
100,0,blank,0,80.194,185.6608,160839,161014,175
100,0,blank,0,76.2527,186.90102,161014,161192,178
100,10,;,70,196.4936,203.60832,161192,161372,180
100,0,blank,0,221.9751,214.0971,161372,161440,68
100,0,blank,0,570.8861,-103.86018,161514,161689,175
100,0,blank,0,582.33145,-103.8422,161689,161833,144
100,0,blank,0,185.05786,199.9075,161938,162129,191
100,0,blank,0,216.60358,147.11404,162129,162308,179
100,7,),45,190.29606,145.53884,162308,162486,178
100,7,),45,189.76954,153.15184,162486,162665,179
100,0,blank,0,205.4253,157.26564,162665,162843,178
100,8,<=,54,201.5978,166.51168,162843,163016,173
100,0,blank,0,204.056,138.90878,163016,163196,180
100,8,(,55,222.65988,174.86984,163196,163374,178
100,8,n,56,233.8334,177.8667,163374,163552,178
100,8,),63,274.91202,176.00778,163552,163728,176
100,0,blank,0,109.65666,200.39736,163763,163941,178
100,10,rem,65,111.83664,211.01974,163941,164122,181
100,0,blank,0,140.82658,204.55972,164122,164305,183
100,10,=,66,125.745,216.89544,164305,164489,184
100,10,=,66,124.39698,208.03478,164489,164673,184
100,10,n,67,144.00738,216.03914,164673,164853,180
100,0,blank,0,147.36842,194.54354,164853,165034,181
100,0,blank,0,141.79662,217.25862,165034,165218,184
100,10,=,66,128.32832,210.06926,165218,165403,185
100,10,rem,65,112.41178,214.94724,165403,165585,182
100,8,<=,54,188.92286,175.18314,165585,165768,183
100,0,blank,0,209.68118,166.28698,165768,165946,178
100,0,blank,0,161.41244,167.02348,165946,166123,177
100,8,1,58,143.35058,169.28606,166123,166301,178
100,8,<=,54,185.49298,166.67392,166301,166477,176
100,7,n,44,180.010175,155.416875,166477,166621,144
100,0,blank,0,203.3432,152.38375,166621,166804,183
100,6,0,35,209.4058,122.416,166804,166938,134
100,0,blank,0,218.44155,182.46915,166938,167065,127
100,0,blank,0,-350,-105,167100,167160,60
100,8,;,60,289.24994,168.18704,167338,167525,187
100,0,blank,0,285.0697,155.24342,167525,167703,178
100,8,1,58,266.69052,159.25544,167703,167876,173
100,6,i,37,237.49864,130.45556,167876,168048,172
100,0,blank,0,245.4352,142.15614,168048,168217,169
100,0,blank,0,295.80302,161.46038,168217,168387,170
100,0,blank,0,299.22012,168.91914,168387,168559,172
100,0,blank,0,269.42642,156.51092,168559,168731,172
100,0,blank,0,258.53124,157.44256,168731,168904,173
100,0,blank,0,262.9177,162.07448,168904,169076,172
100,8,1,58,268.66056,161.1627,169076,169250,174
100,8,;,60,291.5201,168.81384,169250,169423,173
100,8,;,60,287.51498,164.51922,169423,169600,177
100,0,blank,0,272.20026,155.33326,169600,169773,173
100,0,blank,0,275.7827,153.29435,169773,169841,68
100,0,blank,0,-350,-105,169875,169936,61
100,0,blank,0,199.74976,185.40896,170129,170305,176
100,0,blank,0,199.59186,199.33316,170305,170482,177
100,0,blank,0,209.24346,185.11332,170482,170654,172
100,0,blank,0,208.98534,194.91892,170654,170827,173
100,0,blank,0,274.20552,153.90648,170827,170997,170
100,0,blank,0,273.1133,155.34588,170997,171172,175
100,0,blank,0,238.41236,155.43598,171172,171345,173
100,0,blank,0,224.75542,153.69352,171345,171517,172
100,0,blank,0,209.84602,181.76498,171517,171692,175
100,0,blank,0,200.12164,182.73768,171692,171866,174
100,0,blank,0,216.30062,206.78208,171866,172039,173
100,0,blank,0,228.0161,194.90898,172039,172212,173
100,8,),63,281.62904,163.18278,172212,172390,178
100,0,blank,0,273.33576,120.06024,172390,172572,182
100,0,blank,0,168.2255,85.8662,172607,172644,37
100,0,blank,0,225.66746,145.28718,172682,172864,182
100,0,blank,0,260.83768,125.20192,172864,173031,167
100,0,blank,0,304.81416,129.68292,173031,173201,170
100,0,blank,0,279.42354,93.97626,173201,173376,175
100,0,blank,0,281.33056,143.39736,173376,173554,178
100,0,blank,0,303.8817,153.14884,173554,173725,171
100,0,blank,0,341.26422,146.16946,173725,173898,173
100,0,blank,0,334.3472,130.91934,173898,174073,175
100,0,blank,0,286.2513,144.77432,174073,174249,176
100,0,blank,0,-350,-105,174283,174369,86
100,0,blank,0,274.5648,178.3351,174459,174518,59
100,0,blank,0,283.12896,156.27506,174590,174760,170
100,8,;,60,291.00022,157.79944,174760,174932,172
100,0,blank,0,275.04414,180.25356,174932,175114,182
100,0,blank,0,259.15848,169.37038,175114,175288,174
100,8,(,55,222.34312,170.98274,175288,175462,174
100,8,n,56,228.14424,161.86976,175462,175636,174
100,0,blank,0,248.840066666667,182.331333333333,175636,175741,105
100,0,blank,0,-350,-105,175812,175925,113
100,0,blank,0,245.9178,145.9654,175951,175986,35
100,8,1,58,266.07612,161.54092,176059,176229,170
100,8,),63,282.41866,162.59044,176229,176403,174
100,8,1,58,272.35314,166.5117,176403,176575,172
100,8,1,58,272.3682,170.76402,176575,176749,174
100,0,blank,0,296.18678,161.0797,176749,176921,172
100,0,blank,0,292.17814,168.97482,176921,177097,176
100,0,blank,0,253.12142,165.0704,177097,177273,176
100,8,(,55,215.4095,173.86978,177273,177445,172
100,8,(,55,219.6134,162.36836,177445,177616,171
100,8,n,56,227.53674,161.29658,177616,177793,177
100,8,n,56,225.1869,167.8131,177793,177829,36
100,8,1,58,273.02174,163.0995,177971,178137,166
100,0,blank,0,246.190233333333,183.071166666667,178137,178240,103
100,0,blank,0,95.08802,266.52956,178275,178453,178
100,11,rem,73,114.96452,232.1764,178453,178634,181
100,11,==,74,126.72052,223.98602,178634,178816,182
100,0,blank,0,154.84906,212.49246,178816,178996,180
100,10,n,67,147.0576,216.81902,178996,179176,180
100,0,blank,0,129.43274,221.70516,179176,179353,177
100,0,blank,0,-350,-105,179389,179423,34
100,0,blank,0,210.61306,209.6897,179560,179750,190
100,10,i,69,192.25302,210.28946,179750,179927,177
100,10,;,70,194.98038,210.44566,179927,180102,175
100,10,;,70,200.63274,212.40294,180102,180273,171
100,0,blank,0,223.87038,216.7401,180273,180443,170
100,0,blank,0,222.31288,207.04454,180443,180613,170
100,0,blank,0,226.4497,208.64378,180613,180784,171
100,0,blank,0,224.38878,190.26708,180784,180956,172
100,0,blank,0,229.3669,200.96836,180956,181129,173
100,0,blank,0,246.01976,203.5486,181129,181301,172
100,0,blank,0,223.971,202.77608,181301,181474,173
100,0,blank,0,216.66306,204.5942,181474,181647,173
100,0,blank,0,228.43614,203.07336,181647,181820,173
100,0,blank,0,242.07698,196.82126,181820,181994,174
100,0,blank,0,228.44448,216.90528,181994,182169,175
100,0,blank,0,201.5352,221.26416,182169,182342,173
100,11,0,75,157.92674,236.86894,182342,182517,175
100,11,==,74,139.20678,230.30336,182517,182692,175
100,0,blank,0,179.21998,248.64598,182692,182867,175
100,0,blank,0,239.9598,292.799675,182867,183005,138
100,17,"EnteredNumberiscorrect",94,378.86456,360.29478,183040,183212,172
100,0,blank,0,206.74368,260.03804,183247,183424,177
100,0,blank,0,224.61986,260.96566,183424,183597,173
100,0,blank,0,230.35642,249.0112,183597,183769,172
100,0,blank,0,195.01572,198.68844,183769,183944,175
100,10,n,67,149.4166,218.26652,183944,184118,174
100,0,blank,0,-350,-105,184153,184238,85
100,0,blank,0,179.774,203.0616,184323,184381,58
100,10,=,66,131.95918,216.67352,184461,184636,175
100,10,rem,65,99.1352,216.59372,184636,184815,179
100,10,rem,65,88.9312,218.2533,184815,184887,72
100,0,blank,0,182.9945,267.69848,184924,185098,174
100,11,rem,73,96.96744,237.1255,185098,185270,172
100,0,blank,0,150.78658,222.1218,185270,185442,172
100,0,blank,0,141.60362,211.36536,185442,185611,169
100,0,blank,0,126.38792,334.87148,185611,185787,176
100,0,blank,0,101.61264,349.6209,185787,185961,174
100,0,blank,0,91.7516,331.91498,185961,186134,173
100,0,blank,0,98.20982,302.5204,186134,186306,172
100,0,blank,0,112.24416,324.32358,186306,186479,173
100,16,==,89,112.31056,336.80638,186479,186650,171
100,0,blank,0,123.83348,273.13378,186650,186819,169
100,11,rem,73,109.01632,236.88216,186819,186996,177
100,10,rem,65,99.0629,219.001,186996,187178,182
100,0,blank,0,77.2543,196.8566,187178,187273,95
100,10,rem,65,91.57535,213.41355,187273,187431,158
100,0,blank,0,144.4093,249.43376,187431,187613,182
100,0,blank,0,161.67116,271.31416,187613,187790,177
100,0,blank,0,222.58818,258.34382,187790,187968,178
100,16,==,89,103.61472,350.85226,188003,188184,181
100,16,n,90,133.3312,352.38406,188184,188361,177
100,0,blank,0,136.2556,324.16754,188361,188533,172
100,0,blank,0,117.85074,230.36892,188533,188708,175
100,11,rem,73,108.4304,229.6906,188708,188881,173
100,10,%,68,167.0343,211.43924,188881,189056,175
100,10,i,69,190.4661,212.79996,189056,189234,178
100,0,blank,0,202.52716,209.24272,189234,189409,175
100,10,;,70,201.46218,206.71822,189409,189590,181
100,10,;,70,201.8775,207.05696,189590,189771,181
100,0,blank,0,211.20792,210.44804,189771,189948,177
100,0,blank,0,232.11084,213.09218,189948,190122,174
100,0,blank,0,217.36956,216.37692,190122,190299,177
100,0,blank,0,205.48098,211.19132,190299,190473,174
100,0,blank,0,215.61228,205.74428,190473,190650,177
100,0,blank,0,233.917,209.97534,190650,190826,176
100,0,blank,0,233.14438,207.12248,190826,190999,173
100,0,blank,0,229.2785,227.85326,190999,191172,173
100,0,blank,0,699.2058,121.31064,191277,191461,184
100,0,blank,0,690.244,129.5927,191461,191497,36
100,11,==,74,128.30614,233.7596,191600,191784,184
100,11,==,74,128.95618,225.02786,191784,191963,179
100,11,==,74,125.70556,233.69076,191963,192143,180
100,11,==,74,126.451333333333,233.741666666667,192143,192251,108
100,14,},84,84.67904,292.6495,192287,192471,184
100,12,{,77,91.80594,261.90874,192471,192652,181
100,0,blank,0,108.89255,251.2759,192652,192726,74
100,10,n,67,153.4859,209.4588,193012,193183,171
100,11,rem,73,101.9955,226.78858,193258,193444,186
100,0,blank,0,154.22066,296.28536,193444,193626,182
100,0,blank,0,152.74728,312.72626,193626,193800,174
100,0,blank,0,132.35714,314.64968,193800,193978,178
100,0,blank,0,108.68824,320.3154,193978,194152,174
100,0,blank,0,142.51832,306.33938,194152,194327,175
100,0,blank,0,154.4487,316.93976,194327,194505,178
100,0,blank,0,146.03186,308.04478,194505,194682,177
100,0,blank,0,184.392,299.67932,194682,194858,176
100,0,blank,0,193.7909,324.9931,194858,194894,36
100,0,blank,0,-350,-105,194930,195067,137
100,0,blank,0,140.60094,332.60608,195275,195453,178
100,0,blank,0,133.56828,323.66786,195453,195630,177
100,0,blank,0,131.88974,331.69972,195630,195808,178
100,0,blank,0,229.04418,341.88966,195844,196015,171
100,0,blank,0,307.03954,349.78764,196015,196188,173
100,0,blank,0,398.88576,346.05914,196188,196364,176
100,0,blank,0,432.397,348.11365,196364,196432,68
100,17,"EnteredNumberiscorrect",94,277.8113,355.95672,196467,196640,173
100,0,blank,0,357.88216,396.9984,196640,196811,171
100,19,"EnteredNumberisnotaperfect",100,354.47615,402.06495,196811,196881,70
100,0,blank,0,222.08052,211.84394,196917,197093,176
100,0,blank,0,263.7089,152.8794,197093,197269,176
100,8,1,58,264.91958,171.74854,197269,197445,176
100,0,blank,0,240.15848,173.14348,197445,197618,173
100,0,blank,0,203.02614,155.24702,197618,197791,173
100,0,blank,0,205.7279,181.7381,197791,197825,34
100,0,blank,0,336.44088,308.83246,197860,198042,182
100,0,blank,0,329.1125,229.4569,198042,198081,39
100,0,blank,0,326.15344,203.234,198157,198347,190
100,8,++,62,319.38134,157.6904,198347,198530,183
100,8,1,58,263.84296,161.07002,198530,198705,175
100,0,blank,0,217.41848,149.28076,198705,198881,176
100,0,blank,0,219.87324,153.6382,198881,199053,172
100,0,blank,0,239.574666666667,160.7287,199053,199158,105
100,0,blank,0,405.95304,396.12284,199193,199367,174
100,17,"EnteredNumberiscorrect",94,386.89005,356.96105,199367,199438,71
100,0,blank,0,483.6079,393.73662,199471,199653,182
100,8,(,55,215.69342,162.99346,199688,199866,178
100,8,-,57,252.05414,159.60676,199866,200041,175
100,0,blank,0,212.40092,146.6505,200041,200217,176
100,8,<=,54,197.34852,163.57298,200217,200392,175
100,0,blank,0,230.97418,132.96068,200392,200568,176
100,0,blank,0,233.329825,129.189725,200568,200708,140
100,0,blank,0,346.91332,155.1216,200744,200922,178
100,8,),63,339.4281,168.2268,200922,200993,71
100,7,;,46,200.57406,139.9861,201030,201208,178
100,0,blank,0,202.10986,145.04394,201208,201384,176
100,8,<=,54,204.97106,165.7269,201384,201561,177
100,0,blank,0,214.81104,169.15192,201561,201738,177
100,0,blank,0,346.27922,175.88056,201738,201915,177
100,0,blank,0,300.4325,156.42772,201915,202092,177
100,0,blank,0,272.82842,148.86366,202092,202268,176
100,0,blank,0,278.13274,141.22566,202268,202446,178
100,0,blank,0,246.57138,152.47896,202446,202621,175
100,8,n,56,232.67988,159.9102,202621,202796,175
100,8,-,57,249.30678,159.13166,202796,202969,173
100,0,blank,0,245.333233333333,155.7869,202969,203075,106
100,0,blank,0,-350,-105,203145,203203,58
100,0,blank,0,355.77576,161.45812,203416,203595,179
100,8,),63,342.0098,176.9977,203595,203630,35
100,0,blank,0,240.67908,323.43078,203665,203840,175
100,0,blank,0,367.881925,382.596125,203875,204015,140
100,17,"EnteredNumberiscorrect",94,258.47996,368.63934,204049,204221,172
100,0,blank,0,523.8762,104.4192,204255,204431,176
100,1,Number,13,586.08542,16.44624,204465,204647,182
100,1,Number,13,413.774,15.66896,204682,204855,173
100,0,blank,0,387.6253,5.99506,204855,205029,174
100,1,given,9,382.0861,13.08115,205029,205099,70
100,1,Number,13,626.67332,23.50706,205134,205310,176
100,0,blank,0,611.9954,24.11886,205310,205488,178
100,0,blank,0,549.04285,26.702225,205488,205629,141
100,0,blank,0,658.2172,-1.19454,205664,205841,177
100,0,blank,0,657.19748,-0.860679999999999,205841,206016,175
100,0,blank,0,658.2538,-5.88862,206016,206192,176
100,1,Number,13,585.48926,11.34504,206192,206366,174
100,1,Perfect,12,554.82346,17.52974,206366,206541,175
100,0,blank,0,601.42,26.89314,206541,206718,177
100,1,Number,13,629.196733333333,22.1223,206718,206824,106
100,0,blank,0,508.60206,28.52716,206858,207033,175
100,0,blank,0,434.8469,35.9217,207033,207208,175
100,0,blank,0,343.24208,36.91542,207208,207383,175
100,0,blank,0,329.1378,15.1938,207383,207441,58
100,0,blank,0,446.2053,60.3394,207563,207685,122
100,0,blank,0,375.037,72.8549,207685,207782,97
100,0,blank,0,105.694,391.77856,207823,207998,175
100,0,blank,0,81.9587,398.08528,207998,208169,171
100,0,blank,0,54.66876,367.07218,208169,208344,175
100,16,==,89,112.45934,338.05038,208344,208518,174
100,0,blank,0,142.69638,268.8577,208518,208691,173
100,0,blank,0,207.02484,161.6168,208691,208866,175
100,0,blank,0,253.79724,180.51104,208866,209043,177
100,8,(,55,219.74058,161.80822,209043,209219,176
100,0,blank,0,206.33982,167.55852,209219,209397,178
100,0,blank,0,206.6986,168.24914,209397,209569,172
100,8,1,58,272.81528,173.75722,209569,209742,173
100,0,blank,0,244.599,190.709866666667,209742,209845,103
100,0,blank,0,-350,-105,209949,209983,34
100,0,blank,0,361.6426,178.0163,210010,210052,42
100,0,blank,0,355.46845,169.8102,210155,210350,195
100,8,),63,279.05694,170.52286,210350,210523,173
100,0,blank,0,266.21332,182.37118,210523,210695,172
100,0,blank,0,220.20948,179.74196,210695,210865,170
100,8,(,55,222.16128,176.39418,210865,211038,173
100,0,blank,0,239.13944,167.843,211038,211211,173
100,8,-,57,245.805,172.6135,211211,211280,69
100,0,blank,0,241.95114,158.95608,211499,211691,192
100,0,blank,0,236.78484,162.09522,211691,211867,176
100,0,blank,0,238.5123,156.29,211867,212035,168
100,0,blank,0,242.85742,157.50224,212035,212203,168
100,0,blank,0,242.1626,146.998,212203,212371,168
100,0,blank,0,231.67298,147.28414,212371,212540,169
100,0,blank,0,233.63488,147.577,212540,212709,169
100,0,blank,0,283.91586,156.33152,212709,212882,173
100,8,;,60,289.06786,158.5748,212882,213053,171
100,0,blank,0,291.09464,149.29956,213053,213224,171
100,0,blank,0,302.35892,158.02254,213224,213396,172
100,0,blank,0,292.94742,157.30428,213396,213566,170
100,0,blank,0,296.341333333333,156.005266666667,213566,213669,103
100,0,blank,0,209.4899,354.07976,213703,213872,169
100,0,blank,0,208.7129,341.67095,213872,213938,66
100,0,blank,0,335.5409,386.67132,213972,214140,168
100,0,blank,0,153.08462,341.17926,214173,214343,170
100,0,blank,0,175.35714,290.79296,214343,214513,170
100,0,blank,0,198.90948,224.01852,214513,214685,172
100,10,;,70,200.9231,202.6946,214685,214720,35
100,0,blank,0,-350,-105,214789,214845,56
100,0,blank,0,216.045,209.9691,214901,214944,43
100,0,blank,0,212.76486,238.13722,215020,215197,177
100,0,blank,0,214.5471,189.6902,215197,215232,35
100,0,blank,0,231.44496,257.14754,215268,215443,175
100,0,blank,0,233.30802,278.45272,215443,215614,171
100,0,blank,0,217.83798,268.42086,215614,215789,175
100,13,i,82,207.93488,278.43054,215789,215963,174
100,0,blank,0,202.74582,255.3803,215963,216137,174
100,10,;,70,199.43294,218.90212,216137,216312,175
100,10,i,69,190.45632,208.4257,216312,216488,176
100,10,i,69,193.89696,208.07126,216488,216666,178
100,10,;,70,201.56558,212.31174,216666,216841,175
100,0,blank,0,223.92594,222.27928,216841,217015,174
100,0,blank,0,226.29548,205.22246,217015,217190,175
100,0,blank,0,221.588,197.0747,217190,217365,175
100,0,blank,0,214.91056,210.4348,217365,217539,174
100,0,blank,0,199.84076,201.96748,217539,217710,171
100,10,i,69,189.43148,205.18418,217710,217884,174
100,0,blank,0,202.33612,189.7497,217884,218058,174
100,8,<=,54,201.6639,175.49492,218058,218233,175
100,0,blank,0,185.63892,192.51726,218233,218407,174
100,10,n,67,150.27595,216.171975,218407,218547,140
100,0,blank,0,-350,-105,218582,218743,161
100,10,i,69,187.91412,204.90506,218897,219078,181
100,10,i,69,185.63028,205.27692,219078,219251,173
100,0,blank,0,190.8024,187.26632,219251,219423,172
100,0,blank,0,248.1852,180.4302,219423,219595,172
100,8,1,58,272.7935,164.59376,219595,219768,173
100,8,<=,54,202.61528,167.1393,219768,219944,176
100,0,blank,0,197.41546,189.48018,219944,220118,174
100,0,blank,0,200.65082,189.0893,220118,220292,174
100,0,blank,0,200.13208,198.98266,220292,220466,174
100,0,blank,0,213.35614,198.40058,220466,220641,175
100,0,blank,0,208.06582,206.79896,220641,220814,173
100,0,blank,0,213.84902,198.8811,220814,220987,173
100,0,blank,0,227.74354,210.43662,220987,221163,176
100,0,blank,0,220.28536,212.45002,221163,221337,174
100,0,blank,0,218.48808,212.48106,221337,221513,176
100,0,blank,0,200.17004,221.89796,221513,221689,176
100,0,blank,0,192.88178,249.26878,221689,221864,175
100,17,"EnteredNumberiscorrect",94,243.8838,359.17456,221864,222039,175
100,0,blank,0,193.06142,376.6642,222039,222215,176
100,0,blank,0,161.5005,344.53752,222215,222392,177
100,0,blank,0,146.98328,329.29368,222392,222570,178
100,16,),91,151.75932,347.06986,222570,222746,176
100,16,n,90,139.11294,343.49122,222746,222920,174
100,0,blank,0,131.61954,326.52802,222920,223094,174
100,0,blank,0,129.66516,328.7956,223094,223271,177
100,16,==,89,124.10756,335.77938,223271,223444,173
100,13,+,81,189.72788,280.62548,223444,223615,171
100,13,+,81,184.66748,274.9906,223615,223791,176
100,0,blank,0,186.2342,271.03228,223791,223963,172
100,0,blank,0,219.09208,268.30864,223963,224136,173
100,0,blank,0,210.86804,269.79978,224136,224307,171
100,0,blank,0,245.82966,276.74814,224307,224484,177
100,13,s,80,168.27484,285.41254,224484,224657,173
100,0,blank,0,149.94388,302.22796,224657,224839,182
100,0,blank,0,173.06302,312.55202,224839,225007,168
100,0,blank,0,154.72566,316.67866,225007,225182,175
100,0,blank,0,193.28432,288.04418,225182,225355,173
100,0,blank,0,200.66425,277.960825,225355,225499,144
100,0,blank,0,-350,-105,225572,225632,60
100,0,blank,0,225.06818,249.5977,225676,225844,168
100,0,blank,0,229.5749,247.14952,225844,226022,178
100,0,blank,0,229.19954,279.12358,226022,226202,180
100,0,blank,0,223.7827,281.37872,226202,226377,175
100,0,blank,0,208.71598,268.57822,226377,226556,179
100,13,=,79,150.07052,279.88106,226556,226731,175
100,0,blank,0,84.8346,282.99532,226731,226908,177
100,0,blank,0,35.91708,300.292,226908,227085,177
100,13,i,82,213.48624,272.78456,227121,227297,176
100,13,;,83,218.93686,276.75528,227297,227473,176
100,13,;,83,214.41728,278.73472,227473,227651,178
100,0,blank,0,224.578625,287.774875,227651,227794,143
100,0,blank,0,248.2719,282.0881,227794,227993,199
100,0,blank,0,160.7063,352.376775,228122,228311,189
100,13,;,83,221.38896,279.90462,228311,228490,179
100,0,blank,0,236.86406,270.6342,228490,228673,183
100,0,blank,0,232.95228,259.77292,228673,228860,187
100,0,blank,0,243.65034,251.47806,228860,229047,187
100,0,blank,0,237.99202,271.1745,229047,229226,179
100,0,blank,0,236.90824,284.95064,229226,229409,183
100,0,blank,0,230.23828,288.6587,229409,229592,183
100,13,;,83,214.67278,283.41414,229592,229769,177
100,0,blank,0,217.08498,293.87754,229769,229947,178
100,0,blank,0,216.05626,290.07134,229947,230135,188
100,13,i,82,210.04226,275.72284,230135,230325,190
100,0,blank,0,219.60146,230.72514,230325,230513,188
100,8,<=,54,197.93216,176.09986,230513,230701,188
100,0,blank,0,205.4057,171.05016,230701,230891,190
100,8,<=,54,204.89072,169.85744,230891,231078,187
100,0,blank,0,202.85292,185.05556,231078,231264,186
100,8,<=,54,204.21336,177.35186,231264,231448,184
100,0,blank,0,210.216,182.53204,231448,231630,182
100,0,blank,0,210.13204,181.53728,231630,231811,181
100,0,blank,0,211.08262,176.28092,231811,231994,183
100,0,blank,0,207.10638,175.5716,231994,232174,180
100,0,blank,0,207.408,173.055925,232174,232319,145
100,0,blank,0,566.71826,247.92998,232355,232542,187
100,0,blank,0,528.2464,250.24315,232542,232614,72
100,0,blank,0,209.05514,295.69092,232655,232833,178
100,0,blank,0,114.27946,385.49804,232833,233019,186
100,0,blank,0,181.13766,380.82162,233019,233203,184
100,0,blank,0,186.713,324.66486,233203,233383,180
100,0,blank,0,121.83284,246.81298,233383,233568,185
100,10,rem,65,101.15036,209.82454,233568,233747,179
100,8,=,50,114.44958,165.05024,233747,233927,180
100,8,i,61,96.7885,163.00636,233927,234104,177
100,0,blank,0,126.77442,164.66792,234104,234283,179
100,0,blank,0,152.82466,169.62064,234283,234461,178
100,0,blank,0,154.94484,171.35892,234461,234637,176
100,0,blank,0,126.205,182.50906,234637,234814,177
100,8,=,50,121.78968,174.0182,234814,234993,179
100,0,blank,0,140.21186,184.9597,234993,235171,178
100,7,..,42,148.05672,154.18302,235171,235348,177
100,7,"%d",41,119.37482,137.48922,235348,235525,177
100,7,"%d",41,109.93152,145.27582,235525,235703,178
100,0,blank,0,105.59458,177.40678,235703,235882,179
100,0,blank,0,145.28636,181.30376,235882,236061,179
100,8,1,58,141.59194,175.29222,236061,236239,178
100,8,1,58,142.9928,164.65805,236239,236382,143
100,0,blank,0,87.6394,380.4598,236417,236597,180
100,0,blank,0,129.89934,314.0481,236597,236778,181
100,0,blank,0,97.67544,303.38766,236778,236958,180
100,16,if,86,58.6408,352.49498,236958,237135,177
100,0,blank,0,61.664125,329.1963,237135,237276,141
100,0,blank,0,-350,-105,237311,237347,36
100,0,blank,0,82.7309,322.33906,237512,237690,178
100,0,blank,0,74.79506,314.59424,237690,237874,184
100,0,blank,0,64.79724,309.6839,237874,238060,186
100,0,blank,0,54.176,329.4194,238060,238238,178
100,0,blank,0,45.47214,308.2834,238238,238419,181
100,0,blank,0,42.20462,305.79396,238419,238601,182
100,0,blank,0,123.24804,320.64762,238601,238783,182
100,0,blank,0,165.7337,317.17886,238783,238962,179
100,0,blank,0,176.77822,320.84764,238962,239141,179
100,0,blank,0,158.7447,332.366,239141,239322,181
100,0,blank,0,111.54548,327.65514,239322,239500,178
100,0,blank,0,103.11008,331.5006,239500,239681,181
100,0,blank,0,100.11646,323.67544,239681,239860,179
100,16,==,89,120.96918,336.57342,239860,240039,179
100,0,blank,0,165.91894,316.72784,240039,240216,177
100,0,blank,0,161.03668,329.11664,240216,240397,181
100,0,blank,0,157.398166666667,309.434266666667,240397,240506,109
100,0,blank,0,191.96348,298.01844,240702,240880,178
100,0,blank,0,231.0675,269.64862,240880,241060,180
100,0,blank,0,230.98144,290.46978,241060,241237,177
100,0,blank,0,237.74642,280.30584,241237,241409,172
100,0,blank,0,237.4502,270.94386,241409,241584,175
100,0,blank,0,240.51548,270.58032,241584,241758,174
100,0,blank,0,232.72916,273.7905,241758,241931,173
100,0,blank,0,227.59578,285.8274,241931,242107,176
100,0,blank,0,219.127,263.8909,242107,242144,37
100,0,blank,0,-350,-105,242178,242214,36
100,0,blank,0,246.81418,279.99214,242385,242562,177
100,0,blank,0,242.39184,275.66414,242562,242740,178
100,0,blank,0,250.26134,280.8344,242740,242923,183
100,0,blank,0,250.9784,273.14484,242923,243102,179
100,0,blank,0,249.29298,273.48268,243102,243278,176
100,0,blank,0,248.66594,272.37262,243278,243457,179
100,0,blank,0,247.1445,279.6975,243457,243637,180
100,0,blank,0,245.6437,285.44954,243637,243817,180
100,0,blank,0,240.34304,285.0021,243817,243995,178
100,0,blank,0,228.44164,283.02238,243995,244179,184
100,13,;,83,215.17948,273.13926,244179,244362,183
100,13,;,83,214.75676,281.50446,244362,244543,181
100,13,i,82,210.97494,286.42026,244543,244721,178
100,13,i,82,207.40206,273.27204,244721,244899,178
100,13,i,82,211.65376,279.56964,244899,245076,177
100,0,blank,0,191.83658,287.13122,245076,245253,177
100,13,+,81,185.97962,274.44446,245253,245431,178
100,0,blank,0,226.3359,295.008525,245431,245573,142
100,0,blank,0,-350,-105,245610,245678,68
100,0,blank,0,225.37686,290.64302,245861,246039,178
100,0,blank,0,226.70102,292.31262,246039,246221,182
100,0,blank,0,225.96616,296.0322,246221,246400,179
100,0,blank,0,248.58164,286.98032,246400,246579,179
100,0,blank,0,253.20648,292.27808,246579,246758,179
100,0,blank,0,246.13162,282.07652,246758,246939,181
100,0,blank,0,193.96654,290.49562,246939,247118,179
100,13,+,81,192.23638,276.7349,247118,247299,181
100,13,+,81,193.24786,283.71376,247299,247478,179
100,0,blank,0,199.8367,289.05756,247478,247660,182
100,0,blank,0,226.61314,281.52272,247660,247837,177
100,0,blank,0,218.53876,289.8409,247837,248018,181
100,0,blank,0,198.31416,296.33384,248018,248213,195
100,13,i,82,212.8708,282.459,248213,248310,97
100,13,;,83,217.0595,279.5119,248310,248421,111
100,0,blank,0,207.51125,291.60655,248421,248599,178
100,0,blank,0,202.86406,299.0064,248599,248782,183
100,0,blank,0,207.64174,297.43954,248782,248961,179
100,0,blank,0,204.23056,301.85692,248961,249140,179
100,0,blank,0,208.69646,291.1329,249140,249321,181
100,17,printf,92,138.35644,370.9654,249357,249532,175
100,17,"EnteredNumberiscorrect",94,157.0108,363.69006,249532,249710,178
100,17,"EnteredNumberiscorrect",94,166.6494,356.92738,249710,249888,178
100,17,"EnteredNumberiscorrect",94,165.85852,367.05816,249888,250065,177
100,17,"EnteredNumberiscorrect",94,154.5232,357.04996,250065,250240,175
100,0,blank,0,224.98536,386.231,250240,250417,177
100,0,blank,0,243.35688,391.37892,250417,250594,177
100,0,blank,0,249.513,378.28945,250594,250665,71
100,19,printf,98,134.8921,410.38548,250701,250879,178
100,0,blank,0,163.7753,422.0969,250879,251055,176
100,6,..,36,151.8231,131.0708,251091,251270,179
100,6,..,36,149.2029,124.97456,251270,251453,183
100,0,blank,0,201.71914,129.33386,251453,251633,180
100,0,blank,0,202.16036,137.0214,251633,251814,181
100,6,..,36,217.36576,125.13016,251814,251994,180
100,6,;,38,246.3384,130.967,251994,252031,37
100,0,blank,0,214.06892,155.88512,252238,252416,178
100,0,blank,0,177.20128,161.6026,252416,252600,184
100,8,<=,54,193.58104,157.34142,252600,252777,177
100,0,blank,0,211.41854,163.1254,252777,252954,177
100,0,blank,0,208.5594,160.43272,252954,253131,177
100,0,blank,0,214.09866,154.30268,253131,253304,173
100,0,blank,0,214.07762,158.8188,253304,253477,173
100,0,blank,0,207.96976,158.888,253477,253651,174
100,0,blank,0,210.6673,154.55284,253651,253825,174
100,0,blank,0,193.22162,147.02484,253825,254000,175
100,8,(,55,218.81732,160.40706,254000,254173,173
100,8,(,55,217.60678,161.06926,254173,254348,175
100,0,blank,0,210.82652,161.02104,254348,254524,176
100,0,blank,0,211.63594,159.49264,254524,254699,175
100,0,blank,0,235.7361,163.76772,254699,254873,174
100,0,blank,0,292.58958,178.21498,254873,255049,176
100,0,blank,0,297.468,173.90508,255049,255225,176
100,0,blank,0,-350,-105,255259,255451,192
100,0,blank,0,281.52376,193.17428,255477,255649,172
100,0,blank,0,205.96052,184.60624,255649,255830,181
100,0,blank,0,212.14956,183.51014,255830,256007,177
100,0,blank,0,218.31022,180.05168,256007,256184,177
100,0,blank,0,256.06644,153.86368,256184,256360,176
100,0,blank,0,211.8555,157.38664,256360,256537,177
100,0,blank,0,211.83888,159.73502,256537,256714,177
100,0,blank,0,210.6916,164.8115,256714,256892,178
100,0,blank,0,213.56052,161.2263,256892,257069,177
100,0,blank,0,207.771,162.03518,257069,257248,179
100,8,<=,54,190.86938,165.78002,257248,257424,176
100,0,blank,0,161.09006,144.98262,257424,257600,176
100,8,1,58,137.94856,157.33582,257600,257775,175
100,8,1,58,136.29222,158.69792,257775,257953,178
100,0,blank,0,176.88502,156.35938,257953,258129,176
100,7,"%d",41,119.4794,150.21766,258129,258306,177
100,0,blank,0,205.8061,162.76318,258306,258486,180
100,0,blank,0,212.07246,157.75194,258486,258666,180
100,0,blank,0,203.97115,146.92635,258666,258739,73
100,0,blank,0,-350,-105,258773,258810,37
100,0,blank,0,207.79478,157.46764,259100,259281,181
100,0,blank,0,209.69908,172.54538,259281,259461,180
100,0,blank,0,212.03248,165.18898,259461,259636,175
100,0,blank,0,209.26462,160.28164,259636,259813,177
100,0,blank,0,208.62775,170.21945,259813,259884,71
100,0,blank,0,510.8415,117.12628,259920,260097,177
100,0,blank,0,234.64994,146.80822,260135,260314,179
100,0,blank,0,228.7973,150.47714,260314,260491,177
100,0,blank,0,211.02204,155.69978,260491,260669,178
100,0,blank,0,231.9462,133.9197,260669,260704,35
100,0,blank,0,-350,-105,260740,260799,59
100,0,blank,0,222.7563,188.6427,260856,260992,136
100,8,(,55,215.49368,176.7877,261084,261254,170
100,0,blank,0,213.35466,179.47558,261254,261429,175
100,8,(,55,215.34394,160.79962,261429,261604,175
100,8,(,55,218.64722,160.32402,261604,261781,177
100,0,blank,0,348.6864,200.0307,261815,261994,179
100,0,blank,0,343.914833333333,183.4264,261994,262099,105
100,8,i,61,165.40574,171.33032,262134,262313,179
100,0,blank,0,192.50604,183.18782,262313,262488,175
100,0,blank,0,209.76254,180.50938,262488,262664,176
100,8,<=,54,199.33334,173.08468,262664,262839,175
100,0,blank,0,152.35744,178.97308,262839,263015,176
100,0,blank,0,152.65402,171.0606,263015,263187,172
100,0,blank,0,180.37872,171.0206,263187,263362,175
100,0,blank,0,210.55932,179.80818,263362,263537,175
100,8,n,56,229.69076,177.70094,263537,263712,175
100,0,blank,0,229.36016,183.79954,263712,263888,176
100,8,n,56,227.8595,170.94174,263888,264063,175
100,8,n,56,233.35618,174.2343,264063,264238,175
100,0,blank,0,229.86466,178.41736,264238,264413,175
100,0,blank,0,281.55334,184.62984,264413,264589,176
100,0,blank,0,327.93424,182.55132,264589,264766,177
100,0,blank,0,346.25776,183.93088,264766,264941,175
100,0,blank,0,311.1645,185.677,264941,265119,178
100,0,blank,0,314.28098,188.45324,265119,265297,178
100,0,blank,0,191.80078,226.77926,265297,265473,176
100,0,blank,0,192.37588,226.22564,265473,265650,177
100,0,blank,0,232.72568,231.3818,265650,265825,175
100,0,blank,0,204.89182,310.61802,265825,266002,177
100,0,blank,0,288.4321,199.93994,266037,266214,177
100,0,blank,0,208.72604,160.52612,266214,266391,177
100,8,<=,54,198.44476,161.23632,266391,266570,179
100,0,blank,0,210.28016,161.78674,266570,266745,175
100,0,blank,0,213.95066,161.8842,266745,266925,180
100,0,blank,0,211.2583,167.30338,266925,267103,178
100,0,blank,0,213.93306,158.82004,267103,267279,176
100,0,blank,0,209.7878,159.75016,267279,267455,176
100,0,blank,0,213.07264,162.15256,267455,267630,175
100,0,blank,0,211.6034,162.78148,267630,267809,179
100,0,blank,0,212.760833333333,171.0306,267809,267916,107
100,8,++,62,315.79814,160.68432,267952,268131,179
100,8,1,58,266.0133,163.99486,268131,268309,178
100,8,1,58,268.92328,168.67096,268309,268489,180
100,0,blank,0,307.017333333333,190.017366666667,268489,268627,138
100,0,blank,0,264.5782,178.2375,268877,269006,129
100,8,(,55,219.2882,172.4354,269093,269266,173
100,8,<=,54,198.11488,176.75128,269266,269444,178
100,0,blank,0,238.81302,173.36062,269444,269621,177
100,0,blank,0,208.53088,168.34358,269621,269795,174
100,8,<=,54,194.73504,171.3165,269795,269969,174
100,8,<=,54,198.7324,172.46426,269969,270145,176
100,8,<=,54,191.26828,170.47796,270145,270319,174
100,8,i,61,169.38208,171.01152,270319,270496,177
100,8,n,56,224.94626,176.95244,270496,270673,177
100,0,blank,0,255.17654,172.04284,270673,270850,177
100,0,blank,0,239.38978,177.20324,270850,271026,176
100,0,blank,0,242.841,166.72668,271026,271201,175
100,0,blank,0,240.02858,184.60964,271201,271376,175
100,8,;,60,290.76034,177.77092,271376,271554,178
100,0,blank,0,294.59448,191.22646,271554,271729,175
100,0,blank,0,288.48086,182.96054,271729,271907,178
100,0,blank,0,262.88228,183.96258,271907,272083,176
100,8,1,58,265.50238,177.46854,272083,272261,178
100,0,blank,0,272.07638,178.55172,272261,272438,177
100,0,blank,0,294.79412,179.07732,272438,272614,176
100,0,blank,0,296.5077,187.52452,272614,272790,176
100,0,blank,0,238.61244,188.0091,272790,272969,179
100,0,blank,0,238.0755,185.60318,272969,273146,177
100,0,blank,0,252.2921,152.0886,273146,273182,36
100,0,blank,0,-350,-105,273220,273392,172
100,0,blank,0,212.28698,187.8459,273419,273586,167
100,0,blank,0,233.74136,187.6129,273586,273759,173
100,0,blank,0,229.612,186.38425,273759,273827,68
100,0,blank,0,356.7689,205.0455,273861,274033,172
100,0,blank,0,351.62984,201.27506,274033,274207,174
100,0,blank,0,338.84356,203.8111,274207,274383,176
100,0,blank,0,188.16524,245.8919,274418,274592,174
100,0,blank,0,220.72946,235.19612,274592,274768,176
100,0,blank,0,218.3579,241.45428,274768,274945,177
100,0,blank,0,204.339075,221.143925,274945,275088,143
100,0,blank,0,-350,-105,275125,275187,62
100,0,blank,0,188.1602,222.8922,275257,275379,122
100,0,blank,0,199.28166,224.62818,275461,275633,172
100,0,blank,0,255.38028,191.46936,275633,275809,176
100,0,blank,0,274.89424,190.41574,275809,275988,179
100,0,blank,0,224.27874,179.69126,275988,276171,183
100,0,blank,0,213.91836,148.81452,276171,276351,180
100,0,blank,0,227.92334,152.01784,276351,276527,176
100,0,blank,0,220.17682,213.01408,276527,276709,182
100,0,blank,0,203.68114,230.80446,276709,276893,184
100,0,blank,0,204.54296,217.57714,276893,277072,179
100,0,blank,0,222.70578,226.02458,277072,277255,183
100,0,blank,0,236.53592,211.26228,277255,277433,178
100,0,blank,0,241.81312,168.23956,277433,277613,180
100,8,n,56,225.70672,172.73996,277613,277792,179
100,0,blank,0,234.97804,174.50008,277792,277971,179
100,0,blank,0,368.6317,182.85502,277971,278151,180
100,0,blank,0,363.98022,171.49436,278151,278331,180
100,0,blank,0,364.65114,181.75268,278331,278511,180
100,0,blank,0,363.16368,177.06756,278511,278683,172
100,0,blank,0,369.61238,179.42704,278683,278861,178
100,0,blank,0,368.653825,187.425075,278861,279002,141
100,0,blank,0,-350,-105,279039,279099,60
100,0,blank,0,353.16924,177.77616,279367,279537,170
100,0,blank,0,359.2572,171.3091,279537,279572,35
100,0,blank,0,198.1509,229.98056,279608,279785,177
100,10,;,70,199.2669,214.0695,279785,279961,176
100,0,blank,0,189.43085,229.09285,279961,280032,71
100,0,blank,0,326.58264,202.30078,280068,280246,178
100,0,blank,0,349.95316,198.34816,280246,280422,176
100,0,blank,0,370.3686,181.5898,280422,280597,175
100,0,blank,0,374.8947,181.788866666667,280597,280704,107
100,0,blank,0,-350,-105,280740,280913,173
100,0,blank,0,327.08434,192.08318,280940,281119,179
100,0,blank,0,282.8655,196.4199,281119,281157,38
100,0,blank,0,185.15836,232.31326,281195,281382,187
100,0,blank,0,217.62822,234.18378,281382,281562,180
100,0,blank,0,219.61632,236.72286,281562,281745,183
100,0,blank,0,222.06562,235.73608,281745,281923,178
100,0,blank,0,185.76824,228.218,281923,282103,180
100,0,blank,0,221.88472,236.58022,282103,282286,183
100,0,blank,0,223.21552,232.06766,282286,282466,180
100,0,blank,0,223.2584,236.82794,282466,282645,179
100,0,blank,0,250.32816,196.26634,282645,282825,180
100,0,blank,0,254.27246,187.2519,282825,283006,181
100,0,blank,0,209.45996,186.87346,283006,283190,184
100,0,blank,0,197.65474,180.203,283190,283372,182
100,0,blank,0,212.97136,188.35758,283372,283552,180
100,0,blank,0,209.5434,183.80994,283552,283733,181
100,0,blank,0,220.5573,226.12796,283733,283913,180
100,0,blank,0,224.9732,229.44002,283913,284094,181
100,0,blank,0,217.20826,233.37692,284094,284277,183
100,0,blank,0,219.1331,228.49874,284277,284458,181
100,0,blank,0,215.21182,232.69954,284458,284639,181
100,0,blank,0,214.64014,222.29754,284639,284823,184
100,0,blank,0,195.21182,228.82278,284823,285006,183
100,0,blank,0,201.69348,225.7188,285006,285190,184
100,0,blank,0,219.48764,228.8223,285190,285374,184
100,0,blank,0,224.73702,240.53064,285374,285558,184
100,0,blank,0,232.88282,235.79634,285558,285743,185
100,0,blank,0,230.69664,236.48462,285743,285929,186
100,0,blank,0,212.20756,235.08416,285929,286111,182
100,0,blank,0,231.0499,240.38096,286111,286296,185
100,0,blank,0,250.167866666667,237.821633333333,286296,286405,109
100,0,blank,0,717.6902,161.54658,286479,286672,193
100,0,blank,0,707.398,162.53905,286672,286745,73
100,8,),63,342.174,173.06315,286781,286925,144
100,10,i,69,187.81166,216.1205,286962,287145,183
100,0,blank,0,123.46938,253.46022,287145,287331,186
100,11,==,74,143.8761,233.01546,287331,287518,187
100,11,==,74,142.4355,240.03262,287518,287700,182
100,0,blank,0,142.97826,222.1748,287700,287883,183
100,0,blank,0,182.03922,208.13014,287883,288067,184
100,0,blank,0,219.370675,213.838425,288067,288212,145
100,0,blank,0,578.77022,53.86118,288283,288458,175
100,1,Number,13,623.16424,19.80812,288458,288632,174
100,1,Number,13,622.77668,22.04696,288632,288807,175
100,0,blank,0,183.766,185.8418,288911,288992,81
100,10,=,66,128.1374,216.0418,288992,289117,125
100,0,blank,0,121.9116,214.761,289117,289218,101
100,0,blank,0,151.1975,224.6736,289218,289396,178
100,0,blank,0,138.47185,219.236825,289396,289567,171
100,0,blank,0,146.34714,229.91512,289567,289752,185
100,11,==,74,144.42972,225.60004,289752,289938,186
100,10,n,67,149.07544,211.00378,289938,290123,185
100,0,blank,0,247.782733333333,234.683166666667,290270,290444,174
100,0,blank,0,239.44448,224.41076,290444,290623,179
100,0,blank,0,215.90386,230.75844,290623,290798,175
100,0,blank,0,202.57404,220.52502,290798,290969,171
100,0,blank,0,194.82938,230.47952,290969,291142,173
100,0,blank,0,206.92922,229.62596,291142,291317,175
100,0,blank,0,218.3665,270.46542,291317,291491,174
100,0,blank,0,204.94796,250.9784,291491,291663,172
100,0,blank,0,190.57702,224.2492,291663,291837,174
100,10,i,69,191.1081,219.2691,291837,291873,36
100,0,blank,0,-350,-105,291942,292075,133
100,0,blank,0,-350,-105,292075,292165,90
100,0,blank,0,231.10546,221.18378,292196,292367,171
100,0,blank,0,233.14174,228.15776,292367,292541,174
100,0,blank,0,221.27328,205.10246,292541,292713,172
100,0,blank,0,210.45632,183.1038,292713,292886,173
100,0,blank,0,206.72246,182.2891,292886,293061,175
100,0,blank,0,209.10228,188.54638,293061,293234,173
100,0,blank,0,233.62142,184.58988,293234,293409,175
100,0,blank,0,307.05914,182.50142,293409,293583,174
100,0,blank,0,367.61956,187.93228,293583,293758,175
100,0,blank,0,197.68032,247.32498,293793,293972,179
100,0,blank,0,216.4421,236.10338,293972,294148,176
100,0,blank,0,217.6532,238.5438,294148,294321,173
100,0,blank,0,212.13328,235.44404,294321,294498,177
100,0,blank,0,221.09454,228.1356,294498,294672,174
100,0,blank,0,238.78652,231.05266,294672,294848,176
100,0,blank,0,240.8789,225.56056,294848,295026,178
100,0,blank,0,244.70845,227.1885,295026,295096,70
100,0,blank,0,-350,-105,295132,295203,71
100,0,blank,0,230.1264,237.3504,295258,295315,57
100,0,blank,0,237.86442,235.51364,295391,295570,179
100,0,blank,0,214.25494,228.83558,295570,295753,183
100,0,blank,0,194.16422,228.95016,295753,295929,176
100,0,blank,0,219.85212,235.95492,295929,296106,177
100,0,blank,0,219.55916,237.94752,296106,296285,179
100,0,blank,0,210.46332,238.9665,296285,296460,175
100,0,blank,0,173.3769,240.45704,296460,296634,174
100,13,i,82,204.34288,274.51336,296634,296815,181
100,0,blank,0,224.06236,290.2074,296815,296990,175
100,0,blank,0,202.83654,298.80992,296990,297169,179
100,0,blank,0,209.60472,301.86984,297169,297340,171
100,0,blank,0,232.80286,300.3058,297340,297514,174
100,0,blank,0,213.5624,300.46758,297514,297689,175
100,0,blank,0,209.64756,297.5294,297689,297867,178
100,0,blank,0,217.34974,299.21,297867,298040,173
100,0,blank,0,218.74758,298.11076,298040,298216,176
100,0,blank,0,219.22024,293.54006,298216,298390,174
100,0,blank,0,217.88658,302.78174,298390,298566,176
100,0,blank,0,202.25416,289.37768,298566,298742,176
100,0,blank,0,188.0977,293.60812,298742,298916,174
100,0,blank,0,246.00082,245.782,298916,299091,175
100,0,blank,0,239.15372,286.8727,299091,299268,177
100,0,blank,0,241.75544,294.21446,299268,299444,176
100,0,blank,0,244.92672,294.7865,299444,299619,175
100,0,blank,0,198.75652,226.1898,299619,299796,177
100,0,blank,0,209.1395,231.4279,299796,299972,176
100,0,blank,0,218.4623,229.80132,299972,300147,175
100,0,blank,0,220.61362,237.69686,300147,300322,175
100,11,0,75,155.37152,226.98196,300322,300497,175
100,11,0,75,161.432633333333,225.3877,300497,300602,105
100,0,blank,0,301.02868,176.48502,300637,300813,176
100,0,blank,0,268.31102,182.75258,300813,300990,177
100,0,blank,0,210.14572,177.13554,300990,301161,171
100,0,blank,0,190.56206,185.08794,301161,301336,175
100,0,blank,0,179.53944,186.57186,301336,301511,175
100,0,blank,0,174.4091,185.75768,301511,301685,174
100,0,blank,0,205.56274,185.6443,301685,301859,174
100,0,blank,0,245.62354,217.63706,301859,302031,172
100,0,blank,0,244.40678,299.65162,302031,302205,174
100,0,blank,0,254.15472,295.26872,302205,302377,172
100,0,blank,0,236.06502,295.32736,302377,302551,174
100,0,blank,0,233.23306,290.77692,302551,302723,172
100,0,blank,0,247.07148,290.90586,302723,302896,173
100,0,blank,0,205.05878,288.35078,302896,303069,173
100,0,blank,0,-350,-105,303104,303240,136
100,0,blank,0,229.8662,292.80448,303266,303435,169
100,0,blank,0,236.76254,296.12044,303435,303615,180
100,0,blank,0,312.05096,354.95118,303615,303789,174
100,0,blank,0,384.1232,348.6005,303789,303860,71
100,16,),91,148.82842,350.55932,303895,304071,176
100,17,"EnteredNumberiscorrect",94,168.22476,355.52114,304071,304247,176
100,0,blank,0,177.0355,346.5735,304247,304422,175
100,0,blank,0,130.31006,344.93,304422,304598,176
100,0,blank,0,125.38864,344.77592,304598,304779,181
100,0,blank,0,157.00796,347.96272,304779,304955,176
100,16,==,89,120.93884,347.52362,304955,305136,181
100,16,==,89,119.3699,353.58146,305136,305315,179
100,16,==,89,112.42424,348.51876,305315,305494,179
100,0,blank,0,162.49274,334.4797,305494,305669,175
100,0,blank,0,177.90064,333.00786,305669,305839,170
100,16,==,89,122.00346,350.86998,305839,306014,175
100,16,),91,149.35296,349.19138,306014,306188,174
100,0,blank,0,154.08196,339.3764,306188,306366,178
100,0,blank,0,155.07408,343.1441,306366,306539,173
100,0,blank,0,182.68042,344.1429,306539,306715,176
100,0,blank,0,188.90902,324.41444,306715,306887,172
100,0,blank,0,213.9798,239.65638,306887,307064,177
100,0,blank,0,249.48596,195.51342,307064,307240,176
100,0,blank,0,300.27058,187.34838,307240,307415,175
100,0,blank,0,304.182225,198.98255,307415,307555,140
100,17,"EnteredNumberiscorrect",94,235.17694,368.19608,307590,307764,174
100,17,"EnteredNumberiscorrect",94,344.15528,362.29144,307764,307936,172
100,17,"EnteredNumberiscorrect",94,415.23524,371.91258,307936,308111,175
100,0,blank,0,428.59958,392.64884,308111,308284,173
100,19,"EnteredNumberisnotaperfect",100,346.25462,410.65636,308284,308457,173
100,19,"EnteredNumberisnotaperfect",100,289.332575,402.067625,308457,308594,137
100,19,printf,98,128.99958,400.36382,308628,308799,171
100,0,blank,0,167.8677,342.06248,308799,308974,175
100,0,blank,0,180.1642,324.20225,308974,309044,70
100,0,blank,0,214.2054,191.3716,309245,309429,184
100,8,;,60,289.8533,174.9009,309429,309555,126
100,8,),63,276.1809,169.1381,309555,309687,132
100,0,blank,0,208.934125,170.457325,309687,309868,181
100,8,<=,54,201.79814,169.15942,309868,310043,175
100,0,blank,0,205.44806,171.62946,310043,310217,174
100,8,++,62,324.97716,177.1335,310254,310431,177
100,0,blank,0,271.30226,182.65308,310431,310610,179
100,8,n,56,224.3307,168.32064,310610,310789,179
100,8,<=,54,188.14172,169.54762,310789,310968,179
100,0,blank,0,157.60884,176.56572,310968,311150,182
100,8,i,61,165.323,170.1901,311150,311222,72
100,0,blank,0,304.37826,190.88986,311259,311439,180
100,0,blank,0,257.2832,173.78466,311439,311621,182
100,0,blank,0,239.14876,181.39808,311621,311802,181
100,0,blank,0,208.0119,186.2447,311802,311912,110
100,0,blank,0,-350,-105,311948,312008,60
100,0,blank,0,258.3361,133.783,312073,312180,107
100,0,blank,0,246.21092,141.49104,312268,312440,172
100,0,blank,0,295.0619,174.04614,312440,312621,181
100,8,;,60,291.04512,168.90318,312621,312801,180
100,0,blank,0,189.53364,178.7691,312801,312980,179
100,0,blank,0,213.03798,175.80904,312980,313157,177
100,0,blank,0,235.219975,179.713925,313157,313301,144
100,0,blank,0,-350,-105,313337,313397,60
100,8,<=,54,184.13472,167.79192,313679,313854,175
100,8,<=,54,203.66134,161.66366,313854,314033,179
100,0,blank,0,228.88952,151.78194,314033,314214,181
100,0,blank,0,232.53516,138.40384,314214,314394,180
100,6,0,35,205.8949,132.9331,314394,314577,183
100,0,blank,0,183.91515,74.8163,314577,314721,144
100,0,blank,0,303.02094,31.90098,314757,314939,182
100,0,blank,0,456.52566,17.21652,314973,315152,179
100,0,blank,0,643.87722,2.15116,315186,315376,190
100,1,Number,13,620.92558,14.50008,315376,315553,177
100,0,blank,0,545.17946,0.959100000000001,315553,315734,181
100,0,blank,0,463.89492,3.25634,315734,315913,179
100,1,is,11,480.57662,8.82042,315913,316092,179
100,0,blank,0,490.631866666667,-4.785,316092,316200,108
100,0,blank,0,636.50782,-13.09292,316235,316417,182
100,0,blank,0,666.348,-14.11428,316417,316599,182
100,0,blank,0,653.067,-27.2033,316599,316635,36
100,0,blank,0,493.51264,-7.37944,316671,316849,178
100,0,blank,0,463.26572,-18.47456,316849,317026,177
100,0,blank,0,464.8381,-18.24645,317026,317098,72
100,0,blank,0,88.19148,222.80326,317170,317355,185
100,0,blank,0,117.9541,220.6018,317355,317539,184
100,0,blank,0,143.44162,188.55112,317539,317727,188
100,8,;,60,148.37912,168.8068,317727,317908,181
100,8,;,60,146.31346,163.8913,317908,318089,181
100,7,&,43,170.99478,154.02552,318089,318273,184
100,0,blank,0,128.38418,163.30048,318273,318457,184
100,8,1,58,137.2553,173.5156,318457,318643,186
100,0,blank,0,-350,-105,318714,318778,64
100,8,(,55,215.2667,167.8082,318956,318986,30
100,0,blank,0,238.30075,172.2964,319065,319132,67
100,0,blank,0,376.54894,179.33878,319168,319353,185
100,0,blank,0,357.04382,180.3715,319353,319531,178
100,0,blank,0,236.00772,166.42128,319811,320004,193
100,0,blank,0,225.2434,153.9893,320004,320190,186
100,8,<=,54,192.67504,161.10824,320190,320372,182
100,8,(,55,218.37908,160.18968,320372,320552,180
100,8,(,55,219.9661,160.6364,320552,320729,177
100,8,<=,54,201.65044,157.74058,320729,320909,180
100,8,<=,54,202.42414,162.1261,320909,321087,178
100,0,blank,0,206.41782,164.89684,321087,321270,183
100,8,(,55,220.18006,159.59636,321270,321452,182
100,8,(,55,222.98606,171.27614,321452,321633,181
100,0,blank,0,175.53908,167.6617,321633,321811,178
100,0,blank,0,214.70024,184.3762,321811,321994,183
100,0,blank,0,212.85728,176.39374,321994,322176,182
100,0,blank,0,221.23865,179.5289,322176,322248,72
100,0,blank,0,344.72024,185.17762,322285,322465,180
100,0,blank,0,342.28406,185.5428,322465,322646,181
100,0,blank,0,230.82478,178.68706,322646,322828,182
100,0,blank,0,225.37308,188.05588,322828,323008,180
100,0,blank,0,253.3605,181.67764,323008,323188,180
100,0,blank,0,268.0412,188.10916,323188,323368,180
100,8,;,60,289.19034,177.51348,323368,323549,181
100,8,;,60,289.46002,176.64016,323549,323726,177
100,0,blank,0,294.62506,180.77446,323726,323905,179
100,8,1,58,271.55874,177.41032,323905,324087,182
100,0,blank,0,259.59614,175.78766,324087,324266,179
100,0,blank,0,258.681,179.36524,324266,324443,177
100,0,blank,0,257.00276,178.07492,324443,324622,179
100,0,blank,0,246.35035,198.65755,324622,324695,73
100,0,blank,0,-350,-105,324730,324855,125
100,0,blank,0,310.37824,182.55988,325067,325238,171
100,8,i,61,307.10598,176.79516,325238,325413,175
100,0,blank,0,353.89092,190.9951,325413,325591,178
100,0,blank,0,358.89864,187.45104,325591,325769,178
100,0,blank,0,356.375325,188.601975,325769,325910,141
100,0,blank,0,208.18614,199.79826,325946,326126,180
100,10,;,70,198.86134,215.38568,326126,326306,180
100,0,blank,0,182.21382,232.06304,326306,326486,180
100,0,blank,0,203.51812,223.93674,326486,326666,180
100,0,blank,0,208.47266,225.64024,326666,326847,181
100,11,),76,167.80112,228.4813,326847,327031,184
100,0,blank,0,154.34016,220.99244,327031,327212,181
100,11,),76,167.82088,230.05362,327212,327398,186
100,0,blank,0,207.03156,231.33394,327398,327584,186
100,0,blank,0,186.41198,225.71392,327584,327768,184
100,0,blank,0,186.09252,226.82778,327768,327953,185
100,0,blank,0,214.69294,239.08086,327953,328137,184
100,0,blank,0,173.32332,228.3672,328137,328322,185
100,0,blank,0,199.67746,228.40342,328322,328505,183
100,0,blank,0,198.32408,228.17896,328505,328690,185
100,0,blank,0,211.07906,229.33604,328690,328873,183
100,0,blank,0,219.76758,230.32898,328873,329061,188
100,0,blank,0,230.883733333333,223.919666666667,329061,329167,106
100,0,blank,0,-350,-105,329243,329375,132
100,0,blank,0,214.2426,204.3362,329406,329447,41
100,0,blank,0,216.60218,224.04408,329522,329692,170
100,0,blank,0,216.2448,241.5349,329692,329790,98
100,0,blank,0,325.8923,204.1162,329920,330058,138
100,0,blank,0,299.309625,192.25675,330058,330243,185
100,0,blank,0,273.94148,183.89416,330243,330417,174
100,0,blank,0,224.968,185.63726,330417,330593,176
100,0,blank,0,260.20382,183.02634,330593,330768,175
100,0,blank,0,277.43224,185.34194,330768,330944,176
100,0,blank,0,274.55714,186.86232,330944,331119,175
100,0,blank,0,324.43668,183.7059,331119,331296,177
100,0,blank,0,338.17862,182.82602,331296,331473,177
100,0,blank,0,292.0682,185.2459,331473,331650,177
100,0,blank,0,265.0917,200.52458,331650,331827,177
100,0,blank,0,184.2449,232.3062,331827,332001,174
100,0,blank,0,187.24648,227.68346,332001,332177,176
100,0,blank,0,190.79006,235.9937,332177,332357,180
100,0,blank,0,220.8679,231.55978,332357,332534,177
100,0,blank,0,216.11582,229.50432,332534,332708,174
100,0,blank,0,221.70946,231.80198,332708,332882,174
100,0,blank,0,196.07588,234.36108,332882,333056,174
100,0,blank,0,173.99612,237.84596,333056,333235,179
100,0,blank,0,190.94584,231.11242,333235,333410,175
100,0,blank,0,205.87924,223.60246,333410,333586,176
100,0,blank,0,228.8443,239.4078,333586,333763,177
100,0,blank,0,226.29442,233.2189,333763,333938,175
100,0,blank,0,234.71788,228.95078,333938,334113,175
100,0,blank,0,275.94672,216.03834,334113,334290,177
100,0,blank,0,338.32758,180.54354,334290,334466,176
100,0,blank,0,342.961466666667,192.8616,334466,334573,107
100,0,blank,0,188.72156,231.3408,334609,334787,178
100,0,blank,0,190.13554,231.81176,334787,334966,179
100,0,blank,0,222.248,225.7826,334966,335146,180
100,0,blank,0,224.64922,236.5667,335146,335326,180
100,0,blank,0,210.8007,235.04346,335326,335507,181
100,0,blank,0,217.42578,231.91538,335507,335687,180
100,0,blank,0,217.6269,239.18224,335687,335865,178
100,0,blank,0,223.28752,240.91066,335865,336042,177
100,0,blank,0,194.23764,228.39456,336042,336219,177
100,0,blank,0,192.00032,224.17142,336219,336398,179
100,0,blank,0,190.12118,222.472,336398,336576,178
100,0,blank,0,208.13248,233.1716,336576,336755,179
100,0,blank,0,209.24586,231.85754,336755,336932,177
100,10,;,70,201.07636,217.97262,336932,337108,176
100,0,blank,0,212.2501,188.3579,337108,337142,34
100,0,blank,0,336.00712,194.45532,337177,337353,176
100,0,blank,0,286.92884,194.22108,337353,337531,178
100,0,blank,0,260.37436,187.80442,337531,337707,176
100,0,blank,0,206.2147,226.30476,337707,337885,178
100,0,blank,0,189.67494,242.26118,337885,338064,179
100,0,blank,0,218.84308,234.23998,338064,338243,179
100,0,blank,0,244.83752,217.74524,338243,338421,178
100,0,blank,0,300.99056,199.13032,338421,338598,177
100,0,blank,0,312.44744,183.70336,338598,338775,177
100,8,++,62,316.15836,175.66256,338775,338956,181
100,0,blank,0,237.8312,149.07742,338956,339132,176
100,0,blank,0,217.80378,153.89642,339132,339308,176
100,0,blank,0,238.81794,142.29152,339308,339487,179
100,7,n,44,179.0862,153.98558,339487,339665,178
100,0,blank,0,213.27462,168.83234,339665,339842,177
100,0,blank,0,223.20538,196.71172,339842,340018,176
100,0,blank,0,213.1974,225.81164,340018,340196,178
100,0,blank,0,215.16248,227.20966,340196,340371,175
100,0,blank,0,227.5341,238.8486,340371,340551,180
100,0,blank,0,211.235,235.82134,340551,340728,177
100,0,blank,0,185.18394,240.93294,340728,340906,178
100,0,blank,0,156.3507,251.57608,340906,341080,174
100,0,blank,0,151.4246,255.72216,341080,341255,175
100,0,blank,0,191.67968,251.85184,341255,341426,171
100,0,blank,0,196.29496,254.17674,341426,341600,174
100,0,blank,0,204.88455,253.9637,341600,341669,69
100,0,blank,0,-350,-105,341705,341766,61
100,0,blank,0,208.59242,227.65234,341998,342172,174
100,0,blank,0,216.1122,230.91022,342172,342354,182
100,0,blank,0,211.68548,227.15538,342354,342533,179
100,10,;,70,201.2276,208.5678,342533,342568,35
100,0,blank,0,201.0219,108.51475,342603,342672,69
100,0,blank,0,212.764066666667,144.489366666667,342713,342819,106
100,0,blank,0,240.00325,182.499016666667,342853,343052,199
100,0,blank,0,220.49608,203.17248,343052,343222,170
100,0,blank,0,255.15542,155.77962,343222,343390,168
100,0,blank,0,281.82655,152.61465,343390,343457,67
100,0,blank,0,939.56975,388.759375,343561,343702,141
100,0,blank,0,194.79936,317.24306,343806,343983,177
100,0,blank,0,127.71668,269.0645,343983,344163,180
100,11,rem,73,111.70744,233.2539,344163,344351,188
100,0,blank,0,107.47624,258.70872,344351,344539,188
100,0,blank,0,128.88398,249.82978,344539,344720,181
100,0,blank,0,126.21115,252.7563,344720,344790,70
100,7,"%d",41,122.21638,143.07578,344939,345133,194
100,11,==,74,126.26814,236.52376,345133,345321,188
100,11,==,74,137.53472,236.9215,345321,345500,179
100,11,==,74,137.78152,223.64856,345500,345681,181
100,0,blank,0,120.000875,186.2998,345681,345823,142
100,0,blank,0,117.0531,231.18136,345862,346049,187
100,0,blank,0,120.01488,244.64388,346049,346241,192
100,11,==,74,129.1031,224.07778,346241,346420,179
100,11,==,74,134.25438,239.06244,346420,346595,175
100,0,blank,0,131.22538,248.41868,346595,346778,183
100,11,==,74,132.13358,229.96478,346778,346955,177
100,0,blank,0,142.46758,199.83442,346955,347128,173
100,11,==,74,130.00856,238.95786,347128,347303,175
100,0,blank,0,98.08006,247.53884,347303,347481,178
100,0,blank,0,96.92602,247.36796,347481,347656,175
100,0,blank,0,97.22072,254.15078,347656,347834,178
100,0,blank,0,136.62136,248.66214,347834,348017,183
100,11,==,74,131.16658,236.98464,348017,348203,186
100,0,blank,0,113.31426,255.73156,348203,348387,184
100,11,rem,73,114.55938,234.88762,348387,348569,182
100,0,blank,0,119.90678,241.00676,348569,348747,178
100,0,blank,0,120.8933,248.725,348747,348785,38
100,0,blank,0,250.335025,194.175825,348924,349090,166
100,0,blank,0,224.9296,200.89448,349090,349267,177
100,0,blank,0,210.65146,227.06688,349267,349442,175
100,0,blank,0,219.26706,229.67138,349442,349617,175
100,0,blank,0,239.15338,214.47688,349617,349799,182
100,0,blank,0,229.24206,213.5453,349799,349982,183
100,0,blank,0,214.614575,221.992025,349982,350131,149
100,0,blank,0,205.567,209.8269,350131,350222,91
100,0,blank,0,240.1517,226.5526,350222,350339,117
100,0,blank,0,233.14495,214.26655,350339,350523,184
100,0,blank,0,226.62222,228.12756,350523,350700,177
100,0,blank,0,233.07226,220.6454,350700,350871,171
100,0,blank,0,173.28496,195.94784,350871,351046,175
100,0,blank,0,174.54068,198.07526,351046,351216,170
100,10,;,70,196.89228,212.20182,351216,351387,171
100,0,blank,0,219.4448,220.00248,351387,351562,175
100,0,blank,0,235.81432,220.87712,351562,351739,177
100,0,blank,0,221.55396,222.02404,351739,351914,175
100,0,blank,0,233.49996,222.5696,351914,352087,173
100,0,blank,0,225.29634,219.09014,352087,352260,173
100,0,blank,0,264.8833,239.5399,352260,352295,35
100,0,blank,0,443.20858,345.68172,352329,352500,171
100,0,blank,0,438.8358,344.5064,352500,352534,34
100,0,blank,0,189.5424,197.75586,352601,352774,173
100,0,blank,0,208.94684,199.1736,352774,352945,171
100,0,blank,0,229.88508,216.38744,352945,353123,178
100,0,blank,0,233.82096,213.1521,353123,353298,175
100,0,blank,0,229.70814,213.91146,353298,353475,177
100,0,blank,0,237.80812,204.8909,353475,353654,179
100,0,blank,0,184.99406,227.62142,353654,353828,174
100,0,blank,0,202.58338,220.21688,353828,354001,173
100,0,blank,0,209.8982,221.66474,354001,354178,177
100,0,blank,0,209.9752,225.65338,354178,354355,177
100,0,blank,0,209.64834,230.95386,354355,354530,175
100,0,blank,0,209.61068,234.43092,354530,354704,174
100,0,blank,0,214.39756,220.58622,354704,354880,176
100,0,blank,0,213.14658,242.0408,354880,355056,176
100,0,blank,0,206.02878,211.988,355056,355235,179
100,0,blank,0,278.85956,191.51384,355235,355407,172
100,0,blank,0,338.01818,192.38526,355407,355584,177
100,0,blank,0,317.81016,185.57028,355584,355759,175
100,8,1,58,272.49035,168.603225,355759,355902,143
100,0,blank,0,566.87522,74.10008,355937,356109,172
100,0,blank,0,606.5055,50.0796,356109,356294,185
100,0,blank,0,535.9581,41.86326,356294,356462,168
100,0,blank,0,484.3815,33.11992,356462,356633,171
100,0,blank,0,390.28728,42.10224,356633,356803,170
100,0,blank,0,269.962875,30.999975,356803,356939,136
100,0,blank,0,98.84466,45.32464,356973,357149,176
100,2,include,17,48.37876,34.95632,357149,357324,175
100,2,include,17,41.62365,36.5322,357324,357394,70
100,2,h,21,165.81258,41.67478,357430,357607,177
100,0,blank,0,186.77594,36.54786,357607,357779,172
100,0,blank,0,266.48488,41.50794,357779,357956,177
100,0,blank,0,279.4767,40.19938,357956,358133,177
100,0,blank,0,364.215,41.04182,358133,358310,177
100,0,blank,0,410.64792,38.81854,358310,358480,170
100,0,blank,0,371.31046,24.50338,358480,358653,173
100,0,blank,0,347.772633333333,45.7474333333333,358653,358758,105
100,0,blank,0,474.8815,48.9803,358793,358969,176
100,0,blank,0,527.61668,37.97842,358969,359144,175
100,0,blank,0,573.73272,41.76748,359144,359318,174
100,0,blank,0,569.09168,34.49934,359318,359491,173
100,0,blank,0,587.35794,43.79118,359491,359664,173
100,0,blank,0,620.69632,40.56482,359664,359836,172
100,0,blank,0,640.48254,34.9293,359836,360008,172
100,0,blank,0,643.6277,30.0363,360008,360042,34
100,11,==,74,125.74046,237.58454,360143,360316,173
100,10,rem,65,99.83396,217.95206,360316,360491,175
100,10,rem,65,89.30366,220.88864,360491,360664,173
100,10,=,66,128.6514,208.23656,360664,360834,170
100,10,=,66,129.1416,206.86928,360834,361004,170
100,0,blank,0,119.72142,215.43032,361004,361175,171
100,0,blank,0,117.0024,221.78276,361175,361346,171
100,0,blank,0,116.66674,237.47612,361346,361522,176
100,0,blank,0,119.26486,223.15972,361522,361696,174
100,0,blank,0,175.53368,200.01562,361696,361869,173
100,0,blank,0,241.72972,193.47186,361869,362042,173
100,0,blank,0,245.83725,195.8968,362042,362111,69
100,0,blank,0,219.50374,153.9361,362276,362452,176
100,8,n,56,232.98126,163.81926,362452,362625,173
100,8,),63,277.7473,157.85636,362625,362799,174
100,8,1,58,272.6958,169.65162,362799,362969,170
100,10,;,70,199.28634,209.7155,362969,363141,172
100,0,blank,0,211.48602,222.35008,363141,363316,175
100,0,blank,0,223.45126,225.58014,363316,363497,181
100,0,blank,0,227.48866,224.0022,363497,363682,185
100,0,blank,0,218.24614,213.4981,363682,363863,181
100,0,blank,0,202.86202,183.84438,363863,364043,180
100,8,(,55,216.64134,170.70038,364043,364221,178
100,0,blank,0,204.5636,208.5855,364221,364394,173
100,0,blank,0,210.12102,214.5643,364394,364565,171
100,0,blank,0,224.00172,219.8278,364565,364738,173
100,0,blank,0,207.1639,230.00916,364738,364915,177
100,0,blank,0,149.80036,232.31186,364915,365088,173
100,11,==,74,144.7311,228.28342,365088,365258,170
100,11,==,74,127.25496,239.17364,365258,365429,171
100,0,blank,0,192.96108,232.50134,365429,365602,173
100,0,blank,0,192.20264,244.14248,365602,365777,175
100,10,%,68,171.95624,218.18456,365777,365953,176
100,0,blank,0,159.19768,196.77766,365953,366132,179
100,0,blank,0,203.11364,203.47644,366132,366315,183
100,0,blank,0,249.64392,198.72518,366315,366489,174
100,0,blank,0,283.7142,192.2794,366489,366523,34
100,0,blank,0,180.87436,220.9765,366558,366732,174
100,11,0,75,163.59066,223.48524,366732,366902,170
100,0,blank,0,147.3628,231.26998,366902,367076,174
100,11,rem,73,113.6526,226.22646,367076,367248,172
100,0,blank,0,177.79558,238.4042,367248,367423,175
100,0,blank,0,195.90942,223.12508,367423,367596,173
100,0,blank,0,192.64064,238.719,367596,367769,173
100,0,blank,0,221.39584,293.96126,367769,367942,173
100,0,blank,0,153.22902,329.0326,367942,368112,170
100,0,blank,0,160.933,330.15178,368112,368288,176
100,0,blank,0,161.4832,344.43084,368288,368466,178
100,0,blank,0,150.85908,320.44964,368466,368646,180
100,0,blank,0,140.20764,317.102,368646,368823,177
100,0,blank,0,179.76604,249.96926,368823,368999,176
100,0,blank,0,212.12406,270.46552,368999,369177,178
100,0,blank,0,224.53178,263.65724,369177,369348,171
100,0,blank,0,233.730833333333,258.326566666667,369348,369452,104
100,0,blank,0,-350,-105,369488,369547,59
100,0,blank,0,222.94952,266.67122,369775,369949,174
100,0,blank,0,161.3936,261.85924,369949,370123,174
100,0,blank,0,201.10722,271.29256,370123,370293,170
100,13,;,83,219.89614,272.52798,370293,370468,175
100,0,blank,0,224.612,271.4542,370468,370574,106
100,0,blank,0,224.9525,262.8889,370574,370703,129
100,0,blank,0,245.49405,271.66335,370703,370900,197
100,0,blank,0,252.3328,263.94028,370900,371077,177
100,0,blank,0,239.36106,257.37984,371077,371249,172
100,0,blank,0,213.78796,254.10406,371249,371422,173
100,0,blank,0,222.1644,276.0228,371422,371596,174
100,0,blank,0,235.59914,273.63546,371596,371771,175
100,0,blank,0,246.51268,263.19816,371771,371946,175
100,0,blank,0,227.8661,233.01436,371946,372123,177
100,0,blank,0,228.959,246.70464,372123,372302,179
100,0,blank,0,200.62728,235.21608,372302,372482,180
100,0,blank,0,-350,-105,372518,372634,116
100,0,blank,0,237.0087,280.0321,372710,372795,85
100,0,blank,0,235.0738,264.8951,372884,373052,168
100,0,blank,0,238.93688,265.3047,373052,373225,173
100,0,blank,0,237.99804,271.22708,373225,373396,171
100,0,blank,0,234.97838,274.66046,373396,373567,171
100,0,blank,0,244.73315,275.4612,373567,373635,68
100,16,n,90,137.07964,345.67086,373668,373843,175
100,0,blank,0,180.01012,328.20128,373843,374013,170
100,0,blank,0,193.09864,303.8765,374013,374182,169
100,0,blank,0,199.97226,260.51028,374182,374360,178
100,13,+,81,188.90086,284.58254,374360,374527,167
100,0,blank,0,204.0071,258.26794,374527,374705,178
100,13,i,82,204.633433333333,283.241666666667,374740,374853,113
100,17,"EnteredNumberiscorrect",94,282.02625,370.4472,374922,374992,70
100,13,;,83,220.3056,286.27624,375027,375206,179
100,0,blank,0,181.764233333333,287.049666666667,375206,375314,108
100,0,blank,0,159.71824,250.97056,375357,375540,183
100,0,blank,0,147.8747,225.7229,375540,375577,37
100,0,blank,0,202.15186,195.8268,375616,375805,189
100,0,blank,0,171.95634,198.0479,375805,375985,180
100,0,blank,0,164.39866,298.9154,375985,376162,177
100,0,blank,0,-350,-105,376198,376354,156
100,0,blank,0,200.65134,325.90724,376534,376704,170
100,0,blank,0,199.79648,323.31068,376704,376883,179
100,0,blank,0,184.99646,297.56346,376883,377061,178
100,0,blank,0,176.69014,310.7467,377061,377232,171
100,0,blank,0,183.28116,314.31152,377232,377401,169
100,0,blank,0,192.58952,333.1973,377401,377573,172
100,0,blank,0,206.21862,253.30066,377608,377781,173
100,0,blank,0,222.2538,194.14448,377781,377955,174
100,0,blank,0,226.64034,184.99436,377955,378129,174
100,0,blank,0,213.00462,194.31222,378129,378303,174
100,0,blank,0,212.90026,186.32948,378303,378476,173
100,0,blank,0,197.2388,197.13822,378476,378654,178
100,0,blank,0,201.88592,190.34034,378654,378830,176
100,0,blank,0,205.33948,204.44052,378830,379001,171
100,0,blank,0,199.62276,181.17492,379001,379175,174
100,0,blank,0,188.65484,353.00822,379210,379381,171
100,0,blank,0,146.7776,320.35484,379381,379553,172
100,0,blank,0,146.8179,317.3398,379553,379588,35
100,0,blank,0,-350,-105,379624,379763,139
100,0,blank,0,183.43974,304.75732,379936,380105,169
100,0,blank,0,174.68932,319.64058,380105,380282,177
100,0,blank,0,162.24348,306.98536,380282,380459,177
100,0,blank,0,175.70282,327.6919,380459,380638,179
100,0,blank,0,194.56834,319.57964,380638,380812,174
100,0,blank,0,208.04184,321.92292,380812,380985,173
100,0,blank,0,223.2679,251.38296,380985,381158,173
100,10,;,70,197.86996,210.1484,381158,381334,176
100,10,;,70,199.30808,209.73284,381334,381512,178
100,0,blank,0,215.89234,218.50944,381512,381687,175
100,0,blank,0,224.92822,211.45584,381687,381862,175
100,0,blank,0,224.22772,202.77622,381862,382039,177
100,0,blank,0,218.37866,216.2606,382039,382218,179
100,0,blank,0,238.7412,212.83234,382218,382394,176
100,0,blank,0,297.75746,190.87082,382394,382567,173
100,0,blank,0,264.06762,190.6057,382567,382742,175
100,0,blank,0,213.71456,222.0989,382742,382916,174
100,0,blank,0,199.87344,226.7439,382916,383089,173
100,0,blank,0,221.585,224.04244,383089,383262,173
100,0,blank,0,234.25252,216.41146,383262,383433,171
100,0,blank,0,232.48496,214.99776,383433,383612,179
100,0,blank,0,354.8384,179.97792,383647,383822,175
100,0,blank,0,339.54264,180.36114,383822,384000,178
100,0,blank,0,346.3319,168.4584,384000,384036,36
100,0,blank,0,203.95484,220.9604,384069,384245,176
100,0,blank,0,205.33004,225.31812,384245,384419,174
100,0,blank,0,222.4096,226.21088,384419,384591,172
100,0,blank,0,211.05424,215.20898,384591,384764,173
100,0,blank,0,212.83164,202.73868,384764,384940,176
100,0,blank,0,210.85288,204.19234,384940,385118,178
100,10,;,70,201.7349,208.58452,385118,385294,176
100,10,;,70,201.61268,206.98336,385294,385471,177
100,17,"EnteredNumberiscorrect",94,301.9268,364.06548,385505,385676,171
100,0,blank,0,263.67986,376.25908,385676,385849,173
100,17,"EnteredNumberiscorrect",94,229.12644,355.29042,385849,386018,169
100,0,blank,0,414.63246,378.0394,386053,386225,172
100,0,blank,0,413.2178,386.19104,386225,386394,169
100,0,blank,0,421.6008,353.2012,386394,386428,34
100,0,blank,0,530.84058,421.32096,386461,386632,171
100,19,"EnteredNumberisnotaperfect",100,486.5782,418.81388,386632,386804,172
100,0,blank,0,480.8671,424.2919,386804,386839,35
100,0,blank,0,274.6397,394.00336,386873,387046,173
100,0,blank,0,204.87714,377.03056,387046,387218,172
100,0,blank,0,171.37564,345.8419,387218,387387,169
100,0,blank,0,162.16544,352.28118,387387,387557,170
100,16,),91,148.62672,346.78586,387557,387728,171
100,16,==,89,120.85884,345.21402,387728,387901,173
100,0,blank,0,157.36258,347.60028,387901,388076,175
100,0,blank,0,154.1421,335.6999,388076,388254,178
100,0,blank,0,-350,-105,388289,388414,125
100,0,blank,0,178.5107,327.8441,388480,388545,65
100,0,blank,0,160.3871,339.79052,388627,388800,173
100,0,blank,0,178.51748,342.24132,388800,388980,180
100,0,blank,0,187.03616,335.58546,388980,389154,174
100,0,blank,0,174.06268,313.82448,389154,389329,175
100,0,blank,0,155.7027,323.6155,389329,389506,177
100,0,blank,0,153.10798,334.6656,389506,389683,177
100,0,blank,0,162.42666,343.71242,389683,389857,174
100,0,blank,0,163.5872,326.693,389857,390032,175
100,0,blank,0,186.74248,352.72842,390032,390206,174
100,17,"EnteredNumberiscorrect",94,186.3041,356.62042,390206,390380,174
100,0,blank,0,229.14658,259.94372,390380,390559,179
100,0,blank,0,266.7035,202.31286,390559,390735,176
100,0,blank,0,307.209625,189.685625,390735,390881,146
100,0,blank,0,300.667,186.9527,390881,390957,76
100,0,blank,0,467.613,125.7324,391088,391215,127
100,6,i,37,242.93756,128.42046,391291,391474,183
100,0,blank,0,257.8368,132.93558,391474,391647,173
100,0,blank,0,223.3088,137.87756,391647,391817,170
100,7,;,46,199.009525,143.78635,391817,391952,135
100,8,++,62,329.11014,169.53986,391985,392156,171
100,8,++,62,327.06165,171.64805,392156,392223,67
100,0,blank,0,181.996125,387.8108,392257,392392,135
100,17,"EnteredNumberiscorrect",94,294.43168,363.4117,392426,392595,169
100,17,"EnteredNumberiscorrect",94,349.80394,373.00566,392595,392765,170
100,17,"EnteredNumberiscorrect",94,419.02332,357.56772,392765,392935,170
100,17,),95,430.4928,373.1369,392935,393004,69
100,17,"EnteredNumberiscorrect",94,302.85072,363.58982,393037,393204,167
100,0,blank,0,284.21098,349.99894,393204,393370,166
100,17,"EnteredNumberiscorrect",94,270.6578,361.77698,393370,393538,168
100,0,blank,0,362.37478,353.99708,393538,393707,169
100,0,blank,0,415.953033333333,346.3997,393707,393810,103
100,0,blank,0,154.66112,326.64022,393877,394046,169
100,0,blank,0,152.35208,325.84266,394046,394214,168
100,0,blank,0,174.19456,328.61362,394214,394383,169
100,13,+,81,188.372175,282.996975,394383,394519,136
100,0,blank,0,-350,-105,394553,394613,60
100,0,blank,0,232.4034,198.0327,394669,394756,87
100,0,blank,0,226.71458,264.15936,394830,394998,168
100,0,blank,0,221.29858,250.76446,394998,395171,173
100,0,blank,0,210.8936,222.46888,395171,395341,170
100,0,blank,0,216.45764,224.02426,395341,395510,169
100,0,blank,0,234.41668,221.16266,395510,395682,172
100,0,blank,0,225.0883,208.83544,395682,395856,174
100,0,blank,0,225.9048,221.24188,395856,396029,173
100,0,blank,0,210.15904,222.6973,396029,396199,170
100,0,blank,0,215.25574,238.37504,396199,396369,170
100,0,blank,0,235.76492,270.04778,396369,396542,173
100,0,blank,0,228.16892,273.45808,396542,396716,174
100,0,blank,0,206.65644,305.2455,396716,396888,172
100,0,blank,0,194.00672,314.05436,396888,397062,174
100,0,blank,0,190.7032,318.24764,397062,397233,171
100,0,blank,0,203.3572,327.2296,397233,397268,35
100,0,blank,0,-350,-105,397302,397387,85
100,0,blank,0,195.910466666667,299.850066666667,397566,397763,197
100,0,blank,0,189.340316666667,305.9838,397763,397960,197
100,0,blank,0,210.3967,335.8127,397960,398059,99
100,19,"EnteredNumberisnotaperfect",100,416.28226,409.46916,398092,398265,173
100,0,blank,0,418.8148,396.6977,398265,398301,36
100,0,blank,0,521.915225,445.07795,398337,398473,136
100,0,blank,0,681.351,793.3771,398718,398754,36
100,0,blank,0,745.0298,-103.96016,398824,398996,172
100,0,blank,0,745.313,-103.9277,398996,399029,33
100,0,blank,0,553.52948,77.6779,399131,399317,186
100,0,blank,0,488.60488,3.5651,399317,399498,181
100,0,blank,0,482.63365,45.09195,399498,399569,71
100,0,blank,0,516.88845,29.80605,399606,399682,76
100,0,blank,0,1059.295,84.12495,399797,399951,154
100,0,blank,0,-348.6918,34.19325,399990,400076,86
100,0,blank,0,-348.7047,-17.3914,400114,400187,73
100,0,blank,0,588.91662,570.30632,400299,400485,186
100,0,blank,0,873.2688,-103.861,400521,400705,184
100,0,blank,0,992.554,-103.91506,400705,400892,187
100,0,blank,0,985.492,-103.93638,400892,401077,185
100,0,blank,0,999.8006,-103.9517,401150,401339,189
100,0,blank,0,978.353666666667,-103.935766666667,401339,401460,121
100,0,blank,0,-348.5524,-105.0887,401533,401570,37
100,0,blank,0,-348.8311,423.476633333333,401610,401798,188
100,0,blank,0,-348.7304,274.6302,401798,401838,40
100,0,blank,0,-350,-105,401914,402095,181
100,0,blank,0,-349.4109,-104.22785,402095,402248,153
100,0,blank,0,-349.253,-104.022,402248,402446,198
100,0,blank,0,-349.1494,-103.77498,402446,402645,199
100,0,blank,0,-348.9552,-103.47945,402645,402726,81
100,0,blank,0,1042.31625,-103.855225,402760,402947,187
100,0,blank,0,-348.931325,-103.969325,402982,403124,142
100,0,blank,0,-348.8919,791.1107,403229,403264,35
100,0,blank,0,-348.86498,749.15824,403338,403519,181
100,0,blank,0,-348.84895,736.57415,403519,403594,75
100,0,blank,0,-348.8837,-103.9616,403631,403667,36
100,0,blank,0,-348.873,791.5714,403704,403742,38
100,0,blank,0,-348.880066666667,-103.9772,403778,403889,111
100,0,blank,0,-350,-105,404054,404106,52
100,0,blank,0,-350,-105,404368,404483,115
100,0,blank,0,-350,-105,404483,404584,101
100,0,blank,0,-350,-105,404584,404759,175
