Frameno_fix,lineno_fix,Tokenname_fix,tokens_id,gaze_X_fix,gaze_Y_fix,timestamp_fix_start,timestamp_fix_end,time_duration
100,0,blank,0,124.5337,-57.953025,3060,3239,179
100,0,blank,0,176.030416666667,-57.0942666666667,3239,3420,181
100,0,blank,0,487.102266666667,-57.5349666666667,3451,3640,189
100,0,blank,0,500.1792,-59.5996666666667,3640,3736,96
100,2,>,17,176.598533333333,37.2142333333333,3849,4048,199
100,1,to,5,148.8046,21.43225,4048,4110,62
100,0,blank,0,306.264083333333,-23.3631166666667,4172,4347,175
100,1,to,5,146.52135,2.2896,4347,4529,182
100,0,blank,0,174.87424,-5.98622,4529,4706,177
100,0,blank,0,211.99465,-29.34725,4706,4833,127
100,0,blank,0,109.298316666667,-20.0506166666667,4864,5057,193
100,0,blank,0,131.28372,-28.31172,5057,5226,169
100,0,blank,0,182.73764,-42.9352,5226,5393,167
100,0,blank,0,239.17628,-45.85366,5393,5564,171
100,0,blank,0,308.68228,-49.30036,5564,5732,168
100,0,blank,0,332.115466666667,-35.1585333333333,5732,5833,101
100,1,Program,4,94.1427,19.4919,5867,6036,169
100,0,blank,0,81.28902,-0.383240000000001,6036,6207,171
100,0,blank,0,137.26808,-2.90114,6207,6377,170
100,1,Print,6,169.86006,0.394899999999998,6377,6552,175
100,0,blank,0,225.87142,-10.36504,6552,6727,175
100,0,blank,0,224.48762,-17.25734,6727,6904,177
100,0,blank,0,118.08762,-11.89306,6904,7084,180
100,0,blank,0,32.37592,5.92176,7084,7262,178
100,0,blank,0,2.6482,109.80695,7262,7333,71
100,0,blank,0,116.15624,-6.3969,7368,7545,177
100,0,blank,0,186.2721,-9.54170000000001,7545,7583,38
100,0,blank,0,262.44408,-25.84434,7767,7953,186
100,0,blank,0,319.3138,-26.1458666666667,7953,8089,136
100,0,blank,0,310.6114,-28.7109,8089,8209,120
100,0,blank,0,314.3638,-9.6614,8209,8341,132
100,0,blank,0,250.54185,-13.4555,8341,8535,194
100,0,blank,0,270.27062,-13.89788,8535,8703,168
100,0,blank,0,278.561666666667,-11.9435,8703,8803,100
100,2,include,12,50.69116,36.97218,8836,9004,168
100,1,to,5,139.98198,20.01624,9070,9242,172
100,1,to,5,148.67924,17.524,9242,9424,182
100,2,stdio,14,117.6382,39.96496,9424,9603,179
100,3,stdlib,21,113.5719,61.2067,9603,9670,67
100,0,blank,0,14.49715,87.67405,9738,9805,67
100,8,;,37,16.1418,163.2141,9840,9874,34
100,0,blank,0,60.35204,66.64878,9909,10086,177
100,0,blank,0,98.3524666666667,102.471366666667,10086,10224,138
100,11,delete,56,69.9251,243.4464,10256,10288,32
100,4,node,26,97.14502,78.22206,10321,10492,171
100,0,blank,0,115.91922,98.7834,10492,10665,173
100,0,blank,0,168.22896,113.76024,10665,10831,166
100,0,blank,0,203.80292,122.61186,10831,10998,167
100,0,blank,0,139.177733333333,157.968383333333,10998,11197,199
100,0,blank,0,134.608466666667,176.315466666667,11197,11396,199
100,9,struct,41,182.80788,182.33266,11396,11565,169
100,0,blank,0,248.93876,177.89568,11565,11734,169
100,0,blank,0,263.184633333333,171.8467,11734,11835,101
100,10,display,48,118.670616666667,205.752916666667,11868,12067,199
100,7,struct,31,97.83235,152.356983333333,12067,12266,199
100,0,blank,0,76.21236,121.94102,12266,12436,170
100,0,blank,0,69.1787,79.9319,12468,12500,32
100,2,stdio,14,148.3702,38.5301,12626,12660,34
100,0,blank,0,-323,-105,12725,12812,87
100,0,blank,0,-7.86470000000003,138.7717,12974,13022,48
100,0,blank,0,74.3479,99.3867333333333,13074,13223,149
100,0,blank,0,84.5934,111.9031,13223,13377,154
100,0,blank,0,-323,-105,13428,13504,76
100,0,blank,0,137.242525,130.215675,13581,13757,176
100,0,blank,0,194.15015,121.192975,13757,13924,167
100,0,blank,0,226.93168,123.38736,13924,14092,168
100,0,blank,0,138.027833333333,132.493233333333,14092,14287,195
100,0,blank,0,118.912233333333,165.726883333333,14287,14484,197
100,9,generate,39,127.484683333333,187.437466666667,14484,14681,197
100,10,struct,50,134.02378,206.53158,14681,14846,165
100,11,(,57,117.7277,235.0814,14846,15013,167
100,11,(,57,119.97185,237.5286,15013,15079,66
100,0,blank,0,200.7405,91.3878,15112,15281,169
100,0,blank,0,182.928216666667,111.123033333333,15281,15480,199
100,9,generate,39,95.1087,188.678316666667,15480,15677,197
100,9,generate,39,106.57932,184.89402,15677,15843,166
100,0,blank,0,133.9235,176.331766666667,15843,16042,199
100,0,blank,0,154.94978,171.09808,16042,16209,167
100,0,blank,0,211.32652,173.95464,16209,16378,169
100,0,blank,0,243.99944,170.14618,16378,16546,168
100,0,blank,0,274.799866666667,170.024033333333,16546,16646,100
100,0,blank,0,134.551683333333,189.947616666667,16680,16877,197
100,0,blank,0,148.1163,177.09335,16877,17074,197
100,0,blank,0,198.496216666667,176.8852,17074,17268,194
100,0,blank,0,273.26585,172.87375,17268,17463,195
100,0,blank,0,213.52924,170.87234,17463,17629,166
100,9,generate,39,87.6025,181.256483333333,17661,17859,198
100,9,generate,39,81.0975,180.161216666667,17859,18056,197
100,0,blank,0,128.745383333333,177.226916666667,18056,18253,197
100,9,generate,39,129.832166666667,190.397166666667,18253,18447,194
100,10,(,49,131.921183333333,210.57385,18447,18642,195
100,9,struct,41,145.08255,193.638033333333,18642,18839,197
100,0,blank,0,202.21435,176.6971,18839,19038,199
100,12,),67,100.322883333333,257.861483333333,19070,19268,198
100,0,blank,0,106.1931,167.2491,19268,19464,196
100,0,blank,0,123.439566666667,177.314116666667,19464,19662,198
100,9,struct,41,149.73815,193.2586,19662,19854,192
100,10,struct,50,167.6801,220.4456,19854,19886,32
100,0,blank,0,106.1394,477.51992,19919,20089,170
100,0,blank,0,132.24222,464.32714,20089,20257,168
100,21,struct,105,140.4998,454.2891,20257,20291,34
100,10,display,48,117.655,207.2632,20357,20421,64
100,0,blank,0,130.34655,176.937733333333,20485,20681,196
100,9,generate,39,123.914133333333,183.966033333333,20681,20868,187
100,0,blank,0,220.3891,170.15905,20868,20936,68
100,0,blank,0,158.4545,200.2682,21004,21098,94
100,0,blank,0,262.05242,180.92084,21129,21293,164
100,9,struct,41,182.765266666667,189.6449,21325,21524,199
100,10,struct,50,173.77392,220.5853,21524,21691,167
100,10,struct,50,155.2848,216.3442,21691,21864,173
100,10,*,52,259.85166,215.65576,21864,22033,169
100,0,blank,0,151.51918,133.75194,22069,22244,175
100,0,blank,0,239.0367,120.43844,22244,22416,172
100,0,blank,0,296.10394,165.50452,22416,22585,169
100,0,blank,0,293.2096,161.3029,22585,22618,33
100,0,blank,0,148.1069,177.007866666667,22652,22851,199
100,10,struct,50,134.727766666667,205.293366666667,22851,23046,195
100,10,struct,50,133.410766666667,212.5197,23046,23243,197
100,0,blank,0,199.5904,201.157216666667,23243,23439,196
100,9,*,44,272.945525,187.586675,23439,23572,133
100,11,struct,58,126.495666666667,234.8432,23605,23804,199
100,11,struct,58,138.826766666667,226.406283333333,23804,24002,198
100,10,struct,50,187.67188,212.86084,24002,24170,168
100,0,blank,0,199.6896,216.181633333333,24170,24270,100
100,10,;,54,280.189875,218.791075,24304,24438,134
100,0,blank,0,83.514575,279.52595,24472,24607,135
100,0,blank,0,-323,-105,24640,24822,182
100,0,blank,0,163.316666666667,282.726016666667,24849,25043,194
100,14,head,72,192.18244,291.89192,25043,25214,171
100,14,head,72,208.069116666667,297.671583333333,25214,25410,196
100,0,blank,0,275.196133333333,287.06805,25410,25603,193
100,14,;,75,290.535983333333,304.979333333333,25603,25801,198
100,15,;,81,195.42132,327.09938,25801,25989,188
100,15,head,79,152.16795,314.673925,25989,26119,130
100,0,blank,0,-323,-105,26151,26262,111
100,15,head,79,175.43764,321.35186,26286,26467,181
100,0,blank,0,256.92396,324.1962,26467,26635,168
100,0,blank,0,363.9153,323.44784,26635,26813,178
100,0,blank,0,397.80626,324.52468,26813,26993,180
100,0,blank,0,433.92736,329.3222,26993,27172,179
100,0,blank,0,460.0099,327.0724,27172,27206,34
100,17,(,88,122.22078,374.58278,27240,27410,170
100,0,blank,0,172.061416666667,374.095233333333,27410,27608,198
100,0,blank,0,-323,-105,27674,27706,32
100,0,blank,0,138.4723,591.4785,27732,27759,27
100,17,head,89,126.89195,367.77355,27812,27863,51
100,11,delete,56,111.87574,227.60024,27896,28064,168
100,0,blank,0,114.02558,226.38328,28064,28234,170
100,10,struct,50,137.4455,214.70058,28234,28407,173
100,0,blank,0,196.3386,211.65115,28407,28605,198
100,10,),53,267.559,218.2361,28605,28737,132
100,11,struct,58,157.537675,232.0935,28737,28920,183
100,10,display,48,109.05904,218.39832,28920,29087,167
100,10,display,48,97.8988,211.22794,29087,29260,173
100,10,struct,50,153.2924,208.27878,29260,29431,171
100,10,node,51,216.14118,213.2727,29431,29599,168
100,11,node,59,216.29856,231.05604,29599,29766,167
100,0,blank,0,246.19585,213.19395,29833,29911,78
100,0,blank,0,198.80354,212.5612,29949,30120,171
100,10,node,51,207.18972,214.35838,30120,30292,172
100,0,blank,0,208.43126,189.58434,30292,30467,175
100,9,node,42,227.5327,192.7609,30467,30502,35
100,7,*,33,164.58076,139.16388,30533,30702,169
100,7,next,34,179.99555,143.0935,30775,30842,67
100,0,blank,0,117.188233333333,70.1602666666667,30952,31057,105
100,11,*,61,254.17388,237.3681,31095,31270,175
100,0,blank,0,130.11572,222.55752,31270,31439,169
100,11,struct,58,131.06376,227.09016,31439,31611,172
100,11,node,59,207.67878,225.99556,31611,31783,172
100,10,node,51,237.10365,215.06665,31783,31851,68
100,0,blank,0,85.3803,244.16884,31921,32085,164
100,0,blank,0,101.73254,281.34244,32085,32254,169
100,0,blank,0,136.47556,286.01016,32254,32423,169
100,0,blank,0,164.74456,286.94074,32423,32592,169
100,0,blank,0,202.24122,281.50764,32592,32759,167
100,0,blank,0,229.8102,287.45316,32759,32929,170
100,0,blank,0,248.0193,281.5589,32929,32962,33
100,0,blank,0,-323,-105,32996,33055,59
100,0,blank,0,230.5954,276.6813,33244,33410,166
100,14,struct,69,103.172666666667,305.199433333333,33460,33612,152
100,15,generate,76,114.988266666667,319.385466666667,33612,33765,153
100,15,head,79,179.967933333333,311.245433333333,33765,33919,154
100,15,head,79,158.3389,325.107166666667,33919,34070,151
100,0,blank,0,154.3593,304.2323,34070,34260,190
100,15,head,79,158.83852,311.50012,34260,34427,167
100,0,blank,0,219.2942,308.90788,34427,34597,170
100,14,;,75,287.6393,302.72256,34597,34766,169
100,0,blank,0,220.3107,289.51718,34766,34941,175
100,14,head,72,208.9968,290.65364,34941,35110,169
100,14,*,71,168.36412,299.22292,35110,35283,173
100,14,node,70,134.09112,306.97376,35283,35458,175
100,15,head,79,181.63468,311.02328,35458,35639,181
100,14,head,72,176.78494,306.88374,35639,35817,178
100,14,*,71,168.94652,301.87246,35817,35992,175
100,14,head,72,199.90832,306.49636,35992,36172,180
100,0,blank,0,237.89144,287.8149,36172,36343,171
100,0,blank,0,284.22718,284.97568,36343,36518,175
100,0,blank,0,299.6682,284.2298,36518,36553,35
100,16,(,83,110.16746,345.39114,36589,36765,176
100,16,"\nDisplayingthealternatenodes\n",84,125.38032,340.72526,36765,36941,176
100,7,node,32,133.72304,141.1332,36975,37152,177
100,0,blank,0,135.86072,172.39718,37152,37324,172
100,0,blank,0,221.29754,171.72364,37324,37494,170
100,0,blank,0,221.2813,169.2508,37494,37528,34
100,15,&,78,139.79862,327.33456,37562,37739,177
100,16,"\nDisplayingthealternatenodes\n",84,118.546,341.88236,37739,37917,178
100,16,"\nDisplayingthealternatenodes\n",84,118.9036,350.9415,37917,37953,36
100,16,"\nDisplayingthealternatenodes\n",84,231.03856,348.93914,37989,38172,183
100,16,"\nDisplayingthealternatenodes\n",84,229.0898,345.2013,38172,38206,34
100,0,blank,0,350.37484,328.66884,38242,38415,173
100,0,blank,0,362.27546,330.40692,38415,38595,180
100,0,blank,0,218.09206,329.73354,38629,38799,170
100,0,blank,0,350.79036,330.87096,38799,38970,171
100,0,blank,0,378.818666666667,332.311783333333,38970,39169,199
100,0,blank,0,448.730825,319.162475,39169,39304,135
100,16,(,83,107.73528,334.04012,39373,39540,167
100,16,"\nDisplayingthealternatenodes\n",84,143.179766666667,350.201466666667,39540,39739,199
100,17,display,87,98.39602,357.05954,39739,39907,168
100,17,head,89,129.45578,372.4587,39907,40075,168
100,18,head,95,129.99808,391.75896,40075,40248,173
100,19,0,99,118.8325,415.86962,40248,40428,180
100,21,struct,105,133.28475,452.231625,40428,40623,195
100,21,struct,105,137.18824,454.37896,40623,40791,168
100,21,(,104,131.47965,450.686283333333,40791,40990,199
100,21,display,103,120.5203,460.6501,40990,41156,166
100,0,blank,0,125.42866,464.02694,41156,41324,168
100,0,blank,0,121.37994,439.04816,41324,41493,169
100,21,display,103,89.19888,448.13764,41493,41670,177
100,21,display,103,91.55758,452.99924,41670,41844,174
100,21,display,103,88.6426,446.1146,41844,41878,34
100,0,blank,0,-323,-105,41912,42025,113
100,0,blank,0,149.3754,467.2831,42051,42077,26
100,21,struct,105,141.85285,461.131616666667,42144,42339,195
100,21,struct,105,141.83986,458.78804,42339,42511,172
100,21,struct,105,138.4856,461.09395,42511,42581,70
100,0,blank,0,1002.5294,178.9645,42689,42868,179
100,0,blank,0,1003.6746,190.3501,42868,43043,175
100,0,blank,0,1033.0744,223.2971,43043,43214,171
100,0,blank,0,1040.9444,228.94506,43214,43388,174
100,0,blank,0,1046.025,235.13528,43388,43563,175
100,0,blank,0,1041.96533333333,233.495033333333,43563,43670,107
100,0,blank,0,265.58295,410.8515,43740,43883,143
100,0,blank,0,1017.9226,256.62258,43953,44132,179
100,0,blank,0,1012.307,257.7827,44132,44168,36
100,11,node,59,216.9926,226.00136,44240,44412,172
100,11,node,59,219.1851,223.1453,44412,44446,34
100,9,generate,39,130.18554,186.14368,44480,44650,170
100,0,blank,0,136.08694,117.31204,44650,44819,169
100,0,blank,0,135.28422,94.30678,44819,44989,170
100,3,stdlib,21,129.16295,58.603875,44989,45120,131
100,0,blank,0,1021.8458,361.80356,45221,45396,175
101,0,blank,0,1044.8476,379.00824,45574,45747,173
101,0,blank,0,1047.1834,379.6857,45747,45924,177
101,0,blank,0,1047.1674,380.11834,45924,46098,174
101,0,blank,0,1047.81633333333,381.9139,46098,46205,107
101,0,blank,0,-323,-105,46274,46362,88
101,0,blank,0,182.14255,15.8558666666667,46485,46677,192
101,0,blank,0,119.26384,12.48448,46677,46850,173
101,0,blank,0,115.5958,18.0472,46850,46885,35
101,0,blank,0,-323,-105,46920,47007,87
101,0,blank,0,127.202,33.2551,47033,47059,26
101,0,blank,0,117.653383333333,31.0409666666667,47122,47319,197
101,0,blank,0,109.283066666667,29.9341,47319,47417,98
101,0,blank,0,240.53482,17.35372,47451,47620,169
101,0,blank,0,134.9273,20.71738,47654,47827,173
101,0,blank,0,196.308,23.83754,47827,48001,174
101,0,blank,0,264.486425,24.1139,48001,48142,141
101,0,blank,0,123.45868,25.95542,48178,48350,172
101,0,blank,0,129.7682,25.9937,48350,48386,36
101,0,blank,0,267.07742,26.99424,48421,48594,173
101,0,blank,0,160.40808,28.34,48594,48765,171
101,0,blank,0,155.1828,39.1992,48765,48800,35
101,0,blank,0,77.3136,28.5626,48864,48987,123
101,21,void,102,23.8711,46.7212,49195,49220,25
101,0,blank,0,99.26575,17.4982666666667,49284,49483,199
101,0,blank,0,204.932625,14.704875,49483,49622,139
101,0,blank,0,61.81902,11.84404,49656,49833,177
101,0,blank,0,43.57936,5.06022,49833,50006,173
101,0,blank,0,49.58146,7.59438,50006,50182,176
101,0,blank,0,64.0633,10.30246,50182,50359,177
101,0,blank,0,86.70646,17.00936,50359,50535,176
101,0,blank,0,127.63036,18.4767,50535,50706,171
101,0,blank,0,144.5471,18.94322,50706,50878,172
101,0,blank,0,167.68668,22.0082,50878,51048,170
101,0,blank,0,226.2289,19.90244,51048,51222,174
101,0,blank,0,243.283125,27.6222,51222,51356,134
101,21,display,103,58.3862,55.15454,51391,51565,174
101,21,display,103,59.28882,54.55274,51565,51740,175
101,0,blank,0,90.8494,64.8743,51740,51843,103
101,0,blank,0,-323,-105,51912,51996,84
101,21,display,103,73.2868166666667,57.7181666666667,52097,52294,197
101,21,display,103,68.96172,50.15806,52294,52467,173
101,0,blank,0,86.26702,37.64558,52467,52640,173
101,0,blank,0,111.80826,9.34424,52640,52808,168
101,0,blank,0,154.25242,20.15326,52808,52975,167
101,0,blank,0,221.03162,15.0943,52975,53142,167
101,0,blank,0,216.9224,3.87739999999999,53142,53177,35
101,0,blank,0,65.18362,12.85518,53213,53381,168
101,0,blank,0,92.60998,7.66894,53381,53550,169
101,0,blank,0,143.72448,12.84282,53550,53718,168
101,0,blank,0,193.11214,15.07172,53718,53889,171
101,0,blank,0,237.40968,18.28662,53889,54063,174
101,0,blank,0,259.329466666667,17.9535,54063,54170,107
101,0,blank,0,91.94072,16.35024,54205,54382,177
101,0,blank,0,68.82762,14.08088,54382,54559,177
101,0,blank,0,129.77618,11.65624,54559,54733,174
101,0,blank,0,141.36066,18.65796,54733,54911,178
101,0,blank,0,164.94742,26.0346,54911,55089,178
101,0,blank,0,212.25436,11.12548,55089,55263,174
101,0,blank,0,252.85594,19.82948,55263,55439,176
101,0,blank,0,256.77732,20.75198,55439,55615,176
101,0,blank,0,225.9798,17.98132,55615,55786,171
101,0,blank,0,161.74056,9.4474,55786,55957,171
101,0,blank,0,141.7105,11.0362,55957,55992,35
101,0,blank,0,-323,-105,56060,56146,86
101,0,blank,0,183.5789,8.7229,56172,56213,41
101,0,blank,0,179.7994,9.3844,56287,56312,25
101,0,blank,0,61.89974,14.74492,56347,56517,170
101,0,blank,0,100.90584,16.84866,56517,56685,168
101,0,blank,0,147.07656,17.8719,56685,56854,169
101,0,blank,0,175.0899,22.77434,56854,57022,168
101,0,blank,0,243.40212,20.44972,57022,57189,167
101,0,blank,0,194.2312,20.5307,57189,57358,169
101,0,blank,0,136.82502,14.76748,57358,57529,171
101,0,blank,0,88.76858,12.50574,57529,57704,175
101,0,blank,0,65.92198,10.88052,57704,57880,176
101,0,blank,0,124.60616,28.27388,57880,58054,174
101,0,blank,0,79.8066,30.68472,58054,58229,175
101,0,blank,0,64.73652,21.97654,58229,58403,174
101,0,blank,0,62.4904,20.1042,58403,58475,72
101,0,blank,0,207.4922,24.25405,58509,58650,141
101,0,blank,0,50.67308,20.34528,58685,58862,177
101,0,blank,0,49.92552,18.44574,58862,59033,171
101,0,blank,0,51.8785666666667,13.9835,59033,59139,106
101,0,blank,0,181.893075,34.19795,59174,59308,134
101,0,blank,0,62.21778,23.94938,59343,59516,173
101,0,blank,0,96.0617,17.6825,59516,59688,172
101,0,blank,0,155.55134,21.05076,59688,59861,173
101,0,blank,0,184.8498,16.62294,59861,60036,175
101,0,blank,0,243.72612,28.93852,60036,60207,171
101,21,display,103,104.12356,45.52994,60243,60417,174
101,0,blank,0,134.10142,21.69938,60417,60591,174
101,0,blank,0,200.7257,20.79232,60591,60764,173
101,0,blank,0,216.10055,26.3932,60764,60832,68
101,0,blank,0,-323,-105,60867,61004,137
101,0,blank,0,82.73715,37.5310333333333,61037,61230,193
101,0,blank,0,89.41428,62.3288,61230,61397,167
101,0,blank,0,52.7425,61.11506,61397,61569,172
101,0,blank,0,44.83294,60.56994,61569,61739,170
101,0,blank,0,74.8918,62.92692,61739,61909,170
101,0,blank,0,86.0843,62.55666,61909,62079,170
101,0,blank,0,109.18744,63.15324,62079,62247,168
101,0,blank,0,132.13546,70.22692,62247,62417,170
101,0,blank,0,128.485625,68.91315,62417,62587,170
101,21,struct,105,154.17674,57.7818,62587,62771,184
101,0,blank,0,187.5723,35.86292,62771,62939,168
101,0,blank,0,219.11592,27.11302,62939,63109,170
101,0,blank,0,254.3573,23.46276,63109,63278,169
101,0,blank,0,256.29382,22.37268,63278,63447,169
101,21,struct,105,166.21222,42.29264,63447,63621,174
101,21,display,103,60.55384,56.11718,63621,63797,176
101,0,blank,0,54.37142,64.47382,63797,63969,172
101,0,blank,0,76.25872,64.82582,63969,64143,174
101,0,blank,0,120.9998,65.744,64143,64316,173
101,21,display,103,111.40035,48.74625,64316,64483,167
101,0,blank,0,77.13368,36.29374,64483,64676,193
101,0,blank,0,62.30844,30.5313,64676,64846,170
101,0,blank,0,68.24254,29.93948,64846,65020,174
101,0,blank,0,61.00932,27.91012,65020,65192,172
101,0,blank,0,41.93,16.46802,65192,65365,173
101,0,blank,0,83.40292,17.01804,65365,65538,173
101,0,blank,0,149.2248,34.0123,65538,65709,171
101,0,blank,0,206.53216,32.57432,65709,65881,172
101,0,blank,0,241.0202,31.9227,65881,65981,100
101,0,blank,0,44.10784,15.32184,66015,66190,175
101,0,blank,0,14.9261,14.14796,66190,66363,173
101,0,blank,0,-2.34272,22.4748,66363,66532,169
101,0,blank,0,-3.99956,25.58538,66532,66700,168
101,0,blank,0,44.06424,32.1154,66700,66891,191
101,0,blank,0,98.26935,28.14335,66891,67074,183
101,0,blank,0,163.255166666667,28.5733666666667,67074,67271,197
101,0,blank,0,220.36342,27.44576,67271,67437,166
101,0,blank,0,245.563466666667,15.9655333333333,67437,67538,101
101,0,blank,0,90.30304,18.16308,67572,67739,167
101,0,blank,0,173.12092,15.54852,67739,67907,168
101,0,blank,0,229.86966,26.9612,67907,68075,168
101,0,blank,0,157.7834,19.4556,68075,68244,169
101,0,blank,0,50.15496,76.66002,68279,68453,174
101,0,blank,0,73.8280666666667,69.1702,68453,68557,104
101,0,blank,0,-323,-105,68627,68683,56
101,0,blank,0,95.2633,81.8842333333333,68712,68903,191
101,23,=,113,137.54958,90.63174,68903,69072,169
101,0,blank,0,148.52605,95.046825,69072,69230,158
101,23,=,113,135.87345,88.62075,69230,69425,195
101,23,flag,112,86.01665,92.76185,69425,69608,183
101,0,blank,0,79.34262,89.35642,69608,69804,196
101,23,int,111,71.61248,94.1319,69804,69974,170
101,23,int,111,53.00758,87.41328,69974,70146,172
101,23,int,111,51.9048,89.37945,70146,70214,68
101,23,0,114,162.62124,89.02434,70247,70423,176
101,0,blank,0,93.95154,85.54652,70423,70594,171
101,23,flag,112,97.21358,88.28154,70594,70770,176
101,23,flag,112,91.8281,97.29274,70770,70945,175
101,0,blank,0,88.47054,131.40232,70945,71119,174
101,0,blank,0,130.2364,129.16742,71119,71294,175
101,0,blank,0,152.90286,133.9575,71294,71468,174
101,0,blank,0,178.87468,130.40306,71468,71643,175
101,0,blank,0,111.26702,131.84058,71643,71818,175
101,0,blank,0,82.27288,129.40094,71818,71991,173
101,24,head,118,110.04258,124.85574,71991,72160,169
101,0,blank,0,136.78274,130.12498,72160,72331,171
101,0,blank,0,135.07328,129.54058,72331,72506,175
101,0,blank,0,128.42736,136.23674,72506,72681,175
101,0,blank,0,146.17372,140.46716,72681,72855,174
101,0,blank,0,178.69764,135.23604,72855,73030,175
101,0,blank,0,155.45888,144.56364,73030,73207,177
101,0,blank,0,127.75462,138.24652,73207,73381,174
101,0,blank,0,99.90562,138.8681,73381,73555,174
101,0,blank,0,97.55156,138.15008,73555,73731,176
101,0,blank,0,141.37956,141.53334,73731,73908,177
101,0,blank,0,168.86354,148.24618,73908,74083,175
101,0,blank,0,180.67516,142.5287,74083,74257,174
101,0,blank,0,140.5201,150.11176,74257,74430,173
101,0,blank,0,117.71992,138.58218,74430,74605,175
101,0,blank,0,102.92644,134.7396,74605,74781,176
101,0,blank,0,100.1498,144.43448,74781,74956,175
101,26,if,123,102.71442,159.35838,74956,75133,177
101,0,blank,0,-323,-105,75168,75255,87
101,0,blank,0,167.0667,133.0254,75310,75358,48
101,0,blank,0,147.794866666667,139.581766666667,75435,75632,197
101,0,blank,0,178.73062,140.40018,75632,75805,173
101,0,blank,0,169.07312,140.81538,75805,75981,176
101,0,blank,0,114.85196,140.62746,75981,76155,174
101,0,blank,0,107.90946,145.75142,76155,76330,175
101,0,blank,0,79.07868,135.53948,76330,76510,180
101,0,blank,0,105.2698,142.66192,76510,76685,175
101,0,blank,0,132.3286,162.22604,76685,76859,174
101,0,blank,0,179.91858,172.72948,76859,77028,169
101,0,blank,0,229.6152,184.967033333333,77028,77226,198
101,0,blank,0,-323,-105,77292,77318,26
101,0,blank,0,276.44475,181.204983333333,77419,77613,194
101,0,blank,0,300.56618,173.90308,77613,77785,172
101,0,blank,0,267.03308,178.80986,77785,77962,177
101,0,blank,0,201.27354,181.07728,77962,78141,179
101,0,blank,0,166.257,187.139866666667,78141,78250,109
101,0,blank,0,-323,-105,78285,78459,174
101,0,blank,0,213.94216,184.83064,78486,78673,187
101,0,blank,0,238.75148,180.19048,78673,78847,174
101,0,blank,0,266.96295,180.40555,78847,78916,69
101,0,blank,0,143.31534,183.36718,78951,79127,176
101,0,blank,0,120.02418,185.81452,79127,79300,173
101,0,blank,0,168.12966,183.76926,79300,79474,174
101,0,blank,0,219.99994,190.33564,79474,79647,173
101,0,blank,0,247.72952,194.37538,79647,79819,172
101,0,blank,0,284.16672,192.28236,79819,79992,173
101,26,flag,127,183.0327,168.312933333333,79992,80095,103
101,0,blank,0,-323,-105,80131,80192,61
101,24,head,118,139.9657,110.49854,80314,80478,164
101,23,=,113,137.191525,92.34685,80478,80618,140
101,0,blank,0,101.15008,228.3104,80653,80831,178
101,0,blank,0,100.41154,225.09542,80831,81010,179
101,0,blank,0,97.70378,230.7836,81010,81189,179
101,30,flag,143,93.70954,257.70778,81189,81364,175
101,0,blank,0,78.8652,315.1348,81364,81537,173
101,0,blank,0,123.98096,311.9333,81537,81711,174
101,0,blank,0,157.40508,308.5338,81711,81885,174
101,0,blank,0,73.68628,320.605,81885,82058,173
101,0,blank,0,72.1984,321.1537,82058,82128,70
101,24,head,118,104.54906,121.28554,82162,82334,172
101,0,blank,0,100.29816,84.20722,82334,82503,169
101,21,display,103,108.22368,59.87372,82503,82674,171
101,0,blank,0,97.49618,34.46852,82674,82845,171
101,0,blank,0,69.97506,38.91628,82845,83019,174
101,0,blank,0,83.28296,350.4938,83054,83231,177
101,0,blank,0,94.222225,322.16515,83231,83372,141
101,0,blank,0,213.81552,319.3577,83406,83580,174
101,0,blank,0,250.9497,315.43588,83580,83748,168
101,0,blank,0,65.23564,348.42126,83781,83948,167
101,0,blank,0,72.46726,315.04344,83948,84115,167
101,0,blank,0,56.87644,311.12022,84115,84285,170
101,0,blank,0,77.7406,312.36856,84285,84455,170
101,0,blank,0,175.14174,309.81084,84455,84628,173
101,0,blank,0,130.71978,354.55704,84628,84802,174
101,0,blank,0,114.67366,350.46862,84802,84975,173
101,0,blank,0,98.88414,316.5808,84975,85148,173
101,0,blank,0,84.28036,298.1584,85148,85321,173
101,0,blank,0,83.07108,299.01368,85321,85494,173
101,0,blank,0,86.590675,289.82005,85494,85632,138
101,23,flag,112,95.26822,87.21296,85666,85839,173
101,0,blank,0,92.3929,33.03858,85839,86011,172
101,21,display,103,89.93796,41.91414,86011,86183,172
101,21,display,103,59.66802,55.15526,86183,86352,169
101,0,blank,0,57.4747,84.7472,86352,86456,104
101,0,blank,0,56.05506,296.20944,86492,86668,176
101,0,blank,0,58.6987,299.3634,86668,86702,34
101,0,blank,0,186.24712,312.33228,86737,86913,176
101,0,blank,0,236.15275,314.82565,86913,87049,136
101,34,generate,155,79.37164,347.47122,87083,87250,167
101,0,blank,0,83.20145,351.15085,87250,87316,66
101,0,blank,0,279.051933333333,304.71915,87351,87549,198
101,0,blank,0,223.6678,305.58834,87549,87717,168
101,0,blank,0,219.6262,296.5935,87717,87751,34
101,0,blank,0,-323,-105,87784,87818,34
101,0,blank,0,69.9225666666667,362.362783333333,87942,88134,192
101,0,blank,0,96.29486,358.7307,88134,88305,171
101,0,blank,0,105.6312,357.44488,88305,88476,171
101,0,blank,0,62.2809,359.73544,88476,88644,168
101,0,blank,0,50.71688,356.68994,88644,88811,167
101,0,blank,0,84.14154,354.3608,88811,88979,168
101,0,blank,0,109.4938,348.62054,88979,89149,170
101,0,blank,0,130.67894,353.53168,89149,89321,172
101,0,blank,0,95.14824,352.53194,89321,89492,171
101,0,blank,0,85.3066,350.9259,89492,89671,179
101,34,generate,155,97.844,332.4569,89671,89801,130
101,0,blank,0,109.98915,368.922,89801,89996,195
101,0,blank,0,75.75716,368.98256,89996,90171,175
101,0,blank,0,78.18562,362.28324,90171,90343,172
101,0,blank,0,95.02606,360.17422,90343,90514,171
101,0,blank,0,134.95738,358.39674,90514,90686,172
101,0,blank,0,86.91566,370.22188,90686,90856,170
101,36,int,164,58.8804,372.87294,90856,91027,171
101,0,blank,0,122.68096,379.45086,91027,91197,170
101,0,blank,0,165.86378,381.00976,91197,91370,173
101,0,blank,0,164.74534,385.54474,91370,91544,174
101,0,blank,0,161.04355,393.8174,91544,91613,69
101,0,blank,0,-323,-105,91650,91708,58
101,36,int,164,61.0250666666667,381.14315,91819,92014,195
101,0,blank,0,72.24702,392.1161,92014,92187,173
101,37,struct,169,102.99028,405.18916,92187,92364,177
101,37,temp,172,184.90044,407.79688,92364,92541,177
101,0,blank,0,249.899,414.16804,92541,92718,177
101,0,blank,0,229.84254,409.80992,92718,92892,174
101,37,*,171,172.11034,411.05788,92892,93071,179
101,38,"Enterlengthoflist:",176,224.951666666667,415.127033333333,93071,93174,103
101,38,printf,174,56.84364,426.28292,93210,93382,172
101,38,printf,174,91.24534,428.17304,93382,93552,170
101,38,"Enterlengthoflist:",176,140.13954,431.65446,93552,93725,173
101,38,"Enterlengthoflist:",176,158.73176,433.5996,93725,93898,173
101,39,(,180,98.2895,443.36032,93898,94071,173
101,39,scanf,179,49.59764,451.68592,94071,94245,174
101,0,blank,0,132.68916,465.34522,94245,94417,172
101,39,comma,182,145.04564,456.35962,94417,94591,174
101,40,num,191,160.59552,459.44758,94591,94765,174
101,40,>,194,206.34388,461.8034,94765,94940,175
101,40,0,195,229.8938,460.1895,94940,95078,138
101,0,blank,0,-323,-105,95148,95313,165
101,0,blank,0,96.2472,501.589183333333,95335,95530,195
101,0,blank,0,180.25962,498.70052,95530,95705,175
101,0,blank,0,215.13746,495.05738,95705,95876,171
101,0,blank,0,265.40218,502.839,95876,96048,172
101,42,malloc,208,343.29226,506.54506,96048,96220,172
101,42,sizeof,210,406.6298,512.58762,96220,96388,168
101,42,struct,212,457.8368,523.7095,96388,96490,102
101,0,blank,0,124.79214,528.34448,96557,96727,170
101,43,temp,217,93.317,534.08934,96727,96896,169
101,42,=,202,143.6318,522.77416,96896,97066,170
101,43,->,218,129.31166,533.08274,97066,97234,168
101,43,->,218,139.36586,538.6303,97234,97404,170
101,0,blank,0,211.47142,545.88906,97404,97575,171
101,0,blank,0,162.51386,545.11044,97575,97748,173
101,43,temp,217,119.800066666667,538.5263,97748,97851,103
101,37,struct,169,97.29386,395.63612,97885,98057,172
101,37,struct,169,55.1645,410.53266,98057,98232,175
101,37,struct,169,72.65602,412.6642,98232,98407,175
101,37,node,170,125.004,413.07358,98407,98577,170
101,39,scanf,179,86.08556,457.7121,98577,98748,171
101,39,"%d",181,135.81564,457.49832,98748,98919,171
101,0,blank,0,211.42432,458.81998,98919,99090,171
101,0,blank,0,202.75144,459.02016,99090,99262,172
101,0,blank,0,234.71394,453.23,99262,99434,172
101,0,blank,0,96.91824,498.8372,99468,99640,172
101,42,temp,201,102.93442,503.97396,99640,99810,170
101,0,blank,0,81.05172,475.23668,99810,99981,171
101,39,"%d",181,135.85,449.75588,99981,100152,171
101,39,&,183,164.0952,449.76998,100152,100322,170
101,39,num,184,193.3591,448.31396,100322,100493,171
101,0,blank,0,244.16906,455.7695,100493,100665,172
101,39,;,186,215.97286,456.91488,100665,100836,171
101,40,i,197,188.2163,462.5101,100836,100871,35
101,0,blank,0,-323,-105,100939,100973,34
101,0,blank,0,-323,-105,101056,101084,28
101,0,blank,0,219.668366666667,486.077966666667,101231,101398,167
101,40,num,191,159.221433333333,463.226433333333,101398,101560,162
101,0,blank,0,151.3503,494.712,101560,101712,152
101,0,blank,0,177.072966666667,484.490466666667,101712,101862,150
101,0,blank,0,154.3262,512.2698,101862,101912,50
101,38,"Enterlengthoflist:",176,137.8417,422.73185,101962,102161,199
101,38,"Enterlengthoflist:",176,145.710925,433.83435,102161,102352,191
101,42,temp,201,95.38274,514.05776,102352,102523,171
101,42,(,211,162.42334,509.25796,102523,102693,170
101,42,struct,212,186.41836,507.28946,102693,102863,170
101,42,struct,212,199.83906,505.52276,102863,103032,169
101,0,blank,0,125.311866666667,514.687533333333,103032,103134,102
101,0,blank,0,-323,-105,103169,103280,111
101,40,=,190,119.4922,460.1177,103333,103394,61
101,38,"Enterlengthoflist:",176,131.549833333333,424.652566666667,103467,103659,192
101,38,"Enterlengthoflist:",176,169.36074,432.7098,103659,103832,173
101,38,printf,174,96.28114,417.48738,103832,104006,174
101,37,struct,169,103.64238,407.1773,104006,104176,170
101,37,temp,172,175.7368,404.3466,104176,104345,169
101,0,blank,0,235.0446,413.12614,104345,104512,167
101,38,"Enterlengthoflist:",176,257.05756,417.25316,104512,104682,170
101,37,temp,172,178.58284,408.50616,104682,104850,168
101,38,printf,174,103.07002,422.71872,104850,105020,170
101,38,printf,174,73.8103,427.5669,105020,105189,169
101,37,node,170,117.87312,408.96778,105189,105358,169
101,0,blank,0,139.85036,391.96782,105358,105528,170
101,37,struct,169,82.8822,406.376766666667,105528,105629,101
101,0,blank,0,-323,-105,105662,105774,112
101,0,blank,0,109.140016666667,407.967483333333,105875,106069,194
101,37,temp,172,192.72128,401.24256,106069,106244,175
101,0,blank,0,277.830875,408.20435,106244,106382,138
101,0,blank,0,58.7580333333333,436.125866666667,106416,106614,198
101,38,printf,174,101.76436,435.59954,106614,106781,167
101,39,"%d",181,142.53816,438.04794,106781,106947,166
101,39,&,183,166.52795,446.1871,106947,107085,138
101,39,scanf,179,58.56092,448.80796,107119,107288,169
101,39,scanf,179,61.8135,452.42,107288,107458,170
101,39,scanf,179,50.45646,448.61084,107458,107623,165
101,39,scanf,179,56.08572,441.63154,107623,107794,171
101,39,scanf,179,69.10424,438.65176,107794,107964,170
101,39,"%d",181,134.04414,457.08274,107964,108135,171
101,40,num,191,147.08024,460.24064,108135,108310,175
101,0,blank,0,204.82842,458.14074,108310,108480,170
101,40,0,195,226.252,464.07262,108480,108651,171
101,40,>,194,206.32906,459.71326,108651,108821,170
101,40,i,197,185.766866666667,473.644,108821,108929,108
101,0,blank,0,-323,-105,108965,109086,121
101,0,blank,0,214.54635,460.330175,109115,109239,124
101,42,temp,201,101.45968,513.30246,109273,109447,174
101,42,struct,212,191.6447,508.2587,109447,109622,175
101,0,blank,0,193.6071,501.0123,109622,109657,35
101,42,malloc,208,322.82758,511.91236,109691,109867,176
101,42,malloc,208,344.037075,509.487225,109867,110032,165
101,42,sizeof,210,394.3995,517.4739,110032,110156,124
101,42,struct,212,486.205,523.9076,110156,110278,122
101,42,struct,212,479.6391,519.3847,110278,110383,105
101,0,blank,0,146.70604,521.95738,110469,110647,178
101,0,blank,0,103.57794,526.87566,110647,110821,174
101,43,temp,217,117.76614,531.9065,110821,110995,174
101,43,a,219,153.05484,534.3136,110995,111171,176
101,43,a,219,150.4418,540.53416,111171,111345,174
101,44,if,223,99.94192,550.30092,111345,111523,178
101,44,head,226,151.45994,551.89216,111523,111701,178
101,43,=,220,165.3359,544.1522,111701,111774,73
101,36,num,165,90.33632,378.83764,111810,111992,182
101,34,generate,155,57.35246,328.06,111992,112171,179
101,0,blank,0,62.56552,316.50904,112171,112349,178
101,0,blank,0,83.6568,323.03556,112349,112523,174
101,0,blank,0,127.15332,318.31874,112523,112696,173
101,0,blank,0,191.80638,322.33356,112696,112873,177
101,0,blank,0,90.8257,358.0636,112873,113049,176
101,0,blank,0,102.54304,350.68646,113049,113223,174
101,34,struct,157,154.71274,331.57802,113223,113399,176
101,34,struct,157,177.13254,329.8553,113399,113577,178
101,0,blank,0,66.7586,365.57438,113577,113753,176
101,0,blank,0,48.3784,366.85388,113753,113927,174
101,0,blank,0,75.37974,375.4858,113927,114100,173
101,0,blank,0,79.9427,391.32042,114100,114282,182
101,0,blank,0,50.21308,393.32992,114282,114461,179
101,0,blank,0,57.49324,355.23572,114461,114639,178
101,34,generate,155,68.36978,334.51444,114639,114818,179
101,0,blank,0,74.34796,351.26156,114818,114995,177
101,0,blank,0,91.37268,367.9389,114995,115169,174
101,36,num,165,112.6966,385.5547,115169,115346,177
101,0,blank,0,62.32644,393.2205,115346,115518,172
101,37,struct,169,67.50232,412.43788,115518,115693,175
101,38,printf,174,70.17668,422.23388,115693,115871,178
101,39,(,180,95.8135,442.45872,115871,116051,180
101,39,"%d",181,130.24476,452.76716,116051,116228,177
101,39,num,184,186.5117,456.11922,116228,116411,183
101,0,blank,0,130.695,465.24226,116411,116590,179
101,40,num,191,151.12352,469.10376,116590,116767,177
101,0,blank,0,179.33824,467.57026,116767,116945,178
101,40,;,196,238.86044,468.8182,116945,117125,180
101,40,;,196,238.59342,471.89528,117125,117300,175
101,40,;,196,237.11392,466.74448,117300,117475,175
101,0,blank,0,78.2604,517.95846,117511,117688,177
101,42,(,211,156.5095,522.1302,117688,117863,175
101,42,struct,212,177.1992,519.6542,117863,117932,69
101,42,*,206,290.16836,520.29496,117966,118140,174
101,42,*,206,288.8144,516.77085,118140,118209,69
101,0,blank,0,417.12796,525.4088,118245,118419,174
101,0,blank,0,494.69372,531.44852,118419,118592,173
101,0,blank,0,410.1173,543.4294,118592,118627,35
101,0,blank,0,231.0577,531.9764,118662,118767,105
101,0,blank,0,-323,-105,118802,118969,167
101,0,blank,0,144.99716,507.8824,118991,119159,168
101,42,temp,201,93.7032,504.35774,119159,119335,176
101,42,temp,201,117.85324,512.66546,119335,119511,176
101,0,blank,0,153.10952,517.14244,119511,119685,174
101,42,struct,212,165.31578,511.71196,119685,119859,174
101,0,blank,0,125.64024,516.06436,119859,120034,175
101,43,temp,217,114.48488,528.33748,120034,120209,175
101,44,head,226,150.74854,554.84398,120209,120384,175
101,0,blank,0,108.85974,554.77704,120384,120561,177
101,0,blank,0,74.45126,548.4701,120561,120739,178
101,42,temp,201,101.59264,507.4253,120739,120917,178
101,0,blank,0,81.31402,505.99632,120917,121094,177
101,42,temp,201,83.20214,504.96198,121094,121270,176
101,42,temp,201,106.6947,510.5914,121270,121447,177
101,42,struct,212,187.13198,513.01026,121447,121624,177
101,42,node,213,252.13602,514.94088,121624,121800,176
101,42,),215,301.51176,518.56128,121800,121978,178
101,0,blank,0,423.7655,528.41882,121978,122156,178
101,43,temp,217,99.44376,534.24544,122192,122373,181
101,0,blank,0,72.7346,542.51744,122373,122549,176
101,43,temp,217,117.2916,531.16428,122549,122723,174
101,43,a,219,144.405,539.0879,122723,122895,172
101,0,blank,0,160.74775,531.04055,122895,122963,68
101,0,blank,0,-323,-105,123031,123144,113
101,43,temp,217,84.8418666666667,545.92305,123168,123366,198
101,43,temp,217,106.8405,531.7299,123366,123542,176
101,43,temp,217,115.09428,539.93388,123542,123717,175
101,44,if,223,91.07926,550.51624,123717,123890,173
101,44,(,224,122.62368,552.9596,123890,124062,172
101,40,=,190,114.41996,468.80908,124062,124237,175
101,0,blank,0,132.33498,464.95646,124237,124413,176
101,0,blank,0,180.88198,461.38818,124413,124589,176
101,40,>,194,211.54654,467.98764,124589,124766,177
101,44,(,224,119.60388,557.61546,124801,124974,173
101,43,->,218,130.22728,541.79788,124974,125152,178
101,44,if,223,95.73972,561.26484,125152,125327,175
101,44,head,226,144.63598,559.68222,125327,125504,177
101,44,==,227,193.4706,554.84528,125504,125680,176
101,44,head,226,167.93672,559.38298,125680,125858,178
101,44,(,224,120.59724,564.46702,125858,126039,181
101,0,blank,0,119.17838,570.79232,126039,126217,178
101,0,blank,0,113.5737,563.6518,126217,126392,175
101,44,(,224,119.76206,561.91522,126392,126567,175
101,44,head,226,144.07158,553.3982,126567,126742,175
101,0,blank,0,177.29096,559.1627,126742,126917,175
101,0,blank,0,181.15498,558.76618,126917,127090,173
101,44,==,227,193.07052,556.59308,127090,127260,170
101,0,blank,0,177.28548,549.84606,127260,127432,172
101,44,==,227,186.53694,553.08222,127432,127604,172
101,0,blank,0,150.1655,586.99424,127604,127776,172
101,46,*,231,131.3912,603.3023,127776,127945,169
101,46,head,232,166.56082,595.81214,127945,128117,172
101,44,head,226,167.2366,567.2355,128117,128290,173
101,44,(,224,121.96298,555.55842,128290,128462,172
101,44,if,223,91.75274,554.9431,128462,128632,170
101,0,blank,0,69.05536,554.89152,128632,128805,173
101,44,if,223,96.7547,554.72814,128805,128975,170
101,44,(,224,119.56674,549.9931,128975,129151,176
101,44,if,223,102.87988,555.01592,129151,129328,177
101,44,if,223,95.2277,551.4196,129328,129363,35
101,0,blank,0,-323,-105,129397,129554,157
101,44,==,227,192.078783333333,555.093833333333,129693,129891,198
101,44,head,226,155.78672,559.59046,129891,130067,176
101,44,(,224,117.79288,566.48164,130067,130241,174
101,44,(,224,121.0166,561.1612,130241,130387,146
101,44,(,224,118.9275,557.0912,130387,130454,67
101,44,head,226,157.9338,562.0564,130713,130744,31
101,0,blank,0,181.5077,563.192916666667,130872,131068,196
101,44,==,227,187.99144,552.7244,131068,131240,172
101,0,blank,0,133.07416,483.58576,131240,131409,169
101,40,num,191,135.36562,460.0209,131409,131579,170
101,38,"Enterlengthoflist:",176,123.17338,432.90692,131579,131751,172
101,38,"Enterlengthoflist:",176,115.56252,417.9064,131751,131929,178
101,0,blank,0,106.21596,399.85924,131929,132108,179
101,37,node,170,126.40816,400.6768,132108,132285,177
101,0,blank,0,152.2721,393.212,132285,132463,178
101,0,blank,0,155.8512,397.8105,132463,132639,176
101,0,blank,0,81.49004,461.19616,132639,132818,179
101,0,blank,0,106.2104,555.25982,132853,133032,179
101,44,if,223,93.28808,558.40792,133032,133208,176
101,0,blank,0,114.03726,555.70816,133208,133388,180
101,43,=,220,173.54184,542.534,133388,133567,179
101,44,==,227,186.18668,548.07806,133567,133745,178
101,44,*,225,128.34216,554.32624,133745,133923,178
101,40,=,190,119.44632,465.96866,133923,134106,183
101,39,"%d",181,121.7335,437.3661,134106,134282,176
101,38,"Enterlengthoflist:",176,119.290325,429.609475,134282,134426,144
101,44,NULL,228,218.86108,563.80912,134463,134639,176
101,0,blank,0,178.87228,550.99166,134639,134816,177
101,44,(,224,118.25072,551.24286,134816,134995,179
101,44,if,223,103.28152,563.04712,134995,135169,174
101,0,blank,0,130.10068,591.08264,135169,135350,181
101,46,=,233,190.5847,605.1031,135350,135528,178
101,46,head,232,148.4438,609.5177,135528,135708,180
101,46,head,232,139.83594,602.4452,135708,135886,178
101,0,blank,0,194.59948,608.3213,135886,136062,176
101,0,blank,0,198.11068,606.96036,136062,136240,178
101,46,=,233,192.10078,608.9222,136240,136416,176
101,47,head,238,156.40632,622.07586,136416,136590,174
101,47,head,238,159.16076,627.20728,136590,136765,175
101,47,->,240,198.36368,631.98414,136765,136941,176
101,0,blank,0,195.54188,638.29496,136941,137119,178
101,0,blank,0,226.5925,638.33424,137119,137299,180
101,0,blank,0,274.46734,644.1276,137299,137477,178
101,47,head,238,168.78166,633.72248,137477,137655,178
101,47,*,237,136.5428,630.35014,137655,137831,176
101,47,head,238,163.15336,625.93676,137831,138009,178
101,0,blank,0,128.31868,581.16716,138009,138187,178
101,44,head,226,156.21056,559.47654,138187,138363,176
101,44,==,227,191.71088,556.42608,138363,138539,176
101,0,blank,0,119.3507,493.48978,138539,138715,176
101,39,(,180,101.11132,452.67754,138715,138890,175
101,39,(,180,96.30944,437.97028,138890,139066,176
101,38,printf,174,86.56596,426.25452,139066,139242,176
101,37,node,170,126.62292,404.17558,139242,139418,176
101,37,node,170,124.54596,396.67868,139418,139592,174
101,0,blank,0,105.02318,392.50746,139592,139766,174
101,37,struct,169,64.36444,413.2769,139766,139936,170
101,36,int,164,65.88388,388.48822,139936,140111,175
101,0,blank,0,75.7896,353.15088,140111,140290,179
101,34,generate,155,84.62822,330.16242,140290,140471,181
101,0,blank,0,177.39196,321.47498,140471,140649,178
101,0,blank,0,228.04148,322.471,140649,140828,179
101,0,blank,0,253.95078,323.3706,140828,141004,176
101,0,blank,0,278.9393,315.458,141004,141039,35
101,0,blank,0,182.92566,324.78102,141074,141246,172
101,34,struct,157,187.6119,340.025275,141246,141385,139
101,0,blank,0,170.01088,546.02854,141420,141593,173
101,44,(,224,118.34552,550.8424,141593,141771,178
101,0,blank,0,240.97762,322.73658,141807,141986,179
101,0,blank,0,243.52632,323.63686,141986,142165,179
101,0,blank,0,256.6019,319.514966666667,142165,142271,106
101,0,blank,0,179.0721,573.46188,142305,142481,176
101,0,blank,0,187.38488,570.24218,142481,142657,176
101,43,i,221,191.244625,544.82425,142657,142801,144
101,34,node,158,220.46316,331.17688,142835,143012,177
101,34,struct,157,186.79842,327.87476,143012,143189,177
101,34,(,156,138.2082,344.88694,143189,143364,175
101,0,blank,0,144.48042,576.32048,143399,143575,176
101,45,{,230,92.41144,570.5565,143575,143753,178
101,44,(,224,118.75912,565.5391,143753,143932,179
101,44,*,225,129.0686,561.4825,143932,143967,35
101,34,node,158,240.11028,338.02854,144002,144182,180
101,34,node,158,247.12626,339.96056,144182,144359,177
101,34,node,158,247.6541,328.7309,144359,144535,176
101,34,struct,157,199.3396,334.36436,144535,144711,176
101,34,struct,157,166.55072,329.49476,144711,144887,176
101,34,struct,157,185.1783,327.46274,144887,145064,177
101,34,node,158,246.20852,330.06728,145064,145243,179
101,34,*,160,281.389266666667,330.687,145243,145349,106
101,44,head,226,166.39226,560.12086,145386,145565,179
101,0,blank,0,124.841766666667,524.725733333333,145565,145673,108
101,34,struct,157,176.41056,334.50898,145708,145888,180
101,0,blank,0,222.33566,320.13494,145888,146068,180
101,0,blank,0,228.7973,323.4401,146068,146105,37
101,0,blank,0,146.62228,322.74246,146140,146318,178
101,0,blank,0,185.27534,319.34038,146318,146495,177
101,0,blank,0,207.499766666667,325.002233333333,146495,146603,108
101,0,blank,0,62.0212,361.99992,146638,146819,181
101,34,struct,157,164.24268,329.71692,146819,146996,177
101,0,blank,0,205.52804,322.72678,146996,147169,173
101,34,node,158,222.2892,337.864533333333,147169,147274,105
101,44,head,226,151.36696,548.59794,147310,147486,176
101,44,head,226,158.85752,549.67158,147486,147663,177
101,44,head,226,167.86656,567.428,147663,147839,176
101,46,head,232,140.1444,603.69564,147839,148018,179
101,0,blank,0,175.81984,600.54898,148018,148196,178
101,46,head,232,163.88044,604.62794,148196,148376,180
101,47,head,238,173.52324,615.091,148376,148554,178
101,47,next,241,227.65684,628.1182,148554,148735,181
101,47,head,238,167.89356,632.47104,148735,148915,180
101,47,*,237,134.96134,625.40622,148915,149092,177
101,47,(,236,127.24394,626.06622,149092,149276,184
101,47,),239,191.8917,625.60006,149276,149462,186
101,47,next,241,215.29798,630.17776,149462,149645,183
101,47,=,242,273.48018,633.50276,149645,149827,182
101,47,next,241,250.99232,629.10178,149827,150022,195
101,47,),239,186.25425,623.0841,150022,150102,80
101,0,blank,0,-323,-105,150180,150268,88
101,0,blank,0,132.4527,612.5306,150318,150376,58
101,46,head,232,157.00174,609.88934,150472,150642,170
101,46,=,233,187.68335,595.276825,150642,150803,161
101,44,*,225,133.4207,556.2863,150803,150896,93
101,44,head,226,143.0659,554.816,150896,151033,137
101,0,blank,0,113.7851,553.17025,151033,151221,188
101,44,(,224,115.34222,558.01432,151221,151407,186
101,44,head,226,159.06644,566.80338,151407,151586,179
101,0,blank,0,189.05762,569.9259,151586,151759,173
101,44,head,226,166.36616,564.76418,151759,151932,173
101,44,if,223,102.0854,563.3465,151932,152107,175
101,46,head,232,140.7578,596.30636,152107,152283,176
101,46,=,233,190.68758,610.59248,152283,152459,176
101,46,head,232,137.41894,608.85298,152459,152639,180
101,0,blank,0,123.3383,559.06322,152639,152820,181
101,44,if,223,86.50414,551.99216,152820,153003,183
101,44,if,223,100.05758,557.70192,153003,153183,180
101,44,head,226,139.74382,551.5586,153183,153363,180
101,0,blank,0,204.19956,561.05508,153363,153540,177
101,0,blank,0,156.30908,569.53138,153540,153723,183
101,44,head,226,173.43866,567.20704,153723,153903,180
101,44,==,227,199.11918,561.43372,153903,154084,181
101,0,blank,0,177.02994,554.00162,154084,154265,181
101,43,temp,217,113.29834,540.76542,154265,154450,185
101,0,blank,0,77.63872,547.64414,154450,154632,182
101,44,if,223,83.18792,559.88682,154632,154813,181
101,0,blank,0,147.43076,637.35178,154813,154990,177
101,46,*,231,131.6339,599.611666666667,154990,155097,107
101,0,blank,0,127.93972,475.38264,155134,155311,177
101,0,blank,0,128.55278,478.09368,155311,155488,177
101,0,blank,0,93.79636,484.5835,155488,155665,177
101,0,blank,0,115.45048,481.94126,155665,155843,178
101,40,num,191,142.79734,477.05692,155843,156020,177
101,40,>,194,205.65564,467.70936,156020,156198,178
101,0,blank,0,159.30512,501.31246,156198,156377,179
101,43,temp,217,105.05264,530.9289,156377,156553,176
101,0,blank,0,91.1866333333333,525.3799,156553,156661,108
101,0,blank,0,115.64356,624.8928,156697,156878,181
101,0,blank,0,97.04796,657.1906,156878,157059,181
101,0,blank,0,122.4211,653.88346,157059,157239,180
101,47,head,238,175.99345,615.7043,157239,157385,146
101,0,blank,0,-323,-105,157422,157603,181
101,47,head,238,174.67985,614.5269,157713,157888,175
101,0,blank,0,338.86674,531.07156,157922,158101,179
101,0,blank,0,-323,-105,158381,158575,194
101,0,blank,0,200.41515,668.3024,158761,158958,197
101,0,blank,0,202.2109,676.7913,158958,158994,36
101,0,blank,0,1008.955,-103.9638,159065,159101,36
101,0,blank,0,-323,-105,159436,159566,130
101,0,blank,0,-323,-105,159566,159665,99
101,0,blank,0,-323,-105,159665,159821,156
101,47,NULL,243,287.67164,623.44146,160363,160549,186
101,47,NULL,243,284.90408,625.97732,160549,160724,175
101,47,NULL,243,287.009075,627.2653,160724,160867,143
101,0,blank,0,1048.2296,404.08612,160940,161126,186
101,0,blank,0,1058.366,388.65446,161126,161305,179
101,0,blank,0,1057.6404,377.6572,161305,161478,173
101,0,blank,0,1062.8596,379.39564,161478,161651,173
101,0,blank,0,1063.367,367.51316,161651,161827,176
101,0,blank,0,1064.5522,362.30366,161827,162003,176
101,0,blank,0,1065.378,359.48495,162003,162073,70
101,0,blank,0,1065.2565,590.163925,162108,162253,145
102,0,blank,0,1064.1242,524.34018,162500,162677,177
102,0,blank,0,1035.697,496.65425,162677,162748,71
102,0,blank,0,-323,-105,162783,162951,168
102,0,blank,0,-323,-105,162951,163038,87
102,42,node,213,234.377466666667,193.291066666667,163078,163199,121
102,0,blank,0,-323,-105,163272,163380,108
102,0,blank,0,179.52018,140.69506,163415,163604,189
102,40,i,197,184.4061,148.7571,163604,163676,72
102,0,blank,0,-323,-105,163745,163851,106
102,0,blank,0,209.390266666667,173.962233333333,163881,164070,189
102,0,blank,0,292.963533333333,172.38995,164070,164269,199
102,0,blank,0,395.38638,176.40532,164269,164438,169
102,0,blank,0,423.18406,164.31518,164438,164612,174
102,0,blank,0,459.9545,168.565125,164612,164755,143
102,0,blank,0,198.14294,204.88256,164790,164958,168
102,44,NULL,228,242.2168,230.13542,164958,165129,171
102,0,blank,0,239.4809,264.15586,165129,165302,173
102,46,temp,234,219.308,288.1723,165302,165441,139
102,0,blank,0,-323,-105,165476,165511,35
102,43,i,221,189.12865,209.9162,165631,165690,59
102,0,blank,0,-323,-105,165725,165863,138
102,0,blank,0,-164.928283333333,362.659633333333,165895,166091,196
102,0,blank,0,-230.95652,370.54532,166091,166272,181
102,0,blank,0,-254.28316,387.25794,166272,166450,178
102,0,blank,0,-259.37852,467.43398,166450,166627,177
102,0,blank,0,-253.8121,455.0748,166627,166696,69
102,0,blank,0,-231.82974,684.3741,166731,166903,172
102,0,blank,0,-263.7918,690.4915,166903,166971,68
102,0,blank,0,-264.243466666667,281.487933333333,167039,167143,104
102,0,blank,0,-237.759925,-48.407,167355,167534,179
102,0,blank,0,-229.769966666667,-27.2415666666667,167534,167636,102
102,0,blank,0,-323,-105,167672,167850,178
102,0,blank,0,103.92792,167.7385,167872,168047,175
102,0,blank,0,93.93818,139.25066,168047,168221,174
102,39,scanf,179,89.97056,126.09162,168221,168394,173
102,0,blank,0,84.23922,38.87852,168394,168562,168
102,34,generate,155,82.0874166666667,10.6105833333333,168562,168761,199
102,0,blank,0,81.8163,0.217966666666664,168761,168960,199
102,34,generate,155,82.6801666666667,10.4022666666667,168960,169061,101
102,56,delete,264,81.23704,496.20588,169127,169301,174
102,56,delete,264,73.86754,501.90028,169301,169474,173
102,0,blank,0,77.7944,513.47306,169474,169647,173
102,58,node,274,128.62906,535.89572,169647,169815,168
102,58,struct,273,56.98684,537.7345,169815,169982,167
102,58,struct,273,84.19042,545.52012,169982,170149,167
102,59,head,281,130.66268,555.2826,170149,170316,167
102,59,!=,282,188.66636,561.1188,170316,170483,167
102,59,head,281,159.89856,563.68178,170483,170654,171
102,59,head,281,132.94562,564.50964,170654,170826,172
102,59,*,280,122.66436,567.99146,170826,170995,169
102,58,node,274,122.59232,553.75172,170995,171165,170
102,59,while,278,87.8688,564.7398,171165,171350,185
102,59,while,278,72.4614,563.8782,171350,171451,101
102,59,head,281,133.2547,565.249666666667,171451,171650,199
102,59,head,281,138.88586,564.33046,171650,171825,175
102,0,blank,0,173.602366666667,566.5501,171825,171930,105
102,0,blank,0,-323,-105,171964,172106,142
102,59,head,281,151.7666,561.91156,172157,172324,167
102,0,blank,0,104.82564,567.75052,172324,172497,173
102,59,head,281,151.61882,574.99646,172497,172673,176
102,0,blank,0,198.16294,573.50942,172673,172848,175
102,0,blank,0,129.533475,577.165725,172848,172988,140
102,0,blank,0,-323,-105,173024,173085,61
102,0,blank,0,109.8199,-103.8412,173137,173163,26
102,59,head,281,150.9609,573.922166666667,173209,173351,142
102,0,blank,0,149.722266666667,587.862233333333,173351,173516,165
102,0,blank,0,195.941933333333,568.268866666667,173516,173677,161
102,58,;,277,214.7084,545.7406,173677,173731,54
102,59,head,281,145.554233333333,574.626833333333,173784,173942,158
102,0,blank,0,179.851,586.624966666667,173942,174098,156
102,0,blank,0,190.7142,554.935233333333,174098,174251,153
102,58,node,274,121.2126,543.33202,174251,174444,193
102,0,blank,0,148.03944,523.3135,174444,174618,174
102,56,node,267,209.99694,491.6667,174618,174792,174
102,0,blank,0,241.34948,491.56028,174792,174969,177
102,0,blank,0,189.9065,495.28482,174969,175143,174
102,56,delete,264,71.37698,497.92846,175143,175318,175
102,56,delete,264,74.35082,495.28054,175318,175489,171
102,56,struct,266,160.978,493.74148,175489,175661,172
102,0,blank,0,196.50638,488.73428,175661,175832,171
102,56,*,269,244.29628,491.40702,175832,176003,171
102,56,node,267,202.29198,489.24856,176003,176173,170
102,0,blank,0,184.79886,494.00574,176173,176343,170
102,56,node,267,232.11624,489.48126,176343,176515,172
102,56,*,269,254.93386,496.22098,176515,176685,170
102,56,*,269,257.8331,494.7246,176685,176719,34
102,58,struct,273,83.1074,542.02804,176754,176925,171
102,58,struct,273,55.07158,543.34822,176925,177097,172
102,0,blank,0,105.12408,536.83782,177097,177269,172
102,0,blank,0,156.1122,532.8806,177269,177442,173
102,0,blank,0,148.19748,533.7725,177442,177613,171
102,58,struct,273,102.40532,539.8607,177613,177785,172
102,58,struct,273,69.48684,553.58278,177785,177958,173
102,59,while,278,81.53174,565.6002,177958,178130,172
102,0,blank,0,175.69658,556.97926,178130,178302,172
102,59,!=,282,176.57622,567.38366,178302,178475,173
102,59,!=,282,180.32194,567.97962,178475,178646,171
102,0,blank,0,107.70084,578.88512,178646,178818,172
102,0,blank,0,79.78562,608.26384,178818,178989,171
102,0,blank,0,129.86108,612.81644,178989,179159,170
102,61,=,287,143.79762,613.85408,179159,179331,172
102,0,blank,0,144.80258,613.65486,179331,179506,175
102,61,temp,286,113.14232,616.79232,179506,179679,173
102,0,blank,0,86.0571,620.11638,179679,179853,174
102,61,=,287,135.14102,614.34068,179853,180024,171
102,61,=,287,141.06904,610.67198,180024,180199,175
102,61,=,287,135.87075,605.62405,180199,180268,69
102,0,blank,0,-323,-105,180303,180481,178
102,58,node,274,144.441116666667,538.985316666667,180512,180704,192
102,0,blank,0,162.05588,630.98608,180739,180912,173
102,62,head,296,103.70712,621.23208,180912,181084,172
102,0,blank,0,131.6303,619.24274,181084,181253,169
102,62,*,295,90.68924,636.65622,181253,181423,170
102,62,=,293,148.97774,633.0923,181423,181595,172
102,62,*,295,183.9203,636.88832,181595,181769,174
102,0,blank,0,232.26514,638.85342,181769,181946,177
102,0,blank,0,86.71922,642.7166,181982,182160,178
102,62,head,296,111.3947,637.32886,182160,182336,176
102,62,=,293,145.8481,628.77076,182336,182514,178
102,62,head,296,112.93378,621.05148,182514,182691,177
102,0,blank,0,113.17254,620.10042,182691,182866,175
102,62,head,296,96.61132,636.5439,182866,183040,174
102,0,blank,0,164.57178,636.72934,183040,183216,176
102,0,blank,0,145.91478,616.80212,183216,183394,178
102,59,*,280,117.86004,556.23256,183394,183568,174
102,0,blank,0,128.06404,516.84806,183568,183742,174
102,58,node,274,127.97466,542.86108,183742,183919,177
102,59,(,279,105.74036,560.42154,183919,184094,175
102,59,!=,282,187.4307,569.04336,184094,184269,175
102,59,head,281,140.36772,572.60082,184269,184445,176
102,0,blank,0,92.90142,578.13752,184445,184623,178
102,0,blank,0,101.72666,577.5032,184623,184804,181
102,0,blank,0,181.06192,580.6428,184804,184987,183
102,62,head,296,97.0917,628.641766666667,184987,185097,110
102,0,blank,0,-323,-105,185132,185248,116
102,61,*,288,160.4013,613.75514,185390,185582,192
102,0,blank,0,129.23085,613.008125,185582,185750,168
102,61,temp,286,95.4743,608.3583,185750,185917,167
102,61,temp,286,89.257975,604.770625,185917,186085,168
102,61,temp,286,89.624875,604.238075,186085,186248,163
102,61,temp,286,87.6047,601.238225,186248,186412,164
102,61,temp,286,107.9789,601.273,186412,186572,160
102,0,blank,0,148.779275,608.780825,186572,186737,165
102,0,blank,0,160.003175,576.3368,186737,186904,167
102,0,blank,0,142.247675,582.31515,186904,187077,173
102,61,temp,286,104.008625,607.500325,187077,187251,174
102,61,temp,286,120.6909,609.070225,187251,187414,163
102,0,blank,0,164.17205,597.260125,187414,187586,172
102,59,head,281,128.57605,566.3561,187586,187766,180
102,0,blank,0,111.2802,589.9674,187766,187945,179
102,61,temp,286,120.906925,602.3537,187945,188122,177
102,0,blank,0,149.0294,612.0945,188122,188166,44
102,0,blank,0,-323,-105,188210,188307,97
102,0,blank,0,-323,-105,188499,188577,78
102,0,blank,0,-323,-105,188709,188847,138
102,0,blank,0,-323,-105,188847,189218,371
102,0,blank,0,-323,-105,189218,189323,105
102,0,blank,0,-323,-105,189323,189586,263
102,0,blank,0,-323,-105,189826,190069,243
102,0,blank,0,-323,-105,190069,190265,196
102,0,blank,0,-323,-105,190265,190446,181
102,0,blank,0,-323.2402,-103.6879,190446,190689,243
102,0,blank,0,-323,-105,191023,191558,535
102,0,blank,0,-323,-105,191558,191624,66
102,0,blank,0,-323,-105,191624,191938,314
102,0,blank,0,-323,-105,191938,192112,174
102,0,blank,0,-323,-105,192112,192155,43
102,0,blank,0,-323,-105,192155,192314,159
102,0,blank,0,-323,-105,192314,192485,171
102,0,blank,0,74.3695,524.1406,192728,192771,43
102,0,blank,0,959.1765,561.676375,192909,193061,152
102,0,blank,0,1050.0946,433.1148,193098,193278,180
102,0,blank,0,1057.859,425.2667,193278,193313,35
102,0,blank,0,1055.2398,547.83634,193349,193537,188
102,0,blank,0,1062.578,517.78234,193537,193734,197
102,0,blank,0,1066.844,499.45638,193734,193921,187
102,0,blank,0,1066.58025,503.518175,193921,194082,161
102,0,blank,0,1066.84233333333,500.846333333333,194082,194197,115
102,0,blank,0,1026.2372,292.54048,194233,194432,199
102,0,blank,0,1023.564,300.7002,194432,194513,81
102,0,blank,0,410.98838,263.90248,194598,194794,196
102,0,blank,0,386.3741,326.4628,194794,194860,66
103,0,blank,0,173.8576,702.0251,195341,195392,51
103,0,blank,0,1022.70633333333,296.426833333333,195492,195653,161
103,0,blank,0,217.54348,267.85994,195808,195988,180
103,0,blank,0,224.01348,265.52178,195988,196158,170
103,0,blank,0,1032.6072,379.20832,196227,196403,176
103,0,blank,0,1055.73633333333,383.710133333333,196403,196507,104
103,0,blank,0,-323,-105,196578,196663,85
103,26,%,128,200.5205,108.9521,196691,196723,32
103,26,%,128,196.02225,111.81865,196797,196857,60
103,0,blank,0,81.99006,50.80492,196892,197065,173
103,0,blank,0,80.03358,11.7135,197065,197234,169
103,23,int,111,66.2940666666667,47.7952666666667,197234,197342,108
103,0,blank,0,152.37714,0.27022,197374,197543,169
103,0,blank,0,166.89898,-6.0907,197543,197710,167
103,0,blank,0,114.65982,1.32446,197710,197881,171
103,0,blank,0,115.70735,2.4559,197881,197950,69
103,0,blank,0,127.12428,310.55544,198021,198198,177
103,0,blank,0,141.6455,309.94542,198198,198381,183
103,36,i,167,143.34438,334.24798,198381,198555,174
103,0,blank,0,127.103066666667,343.651933333333,198555,198658,103
103,0,blank,0,-323,-105,198726,198855,129
103,0,blank,0,-323,-105,198855,198970,115
103,0,blank,0,180.459066666667,345.65735,199006,199192,186
103,0,blank,0,155.65895,334.290683333333,199192,199384,192
103,0,blank,0,-323,-105,199416,199601,185
103,0,blank,0,-323,-105,199601,199781,180
103,0,blank,0,-323,-105,199781,199960,179
103,0,blank,0,-323,-105,199960,200144,184
103,0,blank,0,-323,-105,200144,200332,188
103,0,blank,0,-323,-105,200332,200507,175
103,0,blank,0,-323,-105,200507,200682,175
103,0,blank,0,-323,-105,200682,200821,139
103,0,blank,0,-323,-105,200821,201001,180
103,0,blank,0,-323,-105,201001,201191,190
103,0,blank,0,-323,-105,201191,201367,176
103,0,blank,0,-323,-105,201367,201531,164
103,0,blank,0,-323,-105,201531,201749,218
103,0,blank,0,-323,-105,201749,201889,140
103,0,blank,0,-323,-105,201889,202077,188
103,0,blank,0,-323,-105,202077,202247,170
103,0,blank,0,-323,-105,202247,202348,101
103,0,blank,0,-323,-105,202348,202454,106
103,0,blank,0,-323,-105,202454,202610,156
103,0,blank,0,-323,-105,202610,202798,188
103,0,blank,0,-323,-105,202798,202992,194
103,0,blank,0,-323,-105,202992,203145,153
103,0,blank,0,-323,-105,203145,203309,164
103,38,"Enterlengthoflist:",176,134.7853,377.351,203400,203567,167
103,37,temp,172,213.8692,355.28605,203567,203747,180
103,0,blank,0,218.76524,350.75788,203747,203937,190
103,0,blank,0,191.60526,348.04654,203937,204125,188
103,0,blank,0,161.18676,349.8412,204125,204307,182
103,0,blank,0,130.89836,341.93224,204307,204490,183
103,37,node,170,113.78256,351.778,204490,204676,186
103,0,blank,0,154.23706,340.0491,204676,204858,182
103,0,blank,0,127.63925,343.5076,204858,205006,148
103,0,blank,0,270.59632,280.50976,205044,205236,192
103,0,blank,0,314.47256,281.66,205236,205424,188
103,34,struct,157,152.16718,287.6337,205461,205648,187
103,34,node,158,218.79474,285.84956,205648,205834,186
103,34,node,158,235.979,286.36205,205834,205907,73
103,36,i,167,138.99896,337.304,205943,206139,196
103,37,node,170,136.1658,363.7385,206139,206179,40
103,0,blank,0,-323,-105,206220,206347,127
103,0,blank,0,158.455066666667,351.501133333333,206425,206601,176
103,37,temp,172,200.2965,370.036966666667,206601,206777,176
103,38,"Enterlengthoflist:",176,121.2482,388.086433333333,206777,206951,174
103,0,blank,0,158.881033333333,398.325533333333,206951,207127,176
103,38,"Enterlengthoflist:",176,207.350666666667,391.897533333333,207127,207302,175
103,38,"Enterlengthoflist:",176,272.0781,387.3252,207302,207473,171
103,38,"Enterlengthoflist:",176,323.8149,384.9999,207473,207529,56
103,39,comma,182,147.33055,394.0992,207583,207756,173
103,39,comma,182,151.1234,399.04364,207756,207936,180
103,0,blank,0,243.19406,399.1495,207936,208122,186
103,39,num,184,199.76728,401.37886,208122,208306,184
103,39,comma,182,150.3091,397.18294,208306,208486,180
103,39,"%d",181,124.22152,395.52154,208486,208661,175
103,38,(,175,112.66336,386.50852,208661,208843,182
103,40,i,197,94.6555,416.81035,208843,208923,80
103,0,blank,0,114.1246,563.2529,208997,209038,41
103,38,"Enterlengthoflist:",176,186.2102,374.58514,209074,209268,194
103,38,"Enterlengthoflist:",176,279.32334,387.81148,209268,209453,185
103,39,"%d",181,132.25754,406.67944,209489,209675,186
103,39,&,183,169.60038,408.23364,209675,209859,184
103,0,blank,0,212.99792,396.71182,209859,210043,184
103,0,blank,0,173.46958,371.68842,210043,210223,180
103,37,temp,172,209.23264,363.45198,210223,210406,183
103,0,blank,0,155.75164,371.4772,210406,210585,179
103,37,temp,172,205.86136,358.1184,210585,210762,177
103,36,;,168,148.108725,347.212275,210762,210906,144
103,38,printf,174,88.68138,379.41942,210941,211130,189
103,37,node,170,113.7712,359.455466666667,211130,211238,108
103,0,blank,0,145.5563,525.7039,211275,211317,42
103,38,"Enterlengthoflist:",176,161.04746,377.58476,211354,211552,198
103,39,&,183,173.1821,410.19102,211552,211740,188
103,40,;,196,171.43954,426.0991,211740,211922,182
103,40,>,194,207.7203,431.6814,211922,212082,160
103,38,"Enterlengthoflist:",176,190.3577,376.8745,212082,212216,134
103,38,"Enterlengthoflist:",176,188.2507,384.5497,212216,212347,131
103,40,;,196,239.1957,418.510575,212347,212545,198
103,0,blank,0,252.79162,423.88556,212545,212734,189
103,40,>,194,207.57478,432.6638,212734,212922,188
103,0,blank,0,174.158075,438.0094,212922,213070,148
103,0,blank,0,-323,-105,213107,213169,62
103,40,=,190,116.50958,433.41112,213338,213511,173
103,40,num,191,136.15146,433.30182,213511,213691,180
103,40,>,194,211.28736,428.8121,213691,213874,183
103,39,num,184,195.18612,402.22312,213874,214052,178
103,39,;,186,217.81916,409.12442,214052,214234,182
103,0,blank,0,248.85246,428.94236,214234,214415,181
103,40,++,198,271.63122,425.10336,214415,214595,180
103,40,++,198,272.0183,430.10886,214595,214779,184
103,40,),199,289.40272,429.77882,214779,214960,181
103,0,blank,0,308.14884,435.5555,214960,215139,179
103,0,blank,0,274.5553,437.67924,215139,215318,179
103,0,blank,0,260.77418,439.86468,215318,215494,176
103,0,blank,0,197.09548,433.42286,215494,215671,177
103,0,blank,0,179.49836,428.67318,215671,215858,187
103,40,=,190,120.1502,427.83424,215858,216043,185
103,0,blank,0,175.7362,419.49712,216043,216227,184
103,40,i,197,190.56742,424.18462,216227,216412,185
103,0,blank,0,173.0909,432.90058,216412,216595,183
103,0,blank,0,203.24734,434.05756,216595,216781,186
103,40,i,197,263.069,431.20774,216781,216968,187
103,0,blank,0,302.9944,429.645525,216968,217124,156
103,40,num,191,145.33106,429.74614,217163,217351,188
103,0,blank,0,80.0479,435.71055,217351,217424,73
103,0,blank,0,-323,-105,217497,217674,177
103,0,blank,0,-29.41895,400.3839,217705,217781,76
103,0,blank,0,223.2878,410.956666666667,217821,217983,162
103,40,;,196,171.752166666667,426.979666666667,217983,218161,178
103,0,blank,0,128.1457,444.264666666667,218161,218331,170
103,40,=,190,118.806133333333,436.5928,218331,218486,155
103,0,blank,0,157.877666666667,441.584566666667,218486,218656,170
103,40,num,191,158.506966666667,426.840933333333,218656,218829,173
103,36,comma,166,120.506466666667,347.407133333333,218829,219000,171
103,0,blank,0,133.41504,343.14172,219000,219185,185
103,37,node,170,153.21312,360.43092,219185,219367,182
103,38,"Enterlengthoflist:",176,158.50816,378.4821,219367,219547,180
103,39,"%d",181,138.55016,397.19388,219547,219729,182
103,39,"%d",181,122.28026,404.75424,219729,219912,183
103,39,num,184,178.95112,402.80206,219912,220097,185
103,39,num,184,196.06282,406.93242,220097,220286,189
103,39,num,184,196.0586,404.6991,220286,220474,188
103,39,num,184,180.25506,404.20424,220474,220661,187
103,0,blank,0,242.33614,415.7513,220661,220843,182
103,0,blank,0,242.8319,418.81648,220843,221025,182
103,39,&,183,165.51906,413.79536,221025,221209,184
103,39,"%d",181,128.55658,411.66494,221209,221395,186
103,39,(,180,99.73442,407.95878,221395,221590,195
103,39,scanf,179,56.01876,414.21006,221590,221781,191
103,0,blank,0,-22.44814,423.52874,221781,221972,191
103,0,blank,0,-28.93088,422.90652,221972,222158,186
103,39,scanf,179,62.39342,413.91216,222158,222345,187
103,39,scanf,179,88.3337666666666,414.794766666667,222345,222460,115
103,0,blank,0,214.76324,415.17554,222499,222686,187
103,40,num,191,159.8088,426.9299,222686,222873,187
103,40,num,191,150.4005,426.9763,222873,222913,40
103,0,blank,0,21.06008,419.41884,222948,223137,189
103,0,blank,0,2.19056,414.94408,223137,223322,185
103,0,blank,0,33.96502,409.27218,223322,223505,183
103,0,blank,0,-32.0298,416.015933333333,223505,223618,113
103,0,blank,0,-323,-105,223655,223831,176
103,0,blank,0,-323,-105,223831,223907,76
103,40,for,187,54.233875,417.14135,223946,224081,135
103,0,blank,0,-321.79998,521.7791,224185,224354,169
103,0,blank,0,-321.79452,525.83012,224354,224514,160
103,40,num,191,148.116766666667,423.682716666667,224640,224821,181
103,0,blank,0,85.3024,451.00595,224821,225017,196
103,0,blank,0,-323,-105,225116,225302,186
103,0,blank,0,-323,-105,225302,225453,151
103,0,blank,0,-323,-105,225453,225643,190
103,0,blank,0,-323,-105,225643,225829,186
103,0,blank,0,-323,-105,225829,226011,182
103,0,blank,0,-323,-105,226011,226194,183
103,0,blank,0,-323,-105,226194,226340,146
103,0,blank,0,-323,-105,226340,226459,119
103,0,blank,0,-323,-105,226459,226645,186
103,0,blank,0,-323,-105,226645,226832,187
103,0,blank,0,-323,-105,226832,227032,200
103,0,blank,0,-323,-105,227032,227220,188
103,0,blank,0,-323,-105,227220,227380,160
103,0,blank,0,-323,-105,227380,227572,192
103,0,blank,0,-323,-105,227572,227771,199
103,0,blank,0,-323,-105,227771,227947,176
103,0,blank,0,-323,-105,227947,228120,173
103,0,blank,0,-323,-105,228120,228299,179
103,0,blank,0,-323,-105,228299,228440,141
103,0,blank,0,-323,-105,228440,228605,165
103,0,blank,0,-323,-105,228605,228724,119
103,0,blank,0,-323,-105,228724,228836,112
103,0,blank,0,-323,-105,228836,229028,192
103,0,blank,0,-323,-105,229028,229056,28
103,0,blank,0,-323,-105,229056,229328,272
103,40,0,195,233.46798,436.95256,229381,229566,185
103,0,blank,0,820.2122,-103.86306,229597,229762,165
103,38,"Enterlengthoflist:",176,162.121533333333,384.327033333333,229919,230114,195
103,39,&,183,171.796633333333,400.5843,230114,230306,192
103,39,num,184,175.8321,400.25744,230306,230468,162
103,40,;,196,164.21076,418.32894,230468,230655,187
103,39,"%d",181,132.132225,400.610875,230655,230790,135
103,0,blank,0,694.483333333333,732.9029,230888,230978,90
103,40,i,197,189.25668,429.48966,231041,231209,168
103,40,0,195,229.7864,435.7433,231209,231379,170
103,39,),185,210.65348,411.51358,231379,231557,178
103,39,comma,182,148.58858,396.29042,231557,231725,168
103,39,comma,182,147.33835,406.27155,231725,231791,66
103,0,blank,0,248.88152,401.86894,231830,232004,174
103,0,blank,0,212.3868,442.744133333333,232004,232196,192
103,0,blank,0,183.5894,493.6566,232196,232229,33
103,0,blank,0,-323,-105,232295,232492,197
103,0,blank,0,-323,-105,232492,232643,151
103,0,blank,0,-323,-105,232643,232785,142
103,0,blank,0,-323,-105,232785,232962,177
103,0,blank,0,153.85362,402.0683,233052,233231,179
103,40,num,191,146.456075,427.095225,233231,233361,130
103,0,blank,0,307.3812,458.59888,233394,233559,165
103,0,blank,0,302.55375,460.2443,233559,233627,68
103,0,blank,0,156.69278,409.77446,233662,233841,179
103,38,"Enterlengthoflist:",176,151.1145,373.70376,233841,234023,182
103,0,blank,0,149.09634,326.2668,234023,234205,182
103,0,blank,0,139.3659,321.0431,234205,234241,36
103,39,),185,210.21696,402.73054,234278,234466,188
103,38,"Enterlengthoflist:",176,144.55464,391.68556,234466,234665,199
103,38,"Enterlengthoflist:",176,134.645775,391.621925,234665,234832,167
103,38,"Enterlengthoflist:",176,150.56485,380.076975,234832,235000,168
103,0,blank,0,107.08984,368.49572,235000,235199,199
103,38,printf,174,95.42525,378.0218,235199,235277,78
103,0,blank,0,-323,-105,235315,235443,128
103,34,generate,155,81.534175,294.606625,235472,235605,133
103,0,blank,0,104.39288,352.37046,235643,235835,192
103,38,"Enterlengthoflist:",176,138.19552,379.66084,235835,236023,188
103,39,"%d",181,111.26358,399.36524,236023,236212,189
103,0,blank,0,118.6272,440.70592,236212,236397,185
103,0,blank,0,131.469666666667,466.6612,236397,236507,110
103,0,blank,0,272.70326,452.76268,236544,236728,184
103,0,blank,0,351.94818,454.3842,236728,236913,185
103,0,blank,0,433.88378,455.7683,236913,237101,188
103,42,struct,212,464.2374,461.8221,237101,237138,37
103,43,->,218,142.07952,485.11802,237214,237404,190
103,0,blank,0,213.153633333333,486.859,237404,237512,108
103,39,"%d",181,124.63462,400.87934,237549,237731,182
103,39,scanf,179,88.83986,401.56492,237731,237915,184
103,39,comma,182,144.88468,394.25504,237915,238102,187
103,39,num,184,197.91948,400.29962,238102,238286,184
103,0,blank,0,233.52016,399.21214,238286,238466,180
103,0,blank,0,244.55888,396.54828,238466,238653,187
103,0,blank,0,96.918125,443.38215,238690,238843,153
103,0,blank,0,210.52194,437.85886,238881,239061,180
103,0,blank,0,335.90054,445.36582,239097,239278,181
103,0,blank,0,420.49442,457.65618,239278,239462,184
103,0,blank,0,431.0244,453.7995,239462,239537,75
103,42,struct,212,221.49254,480.19772,239573,239758,185
103,0,blank,0,260.1405,453.76568,239758,239942,184
103,0,blank,0,322.63678,452.66882,239942,240122,180
103,0,blank,0,333.2698,454.71815,240122,240192,70
103,0,blank,0,472.11214,458.33346,240227,240402,175
103,0,blank,0,472.6448,444.5953,240402,240437,35
103,0,blank,0,344.276175,448.389275,240472,240617,145
103,34,generate,155,123.67022,301.8354,240688,240868,180
103,0,blank,0,94.49316,254.06486,240868,241046,178
103,0,blank,0,131.292,228.947775,241046,241188,142
103,0,blank,0,316.35328,448.91552,241224,241404,180
103,0,blank,0,312.1467,448.5468,241404,241440,36
103,0,blank,0,173.82284,452.63126,241476,241653,177
103,0,blank,0,215.90518,443.54066,241653,241826,173
103,0,blank,0,222.726266666667,442.8224,241826,241929,103
103,42,temp,201,116.5562,460.151975,241964,242103,139
103,0,blank,0,-323,-105,242138,242225,87
103,0,blank,0,163.0397,453.52445,242364,242424,60
103,0,blank,0,389.45692,452.6986,242459,242633,174
103,0,blank,0,373.77724,451.74422,242633,242807,174
103,0,blank,0,350.51012,453.73674,242807,242982,175
103,0,blank,0,299.08165,452.132675,242982,243118,136
103,0,blank,0,187.04968,453.66916,243152,243322,170
103,0,blank,0,187.27522,455.53116,243322,243491,169
103,0,blank,0,195.2612,458.0217,243491,243526,35
103,0,blank,0,419.8711,438.90206,243560,243730,170
103,0,blank,0,393.5832,458.2327,243730,243799,69
103,0,blank,0,-323,-105,243834,243946,112
103,0,blank,0,131.67638,448.24128,244051,244216,165
103,0,blank,0,104.297,449.51724,244216,244390,174
103,0,blank,0,167.01822,448.64642,244390,244565,175
103,0,blank,0,215.30472,451.9283,244565,244738,173
103,0,blank,0,256.13536,450.88178,244738,244907,169
103,0,blank,0,229.77862,458.1145,244907,245076,169
103,0,blank,0,162.9554,455.51576,245076,245248,172
103,0,blank,0,94.95474,455.35132,245248,245419,171
103,0,blank,0,100.35772,458.30002,245419,245591,172
103,42,temp,201,99.81642,464.31582,245591,245765,174
103,0,blank,0,-323,-105,245800,245940,140
103,42,temp,201,122.349966666667,460.04985,245963,246159,196
103,0,blank,0,126.8188,442.0336,246159,246195,36
103,42,sizeof,210,416.76736,464.10264,246264,246440,176
103,0,blank,0,388.1843,457.44085,246440,246512,72
103,0,blank,0,124.50814,461.30512,246546,246718,172
103,42,temp,201,94.95528,461.6073,246718,246889,171
103,0,blank,0,190.669,459.81382,246889,247061,172
103,42,struct,212,195.9203,460.5399,247061,247096,35
103,42,malloc,208,322.20508,472.6975,247131,247303,172
103,42,(,211,369.99916,473.57116,247303,247476,173
103,42,sizeof,210,377.5551,474.84725,247476,247544,68
103,0,blank,0,222.242,489.1468,247579,247612,33
103,0,blank,0,78.0614,488.06798,247647,247818,171
103,0,blank,0,139.94506,482.78428,247818,247990,172
103,0,blank,0,122.02388,449.32606,247990,248163,173
103,39,(,180,100.1405,405.0631,248163,248340,177
103,38,printf,174,68.54396,372.09546,248340,248518,178
103,37,struct,169,67.6647,363.7799,248518,248555,37
103,43,temp,217,121.37788,491.31224,248589,248767,178
103,43,a,219,151.3181,487.5247,248767,248944,177
103,43,->,218,140.72364,487.47416,248944,249123,179
103,43,temp,217,106.63722,489.43894,249123,249302,179
103,43,temp,217,98.86058,485.00032,249302,249478,176
103,42,temp,201,123.24034,468.37404,249478,249653,175
103,42,temp,201,115.02102,462.0782,249653,249831,178
103,42,temp,201,102.94178,463.39414,249831,250004,173
103,43,->,218,129.84506,487.11608,250004,250180,176
103,43,->,218,141.37044,488.13716,250180,250359,179
103,0,blank,0,114.67326,481.40344,250359,250538,179
103,0,blank,0,98.14216,481.57002,250538,250713,175
103,42,temp,201,104.09354,470.63464,250713,250888,175
103,0,blank,0,159.1252,459.08188,250888,251065,177
103,0,blank,0,213.9462,452.22648,251065,251238,173
103,0,blank,0,276.17286,462.7685,251238,251409,171
103,42,malloc,208,356.865125,468.602125,251409,251545,136
103,43,temp,217,111.86346,484.1308,251579,251751,172
103,0,blank,0,110.10714,448.99462,251751,251923,172
103,39,"%d",181,107.4845,400.7639,251923,251958,35
103,0,blank,0,-323,-105,252030,252136,106
103,40,i,197,97.418,418.47518,252160,252327,167
103,43,->,218,125.70372,490.04614,252327,252513,186
103,43,a,219,145.44794,485.95276,252513,252696,183
103,0,blank,0,166.63685,483.226525,252696,252869,173
103,0,blank,0,108.752566666667,510.613333333333,253128,253298,170
103,44,head,226,142.80182,510.90504,253298,253480,182
103,44,==,227,201.008025,517.590325,253480,253626,146
103,44,if,223,95.66488,511.12508,253662,253842,180
103,44,head,226,154.10738,513.62342,253842,254020,178
103,44,(,224,119.92004,512.09856,254020,254201,181
103,44,if,223,102.36298,516.36754,254201,254380,179
103,44,*,225,129.9063,517.12864,254380,254563,183
103,44,==,227,189.85802,510.19724,254563,254750,187
103,44,head,226,140.57558,510.16016,254750,254934,184
103,44,(,224,115.16892,509.09612,254934,255123,189
103,44,==,227,186.16834,512.19096,255123,255313,190
103,46,head,232,159.94874,552.7163,255313,255503,190
103,46,head,232,169.9897,557.5771,255503,255693,190
103,0,blank,0,178.2889,559.699075,255693,255855,162
103,46,head,232,147.66266,558.11354,255855,256051,196
103,46,head,232,158.7981,566.917,256051,256242,191
103,47,),239,186.79072,580.02494,256242,256426,184
103,47,next,241,215.45548,584.05104,256426,256617,191
103,47,head,238,172.97625,583.407975,256617,256774,157
103,47,next,241,273.17526,587.31394,256813,257007,194
103,47,->,240,210.9284,588.88358,257007,257192,185
103,47,head,238,167.81172,586.0977,257192,257377,185
103,0,blank,0,116.81108,605.80756,257377,257559,182
103,49,else,246,91.0595,627.013533333333,257559,257670,111
103,0,blank,0,133.808,526.32074,257707,257892,185
103,44,head,226,159.34046,521.50216,257892,258079,187
103,46,head,232,168.68646,550.67306,258079,258266,187
103,0,blank,0,174.39342,562.5211,258266,258457,191
103,0,blank,0,165.65938,545.3577,258457,258643,186
103,44,*,225,130.95954,511.74406,258643,258831,188
103,43,temp,217,113.55748,495.27854,258831,259015,184
103,43,temp,217,111.55284,490.60856,259015,259200,185
103,0,blank,0,160.18026,493.2211,259200,259385,185
103,46,head,232,152.63654,561.24204,259385,259567,182
103,0,blank,0,180.77392,562.74544,259567,259751,184
103,47,head,238,164.592,577.25654,259751,259931,180
103,47,head,238,166.720266666667,582.695433333333,259931,260039,108
103,0,blank,0,78.83916,645.37866,260076,260261,185
103,51,temp,248,152.44258,676.07982,260261,260447,186
103,0,blank,0,115.68232,647.61004,260447,260635,188
103,0,blank,0,97.81302,596.1587,260635,260818,183
103,0,blank,0,1062.28175,394.550625,260931,261099,168
103,0,blank,0,1081.6884,328.64394,261099,261284,185
103,0,blank,0,1061.3586,313.17028,261284,261471,187
103,0,blank,0,1052.2,310.6033,261471,261657,186
103,0,blank,0,1059.9116,319.1414,261657,261845,188
103,0,blank,0,1081.13566666667,344.192033333333,261845,261958,113
103,0,blank,0,-323,-105,261997,262085,88
103,0,blank,0,1075.009,327.5345,262119,262165,46
103,0,blank,0,1054.633,407.4399,262250,262276,26
104,46,head,232,173.6953,276.7952,262942,263135,193
104,0,blank,0,159.28246,325.6635,263135,263328,193
104,0,blank,0,157.428,371.93074,263328,263512,184
104,51,next,250,204.84964,388.07978,263512,263686,174
104,0,blank,0,225.69516,387.65592,263686,263858,172
104,51,next,250,189.59104,384.16984,263858,264029,171
104,51,next,250,217.84984,380.6503,264029,264203,174
104,51,next,250,211.48462,387.99854,264203,264375,172
104,51,next,250,217.4765,386.23306,264375,264549,174
104,0,blank,0,230.54714,385.91884,264549,264728,179
104,0,blank,0,204.10146,376.92082,264728,264909,181
104,51,=,251,241.30684,380.436,264909,265088,179
104,0,blank,0,278.96594,377.25016,265088,265264,176
104,0,blank,0,274.8447,376.09652,265264,265438,174
104,0,blank,0,206.20238,379.62084,265438,265613,175
104,0,blank,0,247.133,382.78018,265613,265790,177
104,0,blank,0,180.30896,361.22442,265790,265967,177
104,0,blank,0,177.65992,357.1046,265967,266142,175
104,0,blank,0,222.76384,378.3248,266142,266322,180
104,0,blank,0,226.503275,378.145325,266322,266465,143
104,0,blank,0,177.8411,177.02356,266500,266679,179
104,0,blank,0,208.3383,227.3493,266679,266717,38
104,0,blank,0,293.10514,372.69138,266753,266934,181
104,51,head,253,277.50424,385.95478,266934,267112,178
104,0,blank,0,226.82455,394.01895,267112,267184,72
104,0,blank,0,-323,-105,267218,267333,115
104,51,->,249,181.7954,383.3599,267380,267437,57
104,51,next,250,201.57402,382.55648,267511,267678,167
104,0,blank,0,236.83844,375.59882,267678,267857,179
104,46,temp,234,239.1976,276.6279,267857,267893,36
104,40,i,197,189.04204,141.31536,267927,268100,173
104,0,blank,0,187.5807,161.7465,268100,268135,35
104,0,blank,0,-323,-105,268169,268282,113
104,51,head,253,279.507533333333,394.51495,268307,268497,190
104,51,next,250,209.09016,386.49066,268497,268677,180
104,51,head,253,281.32632,380.23622,268677,268855,178
104,51,head,253,298.49612,380.34768,268855,269035,180
104,0,blank,0,196.83854,420.07738,269035,269214,179
104,52,;,259,247.48072,416.15466,269214,269394,180
104,52,temp,258,238.46618,405.31872,269394,269572,178
104,51,next,250,203.4968,388.61524,269572,269753,181
104,0,blank,0,308.57094,378.86456,269790,269969,179
104,0,blank,0,230.6119,378.22256,269969,270150,181
104,0,blank,0,218.66086,312.0101,270150,270331,181
104,46,temp,234,222.58928,283.92778,270331,270517,186
104,46,temp,234,205.83646,278.93174,270517,270701,184
104,46,temp,234,208.10756,281.53618,270701,270880,179
104,0,blank,0,258.59756,356.34268,270880,271061,181
104,51,next,250,217.02592,384.84002,271061,271245,184
104,52,temp,258,236.7019,403.92112,271245,271432,187
104,0,blank,0,260.44076,408.82354,271432,271615,183
104,0,blank,0,219.16096,365.62654,271615,271800,185
104,46,temp,234,205.89224,287.88502,271800,271983,183
104,47,->,240,208.7847,291.4927,271983,272095,112
104,0,blank,0,238.91176,474.43676,272131,272317,186
104,0,blank,0,149.4524,510.08394,272317,272503,186
104,58,temp,276,185.57568,544.2902,272503,272689,186
104,59,!=,282,191.13116,556.44176,272689,272874,185
104,59,NULL,283,212.7547,567.163575,272874,273017,143
104,62,head,296,208.10455,636.91465,273089,273262,173
104,0,blank,0,262.2119,338.0182,273390,273509,119
104,51,=,251,242.039,386.219033333333,273509,273675,166
104,0,blank,0,238.33056,359.4864,273675,273858,183
104,46,temp,234,233.10902,280.95078,273858,274036,178
104,44,NULL,228,217.0743,235.41654,274036,274217,181
104,0,blank,0,193.54394,204.50614,274217,274398,181
104,42,struct,212,171.63026,199.129,274398,274577,179
104,0,blank,0,146.63626,199.52626,274577,274758,181
104,0,blank,0,223.7631,207.54946,274758,274935,177
104,42,struct,212,212.29314,200.78502,274935,275108,173
104,42,node,213,234.61532,191.58578,275108,275280,172
104,0,blank,0,318.548033333333,172.8982,275280,275385,105
104,44,==,227,192.40942,239.75836,275419,275591,172
104,44,NULL,228,219.98108,234.8713,275591,275765,174
104,0,blank,0,255.98946,223.19254,275765,275938,173
104,0,blank,0,187.26688,267.21778,275938,276114,176
104,0,blank,0,253.59152,268.69534,276114,276287,173
104,0,blank,0,255.5476,253.3941,276287,276462,175
104,0,blank,0,235.18565,213.10215,276462,276603,141
104,0,blank,0,195.62062,70.29972,276640,276815,175
104,0,blank,0,172.33684,57.15928,276815,276993,178
104,34,struct,157,185.72152,8.3456,276993,277167,174
104,0,blank,0,192.90702,67.16448,277167,277345,178
104,37,temp,172,184.91774,81.24926,277345,277520,175
104,37,temp,172,178.55636,87.94356,277520,277700,180
104,39,&,183,173.72474,121.24122,277700,277875,175
104,0,blank,0,236.91464,125.85294,277875,278056,181
104,0,blank,0,272.55048,130.21996,278056,278237,181
104,0,blank,0,242.04762,133.26218,278237,278413,176
104,0,blank,0,282.49508,128.17722,278413,278590,177
104,0,blank,0,310.3729,129.60435,278590,278659,69
104,0,blank,0,-323,-105,278694,278729,35
104,39,(,180,97.2405166666667,131.91895,278856,279051,195
104,39,scanf,179,73.40936,132.47278,279051,279221,170
104,39,"%d",181,130.3631,127.38146,279221,279394,173
104,39,num,184,194.20444,127.78,279394,279567,173
104,39,num,184,189.68256,128.37408,279567,279740,173
104,39,num,184,199.64608,126.40918,279740,279916,176
104,0,blank,0,254.8712,120.6616,279916,280091,175
104,0,blank,0,255.27504,123.62336,280091,280266,175
104,0,blank,0,285.33726,126.3189,280266,280443,177
104,0,blank,0,254.55764,126.51328,280443,280614,171
104,0,blank,0,281.57472,126.52496,280614,280788,174
104,0,blank,0,296.36754,128.8371,280788,280960,172
104,0,blank,0,243.95798,130.99208,280960,281135,175
104,39,&,183,169.19752,123.42564,281135,281309,174
104,39,),185,204.1639,124.38702,281309,281481,172
104,0,blank,0,254.27182,126.75916,281481,281656,175
104,0,blank,0,288.57584,122.59954,281656,281827,171
104,0,blank,0,297.11278,125.55588,281827,282001,174
104,39,num,184,201.43662,126.0384,282001,282174,173
104,39,comma,182,150.79314,124.37778,282174,282350,176
104,38,"Enterlengthoflist:",176,178.49124,110.56354,282350,282523,173
104,37,temp,172,179.49288,80.00574,282523,282699,176
104,37,temp,172,183.25836,76.56494,282699,282877,178
104,37,temp,172,202.604,79.3041,282877,283055,178
104,0,blank,0,241.52024,83.9754,283055,283231,176
104,38,"Enterlengthoflist:",176,249.3408,104.1283,283231,283411,180
104,39,num,184,194.7664,115.551725,283411,283556,145
104,0,blank,0,1002.32125,416.8597,283668,283819,151
104,0,blank,0,1069.2614,510.42454,283857,284038,181
104,0,blank,0,1063.7788,517.70626,284038,284227,189
104,0,blank,0,1043.747,480.16862,284227,284407,180
104,0,blank,0,1035.67925,419.945,284407,284554,147
104,0,blank,0,504.080566666667,233.311833333333,284628,284738,110
104,0,blank,0,1009.939,354.29904,284810,285000,190
104,0,blank,0,1045.0844,300.79694,285000,285186,186
104,0,blank,0,1044.846,292.39736,285186,285371,185
104,0,blank,0,1047.58,285.5143,285371,285408,37
104,0,blank,0,-323,-105,285445,285547,102
104,0,blank,0,1074.2694,219.57862,285573,285751,178
104,0,blank,0,1044.3102,158.01088,285751,285942,191
104,0,blank,0,1045.5318,160.9917,285942,286131,189
104,0,blank,0,1043.375,156.8055,286131,286170,39
105,0,blank,0,1035.49766666667,164.086233333333,286245,286360,115
105,24,==,119,153.373366666667,434.378666666667,286436,286550,114
105,0,blank,0,128.85746,681.33352,286586,286775,189
105,0,blank,0,135.36954,687.03194,286775,286959,184
105,0,blank,0,154.36944,684.67646,286959,287134,175
105,0,blank,0,203.004166666667,691.814466666667,287134,287239,105
105,0,blank,0,160.94022,719.53612,287307,287477,170
105,34,*,160,278.55712,661.51982,287477,287652,175
105,34,),162,327.08418,659.97574,287652,287831,179
105,0,blank,0,322.997933333333,685.175,287831,287981,150
105,0,blank,0,173.41066,681.24584,287981,288178,197
105,0,blank,0,192.36618,668.11066,288178,288357,179
105,34,node,158,237.3244,658.8403,288357,288394,37
105,0,blank,0,135.7221,402.1871,288464,288646,182
105,0,blank,0,150.45818,353.51528,288646,288823,177
105,21,(,104,131.5806,361.05446,288823,289000,177
105,21,display,103,110.04216,363.32302,289000,289175,175
105,21,display,103,93.69068,359.9817,289175,289348,173
105,21,struct,105,157.22204,375.84108,289348,289518,170
105,21,struct,105,158.86414,368.62996,289518,289690,172
105,0,blank,0,145.38588,389.93784,289690,289863,173
105,23,=,113,139.95428,405.67676,289863,290038,175
105,23,=,113,138.0479,408.66468,290038,290215,177
105,0,blank,0,127.88356,408.87292,290215,290393,178
105,23,flag,112,113.3855,409.68634,290393,290572,179
105,23,;,115,164.13848,414.44788,290572,290749,177
105,23,flag,112,99.72232,417.08124,290749,290920,171
105,0,blank,0,127.69678,412.4198,290920,291092,172
105,24,head,118,139.07066,429.2502,291092,291265,173
105,24,==,119,156.9323,433.24616,291265,291437,172
105,24,NULL,120,206.4818,441.32084,291437,291610,173
105,24,NULL,120,211.19058,436.26014,291610,291781,171
105,0,blank,0,160.431933333333,460.478366666667,291781,291883,102
105,0,blank,0,-323,-105,291917,292045,128
105,24,head,118,113.33,437.54415,292070,292257,187
105,24,head,118,111.60026,439.79708,292257,292428,171
105,24,NULL,120,191.67318,439.57734,292428,292598,170
105,24,NULL,120,221.22048,437.76802,292598,292769,171
105,24,NULL,120,205.59416,429.11368,292769,292938,169
105,24,==,119,159.389033333333,429.119,292938,293038,100
105,0,blank,0,-323,-105,293072,293183,111
105,24,while,116,69.39975,432.503783333333,293234,293430,196
105,0,blank,0,77.25026,393.36952,293430,293625,195
105,0,blank,0,128.2107,400.76335,293625,293812,187
105,24,==,119,157.7258,431.4025,293812,293946,134
105,0,blank,0,117.9204,357.80645,293946,294133,187
105,0,blank,0,82.09558,341.83832,294133,294311,178
105,0,blank,0,59.1942,337.43795,294311,294381,70
105,0,blank,0,204.03272,346.05826,294418,294604,186
105,0,blank,0,75.98434,346.27202,294644,294829,185
105,0,blank,0,79.41678,351.60076,294829,295016,187
105,21,display,103,80.83244,369.0491,295016,295197,181
105,0,blank,0,154.09338,351.98636,295197,295383,186
105,0,blank,0,94.43682,352.77962,295383,295572,189
105,0,blank,0,94.01136,395.5273,295572,295762,190
105,23,flag,112,107.144,422.60668,295762,295949,187
105,21,display,103,116.78558,373.01464,295949,296137,188
105,0,blank,0,153.61784,347.47124,296137,296323,186
105,21,node,106,223.73766,361.6349,296323,296503,180
105,21,node,106,231.18495,358.7279,296503,296577,74
105,23,=,113,140.79122,419.85004,296614,296799,185
105,0,blank,0,126.6737,422.02728,296799,296984,185
105,24,head,118,112.20314,431.2246,296984,297168,184
105,0,blank,0,112.5686,457.6025,297168,297353,185
105,0,blank,0,113.12578,461.08296,297353,297535,182
105,0,blank,0,123.6808,457.43334,297535,297716,181
105,0,blank,0,149.10614,434.80464,297716,297895,179
105,0,blank,0,94.94948,423.30518,297895,298072,177
105,23,flag,112,92.8732,419.24706,298072,298247,175
105,24,head,118,135.1111,427.57158,298247,298420,173
105,24,while,116,90.40938,436.67038,298420,298595,175
105,24,while,116,61.3941,436.68992,298595,298765,170
105,24,while,116,46.16878,441.6368,298765,298937,172
105,0,blank,0,111.56632,454.1689,298937,299109,172
105,0,blank,0,118.81702,455.08672,299109,299278,169
105,26,flag,127,152.01758,473.11164,299278,299450,172
105,0,blank,0,110.96096,456.68736,299450,299622,172
105,24,while,116,85.85648,437.73916,299622,299799,177
105,24,while,116,80.44304,436.80412,299799,299975,176
105,24,while,116,47.47678,434.97294,299975,300147,172
105,24,head,118,106.47882,428.46004,300147,300314,167
105,0,blank,0,147.180166666667,426.508233333333,300314,300512,198
105,0,blank,0,172.117433333333,420.3067,300512,300709,197
105,24,NULL,120,188.1848,424.5933,300709,300742,33
105,23,flag,112,101.15564,421.50958,300774,300960,186
105,23,flag,112,123.5049,415.3069,300960,301148,188
105,23,flag,112,85.2174,408.686866666667,301148,301342,194
105,23,flag,112,106.056883333333,418.611416666667,301342,301541,199
105,23,=,113,133.80068,419.60284,301541,301714,173
105,0,blank,0,191.5445,418.37754,301714,301892,178
105,24,NULL,120,187.3575,424.7279,301892,301930,38
105,0,blank,0,-323,-105,301967,302061,94
105,0,blank,0,-323,-105,302061,302190,129
105,0,blank,0,161.49552,394.4293,302245,302420,175
105,0,blank,0,137.96636,402.61172,302420,302605,185
105,0,blank,0,117.06992,400.1307,302605,302790,185
105,0,blank,0,110.39736,399.4406,302790,302974,184
105,0,blank,0,172.6764,404.1985,302974,303155,181
105,0,blank,0,83.16272,385.03276,303155,303341,186
105,0,blank,0,68.36712,380.36094,303341,303523,182
105,21,display,103,105.29534,372.7537,303523,303710,187
105,21,(,104,128.32226,378.9793,303710,303903,193
105,0,blank,0,110.2235,339.8889,303903,304096,193
105,19,return,98,101.2888,326.32488,304096,304288,192
105,0,blank,0,80.16494,355.61684,304288,304481,193
105,0,blank,0,98.42282,391.1643,304481,304674,193
105,21,display,103,87.8388,375.7246,304674,304867,193
105,0,blank,0,76.89666,404.20036,304867,305060,193
105,23,=,113,138.8343,412.09628,305060,305252,192
105,23,;,115,168.60414,411.96984,305252,305443,191
105,23,=,113,140.84512,405.11722,305443,305636,193
105,0,blank,0,105.45604,392.71944,305636,305823,187
105,0,blank,0,98.36554,345.53862,305823,306013,190
105,0,blank,0,87.82008,398.8297,306013,306204,191
105,23,flag,112,99.39828,408.18476,306204,306394,190
105,0,blank,0,125.27772,403.39752,306394,306584,190
105,0,blank,0,171.42482,397.32302,306584,306773,189
105,0,blank,0,151.2535,399.23318,306773,306956,183
105,21,struct,105,151.53668,369.88362,306956,307139,183
105,0,blank,0,150.56092,328.87356,307139,307323,184
105,19,return,98,92.91444,330.20954,307323,307508,185
105,0,blank,0,150.17838,328.5189,307508,307693,185
105,0,blank,0,243.6791,333.826525,307693,307842,149
105,0,blank,0,-323,-105,307917,308021,104
105,0,blank,0,120.9629,-103.8896,308067,308154,87
105,0,blank,0,230.5596,342.941666666667,308238,308420,182
105,0,blank,0,270.690366666667,342.099033333333,308420,308591,171
105,0,blank,0,92.7114,351.168333333333,308647,308826,179
105,21,display,103,55.1981,367.6532,308826,309005,179
105,19,return,98,53.3031333333333,331.490166666667,309005,309179,174
105,0,blank,0,67.62365,341.8712,309179,309300,121
105,0,blank,0,69.771825,389.258625,309356,309552,196
105,21,display,103,90.62856,374.34428,309552,309735,183
105,21,struct,105,134.42672,378.8206,309735,309915,180
105,0,blank,0,91.14088,400.01666,309915,310093,178
105,0,blank,0,76.3289,401.70718,310093,310273,180
105,0,blank,0,97.94828,395.0326,310273,310456,183
105,0,blank,0,143.30858,394.20162,310456,310641,185
105,0,blank,0,128.76898,397.69168,310641,310828,187
105,0,blank,0,53.77174,395.96104,310828,311010,182
105,0,blank,0,87.50484,398.99872,311010,311195,185
105,0,blank,0,118.52692,394.79308,311195,311382,187
105,0,blank,0,117.41522,343.25014,311382,311570,188
105,21,display,103,77.25108,369.01174,311570,311758,188
105,19,return,98,79.188,330.95122,311758,311944,186
105,0,blank,0,142.57418,325.52866,311944,312131,187
105,0,blank,0,218.26586,331.97716,312131,312320,189
105,0,blank,0,243.30465,334.5884,312320,312398,78
105,21,display,103,69.52396,377.28394,312435,312625,190
105,0,blank,0,99.3965,389.28426,312625,312809,184
105,0,blank,0,144.44098,409.3084,312809,312990,181
105,0,blank,0,150.92136,408.58016,312990,313174,184
105,0,blank,0,126.25848,412.42474,313174,313359,185
105,0,blank,0,167.40046,401.6524,313359,313547,188
105,0,blank,0,103.5828,450.2059,313547,313736,189
105,0,blank,0,86.63956,453.27774,313736,313927,191
105,0,blank,0,128.9574,457.681233333333,313927,314079,152
105,0,blank,0,196.9941,467.7762,314079,314340,261
105,0,blank,0,126.0458,506.750025,314499,314666,167
105,0,blank,0,142.1337,500.9365,314666,314703,37
105,0,blank,0,252.86636,518.52508,314741,314927,186
105,28,head,137,281.56542,516.0507,314927,315114,187
105,0,blank,0,230.50202,510.0222,315114,315299,185
105,0,blank,0,194.489,498.7784,315299,315407,108
105,0,blank,0,107.92968,388.58462,315444,315625,181
105,0,blank,0,104.4295,399.64426,315625,315806,181
105,0,blank,0,61.13672,393.00688,315806,315989,183
105,23,int,111,68.79218,406.85172,315989,316176,187
105,0,blank,0,146.21442,408.47672,316176,316367,191
105,30,flag,143,92.18986,576.22258,316403,316590,187
105,29,},142,86.6966666666667,552.987866666667,316590,316704,114
105,0,blank,0,81.68872,387.3996,316741,316930,189
105,21,display,103,63.38258,377.53984,316930,317119,189
105,0,blank,0,93.22922,352.01976,317119,317306,187
105,21,display,103,74.44318,374.53856,317306,317493,187
105,0,blank,0,97.19484,380.63578,317493,317680,187
105,0,blank,0,106.27038,382.21294,317680,317870,190
105,0,blank,0,86.57844,393.43798,317870,318062,192
105,0,blank,0,123.905,392.28232,318062,318253,191
105,0,blank,0,97.57026,390.81276,318253,318445,192
105,0,blank,0,112.724,388.57114,318445,318636,191
105,0,blank,0,118.57828,381.42944,318636,318824,188
105,21,display,103,108.66576,377.07988,318824,319012,188
105,0,blank,0,87.3968,380.65486,319012,319200,188
105,21,display,103,61.18934,376.84462,319200,319390,190
105,0,blank,0,99.18028,381.09692,319390,319578,188
105,21,struct,105,133.1099,375.0321,319578,319768,190
105,0,blank,0,108.53092,381.59678,319768,319958,190
105,0,blank,0,78.91748,392.65552,319958,320142,184
105,0,blank,0,63.59316,390.92506,320142,320326,184
105,0,blank,0,103.91756,350.35626,320326,320507,181
105,0,blank,0,102.37488,384.55868,320507,320687,180
105,23,int,111,61.63682,410.9749,320687,320871,184
105,23,flag,112,111.38456,406.66216,320871,321056,185
105,0,blank,0,177.0526,406.79568,321056,321241,185
105,23,=,113,138.64888,412.9011,321241,321423,182
105,0,blank,0,148.19896,410.64036,321423,321606,183
105,0,blank,0,172.212,399.33882,321606,321786,180
105,0,blank,0,195.8643,346.11018,321786,321964,178
105,0,blank,0,112.3208,331.69814,321964,322141,177
105,0,blank,0,64.7356,334.02958,322141,322321,180
105,0,blank,0,159.9782,323.93436,322321,322497,176
105,0,blank,0,222.48902,328.47906,322497,322680,183
105,0,blank,0,258.91556,330.32666,322680,322866,186
105,0,blank,0,-323,-105,322902,323052,150
105,0,blank,0,-1.01128,337.84146,323075,323257,182
105,19,return,98,67.05802,332.18684,323257,323441,184
105,0,blank,0,81.4992,334.33815,323441,323516,75
105,0,blank,0,196.12718,336.9896,323554,323732,178
105,0,blank,0,253.30964,338.93016,323732,323906,174
105,0,blank,0,259.5179,330.8302,323906,323976,70
105,0,blank,0,144.9409,401.83396,324010,324186,176
105,0,blank,0,193.47988,349.35198,324186,324375,189
105,0,blank,0,196.51846,333.93452,324375,324566,191
105,0,blank,0,160.35704,338.3272,324566,324753,187
105,0,blank,0,273.9103,336.489333333333,324796,324917,121
105,23,flag,112,120.22368,409.5422,324956,325143,187
105,23,=,113,140.05816,407.60238,325143,325331,188
105,0,blank,0,152.7294,412.39648,325331,325517,186
105,23,flag,112,88.08952,409.00808,325517,325704,187
105,23,int,111,59.08036,405.58846,325704,325893,189
105,0,blank,0,140.79398,401.75098,325893,326084,191
105,0,blank,0,141.95466,400.33066,326084,326270,186
105,23,flag,112,92.12398,411.2373,326270,326455,185
105,0,blank,0,82.66546,404.47706,326455,326642,187
105,23,int,111,63.66442,404.99746,326642,326829,187
105,0,blank,0,124.52154,405.32228,326829,327018,189
105,23,0,114,157.84014,410.86658,327018,327205,187
105,23,flag,112,121.18328,406.33002,327205,327392,187
105,23,flag,112,104.65132,409.2587,327392,327578,186
105,23,flag,112,98.5772,413.19732,327578,327765,187
105,0,blank,0,149.58562,408.96588,327765,327951,186
105,23,=,113,141.55132,414.04292,327951,328132,181
105,23,flag,112,95.67878,415.59418,328132,328317,185
105,23,flag,112,97.5236,421.3338,328317,328354,37
105,0,blank,0,-323,-105,328393,328542,149
105,23,int,111,67.91898,419.50286,328590,328770,180
105,23,flag,112,94.76316,408.96472,328770,328956,186
105,24,head,118,125.57332,425.61732,328956,329142,186
105,0,blank,0,94.54226,459.65906,329142,329325,183
105,0,blank,0,95.92274,454.44186,329325,329508,183
105,0,blank,0,159.04298,453.71074,329508,329694,186
105,0,blank,0,2.0158,405.09456,329731,329920,189
105,0,blank,0,-7.90744,389.64964,329920,330112,192
105,0,blank,0,119.29678,396.60128,330151,330341,190
105,0,blank,0,84.98958,400.55146,330341,330530,189
105,24,head,118,119.84846,442.53532,330530,330720,190
105,0,blank,0,88.34958,454.20968,330720,330909,189
105,0,blank,0,114.3094,455.6893,330909,331099,190
105,0,blank,0,136.5674,455.12968,331099,331287,188
105,0,blank,0,195.74154,457.25694,331287,331474,187
105,0,blank,0,184.10015,467.1923,331511,331662,151
105,0,blank,0,181.6277,448.7665,331705,331745,40
105,0,blank,0,233.7315,542.711,331782,331824,42
105,0,blank,0,123.22368,398.0683,331861,332053,192
105,21,display,103,117.48025,360.53185,332053,332133,80
105,0,blank,0,162.6069,466.99976,332176,332369,193
105,0,blank,0,116.3657,462.60566,332369,332562,193
105,0,blank,0,171.9083,465.67544,332562,332749,187
105,0,blank,0,189.23244,449.1458,332749,332936,187
105,0,blank,0,123.31998,384.50418,332936,333120,184
105,0,blank,0,84.80972,385.21996,333120,333303,183
105,0,blank,0,86.4146,398.8268,333303,333341,38
105,0,blank,0,185.56088,457.66262,333378,333564,186
105,26,flag,127,177.2874,482.06728,333564,333747,183
105,0,blank,0,155.71794,500.14146,333747,333932,185
105,0,blank,0,117.65766,549.37452,333932,334118,186
105,30,flag,143,90.49608,563.32762,334118,334307,189
105,0,blank,0,98.7489333333333,545.295533333333,334307,334480,173
105,24,head,118,134.005,444.5998,334480,334622,142
105,0,blank,0,131.3072,459.7554,334622,334748,126
105,0,blank,0,167.9211,467.1321,334748,334946,198
105,26,flag,127,157.69262,481.82134,334946,335133,187
105,0,blank,0,136.86898,499.51014,335133,335319,186
105,0,blank,0,261.29474,515.94898,335319,335514,195
105,28,head,137,290.84198,513.7513,335514,335708,194
105,28,head,137,299.3826,522.36975,335708,335784,76
105,0,blank,0,120.73434,462.18034,335823,336015,192
105,0,blank,0,73.923,473.71356,336015,336204,189
105,0,blank,0,129.64276,457.97034,336204,336394,190
105,0,blank,0,169.15924,445.30424,336394,336580,186
105,26,flag,127,169.2822,483.518625,336580,336771,191
105,0,blank,0,145.9967,493.0441,336771,336959,188
105,24,head,118,131.85102,438.30266,336959,337148,189
105,0,blank,0,130.83422,389.37914,337148,337339,191
105,0,blank,0,75.90474,404.21346,337339,337529,190
105,23,flag,112,103.55616,403.61396,337529,337720,191
105,0,blank,0,111.5044,396.9696,337720,337758,38
105,0,blank,0,-323,-105,337796,337940,144
105,0,blank,0,165.507,-103.9028,337986,338011,25
105,24,(,117,95.4159,427.96905,338223,338315,92
105,24,NULL,120,196.368433333333,427.959233333333,338365,338543,178
105,24,NULL,120,184.534933333333,441.930733333333,338543,338726,183
105,0,blank,0,6.58863333333333,433.3226,338781,338949,168
105,0,blank,0,56.7420666666667,445.894966666667,338949,339125,176
105,24,head,118,137.450333333333,437.8913,339125,339301,176
105,26,),131,240.203733333333,472.609033333333,339301,339465,164
105,28,head,137,295.41214,521.42278,339465,339652,187
105,28,a,139,329.8358,516.243675,339652,339801,149
105,0,blank,0,188.37466,554.87844,339838,340023,185
105,0,blank,0,164.40266,571.47392,340023,340207,184
105,0,blank,0,160.66484,575.8655,340207,340386,179
105,0,blank,0,186.56578,569.49634,340386,340567,181
105,0,blank,0,190.79442,568.92174,340567,340750,183
105,0,blank,0,170.41998,573.60118,340750,340930,180
105,31,head,148,157.73556,588.7691,340930,341110,180
105,31,->,149,209.5084,595.32274,341110,341296,186
105,31,next,150,251.6504,595.8382,341296,341482,186
105,0,blank,0,275.61416,594.86864,341482,341665,183
105,0,blank,0,210.7739,550.35238,341665,341854,189
105,28,"%d",135,217.5155,528.64218,341854,342036,182
105,28,->,138,306.47998,520.8817,342036,342221,185
105,28,a,139,330.497125,520.374775,342221,342369,148
105,0,blank,0,159.09836,578.76044,342407,342595,188
105,31,head,148,186.05208,592.7893,342595,342787,192
105,0,blank,0,165.79152,599.36472,342787,342978,191
105,0,blank,0,150.3866,602.8892,342978,343055,77
105,26,flag,127,157.02874,477.43272,343091,343279,188
105,26,flag,127,173.58288,471.54772,343279,343467,188
105,0,blank,0,173.6558,509.44062,343467,343657,190
105,0,blank,0,168.2119,537.8229,343657,343847,190
105,0,blank,0,175.08204,497.53106,343847,344039,192
105,0,blank,0,198.55724,493.17326,344039,344224,185
105,28,head,137,267.6765,517.71904,344224,344413,189
105,28,->,138,311.30406,519.4501,344413,344600,187
105,28,;,141,346.30142,526.72688,344600,344794,194
105,0,blank,0,293.31268,510.97318,344794,344990,196
105,0,blank,0,-323,-105,345029,345201,172
105,0,blank,0,-323,-105,345201,345444,243
105,0,blank,0,-323,-105,345444,345620,176
105,0,blank,0,-323,-105,345620,345775,155
105,0,blank,0,-323,-105,345775,345934,159
105,0,blank,0,-323,-105,345934,346128,194
105,0,blank,0,-323,-105,346128,346299,171
105,0,blank,0,-323,-105,346299,346444,145
105,0,blank,0,-323,-105,346444,346511,67
105,0,blank,0,-323,-105,346511,346680,169
105,0,blank,0,-323,-105,346680,346878,198
105,0,blank,0,-323,-105,346878,346958,80
105,0,blank,0,-323,-105,346958,347147,189
105,0,blank,0,-323,-105,347147,347276,129
105,0,blank,0,-323,-105,347276,347456,180
105,30,flag,143,122.652725,568.80955,348004,348173,169
105,31,head,148,169.5647,591.353025,348173,348346,173
105,0,blank,0,145.469725,589.499825,348346,348507,161
105,0,blank,0,82.1166,581.6607,348507,348685,178
105,31,head,148,97.34504,597.21518,348685,348884,199
105,0,blank,0,-323,-105,348964,349149,185
105,21,display,103,114.64478,373.3681,349192,349368,176
105,21,display,103,101.9883,377.745366666667,349368,349479,111
105,0,blank,0,-323,-105,349518,349689,171
105,0,blank,0,148.64278,544.2897,349734,349908,174
105,0,blank,0,136.66084,494.27548,349908,350097,189
105,26,!,125,130.25102,472.20838,350097,350285,188
105,26,flag,127,166.66934,468.06796,350285,350478,193
105,30,++,144,128.75676,557.62204,350478,350664,186
105,30,flag,143,99.80054,576.16516,350664,350849,185
105,30,flag,143,111.89568,575.40038,350849,351033,184
105,31,head,148,112.57932,585.93368,351033,351223,190
105,31,head,148,85.51198,597.42144,351223,351408,185
105,31,head,148,176.80146,590.9058,351408,351596,188
105,31,->,149,202.818125,589.230375,351596,351747,151
105,31,head,148,91.3269,593.82838,351783,351972,189
105,0,blank,0,69.979,588.11244,351972,352161,189
105,31,head,148,121.25036,585.5232,352161,352353,192
105,31,head,148,157.082433333333,580.132533333333,352353,352471,118
105,0,blank,0,-323,-105,352507,352597,90
105,0,blank,0,105.7811,608.7884,352768,352959,191
105,0,blank,0,173.458166666667,602.346833333333,352959,353119,160
105,0,blank,0,179.463,600.6248,353119,353166,47
105,0,blank,0,134.1184,602.826,353166,353383,217
105,0,blank,0,136.4201,609.051133333333,353383,353552,169
105,0,blank,0,150.07416,598.06196,353552,353749,197
105,31,head,148,102.35734,581.94572,353749,353939,190
105,0,blank,0,92.93572,578.62254,353939,354137,198
105,0,blank,0,132.33735,591.16175,354137,354305,168
105,0,blank,0,169.01585,600.206575,354305,354466,161
105,0,blank,0,187.406925,601.0793,354466,354629,163
105,0,blank,0,209.5159,607.6308,354629,354714,85
105,0,blank,0,70.8313,595.229,354754,354881,127
105,31,head,148,86.6781,580.2323,354881,355018,137
105,0,blank,0,86.4974,615.4659,355018,355160,142
105,0,blank,0,81.58,399.232975,355243,355413,170
105,21,display,103,94.387825,358.914175,355413,355594,181
105,19,return,98,86.1050666666667,321.1913,355594,355726,132
105,16,printf,82,74.7845,251.34365,355726,355924,198
105,14,struct,69,66.64064,221.49554,355924,356116,192
105,14,struct,69,67.14064,205.57502,356116,356292,176
105,0,blank,0,64.65454,183.7722,356292,356471,179
105,0,blank,0,147.55604,202.1553,356471,356651,180
105,0,blank,0,166.3815,203.0206,356651,356839,188
105,0,blank,0,198.76664,204.30302,356839,357026,187
105,0,blank,0,214.09175,212.9123,357026,357097,71
105,14,struct,69,100.53426,209.79672,357132,357311,179
105,0,blank,0,157.64344,210.40974,357311,357487,176
105,0,blank,0,193.78905,201.68915,357487,357558,71
105,0,blank,0,60.38452,225.49012,357596,357780,184
105,14,struct,69,95.86952,216.82456,357780,357967,187
105,0,blank,0,106.97066,224.5504,357967,358152,185
105,15,generate,76,65.93184,229.76082,358152,358333,181
105,15,generate,76,112.54682,237.6357,358333,358514,181
105,14,head,72,190.11022,216.62458,358514,358695,181
105,0,blank,0,207.708066666667,204.825933333333,358695,358804,109
105,15,generate,76,61.9000666666667,246.779266666667,358843,358949,106
105,0,blank,0,-323,-105,358986,359114,128
105,15,head,79,170.5184,240.091,359168,359350,182
105,0,blank,0,243.93716,240.85344,359350,359536,186
105,16,"\nDisplayingthealternatenodes\n",84,301.46314,251.548,359536,359722,186
105,16,"\nDisplayingthealternatenodes\n",84,364.94956,254.21528,359722,359903,181
105,16,"\nDisplayingthealternatenodes\n",84,382.729,256.83595,359903,359975,72
105,16,"\nDisplayingthealternatenodes\n",84,262.27304,248.39654,360011,360188,177
105,16,"\nDisplayingthealternatenodes\n",84,413.12446,261.88826,360225,360402,177
105,16,"\nDisplayingthealternatenodes\n",84,398.5651,262.3592,360402,360474,72
105,17,display,87,50.50442,274.64482,360546,360730,184
105,16,printf,82,84.73248,266.71198,360730,360911,181
105,0,blank,0,38.01906,264.26298,360911,361093,182
105,16,printf,82,101.80832,268.7095,361093,361272,179
105,17,display,87,44.19124,272.2511,361272,361452,180
105,0,blank,0,-323,-105,361525,361555,30
105,0,blank,0,185.3081,614.873,361581,361607,26
105,16,printf,82,91.68815,263.363533333333,361666,361864,198
105,16,printf,82,74.46394,264.63532,361864,362048,184
105,16,"\nDisplayingthealternatenodes\n",84,114.03436,268.49726,362048,362229,181
105,16,printf,82,86.56238,268.92932,362229,362415,186
105,16,(,83,107.8478,264.10854,362415,362593,178
105,16,"\nDisplayingthealternatenodes\n",84,132.09834,261.32552,362593,362767,174
105,17,head,89,136.37864,279.82508,362767,362946,179
105,18,head,95,146.9295,302.225,362946,362982,36
105,26,(,126,139.8355,487.90566,363017,363203,186
105,0,blank,0,136.3377,454.31572,363203,363381,178
105,24,head,118,104.9636,443.24862,363381,363563,182
105,0,blank,0,132.04106,457.88954,363563,363746,183
105,24,head,118,133.18358,440.40632,363746,363930,184
105,23,flag,112,108.70732,419.10546,363930,364111,181
105,24,(,117,99.27238,424.97162,364111,364294,183
105,24,==,119,157.5702,444.94102,364294,364473,179
105,26,(,126,142.9409,480.37174,364473,364654,181
105,0,blank,0,110.77428,536.04712,364654,364840,186
105,0,blank,0,100.86342,536.95488,364840,365024,184
105,26,(,126,121.36324,469.61068,365024,365210,186
105,0,blank,0,111.47994,460.12016,365210,365393,183
105,0,blank,0,110.4073,451.84062,365393,365575,182
105,24,head,118,110.53068,443.33052,365575,365758,183
105,24,head,118,103.63038,432.21662,365758,365938,180
105,0,blank,0,123.08342,454.3303,365938,366121,183
105,26,flag,127,157.80626,486.83928,366121,366304,183
105,0,blank,0,127.93502,511.82466,366304,366483,179
105,28,printf,133,171.19254,518.23218,366483,366660,177
105,0,blank,0,253.02294,528.09542,366660,366841,181
105,0,blank,0,255.84212,533.1842,366841,367025,184
105,0,blank,0,120.16416,537.25352,367061,367247,186
105,31,head,148,98.03232,593.0425,367247,367426,179
105,0,blank,0,90.38776,602.95204,367426,367609,183
105,0,blank,0,132.2283,602.0316,367609,367787,178
105,0,blank,0,179.11866,604.10804,367787,367966,179
105,0,blank,0,194.0117,609.9845,367966,368036,70
105,0,blank,0,133.24882,399.05556,368071,368246,175
105,0,blank,0,130.793966666667,404.681166666667,368246,368349,103
105,28,printf,133,165.25986,531.59562,368385,368562,177
105,30,flag,143,105.12834,569.74798,368562,368736,174
105,31,head,148,89.9181,579.89146,368736,368913,177
105,26,flag,127,143.15024,477.3068,368913,369094,181
105,0,blank,0,125.8507,472.27882,369094,369273,179
105,26,flag,127,160.65256,477.78298,369273,369452,179
105,26,flag,127,149.00984,481.08982,369452,369631,179
105,26,if,123,103.18616,481.37898,369631,369808,177
105,0,blank,0,58.79174,479.53184,369808,369984,176
105,26,if,123,96.70104,481.3652,369984,370159,175
105,0,blank,0,-323,-105,370229,370342,113
105,26,flag,127,166.005716666667,482.153066666667,370375,370568,193
105,0,blank,0,180.63756,489.05896,370568,370745,177
105,0,blank,0,134.64776,461.90744,370745,370926,181
105,0,blank,0,130.97066,466.03606,370926,371106,180
105,26,flag,127,162.55758,472.87732,371106,371287,181
105,0,blank,0,109.32772,476.3619,371287,371472,185
105,0,blank,0,131.147,480.27438,371472,371666,194
105,26,flag,127,153.188125,485.43595,371666,371826,160
105,26,flag,127,169.96002,474.80662,371826,372022,196
105,26,flag,127,153.85282,480.63292,372022,372210,188
105,0,blank,0,129.43756,491.35598,372210,372390,180
105,26,flag,127,152.98246,488.33614,372390,372571,181
105,26,flag,127,165.62256,482.55586,372571,372747,176
105,26,flag,127,173.60234,486.15284,372747,372921,174
105,0,blank,0,184.565,479.6261,372921,372995,74
105,0,blank,0,-323,-105,373067,373220,153
105,0,blank,0,-323,-105,373220,373356,136
105,0,blank,0,101.37335,491.36915,373690,373855,165
105,0,blank,0,125.46442,538.33328,373855,374045,190
105,0,blank,0,139.8822,534.45048,374045,374231,186
105,0,blank,0,134.3311,503.94634,374231,374421,190
105,26,(,126,118.51186,488.03816,374421,374604,183
105,26,(,126,137.27724,468.77342,374604,374788,184
105,26,flag,127,150.77582,480.8801,374788,374972,184
105,0,blank,0,177.5283,539.05514,374972,375150,178
105,28,printf,133,172.62075,522.5791,375150,375247,97
105,0,blank,0,157.2522,493.5378,375247,375373,126
105,24,head,118,134.0157,444.0562,375373,375504,131
105,0,blank,0,152.728866666667,449.096633333333,375504,375683,179
105,26,flag,127,166.86298,485.14756,375683,375868,185
105,28,(,134,178.75402,515.33076,375868,376051,183
105,0,blank,0,226.59874,534.37042,376051,376238,187
105,28,comma,136,249.7072,532.959866666667,376238,376350,112
105,0,blank,0,116.8835,599.84814,376387,376572,185
105,0,blank,0,174.46426,608.30892,376572,376756,184
105,0,blank,0,178.0503,607.9769,376756,376793,37
105,0,blank,0,145.7147,328.7884,376830,377017,187
105,16,"\nDisplayingthealternatenodes\n",84,121.503225,260.08805,377017,377191,174
105,0,blank,0,95.87674,225.97088,377191,377373,182
105,15,generate,76,88.9088666666667,231.3221,377373,377480,107
105,26,(,126,142.18502,478.50458,377516,377693,177
105,26,flag,127,143.09298,468.51688,377693,377876,183
105,0,blank,0,130.59794,417.38892,377876,378055,179
105,23,flag,112,95.52014,413.7448,378055,378236,181
105,23,flag,112,93.65492,413.55204,378236,378419,183
105,0,blank,0,167.173,446.8,378419,378457,38
105,0,blank,0,-323,-105,378530,378638,108
105,23,=,113,136.51196,416.49528,378672,378835,163
105,23,flag,112,107.04224,409.16454,378835,379026,191
105,24,head,118,106.21656,425.99538,379026,379217,191
105,0,blank,0,114.56394,466.29882,379217,379399,182
105,0,blank,0,140.146,499.41754,379399,379579,180
105,0,blank,0,105.57534,488.39806,379579,379758,179
105,27,{,132,85.28322,493.35866,379758,379941,183
105,0,blank,0,179.27922,493.6651,379941,380123,182
105,26,flag,127,160.42956,487.04424,380123,380304,181
105,26,(,126,140.3834,482.93758,380304,380488,184
105,26,flag,127,180.51904,485.9261,380488,380671,183
105,26,flag,127,181.35915,484.6263,380671,380743,72
105,0,blank,0,120.09914,398.6365,380781,380964,183
105,0,blank,0,145.10444,463.91226,380964,381153,189
105,26,flag,127,157.67486,471.12898,381153,381341,188
105,0,blank,0,151.07512,452.00492,381341,381526,185
105,26,flag,127,147.58998,471.08852,381526,381712,186
105,0,blank,0,187.78832,476.35454,381712,381898,186
105,28,printf,133,160.49986,516.4731,381898,382086,188
105,0,blank,0,145.319133333333,538.966466666667,382086,382197,111
105,16,"\nDisplayingthealternatenodes\n",84,217.01322,261.37942,382234,382420,186
105,15,head,79,150.87622,241.79372,382420,382608,188
105,16,"\nDisplayingthealternatenodes\n",84,319.09326,249.69864,382646,382828,182
105,16,"\nDisplayingthealternatenodes\n",84,409.2492,248.833933333333,382828,382934,106
105,16,printf,82,46.25578,257.61418,383004,383176,172
105,11,delete,56,83.07042,139.90422,383176,383349,173
105,10,struct,50,135.93154,133.20644,383349,383529,180
105,9,generate,39,115.32766,112.8187,383529,383713,184
105,9,generate,39,72.30022,101.77956,383713,383891,178
105,0,blank,0,75.0949,89.89034,383891,384070,179
105,7,struct,31,82.71238,57.89506,384070,384249,179
105,0,blank,0,89.88748,25.44598,384249,384426,177
105,0,blank,0,129.86558,33.22332,384426,384606,180
105,0,blank,0,115.26398,34.6737,384606,384786,180
105,0,blank,0,45.5792,23.84476,384786,384973,187
105,0,blank,0,111.73338,38.01546,384973,385157,184
105,0,blank,0,122.77156,34.71302,385157,385338,181
105,0,blank,0,143.73506,35.19936,385338,385520,182
105,0,blank,0,71.77798,18.7508,385520,385702,182
105,0,blank,0,47.51906,16.00066,385702,385886,184
105,0,blank,0,36.99154,13.24702,385886,386069,183
105,0,blank,0,25.92654,14.45588,386069,386250,181
105,6,int,28,71.70726,39.16932,386250,386433,183
105,0,blank,0,39.72084,45.56634,386433,386621,188
105,6,int,28,48.74556,45.47984,386621,386808,187
105,0,blank,0,80.37298,42.96374,386808,386989,181
105,0,blank,0,121.439766666667,47.3893333333333,386989,387100,111
105,0,blank,0,-323,-105,387138,387272,134
105,21,(,104,129.68496,359.86492,387301,387480,179
105,0,blank,0,1017.231,333.74716,387557,387750,193
105,0,blank,0,1040.31,131.94906,387787,387970,183
105,0,blank,0,1029.47675,41.192825,387970,388110,140
105,0,blank,0,1029.9928,326.67522,388147,388321,174
105,0,blank,0,1041.9148,329.6531,388321,388501,180
105,0,blank,0,1055.6396,342.74704,388501,388684,183
105,0,blank,0,1048.0616,331.3684,388684,388872,188
105,0,blank,0,1047.7784,302.11364,388872,389060,188
105,0,blank,0,1049.5284,233.8496,389060,389246,186
105,0,blank,0,1045.734,236.79546,389246,389433,187
105,0,blank,0,1037.74033333333,226.238666666667,389433,389546,113
105,0,blank,0,1030.84366666667,46.383,389583,389694,111
106,0,blank,0,1036.188,25.5298666666667,389877,389989,112
106,0,blank,0,1044.0274,187.5654,390028,390216,188
106,0,blank,0,1049.403,188.8444,390216,390255,39
106,0,blank,0,-323,-105,390329,390368,39
106,0,blank,0,115.18008,113.25182,390517,390693,176
106,1,Program,4,100.8809,24.78624,390693,390882,189
106,0,blank,0,29.84462,43.0092,390882,391070,188
106,0,blank,0,28.7552666666667,46.5801,391070,391179,109
106,2,stdio,14,121.93158,36.73808,391214,391388,174
106,0,blank,0,66.2492,65.62784,391388,391568,180
106,0,blank,0,60.7316,65.16404,391568,391750,182
106,4,node,26,94.63154,74.31422,391750,391934,184
106,4,node,26,79.52782,71.49328,391934,392118,184
106,0,blank,0,84.8996,68.46498,392118,392296,178
106,0,blank,0,106.48724,68.3678,392296,392469,173
106,0,blank,0,99.47456,102.38142,392469,392640,171
106,0,blank,0,121.52678,116.85858,392640,392814,174
106,0,blank,0,184.00976,130.17316,392814,392989,175
106,0,blank,0,205.92136,132.28604,392989,393162,173
106,0,blank,0,218.56655,132.6967,393162,393233,71
106,7,struct,31,97.62334,149.4422,393267,393443,176
106,0,blank,0,102.6144,175.25356,393443,393617,174
106,9,generate,39,132.756333333333,184.217566666667,393617,393724,107
106,0,blank,0,265.37896,176.65368,393760,393935,175
106,0,blank,0,158.7433,200.49454,393935,394106,171
106,10,(,49,131.46344,207.50482,394106,394280,174
106,10,node,51,223.12496,202.18416,394280,394456,176
106,10,node,51,235.85985,206.5376,394456,394525,69
106,11,delete,56,100.3863,226.61476,394560,394733,173
106,11,struct,58,136.05352,233.87482,394733,394903,170
106,12,(,66,91.33298,252.02496,394903,395072,169
106,12,),67,98.61258,261.65086,395072,395244,172
106,0,blank,0,102.0349,254.2777,395244,395278,34
106,0,blank,0,-323,-105,395346,395455,109
106,14,node,70,144.7966,302.7932,395481,395507,26
106,14,head,72,184.5305,298.385233333333,395566,395730,164
106,14,NULL,74,283.2926,293.4063,395845,396019,174
106,0,blank,0,219.39462,298.4638,396019,396194,175
106,0,blank,0,154.82084,307.75454,396194,396364,170
106,15,head,79,149.1452,317.17064,396364,396534,170
106,15,),80,186.93614,321.01574,396534,396705,171
106,15,&,78,137.41608,321.96134,396705,396876,171
106,15,head,79,157.52098,324.11068,396876,397046,170
106,15,),80,184.847,325.14872,397046,397217,171
106,16,"\nDisplayingthealternatenodes\n",84,122.5128,338.20516,397217,397387,170
106,16,"\nDisplayingthealternatenodes\n",84,148.0648,333.78504,397387,397557,170
106,15,),80,185.91538,329.4246,397557,397732,175
106,16,"\nDisplayingthealternatenodes\n",84,269.88436,337.0188,397732,397906,174
106,16,"\nDisplayingthealternatenodes\n",84,256.01314,337.0758,397906,398077,171
106,16,"\nDisplayingthealternatenodes\n",84,334.50884,334.58892,398077,398253,176
106,16,"\nDisplayingthealternatenodes\n",84,385.27986,335.38322,398253,398425,172
106,16,"\nDisplayingthealternatenodes\n",84,437.2869,336.70515,398425,398565,140
106,14,NULL,74,264.079425,304.98005,398600,398737,137
106,0,blank,0,-323,-105,398771,398881,110
106,14,head,72,200.980466666667,306.453666666667,398909,399100,191
106,0,blank,0,239.861075,298.08945,399100,399240,140
106,0,blank,0,407.05558,332.70504,399275,399450,175
106,16,"\nDisplayingthealternatenodes\n",84,335.9388,336.3626,399450,399618,168
106,0,blank,0,357.352666666667,329.851566666667,399618,399720,102
106,16,"\nDisplayingthealternatenodes\n",84,226.72772,335.02694,399754,399932,178
106,16,"\nDisplayingthealternatenodes\n",84,179.28006,339.00824,399932,400111,179
106,16,"\nDisplayingthealternatenodes\n",84,244.51392,345.80016,400111,400289,178
106,16,"\nDisplayingthealternatenodes\n",84,282.2064,342.905,400289,400470,181
106,16,"\nDisplayingthealternatenodes\n",84,363.12692,335.21526,400470,400651,181
106,0,blank,0,418.69174,331.18132,400651,400828,177
106,0,blank,0,455.902333333333,328.980766666667,400828,400932,104
106,16,"\nDisplayingthealternatenodes\n",84,120.55332,348.18046,400967,401143,176
106,16,"\nDisplayingthealternatenodes\n",84,126.536,352.21945,401143,401210,67
106,0,blank,0,448.68824,332.5815,401280,401457,177
106,16,"\nDisplayingthealternatenodes\n",84,439.1781,335.0442,401457,401526,69
106,17,head,89,123.18728,359.76174,401595,401768,173
106,17,head,89,125.26846,365.94866,401768,401942,174
106,0,blank,0,173.76674,365.74894,401942,402121,179
106,17,head,89,142.88176,363.75266,402121,402291,170
106,17,head,89,125.4179,361.22385,402291,402361,70
106,0,blank,0,-323,-105,402429,402511,82
106,18,head,95,131.8585,383.3138,402537,402563,26
106,0,blank,0,421.32216,322.53392,402707,402882,175
106,0,blank,0,372.98314,322.94214,402882,403055,173
106,0,blank,0,445.5892,325.72788,403055,403228,173
106,16,"\nDisplayingthealternatenodes\n",84,453.7119,333.51868,403228,403400,172
106,0,blank,0,440.6231,326.3863,403400,403434,34
106,0,blank,0,-323,-105,403503,403689,186
106,0,blank,0,-323,-105,403689,403786,97
106,16,"\nDisplayingthealternatenodes\n",84,191.600766666667,346.787083333333,403827,404023,196
106,17,display,87,100.92226,366.26736,404023,404199,176
106,17,head,89,131.34384,368.5545,404199,404374,175
106,17,head,89,152.12106,366.46362,404374,404546,172
106,17,display,87,112.46164,364.33122,404546,404714,168
106,0,blank,0,104.294583333333,378.592783333333,404714,404913,199
106,18,&,94,117.404483333333,391.963983333333,404913,405112,199
106,18,),96,167.66682,393.07728,405112,405281,169
106,18,;,97,176.8033,394.53262,405281,405452,171
106,0,blank,0,163.91458,401.46532,405452,405622,170
106,19,0,99,118.12352,410.19976,405622,405795,173
106,0,blank,0,143.16766,406.20742,405795,405966,171
106,0,blank,0,163.30638,402.71256,405966,406138,172
106,0,blank,0,147.6221,408.0077,406138,406310,172
106,19,0,99,113.84304,418.65142,406310,406481,171
106,0,blank,0,139.6778,416.83706,406481,406653,172
106,0,blank,0,112.74052,418.36082,406653,406827,174
106,0,blank,0,110.43676,420.92586,406827,407000,173
106,19,;,100,125.57646,414.85454,407000,407172,172
106,17,head,89,157.85546,373.41134,407172,407345,173
106,0,blank,0,115.03452,430.68458,407345,407517,172
106,0,blank,0,94.284,464.84508,407517,407691,174
106,0,blank,0,137.89604,465.1148,407691,407864,173
106,21,node,106,230.3179,458.24216,407864,408037,173
106,21,node,106,224.3607,455.8505,408037,408104,67
106,0,blank,0,203.68222,320.75718,408138,408307,169
106,0,blank,0,206.5417,316.47815,408307,408375,68
106,9,node,42,231.69478,186.45436,408408,408579,171
106,0,blank,0,260.76448,185.67864,408579,408748,169
106,9,struct,41,203.97444,189.19008,408748,408922,174
106,9,generate,39,126.1984,185.32536,408922,409093,171
106,9,generate,39,107.3833,182.0063,409093,409266,173
106,9,generate,39,130.95235,179.3397,409266,409407,141
106,9,;,46,294.70554,182.39388,409441,409615,174
106,10,*,52,259.0915,203.52135,409615,409683,68
106,15,head,79,175.5493,327.63372,409718,409891,173
106,14,NULL,74,268.860966666667,292.955733333333,409891,409996,105
106,0,blank,0,-323,-105,410032,410148,116
106,0,blank,0,294.756383333333,225.61475,410174,410363,189
106,0,blank,0,263.9582,172.91628,410363,410535,172
106,0,blank,0,243.60492,178.46196,410535,410708,173
106,0,blank,0,261.53256,178.7476,410708,410882,174
106,10,struct,50,142.1713,202.0737,410917,410953,36
106,10,display,48,92.98502,208.6682,410987,411165,178
106,11,delete,56,109.42788,228.72198,411165,411341,176
106,11,(,57,119.13825,234.1293,411341,411484,143
106,10,),53,264.00256,220.72724,411518,411693,175
106,11,*,61,252.76805,241.83445,411693,411764,71
106,0,blank,0,198.81986,430.34136,411799,411975,176
106,21,node,106,231.24338,453.1285,411975,412155,180
106,0,blank,0,212.68024,374.45428,412155,412333,178
106,0,blank,0,184.50662,355.2253,412333,412507,174
106,17,),90,165.90636,375.88036,412507,412678,171
106,15,),80,187.02328,331.48838,412678,412853,175
106,15,),80,189.36465,316.77525,412853,412924,71
106,0,blank,0,-323,-105,412994,413105,111
106,10,struct,50,188.91982,215.08128,413131,413299,168
106,10,struct,50,153.84342,206.72868,413299,413473,174
106,10,display,48,95.91726,206.24462,413473,413647,174
106,10,display,48,120.39315,207.1298,413647,413718,71
106,0,blank,0,-323,-105,413753,413846,93
106,0,blank,0,161.54608,438.88224,413990,414156,166
106,21,struct,105,142.79542,452.33656,414156,414341,185
106,21,struct,105,180.2631,452.89545,414341,414483,142
106,21,head,108,297.80624,445.58254,414519,414696,177
106,21,head,108,301.64215,448.2534,414696,414764,68
106,23,;,115,171.83914,502.60514,414799,414975,176
106,0,blank,0,132.4821,506.72172,414975,415142,167
106,0,blank,0,158.86736,475.94164,415142,415315,173
106,0,blank,0,124.44742,461.8908,415315,415494,179
106,21,display,103,103.7542,460.07686,415494,415679,185
106,21,(,104,132.75358,456.15262,415679,415862,183
106,21,struct,105,153.664425,459.758075,415862,416028,166
106,24,==,119,160.1775,513.343,416028,416149,121
106,17,),90,167.45255,365.4492,416241,416424,183
106,18,head,95,144.83702,393.64858,416424,416606,182
106,18,head,95,143.13036,384.12408,416606,416780,174
106,15,head,79,156.3177,317.94064,416780,416951,171
106,14,head,72,177.04544,291.88402,416951,417123,172
106,14,head,72,211.08556,297.94836,417123,417296,173
106,14,NULL,74,256.94638,294.52836,417296,417472,176
106,0,blank,0,285.4759,287.906733333333,417472,417578,106
106,14,node,70,153.85722,291.217,417613,417788,175
106,14,node,70,125.49244,302.01552,417788,417964,176
106,14,struct,69,99.4951333333333,304.293433333333,417964,418066,102
106,0,blank,0,220.98614,291.26056,418100,418276,176
106,14,;,75,289.975333333333,292.100333333333,418276,418382,106
106,0,blank,0,106.366375,299.336425,418418,418565,147
106,0,blank,0,-323,-105,418601,418740,139
106,0,blank,0,-323,-105,418740,418860,120
106,0,blank,0,-323,-105,419237,419339,102
106,0,blank,0,108.2464,47.3774,419372,419550,178
106,2,stdio,14,130.60615,35.541,419550,419602,52
106,3,stdlib,21,142.7228,48.1156,419602,419763,161
106,7,*,33,144.8848,149.6838,419763,419839,76
106,0,blank,0,210.683466666667,356.767933333333,419864,419980,116
106,21,struct,105,166.88065,446.049133333333,420068,420255,187
106,21,node,106,204.95866,459.09382,420255,420444,189
106,0,blank,0,259.598116666667,468.690266666667,420444,420634,190
106,21,head,108,293.814,458.71124,420634,420817,183
106,0,blank,0,321.305116666667,460.777183333333,420817,421007,190
106,0,blank,0,322.50685,449.87685,421007,421071,64
106,0,blank,0,152.698683333333,492.357266666667,421101,421290,189
106,24,head,118,123.842825,514.875975,421290,421414,124
106,17,head,89,160.2866,360.1268,421477,421530,53
106,0,blank,0,116.70115,-36.7867333333333,421561,421751,190
106,0,blank,0,82.1107166666667,-84.7261666666667,421751,421940,189
106,0,blank,0,62.2801,-102.4544,421940,421971,31
106,0,blank,0,-229.290633333333,-105.0327,422002,422189,187
106,0,blank,0,-278.66155,-105.0315,422189,422378,189
106,0,blank,0,-278.507,-105.044133333333,422378,422474,96
106,0,blank,0,77.96632,-105.0321,422538,422696,158
106,9,struct,41,180.896625,187.30325,422759,422888,129
106,0,blank,0,75.1935333333333,493.032566666667,422953,423149,196
106,21,display,103,56.49166,462.31756,423149,423316,167
106,21,display,103,60.9543,461.439,423316,423349,33
106,0,blank,0,201.95188,445.008,423382,423541,159
106,0,blank,0,41.6178666666667,490.390666666667,423573,423764,191
106,23,flag,112,96.0484666666666,488.978833333333,423764,423859,95
106,0,blank,0,-323,-105,423890,424076,186
106,0,blank,0,-323,-105,424076,424173,97
106,21,struct,105,136.8365,452.975,424216,424404,188
106,21,struct,105,137.2177,452.5135,424404,424436,32
106,0,blank,0,255.87276,437.90236,424468,424631,163
106,0,blank,0,79.3315333333333,439.326233333333,424664,424860,196
106,0,blank,0,46.2856,449.825916666667,424860,425054,194
106,0,blank,0,67.7430166666667,481.0536,425054,425249,195
106,0,blank,0,74.65245,485.23295,425249,425446,197
106,0,blank,0,90.6019,478.213725,425446,425578,132
106,0,blank,0,231.749233333333,-103.900833333333,425643,425749,106
106,0,blank,0,368.9967,-103.8478,425787,425956,169
106,0,blank,0,369.386266666667,-103.8694,425956,426137,181
106,0,blank,0,265.7407,-103.976,426137,426162,25
106,0,blank,0,111.194916666667,432.41295,426195,426387,192
106,0,blank,0,68.9319833333333,433.3361,426387,426580,193
106,0,blank,0,68.9081,436.24375,426580,426710,130
106,0,blank,0,718.647666666667,-103.949566666667,426742,426878,136
106,0,blank,0,817.316,786.2214,426910,426974,64
106,0,blank,0,-323,-105,427221,427371,150
106,21,struct,105,136.41425,450.222516666667,427403,427583,180
106,0,blank,0,99.0677666666667,464.88095,427583,427775,192
106,21,head,108,280.321216666667,452.794616666667,427807,427999,192
106,0,blank,0,312.14786,455.37402,427999,428158,159
106,0,blank,0,129.851833333333,441.148916666667,428190,428378,188
106,23,flag,112,110.100083333333,502.479716666667,428378,428567,189
106,21,display,103,123.486516666667,448.835683333333,428567,428757,190
106,21,node,106,229.2358,459.649583333333,428757,428948,191
106,23,=,113,136.038,504.658283333333,428979,429174,195
106,0,blank,0,177.019633333333,511.097366666667,429174,429366,192
106,24,NULL,120,210.418066666667,510.015166666667,429366,429560,194
106,24,NULL,120,194.999433333333,510.2732,429560,429755,195
106,0,blank,0,188.060083333333,508.681866666667,429755,429943,188
106,0,blank,0,169.9978,484.7347,429943,429975,32
106,0,blank,0,-323,-105,430007,430117,110
106,0,blank,0,144.3556,512.895,430143,430181,38
106,24,==,119,172.747166666667,522.60435,430246,430426,180
106,24,NULL,120,208.13765,523.2968,430426,430555,129
106,0,blank,0,-323,-105,430826,430950,124
106,0,blank,0,156.5981,-103.9806,430984,431314,330
106,0,blank,0,146.7523,-103.8874,431314,431379,65
106,0,blank,0,687.3875,-103.8655,431440,431637,197
106,0,blank,0,695.989166666667,-103.870983333333,431637,431831,194
106,0,blank,0,694.3935,-103.867425,431831,431960,129
106,21,struct,105,149.8836,453.885383333333,432056,432248,192
106,21,display,103,112.79904,458.62002,432248,432441,193
106,24,==,119,168.21622,509.99154,432441,432588,147
106,0,blank,0,-323,-105,432650,432782,132
106,0,blank,0,227.4995,549.2294,432808,432834,26
106,24,==,119,165.01305,513.844533333333,432887,433060,173
106,0,blank,0,168.030866666667,540.470316666667,433060,433249,189
106,24,),121,227.062283333333,521.873816666667,433249,433438,189
106,0,blank,0,232.25175,499.5447,433438,433626,188
106,0,blank,0,214.640866666667,467.175333333333,433626,433814,188
106,21,head,108,273.742066666667,448.7332,433814,434000,186
106,21,),109,307.0783,447.835816666667,434000,434188,188
106,21,struct,105,148.25225,457.595133333333,434220,434409,189
106,0,blank,0,170.4414,464.132216666667,434409,434597,188
106,0,blank,0,172.542666666667,501.7565,434597,434785,188
106,24,NULL,120,203.5369,516.314883333333,434785,434972,187
106,0,blank,0,178.175516666667,527.03715,434972,435163,191
106,26,flag,127,174.124,555.0649,435163,435227,64
106,21,struct,105,155.8878,449.348866666667,435259,435450,191
106,24,NULL,120,183.435883333333,512.219983333333,435450,435641,191
106,0,blank,0,215.538566666667,530.580466666667,435641,435839,198
106,0,blank,0,137.8634,536.345533333333,435839,436033,194
106,0,blank,0,111.817966666667,532.4841,436033,436231,198
106,0,blank,0,192.38416,530.7705,436231,436412,181
106,0,blank,0,233.9099,487.8065,436412,436492,80
106,0,blank,0,247.2603,529.5917,436492,436612,120
106,24,NULL,120,195.9553,525.6123,436612,436811,199
106,0,blank,0,169.63668,530.63004,436811,436986,175
106,23,;,115,165.44314,488.69804,436986,437156,170
106,21,struct,105,172.041833333333,445.15945,437156,437354,198
106,21,struct,105,137.6653,446.5284,437354,437521,167
106,21,(,104,125.072966666667,455.611316666667,437521,437720,199
106,21,display,103,113.01744,456.27266,437720,437883,163
106,0,blank,0,181.32525,546.001866666667,437916,438115,199
106,24,while,116,50.4381,526.744683333333,438115,438309,194
106,0,blank,0,124.80746,531.86712,438309,438474,165
106,0,blank,0,-323,-105,438506,438615,109
106,0,blank,0,180.5714,-103.9374,438641,438667,26
106,24,NULL,120,203.243516666667,519.62405,438734,438924,190
106,0,blank,0,219.856566666667,536.241533333333,438924,439120,196
106,0,blank,0,135.696233333333,546.825433333333,439120,439315,195
106,0,blank,0,187.96675,538.434583333333,439315,439511,196
106,0,blank,0,243.5982,530.103733333333,439511,439704,193
106,0,blank,0,199.66435,473.473533333333,439704,439898,194
106,0,blank,0,197.327,478.532,439898,439929,31
106,0,blank,0,128.963066666667,477.9036,439961,440157,196
106,0,blank,0,146.4257,464.66765,440157,440350,193
106,0,blank,0,144.6951,470.4707,440350,440384,34
106,21,head,108,292.032933333333,462.471233333333,440415,440612,197
106,0,blank,0,286.326,465.8206,440612,440642,30
106,24,head,118,142.34065,528.483166666667,440674,440866,192
106,0,blank,0,108.981,540.486983333333,440866,441059,193
106,24,==,119,166.25995,526.625433333333,441059,441253,194
106,24,NULL,120,218.666616666667,527.641316666667,441253,441448,195
106,24,NULL,120,211.9102,513.876883333333,441448,441644,196
106,0,blank,0,164.938233333333,466.724866666667,441644,441839,195
106,0,blank,0,147.14328,466.98886,441839,442005,166
106,21,struct,105,133.231666666667,462.911316666667,442005,442202,197
106,0,blank,0,245.301033333333,454.05885,442202,442395,193
106,0,blank,0,301.6735,469.9097,442395,442428,33
106,24,==,119,156.7754,513.836816666667,442461,442654,193
106,24,NULL,120,197.697333333333,517.851283333333,442654,442845,191
106,0,blank,0,178.218383333333,525.669416666667,442845,443037,192
106,0,blank,0,147.586866666667,539.927766666667,443037,443229,192
106,0,blank,0,196.482366666667,550.134516666667,443229,443421,192
106,26,2,129,214.183783333333,568.395266666667,443421,443613,192
106,0,blank,0,252.522583333333,579.393216666667,443613,443808,195
106,0,blank,0,230.432566666667,619.489616666667,443808,444004,196
106,28,"%d",135,212.9267,610.480133333333,444004,444099,95
106,0,blank,0,338.767933333333,625.954083333333,444131,444326,195
106,0,blank,0,335.75754,626.2737,444326,444491,165
106,31,->,149,201.531433333333,674.923783333333,444524,444721,197
106,0,blank,0,275.542266666667,685.0102,444721,444920,199
106,23,;,115,168.681466666667,490.799333333333,444953,445150,197
106,21,struct,105,148.2423,458.7507,445150,445283,133
106,0,blank,0,1029.384,422.4322,445383,445522,139
106,0,blank,0,1060.5266,299.10876,445555,445723,168
106,0,blank,0,1051.749,296.2361,445723,445890,167
106,0,blank,0,1048.0972,240.09458,445890,446057,167
106,0,blank,0,1053.8396,246.9211,446057,446225,168
106,0,blank,0,333.20822,480.22474,446294,446460,166
106,0,blank,0,1022.934,302.268,446528,446598,70
107,0,blank,0,165.252,169.8807,447764,447933,169
107,42,temp,201,121.9822,183.936616666667,447933,448132,199
107,42,=,202,138.511333333333,191.5902,448132,448326,194
107,38,"Enterlengthoflist:",176,159.05015,95.4210666666667,448326,448520,194
107,28,(,134,170.498316666667,27.8995166666667,448520,448713,193
107,0,blank,0,164.20875,161.051166666667,448745,448938,193
107,0,blank,0,-323,-105,449003,449119,116
107,34,generate,155,162.5567,138.6401,449154,449340,186
107,42,=,202,133.7382,184.4924,449340,449441,101
107,56,delete,264,102.41484,698.507,449510,449681,171
107,56,(,265,119.2015,699.5873,449681,449718,37
107,38,"Enterlengthoflist:",176,166.3908,256.4422,449819,449988,169
107,44,head,226,163.510566666667,237.887766666667,449988,450087,99
107,0,blank,0,-323,-105,450120,450267,147
107,0,blank,0,-323,-105,450267,450320,53
107,0,blank,0,169.947866666667,51.84475,450346,450529,183
107,28,"%d",135,240.4504,54.8672166666667,450529,450725,196
107,0,blank,0,299.87545,41.0395,450725,450923,198
107,0,blank,0,258.9309,12.3420833333333,450923,451121,198
107,0,blank,0,204.908816666667,-2.33728333333333,451121,451316,195
107,0,blank,0,194.5429,-1.81124999999999,451316,451382,66
107,42,(,211,162.33338,189.62244,451414,451582,168
107,42,temp,201,114.0811,193.471566666667,451582,451681,99
107,37,temp,172,242.56876,206.63936,451715,451884,169
107,38,"Enterlengthoflist:",176,162.027066666667,250.6333,451884,452081,197
107,38,"Enterlengthoflist:",176,188.954433333333,254.78575,452081,452276,195
107,38,"Enterlengthoflist:",176,212.359066666667,264.19015,452276,452470,194
107,38,"Enterlengthoflist:",176,166.085383333333,276.998783333333,452470,452662,192
107,0,blank,0,264.677266666667,275.491816666667,452662,452861,199
107,0,blank,0,340.01075,270.8973,452861,452925,64
107,39,&,183,170.4867,296.470366666667,452958,453156,198
107,42,struct,212,179.590083333333,321.5325,453156,453353,197
107,0,blank,0,205.877416666667,328.585966666667,453353,453548,195
107,0,blank,0,275.106216666667,320.0845,453548,453747,199
107,0,blank,0,264.833133333333,319.17255,453747,453944,197
107,0,blank,0,299.7903,313.33798,453944,454110,166
107,0,blank,0,298.686483333333,317.80615,454110,454309,199
107,42,sizeof,210,306.6453,333.7946,454309,454377,68
107,0,blank,0,174.6587,366.57725,454407,454605,198
107,42,malloc,208,188.394466666667,339.520883333333,454605,454801,196
107,42,malloc,208,160.98985,335.099333333333,454801,454996,195
107,42,malloc,208,143.8014,341.2646,454996,455094,98
107,42,sizeof,210,300.771366666667,335.416,455126,455323,197
107,42,sizeof,210,301.987933333333,340.643466666667,455323,455420,97
107,43,;,222,197.10726,378.27916,455453,455617,164
107,44,NULL,228,359.902183333333,383.438933333333,455649,455845,196
107,44,),229,366.1962,388.72085,455845,455912,67
107,0,blank,0,534.4495,370.9895,455947,456081,134
107,47,NULL,243,181.493166666667,408.992083333333,456146,456341,195
107,51,temp,248,220.757466666667,420.99855,456341,456533,192
107,51,temp,248,181.568533333333,434.620633333333,456533,456727,194
107,51,->,249,238.694133333333,430.189733333333,456727,456847,120
107,51,next,250,266.7422,435.5736,456847,456958,111
107,52,*,255,225.6797,477.2299,456958,457048,90
107,52,head,256,248.19485,491.4168,457048,457215,167
107,52,head,256,271.13526,492.42544,457215,457383,168
107,52,head,256,321.407616666667,493.985066666667,457383,457581,198
107,52,head,256,328.5259,497.6415,457581,457613,32
107,56,struct,266,155.759416666667,558.754733333333,457646,457845,199
107,0,blank,0,216.56888,368.65828,457878,458045,167
107,42,sizeof,210,267.28058,371.36684,458045,458214,169
107,44,head,226,264.52564,381.83294,458214,458383,169
107,47,NULL,243,173.89422,404.97046,458383,458549,166
107,47,NULL,243,166.57306,413.5525,458549,458716,167
107,52,temp,258,227.11816,407.65974,458716,458883,167
107,0,blank,0,-323,-105,458917,458976,59
107,0,blank,0,188.2605,665.4011,459002,459027,25
107,0,blank,0,177.860675,440.4978,459081,459200,119
107,51,next,250,282.99166,437.26512,459233,459402,169
107,0,blank,0,234.76314,461.57008,459402,459571,169
107,0,blank,0,209.54344,457.60294,459571,459737,166
107,0,blank,0,197.706133333333,456.18295,459737,459934,197
107,51,next,250,248.079616666667,478.098766666667,459934,460132,198
107,52,head,256,254.7987,492.322383333333,460132,460330,198
107,0,blank,0,247.7054,521.8455,460330,460362,32
107,0,blank,0,-323,-105,460396,460531,135
107,52,head,256,237.96825,487.71645,460555,460741,186
107,51,next,250,246.147166666667,481.11465,460741,460940,199
107,52,;,259,196.69465,494.153075,460940,461073,133
107,0,blank,0,-323,-105,461106,461242,136
107,52,*,255,233.8561,473.5659,461268,461294,26
107,51,next,250,261.037383333333,481.841283333333,461354,461542,188
107,52,head,256,248.48882,491.25128,461542,461709,167
107,56,node,267,208.87945,505.833566666667,461709,461906,197
107,0,blank,0,247.019366666667,511.762233333333,461906,462103,197
107,0,blank,0,230.071333333333,512.372866666667,462103,462299,196
107,56,node,267,211.209583333333,505.591316666667,462299,462494,195
107,56,delete,264,325.52672,508.29642,462494,462661,167
107,56,delete,264,336.89936,505.5261,462661,462831,170
107,0,blank,0,295.30022,511.86448,462831,462998,167
107,52,head,256,276.77266,502.26678,462998,463166,168
107,56,node,267,224.259666666667,508.09955,463166,463364,198
107,0,blank,0,259.77578,511.09696,463364,463530,166
107,52,head,256,279.59896,502.99398,463530,463696,166
107,0,blank,0,214.96054,511.4804,463696,463863,167
107,56,*,269,244.25516,507.28618,463863,464032,169
107,56,head,270,280.68738,507.82724,464032,464200,168
107,56,head,270,283.22668,506.55346,464200,464369,169
107,0,blank,0,242.58592,455.97746,464369,464539,170
107,51,temp,248,182.27176,427.34938,464539,464710,171
107,47,NULL,243,167.03554,411.05018,464710,464881,171
107,43,a,219,171.50968,388.0635,464881,465051,170
107,54,},261,216.35066,500.6141,465086,465263,177
107,54,},261,221.14234,494.62304,465263,465440,177
107,56,node,267,220.9285,504.57862,465440,465622,182
107,52,head,256,244.76174,502.16654,465622,465815,193
107,55,},262,228.48225,486.89005,465815,465978,163
107,53,},260,209.92996,488.63924,465978,466177,199
107,52,head,256,256.76386,493.83942,466177,466373,196
107,52,head,256,285.83238,499.31168,466373,466571,198
107,52,head,256,320.0501,488.80736,466571,466769,198
107,51,head,253,210.2218,477.816125,466769,466929,160
107,52,*,255,233.048775,473.3153,466929,467089,160
107,0,blank,0,239.879275,456.9686,467089,467252,163
107,51,temp,248,207.910575,420.826575,467252,467416,164
107,56,delete,264,348.018966666667,525.178566666667,467458,467577,119
107,52,head,256,246.7085,500.5972,467618,467778,160
107,53,},260,207.78705,502.81025,467778,467939,161
107,56,struct,266,153.96312,551.04876,467939,468135,196
107,58,node,274,189.4987,594.0581,468135,468293,158
107,0,blank,0,-323,-105,468334,468520,186
107,0,blank,0,-323,-105,468520,468713,193
107,0,blank,0,-323,-105,468713,468861,148
107,0,blank,0,-323,-105,468861,469036,175
107,0,blank,0,-323,-105,469036,469224,188
107,0,blank,0,-323,-105,469224,469328,104
107,0,blank,0,670.3931,-103.9187,469672,469703,31
107,0,blank,0,-323,-105,469995,470188,193
107,0,blank,0,-323,-105,470188,470366,178
107,0,blank,0,-323,-105,470366,470414,48
107,0,blank,0,1048.305,347.78755,471443,471597,154
107,47,->,240,1055.136,412.51025,471648,471828,180
107,0,blank,0,1063.9706,319.64248,471828,472001,173
107,0,blank,0,1054.2338,343.46362,472001,472172,171
107,47,->,240,1057.195,373.53066,472172,472344,172
107,0,blank,0,1065.408,394.221166666667,472344,472449,105
107,0,blank,0,1063.1024,621.8248,472484,472658,174
107,0,blank,0,1073.018,480.85224,472693,472867,174
107,0,blank,0,1069.58175,488.0078,472867,473005,138
108,0,blank,0,1046.704,492.7465,473072,473245,173
108,0,blank,0,200.39652,525.5084,473313,473493,180
108,58,node,274,143.9479,551.08516,473493,473673,180
108,0,blank,0,143.0177,525.7137,473673,473840,167
108,0,blank,0,147.04615,515.337383333333,473840,474037,197
108,59,NULL,283,211.587016666667,558.800016666667,474037,474232,195
108,59,NULL,283,237.9721,559.76875,474232,474361,129
108,0,blank,0,-323,-105,474431,474460,29
108,0,blank,0,156.8936,777.0461,474486,474512,26
108,59,head,281,126.902416666667,565.7369,474568,474763,195
108,0,blank,0,172.69562,574.20166,474763,474946,183
108,59,NULL,283,210.4728,574.2025,474946,475132,186
108,59,NULL,283,243.967,572.00346,475132,475318,186
108,59,!=,282,182.55894,574.84214,475318,475498,180
108,0,blank,0,174.24222,577.71724,475498,475678,180
108,0,blank,0,198.6587,577.14794,475678,475858,180
108,59,NULL,283,218.35258,565.54606,475858,476041,183
108,59,head,281,161.24642,561.47764,476041,476230,189
108,58,temp,276,179.01424,546.36564,476230,476420,190
108,58,temp,276,205.73588,537.85834,476420,476607,187
108,0,blank,0,227.8463,540.56354,476607,476795,188
108,56,head,270,267.98458,506.11422,476795,476983,188
108,0,blank,0,208.75225,533.9162,476983,477059,76
108,0,blank,0,-323,-105,477095,477214,119
108,0,blank,0,163.7099,579.7802,477366,477531,165
108,59,NULL,283,234.69796,575.12078,477667,477839,172
108,59,),284,249.84458,575.20478,477839,478023,184
108,0,blank,0,188.27518,576.76258,478023,478210,187
108,0,blank,0,280.52864,565.24766,478210,478396,186
108,0,blank,0,169.37342,577.48172,478396,478584,188
108,59,!=,282,184.9085,574.09086,478584,478771,187
108,0,blank,0,124.21708,577.42266,478771,478960,189
108,61,*,288,156.0023,606.56816,478960,479151,191
108,62,(,294,169.55004,622.8765,479151,479340,189
108,62,head,296,198.40902,622.86002,479340,479536,196
108,0,blank,0,162.88356,624.08344,479536,479720,184
108,62,(,294,170.98288,623.43726,479720,479910,190
108,0,blank,0,228.70824,620.99032,479910,480096,186
108,61,;,290,205.07606,617.84882,480096,480282,186
108,61,head,289,182.2249,615.44722,480282,480469,187
108,62,=,293,151.91784,626.89514,480469,480656,187
108,61,head,289,195.27326,614.90948,480656,480843,187
108,0,blank,0,222.6473,614.7994,480843,480918,75
108,0,blank,0,-323,-105,480956,481099,143
108,0,blank,0,157.6011,628.24496,481242,481431,189
108,0,blank,0,194.76448,620.89554,481431,481622,191
108,0,blank,0,154.71474,628.95298,481622,481810,188
108,62,*,295,183.62462,632.90628,481810,481999,189
108,62,->,298,242.70234,634.19762,481999,482190,191
108,0,blank,0,314.75138,644.57696,482190,482378,188
108,0,blank,0,312.60024,648.20204,482378,482568,190
108,0,blank,0,305.27816,647.16684,482568,482756,188
108,0,blank,0,298.38095,648.10595,482756,482906,150
108,0,blank,0,176.2194,669.70194,482944,483135,191
108,0,blank,0,191.58366,642.1332,483135,483330,195
108,62,head,296,212.07832,625.74384,483330,483522,192
108,62,head,296,213.02704,639.0221,483522,483714,192
108,0,blank,0,298.89446,653.91534,483714,483907,193
108,0,blank,0,312.2751,654.571,483907,483944,37
108,59,NULL,283,222.867,565.52604,483982,484172,190
108,0,blank,0,189.394,592.16668,484172,484362,190
108,0,blank,0,155.31274,679.43236,484362,484553,191
108,0,blank,0,121.82968,706.93548,484553,484740,187
108,0,blank,0,68.836075,711.241725,484740,484895,155
108,0,blank,0,127.26512,479.7015,484934,485128,194
108,0,blank,0,287.86505,484.4195,485128,485290,162
108,0,blank,0,289.7296,316.5128,485370,485397,27
108,0,blank,0,-323,-105,485432,485623,191
108,0,blank,0,-323,-105,485623,485789,166
108,0,blank,0,-323,-105,485789,485892,103
108,0,blank,0,-323,-105,485892,486060,168
108,0,blank,0,-323,-105,486060,486248,188
108,0,blank,0,-323,-105,486248,486356,108
108,0,blank,0,-323,-105,486356,486509,153
108,0,blank,0,-323,-105,486509,486590,81
108,0,blank,0,-323,-105,486590,486752,162
108,0,blank,0,-323,-105,486752,486926,174
108,0,blank,0,-323,-105,486926,487109,183
108,0,blank,0,-323,-105,487109,487299,190
108,0,blank,0,-323,-105,487299,487480,181
108,0,blank,0,-323,-105,487480,487672,192
108,0,blank,0,-323,-105,487672,487857,185
108,0,blank,0,-323,-105,487857,488000,143
108,0,blank,0,-323,-105,488000,488463,463
108,0,blank,0,-323,-105,488463,488636,173
108,0,blank,0,-323,-105,488636,488811,175
108,0,blank,0,-323,-105,488811,489010,199
108,0,blank,0,-323,-105,489010,489179,169
108,0,blank,0,-323,-105,489179,489377,198
108,0,blank,0,-323,-105,489377,489521,144
108,0,blank,0,801.2005,-103.9648,489556,489645,89
108,0,blank,0,-323,-105,489778,489956,178
108,0,blank,0,-323,-105,489956,490018,62
108,0,blank,0,769.914,-103.9493,490054,490125,71
108,0,blank,0,-323,-105,490168,490329,161
108,0,blank,0,-323,-105,490329,490422,93
108,0,blank,0,398.0541,441.04265,490458,490568,110
108,0,blank,0,91.78945,456.160025,490657,490827,170
