Frameno_fix,lineno_fix,Tokenname_fix,tokens_id,gaze_X_fix,gaze_Y_fix,timestamp_fix_start,timestamp_fix_end,time_duration
100,0,blank,0,40.3394,-34.66525,3469,3657,188
100,0,blank,0,43.0201833333333,-34.9981,3657,3843,186
100,0,blank,0,33.9412,-22.5086,3843,3874,31
100,0,blank,0,300.83735,42.09075,3936,3987,51
100,0,blank,0,243.5189,56.7184,3987,4172,185
100,0,blank,0,313.82212,24.15794,4172,4354,182
100,0,blank,0,313.755316666667,24.32975,4354,4534,180
100,0,blank,0,291.535233333333,32.8633,4534,4713,179
100,0,blank,0,285.003683333333,37.2060166666667,4713,4894,181
100,3,include,19,54.4394833333333,49.73545,4925,5105,180
100,2,include,12,43.2888833333333,37.3384333333333,5105,5283,178
100,0,blank,0,-19.5712166666667,-13.0382333333333,5283,5463,180
100,0,blank,0,256.937266666667,32.9774666666667,5523,5700,177
100,0,blank,0,300.513116666667,28.5726,5700,5879,179
100,0,blank,0,308.8647,46.3202,5879,5909,30
100,0,blank,0,967.3405,156.02525,5970,6154,184
100,0,blank,0,1034.174,166.665,6154,6214,60
100,7,node,32,144.728675,144.671025,6306,6424,118
100,0,blank,0,37.23335,24.3997666666667,6454,6641,187
100,3,stdlib,21,112.5632,50.51935,6641,6820,179
100,2,.,15,155.29562,41.54232,6820,6976,156
100,0,blank,0,-323,-105,7006,7162,156
100,0,blank,0,-323,-105,7239,7395,156
100,0,blank,0,109.934,107.1703,7424,7450,26
100,0,blank,0,106.848685714286,106.506671428571,7500,7698,198
100,0,blank,0,132.484566666667,129.945766666667,7698,7882,184
100,0,blank,0,145.185016666667,130.724433333333,7882,8065,183
100,7,*,33,164.784416666667,137.4111,8065,8245,180
100,0,blank,0,168.165433333333,134.433033333333,8245,8335,90
100,0,blank,0,354.072883333333,46.94655,8365,8545,180
100,0,blank,0,357.85725,57.3193,8545,8605,60
100,0,blank,0,1098.39466666667,236.868866666667,8665,8849,184
100,0,blank,0,1094.4216,254.64898,8849,9000,151
100,0,blank,0,345.08395,211.777566666667,9090,9273,183
100,9,*,44,278.023666666667,197.11185,9273,9458,185
100,9,*,44,276.334266666667,199.858616666667,9458,9637,179
100,9,*,44,272.0815,197.737266666667,9637,9817,180
100,10,),53,269.112916666667,201.378383333333,9817,9997,180
100,10,;,54,277.154483333333,213.8454,9997,10176,179
100,0,blank,0,284.5568,209.942516666667,10176,10358,182
100,10,;,54,279.662733333333,202.612583333333,10358,10540,182
100,10,),53,269.8376,207.252183333333,10540,10723,183
100,10,),53,270.6541,204.211533333333,10723,10901,178
100,10,;,54,276.343583333333,214.401983333333,10901,11083,182
100,0,blank,0,272.354883333333,218.654266666667,11083,11263,180
100,9,node,42,229.071583333333,181.159016666667,11263,11444,181
100,0,blank,0,221.81175,169.354125,11444,11563,119
100,0,blank,0,1000.56416666667,294.904116666667,11652,11834,182
100,0,blank,0,393.650466666667,226.85355,11895,12076,181
100,0,blank,0,397.28035,216.498125,12076,12196,120
100,0,blank,0,292.4761,220.81665,12226,12411,185
100,0,blank,0,294.671616666667,241.2159,12411,12592,181
100,11,),62,264.141516666667,226.868716666667,12592,12774,182
100,11,),62,269.91955,233.498333333333,12774,12954,180
100,0,blank,0,289.624033333333,242.505766666667,12954,13131,177
100,0,blank,0,292.177216666667,242.756266666667,13131,13307,176
100,0,blank,0,298.207416666667,235.491416666667,13307,13484,177
100,11,*,61,255.580483333333,236.277416666667,13484,13664,180
100,11,node,59,231.257916666667,230.88105,13664,13842,178
100,0,blank,0,191.467816666667,230.48385,13842,14024,182
100,10,struct,50,189.062883333333,214.0812,14024,14202,178
100,7,node,32,140.30665,142.750283333333,14202,14383,181
100,0,blank,0,149.641533333333,167.316833333333,14383,14568,185
100,9,generate,39,131.019916666667,199.430516666667,14568,14752,184
100,10,struct,50,136.26105,206.2169,14752,14814,62
100,6,;,30,96.1515166666667,132.546583333333,14846,15034,188
100,3,stdlib,21,110.7457,53.7271666666667,15034,15220,186
100,2,stdio,14,146.174266666667,34.22135,15220,15408,188
100,3,.,22,168.0533,50.5284833333333,15408,15596,188
100,0,blank,0,167.397616666667,42.2032666666667,15596,15780,184
100,3,stdlib,21,140.140616666667,57.6203833333333,15780,15967,187
100,0,blank,0,136.762883333333,64.6007833333333,15967,16157,190
100,3,stdlib,21,149.889466666667,60.3996333333333,16157,16342,185
100,3,stdlib,21,149.105366666667,49.0171,16342,16531,189
100,0,blank,0,-323,-105,16562,16694,132
100,2,h,16,173.2514,33.9213666666667,16719,16799,80
100,0,blank,0,-323,-105,16830,17013,183
100,2,stdio,14,132.586916666667,28.4766,17134,17318,184
100,2,h,16,166.7021,38.4179,17318,17502,184
100,0,blank,0,184.644,27.192,17502,17679,177
100,0,blank,0,153.8546,67.6362166666667,17679,17855,176
100,0,blank,0,130.69485,69.95515,17855,17973,118
100,0,blank,0,119.2352,73.3385,17973,18104,131
100,0,blank,0,117.5107,66.844,18104,18239,135
100,0,blank,0,160.014766666667,91.6899,18239,18402,163
100,3,stdlib,21,163.517375,58.292375,18402,18562,160
100,3,.,22,171.6777,53.999325,18562,18725,163
100,0,blank,0,174.858725,84.9574,18725,18890,165
100,7,next,34,177.569733333333,141.968483333333,18890,19081,191
100,0,blank,0,166.2074,161.217916666667,19081,19260,179
100,0,blank,0,107.642766666667,115.961683333333,19260,19442,182
100,0,blank,0,103.6597,122.082733333333,19442,19627,185
100,0,blank,0,135.841183333333,164.2322,19627,19810,183
100,0,blank,0,110.460583333333,171.802016666667,19810,20000,190
100,0,blank,0,66.1687333333333,172.7574,20000,20189,189
100,0,blank,0,47.5192833333333,172.1375,20189,20373,184
100,0,blank,0,46.5756,173.4165,20373,20556,183
100,0,blank,0,43.5611,173.7257,20556,20589,33
100,9,struct,41,182.878216666667,186.84315,20619,20800,181
100,9,struct,41,187.0505,180.381866666667,20800,20983,183
100,0,blank,0,216.3303,177.192666666667,20983,21166,183
100,0,blank,0,254.865633333333,184.17055,21166,21350,184
100,9,*,44,274.946533333333,190.409766666667,21350,21531,181
100,9,*,44,277.25665,180.207883333333,21531,21717,186
100,9,node,42,252.32844,182.95102,21717,21870,153
100,9,generate,39,86.1655333333333,191.618266666667,21900,22086,186
100,10,display,48,77.6080833333333,202.14295,22086,22277,191
100,10,display,48,99.09745,202.940683333333,22277,22471,194
100,10,node,51,216.14355,203.5922,22471,22664,193
100,10,struct,50,190.233816666667,204.141816666667,22664,22854,190
100,9,struct,41,175.1123,193.023,22854,22886,32
100,10,display,48,66.7132333333333,221.7224,22917,23107,190
100,11,delete,56,101.003783333333,223.717616666667,23107,23293,186
100,11,struct,58,172.632333333333,224.5543,23293,23480,187
100,10,struct,50,179.2989,215.4776,23480,23572,92
100,12,(,66,86.8257166666667,253.62325,23602,23791,189
100,12,main,65,83.4231666666667,265.032033333333,23791,23974,183
100,0,blank,0,88.10045,271.4844,23974,24035,61
100,0,blank,0,132.4226,281.5736,24035,24225,190
100,0,blank,0,165.548333333333,281.98335,24225,24408,183
100,0,blank,0,212.728183333333,279.87365,24408,24600,192
100,0,blank,0,240.642216666667,288.504083333333,24600,24788,188
100,0,blank,0,303.722316666667,287.243816666667,24788,24975,187
100,15,generate,76,117.5026,330.2969,25005,25168,163
100,15,head,79,154.9915,316.6824,25168,25523,355
100,15,head,79,166.4467,311.326566666667,25523,25697,174
100,15,head,79,153.8963,314.729816666667,25697,25882,185
100,15,generate,76,123.975783333333,316.8742,25882,26068,186
100,15,generate,76,84.947,326.10725,26068,26253,185
100,15,head,79,163.400866666667,331.864333333333,26253,26442,189
100,16,"\nDisplayingthealternatenodes\n",84,213.7578,333.068283333333,26442,26634,192
100,16,"\nDisplayingthealternatenodes\n",84,333.046883333333,334.080533333333,26668,26863,195
100,16,"\nDisplayingthealternatenodes\n",84,363.1876,337.71355,26863,27059,196
100,16,"\nDisplayingthealternatenodes\n",84,410.6343,353.415783333333,27059,27247,188
100,16,"\nDisplayingthealternatenodes\n",84,454.850925,350.911375,27247,27376,129
100,0,blank,0,323.268466666667,327.94375,27410,27598,188
100,16,"\nDisplayingthealternatenodes\n",84,302.478433333333,336.254833333333,27598,27790,192
100,0,blank,0,488.473733333333,397.336666666667,27820,27912,92
100,16,"\nDisplayingthealternatenodes\n",84,366.4818,336.235625,28008,28201,193
100,16,"\nDisplayingthealternatenodes\n",84,384.757625,341.633475,28201,28388,187
100,16,"\nDisplayingthealternatenodes\n",84,409.188483333333,346.6907,28388,28578,190
100,16,"\nDisplayingthealternatenodes\n",84,452.547683333333,351.720216666667,28578,28770,192
100,0,blank,0,465.242166666667,354.653683333333,28770,28967,197
100,0,blank,0,498.2646,356.685425,28967,29095,128
100,17,head,89,128.609733333333,358.657333333333,29226,29419,193
100,17,(,88,118.035033333333,364.30935,29419,29609,190
100,17,display,87,78.04385,361.247833333333,29609,29806,197
100,17,display,87,113.011,361.5395,29806,29991,185
100,17,head,89,157.366833333333,362.25745,29991,30181,190
100,17,head,89,157.48045,355.223216666667,30181,30372,191
100,18,head,95,145.68685,378.0373,30372,30563,191
100,18,&,94,123.406583333333,395.696566666667,30563,30752,189
100,19,return,98,78.8007666666667,403.356666666667,30752,30942,190
100,18,delete,92,95.6999333333333,397.2994,30942,31132,190
100,18,(,93,110.943183333333,384.612083333333,31132,31319,187
100,18,&,94,123.207166666667,384.621,31319,31502,183
100,18,&,94,118.28855,389.426316666667,31502,31687,185
100,18,(,93,109.135266666667,397.751766666667,31687,31875,188
100,19,return,98,101.023633333333,417.07725,31875,32059,184
100,19,;,100,131.800133333333,412.466666666667,32059,32238,179
100,0,blank,0,135.831666666667,416.566366666667,32238,32328,90
100,14,struct,69,85.6438833333333,300.179716666667,32358,32542,184
100,16,printf,82,102.713316666667,353.046433333333,32542,32724,182
100,0,blank,0,107.660266666667,417.8419,32724,32909,185
100,0,blank,0,100.178833333333,423.675366666667,32909,33094,185
100,21,display,103,70.23,448.815866666667,33094,33280,186
100,0,blank,0,51.3170166666667,459.4242,33280,33460,180
100,21,display,103,114.695766666667,461.092916666667,33460,33641,181
100,21,struct,105,164.475916666667,451.731483333333,33641,33825,184
100,21,struct,105,190.7253,449.183075,33825,33947,122
100,11,delete,56,79.4522166666667,230.74815,33978,34160,182
100,12,),67,101.443216666667,249.7506,34160,34347,187
100,12,main,65,82.0269,253.698633333333,34347,34529,182
100,12,main,65,74.1986166666667,251.00935,34529,34713,184
100,0,blank,0,79.6824333333333,282.02575,34713,34895,182
100,0,blank,0,95.1306833333334,289.648616666667,34895,35079,184
100,0,blank,0,217.016816666667,296.49525,35079,35263,184
100,14,head,72,213.021683333333,298.51185,35263,35446,183
100,15,head,79,174.31132,316.1124,35446,35597,151
100,3,include,19,66.0427333333333,53.1376333333333,35627,35809,182
100,0,blank,0,79.5669166666667,44.4499333333333,35809,35990,181
100,3,include,19,81.9923333333333,56.3678,35990,36175,185
100,4,node,26,84.8500166666667,70.5431833333333,36175,36361,186
100,4,node,26,92.8011,83.6753,36361,36392,31
100,0,blank,0,143.0329,282.243966666667,36423,36611,188
100,14,node,70,141.500283333333,307.96255,36611,36797,186
100,15,&,78,143.178283333333,317.048933333333,36797,36984,187
100,0,blank,0,81.3291,68.9544,37018,37200,182
100,3,stdlib,21,107.1511,51.23295,37200,37381,181
100,3,stdlib,21,105.165333333333,49.55985,37381,37565,184
100,0,blank,0,103.118966666667,67.8174,37565,37752,187
100,0,blank,0,93.0432666666667,96.9598666666667,37752,37937,185
100,6,;,30,96.8896333333333,121.168516666667,37937,38117,180
100,0,blank,0,139.52178,128.5671,38117,38268,151
100,0,blank,0,157.11665,137.89165,38268,38388,120
100,0,blank,0,143.3699,120.369,38388,38489,101
100,4,struct,25,26.486675,79.33295,38604,38799,195
100,0,blank,0,23.7416,87.8075,38799,38831,32
100,0,blank,0,92.7673,102.5089,38831,39099,268
100,0,blank,0,90.2064166666667,86.5403166666667,39099,39269,170
100,0,blank,0,85.32296,105.87252,39269,39422,153
100,6,int,28,54.3266,117.8648,39422,39610,188
100,0,blank,0,63.8665,113.615742857143,39610,39808,198
100,0,blank,0,79.6716666666667,120.349983333333,39808,39996,188
100,0,blank,0,77.0289,117.553866666667,39996,40187,191
100,6,int,28,65.5335666666667,128.9764,40187,40376,189
100,0,blank,0,80.0786166666667,127.588833333333,40376,40569,193
100,0,blank,0,63.61205,112.672433333333,40569,40763,194
100,6,int,28,73.1767833333333,130.52225,40763,40952,189
100,0,blank,0,134.093783333333,133.8187,40952,41143,191
100,0,blank,0,160.402216666667,137.075083333333,41143,41331,188
100,0,blank,0,187.598316666667,133.440966666667,41331,41525,194
100,0,blank,0,156.500233333333,130.802083333333,41525,41717,192
100,0,blank,0,137.7969,133.1882,41717,41910,193
100,0,blank,0,148.202016666667,131.9339,41910,42102,192
100,0,blank,0,192.428616666667,124.08225,42102,42296,194
100,0,blank,0,139.26695,131.839,42296,42489,193
100,0,blank,0,142.293466666667,129.103583333333,42489,42681,192
100,0,blank,0,153.559533333333,127.10175,42681,42872,191
100,0,blank,0,115.5881,126.174566666667,42872,43068,196
100,0,blank,0,76.2179666666667,131.5102,43068,43259,191
100,0,blank,0,82.2732333333333,133.979166666667,43259,43451,192
100,0,blank,0,91.5936166666667,135.257133333333,43451,43641,190
100,0,blank,0,113.139383333333,117.187566666667,43641,43828,187
100,3,include,19,35.8218333333333,62.2373333333333,43828,44016,188
100,3,include,19,35.0973833333333,63.6022,44016,44202,186
100,0,blank,0,52.6737333333333,69.8895333333333,44202,44391,189
100,4,node,26,105.5476,83.0921666666667,44391,44582,191
100,4,node,26,102.0432,75.6747666666667,44582,44772,190
100,4,node,26,103.4791,74.42635,44772,44960,188
100,2,stdio,14,121.800283333333,32.0413333333333,44960,45147,187
100,1,Program,4,122.822116666667,22.1467333333333,45147,45332,185
100,0,blank,0,117.533933333333,-3.67213333333333,45332,45520,188
100,0,blank,0,146.309333333333,-14.17155,45520,45711,191
100,0,blank,0,211.500016666667,-22.55345,45711,45900,189
100,0,blank,0,204.331933333333,-18.8017333333333,45900,46090,190
100,0,blank,0,202.097133333333,-26.5922166666667,46090,46279,189
100,0,blank,0,84.8370666666667,-27.4665666666667,46279,46466,187
100,0,blank,0,57.2337166666667,-13.8218666666667,46466,46655,189
100,0,blank,0,31.3108,-16.34372,46655,46812,157
100,0,blank,0,220.6133,-15.0075333333333,46843,47035,192
100,0,blank,0,293.78386,-6.4595,47035,47196,161
100,0,blank,0,161.805816666667,304.142433333333,47258,47447,189
100,15,head,79,157.663183333333,326.463,47447,47632,185
100,17,head,89,160.203866666667,358.14185,47632,47816,184
100,0,blank,0,162.3202,414.5034,47816,48003,187
100,21,struct,105,154.6126,448.73645,48003,48185,182
100,0,blank,0,115.365483333333,469.373633333333,48185,48367,182
100,0,blank,0,125.4384,497.063216666667,48367,48548,181
100,0,blank,0,126.72375,504.931966666667,48548,48728,180
100,0,blank,0,131.8645,532.7594,48728,48789,61
100,0,blank,0,45.642,467.22105,48820,49003,183
100,0,blank,0,125.276116666667,474.050833333333,49003,49186,183
100,21,display,103,123.7082,463.93902,49186,49337,151
100,21,void,102,30.58565,451.725416666667,49367,49557,190
100,0,blank,0,124.64545,502.994916666667,49557,49744,187
100,24,head,118,117.428866666667,511.29555,49744,49926,182
100,24,(,117,95.18475,517.29965,49926,50110,184
100,24,head,118,120.2528,517.5058,50110,50294,184
100,24,head,118,125.242633333333,517.7833,50294,50479,185
100,23,0,114,162.619933333333,506.544416666667,50479,50670,191
100,24,NULL,120,187.832433333333,511.943683333333,50670,50856,186
100,24,NULL,120,187.845933333333,512.242233333333,50856,51044,188
100,23,;,115,164.80185,505.95085,51044,51231,187
100,23,;,115,167.305083333333,503.307316666667,51231,51418,187
100,0,blank,0,175.628,502.07986,51418,51584,166
100,23,0,114,160.3553,490.0215,51584,51750,166
100,0,blank,0,98.27415,486.649083333333,51750,51947,197
100,23,flag,112,90.9924,498.1646,51947,51981,34
100,0,blank,0,187.499266666667,499.141966666667,52014,52203,189
100,24,NULL,120,194.686316666667,518.20825,52203,52392,189
100,0,blank,0,188.915416666667,498.597933333333,52392,52582,190
100,0,blank,0,166.407633333333,545.661733333333,52582,52774,192
100,0,blank,0,149.652,547.30145,52774,52965,191
100,26,2,129,223.1127,566.5658,52965,53159,194
100,0,blank,0,254.69628,548.9986,53159,53327,168
100,0,blank,0,276.59215,590.79995,53327,53396,69
100,0,blank,0,269.8677,420.9973,53428,53461,33
100,0,blank,0,182.03074,520.65502,53496,53678,182
100,0,blank,0,185.225333333333,533.2483,53678,53872,194
100,0,blank,0,187.883583333333,543.821516666667,53872,54070,198
100,0,blank,0,212.68612,553.74168,54070,54242,172
100,0,blank,0,251.82055,556.75065,54242,54316,74
100,0,blank,0,220.677766666667,552.1619,54381,54578,197
100,0,blank,0,189.71648,565.63354,54578,54746,168
100,0,blank,0,196.34328,585.94694,54746,54922,176
100,28,comma,136,248.7646,602.68582,54922,55092,170
100,0,blank,0,266.42912,583.5647,55092,55261,169
100,0,blank,0,266.50252,572.83236,55261,55431,170
100,28,->,138,321.66252,598.67912,55431,55599,168
100,28,;,141,350.018416666667,600.0507,55599,55794,195
100,0,blank,0,342.609866666667,591.613266666667,55794,55988,194
100,0,blank,0,372.901733333333,600.8549,55988,56183,195
100,0,blank,0,373.356183333333,600.54015,56183,56378,195
100,0,blank,0,273.4426,558.0561,56378,56572,194
100,0,blank,0,259.6586,560.1352,56572,56767,195
100,0,blank,0,249.1624,583.685433333333,56767,56966,199
100,0,blank,0,239.38006,576.55336,56966,57132,166
100,0,blank,0,214.230883333333,551.813633333333,57132,57328,196
100,0,blank,0,178.9608,535.8546,57328,57497,169
100,0,blank,0,183.6651,540.769483333333,57497,57693,196
100,0,blank,0,174.506166666667,532.571683333333,57693,57890,197
100,0,blank,0,231.653683333333,543.738683333333,57890,58084,194
100,0,blank,0,213.08765,547.42915,58084,58280,196
100,0,blank,0,195.622866666667,550.0162,58280,58470,190
100,0,blank,0,231.69336,546.66214,58470,58633,163
100,0,blank,0,285.374333333333,557.2915,58633,58812,179
100,0,blank,0,299.1201,558.6173,58812,58904,92
100,0,blank,0,275.1893,548.8369,58904,59085,181
100,0,blank,0,253.62636,552.30918,59085,59260,175
100,0,blank,0,252.41875,569.7457,59260,59327,67
100,0,blank,0,251.0865,587.9327,59394,59423,29
100,0,blank,0,193.3684,538.3721,59455,59490,35
100,24,NULL,120,209.60336,529.8762,59556,59731,175
100,0,blank,0,155.7637,532.673416666667,59731,59926,195
100,0,blank,0,133.1805,541.9508,59926,60027,101
100,26,flag,127,166.952016666667,559.33745,60093,60289,196
100,0,blank,0,174.3947,603.112566666667,60289,60386,97
100,0,blank,0,313.713883333333,562.96365,60449,60639,190
100,28,;,141,350.25525,598.15905,60639,60702,63
100,0,blank,0,382.5916,617.045166666667,60767,60957,190
100,0,blank,0,391.113483333333,621.660233333333,60957,61147,190
100,0,blank,0,358.1138,622.29355,61147,61340,193
100,0,blank,0,365.689616666667,614.868516666667,61340,61535,195
100,0,blank,0,398.2391,610.89978,61535,61709,174
100,0,blank,0,166.01256,652.65954,61742,61919,177
100,0,blank,0,179.04438,662.25378,61919,62091,172
100,0,blank,0,187.24338,646.97334,62091,62255,164
100,28,"%d",135,188.9552,612.53134,62255,62428,173
100,26,%,128,202.87685,564.9561,62428,62625,197
100,0,blank,0,254.755616666667,576.698916666667,62625,62821,196
100,0,blank,0,207.992566666667,630.181233333333,62821,63017,196
100,0,blank,0,184.00726,632.50682,63017,63186,169
100,0,blank,0,180.54658,663.62324,63186,63363,177
100,31,head,148,167.46874,674.63802,63363,63539,176
100,31,next,150,251.68184,670.30472,63539,63716,177
100,31,next,150,242.65978,667.98122,63716,63887,171
100,31,next,150,214.52504,671.982,63887,64056,169
100,31,next,150,221.55326,678.32392,64056,64227,171
100,31,next,150,250.2645,680.641116666667,64227,64424,197
100,31,next,150,253.251933333333,678.278916666667,64424,64622,198
100,31,next,150,251.113516666667,666.53745,64622,64816,194
100,31,next,150,233.5586,665.75105,64816,65011,195
100,31,->,149,202.84302,668.84298,65011,65178,167
100,31,next,150,233.166016666667,674.111383333333,65178,65375,197
100,31,next,150,240.2666,681.08498,65375,65541,166
100,31,next,150,252.7216,680.3357,65541,65608,67
100,0,blank,0,264.36726,677.43172,65675,65847,172
100,0,blank,0,267.59434,667.83576,65847,66015,168
100,0,blank,0,248.36068,662.81052,66015,66186,171
100,31,next,150,227.99014,664.9351,66186,66354,168
100,0,blank,0,193.2211,659.73406,66354,66524,170
100,31,head,148,181.07336,674.16284,66524,66693,169
100,31,head,148,185.25226,679.4743,66693,66860,167
100,31,next,150,251.6675,682.87465,66860,67056,196
100,0,blank,0,211.274,655.06555,67056,67247,191
100,0,blank,0,189.73805,654.713533333333,67247,67442,195
100,0,blank,0,202.609333333333,649.60155,67442,67639,197
100,0,blank,0,224.070483333333,652.943,67639,67833,194
100,0,blank,0,263.20735,659.1903,67833,68028,195
100,0,blank,0,269.3959,664.64924,68028,68189,161
100,0,blank,0,214.34284,579.18252,68222,68387,165
100,0,blank,0,205.29578,570.54232,68387,68557,170
100,0,blank,0,216.935,654.05896,68557,68725,168
100,0,blank,0,216.92718,648.85736,68725,68892,167
100,0,blank,0,198.091866666667,619.7598,68892,69085,193
100,0,blank,0,212.501933333333,596.8124,69085,69185,100
100,0,blank,0,141.73424,486.43734,69219,69391,172
100,24,==,119,166.9276,512.884116666667,69391,69588,197
100,0,blank,0,228.530983333333,549.487216666667,69588,69774,186
100,24,NULL,120,204.348383333333,520.583833333333,69774,69958,184
100,24,NULL,120,208.123533333333,519.744116666667,69958,70144,186
100,24,NULL,120,216.980466666667,521.898266666667,70144,70327,183
100,28,"%d",135,204.187133333333,617.09925,70327,70512,185
100,0,blank,0,201.59405,643.8414,70512,70697,185
100,0,blank,0,200.809216666667,658.785183333333,70697,70881,184
100,0,blank,0,161.226666666667,662.083983333333,70881,71071,190
100,30,;,145,146.892775,660.64315,71071,71197,126
100,24,while,116,86.9047166666667,525.83145,71229,71418,189
100,0,blank,0,52.0434833333333,475.02415,71418,71605,187
100,0,blank,0,45.189025,464.31315,71605,71731,126
100,21,struct,105,173.59112,444.36986,71761,71915,154
100,0,blank,0,1031.42383333333,394.038583333333,72005,72187,182
100,0,blank,0,148.777333333333,406.708483333333,72247,72427,180
100,0,blank,0,149.72922,400.93588,72427,72578,151
100,11,node,59,209.083533333333,226.381316666667,72608,72790,182
100,11,*,61,248.096283333333,234.7594,72790,72973,183
100,11,;,63,280.34145,225.92355,72973,73154,181
100,0,blank,0,271.5416,248.1601,73154,73336,182
100,0,blank,0,247.641983333333,363.57285,73336,73530,194
100,16,"\nDisplayingthealternatenodes\n",84,229.95805,350.15735,73530,73587,57
100,0,blank,0,205.0151,567.434016666667,73619,73809,190
100,0,blank,0,194.54835,627.85475,73809,73992,183
100,0,blank,0,210.077283333333,688.007766666667,73992,74183,191
100,0,blank,0,207.507325,695.809275,74183,74307,124
100,0,blank,0,71.3006666666667,398.648233333333,74369,74464,95
100,9,generate,39,93.3559333333333,187.36475,74494,74679,185
100,10,display,48,75.56085,213.423916666667,74679,74863,184
100,10,display,48,85.5533,220.572466666667,74863,75045,182
100,10,display,48,102.94915,205.7883,75045,75230,185
100,11,(,57,115.557533333333,229.966533333333,75230,75413,183
100,11,delete,56,99.9679666666667,235.006166666667,75413,75600,187
100,11,delete,56,101.218683333333,230.201016666667,75600,75785,185
100,11,delete,56,102.453283333333,226.348733333333,75785,75974,189
100,0,blank,0,59.2373833333333,101.91745,75974,76159,185
100,4,node,26,77.0189,84.18895,76159,76282,123
100,0,blank,0,131.7402,100.47474,76282,76481,199
100,0,blank,0,146.9001,95.8266,76481,76511,30
100,0,blank,0,395.9634,64.59795,76542,76731,189
100,0,blank,0,391.57095,63.06275,76731,76914,183
100,0,blank,0,384.4576,72.8831,76914,77036,122
100,0,blank,0,256.390183333333,442.021366666667,77066,77249,183
100,0,blank,0,249.883083333333,416.90505,77249,77434,185
100,0,blank,0,238.1867,399.0319,77434,77618,184
100,0,blank,0,236.9966,380.7382,77618,77804,186
100,0,blank,0,227.798483333333,386.72275,77804,77992,188
100,0,blank,0,230.113383333333,378.49965,78024,78207,183
100,0,blank,0,219.91285,377.477366666667,78237,78419,182
100,0,blank,0,212.98425,377.214033333333,78419,78601,182
100,0,blank,0,186.781233333333,358.919633333333,78601,78779,178
100,0,blank,0,189.532883333333,358.281533333333,78779,78962,183
100,17,;,91,179.18575,375.586025,78962,79107,145
100,0,blank,0,188.59485,367.6162,79107,79298,191
100,0,blank,0,192.404966666667,368.0723,79298,79494,196
100,0,blank,0,207.5293,410.1911,79494,79524,30
100,0,blank,0,1105.25066666667,300.086716666667,79616,79808,192
100,0,blank,0,1066.76733333333,251.349166666667,79808,80001,193
100,0,blank,0,1063.79416666667,245.402866666667,80001,80198,197
100,0,blank,0,1069.0782,240.77524,80198,80359,161
100,16,"\nDisplayingthealternatenodes\n",84,136.570883333333,353.478866666667,80454,80639,185
100,16,"\nDisplayingthealternatenodes\n",84,121.833983333333,350.730516666667,80639,80823,184
100,23,flag,112,87.4829333333333,504.462716666667,80853,81041,188
100,24,head,118,107.86085,513.140033333333,81041,81234,193
100,24,(,117,102.997233333333,521.489133333333,81234,81420,186
100,0,blank,0,100.2157,476.455,81420,81605,185
100,21,display,103,102.624966666667,449.538683333333,81605,81791,186
100,21,display,103,54.5443166666667,452.309416666667,81791,81974,183
100,21,void,102,42.5135,457.97984,81974,82128,154
100,0,blank,0,177.891216666667,471.7635,82160,82352,192
100,21,struct,105,189.476733333333,457.0072,82352,82542,190
100,21,node,106,213.3846,457.53485,82542,82731,189
100,0,blank,0,245.6871,463.790833333333,82731,82917,186
100,0,blank,0,277.6839,467.4721,82917,83101,184
100,0,blank,0,328.38485,470.742383333333,83101,83294,193
100,0,blank,0,278.75595,473.4224,83294,83479,185
100,0,blank,0,278.563566666667,468.752033333333,83479,83662,183
100,0,blank,0,318.197733333333,472.500316666667,83662,83844,182
100,28,"%d",135,220.3274,605.626266666667,83874,84054,180
100,0,blank,0,205.75184,623.07216,84054,84198,144
100,21,struct,105,133.410966666667,443.292416666667,84229,84414,185
100,0,blank,0,115.7941,441.906883333333,84414,84606,192
100,0,blank,0,110.8414,434.8341,84606,84638,32
100,12,),67,100.819783333333,245.225566666667,84674,84866,192
100,11,delete,56,98.0449166666667,243.238866666667,84866,85058,192
100,0,blank,0,118.967633333333,286.754716666667,85058,85256,198
100,15,generate,76,89.0615,318.9723,85256,85290,34
100,0,blank,0,81.54818,489.6624,85323,85487,164
100,21,display,103,75.758825,462.65475,85487,85619,132
100,0,blank,0,91.5555,435.392933333333,85652,85750,98
100,0,blank,0,184.7973,425.387625,85750,85945,195
100,0,blank,0,201.9355,401.4789,85945,85978,33
100,0,blank,0,-323,-105,86010,86169,159
100,21,struct,105,152.4156,459.7221,86200,86371,171
100,0,blank,0,120.5258,480.32785,86371,86432,61
100,0,blank,0,-323,-105,86462,86594,132
100,23,flag,112,113.859071428571,497.1995,86726,86924,198
100,23,=,113,142.691833333333,500.308083333333,86924,87105,181
100,24,==,119,158.1214,523.363825,87105,87225,120
100,0,blank,0,161.9397,541.2825,87225,87416,191
100,0,blank,0,-323,-105,87473,87526,53
100,28,printf,133,168.0481,603.2583,87573,87599,26
100,0,blank,0,208.33276,634.35868,87683,87823,140
100,31,head,148,161.000133333333,679.661733333333,87989,88094,105
100,21,struct,105,186.5861,456.9127,88327,88606,279
100,24,==,119,158.769514285714,510.063828571429,88606,88805,199
100,0,blank,0,136.079033333333,486.781833333333,88805,88895,90
100,11,(,57,120.832433333333,234.781383333333,88928,89109,181
100,0,blank,0,109.353516666667,292.063466666667,89109,89292,183
100,15,generate,76,94.1327333333333,314.5361,89292,89475,183
100,12,main,65,81.0683666666667,263.818433333333,89475,89657,182
100,0,blank,0,95.2814166666667,278.186233333333,89657,89841,184
100,0,blank,0,124.6148,327.1835,89841,90023,182
100,15,(,77,126.1706,329.77486,90023,90174,151
100,0,blank,0,162.0455,67.2101333333333,90205,90389,184
100,0,blank,0,127.272,87.4734,90389,90419,30
100,1,Print,6,182.208925,13.636875,90451,90574,123
100,1,Program,4,110.476683333333,5.59071666666667,90696,90879,183
100,1,to,5,137.5248,7.73818333333333,90879,91059,180
100,0,blank,0,236.6826,30.34375,91059,91241,182
100,1,Nodes,8,297.340266666667,22.9605,91241,91332,91
100,16,"\nDisplayingthealternatenodes\n",84,162.247483333333,333.682383333333,91362,91544,182
100,15,head,79,145.364883333333,324.593216666667,91544,91728,184
100,0,blank,0,102.875433333333,274.39175,91728,91909,181
100,0,blank,0,91.3808,266.650983333333,91909,92088,179
100,0,blank,0,91.9911166666667,286.918516666667,92088,92269,181
100,14,struct,69,99.4505166666667,305.887466666667,92269,92451,182
100,16,(,83,107.709966666667,338.741233333333,92451,92630,179
100,15,head,79,177.2815,314.152933333333,92630,92811,181
100,14,head,72,178.455566666667,308.058633333333,92811,92986,175
100,15,head,79,148.12505,318.7885,92986,93164,178
100,15,generate,76,109.828966666667,314.3187,93164,93342,178
100,15,head,79,162.843166666667,328.99995,93342,93520,178
100,15,head,79,182.4423,326.081166666667,93520,93700,180
100,16,"\nDisplayingthealternatenodes\n",84,186.5881,339.833233333333,93700,93880,180
100,15,generate,76,107.79785,318.171133333333,93880,94061,181
100,15,generate,76,86.1562,318.51388,94061,94217,156
100,0,blank,0,173.4023,384.324,94247,94276,29
100,17,(,88,117.028675,360.03945,94488,94592,104
100,0,blank,0,359.654916666667,365.423516666667,94621,94795,174
100,0,blank,0,386.935866666667,382.840716666667,94795,94971,176
100,0,blank,0,503.816233333333,389.461066666667,95000,95176,176
100,0,blank,0,475.132916666667,387.3333,95176,95354,178
100,0,blank,0,375.129533333333,380.708116666667,95383,95560,177
100,0,blank,0,433.805783333333,377.710116666667,95560,95738,178
100,0,blank,0,460.642633333333,329.661366666667,95738,95922,184
100,0,blank,0,521.3644,274.3578,95922,95952,30
100,16,"\nDisplayingthealternatenodes\n",84,230.608533333333,335.47805,96014,96198,184
100,17,;,91,181.037616666667,366.902733333333,96198,96376,178
100,18,head,95,156.331066666667,394.837633333333,96376,96553,177
100,18,head,95,131.973316666667,379.81425,96553,96732,179
100,17,display,87,90.30856,367.16198,96732,96911,179
100,17,head,89,140.78238,369.9428,96911,97091,180
100,17,head,89,131.654316666667,368.106683333333,97091,97277,186
100,15,generate,76,102.6501,330.090725,97277,97395,118
100,0,blank,0,-15.92806,487.80112,97456,97611,155
100,23,=,113,141.581516666667,502.588183333333,97646,97836,190
100,0,blank,0,153.3729,473.805116666667,97836,98020,184
100,0,blank,0,249.1614,534.2344,98020,98051,31
100,0,blank,0,236.088,400.071433333333,98080,98175,95
100,16,"\nDisplayingthealternatenodes\n",84,168.95666,353.87168,98204,98382,178
100,0,blank,0,167.36395,354.30915,98382,98562,180
100,18,head,95,129.140933333333,383.396066666667,98562,98746,184
100,18,),96,164.80458,380.64804,98746,98929,183
100,0,blank,0,162.08425,376.09915,98929,99118,189
100,18,head,95,156.537833333333,382.164733333333,99118,99311,193
100,0,blank,0,189.649,378.0129,99311,99437,126
100,18,),96,167.6838,382.4349,99437,99614,177
100,0,blank,0,209.1699,369.5218,99614,99681,67
100,15,head,79,153.5382,327.29185,99681,99861,180
100,15,generate,76,122.98126,325.8883,99861,100028,167
100,16,"\nDisplayingthealternatenodes\n",84,160.476083333333,334.131083333333,100028,100218,190
100,16,"\nDisplayingthealternatenodes\n",84,121.3898,345.317633333333,100218,100405,187
100,16,"\nDisplayingthealternatenodes\n",84,135.04852,349.08012,100405,100589,184
100,15,generate,76,110.812266666667,330.6106,100589,100769,180
100,0,blank,0,185.2635,371.1502,100769,100967,198
100,17,),90,167.09195,358.527925,100967,101148,181
100,16,"\nDisplayingthealternatenodes\n",84,116.512066666667,334.8058,101148,101335,187
100,17,head,89,147.8159,361.8343,101335,101366,31
100,15,(,77,130.0536,315.0819,101366,101593,227
100,0,blank,0,124.691833333333,258.368316666667,101593,101777,184
100,10,display,48,100.599483333333,221.5281,101777,101968,191
100,10,display,48,111.266916666667,206.100533333333,101968,102152,184
100,10,struct,50,149.0243,201.598516666667,102152,102337,185
100,10,struct,50,172.99296,205.42918,102337,102522,185
100,11,struct,58,145.42175,225.3125,102522,102583,61
100,21,display,103,70.95275,454.756066666667,102645,102825,180
100,0,blank,0,144.12005,497.7124,102825,103004,179
100,0,blank,0,134.316233333333,466.073016666667,103004,103182,178
100,16,"\nDisplayingthealternatenodes\n",84,134.626266666667,351.4657,103213,103392,179
100,17,head,89,126.64425,365.4058,103392,103570,178
100,17,(,88,122.5816,367.963725,103570,103689,119
100,0,blank,0,1010.96733333333,181.384316666667,103778,103960,182
100,0,blank,0,1072.265,193.012666666667,103960,104138,178
100,0,blank,0,1066.32,189.9463,104138,104315,177
100,0,blank,0,1075.85583333333,175.884416666667,104315,104499,184
100,0,blank,0,1098.083,171.0999,104499,104679,180
100,0,blank,0,1073.27233333333,181.786583333333,104679,104862,183
100,0,blank,0,1067.94666666667,175.078483333333,104862,105044,182
100,0,blank,0,1079.15416666667,203.765783333333,105044,105231,187
100,0,blank,0,1105.28683333333,208.086316666667,105231,105415,184
100,0,blank,0,-321.9933,207.3422,105446,105539,93
100,0,blank,0,1109.524,212.2047,105630,105723,93
100,0,blank,0,1098.908,240.1985,105845,105936,91
100,0,blank,0,-321.9946,239.6198,105968,105998,30
100,0,blank,0,1097.293,227.5423,106031,106091,60
100,0,blank,0,-321.994,234.442625,106121,106243,122
100,0,blank,0,1102.897,242.069016666667,106336,106522,186
100,0,blank,0,1106.669,255.8416,106522,106552,30
100,0,blank,0,-321.9928,277.1595,106586,106615,29
100,0,blank,0,1105.2035,268.55475,106646,106710,64
100,0,blank,0,-321.992466666667,254.9026,106741,106834,93
101,34,generate,155,130.264666666667,112.222433333333,108554,108735,181
101,0,blank,0,141.1611,130.0508,108735,108798,63
101,34,node,158,227.043883333333,112.584766666667,108826,109007,181
101,34,node,158,218.534583333333,111.953516666667,109007,109192,185
101,34,node,158,216.1699,112.8968,109192,109223,31
101,0,blank,0,1033.771,453.605983333333,109284,109467,183
101,0,blank,0,1046.159,443.0988,109467,109498,31
101,0,blank,0,49.5550333333333,136.465616666667,109595,109776,181
101,34,generate,155,58.8499666666667,97.7051333333333,109776,109958,182
101,0,blank,0,185.69395,52.0108166666667,109987,110171,184
101,0,blank,0,207.607783333333,56.8987833333333,110171,110352,181
101,0,blank,0,219.3096,54.6465833333333,110352,110535,183
101,0,blank,0,139.9208,70.70055,110535,110711,176
101,0,blank,0,154.569433333333,56.9187,110711,110894,183
101,0,blank,0,239.166166666667,49.3079833333333,110894,111072,178
101,31,next,150,239.3035,36.6211,111072,111102,30
101,30,flag,143,121.369433333333,21.8531166666667,111132,111312,180
101,34,generate,155,109.987933333333,104.304066666667,111312,111494,182
101,34,generate,155,126.74285,109.8313,111494,111675,181
101,0,blank,0,202.10645,116.674316666667,111675,111856,181
101,0,blank,0,183.46445,129.641366666667,111856,112038,182
101,36,i,167,140.663783333333,155.206766666667,112038,112221,183
101,37,node,170,130.69785,161.850983333333,112221,112403,182
101,37,node,170,134.789383333333,174.492116666667,112403,112587,184
101,38,"Enterlengthoflist:",176,179.104,184.781533333333,112587,112768,181
101,39,num,184,198.41225,205.44285,112768,112950,182
101,38,"Enterlengthoflist:",176,288.0604,201.928333333333,112950,113133,183
101,0,blank,0,327.44595,203.633516666667,113133,113317,184
101,38,"Enterlengthoflist:",176,346.757833333333,200.007916666667,113317,113497,180
101,38,"Enterlengthoflist:",176,322.893133333333,201.52565,113497,113678,181
101,0,blank,0,307.56495,204.7516,113678,113739,61
101,39,"%d",181,140.2671,206.04545,113770,113949,179
101,0,blank,0,115.078133333333,203.193416666667,113949,114130,181
101,38,"Enterlengthoflist:",176,144.19425,193.6225,114130,114312,182
101,39,num,184,186.507616666667,214.571016666667,114312,114495,183
101,39,&,183,170.091233333333,207.3679,114495,114678,183
101,38,(,175,105.167883333333,195.515183333333,114678,114862,184
101,38,(,175,106.304416666667,192.268516666667,114862,115044,182
101,38,"Enterlengthoflist:",176,152.986133333333,194.59685,115044,115241,197
101,38,"Enterlengthoflist:",176,165.136983333333,197.336666666667,115241,115429,188
101,38,"Enterlengthoflist:",176,159.070183333333,196.626583333333,115429,115618,189
101,0,blank,0,200.63094,203.56004,115618,115798,180
101,39,num,184,182.56754,221.21124,115798,115972,174
101,0,blank,0,161.52695,216.549516666667,115972,116154,182
101,0,blank,0,125.374116666667,225.331866666667,116154,116347,193
101,40,>,194,213.587716666667,229.950083333333,116347,116530,183
101,39,;,186,220.48905,223.497633333333,116530,116716,186
101,0,blank,0,199.976083333333,238.357433333333,116716,116896,180
101,0,blank,0,198.067816666667,232.527016666667,116896,117079,183
101,40,num,191,146.775766666667,243.303566666667,117079,117260,181
101,39,"%d",181,140.519866666667,224.8508,117260,117439,179
101,40,num,191,158.728133333333,235.2509,117439,117530,91
101,0,blank,0,260.8775,251.533466666667,117560,117739,179
101,40,0,195,227.75535,234.306783333333,117739,117921,182
101,0,blank,0,298.021925,234.05565,117921,118042,121
101,40,0,195,227.2391,246.2175,118042,118285,243
101,0,blank,0,233.415157142857,268.949657142857,118285,118480,195
101,42,node,213,268.32506,277.71388,118480,118655,175
101,0,blank,0,338.495233333333,297.734066666667,118655,118836,181
101,42,sizeof,210,374.998766666667,287.78725,118836,119017,181
101,42,(,211,369.937883333333,276.71205,119017,119198,181
101,0,blank,0,380.437316666667,269.012533333333,119198,119384,186
101,42,sizeof,210,373.96895,290.966416666667,119384,119565,181
101,0,blank,0,384.66895,300.0567,119565,119745,180
101,0,blank,0,409.485025,300.567275,119745,119903,158
101,0,blank,0,481.8406,315.5051,119903,120019,116
101,42,struct,212,457.02125,286.9716,120019,120202,183
101,0,blank,0,455.73096,299.18462,120202,120353,151
101,42,=,202,137.467633333333,279.210466666667,120414,120592,178
101,42,=,202,139.1849,277.689416666667,120592,120769,177
101,42,=,202,141.98305,282.991366666667,120769,120946,177
101,43,i,221,184.086766666667,306.955783333333,120946,121123,177
101,44,==,227,188.9692,314.41415,121123,121184,61
101,0,blank,0,348.874633333333,293.960766666667,121212,121390,178
101,42,struct,212,451.92765,280.813175,121390,121511,121
101,0,blank,0,545.084,264.790666666667,121571,121756,185
101,0,blank,0,492.452083333333,315.25295,121756,121933,177
101,0,blank,0,472.963033333333,310.574483333333,121933,122110,177
101,0,blank,0,516.6864,292.27095,122110,122288,178
101,0,blank,0,571.308566666667,294.511466666667,122288,122474,186
101,0,blank,0,571.66652,316.31404,122504,122650,146
101,44,head,226,138.111066666667,315.188033333333,122708,122885,177
101,0,blank,0,140.6394,293.454833333333,122885,123064,179
101,44,==,227,196.0614,319.309466666667,123064,123245,181
101,0,blank,0,174.86785,311.90655,123245,123305,60
101,0,blank,0,-323,-105,123363,123489,126
101,0,blank,0,209.8039,339.5957,123514,123541,27
101,0,blank,0,-323,-105,123575,123732,157
101,0,blank,0,231.8807,297.3482,123757,123783,26
101,0,blank,0,183.182057142857,311.2272,123831,124022,191
101,44,head,226,135.424233333333,321.594983333333,124022,124202,180
101,44,head,226,157.000016666667,328.281033333333,124202,124379,177
101,44,NULL,228,216.1037,333.22115,124379,124557,178
101,44,NULL,228,235.620433333333,327.131166666667,124557,124738,181
101,44,NULL,228,216.654466666667,322.231633333333,124738,124916,178
101,0,blank,0,210.52195,321.68815,124916,125096,180
101,0,blank,0,207.450183333333,302.868666666667,125096,125275,179
101,44,NULL,228,217.285666666667,315.394683333333,125275,125454,179
101,0,blank,0,206.8642,314.3234,125454,125634,180
101,0,blank,0,230.206933333333,313.44445,125634,125813,179
101,44,NULL,228,219.302416666667,324.416783333333,125813,125991,178
101,44,NULL,228,225.166866666667,316.329233333333,125991,126172,181
101,44,NULL,228,217.172933333333,326.301983333333,126172,126353,181
101,44,NULL,228,223.93725,332.09815,126353,126533,180
101,0,blank,0,212.491266666667,332.7051,126533,126717,184
101,44,NULL,228,217.988433333333,331.116166666667,126717,126898,181
101,0,blank,0,204.530083333333,348.69925,126898,127081,183
101,0,blank,0,181.187233333333,378.9153,127081,127263,182
101,47,->,240,209.002533333333,384.129716666667,127263,127448,185
101,47,->,240,196.083183333333,390.974033333333,127448,127635,187
101,47,->,240,194.477783333333,385.851716666667,127635,127816,181
101,47,next,241,218.2711,386.55155,127816,128001,185
101,47,->,240,201.137016666667,380.952266666667,128001,128186,185
101,47,next,241,222.601616666667,387.118283333333,128186,128368,182
101,47,->,240,209.2273,391.8196,128368,128549,181
101,47,->,240,197.137883333333,395.551616666667,128549,128730,181
101,0,blank,0,244.086333333333,407.83415,128730,128911,181
101,47,next,241,238.59485,400.113683333333,128911,129089,178
101,47,next,241,215.719583333333,393.03175,129089,129268,179
101,47,next,241,217.377583333333,393.5549,129268,129450,182
101,47,next,241,272.64625,394.035066666667,129450,129630,180
101,47,NULL,243,322.404583333333,398.259533333333,129630,129810,180
101,0,blank,0,349.929975,413.466175,129810,129929,119
101,0,blank,0,156.795866666667,408.74515,129958,130136,178
101,0,blank,0,138.019833333333,438.617,130136,130317,181
101,0,blank,0,162.3167,460.03,130317,130492,175
101,0,blank,0,183.756566666667,467.2958,130492,130669,177
101,51,next,250,186.971416666667,472.247016666667,130669,130844,175
101,51,->,249,177.60515,484.56335,130844,130904,60
101,47,->,240,203.242333333333,384.812016666667,130933,131107,174
101,46,temp,234,214.5881,378.492683333333,131107,131282,175
101,0,blank,0,196.837516666667,347.27905,131282,131459,177
101,0,blank,0,175.376633333333,320.702983333333,131459,131634,175
101,43,=,220,169.302166666667,305.8138,131634,131811,177
101,43,=,220,164.4284,296.1432,131811,131870,59
101,0,blank,0,252.970033333333,459.232933333333,131901,132083,182
101,0,blank,0,246.113616666667,472.932283333333,132083,132265,182
101,51,head,253,286.423933333333,470.017516666667,132265,132445,180
101,0,blank,0,315.930516666667,474.649916666667,132445,132621,176
101,0,blank,0,272.30235,490.720566666667,132621,132798,177
101,0,blank,0,201.734,497.17695,132798,132976,178
101,0,blank,0,199.19165,498.134433333333,132976,133155,179
101,0,blank,0,134.151333333333,564.25635,133155,133337,182
101,56,delete,264,98.63455,582.24345,133337,133519,182
101,56,delete,264,53.25895,596.962133333333,133519,133703,184
101,56,delete,264,56.9027,590.5237,133703,133733,30
101,44,if,223,92.9909,327.924533333333,133795,133978,183
101,39,scanf,179,79.8072833333333,220.765633333333,133978,134159,181
101,40,(,188,87.4005166666667,231.287366666667,134159,134340,181
101,40,(,188,87.2815,237.3617,134340,134371,31
101,36,num,165,91.329,149.22996,134401,134552,151
101,0,blank,0,156.860533333333,455.604783333333,134583,134762,179
101,52,=,257,190.965516666667,500.499033333333,134762,134941,179
101,52,temp,258,215.481866666667,502.579066666667,134941,135123,182
101,0,blank,0,253.568883333333,491.527683333333,135123,135305,182
101,51,next,250,198.75335,486.097516666667,135305,135486,181
101,0,blank,0,177.3682,495.88855,135486,135668,182
101,51,next,250,192.8711,479.103233333333,135668,135759,91
101,39,"%d",181,139.12295,215.874683333333,135791,135967,176
101,0,blank,0,72.9507333333333,117.633816666667,135967,136146,179
101,0,blank,0,79.6623,125.722633333333,136146,136326,180
101,0,blank,0,79.5267666666667,141.644866666667,136326,136505,179
101,0,blank,0,180.218233333333,357.97875,136535,136718,183
101,47,head,238,149.236016666667,400.596866666667,136718,136897,179
101,0,blank,0,147.34515,416.087675,136897,137018,121
101,42,=,202,143.12645,271.9917,137048,137227,179
101,0,blank,0,132.9184,256.759516666667,137227,137406,179
101,0,blank,0,141.82485,252.0233,137406,137464,58
101,37,struct,169,96.5426833333333,162.610833333333,137496,137678,182
101,36,num,165,98.92065,156.375033333333,137678,137856,178
101,36,num,165,97.927,146.2661,137856,137885,29
101,0,blank,0,174.8987,437.265516666667,137915,138096,181
101,47,head,238,169.96365,390.77695,138096,138274,178
101,0,blank,0,155.468083333333,349.681333333333,138274,138454,180
101,0,blank,0,132.896316666667,231.319583333333,138454,138637,183
101,37,struct,169,72.2428166666667,170.55505,138637,138817,180
101,36,int,164,70.5054666666667,144.9456,138817,138998,181
101,34,generate,155,81.7075333333333,114.0114,138998,139181,183
101,0,blank,0,123.595116666667,91.10975,139181,139363,182
101,39,"%d",181,115.144783333333,214.576833333333,139393,139576,183
101,39,"%d",181,115.020583333333,214.934933333333,139576,139759,183
101,39,&,183,165.833216666667,216.573866666667,139759,139939,180
101,39,),185,205.020066666667,218.902466666667,139939,140115,176
101,39,&,183,167.4607,217.17605,140115,140271,156
101,40,=,190,116.1579,236.95025,140271,140459,188
101,39,comma,182,145.245333333333,224.524633333333,140459,140638,179
101,40,num,191,144.218183333333,234.633383333333,140638,140811,173
101,40,num,191,139.102066666667,235.337483333333,140811,140988,177
101,0,blank,0,142.250816666667,225.634316666667,140988,141167,179
101,40,;,196,169.653716666667,226.54555,141167,141345,178
101,40,;,196,170.0653,226.62005,141345,141524,179
101,39,&,183,166.182716666667,224.775366666667,141524,141701,177
101,0,blank,0,172.012066666667,235.589116666667,141701,141878,177
101,40,0,195,225.471066666667,227.961166666667,141878,142055,177
101,40,>,194,206.143933333333,226.998816666667,142055,142234,179
101,40,i,197,187.035116666667,231.6166,142234,142413,179
101,39,&,183,167.005266666667,224.5133,142413,142589,176
101,0,blank,0,174.672133333333,245.7072,142589,142679,90
101,0,blank,0,-323,-105,142710,142840,130
101,39,num,184,188.66595,221.86435,142928,142976,48
101,0,blank,0,-323,-105,143006,143161,155
101,0,blank,0,237.4402,213.995,143186,143211,25
101,0,blank,0,-323,-105,143235,143411,176
101,0,blank,0,296.8142,268.0739,143437,143462,25
101,40,++,198,265.243985714286,237.491685714286,143512,143706,194
101,0,blank,0,301.04985,247.41805,143706,143881,175
101,0,blank,0,326.253266666667,248.99295,143881,144055,174
101,0,blank,0,330.6438,265.4719,144055,144084,29
101,43,;,222,201.376833333333,302.83415,144113,144286,173
101,0,blank,0,203.282066666667,299.964116666667,144286,144458,172
101,0,blank,0,131.11525,271.738866666667,144458,144633,175
101,0,blank,0,229.300633333333,293.957733333333,144633,144805,172
101,0,blank,0,305.072216666667,291.953933333333,144805,144980,175
101,42,),215,301.799825,283.8508,144980,145099,119
101,42,sizeof,210,384.502433333333,290.722333333333,145125,145301,176
101,0,blank,0,384.66295,298.101133333333,145301,145476,175
101,0,blank,0,373.39325,296.29735,145476,145649,173
101,42,struct,212,443.319383333333,288.934766666667,145649,145825,176
101,0,blank,0,452.692566666667,301.31,145825,145999,174
101,0,blank,0,426.952116666667,312.4162,145999,146173,174
101,0,blank,0,459.635816666667,319.7628,146173,146346,173
101,0,blank,0,498.267966666667,312.704333333333,146346,146518,172
101,0,blank,0,529.733966666667,336.585666666667,146518,146695,177
101,0,blank,0,570.129566666667,329.984216666667,146695,146872,177
101,0,blank,0,557.7133,326.70615,146872,146989,117
101,43,i,221,189.601466666667,311.08275,147017,147192,175
101,44,head,226,143.8413,318.672633333333,147192,147367,175
101,44,head,226,148.0688,318.652871428571,147367,147566,199
101,44,head,226,165.802566666667,323.021416666667,147566,147742,176
101,44,head,226,162.86345,317.534083333333,147742,147917,175
101,0,blank,0,133.774333333333,350.8731,147917,148091,174
101,0,blank,0,139.057333333333,340.705,148091,148263,172
101,44,head,226,136.7734,326.24385,148263,148320,57
101,0,blank,0,220.390266666667,341.941133333333,148349,148522,173
101,44,==,227,201.247383333333,319.026566666667,148522,148694,172
101,0,blank,0,176.614216666667,323.051466666667,148694,148867,173
101,44,head,226,170.387833333333,324.1082,148867,149040,173
101,44,head,226,138.940666666667,314.344733333333,149040,149213,173
101,0,blank,0,145.607366666667,339.954533333333,149213,149387,174
101,0,blank,0,140.3252,339.9972,149387,149560,173
101,0,blank,0,195.854166666667,337.357833333333,149560,149735,175
101,44,NULL,228,217.97115,324.293533333333,149735,149910,175
101,44,NULL,228,218.2767,331.255333333333,149910,150084,174
101,0,blank,0,206.167383333333,350.1302,150084,150257,173
101,46,=,233,186.755216666667,377.552633333333,150257,150431,174
101,46,=,233,188.135,362.4336,150431,150605,174
101,46,=,233,190.94005,377.93695,150605,150779,174
101,46,head,232,162.78605,370.328983333333,150779,150953,174
101,46,temp,234,203.670133333333,377.085133333333,150953,151128,175
101,46,temp,234,241.70345,376.604783333333,151128,151300,172
101,47,next,241,219.0849,381.61965,151300,151475,175
101,0,blank,0,226.298166666667,401.26805,151475,151648,173
101,0,blank,0,297.243466666667,408.127316666667,151648,151823,175
101,0,blank,0,211.760616666667,418.637,151823,151999,176
101,0,blank,0,163.038166666667,450.417533333333,151999,152173,174
101,0,blank,0,172.707983333333,468.059333333333,152173,152348,175
101,51,next,250,206.464466666667,484.773416666667,152348,152523,175
101,0,blank,0,209.05425,490.523666666667,152523,152696,173
101,51,next,250,221.72125,487.031133333333,152696,152868,172
101,52,;,259,248.68345,504.826283333333,152868,153045,177
101,51,head,253,281.393583333333,487.752483333333,153045,153224,179
101,0,blank,0,320.552433333333,486.985216666667,153250,153426,176
101,0,blank,0,-323,-105,153452,153631,179
101,0,blank,0,-323,-105,153631,153808,177
101,0,blank,0,-323,-105,153808,153922,114
101,51,head,253,275.0178,473.221328571429,153951,154144,193
101,51,head,253,297.002366666667,474.3179,154144,154323,179
101,0,blank,0,292.196083333333,462.95175,154323,154498,175
101,51,head,253,297.27684,483.75986,154498,154646,148
101,0,blank,0,1027.49933333333,762.4012,154792,154880,88
101,0,blank,0,1073.39625,747.52285,154939,155059,120
101,0,blank,0,317.477733333333,551.568733333333,155143,155320,177
101,51,head,253,275.519216666667,487.695666666667,155320,155503,183
101,51,head,253,281.90885,478.591983333333,155503,155685,182
101,52,temp,258,235.394766666667,508.887233333333,155685,155868,183
101,52,head,256,149.093533333333,493.312016666667,155868,156052,184
101,52,temp,258,214.85825,498.176016666667,156052,156233,181
101,51,;,254,308.172083333333,477.9308,156233,156418,185
101,51,;,254,311.702083333333,476.31525,156418,156600,182
101,0,blank,0,315.889533333333,502.038883333333,156600,156780,180
101,0,blank,0,323.48405,499.85145,156780,156903,123
101,0,blank,0,199.448783333333,512.001116666667,156933,157114,181
101,52,=,257,183.568933333333,510.509266666667,157114,157300,186
101,0,blank,0,221.01105,515.167716666667,157300,157481,181
101,0,blank,0,273.091416666667,515.456083333333,157481,157667,186
101,52,temp,258,233.788733333333,502.991833333333,157667,157849,182
101,0,blank,0,206.5035,511.892333333333,157849,158030,181
101,0,blank,0,144.3772,556.52765,158030,158210,180
101,0,blank,0,110.622483333333,577.4128,158210,158392,182
101,0,blank,0,48.2471,591.56285,158392,158571,179
101,56,delete,264,67.5045666666667,588.220083333333,158571,158752,181
101,56,delete,264,78.2798,582.6716,158752,158783,31
101,0,blank,0,135.008533333333,460.191133333333,158813,158993,180
101,51,->,249,173.6211,474.909333333333,158993,159174,181
101,52,temp,258,206.1517,492.638933333333,159174,159355,181
101,0,blank,0,262.38595,499.01155,159355,159538,183
101,51,*,252,258.507483333333,485.95675,159538,159724,186
101,51,*,252,263.5492,481.1711,159724,159757,33
101,0,blank,0,226.3283,474.3367,159820,159848,28
101,0,blank,0,-323,-105,159874,160055,181
101,0,blank,0,-323,-105,160055,160233,178
101,0,blank,0,-323,-105,160233,160408,175
101,0,blank,0,-323,-105,160408,160605,197
101,0,blank,0,-323,-105,160605,160796,191
101,0,blank,0,-323,-105,160796,160988,192
101,0,blank,0,-323,-105,160988,161191,203
101,0,blank,0,-323,-105,161191,161299,108
101,0,blank,0,-323,-105,161299,161429,130
101,0,blank,0,-323,-105,161429,161558,129
101,0,blank,0,152.70794,291.19496,161583,161761,178
101,43,i,221,188.025033333333,301.17265,161761,161948,187
101,44,NULL,228,215.889666666667,321.183533333333,161948,162138,190
101,43,=,220,169.010833333333,307.4346,162138,162330,192
101,0,blank,0,178.138683333333,313.5385,162330,162517,187
101,42,struct,212,166.687366666667,286.44335,162517,162701,184
101,40,=,190,122.852433333333,241.44015,162701,162884,183
101,39,"%d",181,113.672833333333,216.370683333333,162884,163066,182
101,37,struct,169,97.5555,178.325483333333,163066,163254,188
101,37,struct,169,95.6722333333333,176.00425,163254,163441,187
101,37,struct,169,89.1551,172.8951,163441,163473,32
101,38,"Enterlengthoflist:",176,252.92335,186.614683333333,163503,163690,187
101,38,"Enterlengthoflist:",176,241.926433333333,195.776016666667,163690,163877,187
101,38,"Enterlengthoflist:",176,205.89775,192.51515,163877,164066,189
101,37,temp,172,193.889716666667,177.7501,164066,164255,189
101,0,blank,0,250.204166666667,180.089633333333,164255,164437,182
101,38,"Enterlengthoflist:",176,334.393333333333,196.3051,164437,164619,182
101,38,"Enterlengthoflist:",176,339.654025,190.048775,164619,164741,122
101,37,temp,172,213.958,170.5415,164771,164950,179
101,0,blank,0,260.74535,181.068733333333,164950,165132,182
101,38,"Enterlengthoflist:",176,185.75435,191.744483333333,165132,165315,183
101,0,blank,0,156.4192,207.674383333333,165315,165495,180
101,39,(,180,102.4645,204.702333333333,165495,165673,178
101,38,printf,174,75.1544,202.39625,165673,165853,180
101,39,),185,209.959833333333,221.363416666667,165882,166062,180
101,39,&,183,166.951733333333,216.889783333333,166062,166238,176
101,0,blank,0,125.7408,225.641866666667,166238,166414,176
101,39,(,180,99.7879166666667,223.79485,166414,166593,179
101,39,num,184,186.878583333333,222.639833333333,166593,166770,177
101,40,0,195,223.643283333333,246.9846,166770,166946,176
101,42,struct,212,195.955716666667,270.250033333333,166946,167125,179
101,42,(,211,157.382683333333,270.82195,167125,167302,177
101,42,=,202,137.73648,276.07674,167302,167450,148
101,42,),215,295.638766666667,287.85815,167480,167659,179
101,43,a,219,147.524383333333,301.7925,167689,167866,177
101,0,blank,0,150.5786,291.72645,167866,168045,179
101,42,struct,212,189.162,286.4395,168045,168134,89
101,42,malloc,208,361.606833333333,274.9784,168163,168341,178
101,42,malloc,208,350.156666666667,285.195566666667,168341,168516,175
101,42,),215,300.1439,272.15635,168516,168692,176
101,0,blank,0,302.04825,274.8737,168692,168751,59
101,0,blank,0,576.082616666667,336.356033333333,168780,168958,178
101,0,blank,0,533.518583333333,321.836416666667,168958,169134,176
101,0,blank,0,482.44765,295.698883333333,169134,169312,178
101,42,sizeof,210,412.75985,285.741933333333,169312,169490,178
101,42,malloc,208,339.660666666667,277.708516666667,169490,169663,173
101,42,*,206,284.375566666667,274.61905,169663,169844,181
101,0,blank,0,227.185,269.232083333333,169844,170019,175
101,42,node,213,268.191183333333,274.37275,170019,170194,175
101,42,malloc,208,339.389616666667,284.085,170194,170366,172
101,0,blank,0,394.684716666667,314.61035,170366,170543,177
101,0,blank,0,429.859333333333,300.085033333333,170543,170718,175
101,42,node,213,542.330116666667,286.136233333333,170747,170927,180
101,0,blank,0,547.62855,303.448983333333,170927,171100,173
101,0,blank,0,599.1553,284.5552,171100,171157,57
101,0,blank,0,497.936216666667,309.945383333333,171186,171361,175
101,0,blank,0,457.6546,294.0076,171361,171391,30
101,44,head,226,139.688033333333,321.355416666667,171450,171623,173
101,0,blank,0,155.89985,296.759333333333,171623,171794,171
101,43,=,220,163.074733333333,306.088266666667,171794,171966,172
101,43,i,221,187.279375,301.236275,171966,172081,115
101,43,=,220,168.4604,302.237125,172081,172263,182
101,42,(,211,155.190016666667,288.76435,172263,172435,172
101,0,blank,0,157.717183333333,307.919466666667,172435,172610,175
101,43,=,220,169.49225,309.701166666667,172610,172787,177
101,42,struct,212,174.137483333333,289.074283333333,172787,172963,176
101,0,blank,0,160.122433333333,307.839366666667,172963,173142,179
101,0,blank,0,160.47105,291.739466666667,173142,173323,181
101,0,blank,0,167.320766666667,293.981,173323,173500,177
101,0,blank,0,153.60125,288.3477,173500,173676,176
101,43,a,219,150.738683333333,294.889683333333,173676,173849,173
101,0,blank,0,136.456983333333,292.624916666667,173849,174025,176
101,42,=,202,141.893033333333,290.9452,174025,174201,176
101,42,(,211,162.548866666667,285.01555,174201,174377,176
101,42,(,211,160.20645,283.794883333333,174377,174555,178
101,42,struct,212,173.812166666667,270.447566666667,174555,174727,172
101,38,"Enterlengthoflist:",176,165.03715,185.731483333333,174727,174900,173
101,0,blank,0,156.2066,145.953066666667,174900,175077,177
101,0,blank,0,211.86345,159.488416666667,175077,175253,176
101,0,blank,0,228.2879,173.4951,175253,175282,29
101,31,next,150,247.804566666667,44.34375,175314,175490,176
101,0,blank,0,245.386283333333,224.887666666667,175520,175698,178
101,0,blank,0,226.930616666667,219.202983333333,175698,175875,177
101,39,),185,207.212433333333,218.274216666667,175875,176051,176
101,39,;,186,217.7967,221.2227,176051,176109,58
101,43,i,221,192.597866666667,311.016883333333,176138,176316,178
101,0,blank,0,179.342616666667,310.959033333333,176316,176495,179
101,0,blank,0,176.819466666667,301.281933333333,176495,176676,181
101,42,(,211,155.964633333333,281.559633333333,176676,176856,180
101,42,=,202,136.85395,286.007583333333,176856,177032,176
101,42,(,211,159.3984,284.130933333333,177032,177205,173
101,42,struct,212,170.926233333333,289.900816666667,177205,177375,170
101,42,struct,212,182.401616666667,280.967866666667,177375,177554,179
101,42,struct,212,176.394816666667,281.1502,177554,177732,178
101,42,(,211,159.024533333333,290.516566666667,177732,177913,181
101,42,struct,212,163.478583333333,276.6615,177913,178089,176
101,0,blank,0,151.773083333333,278.480166666667,178089,178270,181
101,0,blank,0,152.489066666667,281.11815,178270,178452,182
101,0,blank,0,145.5148,284.886416666667,178452,178633,181
101,42,(,211,159.562616666667,288.86345,178633,178815,182
101,0,blank,0,167.206675,293.55965,178815,178935,120
101,0,blank,0,-323,-105,178993,179172,179
101,43,=,220,167.9407,296.2627,179197,179222,25
101,0,blank,0,-323,-105,179244,179371,127
101,0,blank,0,205.1506,252.9498,179396,179422,26
101,42,struct,212,203.312371428571,274.331871428571,179483,179678,195
101,42,struct,212,215.283416666667,277.38135,179678,179850,172
101,42,struct,212,209.345116666667,273.092833333333,179850,180021,171
101,0,blank,0,224.855716666667,287.567783333333,180021,180195,174
101,42,struct,212,218.557966666667,284.386866666667,180195,180366,171
101,39,&,183,174.263766666667,221.823433333333,180366,180539,173
101,39,&,183,168.011966666667,221.75955,180539,180715,176
101,39,num,184,185.15645,215.37055,180715,180889,174
101,39,num,184,201.78895,218.012025,180889,181032,143
101,42,struct,212,210.52475,277.192,181032,181230,198
101,43,i,221,190.130533333333,306.809033333333,181230,181414,184
101,43,;,222,197.191533333333,310.276516666667,181414,181588,174
101,43,i,221,184.406616666667,309.673316666667,181588,181763,175
101,0,blank,0,231.348833333333,309.9184,181763,181938,175
101,0,blank,0,269.8586,331.1612,181938,182025,87
101,43,i,221,188.246483333333,308.1312,182053,182227,174
101,43,=,220,172.308083333333,311.271266666667,182227,182401,174
101,0,blank,0,181.652266666667,311.388933333333,182401,182576,175
101,43,;,222,200.114083333333,300.36615,182576,182750,174
101,0,blank,0,219.558,310.434716666667,182750,182926,176
101,0,blank,0,225.064,311.29745,182926,183103,177
101,0,blank,0,249.57695,311.310283333333,183103,183274,171
101,0,blank,0,246.847916666667,303.693683333333,183274,183446,172
101,0,blank,0,265.76585,314.332783333333,183446,183621,175
101,44,NULL,228,250.640316666667,316.922216666667,183621,183797,176
101,0,blank,0,206.074266666667,327.877,183797,183969,172
101,44,==,227,184.247216666667,334.089433333333,183969,184141,172
101,0,blank,0,176.71685,345.528683333333,184141,184316,175
101,0,blank,0,253.106216666667,375.255533333333,184316,184494,178
101,0,blank,0,224.251333333333,352.3368,184494,184670,176
101,0,blank,0,200.8649,344.79425,184670,184845,175
101,0,blank,0,168.783966666667,339.76055,184845,185019,174
101,44,head,226,164.473383333333,331.48935,185019,185194,175
101,43,->,218,130.44365,298.203333333333,185194,185369,175
101,43,=,220,165.4378,296.370116666667,185369,185549,180
101,0,blank,0,225.9305,308.088916666667,185549,185726,177
101,0,blank,0,253.736316666667,306.400466666667,185726,185907,181
101,0,blank,0,246.942783333333,311.371283333333,185907,186084,177
101,0,blank,0,224.377233333333,350.019516666667,186084,186261,177
101,0,blank,0,219.8524,358.241433333333,186261,186441,180
101,0,blank,0,256.84425,355.38205,186441,186619,178
101,0,blank,0,238.61035,349.1555,186619,186798,179
101,46,temp,234,223.699333333333,360.927033333333,186798,186976,178
101,0,blank,0,194.722183333333,365.9265,186976,187153,177
101,46,temp,234,241.531266666667,363.104533333333,187153,187330,177
101,0,blank,0,254.106433333333,354.398483333333,187330,187514,184
101,46,temp,234,232.590466666667,373.106166666667,187514,187696,182
101,0,blank,0,192.90345,389.853183333333,187696,187873,177
101,47,head,238,183.3873,382.12105,187873,188053,180
101,0,blank,0,180.84085,371.7679,188053,188233,180
101,0,blank,0,176.8708,370.314266666667,188233,188418,185
101,46,;,235,248.98735,373.0293,188418,188598,180
101,46,;,235,247.483316666667,377.765516666667,188598,188776,178
101,46,temp,234,236.6269,367.759983333333,188776,188957,181
101,47,next,241,256.42035,383.393483333333,188957,189134,177
101,47,NULL,243,312.2122,385.814033333333,189134,189314,180
101,0,blank,0,332.582283333333,392.026383333333,189314,189497,183
101,46,temp,234,210.5517,372.2786,189497,189675,178
101,0,blank,0,194.731683333333,364.751483333333,189675,189857,182
101,47,next,241,221.963066666667,383.451383333333,189857,190040,183
101,46,temp,234,218.177216666667,372.666516666667,190040,190226,186
101,46,temp,234,215.69266,373.76182,190226,190370,144
101,0,blank,0,338.5735,392.0972,190400,190575,175
101,0,blank,0,322.730716666667,379.300816666667,190575,190758,183
101,0,blank,0,332.822966666667,380.462516666667,190758,190938,180
101,0,blank,0,336.033016666667,387.6419,190938,191119,181
101,47,NULL,243,318.93,392.18345,191119,191299,180
101,0,blank,0,293.2221,405.22315,191299,191419,120
101,0,blank,0,134.910833333333,407.857566666667,191449,191635,186
101,0,blank,0,127.067333333333,420.270316666667,191635,191815,180
101,0,blank,0,121.3895,410.212433333333,191815,191994,179
101,0,blank,0,140.19315,430.124233333333,191994,192173,179
101,0,blank,0,183.024316666667,451.755083333333,192173,192350,177
101,51,next,250,214.27925,482.873983333333,192350,192527,177
101,51,=,251,235.57325,480.0031,192527,192707,180
101,0,blank,0,176.29075,463.96985,192707,192887,180
101,0,blank,0,163.251666666667,446.579916666667,192887,193067,180
101,0,blank,0,198.062633333333,462.9165,193067,193246,179
101,51,next,250,222.706033333333,473.802566666667,193246,193422,176
101,0,blank,0,188.922316666667,458.8209,193422,193600,178
101,0,blank,0,363.223933333333,479.92295,193630,193807,177
101,0,blank,0,329.811266666667,470.28085,193807,193982,175
101,51,;,254,310.7078,481.424333333333,193982,194157,175
101,0,blank,0,200.880033333333,465.5715,194157,194335,178
101,51,=,251,242.7082,484.77595,194335,194510,175
101,0,blank,0,231.377516666667,487.779966666667,194510,194687,177
101,0,blank,0,252.075683333333,478.352166666667,194687,194859,172
101,0,blank,0,351.892866666667,491.795983333333,194859,195035,176
101,0,blank,0,328.660216666667,487.32795,195035,195217,182
101,0,blank,0,318.8044,475.0977,195217,195250,33
101,40,0,195,228.259466666667,239.930866666667,195280,195466,186
101,39,;,186,220.224466666667,216.9974,195466,195647,181
101,38,"Enterlengthoflist:",176,202.792583333333,196.403316666667,195647,195828,181
101,38,"Enterlengthoflist:",176,208.768416666667,188.113333333333,195828,196011,183
101,0,blank,0,287.10695,181.007733333333,196011,196191,180
101,38,"Enterlengthoflist:",176,297.2454,186.5376,196191,196221,30
101,0,blank,0,323.144566666667,519.953483333333,196282,196459,177
101,51,;,254,308.595566666667,484.110583333333,196459,196639,180
101,0,blank,0,216.08115,460.49565,196639,196820,181
101,0,blank,0,215.241266666667,451.2942,196820,196910,90
101,0,blank,0,-323,-105,196971,197128,157
101,0,blank,0,-323,-105,197128,197312,184
101,0,blank,0,-323,-105,197312,197498,186
101,0,blank,0,257.4609,428.376614285714,197533,197731,198
101,0,blank,0,294.4812,432.4641,197731,197908,177
101,0,blank,0,315.204966666667,452.408933333333,197908,198084,176
101,0,blank,0,278.397766666667,456.126366666667,198084,198257,173
101,0,blank,0,263.321933333333,449.179016666667,198257,198431,174
101,0,blank,0,309.4423,467.358883333333,198431,198604,173
101,0,blank,0,310.7701,466.19315,198604,198661,57
101,42,node,213,236.432083333333,289.8336,198690,198865,175
101,0,blank,0,227.839,278.47965,198865,198924,59
101,40,0,195,223.861385714286,233.297757142857,198982,199177,195
101,0,blank,0,228.2962,220.2961,199177,199207,30
101,0,blank,0,257.021583333333,304.79455,199237,199414,177
101,0,blank,0,283.372966666667,353.237416666667,199414,199594,180
101,0,blank,0,229.8177,341.848033333333,199594,199771,177
101,0,blank,0,205.5277,337.517,199771,199949,178
101,51,;,254,308.3157,480.8227,199979,200156,177
101,0,blank,0,312.7038,487.985333333333,200156,200333,177
101,0,blank,0,318.068366666667,463.32345,200333,200509,176
101,51,head,253,294.905933333333,484.122283333333,200509,200690,181
101,51,head,253,275.86455,480.80965,200690,200869,179
101,0,blank,0,252.79176,446.2786,200869,201023,154
101,0,blank,0,230.399033333333,299.604533333333,201051,201232,181
101,0,blank,0,214.90844,305.7506,201232,201409,177
101,0,blank,0,257.134,379.4272,201409,201580,171
101,0,blank,0,288.28575,351.6437,201580,201761,181
101,0,blank,0,353.100966666667,439.832916666667,201761,201948,187
101,0,blank,0,337.909716666667,456.273883333333,201948,202127,179
101,0,blank,0,329.838133333333,460.5512,202127,202308,181
101,0,blank,0,297.060833333333,422.2297,202308,202489,181
101,0,blank,0,274.399633333333,368.98355,202489,202669,180
101,0,blank,0,315.944066666667,442.1663,202669,202847,178
101,0,blank,0,343.4163,453.166516666667,202847,203026,179
101,0,blank,0,285.3225,410.3117,203026,203055,29
101,44,==,227,193.098066666667,318.451533333333,203089,203268,179
101,0,blank,0,267.995283333333,406.67965,203268,203446,178
101,0,blank,0,322.638083333333,477.417033333333,203446,203626,180
101,0,blank,0,336.703833333333,455.69045,203626,203804,178
101,51,next,250,209.7929,473.6558,203834,204015,181
101,51,next,250,207.658383333333,477.39985,204015,204191,176
101,0,blank,0,274.11454,518.1336,204191,204338,147
101,0,blank,0,205.300233333333,489.951316666667,204472,204669,197
101,52,;,259,244.988733333333,495.558466666667,204669,204849,180
101,0,blank,0,291.41945,533.8796,204849,204910,61
101,0,blank,0,248.623716666667,518.867883333333,204942,205122,180
101,0,blank,0,237.487566666667,516.949916666667,205122,205299,177
101,0,blank,0,195.0393,464.68905,205299,205476,177
101,0,blank,0,177.44994,427.60424,205476,205622,146
101,36,num,165,86.1484666666667,151.57795,205651,205832,181
101,38,printf,174,78.9325166666667,187.345116666667,205832,206027,195
101,38,"Enterlengthoflist:",176,183.330033333333,195.507016666667,206027,206213,186
101,37,temp,172,183.7047,178.977083333333,206213,206395,182
101,38,"Enterlengthoflist:",176,234.922533333333,184.532266666667,206395,206576,181
101,38,"Enterlengthoflist:",176,290.9073,184.9046,206576,206761,185
101,37,temp,172,177.259,176.4844,206792,206981,189
101,0,blank,0,163.2523,159.6994,206981,207045,64
101,0,blank,0,288.0681,204.235225,207077,207201,124
101,0,blank,0,-323,-105,207692,207865,173
101,0,blank,0,-323,-105,207865,208045,180
101,0,blank,0,-323,-105,208045,208159,114
101,0,blank,0,183.78935,431.41975,208198,208267,69
101,0,blank,0,-323,-105,208344,208460,116
101,0,blank,0,160.5794,403.9027,208501,208538,37
101,0,blank,0,302.497816666667,527.205183333333,208580,208761,181
101,51,*,252,259.182016666667,475.907233333333,208761,208939,178
101,0,blank,0,244.787766666667,467.4556,208939,209025,86
101,46,temp,234,212.058983333333,362.837933333333,209056,209238,182
101,47,head,238,168.153383333333,385.060333333333,209238,209426,188
101,0,blank,0,191.7008,403.733916666667,209426,209615,189
101,0,blank,0,232.3158,478.87368,209615,209801,186
101,0,blank,0,246.777016666667,517.465066666667,209801,209993,192
101,51,next,250,204.997116666667,478.557783333333,209993,210177,184
101,0,blank,0,228.738333333333,471.5125,210177,210366,189
101,0,blank,0,272.329333333333,443.05075,210366,210558,192
101,0,blank,0,248.4462,457.19585,210558,210755,197
101,0,blank,0,244.142816666667,541.982633333333,210854,211042,188
101,0,blank,0,279.316933333333,532.652766666667,211042,211234,192
101,0,blank,0,325.823,529.877283333333,211234,211423,189
101,0,blank,0,320.8419,518.5553,211423,211456,33
101,0,blank,0,217.75906,546.96754,211487,211648,161
101,0,blank,0,175.111016666667,432.0278,211680,211875,195
101,51,temp,248,124.728283333333,473.648183333333,211875,212070,195
101,0,blank,0,139.917816666667,352.727,212101,212287,186
101,0,blank,0,129.719733333333,335.6106,212287,212473,186
101,46,head,232,152.939916666667,373.2107,212473,212658,185
101,47,),239,189.870666666667,381.281766666667,212658,212836,178
101,47,->,240,203.487733333333,380.033916666667,212836,213021,185
101,0,blank,0,194.994033333333,370.634166666667,213021,213204,183
101,0,blank,0,177.562966666667,379.818,213204,213383,179
101,0,blank,0,259.424433333333,349.127266666667,213416,213604,188
101,0,blank,0,185.208866666667,379.299633333333,213604,213785,181
101,47,->,240,199.35372,391.08584,213785,213941,156
101,0,blank,0,283.1445,535.422025,213941,214113,172
101,0,blank,0,253.915916666667,535.225333333333,214113,214297,184
101,0,blank,0,246.25565,526.07055,214297,214356,59
101,0,blank,0,193.7808,541.3289,214356,215101,745
101,0,blank,0,176.37045,513.880833333333,215101,215293,192
101,51,next,250,189.4764,481.92145,215293,215487,194
101,51,->,249,173.40268,484.88402,215487,215656,169
101,52,head,256,158.38958,491.51124,215656,215823,167
101,0,blank,0,280.944566666667,498.5989,215823,216018,195
101,0,blank,0,-323,-105,216049,216234,185
101,0,blank,0,-323,-105,216234,216413,179
101,0,blank,0,-323,-105,216413,216600,187
101,0,blank,0,-323,-105,216600,216632,32
101,0,blank,0,-323,-105,216632,216844,212
101,52,head,256,170.0881,505.6047,217076,217260,184
101,52,head,256,147.963583333333,503.192166666667,217260,217437,177
101,52,head,256,139.565683333333,506.10015,217437,217614,177
101,52,*,255,133.606516666667,505.773633333333,217614,217793,179
101,0,blank,0,175.92,509.614233333333,217793,217881,88
101,52,=,257,188.87785,507.524116666667,217940,218121,181
101,52,temp,258,225.249866666667,505.48335,218121,218300,179
101,52,temp,258,229.5041,503.746383333333,218300,218482,182
101,0,blank,0,240.282266666667,523.13645,218482,218667,185
101,0,blank,0,228.0878,527.2683,218667,218729,62
101,0,blank,0,126.3131,514.41818,218754,218945,191
101,0,blank,0,172.366075,514.915825,218945,219139,194
101,0,blank,0,180.408225,516.01385,219139,219335,196
101,52,head,256,172.10206,505.79974,219335,219507,172
101,0,blank,0,168.6595,528.92085,219507,219567,60
101,0,blank,0,-323,-105,219628,219791,163
101,0,blank,0,115.3432,373.7558,219883,220052,169
101,0,blank,0,93.86452,340.95316,220052,220221,169
101,45,{,230,86.3527,349.2411,220221,220408,187
101,0,blank,0,114.610833333333,349.510766666667,220408,220583,175
101,0,blank,0,133.122716666667,356.03615,220583,220760,177
101,0,blank,0,174.57384,358.61554,220760,220907,147
101,0,blank,0,161.0278,341.9696,220907,221372,465
101,0,blank,0,143.5933,355.78555,221372,221479,107
101,0,blank,0,267.630616666667,345.365516666667,221504,221680,176
101,0,blank,0,267.063566666667,351.098933333333,221680,221793,113
101,0,blank,0,95.3357,340.97915,221884,222071,187
101,45,{,230,92.9491,351.338066666667,222071,222247,176
101,0,blank,0,111.49744,362.60704,222247,222395,148
101,0,blank,0,148.155866666667,542.265333333333,222593,222765,172
101,52,head,256,159.89565,503.449516666667,222765,222947,182
101,52,=,257,186.785683333333,510.61265,222947,223130,183
101,52,head,256,154.28275,504.887766666667,223130,223310,180
101,52,head,256,147.426016666667,500.8227,223310,223491,181
101,52,head,256,163.198866666667,497.300533333333,223491,223669,178
101,47,(,236,126.587333333333,397.657116666667,223669,223850,181
101,44,if,223,104.61845,320.762766666667,223850,224024,174
101,0,blank,0,106.318383333333,346.6677,224024,224198,174
101,47,head,238,155.4489,396.4522,224198,224228,30
101,52,;,259,251.979166666667,501.44325,224257,224435,178
101,52,;,259,248.5899,505.232883333333,224435,224615,180
101,52,;,259,246.619833333333,495.9802,224615,224795,180
101,52,;,259,244.1375,507.008683333333,224795,224973,178
101,52,;,259,244.0905,508.882166666667,224973,225149,176
101,52,temp,258,241.541366666667,509.2684,225149,225326,177
101,0,blank,0,159.6899,520.786216666667,225326,225506,180
101,0,blank,0,153.372083333333,517.7815,225506,225680,174
101,0,blank,0,206.932633333333,512.41645,225680,225858,178
101,52,temp,258,241.35995,500.2953,225858,226034,176
101,52,temp,258,234.146266666667,502.345816666667,226034,226211,177
101,52,head,256,150.184566666667,492.83165,226211,226389,178
101,52,head,256,172.446116666667,502.50935,226389,226567,178
101,0,blank,0,177.10815,500.632233333333,226567,226743,176
101,0,blank,0,179.213066666667,499.6825,226743,226919,176
101,52,head,256,163.498183333333,507.713566666667,226919,227093,174
101,52,head,256,153.375016666667,508.141133333333,227093,227269,176
101,0,blank,0,167.478716666667,523.143683333333,227269,227446,177
101,0,blank,0,197.35715,523.957633333333,227446,227623,177
101,52,head,256,159.0801,505.2175,227623,227799,176
101,52,head,256,147.677433333333,501.857733333333,227799,227975,176
101,0,blank,0,137.942533333333,516.169483333333,227975,228153,178
101,0,blank,0,177.76805,539.919233333333,228153,228330,177
101,0,blank,0,187.651,523.9513,228330,228513,183
101,0,blank,0,190.9537,514.0235,228513,228541,28
101,0,blank,0,111.80555,515.14335,228627,228677,50
101,0,blank,0,101.1066,491.4101,228738,229203,465
101,0,blank,0,105.0234,524.80805,229203,229273,70
101,0,blank,0,159.4192,511.1874,229273,229936,663
101,0,blank,0,67.5192,577.13945,230341,230405,64
101,0,blank,0,108.9862,395.2951,230436,230616,180
101,0,blank,0,116.4821,413.123533333333,230616,230800,184
101,0,blank,0,198.76155,404.563733333333,230800,230990,190
101,0,blank,0,190.75415,405.723783333333,230990,231182,192
101,0,blank,0,184.37418,414.9286,231182,231361,179
101,52,=,257,186.9877,504.42225,231361,231539,178
101,0,blank,0,189.8837,511.291583333333,231539,231717,178
101,0,blank,0,182.2227,524.47255,231717,231777,60
101,0,blank,0,140.978983333333,406.316316666667,231807,231987,180
101,0,blank,0,128.256783333333,434.566833333333,231987,232164,177
101,0,blank,0,121.60836,445.23876,232164,232317,153
101,0,blank,0,87.52195,546.631483333333,232344,232523,179
101,0,blank,0,72.6394333333333,576.979333333333,232523,232702,179
101,56,delete,264,62.5303166666667,582.0793,232702,232880,178
101,0,blank,0,24.77765,564.81025,232880,233062,182
101,0,blank,0,47.3536666666667,586.598883333333,233062,233239,177
101,0,blank,0,148.228533333333,603.875283333333,233239,233418,179
101,56,struct,266,167.24425,585.203633333333,233418,233598,180
101,56,struct,266,158.66308,596.74278,233598,233783,185
101,58,node,274,138.82458,640.6383,233783,233961,178
101,58,node,274,141.53134,640.70064,233961,234153,192
101,0,blank,0,127.816283333333,613.263583333333,234153,234341,188
101,56,delete,264,89.3843,579.80312,234341,234497,156
101,0,blank,0,-323,-105,234528,234698,170
101,0,blank,0,-323,-105,234800,234964,164
101,0,blank,0,44.703,482.9405,235008,235034,26
101,0,blank,0,57.0609,294.7347,235130,235154,24
101,38,printf,174,79.96366,195.95718,235185,235355,170
101,0,blank,0,55.2308833333333,119.06245,235355,235549,194
101,34,generate,155,63.6885,104.2298,235549,235581,32
101,0,blank,0,36.96655,544.04345,235858,236035,177
101,0,blank,0,67.8581333333334,576.758016666667,236035,236216,181
101,0,blank,0,89.7635833333333,620.462833333333,236216,236395,179
101,0,blank,0,88.1475166666667,605.736666666667,236395,236575,180
101,56,delete,264,92.5668333333333,588.30755,236575,236760,185
101,0,blank,0,83.6963,569.559733333333,236760,236945,185
101,0,blank,0,49.99666,567.13926,236945,237096,151
101,0,blank,0,1046.2188,596.01368,237339,237478,139
101,0,blank,0,-323,-105,237510,237694,184
101,0,blank,0,-323,-105,237694,237872,178
101,0,blank,0,-323,-105,237872,237907,35
101,0,blank,0,146.7415,607.613133333333,237937,238114,177
101,0,blank,0,202.759166666667,562.994816666667,238114,238295,181
101,0,blank,0,204.9487,513.5385,238295,238323,28
101,0,blank,0,198.552666666667,291.47285,238354,238539,185
101,0,blank,0,-323,-105,238600,238797,197
101,0,blank,0,-323,-105,238797,238934,137
101,0,blank,0,-323,-105,238934,239059,125
101,0,blank,0,-323,-105,239059,239218,159
101,0,blank,0,-323,-105,239218,239396,178
101,0,blank,0,-323,-105,239396,239563,167
101,0,blank,0,-323,-105,239563,239742,179
101,0,blank,0,-323,-105,239742,239792,50
101,0,blank,0,-323,-105,239792,239950,158
101,0,blank,0,-323,-105,239950,240121,171
101,0,blank,0,-323,-105,240121,240234,113
101,0,blank,0,-323,-105,240234,240368,134
101,0,blank,0,-323,-105,240368,240505,137
101,0,blank,0,-323,-105,240505,240641,136
101,0,blank,0,-323,-105,240641,240731,90
101,0,blank,0,-323,-105,240731,240920,189
101,0,blank,0,-323,-105,240920,240958,38
101,56,struct,266,180.4661,598.24685,241035,241229,194
101,0,blank,0,153.5349,603.5794,241229,241271,42
101,0,blank,0,222.7252,530.183,241271,241482,211
101,52,temp,258,237.7441,498.9639,241482,241525,43
101,0,blank,0,172.345933333333,235.33875,241553,241748,195
101,0,blank,0,182.963716666667,299.388216666667,241748,241937,189
101,44,==,227,197.567516666667,328.317633333333,241937,242126,189
101,46,temp,234,210.50555,360.53995,242126,242300,174
101,47,->,240,201.6268,391.8665,242300,242375,75
101,0,blank,0,137.2721,337.6188,242375,242500,125
101,38,(,175,106.692666666667,184.639416666667,242537,242724,187
101,38,"Enterlengthoflist:",176,141.569416666667,186.350883333333,242724,242904,180
101,38,"Enterlengthoflist:",176,199.83448,184.78244,242904,243059,155
101,0,blank,0,981.5925,417.490033333333,243119,243305,186
101,0,blank,0,1051.4935,511.36985,243305,243486,181
101,0,blank,0,1062.63333333333,522.277916666667,243486,243667,181
101,0,blank,0,1071.14133333333,570.443366666667,243667,243849,182
101,0,blank,0,1073.13366666667,594.476416666667,243849,244036,187
101,0,blank,0,1081.83183333333,593.54675,244036,244217,181
101,0,blank,0,1081.0985,602.64035,244217,244396,179
101,0,blank,0,1059.72183333333,644.777366666667,244396,244578,182
101,0,blank,0,1070.5745,668.0903,244578,244640,62
102,0,blank,0,1065.44116666667,631.20795,244916,245098,182
102,0,blank,0,1027.80166666667,574.207133333333,245098,245194,96
102,59,NULL,283,221.0153,565.429175,245320,245444,124
102,0,blank,0,117.9864,523.644633333333,245478,245572,94
102,0,blank,0,181.9527,518.270266666667,245604,245790,186
102,0,blank,0,153.440216666667,511.079816666667,245790,245967,177
102,56,struct,266,126.310883333333,509.944333333333,245967,246147,180
102,56,delete,264,105.740783333333,494.5925,246147,246326,179
102,0,blank,0,43.75525,486.856516666667,246326,246508,182
102,0,blank,0,40.3947333333333,481.86985,246508,246686,178
102,0,blank,0,185.467933333333,496.11535,246686,246867,181
102,56,node,267,200.862716666667,494.998,246867,247055,188
102,58,temp,276,176.113916666667,536.6242,247055,247235,180
102,59,!=,282,182.424666666667,555.79975,247235,247417,182
102,0,blank,0,148.604033333333,530.056816666667,247417,247599,182
102,56,struct,266,123.2573,504.397133333333,247599,247781,182
102,56,struct,266,125.437833333333,501.2012,247781,247964,183
102,58,node,274,143.12715,534.30975,247964,248143,179
102,58,node,274,143.39225,535.415033333333,248143,248327,184
102,0,blank,0,111.7651,488.973616666667,248327,248511,184
102,56,struct,266,146.937266666667,507.8721,248511,248603,92
102,0,blank,0,978.673333333333,611.525533333333,248663,248754,91
102,0,blank,0,1113.5825,647.5555,248783,248843,60
102,0,blank,0,-321.9835,642.4592,248932,248961,29
102,0,blank,0,1054.963,657.2791,248991,249109,118
102,56,struct,266,140.241233333333,489.401716666667,249167,249347,180
102,56,delete,264,110.13826,492.15872,249347,249497,150
102,0,blank,0,-156.360383333333,445.891433333333,249526,249708,182
102,0,blank,0,-170.491875,454.789775,249708,249831,123
102,0,blank,0,384.944583333333,718.855633333333,249920,250089,169
102,0,blank,0,229.158283333333,538.6345,251578,251756,178
102,0,blank,0,260.103883333333,511.980666666667,251756,251933,177
102,0,blank,0,222.998166666667,521.1499,251933,252113,180
102,0,blank,0,201.287516666667,525.296716666667,252113,252289,176
102,61,=,287,133.369,600.005933333333,252289,252467,178
102,61,temp,286,121.1942,617.313,252467,252497,30
102,0,blank,0,-323,-105,253928,254039,111
102,0,blank,0,-323,-105,254039,254213,174
102,0,blank,0,-323,-105,254213,254395,182
102,0,blank,0,-323,-105,254395,254572,177
102,0,blank,0,-323,-105,254572,254738,166
102,59,!=,282,176.1831,563.56335,254778,254939,161
102,0,blank,0,166.58185,575.7267,254939,255108,169
102,0,blank,0,212.2437,594.3596,255108,255300,192
102,0,blank,0,170.7979,620.089516666667,255300,255481,181
102,0,blank,0,150.3245,614.099375,255481,255650,169
102,0,blank,0,139.579216666667,625.8776,255650,255847,197
102,0,blank,0,126.2859,608.5646,255847,255956,109
102,62,=,293,150.72495,627.54875,255956,256135,179
102,62,head,296,208.555133333333,625.995783333333,256135,256314,179
102,62,head,296,196.808666666667,624.721666666667,256314,256494,180
102,62,head,296,205.99215,639.976516666667,256494,256670,176
102,62,),297,227.897066666667,635.683483333333,256670,256853,183
102,0,blank,0,234.529916666667,652.975033333333,256853,257031,178
102,0,blank,0,183.7115,650.1524,257031,257209,178
102,63,temp,303,143.789566666667,643.595416666667,257209,257384,175
102,62,head,296,126.508333333333,637.784733333333,257384,257561,177
102,0,blank,0,124.290383333333,645.660016666667,257561,257737,176
102,63,free,301,114.476966666667,644.5228,257737,257913,176
102,62,head,296,123.312416666667,640.89095,257913,258085,172
102,62,head,296,124.728533333333,634.6771,258085,258258,173
102,63,free,301,116.003933333333,649.851616666667,258258,258431,173
102,0,blank,0,127.318733333333,666.918066666667,258431,258606,175
102,63,temp,303,161.1674,659.3453,258606,258782,176
102,63,temp,303,161.8293,648.6371,258782,258958,176
102,61,temp,286,110.525516666667,615.370983333333,258958,259134,176
102,0,blank,0,51.1042166666667,516.333183333333,259134,259315,181
102,0,blank,0,60.4795,510.4132,259315,259435,120
102,0,blank,0,-323,-105,259465,259598,133
102,0,blank,0,108.0004,755.1858,259624,259649,25
102,0,blank,0,-323,-105,259679,259862,183
102,58,struct,273,84.8954,537.8978,259888,259921,33
102,0,blank,0,84.3663,533.061685714286,259987,260185,198
102,58,struct,273,98.69085,535.394533333333,260185,260359,174
102,0,blank,0,107.1715,529.83375,260359,260534,175
102,58,node,274,128.256066666667,536.572583333333,260534,260708,174
102,58,temp,276,178.626533333333,539.9795,260708,260899,191
102,0,blank,0,192.5759,530.9489,260899,261085,186
102,58,*,275,172.025371428571,537.8748,261085,261277,192
102,0,blank,0,156.648516666667,537.181933333333,261277,261452,175
102,0,blank,0,-12.3006166666667,558.2967,261452,261628,176
102,0,blank,0,-323.11856,701.7242,261659,261808,149
102,56,(,265,122.395433333333,501.025083333333,261839,262020,181
102,0,blank,0,149.45015,523.827116666667,262020,262202,182
102,0,blank,0,152.37825,527.1653,262202,262321,119
102,0,blank,0,-323.18836,767.3014,262381,262548,167
102,0,blank,0,-323.1882,762.2014,262548,262605,57
102,0,blank,0,-323.14105,749.62935,262826,262966,140
102,0,blank,0,-323.282566666667,-103.921283333333,263006,263191,185
102,0,blank,0,-323.241325,-103.9332,263191,263315,124
102,59,!=,282,185.318916666667,559.629,263374,263566,192
102,0,blank,0,133.158716666667,530.940083333333,263566,263752,186
102,0,blank,0,75.7347166666667,513.11665,263752,263940,188
102,0,blank,0,86.839,517.850183333333,263940,264127,187
102,0,blank,0,91.5589833333333,528.91025,264127,264316,189
102,0,blank,0,91.4430166666667,518.5898,264316,264503,187
102,0,blank,0,91.7729,522.204283333333,264503,264689,186
102,0,blank,0,98.3497666666667,513.915183333333,264689,264878,189
102,0,blank,0,134.610216666667,510.8825,264878,265064,186
102,56,delete,264,94.1393666666667,505.979316666667,265064,265252,188
102,0,blank,0,50.66685,496.652833333333,265252,265441,189
102,56,void,263,35.9302166666667,493.539616666667,265441,265632,191
102,56,void,263,22.76665,503.28665,265632,265814,182
102,0,blank,0,28.0197666666667,513.0547,265814,266002,188
102,56,delete,264,63.5024166666667,506.7851,266002,266188,186
102,0,blank,0,68.7457833333333,510.259883333333,266188,266374,186
102,56,void,263,35.5161666666667,502.096433333333,266374,266559,185
102,0,blank,0,49.7735,498.727316666667,266559,266743,184
102,0,blank,0,132.274983333333,521.012083333333,266743,266926,183
102,0,blank,0,130.685116666667,517.386916666667,266926,267110,184
102,0,blank,0,168.123866666667,525.15565,267110,267291,181
102,58,;,277,220.924916666667,545.512433333333,267291,267469,178
102,59,NULL,283,221.235483333333,555.744666666667,267469,267648,179
102,59,),284,247.783466666667,558.674383333333,267648,267823,175
102,0,blank,0,263.16845,546.2356,267823,268000,177
102,58,;,277,221.662316666667,534.005416666667,268000,268179,179
102,0,blank,0,217.2671,519.568566666667,268179,268358,179
102,0,blank,0,240.1636,541.105716666667,268358,268540,182
102,0,blank,0,248.021083333333,528.432416666667,268540,268726,186
102,0,blank,0,230.9189,533.0141,268726,268908,182
102,0,blank,0,155.244216666667,520.14665,268908,269093,185
102,0,blank,0,122.495233333333,532.04215,269093,269277,184
102,56,delete,264,85.0163,507.975483333333,269277,269465,188
102,0,blank,0,121.587283333333,518.139166666667,269465,269649,184
102,0,blank,0,173.07024,524.94942,269649,269834,185
102,0,blank,0,185.9699,520.5558,269834,269866,32
102,0,blank,0,-323,-105,269929,270057,128
102,56,node,267,211.8289,508.5156,270083,270124,41
102,0,blank,0,-323,-105,270175,270307,132
102,0,blank,0,201.719085714286,522.032085714286,270442,270639,197
102,0,blank,0,245.5414,516.042066666667,270639,270818,179
102,0,blank,0,245.91395,528.0035,270818,270937,119
102,58,struct,273,103.805316666667,548.604633333333,270966,271145,179
102,0,blank,0,107.05495,554.759333333333,271145,271320,175
102,59,*,280,122.487983333333,556.739616666667,271320,271499,179
102,58,struct,273,63.0701166666667,543.247433333333,271499,271679,180
102,59,while,278,75.6537833333333,557.5156,271679,271861,182
102,59,while,278,77.40135,560.987083333333,271861,272041,180
102,59,head,281,151.09845,559.299833333333,272041,272221,180
102,58,temp,276,179.790316666667,549.2095,272221,272401,180
102,59,head,281,158.59785,569.371066666667,272401,272578,177
102,0,blank,0,130.311633333333,579.835116666667,272578,272756,178
102,0,blank,0,129.86005,581.586716666667,272756,272932,176
102,0,blank,0,127.8012,580.758783333333,272932,273110,178
102,0,blank,0,111.34725,579.676583333333,273110,273286,176
102,59,(,279,112.646583333333,568.715383333333,273286,273461,175
102,0,blank,0,154.879883333333,581.026516666667,273461,273639,178
102,0,blank,0,167.669166666667,581.022683333333,273639,273814,175
102,0,blank,0,157.998033333333,585.733766666667,273814,273991,177
102,0,blank,0,160.733433333333,588.268966666667,273991,274169,178
102,0,blank,0,151.595533333333,580.478266666667,274169,274346,177
102,0,blank,0,136.6352,586.81155,274346,274523,177
102,0,blank,0,126.913216666667,576.956316666667,274523,274698,175
102,0,blank,0,147.179816666667,577.825666666667,274698,274876,178
102,61,*,288,153.96415,603.764766666667,274876,275052,176
102,59,head,281,124.2618,556.959766666667,275052,275228,176
102,59,*,280,123.596633333333,564.789716666667,275228,275406,178
102,59,head,281,140.834333333333,563.952316666667,275406,275584,178
102,0,blank,0,182.58165,587.326766666667,275584,275759,175
102,0,blank,0,163.60005,580.65125,275759,275934,175
102,0,blank,0,164.421183333333,580.131383333333,275934,276108,174
102,0,blank,0,139.962016666667,554.475183333333,276108,276285,177
102,59,*,280,120.714633333333,560.63645,276285,276458,173
102,59,head,281,143.625383333333,568.1735,276458,276633,175
102,0,blank,0,101.958416666667,589.354516666667,276633,276810,177
102,0,blank,0,117.552633333333,577.189483333333,276810,276987,177
102,0,blank,0,151.15385,615.645966666667,276987,277163,176
102,0,blank,0,157.837533333333,623.796716666667,277163,277340,177
102,0,blank,0,113.700616666667,592.469866666667,277340,277519,179
102,0,blank,0,98.6558833333334,594.45,277519,277697,178
102,61,temp,286,107.2299,615.811833333333,277697,277874,177
102,61,temp,286,118.33405,615.908816666667,277874,278050,176
102,62,head,296,111.513583333333,629.7373,278050,278227,177
102,62,head,296,122.1966,627.763916666667,278227,278402,175
102,0,blank,0,128.251183333333,593.488083333333,278402,278580,178
102,58,node,274,140.64615,535.0585,278580,278636,56
102,61,*,288,163.310433333333,616.331883333333,278665,278839,174
102,61,head,289,172.222033333333,603.060066666667,278839,279014,175
102,62,head,296,193.149533333333,631.6171,279014,279191,177
102,0,blank,0,205.831933333333,644.826383333333,279191,279366,175
102,62,head,296,131.445966666667,621.120083333333,279366,279541,175
102,62,head,296,98.5798,622.5804,279541,279715,174
102,62,head,296,117.913966666667,626.243883333333,279715,279889,174
102,63,temp,303,148.672516666667,645.33265,279889,280063,174
102,0,blank,0,141.14005,631.907716666667,280063,280237,174
102,0,blank,0,138.3727,627.406566666667,280237,280324,87
102,0,blank,0,221.216528571429,659.322728571428,280355,280553,198
102,62,head,296,208.463516666667,630.916233333333,280553,280725,172
102,62,head,296,192.4415,637.48295,280725,280899,174
102,62,),297,224.197116666667,628.43945,280899,281073,174
102,0,blank,0,231.301466666667,647.559983333333,281073,281244,171
102,0,blank,0,200.76635,652.654466666667,281244,281419,175
102,0,blank,0,196.663733333333,650.141983333333,281419,281593,174
102,62,(,294,170.620216666667,639.220883333333,281593,281769,176
102,0,blank,0,146.929333333333,617.239766666667,281769,281944,175
102,61,temp,286,107.357066666667,616.213783333333,281944,282116,172
102,61,temp,286,110.592083333333,605.183416666667,282116,282288,172
102,61,=,287,143.432316666667,615.8833,282288,282461,173
102,0,blank,0,205.6525,646.358683333333,282461,282634,173
102,0,blank,0,200.48445,654.318616666667,282634,282805,171
102,63,free,301,121.1425,646.74544,282805,283000,195
102,62,head,296,114.0544,625.3955,283000,283110,110
102,62,head,296,101.88245,628.81605,283110,283296,186
102,62,head,296,110.892683333333,639.385633333333,283296,283476,180
102,0,blank,0,128.313316666667,608.426766666667,283476,283649,173
102,0,blank,0,131.7918,597.27785,283649,283821,172
102,61,=,287,135.942916666667,601.63465,283821,283994,173
102,59,*,280,121.339633333333,558.427966666667,283994,284167,173
102,0,blank,0,112.422216666667,581.624483333333,284167,284340,173
102,58,struct,273,64.4082,539.3902,284340,284516,176
102,56,void,263,18.8023666666667,503.95125,284516,284692,176
102,56,void,263,25.107,504.75425,284692,284868,176
102,0,blank,0,26.3610833333333,511.830416666667,284868,285043,175
102,57,{,272,12.37485,515.908316666667,285043,285218,175
102,56,delete,264,57.5540166666667,509.819066666667,285218,285391,173
102,0,blank,0,96.2418166666667,521.604483333333,285391,285567,176
102,0,blank,0,144.6939,533.546233333333,285567,285742,175
102,58,;,277,221.63775,537.279666666667,285742,285917,175
102,0,blank,0,208.025333333333,515.711383333333,285917,286092,175
102,59,head,281,140.41995,557.575433333333,286092,286266,174
102,59,head,281,129.31065,559.723716666667,286266,286441,175
102,59,head,281,140.434433333333,556.4898,286441,286616,175
102,0,blank,0,171.3456,574.405233333333,286616,286793,177
102,58,node,274,130.896983333333,547.1442,286793,286971,178
102,58,node,274,120.5006,538.77135,286971,287150,179
102,58,struct,273,95.7939833333334,549.6259,287150,287328,178
102,0,blank,0,178.073933333333,525.273383333333,287328,287503,175
102,0,blank,0,191.46415,519.263233333333,287503,287680,177
102,0,blank,0,198.06985,528.972216666667,287680,287858,178
102,0,blank,0,190.341633333333,512.1354,287858,288039,181
102,0,blank,0,161.075416666667,518.4978,288039,288215,176
102,0,blank,0,133.384183333333,517.563033333333,288215,288391,176
102,0,blank,0,107.211583333333,526.986116666667,288391,288567,176
102,0,blank,0,57.2024833333333,512.461483333333,288567,288743,176
102,0,blank,0,-323,-105,288802,288981,179
102,0,blank,0,-323,-105,288981,289056,75
102,0,blank,0,119.767783333333,510.31565,289089,289256,167
102,0,blank,0,-323,-105,289287,289447,160
102,58,node,274,128.491083333333,553.92935,289613,289790,177
102,58,node,274,153.75405,552.191033333333,289790,289970,180
102,59,head,281,152.2408,566.71035,289970,290159,189
102,0,blank,0,138.32985,576.600583333333,290159,290340,181
102,0,blank,0,129.068033333333,581.608733333333,290340,290516,176
102,0,blank,0,132.848766666667,612.0076,290516,290693,177
102,61,temp,286,121.7792,618.928416666667,290693,290869,176
102,61,temp,286,109.48705,609.553325,290869,291045,176
102,61,temp,286,93.9511333333333,618.6427,291045,291159,114
102,0,blank,0,147.58832,619.07434,292742,292916,174
102,63,free,301,117.5491,659.355,292916,292948,32
102,0,blank,0,134.883183333333,620.245466666667,295856,296039,183
102,62,head,296,96.8626833333334,625.72525,296039,296219,180
102,62,*,295,93.0728833333333,627.765716666667,296219,296399,180
102,61,=,287,133.9471,619.17945,296399,296583,184
102,62,(,294,165.07945,625.280133333333,296583,296764,181
102,63,free,301,102.34615,654.893416666667,296764,296946,182
102,0,blank,0,123.1843,587.6646,296946,297126,180
102,59,head,281,152.212216666667,560.710833333333,297126,297307,181
102,59,!=,282,186.025333333333,556.875583333333,297307,297491,184
102,0,blank,0,960.8595,557.464833333333,297552,297743,191
102,0,blank,0,1012.295,558.6894,297743,297835,92
102,0,blank,0,1101.293,669.4176,297897,297928,31
102,0,blank,0,1052.5745,606.706766666667,297958,298146,188
102,0,blank,0,1049.2485,602.121766666667,298146,298328,182
102,0,blank,0,1049.27533333333,575.074433333333,298328,298420,92
102,0,blank,0,148.437233333333,180.3636,298512,298696,184
102,0,blank,0,144.649633333333,187.771666666667,298696,298881,185
102,42,=,202,135.43638,192.99872,298881,299030,149
102,36,num,165,93.7697333333333,60.3069,299060,299150,90
103,17,display,87,109.984733333333,114.159933333333,300730,300910,180
103,16,"\nDisplayingthealternatenodes\n",84,182.877883333333,102.44825,300910,301094,184
103,0,blank,0,182.4363,109.3875,301094,301184,90
103,0,blank,0,-323,-105,301214,301398,184
103,0,blank,0,-323,-105,301398,301584,186
103,0,blank,0,-323,-105,301584,301771,187
103,0,blank,0,-323,-105,301771,301832,61
103,0,blank,0,-323,-105,301832,302151,319
103,0,blank,0,-323,-105,302151,302472,321
103,0,blank,0,-323,-105,302472,302596,124
103,21,display,103,96.1772666666667,209.30505,302615,302794,179
103,0,blank,0,102.993966666667,232.22425,302794,302973,179
103,24,(,117,96.7321,267.423683333333,302973,303150,177
103,0,blank,0,130.35474,288.98706,303150,303322,172
103,0,blank,0,138.7272,294.438,303322,303491,169
103,26,(,126,119.0622,303.5159,303491,303663,172
103,23,flag,112,87.1465166666667,255.4279,303663,303857,194
103,23,flag,112,91.0504166666667,256.875816666667,303857,304039,182
103,23,flag,112,102.129283333333,254.453766666667,304039,304217,178
103,0,blank,0,132.24905,255.95895,304217,304397,180
103,24,head,118,119.945266666667,259.22615,304397,304576,179
103,24,head,118,115.235183333333,266.371566666667,304576,304754,178
103,24,==,119,162.432583333333,265.79825,304754,304931,177
103,24,head,118,142.916083333333,260.27185,304931,305110,179
103,24,==,119,162.101683333333,269.679166666667,305110,305288,178
103,24,NULL,120,185.488833333333,262.087,305288,305465,177
103,0,blank,0,140.7945,163.411716666667,305465,305643,178
103,0,blank,0,143.688433333333,151.050366666667,305643,305820,177
103,0,blank,0,157.303233333333,223.793433333333,305820,305999,179
103,24,==,119,164.1994,260.876833333333,305999,306176,177
103,24,==,119,154.942866666667,262.621633333333,306176,306353,177
103,24,==,119,160.507966666667,261.197683333333,306353,306529,176
103,24,==,119,166.683616666667,265.430983333333,306529,306706,177
103,24,==,119,167.13045,270.191766666667,306706,306881,175
103,0,blank,0,185.4494,317.219825,306881,307000,119
103,16,(,83,109.017483333333,100.5536,307058,307230,172
103,16,(,83,109.911533333333,96.2714166666667,307230,307405,175
103,0,blank,0,110.4103,103.163183333333,307405,307578,173
103,17,display,87,89.0373833333334,118.226916666667,307578,307752,174
103,17,head,89,139.127816666667,115.44935,307752,307927,175
103,0,blank,0,153.608283333333,125.842133333333,307927,308103,176
103,18,head,95,139.813883333333,128.792466666667,308103,308278,175
103,18,head,95,146.195566666667,136.8966,308278,308453,175
103,18,(,93,110.506033333333,144.13125,308453,308629,176
103,17,display,87,77.7582333333333,112.595533333333,308629,308805,176
103,17,display,87,91.5694333333333,104.527683333333,308805,308980,175
103,16,printf,82,72.4439666666667,94.2312,308980,309156,176
103,16,"\nDisplayingthealternatenodes\n",84,124.92675,100.2617,309156,309332,176
103,16,"\nDisplayingthealternatenodes\n",84,244.040933333333,99.5397166666667,309332,309510,178
103,16,"\nDisplayingthealternatenodes\n",84,230.463,87.7427666666667,309510,309594,84
103,0,blank,0,380.93885,113.949066666667,309624,309797,173
103,0,blank,0,371.723716666667,108.090033333333,309797,309975,178
103,0,blank,0,441.454466666667,108.0083,309975,310154,179
103,0,blank,0,471.3265,121.48715,310154,310268,114
103,17,head,89,138.816916666667,117.293233333333,310326,310501,175
103,17,(,88,115.713366666667,108.6675,310501,310674,173
103,17,display,87,99.4096166666667,118.855216666667,310674,310851,177
103,16,printf,82,81.228675,97.153775,310851,310965,114
103,0,blank,0,162.057033333333,103.545833333333,310994,311167,173
103,18,head,95,159.171416666667,131.8378,311167,311340,173
103,18,head,95,149.751733333333,139.907566666667,311340,311513,173
103,18,delete,92,99.8822333333333,132.551583333333,311513,311689,176
103,18,delete,92,78.0550833333333,144.229916666667,311689,311867,178
103,18,delete,92,76.2702666666667,129.048666666667,311867,312039,172
103,18,delete,92,99.6480833333333,145.12495,312039,312213,174
103,18,&,94,122.197816666667,139.8375,312213,312385,172
103,18,head,95,141.617366666667,136.2125,312385,312557,172
103,18,(,93,112.376433333333,133.737183333333,312557,312731,174
103,18,head,95,148.008316666667,143.6569,312731,312908,177
103,17,head,89,158.406116666667,124.430333333333,312908,313083,175
103,0,blank,0,163.74445,147.60865,313083,313199,116
103,0,blank,0,-323,-105,313228,313359,131
103,0,blank,0,86.8308,21.6944,313385,313410,25
103,0,blank,0,99.8045714285714,4.0729,313469,313665,196
103,0,blank,0,113.56456,28.74248,313665,313812,147
103,0,blank,0,237.00975,65.0188166666667,313842,314018,176
103,0,blank,0,210.697266666667,73.538,314018,314191,173
103,16,"\nDisplayingthealternatenodes\n",84,170.40715,82.3672333333333,314191,314367,176
103,15,generate,76,117.14865,66.0325333333333,314367,314544,177
103,15,generate,76,102.72015,71.7445333333333,314544,314722,178
103,15,&,78,144.371516666667,75.1513,314722,314902,180
103,15,head,79,166.53445,77.0193666666667,314902,315080,178
103,15,head,79,153.592,72.8616833333333,315080,315261,181
103,15,head,79,149.180825,66.92995,315261,315382,121
103,23,flag,112,112.055333333333,243.0902,315412,315595,183
103,23,flag,112,113.33472,255.27208,315595,315748,153
103,0,blank,0,90.759975,499.5737,315778,315899,121
103,0,blank,0,140.300966666667,504.723333333333,315932,316118,186
103,0,blank,0,219.409816666667,504.125233333333,316118,316299,181
103,0,blank,0,261.029183333333,506.024383333333,316299,316481,182
103,34,head,161,297.3416,493.9583,316481,316513,32
103,37,temp,172,211.498933333333,547.178066666667,316541,316719,178
103,37,temp,172,188.845,559.401816666667,316719,316903,184
103,39,num,184,181.8925,590.188133333333,316903,317081,178
103,39,),185,211.30685,591.6008,317081,317258,177
103,37,;,173,220.7526,555.415233333333,317258,317350,92
103,0,blank,0,152.640133333333,237.659483333333,317378,317561,183
103,0,blank,0,246.0777,536.707866666667,317591,317774,183
103,26,if,123,100.952,315.20855,317835,318018,183
103,26,flag,127,181.9813,303.055633333333,318018,318205,187
103,0,blank,0,147.689083333333,263.853266666667,318205,318387,182
103,23,=,113,135.943266666667,255.412283333333,318387,318571,184
103,0,blank,0,129.16385,255.608466666667,318571,318759,188
103,0,blank,0,127.072133333333,256.423216666667,318759,318944,185
103,0,blank,0,155.9645,283.133066666667,318944,319129,185
103,24,(,117,95.6424166666666,260.691316666667,319129,319314,185
103,0,blank,0,89.4494833333333,283.24595,319314,319499,185
103,0,blank,0,91.53062,279.201,319499,319655,156
103,0,blank,0,-323,-105,319685,319791,106
103,0,blank,0,161.995071428571,283.411742857143,319903,320101,198
103,24,==,119,155.80706,274.58426,320101,320267,166
103,0,blank,0,179.013866666667,280.554316666667,320267,320453,186
103,0,blank,0,191.2775,279.410833333333,320453,320636,183
103,24,NULL,120,187.67565,275.456216666667,320636,320823,187
103,0,blank,0,188.862666666667,286.034133333333,320823,321012,189
103,0,blank,0,180.765333333333,274.2426,321012,321195,183
103,24,NULL,120,190.705283333333,272.919116666667,321195,321376,181
103,0,blank,0,168.739233333333,283.21195,321376,321559,183
103,26,flag,127,171.69114,306.46144,321559,321731,172
103,26,flag,127,153.710983333333,322.9322,321731,321921,190
103,0,blank,0,125.027183333333,331.483233333333,321921,322104,183
103,0,blank,0,166.061216666667,284.5521,322104,322290,186
103,0,blank,0,159.43255,279.581516666667,322290,322473,183
103,0,blank,0,145.067383333333,265.1338,322473,322656,183
103,0,blank,0,150.221566666667,284.432933333333,322656,322838,182
103,0,blank,0,176.904283333333,294.188433333333,322838,323017,179
103,0,blank,0,208.99955,292.761566666667,323017,323196,179
103,0,blank,0,183.596866666667,281.3021,323196,323374,178
103,0,blank,0,177.948983333333,275.228466666667,323374,323551,177
103,0,blank,0,148.11828,272.65034,323551,323727,176
103,26,flag,127,179.19335,313.41315,323727,323923,196
103,0,blank,0,172.9095,329.119766666667,323923,324104,181
103,0,blank,0,191.77495,322.143466666667,324104,324282,178
103,26,2,129,223.522416666667,322.1656,324282,324460,178
103,0,blank,0,220.040533333333,328.94785,324460,324635,175
103,26,flag,127,143.09355,319.62385,324635,324810,175
103,0,blank,0,153.53685,337.468066666667,324810,324986,176
103,0,blank,0,168.3689,335.203433333333,324986,325161,175
103,0,blank,0,160.993366666667,333.07385,325161,325336,175
103,28,printf,133,173.157583333333,353.664283333333,325336,325512,176
103,0,blank,0,144.8997,333.502583333333,325512,325691,179
103,0,blank,0,168.910033333333,330.8613,325691,325874,183
103,0,blank,0,163.8699,333.623933333333,325874,326055,181
103,0,blank,0,145.38575,327.012883333333,326055,326238,183
103,28,"%d",135,222.729433333333,349.829416666667,326238,326418,180
103,0,blank,0,218.259866666667,342.655333333333,326418,326595,177
103,0,blank,0,157.120183333333,338.1287,326595,326773,178
103,0,blank,0,136.104783333333,327.835666666667,326773,326953,180
103,0,blank,0,111.966066666667,331.924683333333,326953,327132,179
103,0,blank,0,128.357266666667,325.781466666667,327132,327313,181
103,26,flag,127,172.422716666667,321.537266666667,327313,327489,176
103,0,blank,0,198.973816666667,333.248866666667,327489,327669,180
103,0,blank,0,200.5982,334.650566666667,327669,327848,179
103,28,printf,133,168.765816666667,347.103916666667,327848,328028,180
103,0,blank,0,184.34045,337.445233333333,328028,328212,184
103,0,blank,0,198.460433333333,327.431883333333,328212,328393,181
103,0,blank,0,225.396625,324.76585,328393,328515,122
103,0,blank,0,-323,-105,328578,328706,128
103,0,blank,0,-323,-105,328706,328883,177
103,0,blank,0,-323,-105,328883,329074,191
103,28,comma,136,246.919333333333,355.419283333333,329294,329485,191
103,28,comma,136,249.745175,358.8016,329485,329603,118
103,0,blank,0,364.13205,367.1073,329633,329812,179
103,0,blank,0,346.5467,386.283183333333,329812,329989,177
103,0,blank,0,336.350233333333,371.029766666667,329989,330163,174
103,0,blank,0,337.357666666667,383.0603,330163,330339,176
103,0,blank,0,276.937683333333,368.261716666667,330339,330518,179
103,28,a,139,328.406583333333,365.2495,330518,330692,174
103,0,blank,0,339.069575,377.398025,330692,330810,118
103,28,"%d",135,205.5346,346.6029,330839,331015,176
103,28,"%d",135,235.800466666667,363.075116666667,331015,331191,176
103,0,blank,0,253.9957,341.534916666667,331191,331366,175
103,0,blank,0,289.435283333333,367.69915,331366,331542,176
103,0,blank,0,281.319933333333,369.851,331542,331720,178
103,28,"%d",135,229.791516666667,352.73635,331720,331896,176
103,28,"%d",135,226.920233333333,347.744833333333,331896,332072,176
103,0,blank,0,186.892716666667,309.942766666667,332072,332247,175
103,0,blank,0,394.0061,376.338916666667,332307,332482,175
103,0,blank,0,371.858925,367.662675,332482,332599,117
103,0,blank,0,487.6393,493.9656,332757,332782,25
103,0,blank,0,227.57534,332.42778,332807,332981,174
103,0,blank,0,216.25565,335.5251,332981,333163,182
103,26,flag,127,176.04935,303.473933333333,333163,333346,183
103,0,blank,0,228.978683333333,334.3892,333346,333526,180
103,0,blank,0,257.86895,355.590133333333,333526,333706,180
103,0,blank,0,295.8334,435.5385,333706,333735,29
103,28,"%d",135,205.565775,360.822675,333766,333879,113
103,0,blank,0,-323,-105,334633,334738,105
103,0,blank,0,-323,-105,334738,335059,321
103,0,blank,0,-323,-105,335059,335164,105
103,0,blank,0,220.392633333333,336.086483333333,335381,335561,180
103,0,blank,0,206.157116666667,340.4652,335561,335737,176
103,0,blank,0,177.535416666667,402.42885,335737,335918,181
103,0,blank,0,149.486383333333,438.544483333333,335918,336102,184
103,0,blank,0,150.272533333333,460.205483333333,336102,336287,185
103,0,blank,0,132.317183333333,466.328783333333,336287,336470,183
103,0,blank,0,155.8209,455.573266666667,336470,336652,182
103,0,blank,0,177.348783333333,411.467316666667,336652,336833,181
103,28,"%d",135,189.899583333333,354.922766666667,336833,337017,184
103,28,printf,133,173.517966666667,348.494183333333,337017,337199,182
103,28,printf,133,160.507466666667,352.2615,337199,337386,187
103,28,printf,133,161.521766666667,348.209033333333,337386,337572,186
103,0,blank,0,145.60715,336.77885,337572,337758,186
103,26,flag,127,146.524466666667,305.473566666667,337758,337940,182
103,24,NULL,120,198.06555,263.968483333333,337940,338125,185
103,0,blank,0,176.64635,265.503233333333,338125,338311,186
103,0,blank,0,151.59245,251.11425,338311,338498,187
103,0,blank,0,173.642483333333,243.5344,338498,338680,182
103,0,blank,0,190.462033333333,234.369116666667,338680,338864,184
103,0,blank,0,171.296233333333,220.2475,338864,339042,178
103,0,blank,0,154.011666666667,228.62225,339042,339221,179
103,23,=,113,138.168183333333,245.319066666667,339221,339398,177
103,0,blank,0,109.5587,236.256033333333,339398,339577,179
103,0,blank,0,101.245416666667,221.745583333333,339577,339760,183
103,23,flag,112,114.2395,242.857833333333,339760,339936,176
103,0,blank,0,189.312416666667,279.67805,339936,340114,178
103,24,==,119,173.854566666667,263.121766666667,340114,340289,175
103,0,blank,0,146.195616666667,256.10335,340289,340468,179
103,23,=,113,139.47855,246.3519,340468,340645,177
103,0,blank,0,165.74455,325.3141,340645,340823,178
103,0,blank,0,172.624333333333,370.91355,340823,341003,180
103,0,blank,0,165.73895,391.01965,341003,341181,178
103,0,blank,0,156.929483333333,408.306783333333,341181,341359,178
103,30,++,144,143.443116666667,410.988833333333,341359,341540,181
103,30,++,144,137.4689,409.196183333333,341540,341717,177
103,31,next,150,226.296383333333,423.486833333333,341717,341899,182
103,0,blank,0,237.663766666667,441.695983333333,341899,342079,180
103,0,blank,0,241.12305,461.7182,342079,342138,59
103,31,next,150,220.91015,431.407016666667,342168,342348,180
103,0,blank,0,176.285866666667,409.6723,342348,342527,179
103,0,blank,0,154.912,296.58315,342527,342586,59
103,26,flag,127,156.799783333333,311.047333333333,342618,342793,175
103,0,blank,0,186.50595,284.63615,342793,342970,177
103,24,==,119,171.327083333333,261.225216666667,342970,343149,179
103,0,blank,0,178.162866666667,256.371616666667,343149,343325,176
103,24,NULL,120,192.07125,268.61455,343325,343504,179
103,0,blank,0,200.866216666667,250.0567,343504,343678,174
103,0,blank,0,144.636216666667,252.889283333333,343678,343857,179
103,0,blank,0,152.746033333333,252.392183333333,343857,344034,177
103,0,blank,0,130.1394,242.6777,344034,344143,109
103,24,==,119,172.1527,264.8841,344143,344246,103
103,23,0,114,163.10385,250.48715,344246,344442,196
103,0,blank,0,130.286983333333,254.316366666667,344442,344625,183
103,23,flag,112,121.7669,249.84525,344625,344800,175
103,0,blank,0,147.472316666667,300.719133333333,344800,344978,178
103,26,flag,127,164.528566666667,312.4177,344978,345157,179
103,26,%,128,203.794633333333,317.184433333333,345157,345332,175
103,26,),131,237.564583333333,308.772583333333,345332,345513,181
103,0,blank,0,188.4879,318.578516666667,345513,345691,178
103,0,blank,0,160.97355,294.841766666667,345691,345866,175
103,26,2,129,214.072333333333,313.200933333333,345866,346041,175
103,0,blank,0,210.647016666667,322.454583333333,346041,346219,178
103,28,"%d",135,201.273816666667,357.310666666667,346219,346397,178
103,0,blank,0,209.647933333333,338.271883333333,346397,346578,181
103,0,blank,0,226.257683333333,340.172366666667,346578,346754,176
103,0,blank,0,186.220766666667,407.105233333333,346754,346934,180
103,0,blank,0,171.9679,401.592283333333,346934,347111,177
103,0,blank,0,172.88035,411.4451,347111,347293,182
103,0,blank,0,175.0083,390.851933333333,347293,347473,180
103,0,blank,0,182.453533333333,371.4388,347473,347655,182
103,0,blank,0,246.3777,316.35745,347655,347838,183
103,0,blank,0,238.57252,295.29152,347838,347987,149
103,0,blank,0,208.490283333333,298.450683333333,348047,348228,181
103,0,blank,0,164.619783333333,402.974266666667,348258,348437,179
103,0,blank,0,170.3003,408.6804,348437,348528,91
103,0,blank,0,157.90815,285.818616666667,348559,348738,179
103,0,blank,0,177.6176,292.83745,348738,348918,180
103,0,blank,0,215.095783333333,280.911883333333,348918,349094,176
103,26,2,129,223.162466666667,314.2101,349094,349273,179
103,0,blank,0,211.71935,252.544233333333,349273,349449,176
103,0,blank,0,178.261933333333,246.851583333333,349449,349627,178
103,0,blank,0,172.006516666667,233.92935,349627,349805,178
103,0,blank,0,174.678616666667,293.177766666667,349805,349978,173
103,28,printf,133,173.130233333333,354.37825,349978,350157,179
103,0,blank,0,196.429866666667,392.8417,350157,350334,177
103,0,blank,0,-259.2025,652.3702,350365,350396,31
103,0,blank,0,-323,-105,350426,350610,184
103,0,blank,0,-323,-105,350610,350781,171
103,0,blank,0,104.134516666667,376.41515,350817,350987,170
103,0,blank,0,114.025916666667,411.512883333333,350987,351166,179
103,0,blank,0,176.143566666667,390.81455,351166,351342,176
103,0,blank,0,127.559466666667,386.766416666667,351342,351520,178
103,0,blank,0,104.58962,371.6636,351520,351696,176
103,0,blank,0,125.904185714286,377.355071428571,351696,351894,198
103,0,blank,0,152.467583333333,373.249083333333,351894,352071,177
103,0,blank,0,143.932533333333,370.477483333333,352071,352248,177
103,0,blank,0,124.171716666667,373.704766666667,352248,352430,182
103,0,blank,0,125.332016666667,367.262616666667,352430,352607,177
103,0,blank,0,112.932583333333,373.089833333333,352607,352787,180
103,0,blank,0,105.5038,368.143166666667,352787,352965,178
103,28,printf,133,119.610366666667,355.929466666667,352965,353144,179
103,28,printf,133,139.10925,366.628466666667,353144,353323,179
103,0,blank,0,151.589816666667,371.0433,353323,353499,176
103,0,blank,0,174.005783333333,377.5475,353499,353680,181
103,0,blank,0,167.5719,370.43635,353680,353862,182
103,0,blank,0,155.569566666667,373.621033333333,353862,354040,178
103,0,blank,0,161.40552,375.75046,354040,354182,142
103,28,printf,133,144.48326,351.50268,354182,354373,191
103,28,(,134,175.47266,355.99928,354373,354570,197
103,28,"%d",135,186.988625,354.260525,354570,354733,163
103,28,printf,133,170.7015,362.15214,354733,354926,193
103,28,printf,133,170.94825,350.611866666667,354926,355108,182
103,0,blank,0,174.508,363.417566666667,355108,355291,183
103,0,blank,0,175.195666666667,331.613066666667,355291,355474,183
103,28,printf,133,172.133233333333,351.5683,355474,355655,181
103,28,printf,133,173.638366666667,354.651366666667,355655,355841,186
103,28,(,134,178.857233333333,362.2143,355841,356034,193
103,28,"%d",135,188.2532,359.63995,356034,356218,184
103,28,(,134,182.1276,352.50935,356218,356403,185
103,28,printf,133,173.851516666667,356.497883333333,356403,356583,180
103,28,printf,133,165.912033333333,348.409216666667,356583,356767,184
103,0,blank,0,171.215416666667,342.294233333333,356767,356951,184
103,0,blank,0,180.332516666667,341.51585,356951,357140,189
103,0,blank,0,172.550316666667,329.611333333333,357140,357327,187
103,0,blank,0,148.3327,344.9835,357327,357359,32
103,28,printf,133,143.635716666667,360.4461,357418,357590,172
103,28,printf,133,138.542166666667,360.874533333333,357590,357768,178
103,28,printf,133,162.747,359.105566666667,357768,357950,182
103,0,blank,0,186.7751,372.647933333333,357950,358125,175
103,28,"%d",135,194.390933333333,358.827966666667,358125,358304,179
103,28,"%d",135,190.69235,360.1698,358304,358364,60
103,28,printf,133,136.256916666667,347.80675,358395,358573,178
103,28,printf,133,138.20625,352.124533333333,358573,358751,178
103,0,blank,0,139.009083333333,368.481633333333,358751,358928,177
103,0,blank,0,199.1801,371.061566666667,358928,359104,176
103,0,blank,0,180.98795,378.361066666667,359104,359282,178
103,0,blank,0,177.6137,376.210733333333,359282,359459,177
103,0,blank,0,166.450066666667,368.55235,359459,359635,176
103,0,blank,0,167.2571,377.73905,359635,359810,175
103,0,blank,0,-323,-105,359839,359970,131
103,0,blank,0,167.667,381.1699,359998,360035,37
103,26,flag,127,179.0888,312.4554,360097,360122,25
103,0,blank,0,150.914116666667,378.256866666667,360177,360351,174
103,0,blank,0,160.781033333333,368.163433333333,360351,360527,176
103,0,blank,0,132.83665,376.131416666667,360527,360701,174
103,0,blank,0,152.0794,386.823083333333,360701,360873,172
103,0,blank,0,108.886525,379.428325,360934,361051,117
103,28,printf,133,124.166,365.92465,361080,361137,57
103,0,blank,0,119.873366666667,370.8406,361195,361368,173
103,0,blank,0,136.35905,376.520816666667,361368,361547,179
103,0,blank,0,125.302833333333,372.8175,361547,361719,172
103,28,printf,133,116.543166666667,366.1615,361719,361806,87
103,0,blank,0,126.760133333333,375.34985,361833,362006,173
103,0,blank,0,124.743457142857,412.3772,362037,362234,197
103,0,blank,0,120.440083333333,367.740483333333,362234,362405,171
103,28,printf,133,115.629166666667,361.220266666667,362405,362581,176
103,28,printf,133,113.769933333333,349.06045,362581,362753,172
103,0,blank,0,122.2831,371.123183333333,362753,362924,171
103,28,printf,133,113.371133333333,352.169916666667,362924,363095,171
103,0,blank,0,157.73595,279.3103,363095,363153,58
103,0,blank,0,91.2378,351.7552,363183,363212,29
103,26,(,126,140.554933333333,309.738166666667,363241,363416,175
103,0,blank,0,100.925766666667,338.51965,363446,363622,176
103,0,blank,0,116.592033333333,368.250116666667,363622,363797,175
103,28,printf,133,162.1915,353.05755,363797,363856,59
103,0,blank,0,177.47085,376.13395,363884,364059,175
103,0,blank,0,191.951183333333,406.215983333333,364059,364233,174
103,0,blank,0,118.057716666667,443.112066666667,364233,364411,178
103,0,blank,0,118.8544,457.7923,364411,364604,193
103,30,;,145,149.5975,403.62515,364604,364788,184
103,0,blank,0,144.35348,417.20476,364788,364967,179
103,0,blank,0,152.049866666667,437.68285,364967,365143,176
103,34,struct,157,164.48485,478.013833333333,365143,365318,175
103,34,struct,157,150.56645,481.1415,365318,365375,57
103,34,struct,157,157.423816666667,478.8009,365406,365583,177
103,34,generate,155,119.598883333333,480.27545,365583,365758,175
103,0,blank,0,120.355383333333,470.9494,365758,365932,174
103,30,++,144,137.348116666667,400.056916666667,365932,366108,176
103,0,blank,0,160.566433333333,377.195733333333,366108,366283,175
103,0,blank,0,167.457583333333,404.21545,366283,366461,178
103,0,blank,0,195.981433333333,470.388416666667,366461,366635,174
103,0,blank,0,223.538666666667,460.362933333333,366635,366811,176
103,0,blank,0,212.625166666667,433.1744,366811,366986,175
103,31,head,148,188.38032,421.93296,366986,367132,146
103,0,blank,0,155.188833333333,291.340883333333,367163,367338,175
103,0,blank,0,145.4236,238.45845,367338,367511,173
103,18,&,94,121.640566666667,131.546833333333,367511,367598,87
103,17,(,88,122.043033333333,108.332683333333,367658,367829,171
103,17,head,89,125.2754,116.373733333333,367829,368008,179
103,0,blank,0,131.9779,148.93855,368008,368067,59
103,31,next,150,239.03715,426.418566666667,368095,368277,182
103,0,blank,0,272.58784,430.65688,368277,368421,144
103,0,blank,0,-323,-105,368480,368600,120
103,0,blank,0,-323,-105,368600,368782,182
103,0,blank,0,-323,-105,368782,368899,117
103,0,blank,0,-323,-105,368899,369023,124
103,0,blank,0,-323,-105,369023,369216,193
103,0,blank,0,-323,-105,369216,369302,86
103,0,blank,0,-323,-105,369302,369475,173
103,0,blank,0,-323,-105,369475,369650,175
103,0,blank,0,-323,-105,369650,369919,269
103,0,blank,0,-323,-105,369919,370103,184
103,0,blank,0,-323,-105,370103,370265,162
103,0,blank,0,-323,-105,370265,370451,186
103,0,blank,0,-323,-105,370451,370642,191
103,0,blank,0,-323,-105,370642,370811,169
103,0,blank,0,-323,-105,370811,370998,187
103,0,blank,0,-323,-105,370998,371169,171
103,0,blank,0,-323,-105,371169,371358,189
103,0,blank,0,-323,-105,371358,371546,188
103,0,blank,0,-323,-105,371546,371741,195
103,0,blank,0,-323,-105,371741,371919,178
103,0,blank,0,-323,-105,371919,372118,199
103,0,blank,0,-323,-105,372118,372308,190
103,0,blank,0,-323,-105,372308,372491,183
103,0,blank,0,-323,-105,372491,372679,188
103,0,blank,0,-323,-105,372679,372865,186
103,0,blank,0,-323,-105,372865,373043,178
103,0,blank,0,-323,-105,373043,373237,194
103,0,blank,0,194.5114,296.560814285714,373263,373453,190
103,0,blank,0,280.2839,70.429,373637,373666,29
103,0,blank,0,242.13922,307.03078,373699,373855,156
103,0,blank,0,259.4693,316.3469,373855,373980,125
103,0,blank,0,252.95206,383.67632,374041,374233,192
103,0,blank,0,281.571183333333,319.33275,374233,374422,189
103,0,blank,0,253.024933333333,371.362666666667,374422,374614,192
103,0,blank,0,226.835316666667,400.454033333333,374614,374790,176
103,0,blank,0,241.1793,407.818166666667,374790,374967,177
103,28,head,137,287.46938,359.17042,374967,375118,151
103,26,flag,127,177.4256,318.339,375209,375241,32
103,0,blank,0,235.2499,217.4956,375276,375307,31
103,0,blank,0,212.20335,432.59635,375371,375436,65
103,0,blank,0,244.41735,508.9012,375467,375531,64
103,0,blank,0,157.6591,512.0894,375630,375725,95
103,0,blank,0,48.1825666666667,661.922433333333,375751,375845,94
103,0,blank,0,192.1006,460.927,375908,375940,32
103,0,blank,0,-323,-105,376160,376331,171
103,0,blank,0,-323,-105,376331,376506,175
103,0,blank,0,-323,-105,376506,376673,167
103,0,blank,0,-323,-105,376673,376866,193
103,0,blank,0,-323,-105,376866,377034,168
103,0,blank,0,-323,-105,377034,377212,178
103,0,blank,0,-323,-105,377212,377380,168
103,0,blank,0,-323,-105,377380,377561,181
103,0,blank,0,-323,-105,377561,377730,169
103,0,blank,0,-323,-105,377730,377922,192
103,0,blank,0,-323,-105,377922,378105,183
103,0,blank,0,-323,-105,378105,378273,168
103,0,blank,0,-323,-105,378273,378462,189
103,0,blank,0,-323,-105,378462,378640,178
103,0,blank,0,-323,-105,378640,378918,278
103,0,blank,0,-323,-105,378918,379173,255
103,0,blank,0,-323,-105,379173,379429,256
103,0,blank,0,-323,-105,379429,379614,185
103,0,blank,0,-323,-105,379614,379794,180
103,0,blank,0,-323,-105,379794,379841,47
103,0,blank,0,-323,-105,379841,380146,305
103,0,blank,0,-323,-105,380146,380172,26
103,0,blank,0,-323,-105,380172,380688,516
103,0,blank,0,-323,-105,380688,381276,588
103,0,blank,0,-323,-105,381276,381454,178
103,0,blank,0,-323,-105,381454,381643,189
103,0,blank,0,-323,-105,381643,381876,233
103,0,blank,0,-323,-105,381876,381998,122
103,0,blank,0,-323,-105,381998,382091,93
103,0,blank,0,-323,-105,382091,382234,143
103,0,blank,0,-323,-105,382234,382362,128
103,0,blank,0,131.233,518.98362,382398,382586,188
103,34,generate,155,113.305,495.72635,382586,382744,158
103,30,flag,143,94.129,391.8557,382744,383148,404
103,0,blank,0,111.233,310.804,383148,383187,39
103,37,node,170,141.831433333333,557.502166666667,383234,383408,174
103,38,"Enterlengthoflist:",176,152.532683333333,580.606,383408,383586,178
103,0,blank,0,212.1735,592.109383333333,383586,383762,176
103,38,"Enterlengthoflist:",176,220.764225,580.6113,383762,383881,119
103,0,blank,0,142.3428,466.308716666667,383911,384090,179
103,38,"Enterlengthoflist:",176,169.240633333333,585.1215,384090,384267,177
103,0,blank,0,123.92935,512.8168,384267,384443,176
103,0,blank,0,108.68215,511.06695,384443,384502,59
103,27,{,132,89.1481,339.231616666667,384534,384712,178
103,0,blank,0,108.50832,382.24036,384712,384887,175
103,31,head,148,117.901,414.46685,384887,385069,182
103,0,blank,0,127.045433333333,412.8916,385069,385266,197
103,31,head,148,109.668233333333,426.01545,385266,385446,180
103,31,head,148,98.9889833333333,428.49315,385446,385624,178
103,0,blank,0,73.3830333333333,383.3105,385624,385800,176
103,30,flag,143,89.5064,404.446183333333,385800,385975,175
103,0,blank,0,60.3577666666667,369.84825,385975,386150,175
103,0,blank,0,45.1082833333333,335.200733333333,386150,386327,177
103,0,blank,0,66.5107833333334,447.209266666667,386327,386505,178
103,0,blank,0,115.826683333333,451.113533333333,386505,386680,175
103,0,blank,0,160.172233333333,469.772316666667,386680,386858,178
103,0,blank,0,146.445833333333,435.95035,386858,387034,176
103,0,blank,0,112.289,357.959416666667,387034,387214,180
103,0,blank,0,133.210266666667,334.620683333333,387214,387388,174
103,0,blank,0,137.873383333333,334.2978,387388,387564,176
103,0,blank,0,138.325533333333,450.727116666667,387593,387769,176
103,31,head,148,166.682833333333,413.08345,387769,387945,176
103,0,blank,0,184.886333333333,410.139783333333,387945,388121,176
103,0,blank,0,266.914116666667,399.23265,388121,388297,176
103,0,blank,0,250.498533333333,407.0372,388297,388470,173
103,0,blank,0,183.527266666667,447.007383333333,388470,388645,175
103,0,blank,0,167.517483333333,459.908916666667,388645,388818,173
103,0,blank,0,142.452483333333,462.571883333333,388818,388993,175
103,0,blank,0,135.402416666667,451.025183333333,388993,389168,175
103,0,blank,0,95.6609833333333,448.998033333333,389168,389344,176
103,0,blank,0,92.7669,444.824033333333,389344,389522,178
103,0,blank,0,109.20305,446.464283333333,389522,389699,177
103,0,blank,0,175.85635,371.793316666667,389699,389875,176
103,0,blank,0,140.2922,332.30535,389875,390051,176
103,0,blank,0,133.399516666667,319.1677,390051,390227,176
103,0,blank,0,169.3953,345.541416666667,390227,390403,176
103,28,printf,133,170.070633333333,356.243783333333,390403,390580,177
103,28,printf,133,155.680616666667,365.54325,390580,390757,177
103,28,printf,133,137.8582,364.69785,390757,390815,58
103,0,blank,0,124.5145,282.0248,390815,391000,185
103,0,blank,0,116.978725,295.299725,391000,391127,127
103,0,blank,0,107.7698,293.543266666667,391127,391311,184
103,23,flag,112,87.9127571428572,243.265457142857,391311,391506,195
103,0,blank,0,108.807416666667,216.1459,391506,391685,179
103,21,display,103,116.44105,196.8047,391685,391862,177
103,0,blank,0,105.019883333333,186.461283333333,391862,392037,175
103,0,blank,0,89.5180166666667,189.692283333333,392037,392211,174
103,26,flag,127,162.554233333333,311.98125,392211,392385,174
103,26,flag,127,165.058066666667,302.670483333333,392385,392555,170
103,0,blank,0,184.976633333333,341.436116666667,392555,392727,172
103,28,"%d",135,213.2851,357.7963,392727,392903,176
103,0,blank,0,190.14535,383.906866666667,392903,393082,179
103,0,blank,0,189.707216666667,387.393383333333,393082,393256,174
103,0,blank,0,207.39585,439.6322,393256,393430,174
103,0,blank,0,204.292983333333,449.317266666667,393430,393604,174
103,0,blank,0,175.711133333333,451.598283333333,393604,393775,171
103,0,blank,0,189.326866666667,470.260733333333,393775,393950,175
103,0,blank,0,139.613866666667,452.600533333333,393950,394124,174
103,0,blank,0,124.8245,449.354233333333,394124,394300,176
103,0,blank,0,114.262633333333,446.561,394300,394472,172
103,30,flag,143,100.667216666667,410.147583333333,394472,394647,175
103,29,},142,89.143325,377.4421,394647,394762,115
103,0,blank,0,39.3325,250.01935,394790,394963,173
103,23,flag,112,93.3835833333333,249.914283333333,394963,395135,172
103,0,blank,0,79.5033333333333,257.897366666667,395135,395308,173
103,23,flag,112,83.67916,247.0004,395308,395454,146
103,0,blank,0,98.6515166666667,522.6911,395484,395660,176
103,36,comma,166,114.8489,526.21105,395660,395834,174
103,0,blank,0,116.0933,517.864,395834,396011,177
103,36,comma,166,116.0672,524.393033333333,396011,396099,88
103,24,while,116,80.71715,273.979816666667,396155,396329,174
103,0,blank,0,77.4117833333333,280.169316666667,396329,396504,175
103,30,;,145,145.686916666667,394.712983333333,396504,396678,174
103,0,blank,0,154.69925,397.8944,396678,396855,177
103,31,=,147,133.286266666667,414.994016666667,396855,397033,178
103,0,blank,0,127.7396,420.35895,397033,397209,176
103,28,printf,133,120.77395,363.014016666667,397209,397385,176
103,28,printf,133,124.6087,359.451133333333,397385,397560,175
103,28,printf,133,144.076366666667,352.9288,397560,397734,174
103,0,blank,0,122.906857142857,328.641671428571,397734,397933,199
103,0,blank,0,113.029171428571,334.550285714286,397933,398131,198
103,26,!,125,127.046233333333,306.4069,398131,398303,172
103,26,!,125,126.08125,317.333633333333,398303,398475,172
103,0,blank,0,117.611916666667,342.40955,398475,398647,172
103,28,printf,133,127.246983333333,364.956483333333,398647,398819,172
103,0,blank,0,156.7185,412.590733333333,398819,398994,175
103,31,head,148,181.26745,423.591766666667,398994,399174,180
103,0,blank,0,232.165616666667,432.958,399174,399345,171
103,0,blank,0,256.552333333333,449.3684,399411,399494,83
103,28,printf,133,149.236183333333,357.67685,399526,399701,175
103,0,blank,0,154.437257142857,374.541828571429,399701,399899,198
103,0,blank,0,289.250333333333,429.3844,399930,400101,171
103,0,blank,0,239.4877,441.736928571429,400101,400300,199
103,31,->,149,205.170683333333,415.8135,400328,400501,173
103,31,->,149,211.438014285714,417.295628571429,400501,400699,198
103,0,blank,0,192.582242857143,432.426185714286,400699,400896,197
103,0,blank,0,158.882816666667,399.597966666667,400896,401064,168
103,0,blank,0,131.55445,424.326516666667,401064,401234,170
103,0,blank,0,127.066533333333,421.654316666667,401234,401407,173
103,31,head,148,123.3993,425.3553,401407,401580,173
103,0,blank,0,120.822216666667,454.259833333333,401580,401752,172
103,0,blank,0,118.957183333333,441.150666666667,401752,401924,172
103,0,blank,0,109.59235,460.73425,401924,402096,172
103,0,blank,0,101.567866666667,463.075,402096,402270,174
103,0,blank,0,102.603966666667,459.846966666667,402270,402443,173
103,0,blank,0,120.818283333333,455.855716666667,402443,402614,171
103,0,blank,0,113.769566666667,435.860533333333,402614,402789,175
103,0,blank,0,124.985433333333,432.697116666667,402789,402963,174
103,0,blank,0,122.875616666667,460.96515,402963,403139,176
103,0,blank,0,106.071583333333,456.9625,403139,403316,177
103,0,blank,0,135.060116666667,462.123116666667,403316,403494,178
103,0,blank,0,147.70635,443.503633333333,403494,403671,177
103,0,blank,0,143.482083333333,443.62215,403671,403846,175
103,0,blank,0,193.398016666667,453.029233333333,403846,404021,175
103,0,blank,0,181.1329,457.584425,404021,404137,116
103,0,blank,0,206.2579,470.3411,404195,404221,26
103,0,blank,0,178.132583333333,460.1131,404245,404422,177
103,0,blank,0,192.298566666667,453.586633333333,404422,404604,182
103,0,blank,0,175.26315,470.824016666667,404604,404788,184
103,0,blank,0,84.7657666666667,464.50155,404788,404964,176
103,0,blank,0,83.89005,468.211466666667,404964,405137,173
103,0,blank,0,120.9185,454.046775,405137,405289,152
103,0,blank,0,204.8964,441.3329,405289,405402,113
103,0,blank,0,201.30925,474.50995,405402,405588,186
103,0,blank,0,172.3822,469.604125,405588,405722,134
103,0,blank,0,137.21925,286.480416666667,405752,405926,174
103,26,(,126,135.5585,303.707166666667,405926,406016,90
103,0,blank,0,115.251071428571,295.489514285714,406076,406271,195
103,26,flag,127,159.57655,317.680633333333,406271,406449,178
103,31,->,149,209.668533333333,425.099666666667,406449,406624,175
103,0,blank,0,196.3677,401.909116666667,406624,406796,172
103,0,blank,0,164.800983333333,382.697616666667,406796,406972,176
103,0,blank,0,184.88652,399.79598,406972,407119,147
103,0,blank,0,134.552366666667,219.778366666667,407175,407355,180
103,0,blank,0,94.0336,179.033683333333,407355,407540,185
103,19,return,98,91.7579166666666,165.25005,407540,407725,185
103,19,return,98,102.854566666667,158.324933333333,407725,407816,91
103,19,return,98,89.6947166666667,167.392733333333,407877,408053,176
103,19,return,98,86.6416,162.7251,408053,408228,175
103,18,delete,92,58.9215833333333,127.88025,408228,408405,177
103,18,delete,92,59.2696333333333,139.027866666667,408405,408581,176
103,18,delete,92,63.4568333333333,142.641,408581,408757,176
103,19,return,98,70.0476666666667,160.20445,408757,408933,176
103,0,blank,0,66.4823333333333,148.174966666667,408933,409106,173
103,19,return,98,56.92035,158.38555,409106,409286,180
103,0,blank,0,67.2743666666667,172.860366666667,409286,409459,173
103,19,return,98,99.78375,155.686316666667,409459,409643,184
103,21,display,103,103.746,193.576,409643,409823,180
103,0,blank,0,181.31285,149.916533333333,409823,409998,175
103,17,),90,170.5177,117.78572,410055,410229,174
103,18,head,95,149.40665,145.597633333333,410229,410403,174
103,18,head,95,131.210166666667,129.65705,410403,410577,174
103,17,head,89,128.945533333333,109.809283333333,410577,410747,170
103,0,blank,0,-323,-105,410805,410987,182
103,0,blank,0,-323,-105,410987,411178,191
103,0,blank,0,-323,-105,411178,411356,178
103,0,blank,0,-323,-105,411356,411526,170
103,0,blank,0,-323,-105,411526,411610,84
103,0,blank,0,-323,-105,411610,411943,333
103,0,blank,0,-323,-105,411943,412266,323
103,0,blank,0,-323,-105,412266,412528,262
103,0,blank,0,-323,-105,412528,412560,32
103,0,blank,0,-321.9138,178.1401,412600,412632,32
103,23,0,114,156.359471428571,254.618071428571,413401,413598,197
103,24,==,119,153.31005,265.875466666667,413598,413772,174
103,0,blank,0,216.520883333333,241.750466666667,413772,413949,177
103,24,NULL,120,200.4271,259.74535,413949,414125,176
103,24,NULL,120,223.624933333333,265.287316666667,414125,414303,178
103,0,blank,0,237.2116,266.301483333333,414303,414480,177
103,24,),121,229.41505,258.284925,414480,414597,117
103,0,blank,0,174.476533333333,267.6797,414664,414842,178
103,0,blank,0,179.32215,266.297866666667,414842,415019,177
103,23,;,115,171.721533333333,242.1603,415019,415193,174
103,0,blank,0,77.3211166666667,240.61725,415193,415367,174
103,23,int,111,72.2341,237.05682,415367,415511,144
103,0,blank,0,235.006983333333,262.300233333333,415539,415713,174
103,0,blank,0,241.68436,253.91022,415713,415857,144
103,37,struct,169,100.301233333333,563.99335,415915,416089,174
103,0,blank,0,104.83485,548.163133333333,416089,416264,175
103,36,num,165,99.0126666666667,525.51595,416264,416438,174
103,0,blank,0,88.5220833333333,542.285,416438,416615,177
103,37,struct,169,86.2656833333333,550.332733333333,416615,416788,173
103,38,"Enterlengthoflist:",176,115.427333333333,572.835883333333,416788,416965,177
103,38,"Enterlengthoflist:",176,123.322233333333,574.61165,416965,417141,176
103,38,"Enterlengthoflist:",176,133.661885714286,583.639585714286,417141,417339,198
103,0,blank,0,159.113857142857,603.393685714286,417339,417538,199
103,0,blank,0,233.774657142857,602.872514285714,417538,417737,199
103,39,&,183,170.652942857143,595.437442857143,417737,417936,199
103,40,num,191,135.5095,621.5926,417936,418052,116
103,0,blank,0,113.50314,584.36448,418114,418263,149
103,0,blank,0,-323,-105,418293,418474,181
103,38,"Enterlengthoflist:",176,262.341442857143,575.110385714286,418586,418778,192
103,39,num,184,193.987783333333,604.1029,418778,418951,173
103,0,blank,0,157.335485714286,608.379028571429,418951,419150,199
103,40,=,190,119.357733333333,613.507333333333,419150,419323,173
103,39,(,180,95.41065,598.264283333333,419323,419496,173
103,39,"%d",181,140.5314,599.813466666667,419496,419669,173
103,0,blank,0,129.622916666667,618.188333333333,419669,419842,173
103,40,num,191,155.216766666667,619.258416666667,419842,420019,177
103,40,num,191,162.755566666667,622.46935,420019,420194,175
103,40,i,197,189.600766666667,628.824033333333,420194,420366,172
103,40,i,197,192.181533333333,613.204566666667,420366,420452,86
103,0,blank,0,-323,-105,420570,420751,181
103,0,blank,0,-323,-105,420751,420921,170
103,0,blank,0,-323,-105,420921,421099,178
103,0,blank,0,-323,-105,421099,421277,178
103,0,blank,0,-323,-105,421277,421459,182
103,0,blank,0,-323,-105,421459,421574,115
103,40,;,196,169.001033333333,623.184066666667,421601,421769,168
103,0,blank,0,256.74415,648.7419,421996,422059,63
103,39,"%d",181,135.472966666667,606.649766666667,422163,422334,171
103,40,num,191,148.105775,619.821825,422334,422450,116
103,0,blank,0,128.435983333333,610.816533333333,422509,422684,175
103,0,blank,0,106.280183333333,613.7542,422684,422860,176
103,40,i,197,103.595633333333,613.022066666667,422860,423033,173
103,0,blank,0,135.970683333333,653.58555,423033,423210,177
103,0,blank,0,188.86535,653.61765,423210,423384,174
103,42,struct,212,221.575983333333,661.851583333333,423384,423554,170
103,0,blank,0,251.5416,678.5827,423554,423612,58
103,43,temp,217,119.1981,679.0891,424275,424339,64
103,0,blank,0,455.191983333333,686.520016666666,424425,424598,173
103,0,blank,0,412.98375,688.45375,424598,424777,179
103,42,malloc,208,361.893116666667,672.549783333333,424777,424955,178
103,42,sizeof,210,379.0969,673.5285,424955,425016,61
103,0,blank,0,999.189,519.1818,425075,425106,31
103,0,blank,0,-323,-105,425682,425783,101
103,42,node,213,234.62465,663.25975,426033,426221,188
103,0,blank,0,185.11295,649.321733333333,426221,426399,178
103,42,struct,212,175.7328,670.605583333333,426399,426574,175
103,42,struct,212,180.786066666667,666.190983333333,426574,426749,175
103,42,struct,212,184.02428,659.13434,426749,426893,144
103,43,;,222,195.0111,689.3547,426893,427993,1100
103,0,blank,0,212.6931,704.996216666667,427993,428181,188
103,0,blank,0,213.2416,715.9862,428181,428266,85
103,0,blank,0,144.7543,-103.98695,428296,428383,87
103,0,blank,0,143.3718,782.4813,428409,428436,27
103,0,blank,0,135.30205,-103.9696,428525,428704,179
103,0,blank,0,131.79645,-103.96545,428704,428763,59
103,39,num,184,179.226233333333,597.539716666667,428823,429004,181
103,0,blank,0,-323,-105,429123,429263,140
103,0,blank,0,-323,-105,429263,429376,113
103,0,blank,0,-323,-105,429376,429558,182
103,0,blank,0,-323,-105,429558,429754,196
103,0,blank,0,-323,-105,429754,429825,71
103,0,blank,0,1060.7425,454.082983333333,429996,430185,189
103,0,blank,0,1069.63166666667,450.898883333333,430185,430370,185
103,0,blank,0,1063.00633333333,457.952416666667,430370,430552,182
103,0,blank,0,1064.70066666667,463.95575,430552,430738,186
103,0,blank,0,1062.93066666667,463.575,430738,430923,185
103,0,blank,0,1051.36075,441.6251,430923,431046,123
103,0,blank,0,1050.09133333333,438.272233333333,431077,431265,188
104,38,"Enterlengthoflist:",176,138.249516666667,276.987616666667,432536,432718,182
104,40,;,196,164.8603,310.804483333333,432718,432910,192
104,39,comma,182,146.461166666667,301.777916666667,432910,433092,182
104,39,"%d",181,140.257533333333,305.909016666667,433092,433273,181
104,0,blank,0,152.09565,343.945166666667,433273,433457,184
104,42,(,211,156.285316666667,358.006533333333,433457,433643,186
104,42,struct,212,214.978516666667,365.1254,433643,433830,187
104,42,node,213,273.77046,365.03586,433830,433986,156
104,44,),229,254.5287,401.2572,434184,434216,32
104,0,blank,0,-323,-105,434746,434889,143
104,0,blank,0,-323,-105,434889,435044,155
104,0,blank,0,-323,-105,435044,435146,102
104,0,blank,0,-323,-105,435146,435330,184
104,0,blank,0,-323,-105,435330,435490,160
104,0,blank,0,-323,-105,435490,435682,192
104,0,blank,0,-323,-105,435682,435836,154
104,0,blank,0,-323,-105,435836,436012,176
104,0,blank,0,-323,-105,436012,436186,174
104,0,blank,0,-323,-105,436186,436219,33
104,0,blank,0,-323,-105,436219,436417,198
104,0,blank,0,-323,-105,436417,436600,183
104,0,blank,0,-323,-105,436600,436726,126
104,0,blank,0,-323,-105,436726,436994,268
104,0,blank,0,-323,-105,436994,437116,122
104,0,blank,0,-323,-105,437116,437312,196
104,0,blank,0,-323,-105,437312,437480,168
104,0,blank,0,-323,-105,437480,437667,187
104,0,blank,0,-323,-105,437667,437866,199
104,0,blank,0,-323,-105,437866,438046,180
104,0,blank,0,-323,-105,438046,438113,67
104,0,blank,0,-323,-105,438113,438441,328
104,0,blank,0,-323,-105,438441,438605,164
104,0,blank,0,-323,-105,438605,438705,100
104,0,blank,0,-323,-105,438705,438973,268
104,0,blank,0,-323,-105,438973,439157,184
104,0,blank,0,-323,-105,439157,439274,117
104,0,blank,0,-323,-105,439274,439472,198
104,0,blank,0,-323,-105,439472,439605,133
104,0,blank,0,-323,-105,439605,439709,104
104,0,blank,0,-323,-105,439709,439839,130
104,0,blank,0,-323,-105,439839,439910,71
104,0,blank,0,-323,-105,439910,440095,185
104,0,blank,0,-323,-105,440095,440283,188
104,0,blank,0,-323,-105,440283,440482,199
104,0,blank,0,-323,-105,440482,440644,162
104,0,blank,0,-323,-105,440644,440829,185
104,0,blank,0,633.3271,757.6887,441512,441715,203
104,0,blank,0,-323,-105,442017,442179,162
104,0,blank,0,-323,-105,442179,442323,144
104,0,blank,0,-323,-105,442323,442395,72
104,0,blank,0,-323,-105,442395,442593,198
104,0,blank,0,-323,-105,442593,442772,179
104,0,blank,0,-323,-105,442772,442954,182
104,0,blank,0,-323,-105,442954,443026,72
104,0,blank,0,-323,-105,443026,443210,184
104,0,blank,0,-323,-105,443210,443260,50
104,0,blank,0,-323,-105,443260,443801,541
104,0,blank,0,-323,-105,443801,443984,183
104,0,blank,0,-323,-105,443984,444166,182
104,0,blank,0,-323,-105,444166,444335,169
104,0,blank,0,-323,-105,444335,444483,148
104,0,blank,0,-323,-105,444483,444666,183
104,0,blank,0,-323,-105,444666,444855,189
104,0,blank,0,-323,-105,444855,445045,190
104,0,blank,0,-323,-105,445045,445221,176
104,0,blank,0,-323,-105,445221,445404,183
104,0,blank,0,-323,-105,445404,445559,155
104,0,blank,0,-323,-105,445559,445607,48
104,0,blank,0,-323,-105,445607,446049,442
104,0,blank,0,-323,-105,446049,446251,202
104,0,blank,0,-323,-105,446251,446366,115
104,0,blank,0,-323,-105,446366,446558,192
104,0,blank,0,-323,-105,446558,446643,85
104,0,blank,0,-323,-105,446643,446964,321
104,0,blank,0,-323,-105,446964,447147,183
104,0,blank,0,-323,-105,447147,447326,179
104,0,blank,0,-323,-105,447326,447507,181
104,0,blank,0,-323,-105,447507,447896,389
104,0,blank,0,-323,-105,447896,448080,184
104,0,blank,0,-323,-105,448080,448231,151
104,0,blank,0,-323,-105,448231,448823,592
104,0,blank,0,-323,-105,448823,448985,162
104,0,blank,0,-323,-105,448985,449172,187
104,0,blank,0,-323,-105,449172,449364,192
104,0,blank,0,-323,-105,449364,449531,167
104,0,blank,0,-323,-105,449531,449706,175
104,0,blank,0,-323,-105,449706,449890,184
104,0,blank,0,-323,-105,449890,450070,180
104,0,blank,0,-323,-105,450070,450222,152
104,0,blank,0,-323,-105,450222,450403,181
104,0,blank,0,-323,-105,450403,450472,69
104,0,blank,0,-323,-105,450583,450743,160
104,0,blank,0,-323,-105,450743,450938,195
104,0,blank,0,-323,-105,450938,451127,189
104,0,blank,0,-323,-105,451127,451295,168
104,0,blank,0,-323,-105,451295,451488,193
104,0,blank,0,-323,-105,451488,451642,154
104,47,head,238,161.075866666667,478.5913,451682,451879,197
104,47,head,238,155.224983333333,476.51785,451879,452054,175
104,47,*,237,143.75055,464.066633333333,452054,452226,172
104,0,blank,0,138.719833333333,492.791616666667,452226,452399,173
104,0,blank,0,150.850875,424.563975,452399,452520,121
104,0,blank,0,170.636783333333,493.334866666667,452550,452724,174
104,47,head,238,168.463483333333,475.688483333333,452724,452899,175
104,0,blank,0,128.322616666667,431.630683333333,452899,453073,174
104,46,head,232,145.389,458.45795,453073,453247,174
104,46,=,233,188.628333333333,451.943966666667,453247,453418,171
104,46,head,232,164.352,454.795,453418,453617,199
104,0,blank,0,98.7935333333333,463.442716666667,453617,453789,172
104,0,blank,0,93.5581166666667,437.36325,453789,453961,172
104,0,blank,0,84.1916,441.188766666667,453961,454135,174
104,0,blank,0,118.718316666667,462.198166666667,454135,454309,174
104,0,blank,0,164.4229,426.18685,454309,454497,188
104,46,=,233,188.535266666667,449.508916666667,454497,454676,179
104,46,=,233,186.76695,445.419,454676,454869,193
104,0,blank,0,178.34734,455.35482,454869,455059,190
104,47,),239,188.33175,467.258933333333,455059,455252,193
104,0,blank,0,193.744583333333,474.257483333333,455252,455424,172
104,0,blank,0,165.055816666667,499.926333333333,455424,455597,173
104,0,blank,0,130.844416666667,482.489116666667,455597,455769,172
104,0,blank,0,131.690433333333,485.570483333333,455769,455942,173
104,0,blank,0,175.586525,452.524175,455942,456059,117
104,0,blank,0,182.1739,589.3839,456088,456147,59
104,0,blank,0,176.24875,482.990883333333,456180,456358,178
104,0,blank,0,158.001883333333,490.496116666667,456358,456531,173
104,0,blank,0,136.8243,485.36075,456531,456705,174
104,0,blank,0,157.150383333333,494.066533333333,456705,456881,176
104,0,blank,0,179.460983333333,502.73445,456881,457053,172
104,0,blank,0,175.156866666667,501.913516666667,457053,457227,174
104,0,blank,0,166.03115,513.425375,457253,457370,117
104,47,head,238,154.732383333333,478.442133333333,457401,457578,177
104,0,blank,0,147.02855,515.398133333333,457578,457749,171
104,0,blank,0,184.75345,525.750266666667,457749,457923,174
104,0,blank,0,180.959416666667,513.514866666667,457923,458096,173
104,0,blank,0,193.004166666667,505.237416666667,458096,458271,175
104,0,blank,0,198.272466666667,515.4575,458271,458445,174
104,0,blank,0,213.82205,524.708566666667,458445,458618,173
104,0,blank,0,242.488983333333,526.403033333333,458618,458791,173
104,0,blank,0,245.791583333333,522.824366666667,458791,458964,173
104,0,blank,0,244.8672,508.514075,458964,459079,115
104,0,blank,0,166.702516666667,503.501616666667,459139,459315,176
104,0,blank,0,177.295066666667,508.874583333333,459315,459494,179
104,0,blank,0,214.102714285714,513.953514285714,459494,459693,199
104,0,blank,0,211.613825,528.46315,459693,459813,120
104,0,blank,0,210.685083333333,515.69455,459844,460017,173
104,0,blank,0,142.257816666667,528.5899,460017,460189,172
104,0,blank,0,138.563214285714,516.055857142857,460189,460388,199
104,0,blank,0,190.307028571429,502.087685714286,460388,460586,198
104,0,blank,0,217.560385714286,514.851485714286,460586,460785,199
104,0,blank,0,186.208771428571,513.494485714286,460785,460980,195
104,0,blank,0,134.900785714286,534.229485714286,460980,461176,196
104,0,blank,0,137.283657142857,523.026542857143,461176,461373,197
104,0,blank,0,164.617842857143,525.544242857143,461373,461571,198
104,0,blank,0,187.045842857143,511.424828571429,461571,461770,199
104,0,blank,0,172.79675,535.321925,461770,461884,114
104,0,blank,0,194.480133333333,520.61865,461912,462085,173
104,0,blank,0,212.530183333333,512.181083333333,462085,462256,171
104,0,blank,0,215.89786,514.78852,462256,462400,144
104,0,blank,0,-323,-105,462428,462609,181
104,0,blank,0,-323,-105,462609,462790,181
104,0,blank,0,-323,-105,462790,462978,188
104,0,blank,0,-323,-105,462978,463159,181
104,0,blank,0,-323,-105,463159,463346,187
104,0,blank,0,-323,-105,463346,463533,187
104,0,blank,0,-323,-105,463533,463714,181
104,0,blank,0,-323,-105,463714,463887,173
104,0,blank,0,-323,-105,463887,463962,75
104,46,head,232,168.74104,451.66962,464002,464177,175
104,0,blank,0,-323,-105,464254,464441,187
104,0,blank,0,145.87176,491.31292,464562,464744,182
104,0,blank,0,132.084483333333,488.750866666667,464744,464931,187
104,47,head,238,159.34005,476.407283333333,464931,465114,183
104,0,blank,0,210.48794,497.57414,465114,465264,150
104,0,blank,0,196.29568,495.16592,465264,465437,173
104,0,blank,0,172.28295,499.9708,465437,465613,176
104,0,blank,0,179.061816666667,508.489583333333,465613,465790,177
104,0,blank,0,218.147033333333,520.100983333333,465790,465969,179
104,0,blank,0,264.7616,516.27005,465969,466153,184
104,0,blank,0,247.008316666667,522.546833333333,466153,466336,183
104,0,blank,0,220.408425,515.939775,466336,466486,150
104,0,blank,0,151.566,488.52895,466486,466677,191
104,0,blank,0,115.9527,469.19985,466677,466848,171
104,0,blank,0,117.315,459.57356,466848,467019,171
104,0,blank,0,79.847,441.424483333333,467019,467202,183
104,0,blank,0,150.226383333333,435.835866666667,467202,467382,180
104,46,=,233,189.0994,440.93645,467382,467556,174
104,46,head,232,143.033316666667,450.50905,467556,467739,183
104,47,),239,187.645833333333,477.638966666667,467739,467914,175
104,0,blank,0,189.154783333333,495.514616666667,467914,468091,177
104,0,blank,0,178.560266666667,502.273,468091,468269,178
104,0,blank,0,240.5425,524.78235,468269,468448,179
104,0,blank,0,227.8718,499.1171,468448,468481,33
104,0,blank,0,-323,-105,468513,468699,186
104,0,blank,0,-323,-105,468699,468888,189
104,47,head,238,150.483133333333,466.717266666667,468918,468992,74
104,51,temp,248,160.7124,559.296625,469052,469175,123
104,52,temp,258,222.014866666667,576.753266666667,469204,469382,178
104,52,head,256,162.859766666667,585.604733333333,469382,469564,182
104,0,blank,0,105.187266666667,556.25535,469564,469744,180
104,0,blank,0,63.72515,539.981866666667,469744,469919,175
104,0,blank,0,111.069683333333,561.1573,469919,470097,178
104,51,temp,248,153.474916666667,558.441066666667,470097,470275,178
104,51,next,250,193.969666666667,566.091433333333,470275,470453,178
104,52,temp,258,203.615716666667,575.084566666667,470453,470631,178
104,52,head,256,140.9956,579.966033333333,470631,470805,174
104,0,blank,0,100.809866666667,584.7182,470805,470983,178
104,0,blank,0,66.0954666666667,594.872633333333,470983,471160,177
104,0,blank,0,61.882925,604.235525,471160,471279,119
104,0,blank,0,28.2428,418.625683333333,471308,471481,173
104,0,blank,0,39.2018333333333,405.968516666667,471481,471655,174
104,0,blank,0,53.0449,398.004266666667,471655,471830,175
104,43,->,218,129.3836,383.268566666667,471830,472005,175
104,43,temp,217,121.3427,385.077033333333,472005,472180,175
104,43,temp,217,106.132483333333,380.649683333333,472180,472354,174
104,43,temp,217,90.1220833333333,387.6775,472354,472528,174
104,0,blank,0,97.4149333333333,435.82745,472528,472707,179
104,0,blank,0,103.01415,457.526983333333,472707,472886,179
104,43,temp,217,108.288183333333,390.760183333333,472886,473063,177
104,42,temp,201,106.76155,369.808433333333,473063,473240,177
104,0,blank,0,147.330216666667,360.216166666667,473240,473417,177
104,0,blank,0,113.996133333333,346.039683333333,473417,473594,177
104,42,temp,201,86.0615333333333,355.26815,473594,473772,178
104,0,blank,0,132.435383333333,372.898383333333,473772,473947,175
104,0,blank,0,126.939833333333,357.3546,473947,474123,176
104,0,blank,0,111.07818,332.48206,474123,474269,146
104,0,blank,0,123.4423,171.819366666667,474296,474471,175
104,0,blank,0,138.364083333333,171.913216666667,474471,474644,173
104,34,struct,157,162.260375,178.4729,474644,474761,117
104,0,blank,0,-323,-105,474819,475015,196
104,0,blank,0,-323,-105,475015,475200,185
104,0,blank,0,-323,-105,475200,475341,141
104,0,blank,0,-323,-105,475341,475581,240
104,0,blank,0,360.4776,633.0846,475610,475639,29
104,0,blank,0,231.9529,553.1927,475681,475720,39
104,0,blank,0,142.060483333333,153.277316666667,475749,475937,188
104,0,blank,0,143.5961,135.8299,475937,475963,26
104,0,blank,0,-321.9782,413.0168,476218,476258,40
104,0,blank,0,1072.68833333333,464.6943,476281,476460,179
104,0,blank,0,1080.5085,441.649583333333,476460,476636,176
104,0,blank,0,1065.57633333333,443.553716666667,476636,476816,180
104,0,blank,0,1079.548,451.2756,476816,476996,180
104,0,blank,0,1071.32083333333,456.760216666667,476996,477178,182
104,0,blank,0,1075.217,467.9527,477178,477206,28
104,0,blank,0,1075.881,440.957116666667,477268,477448,180
104,0,blank,0,1070.30075,449.8839,477448,477571,123
104,28,"%d",135,203.885666666667,49.4438666666667,477663,477844,181
104,28,"%d",135,201.14695,54.531325,477844,477968,124
105,0,blank,0,157.91775,107.243933333333,478851,479029,178
105,0,blank,0,161.096216666667,107.912233333333,479029,479207,178
105,18,head,95,128.2802,96.1445166666667,479207,479384,177
105,18,(,93,111.773266666667,96.4499666666667,479384,479563,179
105,18,head,95,136.891116666667,92.3697666666667,479563,479743,180
105,17,(,88,115.93065,65.4117833333333,479743,479924,181
105,16,"\nDisplayingthealternatenodes\n",84,121.96815,55.671,479924,480102,178
105,16,"\nDisplayingthealternatenodes\n",84,114.001816666667,52.8963166666667,480102,480280,178
105,0,blank,0,104.97104,81.16562,480280,480454,174
105,17,(,88,120.824733333333,77.7837333333333,480454,480640,186
105,18,head,95,160.05845,82.41365,480640,480823,183
105,0,blank,0,165.543033333333,78.0876333333333,480823,481006,183
105,17,),90,170.891216666667,71.7475333333334,481006,481188,182
105,18,head,95,155.8902,83.4047,481188,481219,31
105,24,while,116,73.6949166666667,211.290416666667,481249,481435,186
105,21,display,103,74.78965,157.8746,481435,481621,186
105,21,display,103,112.761783333333,147.972416666667,481621,481808,187
105,21,struct,105,192.107916666667,146.091133333333,481808,481993,185
105,0,blank,0,244.177783333333,154.589616666667,481993,482178,185
105,21,head,108,285.828966666667,157.89415,482178,482360,182
105,21,),109,304.7565,158.680933333333,482360,482544,184
105,21,*,107,256.800466666667,165.9083,482544,482727,183
105,17,),90,170.916966666667,62.6913,482760,482939,179
105,18,;,97,176.315333333333,81.3800833333333,482939,483119,180
105,17,),90,166.5883,75.4360666666667,483119,483300,181
105,0,blank,0,173.174016666667,70.1443166666667,483300,483485,185
105,23,flag,112,110.208783333333,191.490416666667,483485,483666,181
105,23,flag,112,117.545266666667,203.22335,483666,483848,182
105,23,0,114,158.061266666667,209.065283333333,483848,484032,184
105,23,;,115,165.698783333333,207.2945,484032,484211,179
105,0,blank,0,201.771783333333,151.701566666667,484211,484390,179
105,21,),109,304.6387,156.661233333333,484390,484570,180
105,21,*,107,257.1259,160.51755,484570,484748,178
105,0,blank,0,207.241566666667,173.82585,484748,484930,182
105,0,blank,0,151.486333333333,190.99065,484930,485113,183
105,24,==,119,159.265016666667,216.3713,485113,485309,196
105,24,==,119,164.13115,221.2344,485309,485499,190
105,24,NULL,120,217.621966666667,230.130983333333,485499,485681,182
105,0,blank,0,230.552883333333,195.781133333333,485681,485858,177
105,21,node,106,231.27995,164.82555,485858,486050,192
105,0,blank,0,274.372133333333,177.9507,486050,486237,187
105,21,head,108,275.3149,161.153,486237,486271,34
105,0,blank,0,187.403416666667,293.1566,486305,486483,178
105,17,),90,170.6152,74.3393333333333,486512,486692,180
105,17,;,91,174.30664,76.11632,486692,486852,160
105,16,"\nDisplayingthealternatenodes\n",84,149.5257,50.31615,486852,487016,164
105,0,blank,0,143.1512,11.8832,487016,487200,184
105,15,head,79,172.893766666667,19.8908666666667,487200,487391,191
105,15,head,79,178.37845,20.6252333333333,487391,487570,179
105,0,blank,0,238.090616666667,11.5941,487570,487756,186
105,0,blank,0,224.796216666667,13.37235,487756,487943,187
105,16,"\nDisplayingthealternatenodes\n",84,208.391683333333,38.5784166666667,487943,488132,189
105,16,"\nDisplayingthealternatenodes\n",84,183.09595,43.3743166666667,488132,488320,188
105,0,blank,0,346.70815,73.7528333333333,488352,488535,183
105,0,blank,0,347.1739,66.26845,488535,488651,116
105,15,head,79,165.276616666667,28.75035,488681,488861,180
105,15,head,79,155.31905,22.6365,488861,489040,179
105,0,blank,0,146.3993,56.4216166666667,489040,489222,182
105,17,head,89,156.937533333333,75.20615,489222,489400,178
105,18,head,95,154.458066666667,80.3080166666667,489400,489589,189
105,18,head,95,150.603233333333,84.6640333333333,489589,489767,178
105,18,head,95,155.588066666667,92.1681833333333,489767,489947,180
105,18,head,95,161.405,95.97455,489947,490125,178
105,21,struct,105,192.609233333333,162.214566666667,490125,490309,184
105,0,blank,0,181.45475,122.020866666667,490309,490492,183
105,18,head,95,153.76475,91.0674666666667,490492,490678,186
105,0,blank,0,198.435233333333,172.773783333333,490678,490860,182
105,0,blank,0,234.967183333333,242.970583333333,490860,491040,180
105,0,blank,0,242.25925,264.698433333333,491040,491221,181
105,0,blank,0,205.103416666667,268.211683333333,491221,491413,192
105,24,),121,231.606966666667,223.535483333333,491413,491598,185
105,0,blank,0,237.671116666667,225.461116666667,491598,491780,182
105,0,blank,0,201.935283333333,239.983783333333,491780,491961,181
105,24,==,119,165.7213,231.869266666667,491961,492140,179
105,24,==,119,161.8434,229.731983333333,492140,492319,179
105,0,blank,0,151.0259,224.737183333333,492319,492498,179
105,0,blank,0,173.9002,235.78905,492498,492678,180
105,24,NULL,120,189.5162,229.768383333333,492678,492861,183
105,24,NULL,120,195.7703,225.233783333333,492861,493039,178
105,24,NULL,120,220.762083333333,220.363766666667,493039,493218,179
105,0,blank,0,217.8819,249.976233333333,493218,493394,176
105,0,blank,0,199.780733333333,250.485966666667,493394,493571,177
105,0,blank,0,191.87445,264.556433333333,493571,493748,177
105,0,blank,0,145.82105,251.779383333333,493748,493925,177
105,0,blank,0,126.107483333333,207.31525,493925,494107,182
105,0,blank,0,112.221883333333,176.317033333333,494107,494287,180
105,0,blank,0,107.296783333333,183.964483333333,494287,494465,178
105,0,blank,0,145.085466666667,193.264583333333,494465,494640,175
105,0,blank,0,161.802066666667,186.175266666667,494640,494817,177
105,0,blank,0,188.117533333333,260.858816666667,494817,494995,178
105,26,flag,127,183.253816666667,259.7844,494995,495173,178
105,0,blank,0,188.775083333333,250.134116666667,495173,495354,181
105,0,blank,0,191.179583333333,246.685883333333,495354,495535,181
105,0,blank,0,161.211916666667,245.585133333333,495535,495712,177
105,0,blank,0,145.819833333333,245.2552,495712,495804,92
105,0,blank,0,233.263266666667,257.691033333333,495833,496012,179
105,0,blank,0,211.163683333333,260.063116666667,496012,496189,177
105,26,),131,224.5391,256.247983333333,496189,496372,183
105,0,blank,0,210.641766666667,251.284416666667,496372,496556,184
105,0,blank,0,208.66055,252.923016666667,496556,496736,180
105,0,blank,0,245.380583333333,256.502433333333,496736,496918,182
105,26,%,128,199.2387,272.953,496918,497099,181
105,0,blank,0,202.246,297.735133333333,497099,497275,176
105,0,blank,0,262.408833333333,318.6568,497275,497450,175
105,28,head,137,299.3203,309.09235,497450,497628,178
105,0,blank,0,336.175783333333,324.181233333333,497628,497807,179
105,28,a,139,325.3717,308.5293,497807,497983,176
105,28,),140,341.89395,310.0272,497983,498160,177
105,0,blank,0,373.929533333333,325.531366666667,498160,498335,175
105,0,blank,0,365.366716666667,313.647516666667,498335,498511,176
105,0,blank,0,368.8259,316.8855,498511,498568,57
105,0,blank,0,126.0829,197.610483333333,498596,498770,174
105,23,;,115,164.597916666667,209.126316666667,498770,498945,175
105,0,blank,0,147.644766666667,185.787166666667,498945,499122,177
105,0,blank,0,150.481333333333,173.908166666667,499122,499210,88
105,0,blank,0,181.482766666667,334.607383333333,499241,499422,181
105,0,blank,0,170.687566666667,338.598433333333,499422,499604,182
105,31,->,149,211.4967,370.754033333333,499604,499784,180
105,31,next,150,245.72325,374.050366666667,499784,499961,177
105,0,blank,0,273.68485,378.5854,499961,500135,174
105,31,;,151,259.391483333333,376.911,500135,500311,176
105,0,blank,0,263.2565,370.86915,500311,500484,173
105,0,blank,0,270.201242857143,380.452685714286,500484,500683,199
105,31,next,150,245.4283,367.755866666667,500683,500861,178
105,31,next,150,245.744083333333,371.150066666667,500861,501036,175
105,0,blank,0,265.695683333333,379.547966666667,501036,501212,176
105,0,blank,0,271.547433333333,386.2068,501212,501387,175
105,31,next,150,251.16365,375.472683333333,501387,501562,175
105,0,blank,0,270.827633333333,383.035766666667,501562,501738,176
105,31,next,150,245.840833333333,376.315366666667,501738,501911,173
105,31,next,150,241.043566666667,376.086616666667,501911,502091,180
105,31,->,149,213.76035,378.303966666667,502091,502263,172
105,31,next,150,239.700833333333,377.664533333333,502263,502439,176
105,31,next,150,244.4483,382.3635,502439,502613,174
105,0,blank,0,265.51495,381.112866666667,502613,502787,174
105,31,next,150,244.245066666667,375.38235,502787,502963,176
105,31,next,150,239.0923,375.302583333333,502963,503140,177
105,31,next,150,246.414683333333,371.749566666667,503140,503314,174
105,0,blank,0,287.598483333333,384.325683333333,503314,503492,178
105,0,blank,0,280.563416666667,374.33995,503492,503670,178
105,0,blank,0,295.418733333333,365.11605,503670,503845,175
105,0,blank,0,384.705166666667,315.36515,503845,504023,178
105,0,blank,0,370.26245,318.602166666667,504023,504195,172
105,0,blank,0,366.86565,315.923783333333,504195,504369,174
105,0,blank,0,387.73395,325.739066666667,504369,504542,173
105,0,blank,0,377.814516666667,318.000833333333,504542,504719,177
105,0,blank,0,376.81975,307.568016666667,504719,504892,173
105,0,blank,0,361.886783333333,315.0213,504892,505068,176
105,0,blank,0,354.530966666667,308.4586,505068,505243,175
105,0,blank,0,366.448366666667,300.343266666667,505243,505418,175
105,0,blank,0,364.168766666667,305.382766666667,505418,505592,174
105,0,blank,0,374.830516666667,326.68005,505592,505767,175
105,0,blank,0,370.382866666667,326.036983333333,505767,505940,173
105,0,blank,0,363.039983333333,316.357916666667,505940,506115,175
105,0,blank,0,363.044416666667,384.94145,506115,506291,176
105,0,blank,0,338.86235,432.929433333333,506291,506468,177
105,0,blank,0,264.637433333333,374.099016666667,506468,506645,177
105,0,blank,0,199.6176,358.783416666667,506645,506822,177
105,0,blank,0,170.888983333333,358.529266666667,506822,507001,179
105,0,blank,0,155.890433333333,355.679983333333,507001,507180,179
105,31,head,148,190.763333333333,378.714433333333,507180,507348,168
105,31,next,150,221.7735,382.1904,507348,507430,82
105,31,next,150,246.67715,374.9284,507430,507611,181
105,31,;,151,258.894966666667,369.02605,507611,507797,186
105,0,blank,0,299.591866666667,369.275633333333,507797,507976,179
105,0,blank,0,299.230266666667,375.392766666667,507976,508155,179
105,31,;,151,261.348533333333,366.05665,508155,508330,175
105,31,next,150,217.851383333333,366.518133333333,508330,508507,177
105,0,blank,0,199.314983333333,365.857966666667,508507,508685,178
105,0,blank,0,166.7043,360.74985,508685,508859,174
105,0,blank,0,154.967533333333,365.435466666667,508859,509037,178
105,31,=,147,141.9514,372.5175,509037,509066,29
105,0,blank,0,279.920533333333,366.108166666667,509094,509274,180
105,0,blank,0,286.373633333333,386.6785,509274,509455,181
105,0,blank,0,267.27715,367.803,509455,509638,183
105,0,blank,0,270.283175,382.96065,509638,509755,117
105,0,blank,0,-323,-105,509786,509967,181
105,0,blank,0,-323,-105,509967,510153,186
105,0,blank,0,282.9495,384.9303,510181,510200,19
105,0,blank,0,-323,-105,510227,510363,136
105,0,blank,0,288.3085,363.4389,510393,510438,45
105,0,blank,0,260.10855,356.25845,510561,510617,56
105,0,blank,0,262.999416666667,362.758783333333,510647,510834,187
105,0,blank,0,309.63248,381.02636,510864,511045,181
105,0,blank,0,302.814966666667,390.119866666667,511045,511226,181
105,0,blank,0,350.507266666667,435.251433333333,511226,511313,87
105,0,blank,0,267.812283333333,375.077416666667,511345,511531,186
105,0,blank,0,278.060166666667,383.902783333333,511531,511716,185
105,0,blank,0,279.72885,355.105183333333,511716,511892,176
105,0,blank,0,301.181816666667,366.4931,511892,512074,182
105,0,blank,0,264.122283333333,365.553333333333,512074,512255,181
105,0,blank,0,305.3049,400.1831,512255,512285,30
105,0,blank,0,226.8728,349.26125,512319,512446,127
105,0,blank,0,172.865833333333,345.195583333333,512477,512657,180
105,0,blank,0,155.6146,363.379116666667,512657,512830,173
105,0,blank,0,164.3375,351.2527,512830,512859,29
105,0,blank,0,307.048433333333,274.3334,512887,513067,180
105,0,blank,0,389.0878,329.12945,513100,513281,181
105,0,blank,0,425.19885,342.8412,513281,513458,177
105,0,blank,0,398.3205,322.3805,513458,513516,58
105,0,blank,0,216.34895,190.946266666667,513546,513724,178
105,0,blank,0,220.404033333333,190.184516666667,513724,513904,180
105,24,NULL,120,197.481316666667,216.424883333333,513904,514085,181
105,28,head,137,270.478366666667,319.724166666667,514085,514270,185
105,0,blank,0,296.739283333333,252.9421,514270,514455,185
105,0,blank,0,322.930133333333,114.0277,514455,514640,185
105,16,"\nDisplayingthealternatenodes\n",84,308.597666666667,38.8168166666667,514640,514818,178
105,16,"\nDisplayingthealternatenodes\n",84,298.773716666667,43.6537,514818,514998,180
105,0,blank,0,227.3479,60.4172,514998,515180,182
105,0,blank,0,145.16455,1.25463333333334,515211,515394,183
105,0,blank,0,138.553883333333,-31.6713333333333,515394,515578,184
105,0,blank,0,162.2456,-35.17154,515578,515728,150
105,0,blank,0,209.729583333333,296.470333333333,515786,515968,182
105,26,),131,236.7673,273.402133333333,515968,516152,184
105,0,blank,0,195.0973,326.02875,516152,516331,179
105,0,blank,0,157.35745,352.1129,516331,516509,178
105,0,blank,0,159.457483333333,361.66425,516509,516685,176
105,0,blank,0,158.8881,360.7,516685,516864,179
105,0,blank,0,179.39915,393.45585,516864,516926,62
105,26,flag,127,171.667,272.7138,516956,516985,29
105,0,blank,0,224.8453,355.431566666667,517043,517217,174
105,0,blank,0,241.401966666667,322.3195,517217,517394,177
105,31,next,150,215.427633333333,369.9619,517394,517574,180
105,0,blank,0,175.47045,350.556916666667,517574,517751,177
105,0,blank,0,199.724983333333,350.751166666667,517751,517929,178
105,28,"%d",135,187.489766666667,303.3859,517929,518105,176
105,0,blank,0,220.58045,320.223283333333,518105,518279,174
105,28,"%d",135,238.406266666667,304.20715,518279,518461,182
105,0,blank,0,271.5823,293.372733333333,518461,518637,176
105,0,blank,0,331.537883333333,297.923183333333,518637,518815,178
105,0,blank,0,342.868066666667,291.182,518815,518907,92
105,0,blank,0,321.98015,292.09535,518969,519025,56
105,0,blank,0,265.598833333333,291.42335,519124,519309,185
105,0,blank,0,360.6601,313.1158,519309,519340,31
105,28,"%d",135,214.47756,310.43116,519402,519548,146
105,0,blank,0,331.548875,289.17185,519578,519697,119
105,28,"%d",135,215.7872,316.043383333333,519727,519909,182
105,0,blank,0,157.946783333333,321.721833333333,519909,520086,177
105,24,==,119,167.625966666667,226.448866666667,520086,520266,180
105,26,!,125,129.054983333333,271.038083333333,520266,520441,175
105,26,flag,127,162.452083333333,275.7909,520441,520617,176
105,0,blank,0,125.773883333333,244.19625,520617,520797,180
105,24,head,118,137.91035,228.761266666667,520797,520977,180
105,0,blank,0,168.331133333333,237.138016666667,520977,521155,178
105,0,blank,0,183.402416666667,243.649016666667,521155,521332,177
105,0,blank,0,172.97365,342.310083333333,521332,521509,177
105,31,head,148,153.168433333333,375.452366666667,521509,521685,176
105,0,blank,0,144.505116666667,397.610966666667,521685,521863,178
105,0,blank,0,179.09415,286.29355,521894,521957,63
105,0,blank,0,58.9354,413.5442,522045,522077,32
105,0,blank,0,197.19424,291.73144,522148,522318,170
105,0,blank,0,241.995066666667,296.830116666667,522318,522510,192
105,28,"%d",135,212.475816666667,311.4252,522510,522694,184
105,0,blank,0,152.648933333333,291.445316666667,522694,522877,183
105,26,flag,127,178.23015,255.108766666667,522877,523058,181
105,0,blank,0,163.9264,253.3914,523058,523090,32
105,0,blank,0,-323,-105,523149,523308,159
105,28,printf,133,139.9052,319.8022,523335,523370,35
105,0,blank,0,-323,-105,523407,523537,130
105,0,blank,0,211.753883333333,289.27945,523652,523820,168
105,0,blank,0,231.4028,294.071516666667,523820,524008,188
105,28,"%d",135,206.773316666667,313.3692,524008,524188,180
105,30,;,145,149.534233333333,352.574866666667,524188,524372,184
105,0,blank,0,146.334933333333,371.030766666667,524372,524553,181
105,31,head,148,159.34304,382.99534,524553,524704,151
105,0,blank,0,44.60895,158.9737,524735,524795,60
105,0,blank,0,119.68665,232.77545,524826,524888,62
105,26,flag,127,157.1462,259.34235,525077,525270,193
105,0,blank,0,167.267566666667,338.769883333333,525270,525453,183
105,0,blank,0,165.126066666667,347.7676,525453,525635,182
105,0,blank,0,157.4297,350.677766666667,525635,525816,181
105,0,blank,0,165.3395,298.161833333333,525816,525998,182
105,0,blank,0,158.096783333333,233.75115,525998,526179,181
105,28,printf,133,159.7496,318.3336,526179,526208,29
105,34,node,158,225.1545,450.8159,526240,526269,29
105,0,blank,0,182.467075,395.152275,526332,526471,139
105,0,blank,0,132.32045,334.694675,526505,526637,132
105,0,blank,0,121.3321,413.3814,526756,526787,31
105,0,blank,0,-323,-105,526852,527014,162
105,0,blank,0,181.094283333333,181.257633333333,527166,527344,178
105,21,struct,105,161.436616666667,152.965433333333,527344,527533,189
105,21,display,103,86.042325,154.136225,527533,527722,189
105,21,display,103,76.7177,162.8131,527722,527834,112
105,0,blank,0,176.8926,189.87408,527952,528142,190
105,0,blank,0,156.995583333333,183.44035,528142,528322,180
105,0,blank,0,209.116083333333,203.070716666667,528322,528500,178
105,24,NULL,120,185.009216666667,218.02615,528500,528678,178
105,0,blank,0,189.380766666667,249.7972,528678,528853,175
105,0,blank,0,174.84385,299.646416666667,528853,529031,178
105,0,blank,0,176.3196,347.892416666667,529031,529208,177
105,0,blank,0,175.52795,358.899,529208,529383,175
105,0,blank,0,265.922614285714,392.577371428572,529568,529756,188
105,0,blank,0,259.50445,398.653466666667,529756,529933,177
105,0,blank,0,250.210133333333,391.926516666667,529933,530109,176
105,0,blank,0,247.844528571429,293.7511,530520,530709,189
105,26,%,128,203.232416666667,271.957866666667,530709,530886,177
105,28,"%d",135,208.499216666667,311.298433333333,530886,531061,175
105,31,next,150,242.521383333333,372.243883333333,531061,531236,175
105,31,next,150,251.1711,371.108616666667,531236,531410,174
105,0,blank,0,268.7704,373.120966666667,531410,531586,176
105,0,blank,0,270.893133333333,372.9867,531586,531763,177
105,31,->,149,210.117783333333,382.038683333333,531763,531941,178
105,31,next,150,233.841166666667,369.868583333333,531941,532122,181
105,26,flag,127,182.980216666667,274.835983333333,532122,532304,182
105,26,flag,127,167.768833333333,256.280766666667,532304,532484,180
105,26,%,128,197.160216666667,266.331383333333,532484,532663,179
105,26,%,128,192.006266666667,266.262533333333,532663,532839,176
105,0,blank,0,147.077033333333,227.3457,532839,533015,176
105,0,blank,0,137.970666666667,245.8113,533015,533187,172
105,0,blank,0,184.360033333333,235.8752,533187,533360,173
105,0,blank,0,176.483583333333,233.867966666667,533360,533533,173
105,26,),131,227.240183333333,269.2469,533533,533707,174
105,0,blank,0,243.271642857143,262.461971428571,533707,533905,198
105,0,blank,0,265.0973,274.046966666667,533905,533995,90
105,0,blank,0,175.403416666667,242.623416666667,534021,534195,174
105,0,blank,0,170.233833333333,243.182383333333,534195,534364,169
105,23,=,113,138.54865,204.7812,534364,534538,174
105,0,blank,0,176.943883333333,212.052566666667,534538,534712,174
105,24,),121,228.673283333333,219.531866666667,534712,534889,177
105,24,),121,227.538883333333,223.70105,534889,535063,174
105,24,NULL,120,192.375683333333,227.427433333333,535063,535237,174
105,0,blank,0,153.3121,252.436733333333,535237,535412,175
105,26,2,129,217.4092,264.121183333333,535412,535589,177
105,0,blank,0,235.187933333333,282.4061,535589,535769,180
105,26,%,128,197.1875,256.603683333333,535769,535943,174
105,0,blank,0,192.454733333333,329.505416666667,535973,536147,174
105,0,blank,0,212.6217,328.033233333333,536147,536321,174
105,0,blank,0,265.766333333333,332.23665,536321,536494,173
105,0,blank,0,323.206983333333,329.141016666667,536494,536668,174
105,0,blank,0,350.2919,326.8242,536668,536844,176
105,28,head,137,277.83815,304.020716666667,536844,537021,177
105,0,blank,0,253.0863,299.88332,537021,537166,145
105,0,blank,0,389.667475,321.547025,537196,537316,120
105,0,blank,0,361.824083333333,319.919616666667,537375,537551,176
105,0,blank,0,333.634616666667,291.953,537551,537728,177
105,28,head,137,285.04075,307.3985,537728,537900,172
105,28,"%d",135,240.64245,308.120566666667,537900,538073,173
105,0,blank,0,324.932333333333,331.95695,538073,538246,173
105,28,->,138,320.7458,314.0412,538246,538421,175
105,0,blank,0,259.268616666667,302.980416666667,538421,538596,175
105,0,blank,0,229.576716666667,298.02215,538596,538773,177
105,28,printf,133,156.024783333333,313.020516666667,538773,538951,178
105,28,"%d",135,188.980683333333,307.016133333333,538951,539130,179
105,28,comma,136,246.927225,304.204875,539130,539247,117
105,0,blank,0,373.56575,317.133166666667,539278,539457,179
105,0,blank,0,355.090016666667,317.971266666667,539457,539632,175
105,0,blank,0,353.961183333333,318.875166666667,539632,539809,177
105,0,blank,0,370.76955,330.001233333333,539809,539985,176
105,0,blank,0,364.263116666667,323.193,539985,540163,178
105,0,blank,0,350.5551,328.7992,540163,540192,29
105,24,),121,227.800916666667,231.78495,540222,540399,177
105,0,blank,0,222.259033333333,239.1022,540399,540575,176
105,26,%,128,201.311733333333,260.291,540575,540663,88
105,28,"%d",135,184.7275,319.8458,540663,541079,416
105,0,blank,0,186.3417,233.1159,541079,541255,176
105,0,blank,0,389.779457142857,329.508814285714,541279,541476,197
105,0,blank,0,368.12175,320.557083333333,541476,541654,178
105,0,blank,0,343.96,322.580416666667,541654,541833,179
105,28,->,138,320.1648,319.4407,541833,542006,173
105,28,->,138,323.3465,308.21065,542006,542187,181
105,0,blank,0,311.17185,327.905166666667,542187,542365,178
105,0,blank,0,326.716233333333,320.357366666667,542365,542542,177
105,0,blank,0,331.717925,324.907275,542542,542659,117
105,0,blank,0,147.376833333333,212.019183333333,542689,542868,179
105,24,==,119,168.74565,222.7487,542868,543050,182
105,0,blank,0,158.6461,187.6884,543050,543081,31
105,0,blank,0,-323,-105,543141,543269,128
105,0,blank,0,-323,-105,543396,543530,134
105,0,blank,0,174.831942857143,175.411385714286,543629,543827,198
105,23,0,114,155.5724,197.664833333333,543827,544004,177
105,0,blank,0,149.825,198.5607,544004,544033,29
105,0,blank,0,302.156533333333,265.17685,544064,544239,175
105,0,blank,0,246.234816666667,149.309766666667,544268,544444,176
105,21,head,108,292.9675,165.390266666667,544444,544620,176
105,0,blank,0,318.456233333333,166.136366666667,544620,544794,174
105,0,blank,0,262.915233333333,132.527033333333,544794,544971,177
105,21,*,107,255.056616666667,148.015733333333,544971,545149,178
105,21,),109,311.443083333333,163.206866666667,545149,545326,177
105,0,blank,0,366.6832,235.4367,545326,545385,59
105,0,blank,0,306.666483333333,176.31325,545416,545598,182
105,0,blank,0,304.92625,182.873016666667,545598,545775,177
105,0,blank,0,291.854483333333,166.173083333333,545775,545954,179
105,21,head,108,272.412833333333,163.5944,545954,546041,87
105,0,blank,0,318.174466666667,265.259666666667,546071,546248,177
105,0,blank,0,346.216533333333,340.252733333333,546248,546427,179
105,0,blank,0,341.66775,334.4065,546427,546604,177
105,0,blank,0,359.4236,348.18465,546604,546728,124
105,0,blank,0,176.0886,332.328783333333,546758,546935,177
105,0,blank,0,164.813516666667,328.8594,546935,547110,175
105,0,blank,0,152.8537,339.9198,547110,547286,176
105,0,blank,0,272.55485,342.61695,547286,547461,175
105,28,"%d",135,241.0993,306.224566666667,547461,547635,174
105,28,"%d",135,225.83055,303.0603,547635,547813,178
105,28,comma,136,250.610383333333,312.493333333333,547813,547991,178
105,0,blank,0,276.5355,320.7994,547991,548060,69
105,28,printf,133,156.3942,316.72535,548168,548360,192
105,31,next,150,233.1218,368.941533333333,548360,548547,187
105,0,blank,0,290.534083333333,382.5975,548547,548725,178
105,34,),162,331.677816666667,438.62815,548725,548909,184
105,0,blank,0,303.547516666667,398.4175,548909,549090,181
105,0,blank,0,300.517033333333,470.631533333333,549090,549264,174
105,0,blank,0,302.732666666667,473.21555,549264,549447,183
105,0,blank,0,299.80796,500.72236,549447,549637,190
105,38,"Enterlengthoflist:",176,301.7531,530.3682,549637,549665,28
105,0,blank,0,264.878566666667,466.328833333333,549727,549844,117
105,0,blank,0,504.3174,415.3881,549903,549931,28
105,0,blank,0,570.1049,428.9178,549964,549997,33
105,0,blank,0,184.847,352.5702,550117,550212,95
105,0,blank,0,245.931,389.0641,550274,550365,91
105,0,blank,0,521.3282,565.8098,550453,550513,60
105,0,blank,0,227.0267,333.1269,550544,550572,28
105,0,blank,0,209.4681,409.3788,550606,550664,58
105,31,next,150,252.77285,377.4307,550850,550912,62
105,0,blank,0,246.25745,219.726233333333,550941,551131,190
105,24,head,118,117.7054,230.3951,551163,551194,31
105,0,blank,0,152.1638,222.094866666667,551259,551437,178
105,0,blank,0,180.961333333333,227.403983333333,551437,551613,176
105,24,==,119,169.131066666667,219.54125,551613,551791,178
105,0,blank,0,165.50045,210.9734,551791,551850,59
105,31,->,149,202.3088,383.54955,551879,552057,178
105,31,->,149,203.342083333333,379.793466666667,552057,552237,180
105,0,blank,0,248.82435,354.203316666667,552237,552412,175
105,0,blank,0,264.584316666667,353.33535,552412,552589,177
105,0,blank,0,234.386366666667,357.216183333333,552589,552766,177
105,0,blank,0,242.2482,365.378266666667,552766,552942,176
105,31,next,150,244.4689,375.33344,552942,553089,147
105,0,blank,0,-323,-105,553149,553255,106
105,0,blank,0,99.6637,236.7166,553301,553358,57
105,0,blank,0,-323,-105,553447,553627,180
105,0,blank,0,-323,-105,553627,553697,70
105,28,"%d",135,194.294814285714,304.6734,553748,553940,192
105,0,blank,0,177.415914285714,345.668214285714,553940,554139,199
105,0,blank,0,167.042342857143,335.663457142857,554139,554337,198
105,0,blank,0,196.908642857143,395.546614285714,554337,554536,199
105,0,blank,0,221.816471428571,413.148242857143,554536,554735,199
105,0,blank,0,196.2289,357.8875,554735,554907,172
105,0,blank,0,200.255233333333,339.666383333333,554907,555084,177
105,0,blank,0,177.663616666667,365.299283333333,555084,555259,175
105,0,blank,0,157.793833333333,364.833733333333,555259,555434,175
105,0,blank,0,187.494016666667,356.733366666667,555434,555611,177
105,0,blank,0,209.97194,344.24652,555611,555756,145
105,21,struct,105,149.054266666667,164.00585,555785,555961,176
105,21,struct,105,192.927033333333,146.623,555961,556136,175
105,0,blank,0,235.734766666667,142.970933333333,556136,556224,88
105,0,blank,0,455.40055,63.84815,556254,556430,176
105,16,"\nDisplayingthealternatenodes\n",84,417.17955,53.2918,556430,556605,175
105,0,blank,0,327.728766666667,27.5184333333333,556605,556784,179
105,0,blank,0,318.7325,19.3143,556784,556843,59
105,0,blank,0,207.6645,247.8624,556873,557054,181
105,28,"%d",135,219.432333333333,305.8752,557054,557234,180
105,0,blank,0,224.345016666667,336.785266666667,557234,557409,175
105,31,next,150,227.989116666667,370.028933333333,557409,557589,180
105,31,next,150,233.662633333333,367.99015,557589,557768,179
105,31,next,150,219.959016666667,369.255616666667,557768,557947,179
105,31,next,150,215.6947,370.2442,557947,558124,177
105,0,blank,0,197.734983333333,358.47165,558124,558298,174
105,0,blank,0,190.884333333333,359.57585,558298,558473,175
105,31,;,151,259.041666666667,377.435383333333,558473,558650,177
105,31,next,150,247.555583333333,366.74055,558650,558824,174
105,31,;,151,254.5179,376.6882,558824,558997,173
105,0,blank,0,265.7015,378.499683333333,558997,559171,174
105,0,blank,0,241.149616666667,408.185216666667,559171,559349,178
105,0,blank,0,224.993933333333,404.9641,559349,559524,175
105,0,blank,0,247.286433333333,385.33,559524,559697,173
105,0,blank,0,182.439516666667,365.638766666667,559697,559871,174
105,0,blank,0,160.898233333333,358.935866666667,559871,560048,177
105,0,blank,0,153.041933333333,356.296833333333,560048,560221,173
105,0,blank,0,166.62375,363.5393,560221,560396,175
105,31,head,148,185.806733333333,371.3462,560396,560573,177
105,31,next,150,230.7629,379.67035,560573,560749,176
105,0,blank,0,225.26085,345.91185,560749,560921,172
105,0,blank,0,213.223283333333,333.98265,560921,561093,172
105,0,blank,0,206.755816666667,329.063616666667,561093,561267,174
105,0,blank,0,206.2222,364.723183333333,561267,561441,174
105,0,blank,0,200.7058,355.9874,561441,561615,174
105,0,blank,0,186.369233333333,352.786383333333,561615,561790,175
105,0,blank,0,196.500083333333,363.7519,561790,561964,174
105,31,->,149,207.68555,368.145416666667,561964,562142,178
105,0,blank,0,188.530116666667,349.141516666667,562142,562317,175
105,0,blank,0,161.121133333333,347.081,562317,562493,176
105,0,blank,0,163.854433333333,354.441616666667,562493,562671,178
105,0,blank,0,175.773966666667,358.97705,562671,562849,178
105,23,=,113,137.195733333333,198.995433333333,562879,563054,175
105,0,blank,0,125.246,198.140816666667,563054,563230,176
105,0,blank,0,135.253383333333,170.760266666667,563230,563406,176
105,21,(,104,131.520333333333,152.720066666667,563406,563582,176
105,21,display,103,120.63314,152.81274,563582,563727,145
105,0,blank,0,-323,-105,563784,563895,111
105,28,"%d",135,210.7506,311.9672,563921,563947,26
105,0,blank,0,-323,-105,563972,564150,178
105,0,blank,0,-323,-105,564150,564275,125
105,0,blank,0,206.0827,335.535383333333,564302,564487,185
105,0,blank,0,192.268516666667,358.156683333333,564487,564663,176
105,31,head,148,165.681066666667,368.204066666667,564663,564840,177
105,31,head,148,161.360066666667,366.970033333333,564840,565015,175
105,31,head,148,175.56115,374.995683333333,565015,565189,174
105,31,head,148,182.154183333333,366.0801,565189,565362,173
105,31,head,148,187.66225,373.973166666667,565362,565537,175
105,31,->,149,207.701216666667,381.365466666667,565537,565713,176
105,31,->,149,210.642816666667,366.5884,565713,565890,177
105,31,->,149,212.926,375.236616666667,565890,566063,173
105,31,->,149,199.223083333333,378.347666666667,566063,566238,175
105,0,blank,0,190.512433333333,362.589316666667,566238,566412,174
105,31,->,149,207.818083333333,366.640166666667,566412,566590,178
105,0,blank,0,239.39466,351.10458,566590,566738,148
105,0,blank,0,212.976766666667,350.871433333333,566766,566855,89
105,0,blank,0,161.657066666667,129.685333333333,566885,567062,177
105,0,blank,0,141.5348,123.736333333333,567062,567243,181
105,0,blank,0,109.16545,135.152683333333,567243,567422,179
105,21,display,103,75.4302833333333,146.237633333333,567422,567601,179
105,0,blank,0,57.0084333333333,137.652466666667,567601,567779,178
105,0,blank,0,52.14575,130.0736,567779,567837,58
105,0,blank,0,-54.9294833333333,322.826466666667,567896,568073,177
105,0,blank,0,-121.1775,363.517833333333,568073,568249,176
105,0,blank,0,-92.1438,343.2074,568249,568278,29
105,0,blank,0,145.29,372.456166666667,568308,568420,112
105,31,=,147,139.9414,380.293,568420,568534,114
105,0,blank,0,263.92045,365.6226,568614,568779,165
105,31,next,150,252.532733333333,373.801266666667,568779,568963,184
105,0,blank,0,249.141733333333,336.687883333333,568963,569136,173
105,0,blank,0,260.48165,238.6853,569165,569336,171
105,26,),131,237.11425,259.02265,569336,569398,62
105,0,blank,0,1026.55866666667,344.949533333333,569455,569633,178
105,0,blank,0,1052.627,409.2961,569633,569662,29
105,0,blank,0,1075.1658,333.62986,569691,569839,148
105,0,blank,0,-323,-105,569872,570054,182
105,0,blank,0,-323,-105,570054,570246,192
105,26,%,128,196.1188,272.66745,570274,570322,48
105,31,head,148,180.66125,383.046516666667,570352,570530,178
105,0,blank,0,240.370033333333,406.948466666667,570530,570708,178
105,0,blank,0,242.7134,391.859733333333,570708,570797,89
105,0,blank,0,-321.4398,111.5141,570884,570914,30
105,0,blank,0,-323,-105,571217,571351,134
105,0,blank,0,257.0682,342.2416,571377,571410,33
105,31,next,150,247.830183333333,382.461633333333,571471,571642,171
105,0,blank,0,212.657183333333,403.870083333333,571642,571824,182
105,0,blank,0,209.435783333333,387.876266666667,571824,572003,179
105,0,blank,0,222.409666666667,390.08285,572003,572180,177
105,0,blank,0,248.9022,411.2651,572180,572267,87
105,0,blank,0,384.113033333333,435.657416666667,572296,572470,174
105,0,blank,0,368.01345,451.448683333333,572470,572644,174
105,34,head,161,322.4607,446.6247,572644,572702,58
105,0,blank,0,1060.91,-103.9909,572879,572906,27
105,0,blank,0,1087.22833333333,774.41815,572935,573114,179
105,0,blank,0,1086.3844,771.75966,573114,573263,149
105,0,blank,0,-323,-105,573323,573490,167
105,31,next,150,216.5122,378.06382,573665,573838,173
105,0,blank,0,194.50216,344.63518,573838,574002,164
105,0,blank,0,146.962066666667,391.215,574134,574236,102
105,0,blank,0,76.2871,369.9259,574336,574369,33
105,31,head,148,112.150733333333,377.077066666667,574511,574603,92
105,0,blank,0,194.5801,278.0357,574634,574666,32
105,0,blank,0,162.711533333333,409.35985,574696,574888,192
105,0,blank,0,167.755525,357.497275,574888,575014,126
105,0,blank,0,295.44085,665.0953,575199,575313,114
105,0,blank,0,467.63602,494.30696,575380,575542,162
105,0,blank,0,206.4955,649.7718,575613,575672,59
105,31,head,148,97.66532,372.51122,575736,575905,169
105,26,flag,127,181.4843,262.3235,575905,575939,34
105,0,blank,0,85.9615,397.2411,576038,576072,34
105,28,printf,133,167.5248,314.3802,576333,576367,34
105,0,blank,0,57.2914,475.9261,576465,576499,34
105,28,(,134,176.2646,314.818333333333,576567,576735,168
105,39,"%d",181,136.8232,557.7581,576775,576812,37
105,0,blank,0,346.021,701.5786,576877,576903,26
105,0,blank,0,311.9949,727.8892,576933,576962,29
105,30,flag,143,93.1699,356.4803,577023,577091,68
105,38,"Enterlengthoflist:",176,292.3289,526.4648,577359,577389,30
105,34,generate,155,119.5716,439.21865,577421,577610,189
105,0,blank,0,150.443683333333,421.20695,577610,577794,184
105,0,blank,0,139.021416666667,406.05455,577794,577979,185
105,0,blank,0,102.65195,401.9969,577979,578161,182
105,0,blank,0,156.977133333333,411.6847,578161,578345,184
105,0,blank,0,163.696033333333,409.69635,578345,578529,184
105,0,blank,0,160.737916666667,408.720883333333,578529,578709,180
105,0,blank,0,163.751816666667,416.935,578709,578888,179
105,0,blank,0,197.727666666667,424.214666666667,578888,579071,183
105,0,blank,0,193.7792,429.965016666667,579071,579252,181
105,0,blank,0,177.9773,415.719866666667,579252,579436,184
105,0,blank,0,183.2402,416.7308,579436,579628,192
105,0,blank,0,179.452566666667,417.633583333333,579628,579818,190
105,34,struct,157,181.586816666667,437.245433333333,579818,580008,190
105,37,;,173,218.2676,500.8885,580008,580040,32
105,0,blank,0,151.97605,425.648083333333,580072,580263,191
105,0,blank,0,143.772233333333,418.811866666667,580263,580452,189
105,0,blank,0,119.36785,403.196116666667,580452,580640,188
105,0,blank,0,101.938966666667,415.533783333333,580640,580824,184
105,0,blank,0,104.87295,419.800766666667,580824,581005,181
105,0,blank,0,143.287033333333,429.21225,581005,581184,179
105,0,blank,0,159.388916666667,427.919583333333,581184,581364,180
105,0,blank,0,174.586433333333,420.862383333333,581364,581541,177
105,0,blank,0,192.54515,409.1776,581541,581725,184
105,0,blank,0,187.402683333333,407.615283333333,581725,581903,178
105,0,blank,0,174.672266666667,417.390016666667,581903,582083,180
105,0,blank,0,159.06895,423.520366666667,582083,582270,187
105,0,blank,0,166.006416666667,421.29755,582270,582454,184
105,0,blank,0,163.9744,416.2147,582454,582484,30
105,0,blank,0,-323,-105,583322,583448,126
105,0,blank,0,79.9826666666667,416.398033333333,583489,583678,189
105,0,blank,0,137.7574,416.84326,583678,583831,153
105,0,blank,0,-323,-105,583992,584100,108
105,0,blank,0,186.00275,339.233225,584148,584309,161
105,0,blank,0,178.08575,349.7087,584309,584484,175
105,0,blank,0,-323,-105,585312,585433,121
105,38,"Enterlengthoflist:",176,295.2747,530.0206,585477,585632,155
105,0,blank,0,306.69146,508.3331,585632,585809,177
105,0,blank,0,319.99298,518.74762,585809,585992,183
105,38,"Enterlengthoflist:",176,297.881433333333,534.7276,585992,586146,154
105,38,"Enterlengthoflist:",176,292.308633333333,530.8195,586146,586319,173
105,38,"Enterlengthoflist:",176,293.598875,528.008575,586319,586493,174
105,0,blank,0,189.63928,456.17676,586589,586771,182
105,0,blank,0,146.614716666667,424.886283333333,586771,586957,186
105,0,blank,0,127.215583333333,415.561783333333,586957,587145,188
105,0,blank,0,104.703683333333,417.997283333333,587145,587325,180
105,0,blank,0,107.89254,425.98996,587325,587501,176
105,0,blank,0,146.75704,454.40716,587501,587674,173
105,0,blank,0,176.674433333333,421.326816666667,587674,587853,179
105,0,blank,0,175.047916666667,425.605983333333,587853,588032,179
105,0,blank,0,151.769883333333,404.206816666667,588032,588210,178
105,0,blank,0,106.4903,329.67568,588210,588379,169
105,0,blank,0,114.3626,331.442583333333,588379,588555,176
105,0,blank,0,117.532016666667,339.90205,588555,588733,178
105,26,if,123,101.65615,255.38925,588733,588865,132
105,0,blank,0,82.1268,256.2975,588865,588952,87
105,26,flag,127,155.9233,271.53565,588952,589131,179
105,0,blank,0,159.281316666667,276.845916666667,589131,589313,182
105,31,head,148,157.771216666667,374.543066666667,589313,589488,175
105,0,blank,0,145.938983333333,419.839683333333,589488,589663,175
105,0,blank,0,140.057133333333,419.024716666667,589663,589840,177
105,0,blank,0,146.729583333333,424.51265,589840,590015,175
105,0,blank,0,178.425033333333,421.8343,590015,590192,177
105,0,blank,0,181.903616666667,422.812433333333,590192,590372,180
105,0,blank,0,179.906266666667,427.7518,590372,590548,176
105,0,blank,0,125.3276,417.631183333333,590548,590727,179
105,0,blank,0,119.270366666667,421.143483333333,590727,590909,182
105,0,blank,0,125.058683333333,411.733366666667,590909,591090,181
105,0,blank,0,128.034983333333,402.125883333333,591090,591273,183
105,0,blank,0,97.6096,406.011666666667,591273,591458,185
105,0,blank,0,152.716,416.740616666667,591458,591643,185
105,0,blank,0,177.62545,427.509966666667,591643,591826,183
105,0,blank,0,107.929983333333,407.185016666667,591826,592011,185
105,0,blank,0,82.5266666666667,414.4275,592011,592193,182
105,0,blank,0,88.9826,417.045733333333,592193,592375,182
105,0,blank,0,136.55395,399.09495,592375,592555,180
105,0,blank,0,77.988,355.2819,592555,592586,31
105,0,blank,0,96.3800333333333,321.200366666667,592615,592794,179
105,0,blank,0,140.71225,320.587483333333,592794,592976,182
105,26,if,123,86.6947166666667,274.0535,592976,593160,184
105,0,blank,0,72.28505,279.967666666667,593160,593344,184
105,0,blank,0,53.38035,274.073433333333,593344,593524,180
105,0,blank,0,69.3767666666667,275.173833333333,593524,593701,177
105,26,if,123,90.1224,271.332883333333,593701,593878,177
105,0,blank,0,97.3966666666667,292.523633333333,593878,594055,177
105,0,blank,0,113.5202,336.2915,594055,594114,59
105,0,blank,0,110.797433333333,332.374066666667,594175,594265,90
105,31,->,149,206.2798,376.6341,594295,594325,30
105,0,blank,0,92.7797,246.4936,594385,594415,30
105,0,blank,0,-41.5464,298.962,594445,594477,32
105,0,blank,0,111.6052,142.3019,594574,594607,33
105,0,blank,0,-10.2958,193.3797,594640,594669,29
105,0,blank,0,383.7557,476.5889,594935,594965,30
105,0,blank,0,48.25885,178.802275,595059,595184,125
105,23,flag,112,120.387633333333,191.258666666667,595245,595340,95
105,0,blank,0,93.10445,296.248816666667,595371,595550,179
105,0,blank,0,81.4055333333333,267.303,595550,595637,87
105,0,blank,0,114.89395,210.446366666667,595697,595880,183
105,0,blank,0,121.371925,182.9252,595880,596002,122
105,0,blank,0,45.731,143.5671,596063,596099,36
105,0,blank,0,4.0444,354.1035,596160,596256,96
105,0,blank,0,156.481,247.9417,596285,596317,32
105,0,blank,0,16.9958,322.56,596350,596382,32
105,21,display,103,107.6651,153.5928,596413,596545,132
105,0,blank,0,75.2133,202.1124,596773,596805,32
105,0,blank,0,188.561766666667,274.173866666667,596906,597098,192
105,0,blank,0,205.56225,235.62355,597098,597161,63
105,0,blank,0,81.37,140.7996,597228,597290,62
105,0,blank,0,240.4189,253.0717,597454,597522,68
105,0,blank,0,311.4204,506.5934,597583,597617,34
105,0,blank,0,-45.4038,287.3852,597652,597683,31
105,0,blank,0,30.6161,353.4099,597744,597778,34
105,0,blank,0,-9.94740000000002,317.9243,597874,597905,31
105,0,blank,0,81.1482,317.87195,598160,598259,99
105,0,blank,0,28.743,285.1886,598328,598365,37
105,0,blank,0,-41.608525,349.55575,598399,598529,130
105,0,blank,0,19.8697,221.3117,598670,598701,31
105,0,blank,0,-40.15045,289.76235,598731,598794,63
105,0,blank,0,64.0891,273.390566666667,598859,598958,99
105,0,blank,0,138.663825,245.184225,598988,599108,120
105,30,;,145,147.906883333333,344.310966666667,599137,599316,179
105,30,++,144,139.35135,346.949583333333,599316,599497,181
105,0,blank,0,121.021866666667,400.442733333333,599497,599683,186
105,0,blank,0,145.455133333333,418.555,599683,599871,188
105,0,blank,0,159.214883333333,426.57985,599871,600059,188
105,34,struct,157,171.802083333333,434.665133333333,600059,600244,185
105,0,blank,0,160.208633333333,425.16545,600244,600428,184
105,0,blank,0,164.1331,417.5717,600428,600609,181
105,0,blank,0,154.792116666667,425.176866666667,600609,600794,185
105,0,blank,0,116.413183333333,412.836733333333,600794,600979,185
105,0,blank,0,92.1266666666667,408.409133333333,600979,601161,182
105,0,blank,0,93.4768166666667,414.807816666667,601161,601342,181
105,0,blank,0,79.387,423.7,601342,601373,31
105,0,blank,0,-323,-105,601462,601638,176
105,0,blank,0,-323,-105,601638,601820,182
105,0,blank,0,-323,-105,601820,601969,149
105,0,blank,0,-323,-105,601969,602142,173
105,0,blank,0,-323,-105,602142,602234,92
105,0,blank,0,-323,-105,602234,602417,183
105,0,blank,0,-323,-105,602417,602627,210
105,0,blank,0,-323,-105,602627,602664,37
105,0,blank,0,-323,-105,602664,603119,455
105,0,blank,0,-323,-105,603119,603332,213
105,0,blank,0,-323,-105,603332,603524,192
105,0,blank,0,-323,-105,603524,603665,141
105,0,blank,0,-323,-105,603665,603858,193
105,0,blank,0,-323,-105,603858,604003,145
105,0,blank,0,-323,-105,604003,604190,187
105,0,blank,0,-323,-105,604190,604285,95
105,0,blank,0,-323,-105,604285,604430,145
105,0,blank,0,-323,-105,604430,604572,142
105,0,blank,0,-323,-105,604572,604904,332
105,0,blank,0,-323,-105,604904,605081,177
105,0,blank,0,-323,-105,605081,605433,352
105,0,blank,0,-323,-105,605433,605799,366
105,0,blank,0,-323,-105,605799,605986,187
105,0,blank,0,-323,-105,605986,606173,187
105,0,blank,0,-323,-105,606173,606232,59
105,0,blank,0,-323,-105,606232,606390,158
105,0,blank,0,-323,-105,606390,606444,54
105,0,blank,0,-323,-105,606444,606864,420
105,0,blank,0,-323,-105,606864,607352,488
105,0,blank,0,-323,-105,607352,607539,187
105,0,blank,0,-323,-105,607539,607738,199
105,0,blank,0,-323,-105,607738,607765,27
105,0,blank,0,-323,-105,607765,607996,231
105,0,blank,0,-323,-105,607996,608022,26
105,0,blank,0,-323,-105,608022,608632,610
105,0,blank,0,-323,-105,608632,609079,447
105,0,blank,0,-323,-105,609079,609236,157
105,0,blank,0,-323,-105,609236,609382,146
105,0,blank,0,-323,-105,609382,609578,196
105,0,blank,0,-323,-105,609578,609738,160
105,0,blank,0,-323,-105,609738,609891,153
105,0,blank,0,-323,-105,609891,610074,183
105,0,blank,0,-323,-105,610074,610223,149
105,0,blank,0,-323,-105,610223,610360,137
105,0,blank,0,-323,-105,610360,610555,195
105,0,blank,0,-323,-105,610555,610732,177
105,0,blank,0,-323,-105,610732,610869,137
105,0,blank,0,-323,-105,610869,611063,194
105,0,blank,0,-323,-105,611063,611238,175
105,0,blank,0,-323,-105,611238,611423,185
105,0,blank,0,-323,-105,611423,611602,179
105,0,blank,0,-323,-105,611602,611776,174
105,0,blank,0,-323,-105,611776,611964,188
105,0,blank,0,-323,-105,611964,612139,175
105,0,blank,0,-323,-105,612139,612333,194
105,0,blank,0,-323,-105,612333,612524,191
105,0,blank,0,-323,-105,612524,612671,147
105,0,blank,0,-323,-105,612671,612822,151
105,0,blank,0,-323,-105,612822,613144,322
105,0,blank,0,-323,-105,613144,613324,180
105,0,blank,0,-323,-105,613324,613518,194
105,0,blank,0,-323,-105,613518,613694,176
105,0,blank,0,-323,-105,613694,613814,120
105,0,blank,0,-323,-105,613814,614007,193
105,0,blank,0,-323,-105,614007,614184,177
105,0,blank,0,-323,-105,614184,614346,162
105,0,blank,0,-323,-105,614346,614454,108
105,0,blank,0,-323,-105,614454,614632,178
105,0,blank,0,-323,-105,614632,614909,277
105,0,blank,0,-323,-105,614909,615048,139
105,0,blank,0,-323,-105,615048,615247,199
105,0,blank,0,-323,-105,615247,615399,152
105,0,blank,0,-323,-105,615399,615577,178
105,0,blank,0,-323,-105,615577,615750,173
105,0,blank,0,-323,-105,615750,615898,148
105,0,blank,0,-323,-105,615898,616078,180
105,0,blank,0,-323,-105,616078,616257,179
105,0,blank,0,-323,-105,616257,616432,175
105,0,blank,0,-323,-105,616432,616511,79
105,0,blank,0,-323,-105,616511,616862,351
105,0,blank,0,-323,-105,616862,617022,160
105,0,blank,0,-323,-105,617022,617132,110
105,0,blank,0,-323,-105,617132,617433,301
105,0,blank,0,-323,-105,617433,617610,177
105,0,blank,0,-323,-105,617610,617794,184
105,0,blank,0,-323,-105,617794,617971,177
105,0,blank,0,-323,-105,617971,618067,96
105,0,blank,0,-323,-105,618067,618291,224
105,0,blank,0,-323,-105,618291,618608,317
105,0,blank,0,-323,-105,618608,618864,256
105,0,blank,0,-323,-105,618864,619039,175
105,0,blank,0,-323,-105,619039,619217,178
105,0,blank,0,-323,-105,619217,619271,54
105,0,blank,0,-323,-105,619271,619465,194
105,0,blank,0,-323,-105,619465,619654,189
105,0,blank,0,-323,-105,619654,619847,193
105,0,blank,0,-323,-105,619847,619986,139
105,0,blank,0,-323,-105,619986,620171,185
105,0,blank,0,-323,-105,620171,620350,179
105,0,blank,0,-323,-105,620350,620527,177
105,0,blank,0,-323,-105,620527,620719,192
105,0,blank,0,-323,-105,620719,620880,161
105,0,blank,0,-323,-105,620880,621358,478
105,0,blank,0,-323,-105,621358,621831,473
105,0,blank,0,-323,-105,621831,622016,185
105,0,blank,0,-323,-105,622016,622142,126
105,0,blank,0,-323,-105,622142,622269,127
105,0,blank,0,-323,-105,622269,622379,110
105,0,blank,0,-323,-105,622379,622569,190
105,0,blank,0,-323,-105,622569,622697,128
105,0,blank,0,-323,-105,622697,622862,165
105,0,blank,0,-323,-105,622862,622950,88
105,0,blank,0,-323,-105,622950,623129,179
105,0,blank,0,-323,-105,623129,623359,230
105,0,blank,0,-323,-105,623359,623535,176
105,0,blank,0,-323,-105,623535,623720,185
105,0,blank,0,-323,-105,623720,623793,73
105,0,blank,0,-323,-105,623793,623968,175
105,0,blank,0,-323,-105,623968,624109,141
105,0,blank,0,-323,-105,624109,624278,169
105,0,blank,0,-323,-105,624278,624729,451
105,0,blank,0,-323,-105,624729,625091,362
105,0,blank,0,-323,-105,625091,625276,185
105,0,blank,0,-323,-105,625276,625457,181
105,0,blank,0,-323,-105,625457,625524,67
105,0,blank,0,-323,-105,625524,625686,162
105,0,blank,0,-323,-105,625686,626040,354
105,0,blank,0,-323,-105,626040,626212,172
105,0,blank,0,-323,-105,626212,626390,178
105,0,blank,0,-323,-105,626390,626570,180
105,0,blank,0,-323,-105,626570,626751,181
105,0,blank,0,-323,-105,626751,626926,175
105,0,blank,0,-323,-105,626926,627099,173
105,0,blank,0,-323,-105,627099,627136,37
105,0,blank,0,-323,-105,627136,627302,166
105,0,blank,0,-323,-105,627302,627585,283
105,0,blank,0,-323,-105,627585,628015,430
105,0,blank,0,-323,-105,628015,628384,369
105,0,blank,0,-323,-105,628384,628566,182
105,0,blank,0,-323,-105,628566,628658,92
105,0,blank,0,-323,-105,628658,628774,116
105,0,blank,0,-323,-105,628774,628911,137
105,0,blank,0,-323,-105,628911,629079,168
105,0,blank,0,-323,-105,629079,629203,124
105,0,blank,0,-323,-105,629203,629299,96
105,0,blank,0,-323,-105,629299,629403,104
105,0,blank,0,-323,-105,629403,629598,195
105,0,blank,0,-323,-105,629598,629851,253
105,0,blank,0,-323,-105,629851,630020,169
105,0,blank,0,-323,-105,630020,630201,181
105,0,blank,0,-323,-105,630201,630226,25
105,0,blank,0,-323,-105,630226,630431,205
105,0,blank,0,-323,-105,630431,630476,45
105,0,blank,0,-323,-105,630476,630638,162
105,0,blank,0,-323,-105,630638,630833,195
105,0,blank,0,-323,-105,630833,630996,163
105,0,blank,0,-323,-105,630996,631170,174
105,0,blank,0,-323,-105,631170,631198,28
105,0,blank,0,-323,-105,631198,631446,248
105,0,blank,0,-323,-105,631446,631698,252
105,0,blank,0,-323,-105,631698,632038,340
105,0,blank,0,-323,-105,632038,632229,191
105,0,blank,0,-323,-105,632229,632456,227
105,0,blank,0,-323,-105,632456,632481,25
105,0,blank,0,-323,-105,632481,632981,500
105,0,blank,0,-323,-105,632981,633437,456
105,0,blank,0,-323,-105,633437,633708,271
105,0,blank,0,-323,-105,633708,633883,175
105,0,blank,0,-323,-105,633883,634030,147
105,0,blank,0,-323,-105,634030,634164,134
105,0,blank,0,-323,-105,634164,634389,225
105,0,blank,0,-323,-105,634389,634554,165
105,0,blank,0,-323,-105,634554,634729,175
105,0,blank,0,-323,-105,634729,634859,130
105,0,blank,0,-323,-105,634859,634951,92
105,0,blank,0,-323,-105,634951,635092,141
105,0,blank,0,-323,-105,635092,635257,165
105,0,blank,0,-323,-105,635257,635786,529
105,0,blank,0,-323,-105,635786,636024,238
105,0,blank,0,-323,-105,636024,636210,186
105,0,blank,0,-323,-105,636210,636559,349
105,0,blank,0,-323,-105,636559,636584,25
105,0,blank,0,-323,-105,636584,637130,546
105,0,blank,0,-323,-105,637130,637671,541
105,0,blank,0,-323,-105,637671,637708,37
105,0,blank,0,181.2916,592.0209,637835,637883,48
105,0,blank,0,-323,-105,637926,638117,191
105,0,blank,0,-323,-105,638117,638154,37
105,0,blank,0,200.95855,583.13945,638460,638589,129
105,0,blank,0,231.819466666667,621.405333333333,638629,638753,124
105,44,head,226,160.3999,668.283725,638839,639014,175
105,0,blank,0,155.51906,634.02692,639014,639194,180
106,0,blank,0,0,0,0,0,0
106,0,blank,0,0,0,0,0,0
107,0,blank,0,143.319366666667,433.630683333333,639348,639525,177
107,0,blank,0,141.53115,432.287366666667,639525,639713,188
107,0,blank,0,175.917183333333,446.6662,639713,639901,188
107,0,blank,0,190.80855,453.780083333333,639901,640087,186
107,0,blank,0,172.4673,440.933716666667,640087,640271,184
107,0,blank,0,163.0269,432.193316666667,640271,640461,190
107,0,blank,0,162.158833333333,439.319283333333,640461,640642,181
107,0,blank,0,155.5603,445.3573,640642,640673,31
107,0,blank,0,845.8065,659.234225,640764,640888,124
107,0,blank,0,1053.2425,633.387883333333,640918,641101,183
107,0,blank,0,1047.811,655.672333333333,641101,641192,91
107,0,blank,0,575.568025,493.26325,641251,641373,122
107,0,blank,0,1039.03083333333,566.091316666667,641434,641627,193
107,0,blank,0,1081.7815,601.582666666667,641627,641817,190
107,0,blank,0,1079.00383333333,599.86755,641817,642003,186
107,0,blank,0,1078.742,579.292216666667,642003,642186,183
107,0,blank,0,1078.68816666667,597.014616666667,642186,642369,183
107,0,blank,0,1072.3455,628.98755,642369,642429,60
107,0,blank,0,357.3485,375.426766666667,642524,642709,185
107,0,blank,0,347.763133333333,373.118883333333,642709,642893,184
108,0,blank,0,148.481516666667,210.3564,644225,644406,181
108,34,struct,157,146.5466,201.35835,644406,644465,59
108,0,blank,0,-323,-105,644525,644682,157
108,0,blank,0,-323,-105,644682,644773,91
108,37,node,170,122.57275,257.1113,644806,644977,171
108,37,node,170,126.62895,256.96935,644977,645037,60
108,0,blank,0,-323,-105,645068,645254,186
108,0,blank,0,-323,-105,645254,645313,59
108,0,blank,0,175.597857142857,427.079214285714,645347,645541,194
108,47,),239,189.0191,489.9478,645541,645571,30
108,0,blank,0,-321.9996,538.912,645690,645720,30
108,0,blank,0,1078.71866666667,527.474483333333,645749,645927,178
108,0,blank,0,156.60825,532.4867,646135,646196,61
108,0,blank,0,154.060866666667,554.551833333333,646261,646357,96
108,51,=,251,238.90245,578.2173,646389,646576,187
108,0,blank,0,202.98065,582.3004,646576,646756,180
108,0,blank,0,200.57215,582.007183333333,646756,646940,184
108,52,temp,258,203.47715,588.370983333333,646940,647124,184
108,51,next,250,191.577516666667,575.871533333333,647124,647313,189
108,52,temp,258,206.070933333333,594.034366666667,647313,647405,92
108,36,comma,166,115.982883333333,248.971333333333,647434,647618,184
108,36,comma,166,118.270466666667,245.356966666667,647618,647705,87
108,0,blank,0,194.853883333333,486.439883333333,647736,647921,185
108,47,->,240,197.667483333333,483.77535,647921,648099,178
108,47,next,241,217.564483333333,484.490966666667,648099,648279,180
108,47,=,242,267.903833333333,476.933016666667,648279,648459,180
108,0,blank,0,266.905216666667,496.767866666667,648459,648636,177
108,0,blank,0,225.435733333333,560.603633333333,648636,648813,177
108,52,temp,258,222.427666666667,594.767983333333,648813,648992,179
108,52,;,259,244.498366666667,601.8823,648992,649175,183
108,0,blank,0,271.7698,596.03194,649175,649323,148
108,44,head,226,157.775283333333,412.8692,649356,649534,178
108,0,blank,0,180.217333333333,409.72035,649534,649716,182
108,44,==,227,200.906716666667,426.752066666667,649716,649897,181
108,0,blank,0,276.4237,449.4783,649897,650014,117
108,46,;,235,247.21855,456.7999,650014,650210,196
108,0,blank,0,253.834966666667,494.732966666667,650210,650400,190
108,47,->,240,199.665666666667,480.00145,650400,650584,184
108,0,blank,0,259.536416666667,478.3114,650584,650774,190
108,0,blank,0,279.779433333333,471.360133333333,650774,650968,194
108,0,blank,0,259.302016666667,485.0285,650968,651156,188
108,0,blank,0,249.06415,502.503225,651156,651279,123
108,0,blank,0,179.118566666667,599.727166666667,651459,651634,175
108,52,head,256,166.790533333333,600.535166666667,651634,651815,181
108,0,blank,0,206.793316666667,604.895016666667,651815,651993,178
108,0,blank,0,195.273916666667,592.91825,651993,652172,179
108,0,blank,0,189.52,605.419583333333,652172,652350,178
108,0,blank,0,177.291,598.65525,652350,652532,182
108,52,head,256,145.87595,599.731383333333,652532,652711,179
108,0,blank,0,215.19985,608.8438,652711,652889,178
108,52,=,257,190.326883333333,600.28925,652889,653067,178
108,0,blank,0,150.869516666667,604.57095,653067,653245,178
108,51,temp,248,148.9676,578.207183333333,653245,653422,177
108,52,head,256,142.324366666667,584.799216666667,653422,653600,178
108,52,head,256,160.412883333333,584.496366666667,653600,653780,180
108,0,blank,0,174.710616666667,581.46695,653780,653957,177
108,0,blank,0,95.0084166666667,489.552016666667,653986,654166,180
108,0,blank,0,94.8177,494.6128,654166,654196,30
108,37,struct,169,65.3375166666667,255.513466666667,654226,654405,179
108,36,comma,166,116.578633333333,245.678683333333,654405,654584,179
108,0,blank,0,173.92515,233.34885,654584,654765,181
108,0,blank,0,219.9079,244.886483333333,654765,654940,175
108,0,blank,0,208.636716666667,232.523316666667,654940,655118,178
108,0,blank,0,224.047583333333,249.753733333333,655118,655298,180
108,0,blank,0,254.984933333333,252.82075,655298,655474,176
108,0,blank,0,236.092666666667,252.438383333333,655474,655651,177
108,0,blank,0,251.164933333333,234.985966666667,655651,655831,180
108,0,blank,0,242.230216666667,261.773466666667,655831,656009,178
108,40,num,191,147.218733333333,326.204733333333,656713,656889,176
108,40,num,191,151.94445,328.544666666667,656889,657063,174
108,42,=,202,137.163833333333,363.033966666667,657063,657239,176
108,0,blank,0,148.743333333333,366.9547,657239,657415,176
108,0,blank,0,159.514933333333,357.204566666667,657415,657593,178
108,42,temp,201,122.937816666667,371.5181,657593,657771,178
108,0,blank,0,111.793316666667,359.528166666667,657771,657949,178
108,0,blank,0,119.692516666667,359.37195,657949,658125,176
108,0,blank,0,111.243233333333,344.167433333333,658125,658303,178
108,0,blank,0,116.282383333333,384.708833333333,658303,658479,176
108,44,head,226,154.242116666667,412.779866666667,658479,658658,179
108,44,==,227,199.687733333333,424.825233333333,658658,658836,178
108,44,NULL,228,242.207633333333,416.34485,658836,659015,179
108,44,NULL,228,228.4188,415.617175,659015,659131,116
108,0,blank,0,458.622683333333,420.9395,659163,659337,174
108,0,blank,0,459.5361,416.9456,659337,659366,29
108,0,blank,0,147.856033333333,444.506416666667,659425,659601,176
108,0,blank,0,167.9501,445.6284,659601,659749,148
108,0,blank,0,124.263475,399.2294,659826,659985,159
108,46,temp,234,221.8019,467.46,660107,660150,43
108,0,blank,0,205.65226,433.79116,660265,660454,189
108,0,blank,0,186.037566666667,446.618316666667,660454,660630,176
108,0,blank,0,178.707433333333,425.617533333333,660630,660803,173
108,44,==,227,188.87194,420.68856,660803,660953,150
108,0,blank,0,461.5333,393.702933333333,660983,661165,182
108,0,blank,0,429.77565,357.94705,661165,661283,118
108,0,blank,0,369.786266666667,254.288116666667,661311,661491,180
108,0,blank,0,316.8263,214.2973,661491,661518,27
108,0,blank,0,154.007316666667,428.75815,661547,661726,179
108,43,;,222,195.4812,388.330033333333,661726,661905,179
108,0,blank,0,233.74255,390.489933333333,661905,662088,183
108,0,blank,0,228.073333333333,388.05725,662088,662275,187
108,0,blank,0,174.680466666667,221.519166666667,662275,662458,183
108,0,blank,0,205.1629,212.090483333333,662458,662632,174
108,0,blank,0,259.291033333333,203.3203,662632,662810,178
108,34,*,160,273.77978,196.84478,662810,662960,150
108,0,blank,0,191.2113,432.266833333333,662990,663166,176
108,46,=,233,189.2863,463.9188,663166,663195,29
108,0,blank,0,208.0469,433.4973,663225,663402,177
108,0,blank,0,195.803883333333,458.627016666667,663402,663578,176
108,46,=,233,190.868083333333,459.334816666667,663578,663761,183
108,44,NULL,228,229.972266666667,421.189916666667,663761,663957,196
108,0,blank,0,247.464025,394.359025,663957,664090,133
108,34,head,161,298.357966666667,193.917266666667,664121,664302,181
108,34,*,160,275.03775,197.692016666667,664302,664481,179
108,0,blank,0,259.444066666667,188.18925,664481,664665,184
108,34,head,161,308.155533333333,202.128616666667,664665,664849,184
108,0,blank,0,348.973016666667,218.468866666667,664849,665030,181
108,0,blank,0,375.78535,243.30505,665030,665094,64
108,0,blank,0,333.4931,200.019433333333,665124,665217,93
108,47,NULL,243,283.6101,482.07238,665246,665398,152
108,0,blank,0,1040.948,465.88824,665459,665639,180
108,0,blank,0,1063.97566666667,495.943016666667,665639,665831,192
108,0,blank,0,1051,483.3834,665831,665863,32
108,0,blank,0,1050.01916666667,492.588233333333,665926,666110,184
108,0,blank,0,1052.993,501.826166666667,666110,666293,183
108,0,blank,0,1057.069,394.536925,666293,666413,120
108,0,blank,0,1069.78166666667,424.513533333333,666444,666540,96
108,0,blank,0,1061.28875,501.32585,666540,666733,193
108,0,blank,0,1071.5144,496.78592,666733,666883,150
108,0,blank,0,716.903,339.184,667324,667349,25
108,0,blank,0,206.17514,94.9923,667371,667553,182
108,0,blank,0,193.76624,115.10286,667553,667713,160
109,0,blank,0,222.1217,259.757883333333,668469,668646,177
109,0,blank,0,258.814916666667,265.9303,668646,668824,178
109,0,blank,0,275.320833333333,277.309783333333,668824,669003,179
109,0,blank,0,308.0449,273.56395,669003,669175,172
109,15,head,79,181.245183333333,269.775183333333,669175,669350,175
109,15,head,79,158.118266666667,275.00625,669350,669526,176
109,15,head,79,171.084466666667,279.445583333333,669526,669702,176
109,15,&,78,138.498,280.85765,669702,669758,56
109,0,blank,0,-323,-105,669787,669916,129
109,0,blank,0,-323,-105,669969,670151,182
109,0,blank,0,210.2369,267.1861,670188,670238,50
109,14,head,72,206.3649,246.7798,670295,670321,26
109,0,blank,0,1092.66,286.533,670507,670584,77
109,0,blank,0,1066.851,261.2126,670584,670780,196
109,0,blank,0,1065.2415,284.487333333333,670780,670956,176
109,0,blank,0,1067.18066666667,273.185333333333,670956,671133,177
109,0,blank,0,1062.31633333333,269.9866,671133,671316,183
109,0,blank,0,1059.6695,288.82395,671316,671378,62
109,9,struct,41,191.086133333333,154.183233333333,671466,671645,179
109,11,struct,58,156.209466666667,184.87545,671645,671824,179
109,7,struct,31,103.0933,104.4359,671824,672003,179
109,0,blank,0,112.599333333333,85.06065,672003,672183,180
109,0,blank,0,144.732175,68.49845,672183,672302,119
109,0,blank,0,261.24645,130.99655,672331,672512,181
109,0,blank,0,291.30165,174.480733333333,672512,672691,179
109,0,blank,0,264.769416666667,155.9498,672691,672870,179
109,9,node,42,219.705616666667,145.737316666667,672870,673048,178
109,9,generate,39,119.386116666667,136.24865,673048,673226,178
109,9,generate,39,60.5460166666667,135.385216666667,673226,673403,177
109,9,generate,39,111.01075,142.649166666667,673403,673581,178
109,9,node,42,214.426983333333,152.900816666667,673581,673758,177
109,0,blank,0,288.844383333333,157.654616666667,673758,673937,179
109,10,),53,270.954066666667,161.964516666667,673937,674115,178
109,0,blank,0,282.938266666667,157.0566,674115,674314,199
109,11,node,59,224.735683333333,189.713283333333,674314,674490,176
109,11,node,59,233.751466666667,195.837333333333,674490,674666,176
109,10,(,49,127.556633333333,165.4676,674666,674843,177
109,0,blank,0,108.651933333333,177.319266666667,674843,675020,177
109,10,display,48,107.16885,172.190916666667,675020,675197,177
109,11,struct,58,131.935066666667,188.161183333333,675197,675377,180
109,0,blank,0,142.476,241.620816666667,675377,675554,177
109,16,"\nDisplayingthealternatenodes\n",84,151.720783333333,294.446466666667,675554,675734,180
109,0,blank,0,173.06725,313.02735,675734,675914,180
109,16,"\nDisplayingthealternatenodes\n",84,169.595766666667,308.11035,675914,676106,192
109,16,"\nDisplayingthealternatenodes\n",84,168.1533,299.135966666667,676106,676291,185
109,16,"\nDisplayingthealternatenodes\n",84,159.3198,306.514383333333,676291,676475,184
109,16,printf,82,93.7196833333333,296.16055,676475,676657,182
109,16,printf,82,97.0509166666667,300.585983333333,676657,676835,178
109,16,"\nDisplayingthealternatenodes\n",84,150.642533333333,296.725116666667,676835,677011,176
109,16,"\nDisplayingthealternatenodes\n",84,150.21435,299.23575,677011,677188,177
109,16,"\nDisplayingthealternatenodes\n",84,138.3397,299.633666666667,677188,677365,177
109,16,"\nDisplayingthealternatenodes\n",84,194.098016666667,295.13535,677365,677541,176
109,16,"\nDisplayingthealternatenodes\n",84,189.0729,293.734833333333,677541,677717,176
109,16,"\nDisplayingthealternatenodes\n",84,189.66684,303.97176,677717,677863,146
109,0,blank,0,-321.649866666667,222.261783333333,677980,678157,177
109,0,blank,0,-321.9058,310.6414,678157,678187,30
109,0,blank,0,-323,-105,678216,678397,181
109,0,blank,0,200.9424,242.227,678422,678448,26
109,0,blank,0,208.192771428571,218.362257142857,678506,678701,195
109,15,),80,191.866866666667,269.3071,678701,678878,177
109,15,),80,186.637816666667,276.26785,678878,679054,176
109,16,"\nDisplayingthealternatenodes\n",84,182.853616666667,298.175083333333,679054,679229,175
109,16,"\nDisplayingthealternatenodes\n",84,212.849983333333,298.203133333333,679229,679404,175
109,16,"\nDisplayingthealternatenodes\n",84,212.2799,293.1121,679404,679464,60
109,0,blank,0,357.95985,344.149933333333,679493,679667,174
109,0,blank,0,454.445466666667,350.188466666667,679667,679840,173
109,0,blank,0,453.3073,357.8464,679840,679869,29
109,17,head,89,159.996816666667,324.1238,679897,680069,172
109,0,blank,0,204.763633333333,284.421266666667,680069,680246,177
109,0,blank,0,194.514316666667,320.927733333333,680246,680422,176
109,0,blank,0,192.5973,336.45445,680422,680595,173
109,0,blank,0,197.965433333333,342.076083333333,680595,680771,176
109,17,head,89,156.707683333333,323.63615,680771,680951,180
109,18,&,94,117.652383333333,335.503816666667,680951,681138,187
109,18,head,95,139.479966666667,343.228666666667,681198,681288,90
109,0,blank,0,197.5939,350.8846,681352,681382,30
109,0,blank,0,210.8561,360.4734,681382,681558,176
109,0,blank,0,236.9576,368.74245,681558,681618,60
109,0,blank,0,126.059033333333,376.03315,681744,681925,181
109,0,blank,0,111.742133333333,356.04495,681925,682110,185
109,19,return,98,72.5903,370.57955,682110,682171,61
109,16,(,83,112.6745,302.5388,682201,682298,97
109,0,blank,0,-132.6767,426.4017,682392,682456,64
109,0,blank,0,-323,-105,682812,682980,168
109,0,blank,0,-323,-105,682980,683154,174
109,0,blank,0,1081.0575,330.5854,683324,683387,63
109,0,blank,0,1084.816,351.836,683723,683916,193
109,0,blank,0,1088.1,366.8491,683916,683948,32
109,0,blank,0,177.8719,495.8305,684040,684225,185
109,24,NULL,120,194.055316666667,481.457383333333,684225,684410,185
109,0,blank,0,159.587366666667,424.82195,684410,684590,180
110,23,=,113,142.414183333333,285.790666666667,685247,685425,178
110,24,==,119,159.31765,314.450366666667,685425,685606,181
110,24,NULL,120,196.092866666667,317.073833333333,685606,685695,89
110,0,blank,0,234.6936,301.465,685695,685906,211
110,24,NULL,120,192.0015,305.353771428571,685906,686095,189
110,0,blank,0,147.357366666667,305.4757,686095,686270,175
110,24,head,118,115.65028,306.89372,686270,686420,150
110,24,NULL,120,193.143816666667,320.6008,686449,686625,176
110,24,NULL,120,195.4212,321.07465,686625,686743,118
110,21,struct,105,163.690983333333,245.522766666667,686773,686954,181
110,0,blank,0,179.942566666667,204.736,686954,687136,182
110,0,blank,0,185.198216666667,152.08265,687136,687316,180
110,15,),80,189.197916666667,108.034,687316,687492,176
110,0,blank,0,300.527366666667,107.32745,687492,687669,177
110,14,NULL,74,248.440016666667,98.71235,687669,687844,175
110,16,"\nDisplayingthealternatenodes\n",84,220.3612,127.388216666667,687844,688020,176
110,0,blank,0,146.158216666667,272.016166666667,688050,688227,177
110,0,blank,0,128.707966666667,285.980316666667,688227,688405,178
110,24,head,118,107.243516666667,307.854433333333,688405,688581,176
110,24,(,117,97.6338333333333,312.345416666667,688581,688758,177
110,0,blank,0,158.993633333333,342.775766666667,688758,688933,175
110,0,blank,0,152.961716666667,327.422216666667,688933,689108,175
110,0,blank,0,188.70785,323.44985,689108,689283,175
110,0,blank,0,244.646283333333,327.953166666667,689283,689460,177
110,0,blank,0,190.395366666667,292.278266666667,689460,689547,87
110,0,blank,0,276.058033333333,175.6238,689575,689750,175
110,16,"\nDisplayingthealternatenodes\n",84,228.920816666667,126.6807,689750,689925,175
110,0,blank,0,226.588566666667,106.6177,689925,690100,175
110,0,blank,0,224.045083333333,105.228783333333,690100,690276,176
110,0,blank,0,206.930316666667,107.048116666667,690276,690456,180
110,0,blank,0,219.599933333333,119.4702,690456,690630,174
110,0,blank,0,218.331525,103.8047,690630,690770,140
110,0,blank,0,217.8298,107.84465,690770,690934,164
110,0,blank,0,217.6736,109.1979,690934,691045,111
110,0,blank,0,182.8289,267.266633333333,691108,691285,177
110,24,NULL,120,186.268416666667,306.688333333333,691285,691458,173
110,24,==,119,161.959983333333,313.986566666667,691458,691631,173
110,23,;,115,169.5549,298.732933333333,691631,691718,87
110,0,blank,0,296.375416666667,258.755383333333,691747,691921,174
110,0,blank,0,297.641783333333,263.45255,691921,692092,171
110,21,head,108,300.564785714286,248.989442857143,692092,692291,199
110,0,blank,0,327.572833333333,259.0807,692291,692465,174
110,0,blank,0,313.46865,265.7432,692465,692637,172
110,0,blank,0,310.267616666667,267.440716666667,692637,692810,173
110,0,blank,0,293.231416666667,259.103133333333,692810,692983,173
110,21,head,108,274.454566666667,253.80525,692983,693155,172
110,21,head,108,282.0799,250.9724,693155,693183,28
110,23,0,114,155.003583333333,285.75765,693211,693382,171
110,0,blank,0,137.421016666667,279.078466666667,693382,693555,173
110,23,0,114,156.297725,287.4501,693555,693669,114
110,0,blank,0,334.595316666667,259.052933333333,693697,693871,174
110,0,blank,0,322.782685714286,269.739828571429,693871,694069,198
110,0,blank,0,312.755728571429,267.875814285714,694069,694268,199
110,0,blank,0,319.216933333333,274.749933333333,694268,694442,174
110,0,blank,0,316.321716666667,256.822783333333,694442,694610,168
110,23,0,114,154.882057142857,296.884328571429,694639,694838,199
110,23,=,113,140.819433333333,286.144933333333,694838,695012,174
110,24,head,118,139.770071428571,304.941542857143,695012,695210,198
110,0,blank,0,148.0209,308.024333333333,695210,695381,171
110,24,==,119,166.34225,316.218833333333,695381,695558,177
110,0,blank,0,248.768883333333,353.746333333333,695558,695733,175
110,26,2,129,223.3116,357.392233333333,695733,695912,179
110,26,2,129,221.944,359.600283333333,695912,696088,176
110,28,"%d",135,228.7033,405.127283333333,696088,696262,174
110,0,blank,0,207.77355,370.613883333333,696262,696437,175
110,24,==,119,157.167266666667,315.182383333333,696437,696615,178
110,24,==,119,166.15456,305.98946,696615,696763,148
110,0,blank,0,259.334983333333,337.024616666667,696792,696969,177
110,16,"\nDisplayingthealternatenodes\n",84,268.183516666667,136.471566666667,697001,697176,175
110,0,blank,0,252.012566666667,119.269033333333,697176,697356,180
110,0,blank,0,232.358166666667,152.946433333333,697356,697444,88
110,0,blank,0,178.503766666667,378.042916666667,697473,697653,180
110,26,flag,127,150.3778,355.06385,697653,697831,178
110,0,blank,0,108.868533333333,340.93185,697831,698007,176
110,0,blank,0,112.000883333333,340.413133333333,698007,698184,177
110,26,flag,127,148.341716666667,362.67405,698184,698361,177
110,0,blank,0,82.0913333333333,289.51925,698361,698538,177
110,21,display,103,72.154775,248.183025,698538,698660,122
110,0,blank,0,201.23378,243.39112,698689,698836,147
110,0,blank,0,238.30245,69.58755,698866,699046,180
110,0,blank,0,214.922333333333,72.0663,699046,699228,182
110,14,head,72,194.476233333333,93.78505,699228,699407,179
110,0,blank,0,192.79905,113.1625,699407,699589,182
110,15,head,79,183.775816666667,118.361266666667,699589,699770,181
110,17,;,91,175.1192,155.75465,699770,699950,180
110,17,(,88,121.183266666667,152.730283333333,699950,700131,181
110,15,),80,189.024916666667,121.204383333333,700131,700308,177
110,15,),80,189.877083333333,119.691783333333,700308,700484,176
110,14,NULL,74,253.938316666667,101.9988,700484,700661,177
110,0,blank,0,315.1763,123.0584,700661,700693,32
110,0,blank,0,1043.664,419.800516666667,700779,700964,185
110,0,blank,0,1073.13333333333,471.49915,700964,701150,186
110,0,blank,0,1062.09,435.94235,701150,701216,66
110,0,blank,0,200.619633333333,518.680416666667,701280,701460,180
110,0,blank,0,214.396933333333,571.668666666667,701460,701642,182
110,40,i,197,256.250533333333,659.2263,701642,701826,184
110,38,"Enterlengthoflist:",176,241.996383333333,628.67735,701826,702005,179
110,0,blank,0,248.097266666667,661.879933333333,702005,702094,89
110,0,blank,0,261.939166666667,328.4717,702153,702242,89
110,0,blank,0,282.77,230.652283333333,702272,702449,177
110,21,head,108,287.503366666667,249.040133333333,702449,702624,175
110,0,blank,0,310.737216666667,266.113916666667,702624,702799,175
110,0,blank,0,320.130283333333,273.133816666667,702799,702976,177
110,0,blank,0,322.396083333333,266.802966666667,702976,703152,176
110,0,blank,0,327.905475,226.527075,703152,703270,118
111,0,blank,0,219.1309,405.4445,704065,704094,29
111,42,struct,212,489.469416666667,453.65535,704123,704296,173
111,0,blank,0,1029.16983333333,537.677766666667,704356,704534,178
111,0,blank,0,1038.4058,523.57844,704534,704689,155
111,0,blank,0,1006.769,581.4864,704689,704750,61
111,38,"Enterlengthoflist:",176,240.0916,348.119316666667,704837,705013,176
111,0,blank,0,238.175716666667,345.95305,705013,705191,178
111,0,blank,0,192.820366666667,345.838083333333,705191,705368,177
111,44,==,227,199.964133333333,495.728933333333,705396,705575,179
111,0,blank,0,226.003166666667,470.243583333333,705575,705752,177
111,0,blank,0,299.032033333333,473.588783333333,705752,705931,179
111,0,blank,0,262.596983333333,495.946766666667,705931,706111,180
111,0,blank,0,226.405216666667,521.443066666667,706111,706292,181
111,46,=,233,190.995383333333,526.644133333333,706292,706470,178
111,0,blank,0,186.03855,500.174933333333,706470,706651,181
111,0,blank,0,182.31335,491.6274,706651,706712,61
111,0,blank,0,-323,-105,706772,706959,187
111,0,blank,0,-323,-105,706959,707151,192
111,0,blank,0,-323,-105,707151,707205,54
111,0,blank,0,-323,-105,707205,707598,393
111,0,blank,0,171.2257,580.82375,707634,707833,199
111,47,head,238,168.064333333333,557.594016666667,707833,708023,190
111,46,=,233,186.68522,536.79508,708023,708202,179
111,47,->,240,196.4056,556.905866666667,708202,708377,175
111,0,blank,0,202.18195,566.388683333333,708377,708556,179
111,0,blank,0,213.846033333333,570.91735,708556,708734,178
111,0,blank,0,166.877316666667,566.4201,708734,708914,180
111,0,blank,0,154.081133333333,468.9121,708914,709091,177
111,44,head,226,172.629633333333,478.774283333333,709091,709269,178
111,42,(,211,162.360333333333,448.74795,709269,709447,178
111,0,blank,0,137.60885,412.46105,709447,709630,183
111,40,num,191,141.571375,404.14135,709630,709750,120
111,0,blank,0,119.36285,418.00385,709750,709942,192
111,40,i,197,99.359,403.9609,709942,710000,58
111,0,blank,0,84.26295,392.13575,710000,710191,191
111,0,blank,0,31.83,458.164333333333,710345,710439,94
111,0,blank,0,-0.213900000000024,379.7552,710471,710532,61
111,40,num,191,147.366583333333,405.006766666667,710593,710767,174
111,0,blank,0,217.6096,406.93485,710767,710942,175
111,0,blank,0,246.250616666667,408.0639,710942,711127,185
111,0,blank,0,231.9999,416.4793,711127,711278,151
111,0,blank,0,192.847,431.0113,711278,711361,83
111,0,blank,0,196.545066666667,403.008733333333,711361,711551,190
111,40,>,194,204.2604,410.32645,711551,711726,175
111,0,blank,0,124.919516666667,434.708466666667,711726,711902,176
111,0,blank,0,61.1418333333333,440.214133333333,711902,712086,184
111,0,blank,0,71.3034666666667,421.194,712086,712262,176
111,0,blank,0,151.0621,431.77415,712262,712450,188
111,40,num,191,146.530083333333,409.342083333333,712450,712643,193
111,0,blank,0,137.807325,425.095125,712643,712770,127
111,40,for,187,48.5921,404.7466,712770,713295,525
111,0,blank,0,54.45675,438.681983333333,713295,713480,185
111,40,=,190,123.552316666667,402.869983333333,713480,713657,177
111,0,blank,0,159.840533333333,431.043533333333,713657,713831,174
111,0,blank,0,149.930966666667,435.464583333333,713831,714004,173
111,40,num,191,147.629516666667,410.625633333333,714004,714179,175
111,0,blank,0,138.448433333333,426.743016666667,714179,714357,178
111,42,temp,201,107.809933333333,435.6407,714357,714534,177
111,0,blank,0,65.9835666666667,426.388166666667,714534,714712,178
111,0,blank,0,75.1425833333333,446.388633333333,714712,714884,172
111,42,temp,201,119.97055,447.6014,714884,715059,175
111,44,head,226,148.856683333333,481.9469,715059,715233,174
111,44,head,226,137.755383333333,493.19295,715233,715408,175
111,44,(,224,118.64735,493.878016666667,715408,715585,177
111,0,blank,0,119.100916666667,505.9939,715585,715759,174
111,43,->,218,129.843816666667,466.921833333333,715759,715935,176
111,0,blank,0,116.921575,367.967325,715935,716084,149
111,39,"%d",181,113.4722,371.932483333333,716173,716359,186
111,0,blank,0,110.58675,390.297,716359,716534,175
111,40,=,190,117.129733333333,399.6067,716534,716707,173
111,0,blank,0,152.032166666667,432.5224,716707,716791,84
111,38,"Enterlengthoflist:",176,226.3303,357.6638,716911,716945,34
111,40,i,197,258.4836,402.35065,717066,717131,65
111,0,blank,0,-323,-105,717195,717322,127
111,0,blank,0,173.9178,400.8155,717463,717488,25
111,40,for,187,54.6173666666667,405.275683333333,717513,717691,178
111,40,for,187,62.6416833333333,406.09365,717691,717874,183
111,0,blank,0,70.2083,412.096425,717874,718024,150
111,0,blank,0,42.07415,446.63075,718024,718163,139
111,0,blank,0,66.3276,437.7673,718192,718222,30
111,0,blank,0,-323,-105,718253,718432,179
111,0,blank,0,-323,-105,718432,718859,427
111,0,blank,0,-323,-105,718859,718974,115
111,0,blank,0,-323,-105,718974,719092,118
111,0,blank,0,-323,-105,719092,719244,152
111,42,temp,201,116.6212,435.21374,719311,719460,149
111,40,for,187,63.8491,410.85605,719460,719655,195
111,40,for,187,62.3299,398.50914,719655,719825,170
111,43,temp,217,89.93745,476.0705,719825,720017,192
111,0,blank,0,116.893033333333,514.829033333333,720017,720205,188
111,0,blank,0,137.228366666667,507.76875,720205,720392,187
111,0,blank,0,169.91066,565.66316,720392,720572,180
111,46,head,232,164.9924,532.35275,720572,720631,59
111,0,blank,0,94.6584,426.91775,720660,720722,62
111,40,i,197,99.4744,407.6055,720722,721062,340
111,0,blank,0,123.94095,417.092283333333,721062,721237,175
111,0,blank,0,125.387233333333,408.110033333333,721237,721421,184
111,0,blank,0,161.5892,417.13696,721421,721601,180
111,0,blank,0,166.1989,418.528566666667,721601,721774,173
111,0,blank,0,156.532633333333,426.776733333333,721774,721954,180
111,0,blank,0,154.987566666667,431.120966666667,721954,722132,178
111,0,blank,0,129.216616666667,425.922933333333,722132,722308,176
111,42,temp,201,110.068416666667,435.45335,722308,722483,175
111,43,temp,217,116.77255,459.425316666667,722483,722660,177
111,43,->,218,127.252783333333,464.345083333333,722660,722838,178
111,0,blank,0,177.81755,482.149333333333,722838,723013,175
111,0,blank,0,181.00955,482.164216666667,723013,723194,181
111,0,blank,0,208.136133333333,492.4314,723194,723372,178
111,0,blank,0,270.4053,499.5581,723372,723401,29
111,0,blank,0,372.110916666667,504.135716666667,723431,723612,181
111,0,blank,0,362.4465,461.3575,723612,723709,97
111,0,blank,0,310.725183333333,495.23395,723767,723949,182
111,0,blank,0,276.341666666667,496.933683333333,723949,724130,181
111,0,blank,0,283.9296,462.011733333333,724130,724219,89
111,0,blank,0,175.240283333333,485.26125,724249,724429,180
111,0,blank,0,180.386916666667,498.0017,724429,724614,185
111,0,blank,0,179.469866666667,520.143283333333,724614,724792,178
111,0,blank,0,136.181116666667,516.2564,724792,724967,175
111,0,blank,0,133.802983333333,522.04745,724967,725140,173
111,46,head,232,154.8261,542.114816666667,725140,725318,178
111,47,head,238,175.96025,547.765433333333,725318,725496,178
111,47,->,240,206.191066666667,559.581733333333,725496,725674,178
111,0,blank,0,182.987316666667,542.945233333333,725674,725859,185
111,46,=,233,185.073933333333,534.742116666667,725859,726050,191
111,46,head,232,145.421066666667,540.4683,726050,726234,184
111,46,*,231,130.620216666667,530.190916666667,726234,726415,181
111,0,blank,0,103.38925,539.0882,726415,726596,181
111,0,blank,0,89.76006,536.20754,726596,726752,156
111,0,blank,0,260.85535,467.5412,726786,726973,187
111,0,blank,0,255.393483333333,471.538016666667,726973,727156,183
111,0,blank,0,401.830416666667,479.683366666667,727349,727530,181
111,0,blank,0,379.48565,477.9297,727530,727587,57
111,0,blank,0,-323,-105,728303,728500,197
111,0,blank,0,-323,-105,728500,728686,186
111,0,blank,0,-323,-105,728686,728871,185
111,0,blank,0,-323,-105,728871,729048,177
111,0,blank,0,-323,-105,729048,729148,100
111,0,blank,0,76.1334666666667,416.09885,730971,731161,190
111,0,blank,0,109.63705,411.116166666667,731161,731340,179
111,0,blank,0,144.917033333333,416.113966666667,731340,731537,197
111,0,blank,0,102.70245,427.24775,731537,731711,174
111,0,blank,0,58.9838,431.66575,731711,731892,181
111,0,blank,0,82.8323333333333,406.24005,731892,732071,179
111,39,(,180,102.083516666667,381.843716666667,732071,732248,177
111,39,scanf,179,75.6156166666667,374.566983333333,732248,732427,179
111,0,blank,0,102.520733333333,389.180816666667,732427,732609,182
111,40,num,191,154.229883333333,405.90155,732609,732793,184
111,0,blank,0,173.70215,406.758916666667,732793,732973,180
111,39,comma,182,149.777616666667,384.960316666667,732973,733154,181
111,0,blank,0,157.62065,384.862483333333,733154,733334,180
111,0,blank,0,236.067983333333,334.917133333333,733334,733511,177
111,37,temp,172,209.363066666667,335.917183333333,733511,733689,178
111,39,&,183,174.674916666667,377.999266666667,733689,733867,178
111,40,num,191,158.03705,403.77535,733867,734047,180
111,0,blank,0,155.081066666667,385.4617,734047,734226,179
111,37,node,170,135.446616666667,332.83,734226,734409,183
111,0,blank,0,113.09785,241.48325,734409,734471,62
111,0,blank,0,124.1999,220.618625,734533,734695,162
111,0,blank,0,-323,-105,736183,736336,153
111,0,blank,0,-323,-105,736336,736471,135
111,0,blank,0,-323,-105,736471,736739,268
111,0,blank,0,266.325866666667,83.7422666666667,737529,737722,193
111,0,blank,0,253.016716666667,103.695033333333,737722,737906,184
112,0,blank,0,200.690733333333,109.22585,738251,738434,183
112,0,blank,0,192.8297,130.7714,738434,738464,30
112,0,blank,0,197.058566666667,289.900816666667,738494,738677,183
112,15,head,79,179.898116666667,317.427833333333,738677,738860,183
112,15,head,79,177.39214,328.38634,738860,739017,157
112,0,blank,0,1071.3695,316.7665,739109,739290,181
112,0,blank,0,1067.04533333333,330.975283333333,739290,739477,187
112,0,blank,0,1066.8895,321.292866666667,739477,739662,185
112,0,blank,0,1072.683,335.670233333333,739662,739844,182
112,0,blank,0,1072.4445,355.635566666667,739844,740032,188
112,0,blank,0,1075.96033333333,342.384366666667,740032,740224,192
112,0,blank,0,1067.70566666667,371.044466666667,740224,740320,96
112,0,blank,0,1043.13033333333,634.593483333333,740352,740539,187
112,0,blank,0,1051.50366666667,616.4324,740539,740635,96
113,0,blank,0,227.3574,235.9829,741753,741782,29
113,0,blank,0,1048.73533333333,534.857966666667,741843,742022,179
113,0,blank,0,1060.329,563.8345,742022,742052,30
113,0,blank,0,-323,-105,742143,742270,127
113,0,blank,0,267.9636,242.799,742295,742328,33
113,42,node,213,259.5769,267.9299,742405,742430,25
113,0,blank,0,-323,-105,742456,742647,191
113,39,num,184,188.628571428571,209.339628571429,742677,742874,197
113,0,blank,0,195.708883333333,233.485183333333,742874,743053,179
113,0,blank,0,195.01165,243.57435,743053,743232,179
113,0,blank,0,212.08246,285.44984,743232,743377,145
113,0,blank,0,203.525183333333,342.5067,743435,743611,176
113,0,blank,0,202.043283333333,329.657,743611,743785,174
113,0,blank,0,216.124883333333,326.457333333333,743785,743965,180
113,47,next,241,248.4266,378.00115,743965,744144,179
113,47,next,241,233.641833333333,384.831633333333,744144,744322,178
113,47,->,240,211.303733333333,369.851816666667,744322,744502,180
113,47,next,241,237.587683333333,373.2916,744502,744682,180
113,47,NULL,243,285.9039,380.839533333333,744682,744862,180
113,0,blank,0,275.83745,399.44275,744862,745044,182
113,0,blank,0,234.630216666667,408.15465,745044,745226,182
113,0,blank,0,220.903416666667,399.049566666667,745226,745406,180
113,0,blank,0,291.20275,405.805266666667,745406,745589,183
113,0,blank,0,299.02835,398.2418,745589,745769,180
113,0,blank,0,285.914033333333,393.227033333333,745769,745954,185
113,0,blank,0,293.535133333333,416.795266666667,745954,746134,180
113,0,blank,0,274.368116666667,384.43715,746134,746317,183
113,0,blank,0,311.5869,367.3868,746317,746347,30
113,0,blank,0,-321.822725,544.384475,746439,746559,120
113,0,blank,0,209.77075,320.944266666667,746619,746799,180
113,46,temp,234,216.9604,362.658316666667,746799,746980,181
113,0,blank,0,214.726683333333,339.675216666667,746980,747169,189
113,44,==,227,194.516166666667,319.622833333333,747169,747352,183
113,44,head,226,165.3044,302.794333333333,747352,747533,181
113,0,blank,0,178.04415,290.439016666667,747533,747712,179
113,44,==,227,183.458116666667,303.418766666667,747712,747894,182
113,43,=,220,166.61775,288.779666666667,747894,748071,177
113,42,struct,212,167.2685,265.440466666667,748071,748160,89
113,0,blank,0,295.216033333333,284.408933333333,748189,748367,178
113,42,node,213,240.6652,260.309616666667,748367,748547,180
113,42,struct,212,223.106483333333,260.919933333333,748547,748725,178
113,42,struct,212,182.20755,260.60855,748725,748903,178
113,42,struct,212,197.58615,259.4616,748903,748962,59
113,42,),215,299.6064,275.06945,748992,749172,180
113,0,blank,0,529.914816666667,323.7121,749202,749385,183
113,0,blank,0,526.034,294.9769,749385,749417,32
113,42,struct,212,186.84055,276.032833333333,749479,749659,180
113,0,blank,0,172.601033333333,243.2087,749659,749839,180
113,40,num,191,154.088483333333,221.380616666667,749839,750022,183
113,40,num,191,163.704416666667,228.380783333333,750022,750203,181
113,0,blank,0,152.212966666667,245.00035,750203,750390,187
113,0,blank,0,202.464016666667,254.156616666667,750390,750579,189
113,0,blank,0,179.360833333333,247.258533333333,750579,750772,193
113,0,blank,0,175.62705,243.757933333333,750772,750964,192
113,0,blank,0,160.1981,243.0843,750964,751153,189
113,0,blank,0,167.038316666667,245.72245,751153,751341,188
113,0,blank,0,163.225683333333,257.500466666667,751341,751530,189
113,0,blank,0,147.981383333333,263.815233333333,751530,751715,185
113,43,=,220,169.109433333333,293.42735,751715,751907,192
113,43,a,219,144.55205,284.1973,751907,752089,182
113,43,a,219,145.21715,299.77105,752089,752286,197
113,43,->,218,140.880983333333,286.128716666667,752286,752480,194
113,0,blank,0,141.987166666667,279.8082,752480,752667,187
113,0,blank,0,124.978166666667,283.484483333333,752667,752852,185
113,43,->,218,136.817816666667,283.979166666667,752852,753036,184
113,0,blank,0,149.988,270.003616666667,753036,753223,187
113,0,blank,0,154.06835,288.677866666667,753223,753404,181
113,42,=,202,133.7961,277.684833333333,753404,753587,183
113,0,blank,0,149.732216666667,267.825433333333,753587,753769,182
113,0,blank,0,129.4645,259.652216666667,753769,753949,180
113,42,=,202,138.703816666667,263.24205,753949,754132,183
113,42,(,211,157.764416666667,259.956,754132,754312,180
113,42,struct,212,207.86945,264.089083333333,754312,754494,182
113,42,malloc,208,303.26265,271.316183333333,754494,754669,175
113,42,malloc,208,348.303,273.50455,754669,754729,60
113,0,blank,0,534.271866666667,308.674216666667,754758,754940,182
113,0,blank,0,476.715566666667,297.685783333333,754940,755119,179
113,0,blank,0,456.541683333333,295.263583333333,755119,755300,181
113,0,blank,0,458.915233333333,305.4462,755300,755389,89
113,0,blank,0,359.5103,294.920733333333,755422,755597,175
113,0,blank,0,382.981416666667,306.185433333333,755597,755775,178
113,0,blank,0,414.185066666667,316.0441,755775,755954,179
113,0,blank,0,443.167633333333,322.242933333333,755954,756128,174
113,0,blank,0,412.0901,351.7181,756128,756157,29
113,0,blank,0,314.359385714286,289.735357142857,756185,756384,199
113,0,blank,0,195.944533333333,279.074533333333,756384,756556,172
113,42,(,211,160.983816666667,274.9472,756556,756729,173
113,0,blank,0,151.310816666667,281.597966666667,756729,756901,172
113,0,blank,0,174.343028571429,302.848242857143,756901,757100,199
113,0,blank,0,178.532871428571,305.271485714286,757100,757298,198
113,44,head,226,161.040666666667,309.208383333333,757298,757470,172
113,44,head,226,164.568466666667,307.00715,757470,757644,174
113,0,blank,0,180.3743,314.621033333333,757644,757816,172
113,0,blank,0,175.522033333333,301.347183333333,757816,757989,173
113,0,blank,0,204.112433333333,316.132266666667,757989,758163,174
113,0,blank,0,181.733716666667,314.76115,758163,758338,175
113,44,NULL,228,244.5621,302.532016666667,758338,758509,171
113,0,blank,0,276.286316666667,337.699766666667,758509,758683,174
113,0,blank,0,243.250866666667,327.612883333333,758683,758855,172
113,0,blank,0,238.1539,339.6258,758855,759029,174
113,46,temp,234,241.604716666667,359.3988,759029,759205,176
113,0,blank,0,292.07555,394.562283333333,759205,759380,175
113,0,blank,0,272.07755,399.67705,759380,759554,174
113,0,blank,0,245.703583333333,419.488016666667,759554,759730,176
113,51,=,251,239.7766,471.356366666667,759730,759905,175
113,0,blank,0,227.8461,474.5846,759905,760082,177
113,0,blank,0,209.473266666667,500.529783333333,760082,760256,174
113,0,blank,0,183.035383333333,549.9794,760256,760433,177
113,0,blank,0,198.034983333333,607.8952,760433,760609,176
113,0,blank,0,142.4994,595.850666666667,760609,760790,181
113,0,blank,0,137.652533333333,600.402066666667,760790,760969,179
113,0,blank,0,331.4626,600.994183333333,761029,761212,183
113,0,blank,0,345.8941,585.4633,761212,761243,31
113,0,blank,0,262.9741,601.283066666667,761272,761453,181
113,0,blank,0,260.9208,593.6151,761453,761634,181
113,0,blank,0,321.338733333333,590.930766666667,761634,761816,182
113,0,blank,0,349.422266666667,612.873133333333,761816,761907,91
113,59,NULL,283,235.277883333333,633.119816666667,761938,762119,181
113,0,blank,0,186.4891,602.3354,762119,762149,30
113,59,NULL,283,207.929366666667,652.200316666667,762180,762355,175
113,59,NULL,283,205.52935,648.020266666667,762355,762536,181
113,59,NULL,283,217.53125,649.348083333333,762536,762715,179
113,59,NULL,283,239.4181,647.258333333333,762715,762895,180
113,59,NULL,283,213.568466666667,643.819833333333,762895,763074,179
113,0,blank,0,182.615483333333,675.6127,763074,763251,177
113,0,blank,0,197.80835,671.81515,763251,763429,178
113,0,blank,0,224.496116666667,707.33865,763429,763605,176
113,0,blank,0,243.497225,723.3308,763605,763727,122
113,0,blank,0,299.885833333333,698.3101,763782,763874,92
113,0,blank,0,1042.50883333333,510.367233333333,763965,764151,186
113,0,blank,0,1062.92916666667,534.9401,764151,764339,188
113,0,blank,0,1071.18166666667,537.217716666667,764339,764524,185
113,0,blank,0,1069.78483333333,515.105816666667,764524,764708,184
113,0,blank,0,1082.5465,540.40275,764708,764771,63
113,0,blank,0,246.85705,333.2088,764834,765017,183
113,47,next,241,239.182033333333,375.024916666667,765017,765202,185
113,46,temp,234,221.19935,353.87055,765202,765380,178
113,0,blank,0,198.595983333333,331.58385,765380,765557,177
113,43,=,220,172.37755,297.707716666667,765557,765740,183
113,0,blank,0,154.502433333333,278.76865,765740,765916,176
113,43,=,220,171.209716666667,286.94735,765916,766095,179
113,42,struct,212,164.9554,277.950733333333,766095,766182,87
113,0,blank,0,278.21275,413.859283333333,766214,766391,177
113,0,blank,0,269.2011,392.648283333333,766391,766574,183
113,0,blank,0,224.551616666667,394.159,766574,766753,179
113,47,next,241,220.09585,375.237116666667,766753,766932,179
113,46,temp,234,202.8326,361.750316666667,766932,767115,183
113,47,next,241,218.878233333333,386.049216666667,767115,767299,184
113,47,next,241,220.8397,373.783533333333,767299,767477,178
113,47,->,240,213.143016666667,381.694983333333,767477,767657,180
113,0,blank,0,239.5729,398.075883333333,767657,767835,178
113,0,blank,0,249.12145,391.552,767835,767894,59
113,0,blank,0,-323,-105,767952,768110,158
113,46,=,233,193.48735,351.7905,768262,768320,58
113,0,blank,0,235.084633333333,391.363833333333,768350,768440,90
113,47,next,241,242.92295,377.2046,768505,768685,180
113,0,blank,0,259.211725,389.44765,768685,768803,118
113,47,next,241,241.460433333333,387.062066666667,768890,769063,173
113,47,NULL,243,321.468083333333,384.0954,769063,769239,176
113,47,NULL,243,286.9062,385.952633333333,769239,769414,175
113,47,NULL,243,288.3704,383.883633333333,769414,769588,174
113,0,blank,0,296.80105,394.029783333333,769588,769764,176
113,0,blank,0,294.260783333333,449.9061,769764,769942,178
113,0,blank,0,286.775433333333,498.275116666667,769942,770121,179
113,0,blank,0,284.3021,498.70345,770121,770308,187
113,0,blank,0,266.754683333333,499.903233333333,770308,770496,188
113,52,temp,258,226.306083333333,494.122333333333,770496,770677,181
113,0,blank,0,157.664966666667,421.798783333333,770677,770862,185
113,0,blank,0,172.8498,431.4927,770862,770895,33
113,0,blank,0,96.56585,114.3836,770955,771135,180
113,37,node,170,148.025833333333,161.492683333333,771135,771313,178
113,0,blank,0,138.995733333333,146.7654,771313,771489,176
113,34,generate,155,122.347,87.94338,771489,771639,150
113,34,node,158,237.448583333333,94.6446833333333,771668,771854,186
113,0,blank,0,182.229566666667,76.6278166666667,771854,772036,182
113,34,(,156,139.19865,86.0275333333333,772036,772224,188
113,36,comma,166,119.0799,133.226166666667,772224,772367,143
113,38,"Enterlengthoflist:",176,201.5939,186.6277,772367,772479,112
113,0,blank,0,224.386,168.15715,772479,772663,184
113,38,"Enterlengthoflist:",176,194.719316666667,172.783183333333,772663,772852,189
113,39,num,184,193.289383333333,196.8013,772852,773032,180
113,38,"Enterlengthoflist:",176,242.099933333333,190.07195,773032,773212,180
113,0,blank,0,251.420666666667,195.560933333333,773212,773302,90
113,0,blank,0,342.3743,209.61454,773331,773484,153
113,0,blank,0,196.9019,225.208833333333,773516,773697,181
113,40,>,194,206.513616666667,231.019716666667,773697,773876,179
113,40,>,194,213.450133333333,233.899683333333,773876,774057,181
113,38,"Enterlengthoflist:",176,196.531933333333,170.55435,774057,774236,179
113,37,*,171,169.998633333333,160.584566666667,774236,774425,189
113,37,*,171,170.386266666667,158.86445,774425,774602,177
113,38,"Enterlengthoflist:",176,177.6787,186.78455,774602,774663,61
113,44,NULL,228,234.766916666667,317.4856,774694,774876,182
113,44,NULL,228,224.128566666667,321.70605,774876,775059,183
113,44,NULL,228,252.012466666667,322.963516666667,775059,775242,183
113,44,NULL,228,227.5313,319.84925,775242,775424,182
113,0,blank,0,237.7393,297.4111,775424,775455,31
113,0,blank,0,192.230766666667,326.575883333333,775484,775665,181
113,44,NULL,228,226.3884,303.184,775665,775693,28
113,37,;,173,220.52485,165.640216666667,775723,775902,179
113,40,;,196,234.3549,214.828683333333,775902,776080,178
113,42,node,213,254.799,275.094466666667,776080,776263,183
113,0,blank,0,268.0468,301.864966666667,776263,776445,182
113,0,blank,0,509.979966666667,325.16475,776504,776693,189
113,0,blank,0,452.6961,406.0442,776693,776723,30
113,0,blank,0,448.1986,198.3069,776755,776786,31
113,0,blank,0,422.451166666667,325.4027,776819,776911,92
113,0,blank,0,370.7847,312.668,777039,777130,91
113,0,blank,0,-323,-105,777195,777324,129
113,0,blank,0,-323,-105,777442,777588,146
113,47,next,241,245.0068,376.297716666667,777783,777953,170
113,0,blank,0,280.196733333333,414.985716666667,777953,778138,185
113,0,blank,0,287.85415,398.417933333333,778138,778319,181
113,0,blank,0,298.0171,397.185875,778319,778436,117
113,47,),239,188.28125,373.953483333333,778524,778701,177
113,47,->,240,213.16182,373.14382,778701,778847,146
113,0,blank,0,194.152766666667,331.610466666667,778878,779058,180
113,0,blank,0,184.195283333333,332.7975,779058,779237,179
113,0,blank,0,209.603716666667,344.096383333333,779237,779420,183
113,46,temp,234,243.363983333333,365.921166666667,779420,779600,180
113,0,blank,0,174.432633333333,339.803766666667,779600,779780,180
113,0,blank,0,219.7827,329.03365,779780,779962,182
113,44,NULL,228,218.0888,319.365366666667,779962,780142,180
113,44,NULL,228,228.573283333333,310.159833333333,780142,780322,180
113,0,blank,0,211.570583333333,346.087183333333,780322,780503,181
113,0,blank,0,194.020566666667,332.556566666667,780503,780620,117
113,0,blank,0,128.1707,251.05285,780655,780839,184
113,0,blank,0,133.542283333333,241.095816666667,780839,781025,186
113,40,=,190,121.2368,229.803,781025,781057,32
113,0,blank,0,-323,-105,781086,781245,159
113,0,blank,0,-323,-105,781245,781293,48
113,0,blank,0,272.4856,322.174571428571,781324,781519,195
113,44,==,227,196.612666666667,316.051116666667,781519,781695,176
113,0,blank,0,155.47745,331.134466666667,781695,781867,172
113,0,blank,0,113.473233333333,320.0302,781867,782040,173
113,44,head,226,139.282716666667,317.0099,782040,782213,173
113,0,blank,0,205.013133333333,326.75495,782213,782385,172
113,44,NULL,228,229.22828,318.5429,782385,782531,146
113,40,;,196,169.9144,219.398316666667,782560,782735,175
113,0,blank,0,176.229716666667,238.054783333333,782735,782910,175
113,0,blank,0,198.9518,254.80355,782910,783086,176
113,39,num,184,185.79735,208.6378,783086,783145,59
113,0,blank,0,-323,-105,783175,783336,161
113,0,blank,0,161.001,249.8234,783364,783543,179
113,0,blank,0,204.347766666667,247.017,783543,783722,179
113,0,blank,0,226.52695,256.83155,783722,783903,181
113,0,blank,0,291.277833333333,251.523016666667,783903,784079,176
113,0,blank,0,257.9623,246.059433333333,784079,784251,172
113,0,blank,0,240.07785,239.48525,784251,784426,175
113,0,blank,0,127.973916666667,191.197233333333,784426,784597,171
113,39,"%d",181,121.407566666667,201.570816666667,784597,784774,177
113,0,blank,0,201.52885,216.790883333333,784774,784952,178
113,0,blank,0,220.90455,224.589966666667,784952,785130,178
113,40,0,195,226.7212,231.6667,785130,785249,119
113,40,num,191,135.8295,224.2348,785278,785456,178
113,0,blank,0,106.361966666667,222.281316666667,785456,785631,175
113,0,blank,0,110.709133333333,238.703966666667,785631,785810,179
113,0,blank,0,167.166,245.230766666667,785810,785988,178
113,42,struct,212,219.2229,265.6716,785988,786166,178
113,42,node,213,249.339883333333,262.381783333333,786166,786342,176
113,42,node,213,239.436183333333,261.654533333333,786342,786518,176
113,0,blank,0,162.0566,245.575933333333,786518,786695,177
113,0,blank,0,155.940933333333,237.771466666667,786695,786870,175
113,40,num,191,150.356166666667,231.539183333333,786870,787047,177
113,0,blank,0,143.64455,236.686666666667,787047,787224,177
113,0,blank,0,207.1361,235.652916666667,787224,787401,177
113,40,0,195,226.90595,228.8536,787401,787575,174
113,0,blank,0,248.99185,244.5936,787575,787751,176
113,0,blank,0,263.934033333333,239.591633333333,787751,787923,172
113,0,blank,0,238.497966666667,238.331633333333,787923,788098,175
113,0,blank,0,256.296716666667,245.908166666667,788098,788275,177
113,0,blank,0,310.174516666667,253.841283333333,788275,788453,178
113,0,blank,0,251.66645,240.20955,788453,788629,176
113,0,blank,0,250.90815,251.361733333333,788629,788807,178
113,42,node,213,265.9268,264.6984,788807,788983,176
113,0,blank,0,232.174816666667,250.0856,788983,789158,175
113,0,blank,0,254.901316666667,254.406666666667,789158,789337,179
113,0,blank,0,275.807766666667,251.901283333333,789337,789522,185
113,0,blank,0,302.41675,239.1351,789522,789581,59
113,0,blank,0,103.373733333333,252.595766666667,789612,789791,179
113,42,=,202,135.308783333333,277.6924,789791,789970,179
113,0,blank,0,222.038383333333,341.647933333333,789970,790151,181
113,0,blank,0,199.743316666667,336.399283333333,790151,790335,184
113,44,==,227,195.800866666667,322.250716666667,790335,790517,182
113,0,blank,0,212.1978,333.431866666667,790517,790699,182
113,44,==,227,193.741683333333,315.398633333333,790699,790877,178
113,0,blank,0,185.8806,256.343433333333,790877,791060,183
113,42,struct,212,181.9608,261.1997,791060,791150,90
113,0,blank,0,-323,-105,791240,791270,30
113,0,blank,0,17.285075,228.5421,791655,791778,123
113,44,head,226,144.84514,317.05366,791846,792021,175
113,0,blank,0,125.26008,339.6627,792021,792219,198
113,46,head,232,145.2878,357.22255,792219,792281,62
113,46,*,231,133.19025,360.22945,792281,792471,190
113,47,head,238,148.45612,387.47896,792471,792669,198
113,47,*,237,141.211,369.2663,792669,792707,38
113,0,blank,0,140.454,417.7982,792707,792888,181
113,0,blank,0,133.57155,408.56635,792888,793075,187
113,0,blank,0,135.244133333333,410.521633333333,793075,793258,183
113,0,blank,0,135.02335,443.3172,793258,793442,184
113,52,head,256,142.43436,481.6091,793442,793596,154
113,0,blank,0,153.05175,511.4097,793596,793760,164
113,46,*,231,129.89766,362.50376,793783,793979,196
113,0,blank,0,112.379566666667,340.28495,793979,794163,184
113,0,blank,0,105.875975,342.5568,794163,794359,196
113,0,blank,0,133.978916666667,340.23075,794359,794543,184
113,42,temp,201,122.082016666667,277.022266666667,794543,794726,183
113,0,blank,0,93.76964,240.09692,794726,794877,151
113,39,"%d",181,131.2069,197.999833333333,794937,795112,175
113,39,num,184,179.52022,194.08942,795112,795285,173
113,0,blank,0,259.602433333333,130.246033333333,795285,795467,182
113,0,blank,0,230.303966666667,166.627866666667,795467,795654,187
113,39,num,184,200.19834,202.92886,795654,795809,155
113,0,blank,0,202.068,328.177833333333,795870,795959,89
113,0,blank,0,215.0343,337.2352,795959,796148,189
113,46,temp,234,218.818716666667,358.6182,796148,796318,170
113,0,blank,0,208.74815,406.1118,796318,796457,139
113,0,blank,0,210.0427,442.6883,796457,796637,180
113,43,;,222,196.889133333333,299.524266666667,796667,796813,146
113,44,==,227,188.18845,306.6568,796813,796920,107
113,0,blank,0,170.09155,420.5822,797107,797284,177
113,0,blank,0,146.3896,419.4251,797284,797485,201
113,0,blank,0,143.0244,428.5943,797485,797624,139
113,0,blank,0,172.2259,409.067033333333,797624,797789,165
113,0,blank,0,167.410133333333,447.768566666667,797789,797979,190
113,0,blank,0,151.8647,521.1126,797979,798004,25
113,0,blank,0,155.0789,544.4977,798004,798215,211
113,0,blank,0,161.0442,507.4719,798215,798340,125
113,0,blank,0,153.7885,519.7626,798340,798516,176
113,0,blank,0,156.5655,519.2636,798516,798541,25
113,0,blank,0,148.4628,420.34765,798616,798766,150
113,0,blank,0,130.327,407.5531,798766,798946,180
113,0,blank,0,237.154,255.1675,799071,799096,25
113,47,head,238,149.354033333333,380.467766666667,799552,799744,192
113,0,blank,0,146.8541,397.1469,799744,799926,182
113,0,blank,0,136.248366666667,415.19515,799926,800107,181
113,0,blank,0,141.628733333333,422.586166666667,800107,800289,182
113,0,blank,0,147.46048,415.4898,800289,800441,152
113,43,temp,217,106.489516666667,289.030816666667,800471,800651,180
113,44,if,223,99.7307833333333,305.753116666667,800651,800831,180
113,44,if,223,92.3823666666667,312.738316666667,800831,801014,183
113,0,blank,0,98.47135,324.2922,801014,801200,186
113,0,blank,0,118.605716666667,350.632166666667,801200,801384,184
113,0,blank,0,118.5927,367.25865,801384,801445,61
113,0,blank,0,1038.55083333333,587.444683333333,801537,801718,181
113,0,blank,0,1085.4204,635.89382,801778,801929,151
113,0,blank,0,187.776266666667,440.228433333333,802049,802229,180
113,0,blank,0,222.327083333333,428.546833333333,802229,802409,180
113,0,blank,0,236.74115,455.918516666667,802409,802587,178
113,0,blank,0,216.0146,529.759966666667,802587,802763,176
113,0,blank,0,214.934083333333,516.293266666667,802763,802940,177
113,52,temp,258,220.6041,483.3991,802940,802998,58
113,0,blank,0,312.221433333333,502.2572,803029,803203,174
113,0,blank,0,314.737366666667,521.615733333333,803203,803296,93
113,43,;,222,194.3691,283.921016666667,803329,803505,176
113,44,==,227,198.2699,304.138283333333,803505,803684,179
113,0,blank,0,198.237083333333,336.110316666667,803684,803857,173
113,46,temp,234,242.6074,347.6111,803857,803916,59
113,0,blank,0,1067.137,539.2766,803975,804008,33
113,0,blank,0,1071.67875,548.094125,804070,804191,121
113,0,blank,0,1086.555,557.9057,804191,804306,115
113,0,blank,0,1073.28,635.128466666667,804337,804427,90
113,0,blank,0,315.2763,194.0649,804514,804695,181
113,0,blank,0,321.5187,148.631516666667,804695,804873,178
113,0,blank,0,332.6322,100.909983333333,804873,805053,180
113,0,blank,0,342.18845,108.904,805053,805238,185
113,0,blank,0,337.661583333333,100.171283333333,805238,805425,187
113,0,blank,0,331.563016666667,109.503583333333,805425,805607,182
113,0,blank,0,334.8302,104.214316666667,805607,805790,183
113,0,blank,0,338.575016666667,118.057883333333,805790,805971,181
113,0,blank,0,343.401133333333,118.4024,805971,806152,181
113,0,blank,0,321.698666666667,136.722716666667,806152,806331,179
113,0,blank,0,335.05045,116.656816666667,806331,806515,184
113,0,blank,0,346.972033333333,109.2002,806515,806697,182
113,0,blank,0,354.881016666667,120.643916666667,806697,806881,184
113,0,blank,0,361.795933333333,115.645516666667,806881,807065,184
113,0,blank,0,366.6305,133.738575,807065,807184,119
113,0,blank,0,224.026083333333,67.6654833333333,807215,807394,179
113,34,node,158,238.818533333333,94.7531333333333,807394,807482,88
113,0,blank,0,179.133233333333,339.815233333333,807515,807690,175
113,0,blank,0,199.960483333333,357.076766666667,807690,807865,175
113,46,temp,234,208.197416666667,365.115033333333,807865,808043,178
113,47,->,240,212.44305,387.951666666667,808043,808223,180
113,44,head,226,158.349916666667,302.910483333333,808223,808403,180
113,0,blank,0,177.151766666667,300.58645,808403,808583,180
113,0,blank,0,205.198766666667,281.689,808583,808761,178
113,0,blank,0,232.439083333333,339.427083333333,808761,808941,180
113,47,next,241,216.89455,382.90685,808941,809124,183
113,0,blank,0,228.729166666667,445.945333333333,809124,809307,183
113,52,temp,258,234.458033333333,491.64495,809307,809484,177
113,0,blank,0,277.68085,509.005516666667,809484,809663,179
113,0,blank,0,297.564283333333,480.521983333333,809663,809844,181
113,0,blank,0,342.08055,480.538266666667,809844,810028,184
113,0,blank,0,334.4708,382.050116666667,810028,810210,182
113,0,blank,0,344.59725,387.273633333333,810210,810397,187
113,0,blank,0,404.177825,378.70105,810397,810524,127
113,0,blank,0,512.85466,321.08526,810555,810714,159
113,0,blank,0,1089.2334,538.39754,810777,810933,156
113,0,blank,0,1077.713,549.997125,810933,811109,176
113,0,blank,0,1068.518,562.7454,811109,811140,31
113,0,blank,0,1076.484,690.0028,811202,811340,138
113,0,blank,0,1088.121,655.5846,811572,811602,30
113,0,blank,0,257.411816666667,239.39695,811818,812012,194
113,0,blank,0,128.684933333333,105.573116666667,812041,812227,186
114,0,blank,0,181.7894,323.436016666667,813766,813949,183
114,0,blank,0,191.45775,339.488116666667,813949,814132,183
114,0,blank,0,267.39,336.910816666667,814132,814314,182
114,0,blank,0,262.760433333333,327.3556,814314,814404,90
114,0,blank,0,168.6096,275.1625,814464,814494,30
114,0,blank,0,-323,-105,814555,814682,127
114,21,struct,105,177.4485,250.1727,814707,814732,25
114,0,blank,0,-323,-105,814756,814886,130
114,24,==,119,173.1051,316.3786,814911,814940,29
114,26,),131,237.486366666667,366.081766666667,815005,815087,82
114,26,),131,227.519716666667,362.738033333333,815117,815295,178
114,0,blank,0,204.2347,332.736916666667,815295,815470,175
114,0,blank,0,252.696866666667,348.01225,815470,815643,173
114,0,blank,0,272.920533333333,364.206933333333,815643,815815,172
114,0,blank,0,266.036666666667,371.8235,815815,815986,171
114,0,blank,0,240.357283333333,394.7671,815986,816156,170
114,0,blank,0,184.385666666667,362.78515,816156,816330,174
114,0,blank,0,145.853616666667,316.3048,816330,816502,172
114,0,blank,0,165.346016666667,336.2867,816502,816678,176
114,0,blank,0,177.74235,342.11135,816678,816796,118
114,0,blank,0,280.574433333333,424.601483333333,816826,817002,176
114,0,blank,0,237.05078,437.61688,817002,817151,149
114,0,blank,0,351.92715,429.758166666667,817302,817477,175
114,0,blank,0,336.167533333333,428.8772,817477,817655,178
114,0,blank,0,372.913525,463.213975,817655,817773,118
114,0,blank,0,203.780216666667,481.530433333333,817804,817982,178
114,0,blank,0,229.227966666667,483.926483333333,817982,818159,177
114,34,*,160,283.825716666667,540.147916666667,818189,818370,181
114,0,blank,0,315.8027,554.603025,818370,818490,120
114,0,blank,0,234.271583333333,521.11285,818521,818702,181
114,31,head,148,173.722583333333,475.141916666667,818702,818888,186
114,0,blank,0,160.5256,490.406566666667,818888,818980,92
114,0,blank,0,178.562733333333,504.186916666667,819009,819197,188
114,0,blank,0,184.509233333333,497.597466666667,819197,819379,182
114,0,blank,0,178.7765,502.4846,819379,819410,31
114,0,blank,0,-323,-105,820302,820495,193
114,0,blank,0,-323,-105,820495,820563,68
114,39,num,184,182.181933333333,642.380433333333,820670,820857,187
114,39,num,184,181.19785,648.708483333333,820857,821037,180
114,38,"Enterlengthoflist:",176,179.82645,626.939283333333,821037,821215,178
114,0,blank,0,175.348616666667,564.603516666667,821215,821394,179
114,0,blank,0,163.6226,488.9578,821394,821514,120
114,0,blank,0,192.94502,574.71702,821544,821694,150
115,0,blank,0,245.269566666667,433.241966666667,822702,822826,124
115,0,blank,0,172.10685,462.2606,822826,822983,157
115,0,blank,0,158.57975,434.956075,822983,823182,199
115,0,blank,0,171.3484,431.875866666667,823182,823353,171
115,0,blank,0,191.911275,439.2852,823353,823542,189
115,0,blank,0,270.1892,454.3364,823542,823773,231
115,0,blank,0,249.42432,449.74088,823773,823954,181
115,51,temp,248,156.2342,468.8558,823954,824012,58
115,0,blank,0,150.4021,451.6646,824012,824271,259
115,0,blank,0,154.42095,455.39795,824271,824395,124
115,0,blank,0,301.6401,399.6605,824469,824494,25
115,0,blank,0,172.74185,265.40265,825420,825603,183
115,42,struct,212,174.0482,275.8544,825603,825791,188
115,0,blank,0,177.5342,256.8101,825791,825919,128
115,0,blank,0,160.9116,264.9757,825919,826822,903
115,0,blank,0,159.328933333333,293.1179,826822,826985,163
115,43,a,219,152.9387,296.8621,826985,827061,76
115,0,blank,0,159.3289,400.7091,827061,827305,244
115,0,blank,0,-323,-105,827466,827647,181
115,0,blank,0,-323,-105,827647,827834,187
115,0,blank,0,1067.9535,568.6424,828263,828437,174
115,0,blank,0,1081.603,595.8266,828437,828477,40
115,0,blank,0,1079.526,505.4477,828672,828698,26
115,0,blank,0,1109.691,527.6168,828762,828787,25
115,0,blank,0,1089.55325,549.704075,828839,828965,126
115,0,blank,0,1084.39,536.705066666667,829025,829116,91
115,0,blank,0,1057.94375,583.767525,829151,829277,126
115,0,blank,0,233.413,145.4699,829383,829442,59
115,38,"Enterlengthoflist:",176,133.66975,187.423525,829537,829651,114
115,34,struct,157,144.5444,94.6771,829680,829711,31
116,0,blank,0,169.987433333333,270.632533333333,830478,830566,88
116,28,"%d",135,223.69175,449.12365,830681,830862,181
116,0,blank,0,216.599,490.244,830862,831038,176
116,0,blank,0,214.4619,493.837342857143,831038,831235,197
116,0,blank,0,168.9005,472.4473,831235,831419,184
116,0,blank,0,165.003816666667,423.318366666667,831419,831595,176
116,26,flag,127,147.761716666667,409.010183333333,831595,831772,177
116,0,blank,0,145.81066,431.4691,831772,831948,176
116,28,printf,133,166.51184,450.51616,831948,832142,194
116,28,"%d",135,185.23005,446.6377,832142,832204,62
116,0,blank,0,185.7535,505.0571,832204,832548,344
116,0,blank,0,214.3496,468.79628,832548,832742,194
116,0,blank,0,183.5507,442.7305,832742,832834,92
116,0,blank,0,-323,-105,835858,836034,176
116,0,blank,0,-323,-105,836034,836212,178
116,0,blank,0,-323,-105,836212,836368,156
116,0,blank,0,-323,-105,836368,836534,166
116,0,blank,0,-323,-105,836534,836576,42
116,0,blank,0,-323,-105,836576,836806,230
116,0,blank,0,-323,-105,836806,836963,157
116,31,next,150,249.484366666667,522.981933333333,836990,837178,188
116,0,blank,0,205.085816666667,503.929983333333,837178,837356,178
116,34,node,158,228.9468,581.9214,837387,837568,181
116,34,node,158,217.812083333333,588.5708,837568,837752,184
116,0,blank,0,187.70648,558.93268,837752,837905,153
116,0,blank,0,217.2687,576.2438,837969,838324,355
116,0,blank,0,261.1464,586.965066666667,838324,838520,196
116,0,blank,0,278.41405,574.777466666667,838520,838701,181
116,0,blank,0,305.3054,541.4951,838701,838732,31
116,34,struct,157,161.747383333333,584.26445,838762,838946,184
116,0,blank,0,181.593983333333,554.563433333333,838946,839131,185
116,0,blank,0,204.833966666667,535.538816666667,839131,839311,180
116,0,blank,0,221.224766666667,492.611083333333,839311,839495,184
116,0,blank,0,219.41174,505.12344,839495,839649,154
116,0,blank,0,213.491916666667,490.413866666667,839710,839893,183
116,0,blank,0,248.324433333333,478.813083333333,839893,840078,185
116,0,blank,0,239.882266666667,486.187333333333,840078,840168,90
116,0,blank,0,269.809866666667,322.626033333333,840323,840446,123
116,28,head,137,296.9564,450.6281,840791,840831,40
116,0,blank,0,243.41025,464.8785,840914,840987,73
116,0,blank,0,340.7486,331.1706,841030,841072,42
116,28,head,137,279.67498,454.39292,841151,841322,171
116,0,blank,0,289.79395,434.65835,841354,841528,174
116,0,blank,0,262.154966666667,441.8002,841528,841703,175
116,0,blank,0,181.2206,392.304,841703,841732,29
116,0,blank,0,276.086683333333,477.03325,841761,841934,173
116,0,blank,0,240.302466666667,490.956266666667,841934,842105,171
116,0,blank,0,200.988,506.7635,842105,842134,29
116,0,blank,0,192.3844,482.085633333333,842162,842338,176
116,0,blank,0,228.43,504.35326,842338,842482,144
116,0,blank,0,226.807883333333,508.958533333333,842511,842683,172
116,0,blank,0,211.50455,494.053266666667,842683,842857,174
116,31,next,150,235.908216666667,527.626383333333,842857,843029,172
116,28,"%d",135,205.6141,464.0443,843029,843059,30
116,31,next,150,223.387457142857,521.487642857143,843090,843287,197
116,0,blank,0,281.940025,527.884775,843287,843401,114
116,0,blank,0,248.79925,557.90435,843458,843515,57
116,0,blank,0,197.59706,550.7209,843596,843741,145
116,0,blank,0,196.316866666667,544.840916666667,843770,843940,170
116,0,blank,0,275.5983,507.0115,844058,844083,25
116,0,blank,0,-323,-105,844108,844284,176
116,0,blank,0,-323,-105,844284,844461,177
116,0,blank,0,-323,-105,844461,844611,150
116,0,blank,0,-323,-105,844611,844667,56
116,0,blank,0,-323,-105,844667,844864,197
116,0,blank,0,-323,-105,844864,845007,143
116,0,blank,0,-323,-105,845007,845109,102
116,0,blank,0,-323,-105,845109,845312,203
116,0,blank,0,-323,-105,845312,845480,168
116,0,blank,0,-323,-105,845480,845639,159
116,0,blank,0,-323,-105,845639,845775,136
116,0,blank,0,-323,-105,845775,845892,117
116,0,blank,0,-323,-105,845892,846006,114
116,0,blank,0,-323,-105,846987,847175,188
116,0,blank,0,-323,-105,847175,847349,174
116,0,blank,0,-323,-105,847349,847525,176
116,0,blank,0,-323,-105,847525,847595,70
116,0,blank,0,1070.2918,428.8649,847719,847896,177
116,0,blank,0,1057.5825,442.012466666667,847896,848089,193
116,0,blank,0,1072.9135,418.2854,848089,848263,174
116,0,blank,0,1077.4365,409.6507,848263,848320,57
116,0,blank,0,353.7462,420.6606,848410,848440,30
116,0,blank,0,418.5382,482.5432,848470,848531,61
116,0,blank,0,385.572075,491.0825,848582,848700,118
116,0,blank,0,241.577416666667,480.46325,848729,848910,181
116,0,blank,0,360.456833333333,658.808366666667,848937,849027,90
116,0,blank,0,385.66,534.2891,849056,849231,175
116,0,blank,0,426.9116,505.2659,849231,849261,30
116,0,blank,0,406.724166666667,447.0617,849318,849497,179
116,0,blank,0,334.11415,386.575583333333,849497,849674,177
116,0,blank,0,274.91205,323.5426,849674,849733,59
117,0,blank,0,269.1289,385.8784,850797,850825,28
117,42,),215,298.15155,314.6733,850856,851031,175
117,42,malloc,208,325.694266666667,314.001083333333,851031,851206,175
117,0,blank,0,388.4207,281.8692,851206,851352,146
117,0,blank,0,336.479316666667,376.4427,851381,851557,176
117,0,blank,0,377.246875,454.16895,851557,851732,175
117,0,blank,0,416.0457,486.2556,851732,851758,26
117,47,next,241,221.109083333333,413.3517,851788,851962,174
117,0,blank,0,244.2924,430.4247,851962,852136,174
117,0,blank,0,292.00255,437.6073,852136,852310,174
117,0,blank,0,331.751716666667,434.689816666667,852310,852485,175
117,0,blank,0,340.5606,414.671,852485,852658,173
117,0,blank,0,353.533716666667,428.91635,852658,852830,172
117,0,blank,0,362.738866666667,426.2817,852830,853007,177
117,0,blank,0,293.395966666667,338.9047,853007,853186,179
117,0,blank,0,292.230483333333,350.621933333333,853186,853365,179
117,0,blank,0,304.240716666667,324.907,853365,853541,176
117,0,blank,0,324.884616666667,326.37485,853541,853720,179
117,0,blank,0,368.88314,328.21628,853720,853869,149
117,0,blank,0,390.663,283.0773,853869,854039,170
117,0,blank,0,333.06335,414.6439,855422,855485,63
117,47,=,242,270.617533333333,411.79305,855571,855743,172
117,0,blank,0,257.543183333333,426.451316666667,855743,855917,174
117,47,next,241,235.649383333333,421.802133333333,855917,856095,178
117,47,next,241,230.157516666667,416.663166666667,856095,856274,179
117,47,next,241,233.45278,405.762,856274,856454,180
117,47,next,241,247.541,419.17085,856454,856540,86
117,0,blank,0,254.4761,435.063316666667,856573,856752,179
117,0,blank,0,244.72,430.8259,856752,856937,185
117,0,blank,0,241.866816666667,428.285866666667,856937,857113,176
117,0,blank,0,245.641066666667,441.11765,857113,857288,175
117,47,next,241,227.434,424.3134,857288,857318,30
117,0,blank,0,173.2819,483.977666666667,857412,857587,175
117,0,blank,0,190.943116666667,467.628316666667,857587,857765,178
117,0,blank,0,191.359166666667,467.056183333333,857765,857946,181
117,0,blank,0,185.413133333333,466.159633333333,857946,858126,180
117,0,blank,0,167.463633333333,469.683633333333,858126,858305,179
117,0,blank,0,130.767366666667,473.541566666667,858305,858480,175
117,0,blank,0,129.842,475.393583333333,858480,858657,177
117,0,blank,0,145.1316,463.346733333333,858657,858831,174
117,0,blank,0,148.664316666667,472.5263,858831,859007,176
117,0,blank,0,149.16175,457.773616666667,859007,859184,177
117,0,blank,0,155.321666666667,456.567033333333,859184,859359,175
117,0,blank,0,170.695583333333,475.515016666667,859359,859534,175
117,0,blank,0,180.27935,462.56715,859534,859711,177
117,0,blank,0,179.22205,469.4817,859711,859885,174
117,0,blank,0,196.086633333333,471.148633333333,859885,860062,177
117,0,blank,0,166.720983333333,465.8883,860062,860237,175
117,0,blank,0,149.888366666667,472.5998,860237,860415,178
117,52,head,256,166.820083333333,518.7748,860415,860592,177
117,52,head,256,156.918816666667,527.790033333333,860592,860769,177
117,52,head,256,165.585983333333,528.76555,860769,860949,180
117,52,head,256,157.21205,528.07475,860949,861009,60
117,0,blank,0,-323,-105,861129,861259,130
117,0,blank,0,-323,-105,861259,861458,199
117,0,blank,0,-323,-105,861458,861813,355
117,0,blank,0,-323,-105,861813,861994,181
117,0,blank,0,-323,-105,861994,862016,22
117,0,blank,0,-323,-105,862016,862329,313
117,0,blank,0,-323,-105,862329,862582,253
117,0,blank,0,-323,-105,862582,862937,355
117,0,blank,0,-323,-105,862937,863123,186
117,0,blank,0,-323,-105,863123,863306,183
117,0,blank,0,-323,-105,863306,863480,174
117,0,blank,0,-323,-105,863480,863674,194
117,0,blank,0,-323,-105,863674,863781,107
117,0,blank,0,-323,-105,863781,863880,99
117,0,blank,0,-323,-105,863880,864040,160
117,0,blank,0,-323,-105,864040,864188,148
117,0,blank,0,-323,-105,864188,864359,171
117,0,blank,0,-323,-105,864359,864535,176
117,0,blank,0,-323,-105,864535,864773,238
117,0,blank,0,-323,-105,864773,864949,176
117,0,blank,0,-323,-105,864949,865133,184
117,0,blank,0,-323,-105,865133,865312,179
117,0,blank,0,-323,-105,865312,865487,175
117,0,blank,0,-323,-105,865487,865660,173
117,0,blank,0,-323,-105,865660,865849,189
117,0,blank,0,-323,-105,865849,865965,116
117,0,blank,0,-323,-105,865965,866073,108
117,0,blank,0,-323,-105,866073,866262,189
117,0,blank,0,-323,-105,866262,866328,66
117,0,blank,0,-323,-105,866328,866475,147
117,0,blank,0,-323,-105,866475,866622,147
117,0,blank,0,-323,-105,866622,866846,224
117,0,blank,0,-323,-105,866846,867045,199
117,0,blank,0,-323,-105,867045,867232,187
117,0,blank,0,-323,-105,867232,867282,50
117,0,blank,0,-323,-105,867282,867601,319
117,0,blank,0,-323,-105,867601,867931,330
117,0,blank,0,-323,-105,867931,868435,504
117,0,blank,0,-323,-105,868435,868610,175
117,0,blank,0,-323,-105,868610,868711,101
117,0,blank,0,-323,-105,868711,869023,312
117,0,blank,0,874.297,636.275666666667,869427,869590,163
117,0,blank,0,959.594,658.1562,869666,869821,155
117,0,blank,0,984.224,620.318,869897,869943,46
117,0,blank,0,975.0668,639.24934,869983,870153,170
117,0,blank,0,1017.18383333333,649.299833333333,870153,870339,186
117,0,blank,0,1001.567,689.79535,870339,870399,60
117,0,blank,0,909.271333333333,670.607166666667,870429,870518,89
117,0,blank,0,-323,-105,870766,870956,190
117,0,blank,0,-323,-105,870956,871131,175
117,0,blank,0,-323,-105,871131,871272,141
117,0,blank,0,-323,-105,871272,871446,174
117,0,blank,0,-323,-105,871446,871642,196
117,0,blank,0,-323,-105,871642,871811,169
117,0,blank,0,-323,-105,871811,871995,184
117,0,blank,0,-323,-105,871995,872065,70
117,0,blank,0,-323,-105,872065,872251,186
117,0,blank,0,-323,-105,872251,872438,187
117,0,blank,0,-323,-105,872438,872516,78
117,0,blank,0,-323,-105,872516,872687,171
117,0,blank,0,-323,-105,872687,872870,183
117,0,blank,0,-323,-105,872870,872970,100
117,0,blank,0,-323,-105,872970,873200,230
117,0,blank,0,-323,-105,873200,873224,24
117,0,blank,0,-323,-105,873224,873785,561
117,0,blank,0,-323,-105,873785,873973,188
117,0,blank,0,-323,-105,873973,874135,162
117,0,blank,0,-323,-105,874135,874311,176
117,0,blank,0,-323,-105,874311,874342,31
117,0,blank,0,-323,-105,874342,874586,244
117,0,blank,0,-323,-105,874586,874773,187
117,0,blank,0,-323,-105,874773,874949,176
117,0,blank,0,-323,-105,874949,875088,139
117,0,blank,0,-323,-105,875088,875174,86
117,0,blank,0,-323,-105,875174,875296,122
117,0,blank,0,-323,-105,875296,875384,88
117,0,blank,0,-323,-105,875384,875512,128
117,0,blank,0,-323,-105,875512,875691,179
117,0,blank,0,-323,-105,875691,875807,116
117,0,blank,0,-323,-105,875807,875891,84
117,0,blank,0,-323,-105,875891,876048,157
117,0,blank,0,-323,-105,876048,876267,219
117,0,blank,0,-323,-105,876267,876452,185
117,0,blank,0,-323,-105,876452,876505,53
117,0,blank,0,-323,-105,876505,876704,199
117,0,blank,0,-323,-105,876704,877044,340
117,0,blank,0,-323,-105,877044,877377,333
117,0,blank,0,-323,-105,877377,877555,178
117,0,blank,0,-323,-105,877555,877721,166
117,0,blank,0,-323,-105,877721,877801,80
117,0,blank,0,-323,-105,877801,877931,130
117,0,blank,0,-323,-105,877931,878041,110
117,0,blank,0,-323,-105,878041,878218,177
117,0,blank,0,-323,-105,878218,878404,186
117,0,blank,0,-323,-105,878404,878549,145
117,0,blank,0,-323,-105,878549,878886,337
117,0,blank,0,-323,-105,878886,879197,311
117,0,blank,0,-323,-105,879197,879608,411
117,0,blank,0,-323,-105,879608,879795,187
117,0,blank,0,-323,-105,879795,879988,193
117,0,blank,0,-323,-105,879988,880129,141
117,0,blank,0,-323,-105,880129,880328,199
117,0,blank,0,-323,-105,880328,880486,158
117,0,blank,0,-323,-105,880486,880630,144
117,0,blank,0,-323,-105,880630,880787,157
117,0,blank,0,-323,-105,880787,880892,105
117,0,blank,0,-323,-105,880892,881051,159
117,0,blank,0,-323,-105,881051,881199,148
117,0,blank,0,-323,-105,881199,881324,125
117,0,blank,0,-323,-105,881324,881437,113
117,0,blank,0,-323,-105,881437,881706,269
117,0,blank,0,-323,-105,881706,881901,195
117,0,blank,0,-323,-105,881901,882093,192
117,0,blank,0,-323,-105,882093,882285,192
117,0,blank,0,-323,-105,882285,882448,163
117,0,blank,0,-323,-105,882448,882650,202
117,0,blank,0,-323,-105,882650,882802,152
117,0,blank,0,-323,-105,882802,882922,120
117,38,"Enterlengthoflist:",176,190.976,212.2911,883010,883171,161
117,0,blank,0,147.1797,287.4226,883255,883335,80
117,39,;,186,220.7665,239.89765,883415,883490,75
117,0,blank,0,189.157216666667,361.427266666667,883566,883752,186
117,40,=,190,115.8899,259.4662,883752,883809,57
117,34,generate,155,100.24345,136.0875,883837,884015,178
117,34,struct,157,167.445085714286,126.379271428571,884015,884214,199
117,0,blank,0,167.778666666667,117.326733333333,884214,884302,88
117,0,blank,0,231.862016666667,446.78605,884330,884507,177
117,0,blank,0,189.180116666667,447.379166666667,884507,884682,175
117,0,blank,0,194.5621,455.333616666667,884682,884858,176
117,0,blank,0,161.913483333333,462.925216666667,884858,885033,175
117,0,blank,0,174.649,459.39775,885033,885209,176
117,0,blank,0,270.112316666667,477.3808,885209,885383,174
117,0,blank,0,209.808633333333,440.935616666667,885383,885558,175
117,46,head,232,154.673766666667,401.65775,885558,885733,175
117,47,head,238,145.07995,412.392166666667,885733,885908,175
117,46,head,232,141.015066666667,396.2802,885908,886085,177
117,0,blank,0,111.79325,392.864333333333,886085,886259,174
117,0,blank,0,118.39285,388.1497,886259,886317,58
117,0,blank,0,-323,-105,886400,886579,179
117,0,blank,0,-323,-105,886579,886682,103
117,42,malloc,208,320.7366,311.4482,886708,886725,17
117,0,blank,0,946.2312,-103.91954,886816,886988,172
117,0,blank,0,1005.4464,-103.93072,886988,887163,175
117,0,blank,0,1007.4825,-103.9375,887163,887338,175
117,0,blank,0,995.546666666667,-103.9443,887338,887515,177
117,0,blank,0,938.57,-103.9489,887515,887545,30
117,0,blank,0,412.01442,586.61816,887630,887779,149
117,56,head,270,297.79556,606.95958,887779,887954,175
117,0,blank,0,295.488966666667,636.835816666667,887954,888137,183
117,0,blank,0,254.257933333333,600.0567,888165,888352,187
117,56,head,270,271.304616666667,616.1262,888352,888535,183
117,0,blank,0,354.4124,631.3914,888535,888565,30
117,0,blank,0,-323,-105,888624,888789,165
117,0,blank,0,-323,-105,888789,888962,173
117,0,blank,0,-323,-105,888962,889143,181
117,0,blank,0,-323,-105,889143,889329,186
117,0,blank,0,-323,-105,889329,889528,199
117,0,blank,0,-323,-105,889528,889697,169
117,0,blank,0,-323,-105,889697,889891,194
117,0,blank,0,-323,-105,889891,890066,175
117,0,blank,0,-323,-105,890066,890251,185
117,0,blank,0,-323,-105,890251,890433,182
117,0,blank,0,-323,-105,890433,890624,191
117,0,blank,0,-323,-105,890624,890743,119
117,0,blank,0,-323,-105,890743,890953,210
117,0,blank,0,-323,-105,890953,891054,101
117,0,blank,0,-323,-105,891054,891481,427
117,0,blank,0,-323,-105,891481,891667,186
117,0,blank,0,-323,-105,891667,891861,194
117,0,blank,0,-323,-105,891861,892016,155
117,0,blank,0,-323,-105,892016,892213,197
117,0,blank,0,-323,-105,892213,892397,184
117,0,blank,0,-323,-105,892397,892563,166
117,0,blank,0,-323,-105,892563,892755,192
117,0,blank,0,-323,-105,892755,892938,183
117,0,blank,0,-323,-105,892938,893091,153
117,0,blank,0,-323,-105,893091,893290,199
117,0,blank,0,-323,-105,893290,893316,26
117,0,blank,0,-323,-105,893316,893726,410
117,0,blank,0,-323,-105,893726,894129,403
117,0,blank,0,-323,-105,894129,894227,98
