Frameno_fix,lineno_fix,Tokenname_fix,tokens_id,gaze_X_fix,gaze_Y_fix,timestamp_fix_start,timestamp_fix_end,time_duration
100,0,blank,0,-350,-105,3294,3359,65
100,0,blank,0,-350,-105,4532,4715,183
100,0,blank,0,-350,-105,4715,4885,170
100,0,blank,0,-350,-105,4885,5056,171
100,0,blank,0,-350,-105,5056,5218,162
100,0,blank,0,-350,-105,5218,5285,67
100,0,blank,0,54.5369,-6.3295,5338,5407,69
100,0,blank,0,67.0421,-25.711,5439,5470,31
100,0,blank,0,72.7347,-27.3805,5601,5631,30
100,0,blank,0,-350,-105,5770,5861,91
100,0,blank,0,-350,-105,7482,7564,82
100,0,blank,0,193.4953,-49.4672,7990,8021,31
100,0,blank,0,-350,-105,8881,9065,184
100,0,blank,0,-350,-105,9065,9257,192
100,0,blank,0,-350,-105,9257,9384,127
100,0,blank,0,-350,-105,9384,9582,198
100,0,blank,0,-350,-105,9582,9737,155
100,0,blank,0,-350,-105,10304,10482,178
100,0,blank,0,-350,-105,10482,10662,180
100,0,blank,0,-350,-105,10662,10842,180
100,0,blank,0,-350,-105,10842,10875,33
100,0,blank,0,-350,-105,10875,11093,218
100,0,blank,0,-350,-105,11093,11215,122
100,0,blank,0,-350,-105,11215,11309,94
100,0,blank,0,-350,-105,11309,11556,247
100,0,blank,0,-350,-105,11556,11720,164
100,0,blank,0,336.5733,33.1722,12698,12729,31
100,1,alphabetical,9,332.4456,18.81,12944,12975,31
100,1,alphabetical,9,329.4773,22.0258,13132,13164,32
100,1,alphabetical,9,319.4467,18.3368,13290,13352,62
100,0,blank,0,321.3286,-3.2544,13542,13573,31
100,0,blank,0,-350,-105,13828,13908,80
100,0,blank,0,438.3612,-16.9787,13938,13979,41
100,1,order,10,472.097,19.7255,14419,14449,30
100,0,blank,0,529.9552,1.11369999999999,14480,14510,30
100,1,sort,6,175.3866,8.3897,14815,14876,61
100,0,blank,0,177.0298,1.8797,14906,14937,31
100,1,name,7,244.9506,6.008,15031,15061,30
100,1,name,7,252.4254,12.6234,15093,15278,185
100,0,blank,0,395.0133,30.8232,15686,15748,62
100,0,blank,0,349.1972,39.2956,15777,15808,31
100,0,blank,0,483.5256,24.8674,16152,16187,35
100,0,blank,0,-350,-105,17308,17390,82
100,0,blank,0,633.4584,49.3696,17906,17965,59
100,0,blank,0,-350,-105,18204,18388,184
100,0,blank,0,-350,-105,18388,18547,159
100,0,blank,0,-350,-105,18547,18693,146
100,0,blank,0,-350,-105,18693,18777,84
100,0,blank,0,-350,-105,18777,18936,159
100,0,blank,0,-350,-105,19128,19182,54
100,0,blank,0,-350,-105,21763,21822,59
100,8,"Enterthevalueofn\n",64,259.7686,169.4734,23158,23186,28
100,0,blank,0,263.0521,146.3427,23275,23304,29
100,6,],53,195.20085,130.24405,23484,23544,60
100,0,blank,0,172.8574,132.1457,23604,23636,32
100,0,blank,0,-350,-105,23762,23924,162
100,2,include,15,66.816,30.2856,24493,24523,30
100,3,string,24,149.3833,51.9263,25352,25383,31
100,3,string,24,156.7834,64.981,25476,25509,33
100,0,blank,0,256.2464,60.6423,25921,25956,35
100,0,blank,0,-350,-105,26284,26419,135
100,3,include,22,38.414,52.23195,26449,26499,50
100,3,include,22,28.8291,58.4865,26561,26591,30
100,3,include,22,42.4062,58.0299,26622,26653,31
100,3,include,22,53.56775,61.6446,26774,26833,59
100,4,(,30,89.6394,87.731,26893,26923,30
100,0,blank,0,229.8843,109.9535,27220,27251,31
100,0,blank,0,233.7731,66.586,27281,27310,29
100,0,blank,0,178.8848,47.5498,27553,27584,31
100,0,blank,0,217.4682,26.4967,27647,27677,30
100,3,h,26,182.1857,66.2834,28220,28251,31
100,0,blank,0,164.7846,66.1688,28280,28311,31
100,3,h,26,176.33985,54.2833,28343,28402,59
100,0,blank,0,164.5222,79.875,28431,28460,29
100,0,blank,0,171.2629,77.4167,28491,28521,30
100,3,h,26,183.0023,56.7634,28552,28582,30
100,0,blank,0,172.3359,77.8538,28643,28675,32
100,3,string,24,162.5925,67.3985,28764,28795,31
100,3,h,26,175.5205,61.6547,28824,28855,31
100,0,blank,0,-350,-105,28885,29016,131
100,4,main,29,48.6749,82.8171,29429,29463,34
100,0,blank,0,36.9734,70.5266,30569,30599,30
100,3,include,22,31.4485,56.2719,30660,30689,29
100,3,string,24,151.7639,63.81,31387,31418,31
100,0,blank,0,171.7566,87.1114,31538,31574,36
100,0,blank,0,272.4802,53.8236,31727,31757,30
100,0,blank,0,-4.70868333333333,72.5976166666667,31879,32063,184
100,4,main,29,43.44975,74.07765,32128,32186,58
100,0,blank,0,-350,-105,32216,32400,184
100,0,blank,0,-350,-105,32400,32563,163
100,0,blank,0,-350,-105,32563,32753,190
100,0,blank,0,-350,-105,32753,32903,150
100,0,blank,0,-350,-105,32903,33092,189
100,0,blank,0,-350,-105,33092,33286,194
100,0,blank,0,-350,-105,33286,33454,168
100,0,blank,0,-350,-105,33454,33652,198
100,0,blank,0,-350,-105,33652,33686,34
100,0,blank,0,-350,-105,34010,34066,56
100,0,blank,0,41.4902,79.6427,34203,34231,28
100,0,blank,0,29.9359,94.19215,34261,34385,124
100,0,blank,0,27.2755,99.187,34415,34509,94
100,0,blank,0,21.9973,114.4783,34571,34601,30
100,0,blank,0,38.3538,120.0524,34633,34664,31
100,0,blank,0,41.60825,106.6909,34725,34785,60
100,0,blank,0,-350,-105,35420,35579,159
100,0,blank,0,154.87595,112.6603,35710,35765,55
100,6,name,34,111.0464,122.77238,35797,35956,159
100,0,blank,0,-350,-105,36767,36898,131
100,0,blank,0,294.3104,216.2772,37950,37979,29
100,0,blank,0,-350,-105,38040,38148,108
100,7,n,60,151.70735,147.4847,38594,38657,63
100,0,blank,0,190.8384,151.8848,39191,39223,32
100,6,[,51,175.2579,121.9497,39289,39320,31
100,6,[,51,175.6421,120.2222,39573,39603,30
100,0,blank,0,-350,-105,39692,39878,186
100,0,blank,0,-350,-105,39878,40049,171
100,0,blank,0,-350,-105,40049,40184,135
100,0,blank,0,-350,-105,40184,40379,195
100,0,blank,0,-350,-105,40379,40523,144
100,0,blank,0,-350,-105,40523,40582,59
100,0,blank,0,183.6118,136.7396,41773,41803,30
100,0,blank,0,-350,-105,41966,42047,81
100,0,blank,0,305.6656,102.9683,42741,42771,30
100,0,blank,0,296.416,102.4964,42865,42897,32
100,0,blank,0,333.0958,102.808,43569,43599,30
100,0,blank,0,328.3729,110.1521,43750,43780,30
100,0,blank,0,585.3143,156.9453,43961,43991,30
100,0,blank,0,-350,-105,44813,44923,110
100,0,blank,0,455.0933,148.40985,45422,45518,96
100,0,blank,0,-350,-105,47076,47243,167
100,0,blank,0,-350,-105,47243,47287,44
100,0,blank,0,-350,-105,48390,48496,106
100,0,blank,0,143.9703,47.634,48930,48960,30
100,0,blank,0,-350,-105,49144,49331,187
100,0,blank,0,-350,-105,49331,49506,175
100,0,blank,0,-350,-105,49506,49694,188
100,0,blank,0,-350,-105,49694,49865,171
100,0,blank,0,-350,-105,49865,49968,103
100,0,blank,0,-350,-105,49968,50082,114
100,0,blank,0,-350,-105,50082,50182,100
100,0,blank,0,-350,-105,50182,50377,195
100,0,blank,0,-350,-105,50377,50453,76
100,0,blank,0,-350,-105,50453,50600,147
100,0,blank,0,-350,-105,50600,50656,56
100,0,blank,0,-350,-105,50656,50847,191
100,0,blank,0,-350,-105,50847,50972,125
100,0,blank,0,-350,-105,50972,51166,194
100,0,blank,0,-350,-105,51166,51327,161
100,0,blank,0,-350,-105,51327,51510,183
100,0,blank,0,-350,-105,51510,51646,136
100,0,blank,0,-350,-105,51646,51832,186
100,0,blank,0,-350,-105,51832,51932,100
100,0,blank,0,-350,-105,51932,52128,196
100,0,blank,0,-350,-105,52128,52251,123
100,0,blank,0,-350,-105,52251,52474,223
100,0,blank,0,-350,-105,52474,52623,149
100,0,blank,0,-350,-105,53374,53427,53
100,6,[,51,176.2247,124.8951,54290,54320,30
100,0,blank,0,467.3868,117.2326,54983,55012,29
100,0,blank,0,443.2396,90.9538,55627,55658,31
100,6,],53,431.1617,116.5926,55689,55721,32
100,0,blank,0,-350,-105,55753,55912,159
100,0,blank,0,-350,-105,56436,56597,161
100,0,blank,0,-350,-105,56597,56742,145
100,0,blank,0,-350,-105,56742,56869,127
100,0,blank,0,134.1416,139.7138,56968,56996,28
100,8,"Enterthevalueofn\n",64,128.9561,158.068,57026,57055,29
100,0,blank,0,-350,-105,57085,57243,158
100,0,blank,0,260.64915,-5.61715,58529,58596,67
100,0,blank,0,268.5164,-3.1541,58626,58688,62
100,0,blank,0,435.2794,-3.9282,58751,58782,31
100,0,blank,0,-350,-105,58878,59064,186
100,0,blank,0,-350,-105,59064,59185,121
100,8,"Enterthevalueofn\n",64,137.13145,166.85385,59214,59266,52
100,0,blank,0,104.2637,148.921933333333,59329,59426,97
100,0,blank,0,-350,-105,59489,59625,136
100,8,"Enterthevalueofn\n",64,259.79215,158.14775,59812,59878,66
100,0,blank,0,111.99495,109.85505,61320,61380,60
100,0,blank,0,42.1123,46.2665,61442,61504,62
100,3,string,24,152.1876,50.0069,61688,61719,31
100,0,blank,0,-350,-105,61780,61885,105
100,8,"Enterthevalueofn\n",64,115.5769,176.8257,62045,62070,25
100,8,"Enterthevalueofn\n",64,138.41834,176.95876,62129,62286,157
100,0,blank,0,156.265233333333,192.3741,62350,62443,93
100,9,scanf,67,88.4922333333333,194.230766666667,62475,62662,187
100,9,scanf,67,75.14566,192.81738,62662,62818,156
100,8,"Enterthevalueofn\n",64,147.6543,177.3071,62849,62912,63
100,9,"%d",69,107.869825,183.322675,63062,63186,124
100,9,scanf,67,76.0191,186.1411,63280,63310,30
100,8,printf,62,66.6716,173.8489,63341,63371,30
100,9,comma,70,145.9828,188.01015,63401,63464,63
100,9,&,71,174.06455,194.942,63618,63680,62
100,9,n,72,177.620225,190.612275,63711,63834,123
100,10,"Enter%dnames",77,142.85752,204.29644,63866,64018,152
100,10,printf,75,71.0639,213.3148,64048,64110,62
100,10,printf,75,71.83412,209.38916,64140,64297,157
100,10,"Enter%dnames",77,250.4619,215.5085,64390,64421,31
100,0,blank,0,-350,-105,64453,64636,183
100,0,blank,0,-350,-105,64636,64813,177
100,0,blank,0,-350,-105,64813,64993,180
100,0,blank,0,-350,-105,64993,65019,26
100,10,"Enter%dnames",77,184.5991,217.927,65254,65279,25
100,10,"Enter%dnames",77,267.2708,204.019875,65610,65731,121
100,10,"Enter%dnames",77,176.8898,206.0593,65848,65878,30
100,9,&,71,168.1982,195.0006,65938,65968,30
100,10,"Enter%dnames",77,246.170533333333,211.974233333333,66028,66117,89
100,0,blank,0,-350,-105,66178,66282,104
100,0,blank,0,196.033,236.7446,66412,66437,25
100,0,blank,0,196.6021,225.1573,66466,66498,32
100,10,"Enter%dnames",77,175.81974,216.01406,66530,66690,160
100,10,"Enter%dnames",77,177.7734,215.8649,66785,66817,32
100,0,blank,0,128.4357,229.1065,66911,66941,30
100,10,"Enter%dnames",77,141.0354,208.4412,67093,67123,30
100,10,"Enter%dnames",77,253.80025,205.48435,67334,67395,61
100,0,blank,0,-350,-105,67731,67910,179
100,0,blank,0,-350,-105,67910,68095,185
100,0,blank,0,-350,-105,68095,68275,180
100,0,blank,0,-350,-105,68275,68301,26
100,0,blank,0,208.9554,192.6038,68346,68398,52
100,10,"Enter%dnames",77,215.397933333333,202.5356,68484,68568,84
100,9,comma,70,145.3383,199.1672,68629,68660,31
100,0,blank,0,-350,-105,68780,68911,131
100,10,"Enter%dnames",77,188.8383,216.4059,69046,69071,25
100,9,comma,70,144.3623,188.3119,69098,69128,30
100,0,blank,0,-350,-105,69522,69685,163
100,0,blank,0,-350,-105,69685,69729,44
100,0,blank,0,104.8344,165.5749,70184,70217,33
100,9,"%d",69,105.663566666667,179.2999,70448,70541,93
100,0,blank,0,-350,-105,70572,70677,105
100,9,scanf,67,69.4086,197.3821,70888,70950,62
100,10,printf,75,85.4662,208.1779,70982,71012,30
100,9,scanf,67,78.888225,192.0608,71045,71170,125
100,8,"Enterthevalueofn\n",64,164.8376,158.386,71234,71265,31
100,8,"Enterthevalueofn\n",64,162.08275,167.87515,71327,71390,63
100,6,tname,42,247.79582,124.66678,71453,71611,158
100,6,name,34,120.5186,118.5413,71883,71909,26
100,6,name,34,123.6008,118.10335,71962,72088,126
100,0,blank,0,124.8799,107.3107,72119,72151,32
100,0,blank,0,-350,-105,72314,72468,154
100,0,blank,0,-350,-105,73282,73454,172
100,0,blank,0,106.6994,262.288,73844,73869,25
100,0,blank,0,168.5165,200.4922,73950,73979,29
100,10,"Enter%dnames",77,178.4374,202.3903,74010,74040,30
100,9,&,71,165.1748,195.9706,74160,74190,30
100,0,blank,0,275.62655,188.0496,74971,75033,62
100,8,"Enterthevalueofn\n",64,309.3191,170.6748,75066,75099,33
100,8,"Enterthevalueofn\n",64,321.8622,161.6443,75164,75196,32
100,0,blank,0,-350,-105,75256,75441,185
100,0,blank,0,-350,-105,75441,75621,180
100,0,blank,0,-350,-105,75621,75805,184
100,0,blank,0,-350,-105,75805,75995,190
100,0,blank,0,-350,-105,75995,76039,44
100,9,comma,70,146.2266,182.7375,76070,76088,18
100,10,printf,75,83.1647,214.75505,76121,76183,62
100,10,printf,75,78.8912,210.7755,76275,76306,31
100,6,10,44,162.4192,126.391,76641,76670,29
100,0,blank,0,-350,-105,76853,77049,196
100,0,blank,0,-350,-105,77049,77218,169
100,0,blank,0,-350,-105,77218,77250,32
100,0,blank,0,-350,-105,77689,77787,98
100,0,blank,0,-350,-105,78249,78443,194
100,0,blank,0,-350,-105,78443,78619,176
100,0,blank,0,-350,-105,78619,78678,59
100,0,blank,0,338.3069,209.719,78709,78740,31
100,0,blank,0,115.3939,253.2049,79089,79121,32
100,14,strcpy,106,141.735225,302.112875,79284,79414,130
100,0,blank,0,119.0803,310.5586,79446,79510,64
100,0,blank,0,112.6732,315.0699,79545,79579,34
100,0,blank,0,74.0692,305.4314,79644,79677,33
100,0,blank,0,76.6541,294.7657,79806,79839,33
100,0,blank,0,-350,-105,80067,80175,108
100,14,(,107,152.127,307.9186,80391,80424,33
100,14,tname,108,194.4271,294.1551,80823,80856,33
100,0,blank,0,151.44455,100.1225,81346,81412,66
100,0,blank,0,-350,-105,81876,82064,188
100,0,blank,0,-350,-105,82064,82248,184
100,0,blank,0,-350,-105,82248,82432,184
100,0,blank,0,-350,-105,82432,82457,25
100,0,blank,0,193.9322,288.788,82509,82546,37
100,13,(,97,135.0757,278.7085,82645,82679,34
100,0,blank,0,226.4371,323.53255,82776,82839,63
100,0,blank,0,224.726966666667,316.211333333333,82902,82997,95
100,14,strcpy,106,89.874,307.964,83122,83185,63
100,0,blank,0,-350,-105,83502,83634,132
100,14,tname,108,155.4659,294.1981,84549,84581,32
100,14,strcpy,106,121.93615,292.20555,84614,84680,66
100,13,scanf,96,128.34095,284.0407,84746,84811,65
100,0,blank,0,225.9406,328.136,85005,85038,33
100,0,blank,0,-350,-105,85530,85719,189
100,0,blank,0,-350,-105,85719,85885,166
100,0,blank,0,-350,-105,85885,85942,57
100,0,blank,0,-350,-105,86254,86434,180
100,0,blank,0,126.0483,346.739,86613,86644,31
100,0,blank,0,275.5027,454.2885,87214,87245,31
100,18,j,148,245.2555,386.1574,87530,87562,32
100,20,[,162,372.9617,427.9687,88047,88080,33
100,24,),201,369.4321,515.5092,88276,88308,32
100,0,blank,0,-350,-105,88727,88918,191
100,0,blank,0,-350,-105,88918,89069,151
100,0,blank,0,-350,-105,89069,89203,134
100,0,blank,0,-350,-105,89203,89357,154
100,0,blank,0,-350,-105,89357,89495,138
100,11,;,91,219.0537,224.2198,89763,89800,37
100,0,blank,0,-350,-105,89867,89955,88
100,11,i,92,242.1298,236.6475,90049,90072,23
100,0,blank,0,-350,-105,90533,90694,161
100,7,int,55,61.237,138.0846,90904,90937,33
100,0,blank,0,55.4031,92.1648,91034,91068,34
100,0,blank,0,91.8572,90.6215,91168,91198,30
100,0,blank,0,-350,-105,91263,91428,165
100,0,blank,0,-350,-105,91428,91582,154
100,0,blank,0,-350,-105,92127,92283,156
100,0,blank,0,162.46645,254.63855,92428,92483,55
100,0,blank,0,258.896,248.8173,92779,92813,34
100,0,blank,0,-350,-105,92884,93001,117
100,0,blank,0,-350,-105,94263,94461,198
100,0,blank,0,-350,-105,94461,94588,127
100,0,blank,0,-350,-105,94588,94703,115
100,0,blank,0,-350,-105,94703,94817,114
100,0,blank,0,572.74,-103.8377,94894,94975,81
100,0,blank,0,603.7845,-103.8933,95001,95036,35
100,0,blank,0,-350,-105,95571,95770,199
100,0,blank,0,-350,-105,95770,95948,178
100,0,blank,0,-350,-105,95948,96005,57
100,0,blank,0,-350,-105,96254,96440,186
100,0,blank,0,-350,-105,96440,96612,172
100,0,blank,0,-350,-105,96612,96719,107
100,0,blank,0,-350,-105,97035,97210,175
100,0,blank,0,-350,-105,97210,97391,181
100,0,blank,0,-350,-105,97391,97590,199
100,0,blank,0,-350,-105,97590,97778,188
100,0,blank,0,-350,-105,97778,97970,192
100,0,blank,0,-350,-105,97970,98063,93
100,0,blank,0,-350,-105,98063,98254,191
100,0,blank,0,-350,-105,98254,98609,355
100,0,blank,0,-350,-105,98609,98886,277
100,0,blank,0,-350,-105,98886,99141,255
100,0,blank,0,-350,-105,99141,99266,125
100,0,blank,0,-350,-105,99266,99436,170
100,0,blank,0,-350,-105,99436,99514,78
100,0,blank,0,-350,-105,99514,99711,197
100,0,blank,0,-350,-105,99711,99882,171
100,0,blank,0,-350,-105,99882,100024,142
100,0,blank,0,-350,-105,100024,100216,192
100,0,blank,0,-350,-105,100216,100305,89
100,0,blank,0,-350,-105,100305,100632,327
100,0,blank,0,200.078533333333,347.212566666667,101443,101588,145
100,0,blank,0,200.82425,344.2506,101633,101722,89
100,0,blank,0,287.35485,357.98875,101766,101856,90
100,0,blank,0,-350,-105,102143,102329,186
100,0,blank,0,272.2684,340.53112,102527,102677,150
100,18,for,136,105.881,393.75805,102708,102770,62
100,18,for,136,92.5905,379.658,102801,102832,31
100,18,for,136,102.699433333333,384.2525,102863,102955,92
100,0,blank,0,69.7022,375.1845,103016,103048,32
100,0,blank,0,67.53665,371.7218,103078,103138,60
100,0,blank,0,145.1694,386.3588,103199,103230,31
100,0,blank,0,-350,-105,103320,103505,185
100,0,blank,0,-350,-105,103505,103685,180
100,0,blank,0,-350,-105,103685,103857,172
100,0,blank,0,-350,-105,103857,104019,162
100,0,blank,0,-350,-105,104019,104210,191
100,0,blank,0,-350,-105,104210,104395,185
100,0,blank,0,-350,-105,104395,104495,100
100,0,blank,0,-350,-105,104495,104672,177
100,0,blank,0,-350,-105,104672,104797,125
100,0,blank,0,-350,-105,104797,104982,185
100,0,blank,0,-350,-105,104982,105099,117
100,0,blank,0,-350,-105,105099,105196,97
100,0,blank,0,-350,-105,105196,105427,231
100,0,blank,0,-350,-105,105427,105569,142
100,0,blank,0,-350,-105,105569,105735,166
100,0,blank,0,-350,-105,105735,105880,145
100,0,blank,0,-350,-105,105880,106187,307
100,0,blank,0,-350,-105,106187,106424,237
100,0,blank,0,-350,-105,106424,106628,204
100,0,blank,0,-350,-105,106628,106774,146
100,0,blank,0,-350,-105,106774,106971,197
100,0,blank,0,-350,-105,106971,107076,105
100,0,blank,0,-350,-105,107076,107221,145
100,0,blank,0,-350,-105,107740,107786,46
100,0,blank,0,179.0676,445.051,107921,107961,40
100,20,strcmp,154,178.0463,421.0326,108043,108084,41
100,20,strcmp,154,190.119,436.3563,108788,108817,29
100,20,strcmp,154,193.767,430.9436,108933,108961,28
100,20,strcmp,154,175.5516,430.4341,108992,109021,29
100,1,sort,6,193.0821,14.7099,109226,109286,60
100,2,stdio,17,147.8428,39.4858,109414,109446,32
100,0,blank,0,-350,-105,109594,109724,130
100,29,"InputNamesSorted\n",213,185.996,624.3071,109847,109887,40
100,0,blank,0,313.4157,498.5021,109957,109991,34
100,0,blank,0,258.4858,463.1414,110164,110197,33
100,0,blank,0,-350,-105,110677,110855,178
100,0,blank,0,-350,-105,110855,111032,177
100,0,blank,0,-350,-105,111032,111227,195
100,0,blank,0,-350,-105,111227,111506,279
100,0,blank,0,-350,-105,111506,111681,175
100,0,blank,0,-350,-105,111681,111857,176
100,0,blank,0,-350,-105,111857,112054,197
100,0,blank,0,-350,-105,112054,112229,175
100,0,blank,0,-350,-105,112229,112393,164
100,0,blank,0,-350,-105,112393,112579,186
100,0,blank,0,-350,-105,112579,112710,131
100,0,blank,0,-350,-105,112710,112845,135
100,0,blank,0,-350,-105,112845,113036,191
100,0,blank,0,-350,-105,113036,113175,139
100,0,blank,0,-350,-105,113175,113335,160
100,0,blank,0,-350,-105,113335,113519,184
100,0,blank,0,-350,-105,113519,113573,54
100,0,blank,0,377.875233333333,443.1408,113603,113767,164
100,20,j,163,379.8649,437.8456,113824,113854,30
100,0,blank,0,-350,-105,113917,114104,187
100,0,blank,0,-350,-105,114104,114258,154
100,0,blank,0,-350,-105,114258,114435,177
100,0,blank,0,-350,-105,114435,114519,84
100,0,blank,0,256.6971,461.9739,114885,114915,30
100,22,strcpy,170,221.4117,471.4596,115324,115415,91
100,22,strcpy,170,220.75775,481.0841,115446,115506,60
100,22,name,174,296.0533,477.3868,115808,115838,30
100,0,blank,0,290.7562,478.8033,115868,115927,59
100,22,temp,172,271.3218,472.3035,115957,115988,31
100,22,name,174,302.1678,482.7462,116019,116078,59
100,22,i,176,349.4583,467.0989,116287,116317,30
100,22,;,179,380.1155,469.3015,116378,116408,30
100,0,blank,0,-350,-105,116501,116602,101
100,0,blank,0,317.8011,495.2795,116707,116732,25
100,23,[,188,279.6251,490.4747,116907,116939,32
100,0,blank,0,343.7382,473.6304,117154,117181,27
100,24,],198,296.3621,513.1681,117384,117414,30
100,23,name,187,334.024975,504.287125,117659,117782,123
100,0,blank,0,409.6143,522.087,117811,117843,32
100,23,),191,400.17865,499.9757,117872,117933,61
100,0,blank,0,-350,-105,117993,118181,188
100,24,),201,371.0303,520.968025,118211,118322,111
100,0,blank,0,348.96955,508.54785,118353,118414,61
100,0,blank,0,209.5575,486.5893,118868,118898,30
100,23,strcpy,180,218.4794,498.354,119046,119076,30
100,0,blank,0,311.048075,508.049075,119195,119317,122
100,0,blank,0,317.0101,418.9103,119436,119466,30
100,20,],164,299.4441,435.872,119616,119647,31
100,0,blank,0,393.7057,437.2357,119768,119797,29
100,20,],164,388.4819,423.74155,119828,119888,60
100,20,],164,389.6452,431.139075,119949,120073,124
100,0,blank,0,370.1084,486.5983,120135,120228,93
100,22,),178,364.8289,482.3114,120259,120291,32
100,23,[,188,367.376425,487.72435,120321,120445,124
100,23,),191,396.663466666667,504.253566666667,120476,120569,93
100,24,],198,301.929775,518.73885,120662,120787,125
100,24,j,197,286.099875,525.6817,120819,120942,123
100,24,temp,200,326.8063,518.0365,121035,121067,32
100,0,blank,0,-350,-105,121128,121311,183
100,0,blank,0,-350,-105,121311,121504,193
100,0,blank,0,-350,-105,121504,121647,143
100,0,blank,0,-350,-105,121647,121768,121
100,0,blank,0,-350,-105,121768,121876,108
100,0,blank,0,-350,-105,122200,122354,154
100,0,blank,0,-350,-105,122354,122504,150
100,0,blank,0,273.0109,553.9674,123458,123546,88
100,0,blank,0,-350,-105,123935,124067,132
100,20,],164,295.3211,421.934,124092,124118,26
100,20,[,162,277.7833,439.6981,124201,124231,30
100,0,blank,0,288.072,458.3752,124355,124386,31
100,0,blank,0,286.30752,442.04976,124449,124603,154
100,0,blank,0,290.2194,449.2589,124634,124665,31
100,0,blank,0,-350,-105,124696,124833,137
100,20,j,163,373.19245,426.05775,124859,124909,50
100,20,j,163,377.7603,436.1607,124940,124972,32
100,20,j,163,377.956,426.5392,125033,125065,32
100,0,blank,0,303.5513,439.4835,125127,125158,31
100,20,],164,299.3503,441.7074,125221,125313,92
100,20,i,158,285.2845,427.6168,125345,125375,30
100,20,],164,295.838733333333,436.116066666667,125498,125590,92
100,0,blank,0,309.483,451.7494,125683,125713,30
100,0,blank,0,259.0358,65.3226,125992,126060,68
100,0,blank,0,130.3114,-1.1626,126379,126411,32
100,0,blank,0,-350,-105,126503,126610,107
100,23,name,187,337.492566666667,498.4962,126888,127075,187
100,0,blank,0,286.9226,482.075,127227,127258,31
100,1,to,5,141.142,9.1317,128066,128096,30
100,0,blank,0,-350,-105,128250,128315,65
100,0,blank,0,596.1772,25.4538,128463,128491,28
100,0,blank,0,-350,-105,128608,128743,135
100,23,[,188,280.1115,491.4289,128769,128795,26
100,23,name,187,242.4149,501.24612,128900,129060,160
100,23,name,187,239.12985,497.7155,129092,129156,64
100,22,temp,172,273.9976,468.0812,129189,129221,32
100,22,temp,172,262.8939,474.176,129284,129314,30
100,22,name,174,310.49555,475.4569,129407,129467,60
100,22,name,174,313.53375,484.05575,129528,129590,62
100,0,blank,0,318.6478,462.7032,129620,129650,30
100,0,blank,0,316.33805,464.2291,129681,129742,61
100,0,blank,0,319.4645,453.923,129803,129831,28
100,0,blank,0,330.4135,460.9208,129952,129982,30
100,0,blank,0,239.2772,420.777,130074,130105,31
100,20,name,161,241.8606,433.832633333333,130136,130229,93
100,0,blank,0,-350,-105,130355,130464,109
100,0,blank,0,262.0878,372.489,130581,130606,25
100,0,blank,0,253.47625,384.7878,130636,130699,63
100,0,blank,0,257.9832,388.938,130731,130763,32
100,20,i,158,292.9897,424.594133333333,130794,130888,94
100,20,],164,299.9079,425.7896,130919,130950,31
100,20,],164,296.7185,435.8446,130981,131043,62
100,0,blank,0,192.349125,567.636925,131105,131230,125
100,28,printf,206,92.6089,597.5159,131324,131386,62
100,29,(,212,105.2141,619.3696,131419,131449,30
100,29,"InputNamesSorted\n",213,196.20275,619.825,131845,131906,61
100,29,"InputNamesSorted\n",213,139.9142,626.1825,132056,132085,29
100,0,blank,0,143.2576,618.1974,132176,132206,30
100,0,blank,0,144.2836,535.8738,132237,132268,31
100,30,"------------------------------------------\n",218,210.1877,647.4109,132806,132835,29
100,28,"\n----------------------------------------\n",208,294.0513,616.1162,132989,133019,30
100,0,blank,0,-350,-105,133112,133294,182
100,0,blank,0,-350,-105,133294,133478,184
100,28,"\n----------------------------------------\n",208,136.176533333333,611.501966666667,133628,133723,95
100,29,printf,211,71.9209,624.4348,133786,133818,32
100,29,"InputNamesSorted\n",213,182.0808,626.0767,133912,133943,31
100,29,"InputNamesSorted\n",213,182.35,621.4579,133975,134005,30
100,0,blank,0,-350,-105,134036,134168,132
100,29,"InputNamesSorted\n",213,224.5128,622.6176,134285,134310,25
100,29,"InputNamesSorted\n",213,200.9807,637.9205,134400,134430,30
100,29,"InputNamesSorted\n",213,190.0942,636.9531,134461,134491,30
100,29,"InputNamesSorted\n",213,187.70385,633.18945,134996,135059,63
100,29,"InputNamesSorted\n",213,189.3875,620.4024,135089,135119,30
100,29,"InputNamesSorted\n",213,118.0123,622.68775,135181,135242,61
100,28,printf,206,94.77435,613.04015,135305,135366,61
100,0,blank,0,148.7431,593.7338,135487,135519,32
100,28,"\n----------------------------------------\n",208,133.07795,600.0362,135549,135611,62
100,0,blank,0,145.3165,618.4228,135670,135700,30
100,0,blank,0,158.7185,587.6081,135821,135850,29
100,28,"\n----------------------------------------\n",208,151.1607,608.7341,135910,135940,30
100,0,blank,0,232.7895,411.8669,136000,136029,29
100,20,strcmp,154,218.9188,421.7579,136059,136089,30
100,0,blank,0,-350,-105,136149,136331,182
100,0,blank,0,-350,-105,136331,136512,181
100,0,blank,0,-350,-105,136512,136624,112
100,0,blank,0,-350,-105,136624,136771,147
100,0,blank,0,-350,-105,136771,136942,171
100,0,blank,0,-350,-105,136942,137024,82
100,8,(,63,108.6325,172.5558,137082,137113,31
100,9,"%d",69,113.3972,188.0044,137145,137176,31
100,8,"Enterthevalueofn\n",64,120.06785,168.9575,137207,137270,63
100,9,(,68,96.969,186.09,137394,137425,31
100,0,blank,0,113.706133333333,170.7592,137517,137608,91
100,0,blank,0,-350,-105,137639,137721,82
100,10,(,76,108.4107,213.8683,137850,137876,26
100,9,),73,190.640033333333,197.019533333333,137966,138058,92
100,8,"Enterthevalueofn\n",64,231.9086,171.166866666667,138120,138213,93
100,8,"Enterthevalueofn\n",64,234.7153,159.60585,138244,138306,62
100,0,blank,0,313.1885,152.1825,138369,138400,31
100,10,"Enter%dnames",77,172.8564,207.4638,138493,138525,32
100,10,"Enter%dnames",77,169.2631,209.36955,138619,138681,62
100,9,"%d",69,105.2251,198.53298,138775,138931,156
100,9,&,71,162.82375,194.63485,139090,139153,63
100,9,scanf,67,71.885575,199.610025,139185,139312,127
100,0,blank,0,-350,-105,139345,139519,174
100,0,blank,0,82.35565,640.26135,139547,139598,51
100,29,printf,211,79.6423,621.8193,139757,139789,32
100,29,"InputNamesSorted\n",213,175.8295,631.4749,139852,139946,94
100,28,"\n----------------------------------------\n",208,184.3907,612.0324,140101,140131,30
100,28,"\n----------------------------------------\n",208,228.702025,611.817625,140162,140284,122
100,29,"InputNamesSorted\n",213,140.19735,621.0769,140407,140469,62
101,0,blank,0,130.9842,600.9233,140561,140592,31
101,29,"InputNamesSorted\n",213,220.1054,544.9447,140685,140776,91
101,31,for,221,73.2316,584.6719,140839,140870,31
101,0,blank,0,-350,-105,140931,141039,108
101,31,for,221,63.0301,589.004,141127,141148,21
101,33,printf,235,128.9753,626.7861,141422,141452,30
101,0,blank,0,372.7101,601.1871,141926,141958,32
102,33,name,244,413.412,625.607,142531,142590,59
102,0,blank,0,-350,-105,142673,142801,128
102,0,blank,0,-350,-105,142950,142983,33
103,0,blank,0,-350,-105,143670,143856,186
103,0,blank,0,-350,-105,143856,144018,162
103,0,blank,0,-350,-105,144018,144118,100
103,0,blank,0,-350,-105,144118,144239,121
103,0,blank,0,-350,-105,144239,144404,165
103,0,blank,0,-350,-105,144404,144688,284
103,0,blank,0,-350,-105,144688,144983,295
104,0,blank,0,-350,-105,145401,145655,254
104,0,blank,0,-350,-105,145655,145909,254
104,0,blank,0,-350,-105,145909,146081,172
104,0,blank,0,-350,-105,146081,146169,88
104,0,blank,0,-350,-105,146169,146340,171
104,0,blank,0,-350,-105,146340,146443,103
104,0,blank,0,-350,-105,146443,146651,208
104,0,blank,0,-350,-105,146651,146808,157
104,0,blank,0,-350,-105,146808,146971,163
104,0,blank,0,-350,-105,146971,147146,175
104,0,blank,0,-350,-105,147146,147341,195
104,0,blank,0,-350,-105,147341,147511,170
104,0,blank,0,-350,-105,147511,147697,186
104,0,blank,0,-350,-105,147697,147801,104
104,0,blank,0,-350,-105,147801,147999,198
104,0,blank,0,-350,-105,147999,148029,30
104,0,blank,0,-350,-105,148029,148288,259
104,0,blank,0,-350,-105,148288,148443,155
104,0,blank,0,-350.0967,-104.511033333333,148443,148578,135
105,0,blank,0,-350.14932,-103.76722,148622,148820,198
105,0,blank,0,-350.070933333333,-104.35655,148820,148998,178
105,0,blank,0,-350,-105,148998,149179,181
105,0,blank,0,-350,-105,149179,149359,180
105,0,blank,0,-350,-105,149359,149541,182
105,0,blank,0,-350,-105,149541,149632,91
105,0,blank,0,-350,-105,149632,149802,170
105,0,blank,0,-350,-105,149802,149986,184
105,0,blank,0,-350,-105,149986,150174,188
105,0,blank,0,-350,-105,150174,150361,187
105,0,blank,0,-350,-105,150361,150542,181
105,0,blank,0,-350,-105,150542,150682,140
105,0,blank,0,-350,-105,151136,151182,46
105,0,blank,0,-350,-105,151182,151404,222
105,33,comma,243,277.3131,639.7383,151583,151608,25
105,35,"------------------------------------------\n",253,346.2505,670.219,151742,151800,58
106,0,blank,0,438.23385,660.6422,152197,152299,102
106,33,tname,239,331.28844,631.97456,152435,152602,167
106,33,tname,239,332.64434,632.41684,152602,152771,169
106,33,tname,239,339.254,624.9672,152771,152805,34
106,0,blank,0,-350,-105,152839,152958,119
106,0,blank,0,334.79166,643.42676,153145,153313,168
106,0,blank,0,333.0765,642.6579,153313,153348,35
106,0,blank,0,339.14142,649.11158,153383,153554,171
106,0,blank,0,341.654633333333,651.4801,153554,153656,102
106,33,name,244,427.5816,641.4432,153723,153756,33
106,0,blank,0,-350,-105,153821,154004,183
106,0,blank,0,-350,-105,154004,154184,180
106,0,blank,0,-350,-105,154184,154266,82
106,0,blank,0,361.2347,659.8318,154589,154638,49
106,0,blank,0,415.8809,644.0875,155144,155192,48
106,0,blank,0,407.090766666667,645.834566666667,155456,155597,141
106,0,blank,0,434.5637,650.7,155923,155971,48
106,0,blank,0,-350,-105,156004,156189,185
106,0,blank,0,-350,-105,156189,156220,31
106,0,blank,0,368.4153,643.19085,156272,156334,62
106,0,blank,0,371.63415,650.5989,156399,156465,66
106,0,blank,0,460.413233333333,644.969033333333,156497,156595,98
106,0,blank,0,466.59502,642.63876,156627,156789,162
106,0,blank,0,-350,-105,156854,157046,192
106,35,"------------------------------------------\n",253,127.6932,672.3557,157126,157156,30
106,35,printf,251,91.1087,685.3069,158354,158385,31
106,0,blank,0,-350,-105,158538,158673,135
106,0,blank,0,519.477,662.0486,158797,158822,25
106,0,blank,0,528.8595,693.6197,158850,158882,32
106,0,blank,0,549.37298,690.92246,158975,159133,158
106,35,"------------------------------------------\n",253,563.0801,679.27105,159323,159388,65
106,0,blank,0,-350,-105,159674,159862,188
106,0,blank,0,195.89275,701.28435,161081,161170,89
106,0,blank,0,174.0051,620.0363,161423,161497,74
106,0,blank,0,372.82215,635.17405,161620,161679,59
106,0,blank,0,-350,-105,161740,161871,131
106,0,blank,0,778.929,647.6049,162037,162066,29
106,0,blank,0,784.96,650.8834,162126,162156,30
106,0,blank,0,1025.97933333333,676.798833333333,162277,162370,93
106,0,blank,0,1028.431,379.3382,162433,162465,32
106,0,blank,0,1025.328,382.5146,162527,162558,31
106,0,blank,0,1009.308,361.4856,162904,162989,85
106,0,blank,0,-350,-105,163080,163279,199
106,0,blank,0,-350,-105,163279,163459,180
106,0,blank,0,-350,-105,163459,163518,59
107,0,blank,0,-350,-105,164072,164121,49
107,2,<,16,101.414,40.5063,164362,164407,45
107,4,),31,97.3072,72.736,164573,164602,29
108,33,printf,235,104.219375,641.979025,165124,165245,121
108,0,blank,0,60.3198,691.32195,165430,165491,61
108,0,blank,0,-350,-105,165643,165827,184
108,0,blank,0,-350,-105,165827,166008,181
108,0,blank,0,-350,-105,166008,166185,177
108,0,blank,0,-350,-105,166185,166244,59
108,0,blank,0,-350,-105,166244,166483,239
108,0,blank,0,-350,-105,166483,166660,177
108,0,blank,0,-350,-105,166660,166843,183
108,0,blank,0,-350,-105,166843,167084,241
108,0,blank,0,-350,-105,167084,167272,188
108,0,blank,0,-350,-105,167272,167418,146
108,0,blank,0,-350,-105,167418,168025,607
108,0,blank,0,-350,-105,168025,168100,75
108,35,"------------------------------------------\n",253,325.5301,666.9,168854,168879,25
108,0,blank,0,-350,-105,169054,169253,199
108,0,blank,0,-350,-105,169253,169433,180
108,0,blank,0,-350,-105,169433,169624,191
108,0,blank,0,-350,-105,169624,169758,134
108,0,blank,0,-350,-105,169758,169849,91
108,0,blank,0,-350,-105,169849,170060,211
108,0,blank,0,-350,-105,170060,170251,191
108,0,blank,0,-350,-105,170251,170415,164
108,0,blank,0,-350,-105,170415,170535,120
108,0,blank,0,-350,-105,170682,170880,198
108,0,blank,0,-350,-105,170880,170944,64
108,0,blank,0,60.7041,-103.8933,171098,171144,46
108,0,blank,0,-350,-105,171417,171577,160
108,0,blank,0,-350,-105,171577,171715,138
108,0,blank,0,-350,-105,171715,171905,190
108,0,blank,0,-350,-105,171905,172080,175
108,0,blank,0,-350,-105,172080,172139,59
108,0,blank,0,616.8408,-103.9189,172181,172233,52
108,0,blank,0,635.589,-103.90565,172368,172434,66
108,0,blank,0,-350,-105,172493,172675,182
108,0,blank,0,-350,-105,172675,172820,145
108,0,blank,0,-350,-105,172820,172939,119
108,0,blank,0,-350,-105,172939,173083,144
108,0,blank,0,-350,-105,173083,173263,180
108,0,blank,0,-350,-105,173263,173381,118
108,0,blank,0,-350,-105,173381,173539,158
108,0,blank,0,-350,-105,173539,173722,183
108,0,blank,0,-350,-105,173722,173861,139
108,0,blank,0,-350,-105,173861,174023,162
108,0,blank,0,-350,-105,174138,174275,137
108,7,n,60,152.2968,63.84575,174396,174472,76
108,6,10,44,151.8835,46.8981,174472,174598,126
108,0,blank,0,-350,-105,174762,174954,192
108,0,blank,0,-350,-105,174954,175133,179
108,0,blank,0,-350,-105,175133,175171,38
108,0,blank,0,-350,-105,176532,176729,197
108,0,blank,0,-350,-105,176729,176909,180
108,0,blank,0,-350,-105,176909,177092,183
108,0,blank,0,-350,-105,177092,177263,171
108,0,blank,0,-350,-105,177263,177433,170
108,0,blank,0,-350,-105,177433,177589,156
108,0,blank,0,-350,-105,177589,178013,424
108,0,blank,0,-350,-105,178013,178183,170
108,0,blank,0,-350,-105,178183,178302,119
108,0,blank,0,-350,-105,178302,178498,196
108,0,blank,0,-350,-105,178498,178572,74
108,0,blank,0,-350,-105,178572,178767,195
108,0,blank,0,-350,-105,178767,178845,78
108,0,blank,0,-350,-105,178845,179002,157
108,0,blank,0,-350,-105,179002,179274,272
108,0,blank,0,-350,-105,179274,179533,259
108,0,blank,0,-350,-105,179533,179730,197
108,0,blank,0,-350,-105,179730,180024,294
108,0,blank,0,-350,-105,180024,180330,306
108,0,blank,0,-350,-105,180330,180647,317
108,0,blank,0,-350,-105,180647,180837,190
108,0,blank,0,-350,-105,180837,180992,155
108,0,blank,0,-350,-105,180992,181148,156
108,0,blank,0,-350,-105,181148,181269,121
108,0,blank,0,-350,-105,181269,181468,199
108,0,blank,0,-350,-105,181468,181610,142
108,0,blank,0,-350,-105,181610,181847,237
108,0,blank,0,-350,-105,181847,181946,99
108,0,blank,0,-350,-105,182571,182769,198
108,0,blank,0,-350,-105,182769,182947,178
108,0,blank,0,-350,-105,182947,183143,196
108,0,blank,0,-350,-105,183143,183325,182
108,0,blank,0,-350,-105,183325,183448,123
108,0,blank,0,-350,-105,183448,183558,110
108,0,blank,0,-350,-105,183558,183755,197
108,0,blank,0,-350,-105,183755,183911,156
108,0,blank,0,-350,-105,183911,184095,184
108,0,blank,0,-350,-105,184095,184273,178
108,0,blank,0,-350,-105,184273,184472,199
108,0,blank,0,-350,-105,184472,184611,139
108,0,blank,0,-350,-105,184611,184677,66
108,0,blank,0,-350,-105,184677,184828,151
108,0,blank,0,-350,-105,184828,184967,139
108,0,blank,0,-350,-105,184967,185155,188
108,0,blank,0,-350,-105,185155,185331,176
108,0,blank,0,-350,-105,185331,185505,174
108,0,blank,0,-350,-105,185505,185559,54
108,0,blank,0,-350,-105,185559,185745,186
108,0,blank,0,-350,-105,185745,185889,144
108,0,blank,0,-350,-105,185889,186076,187
108,0,blank,0,-350,-105,186076,186204,128
108,0,blank,0,-350,-105,186204,186322,118
108,0,blank,0,-350,-105,186322,186496,174
108,0,blank,0,-350,-105,186496,186725,229
108,0,blank,0,-350,-105,186725,186920,195
108,0,blank,0,-350,-105,186920,187194,274
108,0,blank,0,-350,-105,187194,187388,194
108,0,blank,0,-350,-105,187388,187548,160
108,0,blank,0,-350,-105,187548,187667,119
108,0,blank,0,-350,-105,187667,187791,124
108,0,blank,0,-350,-105,187791,187945,154
108,0,blank,0,-350,-105,187945,188134,189
108,0,blank,0,-350,-105,188134,188313,179
108,0,blank,0,-350,-105,188313,188508,195
108,0,blank,0,-350,-105,188508,188688,180
108,0,blank,0,-350,-105,188688,188877,189
108,0,blank,0,-350,-105,188877,189021,144
108,0,blank,0,-350,-105,189021,189166,145
108,0,blank,0,-350,-105,189166,189328,162
108,0,blank,0,-350,-105,189328,189494,166
108,0,blank,0,-350,-105,189494,189685,191
108,0,blank,0,-350,-105,189685,189814,129
108,0,blank,0,-350,-105,189814,190062,248
108,0,blank,0,-350,-105,190062,190360,298
108,0,blank,0,-350,-105,190360,190557,197
108,0,blank,0,-350,-105,190557,190728,171
108,0,blank,0,-350,-105,190728,190862,134
108,0,blank,0,-350,-105,190862,190928,66
108,0,blank,0,-350,-105,190928,191079,151
108,0,blank,0,-350,-105,191079,191208,129
108,0,blank,0,-350,-105,191208,191385,177
108,0,blank,0,-350,-105,191385,191629,244
108,0,blank,0,-350,-105,191629,191765,136
108,0,blank,0,-350,-105,191765,191945,180
108,0,blank,0,-350,-105,191945,192123,178
108,0,blank,0,-350,-105,192123,192288,165
108,0,blank,0,-350,-105,192288,192451,163
108,0,blank,0,-350,-105,192451,192586,135
108,0,blank,0,-350,-105,192586,192669,83
108,0,blank,0,-350,-105,192669,192790,121
108,0,blank,0,-350,-105,192790,192921,131
108,0,blank,0,-350,-105,192921,193088,167
108,0,blank,0,-350,-105,193088,193253,165
108,0,blank,0,-350,-105,193253,193508,255
108,0,blank,0,-350,-105,193508,193698,190
108,0,blank,0,-350,-105,193698,193807,109
108,0,blank,0,-350,-105,193953,193999,46
108,20,name,161,234.8728,351.1551,194607,194651,44
108,0,blank,0,-350,-105,194881,194951,70
108,0,blank,0,173.851875,331.415625,195163,195304,141
108,0,blank,0,170.44725,334.4752,195334,195396,62
108,0,blank,0,-350,-105,195458,195600,142
108,0,blank,0,257.087766666667,322.586566666667,195626,195806,180
108,20,name,161,244.94485,338.7137,195888,196047,159
108,0,blank,0,176.234,272.99825,196143,196264,121
108,0,blank,0,-350,-105,196449,196589,140
108,0,blank,0,349.1154,313.2102,196975,197000,25
108,20,name,161,355.8517,340.2959,197042,197088,46
108,0,blank,0,-350,-105,197190,197368,178
108,0,blank,0,-350,-105,197368,197548,180
108,0,blank,0,-350,-105,197548,197723,175
108,0,blank,0,-350,-105,197723,197888,165
108,0,blank,0,-350,-105,197888,198018,130
108,0,blank,0,-350,-105,198018,198131,113
108,0,blank,0,-350,-105,198131,198303,172
108,0,blank,0,-350,-105,198303,198358,55
108,0,blank,0,-350,-105,198358,198516,158
108,0,blank,0,-350,-105,198516,198673,157
108,0,blank,0,-350,-105,198673,198793,120
108,0,blank,0,-350,-105,198793,199207,414
108,0,blank,0,-350,-105,199207,199379,172
108,0,blank,0,-350,-105,199379,199519,140
108,0,blank,0,-350,-105,199519,199679,160
108,0,blank,0,-350,-105,199679,199773,94
108,0,blank,0,-350,-105,200290,200363,73
108,0,blank,0,282.1565,356.8502,200513,200557,44
108,20,[,162,276.763,336.03235,200754,200815,61
108,20,name,161,270.8379,337.8214,200845,200876,31
108,20,strcmp,154,205.42525,344.44095,200939,201000,61
108,20,strcmp,154,195.15465,335.9912,201031,201094,63
108,0,blank,0,202.8801,326.0293,201125,201156,31
108,20,strcmp,154,196.4577,341.819366666667,201187,201278,91
108,0,blank,0,-350,-105,201462,201648,186
108,0,blank,0,-350,-105,201648,201824,176
108,18,j,148,317.9929,309.2844,201904,201935,31
108,20,[,162,278.0429,348.4815,202059,202091,32
108,0,blank,0,314.2787,314.8528,202245,202275,30
108,0,blank,0,-350,-105,202336,202521,185
108,0,blank,0,-350,-105,202521,202701,180
108,0,blank,0,-350,-105,202701,202872,171
108,0,blank,0,-350,-105,202872,202998,126
108,0,blank,0,-350,-105,202998,203098,100
108,0,blank,0,-350,-105,203098,203205,107
108,0,blank,0,-350,-105,203205,203340,135
108,0,blank,0,-350,-105,203340,203531,191
108,0,blank,0,-350,-105,203531,203727,196
108,0,blank,0,-350,-105,203727,203836,109
108,0,blank,0,-350,-105,203836,204033,197
108,0,blank,0,-350,-105,204033,204156,123
108,0,blank,0,-350,-105,204156,204322,166
108,0,blank,0,-350,-105,204322,204362,40
108,0,blank,0,-350,-105,204362,204657,295
108,0,blank,0,-350,-105,204657,204967,310
108,0,blank,0,-350,-105,204967,205497,530
108,0,blank,0,-350,-105,205497,205590,93
108,0,blank,0,-350,-105,205590,205881,291
108,0,blank,0,-350,-105,205881,206049,168
108,0,blank,0,-350,-105,206049,206144,95
108,0,blank,0,-350,-105,206144,206330,186
108,0,blank,0,-350,-105,206330,206445,115
108,0,blank,0,-350,-105,206445,206786,341
108,0,blank,0,-350,-105,206786,206892,106
108,0,blank,0,-350,-105,206892,207283,391
108,0,blank,0,-350,-105,207283,207339,56
108,0,blank,0,-350,-105,207339,207616,277
108,0,blank,0,-350,-105,207616,207810,194
108,0,blank,0,-350,-105,207810,207960,150
108,0,blank,0,-350,-105,207960,208088,128
108,0,blank,0,-350,-105,208088,208402,314
108,0,blank,0,-350,-105,208402,208722,320
108,0,blank,0,-350,-105,208722,208760,38
108,0,blank,0,-350,-105,209382,209573,191
108,0,blank,0,-350,-105,209573,209752,179
108,0,blank,0,-350,-105,209752,209814,62
108,0,blank,0,250.005,377.7116,210480,210536,56
108,22,temp,172,247.162166666667,387.967016666667,210630,210817,187
108,22,temp,172,243.99335,389.404316666667,210817,211008,191
108,22,temp,172,242.869033333333,393.889566666667,211008,211197,189
108,22,temp,172,245.944916666667,393.25275,211197,211386,189
108,22,temp,172,248.025233333333,394.7328,211418,211610,192
108,22,temp,172,246.752733333333,394.911033333333,211610,211704,94
108,22,temp,172,250.730233333333,388.947733333333,211736,211832,96
108,0,blank,0,-350,-105,211895,212001,106
108,23,],190,300.799433333333,410.11835,212111,212293,182
108,23,],190,298.715616666667,407.417666666667,212293,212484,191
108,23,],190,294.27455,403.764675,212484,212611,127
108,22,name,174,308.306,395.8278,212703,212735,32
108,22,name,174,310.771216666667,396.180133333333,212796,212980,184
108,0,blank,0,-350,-105,213010,213168,158
108,22,name,174,311.3543,381.012733333333,213304,213483,179
108,22,name,174,304.395633333333,380.221166666667,213514,213609,95
108,0,blank,0,315.441633333333,371.251683333333,213704,213890,186
108,0,blank,0,322.2379,373.101,213890,213920,30
108,0,blank,0,313.73342,373.5608,214106,214261,155
108,22,name,174,306.4034,385.83975,214324,214386,62
108,22,name,174,308.04895,382.48175,214417,214480,63
108,0,blank,0,-350,-105,214543,214728,185
108,22,temp,172,247.10148,387.31846,214895,215044,149
108,22,temp,172,246.326866666667,383.798966666667,215077,215171,94
108,23,i,184,291.75875,406.6611,215235,215297,62
108,0,blank,0,277.336983333333,400.675216666667,215329,215516,187
108,23,name,187,273.920175,401.860825,215516,215640,124
108,22,comma,173,280.4846,396.4092,215671,215703,32
108,23,name,187,272.88645,406.9466,215766,215829,63
108,22,comma,173,278.5432,397.8098,215860,215891,31
108,0,blank,0,341.5535,369.8737,215980,216033,53
108,0,blank,0,-350,-105,216199,216392,193
108,23,name,187,346.3389,411.8264,216618,216710,92
108,22,[,175,340.6984,394.2125,216773,216805,32
108,23,name,187,340.8183,405.5658,216837,216867,30
108,23,name,187,241.58646,420.9783,216992,217145,153
108,0,blank,0,-350,-105,217205,217338,133
108,28,"\n----------------------------------------\n",208,209.1341,520.7111,217501,217526,25
108,28,"\n----------------------------------------\n",208,206.605,529.295,217581,217612,31
108,28,"\n----------------------------------------\n",208,220.17755,521.1517,217643,217704,61
108,28,"\n----------------------------------------\n",208,124.44992,522.16768,217797,217950,153
108,28,"\n----------------------------------------\n",208,126.059266666667,525.132733333333,217980,218071,91
108,16,0,124,139.93105,261.86225,218133,218315,182
108,16,;,131,147.3961,258.8995,218315,218345,30
108,16,;,131,147.6725,256.4002,218406,218437,31
108,16,;,131,144.1725,264.1412,218468,218589,121
108,0,blank,0,154.3658,263.9055,218619,218649,30
108,16,;,131,150.73175,267.0592,218710,218772,62
108,0,blank,0,-350,-105,218802,218883,81
108,0,blank,0,147.3061,164.377366666667,219014,219097,83
108,0,blank,0,142.8954,177.3783,219127,219158,31
108,0,blank,0,146.8373,164.6999,219190,219221,31
108,0,blank,0,136.5903,167.7038,219253,219285,32
108,0,blank,0,143.017416666667,162.5625,219378,219565,187
108,0,blank,0,151.3518,170.5341,219565,219596,31
108,0,blank,0,154.991216666667,166.863933333333,219838,220024,186
108,0,blank,0,151.4327,168.8503,220024,220117,93
108,0,blank,0,-350,-105,220147,220254,107
108,13,name,100,216.8503,186.7277,220287,220334,47
108,13,name,100,215.33155,185.809025,220399,220516,117
108,13,name,100,215.43668,191.42192,220548,220707,159
108,13,name,100,216.887183333333,186.957366666667,220739,220926,187
108,13,name,100,218.83345,184.94485,220926,221117,191
108,0,blank,0,220.365475,180.8314,221117,221243,126
108,0,blank,0,222.4252,176.5717,221275,221370,95
108,0,blank,0,152.84475,172.74505,221434,221629,195
108,0,blank,0,145.96845,177.680116666667,221629,221824,195
108,0,blank,0,148.812625,174.294075,221824,221954,130
108,0,blank,0,153.1433,175.204516666667,222018,222212,194
108,0,blank,0,155.362266666667,174.232433333333,222212,222407,195
108,0,blank,0,153.276833333333,175.581833333333,222407,222600,193
108,0,blank,0,159.0412,170.07945,222600,222794,194
108,0,blank,0,162.5998,177.616966666667,222794,222986,192
108,13,"%s",98,163.46,185.9919,222986,223049,63
108,13,"%s",98,164.88724,181.19602,223082,223243,161
108,0,blank,0,-350,-105,223307,223415,108
108,13,[,101,250.56265,183.610216666667,223563,223748,185
108,13,[,101,249.233333333333,187.0308,223748,223845,97
108,13,name,100,243.454825,196.851875,223879,224004,125
108,0,blank,0,248.7689,205.1106,224068,224099,31
108,14,name,113,268.3128,204.4907,224472,224503,31
108,0,blank,0,-350,-105,224697,224806,109
108,14,tname,108,156.864775,220.80095,224933,225053,120
108,14,tname,108,156.393,218.568516666667,225084,225279,195
108,14,tname,108,158.522183333333,220.711433333333,225279,225472,193
108,14,tname,108,163.6095,220.1261,225472,225502,30
108,14,tname,108,164.6036,219.8959,225564,225594,30
108,14,tname,108,175.898216666667,215.36185,225686,225869,183
108,14,tname,108,173.597466666667,216.683566666667,225993,226085,92
108,14,tname,108,167.082366666667,215.0646,226118,226304,186
108,14,tname,108,160.5271,221.562,226304,226335,31
108,14,tname,108,164.98885,207.2829,226366,226560,194
108,14,tname,108,167.006683333333,209.445733333333,226560,226752,192
108,14,tname,108,171.180683333333,205.547483333333,226752,226947,195
108,14,tname,108,174.1479,206.5318,226947,226979,32
108,13,name,100,227.258933333333,199.012366666667,227011,227205,194
108,13,name,100,219.996533333333,197.0781,227238,227335,97
108,13,;,105,289.9695,191.6306,227432,227463,31
108,0,blank,0,-350,-105,227527,227709,182
108,0,blank,0,-350,-105,227709,227746,37
108,29,"InputNamesSorted\n",213,186.52195,536.47415,227771,227820,49
108,29,"InputNamesSorted\n",213,140.768,536.5048,227850,227883,33
108,29,"InputNamesSorted\n",213,138.95045,533.517775,227946,228072,126
108,31,0,225,140.19115,597.0599,228168,228293,125
108,33,"%s\t\t%s\n",237,185.722066666667,625.851166666667,228324,228418,94
108,33,"%s\t\t%s\n",237,199.210375,625.73855,228449,228574,125
108,31,;,230,147.697566666667,589.662266666667,228816,228908,92
108,31,0,225,141.01945,585.1717,228969,229030,61
108,0,blank,0,229.24255,582.22245,229124,229185,61
108,0,blank,0,227.2369,593.5074,229245,229276,31
108,0,blank,0,350.7821,644.05915,229339,229392,53
108,33,tname,239,322.6792,623.627,229486,229517,31
108,0,blank,0,308.7311,646.7339,229547,229579,32
108,33,tname,239,323.0569,630.635,229638,229670,32
108,0,blank,0,141.07245,646.66525,229826,229950,124
108,31,for,221,69.7114,596.223983333333,230076,230265,189
108,0,blank,0,-350,-105,230297,230480,183
108,0,blank,0,-350,-105,230480,230671,191
108,0,blank,0,-350,-105,230671,230796,125
108,35,"------------------------------------------\n",253,165.5726,685.4144,231012,231083,71
108,35,"------------------------------------------\n",253,174.67115,672.47455,231114,231177,63
108,0,blank,0,-350,-105,231301,231436,135
108,0,blank,0,-350,-105,231436,231570,134
108,0,blank,0,-350,-105,231902,232285,383
108,20,],164,296.7377,338.411,233887,233917,30
108,0,blank,0,-350,-105,233977,234163,186
108,0,blank,0,-350,-105,234163,234340,177
108,0,blank,0,-350,-105,234340,234489,149
108,0,blank,0,142.7334,284.8994,234570,234634,64
108,0,blank,0,-350,-105,234934,235131,197
108,0,blank,0,-350,-105,235131,235308,177
108,0,blank,0,-350,-105,235308,235365,57
108,0,blank,0,-350,-105,235749,235894,145
108,0,blank,0,-350,-105,236863,236987,124
108,0,blank,0,124.3258,259.804933333333,237013,237091,78
108,16,0,124,134.79545,257.8924,237122,237183,61
108,16,i,132,168.922966666667,259.661666666667,237213,237306,93
108,0,blank,0,-350,-105,237368,237499,131
108,0,blank,0,193.3405,257.9864,237672,237753,81
108,0,blank,0,219.448883333333,253.958666666667,237816,238002,186
108,0,blank,0,-350,-105,238034,238219,185
108,0,blank,0,-350,-105,238219,238400,181
108,0,blank,0,-350,-105,238400,238576,176
108,0,blank,0,-350,-105,238576,238677,101
108,0,blank,0,-350,-105,238851,238953,102
108,0,blank,0,-350,-105,239820,240012,192
108,0,blank,0,-350,-105,240012,240192,180
108,0,blank,0,-350,-105,240192,240253,61
108,0,blank,0,234.3163,327.4444,240636,240679,43
108,19,{,151,88.1827,322.9364,240830,240860,30
108,0,blank,0,-350,-105,240981,241166,185
108,0,blank,0,-350,-105,241166,241322,156
108,0,blank,0,-350,-105,241322,241501,179
108,0,blank,0,-350,-105,241501,241590,89
108,0,blank,0,-350,-105,241590,241725,135
108,0,blank,0,-350,-105,241725,241864,139
108,0,blank,0,-350,-105,241864,242014,150
108,0,blank,0,-350,-105,242014,242197,183
108,0,blank,0,-350,-105,242197,242379,182
108,0,blank,0,-350,-105,242379,242483,104
108,0,blank,0,-350,-105,242483,242650,167
108,0,blank,0,-350,-105,242650,242827,177
108,0,blank,0,-350,-105,242827,242941,114
108,0,blank,0,-350,-105,242941,243174,233
108,0,blank,0,-350,-105,243174,243417,243
108,0,blank,0,-350,-105,243417,243615,198
108,0,blank,0,-350,-105,243615,243754,139
108,0,blank,0,-350,-105,243754,243819,65
108,0,blank,0,-350,-105,243819,243996,177
108,0,blank,0,-350,-105,243996,244165,169
108,0,blank,0,-350,-105,244165,244363,198
108,0,blank,0,-350,-105,244363,244479,116
108,0,blank,0,-350,-105,244479,244630,151
108,0,blank,0,-350,-105,244630,244775,145
108,0,blank,0,-350,-105,244775,244915,140
108,0,blank,0,-350,-105,244915,245081,166
108,0,blank,0,-350,-105,245081,245265,184
108,0,blank,0,-350,-105,245265,245443,178
108,0,blank,0,-350,-105,245443,245635,192
108,0,blank,0,-350,-105,245635,245742,107
108,0,blank,0,-350,-105,245742,245969,227
108,0,blank,0,-350,-105,245969,246202,233
108,0,blank,0,-350,-105,246202,246421,219
108,0,blank,0,-350,-105,246421,246610,189
108,0,blank,0,-350,-105,246610,246636,26
108,0,blank,0,-350,-105,246636,246982,346
108,0,blank,0,-350,-105,247146,247326,180
108,0,blank,0,-350,-105,247326,247370,44
108,0,blank,0,443.5156,246.3056,247867,247931,64
108,0,blank,0,129.5809,261.9684,248191,248222,31
108,0,blank,0,187.3239,296.5901,248598,248635,37
108,0,blank,0,73.2736,286.355966666667,248704,248806,102
108,0,blank,0,-350,-105,248876,249068,192
108,0,blank,0,-350,-105,249068,249250,182
108,0,blank,0,-350,-105,249250,249444,194
108,0,blank,0,-350,-105,249444,249603,159
108,0,blank,0,-350,-105,249603,249719,116
108,0,blank,0,-350,-105,249719,249900,181
108,0,blank,0,-350,-105,249900,250075,175
108,0,blank,0,-350,-105,250075,250208,133
108,0,blank,0,-350,-105,250208,250409,201
108,0,blank,0,-350,-105,250409,250511,102
108,0,blank,0,-350,-105,250511,250831,320
108,0,blank,0,-350,-105,250831,251364,533
108,0,blank,0,-350,-105,251364,251541,177
108,0,blank,0,-350,-105,251541,251656,115
108,0,blank,0,-350,-105,251656,251825,169
108,0,blank,0,-350,-105,251825,251997,172
108,0,blank,0,-350,-105,251997,252126,129
108,0,blank,0,-350,-105,252126,252310,184
108,0,blank,0,-350,-105,252310,252486,176
108,0,blank,0,-350,-105,252486,252515,29
108,0,blank,0,-350,-105,252515,252894,379
108,0,blank,0,-350,-105,252894,253089,195
108,0,blank,0,-350,-105,253089,253289,200
108,0,blank,0,-350,-105,253289,253462,173
108,0,blank,0,-350,-105,253462,253649,187
108,0,blank,0,-350,-105,253649,253741,92
108,0,blank,0,-350,-105,253741,253938,197
108,0,blank,0,-350,-105,253938,254122,184
108,0,blank,0,-350,-105,254122,254286,164
108,0,blank,0,-350,-105,254286,254469,183
108,0,blank,0,-350,-105,254469,254621,152
108,0,blank,0,-350,-105,254621,254780,159
108,0,blank,0,-350,-105,254780,254975,195
108,0,blank,0,-350,-105,254975,255152,177
108,0,blank,0,-350,-105,255152,255302,150
108,0,blank,0,-350,-105,255302,255483,181
108,0,blank,0,-350,-105,255483,255656,173
108,0,blank,0,-350,-105,255656,255790,134
108,0,blank,0,-350,-105,255790,256338,548
108,0,blank,0,-350,-105,256338,256600,262
108,0,blank,0,-350,-105,257400,257480,80
108,0,blank,0,-350,-105,258298,258479,181
108,0,blank,0,-350,-105,258479,258656,177
108,0,blank,0,-350,-105,258656,258853,197
108,0,blank,0,-350,-105,258853,259023,170
108,0,blank,0,-350,-105,259023,259127,104
108,0,blank,0,-350,-105,259127,259323,196
108,0,blank,0,-350,-105,259323,259368,45
108,0,blank,0,-350,-105,259644,259712,68
108,0,blank,0,-350,-105,259712,259874,162
108,0,blank,0,-350,-105,260269,260454,185
108,0,blank,0,507.3824,-103.9965,260660,260690,30
108,0,blank,0,494.64665,770.70705,260724,260789,65
108,0,blank,0,510.7507,791.9396,260822,260855,33
108,0,blank,0,501.5385,784.5513,260953,260987,34
108,0,blank,0,-350,-105,261087,261267,180
108,0,blank,0,-350,-105,261267,261444,177
108,0,blank,0,-350,-105,261444,261613,169
108,0,blank,0,-350,-105,261613,261801,188
108,0,blank,0,-350,-105,261801,261991,190
108,0,blank,0,-350,-105,261991,262119,128
108,0,blank,0,-350,-105,262119,262198,79
108,0,blank,0,-350,-105,262198,262561,363
108,0,blank,0,-350,-105,262561,262904,343
108,0,blank,0,-350,-105,263418,263593,175
108,0,blank,0,-350,-105,263593,263773,180
108,0,blank,0,-350,-105,263773,263956,183
108,0,blank,0,-350,-105,263956,264053,97
109,0,blank,0,-350,-105,264288,264429,141
109,0,blank,0,-350,-105,264429,264585,156
109,0,blank,0,-350,-105,264585,264748,163
109,0,blank,0,-350,-105,264748,264842,94
109,0,blank,0,-350,-105,264842,265136,294
109,0,blank,0,-350,-105,265136,265227,91
109,0,blank,0,260.6584,328.0537,265888,265918,30
109,0,blank,0,248.78735,309.95495,265948,266006,58
109,14,tname,108,179.309766666667,305.7828,266181,266270,89
109,0,blank,0,227.7806,258.6135,266358,266417,59
109,0,blank,0,216.482,249.7395,266447,266476,29
109,0,blank,0,138.3025,256.1381,266625,266655,30
109,11,;,91,147.619,227.2899,266685,266714,29
109,11,=,85,122.6602,233.8669,266744,266773,29
109,11,<,89,187.03645,229.2221,266950,267010,60
109,0,blank,0,251.0168,246.919,267247,267276,29
109,0,blank,0,-350,-105,267305,267436,131
109,13,scanf,96,130.4998,287.3653,267631,267656,25
109,14,name,113,283.193,293.5901,268000,268029,29
109,0,blank,0,271.1269,311.3824,268085,268113,28
109,14,tname,108,196.38135,296.97645,268169,268225,56
109,0,blank,0,218.942,326.4247,268282,268311,29
109,0,blank,0,133.7957,316.423,268598,268642,44
109,14,tname,108,161.3056,291.1236,268836,268875,39
109,14,name,113,286.7942,295.1786,269371,269400,29
109,0,blank,0,-350,-105,269773,269902,129
109,0,blank,0,228.7796,327.8757,270211,270240,29
109,29,"InputNamesSorted\n",213,301.6401,634.89455,270609,270666,57
109,0,blank,0,356.6669,508.182,270836,270865,29
109,23,[,188,371.7645,506.35255,270922,270980,58
109,23,name,187,348.7197,489.6645,271009,271038,29
109,0,blank,0,282.6826,481.767,271182,271211,29
109,23,],190,385.895,495.1822,271557,271585,28
109,0,blank,0,405.552,515.509,271671,271700,29
109,0,blank,0,387.64725,486.7203,271756,271814,58
109,24,),201,365.3326,512.3215,271929,271957,28
109,24,temp,200,360.99995,528.85895,272014,272072,58
109,0,blank,0,219.744,250.7422,272795,272825,30
109,0,blank,0,216.9835,288.6729,272884,272913,29
109,14,i,115,214.712,302.952,273294,273324,30
109,0,blank,0,-350,-105,273529,273635,106
109,14,tname,108,182.3394,307.8904,273813,273838,25
109,0,blank,0,162.6235,311.0674,274014,274043,29
109,0,blank,0,226.6558,413.61725,274671,274729,58
109,0,blank,0,284.7378,454.7305,274815,274844,29
109,20,[,162,281.3773,431.9826,274874,274903,29
109,0,blank,0,344.7998,464.34565,275138,275198,60
109,0,blank,0,312.5854,527.6247,275377,275408,31
109,0,blank,0,332.4808,531.6938,275465,275494,29
109,24,temp,200,324.3225,527.4832,275554,275585,31
109,23,],190,295.3741,488.3749,275734,275764,30
109,31,<,228,192.8784,680.83,275853,275882,29
109,30,"------------------------------------------\n",218,176.2177,656.7813,275940,275968,28
109,0,blank,0,182.3739,677.5549,275998,276055,57
109,30,"------------------------------------------\n",218,280.7507,647.427,276112,276142,30
109,0,blank,0,294.45,664.1465,276171,276201,30
109,0,blank,0,217.3124,694.9045,276260,276289,29
109,0,blank,0,231.6515,667.8663,276318,276347,29
109,0,blank,0,235.67,685.1077,276436,276465,29
110,0,blank,0,-350,-105,293317,293495,178
110,0,blank,0,-350,-105,293495,293674,179
110,0,blank,0,-350,-105,293674,293872,198
110,0,blank,0,-350,-105,293872,294028,156
110,0,blank,0,-350,-105,294028,294123,95
110,0,blank,0,-350,-105,294123,294340,217
110,0,blank,0,-350,-105,294340,294415,75
110,0,blank,0,-350,-105,294415,294725,310
110,0,blank,0,-350,-105,294725,294833,108
110,0,blank,0,-350,-105,294833,294962,129
110,0,blank,0,-350,-105,294962,295050,88
