Frameno_fix,lineno_fix,Tokenname_fix,tokens_id,gaze_X_fix,gaze_Y_fix,timestamp_fix_start,timestamp_fix_end,time_duration
100,0,blank,0,27.91798,-55.15332,4371,4537,166
100,0,blank,0,31.0667,-50.1234,4537,4705,168
100,0,blank,0,25.1008,-65.343825,4705,4841,136
100,0,blank,0,588.90066,-26.54704,4908,5076,168
100,0,blank,0,514.46482,-0.997120000000001,5076,5244,168
100,0,blank,0,503.63712,2.90112,5244,5413,169
100,0,blank,0,474.05584,-9.59696,5413,5583,170
100,0,blank,0,500.11524,-3.282,5583,5752,169
100,0,blank,0,503.4375,0.54828,5752,5923,171
100,0,blank,0,508.52722,-4.69438,5923,6094,171
100,0,blank,0,607.39738,-15.88486,6094,6267,173
100,0,blank,0,595.55842,-9.0851,6267,6441,174
100,0,blank,0,655.383,-0.182699999999997,6441,6476,35
100,0,blank,0,869.686,-58.60582,6511,6685,174
100,0,blank,0,847.8284,-56.43934,6685,6860,175
100,0,blank,0,48.96564,90.4756,6929,7102,173
100,0,blank,0,102.96046,68.72228,7102,7273,171
100,3,string,24,149.18136,61.62142,7273,7441,168
100,3,string,24,148.11798,66.47584,7441,7609,168
100,3,include,22,73.2905666666667,66.8613166666667,7609,7807,198
100,4,main,29,47.29606,80.39406,7807,7974,167
100,6,char,33,77.5653,121.252266666667,7974,8172,198
100,0,blank,0,93.0448,134.67892,8172,8339,167
100,8,printf,62,101.094783333333,166.753666666667,8339,8538,199
100,0,blank,0,145.172433333333,263.762,8538,8735,197
100,0,blank,0,146.497416666667,467.851466666667,8768,8966,198
100,31,=,224,118.12628,679.54696,9000,9167,167
100,31,=,224,121.15768,677.54644,9167,9335,168
100,29,"InputNamesSorted\n",213,181.900383333333,621.188716666667,9335,9534,199
100,9,"%d",69,119.281,191.088233333333,9567,9766,199
100,9,"%d",69,106.7739,195.9182,9766,9798,32
100,4,main,29,67.8140166666667,84.3245166666667,9831,10028,197
100,0,blank,0,73.4536833333333,90.9004166666667,10028,10225,197
100,0,blank,0,81.251675,93.77455,10225,10381,156
100,0,blank,0,82.6486,236.79926,10415,10582,167
100,0,blank,0,81.4192,248.997933333333,10582,10708,126
100,0,blank,0,122.0823,384.886725,10743,10876,133
100,18,j,148,141.40275,377.0593,10876,11035,159
100,0,blank,0,240.76992,362.27618,11035,11230,195
100,0,blank,0,235.417,351.4001,11230,11264,34
100,0,blank,0,166.483775,259.1529,11332,11507,175
100,14,tname,108,158.769,290.71645,11507,11690,183
100,0,blank,0,164.980725,310.0076,11690,11823,133
100,30,"------------------------------------------\n",218,156.9376,654.052,11892,12072,180
100,30,"------------------------------------------\n",218,148.6206,645.5352,12072,12271,199
100,0,blank,0,105.1589,679.67115,12271,12416,145
100,0,blank,0,87.26692,702.44936,12416,12604,188
100,0,blank,0,112.26636,690.0206,12604,12799,195
100,0,blank,0,165.184325,686.956975,12799,12970,171
100,0,blank,0,163.96476,683.20926,12970,13158,188
100,0,blank,0,186.58248,591.22894,13158,13325,167
100,0,blank,0,211.721583333333,539.152183333333,13325,13521,196
100,0,blank,0,199.8818,539.153,13521,13554,33
100,0,blank,0,343.43024,143.53792,13621,13788,167
100,0,blank,0,341.4716,154.253733333333,13788,13970,182
100,4,main,29,75.9979,75.3344,13996,14190,194
100,0,blank,0,102.577583333333,87.3300833333333,14190,14388,198
100,0,blank,0,127.190866666667,91.6868166666667,14388,14584,196
100,0,blank,0,121.136333333333,111.833433333333,14584,14782,198
100,8,printf,62,89.9874333333333,169.5676,14782,14980,198
100,9,"%d",69,138.70016,181.2131,14980,15149,169
100,9,comma,70,148.23488,179.31376,15149,15319,170
100,9,"%d",69,141.5633,185.89008,15319,15489,170
100,9,"%d",69,141.35156,179.84474,15489,15661,172
100,8,"Enterthevalueofn\n",64,148.26535,169.4855,15661,15729,68
100,6,temp,50,378.48802,133.2824,15761,15932,171
100,0,blank,0,316.43576,147.0076,15932,16104,172
100,0,blank,0,302.37682,107.45236,16104,16272,168
100,0,blank,0,263.85478,113.31954,16272,16443,171
100,6,[,51,181.29602,117.45606,16443,16611,168
100,6,name,34,120.61882,120.23972,16611,16781,170
100,0,blank,0,118.33318,107.82744,16781,16950,169
100,6,char,33,72.31358,124.44428,16950,17118,168
100,0,blank,0,88.67904,122.89178,17118,17285,167
100,6,name,34,105.173683333333,125.939,17285,17484,199
100,6,char,33,67.14652,118.23668,17484,17677,193
100,6,char,33,62.8235,114.703325,17677,17810,133
100,6,temp,50,375.997266666667,124.831616666667,17875,18074,199
100,0,blank,0,312.14405,189.356016666667,18074,18272,198
100,0,blank,0,313.780733333333,192.8898,18272,18469,197
100,0,blank,0,160.3619,248.3149,18502,18697,195
100,0,blank,0,101.014316666667,265.8519,18697,18891,194
100,13,scanf,96,103.2304,274.36585,18891,18955,64
100,0,blank,0,93.7650166666667,376.073633333333,18988,19181,193
100,0,blank,0,100.66875,376.429133333333,19181,19374,193
100,0,blank,0,151.944966666667,436.660783333333,19374,19568,194
100,20,if,152,137.363966666667,426.823816666667,19568,19763,195
100,20,if,152,124.231416666667,438.171633333333,19763,19957,194
100,0,blank,0,-12.2551166666667,475.776883333333,19957,20151,194
100,0,blank,0,-26.0743,482.757925,20151,20280,129
100,0,blank,0,146.10195,533.89685,20313,20498,185
100,0,blank,0,106.075175,535.54485,20498,20679,181
100,0,blank,0,114.15925,504.92145,20679,20856,177
100,0,blank,0,93.2848,527.500533333333,20856,20993,137
100,0,blank,0,111.62835,513.244,21041,21223,182
100,0,blank,0,126.6448,555.344516666667,21223,21415,192
100,0,blank,0,77.0100166666667,582.078233333333,21415,21604,189
100,0,blank,0,54.96008,592.6119,21604,21783,179
100,28,(,207,111.7747,603.54525,21783,21971,188
100,0,blank,0,-350,-105,22084,22140,56
100,0,blank,0,984.059,270.8193,22166,22193,27
100,0,blank,0,987.8128,97.3792,22252,22398,146
100,0,blank,0,997.215833333333,318.919683333333,22463,22660,197
100,0,blank,0,1008.81666666667,315.124133333333,22660,22858,198
100,0,blank,0,1015.53683333333,314.835983333333,22858,23055,197
100,0,blank,0,1017.64383333333,298.725966666667,23055,23254,199
100,0,blank,0,1022.086,305.59328,23254,23426,172
100,0,blank,0,1009.6664,476.24162,23460,23630,170
100,0,blank,0,1028.017,472.68206,23630,23799,169
100,0,blank,0,1006.0562,454.8972,23799,23974,175
100,0,blank,0,1017.2478,440.48296,23974,24144,170
100,0,blank,0,1016.2895,465.1942,24144,24213,69
101,0,blank,0,190.02116,619.40136,24557,24750,193
101,0,blank,0,188.6506,602.656,24750,24785,35
101,0,blank,0,93.97722,692.22782,24819,24987,168
101,0,blank,0,109.586083333333,658.050783333333,24987,25186,199
101,33,printf,235,118.803,625.00375,25186,25318,132
101,0,blank,0,336.65614,616.00416,25353,25521,168
101,0,blank,0,331.89935,617.10755,25521,25656,135
101,33,"%s\t\t%s\n",237,246.63492,640.69574,25688,25877,189
101,0,blank,0,196.225,620.1887,25877,26076,199
101,31,0,225,143.927833333333,590.303816666667,26076,26274,198
101,29,"InputNamesSorted\n",213,165.5648,549.4712,26274,26441,167
101,28,"\n----------------------------------------\n",208,206.9853,530.68265,26441,26572,131
101,0,blank,0,601.832475,490.7568,26639,26764,125
101,0,blank,0,1035.56533333333,493.682633333333,26797,26996,199
101,0,blank,0,1014.481,487.1671,26996,27195,199
101,0,blank,0,1024.57566666667,494.482016666667,27195,27393,198
101,0,blank,0,1035.38066666667,512.6431,27393,27592,199
101,0,blank,0,1025.4926,506.40448,27592,27760,168
101,0,blank,0,1026.3204,509.87572,27760,27930,170
101,0,blank,0,1023.4994,507.62176,27930,28097,167
101,0,blank,0,1005.722,454.6425,28097,28131,34
102,0,blank,0,990.6346,159.53252,28402,28573,171
102,0,blank,0,977.2735,162.3151,28573,28642,69
102,6,char,33,75.38844,128.59,28709,28884,175
102,4,main,29,77.2395,88.25148,28884,29051,167
102,3,include,22,53.36856,51.30288,29051,29222,171
102,3,include,22,51.49552,50.6875,29222,29391,169
102,3,include,22,56.84524,53.75614,29391,29558,167
102,3,include,22,58.2581333333333,58.6768333333333,29558,29757,199
102,3,string,24,121.42332,48.51572,29757,29926,169
102,0,blank,0,89.0082,49.69158,29926,30094,168
102,0,blank,0,49.64534,43.65742,30094,30261,167
102,0,blank,0,113.70254,43.19336,30261,30438,177
102,2,stdio,17,130.558,35.26618,30438,30611,173
102,2,stdio,17,109.5479,40.7464,30611,30646,35
102,0,blank,0,-350,-105,30719,30882,163
102,4,main,29,50.29042,72.51958,31405,31591,186
102,4,main,29,51.3796,75.7814,31591,31626,35
102,0,blank,0,42.94166,101.16534,31663,31844,181
102,0,blank,0,46.82638,108.58784,31844,32020,176
102,5,{,32,8.28064000000001,102.39936,32020,32192,172
102,0,blank,0,95.58582,107.85918,32192,32367,175
102,0,blank,0,95.16984,97.28212,32367,32538,171
102,0,blank,0,66.25698,105.31872,32538,32707,169
102,6,name,34,108.67802,114.15686,32707,32879,172
102,6,[,51,135.2929,116.1538,32879,33052,173
102,0,blank,0,215.50766,102.84476,33052,33224,172
102,0,blank,0,236.11976,104.4128,33224,33396,172
102,0,blank,0,195.58046,108.54164,33396,33567,171
102,6,],53,198.67684,119.3269,33567,33738,171
102,6,],53,199.64965,121.96805,33738,33806,68
102,6,comma,49,346.92562,122.72538,33842,34013,171
102,0,blank,0,355.36944,109.77602,34013,34183,170
102,6,comma,49,350.536966666667,118.5118,34183,34285,102
102,0,blank,0,187.46994,91.2387,34319,34490,171
102,0,blank,0,244.96602,105.09582,34490,34664,174
102,0,blank,0,246.0277,110.8434,34664,34733,69
102,6,temp,50,365.19674,116.24654,34766,34939,173
102,6,temp,50,371.0532,115.39038,34939,35112,173
102,0,blank,0,357.84068,126.9261,35112,35284,172
102,0,blank,0,383.74616,112.91318,35284,35458,174
102,6,temp,50,378.190666666667,126.5976,35458,35562,104
102,6,char,33,70.71984,114.92142,35632,35805,173
102,6,char,33,73.44332,117.84674,35805,35973,168
102,6,name,34,123.40738,123.09736,35973,36143,170
102,0,blank,0,359.53996,94.17424,36177,36347,170
102,0,blank,0,362.59864,99.1154,36347,36516,169
102,0,blank,0,370.421333333333,111.4417,36516,36616,100
102,0,blank,0,-350,-105,36684,36761,77
102,0,blank,0,104.758616666667,69.0020333333333,36926,37115,189
102,0,blank,0,69.4374333333333,103.547766666667,37145,37343,198
102,0,blank,0,67.4253833333333,100.287333333333,37343,37541,198
102,0,blank,0,73.7985666666667,92.47155,37541,37736,195
102,6,name,34,110.29155,126.42205,37736,37934,198
102,0,blank,0,89.77105,133.788,37934,38132,198
102,7,int,55,55.57678,140.0524,38132,38300,168
102,6,char,33,52.65205,132.345833333333,38300,38498,198
102,7,int,55,58.05,137.9973,38498,38664,166
102,6,char,33,60.13268,133.3143,38664,38830,166
102,7,int,55,58.18778,145.1224,38830,38997,167
102,7,int,55,60.3199,142.7128,38997,39031,34
102,0,blank,0,178.85654,140.46492,39065,39234,169
102,7,comma,59,125.83038,147.55206,39234,39403,169
102,0,blank,0,276.48072,146.34676,39436,39606,170
102,0,blank,0,219.29724,138.93714,39606,39772,166
102,0,blank,0,221.7917,136.0176,39772,39807,35
102,0,blank,0,323.56956,142.62008,39839,40007,168
102,0,blank,0,298.77436,151.35284,40007,40174,167
102,0,blank,0,289.6562,151.77742,40174,40342,168
102,0,blank,0,294.4991,142.1426,40342,40375,33
102,0,blank,0,102.78872,145.05774,40410,40577,167
102,7,i,56,84.30726,145.20426,40577,40743,166
102,7,i,56,90.202,150.86885,40743,40941,198
102,7,i,56,92.05236,139.63496,40941,41107,166
102,8,printf,62,93.3267833333334,157.009,41107,41306,199
102,8,"Enterthevalueofn\n",64,145.36258,161.40306,41306,41475,169
102,7,comma,59,126.57726,153.99774,41475,41641,166
102,8,printf,62,99.8638,163.6098,41641,41675,34
102,0,blank,0,-350,-105,41707,41797,90
102,7,n,60,149.2674,150.900516666667,41896,42083,187
102,8,printf,62,72.98365,174.2455,42083,42174,91
102,8,printf,62,66.1246,176.8017,42174,42298,124
102,9,scanf,67,64.8225,183.2309,42298,42422,124
102,0,blank,0,221.094375,181.8464,42511,42651,140
102,9,"%d",69,128.509733333333,180.584116666667,42683,42881,198
102,9,;,74,198.4145,182.908516666667,42881,43078,197
102,8,"Enterthevalueofn\n",64,187.130333333333,167.323816666667,43078,43277,199
102,8,"Enterthevalueofn\n",64,158.8637,173.225033333333,43277,43473,196
102,8,"Enterthevalueofn\n",64,193.049966666667,175.966,43473,43671,198
102,0,blank,0,206.39992,150.3116,43671,43838,167
102,0,blank,0,212.52796,130.2576,43838,44005,167
102,8,"Enterthevalueofn\n",64,211.1837,174.1859,44005,44204,199
102,9,comma,70,144.38175,193.982783333333,44204,44402,198
102,10,printf,75,92.39178,209.76124,44402,44570,168
102,10,printf,75,101.117733333333,216.242533333333,44570,44671,101
102,9,;,74,198.04986,199.3709,44704,44873,169
102,10,"Enter%dnames",77,192.77966,205.07596,44873,45042,169
102,10,"Enter%dnames",77,167.835516666667,221.578716666667,45042,45240,198
102,0,blank,0,117.94532,247.20374,45240,45409,169
102,0,blank,0,117.8342,253.47632,45409,45578,169
102,0,blank,0,118.5285,256.7194,45578,45610,32
102,0,blank,0,101.45222,99.89802,45644,45813,169
102,6,name,34,101.84932,121.63662,45813,45981,168
102,6,name,34,97.19515,118.3323,45981,46180,199
102,7,i,56,90.41195,144.3237,46180,46247,67
102,13,scanf,96,127.571616666667,281.664283333333,46281,46480,199
102,13,scanf,96,126.46996,278.6341,46480,46648,168
102,0,blank,0,168.33424,256.73144,46648,46816,168
102,0,blank,0,155.62596,242.96208,46816,46982,166
102,0,blank,0,116.47812,252.81492,46982,47150,168
102,0,blank,0,101.279333333333,246.528833333333,47150,47345,195
102,0,blank,0,196.79298,254.4928,47345,47512,167
102,11,n,90,212.556975,240.568925,47512,47646,134
102,0,blank,0,269.06664,92.97374,47679,47845,166
102,0,blank,0,199.27436,91.05846,47845,48014,169
102,0,blank,0,217.4549,101.1258,48014,48081,67
102,0,blank,0,131.44206,90.3259,48114,48282,168
102,0,blank,0,136.2407,91.2815,48282,48350,68
102,0,blank,0,369.75934,74.69652,48384,48552,168
102,0,blank,0,362.7326,82.1901,48552,48684,132
102,0,blank,0,135.095,91.83948,48718,48885,167
102,0,blank,0,168.9093,100.99702,48885,49055,170
102,9,n,72,176.83414,180.78656,49055,49224,169
102,0,blank,0,207.0142,250.86656,49224,49393,169
102,11,n,90,212.012175,239.4814,49393,49527,134
102,13,scanf,96,103.23002,283.4716,49560,49729,169
102,13,scanf,96,128.84134,277.32324,49729,49894,165
102,13,name,100,207.08218,280.3973,49894,50062,168
102,13,"%s",98,155.260783333333,275.209883333333,50062,50261,199
102,13,"%s",98,157.752316666667,269.1352,50261,50459,198
102,0,blank,0,164.72605,266.01145,50459,50592,133
102,6,10,44,153.8608,115.82744,50625,50790,165
102,0,blank,0,193.6489,93.3616,50790,50957,167
102,0,blank,0,252.815416666667,89.6158333333333,50957,51155,198
102,0,blank,0,209.8485,93.5856,51155,51286,131
102,0,blank,0,359.241633333333,104.332983333333,51319,51517,198
102,0,blank,0,344.804075,96.2063,51517,51649,132
102,4,),31,100.4518,88.66844,51683,51852,169
102,0,blank,0,124.03432,84.92166,51852,52018,166
102,0,blank,0,146.87066,95.45432,52018,52186,168
102,0,blank,0,146.8927,89.73404,52186,52354,168
102,0,blank,0,148.113933333333,84.9561333333333,52354,52553,199
102,0,blank,0,120.8331,107.72058,52553,52721,168
102,8,"Enterthevalueofn\n",64,140.2188,169.54635,52721,52919,198
102,11,<,89,190.9421,242.393683333333,52919,53117,198
102,0,blank,0,204.222933333333,252.68695,53117,53315,198
102,11,i,92,170.60736,232.3087,53315,53481,166
102,11,0,86,141.07238,236.43066,53481,53648,167
102,11,0,86,137.34716,240.88488,53648,53815,167
102,0,blank,0,100.98228,253.58646,53815,53982,167
102,0,blank,0,100.21278,249.30942,53982,54148,166
102,11,i,92,172.06318,243.23478,54148,54314,166
102,0,blank,0,-350,-105,54348,54432,84
102,29,;,215,359.5674,634.8527,54458,54484,26
102,0,blank,0,132.201983333333,244.795816666667,54539,54723,184
102,11,i,92,99.3448,234.00645,54723,54789,66
102,0,blank,0,89.73008,115.85214,54824,55021,197
102,0,blank,0,92.0843666666667,94.3456666666667,55021,55209,188
102,0,blank,0,124.517633333333,95.6745666666667,55209,55408,199
102,0,blank,0,140.94438,92.91148,55408,55575,167
102,0,blank,0,166.84055,152.99435,55575,55641,66
102,13,name,100,210.29978,276.38086,55676,55842,166
102,0,blank,0,211.610583333333,244.51,55842,56041,199
102,0,blank,0,220.33806,249.38736,56041,56208,167
102,11,;,91,217.4596,223.39294,56208,56376,168
102,8,"Enterthevalueofn\n",64,205.06982,163.84466,56376,56544,168
102,8,"Enterthevalueofn\n",64,173.26066,173.61572,56544,56713,169
102,9,"%d",69,138.74602,185.65166,56713,56883,170
102,9,n,72,182.7768,187.01698,56883,57052,169
102,0,blank,0,216.76806,179.87534,57052,57221,169
102,0,blank,0,204.0021,186.1155,57221,57290,69
102,8,printf,62,80.73664,167.3361,57323,57491,168
102,8,printf,62,81.0767,161.50988,57491,57658,167
102,0,blank,0,105.40278,134.85786,57658,57827,169
102,0,blank,0,216.34836,145.82614,57827,57994,167
102,0,blank,0,207.2389,142.92804,57994,58161,167
102,0,blank,0,212.24355,146.752733333333,58161,58359,198
102,0,blank,0,285.608733333333,145.37315,58359,58558,199
102,0,blank,0,281.19255,141.923166666667,58558,58757,199
102,0,blank,0,248.6752,151.1932,58757,58824,67
102,7,int,55,43.0800166666667,146.9268,58857,59056,199
102,8,printf,62,100.54645,168.379683333333,59056,59254,198
102,8,"Enterthevalueofn\n",64,119.564333333333,172.4926,59254,59453,199
102,10,"Enter%dnames",77,146.448166666667,221.82635,59453,59652,199
102,11,i,92,164.06284,242.1251,59652,59818,166
102,10,"Enter%dnames",77,162.1338,221.119225,59818,59951,133
102,0,blank,0,-350,-105,59984,60094,110
102,10,printf,75,97.326,207.8787,60120,60146,26
102,0,blank,0,122.893733333333,222.87425,60212,60397,185
102,0,blank,0,165.159866666667,258.5954,60397,60593,196
102,0,blank,0,137.336766666667,252.3418,60593,60789,196
102,0,blank,0,96.1084333333333,252.565583333333,60789,60986,197
102,13,scanf,96,92.8933,273.21815,60986,61183,197
102,0,blank,0,67.5112166666667,254.84055,61183,61377,194
102,0,blank,0,111.633983333333,259.366366666667,61377,61573,196
102,0,blank,0,151.55725,258.1228,61573,61770,197
102,0,blank,0,140.315366666667,252.874716666667,61770,61969,199
102,0,blank,0,134.009916666667,262.036016666667,61969,62167,198
102,0,blank,0,131.10476,226.32896,62167,62335,168
102,11,<,89,183.76886,232.8698,62335,62502,167
102,11,n,90,203.19385,227.50895,62502,62692,190
102,13,),104,274.3316,270.0471,62692,62891,199
102,13,i,102,260.8198,273.3509,62891,62963,72
102,0,blank,0,98.98626,103.54568,62996,63163,167
102,0,blank,0,103.41802,96.29746,63163,63331,168
102,6,name,34,101.1578,116.7883,63331,63364,33
102,0,blank,0,256.5856,93.0862166666667,63397,63595,198
102,0,blank,0,221.124183333333,103.4138,63595,63793,198
102,0,blank,0,215.32266,101.0445,63793,63958,165
102,0,blank,0,276.14685,91.1027166666667,63958,64156,198
102,0,blank,0,273.960216666667,99.55235,64156,64354,198
102,8,"Enterthevalueofn\n",64,222.6675,164.644,64354,64387,33
102,14,comma,112,235.35002,295.33102,64420,64587,167
102,13,[,101,249.71572,270.51558,64587,64756,169
102,0,blank,0,161.703516666667,265.339666666667,64756,64955,199
102,13,scanf,96,92.8658333333333,272.237483333333,64955,65154,199
102,13,scanf,96,99.2123333333333,269.398616666667,65154,65353,199
102,0,blank,0,49.8717666666667,304.033533333333,65353,65550,197
102,0,blank,0,53.1638,303.797616666667,65550,65747,197
102,0,blank,0,81.24355,302.523533333333,65747,65942,195
102,0,blank,0,79.4160333333333,310.286516666667,65942,66139,197
102,15,},119,45.6430666666667,314.180666666667,66139,66336,197
102,14,strcpy,106,98.409,308.6453,66336,66535,199
102,14,strcpy,106,112.930583333333,308.855383333333,66535,66729,194
102,14,tname,108,168.44345,306.333883333333,66729,66924,195
102,14,tname,108,167.642633333333,298.386466666667,66924,67121,197
102,14,tname,108,163.9096,303.08085,67121,67317,196
102,14,tname,108,166.890083333333,297.821933333333,67317,67512,195
102,0,blank,0,180.11345,318.7374,67512,67578,66
102,0,blank,0,-350,-105,67611,67720,109
102,0,blank,0,223.3498,314.0457,67747,67785,38
102,14,comma,112,234.11335,296.491266666667,67857,68043,186
102,14,tname,108,181.521116666667,298.427316666667,68043,68241,198
102,14,tname,108,184.465816666667,299.542633333333,68241,68440,199
102,14,i,115,220.21855,300.674766666667,68440,68636,196
102,0,blank,0,227.037866666667,311.8696,68636,68832,196
102,14,comma,112,237.277666666667,309.243283333333,68832,69031,199
102,0,blank,0,254.433083333333,310.749883333333,69031,69226,195
102,0,blank,0,263.202366666667,316.432166666667,69226,69425,199
102,0,blank,0,266.807566666667,325.3739,69425,69527,102
102,0,blank,0,120.33428,373.3797,69561,69729,168
102,0,blank,0,113.32586,373.12532,69729,69898,169
102,0,blank,0,156.90532,352.74512,69898,70066,168
102,16,i,132,166.89016,348.16076,70066,70233,167
102,16,;,131,144.67126,350.22068,70233,70402,169
102,0,blank,0,118.4348,356.11594,70402,70571,169
102,0,blank,0,107.902733333333,358.542733333333,70571,70672,101
102,0,blank,0,-350,-105,70706,70792,86
102,0,blank,0,165.6451,738.4612,70818,70843,25
102,16,i,132,172.107166666667,351.08375,70904,71090,186
102,0,blank,0,191.82376,358.87208,71090,71258,168
102,0,blank,0,182.77704,370.62988,71258,71427,169
102,0,blank,0,172.78284,373.12274,71427,71593,166
102,0,blank,0,119.06618,325.76378,71593,71760,167
102,0,blank,0,98.08012,310.80848,71760,71926,166
102,14,strcpy,106,106.41718,307.17742,71926,72096,170
102,0,blank,0,196.337233333333,364.39945,72096,72295,199
102,0,blank,0,200.75124,370.12564,72295,72465,170
102,0,blank,0,218.61256,367.3239,72465,72635,170
102,0,blank,0,264.55602,370.59436,72635,72805,170
102,18,;,147,230.2335,383.35464,72805,72976,171
102,18,;,147,226.2345,377.49118,72976,73147,171
102,16,<,127,189.60682,346.56934,73147,73317,170
102,16,i,132,171.49624,337.11626,73317,73490,173
102,0,blank,0,173.82946,326.7817,73490,73658,168
102,0,blank,0,175.375175,325.53375,73658,73793,135
102,0,blank,0,264.48658,365.18216,73828,73998,170
102,0,blank,0,283.23026,366.0863,73998,74167,169
102,0,blank,0,287.32128,366.71552,74167,74338,171
102,18,n,146,286.79976,379.4784,74338,74504,166
102,16,-,129,227.06616,339.52828,74504,74674,170
102,0,blank,0,205.095366666667,325.2399,74674,74873,199
102,0,blank,0,179.76836,324.471,74873,75040,167
102,0,blank,0,163.84934,322.23316,75040,75207,167
102,0,blank,0,139.79082,319.52052,75207,75374,167
102,0,blank,0,144.53134,315.94026,75374,75544,170
102,0,blank,0,105.3008,311.28194,75544,75711,167
102,14,strcpy,106,110.63508,309.01954,75711,75878,167
102,0,blank,0,139.68862,314.25876,75878,76044,166
102,0,blank,0,170.9487,310.97972,76044,76212,168
102,14,tname,108,172.983883333333,306.856383333333,76212,76411,199
102,0,blank,0,158.51155,320.572883333333,76411,76609,198
102,0,blank,0,170.949066666667,325.175016666667,76609,76804,195
102,0,blank,0,124.6293,405.488366666667,76804,77003,199
102,20,strcmp,154,217.826033333333,424.621433333333,77003,77202,199
102,20,(,155,225.01524,427.12636,77202,77369,167
102,20,name,161,233.1953,437.8237,77369,77402,33
102,0,blank,0,338.15868,417.04934,77435,77601,166
102,0,blank,0,298.6514,409.2459,77601,77770,169
102,0,blank,0,186.80652,416.12684,77770,77936,166
102,0,blank,0,151.04936,421.50596,77936,78105,169
102,0,blank,0,141.7694,414.450966666667,78105,78303,198
102,0,blank,0,144.8759,403.571666666667,78303,78404,101
102,8,"Enterthevalueofn\n",64,126.00976,165.11518,78437,78604,167
102,8,"Enterthevalueofn\n",64,133.959616666667,162.902683333333,78604,78803,199
102,9,"%d",69,138.881866666667,191.549916666667,78803,79002,199
102,9,"%d",69,141.793383333333,198.604,79002,79196,194
102,0,blank,0,163.033683333333,348.5946,79229,79427,198
102,0,blank,0,161.434033333333,346.212416666667,79427,79626,199
102,0,blank,0,164.431166666667,329.505333333333,79626,79724,98
102,7,comma,59,127.028316666667,142.406866666667,79757,79956,199
102,0,blank,0,81.2494,111.45135,79956,80155,199
102,0,blank,0,82.9777166666667,106.076566666667,80155,80354,199
102,0,blank,0,84.3993666666667,106.2639,80354,80552,198
102,7,i,56,93.17385,144.556575,80552,80686,134
102,18,=,139,153.57644,397.27408,80720,80888,168
102,0,blank,0,159.80364,353.9249,80888,81060,172
102,0,blank,0,157.7536,358.06512,81060,81227,167
102,0,blank,0,244.592933333333,410.2976,81262,81461,199
102,20,strcmp,154,176.9527,423.575733333333,81461,81659,198
102,20,strcmp,154,217.2918,421.037133333333,81659,81858,199
102,0,blank,0,262.74918,419.0152,81858,82025,167
102,20,name,161,261.92726,431.45888,82025,82193,168
102,20,name,161,252.79335,421.4335,82193,82260,67
102,20,if,152,140.080316666667,422.17225,82292,82491,199
102,0,blank,0,152.66944,417.63446,82491,82658,167
102,0,blank,0,206.37756,408.71028,82658,82827,169
102,9,"%d",69,111.38125,199.6964,82860,82963,103
102,10,"Enter%dnames",77,117.5475,204.2724,82963,83095,132
102,9,scanf,67,91.4415,198.00025,83095,83289,194
102,9,scanf,67,80.99168,191.9868,83289,83462,173
102,11,(,83,85.2053666666667,236.758933333333,83462,83661,199
102,0,blank,0,140.3057,248.926133333333,83661,83860,199
102,0,blank,0,128.84575,200.430783333333,83860,84057,197
102,9,"%d",69,126.664216666667,187.55285,84057,84254,197
102,9,"%d",69,133.672066666667,192.991383333333,84254,84448,194
102,0,blank,0,156.302883333333,199.981383333333,84448,84647,199
102,10,"Enter%dnames",77,140.4588,209.5055,84647,84681,34
102,0,blank,0,218.901233333333,339.807816666667,84713,84909,196
102,14,tname,108,169.194833333333,301.675016666667,84909,85104,195
102,14,tname,108,174.95905,298.63365,85104,85178,74
102,0,blank,0,240.3268,312.23,85178,85437,259
102,0,blank,0,237.90084,317.81484,85437,85612,175
102,0,blank,0,217.25534,362.10162,85612,85778,166
102,0,blank,0,183.82264,367.02278,85778,85945,167
102,0,blank,0,178.856116666667,365.558366666667,85945,86144,199
102,0,blank,0,233.33456,366.1036,86144,86310,166
102,0,blank,0,190.28525,357.731616666667,86310,86509,199
102,0,blank,0,154.1493,361.59096,86509,86677,168
102,0,blank,0,151.62445,365.8521,86677,86876,199
102,0,blank,0,138.87722,354.75138,86876,87044,168
102,0,blank,0,111.81204,359.82208,87044,87210,166
102,0,blank,0,-350,-105,87275,87446,171
102,0,blank,0,68.6293333333333,356.735366666667,87483,87669,186
102,20,strcmp,154,202.884616666667,423.399133333333,87702,87900,198
102,0,blank,0,134.3778,415.729066666667,87900,88095,195
102,0,blank,0,278.549166666667,408.934216666667,88095,88291,196
102,0,blank,0,291.058566666667,405.05555,88291,88483,192
102,0,blank,0,298.2794,404.61755,88483,88677,194
102,0,blank,0,213.26555,405.030616666667,88677,88875,198
102,0,blank,0,186.060416666667,391.893316666667,88875,89071,196
102,18,j,148,244.68052,392.73328,89071,89239,168
102,0,blank,0,257.39068,408.32102,89239,89405,166
102,0,blank,0,260.09548,415.36292,89405,89572,167
102,0,blank,0,319.284016666667,414.0055,89572,89771,199
102,0,blank,0,324.7646,407.913766666667,89771,89872,101
102,0,blank,0,146.77972,410.1716,89905,90072,167
102,0,blank,0,162.15542,411.75306,90072,90241,169
102,18,1,142,218.905483333333,395.689633333333,90241,90437,196
102,18,1,142,216.48485,396.747366666667,90437,90636,199
102,0,blank,0,187.2778,368.7416,90636,90668,32
102,8,printf,62,86.1944166666667,166.891133333333,90700,90898,198
102,8,printf,62,95.1128166666667,157.505316666667,90898,91093,195
102,9,n,72,180.48865,184.858633333333,91093,91292,199
102,11,0,86,138.116916666667,223.516983333333,91292,91491,199
102,0,blank,0,101.6715,264.200866666667,91491,91590,99
102,0,blank,0,184.23136,391.16756,91624,91790,166
102,0,blank,0,174.76856,368.92104,91790,91958,168
102,0,blank,0,154.85675,330.68385,91958,92157,199
102,16,i,132,170.8832,343.22446,92157,92324,167
102,0,blank,0,148.24988,313.99422,92324,92490,166
102,14,strcpy,106,129.68108,297.96434,92490,92658,168
102,0,blank,0,190.125666666667,320.042683333333,92658,92857,199
102,0,blank,0,179.41718,312.17388,92857,93024,167
102,14,tname,108,157.43286,307.5104,93024,93190,166
102,0,blank,0,160.39912,312.3542,93190,93358,168
102,0,blank,0,216.5344,325.7163,93358,93527,169
102,0,blank,0,-350,-105,93594,93780,186
102,0,blank,0,-350,-105,93780,93852,72
102,0,blank,0,158.16195,321.97155,93889,94078,189
102,0,blank,0,150.44282,322.1707,94078,94245,167
102,14,tname,108,162.71732,309.59614,94245,94411,166
102,0,blank,0,181.6936,320.088383333333,94411,94609,198
102,0,blank,0,182.1314,337.41135,94609,94805,196
102,0,blank,0,184.9804,362.8304,94805,95003,198
102,0,blank,0,293.55534,400.8435,95003,95170,167
102,0,blank,0,305.5263,399.68948,95170,95337,167
102,0,blank,0,320.597166666667,408.798616666667,95337,95535,198
102,0,blank,0,340.827216666667,398.494016666667,95535,95734,199
102,18,++,149,344.10515,392.7967,95734,95802,68
102,14,tname,108,180.309666666667,308.71425,95834,96033,199
102,14,tname,108,187.13864,301.6687,96033,96200,167
102,14,(,107,147.752783333333,291.063666666667,96200,96398,198
102,14,strcpy,106,143.185616666667,307.317883333333,96398,96596,198
102,20,],164,296.9907,421.23938,96629,96795,166
102,20,comma,160,305.74188,423.47596,96795,96963,168
102,0,blank,0,215.5282,338.45725,96997,97195,198
102,0,blank,0,200.21178,354.52274,97195,97364,169
102,0,blank,0,201.91672,363.43572,97364,97533,169
102,0,blank,0,173.71428,360.2588,97533,97701,168
102,0,blank,0,165.70905,354.28985,97701,97836,135
102,0,blank,0,-350,-105,97903,97979,76
102,0,blank,0,179.6354,323.109866666667,98094,98279,185
102,14,tname,108,165.9569,306.42532,98279,98447,168
102,0,blank,0,228.8935,359.752183333333,98447,98644,197
102,0,blank,0,234.951,358.292383333333,98644,98843,199
102,16,-,129,230.9438,347.01,98843,98876,33
102,0,blank,0,327.7639,406.692566666667,98909,99108,199
102,0,blank,0,313.500733333333,402.003,99108,99304,196
102,0,blank,0,296.471566666667,411.24025,99304,99501,197
102,0,blank,0,275.799,413.2822,99501,99534,33
102,0,blank,0,145.258983333333,459.973416666667,99567,99765,198
102,0,blank,0,275.5821,415.197416666667,99799,99996,197
102,0,blank,0,132.295283333333,403.641016666667,100029,100226,197
102,0,blank,0,146.4101,416.2515,100226,100260,34
102,0,blank,0,353.150283333333,409.270483333333,100293,100490,197
102,0,blank,0,373.5491,416.0979,100490,100523,33
102,20,if,152,143.095133333333,438.807383333333,100558,100756,198
102,0,blank,0,156.40748,449.35676,100756,100922,166
102,0,blank,0,234.60035,460.938816666667,100956,101155,199
102,0,blank,0,186.57552,459.47398,101155,101322,167
102,0,blank,0,178.846916666667,455.1778,101322,101519,197
102,0,blank,0,203.384566666667,454.210416666667,101519,101717,198
102,0,blank,0,236.704216666667,454.057583333333,101717,101915,198
102,0,blank,0,199.157166666667,451.849983333333,101915,102113,198
102,0,blank,0,181.325533333333,452.0357,102113,102312,199
102,0,blank,0,245.6419,452.480883333333,102312,102511,199
102,0,blank,0,284.802483333333,461.79125,102511,102709,198
102,22,strcpy,170,206.5566,479.020383333333,102709,102908,199
102,23,strcpy,180,202.542666666667,487.729416666667,102908,103107,199
102,22,strcpy,170,199.88882,484.6563,103107,103275,168
102,22,strcpy,170,181.0309,465.2751,103275,103456,181
102,0,blank,0,166.1141,458.0429,103456,103576,120
102,0,blank,0,-350,-105,103658,103831,173
102,0,blank,0,-350,-105,103831,103919,88
102,20,if,152,129.547566666667,427.579766666667,103956,104145,189
102,0,blank,0,152.49098,422.1212,104145,104311,166
102,20,strcmp,154,182.63855,435.183866666667,104311,104509,198
102,0,blank,0,218.648433333333,450.232533333333,104509,104706,197
102,0,blank,0,66.9097333333333,-5.60211666666667,104772,104971,199
102,0,blank,0,81.5459,-56.3901333333333,104971,105167,196
102,0,blank,0,104.565275,-49.677225,105167,105299,132
102,0,blank,0,310.643916666667,-29.7826333333333,105332,105531,199
102,0,blank,0,310.4952,-12.3805,105531,105565,34
102,0,blank,0,191.319766666667,-20.3160666666667,105599,105798,199
102,0,blank,0,139.97926,-20.83234,105798,105967,169
102,0,blank,0,142.865766666667,-30.178,105967,106068,101
102,0,blank,0,337.33612,-35.84126,106102,106272,170
102,0,blank,0,317.8866,-25.4736,106272,106306,34
102,0,blank,0,451.66316,-23.5986,106341,106513,172
102,0,blank,0,446.8507,-9.6833,106513,106547,34
102,0,blank,0,259.55942,-39.28186,106583,106751,168
102,0,blank,0,159.98796,-28.29214,106751,106918,167
102,0,blank,0,169.307475,-34.882375,106918,107055,137
102,0,blank,0,-350,-105,107122,107297,175
102,0,blank,0,179.50125,458.92155,107489,107684,195
102,0,blank,0,219.026,457.765283333333,107684,107883,199
102,0,blank,0,214.2947,462.172466666667,107883,108080,197
102,0,blank,0,-350,-105,108112,108272,160
102,20,(,155,230.5879,437.5134,108298,108326,28
102,0,blank,0,242.090866666667,444.7928,108402,108590,188
102,0,blank,0,205.59615,448.336783333333,108590,108784,194
102,0,blank,0,156.339933333333,459.1606,108784,108983,199
102,0,blank,0,207.57562,455.36296,108983,109152,169
102,0,blank,0,211.029,445.73085,109152,109222,70
102,0,blank,0,386.1805,338.9061,109256,109290,34
102,0,blank,0,283.15268,452.26578,109324,109496,172
102,0,blank,0,287.47648,456.86416,109496,109668,172
102,0,blank,0,299.5154,457.7551,109668,109840,172
102,0,blank,0,281.87332,457.51846,109840,110014,174
102,0,blank,0,281.526625,444.742425,110014,110192,178
102,20,name,161,273.93866,441.62822,110192,110363,171
102,0,blank,0,261.4401,446.8615,110363,110542,179
102,0,blank,0,215.64782,446.62756,110542,110719,177
102,0,blank,0,294.11676,444.18716,110719,110903,184
102,20,],164,301.35836,436.92924,110903,111081,178
102,20,name,161,334.9154,439.03634,111081,111262,181
102,20,i,158,288.62076,440.01274,111262,111451,189
102,0,blank,0,270.9323,462.0375,111451,111637,186
102,20,name,161,353.2586,422.6888,111637,111709,72
102,0,blank,0,-350,-105,111778,111842,64
102,0,blank,0,226.409575,448.72165,112096,112273,177
102,0,blank,0,114.6795,475.83702,112311,112491,180
102,0,blank,0,121.22382,464.32406,112491,112662,171
102,20,if,152,138.25492,440.54682,112662,112833,171
102,0,blank,0,134.588975,451.5642,112833,112970,137
102,0,blank,0,263.36224,461.21142,113005,113179,174
102,0,blank,0,277.1283,452.299075,113179,113319,140
102,22,strcpy,170,165.60112,477.77938,113355,113537,182
102,22,strcpy,170,188.78645,468.2401,113537,113718,181
102,22,temp,172,241.77602,477.2662,113788,113968,180
102,22,strcpy,170,223.06118,482.80486,113968,114149,181
102,23,strcpy,180,205.48954,492.9387,114149,114332,183
102,23,strcpy,180,200.7041,492.96632,114332,114514,182
102,22,strcpy,170,195.50202,485.71266,114514,114697,183
102,22,strcpy,170,208.82706,484.51512,114697,114880,183
102,23,strcpy,180,192.7215,489.42908,114880,115064,184
102,23,strcpy,180,180.10456,501.71398,115064,115243,179
102,23,strcpy,180,199.89166,491.09934,115243,115422,179
102,22,(,171,231.928133333333,485.719833333333,115422,115595,173
102,22,temp,172,247.80766,484.96538,115595,115784,189
102,0,blank,0,257.81066,486.7931,115784,115959,175
102,23,name,187,254.7286,497.4087,115959,115995,36
102,0,blank,0,523.8434,559.1849,116065,116100,35
102,0,blank,0,292.73236,477.5361,116244,116427,183
102,22,(,171,228.62664,474.23156,116530,116708,178
102,20,name,161,268.62034,428.34582,116708,116884,176
102,0,blank,0,237.48492,464.59104,116884,117063,179
102,0,blank,0,267.51024,459.072,117063,117236,173
102,0,blank,0,246.37448,486.44458,117236,117414,178
102,24,name,195,243.3737,509.9305,117414,117451,37
102,0,blank,0,437.7806,516.3099,117487,117521,34
102,22,name,174,317.7714,476.25624,117675,117850,175
102,22,temp,172,257.68156,476.99938,117850,118019,169
102,22,temp,172,249.88928,481.79156,118019,118188,169
102,22,temp,172,240.9706,485.83415,118188,118323,135
102,0,blank,0,-350,-105,118356,118442,86
102,0,blank,0,214.5305,711.4361,118468,118494,26
102,20,name,161,262.178183333333,438.4421,118554,118739,185
102,20,comma,160,306.46334,423.84244,118739,118907,168
102,20,name,161,252.113233333333,431.193816666667,118907,119106,199
102,20,name,161,238.48445,431.000166666667,119106,119304,198
102,0,blank,0,274.941333333333,425.64975,119304,119502,198
102,0,blank,0,328.152025,416.391475,119502,119692,190
102,0,blank,0,405.80174,408.5003,119692,119872,180
102,0,blank,0,408.72315,415.16945,119872,120069,197
102,0,blank,0,414.237175,408.93575,120069,120202,133
102,0,blank,0,345.70226,417.27294,120202,120400,198
102,0,blank,0,326.42664,411.17884,120400,120597,197
102,0,blank,0,373.56258,414.34912,120597,120766,169
102,20,],164,390.89074,421.50526,120766,120934,168
102,22,temp,172,261.08265,467.452975,120934,121070,136
102,22,temp,172,248.34734,465.36876,121070,121266,196
102,22,temp,172,238.8496,481.5226,121266,121438,172
102,23,name,187,235.6125,493.6707,121438,121472,34
102,0,blank,0,234.8408,-103.8151,121575,121602,27
102,0,blank,0,274.65704,511.32022,121625,121797,172
102,0,blank,0,275.234,540.528933333333,121797,121901,104
102,0,blank,0,-350,-105,121936,122131,195
102,0,blank,0,-350,-105,122131,122196,65
102,23,name,187,327.77225,503.0164,122236,122408,172
102,24,temp,200,341.6041,509.9773,122408,122589,181
102,22,name,174,305.37746,468.74264,122589,122759,170
102,20,i,158,284.49072,433.85834,122759,122930,171
102,0,blank,0,283.4435,421.09612,122930,123100,170
102,20,name,161,325.50612,428.92158,123100,123272,172
102,20,],164,387.98868,423.78724,123272,123448,176
102,20,],164,385.167966666667,426.355766666667,123448,123554,106
102,23,name,187,250.471666666667,488.8634,123596,123736,140
102,23,name,187,253.0128,495.7548,123736,123864,128
102,24,j,197,286.1686,523.3872,123864,123993,129
102,0,blank,0,274.751466666667,511.1126,123993,124167,174
102,24,j,197,283.9253,519.677,124167,124245,78
102,0,blank,0,-350,-105,124326,124523,197
102,0,blank,0,-350,-105,124523,124598,75
102,0,blank,0,-350,-105,124598,124900,302
102,0,blank,0,-350,-105,124900,125088,188
102,0,blank,0,-350,-105,125088,125212,124
102,0,blank,0,-350,-105,125212,125379,167
102,0,blank,0,334.74114,480.9937,125424,125613,189
102,0,blank,0,280.3024,563.32928,125646,125818,172
102,0,blank,0,299.10526,543.65636,125818,125990,172
102,24,comma,199,304.84118,520.03666,125990,126166,176
102,22,name,174,313.42802,468.62772,126166,126339,173
102,22,comma,173,274.98376,475.93726,126339,126510,171
102,22,name,174,295.47748,469.82054,126510,126682,172
102,22,i,176,348.66318,465.3746,126682,126854,172
102,22,],177,354.0629,477.87586,126854,127025,171
102,23,],190,384.1119,499.01506,127025,127197,172
102,23,name,187,358.39614,507.0182,127197,127368,171
102,23,name,187,342.67226,503.41422,127368,127539,171
102,23,name,187,349.1945,493.50722,127539,127709,170
102,23,name,187,356.20056,501.47776,127709,127880,171
102,23,name,187,262.7923,496.87086,127880,128051,171
102,0,blank,0,283.42512,498.67454,128051,128225,174
102,23,],190,295.27294,504.83778,128225,128397,172
102,24,],198,299.26712,509.66324,128397,128567,170
102,24,j,197,283.6296,514.13116,128567,128738,171
102,23,name,187,269.96262,507.84996,128738,128906,168
102,22,temp,172,257.84092,476.85822,128906,129076,170
102,0,blank,0,319.75424,462.71212,129076,129244,168
102,22,[,175,340.81806,472.43332,129244,129412,168
102,0,blank,0,316.88786,488.39702,129412,129589,177
102,23,name,187,271.90674,502.71696,129589,129773,184
102,23,],190,301.48328,498.20866,129773,129953,180
102,20,[,162,368.55818,435.41514,129953,130144,191
102,0,blank,0,364.61848,426.90216,130144,130326,182
102,20,name,161,259.35982,436.04942,130326,130511,185
102,20,i,158,293.46054,425.82608,130511,130694,183
102,22,name,174,297.55812,484.19376,130694,130866,172
102,23,],190,297.92664,503.84546,130866,131055,189
102,23,[,188,275.74244,501.8715,131055,131246,191
102,23,name,187,270.74632,492.44406,131246,131436,190
102,23,name,187,264.7011,496.1535,131436,131621,185
102,23,name,187,268.32318,498.15464,131621,131800,179
102,23,name,187,273.21292,495.71072,131800,131978,178
102,22,temp,172,268.0855,473.29732,131978,132159,181
102,22,name,174,296.87492,474.12608,132159,132351,192
102,22,[,175,339.36776,471.76598,132351,132525,174
102,22,name,174,331.00452,477.33402,132525,132700,175
102,24,name,195,265.5114,520.80446,132700,132880,180
102,23,name,187,258.19982,498.30808,132880,133068,188
102,22,temp,172,258.05754,466.84554,133068,133241,173
102,22,temp,172,261.3101,472.22542,133241,133418,177
102,23,name,187,254.3046,488.7712,133418,133454,36
102,0,blank,0,-350,-105,133488,133627,139
102,22,name,174,328.931,482.5016,133653,133684,31
102,0,blank,0,319.219316666667,455.423133333333,133767,133954,187
102,0,blank,0,309.44246,463.96218,133954,134125,171
102,0,blank,0,313.29104,452.42832,134125,134302,177
102,22,name,174,310.9743,467.29248,134302,134482,180
102,0,blank,0,315.52868,486.63436,134482,134663,181
102,22,name,174,317.898483333333,473.054266666667,134663,134861,198
102,0,blank,0,240.6601,462.936,134861,135027,166
102,0,blank,0,246.21378,458.11554,135027,135199,172
102,22,temp,172,258.01018,472.02956,135199,135367,168
102,22,temp,172,256.02962,469.70154,135367,135548,181
102,22,temp,172,270.09258,474.9261,135548,135718,170
102,23,name,187,323.39034,487.546,135718,135892,174
102,22,i,176,345.31132,468.33382,135892,136062,170
102,0,blank,0,342.54338,453.58962,136062,136232,170
102,23,i,184,290.43462,503.72354,136232,136402,170
102,24,[,196,279.75176,516.15626,136402,136581,179
102,24,[,196,280.29238,518.29168,136581,136755,174
102,24,temp,200,330.23708,509.35202,136755,136923,168
102,24,temp,200,329.42944,512.20612,136923,137094,171
102,22,name,174,307.7493,472.9631,137094,137264,170
102,0,blank,0,291.90758,451.5589,137264,137434,170
102,0,blank,0,294.04712,444.1816,137434,137605,171
102,0,blank,0,289.5279,458.76314,137605,137775,170
102,23,name,187,262.715575,487.0266,137775,137912,137
102,0,blank,0,-350,-105,137982,138070,88
102,0,blank,0,290.313583333333,481.567816666667,138186,138380,194
102,23,],190,296.25412,492.132,138380,138553,173
102,22,name,174,296.10248,484.23992,138553,138721,168
102,22,temp,172,266.17346,482.77252,138721,138891,170
102,23,name,187,263.64368,488.3881,138891,139062,171
102,23,],190,297.09116,497.69224,139062,139232,170
102,23,name,187,338.95352,492.65506,139232,139401,169
102,23,name,187,363.01684,490.20782,139401,139568,167
102,0,blank,0,364.60988,487.32074,139568,139739,171
102,23,i,184,292.28512,492.2414,139739,139906,167
102,23,name,187,258.2964,497.05126,139906,140076,170
102,23,[,188,282.05292,506.77324,140076,140244,168
102,23,i,184,287.5445,506.4325,140244,140413,169
102,24,],198,294.41686,517.85888,140413,140581,168
102,24,j,197,291.76804,523.85332,140581,140756,175
102,0,blank,0,319.33552,517.38012,140756,140928,172
102,24,temp,200,322.74334,510.56482,140928,141096,168
102,22,temp,172,263.25264,472.1938,141096,141272,176
102,22,temp,172,261.78992,470.80624,141272,141445,173
102,23,[,188,280.51592,496.19766,141445,141616,171
102,23,i,184,286.622,499.29258,141616,141788,172
102,24,j,197,285.92244,510.96572,141788,141962,174
102,24,j,197,283.63312,510.3168,141962,142133,171
102,22,comma,173,274.0329,479.77215,142133,142201,68
102,0,blank,0,-350,-105,142235,142349,114
102,0,blank,0,-350,-105,142349,142451,102
102,28,printf,206,89.4543,614.62388,142488,142659,171
102,29,"InputNamesSorted\n",213,145.74774,621.9526,142659,142826,167
102,30,"------------------------------------------\n",218,169.38306,641.35762,142859,143032,173
102,29,(,212,107.48008,637.30832,143032,143201,169
102,29,"InputNamesSorted\n",213,269.90795,624.052783333333,143233,143430,197
102,29,"InputNamesSorted\n",213,194.43075,624.968383333333,143430,143629,199
102,29,"InputNamesSorted\n",213,129.89652,629.30308,143629,143797,168
102,29,printf,211,91.21436,627.9019,143797,143965,168
102,29,(,212,111.616425,621.057,143965,144137,172
102,0,blank,0,552.7641,581.1608,144258,144381,123
102,0,blank,0,540.773125,596.835875,144381,144571,190
102,28,"\n----------------------------------------\n",208,486.8355,601.121,144571,144638,67
102,28,printf,206,97.94844,612.70986,144673,144841,168
102,29,"InputNamesSorted\n",213,135.5672,627.93694,144841,145010,169
102,29,"InputNamesSorted\n",213,124.2062,635.70814,145010,145181,171
102,29,(,212,107.26306,639.12022,145181,145350,169
102,29,printf,211,96.6746166666667,637.306633333333,145350,145548,198
102,29,printf,211,86.66236,634.34532,145548,145716,168
102,30,printf,216,87.8234,644.9117,145716,145817,101
102,29,"InputNamesSorted\n",213,245.09242,623.2406,145850,146019,169
102,29,"InputNamesSorted\n",213,173.5068,639.202933333333,146019,146217,198
102,29,"InputNamesSorted\n",213,150.53028,630.93596,146217,146383,166
102,29,"InputNamesSorted\n",213,228.95514,620.66912,146383,146550,167
102,29,"InputNamesSorted\n",213,263.19542,620.07954,146550,146724,174
102,29,"InputNamesSorted\n",213,234.09194,629.4671,146724,146892,168
102,29,"InputNamesSorted\n",213,199.256675,638.598825,146892,147027,135
102,30,"------------------------------------------\n",218,335.40154,654.50122,147062,147241,179
102,29,"InputNamesSorted\n",213,308.22726,630.8981,147241,147410,169
102,29,"InputNamesSorted\n",213,294.71234,629.4343,147410,147581,171
102,29,"InputNamesSorted\n",213,224.09182,639.27254,147581,147753,172
102,30,"------------------------------------------\n",218,128.35596,645.44198,147753,147922,169
102,31,for,221,73.5613,679.62065,147922,148120,198
102,0,blank,0,142.6739,689.916233333333,148120,148319,199
102,0,blank,0,163.5187,700.05486,148319,148485,166
102,31,i,231,238.3559,682.84384,148485,148656,171
102,31,++,232,248.012966666667,678.414,148656,148757,101
102,0,blank,0,-350,-105,148796,148981,185
102,0,blank,0,-350,-105,148981,149129,148
102,0,blank,0,1020.7364,265.76404,149170,149357,187
102,0,blank,0,991.74725,277.28625,149357,149493,136
102,0,blank,0,998.9966,276.88364,149493,149689,196
102,0,blank,0,1009.33275,300.190925,149689,149854,165
102,0,blank,0,995.5334,286.36534,149854,150030,176
102,0,blank,0,982.1208,297.99808,150030,150200,170
102,0,blank,0,984.998,274.86666,150200,150368,168
102,0,blank,0,997.9714,256.1461,150368,150537,169
102,0,blank,0,991.694,183.30708,150537,150707,170
102,0,blank,0,1005.609,189.46448,150707,150876,169
102,0,blank,0,995.6874,189.7514,150876,151047,171
102,16,;,131,147.83462,351.15562,151114,151287,173
103,31,=,224,117.1107,586.94976,151659,151828,169
103,31,=,224,116.10076,592.6839,151828,152018,190
103,31,n,229,203.6042,584.47122,152018,152207,189
103,33,"%s\t\t%s\n",237,172.34,629.696916666667,152207,152405,198
103,33,"%s\t\t%s\n",237,173.00472,641.89698,152405,152575,170
103,0,blank,0,203.450683333333,643.029683333333,152575,152774,199
103,33,"%s\t\t%s\n",237,206.273333333333,633.57095,152774,152970,196
103,33,"%s\t\t%s\n",237,197.086466666667,637.272116666667,152970,153167,197
103,0,blank,0,199.504816666667,645.416233333333,153167,153364,197
103,0,blank,0,292.46694,637.62386,153364,153538,174
103,0,blank,0,311.50328,643.37016,153538,153724,186
103,33,tname,239,300.3699,635.166,153724,153762,38
103,33,"%s\t\t%s\n",237,168.0174,632.30504,153799,153968,169
103,35,"------------------------------------------\n",253,230.59336,666.58844,153968,154133,165
103,0,blank,0,217.9458,655.81602,154133,154301,168
103,33,"%s\t\t%s\n",237,212.171833333333,631.7931,154301,154498,197
103,0,blank,0,210.41198,652.43216,154498,154666,168
103,0,blank,0,200.77598,649.13422,154666,154838,172
103,0,blank,0,202.77922,650.99984,154838,155019,181
103,35,"------------------------------------------\n",253,215.74908,669.13428,155019,155199,180
103,0,blank,0,231.14462,655.29048,155199,155374,175
103,0,blank,0,213.281025,644.345125,155374,155552,178
103,33,"%s\t\t%s\n",237,221.5763,624.35126,155552,155723,171
103,33,"%s\t\t%s\n",237,244.75468,640.81906,155723,155904,181
103,0,blank,0,248.1173,657.8473,155904,156082,178
103,0,blank,0,237.720375,644.6542,156082,156261,179
103,0,blank,0,237.556425,657.196175,156261,156441,180
103,33,tname,239,327.9878,639.2502,156441,156608,167
103,0,blank,0,331.8483,645.97495,156608,156683,75
103,33,tname,239,314.1888,634.2668,156683,156887,204
103,33,tname,239,310.8933,635.1704,156887,156959,72
103,33,[,245,438.91562,623.86428,157131,157317,186
103,33,name,244,399.53418,637.7443,157317,157489,172
103,33,tname,239,335.20472,629.89644,157489,157660,171
103,33,tname,239,306.4294,624.36552,157660,157831,171
103,0,blank,0,276.9448,642.0004,157831,157998,167
103,33,"%s\t\t%s\n",237,245.23786,628.31576,157998,158166,168
103,33,"%s\t\t%s\n",237,249.88964,640.54392,158166,158334,168
103,33,"%s\t\t%s\n",237,252.3858,639.2126,158334,158495,161
103,0,blank,0,260.33295,647.86865,158495,158642,147
103,0,blank,0,219.0891,642.5155,158642,158841,199
103,33,"%s\t\t%s\n",237,182.14435,638.464866666667,158841,159040,199
103,0,blank,0,174.150383333333,653.544166666667,159040,159237,197
103,33,"%s\t\t%s\n",237,185.30494,638.88966,159237,159406,169
103,0,blank,0,156.68262,644.5147,159406,159574,168
103,0,blank,0,78.50802,662.2492,159574,159742,168
103,0,blank,0,99.4633833333333,620.2116,159742,159941,199
103,31,0,225,140.7212,595.36004,159941,160107,166
103,0,blank,0,209.5212,602.36148,160107,160283,176
103,0,blank,0,387.00534,622.84864,160317,160484,167
103,0,blank,0,391.346833333333,634.001866666667,160484,160683,199
103,33,name,244,428.12116,630.09662,160683,160853,170
103,0,blank,0,435.89385,647.9233,160853,160922,69
103,35,printf,251,64.14666,677.21782,160989,161161,172
103,0,blank,0,160.61538,647.33984,161161,161328,167
103,0,blank,0,159.5282,589.830983333333,161328,161527,199
103,31,i,231,167.24636,589.15824,161527,161694,167
103,0,blank,0,95.6569,701.13382,161694,161861,167
103,0,blank,0,79.9366333333333,697.157433333333,161861,161963,102
103,0,blank,0,544.720325,660.475,161997,162173,176
103,35,"------------------------------------------\n",253,541.4046,685.931733333333,162173,162307,134
103,0,blank,0,-350,-105,162380,162492,112
103,0,blank,0,179.0918,-4.22,162518,162544,26
103,0,blank,0,193.571633333333,-31.95045,162610,162805,195
103,0,blank,0,195.8299,-36.942,162805,162840,35
103,0,blank,0,-350,-105,162980,163127,147
103,0,blank,0,-350,-105,163127,163300,173
103,0,blank,0,-350,-105,163300,163447,147
103,0,blank,0,-350,-105,163447,163633,186
103,0,blank,0,-350,-105,163633,163789,156
103,0,blank,0,-350,-105,163789,163981,192
103,0,blank,0,-350,-105,163981,164269,288
103,0,blank,0,-350,-105,164269,164372,103
103,0,blank,0,76.66515,-16.7985,164451,164569,118
103,0,blank,0,97.5613,-19.8543,164569,164685,116
103,0,blank,0,101.6617,6.25405,164685,164878,193
103,0,blank,0,68.33626,20.99726,164878,165060,182
103,6,char,33,54.99288,28.30134,165060,165232,172
103,0,blank,0,987.9436,1.48602,165336,165518,182
103,0,blank,0,1028.857,23.9129,165518,165695,177
103,0,blank,0,1015.5338,-23.07032,165695,165874,179
103,0,blank,0,994.985,-3.60868,165874,166051,177
103,0,blank,0,1013.406,-17.92468,166051,166226,175
103,0,blank,0,1021.202,-26.69066,166226,166400,174
103,0,blank,0,1015.8865,-19.24395,166400,166541,141
103,0,blank,0,1010.2076,-13.07224,166541,166739,198
103,0,blank,0,1019.6464,-11.50122,166739,166912,173
103,0,blank,0,1013.80366666667,-4.3538,166912,167014,102
104,0,blank,0,1001.899,-4.5065,167084,167119,35
104,0,blank,0,65.47934,97.56052,167187,167364,177
104,0,blank,0,60.19906,46.47858,167364,167539,175
104,3,include,22,62.1565,51.76384,167539,167708,169
104,2,stdio,17,137.47976,30.24874,167708,167878,170
104,2,stdio,17,133.03764,37.13226,167878,168047,169
104,0,blank,0,91.52736,38.65318,168047,168240,193
104,3,include,22,48.2296,58.95696,168240,168412,172
104,3,include,22,52.69174,53.71548,168412,168581,169
104,0,blank,0,86.5732,45.01818,168581,168751,170
104,2,stdio,17,117.908,41.23106,168751,168922,171
104,0,blank,0,154.08584,37.90072,168922,169093,171
104,2,.,18,155.3428,38.63642,169093,169265,172
104,2,stdio,17,132.42094,35.25388,169265,169433,168
104,2,stdio,17,131.01286,35.0676,169433,169603,170
104,2,stdio,17,128.28654,38.6566,169603,169773,170
104,0,blank,0,128.500966666667,47.0906666666667,169773,169971,198
104,0,blank,0,93.7361,85.40038,169971,170141,170
104,0,blank,0,68.67458,98.36718,170141,170308,167
104,0,blank,0,53.4352,98.21865,170308,170376,68
104,7,n,60,151.830533333333,137.44,170408,170607,199
104,6,[,51,138.45634,124.04736,170607,170775,168
104,0,blank,0,122.49175,135.529983333333,170775,170974,199
104,8,"Enterthevalueofn\n",64,131.49138,158.90586,170974,171140,166
104,6,8,52,183.49022,118.39124,171140,171308,168
104,6,8,52,188.3345,124.794466666667,171308,171409,101
104,0,blank,0,346.99378,107.70046,171441,171608,167
104,0,blank,0,350.9265,109.38298,171608,171800,192
104,6,;,54,437.44144,117.65364,171800,171970,170
104,6,8,52,417.528225,118.04425,171970,172105,135
104,0,blank,0,104.4858,157.1633,172138,172304,166
104,7,j,58,115.07666,144.85392,172304,172471,167
104,0,blank,0,170.63164,151.7875,172471,172638,167
104,8,"Enterthevalueofn\n",64,170.7729,161.880233333333,172638,172738,100
104,8,"Enterthevalueofn\n",64,325.98848,166.29336,172771,172938,167
104,8,"Enterthevalueofn\n",64,326.83035,172.3044,172938,173005,67
104,8,"Enterthevalueofn\n",64,133.807016666667,175.68945,173037,173235,198
104,8,"Enterthevalueofn\n",64,128.346366666667,172.360866666667,173235,173431,196
104,10,"Enter%dnames",77,115.407516666667,208.33715,173431,173627,196
104,9,"%d",69,133.009,199.07765,173627,173824,197
104,9,(,68,102.220816666667,192.28365,173824,174020,196
104,9,scanf,67,55.3133833333333,191.1333,174020,174213,193
104,9,&,71,165.86284,195.87602,174244,174408,164
104,0,blank,0,-350,-105,174440,174577,137
104,13,"%s",98,146.2512,287.5624,174603,174628,25
104,0,blank,0,163.235833333333,259.577016666667,174694,174882,188
104,0,blank,0,166.8548,222.830616666667,174882,175080,198
104,11,0,86,133.5895,231.763766666667,175080,175274,194
104,0,blank,0,111.97715,229.062633333333,175274,175469,195
104,10,"Enter%dnames",77,143.659133333333,204.277716666667,175469,175663,194
104,0,blank,0,159.7572,197.823633333333,175663,175858,195
104,10,"Enter%dnames",77,177.90785,202.728866666667,175858,176056,198
104,0,blank,0,150.4943,257.106783333333,176056,176254,198
104,0,blank,0,148.6257,261.0069,176254,176447,193
104,14,tname,108,163.60944,294.04574,176447,176613,166
104,0,blank,0,209.49238,318.8396,176613,176782,169
104,14,i,115,214.37906,309.24416,176782,176951,169
104,14,comma,112,234.830766666667,309.0852,176951,177050,99
104,0,blank,0,125.02932,317.5745,177084,177251,167
104,0,blank,0,126.16585,324.6169,177251,177384,133
104,14,name,113,285.53472,297.62206,177417,177585,168
104,14,name,113,265.0595,301.16074,177585,177753,168
104,20,strcmp,154,205.0692,436.605616666667,177788,177986,198
104,0,blank,0,-350,-105,178088,178258,170
104,0,blank,0,-350,-105,178258,178436,178
104,0,blank,0,-350,-105,178436,178633,197
104,0,blank,0,-350,-105,178633,178890,257
104,0,blank,0,-350,-105,178890,178996,106
