Frameno_fix,lineno_fix,Tokenname_fix,tokens_id,gaze_X_fix,gaze_Y_fix,timestamp_fix_start,timestamp_fix_end,time_duration
100,0,blank,0,-350,-105,3945,4052,107
100,1,program,4,111.0931,5.69629999999999,4213,4239,26
100,0,blank,0,502.1689,-73.3692,4613,4645,32
100,0,blank,0,516.3313,-53.0583,5068,5101,33
100,0,blank,0,472.4026,-3.3716,5134,5167,33
100,1,*,12,484.2718,13.6919,5264,5307,43
100,1,order,10,464.662,6.649,5350,5396,46
100,2,<,16,102.9927,30.6852,5573,5618,45
100,0,blank,0,48.9613,7.85599999999999,5802,5844,42
100,1,sort,6,169.1863,9.3581,5889,5977,88
100,0,blank,0,209.3987,10.6817,6131,6162,31
100,0,blank,0,219.8522,-4.486,6193,6224,31
100,1,in,8,272.9213,14.0755,6380,6412,32
100,0,blank,0,150.5148,-4.81875,6475,6538,63
100,0,blank,0,158.6335,-14.001,6601,6633,32
100,0,blank,0,138.756,3.6522,6664,6727,63
100,0,blank,0,-350,-105,6761,6919,158
100,0,blank,0,224.5838,-1.95999999999999,7062,7099,37
100,1,alphabetical,9,304.508133333333,6.15445,7134,7329,195
100,0,blank,0,405.6755,43.8506,7394,7426,32
100,0,blank,0,410.8491,57.1503,7584,7616,32
100,1,alphabetical,9,314.049816666667,10.3471,7680,7873,193
100,1,alphabetical,9,326.083333333333,23.0545333333333,7873,7972,99
100,1,alphabetical,9,315.5235,20.7311,8075,8276,201
100,1,alphabetical,9,324.4886,20.248,8276,8334,58
100,0,blank,0,313.4004,28.1291,8334,8496,162
100,3,include,22,49.1133,58.7985,8563,8658,95
100,0,blank,0,-350,-105,8748,8854,106
100,0,blank,0,-350,-105,9420,9540,120
100,0,blank,0,-33.8399,420.4435,9580,9606,26
100,0,blank,0,-350,-105,9893,10013,120
100,0,blank,0,-350,-105,10013,10176,163
100,0,blank,0,530.047633333333,24.5883666666667,10855,11020,165
100,0,blank,0,535.302,34.2383,11020,11070,50
100,0,blank,0,-63.1015,676.1058,11806,11841,35
100,0,blank,0,1016.013,594.8041,12316,12348,32
100,0,blank,0,986.26,468.8528,12775,12807,32
100,0,blank,0,-30.83025,628.25855,14933,15002,69
100,14,strcpy,106,124.0355,291.9583,15128,15161,33
100,3,include,22,44.8593666666667,67.5489,15382,15478,96
100,0,blank,0,30.4259,15.0914,15573,15605,32
100,0,blank,0,-350,-105,15668,15724,56
100,0,blank,0,92.71275,63.2036,15843,15896,53
100,4,(,30,87.282,72.5551,15957,15988,31
100,0,blank,0,63.7616,42.1597,16116,16148,32
100,2,<,16,102.093066666667,39.7968666666667,16248,16347,99
100,0,blank,0,135.303666666667,43.9598166666667,16442,16630,188
100,0,blank,0,-350,-105,16661,16798,137
100,2,stdio,17,120.959466666667,33.4632666666667,16974,17067,93
100,6,10,44,144.6597,122.41295,17192,17255,63
100,6,[,51,138.237633333333,127.292966666667,17318,17408,90
100,4,int,28,26.976,79.795,17539,17572,33
100,0,blank,0,69.7361,111.3404,17833,17865,32
100,0,blank,0,247.9932,135.48725,18025,18216,191
100,6,tname,42,227.37335,129.69005,18216,18282,66
100,0,blank,0,230.0894,139.1486,18312,18345,33
100,0,blank,0,-350,-105,18410,18494,84
100,1,alphabetical,9,370.3568,22.86555,18668,18727,59
100,1,order,10,447.04676,15.16982,18759,18918,159
100,0,blank,0,447.694,30.1637,18949,18986,37
100,0,blank,0,-350,-105,19256,19455,199
100,0,blank,0,-350,-105,19455,19646,191
100,0,blank,0,-350,-105,19646,19816,170
100,0,blank,0,-350,-105,19816,20000,184
100,0,blank,0,-350,-105,20000,20026,26
100,0,blank,0,-350,-105,20026,20239,213
100,0,blank,0,-350,-105,20239,20264,25
100,0,blank,0,-350,-105,20264,20492,228
100,0,blank,0,-350,-105,20492,20712,220
100,0,blank,0,-350,-105,20712,20852,140
100,0,blank,0,-350,-105,20852,21123,271
100,0,blank,0,-350,-105,21123,21312,189
100,0,blank,0,-350,-105,21312,21431,119
100,0,blank,0,-350,-105,21431,21529,98
100,0,blank,0,-350,-105,22246,22351,105
100,0,blank,0,373.4049,103.695,22528,22612,84
100,0,blank,0,358.1376,112.291466666667,22679,22776,97
100,0,blank,0,324.367725,-103.9117,22879,23009,130
100,0,blank,0,95.4863,-103.8685,23105,23137,32
100,0,blank,0,-350,-105,23201,23286,85
100,0,blank,0,409.6761,-4.9932,23372,23437,65
100,1,alphabetical,9,403.67045,12.2136,23536,23603,67
100,1,alphabetical,9,311.6052,12.596,23636,23668,32
100,1,alphabetical,9,315.904883333333,11.7679,23699,23893,194
100,1,alphabetical,9,319.935666666667,5.54846666666667,23926,24022,96
100,0,blank,0,416.0994,12.414,24089,24122,33
100,1,alphabetical,9,406.45464,10.14656,24155,24319,164
100,6,char,33,66.22952,118.33516,24386,24552,166
100,0,blank,0,46.4920333333333,110.970633333333,24622,24718,96
100,6,name,34,104.5036,115.8513,24785,24817,32
100,0,blank,0,105.4376,107.2608,24882,24914,32
100,0,blank,0,-350,-105,24946,25029,83
100,0,blank,0,127.38895,80.121,25214,25339,125
100,0,blank,0,106.0135,103.246,25404,25468,64
100,6,[,51,140.988833333333,121.001033333333,25630,25727,97
100,6,10,44,145.2706,128.964733333333,25760,25859,99
100,6,10,44,147.8047,123.1485,25925,25958,33
100,6,name,34,115.4373,119.7022,25991,26023,32
100,6,name,34,110.77842,118.00178,26055,26218,163
100,0,blank,0,145.9317,106.8268,26380,26413,33
100,0,blank,0,-350,-105,26445,26606,161
100,6,tname,42,244.7891,123.0952,26714,26778,64
100,0,blank,0,227.0297,113.58525,26844,26977,133
100,6,[,51,279.0123,117.9003,27074,27107,33
100,0,blank,0,284.65565,137.27965,27206,27273,67
100,0,blank,0,274.9698,131.343,27307,27340,33
100,0,blank,0,364.8424,108.2331,27373,27407,34
100,6,temp,50,375.195,119.5118,27440,27472,32
100,0,blank,0,357.5353,115.0581,27504,27536,32
100,7,int,55,69.1595833333333,147.97475,27634,27831,197
100,7,comma,59,101.674,147.2664,27863,27959,96
100,7,comma,59,98.5503,138.641666666667,27991,28090,99
100,8,printf,62,58.7233,167.451325,28122,28254,132
100,0,blank,0,144.906033333333,156.608866666667,28320,28516,196
100,8,"Enterthevalueofn\n",64,147.9655,157.1206,28516,28549,33
100,8,"Enterthevalueofn\n",64,212.7585,170.89346,28614,28776,162
100,8,"Enterthevalueofn\n",64,294.370566666667,164.494633333333,28840,28937,97
100,8,"Enterthevalueofn\n",64,287.4569,170.0428,29002,29034,32
100,8,"Enterthevalueofn\n",64,321.8226,170.68635,29066,29197,131
100,0,blank,0,-350,-105,29262,29371,109
100,0,blank,0,129.802533333333,135.093,29598,29792,194
100,7,j,58,122.3541,141.1241,29792,29825,33
100,7,i,56,88.7787,151.1226,29857,29890,33
100,8,printf,62,73.1403,161.75108,29956,30118,162
100,8,printf,62,66.78295,160.1345,30218,30284,66
100,8,printf,62,74.35025,161.77845,30413,30478,65
100,0,blank,0,92.0390333333333,135.147,30575,30672,97
100,0,blank,0,216.9991,131.1003,30801,30834,33
100,0,blank,0,279.980333333333,134.500933333333,31062,31184,122
100,0,blank,0,-350,-105,31249,31332,83
100,0,blank,0,356.5809,81.8181,31357,31383,26
100,6,name,34,133.5129,115.5666,31703,31736,33
100,6,10,44,144.6411,116.5683,31770,31802,32
100,0,blank,0,101.8493,135.8028,31935,32035,100
100,6,name,34,111.9184,126.0555,32102,32135,33
100,7,comma,59,96.9781,145.03925,32235,32302,67
100,9,scanf,67,61.9479,181.6325,32336,32370,34
100,0,blank,0,104.613,177.286,32640,32674,34
100,9,"%d",69,110.0424,193.566,32740,32773,33
100,9,"%d",69,110.2771,189.2826,32937,32970,33
100,0,blank,0,101.0617,178.9726,33002,33036,34
100,0,blank,0,155.8805,197.039666666667,33331,33432,101
100,0,blank,0,152.0421,234.9086,33466,33500,34
100,0,blank,0,143.142166666667,190.35,33567,33668,101
100,0,blank,0,-350,-105,33767,33886,119
100,10,"Enter%dnames",77,206.148366666667,209.664166666667,33934,34027,93
100,10,"Enter%dnames",77,181.7691,217.0593,34063,34096,33
100,0,blank,0,187.4913,200.0239,34131,34167,36
100,0,blank,0,288.4855,222.3287,34412,34446,34
100,10,"Enter%dnames",77,275.3854,214.181733333333,34513,34612,99
100,10,"Enter%dnames",77,270.019533333333,216.415333333333,34645,34741,96
100,0,blank,0,222.564633333333,227.944233333333,34774,34874,100
100,10,"Enter%dnames",77,208.889,218.3295,34906,34971,65
100,11,for,82,61.0851333333333,229.242033333333,35071,35172,101
100,11,for,82,69.2311,225.7019,35207,35241,34
100,11,0,86,139.320433333333,239.216266666667,35274,35473,199
100,0,blank,0,174.7814,228.1549,35539,35572,33
100,11,<,89,186.04525,235.62905,35642,35708,66
100,0,blank,0,181.8078,232.96645,35774,35840,66
100,11,<,89,191.25235,236.46975,35873,35939,66
100,13,scanf,96,123.40304,267.35354,35972,36137,165
100,0,blank,0,141.94934,266.80178,36172,36341,169
100,13,"%s",98,145.0043,268.09544,36407,36576,169
100,14,strcpy,106,143.6563,290.869,36609,36643,34
100,13,name,100,206.0146,278.6586,36806,36839,33
100,0,blank,0,200.20425,278.6152,36905,36972,67
100,0,blank,0,-350,-105,37006,37165,159
100,13,name,100,229.1488,277.4399,37362,37395,33
100,6,name,34,115.3024,126.83725,37567,37635,68
100,0,blank,0,110.550533333333,139.5267,37669,37768,99
100,6,tname,42,230.88562,120.16832,37866,38029,163
100,0,blank,0,356.4676,115.9296,38127,38160,33
100,0,blank,0,355.6781,106.8225,38322,38354,32
100,7,i,56,92.84818,146.95522,38486,38655,169
100,7,i,56,90.2687,148.3154,38655,38688,33
100,0,blank,0,122.4985,91.267,38851,38884,33
100,6,name,34,108.154533333333,123.1491,39049,39148,99
100,6,[,51,139.59395,123.7465,39182,39250,68
100,6,10,44,144.6093,125.732325,39283,39455,172
100,0,blank,0,181.58125,259.6334,39899,39969,70
100,13,name,100,232.787,287.169766666667,40002,40104,102
100,0,blank,0,227.2017,265.5342,40137,40171,34
100,13,name,100,230.75005,275.9947,40204,40270,66
100,0,blank,0,234.327033333333,266.322833333333,40370,40471,101
100,13,"%s",98,171.2339,270.6389,40699,40731,32
100,0,blank,0,-350,-105,40765,40849,84
100,10,"Enter%dnames",77,160.6545,220.4878,40999,41024,25
100,10,"Enter%dnames",77,170.8758,202.309,41056,41089,33
100,10,"Enter%dnames",77,162.9114,210.9591,41121,41186,65
100,11,;,91,148.213075,227.746675,41218,41348,130
100,11,;,91,148.2353,225.8358,41414,41480,66
100,10,"Enter%dnames",77,154.86495,221.03065,41545,41611,66
100,13,scanf,96,121.038433333333,274.187166666667,41675,41869,194
100,13,scanf,96,120.6914,273.3861,41869,41903,34
100,13,scanf,96,116.439133333333,273.9496,41968,42066,98
100,13,"%s",98,145.9227,280.7173,42165,42232,67
100,0,blank,0,-350,-105,42264,42400,136
100,0,blank,0,159.435333333333,260.321933333333,42691,42787,96
100,13,name,100,219.33894,273.13478,43004,43165,161
100,13,name,100,232.57806,281.6552,43197,43359,162
100,13,"%s",98,163.8151,285.7578,43482,43514,32
100,14,(,107,147.52585,298.4679,43580,43646,66
100,14,strcpy,106,97.62515,291.84,43843,43909,66
100,14,strcpy,106,101.86065,301.61075,43942,44008,66
100,13,scanf,96,98.5531,286.4413,44042,44075,33
100,0,blank,0,-350,-105,44109,44277,168
100,14,strcpy,106,100.511,295.4112,44493,44591,98
100,14,tname,108,154.8206,298.4417,44655,44688,33
100,14,tname,108,155.278466666667,295.006766666667,44753,44849,96
100,13,"%s",98,179.14595,287.7092,44881,44944,63
100,14,tname,108,180.3425,289.6709,45008,45040,32
100,14,tname,108,199.43175,289.07165,45136,45201,65
100,0,blank,0,-350,-105,45361,45497,136
100,0,blank,0,248.6416,291.3367,45538,45591,53
100,14,name,113,258.5958,302.5462,45659,45685,26
100,13,i,102,256.5129,269.8462,45719,45751,32
100,13,),104,279.30275,285.0615,45817,46010,193
100,0,blank,0,-350,-105,46042,46177,135
100,14,name,113,268.2595,296.1364,46347,46373,26
100,0,blank,0,192.454066666667,244.390566666667,46405,46502,97
100,13,name,100,226.39315,275.155225,46599,46727,128
100,0,blank,0,225.0635,265.89155,46793,46857,64
100,0,blank,0,222.717625,260.892375,46890,47019,129
100,0,blank,0,208.0798,265.9583,47052,47085,33
100,0,blank,0,195.7112,273.5462,47184,47214,30
100,13,name,100,220.3348,278.7639,47246,47280,34
100,0,blank,0,213.27325,266.9439,47312,47376,64
100,0,blank,0,211.6528,259.8808,47505,47537,32
100,0,blank,0,164.55695,288.57375,47602,47666,64
100,14,tname,108,159.49,297.4187,47730,47762,32
100,13,"%s",98,159.189,283.913925,47794,47924,130
100,0,blank,0,206.6672,156.1784,48086,48118,32
100,8,"Enterthevalueofn\n",64,201.36165,158.67135,48151,48216,65
100,0,blank,0,248.764866666667,145.6696,48248,48345,97
100,6,[,51,281.44935,131.57095,48442,48507,65
100,0,blank,0,278.8025,138.2227,48539,48571,32
100,6,tname,42,264.0679,128.178,48603,48635,32
100,0,blank,0,265.2849,108.5735,48702,48734,32
100,0,blank,0,232.9089,243.2835,48799,48831,32
100,14,i,115,214.7897,295.2625,48896,48929,33
100,14,[,114,208.9985,305.5106,48961,48995,34
100,0,blank,0,198.3763,287.1195,49157,49189,32
100,14,tname,108,194.827375,292.66505,49222,49354,132
100,11,<,89,189.0176,225.1798,49387,49478,91
100,0,blank,0,193.558333333333,224.600533333333,49541,49638,97
100,10,"Enter%dnames",77,147.1906,211.0233,49702,49735,33
100,10,"Enter%dnames",77,136.8762,221.745,49768,49801,33
100,10,"Enter%dnames",77,152.9364,215.5996,49901,49934,33
100,0,blank,0,130.6509,230.712333333333,49967,50066,99
100,0,blank,0,-350,-105,50099,50210,111
100,10,"Enter%dnames",77,176.978966666667,218.023416666667,50331,50522,191
100,0,blank,0,178.4063,225.69485,50522,50586,64
100,0,blank,0,276.006,113.7691,50745,50810,65
100,6,[,51,281.4274,121.1514,50874,50906,32
100,0,blank,0,-350,-105,51002,51111,109
100,0,blank,0,293.3008,103.3319,51272,51305,33
100,6,10,44,155.1778,132.0075,51402,51434,32
100,6,10,44,151.5479,122.6382,51466,51499,33
100,0,blank,0,154.994,109.3191,51532,51596,64
100,0,blank,0,144.5096,102.22525,51662,51792,130
100,0,blank,0,-350,-105,51858,51993,135
100,0,blank,0,192.00492,283.01912,52189,52350,161
100,14,tname,108,160.9426,289.027366666667,52416,52544,128
100,14,tname,108,164.4731,297.8151,52569,52600,31
100,13,"%s",98,149.1273,287.8817,52728,52793,65
100,0,blank,0,164.0708,146.5398,53147,53209,62
100,0,blank,0,140.4469,112.233975,53336,53462,126
100,0,blank,0,79.9115,102.0375,53525,53556,31
100,6,char,33,83.3088,116.7571,53589,53620,31
100,0,blank,0,87.3245,112.601233333333,53652,53746,94
100,0,blank,0,63.54035,391.0342,53779,53843,64
100,16,for,120,57.27135,333.12685,54037,54101,64
100,16,for,120,62.32296,341.51568,54133,54296,163
100,0,blank,0,88.7951,332.9443,54425,54458,33
100,0,blank,0,-350,-105,54489,54597,108
100,0,blank,0,107.9396,330.1128,54623,54659,36
100,0,blank,0,-348.96355,-103.88675,54813,54872,59
100,0,blank,0,1076.078,-103.8892,54907,54937,30
100,0,blank,0,-348.9957,-103.9078,54968,54998,30
100,0,blank,0,-348.9911,-103.9083,55059,55120,61
100,0,blank,0,1054.061,-103.8449,55241,55301,60
100,14,strcpy,106,113.1792,298.2684,55422,55454,32
100,14,strcpy,106,116.12316,300.59104,55487,55653,166
100,0,blank,0,-350,-105,55719,55856,137
100,0,blank,0,111.75,343.9442,55982,56007,25
100,16,i,132,98.26015,342.64255,56104,56165,61
100,16,for,120,73.9458333333333,336.9243,56197,56296,99
100,0,blank,0,74.0196,334.034,56329,56362,33
100,0,blank,0,-350,-105,56462,56569,107
100,0,blank,0,92.0353333333333,326.412383333333,56687,56872,185
100,16,i,132,101.4479,335.255666666667,56937,57131,194
100,16,=,123,117.2496,342.8499,57198,57231,33
100,16,=,123,119.88385,335.14325,57296,57424,128
100,0,blank,0,-350,-105,57488,57627,139
100,0,blank,0,154.8521,331.3414,57805,57834,29
100,0,blank,0,148.042,329.5506,57867,57900,33
100,16,;,131,144.4705,335.476,57932,57965,33
100,16,=,123,117.86864,333.5478,58030,58191,161
100,0,blank,0,167.9953,326.66035,58222,58287,65
100,0,blank,0,170.469125,326.5663,58319,58448,129
100,0,blank,0,190.88155,331.36775,58769,58833,64
100,0,blank,0,184.924033333333,332.2071,58898,58996,98
100,0,blank,0,162.9294,322.8687,59191,59224,33
100,0,blank,0,165.5853,327.1956,59321,59386,65
100,0,blank,0,200.4924,318.912966666667,59452,59550,98
100,0,blank,0,-350,-105,59582,59692,110
100,0,blank,0,245.6509,311.4606,59718,59745,27
100,0,blank,0,266.37755,325.3782,60155,60232,77
100,0,blank,0,274.3725,330.2554,60263,60295,32
100,0,blank,0,264.9547,318.2809,60329,60360,31
100,0,blank,0,274.399,322.946325,60423,60549,126
100,0,blank,0,278.70515,333.2165,60613,60677,64
100,0,blank,0,268.31585,328.77715,60742,60806,64
100,0,blank,0,-350,-105,60871,61007,136
100,0,blank,0,-350,-105,61148,61176,28
100,14,tname,108,191.4234,302.5951,61507,61541,34
100,14,[,114,212.1965,298.6996,61742,61774,32
100,0,blank,0,-350,-105,62044,62222,178
100,0,blank,0,111.6034,327.1636,62410,62444,34
100,0,blank,0,-350.0428,661.4784,62649,62753,104
100,0,blank,0,-350.1957,611.8358,62785,62817,32
100,0,blank,0,-350.2107,598.1279,62913,62946,33
100,0,blank,0,-350.2045,570.7084,62978,63009,31
100,13,"%s",98,155.46715,271.0762,63435,63501,66
100,0,blank,0,144.9791,302.2915,63566,63598,32
100,0,blank,0,-350,-105,63994,64158,164
100,13,name,100,206.73086,277.4535,64338,64503,165
100,0,blank,0,-350,-105,64600,64786,186
100,0,blank,0,-350,-105,64786,64957,171
100,13,"%s",98,175.3436,279.6396,65063,65101,38
100,0,blank,0,159.2538,261.3127,65233,65265,32
100,0,blank,0,-350,-105,65395,65428,33
100,0,blank,0,203.9669,332.8191,65562,65586,24
100,0,blank,0,199.296733333333,325.83365,65618,65809,191
100,16,n,128,207.4175,337.6545,65809,65841,32
100,0,blank,0,269.83035,326.509633333333,65938,66131,193
100,0,blank,0,253.263066666667,321.599066666667,66163,66259,96
100,0,blank,0,267.9137,329.0058,67190,67223,33
100,14,name,113,258.6779,304.2779,67258,67290,32
100,0,blank,0,-350,-105,67354,67465,111
100,16,i,132,287.0854,335.8704,67684,67719,35
100,0,blank,0,175.7042,337.3954,67815,67848,33
100,0,blank,0,160.1665,326.951,67948,68015,67
100,16,<,127,188.1045,347.7345,68212,68246,34
100,0,blank,0,130.7513,327.4408,68344,68410,66
100,0,blank,0,110.7212,324.9788,68709,68743,34
100,0,blank,0,-350,-105,68811,68966,155
100,0,blank,0,104.6775,328.28425,68992,69047,55
100,0,blank,0,104.7421,338.846266666667,69112,69211,99
100,0,blank,0,119.3624,355.2935,69243,69276,33
100,0,blank,0,57.6942,331.9017,69340,69374,34
100,16,for,120,53.32305,344.59035,69408,69472,64
100,16,i,132,99.0157,342.0706,69602,69635,33
100,0,blank,0,-350,-105,69701,69841,140
100,0,blank,0,84.8688333333333,335.913133333333,69990,70090,100
100,0,blank,0,-350,-105,70256,70419,163
100,0,blank,0,-350,-105,70419,70463,44
100,13,scanf,96,125.7934,286.9687,70811,70844,33
100,0,blank,0,115.4054,254.895,71054,71116,62
100,0,blank,0,134.282,259.1062,71242,71273,31
100,0,blank,0,-350,-105,71604,71732,128
100,0,blank,0,151.4808,244.386,71853,71910,57
100,0,blank,0,179.0776,266.8359,72065,72097,32
100,0,blank,0,-350,-105,72253,72389,136
100,0,blank,0,205.5201,246.834,72551,72576,25
100,0,blank,0,195.6848,247.7361,72611,72641,30
100,6,comma,49,206.0539,131.27015,73050,73112,62
100,0,blank,0,126.239633333333,135.9824,73235,73328,93
100,0,blank,0,123.1283,135.7474,73358,73389,31
100,0,blank,0,194.08285,259.63425,74045,74108,63
100,0,blank,0,401.9908,281.3266,74354,74386,32
100,0,blank,0,188.352,152.9535,74687,74719,32
100,8,"Enterthevalueofn\n",64,214.8662,164.9193,74752,74784,32
100,0,blank,0,237.6205,181.26065,74817,74881,64
100,0,blank,0,229.8344,180.9993,74977,75008,31
100,10,"Enter%dnames",77,229.7781,210.1451,75040,75073,33
100,0,blank,0,226.3764,197.2406,75269,75302,33
100,9,&,71,170.869316666667,181.152933333333,75500,75696,196
100,8,"Enterthevalueofn\n",64,170.4908,169.103,75729,75763,34
100,0,blank,0,-350,-105,76179,76321,142
100,0,blank,0,-350,-105,76321,76459,138
100,0,blank,0,124.761933333333,324.8367,77088,77182,94
100,0,blank,0,128.9707,325.2285,77214,77247,33
100,0,blank,0,198.63846,318.94724,77278,77441,163
100,0,blank,0,256.270633333333,327.7229,77508,77703,195
100,0,blank,0,260.4872,315.3405,77734,77766,32
100,0,blank,0,142.11615,369.064075,77927,78064,137
100,0,blank,0,114.5561,383.0446,78096,78129,33
100,18,for,136,108.6646,380.9791,78196,78229,33
100,18,for,136,113.4541,392.0255,78295,78328,33
100,0,blank,0,188.4557,378.5175,78460,78493,33
100,0,blank,0,181.61145,399.6863,78695,78763,68
100,18,=,139,158.4727,385.6961,78798,78831,33
100,0,blank,0,158.5791,373.1617,78899,78935,36
100,18,=,139,161.6834,380.4938,78970,79005,35
100,0,blank,0,127.9993,376.4127,79073,79144,71
100,18,(,137,125.3303,385.1704,79248,79317,69
100,18,=,139,156.4968,391.2873,79384,79443,59
100,0,blank,0,-350,-105,79550,79723,173
100,0,blank,0,217.2829,357.9032,79946,80080,134
100,16,<,127,184.8066,347.2624,80106,80134,28
100,16,0,124,140.7161,349.9562,80474,80558,84
100,0,blank,0,141.4172,361.3696,80629,80663,34
100,0,blank,0,245.5844,354.2604,80786,80819,33
100,0,blank,0,-350,-105,80951,81060,109
100,18,+,141,194.5989,379.6753,81501,81575,74
100,0,blank,0,-350,-105,81896,82069,173
100,16,;,131,147.6221,335.2537,82448,82475,27
100,0,blank,0,112.4684,329.1359,82606,82748,142
100,0,blank,0,107.44865,310.8912,82781,82847,66
100,0,blank,0,-350,-105,82946,83081,135
100,0,blank,0,-350,-105,83603,83798,195
100,0,blank,0,-350,-105,83798,83965,167
100,0,blank,0,-350,-105,83965,84145,180
100,0,blank,0,-350,-105,84364,84510,146
100,14,name,113,283.2104,305.9315,84837,84861,24
100,0,blank,0,-350,-105,84983,85179,196
100,14,name,113,281.402725,305.841,85300,85422,122
100,0,blank,0,-350,-105,85454,85640,186
100,14,name,113,269.2262,297.903,85773,85808,35
100,0,blank,0,-350,-105,85873,86059,186
100,0,blank,0,-350,-105,87046,87101,55
100,0,blank,0,-350,-105,87401,87584,183
100,0,blank,0,-350,-105,87584,87666,82
100,0,blank,0,283.7645,319.3187,88091,88117,26
100,0,blank,0,-350,-105,88522,88659,137
100,0,blank,0,-350,-105,88659,88836,177
100,0,blank,0,-350,-105,89147,89263,116
100,0,blank,0,-350,-105,90013,90079,66
100,0,blank,0,-350,-105,90079,90317,238
100,0,blank,0,-350,-105,90544,90723,179
100,0,blank,0,-350,-105,90723,91072,349
100,0,blank,0,-350,-105,91072,91259,187
100,0,blank,0,-350,-105,91259,91378,119
100,0,blank,0,-350,-105,91378,91560,182
100,0,blank,0,-350,-105,91560,91641,81
100,0,blank,0,238.8346,390.2669,91844,91881,37
100,0,blank,0,-350,-105,92525,92714,189
101,0,blank,0,-350,-105,95189,95371,182
101,0,blank,0,-350,-105,95371,95492,121
101,0,blank,0,-350,-105,95492,95597,105
101,0,blank,0,-350,-105,95597,95723,126
101,0,blank,0,-350,-105,95723,96149,426
101,0,blank,0,-350,-105,96149,96323,174
101,0,blank,0,-350,-105,96323,96516,193
101,0,blank,0,-350,-105,96516,97075,559
101,0,blank,0,-350,-105,97075,97597,522
101,0,blank,0,-350,-105,97597,97772,175
101,0,blank,0,-350,-105,97772,97804,32
101,0,blank,0,-350,-105,97804,98277,473
101,0,blank,0,-350,-105,98277,98363,86
101,0,blank,0,-350,-105,98363,99454,1091
101,0,blank,0,-350,-105,99454,99626,172
101,0,blank,0,-350,-105,99626,99658,32
101,0,blank,0,-350,-105,99658,100076,418
101,0,blank,0,-350,-105,100076,100287,211
101,0,blank,0,-350,-105,100287,100862,575
101,0,blank,0,-350,-105,100862,101047,185
101,0,blank,0,-350,-105,101047,101087,40
101,0,blank,0,-350,-105,101087,101601,514
101,0,blank,0,-350,-105,101601,102040,439
101,0,blank,0,-350,-105,102040,102232,192
101,0,blank,0,-350,-105,102232,102280,48
101,0,blank,0,-350,-105,102280,102820,540
101,0,blank,0,-350,-105,102820,103216,396
101,0,blank,0,-350,-105,103216,103407,191
101,0,blank,0,-350,-105,103407,103626,219
101,0,blank,0,-350,-105,103626,103721,95
101,0,blank,0,-350,-105,103721,104002,281
101,0,blank,0,-350,-105,104002,104256,254
101,0,blank,0,-350,-105,104256,104397,141
101,0,blank,0,-350,-105,104397,104469,72
101,0,blank,0,-350,-105,104659,104752,93
101,0,blank,0,-350,-105,104752,104869,117
101,0,blank,0,-350,-105,104869,105105,236
101,0,blank,0,-350,-105,105105,105185,80
101,0,blank,0,-350,-105,105185,105312,127
101,0,blank,0,-350,-105,105312,105474,162
101,0,blank,0,-350,-105,105474,105657,183
101,0,blank,0,-350,-105,105657,106076,419
101,0,blank,0,-350,-105,106076,106125,49
101,0,blank,0,-350,-105,106125,106444,319
101,0,blank,0,-350,-105,106444,107155,711
101,0,blank,0,-350,-105,107155,107305,150
101,0,blank,0,-350,-105,107305,107442,137
101,0,blank,0,-350,-105,107442,107594,152
101,0,blank,0,-350,-105,107594,107768,174
101,0,blank,0,-350,-105,107768,107872,104
101,0,blank,0,-350,-105,107872,108153,281
101,0,blank,0,-350,-105,108153,108221,68
101,0,blank,0,-350,-105,108221,108872,651
101,0,blank,0,-350,-105,108872,109064,192
101,0,blank,0,-350,-105,109064,109149,85
101,0,blank,0,-350,-105,109149,109348,199
101,0,blank,0,-350,-105,109348,109517,169
101,0,blank,0,985.153666666667,307.045466666667,110888,110991,103
101,0,blank,0,1000.709,258.7022,111026,111057,31
101,14,strcpy,106,135.4329,299.4879,111357,111390,33
101,14,strcpy,106,139.7762,299.7668,111522,111555,33
101,0,blank,0,141.09315,316.21465,111588,111654,66
101,0,blank,0,129.8615,312.38535,111686,111750,64
101,0,blank,0,107.3128,354.892466666667,111844,111938,94
101,0,blank,0,96.1228,253.097975,112002,112128,126
101,18,j,148,134.864,385.672,112346,112380,34
101,18,=,139,164.3541,384.8958,112506,112538,32
101,0,blank,0,152.376,366.0288,112569,112600,31
101,0,blank,0,160.4257,370.65405,112695,112760,65
101,0,blank,0,-350,-105,113537,113724,187
101,0,blank,0,-350,-105,113724,113869,145
101,0,blank,0,-350,-105,113869,113957,88
101,0,blank,0,-350,-105,113957,114383,426
101,0,blank,0,-350,-105,114383,114698,315
101,0,blank,0,-350,-105,114698,114802,104
101,0,blank,0,-350,-105,114802,115062,260
101,0,blank,0,-350,-105,115062,115237,175
101,0,blank,0,-350,-105,115237,115322,85
101,0,blank,0,-350,-105,115322,115499,177
101,0,blank,0,-350,-105,115499,115626,127
101,0,blank,0,-350,-105,115626,115744,118
101,0,blank,0,-350,-105,115744,116173,429
101,0,blank,0,-350,-105,116173,116380,207
101,0,blank,0,-350,-105,116380,116576,196
101,0,blank,0,-350,-105,116576,116766,190
101,0,blank,0,-350,-105,116766,116852,86
102,0,blank,0,-350,-105,129301,129825,524
102,0,blank,0,-350,-105,129825,130004,179
102,0,blank,0,-350,-105,130004,130165,161
102,0,blank,0,-350,-105,130165,130233,68
102,0,blank,0,-350,-105,130233,130466,233
102,0,blank,0,-350,-105,130466,130695,229
102,0,blank,0,-350,-105,130695,130888,193
102,0,blank,0,-350,-105,130888,130921,33
102,0,blank,0,-350,-105,130921,131254,333
102,0,blank,0,-350,-105,131254,131323,69
102,0,blank,0,-350,-105,131323,131485,162
102,0,blank,0,-350,-105,131485,131577,92
102,0,blank,0,-350,-105,131577,131949,372
102,0,blank,0,-350,-105,131949,132150,201
102,0,blank,0,246.67845,653.45215,133462,133532,70
102,0,blank,0,-350,-105,133564,133651,87
102,0,blank,0,261.6738,646.3282,133879,133914,35
102,0,blank,0,269.02128,657.1167,133946,134115,169
102,0,blank,0,268.1028,661.35135,134115,134183,68
102,0,blank,0,270.33655,661.91335,134252,134320,68
102,0,blank,0,-350,-105,134488,134641,153
102,0,blank,0,269.0075,642.3217,134841,134858,17
102,33,"%s\t\t%s\n",237,213.3091,632.7645,135926,135960,34
102,0,blank,0,206.32055,658.26765,136063,136134,71
102,0,blank,0,222.3787,657.01785,136238,136309,71
102,0,blank,0,288.29528,655.09036,136380,136555,175
102,0,blank,0,296.2546,653.6713,136625,136661,36
102,0,blank,0,299.0052,658.35366,136869,137047,178
102,0,blank,0,-350,-105,137117,137255,138
102,33,i,246,357.7585,630.4008,137387,137411,24
102,0,blank,0,361.8127,642.6225,137581,137614,33
102,0,blank,0,221.1922,659.6953,137680,137712,32
102,0,blank,0,220.029366666667,643.270833333333,137777,137875,98
102,0,blank,0,352.9094,650.5622,138035,138067,32
102,0,blank,0,370.444083333333,643.695616666667,138131,138330,199
102,0,blank,0,363.61555,649.21945,138363,138428,65
102,0,blank,0,-350,-105,138461,138597,136
102,0,blank,0,409.160466666667,649.7464,138733,138830,97
102,35,"------------------------------------------\n",253,478.02295,682.8254,138896,138960,64
102,35,"------------------------------------------\n",253,474.233,680.4476,139090,139123,33
102,0,blank,0,-350,-105,139253,139413,160
102,35,"------------------------------------------\n",253,424.6088,666.4549,139520,139545,25
102,0,blank,0,363.0713,656.90005,139609,139674,65
102,0,blank,0,360.5604,652.1616,139739,139771,32
102,0,blank,0,368.829,642.2938,139868,139900,32
102,0,blank,0,-350,-105,139964,140143,179
102,0,blank,0,-350,-105,140143,140216,73
102,0,blank,0,-348.9749,450.6364,140744,140773,29
102,0,blank,0,987.385,401.4427,141182,141215,33
102,0,blank,0,964.859,405.5195,141246,141280,34
102,0,blank,0,-350,-105,142063,142103,40
102,0,blank,0,-350,-105,142103,142379,276
102,0,blank,0,-350,-105,142379,142613,234
102,0,blank,0,-350,-105,142613,143082,469
102,0,blank,0,-350,-105,143082,143648,566
102,0,blank,0,-350,-105,143648,143831,183
102,0,blank,0,-350,-105,143831,144007,176
102,0,blank,0,-350,-105,144007,144146,139
102,0,blank,0,-350,-105,144146,144425,279
102,0,blank,0,-350,-105,144425,144617,192
102,0,blank,0,-350,-105,144617,145285,668
102,0,blank,0,-350,-105,145285,145596,311
102,0,blank,0,-350,-105,145596,145793,197
102,0,blank,0,-350,-105,145793,145956,163
102,0,blank,0,-350,-105,145956,146137,181
102,0,blank,0,-350,-105,146137,146354,217
102,0,blank,0,-350,-105,146354,146567,213
102,0,blank,0,-350,-105,146567,146607,40
102,0,blank,0,-350,-105,146607,147208,601
102,0,blank,0,-350,-105,147208,147553,345
102,0,blank,0,-350,-105,147553,147718,165
102,0,blank,0,-350,-105,147718,147831,113
102,0,blank,0,-350,-105,147831,148015,184
102,0,blank,0,-350,-105,148015,148225,210
102,0,blank,0,-350,-105,148225,148666,441
102,0,blank,0,-350,-105,148666,148859,193
102,0,blank,0,-350,-105,148859,148908,49
102,0,blank,0,-350,-105,148908,149090,182
102,0,blank,0,-350,-105,149090,149292,202
102,0,blank,0,-350,-105,149292,149400,108
102,0,blank,0,-350,-105,149400,149587,187
102,0,blank,0,-350,-105,149587,149899,312
102,0,blank,0,-350,-105,149899,150345,446
102,0,blank,0,-350,-105,150345,150757,412
102,0,blank,0,-350,-105,150757,150899,142
102,0,blank,0,-350,-105,150899,150987,88
102,0,blank,0,-350,-105,150987,151132,145
102,0,blank,0,-350,-105,151132,151539,407
102,0,blank,0,-350,-105,151539,152259,720
102,0,blank,0,-350,-105,152259,152453,194
102,0,blank,0,-350,-105,152546,152678,132
102,0,blank,0,-350,-105,152766,152885,119
102,0,blank,0,-350,-105,152885,153035,150
102,0,blank,0,-350,-105,153035,153149,114
102,0,blank,0,-350,-105,154187,154374,187
102,0,blank,0,-350,-105,154374,154466,92
102,0,blank,0,-350,-105,154466,154682,216
102,0,blank,0,-350,-105,154682,154733,51
102,0,blank,0,255.5748,369.9578,154801,154827,26
102,22,temp,172,253.4516,383.6414,154865,154928,63
102,13,scanf,96,106.9182,194.95485,155024,155089,65
102,14,strcpy,106,112.330025,206.5634,155153,155279,126
102,0,blank,0,98.5962,159.94504,155312,155470,158
102,0,blank,0,165.1334,226.0334,155533,155564,31
102,0,blank,0,156.190733333333,227.115233333333,155627,155722,95
102,16,i,132,173.647666666667,257.681333333333,155753,155851,98
102,0,blank,0,176.588533333333,259.674233333333,155883,155978,95
102,0,blank,0,-350,-105,156043,156182,139
102,0,blank,0,206.8329,226.3354,156359,156390,31
102,0,blank,0,204.938,215.1942,156423,156518,95
102,16,1,130,247.9725,247.41035,156582,156709,127
102,0,blank,0,-350,-105,156740,156930,190
102,0,blank,0,225.0132,246.1907,157068,157099,31
102,0,blank,0,240.47465,252.16905,157131,157193,62
102,0,blank,0,208.9529,301.67365,157287,157350,63
102,18,;,147,225.1456,311.08,157412,157443,31
102,20,strcmp,154,171.887666666667,339.885166666667,157568,157661,93
102,22,strcpy,170,210.3912,385.829333333333,157693,157787,94
102,0,blank,0,215.770333333333,358.268233333333,157850,157944,94
102,0,blank,0,222.3248,360.3685,158007,158101,94
102,0,blank,0,224.738,378.6008,158132,158163,31
102,20,name,161,239.8474,337.77105,158226,158288,62
102,20,name,161,233.4977,342.973,158320,158350,30
102,20,strcmp,154,203.6723,338.6881,158381,158413,32
102,0,blank,0,201.0746,326.3102,158476,158508,32
102,0,blank,0,165.796966666667,361.90625,158540,158732,192
102,0,blank,0,320.8139,357.781,158829,158860,31
102,0,blank,0,316.6282,363.4808,158924,158956,32
102,0,blank,0,359.5933,373.3008,158988,159020,32
102,0,blank,0,367.16535,365.705775,159114,159239,125
102,0,blank,0,-350,-105,159332,159465,133
102,0,blank,0,186.88835,313.29215,159855,159919,64
102,0,blank,0,144.6229,274.576,160112,160144,32
102,0,blank,0,152.394,291.0659,160176,160208,32
102,24,(,194,231.8751,432.6116,160368,160401,33
102,23,strcpy,180,213.1995,419.4578,160432,160464,32
102,0,blank,0,224.4458,410.0984,160559,160590,31
102,24,strcpy,193,166.7962,423.0146,160783,160815,32
102,24,strcpy,193,204.175166666667,439.4107,160912,161008,96
102,24,strcpy,193,197.226333333333,435.5087,161040,161137,97
102,14,tname,108,166.166516666667,217.552883333333,161330,161521,191
102,0,blank,0,161.6177,232.95715,161521,161650,129
102,13,comma,99,184.6154,181.0743,161808,161898,90
102,0,blank,0,160.40885,156.1569,162024,162169,145
102,10,"Enter%dnames",77,148.9837,121.0691,162233,162264,31
102,10,"Enter%dnames",77,145.34915,125.2721,162295,162357,62
102,11,0,86,140.9543,140.1692,162389,162420,31
102,9,"%d",69,135.0171,107.7045,162452,162483,31
102,10,"Enter%dnames",77,129.263133333333,124.714833333333,162514,162607,93
102,11,(,83,92.963,142.8009,162733,162797,64
102,33,"%s\t\t%s\n",237,238.3785,633.231,162924,162957,33
102,0,blank,0,222.1531,656.699,163021,163053,32
102,0,blank,0,344.2115,631.2733,163342,163374,32
102,0,blank,0,337.9729,603.9494,163530,163562,32
102,0,blank,0,294.2551,580.1943,163657,163689,32
102,0,blank,0,303.5804,610.289,163721,163753,32
102,0,blank,0,-350,-105,163947,164137,190
102,0,blank,0,-350,-105,164137,164289,152
102,0,blank,0,-350,-105,164289,164395,106
102,0,blank,0,-350,-105,164395,164538,143
102,0,blank,0,-350,-105,164538,164714,176
102,0,blank,0,-350,-105,164714,164898,184
102,0,blank,0,-350,-105,164898,165062,164
102,0,blank,0,-350,-105,165062,165209,147
102,0,blank,0,-350,-105,165209,165385,176
102,0,blank,0,-350,-105,165385,165577,192
102,0,blank,0,-350,-105,165577,165721,144
102,0,blank,0,-350,-105,165721,166051,330
102,0,blank,0,-350,-105,166051,166379,328
102,0,blank,0,-350,-105,166379,166613,234
102,0,blank,0,-350,-105,166613,166806,193
102,0,blank,0,-350,-105,166806,166992,186
102,0,blank,0,-350,-105,166992,167182,190
102,0,blank,0,-350,-105,167182,167354,172
102,0,blank,0,-350,-105,167354,167541,187
102,0,blank,0,-350,-105,167541,167770,229
102,0,blank,0,-350,-105,167770,167804,34
102,0,blank,0,-350,-105,167804,168019,215
102,0,blank,0,-350,-105,168019,168156,137
102,0,blank,0,-350,-105,168156,168537,381
102,0,blank,0,-350,-105,168537,169038,501
102,0,blank,0,-350,-105,169038,169501,463
102,0,blank,0,-350,-105,169501,169685,184
102,0,blank,0,-350,-105,169685,169835,150
102,0,blank,0,-350,-105,169835,170019,184
102,0,blank,0,-350,-105,170019,170823,804
102,0,blank,0,-350,-105,170823,171015,192
102,0,blank,0,-350,-105,171015,171114,99
102,0,blank,0,-350,-105,171114,171278,164
102,0,blank,0,-350,-105,171278,171430,152
102,0,blank,0,-350,-105,171430,173239,1809
102,0,blank,0,-350,-105,173239,173438,199
102,0,blank,0,-350,-105,173438,173617,179
102,0,blank,0,-350,-105,173617,173812,195
102,0,blank,0,-350,-105,173812,173860,48
102,0,blank,0,-350,-105,173860,174121,261
102,0,blank,0,-350,-105,174121,174675,554
102,0,blank,0,-350,-105,174675,174824,149
102,0,blank,0,-350,-105,174824,175240,416
102,0,blank,0,-350,-105,175240,175502,262
102,0,blank,0,-350,-105,175502,175676,174
102,0,blank,0,-350,-105,175676,175794,118
102,0,blank,0,-350,-105,176268,176838,570
102,0,blank,0,-350,-105,176838,177227,389
102,0,blank,0,-350,-105,177227,177416,189
102,0,blank,0,-350,-105,177416,177580,164
102,0,blank,0,-350,-105,177580,177672,92
102,0,blank,0,-350,-105,177672,177820,148
102,0,blank,0,-350,-105,177820,177981,161
102,0,blank,0,-350,-105,177981,178392,411
102,0,blank,0,-350,-105,178392,178798,406
102,0,blank,0,-350,-105,178798,178997,199
102,0,blank,0,-350,-105,178997,179220,223
102,0,blank,0,-350,-105,179220,179350,130
102,0,blank,0,-350,-105,179350,179555,205
102,0,blank,0,-350,-105,179555,179729,174
102,0,blank,0,-350,-105,179729,179902,173
102,0,blank,0,-350,-105,179902,180190,288
102,0,blank,0,-350,-105,180190,180609,419
102,0,blank,0,-350,-105,180609,180685,76
102,0,blank,0,-350,-105,180685,180836,151
102,0,blank,0,-350,-105,180836,181377,541
102,0,blank,0,-350,-105,181377,181691,314
102,0,blank,0,-350,-105,181691,181871,180
102,0,blank,0,-350,-105,181871,182010,139
102,0,blank,0,-350,-105,182010,182085,75
102,0,blank,0,-350,-105,182085,182377,292
102,0,blank,0,-350,-105,182377,182570,193
102,0,blank,0,-350,-105,182570,182736,166
102,0,blank,0,-350,-105,182736,182826,90
102,0,blank,0,-350,-105,182826,182952,126
102,0,blank,0,-350,-105,182952,183192,240
102,0,blank,0,-350,-105,183192,183369,177
102,0,blank,0,-350,-105,183369,183395,26
102,0,blank,0,-350,-105,183395,183574,179
102,0,blank,0,-350,-105,183574,183605,31
102,0,blank,0,-350,-105,184306,184484,178
102,0,blank,0,-350,-105,184484,184570,86
102,0,blank,0,-350,-105,184689,184793,104
103,0,blank,0,-11.118,414.8105,187552,187582,30
103,0,blank,0,-350,-105,187795,187828,33
103,0,blank,0,98.178,215.1749,188428,188461,33
103,28,printf,206,97.4999,566.6884,188841,188872,31
103,30,printf,216,52.9151,593.9376,188933,188964,31
103,29,printf,211,45.35235,586.19505,189120,189183,63
103,0,blank,0,950.386,324.170066666667,190149,190244,95
103,0,blank,0,949.592,303.18575,190402,190466,64
103,0,blank,0,143.4049,134.8343,190562,190595,33
103,8,"Enterthevalueofn\n",64,130.7902,113.5071,190834,190866,32
103,0,blank,0,141.925766666667,62.3232333333333,190898,190992,94
103,0,blank,0,110.98405,50.76185,191156,191218,62
103,0,blank,0,166.0481,29.7441,191311,191342,31
103,0,blank,0,249.491,51.0929,191437,191468,31
103,0,blank,0,245.335733333333,30.2161666666667,191530,191624,94
103,0,blank,0,362.5308,39.2221,191845,191908,63
103,0,blank,0,355.589,37.1044,191972,192003,31
103,0,blank,0,355.2198,24.0443,192035,192067,32
103,0,blank,0,377.245566666667,43.9315,192259,192356,97
104,0,blank,0,-350,-105,207394,207592,198
104,0,blank,0,-350,-105,207592,207784,192
104,0,blank,0,-350,-105,207784,207831,47
