Frameno_fix,lineno_fix,Tokenname_fix,tokens_id,gaze_X_fix,gaze_Y_fix,timestamp_fix_start,timestamp_fix_end,time_duration
100,0,blank,0,250.184,0.186216666666667,3880,4075,195
100,1,in,8,276.159683333333,4.37723333333333,4075,4268,193
100,0,blank,0,212.476016666667,-0.644449999999999,4268,4461,193
100,0,blank,0,287.511216666667,-0.495700000000002,4461,4655,194
100,0,blank,0,414.810383333333,-5.48021666666667,4688,4882,194
100,0,blank,0,406.966333333333,-5.74171666666667,4882,5079,197
100,0,blank,0,429.074283333333,-3.66703333333334,5079,5275,196
100,0,blank,0,358.332983333333,-11.1596333333333,5275,5472,197
100,0,blank,0,303.61575,-18.54985,5472,5538,66
100,0,blank,0,107.930483333333,-16.8667166666667,5572,5769,197
100,0,blank,0,175.2393,-14.3326833333333,5769,5965,196
100,0,blank,0,194.212683333333,-4.82268333333333,5965,6163,198
100,0,blank,0,160.0374,-0.0758166666666682,6163,6360,197
100,0,blank,0,224.95174,-0.958999999999998,6360,6523,163
100,2,include,15,71.8710666666667,26.7148666666667,6556,6755,199
100,0,blank,0,93.9749333333333,24.6470166666667,6755,6954,199
100,1,program,4,79.63776,22.16424,6954,7122,168
100,0,blank,0,47.84534,11.93796,7122,7290,168
100,0,blank,0,86.1057833333333,30.3943833333333,7290,7489,199
100,0,blank,0,96.1551333333333,25.0314833333333,7489,7687,198
100,0,blank,0,95.27406,42.3947,7687,7855,168
100,2,<,16,98.74068,35.07926,7855,8024,169
100,2,stdio,17,104.43248,29.0807,8024,8193,169
100,2,stdio,17,114.0668,38.51704,8193,8360,167
100,0,blank,0,123.66218,44.71074,8360,8529,169
100,3,string,24,112.90058,52.5685,8529,8696,167
100,0,blank,0,101.8655,44.56982,8696,8864,168
100,2,stdio,17,110.64046,33.25452,8864,9030,166
100,0,blank,0,120.469983333333,46.2220666666667,9030,9229,199
100,2,stdio,17,116.23322,29.67944,9229,9395,166
100,1,program,4,113.41762,15.57942,9395,9562,167
100,0,blank,0,122.72622,99.79384,9562,9730,168
100,0,blank,0,126.33552,95.64936,9730,9896,166
100,0,blank,0,65.5452,99.2331333333333,9896,10093,197
100,4,main,29,53.7608166666667,89.3459166666667,10093,10288,195
100,0,blank,0,7.36941666666668,90.2956166666667,10288,10482,194
100,0,blank,0,78.3859833333333,101.07045,10482,10677,195
100,0,blank,0,97.0186333333333,107.26875,10677,10868,191
100,0,blank,0,92.6645833333333,66.7151166666667,10868,11061,193
100,0,blank,0,90.4867833333333,54.3048166666667,11061,11255,194
100,0,blank,0,95.44485,94.1012,11255,11446,191
100,0,blank,0,111.2618,106.93085,11446,11634,188
100,0,blank,0,117.851683333333,90.1348833333333,11634,11828,194
100,3,string,24,106.67165,60.9466,11828,12020,192
100,0,blank,0,104.49415,42.6256,12020,12211,191
100,2,include,15,48.6575666666667,31.2908333333333,12211,12401,190
100,2,include,15,33.3148,40.4348333333333,12401,12590,189
100,2,<,16,93.885,40.5800333333333,12590,12781,191
100,2,stdio,17,112.739166666667,34.9416333333333,12781,12973,192
100,0,blank,0,118.13665,73.2169,12973,13166,193
100,0,blank,0,115.344883333333,109.1061,13166,13359,193
100,0,blank,0,100.927533333333,112.1948,13359,13552,193
100,0,blank,0,80.2529,109.4467,13552,13742,190
100,0,blank,0,34.7128,88.04005,13742,13883,141
100,3,include,22,27.7001,64.6712,13883,13972,89
100,4,int,28,21.3425,74.6582,13972,14086,114
100,0,blank,0,115.0234,104.884983333333,14152,14347,195
100,0,blank,0,149.105883333333,106.481866666667,14347,14537,190
100,0,blank,0,204.295533333333,109.48135,14537,14727,190
100,0,blank,0,216.895066666667,110.39095,14727,14917,190
100,0,blank,0,219.801566666667,116.10155,14917,15109,192
100,0,blank,0,253.527666666667,109.256866666667,15109,15302,193
100,0,blank,0,214.721716666667,108.8847,15302,15495,193
100,6,8,52,187.851833333333,117.915483333333,15495,15684,189
100,6,8,52,193.118066666667,118.185133333333,15684,15873,189
100,6,10,44,144.679483333333,121.221383333333,15873,16064,191
100,0,blank,0,92.6943833333333,124.062683333333,16064,16254,190
100,0,blank,0,92.3712833333333,116.504866666667,16254,16444,190
100,6,name,34,133.685733333333,124.927766666667,16444,16634,190
100,6,],53,194.980766666667,117.975516666667,16634,16824,190
100,0,blank,0,228.120583333333,108.358016666667,16824,17014,190
100,0,blank,0,256.1131,108.52115,17014,17209,195
100,0,blank,0,250.721566666667,100.944333333333,17209,17305,96
100,6,[,51,140.2016,116.311083333333,17337,17529,192
100,6,10,44,160.5179,116.5748,17529,17720,191
100,6,tname,42,230.73885,119.289733333333,17720,17911,191
100,6,comma,49,208.28815,117.914383333333,17911,18102,191
100,0,blank,0,206.507183333333,109.183783333333,18102,18291,189
100,0,blank,0,209.508216666667,110.219383333333,18291,18482,191
100,0,blank,0,298.3579,110.32765,18482,18673,191
100,0,blank,0,323.738,109.431483333333,18673,18864,191
100,0,blank,0,340.005583333333,104.797433333333,18864,19056,192
100,0,blank,0,349.69245,99.4857166666667,19056,19249,193
100,0,blank,0,350.563533333333,101.8018,19249,19443,194
100,0,blank,0,346.761366666667,101.589266666667,19443,19635,192
100,0,blank,0,356.060183333333,98.5435166666667,19635,19824,189
100,0,blank,0,291.736833333333,108.545516666667,19824,20016,192
100,0,blank,0,238.066183333333,108.9685,20016,20208,192
100,0,blank,0,186.974716666667,104.596583333333,20208,20401,193
100,0,blank,0,152.672033333333,101.416833333333,20401,20593,192
100,0,blank,0,123.070266666667,88.9151,20593,20789,196
100,1,program,4,100.052983333333,6.10851666666667,20789,20983,194
100,1,to,5,142.609116666667,8.59306666666666,20983,21173,190
100,0,blank,0,156.041533333333,3.75406666666666,21173,21362,189
100,0,blank,0,174.182333333333,-1.76748333333333,21362,21553,191
100,0,blank,0,237.309466666667,-8.21725,21553,21746,193
100,1,name,7,244.79842,9.62922,21746,21905,159
100,0,blank,0,-350,-105,21937,22115,178
100,0,blank,0,275.304616666667,98.3126666666667,22141,22318,177
100,0,blank,0,238.42285,96.0693833333333,22318,22512,194
100,0,blank,0,218.088633333333,98.63945,22512,22707,195
100,0,blank,0,139.1417,98.4130166666667,22707,22900,193
100,0,blank,0,94.8107333333333,110.0703,22900,23096,196
100,0,blank,0,72.1858833333333,134.849183333333,23096,23281,185
100,0,blank,0,87.3815166666667,121.904666666667,23281,23470,189
100,6,char,33,54.4210833333333,133.53585,23470,23661,191
100,0,blank,0,41.2354,124.0733,23661,23693,32
100,6,10,44,143.049566666667,133.0629,23725,23918,193
100,6,10,44,143.3118,133.9543,23918,24111,193
100,6,name,34,121.98355,121.377983333333,24111,24307,196
100,6,name,34,121.481383333333,123.139883333333,24307,24504,197
100,0,blank,0,165.551216666667,145.604616666667,24504,24701,197
100,0,blank,0,225.084083333333,147.62685,24701,24896,195
100,0,blank,0,263.30125,148.414383333333,24896,25090,194
100,0,blank,0,261.77325,141.298183333333,25090,25289,199
100,6,tname,42,259.2631,133.5522,25289,25322,33
100,7,int,55,62.7351,148.03425,25354,25553,199
100,7,int,55,44.51475,150.544433333333,25553,25750,197
100,7,int,55,70.6573333333333,153.257233333333,25750,25946,196
100,0,blank,0,106.63534,154.69306,25946,26116,170
100,7,comma,59,99.9906,154.05354,26116,26287,171
100,7,i,56,90.21328,152.77752,26287,26456,169
100,0,blank,0,108.194133333333,148.50425,26456,26655,199
100,8,"Enterthevalueofn\n",64,127.538,159.51418,26655,26824,169
100,7,j,58,114.286616666667,154.989316666667,26824,27023,199
100,8,(,63,106.39632,159.20132,27023,27189,166
100,8,"Enterthevalueofn\n",64,119.5943,164.618516666667,27189,27388,199
100,8,"Enterthevalueofn\n",64,127.8263,166.194516666667,27388,27583,195
100,8,"Enterthevalueofn\n",64,115.82172,165.55028,27583,27751,168
100,8,(,63,111.11188,162.4047,27751,27921,170
100,7,comma,59,94.57372,149.57658,27921,28090,169
100,6,name,34,93.95626,129.39236,28090,28260,170
100,0,blank,0,115.61015,94.77655,28260,28458,198
100,0,blank,0,114.554783333333,100.0293,28458,28653,195
100,0,blank,0,111.1954,96.37134,28653,28820,167
100,0,blank,0,74.6329,103.74808,28820,28987,167
100,0,blank,0,70.5441666666667,102.635116666667,28987,29183,196
100,0,blank,0,83.7590833333333,102.133433333333,29183,29378,195
100,0,blank,0,190.87702,97.96756,29378,29545,167
100,0,blank,0,146.540183333333,98.5317,29545,29739,194
100,0,blank,0,146.298016666667,96.5992833333333,29739,29932,193
100,0,blank,0,140.978083333333,94.2691,29932,30124,192
100,7,j,58,113.5854,141.320133333333,30124,30314,190
100,8,printf,62,93.9374,172.904966666667,30314,30506,192
100,8,"Enterthevalueofn\n",64,115.236433333333,164.4121,30506,30700,194
100,8,printf,62,95.9697166666667,164.7005,30700,30893,193
100,8,printf,62,66.5339166666667,169.177933333333,30893,31086,193
100,8,printf,62,53.1185166666667,171.157633333333,31086,31277,191
100,8,printf,62,81.9666666666667,163.195266666667,31277,31465,188
100,6,name,34,119.638383333333,130.78345,31465,31655,190
100,0,blank,0,121.154533333333,110.51445,31655,31844,189
100,0,blank,0,122.0963,99.7601333333333,31844,32034,190
100,0,blank,0,117.607166666667,96.3337833333333,32034,32223,189
100,0,blank,0,97.2652666666667,98.3633166666667,32223,32415,192
100,0,blank,0,128.014366666667,95.0039666666667,32415,32607,192
100,0,blank,0,139.29765,92.9948166666667,32607,32798,191
100,0,blank,0,95.5734333333333,94.5722666666667,32798,32989,191
100,0,blank,0,104.06255,99.84655,32989,33178,189
100,0,blank,0,127.008733333333,103.652516666667,33178,33369,191
100,0,blank,0,133.490383333333,94.8312833333333,33369,33560,191
100,0,blank,0,136.175216666667,92.2800833333333,33560,33753,193
100,0,blank,0,143.285966666667,98.2661,33753,33945,192
100,0,blank,0,133.226433333333,102.88085,33945,34140,195
100,0,blank,0,116.7986,109.9628,34140,34265,125
100,0,blank,0,117.4626,112.8388,34265,34375,110
100,8,"Enterthevalueofn\n",64,115.0823,161.92515,34375,34564,189
100,8,(,63,108.84325,158.706116666667,34564,34756,192
100,6,name,34,110.151683333333,121.095933333333,34756,34944,188
100,0,blank,0,131.158433333333,108.158483333333,34944,35134,190
100,0,blank,0,218.033366666667,101.171016666667,35134,35325,191
100,0,blank,0,221.6426,108.81835,35325,35515,190
100,0,blank,0,207.027266666667,100.601233333333,35515,35708,193
100,0,blank,0,189.203683333333,108.0419,35708,35905,197
100,0,blank,0,192.68045,106.64375,35905,36096,191
100,0,blank,0,190.0803,103.7447,36096,36289,193
100,0,blank,0,199.390383333333,104.164666666667,36289,36480,191
100,0,blank,0,230.054683333333,108.481183333333,36480,36675,195
100,0,blank,0,253.5592,110.374866666667,36675,36871,196
100,0,blank,0,183.900133333333,108.5722,36871,37069,198
100,0,blank,0,197.47352,107.10412,37069,37237,168
100,0,blank,0,208.86906,110.5948,37237,37404,167
100,0,blank,0,198.983733333333,110.9465,37404,37506,102
100,6,name,34,99.5738833333333,129.509633333333,37540,37739,199
100,6,name,34,100.823633333333,116.833933333333,37739,37937,198
100,0,blank,0,107.143,111.691916666667,37937,38132,195
100,6,name,34,101.431866666667,114.294466666667,38132,38322,190
100,6,name,34,103.999366666667,115.88765,38322,38511,189
100,0,blank,0,99.4127666666667,112.180716666667,38511,38701,190
100,0,blank,0,86.95,108.333516666667,38701,38891,190
100,0,blank,0,119.820983333333,105.610283333333,38891,39083,192
100,0,blank,0,116.7916,106.866066666667,39083,39278,195
100,0,blank,0,110.622533333333,110.225583333333,39278,39474,196
100,0,blank,0,104.186733333333,106.314166666667,39474,39669,195
100,6,name,34,112.39795,117.868883333333,39669,39863,194
100,0,blank,0,133.295033333333,105.037266666667,39863,40057,194
100,0,blank,0,144.500733333333,107.9682,40057,40251,194
100,0,blank,0,125.8326,109.710433333333,40251,40446,195
100,0,blank,0,117.902433333333,103.977916666667,40446,40642,196
100,0,blank,0,131.638166666667,104.834566666667,40642,40835,193
100,8,"Enterthevalueofn\n",64,131.362883333333,163.042433333333,40835,41030,195
100,7,comma,59,127.461866666667,155.380683333333,41030,41226,196
100,0,blank,0,117.425066666667,69.9718666666667,41226,41422,196
100,0,blank,0,149.699916666667,3.20275,41422,41618,196
100,0,blank,0,151.539966666667,-7.70218333333333,41618,41814,196
100,0,blank,0,107.753483333333,-10.22955,41814,42013,199
100,0,blank,0,66.29735,-11.9274166666667,42013,42212,199
100,0,blank,0,65.2871333333333,-9.7513,42212,42408,196
100,0,blank,0,45.9702,-15.61028,42408,42579,171
100,0,blank,0,44.7249666666667,-20.4683666666667,42579,42775,196
100,0,blank,0,140.00905,-17.4199833333333,42775,42973,198
100,0,blank,0,138.86045,-14.5988333333333,42973,43170,197
100,0,blank,0,212.023283333333,-13.5907833333333,43170,43367,197
100,0,blank,0,275.50485,-8.26986666666667,43367,43562,195
100,0,blank,0,364.19365,-9.26283333333333,43562,43757,195
100,0,blank,0,406.8598,-10.218,43757,43790,33
100,0,blank,0,-350,-105,43855,43987,132
100,0,blank,0,133.267,154.41886,44076,44258,182
100,6,[,51,179.577483333333,119.851366666667,44258,44448,190
100,0,blank,0,210.72442,111.24826,44448,44609,161
100,0,blank,0,-350,-105,44641,44697,56
100,0,blank,0,-350,-105,44802,44979,177
100,0,blank,0,-350,-105,44979,45143,164
100,0,blank,0,222.654366666667,118.559066666667,45174,45372,198
100,6,[,51,182.129125,117.0976,45372,45562,190
100,0,blank,0,187.87675,111.51525,45562,45742,180
100,9,),73,187.2808,198.7722,45742,45788,46
100,0,blank,0,-350,-105,45834,46032,198
100,0,blank,0,-350,-105,46032,46212,180
100,0,blank,0,-350,-105,46212,46402,190
100,0,blank,0,-350,-105,46402,46554,152
100,0,blank,0,-350,-105,46554,46723,169
100,0,blank,0,-350,-105,46723,46877,154
100,0,blank,0,148.2044,71.3925,46935,46981,46
100,0,blank,0,116.9796,101.719,46981,47153,172
100,0,blank,0,114.853516666667,96.8248666666667,47153,47352,199
100,0,blank,0,132.8853,106.848,47352,47444,92
100,0,blank,0,140.639,92.9078,47444,47686,242
100,6,name,34,133.600816666667,114.652516666667,47686,47882,196
100,0,blank,0,130.96344,113.27324,47882,48049,167
100,6,10,44,147.409466666667,117.336716666667,48049,48245,196
100,6,[,51,136.00948,119.91794,48245,48412,167
100,6,name,34,126.50462,122.118,48412,48581,169
100,6,name,34,131.29098,116.72138,48581,48749,168
100,0,blank,0,141.142933333333,111.066816666667,48749,48946,197
100,0,blank,0,146.3232,106.16355,48946,49144,198
100,0,blank,0,143.261316666667,108.04545,49144,49338,194
100,0,blank,0,130.142766666667,113.3011,49338,49537,199
100,6,10,44,151.834466666667,125.852516666667,49537,49735,198
100,8,"Enterthevalueofn\n",64,182.6833,164.136883333333,49735,49932,197
100,8,"Enterthevalueofn\n",64,167.588016666667,163.7698,49932,50130,198
100,8,"Enterthevalueofn\n",64,134.253216666667,177.601183333333,50130,50328,198
100,8,"Enterthevalueofn\n",64,136.547616666667,168.154966666667,50328,50526,198
100,8,"Enterthevalueofn\n",64,134.908716666667,169.24835,50526,50722,196
100,8,"Enterthevalueofn\n",64,137.409683333333,168.172566666667,50722,50919,197
100,8,"Enterthevalueofn\n",64,141.06675,168.502716666667,50919,51114,195
100,8,"Enterthevalueofn\n",64,117.913933333333,161.7172,51114,51312,198
100,7,comma,59,97.64956,145.97006,51312,51480,168
100,7,comma,59,94.86564,145.19168,51480,51649,169
100,7,comma,59,97.0718333333333,147.280716666667,51649,51848,199
100,0,blank,0,97.56106,156.15712,51848,52017,169
100,8,printf,62,100.065966666667,159.845916666667,52017,52215,198
100,7,j,58,119.924616666667,144.930633333333,52215,52413,198
100,0,blank,0,139.7752,143.528566666667,52413,52611,198
100,0,blank,0,231.529116666667,139.0557,52611,52809,198
100,0,blank,0,198.951616666667,141.171716666667,52809,53006,197
100,0,blank,0,133.577983333333,142.40065,53006,53203,197
100,8,"Enterthevalueofn\n",64,127.7193,175.800916666667,53203,53400,197
100,10,"Enter%dnames",77,156.05488,205.68258,53400,53568,168
100,9,&,71,162.065616666667,198.6067,53568,53766,198
100,9,comma,70,146.434916666667,189.585783333333,53766,53961,195
100,9,"%d",69,119.358533333333,185.08665,53961,54156,195
100,9,"%d",69,115.80925,180.572566666667,54156,54349,193
100,8,printf,62,67.85615,175.245866666667,54349,54541,192
100,8,printf,62,62.73225,160.301,54541,54717,176
100,8,printf,62,64.6683,164.37495,54717,54912,195
100,8,printf,62,64.77288,161.94916,54912,55084,172
100,0,blank,0,80.0528666666667,152.0833,55084,55271,187
100,0,blank,0,140.197766666667,138.917833333333,55271,55462,191
100,8,(,63,109.646816666667,164.273216666667,55462,55654,192
100,8,printf,62,91.8824333333333,168.322083333333,55654,55851,197
100,8,printf,62,85.44685,169.0534,55851,56045,194
100,8,(,63,112.738183333333,168.928633333333,56045,56239,194
100,0,blank,0,221.149783333333,154.068833333333,56239,56432,193
100,0,blank,0,243.846233333333,148.593466666667,56432,56622,190
100,8,"Enterthevalueofn\n",64,269.25755,159.2894,56622,56685,63
100,7,comma,59,124.585666666667,155.390983333333,56716,56904,188
100,7,comma,59,127.034833333333,153.3526,56904,57091,187
100,8,"Enterthevalueofn\n",64,131.783466666667,176.435333333333,57091,57279,188
100,8,printf,62,94.29845,177.44595,57279,57467,188
100,9,scanf,67,82.1869666666667,187.748183333333,57467,57656,189
100,0,blank,0,64.0330166666667,200.442816666667,57656,57845,189
100,9,"%d",69,114.228433333333,197.195966666667,57845,58037,192
100,9,comma,70,148.705883333333,190.665966666667,58037,58232,195
100,9,"%d",69,124.306016666667,182.8473,58232,58426,194
100,8,"Enterthevalueofn\n",64,131.097283333333,160.119783333333,58426,58615,189
100,0,blank,0,205.1836,148.988683333333,58615,58806,191
100,0,blank,0,243.2478,155.84255,58806,58997,191
100,0,blank,0,281.79742,150.87674,58997,59156,159
100,7,int,55,67.6624166666667,152.706683333333,59189,59384,195
100,8,printf,62,66.2445166666667,157.029083333333,59384,59575,191
100,8,printf,62,61.7251,162.286766666667,59575,59769,194
100,8,printf,62,60.8445,161.893166666667,59769,59966,197
100,8,printf,62,51.2338666666667,173.518816666667,59966,60161,195
100,0,blank,0,38.8352666666667,175.08165,60161,60352,191
100,8,printf,62,88.4565666666667,169.89705,60352,60542,190
100,0,blank,0,70.2958,178.227833333333,60542,60736,194
100,9,scanf,67,45.1032666666667,199.106216666667,60736,60931,195
100,9,scanf,67,79.4358333333333,189.01465,60931,61127,196
100,9,"%d",69,119.063183333333,192.451116666667,61127,61325,198
100,0,blank,0,157.205866666667,196.882916666667,61325,61518,193
100,0,blank,0,158.7584,196.8411,61518,61711,193
100,0,blank,0,153.442,191.568916666667,61711,61901,190
100,0,blank,0,160.898216666667,195.0003,61901,62091,190
100,0,blank,0,193.95,193.760583333333,62091,62282,191
100,0,blank,0,211.788866666667,194.299233333333,62282,62475,193
100,0,blank,0,206.929683333333,188.54385,62475,62669,194
100,0,blank,0,204.298166666667,186.244333333333,62669,62863,194
100,0,blank,0,235.306683333333,183.760983333333,62863,63058,195
100,9,),73,188.756633333333,191.7039,63058,63251,193
100,9,),73,187.37135,189.4711,63251,63441,190
100,0,blank,0,253.3795,189.984883333333,63441,63633,192
100,0,blank,0,243.8403,192.9862,63633,63665,32
100,9,scanf,67,75.7613,194.880683333333,63697,63892,195
100,9,scanf,67,62.9014166666667,197.683166666667,63892,64081,189
100,9,scanf,67,92.7042,195.133533333333,64081,64271,190
100,9,"%d",69,123.559433333333,197.460516666667,64271,64458,187
100,10,"Enter%dnames",77,162.971566666667,201.583,64458,64646,188
100,9,&,71,165.730183333333,197.28165,64646,64830,184
100,9,&,71,170.602383333333,189.061233333333,64830,65016,186
100,0,blank,0,156.812466666667,194.112933333333,65016,65203,187
100,0,blank,0,154.7197,197.665866666667,65203,65389,186
100,10,(,76,112.46485,219.863266666667,65389,65580,191
100,10,(,76,105.58475,220.62315,65580,65773,193
100,10,printf,75,67.15775,221.592333333333,65773,65964,191
100,10,printf,75,94.5324,216.3316,65964,66154,190
100,10,"Enter%dnames",77,127.126533333333,208.06115,66154,66348,194
100,10,"Enter%dnames",77,148.2062,205.968633333333,66348,66538,190
100,0,blank,0,90.6135833333333,125.969333333333,66570,66762,192
100,0,blank,0,88.8874166666667,124.498133333333,66762,66955,193
100,6,char,33,78.89525,127.224266666667,66955,67148,193
100,6,char,33,79.4529166666667,132.755,67148,67340,192
100,8,printf,62,103.93235,165.9398,67340,67530,190
100,10,"Enter%dnames",77,133.98875,220.853016666667,67530,67722,192
100,11,i,92,167.207033333333,224.843133333333,67722,67915,193
100,10,"Enter%dnames",77,176.671833333333,220.97045,67915,68106,191
100,10,"Enter%dnames",77,206.164566666667,216.63485,68106,68296,190
100,10,"Enter%dnames",77,204.611166666667,218.961533333333,68296,68489,193
100,10,"Enter%dnames",77,204.039833333333,212.607866666667,68489,68676,187
100,0,blank,0,126.190233333333,247.69185,68676,68864,188
100,0,blank,0,88.2481833333333,263.444283333333,68864,69057,193
100,0,blank,0,75.6620833333333,263.479916666667,69057,69246,189
100,0,blank,0,126.252616666667,261.231733333333,69246,69438,192
100,0,blank,0,128.078766666667,259.65495,69438,69629,191
100,0,blank,0,177.11095,258.030433333333,69629,69820,191
100,0,blank,0,169.485566666667,254.842833333333,69820,70011,191
100,0,blank,0,154.946833333333,251.746166666667,70011,70203,192
100,0,blank,0,193.601483333333,260.570283333333,70203,70395,192
100,0,blank,0,202.561533333333,257.005683333333,70395,70585,190
100,11,i,92,172.88085,240.308333333333,70585,70779,194
100,0,blank,0,174.397283333333,243.55095,70779,70969,190
100,0,blank,0,163.782416666667,236.8978,70969,71163,194
100,11,;,91,145.831933333333,226.74605,71163,71354,191
100,0,blank,0,192.933016666667,246.75495,71354,71548,194
100,0,blank,0,198.693283333333,249.2992,71548,71738,190
100,0,blank,0,213.247733333333,258.43955,71738,71930,192
100,13,"%s",98,147.634866666667,268.59005,71930,72119,189
100,0,blank,0,134.71855,283.451033333333,72119,72311,192
100,13,scanf,96,97.4210833333333,275.821883333333,72311,72500,189
100,13,scanf,96,87.8074833333333,286.6926,72500,72688,188
100,0,blank,0,79.1847,285.093133333333,72688,72879,191
100,13,scanf,96,92.7671333333333,275.2055,72879,73068,189
100,13,(,97,138.388966666667,277.2594,73068,73262,194
100,0,blank,0,237.5839,353.7814,73262,73327,65
100,13,"%s",98,178.117925,269.548375,73356,73541,185
100,13,name,100,209.28825,272.340683333333,73541,73731,190
100,13,name,100,213.131533333333,279.673766666667,73731,73919,188
100,13,name,100,216.133083333333,279.011483333333,73919,74106,187
100,13,name,100,237.842333333333,268.775483333333,74106,74292,186
100,13,[,101,245.1472,280.370283333333,74292,74480,188
100,13,[,101,248.734333333333,277.37855,74480,74670,190
100,13,i,102,260.158133333333,271.95825,74670,74858,188
100,13,name,100,239.6311,281.6185,74858,74975,117
100,13,name,100,214.5308,274.75645,74975,75165,190
100,13,i,102,262.0745,271.3817,75165,75284,119
100,0,blank,0,-350,-105,75340,75425,85
100,13,name,100,239.85104,268.15834,75513,75704,191
100,13,[,101,252.48055,278.185,75704,75891,187
100,13,"%s",98,164.126883333333,267.504716666667,75922,76109,187
100,13,scanf,96,132.09694,279.3112,76109,76290,181
100,14,strcpy,106,131.458283333333,296.057483333333,76290,76483,193
100,13,scanf,96,98.2434333333333,287.596783333333,76483,76669,186
100,14,strcpy,106,96.8904333333333,293.476483333333,76669,76860,191
100,14,strcpy,106,92.57675,289.048333333333,76860,77057,197
100,14,strcpy,106,95.57012,292.97552,77057,77229,172
100,0,blank,0,80.31455,288.3518,77229,77298,69
100,0,blank,0,-350,-105,77330,77520,190
100,0,blank,0,-350,-105,77520,77698,178
100,0,blank,0,-350,-105,77698,77886,188
100,0,blank,0,-350,-105,77886,78067,181
100,0,blank,0,-350,-105,78067,78248,181
100,0,blank,0,-350,-105,78248,78429,181
100,0,blank,0,-350,-105,78429,78612,183
100,0,blank,0,-350,-105,78612,78788,176
100,0,blank,0,-350,-105,78788,78920,132
100,0,blank,0,-350,-105,78920,79116,196
100,0,blank,0,-350,-105,79116,79289,173
100,0,blank,0,-350,-105,79289,79479,190
100,0,blank,0,-350,-105,79479,79607,128
100,0,blank,0,-350,-105,79607,79761,154
100,0,blank,0,-350,-105,79761,79889,128
100,0,blank,0,-350,-105,79889,80059,170
100,0,blank,0,-350,-105,80059,80236,177
100,0,blank,0,-350,-105,80236,80413,177
100,0,blank,0,-350,-105,80413,80590,177
100,0,blank,0,-350,-105,80590,80627,37
100,0,blank,0,-350,-105,80670,80864,194
100,0,blank,0,-350,-105,80864,80924,60
100,0,blank,0,-350,-105,80924,81103,179
100,0,blank,0,-350,-105,81103,81138,35
100,0,blank,0,290.43915,453.5099,81181,81351,170
100,0,blank,0,239.906825,313.8656,81437,81603,166
100,13,[,101,248.7909,283.80338,81603,81778,175
100,14,i,115,223.231066666667,290.0746,81778,81971,193
100,0,blank,0,248.26725,300.105066666667,81971,82167,196
100,13,i,102,260.384283333333,281.771,82167,82364,197
100,11,++,93,250.842283333333,243.46935,82364,82563,199
100,11,;,91,215.17905,229.79095,82563,82760,197
100,11,i,92,240.3149,226.1118,82760,82956,196
100,0,blank,0,273.500966666667,229.232366666667,82956,83150,194
100,0,blank,0,285.041933333333,222.547866666667,83150,83346,196
100,11,++,93,249.704283333333,226.68505,83346,83541,195
100,10,"Enter%dnames",77,220.5615,218.101066666667,83541,83739,198
100,10,"Enter%dnames",77,200.957166666667,220.610933333333,83739,83934,195
100,10,comma,78,284.1358,221.792366666667,83934,84130,196
100,10,"Enter%dnames",77,268.37395,221.821266666667,84130,84324,194
100,11,++,93,254.96625,223.626866666667,84324,84517,193
100,11,n,90,213.6542,225.69565,84517,84707,190
100,11,n,90,209.3095,230.0087,84707,84897,190
100,11,n,90,207.09,236.099883333333,84897,85084,187
100,0,blank,0,202.880633333333,238.34335,85084,85273,189
100,11,;,91,216.806533333333,229.41825,85273,85460,187
100,0,blank,0,217.016966666667,247.123583333333,85460,85650,190
100,0,blank,0,201.106466666667,239.37195,85650,85841,191
100,0,blank,0,228.09035,224.695066666667,85841,86033,192
100,10,"Enter%dnames",77,245.331666666667,220.499433333333,86033,86224,191
100,0,blank,0,260.587066666667,222.658666666667,86224,86413,189
100,10,"Enter%dnames",77,252.609183333333,220.2037,86413,86605,192
100,10,"Enter%dnames",77,236.121983333333,217.979766666667,86605,86793,188
100,11,i,92,235.261283333333,226.02785,86793,86980,187
100,11,++,93,247.478516666667,233.125066666667,86980,87168,188
100,11,++,93,250.49455,231.275216666667,87168,87355,187
100,11,i,92,235.720866666667,231.21345,87355,87543,188
100,11,++,93,246.459033333333,226.80415,87543,87730,187
100,0,blank,0,320.7718,284.46685,87730,87798,68
100,11,),94,271.9519,241.9639,87828,87859,31
100,0,blank,0,318.23265,258.33735,87932,87996,64
100,0,blank,0,393.9303,239.9513,88063,88099,36
100,0,blank,0,295.777216666667,227.81665,88131,88321,190
100,0,blank,0,298.795833333333,231.5373,88321,88509,188
100,0,blank,0,289.502366666667,233.093033333333,88509,88696,187
100,0,blank,0,260.578366666667,247.944183333333,88696,88882,186
100,0,blank,0,286.352633333333,226.282966666667,88882,89066,184
100,11,),94,270.086566666667,237.34695,89066,89255,189
100,11,n,90,203.054883333333,238.46825,89255,89442,187
100,11,),94,267.0468,232.044083333333,89442,89630,188
100,0,blank,0,291.417483333333,230.33035,89630,89816,186
100,0,blank,0,272.34705,233.43555,89816,89878,62
100,14,i,115,309.12126,298.1021,89945,90103,158
100,0,blank,0,295.235733333333,230.212216666667,90133,90324,191
100,0,blank,0,299.102416666667,229.062883333333,90324,90509,185
100,13,;,105,287.34065,279.398766666667,90509,90691,182
100,11,i,92,234.8621,238.8994,90691,90721,30
100,0,blank,0,321.566,407.5646,90751,90784,33
100,0,blank,0,311.651166666667,252.77165,90845,91034,189
100,0,blank,0,295.952166666667,225.29705,91034,91221,187
100,0,blank,0,295.2357,225.27318,91221,91375,154
100,13,name,100,203.354916666667,286.9268,91406,91594,188
100,13,comma,99,185.5685,285.16202,91658,91829,171
100,13,"%s",98,182.88388,279.37462,91829,92002,173
100,13,name,100,229.521,285.287125,92002,92172,170
100,13,name,100,226.4932,271.4671,92172,92208,36
100,14,comma,112,235.0488,297.3447,92281,92349,68
100,0,blank,0,253.72022,312.51874,92443,92618,175
100,13,name,100,235.18596,276.66052,92618,92789,171
100,0,blank,0,229.145125,288.3035,92789,92930,141
100,13,name,100,225.831733333333,274.334466666667,92930,93120,190
100,13,;,105,285.62004,267.33344,93120,93315,195
100,14,[,114,297.79474,290.7626,93315,93513,198
100,0,blank,0,301.5086,284.23488,93513,93681,168
100,0,blank,0,307.0336,283.7398,93751,93780,29
100,0,blank,0,283.3818,274.7418,93848,93878,30
100,0,blank,0,348.6563,320.251566666667,93913,94096,183
100,14,i,115,312.416166666667,300.724766666667,94096,94278,182
100,0,blank,0,319.47986,279.71814,94278,94432,154
100,0,blank,0,204.134675,299.438975,94463,94587,124
100,0,blank,0,221.286733333333,330.3313,94624,94813,189
100,14,tname,108,202.558016666667,308.51455,94813,95005,192
100,0,blank,0,248.492266666667,297.143083333333,95005,95197,192
100,0,blank,0,245.37574,309.40092,95197,95392,195
100,14,comma,112,236.4476,304.3929,95392,95505,113
100,14,name,113,270.019,308.0434,95505,95606,101
100,0,blank,0,245.7338,323.036766666667,95606,95796,190
100,0,blank,0,235.752083333333,314.08855,95796,95991,195
100,0,blank,0,294.8565,326.7332,95991,96023,32
100,14,name,113,286.6451,294.5862,96089,96155,66
100,0,blank,0,348.7396,312.5103,96220,96417,197
100,14,;,118,336.80395,307.21785,96417,96609,192
100,14,;,118,335.833616666667,305.94735,96609,96806,197
100,0,blank,0,343.3255,307.597666666667,96806,97002,196
100,14,),117,325.665016666667,302.248783333333,97002,97196,194
100,0,blank,0,311.995833333333,310.553633333333,97196,97393,197
100,16,i,132,172.183916666667,340.800266666667,97424,97614,190
100,16,i,132,170.1349,341.1016,97614,97645,31
100,0,blank,0,-350,-105,97708,97867,159
100,0,blank,0,198.27995,332.357633333333,98013,98204,191
100,14,[,114,209.47344,295.51956,98204,98375,171
100,14,tname,108,198.53238,298.90182,98375,98545,170
100,0,blank,0,183.24846,322.08122,98545,98712,167
100,16,n,128,207.521433333333,341.73,98712,98811,99
100,0,blank,0,-350,-105,98880,99040,160
100,16,1,130,246.7222,342.3172,99066,99097,31
100,0,blank,0,239.4017,342.462416666667,99173,99356,183
100,0,blank,0,236.893883333333,342.917133333333,99356,99551,195
100,16,n,128,210.427866666667,336.7758,99551,99748,197
100,0,blank,0,193.33425,335.4436,99748,99943,195
100,16,1,130,249.0426,342.3445,99943,100136,193
100,0,blank,0,257.227616666667,343.809016666667,100136,100330,194
100,0,blank,0,290.384083333333,356.008983333333,100330,100521,191
100,0,blank,0,280.770133333333,350.5561,100521,100712,191
100,0,blank,0,292.111483333333,355.411066666667,100712,100904,192
100,16,++,133,306.73765,338.114166666667,100904,101098,194
100,16,i,132,293.566333333333,352.248033333333,101098,101295,197
100,0,blank,0,327.305116666667,340.294,101295,101491,196
100,0,blank,0,337.0637,345.47282,101491,101658,167
100,0,blank,0,349.197283333333,334.121816666667,101658,101857,199
100,0,blank,0,342.07432,326.31402,101857,102023,166
100,0,blank,0,185.579516666667,381.35135,102056,102255,199
100,0,blank,0,173.89634,384.40546,102255,102425,170
100,0,blank,0,184.1772,377.14284,102425,102592,167
100,18,1,142,215.23894,378.46884,102592,102759,167
100,18,1,142,222.71956,384.49682,102759,102927,168
100,0,blank,0,240.06944,377.69858,102927,103094,167
100,0,blank,0,251.58108,369.42656,103094,103261,167
100,18,<,145,267.50602,377.58108,103261,103427,166
100,18,;,147,299.82928,377.72928,103427,103593,166
100,0,blank,0,309.17348,380.08492,103593,103760,167
100,0,blank,0,253.47968,369.79902,103760,103927,167
100,0,blank,0,220.4345,351.54002,103927,104093,166
100,0,blank,0,222.47342,335.34548,104093,104261,168
100,14,i,115,216.07192,300.13142,104261,104427,166
100,13,name,100,232.89386,271.97732,104427,104595,168
100,0,blank,0,246.35342,258.0341,104595,104763,168
100,0,blank,0,281.7058,265.30568,104763,104930,167
100,0,blank,0,273.29355,280.178466666667,104930,105129,199
100,13,name,100,225.007583333333,286.775816666667,105129,105326,197
100,11,;,91,217.4473,233.680833333333,105326,105523,197
100,11,n,90,210.3355,234.108733333333,105523,105720,197
100,0,blank,0,201.790816666667,225.69005,105720,105916,196
100,10,"Enter%dnames",77,200.067066666667,216.580233333333,105916,106015,99
100,0,blank,0,201.697783333333,229.162033333333,106081,106279,198
100,0,blank,0,218.9192,222.721966666667,106279,106477,198
100,11,++,93,255.8921,239.09428,106477,106645,168
100,11,++,93,257.94938,224.941,106645,106813,168
100,11,++,93,256.32506,228.1096,106813,106980,167
100,0,blank,0,229.79265,235.623766666667,106980,107178,198
100,0,blank,0,231.391,233.55442,107178,107345,167
100,11,++,93,248.12358,234.66734,107345,107533,188
100,11,++,93,244.8406,228.585666666667,107533,107730,197
100,0,blank,0,231.536683333333,231.4396,107730,107929,199
100,0,blank,0,380.8962,462.4865,108048,108109,61
100,23,name,187,349.877,489.7131,108109,108288,179
100,0,blank,0,222.40625,226.7226,109024,109208,184
100,0,blank,0,200.69704,227.82836,109208,109380,172
100,11,n,90,204.84092,236.65526,109380,109551,171
100,11,n,90,203.1762,236.42012,109551,109715,164
100,0,blank,0,200.92064,242.0524,109715,109891,176
100,10,"Enter%dnames",77,186.10582,220.72764,109891,110067,176
100,11,<,89,185.6666,226.6501,110067,110246,179
100,11,<,89,191.74768,225.19032,110246,110418,172
100,0,blank,0,226.64806,229.63874,110418,110587,169
100,11,++,93,246.33792,228.38544,110587,110755,168
100,11,++,93,263.4172,223.11352,110755,110925,170
100,0,blank,0,292.435666666667,221.633616666667,110925,111123,198
100,0,blank,0,299.818833333333,225.13095,111123,111320,197
100,13,comma,99,188.5104,281.228316666667,111352,111549,197
100,13,comma,99,184.5819,273.59744,111549,111716,167
100,13,"%s",98,176.72214,279.37362,111716,111885,169
100,13,name,100,242.6045,268.0093,111885,112052,167
100,13,],103,271.302316666667,282.56625,112052,112250,198
100,0,blank,0,286.1698,265.274133333333,112250,112449,199
100,0,blank,0,294.0347,278.50976,112449,112617,168
100,13,),104,276.8135,277.5699,112617,112650,33
100,0,blank,0,-350,-105,112685,112820,135
100,0,blank,0,287.4561,265.5705,112874,112906,32
100,0,blank,0,303.437283333333,266.2147,112975,113161,186
100,0,blank,0,303.509366666667,275.193466666667,113161,113354,193
100,0,blank,0,303.296416666667,269.209616666667,113354,113546,192
100,14,i,115,220.1836,291.90708,113546,113703,157
100,14,tname,108,168.5325,290.45395,113773,113836,63
100,0,blank,0,188.880216666667,324.3442,113909,114102,193
100,14,tname,108,186.824916666667,305.639383333333,114102,114296,194
100,14,tname,108,192.05695,304.254433333333,114296,114490,194
100,14,i,115,223.887266666667,292.4705,114490,114686,196
100,13,i,102,257.681333333333,284.151333333333,114686,114881,195
100,14,comma,112,241.28725,295.168083333333,114881,115074,193
100,14,],116,226.423733333333,298.22095,115074,115270,196
100,0,blank,0,232.8203,297.671433333333,115270,115464,194
100,14,],116,225.0806,296.8907,115464,115495,31
100,0,blank,0,345.597016666667,293.091866666667,115527,115726,199
100,0,blank,0,320.0548,288.3194,115726,115901,175
100,0,blank,0,324.2237,280.8422,115901,115984,83
100,14,;,118,334.585233333333,300.5384,115984,116177,193
100,0,blank,0,337.029416666667,284.069183333333,116177,116372,195
100,0,blank,0,344.82015,297.289083333333,116372,116565,193
100,14,],116,319.7516,293.62,116565,116598,33
100,0,blank,0,178.473816666667,339.019383333333,116630,116824,194
100,0,blank,0,154.734666666667,348.684566666667,116824,117019,195
100,16,i,132,166.489066666667,338.090533333333,117019,117216,197
100,0,blank,0,193.92614,332.66052,117216,117384,168
100,0,blank,0,193.0038,331.129433333333,117384,117582,198
100,16,-,129,230.28455,335.9415,117582,117780,198
100,0,blank,0,242.047666666667,342.113666666667,117780,117976,196
100,16,;,131,270.33305,342.134,117976,118171,195
100,16,i,132,289.884783333333,336.744266666667,118171,118365,194
100,16,i,132,290.663066666667,335.03115,118365,118560,195
100,0,blank,0,284.905633333333,324.78285,118560,118752,192
100,16,i,132,288.510966666667,337.629733333333,118752,118944,192
100,0,blank,0,340.474383333333,337.358183333333,118944,119139,195
100,0,blank,0,318.872833333333,330.33945,119139,119330,191
100,0,blank,0,281.033016666667,331.800533333333,119330,119523,193
100,0,blank,0,340.073716666667,327.4579,119523,119715,192
100,16,;,131,269.2086,335.4421,119715,119908,193
100,16,1,130,246.342,334.539383333333,119908,120101,193
100,0,blank,0,244.912266666667,371.4403,120101,120295,194
100,0,blank,0,234.470766666667,377.32315,120295,120490,195
100,0,blank,0,221.309366666667,348.252916666667,120490,120682,192
100,16,-,129,225.265533333333,341.594683333333,120682,120877,195
100,0,blank,0,222.83255,348.167466666667,120877,121072,195
100,0,blank,0,251.642333333333,369.6894,121072,121262,190
100,0,blank,0,259.500883333333,378.674116666667,121262,121449,187
100,0,blank,0,223.06155,366.863866666667,121449,121636,187
100,0,blank,0,204.894966666667,360.875183333333,121636,121830,194
100,0,blank,0,199.491633333333,356.1702,121830,122022,192
100,0,blank,0,245.5591,370.591733333333,122022,122216,194
100,0,blank,0,209.42825,391.063116666667,122216,122408,192
100,18,;,147,230.62245,381.7837,122408,122602,194
100,0,blank,0,240.314166666667,381.14035,122602,122801,199
100,0,blank,0,240.86198,378.96884,122801,122967,166
100,18,<,145,264.193983333333,384.524166666667,122967,123164,197
100,0,blank,0,278.540516666667,387.312066666667,123164,123358,194
100,18,++,149,325.21195,385.606216666667,123358,123553,195
100,18,;,147,296.951433333333,387.16085,123553,123751,198
100,18,n,146,283.035333333333,395.37455,123751,123948,197
100,0,blank,0,280.171116666667,371.946483333333,123948,124145,197
100,0,blank,0,277.230816666667,346.259066666667,124145,124343,198
100,0,blank,0,240.32315,342.926666666667,124343,124542,199
100,0,blank,0,235.32298,338.85392,124542,124709,167
100,0,blank,0,241.8592,343.604933333333,124709,124906,197
100,16,;,131,265.51725,338.040333333333,124906,125099,193
100,0,blank,0,240.291583333333,342.139233333333,125099,125294,195
100,0,blank,0,236.526633333333,339.8104,125294,125491,197
100,0,blank,0,238.802733333333,350.56405,125491,125690,199
100,0,blank,0,305.17815,367.922083333333,125690,125885,195
100,0,blank,0,297.097283333333,359.56355,125885,126076,191
100,16,i,132,288.698333333333,347.014616666667,126076,126273,197
100,0,blank,0,281.76905,344.1064,126273,126340,67
100,16,i,132,172.47808,348.98218,126373,126544,171
100,0,blank,0,223.22448,370.58072,126544,126712,168
100,18,<,145,270.521216666667,391.960083333333,126712,126908,196
100,0,blank,0,260.385233333333,386.154666666667,126908,127104,196
100,0,blank,0,239.463,355.710316666667,127104,127301,197
100,16,1,130,247.8226,345.475416666667,127301,127497,196
100,16,1,130,249.283566666667,333.096416666667,127497,127691,194
100,0,blank,0,221.42315,328.573783333333,127691,127889,198
100,0,blank,0,217.194633333333,344.76535,127889,128086,197
100,0,blank,0,241.125633333333,344.3797,128086,128284,198
100,0,blank,0,223.0923,341.73616,128284,128452,168
100,0,blank,0,200.87868,327.29618,128452,128618,166
100,16,n,128,208.28512,340.8936,128618,128785,167
100,16,n,128,210.41764,339.49434,128785,128951,166
100,0,blank,0,206.514,359.96,128951,128985,34
100,0,blank,0,-350,-105,129018,129204,186
100,0,blank,0,-350,-105,129204,129399,195
100,0,blank,0,-350,-105,129399,129553,154
100,0,blank,0,-350,-105,129553,129720,167
100,0,blank,0,-350,-105,129720,129856,136
100,0,blank,0,-350,-105,129856,130002,146
100,0,blank,0,-350,-105,130002,130145,143
100,0,blank,0,-350,-105,130145,130293,148
100,0,blank,0,-350,-105,130293,130477,184
100,0,blank,0,-350,-105,130477,130657,180
100,0,blank,0,-350,-105,130657,130821,164
100,0,blank,0,-350,-105,130821,131014,193
100,0,blank,0,-350,-105,131014,131213,199
100,0,blank,0,-350,-105,131213,131372,159
100,0,blank,0,-350,-105,131372,131551,179
100,0,blank,0,-350,-105,131551,131731,180
100,0,blank,0,-350,-105,131731,131913,182
100,0,blank,0,-350,-105,131913,132075,162
100,0,blank,0,-350,-105,132075,132261,186
100,0,blank,0,-350,-105,132261,132459,198
100,0,blank,0,-350,-105,132459,132635,176
100,0,blank,0,-350,-105,132635,132784,149
100,0,blank,0,-350,-105,132784,132932,148
100,0,blank,0,-350,-105,132932,133022,90
100,0,blank,0,-350,-105,133022,133215,193
100,0,blank,0,-350,-105,133215,133378,163
100,0,blank,0,-350,-105,133378,133576,198
100,0,blank,0,-350,-105,133576,133769,193
100,0,blank,0,-350,-105,133769,133903,134
100,0,blank,0,-350,-105,133903,133973,70
100,0,blank,0,338.698333333333,370.37045,134013,134208,195
100,16,++,133,297.24982,333.17396,134208,134381,173
100,0,blank,0,279.7998,317.09626,134381,134553,172
100,16,++,133,302.50198,347.36094,134553,134726,173
100,0,blank,0,315.7629,370.1489,134726,134763,37
100,0,blank,0,-350,-105,134800,134974,174
100,0,blank,0,-350,-105,134974,135149,175
100,0,blank,0,-350,-105,135149,135344,195
100,0,blank,0,-350,-105,135344,135516,172
100,0,blank,0,-350,-105,135516,135690,174
100,0,blank,0,-350,-105,135690,135875,185
100,0,blank,0,-350,-105,135875,136065,190
100,0,blank,0,-350,-105,136065,136328,263
100,0,blank,0,-350,-105,136328,136532,204
100,0,blank,0,-350,-105,136532,136705,173
100,0,blank,0,-350,-105,136705,136901,196
100,0,blank,0,-350,-105,136901,137062,161
100,0,blank,0,-350,-105,137062,137259,197
100,0,blank,0,-350,-105,137259,137455,196
100,0,blank,0,-350,-105,137455,137562,107
100,0,blank,0,111.626133333333,323.998833333333,138067,138254,187
100,0,blank,0,128.250766666667,324.022566666667,138254,138353,99
100,0,blank,0,-350,-105,138494,138636,142
100,0,blank,0,-350,-105,138636,138804,168
100,0,blank,0,-350,-105,138804,138904,100
100,0,blank,0,-350,-105,138904,139102,198
100,0,blank,0,-350,-105,139102,139237,135
100,0,blank,0,-350,-105,139237,139371,134
100,0,blank,0,-350,-105,139371,139577,206
100,0,blank,0,-350,-105,139577,139620,43
100,0,blank,0,-350,-105,139620,139847,227
100,0,blank,0,-350,-105,139847,139963,116
100,0,blank,0,-350,-105,139963,140047,84
100,0,blank,0,-350,-105,140047,140227,180
100,0,blank,0,-350,-105,140227,140345,118
100,0,blank,0,-350,-105,140345,140520,175
100,0,blank,0,-350,-105,140520,140681,161
100,0,blank,0,-350,-105,140681,140862,181
100,0,blank,0,-350,-105,140862,141052,190
100,0,blank,0,-350,-105,141052,141237,185
100,0,blank,0,-350,-105,141237,141384,147
100,0,blank,0,-350,-105,141384,141497,113
100,0,blank,0,-350,-105,141497,141678,181
100,0,blank,0,-350,-105,141678,141840,162
100,0,blank,0,-350,-105,141840,142005,165
100,0,blank,0,-350,-105,142005,142196,191
100,0,blank,0,162.8033,334.0937,142390,142574,184
100,0,blank,0,154.54155,337.16495,142574,142694,120
100,16,i,132,168.8441,351.3907,142694,142934,240
100,16,;,131,148.784083333333,340.57705,142934,143132,198
100,0,blank,0,139.05646,328.82934,143132,143298,166
100,0,blank,0,141.7267,325.31156,143298,143468,170
100,0,blank,0,141.52352,329.0901,143468,143635,167
100,0,blank,0,138.911683333333,321.20945,143635,143833,198
100,14,strcpy,106,117.256216666667,303.381283333333,143833,144030,197
100,0,blank,0,137.70054,316.0886,144030,144197,167
100,0,blank,0,149.31668,316.5938,144197,144365,168
100,0,blank,0,123.4152,322.40892,144365,144533,168
100,0,blank,0,120.12922,327.86412,144533,144700,167
100,0,blank,0,168.92692,323.60024,144700,144867,167
100,0,blank,0,120.999766666667,324.155416666667,144867,145066,199
100,0,blank,0,123.00962,323.52766,145066,145234,168
100,0,blank,0,176.22954,324.22024,145234,145403,169
100,0,blank,0,200.459,337.40365,145403,145601,198
100,0,blank,0,195.170666666667,330.01885,145601,145799,198
100,0,blank,0,180.538683333333,362.3853,145799,145994,195
100,0,blank,0,170.872383333333,375.87365,145994,146185,191
100,18,=,139,153.497166666667,380.208833333333,146185,146378,193
100,0,blank,0,150.5516,363.84605,146378,146571,193
100,0,blank,0,159.215083333333,328.491,146571,146765,194
100,0,blank,0,161.74832,373.74216,146765,146931,166
100,16,i,132,165.826383333333,348.4292,146931,147129,198
100,16,i,132,166.224633333333,337.61595,147129,147326,197
100,0,blank,0,182.13325,333.062216666667,147326,147523,197
100,13,name,100,234.485383333333,271.723833333333,147523,147718,195
100,13,name,100,233.4596,273.799683333333,147718,147912,194
100,13,name,100,231.09174,276.37124,147912,148077,165
100,0,blank,0,168.46365,366.362566666667,148110,148305,195
100,0,blank,0,153.26665,334.99275,148305,148501,196
100,0,blank,0,146.57744,326.85088,148501,148663,162
100,6,comma,49,350.265266666667,115.557783333333,148728,148920,192
100,0,blank,0,322.31865,105.996816666667,148920,149111,191
100,0,blank,0,185.77085,313.754066666667,149143,149337,194
100,0,blank,0,182.729816666667,322.515483333333,149337,149533,196
100,0,blank,0,155.51345,318.372333333333,149533,149727,194
100,0,blank,0,163.940083333333,318.027216666667,149727,149918,191
100,0,blank,0,153.1149,320.72205,149918,150047,129
100,0,blank,0,182.237633333333,326.779283333333,150079,150266,187
100,16,<,127,187.827166666667,333.549366666667,150266,150461,195
100,0,blank,0,154.4712,375.244316666667,150461,150653,192
100,0,blank,0,139.452266666667,362.702333333333,150653,150845,192
100,0,blank,0,134.807366666667,359.5426,150845,151038,193
100,0,blank,0,161.819183333333,373.777266666667,151038,151230,192
100,0,blank,0,198.638883333333,371.8476,151230,151421,191
100,0,blank,0,164.686183333333,374.545466666667,151421,151616,195
100,0,blank,0,148.778133333333,356.994266666667,151616,151814,198
100,0,blank,0,133.106166666667,329.851316666667,151814,152009,195
100,0,blank,0,111.99945,338.2579,152009,152207,198
100,0,blank,0,102.239533333333,356.458633333333,152207,152404,197
100,0,blank,0,110.7043,317.9148,152404,152599,195
100,0,blank,0,78.02545,324.794583333333,152599,152798,199
100,16,for,120,55.5077333333333,338.582,152798,152995,197
100,0,blank,0,116.05172,325.42924,152995,153164,169
100,0,blank,0,-350,-105,153196,153382,186
100,0,blank,0,-350,-105,153382,153544,162
100,0,blank,0,-350,-105,153544,153735,191
100,0,blank,0,-350,-105,153735,153909,174
100,0,blank,0,-350,-105,153909,154100,191
100,0,blank,0,-350,-105,154100,154282,182
100,0,blank,0,-350,-105,154282,154458,176
100,0,blank,0,-350,-105,154458,154572,114
100,0,blank,0,-350,-105,154572,154685,113
100,0,blank,0,-350,-105,154685,154877,192
100,0,blank,0,-350,-105,154877,155007,130
100,0,blank,0,-350,-105,155007,155153,146
100,0,blank,0,-350,-105,155153,155284,131
100,0,blank,0,-350,-105,155284,155512,228
100,0,blank,0,-350,-105,155512,155689,177
100,0,blank,0,-350,-105,155689,155842,153
100,0,blank,0,-350,-105,155842,156038,196
100,0,blank,0,-350,-105,156038,156220,182
100,0,blank,0,-350,-105,156220,156391,171
100,0,blank,0,-350,-105,156391,156472,81
100,0,blank,0,-350,-105,156472,156650,178
100,0,blank,0,-350,-105,156650,156714,64
100,0,blank,0,-350,-105,156714,156883,169
100,0,blank,0,-350,-105,156883,157068,185
100,0,blank,0,-350,-105,157068,157207,139
100,0,blank,0,-350,-105,157207,157394,187
100,0,blank,0,-350,-105,157394,157560,166
100,0,blank,0,-350,-105,157560,157662,102
100,0,blank,0,-350,-105,157662,157855,193
100,0,blank,0,-350,-105,157855,157979,124
100,0,blank,0,-350,-105,157979,158166,187
100,0,blank,0,-350,-105,158166,158343,177
100,0,blank,0,-350,-105,158343,158471,128
100,0,blank,0,-350,-105,158471,158651,180
100,0,blank,0,-350,-105,158651,158824,173
100,0,blank,0,-350,-105,158824,159295,471
100,0,blank,0,-350,-105,159295,159492,197
100,0,blank,0,-350,-105,159492,159670,178
100,0,blank,0,-350,-105,159670,159839,169
100,0,blank,0,-350,-105,159839,159970,131
100,0,blank,0,-350,-105,159970,160132,162
100,0,blank,0,-350,-105,160132,160318,186
100,0,blank,0,-350,-105,160318,160494,176
100,0,blank,0,-350,-105,160494,160678,184
100,0,blank,0,-350,-105,160678,160852,174
100,0,blank,0,-350,-105,160852,161044,192
100,0,blank,0,-350,-105,161044,161228,184
100,0,blank,0,-350,-105,161228,161411,183
100,0,blank,0,-350,-105,161411,161582,171
100,0,blank,0,-350,-105,161582,161768,186
100,0,blank,0,-350,-105,161768,161891,123
100,0,blank,0,-350,-105,161891,162086,195
100,0,blank,0,-350,-105,162086,162209,123
100,0,blank,0,-350,-105,162209,162405,196
100,0,blank,0,-350,-105,162405,162575,170
100,0,blank,0,129.8418,321.84,162607,162659,52
100,14,(,107,147.35182,296.89286,162721,162870,149
100,0,blank,0,-350,-105,162904,163093,189
100,0,blank,0,-350,-105,163093,163288,195
100,0,blank,0,-350,-105,163288,163480,192
100,0,blank,0,-350,-105,163480,163672,192
100,0,blank,0,-350,-105,163672,163825,153
100,0,blank,0,-350,-105,163825,163945,120
100,0,blank,0,-350,-105,163945,164078,133
100,0,blank,0,-350,-105,164078,164392,314
100,0,blank,0,-350,-105,164392,164578,186
100,0,blank,0,-350,-105,164578,164757,179
100,0,blank,0,-350,-105,164757,164924,167
100,0,blank,0,-350,-105,164924,165543,619
100,0,blank,0,-350,-105,165543,166214,671
100,0,blank,0,-350,-105,166214,166325,111
100,0,blank,0,176.638475,345.16195,166450,166622,172
100,0,blank,0,229.666775,324.11635,166622,166810,188
100,16,-,129,226.0993,334.4637,166810,166998,188
100,18,;,147,228.111475,380.875975,166998,167190,192
100,0,blank,0,256.7662,382.46985,167190,167371,181
100,18,j,148,245.061966666667,397.285033333333,167371,167570,199
100,0,blank,0,207.9377,396.59752,167570,167739,169
100,18,+,141,199.807116666667,397.3034,167739,167936,197
100,18,+,141,195.4054,381.49474,167936,168103,167
100,18,i,140,179.81872,378.65242,168103,168274,171
100,0,blank,0,242.68028,394.64296,168274,168443,169
100,18,j,148,243.586566666667,391.2059,168443,168641,198
100,0,blank,0,254.181966666667,388.973216666667,168641,168837,196
100,18,1,142,223.19862,395.50978,168837,169010,173
100,0,blank,0,216.95738,399.18122,169010,169182,172
100,18,1,142,218.393666666667,395.806083333333,169182,169380,198
100,18,j,148,243.3251,395.55178,169380,169546,166
100,0,blank,0,239.401766666667,389.908,169546,169744,198
100,18,1,142,216.339916666667,388.84295,169744,169941,197
100,18,1,142,213.761916666667,386.2385,169941,170139,198
100,0,blank,0,211.806866666667,398.0072,170139,170337,198
100,0,blank,0,240.320166666667,387.2419,170337,170534,197
100,0,blank,0,210.717183333333,358.460783333333,170534,170732,198
100,0,blank,0,209.2222,360.5116,170732,170765,33
100,0,blank,0,-350,-105,170833,171000,167
100,0,blank,0,-350,-105,171000,171196,196
100,0,blank,0,-350,-105,171196,171380,184
100,0,blank,0,-350,-105,171380,171570,190
100,0,blank,0,-350,-105,171570,171748,178
100,0,blank,0,-350,-105,171748,171903,155
100,23,strcpy,180,196.3268,499.9825,171952,171984,32
100,0,blank,0,230.21186,402.75884,172033,172201,168
100,18,<,145,263.511916666667,386.395816666667,172201,172394,193
100,18,;,147,295.3304,384.076,172394,172591,197
100,18,j,148,315.628116666667,386.546433333333,172591,172789,198
100,0,blank,0,365.2546,389.5722,172789,172858,69
100,0,blank,0,-350,-105,172989,173168,179
100,0,blank,0,-350,-105,173168,173340,172
100,0,blank,0,-350,-105,173340,173519,179
100,0,blank,0,-350,-105,173519,173699,180
100,0,blank,0,-350,-105,173699,173878,179
100,0,blank,0,-350,-105,173878,174009,131
100,0,blank,0,-350,-105,174009,174115,106
100,0,blank,0,-350,-105,174115,174283,168
100,0,blank,0,-350,-105,174283,174432,149
100,0,blank,0,-350,-105,174432,174548,116
100,0,blank,0,-350,-105,174548,174691,143
100,0,blank,0,-350,-105,174691,174853,162
100,0,blank,0,-350,-105,174853,175013,160
100,0,blank,0,-350,-105,175013,175189,176
100,0,blank,0,-350,-105,175189,175368,179
100,0,blank,0,-350,-105,175368,175560,192
100,0,blank,0,-350,-105,175560,175716,156
100,0,blank,0,-350,-105,175716,175878,162
100,0,blank,0,-350,-105,175878,176061,183
100,0,blank,0,-350,-105,176061,176237,176
100,0,blank,0,-350,-105,176237,176325,88
100,0,blank,0,-350,-105,176325,176497,172
100,0,blank,0,-350,-105,176497,176617,120
100,0,blank,0,-350,-105,176617,176800,183
100,0,blank,0,-350,-105,176800,176890,90
100,0,blank,0,-350,-105,176890,177100,210
100,0,blank,0,-350,-105,177100,177255,155
100,0,blank,0,-350,-105,177255,177440,185
100,0,blank,0,-350,-105,177440,177625,185
100,0,blank,0,-350,-105,177625,177729,104
100,0,blank,0,-350,-105,177729,177926,197
100,0,blank,0,-350,-105,177926,178051,125
100,0,blank,0,200.5871,371.799825,178108,178277,169
100,0,blank,0,225.530783333333,368.419483333333,178277,178474,197
100,0,blank,0,216.633183333333,372.960216666667,178474,178669,195
100,0,blank,0,175.763716666667,365.56445,178669,178862,193
100,0,blank,0,165.791516666667,372.254133333333,178862,179056,194
100,0,blank,0,182.4949,372.806083333333,179056,179249,193
100,18,1,142,219.070733333333,378.8875,179249,179444,195
100,0,blank,0,226.604833333333,368.696116666667,179444,179637,193
100,0,blank,0,229.69785,369.753183333333,179637,179830,193
100,0,blank,0,244.9306,365.3721,179830,179894,64
100,0,blank,0,-350,-105,179959,180126,167
100,0,blank,0,-350,-105,180126,180312,186
100,0,blank,0,-350,-105,180312,180491,179
100,0,blank,0,-350,-105,180491,180669,178
100,0,blank,0,-350,-105,180669,180856,187
100,0,blank,0,-350,-105,180856,181047,191
100,0,blank,0,-350,-105,181047,181229,182
100,0,blank,0,-350,-105,181229,181281,52
100,0,blank,0,-350,-105,181281,181489,208
100,0,blank,0,-350,-105,181489,181552,63
100,0,blank,0,-350,-105,181552,181763,211
100,0,blank,0,-350,-105,181763,181944,181
100,0,blank,0,-350,-105,181944,182033,89
100,0,blank,0,-350,-105,182033,182229,196
100,0,blank,0,-350,-105,182229,182399,170
100,0,blank,0,-350,-105,182399,182555,156
100,0,blank,0,-350,-105,182555,182663,108
100,0,blank,0,-350,-105,182663,182839,176
100,0,blank,0,-350,-105,182839,183018,179
100,0,blank,0,-350,-105,183018,183107,89
100,0,blank,0,-350,-105,183107,183244,137
100,0,blank,0,-350,-105,183244,183376,132
100,0,blank,0,-350,-105,183376,183537,161
100,0,blank,0,-350,-105,183537,183676,139
100,0,blank,0,-350,-105,183676,183783,107
100,0,blank,0,-350,-105,183783,183962,179
100,0,blank,0,-350,-105,183962,184157,195
100,0,blank,0,-350,-105,184157,184324,167
100,0,blank,0,-350,-105,184324,184466,142
100,0,blank,0,-350,-105,184466,184590,124
100,0,blank,0,-350,-105,184590,184721,131
100,0,blank,0,-350,-105,184721,184833,112
100,0,blank,0,-350,-105,184833,185025,192
100,0,blank,0,-350,-105,185025,185215,190
100,0,blank,0,-350,-105,185215,185404,189
100,0,blank,0,-350,-105,185404,185597,193
100,0,blank,0,-350,-105,185597,185789,192
100,0,blank,0,-350,-105,185789,185972,183
100,0,blank,0,-350,-105,185972,186084,112
100,0,blank,0,-350,-105,186084,186342,258
100,0,blank,0,-350,-105,186342,186596,254
100,0,blank,0,-350,-105,186596,186850,254
100,0,blank,0,-350,-105,186850,187024,174
100,0,blank,0,-350,-105,187024,187198,174
100,0,blank,0,-350,-105,187198,187341,143
100,0,blank,0,-350,-105,187341,187526,185
100,16,;,131,266.7583,347.7533,187683,187853,170
100,16,n,128,213.83885,341.0681,187853,188043,190
100,0,blank,0,152.673,338.54825,188043,188224,181
100,0,blank,0,180.4153,322.9878,188224,188268,44
100,0,blank,0,-350,-105,188410,188533,123
100,0,blank,0,-350,-105,188533,188654,121
100,0,blank,0,-350,-105,188654,188857,203
100,0,blank,0,-350,-105,188857,189052,195
100,0,blank,0,-350,-105,189052,189156,104
100,0,blank,0,299.4217,367.9708,189188,189381,193
100,0,blank,0,267.872833333333,409.356,189381,189580,199
100,18,j,148,251.98028,380.93984,189580,189746,166
100,0,blank,0,261.96896,370.13926,189746,189914,168
100,18,n,146,289.69626,385.71892,189914,190094,180
100,0,blank,0,286.2384,406.42734,190094,190264,170
100,0,blank,0,266.82496,400.37628,190264,190435,171
100,0,blank,0,263.86902,401.55258,190435,190605,170
100,0,blank,0,267.75108,402.9538,190605,190776,171
100,0,blank,0,267.7898,419.2983,190776,190812,36
100,0,blank,0,-350,-105,190918,191057,139
100,0,blank,0,-350,-105,191057,191222,165
100,0,blank,0,-350,-105,191222,191295,73
100,0,blank,0,-350,-105,191295,191428,133
100,0,blank,0,-350,-105,191428,191616,188
100,0,blank,0,-350,-105,191616,191689,73
100,0,blank,0,-350,-105,191689,191975,286
100,0,blank,0,-350,-105,191975,192165,190
100,0,blank,0,-350,-105,192165,192338,173
100,18,j,148,321.678816666667,396.76335,192369,192556,187
100,18,++,149,326.55348,397.02742,192556,192722,166
100,0,blank,0,364.54776,395.38648,192722,192893,171
100,0,blank,0,365.40024,398.75146,192893,193062,169
100,0,blank,0,354.77774,389.36648,193062,193235,173
100,0,blank,0,357.57132,388.49024,193235,193404,169
100,0,blank,0,312.67676,359.12234,193404,193572,168
100,16,++,133,298.18252,347.16012,193572,193743,171
100,16,i,132,289.90288,348.61812,193743,193914,171
100,16,i,132,288.6155,344.58568,193914,194083,169
100,0,blank,0,306.55824,361.15846,194083,194252,169
100,0,blank,0,349.16414,376.3569,194252,194419,167
100,0,blank,0,358.4255,381.62254,194419,194587,168
100,0,blank,0,365.4531,390.84606,194587,194754,167
100,0,blank,0,368.05158,387.69864,194754,194927,173
100,0,blank,0,359.94714,385.50586,194927,195095,168
100,18,++,149,326.84808,385.2917,195095,195280,185
100,0,blank,0,310.2205,387.64075,195280,195354,74
100,20,name,161,252.4355,433.509033333333,195588,195752,164
100,20,name,161,256.30448,431.24412,195752,195929,177
100,20,name,161,254.00404,423.45744,195929,196110,181
100,0,blank,0,318.91298,427.88496,196110,196285,175
100,0,blank,0,321.31346,431.19006,196285,196459,174
100,20,name,161,347.54484,429.71196,196459,196632,173
100,20,],164,390.87524,433.20836,196632,196805,173
100,20,name,161,352.68282,434.50534,196805,196979,174
100,0,blank,0,314.8476,433.90456,196979,197150,171
100,20,name,161,239.87118,433.59722,197150,197320,170
100,20,name,161,237.0184,427.27216,197320,197495,175
100,20,name,161,233.5049,421.0916,197495,197569,74
100,0,blank,0,-350,-105,197692,197817,125
100,20,name,161,258.8417,433.426666666667,198075,198176,101
100,0,blank,0,-350,-105,198210,198381,171
100,20,name,161,259.059383333333,431.187033333333,198408,198605,197
100,20,name,161,259.47408,435.06538,198605,198781,176
100,20,name,161,328.58674,424.58742,198781,198954,173
100,20,name,161,327.73346,431.90132,198954,199128,174
100,0,blank,0,317.39064,424.14552,199128,199310,182
100,20,name,161,353.21716,424.83818,199310,199487,177
100,0,blank,0,377.51378,418.65736,199487,199661,174
100,0,blank,0,-350,-105,199697,199893,196
100,0,blank,0,400.0826,508.9731,199937,199977,40
100,0,blank,0,-350,-105,200035,200215,180
100,0,blank,0,-350,-105,200215,200404,189
100,0,blank,0,-350,-105,200404,200587,183
100,0,blank,0,-350,-105,200587,200651,64
100,20,>,166,419.7522,433.1578,200706,200789,83
100,20,],164,388.558083333333,434.5316,200954,201152,198
100,20,j,163,378.29864,431.35206,201152,201321,169
100,20,name,161,341.17632,425.97188,201321,201490,169
100,20,name,161,326.3111,427.7918,201490,201660,170
100,20,comma,160,309.653,433.878166666667,201660,201764,104
100,0,blank,0,-350,-105,202449,202643,194
100,0,blank,0,-350,-105,202643,202805,162
100,0,blank,0,-350,-105,202805,202957,152
100,0,blank,0,-350,-105,202957,203239,282
100,0,blank,0,-350,-105,203239,203397,158
100,0,blank,0,-350,-105,203397,203703,306
100,0,blank,0,-350,-105,203703,203808,105
100,0,blank,0,250.0081,417.0684,203890,204359,469
100,20,i,158,288.57768,433.93014,204359,204543,184
100,0,blank,0,322.66374,437.30986,204543,204722,179
100,20,name,161,338.72054,439.35004,204722,204896,174
100,0,blank,0,361.55592,443.7989,204896,205071,175
100,20,name,161,347.0916,427.4516,205071,205249,178
100,0,blank,0,322.79854,423.02996,205249,205429,180
100,0,blank,0,321.4818,410.6134,205429,205498,69
100,20,strcmp,154,210.62252,421.31296,205534,205711,177
100,20,strcmp,154,220.22835,421.391,205711,205856,145
100,20,[,162,282.73558,427.37384,205891,206067,176
100,22,name,174,313.705666666667,466.3563,206067,206203,136
100,0,blank,0,313.6174,436.2264,206203,206274,71
100,0,blank,0,-350,-105,206411,206596,185
100,0,blank,0,-350,-105,206596,206793,197
100,0,blank,0,-350,-105,206793,207368,575
100,0,blank,0,-350,-105,207368,207610,242
100,0,blank,0,-350,-105,207610,207715,105
100,0,blank,0,309.679,366.84285,207793,207897,104
100,22,),178,364.695525,465.228525,207968,208153,185
100,0,blank,0,382.83395,451.97195,208335,208427,92
100,0,blank,0,440.623725,454.157175,208475,208655,180
100,20,0,167,440.39024,433.82668,208655,208842,187
100,20,0,167,437.943583333333,426.51275,208842,209038,196
100,20,),168,450.9378,435.91005,209038,209165,127
100,20,name,161,273.464566666667,430.091133333333,209197,209393,196
100,20,[,162,277.360666666667,433.438733333333,209393,209591,198
100,20,name,161,253.73682,436.54886,209591,209762,171
100,20,name,161,236.63016,438.87394,209762,209935,173
100,0,blank,0,210.64478,446.54122,209935,210108,173
100,20,strcmp,154,215.7937,434.6365,210108,210282,174
100,20,name,161,253.06518,437.5971,210282,210452,170
100,20,name,161,247.24826,437.17902,210452,210628,176
100,20,name,161,245.37742,432.83372,210628,210801,173
100,20,name,161,247.3005,441.0189,210801,210835,34
100,0,blank,0,431.076566666667,428.333,210869,211068,199
100,20,),168,450.4414,424.04176,211068,211236,168
100,0,blank,0,459.643933333333,420.444116666667,211236,211435,199
100,20,0,167,437.88852,422.90934,211435,211606,171
100,20,),168,400.875325,431.93175,211606,211743,137
100,22,name,174,294.58376,472.221,211777,211948,171
100,22,temp,172,263.63298,475.34246,211948,212119,171
100,22,temp,172,253.49634,473.63632,212119,212289,170
100,22,temp,172,267.98678,469.7322,212289,212461,172
100,0,blank,0,334.21412,470.03846,212461,212633,172
100,22,name,174,297.19262,475.20188,212633,212804,171
100,0,blank,0,286.456016666667,479.312416666667,212804,213001,197
100,22,name,174,311.57008,469.68618,213001,213169,168
100,22,name,174,308.02782,474.67912,213169,213336,167
100,22,;,179,374.12634,471.38252,213336,213505,169
100,22,),178,370.04158,465.36898,213505,213677,172
100,0,blank,0,370.332383333333,462.841033333333,213677,213876,199
100,0,blank,0,366.97124,464.02836,213876,214042,166
100,0,blank,0,368.5157,459.993,214042,214109,67
100,23,[,188,282.57592,488.44316,214142,214309,167
100,23,[,188,278.1285,487.9641,214309,214478,169
100,0,blank,0,254.84134,486.69458,214478,214644,166
100,23,name,187,250.46626,487.88408,214644,214813,169
100,23,name,187,239.66505,491.7675,214813,214946,133
100,0,blank,0,-350,-105,214978,215164,186
100,0,blank,0,314.4096,495.2236,215197,215242,45
100,23,comma,186,310.4688,489.210733333333,215337,215526,189
100,0,blank,0,318.50835,494.174833333333,215526,215725,199
100,23,name,187,334.68865,489.588883333333,215725,215922,197
100,23,[,188,372.999983333333,498.3473,215922,216121,199
100,23,),191,394.6307,492.170833333333,216121,216318,197
100,23,;,192,406.009,488.2339,216318,216487,169
100,23,j,189,380.31034,488.65452,216487,216654,167
100,23,name,187,356.4886,494.4371,216654,216824,170
100,23,i,184,291.658083333333,492.947283333333,216824,217021,197
100,0,blank,0,249.647316666667,508.671366666667,217021,217219,198
100,24,name,195,251.03044,511.8528,217219,217387,168
100,22,temp,172,255.59188,479.79048,217387,217554,167
100,22,temp,172,257.58624,475.3372,217554,217721,167
100,22,temp,172,260.3897,485.596,217721,217887,166
100,22,temp,172,262.812,482.37345,217887,218067,180
100,0,blank,0,290.6371,486.3181,218067,218167,100
100,0,blank,0,282.417166666667,449.274366666667,218167,218349,182
100,0,blank,0,302.103716666667,436.609133333333,218349,218548,199
100,20,name,161,336.81186,430.56064,218548,218715,167
100,20,],164,384.60332,423.22264,218715,218885,170
100,20,>,166,419.29372,430.56434,218885,219056,171
100,20,],164,389.991933333333,435.11885,219056,219254,198
100,20,j,163,374.94004,437.4722,219254,219424,170
100,0,blank,0,317.10974,436.27452,219424,219593,169
100,0,blank,0,262.01674,444.25014,219593,219760,167
100,0,blank,0,252.09166,449.67998,219760,219928,168
100,0,blank,0,250.78588,443.4488,219928,220098,170
100,0,blank,0,256.36316,444.1929,220098,220271,173
100,20,],164,301.6974,440.1543,220271,220442,171
100,0,blank,0,312.25822,440.70116,220442,220611,169
100,20,[,162,282.6062,439.13082,220611,220781,170
100,20,name,161,263.9705,441.40904,220781,220955,174
100,0,blank,0,303.82516,430.16762,220955,221127,172
100,0,blank,0,318.00548,436.0378,221127,221298,171
100,0,blank,0,249.60174,451.1928,221298,221468,170
100,20,name,161,261.96176,440.8922,221468,221638,170
100,0,blank,0,317.64016,438.97422,221638,221807,169
100,0,blank,0,305.158,415.6871,221807,221840,33
100,0,blank,0,-350,-105,221874,222061,187
100,0,blank,0,-350,-105,222061,222111,50
100,20,comma,160,308.813133333333,435.98775,222143,222333,190
100,0,blank,0,308.00836,442.0462,222333,222500,167
100,20,name,161,330.028166666667,434.258133333333,222500,222696,196
100,20,name,161,361.002616666667,435.898516666667,222696,222889,193
100,20,],164,388.4142,438.6575,222889,223078,189
100,20,],164,391.033933333333,428.53275,223078,223274,196
100,20,name,161,355.48414,429.54964,223274,223441,167
100,20,name,161,348.903316666667,440.619666666667,223441,223638,197
100,0,blank,0,320.4471,438.92774,223638,223806,168
100,20,name,161,328.67478,432.25496,223806,223975,169
100,20,name,161,362.15566,435.63976,223975,224142,167
100,20,name,161,346.08912,430.88882,224142,224309,167
100,20,name,161,329.03274,433.17778,224309,224476,167
100,20,name,161,329.498116666667,434.553266666667,224476,224674,198
100,20,name,161,327.77948,427.78936,224674,224841,167
100,20,name,161,331.17248,434.89978,224841,225008,167
100,20,name,161,328.81716,437.761,225008,225179,171
100,20,name,161,326.26382,437.87538,225179,225350,171
100,0,blank,0,383.1475,432.89246,225350,225521,171
100,20,],164,387.66094,432.04506,225521,225692,171
100,20,],164,389.04088,425.9508,225692,225869,177
100,20,[,162,368.03698,433.26818,225869,226042,173
100,20,name,161,344.6884,429.28596,226042,226216,174
100,20,name,161,328.70914,433.77188,226216,226384,168
100,20,name,161,327.9228,433.92756,226384,226556,172
100,20,name,161,326.15092,437.63424,226556,226726,170
100,20,name,161,356.84472,434.42234,226726,226894,168
100,0,blank,0,408.41054,433.58012,226894,227063,169
100,20,j,163,380.86372,434.91958,227063,227233,170
100,20,[,162,370.39308,433.28446,227233,227402,169
100,0,blank,0,274.74298,429.31464,227402,227574,172
100,20,name,161,269.68658,432.94566,227574,227746,172
100,20,name,161,269.63038,430.24962,227746,227914,168
100,20,name,161,273.653,432.8425,227914,227947,33
100,0,blank,0,-350,-105,227981,228142,161
100,20,],164,299.96464,436.33848,228251,228431,180
100,20,name,161,267.141066666667,433.358166666667,228431,228626,195
100,0,blank,0,251.3587,445.54718,228626,228794,168
100,20,comma,160,304.105183333333,437.02165,228794,228988,194
100,0,blank,0,312.6679,440.7429,228988,229184,196
100,20,name,161,264.597766666667,437.129033333333,229184,229381,197
100,20,name,161,245.0558,434.86274,229381,229550,169
100,20,name,161,271.97484,438.84818,229550,229716,166
100,20,i,158,291.06278,430.03238,229716,229882,166
100,0,blank,0,312.90458,431.50334,229882,230049,167
100,20,name,161,331.8927,435.51668,230049,230217,168
100,20,name,161,363.567983333333,435.949933333333,230217,230416,199
100,20,name,161,361.61252,439.26586,230416,230585,169
100,20,[,162,367.7508,435.91998,230585,230753,168
100,20,[,162,365.19234,433.10084,230753,230921,168
100,0,blank,0,430.97502,414.85364,230921,231090,169
100,20,>,166,420.01242,426.82042,231090,231260,170
100,20,),168,395.2105,422.417833333333,231260,231361,101
100,20,[,162,276.8217,435.98892,231396,231564,168
100,20,name,161,258.93866,432.39704,231564,231736,172
100,20,name,161,259.63378,427.72764,231736,231907,171
100,20,i,158,293.63244,433.12188,231907,232076,169
100,0,blank,0,302.77586,438.16422,232076,232243,167
100,0,blank,0,335.99536,443.20368,232243,232411,168
100,20,name,161,361.51826,430.89322,232411,232578,167
100,0,blank,0,406.630783333333,437.800416666667,232578,232777,199
100,0,blank,0,403.00974,432.3678,232777,232944,167
100,0,blank,0,383.69402,436.04404,232944,233112,168
100,20,name,161,352.97066,436.80668,233112,233280,168
100,0,blank,0,314.13788,442.80304,233280,233443,163
100,0,blank,0,-350,-105,233477,233665,188
100,20,name,161,269.025866666667,436.99295,233789,233973,184
100,20,name,161,256.52942,440.61304,233973,234140,167
100,0,blank,0,292.314216666667,449.20135,234140,234338,198
100,20,name,161,325.513716666667,437.893466666667,234338,234536,198
100,20,[,162,366.9001,425.89052,234536,234703,167
100,20,j,163,382.12498,436.48254,234703,234870,167
100,20,name,161,359.9306,428.21772,234870,235038,168
100,20,name,161,338.52994,427.61104,235038,235207,169
100,20,name,161,349.2347,430.1825,235207,235376,169
100,20,name,161,342.61396,426.87876,235376,235543,167
100,0,blank,0,299.34526,444.57318,235543,235715,172
100,20,comma,160,308.4764,440.4307,235715,235889,174
100,20,name,161,347.3439,438.07224,235889,236061,172
100,20,>,166,418.60778,433.13216,236061,236229,168
100,20,),168,444.09978,426.53074,236229,236397,168
100,20,),168,446.26505,434.9619,236397,236464,67
100,20,name,161,330.80148,438.8066,236497,236667,170
100,22,name,174,321.9597,475.0834,236667,236840,173
100,0,blank,0,322.38392,486.23552,236840,237014,174
100,0,blank,0,314.66008,496.20066,237014,237185,171
100,22,name,174,300.60386,477.31484,237185,237355,170
100,22,temp,172,263.76076,480.53362,237355,237530,175
100,22,temp,172,251.60406,479.99314,237530,237703,173
100,0,blank,0,283.20998,456.98814,237703,237876,173
100,0,blank,0,319.01262,438.36678,237876,238043,167
100,0,blank,0,321.0058,450.336066666667,238043,238223,180
100,0,blank,0,316.71885,488.26345,238223,238352,129
100,0,blank,0,315.9582,495.3746,238352,238483,131
100,0,blank,0,299.8367,532.8352,238483,238613,130
100,0,blank,0,302.4415,490.1707,238613,238783,170
100,0,blank,0,333.9474,451.2136,238783,238877,94
100,23,j,189,380.829,492.232,239183,239440,257
100,20,],164,384.505666666667,440.0471,239440,239603,163
100,0,blank,0,361.83164,451.30338,239603,239778,175
100,0,blank,0,294.625,447.23548,239778,239955,177
100,0,blank,0,291.184466666667,471.5743,239955,240068,113
100,0,blank,0,224.2093,261.20136,240105,240279,174
100,0,blank,0,216.95112,264.3142,240279,240449,170
100,0,blank,0,218.870133333333,258.847433333333,240449,240547,98
100,0,blank,0,279.37346,394.5013,240583,240759,176
100,0,blank,0,286.33084,409.57678,240759,240927,168
100,20,],164,294.61206,424.8894,240927,241096,169
100,20,comma,160,311.83052,440.06998,241096,241272,176
100,20,name,161,323.23534,434.06796,241272,241445,173
100,20,name,161,339.6624,433.42408,241445,241616,171
100,20,j,163,374.49584,427.11752,241616,241789,173
100,20,),168,396.3271,426.78126,241789,241960,171
100,0,blank,0,408.03852,431.06288,241960,242133,173
100,20,[,162,368.2751,430.68776,242133,242301,168
100,20,name,161,354.0304,428.56885,242301,242369,68
100,0,blank,0,-350,-105,242403,242565,162
100,0,blank,0,279.148,442.2155,242595,242661,66
100,0,blank,0,302.6579,433.2697,242798,242897,99
100,20,name,161,337.429733333333,438.387366666667,242897,243068,171
100,0,blank,0,354.0445,448.06324,243068,243236,168
100,20,[,162,370.34686,437.60232,243236,243404,168
100,0,blank,0,404.85086,436.7212,243404,243572,168
100,0,blank,0,397.11982,445.18094,243572,243742,170
100,0,blank,0,347.2781,442.17064,243742,243910,168
100,20,name,161,344.55905,430.982633333333,243910,244109,199
100,0,blank,0,357.45214,446.54866,244109,244276,167
100,20,name,161,350.71922,435.56736,244276,244442,166
100,20,name,161,349.8648,432.023083333333,244442,244641,199
100,20,name,161,351.32778,430.38548,244641,244807,166
100,20,name,161,346.59734,431.56088,244807,244976,169
100,20,name,161,343.2615,438.99452,244976,245146,170
100,20,name,161,341.93366,441.30574,245146,245316,170
100,20,name,161,340.26228,441.46808,245316,245485,169
100,20,name,161,341.56842,431.88282,245485,245657,172
100,20,name,161,338.03166,432.56686,245657,245832,175
100,20,name,161,339.75774,434.0566,245832,246002,170
100,20,comma,160,310.42436,434.26428,246002,246176,174
100,20,name,161,329.42104,432.25224,246176,246349,173
100,20,name,161,329.54962,426.05378,246349,246525,176
100,20,name,161,353.37626,432.89888,246525,246702,177
100,20,],164,389.40528,437.66484,246702,246871,169
100,20,),168,396.10112,441.20426,246871,247040,169
100,0,blank,0,409.77264,439.2416,247040,247208,168
100,20,),168,400.99504,441.64258,247208,247375,167
100,0,blank,0,373.4809,443.5949,247375,247543,168
100,0,blank,0,409.918,441.6852,247543,247711,168
100,20,0,167,437.569633333333,427.648116666667,247711,247909,198
100,0,blank,0,459.212766666667,425.987783333333,247909,248108,199
100,0,blank,0,453.549825,426.147775,248108,248241,133
100,20,name,161,329.30008,432.92916,248273,248445,172
100,20,name,161,330.7922,436.868616666667,248445,248643,198
100,22,name,174,300.87174,466.67828,248643,248812,169
100,22,name,174,307.05,471.44476,248812,248981,169
100,22,name,174,297.351933333333,470.093983333333,248981,249177,196
100,0,blank,0,317.846233333333,457.480666666667,249177,249366,189
100,20,name,161,349.094716666667,437.227083333333,249366,249560,194
100,20,name,161,354.64848,439.29798,249560,249727,167
100,20,name,161,355.65788,428.37386,249727,249896,169
100,20,],164,388.6521,424.145383333333,249896,250095,199
100,20,comma,160,308.55996,429.60324,250095,250262,167
100,20,comma,160,308.337683333333,436.5057,250262,250461,199
100,20,comma,160,307.12794,433.63786,250461,250630,169
100,20,name,161,272.376675,430.28595,250630,250764,134
100,0,blank,0,283.34855,433.3625,250764,250930,166
100,20,],164,298.290583333333,437.50495,250930,251128,198
100,0,blank,0,302.020766666667,434.131983333333,251128,251326,198
100,20,i,158,284.992233333333,432.0665,251326,251519,193
100,0,blank,0,247.82375,418.73855,251519,251713,194
100,0,blank,0,221.920766666667,411.998416666667,251713,251912,199
100,20,name,161,251.2471,423.51915,251912,252041,129
100,0,blank,0,-350,-105,252104,252261,157
100,20,],164,297.300283333333,434.18085,252395,252585,190
100,0,blank,0,317.57772,435.74256,252585,252752,167
100,20,],164,296.07825,435.478733333333,252752,252950,198
100,20,[,162,279.5658,427.9197,252950,253146,196
100,20,name,161,256.639533333333,437.731633333333,253146,253344,198
100,20,name,161,250.63835,435.873283333333,253344,253539,195
100,20,name,161,238.975916666667,431.128766666667,253539,253738,199
100,20,strcmp,154,184.491166666667,435.433683333333,253738,253935,197
100,20,strcmp,154,204.360083333333,436.3812,253935,254134,199
100,20,name,161,261.9003,439.500933333333,254134,254332,198
100,0,blank,0,315.00515,434.6813,254332,254529,197
100,20,name,161,325.0533,429.884733333333,254529,254728,199
100,20,name,161,351.4476,434.307666666667,254728,254926,198
100,20,name,161,349.31944,434.26818,254926,255095,169
100,0,blank,0,392.9552,416.71655,255095,255293,198
100,0,blank,0,404.448533333333,427.713733333333,255293,255485,192
100,0,blank,0,413.279,424.88956,255485,255666,181
100,0,blank,0,408.291483333333,435.1506,255666,255865,199
100,0,blank,0,369.4094,453.380483333333,255865,256062,197
100,0,blank,0,362.835916666667,464.712983333333,256062,256256,194
100,23,name,187,341.20745,489.641783333333,256256,256448,192
100,23,comma,186,310.929516666667,490.372483333333,256448,256647,199
100,23,comma,186,309.4246,492.94722,256647,256812,165
100,23,name,187,265.829866666667,496.5879,256812,256915,103
100,22,temp,172,264.493966666667,483.9846,256915,257083,168
100,23,name,187,270.0416,503.03672,257083,257251,168
100,23,name,187,260.24772,496.60032,257251,257421,170
100,23,i,184,286.74944,493.54944,257421,257595,174
100,22,name,174,307.95952,482.39354,257595,257763,168
100,23,],190,296.2999,489.79654,257763,257937,174
100,22,name,174,296.67942,474.04278,257937,258108,171
100,0,blank,0,285.96786,449.65468,258108,258281,173
100,20,name,161,241.14826,432.15016,258281,258454,173
100,0,blank,0,234.53872,398.57318,258454,258621,167
100,0,blank,0,238.312,381.935733333333,258621,258757,136
100,18,<,145,267.8201,384.1794,258757,258881,124
100,0,blank,0,201.29765,375.3572,258881,259080,199
100,18,+,141,194.08926,386.40626,259080,259254,174
100,0,blank,0,188.256033333333,416.953233333333,259254,259449,195
100,20,strcmp,154,205.55884,428.84986,259449,259618,169
100,0,blank,0,172.58328,387.52314,259618,259798,180
100,16,<,127,186.8161,352.128216666667,259798,259997,199
100,0,blank,0,216.4014,341.9363,259997,260126,129
100,0,blank,0,336.051916666667,334.209866666667,260159,260352,193
100,0,blank,0,336.636266666667,337.435216666667,260352,260546,194
100,0,blank,0,326.073566666667,367.45905,260546,260742,196
100,18,++,149,339.58666,386.63812,260742,260909,167
100,0,blank,0,353.378166666667,387.048716666667,260909,261105,196
100,0,blank,0,308.331616666667,420.024816666667,261105,261303,198
100,0,blank,0,266.166283333333,445.084083333333,261303,261500,197
100,20,name,161,340.586633333333,438.393966666667,261500,261698,198
100,0,blank,0,403.86525,436.25405,261698,261896,198
100,0,blank,0,440.1855,413.94738,261896,262065,169
100,0,blank,0,460.8079,442.0543,262065,262102,37
100,23,],190,294.739183333333,492.306833333333,262139,262336,197
100,0,blank,0,262.3886,486.80135,262336,262529,193
100,22,temp,172,248.032616666667,476.301,262529,262725,196
100,22,temp,172,242.888516666667,480.79605,262725,262919,194
100,22,temp,172,261.6009,482.491166666667,262919,263115,196
100,22,name,174,298.2075,478.809266666667,263115,263310,195
100,22,temp,172,254.0717,479.56076,263310,263477,167
100,22,temp,172,273.037366666667,483.397866666667,263477,263676,199
100,22,name,174,298.33125,484.549383333333,263676,263875,199
100,22,name,174,311.55404,476.902,263875,264044,169
100,22,],177,358.292633333333,468.91645,264044,264240,196
100,22,name,174,311.92605,480.915816666667,264240,264436,196
100,22,name,174,319.873233333333,481.227983333333,264436,264631,195
100,22,;,179,376.01546,474.90528,264631,264794,163
100,0,blank,0,-350,-105,264859,265026,167
100,0,blank,0,-350,-105,265026,265074,48
100,22,i,176,350.81214,475.96366,265105,265293,188
100,22,i,176,348.065866666667,483.61035,265293,265484,191
100,22,i,176,353.3184,478.697133333333,265484,265682,198
100,0,blank,0,384.17322,482.3607,265682,265848,166
100,22,;,179,379.0274,473.97934,265848,266029,181
100,0,blank,0,410.3318,458.17692,266029,266196,167
100,23,),191,396.23622,491.60988,266196,266391,195
100,23,name,187,338.524483333333,488.803466666667,266391,266584,193
100,22,name,174,324.457066666667,473.782566666667,266584,266779,195
100,22,name,174,314.709466666667,480.773683333333,266779,266970,191
100,23,[,188,365.226983333333,490.873033333333,266970,267168,198
100,23,j,189,378.92365,489.27535,267168,267365,197
100,0,blank,0,383.3513,476.183366666667,267365,267560,195
100,0,blank,0,409.47975,486.610183333333,267560,267756,196
100,23,[,188,370.6954,497.182383333333,267756,267953,197
100,23,name,187,334.834433333333,502.408833333333,267953,268149,196
100,0,blank,0,316.87796,508.62854,268149,268316,167
100,23,comma,186,304.70318,505.8405,268316,268484,168
100,24,temp,200,323.243066666667,509.9102,268484,268683,199
100,23,[,188,366.830533333333,507.799266666667,268683,268878,195
100,0,blank,0,389.231333333333,508.361,268878,269073,195
100,0,blank,0,393.660466666667,505.959833333333,269073,269268,195
100,0,blank,0,373.623616666667,515.262133333333,269268,269459,191
100,24,),201,368.120525,517.334775,269459,269630,171
100,24,temp,200,359.55192,520.63696,269630,269808,178
100,24,temp,200,351.81098,517.29812,269808,269978,170
100,24,temp,200,325.11196,513.09244,269978,270148,170
100,24,temp,200,322.2606,516.10442,270148,270318,170
100,0,blank,0,268.85248,545.25142,270318,270492,174
100,0,blank,0,297.11864,535.68078,270492,270671,179
100,0,blank,0,312.79514,537.93234,270671,270853,182
100,0,blank,0,301.04322,548.1709,270853,271035,182
100,28,"\n----------------------------------------\n",208,246.90058,609.62344,271035,271213,178
100,0,blank,0,301.05516,591.78124,271213,271394,181
100,24,temp,200,330.0995,513.68822,271394,271575,181
100,24,temp,200,326.52242,518.6991,271575,271754,179
100,0,blank,0,321.61812,513.2284,271754,271924,170
100,23,],190,299.364825,504.514075,271924,272094,170
100,23,name,187,332.53476,507.03318,272094,272275,181
100,0,blank,0,261.9476,417.9813,272275,272310,35
100,24,temp,200,342.67944,520.23924,272344,272524,180
100,23,name,187,340.2609,507.62512,272524,272705,181
100,0,blank,0,335.2595,508.61692,272705,272884,179
100,0,blank,0,314.57562,518.43884,272884,273062,178
100,0,blank,0,317.05234,512.20916,273062,273237,175
100,0,blank,0,348.12368,508.40416,273237,273409,172
100,23,name,187,360.53854,505.35476,273409,273585,176
100,24,),201,364.0479,511.4078,273585,273769,184
100,24,temp,200,362.54574,514.20108,273769,273953,184
100,0,blank,0,-350,-105,273988,274151,163
100,0,blank,0,324.1483,537.3612,274380,274517,137
100,0,blank,0,633.7287,793.658,274592,274630,38
100,0,blank,0,599.838066666667,756.0393,274892,274987,95
100,0,blank,0,319.38464,497.50266,275019,275188,169
100,0,blank,0,318.36254,496.44566,275188,275360,172
100,23,name,187,349.6842,494.60798,275360,275529,169
100,23,name,187,334.35115,500.762383333333,275529,275726,197
100,23,name,187,325.523216666667,503.158766666667,275726,275925,199
100,0,blank,0,313.23015,497.0088,275925,276123,198
100,23,name,187,332.98806,500.27962,276123,276291,168
100,23,name,187,362.68018,500.18976,276291,276458,167
100,23,[,188,366.06096,499.50576,276458,276630,172
100,23,),191,401.9609,493.54232,276630,276801,171
100,23,),191,396.47454,492.05032,276801,276969,168
100,23,),191,397.884516666667,499.726016666667,276969,277168,199
100,24,temp,200,347.356583333333,512.139883333333,277168,277367,199
100,24,temp,200,324.49694,518.5265,277367,277538,171
100,0,blank,0,320.53512,529.54524,277538,277709,171
100,0,blank,0,320.66456,509.48116,277709,277876,167
100,0,blank,0,320.27878,496.29248,277876,278054,178
100,22,i,176,351.1345,484.15296,278054,278228,174
100,22,),178,365.69104,481.47872,278228,278402,174
100,0,blank,0,383.4363,474.86424,278402,278574,172
100,22,name,174,320.03216,480.29274,278574,278740,166
100,22,name,174,318.961266666667,485.07065,278740,278938,198
100,23,],190,300.007925,488.262,278938,279073,135
100,0,blank,0,273.2302,486.2091,279073,279257,184
100,22,comma,173,278.2712,474.5739,279257,279363,106
100,22,temp,172,262.682966666667,483.1541,279363,279531,168
100,22,name,174,300.173283333333,479.075883333333,279531,279724,193
100,22,name,174,330.082633333333,478.602266666667,279724,279920,196
100,0,blank,0,384.47704,484.19384,279920,280088,168
100,0,blank,0,383.7561,478.956366666667,280088,280285,197
100,22,),178,368.293866666667,483.230716666667,280285,280482,197
100,22,name,174,321.72615,481.24475,280482,280679,197
100,23,i,184,286.007416666667,494.3245,280679,280873,194
100,23,name,187,263.384366666667,504.889983333333,280873,281069,196
100,23,name,187,249.4786,502.2661,281069,281268,199
100,24,name,195,257.156733333333,513.846233333333,281268,281466,198
100,24,name,195,250.549766666667,512.324116666667,281466,281665,199
100,24,name,195,256.94735,510.252083333333,281665,281864,199
100,23,name,187,265.01604,505.28414,281864,282032,168
100,0,blank,0,320.9529,507.511,282032,282065,33
100,0,blank,0,-350,-105,282098,282294,196
100,22,temp,172,244.85,469.4761,282345,282392,47
100,23,i,184,289.54445,498.604516666667,282476,282670,194
100,23,comma,186,309.21254,506.31668,282670,282838,168
100,23,name,187,328.2653,502.371816666667,282838,283037,199
100,23,name,187,342.912466666667,492.805933333333,283037,283232,195
100,22,],177,359.410283333333,476.6551,283232,283426,194
100,22,),178,368.0918,481.76865,283426,283619,193
100,23,name,187,329.156416666667,495.950183333333,283619,283813,194
100,23,comma,186,304.4089,493.884066666667,283813,284007,194
100,0,blank,0,318.699283333333,503.846166666667,284007,284202,195
100,24,temp,200,363.710233333333,509.189466666667,284202,284395,193
100,23,;,192,404.0294,502.466316666667,284395,284593,198
100,23,;,192,407.35284,502.79386,284593,284759,166
100,0,blank,0,319.2586,526.769466666667,284759,284956,197
100,24,comma,199,311.96092,520.00394,284956,285123,167
100,24,temp,200,334.34098,524.51654,285123,285294,171
100,24,),201,367.96272,520.62164,285294,285467,173
100,24,;,202,374.030266666667,523.2286,285467,285666,199
100,24,j,197,288.022683333333,523.889166666667,285666,285862,196
100,24,temp,200,352.153516666667,523.7828,285862,286061,199
100,0,blank,0,384.576733333333,525.173783333333,286061,286257,196
100,23,name,187,332.519566666667,497.515666666667,286257,286456,199
100,22,name,174,316.18672,483.05824,286456,286626,170
100,0,blank,0,316.85282,487.51544,286626,286794,168
100,23,[,188,279.768833333333,488.201866666667,286794,286992,198
100,0,blank,0,283.043933333333,483.546033333333,286992,287188,196
100,23,name,187,326.18934,505.85186,287188,287356,168
100,0,blank,0,316.52958,496.21344,287356,287524,168
100,24,temp,200,333.8397,511.557,287524,287692,168
100,0,blank,0,375.19805,508.859516666667,287692,287890,198
100,23,],190,391.387833333333,501.83605,287890,288083,193
100,0,blank,0,403.4856,503.591483333333,288083,288279,196
100,23,),191,400.974316666667,507.939516666667,288279,288474,195
100,0,blank,0,364.600283333333,490.302866666667,288474,288672,198
100,23,[,188,372.955733333333,495.139916666667,288672,288871,199
100,0,blank,0,383.328883333333,516.1957,288871,289070,199
100,24,temp,200,327.936583333333,522.860283333333,289070,289269,199
100,24,temp,200,326.7811,523.054783333333,289269,289467,198
100,0,blank,0,393.5115,525.69036,289467,289635,168
100,0,blank,0,385.773766666667,515.742783333333,289635,289834,199
100,24,;,202,374.10008,522.92984,289834,290000,166
100,0,blank,0,225.112133333333,558.292533333333,290034,290230,196
100,24,name,195,252.55535,524.94755,290230,290424,194
100,24,name,195,267.67955,519.197316666667,290424,290622,198
100,0,blank,0,317.308716666667,515.35265,290622,290820,198
100,23,name,187,339.084533333333,500.354266666667,290820,291018,198
100,0,blank,0,-350,-105,291118,291300,182
100,0,blank,0,-350,-105,291300,291486,186
100,0,blank,0,-350,-105,291486,291655,169
100,0,blank,0,-350,-105,291655,291788,133
100,0,blank,0,-350,-105,291788,291914,126
100,0,blank,0,-350,-105,291914,292105,191
100,0,blank,0,-350,-105,292105,292294,189
100,0,blank,0,-350,-105,292294,292454,160
100,0,blank,0,-350,-105,292454,292641,187
100,0,blank,0,-350,-105,292641,292828,187
100,0,blank,0,-350,-105,292828,292953,125
100,0,blank,0,-350,-105,292953,293148,195
100,0,blank,0,-350,-105,293148,293336,188
100,0,blank,0,-350,-105,293336,293525,189
100,0,blank,0,-350,-105,293525,293690,165
100,0,blank,0,-350,-105,293690,293876,186
100,0,blank,0,-350,-105,293876,294067,191
100,0,blank,0,-350,-105,294067,294174,107
100,0,blank,0,-350,-105,294174,294277,103
100,0,blank,0,-350,-105,294277,294389,112
100,0,blank,0,-350,-105,294389,294549,160
100,0,blank,0,-350,-105,294549,294723,174
100,0,blank,0,-350,-105,294723,294906,183
100,0,blank,0,-350,-105,294906,295073,167
100,0,blank,0,-350,-105,295073,295140,67
100,0,blank,0,295.239966666667,399.690816666667,295171,295363,192
100,0,blank,0,261.15862,370.7851,295363,295533,170
100,16,-,129,225.38118,342.42788,295533,295699,166
100,0,blank,0,193.32284,344.77434,295699,295870,171
100,16,<,127,191.1948,348.07786,295870,296039,169
100,14,tname,108,186.03372,307.46048,296039,296206,167
100,16,-,129,228.78552,342.14702,296206,296372,166
100,0,blank,0,233.2582,343.7412,296372,296406,34
100,11,n,90,204.72888,229.06886,296439,296616,177
100,10,"Enter%dnames",77,211.08268,218.175,296616,296783,167
100,0,blank,0,225.72896,239.12034,296783,296951,168
100,0,blank,0,272.96432,244.03796,296951,297122,171
100,0,blank,0,280.4946,234.1098,297122,297155,33
100,0,blank,0,223.35262,330.83084,297188,297358,170
100,0,blank,0,259.72598,355.37806,297358,297531,173
100,0,blank,0,259.33814,360.60982,297531,297704,173
100,0,blank,0,307.03416,354.68888,297704,297878,174
100,18,j,148,321.98422,378.68712,297878,298051,173
100,0,blank,0,354.84786,399.01264,298051,298222,171
100,0,blank,0,352.62002,396.25048,298222,298393,171
100,0,blank,0,315.90326,407.4134,298393,298561,168
100,20,[,162,275.37115,421.845325,298561,298700,139
100,29,"InputNamesSorted\n",213,294.63784,629.83758,298734,298901,167
100,29,"InputNamesSorted\n",213,224.9562,625.76726,298901,299075,174
100,29,"InputNamesSorted\n",213,177.26864,637.81126,299075,299251,176
100,29,"InputNamesSorted\n",213,154.16026,619.9592,299251,299417,166
100,29,"InputNamesSorted\n",213,211.891466666667,636.818366666667,299417,299615,198
100,29,"InputNamesSorted\n",213,254.5456,637.5027,299615,299714,99
100,30,"------------------------------------------\n",218,187.8082,651.31095,299714,299887,173
100,30,"------------------------------------------\n",218,236.61864,643.96314,299887,300059,172
100,29,"InputNamesSorted\n",213,296.863116666667,626.634,300059,300258,199
100,28,"\n----------------------------------------\n",208,225.390775,615.9802,300258,300420,162
100,28,"\n----------------------------------------\n",208,211.8867,609.1302,300420,300485,65
100,28,"\n----------------------------------------\n",208,539.50635,604.58995,300547,300745,198
100,0,blank,0,573.4578,615.48608,300745,300913,168
100,0,blank,0,582.2476,614.0989,300913,300946,33
100,29,"InputNamesSorted\n",213,212.397066666667,619.858216666667,301014,301210,196
100,0,blank,0,254.63646,662.32624,301210,301377,167
100,30,"------------------------------------------\n",218,321.280733333333,651.678766666667,301377,301572,195
100,30,"------------------------------------------\n",218,262.99825,642.448583333333,301572,301771,199
100,29,"InputNamesSorted\n",213,217.96628,635.55232,301771,301947,176
100,29,"InputNamesSorted\n",213,222.4495,635.911,301947,301983,36
100,30,"------------------------------------------\n",218,131.9833,658.4117,301983,302222,239
100,0,blank,0,154.8415,663.0965,302222,302403,181
100,22,temp,172,248.96378,470.3707,302440,302615,175
100,24,j,197,290.1271,509.75688,302615,302788,173
100,24,temp,200,329.03338,522.82392,302788,302959,171
100,24,),201,366.12328,527.7414,302959,303131,172
100,0,blank,0,394.26346,531.59868,303131,303301,170
100,0,blank,0,388.97664,525.67412,303301,303470,169
100,24,;,202,380.31848,517.50798,303470,303638,168
100,23,[,188,371.1789,494.9896,303638,303810,172
100,24,temp,200,332.66542,528.74134,303810,303979,169
100,0,blank,0,281.44528,563.74872,303979,304146,167
100,29,"InputNamesSorted\n",213,146.476783333333,627.2672,304178,304374,196
100,29,"InputNamesSorted\n",213,147.8523,622.615966666667,304374,304471,97
100,29,"InputNamesSorted\n",213,157.6491,633.12778,304504,304689,185
100,29,"InputNamesSorted\n",213,188.274083333333,625.903866666667,304689,304878,189
100,28,"\n----------------------------------------\n",208,215.6607,612.951366666667,304878,305070,192
100,29,"InputNamesSorted\n",213,199.292683333333,629.106716666667,305070,305269,199
100,29,"InputNamesSorted\n",213,188.4342,633.861766666667,305269,305463,194
100,29,"InputNamesSorted\n",213,189.89602,619.24798,305463,305632,169
100,29,"InputNamesSorted\n",213,216.41588,629.42186,305632,305802,170
100,29,"InputNamesSorted\n",213,225.37216,630.39594,305802,305977,175
100,29,"InputNamesSorted\n",213,196.51344,624.16312,305977,306149,172
100,29,"InputNamesSorted\n",213,200.260033333333,620.481766666667,306149,306249,100
100,0,blank,0,549.38678,629.9729,306319,306493,174
100,28,),209,577.303433333333,611.702766666667,306493,306595,102
100,30,"------------------------------------------\n",218,254.628866666667,651.493083333333,306629,306825,196
100,30,"------------------------------------------\n",218,284.47482,649.19332,306825,306993,168
100,30,"------------------------------------------\n",218,305.07875,642.01375,306993,307061,68
100,31,<,228,191.15645,667.9657,307095,307264,169
100,31,i,231,243.8321,665.180425,307264,307454,190
100,0,blank,0,279.19274,683.19406,307454,307615,161
100,0,blank,0,-350,-105,307647,307835,188
100,0,blank,0,-350,-105,307835,307891,56
100,0,blank,0,1016.4865,284.868983333333,307927,308118,191
100,0,blank,0,1012.692,287.6254,308118,308314,196
100,0,blank,0,1005.9964,286.94476,308314,308481,167
100,0,blank,0,1013.7048,285.24238,308481,308651,170
100,0,blank,0,1009.5884,285.69604,308651,308819,168
100,0,blank,0,1013.1172,285.92364,308819,308989,170
100,0,blank,0,1020.772,284.9711,308989,309024,35
100,0,blank,0,1003.4642,592.62026,309058,309228,170
100,0,blank,0,1003.4312,600.58828,309228,309399,171
100,0,blank,0,994.7682,651.92198,309399,309567,168
100,31,),233,270.0284,680.66248,309635,309806,171
100,30,"------------------------------------------\n",218,252.881466666667,642.8311,309806,309907,101
101,0,blank,0,238.85005,600.424966666667,310275,310473,198
101,30,"------------------------------------------\n",218,170.298783333333,559.174466666667,310473,310672,199
101,0,blank,0,149.84768,554.43818,310672,310840,168
101,29,"InputNamesSorted\n",213,181.616916666667,548.73775,310840,311037,197
101,29,"InputNamesSorted\n",213,181.41625,547.064666666667,311037,311228,191
101,30,"------------------------------------------\n",218,228.4275,559.092966666667,311228,311421,193
101,30,"------------------------------------------\n",218,197.05115,564.6512,311421,311620,199
101,30,"------------------------------------------\n",218,180.27766,559.69832,311620,311788,168
101,30,"------------------------------------------\n",218,215.74566,556.23534,311788,311961,173
101,29,"InputNamesSorted\n",213,223.65118,552.9905,311961,312134,173
101,29,"InputNamesSorted\n",213,201.47606,552.24,312134,312308,174
101,0,blank,0,182.3259,603.83285,312308,312378,70
101,30,"------------------------------------------\n",218,209.220925,559.35725,312812,312989,177
101,0,blank,0,202.63822,554.39404,312989,313164,175
101,29,"InputNamesSorted\n",213,196.49096,551.25672,313164,313334,170
101,29,"InputNamesSorted\n",213,202.02918,552.52802,313334,313500,166
101,30,"------------------------------------------\n",218,215.8408,556.2871,313500,313671,171
101,29,"InputNamesSorted\n",213,209.53044,552.38578,313671,313838,167
101,30,"------------------------------------------\n",218,256.03394,557.77498,313838,314004,166
101,30,"------------------------------------------\n",218,263.31346,561.9706,314004,314171,167
101,29,"InputNamesSorted\n",213,276.27624,553.16244,314171,314338,167
101,29,"InputNamesSorted\n",213,327.93914,546.85616,314338,314506,168
101,30,"------------------------------------------\n",218,348.90756,558.05418,314506,314673,167
101,0,blank,0,371.77412,547.89418,314673,314841,168
101,30,"------------------------------------------\n",218,189.32724,570.04254,314874,315042,168
101,0,blank,0,154.9038,585.0951,315042,315237,195
101,30,"------------------------------------------\n",218,174.144216666667,567.304016666667,315237,315434,197
101,0,blank,0,197.90215,577.21895,315434,315632,198
101,31,;,230,221.726133333333,587.829783333333,315632,315829,197
101,0,blank,0,228.013383333333,609.366133333333,315829,316022,193
101,33,"%s\t\t%s\n",237,232.916933333333,632.757166666667,316022,316216,194
101,0,blank,0,383.48772,633.91706,316254,316420,166
101,33,comma,243,376.17828,630.60878,316420,316586,166
101,33,],247,368.47466,636.51218,316586,316754,168
101,33,i,246,452.8184,635.940233333333,316754,316952,198
101,31,i,231,173.6012,597.155966666667,316984,317118,134
101,0,blank,0,192.554216666667,608.032383333333,317193,317391,198
101,0,blank,0,202.6205,603.4311,317391,317586,195
101,0,blank,0,215.68472,600.94546,317586,317753,167
101,31,n,229,204.9766,593.81958,317753,317919,166
101,0,blank,0,222.63374,587.80138,317919,318089,170
101,30,"------------------------------------------\n",218,249.45094,564.677,318089,318254,165
101,30,"------------------------------------------\n",218,300.33202,559.93458,318254,318427,173
101,30,"------------------------------------------\n",218,303.608016666667,555.787933333333,318427,318625,198
101,30,"------------------------------------------\n",218,237.68102,558.48182,318625,318792,167
101,31,i,231,164.506216666667,579.189216666667,318792,318986,194
101,31,;,230,148.63925,579.367783333333,318986,319180,194
101,0,blank,0,176.35015,583.230216666667,319180,319375,195
101,31,;,230,216.294333333333,591.14035,319375,319570,195
101,31,<,228,189.617925,593.00735,319570,319739,169
101,31,;,230,146.3471,595.8563,319739,319889,150
101,0,blank,0,157.9981,601.85715,319889,320075,186
101,0,blank,0,159.20605,585.7362,320075,320272,197
101,0,blank,0,152.84235,585.585525,320272,320431,159
101,0,blank,0,234.3906,615.95785,320431,320526,95
101,0,blank,0,202.808783333333,588.24985,320592,320782,190
101,0,blank,0,196.9067,588.17745,320782,320981,199
101,31,;,230,218.3731,596.416333333333,320981,321172,191
101,0,blank,0,222.756616666667,603.1816,321172,321364,192
101,31,++,232,255.2886,588.684433333333,321364,321552,188
101,0,blank,0,277.4426,583.62285,321552,321741,189
101,0,blank,0,291.8385,593.55885,321741,321937,196
101,0,blank,0,270.930816666667,602.942166666667,321937,322129,192
101,0,blank,0,296.580266666667,597.6458,322129,322323,194
101,0,blank,0,288.0564,595.710883333333,322323,322516,193
101,0,blank,0,275.186966666667,586.756833333333,322516,322706,190
101,0,blank,0,276.913366666667,596.61365,322706,322894,188
101,31,++,232,247.855833333333,583.644333333333,322894,323085,191
101,0,blank,0,199.173933333333,606.2961,323085,323273,188
101,31,n,229,209.73728,596.00376,323273,323432,159
101,33,"%s\t\t%s\n",237,230.5803,638.8152,323464,323495,31
101,33,"%s\t\t%s\n",237,254.47175,633.54965,323526,323661,135
101,31,;,230,221.7618,595.7442,323692,323754,62
101,33,"%s\t\t%s\n",237,255.049916666667,622.739233333333,323785,323978,193
101,0,blank,0,210.3027,656.3623,323978,324015,37
101,33,"%s\t\t%s\n",237,240.0278,635.49366,324050,324235,185
101,0,blank,0,188.869316666667,642.279866666667,324235,324424,189
101,0,blank,0,268.18994,643.64788,324424,324592,168
101,0,blank,0,267.2573,653.02425,324592,324784,192
101,0,blank,0,264.36585,644.708,324784,324847,63
101,0,blank,0,283.52782,646.2675,324917,325087,170
101,0,blank,0,259.006775,662.3049,325087,325252,165
101,35,"------------------------------------------\n",253,339.978,677.0261,325252,325287,35
101,33,"%s\t\t%s\n",237,255.916266666667,641.985466666667,325324,325518,194
101,0,blank,0,251.2854,642.976583333333,325518,325709,191
101,33,"%s\t\t%s\n",237,254.131083333333,635.336833333333,325709,325896,187
101,33,comma,243,274.785383333333,640.453416666667,325896,326086,190
101,0,blank,0,273.317116666667,642.691866666667,326086,326276,190
101,33,"%s\t\t%s\n",237,263.02355,637.537466666667,326276,326468,192
101,33,"%s\t\t%s\n",237,260.304416666667,638.829583333333,326468,326661,193
101,0,blank,0,270.426116666667,649.292766666667,326661,326856,195
101,33,"%s\t\t%s\n",237,270.953283333333,641.373783333333,326856,327051,195
101,0,blank,0,264.4665,645.255233333333,327051,327246,195
101,33,"%s\t\t%s\n",237,261.856116666667,631.864383333333,327246,327440,194
101,0,blank,0,273.850566666667,639.837133333333,327440,327633,193
101,33,comma,243,279.882916666667,634.072583333333,327633,327826,193
101,33,"%s\t\t%s\n",237,272.281883333333,628.139366666667,327826,328020,194
101,33,name,244,404.94168,637.4785,328053,328221,168
101,33,comma,243,377.853633333333,629.394716666667,328221,328416,195
101,33,name,244,396.692433333333,627.9773,328416,328611,195
101,0,blank,0,465.746716666667,607.958316666667,328611,328808,197
101,0,blank,0,445.283566666667,643.9752,328808,328903,95
101,0,blank,0,265.410466666667,644.626866666667,328935,329132,197
101,0,blank,0,264.4632,651.51685,329132,329200,68
101,33,[,245,436.6015,621.776633333333,329233,329425,192
101,33,name,244,418.560183333333,627.34485,329425,329617,192
101,33,name,244,402.116716666667,636.979433333333,329617,329813,196
101,33,name,244,397.624516666667,633.091916666667,329813,330011,198
101,0,blank,0,391.4415,632.95666,330011,330178,167
101,33,name,244,397.653033333333,636.627,330178,330279,101
101,0,blank,0,287.123616666667,627.167416666667,330311,330508,197
101,0,blank,0,180.68878,644.26338,330541,330708,167
101,0,blank,0,176.43048,652.09758,330708,330884,176
101,33,"%s\t\t%s\n",237,237.9604,626.45102,330884,331056,172
101,0,blank,0,273.099616666667,637.91705,331056,331250,194
101,0,blank,0,273.82544,630.10644,331250,331413,163
101,0,blank,0,236.38698,619.09306,331413,331588,175
101,33,"%s\t\t%s\n",237,254.94038,621.86804,331588,331755,167
101,0,blank,0,285.724683333333,645.565366666667,331755,331952,197
101,0,blank,0,298.573583333333,645.149633333333,331952,332150,198
101,0,blank,0,261.3125,616.193366666667,332150,332348,198
101,0,blank,0,231.841533333333,609.47345,332348,332545,197
101,33,tname,239,293.37294,636.50108,332545,332713,168
101,0,blank,0,277.258283333333,619.08385,332713,332912,199
101,0,blank,0,238.6507,605.2163,332912,333080,168
101,0,blank,0,207.68456,605.46016,333080,333248,168
101,0,blank,0,191.33804,600.1719,333248,333418,170
101,0,blank,0,219.46492,615.85662,333418,333585,167
101,33,"%s\t\t%s\n",237,257.746433333333,628.036033333333,333585,333781,196
101,33,"%s\t\t%s\n",237,256.02896,624.63712,333781,333941,160
101,0,blank,0,261.90208,602.29368,333941,334132,191
101,33,tname,239,314.2541,637.98065,334164,334228,64
101,0,blank,0,198.2115,605.62006,334390,334563,173
101,31,),233,271.87528,592.32542,334638,334833,195
101,31,),233,268.47445,586.44475,334833,335023,190
101,0,blank,0,251.46255,576.38995,335023,335150,127
101,14,],116,319.97385,218.08335,335181,335246,65
101,8,"Enterthevalueofn\n",64,241.42148,78.79628,335331,335530,199
101,0,blank,0,297.456633333333,50.2923833333333,335530,335729,199
101,0,blank,0,318.026425,52.638425,335729,335862,133
101,0,blank,0,196.960766666667,68.7636833333333,335928,336122,194
101,8,"Enterthevalueofn\n",64,186.241183333333,72.7101,336122,336321,199
101,8,"Enterthevalueofn\n",64,183.2732,75.6476166666667,336321,336517,196
101,0,blank,0,209.607733333333,99.1807,336517,336714,197
101,8,"Enterthevalueofn\n",64,292.615866666667,76.39985,336714,336913,199
101,8,"Enterthevalueofn\n",64,316.96714,73.73646,336913,337082,169
101,8,"Enterthevalueofn\n",64,297.95376,73.03172,337082,337248,166
101,0,blank,0,265.52516,68.6668,337248,337418,170
101,8,"Enterthevalueofn\n",64,254.92012,84.15912,337418,337588,170
101,0,blank,0,209.30536,101.9299,337588,337758,170
101,9,;,74,198.51964,102.17578,337758,337926,168
101,9,n,72,180.41284,95.45244,337926,338094,168
101,8,"Enterthevalueofn\n",64,296.12982,80.44982,338094,338263,169
101,8,"Enterthevalueofn\n",64,272.33802,76.37544,338263,338430,167
101,0,blank,0,229.112383333333,56.94105,338430,338629,199
101,6,tname,42,239.36722,45.41726,338629,338796,167
101,6,tname,42,223.4142,39.59814,338796,338966,170
101,0,blank,0,215.155733333333,42.4411166666667,338966,339165,199
101,6,],53,198.1082,44.0696166666667,339165,339364,199
101,0,blank,0,221.82682,60.89546,339364,339532,168
101,8,"Enterthevalueofn\n",64,265.5964,74.45382,339532,339701,169
101,8,"Enterthevalueofn\n",64,328.70852,75.50586,339701,339871,170
101,6,tname,42,224.42518,47.73562,339905,340075,170
101,0,blank,0,199.96964,61.22128,340075,340250,175
101,0,blank,0,194.0276,66.1898,340250,340437,187
101,6,comma,49,207.5048,35.3603,340437,340556,119
101,6,comma,49,206.695225,37.40195,340556,340751,195
101,6,comma,49,211.72266,46.09008,340751,340919,168
101,0,blank,0,210.39662,54.82608,340919,341090,171
101,0,blank,0,174.06092,62.26594,341090,341264,174
101,0,blank,0,194.35566,66.17294,341264,341435,171
101,8,"Enterthevalueofn\n",64,237.30416,71.91044,341435,341614,179
101,0,blank,0,304.18556,60.22778,341614,341787,173
101,0,blank,0,266.4078,51.58066,341787,341955,168
101,0,blank,0,212.89374,34.69152,341955,342130,175
101,6,],53,195.228,29.4604,342130,342311,181
101,6,8,52,190.64402,30.31192,342311,342484,173
101,6,[,51,182.32842,33.46408,342484,342656,172
101,6,[,51,139.95668,36.53366,342656,342825,169
101,6,],53,170.38632,40.94832,342825,342996,171
101,0,blank,0,-350,-105,343031,343169,138
101,23,comma,186,308.8735,417.9055,343197,343224,27
101,0,blank,0,166.69875,62.96675,343311,343432,121
101,6,],53,201.87146,33.58304,343599,343767,168
101,0,blank,0,175.88672,48.77872,343767,343935,168
101,8,"Enterthevalueofn\n",64,146.57355,74.4856333333333,343935,344133,198
101,8,"Enterthevalueofn\n",64,158.53175,71.0782,344133,344197,64
101,8,"Enterthevalueofn\n",64,190.052875,78.726975,344264,344401,137
101,10,"Enter%dnames",77,236.3262,117.6978,344438,344533,95
101,8,"Enterthevalueofn\n",64,161.0061,79.9162,344564,344693,129
101,9,;,74,194.856533333333,96.6123666666667,344693,344866,173
101,9,),73,189.2555,94.8039166666667,344866,345064,198
101,0,blank,0,232.6134,111.66678,345064,345234,170
101,10,"Enter%dnames",77,275.46328,115.85918,345234,345400,166
101,10,"Enter%dnames",77,278.85608,125.17228,345400,345568,168
101,10,"Enter%dnames",77,247.0999,115.9931,345568,345736,168
101,0,blank,0,225.16264,64.70172,345736,345904,168
101,0,blank,0,220.22482,50.41804,345904,346076,172
101,0,blank,0,218.67026,45.94328,346076,346244,168
101,0,blank,0,217.23234,48.6759,346244,346413,169
101,0,blank,0,219.0429,51.88896,346413,346586,173
101,6,tname,42,222.6888,44.436,346586,346760,174
101,0,blank,0,218.36062,56.23368,346760,346935,175
101,0,blank,0,211.8232,106.08494,346935,347101,166
101,0,blank,0,240.75374,114.27008,347101,347269,168
101,10,"Enter%dnames",77,276.31324,119.67786,347269,347438,169
101,10,"Enter%dnames",77,249.52832,120.39056,347438,347608,170
101,10,"Enter%dnames",77,240.84974,116.36838,347608,347779,171
101,10,"Enter%dnames",77,197.0172,128.30386,347779,347953,174
101,0,blank,0,182.19036,62.39418,347953,348126,173
101,0,blank,0,182.89704,54.55106,348126,348296,170
101,0,blank,0,190.66842,58.19334,348296,348466,170
101,6,],53,307.38106,40.89842,348466,348636,170
101,6,10,44,291.05815,37.2016833333333,348636,348833,197
101,6,10,44,285.132,32.96895,348833,348901,68
101,10,"Enter%dnames",77,210.13066,131.08986,348935,349104,169
101,11,n,90,209.24646,139.12146,349104,349274,170
101,0,blank,0,211.83612,136.67944,349274,349443,169
101,14,],116,229.12754,218.84794,349443,349611,168
101,14,],116,227.48304,213.99312,349611,349780,169
101,14,],116,231.45964,215.9598,349780,349947,167
101,14,],116,319.719966666667,219.13025,349947,350146,199
101,14,),117,331.9121,222.2315,350146,350180,34
101,0,blank,0,299.3386,228.0151,350213,350608,395
101,14,[,114,300.252683333333,222.546583333333,350608,350798,190
101,14,i,115,305.07935,217.8963,350798,350996,198
101,14,comma,112,240.33096,208.66638,350996,351163,167
101,14,i,115,223.757,207.24355,351163,351361,198
101,8,"Enterthevalueofn\n",64,193.055983333333,82.5859833333333,352131,352326,195
101,7,n,60,153.5062,67.3329666666667,352326,352524,198
101,6,10,44,155.48466,46.48088,352524,352694,170
101,6,],53,164.15072,32.10342,352694,352873,179
101,0,blank,0,209.23668,25.93234,352873,353046,173
101,6,name,34,128.09512,38.23778,353046,353223,177
101,6,10,44,160.95426,39.95638,353223,353396,173
101,6,[,51,181.73656,37.53832,353396,353571,175
101,6,],53,198.06046,31.10024,353571,353751,180
101,6,10,44,156.81848,31.76128,353751,353928,177
101,6,10,44,151.90568,38.92294,353928,354102,174
101,6,8,52,192.6737,30.22832,354102,354281,179
101,6,],53,194.5096,32.8246,354281,354457,176
101,6,8,52,191.85782,31.293,354457,354632,175
101,0,blank,0,192.3665,26.95186,354632,354811,179
101,0,blank,0,174.74712,32.6962,354811,354989,178
101,0,blank,0,177.15164,23.40086,354989,355170,181
101,0,blank,0,196.71916,21.76956,355170,355350,180
101,0,blank,0,229.17992,9.74762,355350,355528,178
101,0,blank,0,296.04214,12.79126,355528,355699,171
101,0,blank,0,299.0097,13.56434,355699,355870,171
101,0,blank,0,300.3839,15.68192,355870,356040,170
101,0,blank,0,248.6567,16.01268,356040,356215,175
101,0,blank,0,217.68956,25.38244,356215,356392,177
101,0,blank,0,243.5704,22.53478,356392,356570,178
101,0,blank,0,304.55032,13.59068,356570,356743,173
101,0,blank,0,304.9575,13.8939,356743,356915,172
101,0,blank,0,341.89914,14.05296,356915,357089,174
101,0,blank,0,326.95728,12.43684,357089,357260,171
101,0,blank,0,306.1137,12.54135,357260,357329,69
101,0,blank,0,427.18558,15.36184,357364,357536,172
101,0,blank,0,420.34964,14.4605,357536,357706,170
101,0,blank,0,427.9694,13.19214,357706,357877,171
101,0,blank,0,437.39644,14.308,357877,358047,170
101,0,blank,0,394.9969,8.8118,358047,358112,65
101,0,blank,0,224.61482,25.36204,358146,358317,171
101,6,comma,49,206.26022,43.30672,358317,358492,175
101,0,blank,0,185.54982,48.01798,358492,358662,170
101,0,blank,0,229.08104,22.99116,358662,358835,173
101,0,blank,0,237.42332,16.51536,358835,359012,177
101,0,blank,0,239.59945,8.1352,359012,359081,69
101,7,n,60,152.2967,60.14478,359118,359292,174
101,0,blank,0,135.6219,51.14906,359292,359468,176
101,7,n,60,143.83474,52.57752,359468,359642,174
101,6,8,52,183.73898,43.73786,359642,359820,178
101,6,8,52,185.60432,40.46276,359820,359997,177
101,0,blank,0,215.804,30.55676,359997,360168,171
101,0,blank,0,250.50014,27.34262,360168,360339,171
101,0,blank,0,228.27032,25.96848,360339,360507,168
101,0,blank,0,221.177425,27.40695,360507,360646,139
101,0,blank,0,174.83055,69.07645,360646,360840,194
101,0,blank,0,174.8542,60.735,360840,360964,124
101,7,;,61,160.941175,51.934075,360964,361150,186
101,6,8,52,183.17408,32.45392,361150,361320,170
101,6,8,52,186.1737,28.6331,361320,361425,105
101,0,blank,0,214.825175,19.059325,361425,361615,190
101,6,comma,49,211.5573,28.30806,361615,361792,177
101,0,blank,0,211.29814,23.6206,361792,361971,179
101,0,blank,0,224.51636,25.4964,361971,362149,178
101,6,comma,49,209.81168,46.79054,362149,362320,171
101,0,blank,0,214.41846,53.50868,362320,362494,174
101,0,blank,0,214.15652,29.70122,362494,362672,178
101,0,blank,0,210.6082,25.96958,362672,362851,179
101,6,],53,196.7106,37.50095,362851,362922,71
101,0,blank,0,-350,-105,362957,363147,190
101,0,blank,0,-350,-105,363147,363298,151
101,0,blank,0,-350,-105,363298,363441,143
101,0,blank,0,-350,-105,363441,363547,106
101,0,blank,0,-350,-105,363547,363734,187
101,0,blank,0,-350,-105,363734,363911,177
101,0,blank,0,-350,-105,363911,364099,188
101,0,blank,0,-350,-105,364099,364266,167
101,0,blank,0,-350,-105,364266,364436,170
101,0,blank,0,-350,-105,364436,364579,143
101,0,blank,0,-350,-105,364579,364747,168
101,0,blank,0,-350,-105,364747,364925,178
101,0,blank,0,-350,-105,364925,365052,127
101,0,blank,0,-350,-105,365052,365319,267
101,0,blank,0,-350,-105,365319,365646,327
101,0,blank,0,-350,-105,365646,365860,214
101,0,blank,0,-350,-105,365860,366039,179
101,0,blank,0,-350,-105,366039,366228,189
101,0,blank,0,-350,-105,366228,366358,130
101,0,blank,0,-350,-105,366358,366512,154
101,0,blank,0,-350,-105,366512,366645,133
101,0,blank,0,-350,-105,366645,366889,244
101,0,blank,0,-350,-105,366889,367073,184
101,0,blank,0,-350,-105,367073,367242,169
101,0,blank,0,-350,-105,367242,367423,181
101,0,blank,0,-350,-105,367423,367558,135
101,0,blank,0,-350,-105,367558,367852,294
101,0,blank,0,-350,-105,367852,367986,134
101,0,blank,0,-350,-105,367986,368158,172
101,0,blank,0,-350,-105,368158,368345,187
101,0,blank,0,-350,-105,368345,368544,199
101,10,"Enter%dnames",77,142.0414,126.7426,368666,368842,176
101,8,"Enterthevalueofn\n",64,143.52625,88.620325,368842,369039,197
101,8,"Enterthevalueofn\n",64,243.5146,90.3515666666667,369039,369188,149
101,0,blank,0,220.1596,62.882,369188,369386,198
101,0,blank,0,123.22154,53.37192,369386,369555,169
101,7,comma,59,98.07505,52.3954,369555,369754,199
101,0,blank,0,234.268916666667,54.9365,369754,369953,199
101,7,n,60,151.96654,60.04828,369953,370120,167
101,7,n,60,144.3669,64.1545,370120,370286,166
101,7,n,60,149.7812,53.777825,370286,370421,135
101,0,blank,0,247.72146,52.42884,370454,370621,167
101,0,blank,0,217.31292,51.17834,370621,370788,167
101,0,blank,0,203.982666666667,59.0745166666667,370788,370985,197
101,0,blank,0,240.582366666667,62.6588,370985,371181,196
101,0,blank,0,266.107375,58.4818,371181,371310,129
101,6,name,34,100.60255,47.07585,371342,371539,197
101,7,i,56,91.4387666666667,67.6945,371539,371735,196
101,8,printf,62,97.8133333333333,82.5081166666667,371735,371930,195
101,0,blank,0,152.739916666667,96.5713333333334,371930,372129,199
101,8,"Enterthevalueofn\n",64,163.390466666667,91.15205,372129,372326,197
101,9,n,72,180.85382,95.59828,372326,372496,170
101,9,"%d",69,125.019583333333,103.279983333333,372496,372693,197
101,9,&,71,164.4418,100.00775,372693,372890,197
101,0,blank,0,212.93252,102.518,372890,373053,163
101,0,blank,0,218.204575,104.421425,373053,373223,170
101,10,"Enter%dnames",77,161.6249,119.8415,373223,373393,170
101,10,"Enter%dnames",77,152.88928,122.76852,373393,373563,170
101,0,blank,0,124.9878,174.47546,373563,373734,171
101,0,blank,0,103.95276,176.51878,373734,373904,170
101,0,blank,0,89.22382,177.05374,373904,374071,167
101,0,blank,0,118.39735,178.958266666667,374071,374268,197
101,13,"%s",98,154.67145,182.1622,374268,374466,198
101,0,blank,0,134.898683333333,182.120583333333,374466,374662,196
101,0,blank,0,142.523133333333,175.530416666667,374662,374856,194
101,11,i,92,166.965916666667,154.776566666667,374856,375052,196
101,0,blank,0,163.0111,141.999966666667,375052,375248,196
101,0,blank,0,159.521166666667,145.25565,375248,375443,195
101,0,blank,0,164.523733333333,69.5132666666667,375443,375637,194
101,6,],53,171.661266666667,37.1213,375637,375832,195
101,0,blank,0,144.14325,17.2307666666667,375832,376029,197
101,6,name,34,111.368983333333,34.4284166666667,376029,376227,198
101,6,name,34,95.55186,46.5942,376227,376394,167
101,0,blank,0,103.8786,52.71404,376394,376563,169
101,8,(,63,106.23174,72.04314,376563,376731,168
101,8,"Enterthevalueofn\n",64,128.26666,82.46182,376731,376898,167
101,0,blank,0,206.64735,62.9769833333333,376898,377096,198
101,0,blank,0,223.073633333333,61.0808666666667,377096,377295,199
101,7,;,61,159.623,65.4527666666667,377295,377494,199
101,8,"Enterthevalueofn\n",64,153.94766,73.1229,377494,377661,167
101,8,(,63,111.30042,77.9341,377661,377830,169
101,8,"Enterthevalueofn\n",64,117.954583333333,81.1374,377830,378027,197
101,10,"Enter%dnames",77,155.06572,124.79434,378027,378193,166
101,10,"Enter%dnames",77,156.85888,123.39438,378193,378362,169
101,0,blank,0,158.585816666667,105.484466666667,378362,378560,198
101,11,0,86,143.032266666667,154.65335,378560,378757,197
101,0,blank,0,134.18274,170.49274,378757,378924,167
101,0,blank,0,161.2661,151.930033333333,378924,379123,199
101,0,blank,0,180.6932,140.445216666667,379123,379321,198
101,0,blank,0,195.35605,159.054516666667,379321,379518,197
101,0,blank,0,206.8456,166.322716666667,379518,379717,199
101,0,blank,0,181.416683333333,161.510516666667,379717,379915,198
101,0,blank,0,131.365066666667,160.7336,379915,380113,198
101,0,blank,0,185.9957,172.9202,380113,380306,193
101,0,blank,0,201.087266666667,176.63805,380306,380501,195
101,0,blank,0,210.538866666667,173.246383333333,380501,380698,197
101,0,blank,0,199.103533333333,171.306883333333,380698,380896,198
101,0,blank,0,198.47104,178.3027,380896,381085,189
101,0,blank,0,142.8093,165.5509,381085,381209,124
101,11,;,91,144.5587,149.2308,381209,381323,114
101,0,blank,0,140.382033333333,50.5638666666667,381323,381492,169
101,0,blank,0,129.7033,25.4293,381492,381691,199
101,0,blank,0,102.45326,20.0192,381691,381859,168
101,0,blank,0,89.6769,19.19702,381859,382029,170
101,0,blank,0,130.952025,17.834,382029,382162,133
101,13,name,100,208.22868,193.39188,382195,382364,169
101,0,blank,0,196.2042,189.22514,382364,382532,168
101,13,"%s",98,161.34732,188.18722,382532,382702,170
101,0,blank,0,129.66324,168.00606,382702,382870,168
101,0,blank,0,120.132483333333,174.82265,382870,383068,198
101,13,"%s",98,170.04645,181.4251,383068,383267,199
101,0,blank,0,195.921966666667,187.221,383267,383466,199
101,0,blank,0,198.359166666667,180.5675,383466,383665,199
101,0,blank,0,196.039966666667,166.502683333333,383665,383862,197
101,0,blank,0,193.88736,183.4224,383862,384028,166
101,13,comma,99,187.12458,198.7206,384028,384198,170
101,13,"%s",98,179.72605,201.357416666667,384198,384397,199
101,0,blank,0,-350,-105,384501,384698,197
101,0,blank,0,-350,-105,384698,384813,115
101,0,blank,0,-350,-105,384813,384960,147
101,0,blank,0,-350,-105,384960,385155,195
101,0,blank,0,-350,-105,385155,385257,102
101,0,blank,0,-350,-105,385257,385444,187
101,0,blank,0,-350,-105,385444,385621,177
101,0,blank,0,-350,-105,385621,385801,180
101,0,blank,0,-350,-105,385801,385975,174
101,0,blank,0,-350,-105,385975,386148,173
101,0,blank,0,-350,-105,386148,386325,177
101,0,blank,0,-350,-105,386325,386501,176
101,0,blank,0,-350,-105,386501,386597,96
101,0,blank,0,-350,-105,386597,386780,183
101,0,blank,0,-350,-105,386780,386949,169
101,0,blank,0,-350,-105,386949,387130,181
101,0,blank,0,-350,-105,387130,387254,124
101,0,blank,0,-350,-105,387254,387395,141
101,0,blank,0,-350,-105,387395,387548,153
101,0,blank,0,-350,-105,387548,387746,198
101,0,blank,0,-350,-105,387746,387928,182
101,0,blank,0,-350,-105,387928,388031,103
101,0,blank,0,-350,-105,388031,388286,255
101,0,blank,0,-350,-105,388286,388366,80
101,0,blank,0,-350,-105,388366,388492,126
101,0,blank,0,-350,-105,388492,388668,176
101,0,blank,0,-350,-105,388668,388819,151
101,0,blank,0,-350,-105,388819,389009,190
101,0,blank,0,-350,-105,389009,389196,187
101,0,blank,0,-350,-105,389196,389387,191
101,0,blank,0,-350,-105,389387,389580,193
101,0,blank,0,-350,-105,389580,389753,173
101,0,blank,0,-350,-105,389753,389936,183
101,0,blank,0,-350,-105,389936,390115,179
101,0,blank,0,-350,-105,390115,390260,145
101,0,blank,0,-350,-105,390260,390445,185
101,0,blank,0,-350,-105,390445,390610,165
101,0,blank,0,-350,-105,390610,390731,121
101,14,name,113,266.9786,213.2583,390784,391320,536
101,0,blank,0,266.3772,202.708566666667,391320,391512,192
101,13,],103,271.13894,193.79638,391512,391678,166
101,13,name,100,220.975283333333,197.464233333333,391678,391877,199
101,13,name,100,221.328716666667,197.827966666667,391877,392073,196
101,13,;,105,290.891166666667,186.6924,392073,392267,194
101,13,],103,267.541433333333,193.806216666667,392267,392464,197
101,13,name,100,227.578233333333,193.678716666667,392464,392660,196
101,13,i,102,260.289166666667,195.278316666667,392660,392855,195
101,0,blank,0,301.05904,192.68816,392855,393022,167
101,13,),104,277.8202,193.451133333333,393022,393220,198
101,0,blank,0,292.09195,197.488333333333,393220,393415,195
101,0,blank,0,304.6438,191.740983333333,393415,393606,191
101,0,blank,0,308.024583333333,187.929116666667,393606,393802,196
101,0,blank,0,292.873116666667,196.22235,393802,393996,194
101,0,blank,0,283.887416666667,189.331016666667,393996,394190,194
101,0,blank,0,308.80905,191.691283333333,394190,394384,194
101,0,blank,0,304.548133333333,188.2772,394384,394577,193
101,13,;,105,291.50135,188.824916666667,394577,394769,192
101,0,blank,0,292.32185,186.750966666667,394769,394962,193
101,13,;,105,291.753366666667,186.528016666667,394962,395158,196
101,13,),104,276.058983333333,185.084616666667,395158,395351,193
101,13,;,105,291.055333333333,184.739133333333,395351,395546,195
101,13,;,105,291.49285,187.046516666667,395546,395741,195
101,13,;,105,286.749083333333,182.6054,395741,395934,193
101,13,;,105,285.568733333333,188.64455,395934,396131,197
101,14,[,114,206.724933333333,212.7714,396131,396322,191
101,14,[,114,207.6192,207.50535,396322,396387,65
101,14,name,113,258.2336,215.4509,396387,396843,456
101,14,name,113,255.137466666667,205.886816666667,396843,397031,188
101,0,blank,0,244.230783333333,207.757283333333,397031,397224,193
101,14,],116,227.424916666667,205.132316666667,397224,397418,194
101,14,i,115,218.948583333333,208.454,397418,397614,196
101,14,name,113,269.8258,205.457766666667,397614,397808,194
101,0,blank,0,315.082966666667,201.54165,397808,398003,195
101,13,;,105,289.9402,200.933683333333,398003,398197,194
101,14,name,113,269.674016666667,210.834516666667,398197,398389,192
101,0,blank,0,315.30565,202.124716666667,398389,398581,192
101,0,blank,0,323.0933,199.609866666667,398581,398773,192
101,13,[,101,249.501,198.105083333333,398773,398966,193
101,14,name,113,253.205466666667,207.355466666667,398966,399159,193
101,14,[,114,208.133766666667,221.473083333333,399159,399354,195
101,14,tname,108,197.517883333333,209.632416666667,399354,399551,197
101,14,tname,108,197.584,213.038633333333,399551,399748,197
101,14,tname,108,194.010566666667,219.427483333333,399748,399944,196
101,14,tname,108,200.563283333333,221.4706,399944,400141,197
101,14,comma,112,240.683483333333,218.9068,400141,400339,198
101,0,blank,0,244.937333333333,220.355683333333,400339,400537,198
101,0,blank,0,249.732133333333,215.953383333333,400537,400736,199
101,14,name,113,254.9202,223.3085,400736,400932,196
101,14,name,113,271.379816666667,215.362816666667,400932,401126,194
101,14,name,113,269.96382,218.75074,401126,401325,199
101,0,blank,0,244.597633333333,214.579033333333,401325,401441,116
101,0,blank,0,242.9919,208.7554,401441,401533,92
101,14,name,113,276.3889,221.9514,401533,401642,109
101,14,name,113,272.88355,216.7335,401642,401816,174
101,0,blank,0,246.373933333333,215.0714,401816,402015,199
101,0,blank,0,238.85175,225.434983333333,402015,402207,192
101,0,blank,0,280.227166666667,229.077083333333,402207,402398,191
101,0,blank,0,292.721533333333,231.078783333333,402398,402590,192
101,0,blank,0,345.281966666667,224.95715,402590,402786,196
101,0,blank,0,343.008966666667,219.242633333333,402786,402979,193
101,14,;,118,337.946916666667,221.35265,402979,403170,191
101,14,],116,316.352816666667,203.021016666667,403170,403366,196
101,14,i,115,307.32985,216.5393,403366,403559,193
101,14,),117,330.253916666667,214.661333333333,403559,403755,196
101,14,name,113,254.2822,209.710983333333,403755,403953,198
101,14,tname,108,194.422983333333,205.752483333333,403953,404151,198
101,14,tname,108,181.779566666667,211.628816666667,404151,404349,198
101,14,tname,108,181.88994,208.60092,404349,404516,167
101,14,tname,108,185.103116666667,207.92435,404516,404715,199
101,13,comma,99,186.74068,201.80606,404715,404881,166
101,14,tname,108,185.7158,207.8813,404881,405049,168
101,14,tname,108,185.52612,210.38486,405049,405218,169
101,13,"%s",98,180.33172,198.79826,405218,405388,170
101,0,blank,0,199.258,199.58812,405388,405557,169
101,13,[,101,246.70692,201.18954,405557,405727,170
101,0,blank,0,243.97718,206.45242,405727,405896,169
101,14,comma,112,236.25102,210.95712,405896,406068,172
101,14,tname,108,195.86912,216.71422,406068,406240,172
101,14,tname,108,187.27352,210.96558,406240,406408,168
101,0,blank,0,204.476316666667,206.927033333333,406408,406607,199
101,14,],116,224.0146,203.860583333333,406607,406802,195
101,14,],116,224.654466666667,206.67315,406802,406996,194
101,14,tname,108,202.13885,213.888383333333,406996,407191,195
101,14,tname,108,193.964416666667,222.61165,407191,407383,192
101,14,tname,108,185.045483333333,220.910533333333,407383,407576,193
101,14,tname,108,176.317766666667,218.063466666667,407576,407767,191
101,14,[,114,205.4935,221.7493,407767,407831,64
101,0,blank,0,-350,-105,407862,407970,108
101,14,tname,108,203.853583333333,220.14585,408110,408291,181
101,14,tname,108,189.4526,216.11585,408291,408487,196
101,14,tname,108,195.476033333333,209.040583333333,408487,408682,195
101,0,blank,0,233.051516666667,213.072116666667,408682,408880,198
101,0,blank,0,247.60025,205.653233333333,408880,409077,197
101,14,tname,108,188.913533333333,212.696966666667,409077,409270,193
101,14,tname,108,197.586766666667,215.839166666667,409270,409462,192
101,14,comma,112,238.397266666667,206.709683333333,409462,409658,196
101,14,name,113,253.611883333333,209.506733333333,409658,409852,194
101,13,i,102,255.000616666667,201.381366666667,409852,410045,193
101,0,blank,0,213.216316666667,203.451733333333,410045,410244,199
101,14,tname,108,167.3347,208.69096,410244,410410,166
101,0,blank,0,-350,-105,410478,410667,189
101,0,blank,0,-350,-105,410667,410857,190
101,0,blank,0,-350,-105,410857,410953,96
101,0,blank,0,-350,-105,410953,411122,169
101,0,blank,0,-350,-105,411122,411279,157
101,0,blank,0,-350,-105,411279,411460,181
101,0,blank,0,-350,-105,411460,411581,121
101,0,blank,0,-350,-105,411581,411777,196
101,0,blank,0,-350,-105,411777,411821,44
101,0,blank,0,304.99865,232.537733333333,411857,412048,191
101,16,n,128,207.94425,263.5219,412048,412113,65
101,16,n,128,213.7656,264.752725,412179,412319,140
101,0,blank,0,197.03015,251.020025,412319,412486,167
101,0,blank,0,174.50736,256.50742,412486,412655,169
101,16,n,128,203.104383333333,265.722066666667,412655,412850,195
101,16,-,129,226.29714,257.8395,412850,413020,170
101,16,i,132,288.237366666667,260.060083333333,413020,413217,197
101,0,blank,0,283.75144,262.9276,413217,413386,169
101,0,blank,0,260.2062,259.000583333333,413386,413584,198
101,0,blank,0,228.80738,270.35554,413584,413752,168
101,16,n,128,208.145383333333,265.789,413752,413950,198
101,0,blank,0,298.78695,227.07375,413950,414147,197
101,0,blank,0,323.076666666667,222.537366666667,414147,414346,199
101,0,blank,0,281.79622,232.67074,414346,414513,167
101,16,1,130,248.0246,252.43884,414513,414683,170
101,16,++,133,294.22822,267.58384,414683,414849,166
101,0,blank,0,292.93626,269.21396,414849,415017,168
101,16,;,131,268.4512,263.1165,415017,415188,171
101,0,blank,0,199.41162,257.9004,415188,415357,169
101,0,blank,0,196.51152,262.60968,415357,415524,167
101,0,blank,0,245.86488,269.44352,415524,415691,167
101,16,1,130,243.93694,260.6206,415691,415859,168
101,0,blank,0,274.96846,260.7631,415859,416028,169
101,0,blank,0,281.13964,260.79602,416028,416196,168
101,16,++,133,297.49502,267.51248,416196,416364,168
101,16,++,133,305.2746,261.31364,416364,416533,169
101,16,++,133,294.78332,258.15128,416533,416699,166
101,16,i,132,292.12136,258.91004,416699,416869,170
101,16,++,133,296.45954,251.2889,416869,417037,168
101,16,++,133,305.63512,256.53984,417037,417217,180
101,0,blank,0,329.45636,266.6139,417217,417405,188
101,0,blank,0,342.8819,263.8359,417405,417588,183
101,0,blank,0,346.02422,255.90362,417588,417767,179
101,0,blank,0,347.09862,254.00694,417767,417945,178
101,0,blank,0,342.4617,254.00982,417945,418114,169
101,0,blank,0,341.4858,253.84536,418114,418283,169
101,16,++,133,308.82944,257.5431,418283,418452,169
101,0,blank,0,284.163783333333,285.146333333333,418452,418651,199
101,0,blank,0,258.23208,299.49174,418651,418819,168
101,18,;,147,229.31342,295.29964,418819,418987,168
101,0,blank,0,211.89804,311.95582,418987,419155,168
101,0,blank,0,238.98338,311.38002,419155,419325,170
101,0,blank,0,256.5836,305.06866,419325,419496,171
101,0,blank,0,279.4775,314.41966,419496,419666,170
101,0,blank,0,278.46322,305.80272,419666,419839,173
101,0,blank,0,275.93004,312.15898,419839,420012,173
101,0,blank,0,320.7018,314.25358,420012,420185,173
101,18,n,146,289.307,307.37198,420185,420358,173
101,18,;,147,296.67232,303.4838,420358,420530,172
101,18,++,149,323.50036,301.19528,420530,420704,174
101,18,++,149,335.0861,301.52734,420704,420876,172
101,18,++,149,339.68248,302.07318,420876,421050,174
101,0,blank,0,359.64208,301.80432,421050,421222,172
101,0,blank,0,372.432916666667,313.984783333333,421222,421421,199
101,0,blank,0,353.4118,309.52232,421421,421589,168
101,0,blank,0,310.3266,304.324616666667,421589,421787,198
101,0,blank,0,309.02185,300.59195,421787,421968,181
101,0,blank,0,274.8197,279.3234,421968,422046,78
101,0,blank,0,266.86135,271.4472,422046,422216,170
101,0,blank,0,262.67936,260.895,422216,422385,169
101,0,blank,0,260.401583333333,265.537716666667,422385,422583,198
101,18,n,146,290.28232,297.89074,422583,422751,168
101,0,blank,0,306.68346,298.61544,422751,422919,168
101,0,blank,0,327.61242,312.67818,422919,423086,167
101,0,blank,0,279.184316666667,280.0582,423086,423285,199
101,0,blank,0,279.8919,270.65356,423285,423452,167
101,0,blank,0,237.26154,268.74006,423452,423621,169
101,0,blank,0,221.38604,256.93144,423621,423788,167
101,0,blank,0,212.33226,268.69168,423788,423955,167
101,0,blank,0,234.94222,293.37276,423955,424122,167
101,0,blank,0,260.5023,312.50088,424122,424292,170
101,0,blank,0,275.87038,305.30186,424292,424462,170
101,0,blank,0,217.88002,279.14638,424462,424630,168
101,0,blank,0,203.21832,280.69244,424630,424798,168
101,16,<,127,192.3204,262.07225,424798,424995,197
101,16,;,131,269.678766666667,257.245416666667,424995,425194,199
101,0,blank,0,339.83125,256.5771,425194,425390,196
101,0,blank,0,345.7779,257.841916666667,425390,425586,196
101,0,blank,0,371.551066666667,298.353083333333,425586,425784,198
101,18,),150,349.600966666667,308.7895,425784,425983,199
101,18,n,146,291.1457,299.029733333333,425983,426181,198
101,0,blank,0,241.855816666667,309.20865,426181,426380,199
101,0,blank,0,257.301516666667,305.817966666667,426380,426578,198
101,0,blank,0,273.77136,306.31856,426578,426745,167
101,20,i,158,290.297366666667,341.0659,426745,426942,197
101,20,],164,295.504,345.95054,426942,427109,167
101,0,blank,0,286.24234,359.30822,427109,427276,167
101,0,blank,0,264.34408,356.33938,427276,427446,170
101,0,blank,0,302.61202,345.43462,427446,427612,166
101,20,name,161,338.915533333333,347.781183333333,427612,427808,196
101,0,blank,0,283.26765,346.25325,427808,428001,193
101,20,name,161,260.489166666667,341.757916666667,428001,428199,198
101,20,strcmp,154,211.51664,345.86074,428199,428368,169
101,18,i,140,176.683866666667,310.02515,428368,428566,198
101,18,j,148,247.9763,299.2383,428566,428765,199
101,18,;,147,295.677783333333,293.648716666667,428765,428963,198
101,18,),150,347.443583333333,299.798033333333,428963,429159,196
101,0,blank,0,340.165833333333,315.526916666667,429159,429355,196
101,0,blank,0,339.46612,332.38916,429355,429522,167
101,20,[,162,370.414166666667,353.349166666667,429522,429719,197
101,0,blank,0,410.4347,349.59906,429719,429883,164
101,0,blank,0,277.444316666667,306.614216666667,429916,430115,199
101,18,j,148,317.26332,308.68656,430115,430282,167
101,0,blank,0,340.5786,328.33096,430282,430450,168
101,20,name,161,360.864816666667,352.8159,430450,430647,197
101,20,>,166,422.49795,348.333083333333,430647,430845,198
101,0,blank,0,361.4983,331.9958,430845,431013,168
101,18,n,146,293.21836,304.37326,431013,431181,168
101,18,j,148,314.88696,308.05764,431181,431349,168
101,0,blank,0,335.29944,313.72574,431349,431519,170
101,0,blank,0,300.2247,285.91328,431519,431688,169
101,0,blank,0,285.26936,270.08394,431688,431855,167
101,0,blank,0,283.5045,266.8422,431855,432022,167
101,16,i,132,287.554583333333,265.672083333333,432022,432220,198
101,0,blank,0,283.580583333333,264.888333333333,432220,432418,198
101,0,blank,0,318.91436,319.50882,432418,432587,169
101,18,n,146,290.32818,302.99366,432587,432755,168
101,0,blank,0,261.980033333333,289.362283333333,432755,432953,198
101,16,1,130,251.810816666667,264.393916666667,432953,433152,199
101,0,blank,0,254.935783333333,267.40845,433152,433350,198
101,0,blank,0,218.41265,263.268183333333,433350,433546,196
101,0,blank,0,219.015083333333,257.76895,433546,433744,198
101,0,blank,0,256.801366666667,261.7081,433744,433940,196
101,0,blank,0,182.763916666667,285.039,433940,434137,197
101,0,blank,0,-350,-105,434170,434305,135
101,0,blank,0,276.2382,330.86382,434421,434581,160
101,20,[,162,280.9881,344.674966666667,434581,434753,172
101,0,blank,0,294.8133,362.7948,434753,434948,195
101,20,[,162,280.64005,344.4652,434948,435134,186
101,18,j,148,248.0192,311.3093,435134,435322,188
101,0,blank,0,306.296375,362.527475,435322,435505,183
101,20,],164,298.62846,336.67088,435505,435685,180
101,0,blank,0,283.89188,349.39492,435685,435853,168
101,20,[,162,365.6495,343.98406,435853,436024,171
101,0,blank,0,364.30814,350.9932,436024,436195,171
101,0,blank,0,372.3248,391.68022,436195,436366,171
101,22,name,174,301.38542,398.5161,436366,436535,169
101,22,name,174,305.02584,394.8289,436535,436702,167
101,22,[,175,335.45742,398.37392,436702,436871,169
101,22,;,179,377.79232,397.93526,436871,437039,168
101,22,;,179,379.27474,394.01096,437039,437208,169
101,0,blank,0,380.411833333333,357.751983333333,437208,437406,198
101,20,name,161,359.17605,346.962683333333,437406,437601,195
101,20,comma,160,310.87358,341.67264,437601,437768,167
101,0,blank,0,349.342466666667,359.582866666667,437768,437967,199
101,22,;,179,378.82428,386.32796,437967,438136,169
101,22,;,179,381.92232,397.30226,438136,438302,166
101,23,[,188,372.49592,403.04252,438302,438472,170
101,22,],177,359.97744,397.5327,438472,438645,173
101,23,j,189,376.73732,403.8173,438645,438815,170
101,23,],190,386.3391,401.75226,438815,438984,169
101,23,],190,391.24528,410.72448,438984,439155,171
101,23,],190,388.34492,410.15972,439155,439326,171
101,23,],190,387.99676,414.62566,439326,439497,171
101,24,),201,365.52536,427.59234,439497,439667,170
101,24,comma,199,311.79256,429.99908,439667,439837,170
101,24,comma,199,309.72144,433.06976,439837,440008,171
101,24,temp,200,354.9242,435.66046,440008,440179,171
101,24,),201,368.27448,436.51628,440179,440351,172
101,24,),201,371.19708,438.46618,440351,440519,168
101,24,temp,200,343.63646,436.08354,440519,440686,167
101,0,blank,0,309.21264,444.03914,440686,440853,167
101,23,name,187,360.18664,418.83252,440853,441022,169
101,23,name,187,350.26322,416.7586,441022,441190,168
101,0,blank,0,312.97508,414.63148,441190,441360,170
101,0,blank,0,316.26716,410.40098,441360,441529,169
101,0,blank,0,321.207366666667,403.7272,441529,441721,192
101,23,name,187,328.3195,414.599816666667,441721,441918,197
101,24,temp,200,330.678983333333,431.723,441918,442117,199
101,0,blank,0,302.447166666667,424.466833333333,442117,442246,129
101,23,i,184,287.7153,411.926,442246,442374,128
101,23,name,187,340.7056,413.9031,442374,442500,126
101,23,name,187,346.0487,417.567566666667,442500,442693,193
101,24,temp,200,341.40704,423.02528,442693,442867,174
101,24,temp,200,352.30858,426.80206,442867,443040,173
101,24,temp,200,331.1627,425.23162,443040,443211,171
101,24,comma,199,309.22192,429.75084,443211,443384,173
101,23,comma,186,306.06958,412.53388,443384,443558,174
101,22,name,174,301.36682,397.65034,443558,443726,168
101,22,name,174,330.65406,395.8707,443726,443898,172
101,0,blank,0,372.34654,396.55902,443898,444069,171
101,0,blank,0,372.4905,426.56726,444069,444237,168
101,24,temp,200,339.72246,434.68118,444237,444405,168
101,24,],198,296.70968,437.22648,444405,444573,168
101,24,temp,200,339.73062,443.71738,444573,444742,169
101,0,blank,0,394.11782,438.1564,444742,444912,170
101,0,blank,0,387.08394,438.9748,444912,445080,168
101,23,;,192,404.0891,421.245583333333,445080,445275,195
101,0,blank,0,403.70016,416.27426,445275,445444,169
101,0,blank,0,274.80406,471.62304,445444,445612,168
101,28,"\n----------------------------------------\n",208,284.68584,523.84434,445612,445782,170
101,29,"InputNamesSorted\n",213,271.375183333333,544.467283333333,445782,445979,197
101,0,blank,0,247.726583333333,554.1191,445979,446176,197
101,30,"------------------------------------------\n",218,235.7611,557.70335,446176,446375,199
101,0,blank,0,230.108133333333,577.05205,446375,446571,196
101,0,blank,0,255.4958,613.221166666667,446571,446764,193
101,33,tname,239,323.335016666667,638.514566666667,446764,446956,192
101,0,blank,0,386.404616666667,624.397533333333,446956,447149,193
101,0,blank,0,391.332666666667,633.7307,447149,447247,98
101,0,blank,0,222.614083333333,601.416383333333,447279,447469,190
101,0,blank,0,222.6672,586.7041,447469,447659,190
101,33,"%s\t\t%s\n",237,256.664616666667,622.586683333333,447659,447851,192
101,0,blank,0,268.1785,643.031725,447851,447979,128
101,33,name,244,424.695566666667,630.654416666667,448010,448206,196
101,0,blank,0,384.036883333333,635.85305,448206,448404,198
101,0,blank,0,387.354033333333,636.504266666667,448404,448506,102
101,33,comma,243,275.257933333333,639.87055,448539,448737,198
101,33,"%s\t\t%s\n",237,259.767516666667,630.65775,448737,448933,196
101,0,blank,0,235.164233333333,607.730966666667,448933,449129,196
101,0,blank,0,169.828166666667,603.709566666667,449129,449327,198
101,0,blank,0,197.976766666667,597.405116666667,449327,449522,195
101,0,blank,0,235.394783333333,599.620866666667,449522,449717,195
101,31,i,231,243.430333333333,590.207133333333,449717,449913,196
101,0,blank,0,265.573316666667,600.979516666667,449913,450105,192
101,33,"%s\t\t%s\n",237,261.7534,633.14315,450105,450297,192
101,33,"%s\t\t%s\n",237,269.4604,636.808916666667,450297,450489,192
101,33,name,244,393.225383333333,637.8628,450489,450681,192
101,0,blank,0,404.647816666667,643.580616666667,450681,450872,191
101,0,blank,0,443.229516666667,631.682033333333,450872,451067,195
101,33,[,245,440.377133333333,637.615533333333,451067,451165,98
101,0,blank,0,267.070916666667,610.512933333333,451197,451389,192
101,0,blank,0,244.695066666667,598.597266666667,451389,451585,196
101,33,comma,243,280.350783333333,632.1247,451585,451779,194
101,33,comma,243,277.84135,626.463183333333,451779,451970,191
101,33,"%s\t\t%s\n",237,258.7303,627.130766666667,451970,452163,193
101,0,blank,0,263.799133333333,599.59465,452163,452352,189
101,30,"------------------------------------------\n",218,280.492666666667,558.365716666667,452352,452545,193
101,29,"InputNamesSorted\n",213,231.617583333333,552.41275,452545,452742,197
101,30,"------------------------------------------\n",218,232.146233333333,557.858183333333,452742,452938,196
101,30,"------------------------------------------\n",218,228.5421,555.57245,452938,453003,65
101,33,name,244,398.813766666667,637.483566666667,453035,453231,196
101,33,],247,367.977516666667,636.975416666667,453231,453424,193
101,33,],247,371.97955,641.5187,453424,453488,64
101,0,blank,0,-350,-105,453522,453712,190
101,0,blank,0,-350,-105,453712,453892,180
101,0,blank,0,-350,-105,453892,454043,151
101,0,blank,0,-350,-105,454043,454224,181
101,0,blank,0,-350,-105,454224,454408,184
101,0,blank,0,-350,-105,454408,454574,166
101,0,blank,0,-350,-105,454574,454756,182
101,0,blank,0,-350,-105,454756,454945,189
101,0,blank,0,-350,-105,454945,455093,148
101,0,blank,0,-350,-105,455093,455337,244
101,0,blank,0,-350,-105,455337,455507,170
101,0,blank,0,-350,-105,455507,455699,192
101,0,blank,0,-350,-105,455699,455779,80
101,0,blank,0,-350,-105,455779,455964,185
101,0,blank,0,-350,-105,455964,456195,231
101,0,blank,0,-350,-105,456195,456412,217
101,0,blank,0,-350,-105,456412,456508,96
101,0,blank,0,-350,-105,456508,456670,162
101,0,blank,0,-350,-105,456670,456805,135
101,0,blank,0,-350,-105,456805,456959,154
101,0,blank,0,-350,-105,456959,457144,185
101,0,blank,0,-350,-105,457144,457292,148
101,0,blank,0,-350,-105,457292,457484,192
101,0,blank,0,-350,-105,457484,457654,170
101,0,blank,0,-350,-105,457654,457849,195
101,0,blank,0,-350,-105,457849,457950,101
101,0,blank,0,-350,-105,457950,458241,291
101,0,blank,0,-350,-105,458241,458292,51
101,0,blank,0,-350,-105,458292,458443,151
101,0,blank,0,-350,-105,458443,458621,178
101,0,blank,0,-350,-105,458621,458779,158
101,0,blank,0,-350,-105,458779,458862,83
101,0,blank,0,-350,-105,458862,459173,311
101,0,blank,0,-350,-105,459173,459236,63
101,30,"------------------------------------------\n",218,144.43685,567.99885,459507,459673,166
101,30,printf,216,96.8008333333333,560.156533333333,459673,459871,198
101,30,"------------------------------------------\n",218,178.1209,570.659375,459871,460059,188
101,30,"------------------------------------------\n",218,252.620025,564.1195,460059,460250,191
101,30,"------------------------------------------\n",218,251.55548,565.0454,460250,460418,168
101,30,"------------------------------------------\n",218,276.83912,555.34878,460418,460592,174
101,0,blank,0,317.22136,554.15878,460592,460759,167
101,0,blank,0,390.57232,617.6093,460759,460930,171
101,0,blank,0,392.33204,640.5836,460930,461097,167
101,0,blank,0,372.72452,626.11692,461097,461264,167
101,33,comma,243,376.48552,634.02088,461264,461431,167
101,0,blank,0,437.6801,642.0559,461431,461597,166
101,0,blank,0,440.1115,646.19382,461597,461766,169
101,0,blank,0,440.8193,642.49176,461766,461934,168
101,0,blank,0,437.25178,645.55714,461934,462103,169
101,0,blank,0,418.90424,652.0238,462103,462272,169
101,0,blank,0,351.6795,650.3874,462272,462443,171
101,0,blank,0,304.96595,647.438,462443,462579,136
101,0,blank,0,261.42915,647.338,462579,462760,181
101,0,blank,0,264.902,650.8428,462760,462854,94
101,0,blank,0,246.5332,654.5266,462854,463049,195
101,0,blank,0,251.73562,654.18746,463049,463217,168
101,0,blank,0,267.553,648.36805,463217,463416,199
101,33,comma,243,277.312716666667,634.444216666667,463416,463614,198
101,0,blank,0,291.47694,639.08028,463614,463781,167
101,0,blank,0,303.15302,648.66554,463781,463948,167
101,0,blank,0,307.806333333333,651.747166666667,463948,464050,102
101,0,blank,0,569.75602,686.1867,464084,464254,170
101,35,"------------------------------------------\n",253,570.1193,682.3118,464254,464323,69
101,35,"------------------------------------------\n",253,190.74844,681.53712,464393,464562,169
101,35,"------------------------------------------\n",253,160.36652,685.99564,464562,464731,169
101,35,"------------------------------------------\n",253,147.6078,685.8733,464731,464765,34
101,0,blank,0,551.4283,692.5239,464832,464969,137
101,0,blank,0,338.513333333333,653.516816666667,465003,465202,199
101,0,blank,0,331.84975,653.9514,465202,465268,66
101,0,blank,0,933.2485,479.6976,465333,465531,198
101,0,blank,0,936.660666666667,489.439516666667,465531,465730,199
101,0,blank,0,941.001,494.94072,465730,465900,170
101,0,blank,0,987.5164,695.42702,465933,466103,170
101,0,blank,0,997.953,717.263266666667,466103,466205,102
101,0,blank,0,1001.6986,484.93778,466239,466408,169
101,0,blank,0,997.847833333333,423.037183333333,466408,466606,198
101,0,blank,0,928.716,401.2448,466606,466639,33
101,0,blank,0,255.72214,251.96546,466705,466870,165
101,8,"Enterthevalueofn\n",64,229.49826,78.65022,466904,467074,170
101,8,"Enterthevalueofn\n",64,225.097333333333,89.71785,467074,467271,197
101,0,blank,0,232.039033333333,143.465833333333,467271,467369,98
102,6,comma,49,346.73955,116.284866666667,467534,467730,196
102,6,8,52,326.2354,121.646425,467730,467862,132
102,1,in,8,279.019033333333,11.4634833333333,467894,468089,195
102,1,in,8,272.730366666667,7.46113333333334,468089,468189,100
102,0,blank,0,301.8874,138.529966666667,468222,468345,123
102,1,name,7,219.777016666667,7.53973333333334,468378,468573,195
102,1,to,5,153.21425,6.95661666666667,468573,468768,195
102,2,>,20,183.04902,36.91134,468768,468935,167
102,6,tname,42,249.07826,120.60602,468935,469105,170
102,6,tname,42,224.99474,120.95612,469105,469276,171
102,0,blank,0,201.512,139.27108,469276,469446,170
102,0,blank,0,196.84044,152.35812,469446,469634,188
102,8,"Enterthevalueofn\n",64,288.10338,163.88688,469634,469810,176
102,0,blank,0,260.88364,156.05188,469810,469979,169
102,0,blank,0,220.85268,147.05124,469979,470153,174
102,0,blank,0,274.8585,150.78678,470153,470324,171
102,0,blank,0,189.74768,147.21272,470358,470531,173
102,0,blank,0,173.84055,178.55865,470531,470709,178
102,9,"%d",69,142.90955,196.5415,470709,470901,192
102,0,blank,0,143.59914,195.11824,470901,471071,170
102,8,(,63,105.6609,173.28625,471071,471208,137
102,10,"Enter%dnames",77,151.5746,206.8147,471208,471405,197
102,10,"Enter%dnames",77,146.2698,206.14062,471405,471574,169
102,10,"Enter%dnames",77,179.34244,204.93822,471574,471743,169
102,10,"Enter%dnames",77,230.57986,210.57922,471743,471911,168
102,10,"Enter%dnames",77,264.63058,208.63738,471911,472077,166
102,10,"Enter%dnames",77,245.79738,215.36284,472077,472244,167
102,0,blank,0,283.126383333333,207.108633333333,472244,472440,196
102,13,name,100,225.17495,278.526266666667,472440,472635,195
102,0,blank,0,225.9011,265.537283333333,472635,472831,196
102,13,name,100,224.58865,268.737783333333,472831,473026,195
102,13,],103,271.645133333333,279.323133333333,473026,473219,193
102,0,blank,0,292.373233333333,282.06805,473219,473412,193
102,14,name,113,276.549666666667,304.0406,473412,473605,193
102,14,comma,112,235.987933333333,299.83075,473605,473801,196
102,14,],116,229.73325,299.914183333333,473801,474000,199
102,14,name,113,290.426916666667,300.000783333333,474000,474199,199
102,14,),117,328.52354,303.12752,474199,474367,168
102,14,;,118,334.38248,301.81496,474367,474533,166
102,0,blank,0,311.57438,314.23236,474533,474701,168
102,0,blank,0,258.20182,339.69328,474701,474870,169
102,0,blank,0,262.23362,338.97542,474870,475036,166
102,0,blank,0,278.28265,369.891233333333,475036,475235,199
102,18,n,146,292.25885,386.919266666667,475235,475434,199
102,18,j,148,318.9625,394.41815,475434,475632,198
102,18,<,145,263.91146,387.80972,475632,475817,185
102,18,<,145,269.586066666667,386.9291,475817,475993,176
102,20,],164,294.07255,422.113866666667,475993,476181,188
102,0,blank,0,325.845683333333,404.587816666667,476181,476376,195
102,18,++,149,323.349816666667,394.76275,476376,476571,195
102,0,blank,0,322.00365,398.960916666667,476571,476766,195
102,0,blank,0,346.03655,398.11175,476766,476965,199
102,0,blank,0,369.502116666667,395.29065,476965,477161,196
102,0,blank,0,386.385116666667,398.606216666667,477161,477356,195
102,0,blank,0,393.874783333333,413.626533333333,477356,477549,193
102,0,blank,0,400.618166666667,447.5489,477549,477647,98
102,0,blank,0,277.4476,447.736366666667,477679,477870,191
102,0,blank,0,270.60575,442.8532,477870,478063,193
102,0,blank,0,320.291533333333,452.066716666667,478063,478256,193
102,0,blank,0,339.78865,452.97625,478256,478453,197
102,20,),168,396.3541,439.21855,478453,478651,198
102,0,blank,0,410.009716666667,432.838183333333,478651,478848,197
102,0,blank,0,428.6697,433.7643,478848,479045,197
102,0,blank,0,460.682883333333,430.5941,479045,479241,196
102,20,0,167,443.757783333333,426.77225,479241,479437,196
102,20,),168,400.611216666667,434.06585,479437,479634,197
102,22,name,174,330.3598,479.39705,479634,479828,194
102,22,name,174,322.245383333333,481.6226,479828,480024,196
102,22,name,174,312.9856,484.861025,480024,480154,130
102,0,blank,0,-350,-105,480218,480416,198
102,0,blank,0,183.0931,-99.5608,480489,480551,62
102,0,blank,0,280.88482,454.60218,480850,481032,182
102,0,blank,0,289.90815,463.34735,481032,481223,191
102,22,name,174,297.53505,465.071266666667,481223,481417,194
102,22,comma,173,281.54585,476.898566666667,481417,481612,195
102,22,temp,172,235.171616666667,474.193466666667,481612,481806,194
102,22,strcpy,170,216.637233333333,482.3699,481806,482001,195
102,23,[,188,278.312166666667,490.69605,482001,482197,196
102,23,],190,299.918083333333,500.342416666667,482197,482391,194
102,23,comma,186,311.60705,497.615016666667,482391,482589,198
102,0,blank,0,274.979416666667,495.953666666667,482589,482782,193
102,23,name,187,234.39915,499.567433333333,482782,482976,194
102,23,name,187,233.5199,506.75585,482976,483119,143
102,23,strcpy,180,210.3141,501.3872,483119,483227,108
102,23,strcpy,180,216.6764,505.736,483227,483398,171
102,23,name,187,246.4541,499.814433333333,483398,483597,199
102,23,i,184,290.836883333333,500.993116666667,483597,483790,193
102,23,],190,296.207,507.345766666667,483790,483987,197
102,24,],198,297.021083333333,514.365016666667,483987,484184,197
102,0,blank,0,274.90634,517.69518,484184,484352,168
102,24,name,195,244.70008,517.99352,484352,484521,169
102,24,name,195,241.374066666667,526.867066666667,484521,484620,99
102,29,"InputNamesSorted\n",213,178.95785,631.568616666667,484653,484851,198
102,0,blank,0,180.3063,663.706816666667,484851,485048,197
102,0,blank,0,158.585083333333,679.028783333333,485048,485247,199
102,29,"InputNamesSorted\n",213,121.590183333333,629.6971,485247,485442,195
102,29,"InputNamesSorted\n",213,130.89175,623.748133333333,485442,485637,195
102,0,blank,0,185.57715,618.305116666667,485637,485833,196
102,28,"\n----------------------------------------\n",208,196.423916666667,616.31985,485833,486027,194
102,28,"\n----------------------------------------\n",208,230.381366666667,616.46555,486027,486220,193
102,30,"------------------------------------------\n",218,180.99505,657.653533333333,486220,486413,193
102,0,blank,0,158.202666666667,663.00135,486413,486609,196
102,30,"------------------------------------------\n",218,125.404433333333,641.8106,486609,486804,195
102,0,blank,0,113.949333333333,613.166466666667,486804,487002,198
102,0,blank,0,93.4544,582.09375,487002,487135,133
102,9,;,74,201.9067,197.2626,487202,487396,194
102,0,blank,0,291.183416666667,100.543,487396,487591,195
102,0,blank,0,268.208783333333,97.042,487591,487787,196
102,0,blank,0,267.5113,87.9614,487787,487819,32
102,0,blank,0,366.618983333333,-8.23471666666667,487851,488048,197
102,1,program,4,74.2990833333333,20.1217166666667,488081,488277,196
102,0,blank,0,89.0385166666667,32.281,488277,488470,193
102,2,<,16,97.7379166666667,32.6417166666667,488470,488667,197
102,0,blank,0,100.795616666667,25.1489833333333,488667,488864,197
102,0,blank,0,88.8929,27.3264,488864,488898,34
102,6,10,44,290.934366666667,124.9287,488964,489161,197
102,0,blank,0,274.83095,103.090183333333,489161,489358,197
102,0,blank,0,297.873283333333,98.5102833333333,489358,489552,194
102,0,blank,0,346.404383333333,94.4317333333333,489552,489748,196
102,0,blank,0,345.819733333333,97.3377333333333,489748,489945,197
102,0,blank,0,318.35745,95.3645333333333,489945,490142,197
102,0,blank,0,322.728433333333,92.2038,490142,490336,194
102,0,blank,0,335.7881,96.1399333333333,490336,490529,193
102,0,blank,0,329.2694,111.289,490529,490561,32
102,0,blank,0,181.943366666667,103.6803,490593,490787,194
102,0,blank,0,176.941866666667,108.06115,490787,490980,193
102,0,blank,0,230.745366666667,111.337516666667,490980,491174,194
102,0,blank,0,273.196916666667,104.647116666667,491174,491369,195
102,0,blank,0,258.021733333333,111.382216666667,491369,491563,194
102,0,blank,0,207.456016666667,180.42245,491563,491761,198
102,11,<,89,188.10322,227.35178,491761,491932,171
102,13,comma,99,191.565783333333,269.416933333333,491932,492128,196
102,14,tname,108,195.77005,303.426383333333,492128,492322,194
102,10,"Enter%dnames",77,151.950516666667,213.9521,492322,492513,191
102,0,blank,0,137.32315,200.87605,492513,492703,190
102,10,"Enter%dnames",77,150.507416666667,204.921533333333,492703,492893,190
102,9,scanf,67,90.6816666666667,186.337866666667,492893,493082,189
102,9,scanf,67,86.52825,188.694033333333,493082,493273,191
102,8,"Enterthevalueofn\n",64,219.3138,167.290383333333,493273,493463,190
102,8,"Enterthevalueofn\n",64,228.14155,167.63915,493463,493527,64
102,0,blank,0,321.547766666667,107.705833333333,493558,493751,193
102,0,blank,0,322.020933333333,112.360466666667,493751,493848,97
102,0,blank,0,-350,-105,493880,494066,186
102,0,blank,0,-350,-105,494066,494247,181
102,0,blank,0,-350,-105,494247,494417,170
102,0,blank,0,-350,-105,494417,494597,180
102,0,blank,0,-350,-105,494597,494752,155
102,0,blank,0,-350,-105,494752,494895,143
102,0,blank,0,-350,-105,494895,495092,197
102,0,blank,0,-350,-105,495092,495316,224
102,0,blank,0,-350,-105,495316,495445,129
102,0,blank,0,-350,-105,495445,495677,232
102,0,blank,0,-350,-105,495677,495907,230
102,0,blank,0,-350,-105,495907,496049,142
102,0,blank,0,151.1117,246.163666666667,496092,496213,121
102,13,scanf,96,119.9609,285.075,496213,496683,470
102,14,strcpy,106,138.685966666667,290.176083333333,496683,496880,197
102,13,comma,99,186.13215,274.013883333333,496880,497075,195
102,13,comma,99,189.478333333333,276.604616666667,497075,497270,195
102,13,"%s",98,179.1269,285.805283333333,497270,497465,195
102,14,tname,108,184.689683333333,297.564833333333,497465,497660,195
102,14,name,113,255.406366666667,300.15085,497660,497855,195
102,0,blank,0,252.69862,298.6201,497855,498023,168
102,0,blank,0,222.54212,314.36282,498023,498193,170
102,0,blank,0,212.06814,319.82612,498193,498364,171
102,14,tname,108,175.32372,289.50254,498364,498537,173
102,13,"%s",98,173.91846,285.28598,498537,498705,168
102,13,"%s",98,152.86642,284.78638,498705,498875,170
102,13,"%s",98,148.46788,280.51182,498875,499042,167
102,13,name,100,206.71106,287.99262,499042,499210,168
102,13,name,100,221.188983333333,286.105216666667,499210,499407,197
102,0,blank,0,239.253783333333,337.516933333333,499407,499605,198
102,0,blank,0,239.2203,331.6677,499605,499670,65
102,0,blank,0,893.1954,385.5587,499737,499908,171
102,0,blank,0,927.5745,383.8667,499908,499977,69
102,0,blank,0,-348.98046,417.09928,500011,500186,175
102,0,blank,0,-348.98165,415.6945,500186,500258,72
102,0,blank,0,1041.7108,441.8446,500292,500462,170
102,0,blank,0,1045.6365,437.1025,500462,500531,69
102,0,blank,0,374.66774,442.79032,500601,500777,176
102,20,j,163,380.541066666667,427.678933333333,500777,500880,103
102,0,blank,0,417.53082,57.45212,500915,501083,168
102,0,blank,0,489.36636,-8.03986,501083,501252,169
102,0,blank,0,493.559333333333,2.73023333333333,501252,501351,99
102,0,blank,0,392.1372,492.129583333333,501416,501611,195
102,0,blank,0,395.512333333333,485.7845,501611,501707,96
102,0,blank,0,601.765,637.781183333333,501740,501939,199
102,0,blank,0,600.3683,639.6162,501939,501971,32
102,28,"\n----------------------------------------\n",208,275.177333333333,611.416033333333,502004,502200,196
102,28,"\n----------------------------------------\n",208,276.631733333333,605.6736,502200,502398,198
102,29,"InputNamesSorted\n",213,283.640866666667,621.532733333333,502398,502494,96
102,0,blank,0,696.639,379.8351,502559,502592,33
102,18,j,148,318.09335,377.678033333333,502760,502947,187
102,0,blank,0,308.3477,389.9699,502947,503036,89
102,0,blank,0,426.6265,575.0184,503066,503222,156
102,0,blank,0,343.250675,532.3857,503222,503374,152
102,23,name,187,330.84745,500.88505,503374,503551,177
102,23,name,187,334.3649,499.2457,503551,503664,113
102,0,blank,0,316.837066666667,495.2305,503664,503839,175
102,22,name,174,317.3344,480.7048,503839,503872,33
102,0,blank,0,286.917416666667,687.47565,503905,504104,199
102,30,"------------------------------------------\n",218,246.679216666667,646.801016666667,504104,504299,195
102,30,"------------------------------------------\n",218,246.590166666667,648.373883333333,504299,504493,194
102,29,"InputNamesSorted\n",213,258.757575,637.961825,504493,504624,131
102,0,blank,0,748.2675,702.8834,504687,504880,193
102,0,blank,0,739.774,713.5348,504880,504911,31
102,0,blank,0,868.203333333333,785.758033333333,504942,505038,96
102,0,blank,0,731.173333333333,746.605083333333,505167,505361,194
102,0,blank,0,718.437,739.014733333333,505361,505483,122
102,0,blank,0,559.525133333333,623.0105,505514,505708,194
102,24,[,196,279.646766666667,516.1655,505772,505964,192
102,24,name,195,270.309416666667,517.235916666667,505964,506154,190
102,23,name,187,262.271266666667,502.0499,506154,506346,192
102,0,blank,0,303.6819,505.59535,506346,506538,192
102,22,name,174,305.389183333333,483.923366666667,506538,506729,191
102,20,[,162,280.297783333333,431.230933333333,506729,506919,190
102,20,name,161,260.439333333333,435.422883333333,506919,507108,189
102,0,blank,0,264.7446,461.295333333333,507108,507298,190
102,22,comma,173,280.267133333333,477.839683333333,507298,507486,188
102,23,name,187,323.759483333333,490.124583333333,507486,507673,187
102,23,[,188,370.9967,497.74784,507673,507838,165
102,20,name,161,257.511283333333,440.22635,507869,508059,190
102,0,blank,0,266.46495,458.619775,508059,508184,125
102,0,blank,0,214.656183333333,314.805516666667,508216,508407,191
102,0,blank,0,205.538483333333,312.752766666667,508407,508595,188
102,0,blank,0,190.78145,312.788783333333,508595,508785,190
102,0,blank,0,199.37158,312.5093,508785,508943,158
102,0,blank,0,730.621833333333,223.8702,509006,509197,191
102,0,blank,0,737.53,213.06825,509197,509261,64
102,13,i,102,255.110633333333,283.076833333333,509324,509512,188
102,13,name,100,208.61755,285.2019,509512,509702,190
102,0,blank,0,192.429366666667,317.0021,509702,509893,191
102,0,blank,0,248.225383333333,293.7662,509893,510086,193
102,14,i,115,304.421866666667,304.2524,510086,510182,96
102,11,i,92,169.601333333333,229.1769,510213,510402,189
102,10,"Enter%dnames",77,217.798483333333,218.182266666667,510402,510587,185
102,0,blank,0,217.881525,198.391575,510587,510735,148
102,8,"Enterthevalueofn\n",64,214.71542,176.2297,510735,510909,174
102,0,blank,0,193.7216,180.4004,510909,510939,30
102,0,blank,0,480.63976,60.0924,510971,511127,156
102,6,[,51,407.552966666667,131.2698,511157,511342,185
102,6,temp,50,394.326083333333,120.245066666667,511342,511528,186
102,6,[,51,316.3542,117.4077,511528,511685,157
102,0,blank,0,269.9155,90.8348,511685,511740,55
102,0,blank,0,170.802416666667,80.4825333333333,511765,511953,188
102,0,blank,0,187.1644,84.2156,511953,511983,30
102,6,comma,49,344.4167,114.06345,512014,512205,191
102,6,[,51,320.463775,124.328,512205,512331,126
102,3,>,27,193.721433333333,53.21465,512363,512553,190
102,0,blank,0,204.616,42.3144833333333,512553,512742,189
102,0,blank,0,217.3804,60.0307166666667,512742,512931,189
102,0,blank,0,297.3042,325.407,512962,513122,160
102,18,n,146,284.4077,382.1998,513122,513184,62
102,0,blank,0,304.559883333333,546.554466666667,513209,513400,191
102,24,[,196,275.4416,518.74115,513400,513586,186
102,24,name,195,271.92846,525.32184,513586,513760,174
102,0,blank,0,245.934833333333,530.659216666667,513760,513952,192
102,0,blank,0,252.064016666667,531.21035,513952,514144,192
102,0,blank,0,269.3979,554.1622,514144,514176,32
102,0,blank,0,317.6212,504.6888,514176,514366,190
102,24,j,197,290.491116666667,514.60795,514366,514537,171
102,28,"\n----------------------------------------\n",208,283.015733333333,607.498366666667,514537,514725,188
102,30,"------------------------------------------\n",218,232.637833333333,645.88345,514725,514914,189
102,29,"InputNamesSorted\n",213,263.693566666667,638.854283333333,514914,515103,189
102,30,"------------------------------------------\n",218,277.8505,650.96185,515103,515294,191
102,29,"InputNamesSorted\n",213,227.783483333333,638.998366666667,515294,515490,196
102,29,"InputNamesSorted\n",213,260.748516666667,633.1606,515490,515683,193
102,29,"InputNamesSorted\n",213,292.532033333333,638.0912,515683,515875,192
102,0,blank,0,313.952816666667,640.612883333333,515875,516068,193
102,30,"------------------------------------------\n",218,290.8987,652.979933333333,516068,516261,193
102,31,++,232,252.102233333333,676.362283333333,516261,516448,187
102,0,blank,0,273.137783333333,669.557633333333,516448,516636,188
102,30,"------------------------------------------\n",218,305.8406,652.156,516636,516826,190
102,28,"\n----------------------------------------\n",208,255.23635,617.84825,516826,517012,186
102,29,"InputNamesSorted\n",213,197.18415,634.9743,517012,517106,94
102,0,blank,0,250.710316666667,705.66655,517291,517477,186
102,0,blank,0,267.937783333333,709.2126,517477,517665,188
102,31,i,231,242.222166666667,680.512316666667,517665,517854,189
102,0,blank,0,228.15445,681.56855,517854,517916,62
102,30,"------------------------------------------\n",218,568.669766666667,642.069533333333,517947,518135,188
102,30,"------------------------------------------\n",218,566.285066666667,651.745933333333,518135,518324,189
102,0,blank,0,552.9334,635.8508,518324,518356,32
102,0,blank,0,697.345666666667,743.982266666667,518388,518578,190
102,0,blank,0,705.0415,753.509775,518578,518707,129
102,0,blank,0,1031.8844,779.5917,518739,518899,160
102,0,blank,0,1008.95475,775.667675,518963,519093,130
102,0,blank,0,278.439083333333,565.945783333333,519224,519421,197
102,0,blank,0,289.1767,572.845,519421,519453,32
102,0,blank,0,766.100833333333,394.331616666667,519517,519703,186
102,0,blank,0,984.114166666667,361.925316666667,519735,519929,194
102,0,blank,0,1001.252,345.607016666667,519929,520125,196
102,0,blank,0,991.832833333333,397.362516666667,520125,520321,196
102,0,blank,0,989.277333333333,362.485566666667,520321,520420,99
102,23,j,189,380.075966666667,507.326316666667,520520,520707,187
102,0,blank,0,371.1872,536.2354,520707,520741,34
102,0,blank,0,281.112233333333,675.35165,520773,520965,192
102,0,blank,0,266.637483333333,662.3424,520965,521155,190
102,31,n,229,210.89838,665.4843,521155,521312,157
102,0,blank,0,-350,-105,521344,521530,186
102,0,blank,0,323.9523,530.0889,521556,521600,44
102,24,temp,200,328.10984,520.27996,521666,521841,175
102,0,blank,0,316.80535,489.49865,521841,522031,190
102,0,blank,0,310.4447,443.667166666667,522031,522222,191
102,20,comma,160,309.5514,431.856066666667,522222,522411,189
102,20,[,162,365.732,436.508033333333,522411,522602,191
102,0,blank,0,368.542483333333,417.08195,522602,522789,187
102,20,name,161,341.811733333333,435.2957,522789,522978,189
102,0,blank,0,292.593466666667,443.5697,522978,523167,189
102,20,],164,296.921883333333,436.1217,523167,523360,193
102,20,name,161,329.679633333333,435.877633333333,523360,523554,194
102,20,j,163,378.9806,427.072583333333,523554,523746,192
102,20,j,163,380.6633,439.81415,523746,523836,90
102,0,blank,0,401.1537,419.5697,523836,524031,195
102,0,blank,0,335.2045,419.092966666667,524031,524230,199
102,20,name,161,326.574433333333,427.706266666667,524230,524422,192
102,20,comma,160,311.277883333333,422.200266666667,524422,524614,192
102,0,blank,0,275.264683333333,392.242066666667,524614,524806,192
102,18,<,145,267.6111,392.801566666667,524806,524998,192
102,0,blank,0,277.27425,400.20715,524998,525062,64
102,20,j,163,375.122066666667,432.920833333333,525093,525285,192
102,0,blank,0,393.124633333333,429.690783333333,525285,525471,186
102,20,>,166,423.33526,435.12526,525471,525626,155
102,18,n,146,287.23795,386.659716666667,525657,525843,186
102,0,blank,0,282.422816666667,391.207516666667,525843,526034,191
102,18,n,146,286.611183333333,385.79335,526034,526221,187
102,18,++,149,341.894116666667,389.400933333333,526221,526410,189
102,0,blank,0,246.950716666667,360.160316666667,526410,526595,185
102,0,blank,0,214.0184,368.49,526595,526787,192
102,0,blank,0,277.447033333333,349.202766666667,526787,526976,189
102,0,blank,0,282.996816666667,348.802366666667,526976,527164,188
102,0,blank,0,282.382016666667,356.5171,527164,527354,190
102,0,blank,0,299.181433333333,362.857866666667,527354,527544,190
102,0,blank,0,287.6369,371.004583333333,527544,527734,190
102,0,blank,0,278.8924,377.068483333333,527734,527923,189
102,18,<,145,266.941966666667,384.191666666667,527923,528117,194
102,0,blank,0,306.79905,407.4108,528117,528314,197
102,18,++,149,327.290766666667,388.303516666667,528314,528507,193
102,18,j,148,322.398366666667,380.746516666667,528507,528694,187
102,0,blank,0,294.253033333333,357.594666666667,528694,528883,189
102,0,blank,0,315.083166666667,375.851716666667,528883,529071,188
102,0,blank,0,342.008316666667,405.666883333333,529071,529256,185
102,18,++,149,343.935916666667,383.959733333333,529256,529444,188
102,0,blank,0,297.437866666667,406.55985,529444,529632,188
102,0,blank,0,276.532316666667,417.8673,529632,529821,189
102,0,blank,0,307.001483333333,387.415716666667,529821,530009,188
102,18,j,148,313.902533333333,387.0084,530009,530198,189
102,0,blank,0,370.411066666667,370.428183333333,530198,530385,187
102,0,blank,0,372.923125,379.4008,530385,530509,124
102,0,blank,0,684.161,91.133325,530601,530718,117
102,6,temp,50,375.8379,114.8716,530778,530932,154
102,0,blank,0,951.876166666667,506.871266666667,531055,531241,186
102,0,blank,0,951.48,522.72654,531241,531398,157
103,0,blank,0,201.57935,62.887,539022,539103,81
103,0,blank,0,562.9517,28.8751,539163,539269,106
103,0,blank,0,-350,-105,539378,539481,103
103,0,blank,0,-350,-105,539559,539744,185
103,0,blank,0,-350,-105,539744,539921,177
103,0,blank,0,-350,-105,539921,540090,169
103,0,blank,0,-350,-105,540090,540257,167
103,0,blank,0,-350,-105,540257,540443,186
103,0,blank,0,-350,-105,540443,540625,182
103,0,blank,0,-350,-105,540625,540805,180
103,0,blank,0,-350,-105,540805,540977,172
103,0,blank,0,-350,-105,540977,541104,127
103,0,blank,0,-350,-105,541104,541315,211
103,0,blank,0,-350,-105,541315,541513,198
103,0,blank,0,-350,-105,541513,541689,176
103,0,blank,0,-350,-105,541689,541853,164
103,0,blank,0,-350,-105,541853,542043,190
103,0,blank,0,-350,-105,542043,542241,198
103,0,blank,0,-350,-105,542241,542345,104
103,0,blank,0,-350,-105,542345,542523,178
103,0,blank,0,-350,-105,542523,542629,106
