Frameno_fix,lineno_fix,Tokenname_fix,tokens_id,gaze_X_fix,gaze_Y_fix,timestamp_fix_start,timestamp_fix_end,time_duration
100,0,blank,0,116.62596,-41.93492,3919,4085,166
100,0,blank,0,113.46505,-41.65065,4085,4283,198
100,0,blank,0,106.7348,-34.1657,4283,4316,33
100,0,blank,0,568.217966666667,14.7447333333333,4415,4513,98
100,0,blank,0,523.1124,27.2980166666667,4548,4744,196
100,0,blank,0,547.287825,1.395825,4812,4944,132
100,0,blank,0,546.0996,-7.10550000000001,4978,5011,33
100,0,blank,0,504.07275,32.25595,5043,5174,131
100,0,blank,0,501.70745,30.16975,5239,5304,65
100,0,blank,0,518.6689,18.0552,5336,5368,32
100,0,blank,0,520.0139,31.4262,5401,5465,64
100,0,blank,0,527.85585,29.63465,5530,5595,65
100,0,blank,0,245.5665,46.396,5727,5827,100
100,0,blank,0,218.6783,71.907,5861,5895,34
100,0,blank,0,204.5788,61.9682,5927,6060,133
100,0,blank,0,733.417666666667,282.344433333333,6256,6355,99
100,6,[,51,279.47485,123.90335,6454,6585,131
100,6,[,51,279.97425,126.86205,6618,6683,65
100,6,8,52,191.15435,120.408075,6716,6849,133
100,3,>,27,187.37386,55.38546,6883,7056,173
100,2,>,20,182.85782,40.52276,7089,7263,174
100,2,>,20,179.3666,40.7606,7263,7297,34
100,0,blank,0,201.10928,67.3843,7332,7501,169
100,0,blank,0,201.7466,64.5996,7501,7535,34
100,3,string,24,150.93495,59.9227,7604,7736,132
100,0,blank,0,115.1679,73.16662,7802,7970,168
100,3,string,24,120.3938,67.3824,7970,8003,33
100,0,blank,0,202.593083333333,123.641833333333,8036,8235,199
100,0,blank,0,203.719675,129.9262,8235,8369,134
100,0,blank,0,-348.91916,17.93434,8543,8717,174
100,0,blank,0,-348.92012,23.61024,8717,8888,171
100,6,8,52,186.8118,123.16085,9021,9089,68
100,0,blank,0,154.38444,134.31222,9193,9369,176
100,6,10,44,152.7888,130.2247,9369,9405,36
100,0,blank,0,196.76458,147.20716,9441,9614,173
100,0,blank,0,224.0082,142.63866,9648,9817,169
100,0,blank,0,224.8539,144.07522,9817,9986,169
100,0,blank,0,224.136233333333,138.486416666667,9986,10184,198
100,0,blank,0,215.9286,143.0231,10184,10218,34
100,0,blank,0,213.467566666667,137.016766666667,10252,10353,101
100,0,blank,0,215.42105,135.35765,10387,10452,65
100,0,blank,0,212.716,130.4861,10485,10551,66
100,0,blank,0,214.152933333333,129.66795,10617,10815,198
100,0,blank,0,208.5549,144.9926,10815,10850,35
100,0,blank,0,-350,-105,10882,10965,83
100,6,tname,42,245.5442,123.862325,11077,11196,119
100,0,blank,0,356.1307,120.1687,11262,11298,36
100,6,comma,49,349.149566666667,123.221366666667,11330,11431,101
100,6,[,51,318.5264,129.774366666667,11465,11568,103
100,6,[,51,320.6392,128.8444,11600,11633,33
100,0,blank,0,279.0902,136.3472,11668,11702,34
100,6,],53,199.6166,119.5811,11931,11964,33
100,0,blank,0,331.0792,141.4541,11996,12029,33
100,0,blank,0,328.65955,134.80095,12064,12132,68
100,6,],53,305.4274,129.27325,12167,12238,71
100,6,],53,308.9466,115.1909,12307,12342,35
100,6,],53,308.8229,123.98622,12376,12545,169
100,6,],53,306.6593,127.05935,12545,12616,71
100,0,blank,0,352.191466666667,128.546966666667,12649,12750,101
100,6,comma,49,349.6179,121.97775,12783,12851,68
100,6,tname,42,231.57764,123.26378,12884,13055,171
100,6,tname,42,225.2955,128.6081,13055,13091,36
100,6,;,54,439.0616,121.6327,13316,13444,128
100,6,8,52,420.81225,124.5797,13520,13660,140
100,6,comma,49,344.18668,124.95896,13730,13897,167
100,0,blank,0,342.0783,124.2415,13897,13930,33
100,8,"Enterthevalueofn\n",64,177.2966,161.253833333333,13963,14162,199
100,8,"Enterthevalueofn\n",64,178.797183333333,158.689733333333,14162,14360,198
100,8,"Enterthevalueofn\n",64,175.870025,177.353725,14393,14528,135
100,8,"Enterthevalueofn\n",64,254.3414,173.99084,14563,14731,168
100,0,blank,0,246.5675,181.1074,14731,14764,33
100,3,.,25,171.531233333333,61.1678666666667,14832,14930,98
100,0,blank,0,125.6142,74.0733,15128,15161,33
100,6,10,44,163.99632,123.34408,15196,15365,169
100,6,],53,164.215666666667,122.1916,15398,15499,101
100,8,"Enterthevalueofn\n",64,240.739,160.8642,15567,15599,32
100,0,blank,0,-350,-105,16314,16350,36
100,0,blank,0,-350,-105,16350,17346,996
100,0,blank,0,-350,-105,17346,17507,161
100,0,blank,0,-350,-105,17507,17600,93
100,0,blank,0,-350,-105,17600,17786,186
100,0,blank,0,-350,-105,17786,17879,93
100,0,blank,0,-350,-105,17879,18197,318
100,0,blank,0,-350,-105,18197,18357,160
100,0,blank,0,-350,-105,18357,18468,111
100,0,blank,0,-350,-105,18468,18980,512
100,0,blank,0,-350,-105,18980,19168,188
100,0,blank,0,-350,-105,19168,19357,189
100,0,blank,0,-350,-105,19357,19514,157
100,0,blank,0,-350,-105,19514,20118,604
100,0,blank,0,-350,-105,20118,20307,189
100,0,blank,0,-350,-105,20307,20475,168
100,0,blank,0,-350,-105,20475,20572,97
100,0,blank,0,-350,-105,20572,20747,175
100,0,blank,0,-350,-105,20747,20938,191
100,0,blank,0,-350,-105,20938,21120,182
100,0,blank,0,-350,-105,21120,21304,184
100,0,blank,0,-350,-105,21304,21492,188
100,0,blank,0,-350,-105,21492,21681,189
100,0,blank,0,-350,-105,21681,21879,198
100,0,blank,0,-350,-105,21879,22065,186
100,0,blank,0,-350,-105,22065,22253,188
100,0,blank,0,-350,-105,22253,22441,188
100,0,blank,0,-350,-105,22441,22621,180
100,0,blank,0,-350,-105,22621,22658,37
100,13,name,100,211.9686,285.796766666667,23559,23671,112
100,13,;,105,287.0726,279.9918,23737,23837,100
100,0,blank,0,293.402566666667,285.4378,23870,23971,101
100,0,blank,0,242.282,137.70765,24071,24200,129
100,6,comma,49,207.0191,126.7911,24267,24300,33
100,6,[,51,175.7122,117.412375,24332,24464,132
100,0,blank,0,227.707,105.7249,24496,24530,34
100,0,blank,0,231.209966666667,113.517766666667,24564,24661,97
100,0,blank,0,319.19116,286.36872,24694,24869,175
100,0,blank,0,318.7716,283.45,24869,24906,37
100,14,name,113,254.3781,306.4713,24973,25076,103
100,0,blank,0,252.8154,305.7202,25109,25209,100
100,14,tname,108,202.2724,293.1589,25243,25276,33
100,14,[,114,205.67116,303.8551,25343,25511,168
100,0,blank,0,212.2767,312.3497,25511,25545,34
100,13,name,100,237.9081,283.082433333333,25644,25742,98
100,14,comma,112,239.5257,291.335266666667,25774,25874,100
100,13,name,100,242.6414,284.3529,25907,25936,29
100,11,++,93,249.394083333333,235.563816666667,26002,26198,196
100,0,blank,0,230.912283333333,227.434116666667,26231,26426,195
100,0,blank,0,225.941,229.2457,26426,26458,32
100,11,i,92,235.5129,225.3827,26490,26522,32
100,10,comma,78,288.920575,216.859275,26555,26685,130
100,0,blank,0,210.566383333333,197.68485,26751,26949,198
100,0,blank,0,210.3598,194.43925,26949,27017,68
100,0,blank,0,221.81015,178.221625,27050,27188,138
100,8,"Enterthevalueofn\n",64,325.90162,168.94498,27254,27423,169
100,0,blank,0,328.3941,285.9693,27455,27488,33
100,0,blank,0,326.945875,284.19875,27521,27653,132
100,14,name,113,289.600033333333,300.554533333333,27687,27786,99
100,0,blank,0,224.0563,313.2642,27853,28023,170
100,0,blank,0,226.8949,311.6737,28023,28055,32
100,0,blank,0,206.504666666667,316.911033333333,28089,28287,198
100,0,blank,0,206.200325,311.315575,28287,28419,132
100,0,blank,0,255.59935,310.48525,28452,28648,196
100,0,blank,0,261.827333333333,314.568166666667,28648,28747,99
100,14,name,113,281.256533333333,309.352933333333,28781,28881,100
100,14,;,118,335.804416666667,307.320566666667,28946,29138,192
100,0,blank,0,333.6991,311.4012,29138,29268,130
100,0,blank,0,266.9639,316.1647,29300,29331,31
100,0,blank,0,261.1715,317.2051,29362,29394,32
100,0,blank,0,262.989366666667,314.097666666667,29427,29524,97
100,0,blank,0,241.622766666667,315.35905,29557,29750,193
100,0,blank,0,243.713975,317.401975,29750,29878,128
100,0,blank,0,239.5059,314.5928,29910,29943,33
100,0,blank,0,308.48345,156.791375,30009,30140,131
100,0,blank,0,313.3866,119.657125,30205,30336,131
100,6,comma,49,349.47465,120.1927,30370,30503,133
100,0,blank,0,290.174666666667,314.875,30536,30735,199
100,14,name,113,287.8366,309.5645,30735,30769,34
100,0,blank,0,335.51086,311.78112,30836,31004,168
100,14,;,118,334.298225,309.27515,31004,31137,133
100,0,blank,0,203.87068,313.61306,31204,31371,167
100,0,blank,0,205.3793,312.157666666667,31371,31469,98
100,0,blank,0,221.99845,345.71595,31501,31565,64
100,0,blank,0,227.99855,356.11105,31631,31696,65
100,16,-,129,232.600475,349.36205,31727,31857,130
100,0,blank,0,299.248166666667,358.928666666667,31890,31987,97
100,10,"Enter%dnames",77,202.1823,218.3364,32084,32115,31
100,10,"Enter%dnames",77,206.0113,214.9634,32208,32240,32
100,0,blank,0,166.2628,332.4562,32302,32429,127
100,0,blank,0,173.9485,355.1526,32462,32592,130
100,0,blank,0,231.947266666667,362.033566666667,32625,32723,98
100,0,blank,0,232.45475,364.50565,32756,32821,65
100,0,blank,0,253.570166666667,357.4942,32853,32949,96
100,0,blank,0,253.7448,364.0438,32980,33044,64
100,0,blank,0,194.05854,363.45464,33141,33307,166
100,0,blank,0,190.1716,356.303,33307,33341,34
100,0,blank,0,-350,-105,33438,33603,165
100,0,blank,0,-350,-105,33603,33724,121
100,0,blank,0,-350,-105,33724,34136,412
100,0,blank,0,-350,-105,34136,34314,178
100,0,blank,0,-350,-105,34314,34512,198
100,0,blank,0,-350,-105,34512,34711,199
100,0,blank,0,-350,-105,34711,34881,170
100,0,blank,0,-350,-105,34881,35069,188
100,0,blank,0,-350,-105,35069,35221,152
100,0,blank,0,1004.1885,134.37265,35249,35305,56
100,0,blank,0,1001.3378,137.72864,35338,35512,174
100,0,blank,0,996.374666666667,147.539033333333,35512,35613,101
100,0,blank,0,1000.971,132.941,35646,35680,34
100,0,blank,0,1001.34,148.84535,35714,35781,67
100,0,blank,0,1004.99666666667,136.869666666667,35815,35916,101
100,0,blank,0,1009.49325,213.13705,35950,36086,136
100,0,blank,0,995.541,269.486233333333,36155,36256,101
100,0,blank,0,1001.3776,251.39126,36358,36529,171
100,0,blank,0,300.11478,315.51446,36739,36911,172
100,16,-,129,231.13742,345.08814,36978,37145,167
100,0,blank,0,218.2156,351.6834,37145,37179,34
100,0,blank,0,248.904733333333,413.261233333333,37212,37408,196
100,0,blank,0,250.275325,418.5262,37408,37540,132
100,20,i,158,291.15014,430.19848,37638,37797,159
100,20,i,158,292.0439,425.5082,37829,37861,32
100,0,blank,0,257.2252,412.3796,37893,37925,32
100,0,blank,0,254.9774,406.8078,38056,38089,33
100,0,blank,0,263.00432,409.93958,38121,38284,163
101,0,blank,0,253.3574,305.2771,39087,39118,31
101,0,blank,0,250.405966666667,315.484916666667,39150,39342,192
101,20,],164,300.9572,355.0157,39374,39405,31
101,20,i,158,289.2983,340.97525,39469,39533,64
101,20,],164,296.3089,342.2382,39566,39599,33
101,0,blank,0,302.4144,348.0685,39631,39663,32
101,20,i,158,291.975,340.18115,39696,39761,65
101,0,blank,0,228.9883,450.105175,39860,39992,132
101,0,blank,0,227.37458,334.05962,40057,40218,161
101,18,1,142,214.1331,309.6425,40250,40282,32
101,0,blank,0,212.527733333333,305.073766666667,40315,40412,97
101,0,blank,0,211.6463,290.5025,40443,40475,32
101,0,blank,0,200.7863,263.41975,40506,40570,64
101,0,blank,0,208.31676,269.77056,40602,40765,163
101,0,blank,0,204.25394,273.3065,40800,40966,166
101,0,blank,0,207.18314,270.88296,40966,41135,169
101,0,blank,0,205.56345,275.432,41135,41331,196
101,0,blank,0,193.6676,276.24145,41331,41397,66
101,0,blank,0,204.2212,282.5093,41430,41496,66
101,0,blank,0,190.75175,275.73995,41561,41625,64
101,0,blank,0,205.70904,276.61064,41656,41827,171
101,0,blank,0,208.5614,276.814375,41827,41962,135
101,0,blank,0,195.15324,263.09358,42027,42189,162
101,0,blank,0,196.1077,272.438766666667,42223,42317,94
101,0,blank,0,216.31325,275.0649,42414,42480,66
101,0,blank,0,198.098,267.9745,42547,42645,98
101,0,blank,0,209.2663,277.3587,42712,42746,34
101,16,1,130,250.232683333333,264.8214,42780,42975,195
101,16,;,131,269.438483333333,267.288683333333,43009,43207,198
101,0,blank,0,274.8115,268.5805,43207,43272,65
101,16,n,128,212.4942,255.639066666667,43336,43432,96
101,0,blank,0,205.3556,243.2957,43464,43497,33
101,14,tname,108,201.06675,206.499675,43595,43726,131
101,16,i,132,173.6612,262.91055,43790,43853,63
101,0,blank,0,291.897233333333,269.356516666667,43886,44081,195
101,18,<,145,270.932,308.821,44114,44308,194
101,18,<,145,265.3791,310.8561,44308,44340,32
101,0,blank,0,261.18105,330.6953,44404,44467,63
101,0,blank,0,239.27714,319.35672,44499,44662,163
101,0,blank,0,219.73695,273.7625,44694,44758,64
101,0,blank,0,215.70682,268.81538,44822,44985,163
101,0,blank,0,255.175316666667,268.2658,45050,45242,192
101,0,blank,0,257.8798,267.7709,45242,45274,32
101,0,blank,0,246.60992,317.95706,45340,45506,166
101,0,blank,0,239.14905,322.00345,45539,45607,68
101,0,blank,0,240.224166666667,319.0523,45641,45741,100
101,0,blank,0,256.189866666667,308.4011,45775,45876,101
101,0,blank,0,196.764483333333,270.692416666667,45910,46109,199
101,16,<,127,186.027,264.9926,46109,46142,33
101,0,blank,0,191.66236,273.27454,46208,46375,167
101,16,n,128,203.3773,255.899,46406,46440,34
101,16,1,130,244.0506,264.9575,46544,46644,100
101,0,blank,0,330.182325,265.32075,46777,46914,137
101,0,blank,0,327.1151,333.5388,47013,47048,35
101,0,blank,0,299.5475,365.5005,47082,47185,103
101,0,blank,0,246.55515,361.86135,47255,47323,68
101,0,blank,0,213.032166666667,362.494366666667,47358,47458,100
101,0,blank,0,378.57385,359.2428,47557,47625,68
101,20,],164,386.07715,354.08535,47659,47726,67
101,0,blank,0,424.111625,363.468525,47760,47896,136
101,0,blank,0,415.8934,362.8412,47930,47963,33
101,0,blank,0,322.06466,359.58018,47998,48166,168
101,0,blank,0,321.3773,362.0777,48166,48199,33
101,0,blank,0,452.831,365.589766666667,48233,48432,199
101,0,blank,0,458.5959,361.53165,48498,48564,66
101,23,],190,300.61078,405.314,48629,48795,166
101,22,name,174,295.826425,399.2548,48795,48928,133
101,0,blank,0,363.5166,400.112075,48996,49127,131
101,23,[,188,367.18405,411.0529,49160,49225,65
101,23,],190,385.145016666667,407.0994,49258,49455,197
101,0,blank,0,383.68415,409.70265,49455,49520,65
101,24,temp,200,325.06035,425.0574,49552,49684,132
101,23,name,187,324.379275,418.18365,49716,49846,130
101,0,blank,0,290.858566666667,499.158766666667,49910,50011,101
101,30,"------------------------------------------\n",218,235.935016666667,560.628033333333,50078,50277,199
101,0,blank,0,315.99925,577.3709,50311,50445,134
101,30,"------------------------------------------\n",218,315.0307,566.7509,50512,50577,65
101,30,"------------------------------------------\n",218,312.1251,575.5349,50612,50644,32
101,0,blank,0,279.79378,616.33744,50711,50880,169
101,0,blank,0,285.0413,611.4109,50880,50912,32
101,0,blank,0,285.112,639.90185,50946,51075,129
101,0,blank,0,394.61266,644.26776,51108,51275,167
101,33,name,244,394.23608,641.529,51275,51443,168
101,0,blank,0,398.7943,645.3301,51443,51476,33
101,0,blank,0,335.8414,374.9702,51610,51643,33
101,0,blank,0,335.806466666667,368.671233333333,51676,51776,100
101,20,name,161,252.426166666667,352.7039,51810,51910,100
101,20,name,161,246.36366,349.50552,51944,52110,166
101,20,name,161,248.0583,353.9836,52110,52144,34
101,0,blank,0,-350,-105,52176,52310,134
101,0,blank,0,306.0103,359.7134,52429,52455,26
101,0,blank,0,271.8,618.2582,52550,52575,25
101,0,blank,0,275.996466666667,613.6326,52641,52742,101
101,31,++,232,261.67555,588.100725,52810,52946,136
101,30,"------------------------------------------\n",218,251.42915,564.550975,53014,53142,128
101,30,"------------------------------------------\n",218,354.83772,566.01706,53175,53337,162
101,0,blank,0,582.450066666667,537.510866666667,53435,53632,197
101,0,blank,0,580.0782,541.5644,53632,53698,66
101,35,"------------------------------------------\n",253,557.27405,674.43975,53764,53895,131
101,0,blank,0,956.832,278.521,54318,54360,42
101,0,blank,0,240.6756,288.95004,54499,54663,164
101,0,blank,0,166.90642,229.7475,54695,54860,165
101,0,blank,0,168.9984,235.0848,54860,54895,35
101,13,"%s",98,181.868883333333,195.355516666667,54960,55157,197
101,14,tname,108,185.903216666667,211.009733333333,55190,55387,197
101,14,tname,108,193.76885,216.7989,55387,55454,67
101,0,blank,0,181.49944,235.8263,55487,55655,168
101,0,blank,0,180.53525,231.40025,55655,55721,66
101,0,blank,0,-348.4532,-104.33625,56023,56152,129
101,0,blank,0,-350,-105,56152,56272,120
101,0,blank,0,-350.011333333333,-104.550833333333,56324,56437,113
101,0,blank,0,131.150466666667,-103.964066666667,56553,56648,95
101,0,blank,0,80.5655,-103.91175,56710,56775,65
101,0,blank,0,75.3336,-103.910366666667,56840,56937,97
101,0,blank,0,95.8499666666667,-103.8921,56970,57066,96
101,0,blank,0,486.30535,-103.8871,57165,57229,64
101,0,blank,0,550.355433333333,-103.9149,57293,57389,96
101,0,blank,0,526.4955,-103.8882,57542,57572,30
101,0,blank,0,66.21256,-103.91228,57637,57804,167
101,0,blank,0,81.0167333333333,-103.91135,57804,58002,198
101,0,blank,0,74.54286,-103.90446,58002,58171,169
101,0,blank,0,74.0164,-103.898916666667,58171,58366,195
101,0,blank,0,543.213766666667,-103.923133333333,58432,58530,98
101,0,blank,0,552.8865,-103.8877,58973,59005,32
101,0,blank,0,538.59422,-103.89104,59072,59243,171
101,0,blank,0,538.128283333333,-103.884883333333,59243,59440,197
101,0,blank,0,540.3517,-103.8974,59508,59541,33
101,0,blank,0,524.611866666667,-103.893366666667,59638,59831,193
101,0,blank,0,509.1461,-103.8986,59831,59863,32
101,0,blank,0,524.979983333333,-103.905483333333,59928,60115,187
101,0,blank,0,511.81725,-103.89235,60115,60179,64
101,0,blank,0,144.424133333333,269.390733333333,60306,60494,188
101,16,i,132,102.6348,260.510433333333,60558,60744,186
101,0,blank,0,107.0823,258.56004,60744,60899,155
101,16,i,132,103.4422,248.673366666667,60959,61051,92
101,0,blank,0,124.2658,267.7286,61140,61171,31
101,0,blank,0,121.3124,268.7472,61230,61260,30
101,0,blank,0,-350,-105,61322,61425,103
101,0,blank,0,-285.1342,-61.2776,61471,61520,49
101,0,blank,0,-350.010416666667,-105.063383333333,61671,61859,188
101,0,blank,0,-350.0264,-105.05475,61859,62051,192
101,0,blank,0,-350.03485,-105.04615,62051,62117,66
101,0,blank,0,168.3906,235.0719,62251,62282,31
101,16,i,132,166.94185,247.564833333333,62313,62507,194
101,0,blank,0,992.9035,265.0611,62638,62704,66
101,0,blank,0,960.416333333333,262.6801,62831,62926,95
101,0,blank,0,967.844,262.0412,62958,62989,31
101,18,;,147,230.28915,293.8736,63053,63119,66
101,0,blank,0,233.215583333333,285.109933333333,63150,63346,196
101,0,blank,0,280.21305,373.478433333333,63445,63641,196
101,0,blank,0,286.7401,387.3041,63641,63673,32
101,0,blank,0,274.0765,359.02625,63705,63770,65
101,0,blank,0,270.655,370.0194,63803,63835,32
101,0,blank,0,365.593716666667,356.956866666667,63963,64156,193
101,0,blank,0,350.773433333333,362.936683333333,64187,64378,191
101,0,blank,0,355.2712,362.6547,64378,64410,32
101,0,blank,0,73.10695,308.133916666667,64474,64670,196
101,0,blank,0,85.9397166666667,369.538166666667,64738,64933,195
101,0,blank,0,85.6952,378.8375,64933,64965,32
101,20,name,161,243.03154,345.80418,65158,65318,160
101,0,blank,0,87.6433666666667,371.05715,65477,65676,199
101,20,name,161,246.4572,343.9781,65710,65742,32
101,20,name,161,239.015833333333,348.941183333333,65808,66001,193
101,20,name,161,238.3929,350.0086,66035,66166,131
101,20,comma,160,306.179033333333,352.0377,66199,66297,98
101,20,comma,160,304.2109,345.0377,66331,66363,32
101,20,name,161,236.52165,353.2445,66461,66527,66
101,0,blank,0,69.4414666666667,352.144266666667,66591,66693,102
101,0,blank,0,73.5511,364.4572,66725,66759,34
101,0,blank,0,83.1552,364.656,66793,66827,34
101,0,blank,0,78.02688,360.93054,66861,67032,171
101,0,blank,0,249.7028,358.9305,67293,67326,33
101,20,name,161,252.752133333333,354.111516666667,67392,67588,196
101,0,blank,0,212.31915,290.956325,67621,67750,129
101,0,blank,0,206.3513,296.960833333333,67813,67909,96
101,0,blank,0,209.77215,271.2826,67942,68006,64
101,16,n,128,209.963,256.3419,68038,68072,34
101,0,blank,0,206.0581,270.51045,68136,68331,195
101,0,blank,0,214.1417,278.9893,68331,68364,33
101,0,blank,0,185.956766666667,270.024566666667,68395,68492,97
101,0,blank,0,228.35735,269.40525,68524,68588,64
101,16,-,129,230.7719,264.2058,68653,68686,33
101,0,blank,0,210.899233333333,276.994933333333,68718,68816,98
101,0,blank,0,200.6734,265.6613,68849,68915,66
101,0,blank,0,250.01608,278.38266,68980,69143,163
101,0,blank,0,272.249,277.899033333333,69176,69274,98
101,16,;,131,271.1542,267.80615,69306,69436,130
101,0,blank,0,312.948,273.7644,69468,69499,31
101,0,blank,0,311.3093,280.1371,69564,69596,32
101,16,++,133,312.1942,267.3186,69628,69661,33
101,0,blank,0,299.6591,272.815825,69725,69853,128
101,0,blank,0,344.1957,271.30685,69980,70107,127
101,0,blank,0,340.10285,273.0038,70203,70268,65
101,0,blank,0,327.5253,272.1254,70332,70460,128
101,0,blank,0,263.618,313.6711,70526,70558,32
101,0,blank,0,257.91615,304.71465,70624,70755,131
101,0,blank,0,214.3591,315.823633333333,70821,70919,98
101,0,blank,0,211.6204,307.372166666667,70951,71049,98
101,0,blank,0,271.049966666667,312.9851,71210,71306,96
101,0,blank,0,309.8006,317.918575,71404,71532,128
101,18,),150,348.411675,309.114875,71564,71693,129
101,18,<,145,270.9536,305.6009,71757,71792,35
101,18,1,142,223.1172,305.041,71952,71984,32
101,18,;,147,224.906,295.3333,72049,72082,33
101,0,blank,0,213.603833333333,278.066766666667,72212,72308,96
101,0,blank,0,-350,-105,72373,72521,148
101,0,blank,0,279.004816666667,268.867466666667,72547,72720,173
101,0,blank,0,292.8626,269.83135,72720,72785,65
101,16,++,133,306.2953,260.0574,72817,72849,32
101,16,++,133,294.5668,264.419,72947,72980,33
101,0,blank,0,246.6492,277.90385,73011,73074,63
101,18,j,148,243.0159,294.8996,73170,73201,31
101,0,blank,0,-350,-105,73504,73686,182
101,0,blank,0,-350,-105,73686,73753,67
101,0,blank,0,295.1812,290.3778,73882,73913,31
101,0,blank,0,262.354,278.6526,73945,73975,30
101,16,1,130,250.16825,256.8665,74007,74070,63
101,0,blank,0,-350,-105,74767,74809,42
101,0,blank,0,-350,-105,74809,74971,162
101,0,blank,0,-350,-105,74971,75028,57
101,0,blank,0,-350,-105,75028,75489,461
101,0,blank,0,-350,-105,75489,75675,186
101,0,blank,0,-350,-105,75675,76340,665
101,0,blank,0,-350,-105,76340,76532,192
101,0,blank,0,-350,-105,76532,76705,173
101,0,blank,0,-350,-105,76705,76742,37
101,24,),201,365.05095,438.54195,76888,76966,78
101,0,blank,0,413.65425,441.309675,77006,77163,157
101,0,blank,0,348.2236,313.6302,77814,77854,40
101,0,blank,0,318.960766666667,312.4996,77941,78036,95
101,16,++,133,313.2376,267.6664,78098,78130,32
101,16,++,133,309.588,258.7494,78192,78223,31
101,16,i,132,290.0651,252.9635,78255,78286,31
101,0,blank,0,311.0997,275.2427,78318,78349,31
101,0,blank,0,271.714925,269.4692,78413,78540,127
101,0,blank,0,278.651833333333,267.174333333333,78603,78697,94
101,0,blank,0,276.5997,260.0798,78730,78762,32
101,0,blank,0,216.0391,267.9661,78793,78825,32
101,0,blank,0,222.753633333333,276.717533333333,79014,79111,97
101,18,;,147,231.9752,302.221,79174,79207,33
101,0,blank,0,208.837,294.1898,79239,79271,32
101,18,1,142,217.94085,296.31905,79304,79368,64
101,0,blank,0,252.456425,326.547775,79432,79560,128
101,0,blank,0,236.9677,310.29015,79623,79687,64
101,18,1,142,214.58954,309.64102,79852,80011,159
101,20,name,161,272.7423,335.51005,80042,80104,62
101,20,[,162,276.418866666667,342.193066666667,80135,80323,188
101,0,blank,0,224.02135,327.57095,80355,80418,63
101,0,blank,0,207.39755,320.46335,80450,80511,61
101,0,blank,0,338.1519,357.4387,80607,80638,31
101,20,name,161,334.4577,343.02435,80670,80734,64
101,20,name,161,334.9694,352.1949,80766,80798,32
101,20,),168,397.9532,354.0706,80890,80921,31
101,0,blank,0,403.402,354.3154,80985,81013,28
101,0,blank,0,396.7342,358.0094,81044,81076,32
101,20,),168,400.6216,344.1247,81106,81136,30
101,20,name,161,354.53085,355.1963,81199,81259,60
101,0,blank,0,361.5259,372.9405,81289,81319,30
101,0,blank,0,306.3606,359.8125,81413,81444,31
101,0,blank,0,-350,-105,82149,82321,172
101,0,blank,0,-350,-105,82321,82496,175
101,0,blank,0,-350,-105,82496,82665,169
101,0,blank,0,-350,-105,82665,82836,171
101,0,blank,0,-350,-105,82836,83014,178
101,0,blank,0,-350,-105,83014,83150,136
101,0,blank,0,-350,-105,83150,83327,177
101,0,blank,0,-350,-105,83327,83502,175
101,0,blank,0,-350,-105,83502,83680,178
101,0,blank,0,-350,-105,83680,83872,192
101,0,blank,0,-350,-105,83872,84015,143
101,0,blank,0,-350,-105,84015,84161,146
101,0,blank,0,-350,-105,84161,84328,167
101,0,blank,0,424.4615,356.8876,86278,86342,64
101,0,blank,0,412.0155,339.8527,86373,86405,32
101,23,name,187,253.6767,406.650016666667,86594,86785,191
101,22,[,175,338.5002,396.977,86817,86848,31
101,22,name,174,328.595775,394.4382,86880,87004,124
101,22,name,174,324.5618,387.9038,87066,87097,31
101,24,j,197,283.0845,425.2391,87160,87191,31
101,23,[,188,278.332,419.3406,87222,87253,31
101,23,[,188,282.5641,401.3534,87377,87408,31
101,23,[,188,277.5072,417.6028,87439,87532,93
101,23,[,188,279.2255,421.6227,87562,87594,32
101,23,name,187,260.7032,415.6778,87625,87656,31
101,23,i,184,286.5847,419.6951,87781,87812,31
101,23,name,187,264.3135,403.58855,87843,87906,63
101,23,name,187,329.33005,415.30015,88031,88095,64
101,22,i,176,351.4451,397.4052,88159,88192,33
101,22,i,176,348.27655,392.79675,88224,88286,62
101,22,],177,358.4772,391.5601,88318,88349,31
101,22,i,176,345.8951,382.8102,88444,88475,31
101,23,),191,401.3719,407.5677,88600,88663,63
101,23,),191,401.7579,410.609033333333,88788,88882,94
101,14,i,115,216.4348,209.075916666667,89009,89200,191
101,16,<,127,184.24025,254.2737,89232,89296,64
101,0,blank,0,198.5435,259.854,89358,89390,32
101,14,tname,108,201.270533333333,222.387533333333,89516,89611,95
101,0,blank,0,201.4865,197.53425,89675,89737,62
101,22,temp,172,241.259933333333,392.987666666667,89863,89957,94
101,20,(,155,226.2449,353.0385,90050,90083,33
101,0,blank,0,251.7031,373.0629,90113,90145,32
101,0,blank,0,219.073,279.7546,90240,90270,30
101,0,blank,0,216.400233333333,273.132833333333,90333,90425,92
101,0,blank,0,263.9975,330.0162,90549,90580,31
101,20,name,161,268.9482,355.80145,90611,90674,63
101,22,temp,172,263.662125,395.741175,90705,90828,123
101,23,name,187,270.35945,401.85565,90891,90955,64
101,29,"InputNamesSorted\n",213,199.314966666667,543.570566666667,91052,91150,98
101,29,"InputNamesSorted\n",213,190.1307,538.327,91184,91217,33
101,0,blank,0,254.9461,242.4035,91349,91380,31
101,10,"Enter%dnames",77,225.630275,131.0353,91476,91603,127
101,10,"Enter%dnames",77,222.7382,124.3164,91668,91732,64
101,0,blank,0,275.6548,97.010575,91765,91891,126
101,14,i,115,307.6324,213.72745,91955,92019,64
101,0,blank,0,308.0074,197.3036,92052,92085,33
101,0,blank,0,329.4987,224.5111,92213,92244,31
101,0,blank,0,397.8474,20.6583,92403,92435,32
101,6,temp,50,389.3387,36.481,92498,92530,32
101,6,],53,425.619933333333,40.4737333333333,92562,92657,95
101,6,],53,431.183,32.1250333333333,92720,92816,96
101,0,blank,0,452.2643,40.6521,92944,92977,33
101,6,;,54,434.6169,39.97,93009,93040,31
101,14,name,113,259.712433333333,204.9443,93105,93204,99
101,14,name,113,266.11952,212.51776,93237,93399,162
101,0,blank,0,203.120925,227.618925,93464,93594,130
101,0,blank,0,199.58166,226.44136,93626,93785,159
101,14,name,113,290.3453,218.02125,93816,93880,64
101,0,blank,0,303.2785,210.219333333333,93911,94006,95
101,20,],164,294.496883333333,348.263,94132,94321,189
101,20,],164,300.51095,354.1854,94353,94415,62
101,0,blank,0,339.88552,362.62058,94446,94603,157
101,0,blank,0,295.2264,375.8362,94696,94729,33
101,22,name,174,299.6905,395.383,94759,94799,40
101,23,name,187,354.0923,405.3491,94861,94981,120
101,22,),178,364.02775,393.5225,95102,95215,113
101,0,blank,0,317.212033333333,407.050766666667,95310,95407,97
101,23,name,187,327.638233333333,404.098333333333,95506,95605,99
101,0,blank,0,431.0121,54.5377,95670,95704,34
101,6,],53,429.841075,43.650675,95770,95900,130
101,6,;,54,438.31915,42.30415,96259,96321,62
101,6,;,54,434.574033333333,43.1044666666667,96356,96460,104
101,0,blank,0,424.57495,73.82815,96528,96595,67
101,22,name,174,332.689,391.96085,96664,96734,70
101,22,[,175,339.895933333333,384.967333333333,96766,96866,100
101,0,blank,0,373.5464,384.13196,96933,97102,169
101,0,blank,0,-350,-105,97136,97298,162
101,23,name,187,257.0205,404.43595,97634,97701,67
101,23,name,187,348.78575,411.4842,97768,97837,69
101,24,temp,200,350.4512,428.2004,97871,97904,33
101,23,name,187,355.9439,412.4946,97938,97971,33
101,23,[,188,370.0202,410.5291,98005,98170,165
101,0,blank,0,319.1991,418.3022,98300,98334,34
101,22,name,174,312.42185,398.603083333333,98364,98560,196
101,22,;,179,376.008,393.81875,98622,98686,64
101,0,blank,0,385.25902,394.35856,98750,98911,161
101,23,],190,385.7547,402.0303,99038,99105,67
101,24,temp,200,330.9712,430.7017,99171,99205,34
101,0,blank,0,318.2104,427.06892,99238,99400,162
101,0,blank,0,324.5519,422.2149,99434,99467,33
101,24,temp,200,347.1811,427.9359,99499,99530,31
101,23,name,187,340.4283,419.2482,99628,99660,32
101,0,blank,0,376.07505,467.049983333333,99723,99912,189
101,0,blank,0,356.261866666667,460.5545,99976,100074,98
101,24,temp,200,339.109,442.1315,100106,100139,33
101,20,name,161,258.8345,337.0562,100364,100396,32
101,20,[,162,281.1392,349.11725,100492,100556,64
101,0,blank,0,279.2065,328.92854,100588,100750,162
101,0,blank,0,259.0236,359.73235,100848,100911,63
101,20,name,161,269.2589,348.8041,100943,100974,31
101,20,name,161,264.911,355.6752,101006,101040,34
101,0,blank,0,329.9938,366.5998,101672,101709,37
101,0,blank,0,410.28955,372.15055,101834,101899,65
101,0,blank,0,455.012,347.344,102123,102155,32
101,0,blank,0,419.0738,607.5588,103194,103225,31
101,33,name,244,423.7107,621.56315,103257,103321,64
101,33,[,245,435.8196,635.0895,103354,103387,33
101,33,name,244,410.1552,635.6354,103419,103454,35
101,33,name,244,416.2528,635.4194,103518,103586,68
101,31,n,229,208.9354,583.1418,104039,104104,65
101,31,0,225,136.998,592.1033,104345,104371,26
101,33,name,244,400.5754,635.1123,104825,104856,31
101,33,comma,243,380.0237,638.7924,104919,104951,32
101,0,blank,0,477.2849,663.2686,105178,105209,31
101,0,blank,0,479.9218,643.4966,105242,105274,32
101,33,],247,461.4473,634.521,105306,105338,32
101,0,blank,0,469.3743,618.7482,105370,105404,34
101,33,],247,457.2412,629.5435,105435,105468,33
101,0,blank,0,258.252966666667,648.893433333333,105596,105716,120
101,33,"%s\t\t%s\n",237,193.238733333333,623.300733333333,105781,105878,97
101,33,"%s\t\t%s\n",237,195.72,639.4596,105910,105974,64
101,0,blank,0,204.4305,609.0824,106103,106134,31
101,31,<,228,185.071366666667,583.764866666667,106167,106262,95
101,0,blank,0,213.60965,601.37525,106391,106452,61
101,0,blank,0,263.095433333333,610.2323,106516,106608,92
101,30,"------------------------------------------\n",218,224.765425,562.632525,106702,106829,127
101,0,blank,0,230.3333,554.0764,106892,106923,31
101,29,"InputNamesSorted\n",213,330.971733333333,552.2089,107017,107112,95
101,29,"InputNamesSorted\n",213,323.155566666667,542.911266666667,107144,107239,95
101,30,"------------------------------------------\n",218,317.3912,569.8625,107271,107302,31
101,0,blank,0,316.8413,589.808,107334,107365,31
102,33,name,244,401.0221,632.883733333333,107492,107585,93
102,0,blank,0,383.8453,627.3773,107617,107649,32
102,0,blank,0,389.47355,634.8011,107680,107743,63
102,0,blank,0,473.8519,634.8444,107807,107839,32
102,33,),248,468.92795,629.07815,107871,107933,62
102,33,;,249,479.878866666667,631.891833333333,107965,108061,96
102,33,name,244,398.00545,632.2536,108125,108189,64
102,0,blank,0,404.8216,643.8558,108285,108350,65
102,33,],247,367.977966666667,639.181533333333,108382,108478,96
102,0,blank,0,372.21415,637.284275,108542,108669,127
102,0,blank,0,219.47336,644.41144,108862,109020,158
102,33,"%s\t\t%s\n",237,213.9965,639.6589,109082,109114,32
102,0,blank,0,162.9341,689.872625,109177,109302,125
102,0,blank,0,160.9508,692.0925,109334,109365,31
102,35,"------------------------------------------\n",253,174.2335,671.5093,109491,109522,31
102,30,"------------------------------------------\n",218,180.0542,564.5377,109678,109708,30
102,30,"------------------------------------------\n",218,189.70025,567.4121,109770,109833,63
102,30,"------------------------------------------\n",218,187.541,556.525,109895,109926,31
103,0,blank,0,180.5141,596.08335,110147,110210,63
103,30,"------------------------------------------\n",218,171.5861,566.6,110274,110306,32
103,30,"------------------------------------------\n",218,175.7304,572.946966666667,110337,110433,96
103,29,"InputNamesSorted\n",213,295.82174,539.70176,110559,110718,159
103,30,"------------------------------------------\n",218,350.6202,556.1664,110845,110875,30
103,28,"\n----------------------------------------\n",208,214.9067,519.0353,110938,110969,31
103,0,blank,0,206.00765,508.9768,111031,111092,61
103,28,"\n----------------------------------------\n",208,165.5585,528.21575,111154,111216,62
103,29,"InputNamesSorted\n",213,163.8069,535.43275,111279,111341,62
103,29,"InputNamesSorted\n",213,176.3696,545.0975,111526,111557,31
103,29,"InputNamesSorted\n",213,215.2214,545.0822,111618,111679,61
103,30,"------------------------------------------\n",218,215.85945,555.9322,111741,111802,61
103,29,"InputNamesSorted\n",213,209.9675,551.3383,111864,111895,31
103,29,"InputNamesSorted\n",213,209.42255,539.3939,111926,111987,61
103,28,"\n----------------------------------------\n",208,556.562616666667,514.567166666667,112050,112236,186
103,28,"\n----------------------------------------\n",208,566.7149,520.0024,112236,112267,31
103,28,),209,574.313,513.4041,112298,112329,31
103,0,blank,0,573.741525,523.3679,112360,112483,123
103,28,"\n----------------------------------------\n",208,572.9002,519.9256,112514,112575,61
103,28,),209,574.3517,515.7867,112605,112667,62
103,0,blank,0,574.243333333333,549.9543,112759,112852,93
103,30,"------------------------------------------\n",218,562.294375,568.704575,112913,113035,122
103,29,"InputNamesSorted\n",213,295.665,547.0548,113187,113219,32
103,29,"InputNamesSorted\n",213,310.3024,547.9587,113280,113311,31
103,30,"------------------------------------------\n",218,155.70445,560.8729,113744,113806,62
103,0,blank,0,174.35615,584.3126,113867,113929,62
103,31,<,228,186.9827,584.8824,113960,113991,31
103,31,n,229,207.934,595.7889,114115,114146,31
103,0,blank,0,199.4051,578.7563,114208,114239,31
103,0,blank,0,563.456,547.7649,114439,114469,30
103,31,<,228,186.247,582.6882,114716,114748,32
103,31,i,231,169.6818,579.1243,115146,115244,98
103,0,blank,0,960.897,523.5455,115620,115651,31
103,0,blank,0,140.9384,510.8765,116199,116230,31
103,0,blank,0,177.0016,156.160266666667,116322,116415,93
103,0,blank,0,175.0952,168.34645,116446,116507,61
103,0,blank,0,178.9056,141.7009,116538,116569,31
103,0,blank,0,185.4708,162.064,116662,116693,31
104,8,"Enterthevalueofn\n",64,177.4235,164.5869,116756,116786,30
104,0,blank,0,949.706,315.7488,117005,117036,31
105,0,blank,0,953.37075,308.09875,117192,117319,127
105,0,blank,0,949.462,322.2617,117384,117416,32
105,0,blank,0,952.799,283.2984,117480,117512,32
105,0,blank,0,977.292,406.2127,117739,117772,33
105,0,blank,0,980.934166666667,420.51285,117805,118002,197
105,0,blank,0,981.247,410.7087,118067,118100,33
105,0,blank,0,979.448666666667,411.1504,118133,118231,98
105,0,blank,0,976.8915,476.4094,118330,118396,66
105,0,blank,0,984.73,458.37695,118528,118595,67
105,0,blank,0,990.496,458.6083,118662,118695,33
105,0,blank,0,986.021,457.8328,118728,118862,134
105,0,blank,0,985.154,458.2069,118929,118996,67
105,0,blank,0,989.683,453.703266666667,119128,119224,96
105,0,blank,0,990.43,447.30705,119257,119322,65
105,0,blank,0,995.204,468.8176,119355,119387,32
105,0,blank,0,998.079,450.1833,119453,119486,33
105,0,blank,0,198.2226,588.3723,119583,119616,33
105,31,<,228,192.5164,589.0508,119648,119680,32
105,0,blank,0,196.692766666667,583.6493,119713,119812,99
105,33,"%s\t\t%s\n",237,198.43518,634.41528,119910,120069,159
105,33,"%s\t\t%s\n",237,195.5873,624.3062,120101,120133,32
105,0,blank,0,177.4044,656.9776,120257,120289,32
105,0,blank,0,558.1746,622.5406,120414,120445,31
105,0,blank,0,580.062016666667,654.311183333333,120821,121010,189
105,35,),254,579.2393,671.4611,121042,121073,31
105,35,),254,577.1978,669.7229,121136,121168,32
106,0,blank,0,389.55825,385.955,131357,131420,63
106,0,blank,0,405.4959,380.4409,131452,131484,32
106,0,blank,0,366.124433333333,356.517,131579,131676,97
106,0,blank,0,-350,-105,131708,131893,185
106,0,blank,0,-350,-105,131893,131918,25
106,20,i,158,284.82855,339.98865,131941,131989,48
106,0,blank,0,266.22568,359.66992,132149,132313,164
106,22,comma,173,275.947,381.500966666667,132378,132477,99
106,22,comma,173,280.9378,396.04485,132576,132639,63
106,0,blank,0,283.512775,412.597125,132671,132797,126
106,23,[,188,280.8015,415.1367,132891,132924,33
106,24,name,195,259.573,423.7928,132986,133018,32
106,23,[,188,277.8398,402.88065,133238,133428,190
106,22,name,174,293.201266666667,391.2966,133613,133801,188
106,23,i,184,284.0212,402.84905,133832,133896,64
106,22,comma,173,274.34895,395.47635,134023,134084,61
106,22,[,175,337.838633333333,385.544966666667,134147,134240,93
106,0,blank,0,339.853,400.9181,134270,134302,32
106,22,;,179,380.613033333333,392.208,134364,134459,95
106,22,),178,371.387,394.7185,134491,134584,93
106,22,name,174,316.191825,394.28055,134708,134832,124
106,23,name,187,341.31895,405.42695,134863,134925,62
106,23,name,187,358.65845,404.3558,135078,135201,123
106,22,],177,361.6088,395.768833333333,135264,135362,98
107,0,blank,0,393.423366666667,396.962966666667,135489,135607,118
107,24,temp,200,328.26778,442.29358,135910,136091,181
107,24,temp,200,328.4734,435.458,136091,136122,31
107,28,"\n----------------------------------------\n",208,218.41465,531.8418,136185,136248,63
107,29,"InputNamesSorted\n",213,224.645366666667,536.945,136280,136376,96
107,0,blank,0,-350.014625,-104.66135,136690,136863,173
107,0,blank,0,-350.02655,-104.31535,136863,137044,181
107,0,blank,0,-350.01255,-104.657825,137044,137212,168
107,0,blank,0,-350.010166666667,-104.5466,137212,137329,117
107,0,blank,0,-350,-105,137445,137620,175
107,0,blank,0,-350,-105,137620,137647,27
107,0,blank,0,-350,-105,138001,138056,55
107,0,blank,0,-350,-105,138154,138210,56
107,0,blank,0,-350.03538,-104.17534,138483,138665,182
107,0,blank,0,-350.041766666667,-104.064066666667,138665,138818,153
107,0,blank,0,-350.0453,-104.0794,138818,139003,185
107,0,blank,0,-350.0893,-104.065266666667,139003,139157,154
107,0,blank,0,-350,-105,139157,139246,89
107,0,blank,0,151.51234,342.81816,139359,139507,148
107,20,(,155,156.956625,352.151275,139538,139662,124
107,0,blank,0,225.294975,362.736575,139724,139850,126
107,22,strcpy,170,174.705666666667,396.218733333333,139914,140101,187
107,23,strcpy,180,168.401083333333,402.989516666667,140101,140287,186
107,23,strcpy,180,171.7153,401.8736,140287,140319,32
107,0,blank,0,155.6472,404.935583333333,140349,140536,187
107,0,blank,0,157.07586,400.5435,140536,140689,153
107,0,blank,0,156.016216666667,400.654316666667,140720,140908,188
107,0,blank,0,-350,-105,140940,141097,157
107,22,strcpy,170,168.65746,395.23416,141121,141262,141
107,23,(,181,226.85,404.60925,141386,141448,62
107,20,name,161,330.6901,349.2712,141542,141575,33
107,0,blank,0,283.201,353.6851,141792,141835,43
107,0,blank,0,290.1702,320.1382,142004,142046,42
107,23,comma,186,305.13425,416.1676,142391,142465,74
107,23,name,187,253.384,404.8509,142527,142558,31
107,23,name,187,251.92025,403.3856,142589,142652,63
107,22,strcpy,170,202.294333333333,397.172466666667,142716,142903,187
107,22,strcpy,170,203.2649,393.3899,142903,142934,31
107,22,strcpy,170,217.839283333333,384.932233333333,142996,143185,189
107,22,strcpy,170,220.064,389.8799,143185,143216,31
107,0,blank,0,234.1685,400.3759,143278,143309,31
107,23,name,187,238.7998,414.2314,143341,143404,63
107,22,temp,172,270.6105,389.257933333333,143435,143623,188
107,22,temp,172,267.4913,388.9346,143623,143656,33
107,0,blank,0,292.33045,395.791083333333,143719,143911,192
107,23,name,187,242.000633333333,406.929333333333,143973,144159,186
107,23,(,181,231.3972,404.1597,144159,144191,32
107,23,(,181,227.6543,418.85865,144222,144284,62
107,24,name,195,233.3523,426.5064,144315,144348,33
107,23,name,187,246.61325,412.0803,144377,144439,62
107,23,name,187,246.8697,417.1732,144501,144532,31
107,23,comma,186,309.27775,411.70395,144594,144656,62
107,23,comma,186,305.6727,411.2075,144687,144718,31
107,0,blank,0,288.1086,385.3072,144780,144811,31
107,0,blank,0,292.8058,397.2539,144904,144935,31
107,22,strcpy,170,217.690133333333,387.5121,144966,145153,187
107,22,strcpy,170,217.3339,383.0578,145215,145245,30
107,23,strcpy,180,188.9615,417.088633333333,145276,145461,185
107,23,(,181,226.18618,411.32432,145492,145644,152
107,23,name,187,268.3355,411.7777,145705,145797,92
107,23,comma,186,311.3284,407.80055,145828,145890,62
107,24,(,194,227.741783333333,437.531016666667,146045,146230,185
107,24,strcpy,193,223.9521,441.95665,146230,146292,62
107,24,(,194,230.3453,440.1492,146385,146416,31
107,24,name,195,233.7277,431.8842,146447,146602,155
107,24,name,195,244.0519,436.1254,146785,146847,62
107,24,name,195,238.7507,441.7762,146938,146968,30
107,23,comma,186,304.6384,420.8234,147029,147059,30
107,24,],198,294.8145,434.8932,147120,147151,31
107,23,],190,301.5063,421.9387,147181,147211,30
107,24,name,195,244.4209,428.3038,147271,147302,31
107,24,name,195,248.0597,440.4035,147332,147392,60
107,0,blank,0,206.7228,448.8625,147453,147483,30
107,0,blank,0,141.4954,439.4468,147545,147575,30
107,0,blank,0,153.586,439.6195,147666,147697,31
107,29,printf,211,75.4191,534.5578,147727,147758,31
107,29,printf,211,78.50605,550.67045,147820,147880,60
107,29,printf,211,80.2578,535.6263,147911,147942,31
107,30,"------------------------------------------\n",218,120.43815,559.370925,147972,148094,122
107,31,;,230,148.8605,584.4141,148248,148279,31
107,0,blank,0,182.247166666667,620.232333333333,148340,148432,92
107,0,blank,0,132.6591,588.2065,148524,148555,31
107,30,printf,216,60.7812,560.1614,148679,148709,30
107,30,printf,216,63.1769,570.742933333333,148802,148895,93
107,29,printf,211,67.3185,552.5804,148926,148958,32
107,0,blank,0,79.7159,593.8833,149050,149112,62
107,0,blank,0,92.8094,643.4001,149173,149266,93
107,35,printf,251,55.28345,675.2081,149358,149419,61
107,35,"------------------------------------------\n",253,419.45598,671.2961,149543,149702,159
107,0,blank,0,483.171,696.7149,149734,149766,32
107,0,blank,0,628.53715,763.16355,149962,150027,65
107,0,blank,0,633.9911,773.0155,150125,150159,34
107,0,blank,0,-350,-105,150192,150381,189
107,0,blank,0,-350,-105,150381,150556,175
107,0,blank,0,-350,-105,150556,150737,181
107,0,blank,0,-350,-105,150737,150917,180
107,0,blank,0,-350,-105,150917,151096,179
107,0,blank,0,-350,-105,151096,151277,181
107,0,blank,0,-350,-105,151277,151475,198
107,0,blank,0,-350,-105,151475,151641,166
107,0,blank,0,-350,-105,151641,151814,173
107,0,blank,0,-350,-105,151814,151975,161
107,0,blank,0,-350,-105,151975,152163,188
107,0,blank,0,-350,-105,152163,152344,181
107,0,blank,0,-350,-105,152344,152515,171
107,0,blank,0,-350,-105,152515,152683,168
107,0,blank,0,-350,-105,152683,152854,171
107,0,blank,0,-350,-105,152854,153044,190
107,0,blank,0,-350,-105,153044,153222,178
107,0,blank,0,-350,-105,153222,153405,183
107,0,blank,0,-350,-105,153405,153600,195
107,0,blank,0,-350,-105,153600,153782,182
107,0,blank,0,-350,-105,153782,153890,108
107,0,blank,0,674.8845,769.81845,154163,154229,66
107,0,blank,0,676.183,771.999,154330,154364,34
107,0,blank,0,717.544,722.221,154396,154463,67
107,0,blank,0,726.816,713.943833333333,154496,154596,100
107,0,blank,0,719.24,728.381433333333,154663,154765,102
107,0,blank,0,-350,-105,154866,155041,175
107,0,blank,0,-350,-105,155041,155224,183
107,0,blank,0,-350,-105,155224,155414,190
107,0,blank,0,-350,-105,155414,155583,169
107,0,blank,0,-350,-105,155583,155753,170
107,0,blank,0,-350,-105,155753,155925,172
107,0,blank,0,-350,-105,155925,156039,114
107,0,blank,0,-350,-105,156039,156237,198
107,0,blank,0,-350,-105,156237,156417,180
107,0,blank,0,-350,-105,156417,156611,194
107,0,blank,0,-350,-105,156611,156778,167
107,0,blank,0,-350,-105,156778,156958,180
107,0,blank,0,-350,-105,156958,157133,175
107,0,blank,0,-350,-105,157133,157310,177
107,0,blank,0,-350,-105,157310,157486,176
107,0,blank,0,-350,-105,157486,157666,180
107,0,blank,0,-350,-105,157666,157846,180
107,0,blank,0,-350,-105,157846,158030,184
107,0,blank,0,-350,-105,158030,158210,180
107,0,blank,0,-350,-105,158210,158392,182
107,0,blank,0,-350,-105,158392,158572,180
107,0,blank,0,-350,-105,158572,158746,174
107,0,blank,0,-350,-105,158746,158921,175
107,0,blank,0,-350,-105,158921,159104,183
107,0,blank,0,-350,-105,159104,159281,177
107,0,blank,0,-350,-105,159281,159460,179
107,0,blank,0,-350,-105,159460,159640,180
107,0,blank,0,-350,-105,159640,159819,179
107,0,blank,0,-350,-105,159819,159958,139
107,0,blank,0,-350,-105,159958,160148,190
107,0,blank,0,-350,-105,160148,160343,195
107,0,blank,0,-350,-105,160343,160531,188
107,0,blank,0,-350,-105,160531,160718,187
107,0,blank,0,-350,-105,160718,160888,170
107,0,blank,0,-350,-105,160888,161067,179
107,0,blank,0,-350,-105,161067,161244,177
107,0,blank,0,-350,-105,161244,161419,175
107,0,blank,0,-350,-105,161419,161594,175
107,0,blank,0,-350,-105,161594,161729,135
107,0,blank,0,-350,-105,161729,161909,180
107,0,blank,0,-350,-105,161909,162085,176
107,0,blank,0,-350,-105,162085,162261,176
107,0,blank,0,-350,-105,162261,162421,160
107,0,blank,0,-350,-105,162421,162623,202
107,0,blank,0,-350,-105,162623,162830,207
107,0,blank,0,-350,-105,162830,162960,130
107,0,blank,0,-350,-105,162960,163136,176
107,0,blank,0,-350,-105,163136,163306,170
107,0,blank,0,-350,-105,163306,163482,176
