Frameno_fix,lineno_fix,Tokenname_fix,tokens_id,gaze_X_fix,gaze_Y_fix,timestamp_fix_start,timestamp_fix_end,time_duration
100,0,blank,0,-350.044,138.0853,3120,3153,33
100,0,blank,0,44.50805,-105.01375,3219,3358,139
100,0,blank,0,480.1082,-19.8554,3991,4023,32
100,0,blank,0,475.858066666667,-11.4320333333333,4057,4252,195
100,0,blank,0,482.0551,-16.4666,4252,4285,33
100,0,blank,0,378.47075,-39.84265,4513,4577,64
100,0,blank,0,381.468233333333,-45.5324666666667,4611,4711,100
100,0,blank,0,102.3371,-36.9273,4812,4844,32
100,0,blank,0,107.3698,-26.8708,4879,4914,35
100,0,blank,0,116.18605,-42.47245,4983,5051,68
100,0,blank,0,184.4855,-43.4385,5121,5189,68
100,0,blank,0,225.6996,-26.3501,5452,5478,26
100,0,blank,0,232.5165,-29.487,5512,5581,69
100,0,blank,0,296.0955,-33.0876,5802,5878,76
100,0,blank,0,305.6809,-38.15835,5954,6030,76
100,0,blank,0,177.0457,-47.515025,6108,6266,158
100,0,blank,0,178.480333333333,-76.6026333333333,6305,6426,121
100,0,blank,0,170.959,-52.9212,6466,6504,38
100,0,blank,0,323.991575,-30.18335,6580,6742,162
100,0,blank,0,322.1709,-39.84275,6742,6904,162
100,0,blank,0,326.096866666667,-37.1926666666667,6904,7026,122
100,0,blank,0,363.22315,-43.91275,7182,7261,79
100,0,blank,0,360.3403,-47.3301,7300,7338,38
100,0,blank,0,449.8171,-46.3598666666667,7379,7498,119
100,1,program,4,68.85906,14.29328,7614,7806,192
100,1,program,4,80.7715666666667,14.2070333333333,7806,7923,117
100,1,program,4,89.72725,18.196,8001,8079,78
100,0,blank,0,152.0128,1.1815,8118,8194,76
100,29,"InputNamesSorted\n",213,144.389,619.57214,8523,8700,177
100,0,blank,0,59.63915,692.126,8807,8879,72
100,0,blank,0,993.076,507.4665,9022,9135,113
100,0,blank,0,1032.547,543.6316,9282,9318,36
100,0,blank,0,1035.087,612.5969,9427,9463,36
100,0,blank,0,-350,-105,9499,9647,148
100,30,"------------------------------------------\n",218,169.8698,643.3644,10047,10112,65
100,29,"InputNamesSorted\n",213,151.0176,627.1795,10183,10215,32
100,14,tname,108,192.8284,303.7778,10282,10314,32
100,2,stdio,17,106.6254,40.605,10977,11006,29
100,0,blank,0,133.7965,105.256,11209,11241,32
100,0,blank,0,182.63035,113.8257,11344,11414,70
100,6,],53,170.09125,114.98915,11483,11553,70
100,0,blank,0,207.0241,100.23045,11623,11694,71
100,0,blank,0,225.8586,100.6684,11766,11801,35
100,0,blank,0,319.06375,101.6704,11872,11943,71
100,0,blank,0,312.2045,87.740225,12014,12154,140
100,0,blank,0,285.2018,86.1322,12189,12293,104
100,0,blank,0,288.6265,98.7836,12363,12398,35
100,0,blank,0,280.552925,94.232775,12433,12577,144
100,0,blank,0,403.90156,74.8978,12729,12918,189
100,0,blank,0,409.5925,79.28,12918,12954,36
100,0,blank,0,302.1985,90.3158,13026,13062,36
100,0,blank,0,306.841433333333,90.7580333333333,13099,13206,107
100,0,blank,0,-350,-105,13241,13384,143
100,0,blank,0,187.87396,92.09844,13505,13688,183
100,0,blank,0,189.0361,75.6786,13758,13793,35
100,0,blank,0,202.561,84.6682,13828,13867,39
100,0,blank,0,193.1842,83.4524666666667,13938,14045,107
100,0,blank,0,139.6079,80.166,14325,14359,34
100,0,blank,0,151.8001,74.1147,14497,14568,71
100,0,blank,0,-350,-105,14607,14644,37
100,0,blank,0,-350,-105,14761,14946,185
100,0,blank,0,-350,-105,14946,15099,153
100,0,blank,0,-350,-105,15099,15241,142
100,0,blank,0,-350,-105,15241,15435,194
100,0,blank,0,-350,-105,15435,15609,174
100,0,blank,0,-350,-105,15609,15783,174
100,0,blank,0,-350,-105,15783,15976,193
100,0,blank,0,-350,-105,15976,16137,161
100,0,blank,0,-350,-105,16137,16329,192
100,0,blank,0,-350,-105,16329,16490,161
100,0,blank,0,-350,-105,16490,16682,192
100,0,blank,0,-350,-105,16682,16871,189
100,0,blank,0,-350,-105,16871,17055,184
100,0,blank,0,-350,-105,17055,17166,111
100,0,blank,0,301.6943,95.9296,17330,17355,25
100,0,blank,0,324.3284,86.8873,17396,17437,41
100,0,blank,0,328.3879,94.8988,17476,17556,80
100,0,blank,0,124.6464,95.591175,17626,17789,163
100,0,blank,0,129.3402,96.9774,17789,17831,42
100,6,[,51,142.2797,121.552633333333,17969,18115,146
100,0,blank,0,-350,-105,18156,18285,129
100,7,j,58,120.23885,136.3054,18341,18421,80
100,0,blank,0,208.0914,142.0757,18585,18628,43
100,0,blank,0,213.175933333333,143.510266666667,18705,18823,118
100,8,"Enterthevalueofn\n",64,269.058333333333,158.292366666667,18913,19038,125
100,0,blank,0,-350,-105,19239,19281,42
100,0,blank,0,116.3573,156.563833333333,19440,19549,109
100,7,int,55,67.7544,148.78,19875,20073,198
100,7,int,55,73.33155,147.3114,20073,20151,78
100,6,name,34,107.9916,115.0574,20229,20271,42
100,0,blank,0,104.29855,107.76835,20594,20673,79
100,0,blank,0,212.13366,116.53504,20710,20903,193
100,0,blank,0,299.2182,110.10795,20980,21130,150
100,6,10,44,303.0944,116.8707,21168,21206,38
100,0,blank,0,128.8634,69.6574,21282,21321,39
100,0,blank,0,102.1862,93.8324,21508,21547,39
100,0,blank,0,113.77715,105.23615,21586,21663,77
100,6,name,34,123.5728,128.9859,21702,21739,37
100,6,[,51,180.7866,121.5515,21778,21817,39
100,3,string,24,127.6295,64.7862,21930,22084,154
100,3,string,24,146.83158,55.9215,22123,22322,199
100,0,blank,0,263.0091,51.6315,22397,22436,39
100,0,blank,0,380.6272,52.579325,22629,22789,160
100,0,blank,0,369.8195,66.1379,22789,22831,42
100,0,blank,0,107.97786,84.74548,22908,23103,195
100,0,blank,0,103.7269,82.1998,23103,23183,80
100,0,blank,0,134.55,91.7994,23304,23340,36
100,0,blank,0,104.67585,154.22065,23498,23663,165
100,0,blank,0,-350,-105,24072,24138,66
100,8,"Enterthevalueofn\n",64,167.32625,161.527075,24332,24476,144
100,8,"Enterthevalueofn\n",64,195.14515,158.0898,24557,24709,152
100,0,blank,0,135.301,135.5056,25422,25457,35
100,7,comma,59,96.5868,153.1121,25837,25874,37
100,7,int,55,72.2521,151.4976,25912,25948,36
100,9,"%d",69,120.8767,188.79275,26026,26102,76
100,9,"%d",69,122.305875,184.487575,26138,26294,156
100,8,"Enterthevalueofn\n",64,115.591,159.8284,26376,26420,44
100,0,blank,0,123.6926,151.0772,26459,26497,38
100,0,blank,0,183.641633333333,113.457133333333,26570,26669,99
100,8,"Enterthevalueofn\n",64,149.088166666667,158.767366666667,26776,26883,107
100,8,"Enterthevalueofn\n",64,206.1985,160.5963,27053,27079,26
100,0,blank,0,-350,-105,27146,27331,185
100,0,blank,0,-350,-105,27331,27509,178
100,0,blank,0,-350,-105,27509,27685,176
100,0,blank,0,-350,-105,27685,27854,169
100,0,blank,0,-350,-105,27854,27964,110
100,0,blank,0,-350,-105,27964,28102,138
100,0,blank,0,-350,-105,28102,28230,128
100,0,blank,0,-350,-105,28230,28475,245
100,0,blank,0,-350,-105,28475,28650,175
100,0,blank,0,-350,-105,28650,28747,97
100,0,blank,0,-350,-105,28747,28942,195
100,0,blank,0,-350,-105,28942,29142,200
100,0,blank,0,-350,-105,29142,29338,196
100,0,blank,0,-350,-105,29338,29756,418
100,0,blank,0,-350,-105,29756,29931,175
100,0,blank,0,-350,-105,29931,29991,60
100,0,blank,0,-350,-105,29991,30143,152
100,0,blank,0,-350,-105,30143,30297,154
100,0,blank,0,-350,-105,30297,30438,141
100,0,blank,0,-350,-105,30438,30633,195
100,0,blank,0,-350,-105,30633,30801,168
100,0,blank,0,-350,-105,30801,30969,168
100,0,blank,0,-350,-105,30969,31121,152
100,0,blank,0,-350,-105,31121,31272,151
100,0,blank,0,-350,-105,31272,31474,202
100,0,blank,0,-350,-105,31474,31508,34
100,0,blank,0,-350,-105,31508,31817,309
100,0,blank,0,-350,-105,31817,32264,447
100,0,blank,0,-350,-105,32264,32435,171
100,0,blank,0,-350,-105,32435,32560,125
100,0,blank,0,-350,-105,32560,32646,86
100,0,blank,0,-350,-105,32646,32793,147
100,0,blank,0,-350,-105,32793,32919,126
100,0,blank,0,-350,-105,32919,33116,197
100,0,blank,0,-350,-105,33116,33300,184
100,0,blank,0,-350,-105,33300,33488,188
100,0,blank,0,-350,-105,33488,33591,103
100,0,blank,0,-350,-105,33591,33697,106
100,0,blank,0,-350,-105,33697,33865,168
100,0,blank,0,-350,-105,33865,34020,155
100,0,blank,0,-350,-105,34020,34186,166
100,0,blank,0,-350,-105,34186,34358,172
100,0,blank,0,-350,-105,34358,34530,172
100,0,blank,0,-350,-105,34530,34607,77
100,0,blank,0,-350,-105,34607,34845,238
100,0,blank,0,-350,-105,34845,34975,130
100,0,blank,0,-350,-105,34975,35308,333
100,0,blank,0,-350,-105,35308,35489,181
100,0,blank,0,-350,-105,35489,35537,48
100,0,blank,0,-350,-105,35537,35755,218
100,0,blank,0,-350,-105,35755,35932,177
100,0,blank,0,-350,-105,35932,36130,198
100,0,blank,0,-350,-105,36130,36327,197
100,0,blank,0,-350,-105,36327,36416,89
100,0,blank,0,-350,-105,36416,36600,184
100,0,blank,0,-350,-105,36600,36787,187
100,0,blank,0,-350,-105,36787,36960,173
100,0,blank,0,-350,-105,36960,37097,137
100,0,blank,0,-350,-105,37097,37257,160
100,0,blank,0,-350,-105,37257,37362,105
100,0,blank,0,-350,-105,37362,37551,189
100,0,blank,0,-350,-105,37551,38069,518
100,0,blank,0,-350,-105,38069,38430,361
100,0,blank,0,-350,-105,38430,38599,169
100,0,blank,0,-350,-105,38599,38773,174
100,0,blank,0,-350,-105,38773,38931,158
100,0,blank,0,-350,-105,38931,39129,198
100,0,blank,0,-350,-105,39129,39306,177
100,0,blank,0,-350,-105,39306,39495,189
100,0,blank,0,-350,-105,39495,39665,170
100,0,blank,0,-350,-105,39665,39849,184
100,0,blank,0,-350,-105,39849,40022,173
100,0,blank,0,-350,-105,40022,40168,146
100,0,blank,0,-350,-105,40168,40287,119
100,0,blank,0,-350,-105,40287,40455,168
100,0,blank,0,-350,-105,40455,40609,154
100,0,blank,0,-350,-105,40609,40749,140
100,0,blank,0,-350,-105,40749,40925,176
100,0,blank,0,-350,-105,40925,41099,174
100,0,blank,0,-350,-105,41099,41244,145
100,0,blank,0,-350,-105,41244,41429,185
100,0,blank,0,-350,-105,41429,41610,181
100,0,blank,0,-350,-105,41610,41777,167
100,0,blank,0,-350,-105,41777,41948,171
100,0,blank,0,-350,-105,41948,42133,185
100,0,blank,0,-350,-105,42133,42324,191
100,0,blank,0,-350,-105,42324,42501,177
100,0,blank,0,-350,-105,42501,42639,138
100,0,blank,0,-350,-105,42639,42794,155
100,0,blank,0,-350,-105,42794,43043,249
100,0,blank,0,-350,-105,43043,43402,359
100,0,blank,0,-350,-105,43402,43579,177
100,6,name,34,123.5664,114.58,43807,43852,45
100,6,10,44,146.4307,120.3219,44037,44114,77
100,0,blank,0,340.0277,106.9708,44527,44583,56
100,0,blank,0,165.2231,103.80695,44829,44895,66
100,0,blank,0,131.5083,92.4422,44959,44991,32
100,0,blank,0,139.3038,89.2343,45057,45088,31
100,0,blank,0,131.1279,83.0098,45152,45184,32
100,0,blank,0,134.6477,93.1474,45249,45280,31
100,0,blank,0,183.621,92.0667,45313,45344,31
100,0,blank,0,176.5388,80.147,45376,45409,33
100,6,name,34,125.692,117.1623,45505,45537,32
100,6,name,34,133.02665,125.4923,45568,45633,65
100,0,blank,0,130.6992,113.11055,45696,45760,64
100,0,blank,0,182.1117,107.3338,45922,45953,31
100,6,10,44,301.052166666667,117.4424,46017,46112,95
100,0,blank,0,-350,-105,46207,46240,33
100,0,blank,0,378.652133333333,110.76,46405,46503,98
100,0,blank,0,389.66355,100.1229,46533,46595,62
100,6,temp,50,390.3487,114.535966666667,46627,46723,96
100,0,blank,0,215.2016,112.0261,46786,46818,32
100,0,blank,0,-350,-105,46882,46964,82
100,0,blank,0,114.1135,81.3909,46989,47015,26
100,6,name,34,124.5822,120.5059,47218,47250,32
100,6,name,34,109.3846,119.8529,47377,47409,32
100,0,blank,0,217.511666666667,143.9971,47505,47600,95
100,0,blank,0,214.66155,136.403466666667,47633,47826,193
100,8,"Enterthevalueofn\n",64,184.9051,172.41535,47890,47954,64
100,0,blank,0,288.536,148.741733333333,48176,48272,96
100,8,"Enterthevalueofn\n",64,307.2016,165.598,48400,48431,31
100,0,blank,0,361.7227,154.5064,48467,48498,31
100,8,"Enterthevalueofn\n",64,358.24095,159.42795,48529,48593,64
100,7,;,61,157.661933333333,150.7905,48690,48784,94
100,7,comma,59,125.588733333333,151.274366666667,48849,48942,93
100,0,blank,0,-350,-105,49007,49035,28
100,8,"Enterthevalueofn\n",64,255.769716666667,161.5108,49161,49344,183
100,8,"Enterthevalueofn\n",64,255.976866666667,160.4357,49410,49506,96
100,0,blank,0,-350,-105,49537,49645,108
100,8,"Enterthevalueofn\n",64,229.2497,162.9962,49681,49731,50
100,8,"Enterthevalueofn\n",64,228.3141,163.3049,49798,49824,26
100,8,"Enterthevalueofn\n",64,217.45875,159.9425,49856,49919,63
100,0,blank,0,250.8247,151.0472,49982,50014,32
100,0,blank,0,257.5513,150.9048,50140,50171,31
100,8,"Enterthevalueofn\n",64,290.488,157.9674,50268,50330,62
100,8,"Enterthevalueofn\n",64,296.0233,166.3696,50490,50522,32
100,8,"Enterthevalueofn\n",64,348.2256,162.5435,50585,50617,32
100,8,"Enterthevalueofn\n",64,356.2881,165.008,50680,50712,32
100,8,"Enterthevalueofn\n",64,342.15195,160.9171,50776,50841,65
100,0,blank,0,372.2575,162.3826,50938,50970,32
100,8,"Enterthevalueofn\n",64,162.20255,162.1609,51065,51129,64
100,7,n,60,145.8271,146.881,51192,51225,33
100,7,comma,59,127.7415,153.69,51289,51321,32
100,7,j,58,121.22305,153.227,51353,51416,63
100,7,j,58,120.30115,150.5953,51479,51542,63
100,8,"Enterthevalueofn\n",64,200.60225,158.23445,51606,51670,64
100,0,blank,0,-350,-105,51769,51883,114
100,10,"Enter%dnames",77,232.4055,206.1241,51960,51992,32
100,0,blank,0,-350,-105,52422,52614,192
100,0,blank,0,-350,-105,52614,52791,177
100,0,blank,0,-350,-105,52791,52963,172
100,0,blank,0,-350,-105,52963,53146,183
100,0,blank,0,-350,-105,53146,53329,183
100,0,blank,0,-350,-105,53329,53489,160
100,0,blank,0,-350,-105,53489,53659,170
100,0,blank,0,-350,-105,53659,53827,168
100,0,blank,0,-350,-105,53827,54008,181
100,10,comma,78,288.2213,201.1273,54971,55005,34
100,10,"Enter%dnames",77,180.5776,217.279,55108,55141,33
100,10,),80,318.0385,201.9239,55787,55822,35
100,0,blank,0,-350,-105,55865,55899,34
100,8,),65,370.8472,158.1367,56036,56068,32
100,0,blank,0,367.78,179.2974,56211,56246,35
100,9,),73,187.6304,185.9807,56458,56493,35
100,9,),73,185.416366666667,190.546833333333,56528,56628,100
100,8,"Enterthevalueofn\n",64,178.5478,172.7861,56661,56694,33
100,0,blank,0,237.813,195.094275,56818,56942,124
100,8,"Enterthevalueofn\n",64,185.74745,166.54865,57177,57246,69
100,8,"Enterthevalueofn\n",64,162.7514,175.9297,57346,57380,34
100,8,"Enterthevalueofn\n",64,164.0899,176.7107,57446,57479,33
100,0,blank,0,206.1226,183.6772,57722,57790,68
100,0,blank,0,301.1753,181.7269,57955,57989,34
100,0,blank,0,317.4843,198.1671,58156,58192,36
100,8,"Enterthevalueofn\n",64,252.738975,177.95965,58258,58389,131
100,0,blank,0,222.387633333333,191.529666666667,58552,58650,98
100,0,blank,0,295.4946,201.5977,59121,59154,33
100,0,blank,0,289.813,194.0161,59281,59312,31
100,0,blank,0,-350,-105,59377,59538,161
100,8,"Enterthevalueofn\n",64,175.9508,169.69085,59564,59616,52
100,8,"Enterthevalueofn\n",64,164.665,163.1249,59680,59713,33
100,9,comma,70,144.13245,188.61825,59812,59881,69
100,10,"Enter%dnames",77,189.7368,204.3528,60016,60046,30
100,10,"Enter%dnames",77,212.8733,209.054,60079,60112,33
100,0,blank,0,211.3867,195.3114,60178,60212,34
100,0,blank,0,246.8696,185.831,60307,60339,32
100,0,blank,0,268.1215,198.21,60575,60609,34
100,0,blank,0,303.72195,195.67765,60677,60745,68
100,11,<,89,189.97578,238.31564,60848,61017,169
100,11,<,89,187.7999,236.1739,61017,61086,69
100,0,blank,0,307.6683,243.4357,61496,61529,33
100,0,blank,0,347.2194,276.0216,61667,61701,34
100,13,name,100,232.0543,276.5201,61872,61905,33
100,0,blank,0,239.7572,262.1437,61938,61971,33
100,0,blank,0,224.1058,249.7962,62102,62135,33
100,0,blank,0,204.58975,190.5948,62468,62533,65
100,10,"Enter%dnames",77,197.2717,212.6627,62566,62600,34
100,9,),73,186.746,183.9589,62863,62896,33
100,9,n,72,183.4055,193.5066,62996,63027,31
100,11,++,93,256.5441,234.8787,63292,63325,33
100,0,blank,0,270.42555,250.45025,63357,63423,66
100,0,blank,0,310.1138,243.6996,63519,63552,33
100,0,blank,0,307.28195,257.3101,63619,63682,63
100,0,blank,0,243.8124,191.4359,63814,63882,68
100,0,blank,0,267.0382,181.798,64014,64048,34
100,9,;,74,197.8631,179.4327,64179,64212,33
100,0,blank,0,174.404,156.5432,64340,64374,34
100,0,blank,0,186.1772,148.0496,64630,64706,76
100,0,blank,0,191.48605,134.23985,65052,65116,64
100,6,],53,169.118,116.7136,65148,65180,32
100,0,blank,0,176.1025,89.0616,65213,65245,32
100,0,blank,0,201.224666666667,79.5172,65310,65409,99
100,0,blank,0,205.1253,86.9369,65476,65543,67
100,3,>,27,188.5931,66.15635,65772,65842,70
100,0,blank,0,277.0255,238.3715,66016,66159,143
100,0,blank,0,309.7061,269.8777,66231,66268,37
100,0,blank,0,196.8793,267.2241,66437,66474,37
100,14,tname,108,199.5155,291.956466666667,66509,66611,102
100,13,i,102,263.4236,277.0363,66859,66896,37
100,0,blank,0,-350,-105,66967,67117,150
100,0,blank,0,-350,-105,67117,67525,408
100,0,blank,0,-350,-105,67525,67602,77
100,0,blank,0,-350,-105,67710,67890,180
100,0,blank,0,-350,-105,67890,68072,182
100,0,blank,0,-350,-105,68072,68260,188
100,0,blank,0,-350,-105,68260,68330,70
100,0,blank,0,253.67025,255.990983333333,68460,68659,199
100,0,blank,0,261.4935,249.6302,68659,68692,33
100,13,i,102,256.8415,277.3757,68792,68825,33
100,0,blank,0,-350,-105,68925,68982,57
100,0,blank,0,243.4705,248.3269,69106,69131,25
100,0,blank,0,282.5846,244.0031,69225,69291,66
100,0,blank,0,279.5548,254.2335,69389,69422,33
100,6,],53,200.6548,121.5082,69487,69520,33
100,6,8,52,190.6362,123.2368,69552,69586,34
100,6,],53,195.228,127.5822,69651,69683,32
100,0,blank,0,174.5586,112.6903,69748,69915,167
100,0,blank,0,159.134,78.0617,70115,70140,25
100,0,blank,0,164.23845,69.8471,70207,70275,68
100,0,blank,0,163.7062,70.45415,70342,70411,69
100,3,.,25,168.295233333333,63.3975666666667,70445,70550,105
100,13,name,100,232.6379,283.6999,70620,70654,34
100,0,blank,0,228.86345,254.45365,70688,70757,69
100,11,n,90,208.3757,236.4138,70896,70930,34
100,11,),94,271.5579,228.3994,70997,71033,36
100,0,blank,0,274.80252,233.1159,71102,71276,174
100,0,blank,0,151.8382,83.5918,71312,71347,35
100,0,blank,0,159.3581,96.8987333333333,71383,71487,104
100,0,blank,0,153.562,90.2931,71521,71555,34
100,0,blank,0,201.93772,85.5302,71587,71755,168
100,0,blank,0,197.1729,88.1138,71789,71824,35
100,0,blank,0,-350,-105,71859,72038,179
100,0,blank,0,-350,-105,72038,72205,167
100,0,blank,0,-350,-105,72205,72500,295
100,0,blank,0,-350,-105,72500,72692,192
100,0,blank,0,-350,-105,72692,72801,109
100,0,blank,0,169.212,44.9506,73674,73707,33
100,0,blank,0,-350,-105,73922,74107,185
100,0,blank,0,191.385175,43.506025,74143,74331,188
100,3,.,25,167.64045,60.5427,74541,74611,70
100,3,.,25,170.40785,55.87305,74644,74714,70
100,0,blank,0,-350,-105,74852,75042,190
100,0,blank,0,-350,-105,75042,75237,195
100,0,blank,0,-350,-105,75237,75295,58
100,3,string,24,127.2427,67.0038,75355,75377,22
100,2,>,20,180.1362,34.2413,75467,75518,51
100,2,h,19,171.3323,34.5453,75593,75632,39
100,0,blank,0,175.4884,42.1017,75670,75710,40
100,0,blank,0,194.9174,52.7092,75783,75821,38
100,3,string,24,161.5665,57.8198,75858,75896,38
100,2,stdio,17,144.96245,40.0625,76299,76370,71
100,0,blank,0,-350,-105,76438,76626,188
100,0,blank,0,-350,-105,76626,76750,124
100,0,blank,0,-350,-105,76750,76917,167
100,0,blank,0,-350,-105,77102,77300,198
100,0,blank,0,-350,-105,77300,77467,167
100,0,blank,0,-350,-105,77467,77644,177
100,0,blank,0,-350,-105,77644,77814,170
100,0,blank,0,-350,-105,77814,78076,262
100,0,blank,0,-350,-105,78076,78105,29
100,0,blank,0,-350,-105,78105,78307,202
100,0,blank,0,-350,-105,78307,78504,197
100,0,blank,0,-350,-105,78504,78624,120
100,0,blank,0,230.8306,187.6752,79081,79107,26
100,8,"Enterthevalueofn\n",64,232.9044,177.93895,79170,79369,199
100,0,blank,0,220.159433333333,148.3064,79468,79565,97
100,0,blank,0,214.0206,148.8371,79597,79661,64
100,0,blank,0,218.9656,94.5304,79694,79727,33
100,0,blank,0,178.542,110.6336,79827,79862,35
100,0,blank,0,174.3015,121.6282,79927,79960,33
100,6,[,51,176.72825,117.613225,80060,80194,134
100,0,blank,0,371.3714,86.4943,80263,80331,68
100,0,blank,0,433.8916,83.9748166666667,80490,80688,198
100,0,blank,0,422.68605,64.84915,80688,80755,67
100,2,stdio,17,145.2822,34.5349,80924,80957,33
100,2,h,19,164.659833333333,35.2487666666667,80992,81092,100
100,0,blank,0,218.8451,86.7755,81261,81295,34
100,0,blank,0,204.7747,64.471,81330,81363,33
100,8,"Enterthevalueofn\n",64,226.9295,176.486033333333,81461,81561,100
100,0,blank,0,186.4499,155.2179,81799,81832,33
100,0,blank,0,147.552,87.7901,81901,81935,34
100,0,blank,0,157.45242,99.65052,82003,82172,169
100,0,blank,0,149.1168,103.6078,82172,82239,67
100,9,n,72,179.5635,193.63765,82373,82439,66
100,9,&,71,168.1472,179.2252,82564,82597,33
100,11,n,90,212.5757,242.4103,82731,82765,34
100,0,blank,0,197.1295,251.6827,82832,82865,33
100,0,blank,0,-350,-105,83132,83252,120
100,11,<,89,183.4279,232.7723,83367,83402,35
100,9,),73,187.5627,199.9278,83502,83536,34
100,0,blank,0,236.274866666667,198.629066666667,83734,83832,98
100,0,blank,0,256.278025,200.3171,83864,83993,129
100,0,blank,0,158.8254,194.5325,84089,84122,33
100,10,"Enter%dnames",77,164.7838,219.4528,84185,84217,32
100,0,blank,0,-350,-105,84249,84356,107
100,0,blank,0,263.1243,244.5512,84382,84408,26
100,0,blank,0,289.2145,229.4527,84626,84651,25
100,9,;,74,199.2388,186.7038,85199,85243,44
100,0,blank,0,247.26685,181.6766,85280,85347,67
100,9,),73,184.52475,180.0126,85448,85579,131
100,14,tname,108,194.1416,294.3846,85805,85835,30
100,0,blank,0,188.5204,260.4693,85995,86028,33
100,13,i,102,259.6975,269.191,86126,86159,33
100,0,blank,0,263.86,248.6128,86192,86225,33
100,0,blank,0,266.9776,261.2102,86257,86325,68
100,0,blank,0,340.042166666667,260.830066666667,86557,86656,99
100,0,blank,0,234.4807,321.7617,87043,87077,34
100,16,;,131,271.50275,348.3717,87144,87209,65
100,0,blank,0,270.6469,375.3625,87242,87275,33
100,0,blank,0,254.0856,401.6439,87375,87408,33
100,0,blank,0,235.8883,401.16925,87474,87540,66
100,23,name,187,261.5176,507.5197,87640,87672,32
100,23,name,187,247.4227,499.8661,87738,87804,66
100,22,temp,172,251.895,473.7795,87829,87861,32
100,0,blank,0,207.02905,48.48685,87993,88060,67
100,0,blank,0,193.4552,-12.149,88126,88159,33
100,0,blank,0,252.992733333333,-49.3198,88257,88355,98
100,0,blank,0,355.5225,-33.9957,88610,88643,33
100,0,blank,0,432.9567,-54.54,88744,88811,67
100,0,blank,0,132.037425,-46.6986,88879,89015,136
100,0,blank,0,229.0956,-39.1996,89186,89220,34
100,0,blank,0,225.962,-17.5032,89288,89322,34
100,0,blank,0,-350,-105,89391,89482,91
100,28,"\n----------------------------------------\n",208,242.8744,597.2437,90434,90466,32
100,28,"\n----------------------------------------\n",208,241.9784,599.0545,90531,90596,65
100,28,"\n----------------------------------------\n",208,348.2851,601.2036,90696,90728,32
100,0,blank,0,344.04245,595.3473,90761,90826,65
100,0,blank,0,563.741,570.7216,90892,90924,32
100,0,blank,0,576.5231,584.041,90991,91023,32
100,0,blank,0,573.0439,581.3268,91056,91091,35
100,0,blank,0,178.7405,585.4379,91156,91190,34
100,0,blank,0,172.3029,569.1358,91288,91321,33
100,0,blank,0,145.48975,594.14455,91515,91581,66
100,0,blank,0,170.5022,593.97105,91744,91810,66
100,28,"\n----------------------------------------\n",208,148.0729,610.0349,91874,91908,34
100,29,"InputNamesSorted\n",213,143.489233333333,622.890233333333,91940,92038,98
100,29,"InputNamesSorted\n",213,159.1684,622.6005,92071,92104,33
100,30,"------------------------------------------\n",218,167.5505,643.3443,92170,92203,33
100,30,"------------------------------------------\n",218,176.74805,644.914,92268,92335,67
100,30,"------------------------------------------\n",218,157.6897,655.3305,92500,92532,32
100,0,blank,0,267.3193,697.2228,92859,92891,32
100,0,blank,0,260.4026,684.9067,92956,92988,32
100,0,blank,0,-350,-105,93218,93301,83
100,16,++,133,303.7415,343.7801,93327,93353,26
100,16,i,132,286.7295,340.6773,93443,93474,31
100,10,"Enter%dnames",77,202.3944,205.7783,93606,93639,33
100,9,;,74,194.3989,191.7312,93704,93738,34
100,9,;,74,200.2588,187.542,93839,93872,33
100,0,blank,0,-350,-105,93940,94129,189
100,0,blank,0,-350,-105,94129,94325,196
100,0,blank,0,-350,-105,94325,94520,195
100,0,blank,0,-350,-105,94520,94715,195
100,0,blank,0,-350,-105,94715,94874,159
100,0,blank,0,-350,-105,94874,95071,197
100,0,blank,0,-350,-105,95071,95246,175
100,0,blank,0,-350,-105,95246,95362,116
100,0,blank,0,-350,-105,95362,95582,220
100,0,blank,0,-350,-105,95582,95715,133
100,0,blank,0,-350,-105,95715,95914,199
100,0,blank,0,-350,-105,95914,96017,103
100,0,blank,0,-350,-105,96017,96383,366
100,0,blank,0,-350,-105,96383,96479,96
100,3,.,25,170.0648,52.8384,96510,96535,25
100,0,blank,0,147.5968,99.8088,96642,96677,35
100,6,10,44,149.56915,121.04215,96713,96785,72
100,0,blank,0,173.133575,134.90075,96857,96999,142
100,9,),73,185.8755,192.0311,97142,97179,37
100,9,),73,188.6139,179.2999,97250,97287,37
100,0,blank,0,-350,-105,97360,97422,62
100,8,"Enterthevalueofn\n",64,213.7202,170.9251,97589,97614,25
100,0,blank,0,249.34014,183.47334,97653,97843,190
100,0,blank,0,169.4616,200.66275,97955,98031,76
100,9,"%d",69,122.996633333333,194.497566666667,98182,98296,114
100,0,blank,0,214.99822,189.1231,98371,98561,190
100,0,blank,0,244.65816,184.17138,98598,98787,189
100,9,&,71,174.26442,188.4973,98825,99013,188
100,9,n,72,177.076966666667,186.116866666667,99013,99126,113
100,0,blank,0,259.4641,342.7924,99286,99312,26
100,9,n,72,180.3892,188.9521,99341,99377,36
100,9,n,72,179.290825,185.77455,99451,99602,151
100,11,;,91,220.612025,240.36925,99640,99788,148
100,0,blank,0,277.92195,239.72365,99825,99899,74
100,0,blank,0,280.908133333333,247.433466666667,99935,100047,112
100,11,n,90,206.1368,229.33412,100157,100339,182
100,11,n,90,208.5367,235.6045,100376,100448,72
100,0,blank,0,189.7338,256.22735,100485,100556,71
100,0,blank,0,178.34912,249.94164,100594,100777,183
100,0,blank,0,181.3014,253.952675,100777,100923,146
100,11,i,92,239.257825,243.9796,100960,101104,144
100,0,blank,0,294.2318,243.893166666667,101177,101286,109
100,0,blank,0,-350,-105,101358,101420,62
100,0,blank,0,290.6879,228.976,101459,101518,59
100,0,blank,0,294.50732,239.5288,101594,101767,173
100,0,blank,0,293.6124,245.18566,101767,101947,180
100,0,blank,0,291.8001,239.42465,101947,102018,71
100,0,blank,0,302.677566666667,238.722366666667,102055,102162,107
100,0,blank,0,307.7909,244.539633333333,102198,102304,106
100,0,blank,0,276.9836,231.64,102338,102374,36
100,0,blank,0,282.206133333333,240.7342,102409,102516,107
100,0,blank,0,306.69074,233.1164,102552,102736,184
100,0,blank,0,301.80272,230.72212,102736,102918,182
100,0,blank,0,303.0361,229.9482,102918,102955,37
100,0,blank,0,306.145933333333,231.667033333333,103028,103138,110
100,0,blank,0,-350,-105,103291,103467,176
100,0,blank,0,-350,-105,103467,103630,163
100,0,blank,0,-350,-105,103630,103814,184
100,0,blank,0,-350,-105,103814,104010,196
100,0,blank,0,-350,-105,104010,104202,192
100,0,blank,0,-350,-105,104202,104361,159
100,0,blank,0,-350,-105,104361,104546,185
100,0,blank,0,-350,-105,104546,104748,202
100,0,blank,0,-350,-105,104748,104952,204
100,0,blank,0,-350,-105,104952,105107,155
100,0,blank,0,-350,-105,105107,105420,313
100,0,blank,0,-350,-105,105420,105597,177
100,0,blank,0,-350,-105,105597,105679,82
100,0,blank,0,-350,-105,105679,105920,241
100,0,blank,0,-350,-105,105920,105955,35
100,0,blank,0,-350,-105,105955,106122,167
100,0,blank,0,-350,-105,106122,106308,186
100,0,blank,0,-350,-105,106308,106469,161
100,0,blank,0,-350,-105,106469,106590,121
100,0,blank,0,-350,-105,106590,106773,183
100,0,blank,0,-350,-105,106773,106937,164
100,0,blank,0,-350,-105,106937,107104,167
100,0,blank,0,-350,-105,107104,107262,158
100,0,blank,0,-350,-105,107262,107453,191
100,0,blank,0,-350,-105,107453,107648,195
100,0,blank,0,-350,-105,107648,107755,107
100,0,blank,0,-350,-105,107755,107960,205
100,11,i,92,167.1096,243.8883,108511,108557,46
100,0,blank,0,182.5057,249.3958,108982,109009,27
100,0,blank,0,-350,-105,109108,109165,57
100,0,blank,0,217.024975,246.6611,109244,109375,131
100,0,blank,0,271.6634,246.0027,109407,109573,166
100,0,blank,0,224.5115,236.499,109605,109670,65
100,0,blank,0,230.826366666667,255.8603,109703,109801,98
100,0,blank,0,221.8192,245.6415,109865,109931,66
100,11,++,93,257.6514,227.1097,109965,109996,31
100,0,blank,0,223.314366666667,240.4753,110158,110255,97
100,11,++,93,251.0316,230.4571,110418,110450,32
100,11,),94,269.39975,235.9332,110615,110681,66
100,0,blank,0,-350,-105,110714,110798,84
100,0,blank,0,229.8193,248.4807,110824,110856,32
100,0,blank,0,230.891,235.437866666667,110926,111016,90
100,0,blank,0,331.5981,250.5268,111115,111141,26
100,0,blank,0,319.384,256.9608,111272,111305,33
100,0,blank,0,315.0315,243.8776,111370,111436,66
100,0,blank,0,350.3839,254.89755,111502,111567,65
100,0,blank,0,352.7416,258.859733333333,111633,111730,97
100,0,blank,0,323.7732,271.1949,111827,111860,33
100,0,blank,0,290.5421,228.8696,111893,111928,35
100,0,blank,0,312.1958,253.1066,111958,112024,66
100,0,blank,0,291.9521,226.6198,112056,112089,33
100,0,blank,0,298.7184,231.1288,112121,112155,34
100,0,blank,0,181.368333333333,255.5915,112186,112283,97
100,13,"%s",98,181.7236,277.4795,112315,112346,31
100,0,blank,0,-350,-105,112379,112463,84
100,0,blank,0,348.0084,240.81,112731,112763,32
100,0,blank,0,340.9633,245.4812,112827,112859,32
100,0,blank,0,178.7787,260.7638,113079,113110,31
100,0,blank,0,168.9652,246.5477,113307,113404,97
100,0,blank,0,-350,-105,113470,113580,110
100,0,blank,0,186.617266666667,248.3611,113736,113834,98
100,0,blank,0,189.0863,256.9972,113901,113933,32
100,0,blank,0,168.5612,251.709233333333,114031,114130,99
100,13,"%s",98,176.4532,275.071,114163,114197,34
100,11,i,92,168.7144,242.9986,114229,114261,32
100,13,"%s",98,167.5995,273.4455,114293,114325,32
100,0,blank,0,181.9763,262.89595,114456,114521,65
100,0,blank,0,204.4438,259.8648,114587,114619,32
100,0,blank,0,257.2205,244.3588,114749,114814,65
100,0,blank,0,345.4428,271.2504,114910,114942,32
100,0,blank,0,346.49366,256.87754,115006,115167,161
100,0,blank,0,226.57906,239.85958,115231,115395,164
100,11,;,91,220.3747,234.1622,115427,115459,32
100,0,blank,0,223.0939,246.0751,115492,115525,33
100,0,blank,0,-350,-105,115591,115768,177
100,0,blank,0,-350,-105,115768,115941,173
100,0,blank,0,-350,-105,115941,116129,188
100,0,blank,0,-350,-105,116129,116302,173
100,0,blank,0,-350,-105,116302,116481,179
100,0,blank,0,-350,-105,116481,116665,184
100,0,blank,0,-350,-105,116665,116851,186
100,0,blank,0,-350,-105,116851,117037,186
100,0,blank,0,-350,-105,117037,117166,129
100,0,blank,0,-350,-105,117166,117247,81
100,0,blank,0,-350,-105,117247,117447,200
100,0,blank,0,-350,-105,117447,117646,199
100,0,blank,0,-350,-105,117646,117793,147
100,0,blank,0,-350,-105,117793,117960,167
100,0,blank,0,-350,-105,117960,118026,66
100,0,blank,0,-350,-105,118026,118217,191
100,0,blank,0,-350,-105,118217,118338,121
100,0,blank,0,-350,-105,118338,118537,199
100,0,blank,0,-350,-105,118537,118665,128
100,0,blank,0,-350,-105,118665,118848,183
100,0,blank,0,-350,-105,118848,119016,168
100,0,blank,0,-350,-105,119016,119155,139
100,0,blank,0,-350,-105,119155,119271,116
100,0,blank,0,-350,-105,119271,119399,128
100,0,blank,0,-350,-105,119399,119588,189
100,0,blank,0,-350,-105,119588,119772,184
100,0,blank,0,-350,-105,119772,119944,172
100,0,blank,0,-350,-105,119944,120128,184
100,0,blank,0,-350,-105,120128,120269,141
100,0,blank,0,-350,-105,120269,120448,179
100,0,blank,0,-350,-105,120448,120634,186
100,0,blank,0,-350,-105,120634,120824,190
100,0,blank,0,-350,-105,120824,120970,146
100,0,blank,0,-350,-105,120970,121157,187
100,0,blank,0,-350,-105,121157,121345,188
100,0,blank,0,-350,-105,121345,121534,189
100,0,blank,0,-350,-105,121534,121694,160
100,0,blank,0,-350,-105,121694,121882,188
100,0,blank,0,-350,-105,121882,121980,98
100,0,blank,0,-350,-105,121980,122165,185
100,0,blank,0,-350,-105,122165,122362,197
100,0,blank,0,-350,-105,122362,122531,169
100,0,blank,0,-350,-105,122531,122763,232
100,0,blank,0,-350,-105,122763,122888,125
100,0,blank,0,233.0952,249.0609,123397,123444,47
100,0,blank,0,-350,-105,123493,123674,181
100,0,blank,0,-350,-105,123674,123850,176
100,0,blank,0,-350,-105,123850,124031,181
100,0,blank,0,-350,-105,124031,124209,178
100,0,blank,0,-350,-105,124209,124336,127
100,0,blank,0,-350,-105,124336,124527,191
100,0,blank,0,-350,-105,124527,124712,185
100,0,blank,0,-350,-105,124712,124875,163
100,0,blank,0,-350,-105,124875,125077,202
100,0,blank,0,-350,-105,125077,125438,361
100,0,blank,0,-350,-105,125438,125628,190
100,0,blank,0,-350,-105,125628,125818,190
100,0,blank,0,-350,-105,125818,126105,287
100,0,blank,0,-350,-105,126105,126282,177
100,0,blank,0,-350,-105,126282,126424,142
100,0,blank,0,-350,-105,126424,126613,189
100,0,blank,0,-350,-105,126613,126661,48
100,0,blank,0,-350,-105,126661,126869,208
100,0,blank,0,-350,-105,126869,127040,171
100,0,blank,0,-350,-105,127040,127215,175
100,0,blank,0,-350,-105,127215,127402,187
100,0,blank,0,-350,-105,127402,127532,130
100,0,blank,0,-350,-105,127532,127680,148
100,0,blank,0,-350,-105,127680,127860,180
100,0,blank,0,-350,-105,127860,128014,154
100,0,blank,0,-350,-105,128014,128115,101
100,0,blank,0,-350,-105,128115,128437,322
100,0,blank,0,-350,-105,128437,128621,184
100,0,blank,0,-350,-105,128621,128797,176
100,0,blank,0,-350,-105,128797,128953,156
100,0,blank,0,-350,-105,128953,129119,166
100,0,blank,0,-350,-105,129119,129309,190
100,0,blank,0,-350,-105,129309,129504,195
100,0,blank,0,-350,-105,129504,129647,143
100,0,blank,0,-350,-105,129647,129778,131
100,0,blank,0,-350,-105,129778,129953,175
100,0,blank,0,-350,-105,129953,130148,195
100,0,blank,0,-350,-105,130148,130307,159
100,0,blank,0,-350,-105,130307,130502,195
100,0,blank,0,-350,-105,130502,130621,119
100,0,blank,0,-350,-105,130621,131020,399
100,0,blank,0,-350,-105,131020,131096,76
100,8,printf,62,61.455325,169.241375,131304,131443,139
100,0,blank,0,76.7251,229.5636,131513,131586,73
100,9,comma,70,148.0238,185.1286,131852,131894,42
100,9,"%d",69,141.5884,180.043,131923,131960,37
100,0,blank,0,139.4477,317.4955,131996,132033,37
100,0,blank,0,142.6123,313.07765,132109,132183,74
100,13,"%s",98,160.82835,287.84625,132222,132294,72
100,13,"%s",98,164.6353,277.837266666667,132330,132440,110
100,14,(,107,147.6808,300.3846,132513,132550,37
100,0,blank,0,-350,-105,132660,132838,178
100,0,blank,0,143.0002,450.8444,132908,132957,49
100,0,blank,0,174.1101,455.6639,132983,133017,34
100,0,blank,0,164.0169,330.7201,134494,134659,165
100,0,blank,0,219.5862,327,134824,134857,33
100,0,blank,0,178.4048,330.3321,134988,135055,67
100,0,blank,0,136.7761,317.5012,135087,135121,34
100,0,blank,0,129.6649,325.951,135154,135188,34
100,0,blank,0,-350,-105,135255,135383,128
100,0,blank,0,263.917,332.4208,135458,135491,33
100,16,;,131,270.0287,345.0656,135557,135589,32
100,16,<,127,192.1446,342.54505,136015,136080,65
100,0,blank,0,-350,-105,136272,136413,141
100,0,blank,0,275.4905,329.226,136891,136923,32
100,0,blank,0,290.696,354.8711,137285,137318,33
100,0,blank,0,274.1318,376.8434,137350,137382,32
100,0,blank,0,281.509,373.5213,137446,137478,32
100,0,blank,0,371.5993,378.9587,137510,137543,33
100,0,blank,0,361.079,389.5647,137644,137677,33
100,0,blank,0,353.0112,368.1971,137711,137745,34
100,0,blank,0,395.257875,372.440775,137812,137946,134
100,0,blank,0,139.18532,362.7027,138012,138183,171
100,0,blank,0,133.9161,363.91035,138183,138252,69
100,0,blank,0,195.80945,349.06835,138320,138388,68
100,0,blank,0,192.0159,415.5016,138517,138553,36
100,0,blank,0,188.692,397.9914,138587,138653,66
100,0,blank,0,255.9802,408.5375,138720,138819,99
100,0,blank,0,256.9575,403.39105,138853,138921,68
100,0,blank,0,315.49534,412.3687,138956,139134,178
100,0,blank,0,204.70492,357.73554,139169,139341,172
100,0,blank,0,-350,-105,139375,139410,35
100,0,blank,0,-350,-105,139491,139731,240
100,18,j,148,142.5291,378.4508,139834,139866,32
100,0,blank,0,235.14875,379.41815,139900,139967,67
100,18,;,147,229.4967,386.0726,140032,140066,34
100,18,j,148,243.116,380.9737,140099,140131,32
100,0,blank,0,191.3653,376.1758,140292,140326,34
100,18,<,145,263.894966666667,390.2307,140529,140629,100
100,0,blank,0,259.918,378.5893,140663,140763,100
100,0,blank,0,305.83392,374.75604,140829,140995,166
100,0,blank,0,364.0333,389.03135,141063,141131,68
100,0,blank,0,351.1377,373.3091,141164,141197,33
100,18,++,149,343.1033,379.4929,141230,141263,33
100,0,blank,0,235.4561,369.28885,141329,141396,67
100,0,blank,0,253.6105,388.3524,141464,141566,102
100,0,blank,0,-350,-105,141665,141851,186
100,0,blank,0,-350,-105,141851,142039,188
100,0,blank,0,-350,-105,142039,142225,186
100,0,blank,0,-350,-105,142225,142398,173
100,0,blank,0,-350,-105,142398,142592,194
100,0,blank,0,-350,-105,142592,142773,181
100,0,blank,0,230.1822,-52.86555,142949,143007,58
100,0,blank,0,337.292283333333,-46.7600666666667,143071,143267,196
100,0,blank,0,336.1424,-50.4482,143267,143300,33
100,0,blank,0,119.1517,-30.0377,143766,143800,34
100,0,blank,0,223.03565,-49.722025,143866,144000,134
100,0,blank,0,225.5076,-51.8081,144032,144066,34
100,0,blank,0,281.3793,-42.372,144100,144134,34
100,0,blank,0,377.5599,-54.4939,144371,144405,34
100,0,blank,0,372.541566666667,-62.0267,144438,144540,102
100,0,blank,0,380.0458,-58.4717,144639,144671,32
100,0,blank,0,203.6517,-59.1438,144838,144872,34
100,0,blank,0,208.9154,-52.9755,144939,144973,34
100,0,blank,0,411.9426,-53.424425,145099,145236,137
100,0,blank,0,198.74974,-49.75198,145404,145569,165
100,0,blank,0,205.24375,-55.0524,145601,145667,66
100,0,blank,0,240.574433333333,-52.8536,145798,145896,98
100,0,blank,0,246.959,-68.0298,145996,146030,34
100,0,blank,0,292.5038,-49.3835,146063,146095,32
100,0,blank,0,390.0371,-70.9296,146198,146315,117
100,0,blank,0,392.152,-84.0515,146315,146436,121
100,0,blank,0,366.8936,-66.65,146521,146558,37
100,0,blank,0,365.303033333333,-59.7559,146626,146727,101
100,0,blank,0,365.8562,-59.1225,146794,146927,133
100,0,blank,0,229.5049,-57.04712,146994,147164,170
100,0,blank,0,239.221,-60.6343,147164,147195,31
100,0,blank,0,386.579025,-69.82625,147229,147362,133
100,0,blank,0,385.4717,-68.5301,147397,147496,99
100,0,blank,0,479.067,-72.3731,147563,147597,34
100,0,blank,0,363.149475,-64.024875,147764,147901,137
100,0,blank,0,-350,-105,147969,148058,89
100,13,comma,99,184.228,275.2755,148196,148222,26
100,13,name,100,209.5864,282.1451,148291,148326,35
100,0,blank,0,196.45865,282.9258,148570,148640,70
100,0,blank,0,193.7861,287.4058,148848,148881,33
100,0,blank,0,249.8744,298.08,148948,148983,35
100,0,blank,0,243.1173,290.917,149087,149120,33
100,0,blank,0,245.107,293.3804,149189,149224,35
100,13,"%s",98,162.2177,286.5732,149293,149327,34
100,13,"%s",98,171.7885,281.2502,149362,149396,34
100,13,"%s",98,165.76085,285.28265,149464,149535,71
100,13,comma,99,186.0358,277.3099,149570,149607,37
100,13,"%s",98,161.9864,283.2221,149641,149675,34
100,13,"%s",98,180.9097,287.27765,149744,149813,69
100,13,"%s",98,172.4353,281.21555,149885,149958,73
100,14,tname,108,173.0541,292.6857,150035,150073,38
100,14,tname,108,153.9024,289.5298,150185,150282,97
100,0,blank,0,-350,-105,150362,150400,38
100,0,blank,0,203.1126,314.6318,150973,151044,71
100,0,blank,0,218.1874,319.22345,151081,151156,75
100,0,blank,0,214.5732,288.8918,151194,151231,37
100,13,"%s",98,170.2777,282.8912,151544,151580,36
100,13,"%s",98,154.68,274.6027,151615,151686,71
100,0,blank,0,-350,-105,151758,151923,165
100,0,blank,0,-350,-105,151923,152087,164
100,0,blank,0,-350,-105,152087,152268,181
100,0,blank,0,-350,-105,152268,152466,198
100,0,blank,0,-350,-105,152466,152634,168
100,0,blank,0,-350,-105,152634,152797,163
100,0,blank,0,-350,-105,152797,152977,180
100,0,blank,0,-350,-105,152977,153166,189
100,0,blank,0,-350,-105,153166,153362,196
100,0,blank,0,-350,-105,153362,153392,30
100,13,i,102,258.8249,287.323,153717,153757,40
100,14,tname,108,180.296,300.5089,154072,154107,35
100,13,"%s",98,149.8275,279.09835,154324,154394,70
100,0,blank,0,130.5008,329.323,154711,154751,40
100,0,blank,0,-350,-105,154818,155011,193
100,0,blank,0,-350,-105,155011,155133,122
100,0,blank,0,169.9133,390.8675,155161,155183,22
100,0,blank,0,173.208633333333,377.0671,155222,155329,107
100,18,j,148,244.55552,386.91702,155438,155620,182
100,18,j,148,244.9631,379.6534,155620,155656,36
100,0,blank,0,255.8842,386.0415,155767,155805,38
100,0,blank,0,186.7053,356.0442,155916,155951,35
100,18,i,140,176.1506,383.0926,155988,156025,37
100,0,blank,0,189.1431,375.4473,156060,156096,36
100,18,j,148,252.4705,391.0569,156168,156278,110
100,18,j,148,251.944133333333,385.237433333333,156313,156422,109
100,18,++,149,335.9966,392.5628,156458,156531,73
100,18,++,149,341.7779,381.6804,156604,156749,145
100,18,++,149,336.5153,382.54945,156785,156856,71
100,0,blank,0,262.02604,387.34508,156892,157072,180
100,0,blank,0,260.2688,397.044525,157072,157218,146
100,16,i,132,170.823966666667,339.894033333333,157293,157400,107
100,16,i,132,170.2004,341.267,157436,157472,36
100,0,blank,0,157.2014,332.0681,157541,157577,36
100,16,=,123,121.22654,335.48936,157648,157823,175
100,13,scanf,96,109.33982,284.72478,157893,158069,176
100,13,scanf,96,113.47645,281.65345,158069,158142,73
100,13,scanf,96,128.4351,287.85095,158177,158247,70
100,0,blank,0,257.7489,364.935425,158356,158500,144
100,0,blank,0,-350,-105,158572,158687,115
100,0,blank,0,342.03925,374.2382,158741,158811,70
100,18,++,149,333.94108,383.9492,158846,159022,176
100,18,j,148,319.547,378.170066666667,159022,159126,104
100,0,blank,0,210.63815,390.9407,159195,159264,69
100,0,blank,0,-350,-105,159301,159498,197
100,0,blank,0,-350,-105,159498,159686,188
100,0,blank,0,-350,-105,159686,159862,176
100,0,blank,0,-350,-105,159862,160052,190
100,0,blank,0,-350,-105,160052,160243,191
100,0,blank,0,-350,-105,160243,160387,144
100,0,blank,0,-350,-105,160387,160580,193
100,0,blank,0,-350,-105,160580,160751,171
100,0,blank,0,-350,-105,160751,160936,185
100,0,blank,0,-350,-105,160936,161111,175
100,0,blank,0,-350,-105,161111,161294,183
100,0,blank,0,-350,-105,161294,161471,177
100,0,blank,0,-350,-105,161471,161526,55
100,0,blank,0,-350,-105,161526,161674,148
100,0,blank,0,-350,-105,161674,161859,185
100,0,blank,0,-350,-105,161859,162026,167
100,0,blank,0,-350,-105,162026,162168,142
100,0,blank,0,-350,-105,162168,162361,193
100,0,blank,0,-350,-105,162361,162390,29
100,0,blank,0,-350,-105,162390,162624,234
100,0,blank,0,-350,-105,162624,162903,279
100,0,blank,0,-350,-105,162903,163067,164
100,0,blank,0,-350,-105,163067,163206,139
100,0,blank,0,-350,-105,163206,163621,415
100,0,blank,0,-350,-105,163621,163868,247
100,0,blank,0,-350,-105,163868,164041,173
100,0,blank,0,-350,-105,164041,164178,137
100,0,blank,0,-350,-105,164178,164405,227
100,0,blank,0,-350,-105,164405,164569,164
100,0,blank,0,-350,-105,164569,164796,227
100,0,blank,0,-350,-105,164796,164986,190
100,0,blank,0,-350,-105,164986,165184,198
100,0,blank,0,-350,-105,165184,165380,196
100,0,blank,0,-350,-105,165380,165547,167
100,0,blank,0,-350,-105,165547,165715,168
100,0,blank,0,-350,-105,165715,165914,199
100,0,blank,0,-350,-105,165914,166069,155
100,0,blank,0,-350,-105,166069,166197,128
100,0,blank,0,-350,-105,166197,166393,196
100,0,blank,0,-350,-105,166393,166425,32
100,0,blank,0,-350,-105,166425,166849,424
100,0,blank,0,-350,-105,166849,167022,173
100,0,blank,0,-350,-105,167022,167204,182
100,0,blank,0,-350,-105,167204,167301,97
100,0,blank,0,-350,-105,167301,167479,178
100,0,blank,0,-350,-105,167479,167718,239
100,0,blank,0,-350,-105,167718,167907,189
100,0,blank,0,-350,-105,167907,168069,162
100,0,blank,0,-350,-105,168069,168242,173
100,0,blank,0,-350,-105,168242,168413,171
100,0,blank,0,-350,-105,168413,168463,50
100,0,blank,0,-350,-105,168463,168620,157
100,0,blank,0,-350,-105,168620,168738,118
100,0,blank,0,-350,-105,168738,168921,183
100,0,blank,0,-350,-105,168921,169096,175
100,0,blank,0,-350,-105,169096,169290,194
100,0,blank,0,-350,-105,169290,169441,151
100,0,blank,0,-350,-105,169441,169583,142
100,0,blank,0,-350,-105,169583,169738,155
100,0,blank,0,-350,-105,169738,169875,137
100,0,blank,0,-350,-105,169875,170074,199
100,0,blank,0,-350,-105,170074,170234,160
100,0,blank,0,-350,-105,170234,170408,174
100,0,blank,0,-350,-105,170408,170634,226
100,0,blank,0,-350,-105,170634,170727,93
100,0,blank,0,-350,-105,170727,171008,281
100,0,blank,0,170.0853,416.162,171086,171118,32
100,0,blank,0,-350,-105,171311,171486,175
100,0,blank,0,-350,-105,171486,171655,169
100,0,blank,0,-350,-105,171655,171841,186
100,0,blank,0,-350,-105,171841,171936,95
100,0,blank,0,-350,-105,171936,172076,140
100,0,blank,0,-350,-105,172076,172396,320
100,0,blank,0,-350,-105,172396,172555,159
100,0,blank,0,-350,-105,172555,172746,191
100,0,blank,0,-350,-105,172746,172828,82
100,0,blank,0,-350,-105,173125,173304,179
100,20,name,161,261.9745,437.2314,173861,173910,49
100,0,blank,0,-350,-105,174009,174120,111
100,0,blank,0,311.5663,413.40555,174329,174397,68
100,0,blank,0,309.8795,414.7708,174432,174473,41
100,0,blank,0,304.4917,418.2549,174507,174576,69
100,20,name,161,353.3765,436.6381,174610,174678,68
100,0,blank,0,353.6366,420.66458,174713,174879,166
100,20,name,161,345.7828,430.1754,174879,174947,68
100,20,j,163,378.69295,428.3379,175012,175078,66
100,20,],164,295.32875,440.799775,175247,175383,136
100,20,name,161,355.5675,439.66015,175567,175641,74
100,20,name,161,358.35695,440.184,175710,175779,69
100,0,blank,0,404.27108,444.94406,175848,176028,180
100,20,),168,397.8423,440.3067,176028,176063,35
100,20,name,161,325.8306,436.2669,176166,176200,34
100,0,blank,0,-350,-105,176269,176444,175
100,0,blank,0,-350,-105,176444,176624,180
100,0,blank,0,-350,-105,176624,176805,181
100,0,blank,0,-350,-105,176805,177000,195
100,0,blank,0,-350,-105,177000,177182,182
100,0,blank,0,-350,-105,177182,177372,190
100,0,blank,0,-350,-105,177372,177552,180
100,0,blank,0,-350,-105,177552,177747,195
100,0,blank,0,-350,-105,177747,177856,109
100,0,blank,0,-350,-105,177856,177973,117
100,0,blank,0,-350,-105,177973,178109,136
100,0,blank,0,-350,-105,178109,178303,194
100,0,blank,0,-350,-105,178303,178416,113
100,0,blank,0,196.089425,-105.089175,178525,178658,133
100,0,blank,0,247.33405,-105.063325,178692,178819,127
100,0,blank,0,378.5861,-67.5856,178888,178992,104
100,0,blank,0,379.5133,-76.3921,179025,179059,34
100,0,blank,0,372.202,-82.8129,179093,179161,68
100,0,blank,0,-350,-105,179233,179381,148
100,0,blank,0,-350,-105,179381,179695,314
100,0,blank,0,-350,-105,179695,179811,116
100,0,blank,0,-350,-105,179811,180067,256
100,0,blank,0,-350,-105,180067,180253,186
100,0,blank,0,-350,-105,180253,180436,183
100,0,blank,0,-350,-105,180436,180577,141
100,0,blank,0,-350,-105,180577,180712,135
100,0,blank,0,-350,-105,180712,180858,146
100,0,blank,0,-350,-105,180858,181029,171
100,0,blank,0,-350,-105,181029,181317,288
100,0,blank,0,-350,-105,181317,181491,174
100,0,blank,0,-350,-105,181491,181588,97
100,0,blank,0,-350,-105,181588,181818,230
100,0,blank,0,-350,-105,181818,182031,213
100,0,blank,0,-350,-105,182031,182245,214
100,0,blank,0,-350,-105,182245,182291,46
100,0,blank,0,-350,-105,182291,182466,175
100,0,blank,0,-350,-105,182466,182641,175
100,0,blank,0,343.9218,453.9296,182850,182896,46
100,0,blank,0,314.1747,425.6759,183771,183806,35
100,20,name,161,351.7656,435.4929,183876,183910,34
100,20,name,161,348.92545,422.98085,183945,184015,70
100,0,blank,0,373.8986,410.7113,184047,184185,138
100,20,j,163,378.40048,431.71948,184217,184385,168
100,20,j,163,376.21785,430.07345,184385,184452,67
100,20,i,158,285.49085,438.954675,184486,184623,137
100,0,blank,0,225.5605,147.7186,184724,184757,33
100,8,"Enterthevalueofn\n",64,245.1887,171.424133333333,184790,184891,101
100,13,name,100,214.5489,270.76235,184992,185058,66
100,13,name,100,217.53545,275.18775,185123,185190,67
100,0,blank,0,208.0092,408.3111,185355,185388,33
100,8,"Enterthevalueofn\n",64,230.17815,162.0148,185754,185822,68
100,8,"Enterthevalueofn\n",64,224.2306,175.7028,185856,185889,33
100,6,[,51,181.7573,116.8983,186022,186055,33
100,0,blank,0,171.2202,105.6804,186088,186121,33
100,0,blank,0,170.8612,99.6199,186188,186221,33
100,3,string,24,156.192025,62.833975,186255,186388,133
100,0,blank,0,106.37364,77.10634,186421,186588,167
100,0,blank,0,105.1311,71.01885,186623,186690,67
100,0,blank,0,109.2725,70.9488,186724,186758,34
100,0,blank,0,155.89405,74.40115,186826,186920,94
100,3,>,27,186.745666666667,64.8066333333333,187167,187329,162
100,0,blank,0,122.8303,69.5608,187361,187395,34
100,0,blank,0,132.31,71.0403,187429,187533,104
100,0,blank,0,136.8616,73.7832,187567,187602,35
100,2,h,19,164.3932,38.7931,187743,187775,32
100,3,.,25,166.6229,66.8655,187947,187981,34
100,0,blank,0,328.316866666667,63.7729666666667,188087,188189,102
100,0,blank,0,334.9786,74.5038,188223,188258,35
100,0,blank,0,438.9423,75.16686,188328,188503,175
100,0,blank,0,434.2109,-4.08710000000001,188538,188574,36
100,0,blank,0,442.5338,78.3574,188608,188645,37
100,0,blank,0,463.446233333333,59.6143666666667,188681,188788,107
100,3,string,24,150.69518,65.25578,188897,189084,187
100,3,string,24,142.6656,57.8622,189119,189155,36
100,0,blank,0,-350,-105,189263,189445,182
100,0,blank,0,-350,-105,189445,189511,66
100,0,blank,0,343.5087,473.776,189587,189629,42
100,0,blank,0,351.3779,406.8753,189705,189741,36
100,0,blank,0,322.623833333333,65.659,189843,189948,105
100,0,blank,0,202.53712,54.18498,190016,190188,172
100,0,blank,0,206.737733333333,46.7109333333333,190188,190290,102
100,0,blank,0,220.9342,38.0944,190323,190393,70
100,0,blank,0,228.552833333333,44.5161,190426,190531,105
100,3,>,27,190.9601,50.2216,190599,190633,34
100,3,>,27,191.50436,54.19462,190668,190844,176
100,3,>,27,185.1944,50.6171,190913,190983,70
100,0,blank,0,230.68745,57.1271,191055,191124,69
100,0,blank,0,226.7136,58.812,191193,191227,34
100,0,blank,0,405.11,37.8267,191333,191369,36
100,0,blank,0,409.0753,40.6953,191404,191438,34
100,0,blank,0,356.6135,46.7391666666667,191546,191650,104
100,0,blank,0,445.59135,45.97195,191722,191791,69
100,0,blank,0,444.6202,52.64205,191825,191896,71
100,0,blank,0,-350,-105,191931,192083,152
100,0,blank,0,271.1725,413.4987,192137,192171,34
100,0,blank,0,293.3564,450.7765,192344,192379,35
100,0,blank,0,287.4561,456.024,192484,192517,33
100,20,name,161,338.2462,440.8,192722,192756,34
100,0,blank,0,381.9939,451.1906,192791,192824,33
100,20,j,163,374.4442,424.3539,192859,192893,34
100,20,j,163,373.5115,437.5603,192927,192961,34
100,20,[,162,370.39035,440.2844,193031,193100,69
100,0,blank,0,392.4233,442.3513,193167,193201,34
100,20,],164,386.472133333333,426.286933333333,193448,193548,100
100,0,blank,0,319.5673,450.22255,193581,193649,68
100,0,blank,0,313.460233333333,427.447866666667,193683,193788,105
100,20,j,163,375.569,433.8545,193926,193995,69
100,0,blank,0,303.6995,436.0958,194032,194063,31
100,0,blank,0,308.6561,444.172733333333,194167,194271,104
100,0,blank,0,241.6423,444.9957,194340,194377,37
100,0,blank,0,246.62395,460.0654,194445,194516,71
100,0,blank,0,330.5952,457.52935,194549,194618,69
100,0,blank,0,324.036325,443.271325,194653,194790,137
100,0,blank,0,346.6892,455.7781,194825,194859,34
100,0,blank,0,341.58366,452.95226,194964,195138,174
100,0,blank,0,414.2045,455.9704,195242,195276,34
100,0,blank,0,416.04075,459.223,195376,195446,70
100,0,blank,0,319.15358,451.73766,195515,195684,169
100,0,blank,0,323.5985,455.64665,195684,195753,69
100,0,blank,0,-350,-105,195789,195960,171
100,0,blank,0,-350,-105,195960,196143,183
100,0,blank,0,-350,-105,196143,196313,170
100,0,blank,0,-350,-105,196313,196413,100
100,0,blank,0,-350,-105,196413,196563,150
100,0,blank,0,-350,-105,196563,196715,152
100,0,blank,0,-350,-105,196715,196872,157
100,0,blank,0,-350,-105,196872,196990,118
100,0,blank,0,-350,-105,196990,197221,231
100,0,blank,0,336.141,413.35085,197887,197952,65
100,0,blank,0,332.0261,408.6451,198021,198054,33
100,0,blank,0,334.85165,415.8862,198087,198154,67
100,0,blank,0,338.969133333333,412.7879,198187,198291,104
100,0,blank,0,314.6032,457.4145,198459,198528,69
100,22,name,174,302.4164,468.5181,198563,198596,33
100,0,blank,0,364.3126,455.4684,198794,198827,33
100,0,blank,0,391.7544,473.6536,198895,198929,34
100,22,i,176,351.0981,470.1197,199032,199064,32
100,0,blank,0,231.424066666667,462.8115,199234,199336,102
100,0,blank,0,-350,-105,199438,199605,167
100,0,blank,0,-350,-105,199605,199783,178
100,0,blank,0,-350,-105,199783,199957,174
100,0,blank,0,-350,-105,199957,200086,129
100,0,blank,0,-350,-105,200086,200254,168
100,0,blank,0,-350,-105,200254,200326,72
100,0,blank,0,-350,-105,200326,200461,135
100,0,blank,0,-350,-105,200461,200628,167
100,0,blank,0,-350,-105,200628,200820,192
100,0,blank,0,-350,-105,200820,200940,120
100,0,blank,0,-350,-105,200940,201060,120
100,0,blank,0,-350,-105,201060,201229,169
100,0,blank,0,-350,-105,201229,201400,171
100,0,blank,0,-350,-105,201400,201594,194
100,0,blank,0,-350,-105,201594,201766,172
100,0,blank,0,-350,-105,201766,202116,350
100,0,blank,0,-350,-105,202116,202300,184
100,0,blank,0,-350,-105,202300,202495,195
100,0,blank,0,-350,-105,202495,202680,185
100,0,blank,0,-350,-105,202680,202858,178
100,0,blank,0,-350,-105,202858,203033,175
100,0,blank,0,-350,-105,203033,203147,114
100,0,blank,0,-350,-105,203147,203371,224
100,0,blank,0,-350,-105,203371,203481,110
100,0,blank,0,145.8591,553.3693,204019,204052,33
100,0,blank,0,181.74068,552.06174,204086,204255,169
100,0,blank,0,184.8994,543.5757,204255,204288,33
100,0,blank,0,164.126733333333,549.742266666667,204389,204494,105
100,0,blank,0,165.6829,546.4999,204631,204665,34
100,0,blank,0,554.98354,543.62452,204733,204909,176
100,0,blank,0,589.5945,552.9412,204943,205120,177
100,0,blank,0,593.379166666667,558.3019,205120,205223,103
100,0,blank,0,353.4515,561.2046,205328,205434,106
100,0,blank,0,-350,-105,205469,205532,63
100,0,blank,0,185.7258,580.6403,205832,205866,34
100,0,blank,0,162.5677,563.28635,205900,205968,68
100,0,blank,0,62.0464,554.4382,206254,206291,37
100,0,blank,0,100.817933333333,590.131166666667,206326,206428,102
100,0,blank,0,177.4703,588.0942,206462,206496,34
100,0,blank,0,171.235166666667,586.2296,206531,206636,105
100,0,blank,0,268.4679,580.3408,206713,206748,35
100,0,blank,0,262.985933333333,578.194133333333,206822,206931,109
100,0,blank,0,254.5507,584.4548,207000,207039,39
100,0,blank,0,173.9793,581.0942,207076,207111,35
100,0,blank,0,168.3202,589.6037,207147,207183,36
100,0,blank,0,184.7433,577.8439,207218,207256,38
100,0,blank,0,279.9647,580.1621,207456,207597,141
100,0,blank,0,313.5784,570.0325,207681,207722,41
100,0,blank,0,315.041633333333,577.513433333333,207757,207864,107
100,0,blank,0,92.0514,576.48846,207934,208111,177
100,0,blank,0,94.7535,567.0441,208111,208146,35
100,0,blank,0,97.49604,584.9815,208182,208357,175
100,0,blank,0,95.7846,581.1849,208357,208393,36
100,0,blank,0,-350,-105,208465,208498,33
100,0,blank,0,558.0103,569.1666,208702,208737,35
100,0,blank,0,554.5074,574.1798,208772,208809,37
100,0,blank,0,550.48155,575.17345,208841,208909,68
100,0,blank,0,562.0906,579.0469,208944,208978,34
100,28,"\n----------------------------------------\n",208,563.8842,599.1592,209081,209115,34
100,0,blank,0,144.4894,552.301766666667,209283,209387,104
100,0,blank,0,120.1626,549.6669,209454,209488,34
100,0,blank,0,134.50416,552.42062,209523,209695,172
100,0,blank,0,122.8321,550.7637,209695,209730,35
100,0,blank,0,126.9706,557.6408,209765,209800,35
100,0,blank,0,140.554,560.0778,209834,209868,34
100,0,blank,0,141.5579,569.3477,209938,209971,33
100,0,blank,0,530.25515,557.89005,210115,210187,72
100,28,printf,206,86.4972,600.91444,210735,210913,178
100,28,printf,206,79.30315,609.33675,210913,210983,70
100,0,blank,0,85.8925,592.0233,211017,211054,37
100,28,(,207,109.3155,604.2167,211088,211122,34
100,0,blank,0,124.1288,594.6219,211156,211191,35
100,0,blank,0,-350,-105,211295,211355,60
100,0,blank,0,294.9233,-103.8896,211382,211408,26
100,0,blank,0,354.9765,581.6725,211494,211525,31
100,28,"\n----------------------------------------\n",208,493.5678,605.6527,211657,211759,102
100,28,"\n----------------------------------------\n",208,536.8379,597.6646,211828,211895,67
100,28,"\n----------------------------------------\n",208,548.7579,612.6068,211963,211996,33
100,28,printf,206,89.6629,601.8992,212483,212518,35
100,28,printf,206,83.3282,602.83,212588,212657,69
100,0,blank,0,-350,-105,212729,212817,88
100,0,blank,0,127.2877,577.9919,213005,213040,35
100,0,blank,0,135.0259,581.8529,213109,213146,37
100,29,printf,211,93.5358,622.90575,213181,213254,73
100,0,blank,0,88.25356,576.7253,213732,213905,173
100,26,},204,84.358,571.6042,213905,213938,33
100,0,blank,0,134.1334,550.1311,214042,214147,105
100,0,blank,0,-350,-105,214216,214365,149
100,0,blank,0,247.2162,548.479,214415,214448,33
100,0,blank,0,282.2339,572.7522,214516,214550,34
100,0,blank,0,293.0048,552.9352,214584,214619,35
100,0,blank,0,278.9435,573.7444,214655,214689,34
100,0,blank,0,100.26884,568.27192,214827,214997,170
100,0,blank,0,103.611,575.77,214997,215031,34
100,0,blank,0,-350,-105,215098,215289,191
100,0,blank,0,-350,-105,215289,215484,195
100,0,blank,0,161.38955,565.0193,215517,215584,67
100,23,name,187,250.8834,493.8375,215618,215654,36
100,28,"\n----------------------------------------\n",208,136.25675,603.68835,216071,216150,79
100,0,blank,0,109.8799,569.1072,216212,216244,32
100,0,blank,0,584.6553,569.7224,217045,217078,33
100,28,"\n----------------------------------------\n",208,185.03,599.3332,217182,217216,34
100,0,blank,0,131.284,592.8537,217497,217533,36
100,0,blank,0,-350,-105,217771,217933,162
100,0,blank,0,135.3124,574.1957,217984,218016,32
100,0,blank,0,142.2599,582.7329,218050,218085,35
100,28,"\n----------------------------------------\n",208,114.9748,600.401366666667,218191,218294,103
100,0,blank,0,162.2305,541.1725,218746,218773,27
100,0,blank,0,153.9105,593.9999,218809,218876,67
100,28,"\n----------------------------------------\n",208,373.8911,605.5854,218983,219020,37
100,28,"\n----------------------------------------\n",208,360.46845,602.1448,219092,219164,72
100,28,"\n----------------------------------------\n",208,368.0054,614.3152,219198,219265,67
100,0,blank,0,550.5457,583.2728,219369,219403,34
100,0,blank,0,561.6299,589.8557,219506,219540,34
100,0,blank,0,574.1087,584.9561,219574,219608,34
100,0,blank,0,71.4064,585.314,219986,220022,36
100,30,printf,216,64.7592,644.8437,220196,220230,34
100,29,"InputNamesSorted\n",213,142.9317,625.74915,220266,220338,72
100,0,blank,0,1020.33933333333,557.043266666667,220714,220805,91
100,29,"InputNamesSorted\n",213,329.1652,624.5455,220905,220939,34
100,28,"\n----------------------------------------\n",208,309.19475,616.35645,220973,221040,67
100,0,blank,0,177.7534,568.9233,221174,221207,33
100,0,blank,0,190.6383,591.4921,221240,221272,32
100,0,blank,0,141.5663,541.5162,221306,221340,34
100,25,},203,125.23285,551.2945,221441,221498,57
100,0,blank,0,178.6167,575.49085,221565,221633,68
100,0,blank,0,541.6073,524.2736,221836,221862,26
100,0,blank,0,567.7734,527.2228,221929,221954,25
100,0,blank,0,572.7487,541.3514,222020,222053,33
100,0,blank,0,1033.927,543.9006,222403,222435,32
100,0,blank,0,1031.93025,545.3798,222467,222598,131
100,0,blank,0,1032.156,550.0641,222729,222786,57
100,0,blank,0,1032.228,556.8964,222811,222909,98
100,0,blank,0,1031.662,548.75,222975,223008,33
100,0,blank,0,1025.627,559.2171,223042,223075,33
100,0,blank,0,1021.8505,557.80275,223273,223340,67
100,0,blank,0,1030.887,558.784066666667,223376,223475,99
100,0,blank,0,1026.582,568.9952,223610,223643,33
100,0,blank,0,1030.26466666667,586.298666666667,223745,223846,101
100,0,blank,0,1027.36866666667,576.5442,223880,223981,101
100,0,blank,0,1031.225,557.3423,224014,224049,35
101,0,blank,0,148.29215,489.14445,224622,224688,66
101,0,blank,0,-350,-105,224755,224930,175
101,0,blank,0,-350,-105,224930,225087,157
101,0,blank,0,-350,-105,225087,225211,124
101,0,blank,0,-350,-105,225211,225407,196
101,0,blank,0,-350,-105,225407,225550,143
101,0,blank,0,-350,-105,225550,225746,196
101,0,blank,0,-350,-105,225746,225921,175
101,0,blank,0,-350,-105,225921,226054,133
101,0,blank,0,-350,-105,226054,226129,75
101,0,blank,0,-350,-105,226129,226321,192
101,0,blank,0,-350,-105,226321,226511,190
101,0,blank,0,-350,-105,226511,226706,195
101,0,blank,0,-350,-105,226706,226868,162
101,0,blank,0,-350,-105,226868,227063,195
101,0,blank,0,-350,-105,227063,227158,95
101,0,blank,0,-350,-105,227158,227335,177
101,0,blank,0,-350,-105,227335,227530,195
101,0,blank,0,-350,-105,227530,227607,77
101,0,blank,0,-350,-105,227607,227828,221
101,0,blank,0,-350,-105,227828,228156,328
101,0,blank,0,-350,-105,228156,228422,266
101,0,blank,0,-350,-105,228422,228561,139
101,0,blank,0,-350,-105,228561,228750,189
101,0,blank,0,-350,-105,228750,229097,347
101,0,blank,0,-350,-105,229097,229342,245
101,0,blank,0,-350,-105,229342,229379,37
101,0,blank,0,-350,-105,229379,229561,182
101,0,blank,0,-350,-105,229561,229727,166
101,0,blank,0,-350,-105,229727,229918,191
101,0,blank,0,-350,-105,229918,230073,155
101,0,blank,0,-350,-105,230073,230263,190
101,0,blank,0,-350,-105,230263,230384,121
101,0,blank,0,-350,-105,230384,230521,137
101,0,blank,0,-350,-105,230521,230616,95
101,0,blank,0,-350,-105,230616,230722,106
101,0,blank,0,-350,-105,230722,230897,175
101,0,blank,0,-350,-105,230897,231089,192
101,0,blank,0,-350,-105,231089,231273,184
101,0,blank,0,-350,-105,231273,231419,146
101,0,blank,0,-350,-105,231419,231596,177
101,0,blank,0,-350,-105,231596,231879,283
101,0,blank,0,-350,-105,231879,232072,193
101,0,blank,0,-350,-105,232072,232254,182
101,0,blank,0,-350,-105,232254,232342,88
101,0,blank,0,98.6601,600.1921,232412,232513,101
101,0,blank,0,-350,-105,232601,232787,186
101,0,blank,0,-350,-105,232787,232964,177
101,0,blank,0,-350,-105,232964,233145,181
101,0,blank,0,-350,-105,233145,233304,159
101,0,blank,0,-350,-105,233304,233436,132
101,0,blank,0,-350,-105,233436,233618,182
101,0,blank,0,-350,-105,233618,233758,140
101,0,blank,0,-350,-105,233758,233914,156
101,0,blank,0,-350,-105,233914,234140,226
101,0,blank,0,-350,-105,234140,234363,223
101,0,blank,0,-350,-105,234363,234609,246
101,0,blank,0,-350,-105,234609,234743,134
101,0,blank,0,-350,-105,234743,234929,186
101,0,blank,0,-350,-105,234929,235077,148
101,0,blank,0,-350,-105,235077,235252,175
101,0,blank,0,-350,-105,235252,235418,166
101,0,blank,0,-350,-105,235418,235616,198
101,0,blank,0,-350,-105,235616,235790,174
101,0,blank,0,-350,-105,235790,235861,71
101,0,blank,0,-350,-105,235861,236007,146
101,0,blank,0,-350,-105,236007,236103,96
101,0,blank,0,-350,-105,236103,236293,190
101,0,blank,0,-350,-105,236293,236386,93
101,0,blank,0,-350,-105,236386,236506,120
101,0,blank,0,-350,-105,236506,236693,187
101,0,blank,0,-350,-105,236693,237066,373
101,0,blank,0,-350,-105,237066,237132,66
101,0,blank,0,-350,-105,237132,237879,747
101,0,blank,0,-350,-105,237879,238620,741
101,0,blank,0,-350,-105,238620,238809,189
101,0,blank,0,-350,-105,238809,238993,184
101,0,blank,0,-350,-105,238993,239170,177
101,0,blank,0,-350,-105,239170,239354,184
101,0,blank,0,-350,-105,239354,239519,165
101,0,blank,0,-350,-105,239519,239677,158
101,0,blank,0,-350,-105,239677,240103,426
101,0,blank,0,104.6686,579.1512,240314,240345,31
101,0,blank,0,-350,-105,240623,240798,175
101,0,blank,0,-350,-105,240798,240989,191
101,0,blank,0,-350,-105,240989,241175,186
101,0,blank,0,-350,-105,241175,241333,158
101,0,blank,0,-350,-105,241333,241514,181
101,0,blank,0,-350,-105,241514,241700,186
101,0,blank,0,-350,-105,241700,241853,153
101,0,blank,0,-350,-105,241853,242050,197
101,0,blank,0,-350,-105,242050,242233,183
101,0,blank,0,-350,-105,242233,242406,173
101,0,blank,0,-350,-105,242406,242557,151
101,0,blank,0,-350,-105,242557,242750,193
101,0,blank,0,-350,-105,242750,242947,197
101,0,blank,0,-350,-105,242947,243132,185
101,0,blank,0,-350,-105,243132,243259,127
101,0,blank,0,-350,-105,243259,243451,192
101,0,blank,0,-350,-105,243451,243619,168
101,0,blank,0,-350,-105,243619,243781,162
101,0,blank,0,-350,-105,243781,243959,178
101,0,blank,0,-350,-105,243959,244136,177
101,0,blank,0,-350,-105,244136,244220,84
101,0,blank,0,-350,-105,244220,244345,125
101,0,blank,0,-350,-105,244345,244476,131
101,0,blank,0,-350,-105,244476,244622,146
101,0,blank,0,-350,-105,244622,244816,194
101,0,blank,0,-350,-105,244816,244998,182
101,0,blank,0,-350,-105,244998,245165,167
101,0,blank,0,-350,-105,245165,245348,183
101,0,blank,0,-350,-105,245348,245541,193
101,0,blank,0,-350,-105,245720,245802,82
101,0,blank,0,-350,-105,245802,246073,271
101,0,blank,0,-350,-105,246073,246105,32
101,33,"%s\t\t%s\n",237,206.1782,640.3597,246535,246587,52
101,33,"%s\t\t%s\n",237,207.2577,623.5544,247031,247094,63
101,31,++,232,255.07155,586.127025,247150,247322,172
101,31,++,232,262.3978,581.011,247322,247360,38
101,31,++,232,264.4792,591.27095,247507,247655,148
101,0,blank,0,-350,-105,247693,247877,184
101,0,blank,0,236.7388,599.8392,247912,247928,16
101,0,blank,0,-350,-105,248376,248574,198
101,0,blank,0,-350,-105,248574,248771,197
101,0,blank,0,-350,-105,248771,248963,192
101,0,blank,0,-350,-105,248963,249138,175
101,0,blank,0,-350,-105,249138,249321,183
101,0,blank,0,-350,-105,249321,249507,186
101,0,blank,0,-350,-105,249507,249678,171
101,0,blank,0,-350,-105,249678,249831,153
101,0,blank,0,-350,-105,249831,249980,149
101,0,blank,0,-350,-105,249980,250169,189
101,0,blank,0,-350,-105,250169,250730,561
101,0,blank,0,-350,-105,250730,250926,196
101,0,blank,0,-350,-105,250926,251064,138
101,0,blank,0,-350,-105,251064,251243,179
101,0,blank,0,-350,-105,251243,251394,151
101,0,blank,0,-350,-105,251394,251751,357
101,0,blank,0,-350,-105,251751,252133,382
101,0,blank,0,-350,-105,252133,252681,548
101,0,blank,0,-350,-105,252681,252862,181
101,0,blank,0,-350,-105,252862,252899,37
101,35,"------------------------------------------\n",253,477.1217,682.2016,253986,254038,52
101,0,blank,0,452.1583,577.6779,254139,254190,51
101,0,blank,0,346.1333,593.2564,254359,254427,68
101,30,"------------------------------------------\n",218,336.4173,570.0802,254493,254534,41
101,0,blank,0,325.98185,585.8723,254569,254637,68
101,30,"------------------------------------------\n",218,410.8964,572.5873,254804,254836,32
101,0,blank,0,-350,-105,254903,254992,89
101,0,blank,0,120.3901,607.7467,255240,255272,32
101,30,printf,216,91.9075,557.275,255400,255433,33
101,29,"InputNamesSorted\n",213,148.5789,535.186,255733,255799,66
101,30,"------------------------------------------\n",218,140.1509,560.6628,255832,255865,33
101,0,blank,0,352.1282,601.81885,255963,256028,65
101,0,blank,0,318.8548,618.3881,256222,256255,33
101,0,blank,0,-350,-105,256643,256800,157
101,33,[,245,437.4606,624.6693,256909,256934,25
101,0,blank,0,116.9005,651.0933,257029,257062,33
101,35,(,252,107.4467,672.2983,257223,257256,33
101,33,printf,235,98.7601,638.7561,257355,257385,30
101,33,printf,235,122.5067,639.7495,257513,257545,32
101,0,blank,0,89.1381,554.9595,257870,257902,32
101,29,printf,211,97.375,533.1166,257934,257965,31
101,33,printf,235,110.7626,628.45315,257998,258065,67
101,0,blank,0,109.79375,648.93445,258097,258162,65
101,0,blank,0,683.031,611.003633333333,258332,258432,100
101,0,blank,0,1028.746,618.1082,258626,258659,33
101,0,blank,0,1027.17566666667,631.353433333333,258758,258855,97
101,0,blank,0,1042.869,664.683,258953,259054,101
101,0,blank,0,1049.115,651.0541,259085,259117,32
101,0,blank,0,1044.182,658.1359,259216,259347,131
101,0,blank,0,1041.14733333333,666.694983333333,259412,259609,197
101,0,blank,0,1054.70283333333,661.70445,259609,259806,197
101,0,blank,0,1048.8175,663.8357,259838,259904,66
101,0,blank,0,1062.469,656.014,259970,260002,32
101,0,blank,0,1046.31725,661.373,260067,260198,131
101,0,blank,0,324.9683,662.3098,260296,260328,32
101,35,"------------------------------------------\n",253,167.3846,675.1201,260620,260685,65
101,0,blank,0,116.942866666667,658.563566666667,260775,260874,99
101,0,blank,0,565.125,654.41465,261137,261204,67
101,0,blank,0,596.53975,634.95115,261302,261367,65
101,33,printf,235,110.346133333333,622.647866666667,261562,261659,97
101,29,"InputNamesSorted\n",213,125.43305,549.08905,261789,261855,66
101,29,"InputNamesSorted\n",213,130.134725,553.3276,261920,262047,127
101,30,"------------------------------------------\n",218,117.4785,572.7194,262080,262112,32
101,30,"------------------------------------------\n",218,117.941766666667,556.9566,262144,262241,97
101,33,printf,235,132.600166666667,629.4414,262337,262434,97
101,33,(,236,149.8715,625.7438,262498,262530,32
101,33,(,236,147.5211,630.895,262592,262624,32
101,0,blank,0,-350,-105,262844,262900,56
101,0,blank,0,172.30435,656.0784,263013,263063,50
101,0,blank,0,556.3706,628.4397,263157,263220,63
101,0,blank,0,570.4344,633.218,263283,263315,32
101,0,blank,0,596.0199,635.04465,263378,263441,63
101,0,blank,0,589.2941,638.4296,263503,263535,32
102,0,blank,0,-350,-105,264209,264333,124
102,0,blank,0,463.6172,581.2631,265113,265145,32
102,0,blank,0,463.8989,581.4654,265180,265241,61
102,0,blank,0,490.9566,588.728,265398,265462,64
102,0,blank,0,496.248675,581.693875,265493,265621,128
102,0,blank,0,392.1214,594.1932,265778,265809,31
102,0,blank,0,393.1447,583.3659,265841,265873,32
102,0,blank,0,378.825,596.0659,265904,265935,31
102,0,blank,0,394.6307,604.8214,265967,265998,31
102,0,blank,0,383.146,595.7038,266061,266092,31
102,0,blank,0,418.456466666667,586.128033333333,266218,266314,96
102,0,blank,0,420.2679,579.6131,266346,266377,31
102,0,blank,0,431.4484,598.1855,266410,266441,31
102,0,blank,0,489.65215,584.75345,266504,266567,63
102,0,blank,0,483.1332,579.86075,266600,266662,62
102,0,blank,0,402.7529,596.1765,266695,266726,31
102,0,blank,0,396.7854,580.98435,266758,266821,63
102,0,blank,0,-350,-105,266853,266885,32
102,0,blank,0,257.1954,267.1951,266986,267011,25
102,18,<,145,268.8855,295.2355,267068,267099,31
102,0,blank,0,246.8599,214.0746,267235,267268,33
102,13,name,100,239.0031,200.6237,267363,267395,32
102,0,blank,0,207.21285,158.7545,267489,267616,127
102,0,blank,0,212.0424,163.7153,267647,267679,32
102,0,blank,0,171.1058,169.97065,267773,267835,62
102,0,blank,0,187.4524,163.5467,267898,267929,31
102,0,blank,0,265.9882,171.9162,268054,268085,31
102,0,blank,0,265.25445,163.84095,268117,268181,64
102,0,blank,0,259.5556,164.52925,268244,268307,63
102,31,n,229,212.6317,584.5399,268830,268861,31
102,31,<,228,188.9149,583.0978,269051,269082,31
102,29,"InputNamesSorted\n",213,152.2059,534.3489,269143,269175,32
102,29,"InputNamesSorted\n",213,133.1283,542.8501,269301,269332,31
102,30,"------------------------------------------\n",218,210.4126,559.3164,269457,269490,33
102,29,"InputNamesSorted\n",213,212.7747,547.9276,269552,269584,32
102,0,blank,0,199.0428,232.4813,269679,269710,31
102,0,blank,0,201.1381,189.9737,270027,270060,33
102,0,blank,0,197.15695,160.875,270187,270251,64
102,10,"Enter%dnames",77,184.6659,117.2044,270344,270377,33
102,9,n,72,175.8229,97.5028,270410,270441,31
102,9,;,74,199.13355,109.85885,270473,270602,129
102,0,blank,0,-350,-105,270803,270971,168
102,0,blank,0,-350,-105,270971,271003,32
102,0,blank,0,-350,-105,271003,271280,277
102,0,blank,0,-350,-105,271280,271474,194
102,0,blank,0,-350,-105,271474,271639,165
102,0,blank,0,-350,-105,271639,271798,159
102,0,blank,0,-350,-105,271798,271857,59
102,0,blank,0,-350,-105,271857,273616,1759
102,0,blank,0,-350,-105,273616,273866,250
102,0,blank,0,-350,-105,273866,273901,35
102,0,blank,0,-350,-105,273901,274819,918
102,0,blank,0,-350,-105,274819,274970,151
102,0,blank,0,-350,-105,274970,276556,1586
102,0,blank,0,-350,-105,276556,276713,157
102,0,blank,0,-350,-105,276713,276758,45
102,0,blank,0,194.4792,149.166,276864,276925,61
102,0,blank,0,208.4075,163.7038,276990,277015,25
102,11,i,92,235.7258,156.9256,277130,277158,28
102,0,blank,0,283.54535,164.71905,277256,277321,65
102,0,blank,0,-350,-105,277662,277777,115
102,14,strcpy,106,86.3116666666667,210.7215,278163,278261,98
102,14,strcpy,106,90.6563,218.1617,278328,278359,31
102,0,blank,0,63.9458,182.4909,278457,278489,32
102,10,printf,75,70.0383,120.8444,278521,278554,33
102,11,for,82,50.5647,137.5063,278643,278694,51
102,0,blank,0,75.846,143.1759,278750,278783,33
102,0,blank,0,-350,-105,279307,279491,184
102,0,blank,0,-350,-105,279491,279610,119
102,0,blank,0,-350,-105,279610,280526,916
102,0,blank,0,-350,-105,280526,280666,140
102,0,blank,0,-350,-105,280666,280857,191
102,0,blank,0,-350,-105,280857,280920,63
102,0,blank,0,-350,-105,280920,281072,152
102,0,blank,0,-350,-105,281072,281559,487
102,0,blank,0,-350,-105,281559,281655,96
102,0,blank,0,-350,-105,281655,281769,114
102,0,blank,0,-350,-105,281769,283612,1843
102,0,blank,0,-350,-105,283612,283803,191
102,0,blank,0,-350,-105,283803,283896,93
102,0,blank,0,-350,-105,283896,284008,112
102,0,blank,0,-350,-105,284008,284294,286
102,0,blank,0,-350,-105,284294,284446,152
102,0,blank,0,-350,-105,284446,285881,1435
102,0,blank,0,-350,-105,285881,286297,416
102,0,blank,0,-350,-105,286297,286454,157
102,0,blank,0,-350,-105,286454,286663,209
102,0,blank,0,-350,-105,286663,286844,181
102,0,blank,0,-350,-105,286844,287014,170
102,0,blank,0,-350,-105,287014,287168,154
102,0,blank,0,-350,-105,287168,288008,840
102,0,blank,0,-350,-105,288008,288146,138
102,0,blank,0,-350,-105,288146,288313,167
102,0,blank,0,-350,-105,288313,288701,388
102,0,blank,0,-350,-105,288701,289494,793
102,0,blank,0,-350,-105,289494,289693,199
102,0,blank,0,-350,-105,289693,289832,139
102,0,blank,0,-350,-105,289832,290373,541
102,0,blank,0,-350,-105,290373,290489,116
102,0,blank,0,-350,-105,290489,290977,488
102,0,blank,0,-350,-105,290977,291491,514
102,0,blank,0,-350,-105,291491,291598,107
102,0,blank,0,-350,-105,291598,291771,173
102,0,blank,0,-350,-105,291771,291967,196
102,0,blank,0,-350,-105,291967,292055,88
102,0,blank,0,-350,-105,292055,292250,195
102,0,blank,0,-350,-105,292250,292309,59
102,0,blank,0,-350,-105,292309,292458,149
102,0,blank,0,-350,-105,292458,292635,177
102,0,blank,0,-350,-105,292635,292806,171
102,0,blank,0,-350,-105,292806,292987,181
102,0,blank,0,-350,-105,292987,293150,163
102,0,blank,0,-350,-105,293150,293285,135
102,0,blank,0,-350,-105,293285,293419,134
102,0,blank,0,-350,-105,293419,293638,219
102,0,blank,0,-350,-105,293638,293817,179
102,0,blank,0,-350,-105,293817,293872,55
102,0,blank,0,-350,-105,293872,294055,183
102,0,blank,0,-350,-105,294055,294244,189
102,0,blank,0,-350,-105,294244,294508,264
102,0,blank,0,-350,-105,294508,294775,267
102,0,blank,0,-350,-105,294775,294812,37
102,0,blank,0,-350,-105,294812,295050,238
102,0,blank,0,-350,-105,295050,295281,231
102,0,blank,0,-350,-105,295281,295444,163
102,0,blank,0,-350,-105,295444,295602,158
102,0,blank,0,-350,-105,295602,295764,162
102,0,blank,0,-350,-105,295764,295957,193
102,0,blank,0,-350,-105,295957,296096,139
102,0,blank,0,353.6753,596.6746,297019,297066,47
103,0,blank,0,400.215,593.03475,297326,297391,65
103,0,blank,0,399.0958,598.38465,297519,297583,64
103,31,i,231,169.744733333333,591.099333333333,297830,297926,96
103,29,printf,211,102.7269,545.2857,298151,298183,32
103,29,(,212,107.8911,551.0773,298312,298345,33
103,29,"InputNamesSorted\n",213,155.7436,545.3381,298410,298441,31
103,0,blank,0,366.7938,591.7052,298634,298665,31
103,0,blank,0,353.37665,588.53015,298824,298885,61
103,0,blank,0,-350,-105,299145,299328,183
103,0,blank,0,-350,-105,299328,299517,189
103,0,blank,0,-350,-105,299517,299707,190
103,0,blank,0,-350,-105,299707,299778,71
103,0,blank,0,-350,-105,299778,299969,191
103,0,blank,0,-350,-105,299969,300152,183
103,0,blank,0,-350,-105,300152,300345,193
103,0,blank,0,-350,-105,300345,300518,173
103,0,blank,0,-350,-105,300518,300670,152
103,0,blank,0,-350,-105,300670,300834,164
103,0,blank,0,-350,-105,300834,301016,182
103,0,blank,0,-350,-105,301016,301173,157
103,0,blank,0,-350,-105,301173,301361,188
103,0,blank,0,-350,-105,301361,301525,164
103,0,blank,0,-350,-105,301525,301712,187
103,0,blank,0,-350,-105,301712,301871,159
103,0,blank,0,-350,-105,301871,302016,145
103,0,blank,0,-350,-105,302016,302181,165
103,0,blank,0,-350,-105,302181,302268,87
103,0,blank,0,-350,-105,302268,302442,174
103,0,blank,0,-350,-105,302442,302523,81
103,0,blank,0,-350,-105,302523,302694,171
103,0,blank,0,-350,-105,302694,302881,187
103,0,blank,0,-350,-105,302881,303078,197
103,0,blank,0,-350,-105,303078,303197,119
103,0,blank,0,-350,-105,303197,303357,160
103,0,blank,0,-350,-105,303357,303500,143
103,0,blank,0,-350,-105,303500,303695,195
103,0,blank,0,-350,-105,303695,303867,172
103,0,blank,0,-350,-105,303867,303985,118
103,0,blank,0,-350,-105,303985,304181,196
103,0,blank,0,-350,-105,304181,304274,93
103,0,blank,0,-350,-105,304274,304427,153
103,0,blank,0,-350,-105,304427,304611,184
103,0,blank,0,-350,-105,304611,304819,208
103,0,blank,0,-350,-105,304819,305044,225
103,0,blank,0,-350,-105,305044,305128,84
103,0,blank,0,-350,-105,305128,305250,122
103,0,blank,0,-350,-105,305250,305373,123
103,0,blank,0,-350,-105,305373,305546,173
103,0,blank,0,-350,-105,305546,305739,193
103,0,blank,0,-350,-105,305739,305934,195
103,0,blank,0,-350,-105,305934,306113,179
103,0,blank,0,-350,-105,306113,306305,192
103,0,blank,0,-350,-105,306305,306444,139
103,0,blank,0,-350,-105,306444,306587,143
103,0,blank,0,-350,-105,306587,306751,164
103,0,blank,0,-350,-105,306751,306927,176
103,0,blank,0,-350,-105,306927,307092,165
103,0,blank,0,-350,-105,307092,307236,144
103,0,blank,0,-350,-105,307236,307292,56
103,0,blank,0,-350,-105,307292,307523,231
103,0,blank,0,-350,-105,307523,307577,54
103,0,blank,0,-350,-105,307577,307766,189
103,0,blank,0,-350,-105,307766,307960,194
103,0,blank,0,-350,-105,307960,308115,155
103,0,blank,0,-350,-105,308115,308268,153
103,0,blank,0,-350,-105,308268,308421,153
103,0,blank,0,372.92245,586.42975,308734,308820,86
103,0,blank,0,-350,-105,308922,309111,189
103,0,blank,0,-350,-105,309111,309283,172
103,0,blank,0,-350,-105,309283,309434,151
103,0,blank,0,-350,-105,309434,309595,161
103,0,blank,0,-350,-105,309595,309738,143
103,0,blank,0,-350,-105,309738,309968,230
103,0,blank,0,-350,-105,309968,310208,240
103,0,blank,0,-350,-105,310208,310389,181
103,0,blank,0,-350,-105,310389,310420,31
103,0,blank,0,-350,-105,310420,310625,205
103,0,blank,0,-350,-105,310625,310825,200
103,0,blank,0,-350,-105,310825,310987,162
103,0,blank,0,-350,-105,310987,311133,146
103,0,blank,0,-350,-105,311133,311312,179
103,0,blank,0,-350,-105,311312,311493,181
103,0,blank,0,-350,-105,311493,311671,178
103,0,blank,0,-350,-105,311671,311858,187
103,0,blank,0,-350,-105,311858,312023,165
103,0,blank,0,-350,-105,312023,312190,167
103,0,blank,0,-350,-105,312190,312353,163
103,0,blank,0,-350,-105,312353,312544,191
103,0,blank,0,-350,-105,312544,312733,189
103,0,blank,0,-350,-105,312733,312911,178
103,0,blank,0,-350,-105,312911,313081,170
103,0,blank,0,-350,-105,313081,313256,175
103,0,blank,0,-350,-105,313256,313430,174
103,0,blank,0,-350,-105,313430,313610,180
103,0,blank,0,-350,-105,313610,313789,179
103,0,blank,0,-350,-105,313789,313966,177
103,0,blank,0,-350,-105,313966,314090,124
103,0,blank,0,-350,-105,314090,314287,197
103,0,blank,0,-350,-105,314287,314475,188
103,0,blank,0,-350,-105,314475,314656,181
103,0,blank,0,-350,-105,314656,314827,171
103,0,blank,0,-350,-105,314827,314926,99
103,0,blank,0,-350,-105,314926,315028,102
103,0,blank,0,-350,-105,315028,315188,160
103,0,blank,0,-350,-105,315188,315356,168
103,0,blank,0,-350,-105,315356,315550,194
103,0,blank,0,-350,-105,315550,315709,159
103,0,blank,0,-350,-105,315709,315819,110
103,0,blank,0,-350,-105,315819,315992,173
103,0,blank,0,-350,-105,315992,316147,155
103,0,blank,0,-350,-105,316147,316327,180
103,0,blank,0,-350,-105,316327,316496,169
103,0,blank,0,-350,-105,316496,316530,34
103,0,blank,0,-350,-105,316530,316740,210
103,0,blank,0,-350,-105,316740,316849,109
103,0,blank,0,-350,-105,316849,316977,128
103,0,blank,0,-350,-105,316977,317327,350
103,0,blank,0,-350,-105,317327,317724,397
103,0,blank,0,-350,-105,317724,317886,162
103,0,blank,0,-350,-105,319011,319190,179
103,0,blank,0,-350,-105,319190,319365,175
103,0,blank,0,-350,-105,319365,319469,104
103,30,),219,575.2465,570.537,319723,319788,65
103,30,"------------------------------------------\n",218,570.026,560.2416,319844,319869,25
103,0,blank,0,158.3391,597.1036,320398,320429,31
103,0,blank,0,157.2697,595.7051,320494,320526,32
103,0,blank,0,-350,-105,320656,320820,164
103,0,blank,0,-350,-105,320820,320971,151
103,0,blank,0,-350,-105,320971,321132,161
103,0,blank,0,-350,-105,321132,321369,237
103,0,blank,0,-350,-105,321369,321563,194
103,0,blank,0,-350,-105,321563,321624,61
103,0,blank,0,-350,-105,321624,321763,139
103,0,blank,0,-350,-105,321763,321887,124
103,0,blank,0,-350,-105,321887,322098,211
103,0,blank,0,-350,-105,322098,322277,179
103,0,blank,0,-350,-105,322277,322464,187
103,0,blank,0,-350,-105,322464,322647,183
103,0,blank,0,-350,-105,322647,322836,189
103,0,blank,0,-350,-105,322836,323021,185
103,0,blank,0,-350,-105,323021,323078,57
103,0,blank,0,-350,-105,323078,323272,194
103,0,blank,0,-350,-105,323272,323575,303
103,0,blank,0,-350,-105,323575,323690,115
103,0,blank,0,-350,-105,323690,323936,246
103,0,blank,0,-350,-105,323936,324036,100
