Frameno_fix,lineno_fix,Tokenname_fix,tokens_id,gaze_X_fix,gaze_Y_fix,timestamp_fix_start,timestamp_fix_end,time_duration
100,0,blank,0,-350,-105,3689,3763,74
100,0,blank,0,-350,-105,3763,4018,255
100,0,blank,0,-350,-105,4018,4273,255
100,0,blank,0,-350,-105,4273,4343,70
100,0,blank,0,-350,-105,4343,4413,70
100,0,blank,0,-350,-105,4413,4487,74
100,0,blank,0,-350,-105,4487,4517,30
100,0,blank,0,-350,-105,4517,4859,342
100,0,blank,0,-350,-105,4859,4983,124
100,0,blank,0,-350,-105,4983,5047,64
100,1,order,10,467.6672,16.6825,5083,5113,30
100,0,blank,0,-350,-105,5517,5605,88
100,0,blank,0,-350,-105,5605,5684,79
100,0,blank,0,-350,-105,5684,5761,77
100,0,blank,0,-350,-105,5761,5837,76
100,0,blank,0,-350,-105,5837,5913,76
100,0,blank,0,-350,-105,5913,5979,66
100,0,blank,0,-350,-105,5979,6017,38
100,0,blank,0,-350,-105,6017,6337,320
100,0,blank,0,-350,-105,6337,6658,321
100,0,blank,0,-350,-105,6658,6727,69
100,0,blank,0,-350,-105,6727,6802,75
100,0,blank,0,-350,-105,6802,6836,34
100,0,blank,0,-350,-105,7098,7187,89
100,0,blank,0,-350,-105,7187,7306,119
100,0,blank,0,-350,-105,7306,7363,57
100,0,blank,0,-350,-105,7363,7478,115
100,0,blank,0,-350,-105,7478,7540,62
100,0,blank,0,111.9333,76.6392,7669,7719,50
100,0,blank,0,-350,-105,8116,8156,40
100,0,blank,0,-350,-105,8156,8220,64
100,0,blank,0,-350,-105,8220,8263,43
100,0,blank,0,-350,-105,8263,8362,99
100,0,blank,0,-350,-105,8362,8469,107
100,0,blank,0,-350,-105,8469,8518,49
100,0,blank,0,-350,-105,8518,8611,93
100,0,blank,0,-350,-105,8611,8704,93
100,0,blank,0,-350,-105,8704,8797,93
100,0,blank,0,-350,-105,8797,8894,97
100,0,blank,0,-350,-105,8894,8961,67
100,0,blank,0,-350,-105,8961,9035,74
100,0,blank,0,-350,-105,9035,9072,37
100,0,blank,0,438.87785,-43.90935,9591,9657,66
100,0,blank,0,-350,-105,9893,9978,85
100,0,blank,0,-350,-105,9978,10060,82
100,0,blank,0,-350,-105,10060,10137,77
100,0,blank,0,-350,-105,10137,10213,76
100,0,blank,0,-350,-105,10213,10288,75
100,0,blank,0,-350,-105,10288,10376,88
100,0,blank,0,-350,-105,10376,10474,98
100,0,blank,0,-350,-105,10474,10546,72
100,0,blank,0,-350,-105,10546,10604,58
100,0,blank,0,-350,-105,10604,10706,102
100,0,blank,0,-350,-105,10706,10831,125
100,0,blank,0,-350,-105,10831,10887,56
100,0,blank,0,-350,-105,10887,10964,77
100,0,blank,0,-350,-105,10964,11127,163
100,0,blank,0,-350,-105,11127,11219,92
100,0,blank,0,-350,-105,11219,11309,90
100,0,blank,0,-350,-105,11309,11380,71
100,0,blank,0,-350,-105,11380,11443,63
100,0,blank,0,-350,-105,11443,11596,153
100,0,blank,0,-350,-105,11596,11696,100
100,0,blank,0,-350,-105,11696,11768,72
100,0,blank,0,-350,-105,11768,11867,99
100,0,blank,0,-350,-105,11867,11924,57
100,0,blank,0,-350,-105,11924,11973,49
100,0,blank,0,-350,-105,11973,12049,76
100,0,blank,0,-350,-105,12049,12143,94
100,0,blank,0,-350,-105,12143,12236,93
100,0,blank,0,-350,-105,12236,12305,69
100,0,blank,0,-350,-105,12305,12372,67
100,0,blank,0,-350,-105,12372,12442,70
100,0,blank,0,-350,-105,12442,12516,74
100,0,blank,0,-350,-105,12516,12594,78
100,0,blank,0,-350,-105,12594,12662,68
100,0,blank,0,-350,-105,12662,12735,73
100,0,blank,0,-350,-105,12735,12808,73
100,0,blank,0,-350,-105,12808,12876,68
100,0,blank,0,-350,-105,12876,12974,98
100,0,blank,0,-350,-105,12974,13058,84
100,0,blank,0,-350,-105,13058,13132,74
100,0,blank,0,-350,-105,13132,13226,94
100,0,blank,0,-350,-105,13226,13286,60
100,0,blank,0,-350,-105,13286,13366,80
100,0,blank,0,-350,-105,13366,13434,68
100,0,blank,0,-350,-105,13434,13531,97
100,0,blank,0,-350,-105,13531,13599,68
100,0,blank,0,-350,-105,13599,13685,86
100,0,blank,0,-350,-105,13685,13761,76
100,0,blank,0,-350,-105,13761,13859,98
100,0,blank,0,-350,-105,13859,13965,106
100,0,blank,0,-350,-105,13965,14326,361
100,0,blank,0,-350,-105,14326,14425,99
100,0,blank,0,-350,-105,14425,14498,73
100,0,blank,0,-350,-105,14498,14561,63
100,0,blank,0,-350,-105,14561,14638,77
100,0,blank,0,-350,-105,14638,14700,62
100,0,blank,0,-350,-105,14700,14761,61
100,0,blank,0,-350,-105,14761,14853,92
100,0,blank,0,-350,-105,14853,14946,93
100,0,blank,0,-350,-105,14946,15033,87
100,0,blank,0,-350,-105,15033,15070,37
100,0,blank,0,-350,-105,15070,15263,193
100,0,blank,0,-350,-105,15263,15455,192
100,0,blank,0,-350,-105,15455,15530,75
100,0,blank,0,-350,-105,15530,15599,69
100,0,blank,0,-350,-105,15599,15674,75
100,0,blank,0,-350,-105,15674,15749,75
100,0,blank,0,-350,-105,15749,15821,72
100,0,blank,0,-350,-105,15821,15896,75
100,0,blank,0,-350,-105,15896,15971,75
100,0,blank,0,-350,-105,15971,16039,68
100,0,blank,0,-350,-105,16039,16111,72
100,0,blank,0,-350,-105,16111,16185,74
100,0,blank,0,-350,-105,16185,16254,69
100,0,blank,0,-350,-105,16254,16334,80
100,0,blank,0,-350,-105,16334,16406,72
100,0,blank,0,-350,-105,16406,16436,30
100,0,blank,0,-350,-105,16436,16530,94
100,0,blank,0,-350,-105,16530,16983,453
100,0,blank,0,-350,-105,17912,17957,45
100,0,blank,0,-350,-105,17957,18093,136
100,0,blank,0,-350,-105,18306,18393,87
100,0,blank,0,-350,-105,18393,18473,80
100,0,blank,0,-350,-105,18473,18568,95
100,0,blank,0,-350,-105,18568,18645,77
100,0,blank,0,-350,-105,18645,18724,79
100,0,blank,0,-350,-105,18724,18788,64
100,0,blank,0,-350,-105,18788,18862,74
100,0,blank,0,-350,-105,18862,18929,67
100,0,blank,0,-350,-105,18929,19001,72
100,0,blank,0,-350,-105,19001,19076,75
100,0,blank,0,-350,-105,19076,19143,67
100,0,blank,0,-350,-105,19143,19232,89
100,0,blank,0,-350,-105,19232,19308,76
100,0,blank,0,-350,-105,19308,19362,54
100,0,blank,0,-350,-105,19362,19432,70
100,0,blank,0,-350,-105,19432,19501,69
100,0,blank,0,-350,-105,19501,19675,174
100,0,blank,0,-350,-105,19675,19855,180
100,0,blank,0,-350,-105,19855,19987,132
100,0,blank,0,-350,-105,19987,20084,97
100,0,blank,0,-350,-105,20084,20115,31
100,0,blank,0,-350,-105,20115,20204,89
100,0,blank,0,-350,-105,20204,20293,89
100,0,blank,0,-350,-105,20293,20383,90
100,0,blank,0,-350,-105,20383,20437,54
100,0,blank,0,-350,-105,20437,20505,68
100,0,blank,0,-350,-105,20505,20579,74
100,0,blank,0,-350,-105,20579,20653,74
100,0,blank,0,-350,-105,20653,20722,69
100,0,blank,0,-350,-105,20722,20796,74
100,0,blank,0,-350,-105,20796,20849,53
100,0,blank,0,-350,-105,20849,21029,180
100,0,blank,0,-350,-105,21029,21112,83
100,0,blank,0,-350,-105,21112,21450,338
100,0,blank,0,-350,-105,21450,21525,75
100,0,blank,0,-350,-105,21525,21594,69
100,0,blank,0,-350,-105,21594,21668,74
100,0,blank,0,-350,-105,21668,21743,75
100,0,blank,0,-350,-105,21743,21811,68
100,0,blank,0,-350,-105,21811,21902,91
100,0,blank,0,-350,-105,21902,22024,122
100,0,blank,0,-350,-105,22024,22110,86
100,0,blank,0,-350,-105,22110,22402,292
100,0,blank,0,-350,-105,22402,22476,74
100,0,blank,0,-350,-105,22476,22546,70
100,0,blank,0,-350,-105,22546,22596,50
100,0,blank,0,-350,-105,22596,22953,357
100,0,blank,0,-350,-105,22953,23022,69
100,0,blank,0,-350,-105,23022,23110,88
100,0,blank,0,-350,-105,23110,23203,93
100,0,blank,0,-350,-105,23203,23283,80
100,0,blank,0,-350,-105,23283,23352,69
100,0,blank,0,-350,-105,23352,23424,72
100,0,blank,0,-350,-105,23424,23498,74
100,0,blank,0,-350,-105,23498,23567,69
100,0,blank,0,-350,-105,23567,23639,72
100,0,blank,0,-350,-105,23639,23895,256
100,0,blank,0,-350,-105,23895,24149,254
100,0,blank,0,-350,-105,24149,24212,63
100,0,blank,0,-350,-105,24212,24516,304
100,0,blank,0,-350,-105,24516,24820,304
100,0,blank,0,-350,-105,24820,24888,68
100,0,blank,0,-350,-105,24888,24972,84
100,0,blank,0,-350,-105,24972,25236,264
100,0,blank,0,-350,-105,25236,25320,84
100,0,blank,0,-350,-105,25320,25419,99
100,0,blank,0,-350,-105,25419,25518,99
100,0,blank,0,-350,-105,25518,25592,74
100,0,blank,0,-350,-105,25592,25659,67
100,0,blank,0,-350,-105,25659,25695,36
100,0,blank,0,-350,-105,25695,25951,256
100,0,blank,0,-350,-105,25951,26206,255
100,0,blank,0,-350,-105,26206,26271,65
100,0,blank,0,-350,-105,26271,26597,326
100,0,blank,0,-350,-105,26597,26671,74
100,0,blank,0,-350,-105,26671,26997,326
100,0,blank,0,-350,-105,26997,27104,107
100,0,blank,0,-350,-105,27104,27185,81
100,0,blank,0,-350,-105,27185,27225,40
100,0,blank,0,-350,-105,27225,27324,99
100,0,blank,0,-350,-105,27324,27435,111
100,0,blank,0,-350,-105,27435,27466,31
100,0,blank,0,-350,-105,27466,27616,150
100,0,blank,0,-350,-105,27616,27772,156
100,0,blank,0,-350,-105,27772,27846,74
100,0,blank,0,-350,-105,27846,27920,74
100,0,blank,0,-350,-105,27920,27988,68
100,0,blank,0,-350,-105,27988,28084,96
100,0,blank,0,-350,-105,28084,28110,26
100,0,blank,0,-350,-105,28110,28253,143
100,0,blank,0,-350,-105,28253,28472,219
100,0,blank,0,-350,-105,28472,28544,72
100,0,blank,0,-350,-105,28544,28675,131
100,0,blank,0,-350,-105,28675,28797,122
100,0,blank,0,-350,-105,28797,28914,117
100,0,blank,0,-350,-105,28914,28989,75
100,0,blank,0,-350,-105,28989,29072,83
100,0,blank,0,-350,-105,29072,29103,31
100,0,blank,0,-350,-105,29103,29305,202
100,0,blank,0,-350,-105,29305,29504,199
100,0,blank,0,-350,-105,29504,29572,68
100,0,blank,0,-350,-105,29572,29671,99
100,0,blank,0,-350,-105,29671,29751,80
100,0,blank,0,-350,-105,29751,29782,31
100,0,blank,0,-350,-105,29782,29866,84
100,0,blank,0,-350,-105,29866,29965,99
100,0,blank,0,-350,-105,29965,30037,72
100,0,blank,0,-350,-105,30037,30121,84
100,0,blank,0,-350,-105,30121,30216,95
100,0,blank,0,-350,-105,30216,30311,95
100,0,blank,0,-350,-105,30311,30377,66
100,0,blank,0,-350,-105,30377,30468,91
100,0,blank,0,-350,-105,30468,30519,51
100,0,blank,0,-350,-105,30519,30571,52
100,0,blank,0,-350,-105,30571,30669,98
100,0,blank,0,-350,-105,30669,30798,129
100,0,blank,0,-350,-105,30798,30890,92
100,0,blank,0,-350,-105,30890,31234,344
100,0,blank,0,-350,-105,31234,31307,73
100,0,blank,0,-350,-105,31307,31374,67
100,0,blank,0,-350,-105,31374,31466,92
100,0,blank,0,-350,-105,31466,31551,85
100,0,blank,0,-350,-105,31551,31625,74
100,0,blank,0,-350,-105,31625,31722,97
100,0,blank,0,-350,-105,31722,31815,93
100,0,blank,0,-350,-105,31815,31907,92
100,0,blank,0,-350,-105,31907,31988,81
100,0,blank,0,-350,-105,31988,32071,83
100,0,blank,0,-350,-105,32071,32156,85
100,0,blank,0,-350,-105,32156,32248,92
100,0,blank,0,-350,-105,32248,32327,79
100,0,blank,0,-350,-105,32327,32418,91
100,0,blank,0,-350,-105,32418,32490,72
100,0,blank,0,-350,-105,32490,32714,224
100,0,blank,0,-350,-105,32714,32743,29
100,0,blank,0,-350,-105,32743,32814,71
100,0,blank,0,-350,-105,32814,32888,74
100,0,blank,0,-350,-105,32888,32982,94
100,0,blank,0,-350,-105,32982,33044,62
100,0,blank,0,-350,-105,33044,33100,56
100,0,blank,0,-350,-105,33100,33176,76
100,0,blank,0,-350,-105,33176,33247,71
100,0,blank,0,-350,-105,33247,33366,119
100,0,blank,0,-350,-105,33366,33646,280
100,0,blank,0,-350,-105,33646,33732,86
100,0,blank,0,-350,-105,33732,33792,60
100,0,blank,0,-350,-105,33792,33970,178
100,0,blank,0,-350,-105,33970,34087,117
100,0,blank,0,-350,-105,34087,34155,68
100,0,blank,0,-350,-105,34155,34250,95
100,0,blank,0,-350,-105,34250,34284,34
100,0,blank,0,-350,-105,34284,34411,127
100,0,blank,0,-350,-105,34411,34429,18
100,0,blank,0,-350,-105,34429,34632,203
100,0,blank,0,-350,-105,34632,34844,212
100,0,blank,0,-350,-105,34844,35150,306
100,0,blank,0,-350,-105,35150,35220,70
100,0,blank,0,-350,-105,35220,35293,73
100,0,blank,0,-350,-105,35293,35355,62
100,0,blank,0,-350,-105,35355,35411,56
100,0,blank,0,-350,-105,35411,35475,64
100,0,blank,0,-350,-105,35475,35516,41
100,0,blank,0,-350,-105,35516,35606,90
100,0,blank,0,-350,-105,35606,35675,69
100,0,blank,0,-350,-105,35675,35741,66
100,0,blank,0,-350,-105,35741,35839,98
100,0,blank,0,-350,-105,35839,35916,77
100,0,blank,0,-350,-105,35916,35984,68
100,0,blank,0,-350,-105,35984,36078,94
100,0,blank,0,-350,-105,36078,36132,54
100,0,blank,0,-350,-105,36132,36258,126
100,0,blank,0,-350,-105,36258,36488,230
100,0,blank,0,-350,-105,36488,36536,48
100,0,blank,0,-350,-105,36536,36736,200
100,0,blank,0,-350,-105,36736,36823,87
100,0,blank,0,-350,-105,36823,36863,40
100,0,blank,0,-350,-105,36863,36929,66
100,0,blank,0,-350,-105,36929,37001,72
100,0,blank,0,-350,-105,37001,37090,89
100,0,blank,0,-350,-105,37090,37169,79
100,0,blank,0,-350,-105,37169,37246,77
100,0,blank,0,-350,-105,37246,37288,42
100,0,blank,0,-350,-105,37288,37366,78
100,0,blank,0,-350,-105,37366,37402,36
100,0,blank,0,-350,-105,37402,37543,141
100,0,blank,0,-350,-105,37543,37631,88
100,0,blank,0,-350,-105,37631,37802,171
100,0,blank,0,-350,-105,37802,37925,123
100,0,blank,0,-350,-105,37925,37993,68
100,0,blank,0,-350,-105,37993,38088,95
100,0,blank,0,-350,-105,38088,38169,81
100,0,blank,0,-350,-105,38169,38227,58
100,0,blank,0,-350,-105,38227,38379,152
100,0,blank,0,-350,-105,38379,38456,77
100,0,blank,0,-350,-105,38456,38546,90
100,0,blank,0,-350,-105,38546,38597,51
100,0,blank,0,-350,-105,38597,38719,122
100,0,blank,0,-350,-105,38719,38809,90
100,0,blank,0,-350,-105,38809,38881,72
100,0,blank,0,-350,-105,38881,38944,63
100,0,blank,0,-350,-105,38944,38992,48
100,0,blank,0,-350,-105,38992,39108,116
100,0,blank,0,-350,-105,39108,39144,36
100,0,blank,0,-350,-105,39144,39226,82
100,0,blank,0,-350,-105,39226,39274,48
100,0,blank,0,-350,-105,39274,39378,104
100,0,blank,0,-350,-105,39378,39422,44
100,0,blank,0,-350,-105,39422,39519,97
100,0,blank,0,-350,-105,39519,39545,26
100,0,blank,0,-350,-105,39545,39626,81
100,0,blank,0,-350,-105,39626,39651,25
100,0,blank,0,-350,-105,39651,39749,98
100,0,blank,0,-350,-105,39749,39854,105
100,0,blank,0,-350,-105,39854,40019,165
100,0,blank,0,-350,-105,40019,40118,99
100,0,blank,0,-350,-105,40118,40173,55
100,0,blank,0,-350,-105,40173,40231,58
100,0,blank,0,-350,-105,40231,40291,60
100,0,blank,0,-350,-105,40291,40374,83
100,0,blank,0,-350,-105,40374,40458,84
100,0,blank,0,-350,-105,40458,40542,84
100,0,blank,0,-350,-105,40542,40608,66
100,0,blank,0,-350,-105,40608,40680,72
100,0,blank,0,-350,-105,40680,40747,67
100,0,blank,0,-350,-105,40747,40780,33
100,0,blank,0,173.1479,129.7385,41308,41407,99
100,0,blank,0,-350,-105,41774,41907,133
100,6,10,44,156.7762,122.0243,42027,42065,38
100,0,blank,0,-350,-105,42846,42890,44
101,6,comma,49,207.0296,125.908,43075,43108,33
101,8,"Enterthevalueofn\n",64,174.89185,170.7585,43177,43241,64
101,8,"Enterthevalueofn\n",64,169.2534,160.7672,43241,43310,69
101,0,blank,0,188.032433333333,178.1343,43343,43439,96
101,8,"Enterthevalueofn\n",64,181.1716,173.0527,43439,43472,33
101,9,;,74,195.53475,190.2839,43503,43567,64
101,8,"Enterthevalueofn\n",64,200.180733333333,172.924633333333,43631,43727,96
101,9,;,74,199.6263,180.6473,43727,43758,31
101,10,"Enter%dnames",77,252.706766666667,204.8553,43919,44015,96
101,10,;,81,328.88045,211.7976,44142,44206,64
101,0,blank,0,391.6709,197.490566666667,44238,44333,95
101,0,blank,0,393.0544,211.45295,44333,44398,65
101,0,blank,0,388.7731,163.3933,44621,44652,31
101,0,blank,0,400.36555,153.59645,44684,44748,64
101,8,),65,370.0927,158.2235,44811,44843,32
101,0,blank,0,204.96085,196.64255,45161,45225,64
101,9,&,71,170.1037,179.7662,45512,45544,32
101,0,blank,0,167.275233333333,178.845866666667,45607,45703,96
101,8,"Enterthevalueofn\n",64,170.7783,164.7603,45703,45734,31
101,8,"Enterthevalueofn\n",64,129.9039,177.2588,45798,45830,32
101,0,blank,0,-350,-105,45959,46040,81
101,0,blank,0,-350,-105,46040,46118,78
101,0,blank,0,-350,-105,46118,46211,93
101,0,blank,0,-350,-105,46211,46288,77
101,0,blank,0,-350,-105,46288,46363,75
101,0,blank,0,-350,-105,46363,46456,93
101,0,blank,0,-350,-105,46456,46525,69
101,0,blank,0,-350,-105,46525,46615,90
101,0,blank,0,-350,-105,46615,46657,42
101,0,blank,0,-350,-105,46657,46744,87
101,0,blank,0,-350,-105,46744,46763,19
101,0,blank,0,-350,-105,46763,46924,161
101,0,blank,0,-350,-105,46924,47083,159
101,0,blank,0,-350,-105,47083,47158,75
101,0,blank,0,-350,-105,47158,47232,74
101,0,blank,0,-350,-105,47232,47300,68
101,0,blank,0,-350,-105,47300,47390,90
101,0,blank,0,-350,-105,47390,47467,77
101,0,blank,0,-350,-105,47467,47559,92
101,0,blank,0,-350,-105,47559,47641,82
101,0,blank,0,-350,-105,47641,47723,82
101,0,blank,0,-350,-105,47723,47821,98
101,0,blank,0,-350,-105,47821,47899,78
101,0,blank,0,-350,-105,47899,47969,70
101,0,blank,0,-350,-105,47969,48065,96
101,0,blank,0,-350,-105,48065,48102,37
101,0,blank,0,-350,-105,48102,48239,137
101,0,blank,0,-350,-105,48239,48411,172
101,0,blank,0,-350,-105,48411,48653,242
101,0,blank,0,-350,-105,48653,48744,91
101,0,blank,0,-350,-105,48744,48817,73
101,0,blank,0,-350,-105,48817,48886,69
101,0,blank,0,-350,-105,48886,48954,68
101,0,blank,0,-350,-105,48954,48994,40
101,0,blank,0,-350,-105,48994,49076,82
101,0,blank,0,-350,-105,49076,49129,53
101,0,blank,0,-350,-105,49129,49267,138
101,0,blank,0,-350,-105,49267,49304,37
101,0,blank,0,-350,-105,49304,49388,84
101,0,blank,0,-350,-105,49388,49481,93
101,0,blank,0,-350,-105,49481,49579,98
101,0,blank,0,-350,-105,49579,49656,77
101,0,blank,0,-350,-105,49656,49736,80
101,0,blank,0,-350,-105,49736,49791,55
101,0,blank,0,-350,-105,49791,49862,71
101,0,blank,0,-350,-105,49862,49961,99
101,0,blank,0,-350,-105,49961,50010,49
101,0,blank,0,-350,-105,50010,50093,83
101,0,blank,0,-350,-105,50093,50185,92
101,0,blank,0,-350,-105,50185,50249,64
101,0,blank,0,-350,-105,50249,50602,353
101,0,blank,0,-350,-105,50602,50958,356
101,0,blank,0,-350,-105,50958,51089,131
101,0,blank,0,-350,-105,51089,51159,70
101,0,blank,0,-350,-105,51159,51253,94
101,0,blank,0,-350,-105,51253,51277,24
101,0,blank,0,-350,-105,51277,51427,150
101,0,blank,0,-350,-105,51427,51515,88
101,0,blank,0,-350,-105,51515,51616,101
101,0,blank,0,-350,-105,51616,51697,81
101,0,blank,0,-350,-105,51697,51770,73
101,0,blank,0,-350,-105,51770,51862,92
101,0,blank,0,-350,-105,51862,51945,83
101,0,blank,0,-350,-105,51945,52028,83
101,0,blank,0,-350,-105,52028,52070,42
101,0,blank,0,-350,-105,52070,52209,139
101,0,blank,0,-350,-105,52209,52262,53
101,0,blank,0,-350,-105,52262,52379,117
101,0,blank,0,-350,-105,52379,52444,65
101,0,blank,0,-350,-105,52444,52594,150
101,0,blank,0,-350,-105,52594,52641,47
101,0,blank,0,-350,-105,52641,52702,61
101,0,blank,0,-350,-105,52702,52753,51
101,0,blank,0,-350,-105,52753,53041,288
101,0,blank,0,-350,-105,53041,53124,83
101,0,blank,0,-350,-105,53124,53211,87
101,11,0,86,134.4114,227.1622,53375,53444,69
101,11,=,85,123.59955,232.45885,53531,53594,63
101,11,(,83,88.2603,225.7553,53819,53851,32
101,10,printf,75,50.0365,203.8402,53979,54043,64
101,10,"Enter%dnames",77,144.8005,207.9363,54297,54331,34
101,0,blank,0,288.3412,222.8202,54526,54559,33
101,0,blank,0,297.9712,187.1195,54592,54624,32
101,10,printf,75,68.5836,207.5556,54911,54943,32
101,9,scanf,67,58.14835,189.94135,54974,55039,65
101,10,printf,75,67.295,205.1931,55102,55133,31
101,10,printf,75,69.3668,204.9826,55288,55319,31
101,0,blank,0,-25.5011,198.8614,55602,55633,31
101,0,blank,0,-350,-105,56166,56264,98
101,0,blank,0,-350,-105,56264,56341,77
101,0,blank,0,-350,-105,56341,56419,78
101,0,blank,0,-350,-105,56419,56497,78
101,0,blank,0,-350,-105,56497,56573,76
101,0,blank,0,-350,-105,56573,56636,63
101,0,blank,0,-350,-105,56636,56704,68
101,0,blank,0,-350,-105,56704,56778,74
101,0,blank,0,-350,-105,56778,56852,74
101,0,blank,0,-350,-105,56852,56920,68
101,0,blank,0,-350,-105,56920,56994,74
101,0,blank,0,-350,-105,56994,57068,74
101,0,blank,0,-350,-105,57068,57137,69
101,0,blank,0,-350,-105,57137,57211,74
101,0,blank,0,-350,-105,57211,57264,53
101,0,blank,0,-350,-105,57264,57415,151
101,0,blank,0,-350,-105,57415,57439,24
101,0,blank,0,-350,-105,57439,58108,669
101,0,blank,0,-350,-105,58108,58530,422
101,0,blank,0,-350,-105,58530,58599,69
101,0,blank,0,-350,-105,58599,58675,76
101,0,blank,0,-350,-105,58675,58727,52
101,0,blank,0,-350,-105,58727,58821,94
101,0,blank,0,-350,-105,58821,58853,32
101,0,blank,0,-350,-105,58853,59023,170
101,0,blank,0,-350,-105,59023,59105,82
101,0,blank,0,-350,-105,59105,59185,80
101,0,blank,0,-350,-105,59185,59249,64
101,0,blank,0,-350,-105,59249,59295,46
101,0,blank,0,-350,-105,59295,59360,65
101,0,blank,0,-350,-105,59360,59579,219
101,0,blank,0,-350,-105,60213,60271,58
101,0,blank,0,366.294266666667,204.038966666667,62485,62579,94
101,0,blank,0,271.4892,190.6029,62737,62770,33
101,0,blank,0,278.7885,193.0765,62863,62925,62
101,0,blank,0,279.48825,190.15025,62988,63050,62
101,0,blank,0,-350,-105,63081,63139,58
101,0,blank,0,236.2213,178.6686,63164,63209,45
101,10,"Enter%dnames",77,217.0493,215.538166666667,63276,63374,98
101,10,"Enter%dnames",77,205.8034,221.5566,63374,63405,31
101,0,blank,0,-350,-105,63501,63583,82
101,10,"Enter%dnames",77,259.0509,218.435,63794,63819,25
101,11,++,93,260.6114,243.5247,63916,63947,31
101,0,blank,0,267.0562,256.86585,64010,64074,64
101,0,blank,0,296.332766666667,243.684966666667,64170,64266,96
101,0,blank,0,307.8712,260.712,64266,64298,32
101,0,blank,0,245.398933333333,247.4276,64330,64425,95
101,11,++,93,249.018266666667,238.519266666667,64425,64520,95
101,0,blank,0,-350,-105,64614,64671,57
101,0,blank,0,-350,-105,64671,64760,89
101,11,++,93,253.245466666667,240.7606,64790,64873,83
101,0,blank,0,295.6921,235.8768,64938,64970,32
101,0,blank,0,288.40105,244.07545,65035,65100,65
101,0,blank,0,343.6323,243.4898,65260,65292,32
101,0,blank,0,363.2472,253.2902,65323,65355,32
101,0,blank,0,-350,-105,65419,65502,83
101,0,blank,0,-350,-105,65502,65547,45
101,0,blank,0,226.2467,240.6473,65623,65656,33
101,0,blank,0,232.836166666667,235.160033333333,65688,65785,97
101,0,blank,0,231.6221,245.1837,65818,65850,32
101,11,++,93,254.7796,231.5992,66011,66074,63
101,11,++,93,263.03795,240.25825,66107,66171,64
101,0,blank,0,346.6543,252.8011,66396,66428,32
101,0,blank,0,351.707,231.5965,66526,66560,34
101,0,blank,0,262.2281,256.06665,66659,66724,65
101,0,blank,0,274.2642,247.0269,66757,66790,33
101,0,blank,0,288.3926,253.75165,66823,66890,67
101,0,blank,0,294.6366,249.841333333333,66890,66989,99
101,0,blank,0,-350,-105,67055,67139,84
101,0,blank,0,-350,-105,67139,67189,50
101,0,blank,0,272.8693,245.93155,67215,67272,57
101,0,blank,0,206.247766666667,264.712866666667,67337,67436,99
101,0,blank,0,201.751033333333,264.317566666667,67468,67566,98
101,0,blank,0,207.2789,261.8551,67566,67664,98
101,13,comma,99,190.635666666667,286.317333333333,67696,67794,98
101,0,blank,0,200.265033333333,320.577466666667,67860,67958,98
101,0,blank,0,206.5887,327.9307,67958,67990,32
101,0,blank,0,284.1406,321.6504,68087,68120,33
101,0,blank,0,280.106,319.5116,68186,68219,33
101,0,blank,0,236.3427,185.4364,68284,68318,34
101,0,blank,0,235.5342,180.9542,68351,68384,33
101,0,blank,0,231.8021,189.0692,68482,68515,33
101,9,;,74,200.685566666667,197.782733333333,68579,68676,97
101,0,blank,0,203.048,195.1559,68676,68773,97
101,0,blank,0,202.5952,197.7374,68773,68805,32
101,8,"Enterthevalueofn\n",64,226.868133333333,172.7733,68838,68936,98
101,8,"Enterthevalueofn\n",64,209.2374,162.8114,69034,69067,33
101,8,"Enterthevalueofn\n",64,200.53585,159.8811,69099,69164,65
101,0,blank,0,196.6495,154.1338,69164,69199,35
101,8,"Enterthevalueofn\n",64,176.0544,163.3709,69230,69327,97
101,8,"Enterthevalueofn\n",64,177.1858,157.5843,69327,69360,33
101,8,"Enterthevalueofn\n",64,181.8573,170.026,69392,69425,33
101,8,"Enterthevalueofn\n",64,199.6343,170.7095,69457,69490,33
101,0,blank,0,203.8875,188.38,69523,69555,32
101,0,blank,0,-350,-105,69621,69653,32
101,0,blank,0,291.644,156.0839,69787,69812,25
101,0,blank,0,327.442766666667,153.904166666667,69945,70043,98
101,8,"Enterthevalueofn\n",64,324.5175,159.1663,70043,70077,34
101,8,"Enterthevalueofn\n",64,295.7726,167.256,70110,70142,32
101,0,blank,0,376.5965,73.4574,70242,70275,33
101,0,blank,0,371.8314,66.34805,70341,70408,67
101,0,blank,0,385.343,67.5594666666667,70440,70539,99
101,0,blank,0,394.1427,79.6544,70539,70572,33
101,0,blank,0,290.68995,59.892,70605,70671,66
101,0,blank,0,277.6127,52.87535,70737,70803,66
101,0,blank,0,227.2246,58.5814333333333,70901,70998,97
101,0,blank,0,225.6456,57.4593,70998,71065,67
101,0,blank,0,267.7938,48.3009,71196,71229,33
101,0,blank,0,307.971033333333,59.1685,71262,71360,98
101,0,blank,0,309.2047,64.6107333333333,71360,71459,99
101,0,blank,0,310.786466666667,63.414,71459,71557,98
101,0,blank,0,310.7058,67.0992,71557,71590,33
101,0,blank,0,375.769233333333,70.7890666666667,71624,71723,99
101,0,blank,0,378.4995,75.5598,71723,71756,33
101,0,blank,0,312.3003,65.2752,71953,71985,32
101,0,blank,0,285.851,60.7385,72019,72051,32
101,0,blank,0,294.506033333333,65.4042666666667,72084,72183,99
101,0,blank,0,415.57095,75.90245,72250,72316,66
101,0,blank,0,498.5694,72.8922,72449,72482,33
101,0,blank,0,-350,-105,72517,72612,95
101,0,blank,0,-350,-105,72612,72704,92
101,0,blank,0,-350,-105,72704,72803,99
101,0,blank,0,-350,-105,72803,72880,77
101,0,blank,0,-350,-105,72880,72955,75
101,0,blank,0,-350,-105,72955,73054,99
101,0,blank,0,-350,-105,73054,73121,67
101,0,blank,0,-350,-105,73121,73193,72
101,0,blank,0,-350,-105,73193,73266,73
101,0,blank,0,-350,-105,73266,73333,67
101,0,blank,0,-350,-105,73333,73405,72
101,0,blank,0,-350,-105,73405,73496,91
101,0,blank,0,-350,-105,73496,73557,61
101,0,blank,0,-350,-105,73557,73710,153
101,0,blank,0,-350,-105,73710,73739,29
101,0,blank,0,-350,-105,73739,73827,88
101,0,blank,0,-350,-105,73827,73856,29
101,0,blank,0,-350,-105,73856,74035,179
101,0,blank,0,-350,-105,74035,74210,175
101,0,blank,0,-350,-105,74210,74277,67
101,0,blank,0,-350,-105,74277,74349,72
101,0,blank,0,-350,-105,74349,74433,84
101,0,blank,0,-350,-105,74433,74520,87
101,0,blank,0,-350,-105,74520,74589,69
101,0,blank,0,-350,-105,74589,74676,87
101,0,blank,0,-350,-105,74676,74761,85
101,0,blank,0,-350,-105,74761,74802,41
101,0,blank,0,-350,-105,74802,74894,92
101,0,blank,0,-350,-105,74894,74982,88
101,0,blank,0,-350,-105,74982,75067,85
101,0,blank,0,-350,-105,75067,75101,34
101,0,blank,0,-350,-105,75101,75244,143
101,0,blank,0,-350,-105,75244,75326,82
101,0,blank,0,-350,-105,75326,75360,34
101,0,blank,0,-350,-105,75360,75445,85
101,0,blank,0,-350,-105,75445,75517,72
101,0,blank,0,-350,-105,75517,75568,51
101,0,blank,0,-350,-105,75568,75647,79
101,0,blank,0,-350,-105,75647,75743,96
101,0,blank,0,-350,-105,75743,75780,37
101,0,blank,0,-350,-105,75780,75963,183
101,0,blank,0,-350,-105,75963,76024,61
101,0,blank,0,-350,-105,76024,76106,82
101,0,blank,0,-350,-105,76106,76173,67
101,0,blank,0,-350,-105,76173,76302,129
101,0,blank,0,-350,-105,76302,76384,82
101,0,blank,0,-350,-105,76384,76436,52
101,0,blank,0,-350,-105,76436,76696,260
101,0,blank,0,-350,-105,76696,76776,80
101,0,blank,0,-350,-105,76776,76843,67
101,0,blank,0,-350,-105,76843,76915,72
101,0,blank,0,-350,-105,76915,76988,73
101,0,blank,0,-350,-105,76988,77056,68
101,0,blank,0,-350,-105,77056,77129,73
101,0,blank,0,-350,-105,77129,77201,72
101,0,blank,0,-350,-105,77201,77271,70
101,0,blank,0,-350,-105,77271,77345,74
101,0,blank,0,-350,-105,77345,77419,74
101,0,blank,0,-350,-105,77419,77487,68
101,0,blank,0,-350,-105,77487,77561,74
101,0,blank,0,-350,-105,77561,77615,54
101,0,blank,0,-350,-105,77615,77753,138
101,0,blank,0,-350,-105,77753,78064,311
101,0,blank,0,-350,-105,78064,78273,209
101,0,blank,0,-350,-105,78273,78349,76
101,0,blank,0,-350,-105,78349,78437,88
101,0,blank,0,-350,-105,78437,78512,75
101,0,blank,0,-350,-105,78512,78610,98
101,0,blank,0,-350,-105,78610,78705,95
101,0,blank,0,-350,-105,78705,78768,63
101,0,blank,0,-350,-105,78768,78808,40
101,0,blank,0,-350,-105,78808,78971,163
101,0,blank,0,-350,-105,78971,79040,69
101,0,blank,0,-350,-105,79040,79119,79
101,0,blank,0,-350,-105,79119,79199,80
101,0,blank,0,-350,-105,79199,79278,79
101,0,blank,0,-350,-105,79278,79352,74
101,0,blank,0,-350,-105,79352,79440,88
101,0,blank,0,-350,-105,79440,79525,85
101,0,blank,0,-350,-105,79525,79631,106
101,0,blank,0,-350,-105,79631,79759,128
101,0,blank,0,-350,-105,79759,79918,159
101,0,blank,0,-350,-105,79918,80215,297
101,0,blank,0,-350,-105,80215,80317,102
101,0,blank,0,-350,-105,80317,80385,68
101,0,blank,0,-350,-105,80385,80458,73
101,0,blank,0,-350,-105,80458,80513,55
101,0,blank,0,-350,-105,80513,80746,233
101,0,blank,0,-350,-105,80746,81000,254
101,0,blank,0,-350,-105,81000,81087,87
101,0,blank,0,-350,-105,81087,81114,27
101,0,blank,0,-350,-105,81114,81320,206
101,0,blank,0,-350,-105,81320,81523,203
101,0,blank,0,-350,-105,81523,81592,69
101,0,blank,0,-350,-105,81592,81663,71
101,0,blank,0,-350,-105,81663,81737,74
101,0,blank,0,-350,-105,81737,81805,68
101,0,blank,0,-350,-105,81805,81889,84
101,0,blank,0,-350,-105,81889,81965,76
101,0,blank,0,-350,-105,81965,82034,69
101,0,blank,0,-350,-105,82034,82317,283
101,0,blank,0,-350,-105,82317,82395,78
101,0,blank,0,-350,-105,82395,82574,179
101,0,blank,0,-350,-105,82574,82641,67
101,0,blank,0,-350,-105,82641,82714,73
101,0,blank,0,-350,-105,82714,82787,73
101,0,blank,0,-350,-105,82787,82854,67
101,0,blank,0,-350,-105,82854,82927,73
101,0,blank,0,-350,-105,82927,82975,48
101,0,blank,0,-350,-105,82975,83073,98
101,0,blank,0,-350,-105,83073,83162,89
101,0,blank,0,-350,-105,83162,83377,215
101,0,blank,0,-350,-105,83377,83441,64
101,0,blank,0,-350,-105,83441,83512,71
101,0,blank,0,-350,-105,83512,83585,73
101,0,blank,0,-350,-105,83585,83666,81
101,0,blank,0,-350,-105,83666,83759,93
101,0,blank,0,-350,-105,83759,83847,88
101,0,blank,0,-350,-105,83847,83915,68
101,0,blank,0,-350,-105,83915,83989,74
101,0,blank,0,-350,-105,83989,84062,73
101,0,blank,0,-350,-105,84062,84131,69
101,0,blank,0,-350,-105,84131,84228,97
101,0,blank,0,-350,-105,84228,84323,95
101,0,blank,0,-350,-105,84323,84348,25
101,0,blank,0,-350,-105,84348,84443,95
101,0,blank,0,-350,-105,84443,84609,166
101,0,blank,0,-350,-105,84609,84805,196
101,0,blank,0,-350,-105,84805,84886,81
101,0,blank,0,-350,-105,84886,84956,70
101,0,blank,0,-350,-105,84956,85032,76
101,0,blank,0,-350,-105,85032,85109,77
101,0,blank,0,-350,-105,85109,85178,69
101,0,blank,0,-350,-105,85178,85254,76
101,0,blank,0,-350,-105,85254,85306,52
101,0,blank,0,-350,-105,85306,85497,191
101,0,blank,0,-350,-105,85497,85570,73
101,0,blank,0,-350,-105,85570,85665,95
101,0,blank,0,-350,-105,85665,85870,205
101,0,blank,0,-350,-105,85870,86037,167
101,0,blank,0,-350,-105,86037,86074,37
101,0,blank,0,-350,-105,86074,86315,241
101,0,blank,0,-350,-105,86315,86378,63
101,0,blank,0,-350,-105,86378,86419,41
101,0,blank,0,-350,-105,86419,86484,65
101,0,blank,0,-350,-105,86484,86687,203
101,0,blank,0,-350,-105,86687,86853,166
101,0,blank,0,-350,-105,86853,86884,31
101,0,blank,0,-350,-105,86884,87116,232
101,0,blank,0,-350,-105,87116,87152,36
101,0,blank,0,-350,-105,87152,87394,242
101,0,blank,0,-350,-105,87394,87536,142
101,6,10,44,284.59065,123.6246,88319,88399,80
101,0,blank,0,286.8444,59.5675,88535,88571,36
101,0,blank,0,288.1116,94.6474,88705,88739,34
101,0,blank,0,295.793,92.2103,88806,88838,32
101,6,[,51,279.0948,119.8871,88938,88969,31
101,0,blank,0,277.272766666667,139.833,89067,89164,97
101,6,[,51,280.6519,127.9742,89164,89196,32
101,0,blank,0,273.5797,138.51665,89229,89295,66
101,0,blank,0,-350,-105,89423,89501,78
101,0,blank,0,241.0603,194.5624,89663,89720,57
101,0,blank,0,251.5999,198.6973,90385,90416,31
101,10,"Enter%dnames",77,247.6027,211.2858,90510,90542,32
101,0,blank,0,223.7601,196.7668,90638,90669,31
101,0,blank,0,236.1506,187.0382,90700,90733,33
101,0,blank,0,231.3415,198.1837,90764,90795,31
101,10,printf,75,82.8892,204.0293,90951,90982,31
101,10,"Enter%dnames",77,114.4556,217.942,91142,91174,32
101,11,i,92,94.75,231.5755,91237,91269,32
101,9,(,68,99.235,199.9657,91334,91366,32
101,10,printf,75,91.3948,213.8782,91652,91683,31
101,10,printf,75,102.5586,212.5415,91778,91810,32
101,0,blank,0,104.6306,208.1706,91906,91938,32
101,10,(,76,112.4196,215.1593,92002,92066,64
101,11,(,83,91.1936,225.3713,92099,92130,31
101,10,printf,75,94.7325,205.2751,92225,92256,31
101,10,printf,75,102.7579,221.3623,92288,92320,32
101,11,i,92,102.98345,230.0995,92384,92446,62
101,11,i,92,96.46595,224.39755,92478,92542,64
101,10,printf,75,95.4268,215.0423,92574,92605,31
101,10,printf,75,103.6293,202.4843,92733,92764,31
101,10,printf,75,86.4603333333333,215.505566666667,92796,92892,96
101,0,blank,0,90.0646,245.9867,92956,92987,31
101,9,(,68,95.7188,195.2046,93279,93313,34
101,10,printf,75,96.37195,205.60445,93343,93406,63
101,0,blank,0,-350,-105,93502,93559,57
101,11,++,93,244.0283,236.7366,93738,93770,32
101,11,i,92,241.3178,231.7815,93831,93894,63
101,11,i,92,240.258066666667,226.3826,93955,94048,93
101,0,blank,0,238.1519,249.5796,94443,94472,29
101,0,blank,0,507.48915,92.80705,94563,94625,62
101,0,blank,0,539.7745,64.0751,94717,94747,30
101,0,blank,0,552.0919,60.84045,94809,94870,61
101,0,blank,0,539.8897,66.2662,95084,95146,62
101,0,blank,0,192.01375,71.50805,95270,95331,61
101,0,blank,0,192.3947,73.2467,95454,95486,32
101,0,blank,0,182.35065,81.41625,95609,95671,62
101,0,blank,0,193.7565,74.90315,95734,95797,63
101,0,blank,0,-350,-105,96078,96160,82
101,0,blank,0,532.2182,20.8173,96447,96480,33
101,0,blank,0,536.2799,50.0126,96578,96611,33
101,0,blank,0,-350,-105,96709,96741,32
101,0,blank,0,-350,-105,96959,97017,58
101,0,blank,0,-350,-105,97416,97514,98
101,0,blank,0,-350,-105,97514,97592,78
101,0,blank,0,344.2776,65.6523,97618,97639,21
101,0,blank,0,362.6741,63.6876,97719,97750,31
101,0,blank,0,389.5563,33.8991,97845,97876,31
101,0,blank,0,-350,-105,97938,98020,82
101,0,blank,0,-350,-105,98915,98975,60
101,0,blank,0,-350,-105,98975,99052,77
101,0,blank,0,-350,-105,99052,99126,74
101,0,blank,0,-350,-105,99126,99542,416
101,0,blank,0,-350,-105,100210,100293,83
101,0,blank,0,-350,-105,100293,100341,48
101,0,blank,0,-350,-105,100341,100417,76
101,0,blank,0,-350,-105,100417,100477,60
101,0,blank,0,-350,-105,100477,100555,78
101,0,blank,0,-350,-105,100730,100756,26
101,0,blank,0,72.4093666666667,103.494966666667,100922,101019,97
101,7,int,55,52.4450666666667,140.9749,101242,101336,94
101,8,(,63,105.5095,165.4918,101461,101493,32
101,0,blank,0,102.8763,146.2774,101524,101556,32
101,0,blank,0,405.3125,32.53285,102025,102088,63
101,0,blank,0,-350,-105,102212,102271,59
101,0,blank,0,-350,-105,102387,102470,83
101,0,blank,0,-350,-105,102470,102497,27
101,1,alphabetical,9,329.4713,8.95869999999999,102776,102803,27
101,0,blank,0,-350,-105,103652,103683,31
101,0,blank,0,-350,-105,104646,104677,31
101,0,blank,0,-350,-105,104767,104801,34
101,3,<,23,94.5763,50.2526,106197,106259,62
101,0,blank,0,-350,-105,106600,106682,82
101,0,blank,0,-350,-105,106682,106707,25
101,0,blank,0,-350,-105,106883,106912,29
101,4,),31,99.3354,73.9573,107218,107296,78
101,1,order,10,439.81775,9.71605,107893,107953,60
101,6,char,33,72.655,123.1914,108129,108158,29
101,0,blank,0,392.026533333333,25.0584666666667,108335,108425,90
101,0,blank,0,381.4389,33.4986,108425,108454,29
101,1,order,10,434.73805,8.1169,108515,108575,60
101,1,order,10,442.9266,13.4476,108698,108729,31
101,0,blank,0,-350,-105,108759,108815,56
101,0,blank,0,339.762233333333,25.3237666666667,108953,109042,89
101,1,alphabetical,9,340.70365,17.0866,109042,109103,61
101,6,name,34,122.293333333333,115.859,109804,109895,91
101,6,name,34,121.593966666667,123.3597,109895,109985,90
101,6,name,34,113.1463,124.3219,109985,110016,31
101,6,name,34,120.5189,117.4742,110045,110105,60
101,6,name,34,128.3074,121.0437,110196,110226,30
101,7,j,58,115.8949,137.2106,110256,110286,30
101,6,name,34,124.9653,114.16575,110316,110376,60
101,6,name,34,118.544166666667,117.700933333333,110406,110496,90
101,6,name,34,117.6938,122.3569,110496,110526,30
101,0,blank,0,122.559833333333,102.628133333333,110556,110647,91
101,6,name,34,121.188866666667,121.799033333333,110676,110767,91
101,6,name,34,111.3232,117.2728,110798,110828,30
101,8,"Enterthevalueofn\n",64,158.0011,176.284333333333,110889,110980,91
101,10,"Enter%dnames",77,119.372133333333,212.2717,111342,111433,91
101,0,blank,0,127.58515,200.7163,111433,111494,61
101,10,"Enter%dnames",77,127.7612,210.9533,111525,111585,60
101,9,"%d",69,132.9358,189.136,111616,111646,30
101,10,"Enter%dnames",77,223.3147,209.169,111766,111797,31
101,10,"Enter%dnames",77,211.6743,215.6301,111946,111977,31
101,0,blank,0,-350,-105,112036,112116,80
101,0,blank,0,-350,-105,112116,112141,25
101,0,blank,0,252.2104,188.0334,112390,112420,30
101,8,"Enterthevalueofn\n",64,255.9737,171.0037,112541,112571,30
101,0,blank,0,252.4444,187.04875,112662,112722,60
101,0,blank,0,250.627866666667,193.909133333333,112782,112872,90
101,0,blank,0,256.44035,192.0002,112872,112931,59
101,0,blank,0,261.2227,190.6739,112992,113022,30
101,0,blank,0,-350,-105,113143,113195,52
101,0,blank,0,216.1957,188.9489,113319,113370,51
101,10,"Enter%dnames",77,184.491,213.1732,113520,113551,31
101,8,"Enterthevalueofn\n",64,173.5588,175.3578,113642,113673,31
101,9,;,74,196.3699,184.4986,113792,113852,60
101,10,"Enter%dnames",77,178.2265,209.2018,114091,114120,29
101,9,n,72,179.6109,186.2909,114359,114389,30
101,10,"Enter%dnames",77,166.1591,207.05045,114419,114479,60
101,8,"Enterthevalueofn\n",64,241.2688,163.8273,114539,114569,30
101,0,blank,0,271.6155,140.4354,114600,114660,60
101,6,tname,42,270.8983,130.0864,114750,114811,61
101,0,blank,0,210.5644,183.6434,114932,114963,31
101,9,;,74,201.9256,185.785066666667,115023,115115,92
101,9,;,74,197.4436,188.9545,115115,115145,30
101,8,"Enterthevalueofn\n",64,204.4267,172.65025,115175,115236,61
101,0,blank,0,192.90095,178.0004,115297,115359,62
101,8,"Enterthevalueofn\n",64,209.2652,161.64495,115389,115450,61
101,8,"Enterthevalueofn\n",64,200.01315,166.70595,115481,115541,60
101,8,"Enterthevalueofn\n",64,204.8896,169.943733333333,115664,115756,92
101,9,;,74,198.7274,198.5481,115971,116001,30
101,0,blank,0,193.87175,197.9858,116122,116183,61
101,0,blank,0,-350,-105,116214,116294,80
101,0,blank,0,-350,-105,116294,116386,92
101,0,blank,0,-350,-105,116386,116434,48
101,0,blank,0,208.282,193.3121,116466,116487,21
101,10,"Enter%dnames",77,204.803333333333,216.084833333333,116514,116605,91
101,10,"Enter%dnames",77,200.804833333333,217.0947,116605,116697,92
101,0,blank,0,206.2695,222.3521,116697,116728,31
101,10,"Enter%dnames",77,200.82625,207.8432,116789,116851,62
101,10,"Enter%dnames",77,198.0565,216.5513,117034,117064,30
101,0,blank,0,-350,-105,117154,117235,81
101,0,blank,0,-350,-105,117235,117261,26
101,0,blank,0,210.6028,191.5309,117418,117443,25
101,10,"Enter%dnames",77,207.33135,201.9333,117531,117592,61
101,0,blank,0,-350,-105,117623,117703,80
101,0,blank,0,-350,-105,117703,117783,80
101,0,blank,0,143.5792,282.13,117811,117843,32
101,0,blank,0,-350,-105,117940,118020,80
101,0,blank,0,-350,-105,118074,118101,27
101,0,blank,0,-350,-105,118388,118470,82
101,0,blank,0,-350,-105,118470,118496,26
101,0,blank,0,-350,-105,118496,118587,91
101,0,blank,0,159.5652,189.408,118642,118676,34
101,0,blank,0,145.4554,200.962,118927,119001,74
101,8,"Enterthevalueofn\n",64,174.1075,177.58145,119917,119982,65
101,0,blank,0,-350,-105,120077,120157,80
101,0,blank,0,-350,-105,120157,120182,25
101,0,blank,0,-350,-105,120685,120768,83
101,0,blank,0,-350,-105,120768,120794,26
101,9,),73,186.0599,190.1613,121006,121035,29
101,0,blank,0,-350,-105,121224,121307,83
101,0,blank,0,-350,-105,121725,121804,79
101,0,blank,0,-350,-105,121804,121870,66
101,9,"%d",69,123.1897,195.3911,121993,122019,26
101,0,blank,0,197.8726,239.7375,122389,122421,32
101,0,blank,0,110.7778,146.2103,123816,123847,31
101,10,"Enter%dnames",77,265.4543,214.4368,124270,124300,30
101,0,blank,0,355.6038,146.5132,125385,125428,43
101,6,[,51,322.2025,117.7596,126127,126157,30
101,6,comma,49,345.33345,117.0751,126433,126495,62
101,7,;,61,156.0762,145.6932,126527,126559,32
101,0,blank,0,181.8954,145.5804,126591,126623,32
101,0,blank,0,-350,-105,126932,127015,83
101,0,blank,0,-350,-105,127015,127066,51
101,0,blank,0,-350,-105,127177,127262,85
101,0,blank,0,-350,-105,127262,127346,84
101,0,blank,0,-350,-105,127346,127408,62
101,0,blank,0,-350,-105,127408,127458,50
101,0,blank,0,90.2867666666667,123.871366666667,127601,127691,90
101,0,blank,0,91.3249,123.6799,127691,127721,30
101,0,blank,0,85.3093666666667,132.217933333333,127782,127874,92
101,0,blank,0,89.8424,125.3201,128054,128084,30
101,6,name,34,103.893,123.9322,128206,128236,30
101,7,int,55,51.9016,148.7053,128354,128383,29
101,0,blank,0,40.093,180.9589,128413,128441,28
101,7,int,55,56.9953,140.1511,128472,128533,61
101,7,int,55,63.7151,147.7022,128563,128592,29
101,7,int,55,49.6359666666667,148.918366666667,128622,128713,91
101,7,int,55,57.6503,142.8716,128713,128772,59
101,0,blank,0,38.93445,172.51215,128832,128892,60
101,9,"%d",69,133.1735,180.70375,129544,129606,62
101,9,"%d",69,106.6006,191.6097,129637,129668,31
101,0,blank,0,-350,-105,129790,129867,77
101,0,blank,0,-350,-105,129867,129892,25
101,8,"Enterthevalueofn\n",64,169.3214,161.4615,130193,130222,29
101,0,blank,0,-350,-105,130283,130364,81
101,0,blank,0,-350,-105,130364,130415,51
101,10,"Enter%dnames",77,122.5587,217.4134,131355,131385,30
101,0,blank,0,243.752,180.9124,133098,133132,34
101,8,"Enterthevalueofn\n",64,132.4309,168.3537,133518,133548,30
101,6,name,34,126.7212,130.9136,133609,133638,29
101,0,blank,0,241.4194,105.6319,134773,134802,29
101,6,name,34,105.8105,114.5508,135070,135102,32
101,0,blank,0,-350,-105,135164,135248,84
101,0,blank,0,-350,-105,135248,135324,76
101,0,blank,0,-350,-105,135324,135401,77
101,0,blank,0,-350,-105,135401,135477,76
101,0,blank,0,-350,-105,135477,135554,77
101,0,blank,0,-350,-105,135554,135651,97
101,0,blank,0,-350,-105,135651,135747,96
101,0,blank,0,-350,-105,135747,135844,97
101,0,blank,0,-350,-105,135844,135935,91
101,0,blank,0,-350,-105,135935,135997,62
101,0,blank,0,-350,-105,135997,136066,69
101,0,blank,0,-350,-105,136066,136139,73
101,0,blank,0,-350,-105,136139,136205,66
101,0,blank,0,-350,-105,136205,136274,69
101,0,blank,0,-350,-105,136274,136335,61
101,0,blank,0,-350,-105,136335,136429,94
101,0,blank,0,-350,-105,136429,136499,70
101,0,blank,0,-350,-105,136499,136598,99
101,0,blank,0,-350,-105,136598,136691,93
101,0,blank,0,-350,-105,136691,136738,47
101,0,blank,0,-350,-105,136738,136821,83
101,0,blank,0,-350,-105,136821,136916,95
101,0,blank,0,-350,-105,136916,136992,76
101,0,blank,0,-350,-105,136992,137061,69
101,0,blank,0,-350,-105,137061,137146,85
101,0,blank,0,-350,-105,137146,137225,79
101,0,blank,0,-350,-105,137225,137303,78
101,0,blank,0,-350,-105,137303,137387,84
101,0,blank,0,-350,-105,137387,137457,70
101,0,blank,0,-350,-105,137457,137497,40
101,0,blank,0,-350,-105,137497,137570,73
101,0,blank,0,-350,-105,137570,137667,97
101,0,blank,0,-350,-105,137667,137811,144
101,0,blank,0,-350,-105,137811,137909,98
101,0,blank,0,-350,-105,137909,137946,37
101,0,blank,0,-350,-105,137946,138129,183
101,0,blank,0,-350,-105,138129,138212,83
101,0,blank,0,-350,-105,138212,138281,69
101,0,blank,0,-350,-105,138281,138401,120
101,0,blank,0,-350,-105,138401,138469,68
101,0,blank,0,-350,-105,138469,138538,69
101,0,blank,0,-350,-105,138538,138609,71
101,0,blank,0,-350,-105,138609,138684,75
101,0,blank,0,-350,-105,138684,138712,28
101,0,blank,0,-350,-105,139069,139131,62
101,0,blank,0,-350,-105,139131,139212,81
101,0,blank,0,-350,-105,139212,139288,76
101,0,blank,0,-350,-105,139288,139354,66
101,0,blank,0,-350,-105,139354,139399,45
101,0,blank,0,-350,-105,139958,140041,83
101,0,blank,0,-350,-105,140041,140118,77
101,0,blank,0,-350,-105,140118,140195,77
101,0,blank,0,-350,-105,140195,140282,87
101,0,blank,0,-350,-105,140282,140322,40
101,0,blank,0,-350,-105,140322,140400,78
101,0,blank,0,-350,-105,140400,140514,114
101,0,blank,0,-350,-105,140514,140590,76
101,0,blank,0,-350,-105,140590,140675,85
101,0,blank,0,-350,-105,140675,140710,35
101,7,i,56,89.6768,146.8503,141375,141405,30
101,0,blank,0,110.5111,152.0545,141493,141522,29
101,7,j,58,121.2664,139.4555,141551,141581,30
101,0,blank,0,144.8413,156.5656,141699,141729,30
101,0,blank,0,155.149,196.9093,141818,141848,30
101,9,&,71,167.8223,198.8693,141879,141909,30
101,0,blank,0,153.7221,195.336933333333,142059,142149,90
101,0,blank,0,-350,-105,142360,142442,82
101,0,blank,0,238.2607,150.9022,142519,142544,25
101,0,blank,0,204.4611,178.4864,142594,142623,29
101,8,"Enterthevalueofn\n",64,220.25795,167.60645,142656,142712,56
101,0,blank,0,111.995,232.8997,142772,142801,29
101,9,"%d",69,106.6415,197.5031,142830,142860,30
101,8,(,63,112.1453,162.1397,143096,143125,29
101,0,blank,0,110.735,137.6678,143260,143284,24
101,0,blank,0,223.6944,99.6955,143334,143359,25
101,0,blank,0,137.02295,99.0865,143536,143595,59
101,0,blank,0,148.4548,109.935,143625,143655,30
101,0,blank,0,144.7628,99.9238,143684,143714,30
101,0,blank,0,-350,-105,143950,144029,79
101,0,blank,0,-350,-105,144029,144055,26
101,0,blank,0,161.9246,192.5265,144324,144354,30
101,9,"%d",69,138.1441,190.7874,144620,144649,29
101,0,blank,0,261.42635,200.7171,144916,144974,58
101,8,"Enterthevalueofn\n",64,270.1228,176.8445,145005,145034,29
101,0,blank,0,-350,-105,145124,145204,80
101,9,&,71,164.4564,199.9889,145284,145331,47
101,0,blank,0,160.2355,194.6901,145451,145481,30
101,0,blank,0,-350,-105,145540,145621,81
101,0,blank,0,-350,-105,145621,145647,26
101,10,"Enter%dnames",77,171.2048,211.3103,145804,145829,25
101,10,"Enter%dnames",77,122.9995,218.4324,145885,145915,30
101,0,blank,0,130.073,228.203,145944,145973,29
101,0,blank,0,-350,-105,146003,146085,82
101,0,blank,0,-350,-105,146085,146111,26
101,0,blank,0,93.7201,231.8774,146228,146254,26
101,10,"Enter%dnames",77,149.634,201.849,146310,146340,30
101,0,blank,0,179.2866,237.6726,146759,146789,30
101,0,blank,0,128.1929,251.4456,147028,147059,31
101,14,i,115,220.9192,296.8257,147702,147743,41
101,13,name,100,240.6802,271.4324,148036,148070,34
101,18,+,141,198.6607,378.9846,148622,148656,34
101,0,blank,0,155.30825,245.89555,149333,149394,61
101,0,blank,0,-350,-105,149485,149566,81
101,0,blank,0,-350,-105,149566,149627,61
101,0,blank,0,-350,-105,149627,149674,47
101,0,blank,0,-350,-105,149674,149737,63
101,0,blank,0,-350,-105,150318,150388,70
101,0,blank,0,212.9346,259.5825,150478,150504,26
101,0,blank,0,-350,-105,150938,151023,85
101,0,blank,0,-350,-105,151023,151049,26
101,13,"%s",98,163.6865,274.1102,151491,151523,32
101,13,scanf,96,116.5201,284.2236,151618,151649,31
101,14,strcpy,106,129.5637,304.5396,151681,151713,32
101,0,blank,0,123.8464,325.2901,151905,151939,34
101,0,blank,0,-350,-105,152071,152155,84
101,0,blank,0,-350,-105,152155,152181,26
101,0,blank,0,240.2711,261.2563,152794,152828,34
101,0,blank,0,-350,-105,153028,153113,85
101,0,blank,0,-350,-105,153113,153194,81
101,0,blank,0,-350,-105,153194,153292,98
101,0,blank,0,-350,-105,153292,153354,62
101,0,blank,0,-350,-105,153354,153519,165
101,0,blank,0,-350,-105,153519,153576,57
101,0,blank,0,-350,-105,153576,153634,58
101,0,blank,0,-350,-105,153634,153738,104
101,0,blank,0,-350,-105,153738,153817,79
101,0,blank,0,-350,-105,153817,154053,236
101,0,blank,0,-350,-105,154053,154122,69
101,0,blank,0,343.728,338.8519,155303,155334,31
101,0,blank,0,352.187,326.3648,155462,155494,32
101,14,;,118,339.246,296.5073,155558,155590,32
101,0,blank,0,247.6677,194.8622,157520,157580,60
101,0,blank,0,204.7297,106.1012,158717,158747,30
101,1,sort,6,200.041,21.4297,158836,158866,30
101,0,blank,0,192.1061,45.9475,159053,159085,32
101,0,blank,0,-350,-105,159240,159319,79
101,0,blank,0,-350,-105,159319,159347,28
101,0,blank,0,350.0355,32.7563,159880,159911,31
101,0,blank,0,376.06415,25.90205,159942,160002,60
101,0,blank,0,390.0098,34.3383,160121,160151,30
101,0,blank,0,-350,-105,160578,160612,34
101,0,blank,0,-23.7879,-1.2157,160974,161004,30
101,0,blank,0,-350,-105,161151,161230,79
101,0,blank,0,-350,-105,161230,161317,87
101,0,blank,0,-350,-105,161317,161368,51
101,0,blank,0,-350,-105,161368,161435,67
101,0,blank,0,28.85355,270.5374,162507,162568,61
101,0,blank,0,6.09660000000002,290.3989,162718,162749,31
101,0,blank,0,74.4188,228.7848,163294,163324,30
101,0,blank,0,-350,-105,164000,164082,82
101,0,blank,0,-350,-105,164082,164108,26
101,0,blank,0,-350,-105,164308,164390,82
101,0,blank,0,-350,-105,164390,164417,27
101,0,blank,0,178.755,233.7732,164462,164513,51
101,0,blank,0,-350,-105,164668,164755,87
101,0,blank,0,-350,-105,164755,164780,25
101,0,blank,0,-350,-105,166079,166132,53
101,8,"Enterthevalueofn\n",64,134.4868,163.9408,166463,166493,30
101,0,blank,0,155.1897,179.8211,166799,166829,30
101,0,blank,0,135.0806,79.3324,167187,167220,33
101,0,blank,0,152.863533333333,90.6892666666667,167278,167371,93
101,6,],53,195.9739,121.0937,167588,167618,30
101,6,tname,42,255.51605,120.20755,168264,168328,64
101,0,blank,0,292.7869,136.1317,168517,168548,31
101,0,blank,0,266.8156,51.012,168579,168610,31
101,0,blank,0,176.5616,78.5061,169011,169042,31
101,0,blank,0,-350,-105,169165,169248,83
101,0,blank,0,-350,-105,169383,169463,80
101,8,(,63,112.8976,166.8941,170010,170041,31
101,9,"%d",69,123.408,183.9018,170071,170102,31
101,10,"Enter%dnames",77,128.9357,202.8897,170132,170162,30
101,0,blank,0,110.0031,230.7661,170349,170411,62
101,0,blank,0,-350,-105,171257,171286,29
101,0,blank,0,-350,-105,171286,171368,82
101,10,"Enter%dnames",77,123.4336,202.7045,171445,171506,61
101,10,printf,75,85.9556,219.8586,172056,172086,30
101,8,printf,62,73.0746,176.0346,172115,172145,30
101,0,blank,0,-350,-105,172205,172286,81
101,0,blank,0,-350,-105,172286,172311,25
101,10,"Enter%dnames",77,147.9691,201.5441,172600,172631,31
101,0,blank,0,-350,-105,173745,173825,80
101,0,blank,0,-350,-105,173825,173850,25
101,10,printf,75,92.138,215.04,174966,174990,24
101,0,blank,0,-350,-105,175639,175720,81
101,9,comma,70,148.8127,185.183,175890,175915,25
101,0,blank,0,164.825,222.9255,175986,176019,33
101,0,blank,0,162.0394,223.5525,176544,176575,31
101,0,blank,0,154.619,180.4938,176827,176857,30
101,13,comma,99,185.1099,271.71105,177510,177573,63
101,0,blank,0,-350,-105,177698,177729,31
101,0,blank,0,-350,-105,177729,177812,83
101,0,blank,0,-350,-105,177982,178072,90
101,0,blank,0,-350,-105,178072,178151,79
101,0,blank,0,-350,-105,178151,178213,62
101,0,blank,0,-350,-105,178213,178267,54
101,0,blank,0,333.9226,213.7788,179245,179276,31
101,8,),65,369.5677,167.4072,181174,181206,32
101,8,;,66,378.6418,171.1315,181236,181268,32
101,0,blank,0,442.23035,100.34935,181776,181841,65
101,0,blank,0,268.37435,45.88055,182041,182109,68
101,0,blank,0,299.6235,62.3017,183754,183785,31
101,0,blank,0,263.9417,33.0049,183915,183947,32
101,0,blank,0,296.5796,35.6428,184386,184417,31
101,0,blank,0,308.6664,52.7179,184620,184654,34
101,0,blank,0,294.0741,57.0407,184753,184778,25
101,0,blank,0,-350,-105,184842,184926,84
101,0,blank,0,-350,-105,184926,185003,77
101,0,blank,0,-350,-105,185003,185080,77
101,0,blank,0,-350,-105,185080,185142,62
101,0,blank,0,-350,-105,185142,185231,89
101,0,blank,0,-350,-105,185231,185317,86
101,0,blank,0,-350,-105,185317,185433,116
101,6,tname,42,249.8492,120.8999,185825,185891,66
101,0,blank,0,-350,-105,186354,186438,84
101,0,blank,0,-350,-105,186438,186505,67
101,0,blank,0,-350,-105,186788,186872,84
101,0,blank,0,-350,-105,186872,186930,58
101,0,blank,0,-350,-105,186930,186988,58
101,0,blank,0,-350,-105,187095,187178,83
101,0,blank,0,-350,-105,187178,187231,53
101,0,blank,0,-350,-105,188425,188514,89
101,0,blank,0,-350,-105,188514,188592,78
101,0,blank,0,-350,-105,188592,188660,68
101,0,blank,0,-350,-105,188660,188732,72
101,0,blank,0,-350,-105,188732,188804,72
101,0,blank,0,-350,-105,188804,188866,62
101,0,blank,0,-350,-105,188866,188955,89
101,0,blank,0,-350,-105,188955,188999,44
101,0,blank,0,-350,-105,188999,189353,354
101,0,blank,0,-350,-105,189353,189385,32
101,0,blank,0,-350,-105,189385,189514,129
101,0,blank,0,-350,-105,189514,189591,77
101,0,blank,0,-350,-105,189591,189743,152
101,0,blank,0,-350,-105,189743,189812,69
101,0,blank,0,-350,-105,190151,190230,79
101,0,blank,0,-350,-105,190230,190305,75
101,0,blank,0,-350,-105,190305,190365,60
101,8,printf,62,68.241,164.1388,190419,190451,32
101,13,name,100,207.9374,267.0629,192529,192560,31
101,0,blank,0,199.1727,260.2433,192590,192621,31
101,13,],103,270.6828,268.6741,192772,192804,32
101,0,blank,0,-350,-105,193353,193433,80
101,11,i,92,241.4044,240.92865,193566,193622,56
101,9,),73,191.4548,198.4008,193750,193781,31
101,6,8,52,193.4063,130.1092,193844,193877,33
101,0,blank,0,174.6362,128.9534,194227,194257,30
101,0,blank,0,213.78065,188.04185,194413,194496,83
101,0,blank,0,267.4354,194.0997,194678,194736,58
101,8,"Enterthevalueofn\n",64,283.2698,164.9276,194985,195012,27
101,0,blank,0,180.2479,156.6429,195648,195680,32
101,0,blank,0,190.42,97.8584,195935,195967,32
101,0,blank,0,245.3096,106.8568,196087,196119,32
101,0,blank,0,-350,-105,196664,196695,31
101,0,blank,0,182.8976,92.3327,196796,196821,25
101,0,blank,0,-350,-105,196908,196989,81
101,0,blank,0,-350,-105,196989,197015,26
101,0,blank,0,-350,-105,197143,197224,81
101,0,blank,0,-350,-105,197224,197278,54
101,13,i,102,261.5952,273.0705,197419,197452,33
101,14,name,113,289.7295,298.5887,197548,197581,33
101,13,],103,270.4113,273.4288,197614,197647,33
101,0,blank,0,-350,-105,197745,197823,78
101,11,),94,267.60865,241.30125,197912,197964,52
101,0,blank,0,-350,-105,198028,198111,83
101,0,blank,0,-350,-105,198251,198334,83
101,0,blank,0,-350,-105,198334,198360,26
101,14,[,114,300.0942,303.849,198485,198511,26
101,14,name,113,280.8422,292.9723,198602,198634,32
101,0,blank,0,266.3084,258.2815,198695,198792,97
101,11,++,93,255.6824,239.04665,198856,198921,65
101,0,blank,0,263.8287,245.4693,198953,198987,34
101,0,blank,0,189.8043,140.4423,199050,199078,28
101,6,],53,170.2432,125.2312,199268,199299,31
101,0,blank,0,-350,-105,200069,200152,83
101,0,blank,0,-350,-105,200152,200212,60
101,0,blank,0,-350,-105,200212,200295,83
101,0,blank,0,-350,-105,200295,200362,67
101,0,blank,0,-350,-105,200362,200485,123
101,0,blank,0,-350,-105,200485,200643,158
101,0,blank,0,-350,-105,200643,200753,110
101,0,blank,0,-350,-105,200753,200820,67
101,0,blank,0,-350,-105,200820,200893,73
101,0,blank,0,-350,-105,200893,200965,72
101,0,blank,0,-350,-105,200965,201033,68
101,0,blank,0,-350,-105,201033,201126,93
101,0,blank,0,-350,-105,201126,201211,85
101,0,blank,0,-350,-105,201211,201303,92
101,0,blank,0,-350,-105,201303,201403,100
101,0,blank,0,-350,-105,201403,201547,144
101,0,blank,0,-350,-105,201547,201636,89
101,0,blank,0,-350,-105,201636,201712,76
101,0,blank,0,-350,-105,201712,201781,69
101,0,blank,0,-350,-105,201781,201878,97
101,0,blank,0,-350,-105,201878,201963,85
101,0,blank,0,-350,-105,201963,202043,80
101,0,blank,0,-350,-105,202043,202116,73
101,0,blank,0,-350,-105,202116,202596,480
101,0,blank,0,-350,-105,202596,202726,130
101,0,blank,0,-350,-105,202726,202811,85
101,0,blank,0,-350,-105,202811,202896,85
101,0,blank,0,-350,-105,202896,202977,81
101,0,blank,0,-350,-105,202977,203042,65
101,0,blank,0,-350,-105,203042,203110,68
101,0,blank,0,-350,-105,203110,203201,91
101,0,blank,0,-350,-105,203201,203297,96
101,0,blank,0,-350,-105,203297,203357,60
101,0,blank,0,-350,-105,203357,203758,401
101,0,blank,0,-350,-105,203758,203869,111
101,0,blank,0,-350,-105,203869,203903,34
101,0,blank,0,-350,-105,203903,204517,614
101,0,blank,0,-350,-105,204517,205126,609
101,0,blank,0,-350,-105,205126,205196,70
101,0,blank,0,-350,-105,205196,205270,74
101,0,blank,0,-350,-105,205270,205346,76
101,0,blank,0,-350,-105,205346,205415,69
101,0,blank,0,-350,-105,205415,205490,75
101,0,blank,0,-350,-105,205490,205586,96
101,0,blank,0,-350,-105,205586,205748,162
101,0,blank,0,-350,-105,205748,205909,161
101,0,blank,0,-350,-105,205909,206226,317
101,0,blank,0,-350,-105,206226,206520,294
101,0,blank,0,-350,-105,206520,206592,72
101,0,blank,0,-350,-105,206592,206666,74
101,0,blank,0,-350,-105,206666,206734,68
101,0,blank,0,-350,-105,206734,206808,74
101,0,blank,0,-350,-105,206808,206880,72
101,0,blank,0,-350,-105,206880,206947,67
101,0,blank,0,-350,-105,206947,207020,73
101,0,blank,0,-350,-105,207020,207093,73
101,0,blank,0,-350,-105,207093,207160,67
101,0,blank,0,-350,-105,207160,207233,73
101,0,blank,0,-350,-105,207233,207306,73
101,0,blank,0,-350,-105,207306,207373,67
101,0,blank,0,-350,-105,207373,207446,73
101,0,blank,0,-350,-105,207446,207521,75
101,0,blank,0,-350,-105,207521,207589,68
101,0,blank,0,-350,-105,207589,207663,74
101,0,blank,0,-350,-105,207663,207737,74
101,0,blank,0,-350,-105,207737,207805,68
101,0,blank,0,-350,-105,207805,207881,76
101,0,blank,0,-350,-105,207881,207958,77
101,0,blank,0,-350,-105,207958,208027,69
101,0,blank,0,-350,-105,208027,208103,76
101,0,blank,0,-350,-105,208103,208177,74
101,0,blank,0,-350,-105,208177,208245,68
101,0,blank,0,-350,-105,208245,208316,71
101,0,blank,0,-350,-105,208316,208390,74
101,0,blank,0,-350,-105,208390,208459,69
101,0,blank,0,-350,-105,208459,208533,74
101,0,blank,0,-350,-105,208533,208605,72
101,0,blank,0,-350,-105,208605,208674,69
101,0,blank,0,-350,-105,208674,208747,73
101,0,blank,0,-350,-105,208747,208820,73
101,0,blank,0,-350,-105,208820,208887,67
101,0,blank,0,-350,-105,208887,208960,73
101,0,blank,0,-350,-105,208960,209033,73
101,0,blank,0,-350,-105,209033,209101,68
101,0,blank,0,-350,-105,209101,209174,73
101,0,blank,0,-350,-105,209174,209248,74
101,0,blank,0,-350,-105,209248,209317,69
101,0,blank,0,-350,-105,209317,209391,74
101,0,blank,0,-350,-105,209391,209450,59
101,0,blank,0,-350,-105,209450,209911,461
101,0,blank,0,-350,-105,209911,210363,452
101,0,blank,0,-350,-105,210363,210434,71
101,0,blank,0,-350,-105,210434,210509,75
101,0,blank,0,-350,-105,210509,210598,89
101,0,blank,0,-350,-105,210598,210710,112
101,0,blank,0,-350,-105,210710,210769,59
101,0,blank,0,-350,-105,210769,210851,82
101,0,blank,0,-350,-105,210851,210982,131
101,0,blank,0,-350,-105,210982,211054,72
101,0,blank,0,-350,-105,211054,211229,175
101,0,blank,0,-350,-105,211229,211274,45
101,0,blank,0,-350,-105,211274,211451,177
101,0,blank,0,-350,-105,211451,211512,61
101,0,blank,0,-350,-105,211512,211963,451
101,0,blank,0,-350,-105,211963,212006,43
101,0,blank,0,-350,-105,212006,212221,215
101,0,blank,0,-350,-105,212221,212284,63
101,0,blank,0,-350,-105,212284,212863,579
101,0,blank,0,-350,-105,212863,212900,37
101,0,blank,0,-350,-105,214881,214950,69
101,0,blank,0,-350,-105,214950,215030,80
101,0,blank,0,-350,-105,215030,215183,153
101,0,blank,0,-350,-105,215183,215327,144
101,0,blank,0,-350,-105,215327,215482,155
101,0,blank,0,-350,-105,215482,215522,40
101,0,blank,0,58.7282,264.2523,215747,215778,31
101,11,for,82,66.3457,230.3435,215809,215839,30
101,0,blank,0,72.5005,261.5101,215900,215930,30
101,0,blank,0,79.9698,261.882,216051,216081,30
101,0,blank,0,-350,-105,216838,216914,76
101,0,blank,0,-350,-105,216914,216989,75
101,0,blank,0,-350,-105,216989,217066,77
101,0,blank,0,-350,-105,217066,217142,76
101,0,blank,0,-350,-105,217142,217219,77
101,0,blank,0,-350,-105,217219,217296,77
101,0,blank,0,-350,-105,217296,217375,79
101,0,blank,0,-350,-105,217375,217443,68
101,0,blank,0,-350,-105,217443,217517,74
101,0,blank,0,-350,-105,217517,217548,31
101,10,"Enter%dnames",77,186.1611,218.9033,217936,217979,43
101,10,"Enter%dnames",77,142.5434,204.2101,218262,218294,32
101,0,blank,0,234.5765,186.787,219031,219063,32
101,0,blank,0,258.9691,178.2135,219124,219153,29
101,10,"Enter%dnames",77,224.6481,201.3785,219375,219405,30
101,10,"Enter%dnames",77,270.72605,201.32135,219722,219784,62
101,0,blank,0,240.5225,196.4641,219998,220029,31
101,10,"Enter%dnames",77,223.5166,212.6567,220179,220209,30
101,0,blank,0,251.8458,194.6392,220270,220300,30
101,10,"Enter%dnames",77,265.5303,214.279,220330,220361,31
101,10,"Enter%dnames",77,247.87365,203.34595,220422,220485,63
101,10,"Enter%dnames",77,225.5414,210.9544,220515,220546,31
101,10,"Enter%dnames",77,234.9528,207.1545,220961,221071,110
101,10,"Enter%dnames",77,224.194,217.5281,221320,221351,31
101,10,"Enter%dnames",77,238.1686,204.4167,221592,221622,30
101,0,blank,0,-350,-105,221682,221762,80
101,0,blank,0,-350,-105,221762,221787,25
101,0,blank,0,214.0497,222.8034,222058,222089,31
101,0,blank,0,198.4484,230.9779,222118,222208,90
101,10,"Enter%dnames",77,206.8645,204.5626,222238,222268,30
101,11,n,90,207.4048,229.0369,222298,222328,30
101,0,blank,0,194.88025,225.26435,222387,222447,60
101,0,blank,0,-350,-105,222595,222676,81
101,0,blank,0,-350,-105,222676,222702,26
101,0,blank,0,-350,-105,223069,223153,84
101,0,blank,0,-350,-105,223153,223179,26
101,0,blank,0,158.7715,248.3838,223322,223377,55
101,11,=,85,117.1595,241.2679,223668,223701,33
101,0,blank,0,128.128666666667,230.7359,223765,223860,95
101,10,"Enter%dnames",77,125.2444,212.4051,223890,223922,32
101,10,"Enter%dnames",77,118.2481,216.8227,223986,224017,31
101,0,blank,0,403.2694,271.2207,224175,224205,30
101,0,blank,0,112.542,229.2621,224423,224459,36
101,11,=,85,117.1512,241.3839,224913,224948,35
101,0,blank,0,-350,-105,225086,225169,83
101,0,blank,0,-350,-105,225169,225219,50
101,0,blank,0,-350,-105,225285,225362,77
101,10,"Enter%dnames",77,178.4248,208.58575,225526,225588,62
101,9,;,74,196.7319,198.1425,226335,226368,33
101,0,blank,0,204.0962,198.13705,226584,226650,66
101,9,),73,191.6121,179.5291,226749,226817,68
101,9,&,71,171.9468,197.3146,226987,227023,36
101,0,blank,0,202.4822,183.6646,227587,227621,34
101,8,"Enterthevalueofn\n",64,156.7061,175.5717,227722,227757,35
101,0,blank,0,-350,-105,227940,228022,82
101,9,n,72,181.4859,184.2624,228195,228232,37
101,0,blank,0,174.4571,233.494,228835,228871,36
101,0,blank,0,175.0503,246.8806,228903,228943,40
101,10,"Enter%dnames",77,172.9731,217.3911,229038,229102,64
101,0,blank,0,-350,-105,229196,229249,53
101,0,blank,0,-350,-105,229249,229357,108
101,0,blank,0,106.7068,229.0372,229659,229692,33
101,0,blank,0,-350,-105,229827,229909,82
101,0,blank,0,-350,-105,229909,229934,25
101,10,"Enter%dnames",77,194.0054,208.6964,232444,232479,35
101,0,blank,0,-350,-105,233200,233296,96
101,0,blank,0,-350,-105,233296,233359,63
101,0,blank,0,-350,-105,233359,233441,82
101,0,blank,0,-350,-105,233441,233554,113
101,0,blank,0,-350,-105,233554,233826,272
101,0,blank,0,-350,-105,233826,234234,408
101,0,blank,0,-350,-105,234234,234303,69
101,0,blank,0,-350,-105,234303,234375,72
101,0,blank,0,-350,-105,234375,234431,56
101,0,blank,0,-350,-105,234431,234658,227
101,0,blank,0,-350,-105,234658,234891,233
101,0,blank,0,-350,-105,234891,235042,151
101,0,blank,0,-350,-105,235042,235388,346
101,0,blank,0,-350,-105,235388,235458,70
101,0,blank,0,-350,-105,235458,235533,75
101,0,blank,0,-350,-105,235533,235596,63
101,0,blank,0,-350,-105,235596,235662,66
101,0,blank,0,-350,-105,235662,235730,68
101,0,blank,0,-350,-105,235730,235809,79
101,0,blank,0,-350,-105,235809,235916,107
101,0,blank,0,-350,-105,235916,235963,47
101,0,blank,0,-350,-105,235963,236292,329
101,0,blank,0,-350,-105,236292,236598,306
101,0,blank,0,-350,-105,236598,236629,31
101,0,blank,0,-350,-105,236629,236705,76
101,0,blank,0,-350,-105,236705,236787,82
101,0,blank,0,-350,-105,236787,236851,64
101,0,blank,0,-350,-105,236851,236920,69
101,0,blank,0,-350,-105,236920,236994,74
101,0,blank,0,-350,-105,236994,237067,73
101,0,blank,0,-350,-105,237067,237134,67
101,0,blank,0,-350,-105,237134,237208,74
101,0,blank,0,-350,-105,237208,237276,68
101,0,blank,0,-350,-105,237276,237339,63
101,0,blank,0,-350,-105,237339,237407,68
101,0,blank,0,-350,-105,237407,237477,70
101,0,blank,0,-350,-105,237477,237608,131
101,0,blank,0,-350,-105,237608,237783,175
101,0,blank,0,-350,-105,237783,237913,130
101,0,blank,0,-350,-105,237913,237981,68
101,0,blank,0,-350,-105,237981,238055,74
101,0,blank,0,-350,-105,238055,238154,99
101,0,blank,0,-350,-105,238154,238230,76
101,0,blank,0,-350,-105,238230,238307,77
101,0,blank,0,-350,-105,238307,238403,96
101,0,blank,0,-350,-105,238403,238565,162
101,0,blank,0,-350,-105,238565,238699,134
101,0,blank,0,-350,-105,238699,239064,365
101,0,blank,0,-350,-105,239064,239139,75
101,0,blank,0,-350,-105,239139,239195,56
101,0,blank,0,-350,-105,239195,239264,69
101,0,blank,0,-350,-105,239264,239342,78
101,0,blank,0,-350,-105,239342,239435,93
101,0,blank,0,-350,-105,239435,239530,95
101,0,blank,0,-350,-105,239530,239599,69
101,0,blank,0,-350,-105,239599,239693,94
101,0,blank,0,-350,-105,239693,239788,95
101,0,blank,0,-350,-105,239788,239881,93
101,0,blank,0,-350,-105,239881,239936,55
101,0,blank,0,-350,-105,239936,240023,87
101,0,blank,0,-350,-105,240023,240092,69
101,0,blank,0,-350,-105,240092,240166,74
101,0,blank,0,-350,-105,240361,240473,112
101,0,blank,0,-350,-105,240473,240532,59
101,0,blank,0,-350,-105,240532,240604,72
101,0,blank,0,-350,-105,240604,240679,75
101,0,blank,0,-350,-105,240679,240756,77
101,0,blank,0,-350,-105,240756,240827,71
101,0,blank,0,-350,-105,240827,240903,76
101,0,blank,0,-350,-105,240903,240957,54
101,0,blank,0,-350,-105,240957,241060,103
101,0,blank,0,-350,-105,241060,241271,211
101,0,blank,0,-350,-105,241271,241430,159
101,0,blank,0,-350,-105,241430,241592,162
101,0,blank,0,-350,-105,241592,241661,69
101,0,blank,0,-350,-105,241661,241734,73
101,0,blank,0,-350,-105,241734,241833,99
101,0,blank,0,-350,-105,241833,241924,91
101,0,blank,0,-350,-105,241924,242021,97
101,0,blank,0,-350,-105,242021,242422,401
101,0,blank,0,-350,-105,242422,242515,93
101,0,blank,0,-350,-105,242515,242679,164
101,0,blank,0,-350,-105,242679,242758,79
101,0,blank,0,-350,-105,242758,242855,97
101,0,blank,0,-350,-105,242855,242940,85
101,0,blank,0,-350,-105,242940,243034,94
101,0,blank,0,-350,-105,243034,243112,78
101,0,blank,0,-350,-105,243112,243193,81
101,0,blank,0,-350,-105,243193,243271,78
101,0,blank,0,-350,-105,243271,243352,81
101,0,blank,0,-350,-105,243352,243379,27
101,0,blank,0,-350,-105,243379,243462,83
101,0,blank,0,-350,-105,243462,243556,94
101,0,blank,0,-350,-105,243556,243736,180
101,0,blank,0,-350,-105,243736,243768,32
101,0,blank,0,-350,-105,243768,244055,287
101,0,blank,0,-350,-105,244055,244337,282
101,0,blank,0,-350,-105,244337,244413,76
101,0,blank,0,-350,-105,244413,244490,77
101,0,blank,0,-350,-105,245564,245645,81
101,0,blank,0,-350,-105,245645,245670,25
101,14,],116,317.6857,303.3407,245876,245906,30
101,0,blank,0,-350,-105,246067,246146,79
101,0,blank,0,-350,-105,246146,246198,52
101,0,blank,0,-350,-105,246198,246263,65
101,0,blank,0,-350,-105,246263,246329,66
101,0,blank,0,-350,-105,246329,246401,72
101,0,blank,0,-350,-105,246401,246551,150
101,0,blank,0,-350,-105,246551,246640,89
101,0,blank,0,-350,-105,246640,247132,492
101,0,blank,0,-350,-105,247132,247589,457
101,0,blank,0,-350,-105,247589,248263,674
101,0,blank,0,-350,-105,248263,248418,155
101,0,blank,0,-350,-105,248418,248485,67
101,0,blank,0,-350,-105,248485,248557,72
101,0,blank,0,-350,-105,248557,249069,512
101,0,blank,0,-350,-105,249069,249604,535
101,0,blank,0,261.8297,355.8466,249649,249711,62
101,18,<,145,265.6508,379.0752,249741,249802,61
101,0,blank,0,254.4284,355.4774,249863,249894,31
101,0,blank,0,254.9475,355.7526,250077,250108,31
101,0,blank,0,186.9003,389.011,250199,250229,30
101,0,blank,0,-350,-105,250259,250340,81
101,0,blank,0,-350,-105,250340,250426,86
101,0,blank,0,209.1877,390.3055,250575,250608,33
101,16,n,128,204.0663,350.7881,250640,250672,32
101,0,blank,0,215.1574,375.2259,251025,251058,33
101,0,blank,0,207.49415,382.60825,251123,251189,66
101,18,j,148,139.6584,390.545,251737,251767,30
101,0,blank,0,175.94125,376.46875,252011,252073,62
101,0,blank,0,-350,-105,252134,252213,79
101,0,blank,0,-350,-105,252213,252280,67
101,0,blank,0,-350,-105,252280,252319,39
101,0,blank,0,-350,-105,252319,252517,198
101,0,blank,0,-350,-105,252517,252571,54
101,0,blank,0,-350,-105,252571,252638,67
101,0,blank,0,-350,-105,252638,252673,35
101,0,blank,0,-350,-105,252673,252796,123
101,0,blank,0,-350,-105,252796,252910,114
101,0,blank,0,-350,-105,252910,252984,74
101,0,blank,0,-350,-105,252984,253062,78
101,0,blank,0,-350,-105,253062,253132,70
101,0,blank,0,-350,-105,253132,253200,68
101,0,blank,0,-350,-105,253200,253284,84
101,0,blank,0,-350,-105,253284,253388,104
101,0,blank,0,-350,-105,253388,253500,112
101,0,blank,0,-350,-105,253500,253591,91
101,0,blank,0,-350,-105,253963,254060,97
101,0,blank,0,-350,-105,254060,254137,77
101,0,blank,0,-350,-105,254137,254213,76
101,0,blank,0,-350,-105,254213,254290,77
101,0,blank,0,-350,-105,254290,254367,77
101,0,blank,0,-350,-105,254367,254433,66
101,0,blank,0,-350,-105,254433,254470,37
101,0,blank,0,-350,-105,254470,254815,345
101,0,blank,0,-350,-105,254815,254915,100
101,0,blank,0,-350,-105,254915,255159,244
101,0,blank,0,-350,-105,255159,255203,44
101,0,blank,0,-350,-105,255203,255287,84
101,0,blank,0,-350,-105,255287,255334,47
101,20,name,161,241.9278,434.2636,255449,255486,37
101,0,blank,0,357.252,408.907,255764,255791,27
101,0,blank,0,354.8906,418.8255,255854,255883,29
101,0,blank,0,-350,-105,256751,256786,35
101,0,blank,0,-350,-105,256838,256979,141
101,0,blank,0,-350,-105,256979,257005,26
101,0,blank,0,988.937,336.6731,257932,257995,63
105,0,blank,0,244.6996,100.0775,520805,520850,45
105,0,blank,0,-350,-105,521145,521214,69
105,0,blank,0,-350,-105,521340,521478,138
105,0,blank,0,-350,-105,521478,521552,74
105,0,blank,0,-350,-105,521681,521863,182
105,0,blank,0,-350,-105,521863,522016,153
105,0,blank,0,-350,-105,522016,522192,176
105,0,blank,0,-350,-105,522192,522372,180
105,0,blank,0,-350,-105,522372,522397,25
105,0,blank,0,-350,-105,522397,522585,188
105,0,blank,0,-350,-105,522585,522669,84
105,0,blank,0,-350,-105,522816,522958,142
105,0,blank,0,-350,-105,523244,523596,352
105,0,blank,0,-350,-105,523596,523937,341
105,0,blank,0,-350,-105,523937,524151,214
105,0,blank,0,-350,-105,524151,524475,324
105,0,blank,0,-350,-105,524475,524600,125
105,0,blank,0,-350,-105,524986,525145,159
105,0,blank,0,331.5553,370.0675,525336,525392,56
105,20,],164,301.0784,351.5862,525488,525520,32
105,0,blank,0,305.4674,370.593,525707,525738,31
105,20,comma,160,310.5753,342.35375,525770,525833,63
105,0,blank,0,264.6181,372.2017,526019,526050,31
105,0,blank,0,281.289166666667,235.0107,526238,526334,96
105,0,blank,0,194.692,263.333,527095,527127,32
105,0,blank,0,195.3001,243.7006,527192,527224,32
105,18,;,147,224.508333333333,300.5959,527318,527414,96
105,23,name,187,256.9387,410.799466666667,527762,527857,95
105,22,temp,172,262.131,399.246,527985,528017,32
105,22,temp,172,257.2374,389.78315,528114,528179,65
105,0,blank,0,-349.74355,-104.67255,528244,528391,147
105,0,blank,0,-348.5668,-103.8191,528794,528852,58
105,0,blank,0,-350,-105,529187,529318,131
105,0,blank,0,-350,-105,529318,529397,79
105,0,blank,0,-350,-105,529397,529739,342
105,0,blank,0,-350,-105,529739,529901,162
105,0,blank,0,-350,-105,529901,530077,176
105,0,blank,0,-350,-105,530077,530250,173
105,0,blank,0,-350,-105,530250,530432,182
105,0,blank,0,-350,-105,530590,530823,233
105,0,blank,0,-350,-105,530823,530962,139
105,0,blank,0,-350,-105,530962,531073,111
105,0,blank,0,489.5999,707.4951,531768,531800,32
105,0,blank,0,523.6188,700.3082,531839,531871,32
105,0,blank,0,501.2353,738.7955,532029,532061,32
105,0,blank,0,480.5038,745.57955,532221,532285,64
105,0,blank,0,488.9736,707.0027,532318,532351,33
105,0,blank,0,490.40865,720.21125,532415,532480,65
105,0,blank,0,506.3033,712.343566666667,532578,532677,99
105,0,blank,0,489.9012,710.2584,532742,532775,33
105,0,blank,0,495.2037,730.3325,532808,532840,32
105,0,blank,0,492.636,703.2259,533036,533068,32
105,0,blank,0,603.1208,697.6411,533327,533359,32
105,0,blank,0,600.9407,697.7465,533392,533424,32
105,0,blank,0,562.8348,741.3648,533713,533745,32
105,0,blank,0,556.957233333333,710.605133333333,533777,533876,99
105,0,blank,0,522.6605,697.2437,533941,533973,32
105,0,blank,0,479.9782,691.0394,534263,534296,33
105,35,"------------------------------------------\n",253,476.9028,665.2985,534361,534393,32
105,30,"------------------------------------------\n",218,345.8677,569.9302,534457,534490,33
105,0,blank,0,358.9469,505.341,534809,534841,32
105,0,blank,0,-350,-105,534874,534956,82
105,0,blank,0,314.0564,475.814,534987,535040,53
105,0,blank,0,303.6592,488.85045,535459,535521,62
105,0,blank,0,289.13895,501.92175,535583,535647,64
105,0,blank,0,302.9252,476.4413,535994,536059,65
105,0,blank,0,297.3178,484.4196,536091,536122,31
105,0,blank,0,292.0641,506.7747,536154,536186,32
105,0,blank,0,306.2692,499.4671,536251,536283,32
105,0,blank,0,293.6113,497.4224,536382,536413,31
105,0,blank,0,571.961933333333,582.6308,536577,536674,97
105,0,blank,0,565.25725,587.710016666667,536739,536936,197
105,0,blank,0,556.4427,664.9465,536970,537003,33
105,0,blank,0,519.4462,-103.9046,537331,537363,32
105,0,blank,0,505.3089,-103.9082,537461,537493,32
105,0,blank,0,515.6398,-103.8942,537561,537593,32
105,0,blank,0,494.6329,-103.8737,537626,537658,32
105,0,blank,0,376.6729,-103.8961,537757,537857,100
105,0,blank,0,396.9559,-103.9095,537890,537922,32
105,0,blank,0,370.0322,-103.8823,537955,537988,33
105,0,blank,0,224.35735,-103.8901,538022,538088,66
105,0,blank,0,206.090166666667,-103.8804,538122,538221,99
105,0,blank,0,99.248525,-103.88655,538254,538385,131
105,0,blank,0,106.356633333333,-103.9003,538418,538516,98
105,0,blank,0,270.446316666667,-103.888466666667,538549,538746,197
105,0,blank,0,271.0545,-103.873,538746,538779,33
105,0,blank,0,785.743,-103.9209,539043,539076,33
105,0,blank,0,815.457,-103.9115,539264,539295,31
105,0,blank,0,878.0955,-103.95995,539423,539520,97
105,0,blank,0,817.653,-103.951,539647,539678,31
105,0,blank,0,-350,-105,541132,541217,85
105,0,blank,0,-350,-105,541217,541744,527
105,0,blank,0,-350,-105,541744,541856,112
105,0,blank,0,-350,-105,541856,542021,165
105,0,blank,0,-350,-105,542021,542086,65
105,0,blank,0,-350,-105,542086,542264,178
105,0,blank,0,-350,-105,542264,542298,34
105,0,blank,0,-350,-105,542298,542494,196
105,0,blank,0,-350,-105,542494,542529,35
105,0,blank,0,-350,-105,542529,542719,190
105,0,blank,0,-350,-105,542719,542767,48
105,0,blank,0,-350,-105,542767,542990,223
105,0,blank,0,-350,-105,542990,543174,184
105,0,blank,0,276.3088,-103.9176,543309,543384,75
105,0,blank,0,268.1987,-103.909166666667,543409,543515,106
105,0,blank,0,263.9543,-103.9083,543547,543578,31
105,0,blank,0,62.102,-103.888,543714,543746,32
105,0,blank,0,110.687,-103.8859,543871,543900,29
105,0,blank,0,104.0447,-103.8868,543932,543964,32
105,0,blank,0,-64.0826,-103.9494,544093,544125,32
105,0,blank,0,-50.20125,-103.9454,544188,544251,63
105,0,blank,0,-31.6945,-103.90612,544283,544441,158
105,28,"\n----------------------------------------\n",208,337.6807,512.9006,544666,544698,32
105,28,"\n----------------------------------------\n",208,348.2035,514.6548,544791,544823,32
105,28,"\n----------------------------------------\n",208,343.51355,514.42705,544883,544945,62
105,0,blank,0,718.474,-103.933,545318,545424,106
105,0,blank,0,782.096,-103.8785,545776,545815,39
105,0,blank,0,841.97,-103.8611,545874,545904,30
105,0,blank,0,180.053666666667,-103.751466666667,547393,547565,172
105,0,blank,0,183.9754,-103.76655,547565,547661,96
105,0,blank,0,159.6286,-103.7425,547778,547811,33
105,0,blank,0,195.203,-103.7762,547843,547937,94
105,0,blank,0,183.7713,-103.740975,547970,548098,128
105,0,blank,0,710.7115,-103.7247,549008,549065,57
105,0,blank,0,718.903,-103.741,549130,549162,32
105,0,blank,0,701.9924,-103.72022,549196,549363,167
105,0,blank,0,685.669,-103.6833,549363,549397,34
105,0,blank,0,700.327,-103.72765,549430,549563,133
105,0,blank,0,717.893,-103.6947,549597,549629,32
105,0,blank,0,704.119333333333,-103.735,549663,549763,100
105,0,blank,0,744.595,-103.736,549797,549830,33
105,0,blank,0,714.646,-103.7546,549865,549902,37
105,0,blank,0,708.124,-103.7259,549975,550007,32
105,0,blank,0,843.811,-103.9039,550190,550297,107
105,0,blank,0,692.337,-103.743,550622,550703,81
105,0,blank,0,690.381,-103.76945,550761,550825,64
105,0,blank,0,775.221,-103.7893,551274,551441,167
105,0,blank,0,777.064,-103.8985,551441,551646,205
105,0,blank,0,839.994,-103.8655,552295,552643,348
105,0,blank,0,698.362333333333,-103.7585,552934,553025,91
105,0,blank,0,281.3076,-103.8026,553126,553159,33
105,0,blank,0,172.93404,-103.77578,553293,553464,171
105,0,blank,0,166.3021,-103.777,553464,553496,32
105,0,blank,0,141.9605,-103.6845,553528,553560,32
105,0,blank,0,173.62045,-103.770266666667,553659,553857,198
105,0,blank,0,187.7286,-103.7827,553857,553889,32
105,0,blank,0,-350,-105,553984,554147,163
105,0,blank,0,-350,-105,554147,554333,186
105,0,blank,0,-350,-105,554333,554483,150
105,0,blank,0,-350,-105,554483,554818,335
105,0,blank,0,-350,-105,554818,554921,103
105,0,blank,0,-350,-105,555495,555531,36
105,0,blank,0,177.5184,554.7913,555558,555675,117
105,0,blank,0,-350,-105,555864,556046,182
105,0,blank,0,-350,-105,556046,556172,126
105,0,blank,0,-350,-105,556172,556367,195
105,0,blank,0,-350,-105,556367,556510,143
105,0,blank,0,-350,-105,556510,556659,149
105,0,blank,0,-350,-105,556659,556771,112
105,0,blank,0,-350,-105,556771,556906,135
105,0,blank,0,-350,-105,556906,557089,183
105,0,blank,0,-350,-105,557089,557195,106
105,0,blank,0,430.7925,-103.7445,557618,557654,36
105,0,blank,0,150.1512,-103.8035,557752,557816,64
105,0,blank,0,171.9991,-103.8876,557848,557879,31
105,0,blank,0,157.9464,-103.8152,557911,557942,31
105,0,blank,0,-350.0338,-103.903566666667,558230,558332,102
105,0,blank,0,-350.03655,-103.71275,558710,558842,132
105,0,blank,0,-350,-105,558842,558993,151
105,0,blank,0,-350,-105,558993,559115,122
105,0,blank,0,-350,-105,559115,559298,183
105,0,blank,0,-350,-105,559298,559427,129
105,0,blank,0,-350,-105,559427,559620,193
105,0,blank,0,-350,-105,559620,559736,116
105,0,blank,0,-350,-105,559736,559920,184
105,0,blank,0,-350,-105,559920,560075,155
105,0,blank,0,-350,-105,560075,560189,114
105,0,blank,0,-350,-105,560189,560310,121
105,0,blank,0,-350,-105,560310,560470,160
105,0,blank,0,-350,-105,560470,560636,166
105,0,blank,0,-350,-105,560636,560884,248
105,0,blank,0,-350,-105,560884,562510,1626
105,0,blank,0,438.1874,-103.7404,562653,562686,33
105,0,blank,0,410.3147,-103.7419,562781,562813,32
105,0,blank,0,694.009,-103.719,563094,563127,33
105,0,blank,0,709.211,-103.7483,563190,563222,32
105,0,blank,0,696.122,-103.7412,563254,563286,32
105,0,blank,0,-350,-105,563556,563690,134
105,0,blank,0,-350,-105,563690,563889,199
105,0,blank,0,-350,-105,563889,564171,282
105,0,blank,0,-350,-105,564171,564790,619
105,0,blank,0,-350,-105,564790,565165,375
105,0,blank,0,-350,-105,565165,565299,134
105,0,blank,0,-350,-105,566276,566427,151
105,0,blank,0,-350,-105,566427,566631,204
105,0,blank,0,-350,-105,566631,566847,216
105,0,blank,0,-350,-105,566847,567039,192
105,0,blank,0,-350,-105,567703,567877,174
105,0,blank,0,-350,-105,567877,568032,155
105,0,blank,0,-350,-105,568032,568257,225
105,0,blank,0,-350,-105,568257,568280,23
105,0,blank,0,-349.42085,-103.2449,568956,569137,181
105,0,blank,0,-350,-105,569137,569203,66
105,0,blank,0,-350,-105,569203,569725,522
105,0,blank,0,-350,-105,569725,569921,196
105,0,blank,0,-350,-105,569921,570087,166
105,0,blank,0,-350,-105,570087,570275,188
105,0,blank,0,-350,-105,570597,570692,95
105,0,blank,0,-350,-105,570692,570890,198
105,0,blank,0,-350,-105,570890,571048,158
105,0,blank,0,-350,-105,571048,571172,124
105,0,blank,0,-350,-105,571172,571257,85
105,31,i,231,243.27685,593.724766666667,571289,571485,196
105,0,blank,0,244.7783,599.2744,571485,571520,35
105,0,blank,0,-350,-105,571593,571751,158
105,28,"\n----------------------------------------\n",208,271.2846,520.1356,571937,571969,32
105,18,j,148,142.35005,302.9754,572372,572432,60
105,20,(,155,229.3386,341.101,572768,572800,32
105,20,strcmp,154,214.9108,337.8767,572861,572896,35
105,0,blank,0,-350,-105,573047,573125,78
105,0,blank,0,-350,-105,574078,574133,55
105,0,blank,0,259.9288,296.9203,574249,574274,25
105,0,blank,0,-350,-105,574703,574810,107
105,0,blank,0,-350,-105,574948,575059,111
105,20,strcmp,154,184.4472,344.6317,575095,575143,48
105,0,blank,0,163.2735,358.6431,575265,575296,31
105,0,blank,0,149.2577,361.3936,575327,575359,32
105,0,blank,0,248.45645,366.82325,575578,575639,61
105,0,blank,0,-350,-105,575917,575972,55
105,0,blank,0,-350,-105,576231,576387,156
105,24,strcpy,193,186.00015,424.40015,576515,576572,57
105,23,name,187,253.2373,403.0705,576782,576813,31
105,0,blank,0,-350,-105,576963,577039,76
105,0,blank,0,315.07965,365.6513,578424,578574,150
105,0,blank,0,206.4214,318.8883,578981,579012,31
105,0,blank,0,210.0649,318.7954,579072,579132,60
105,18,i,140,181.8427,293.7825,579162,579192,30
105,16,<,127,186.4854,264.3972,579470,579497,27
105,0,blank,0,146.2619,286.6701,579589,579614,25
105,0,blank,0,144.3218,284.6479,579758,579817,59
105,0,blank,0,158.7825,260.5659,579848,579880,32
105,14,strcpy,106,143.5938,214.5419,580179,580204,25
105,0,blank,0,137.5248,240.0307,580229,580260,31
105,14,strcpy,106,132.962,219.494,580290,580321,31
105,0,blank,0,131.3399,174.9463,580625,580654,29
105,0,blank,0,157.2428,96.7898,581266,581299,33
105,0,blank,0,145.9216,166.53575,581414,581479,65
105,10,"Enter%dnames",77,166.1265,128.452,581539,581567,28
105,9,&,71,171.0747,93.5673,581602,581633,31
105,0,blank,0,168.7274,268.2773,581845,581876,31
105,0,blank,0,165.433683333333,272.2329,581907,582094,187
105,16,i,132,168.275333333333,267.945483333333,582094,582275,181
105,0,blank,0,165.3079,269.0364,582275,582305,30
105,0,blank,0,166.7738,278.701,582364,582425,61
105,16,i,132,164.599166666667,266.010966666667,582457,582646,189
105,0,blank,0,156.86595,268.7438,582646,582707,61
105,0,blank,0,164.99155,303.89555,582797,582858,61
105,0,blank,0,151.929266666667,317.877,582891,583089,198
105,18,=,139,157.0694,297.8786,583123,583157,34
105,0,blank,0,149.56945,311.79515,583191,583255,64
105,20,if,152,143.866766666667,350.574,583350,583451,101
105,0,blank,0,191.386333333333,362.8681,583581,583683,102
105,0,blank,0,187.8805,366.89625,583716,583781,65
105,22,(,171,230.487916666667,382.832616666667,583813,584008,195
105,22,temp,172,237.2859,385.17325,584008,584072,64
105,0,blank,0,158.5076,388.3569,584292,584354,62
105,22,strcpy,170,176.450116666667,382.50975,584384,584570,186
105,0,blank,0,243.0505,358.1341,584602,584632,30
105,0,blank,0,248.9504,363.0824,584695,584726,31
105,14,(,107,149.4865,210.6383,584909,584940,31
105,9,"%d",69,117.3959,102.27,585007,585039,32
105,8,"Enterthevalueofn\n",64,118.3606,87.5017,585130,585160,30
105,9,"%d",69,117.0869,105.4419,585252,585283,31
105,0,blank,0,-350,-105,585402,585579,177
105,0,blank,0,-350,-105,585579,585754,175
105,0,blank,0,-350,-105,585754,585938,184
105,0,blank,0,-350,-105,585938,586117,179
105,0,blank,0,-350,-105,586117,586294,177
105,0,blank,0,-350,-105,586294,586470,176
105,0,blank,0,-350,-105,586470,586630,160
105,0,blank,0,-350,-105,586630,586809,179
105,0,blank,0,-350,-105,586809,586947,138
105,0,blank,0,-350,-105,586947,587138,191
105,0,blank,0,-350,-105,587138,587330,192
105,0,blank,0,-350,-105,587330,587517,187
105,0,blank,0,-350,-105,587517,587665,148
105,0,blank,0,-350,-105,587665,587812,147
105,0,blank,0,-350,-105,587812,587988,176
105,0,blank,0,-350,-105,587988,588169,181
105,0,blank,0,-350,-105,588169,588368,199
105,0,blank,0,-350,-105,588368,588471,103
105,7,i,56,87.8967,57.4494,588501,588531,30
105,6,name,34,119.6282,44.3757,588793,588818,25
105,6,name,34,95.1948,34.2491,588868,588900,32
105,6,name,34,115.7831,44.7207,588932,588964,32
105,0,blank,0,115.3501,-0.836600000000004,589095,589127,32
105,0,blank,0,267.137,7.545,589550,589584,34
105,10,"Enter%dnames",77,114.067866666667,115.093333333333,589718,589817,99
105,0,blank,0,154.2773,136.9002,589943,589975,32
105,0,blank,0,-350,-105,590193,590218,25
105,9,),73,188.1158,101.0814,590243,590269,26
105,10,"Enter%dnames",77,209.1946,120.175,590347,590372,25
105,10,"Enter%dnames",77,205.1603,115.5389,590524,590555,31
105,0,blank,0,208.7289,114.7374,590586,590647,61
105,10,"Enter%dnames",77,219.1789,128.3537,590678,590708,30
105,9,&,71,164.069,93.2873,591246,591277,31
105,0,blank,0,-350,-105,591856,591881,25
105,9,),73,187.0887,110.9681,592066,592097,31
105,10,"Enter%dnames",77,203.8918,119.1702,592160,592191,31
105,0,blank,0,206.7226,109.4636,592223,592254,31
105,0,blank,0,169.45285,136.83205,592378,592503,125
105,10,"Enter%dnames",77,172.211633333333,130.8112,592533,592628,95
105,0,blank,0,139.5318,177.518,592723,592786,63
105,13,scanf,96,127.3659,181.0252,592817,592880,63
105,0,blank,0,152.5791,170.8464,592911,592942,31
105,0,blank,0,124.667,177.0417,592973,593004,31
105,0,blank,0,201.60975,175.7178,593161,593224,63
105,0,blank,0,-350,-105,593284,593337,53
105,0,blank,0,31.7234,-103.7714,593363,593389,26
105,13,name,100,238.1039,196.2339,593489,593517,28
105,0,blank,0,153.0869,251.9497,593548,593579,31
105,13,i,102,259.7962,190.9716,594429,594461,32
105,0,blank,0,-350,-105,594620,594648,28
105,14,strcpy,106,101.5966,209.208,594883,594915,32
105,13,scanf,96,111.1057,183.1848,594942,594971,29
105,13,name,100,210.9197,189.4629,595121,595806,685
105,11,;,91,151.807633333333,139.282533333333,595866,595958,92
105,0,blank,0,208.5432,168.6099,596143,596176,33
105,13,"%s",98,180.679,188.5673,596340,596374,34
105,13,"%s",98,155.9496,194.1873,596609,596640,31
105,0,blank,0,167.4877,176.7206,596671,596702,31
105,13,"%s",98,163.8658,190.00955,596793,596855,62
105,13,"%s",98,161.1091,186.50166,596886,597039,153
105,0,blank,0,-350,-105,597210,597388,178
105,0,blank,0,-350,-105,597388,597570,182
105,0,blank,0,-350,-105,597570,597751,181
105,0,blank,0,-350,-105,597751,597911,160
105,0,blank,0,-350,-105,597911,598087,176
105,0,blank,0,-350,-105,598087,598268,181
105,0,blank,0,-350,-105,598268,598453,185
105,0,blank,0,-350,-105,598453,598633,180
105,0,blank,0,-350,-105,598633,598805,172
105,0,blank,0,-350,-105,598805,598990,185
105,0,blank,0,-350,-105,598990,599179,189
105,14,tname,108,159.5029,206.318,599476,599509,33
105,0,blank,0,-350,-105,599690,599868,178
105,0,blank,0,-350,-105,599868,600065,197
105,0,blank,0,-350,-105,600065,600263,198
105,0,blank,0,-350,-105,600263,600427,164
105,0,blank,0,-350,-105,600427,600608,181
105,0,blank,0,-350,-105,600608,600790,182
105,0,blank,0,-350,-105,600790,600970,180
105,0,blank,0,-350,-105,600970,601152,182
105,0,blank,0,-350,-105,601152,601338,186
105,0,blank,0,-350,-105,601338,601517,179
105,0,blank,0,-350,-105,601517,601693,176
105,0,blank,0,-350,-105,601693,601873,180
105,0,blank,0,-350,-105,601873,602050,177
105,0,blank,0,-350,-105,602050,602113,63
105,0,blank,0,-350,-105,602113,602474,361
105,0,blank,0,-350,-105,602474,602664,190
105,0,blank,0,-350,-105,602664,602859,195
105,0,blank,0,-350,-105,602859,603028,169
105,0,blank,0,-350,-105,603028,603216,188
105,0,blank,0,-350,-105,603216,603391,175
105,0,blank,0,-350,-105,603391,603558,167
105,0,blank,0,-350,-105,603558,603702,144
105,0,blank,0,-350,-105,604032,604130,98
105,0,blank,0,407.4403,546.1884,604293,604367,74
105,0,blank,0,-350,-105,604460,606057,1597
105,0,blank,0,-350,-105,606057,606392,335
105,0,blank,0,-350,-105,606392,606543,151
105,0,blank,0,-350,-105,606543,606686,143
105,0,blank,0,-350,-105,606686,606857,171
105,0,blank,0,-350,-105,606857,607046,189
105,0,blank,0,-350,-105,607046,607242,196
105,0,blank,0,-350,-105,607242,607432,190
105,0,blank,0,-350,-105,607432,607603,171
105,0,blank,0,-350,-105,607603,607767,164
105,0,blank,0,-350,-105,607767,607946,179
105,0,blank,0,-350,-105,607946,608110,164
105,0,blank,0,-350,-105,608110,608277,167
105,0,blank,0,-350,-105,608277,608414,137
105,0,blank,0,-350,-105,608414,608486,72
105,0,blank,0,-350,-105,608486,608631,145
105,0,blank,0,-350,-105,608631,608801,170
105,0,blank,0,-350,-105,608801,608956,155
105,0,blank,0,-350,-105,608956,609137,181
105,0,blank,0,-350,-105,609137,609322,185
105,0,blank,0,-350,-105,609322,609513,191
105,0,blank,0,-350,-105,609513,609702,189
105,0,blank,0,-350,-105,609702,609899,197
105,0,blank,0,-350,-105,609899,610088,189
105,0,blank,0,-350,-105,610088,610254,166
105,0,blank,0,-350,-105,610254,610431,177
105,0,blank,0,-350,-105,610431,610613,182
105,0,blank,0,-350,-105,610613,610782,169
105,0,blank,0,-350,-105,610782,610954,172
105,0,blank,0,-350,-105,610954,611145,191
105,0,blank,0,-350,-105,611145,611329,184
105,0,blank,0,-350,-105,611329,611490,161
105,0,blank,0,-350,-105,611490,611677,187
105,0,blank,0,-350,-105,611677,611856,179
105,0,blank,0,-350,-105,611856,612033,177
105,0,blank,0,-350,-105,612033,612210,177
105,0,blank,0,-350,-105,612210,612388,178
105,0,blank,0,-350,-105,612388,612567,179
105,0,blank,0,-350,-105,612567,612744,177
105,0,blank,0,-350,-105,612744,612923,179
105,0,blank,0,-350,-105,612923,613065,142
105,0,blank,0,-350,-105,613065,614699,1634
105,0,blank,0,-350,-105,614699,614864,165
105,0,blank,0,-350,-105,614864,614988,124
105,0,blank,0,-350,-105,614988,615684,696
105,0,blank,0,-350,-105,615684,615824,140
105,0,blank,0,-350,-105,615824,616369,545
105,0,blank,0,-350,-105,616369,616545,176
105,0,blank,0,-350,-105,616545,616723,178
105,0,blank,0,-350,-105,616723,616899,176
105,0,blank,0,-350,-105,616899,617097,198
105,0,blank,0,-350,-105,617097,617235,138
105,0,blank,0,-350,-105,617235,617401,166
105,0,blank,0,-350,-105,617401,617550,149
105,0,blank,0,-350,-105,617550,617728,178
105,0,blank,0,-350,-105,617728,617910,182
105,0,blank,0,-350,-105,617910,618082,172
105,0,blank,0,-350,-105,618082,618268,186
105,0,blank,0,-350,-105,618268,618456,188
105,0,blank,0,-350,-105,618456,618560,104
105,0,blank,0,-350,-105,618811,618942,131
105,0,blank,0,-350,-105,618942,619168,226
105,0,blank,0,-350,-105,619168,619328,160
105,0,blank,0,-350,-105,619546,619639,93
105,0,blank,0,-350,-105,619639,619814,175
105,0,blank,0,-350,-105,619814,620101,287
105,0,blank,0,-350,-105,620101,620335,234
105,0,blank,0,-350,-105,620335,620513,178
105,0,blank,0,-350,-105,620513,620633,120
105,0,blank,0,-350,-105,621006,621188,182
105,0,blank,0,-350,-105,621188,621374,186
105,0,blank,0,-350,-105,621374,621563,189
105,0,blank,0,-350,-105,621563,621726,163
105,0,blank,0,-350,-105,621726,621844,118
105,0,blank,0,-350,-105,621844,621991,147
105,0,blank,0,-350,-105,621991,622329,338
105,0,blank,0,-350,-105,622329,622529,200
105,0,blank,0,-350,-105,622529,622641,112
105,0,blank,0,-350,-105,622641,623192,551
105,0,blank,0,-350,-105,623192,623343,151
105,0,blank,0,-350,-105,623343,623903,560
105,0,blank,0,-350,-105,623903,624072,169
105,0,blank,0,-350,-105,624072,624177,105
105,0,blank,0,-350,-105,624462,624651,189
105,0,blank,0,-350,-105,624651,624867,216
105,0,blank,0,-350,-105,624867,625432,565
105,0,blank,0,-350,-105,625432,625687,255
105,0,blank,0,-350,-105,625687,625827,140
105,16,i,132,168.1985,251.2991,626334,626379,45
105,0,blank,0,-350,-105,626419,626566,147
105,0,blank,0,-350,-105,626566,626654,88
105,0,blank,0,-350,-105,626747,626813,66
105,16,n,128,209.378033333333,247.914266666667,626846,626939,93
105,14,tname,108,191.7222,220.55495,626972,627051,79
105,14,tname,108,194.46895,223.1621,627082,627148,66
105,0,blank,0,160.5843,244.0166,627239,627268,29
105,16,i,132,168.9742,247.4659,627364,627395,31
105,0,blank,0,-350,-105,627461,627515,54
105,0,blank,0,177.8851,231.984025,627629,627739,110
105,0,blank,0,-350,-105,627768,627850,82
105,0,blank,0,-350,-105,629931,630118,187
105,0,blank,0,-350,-105,630118,630250,132
105,0,blank,0,201.7631,229.8585,630373,630404,31
105,0,blank,0,203.844166666667,227.078733333333,630468,630562,94
105,0,blank,0,146.9388,224.9484,630716,630746,30
105,0,blank,0,88.3601,313.3899,630775,630806,31
105,0,blank,0,150.5971,236.2401,630957,630989,32
105,0,blank,0,-350,-105,631144,631329,185
105,0,blank,0,-350,-105,631329,631420,91
105,0,blank,0,-350,-105,631420,631575,155
105,0,blank,0,-350,-105,631575,631671,96
105,0,blank,0,-350,-105,631671,631878,207
105,0,blank,0,-350,-105,631878,632054,176
105,0,blank,0,-350,-105,632054,632148,94
105,0,blank,0,-350,-105,632148,632461,313
105,0,blank,0,-350,-105,632461,632616,155
105,0,blank,0,-350,-105,632616,633035,419
105,0,blank,0,-350,-105,633035,633216,181
105,0,blank,0,-350,-105,633216,633382,166
105,0,blank,0,-350,-105,634508,634698,190
105,0,blank,0,77.5677,299.220033333333,635059,635161,102
105,0,blank,0,-350,-105,635494,635653,159
105,0,blank,0,-350,-105,635653,635799,146
105,0,blank,0,-350,-105,635799,635925,126
105,0,blank,0,-350,-105,635925,636008,83
105,0,blank,0,-350,-105,636008,636343,335
105,0,blank,0,-350,-105,636343,636506,163
105,0,blank,0,-350,-105,636506,636649,143
105,0,blank,0,-350,-105,636649,636720,71
105,0,blank,0,-350,-105,636720,636918,198
105,0,blank,0,-350,-105,636918,637098,180
105,0,blank,0,-350,-105,637098,637193,95
105,0,blank,0,-350,-105,637193,637441,248
105,0,blank,0,-350,-105,637441,637612,171
105,0,blank,0,-350,-105,637612,637993,381
105,0,blank,0,-350,-105,637993,638163,170
105,0,blank,0,-350,-105,638163,638362,199
105,0,blank,0,-350,-105,638362,638522,160
105,0,blank,0,-350,-105,638522,638653,131
105,0,blank,0,-350,-105,638653,638746,93
105,0,blank,0,-350,-105,638746,639287,541
105,0,blank,0,-350,-105,639287,639390,103
105,0,blank,0,-350,-105,639390,639537,147
105,0,blank,0,-350,-105,639537,639698,161
105,0,blank,0,262.8309,176.9386,639933,639967,34
105,0,blank,0,-350,-105,640395,640521,126
105,14,comma,112,241.5679,216.264,640758,640789,31
105,0,blank,0,269.6948,278.0471,640978,641010,32
105,0,blank,0,250.0684,321.7345,641130,641160,30
105,0,blank,0,237.425575,303.741075,641311,641432,121
105,0,blank,0,262.3964,264.8153,641925,641988,63
105,0,blank,0,284.44795,238.49145,642177,642241,64
105,0,blank,0,-350,-105,642432,642536,104
105,0,blank,0,-350,-105,642976,643153,177
105,0,blank,0,-350,-105,643153,643318,165
105,0,blank,0,-350,-105,643318,643491,173
105,0,blank,0,-350,-105,643491,643656,165
105,0,blank,0,-350,-105,643656,643792,136
105,0,blank,0,-350,-105,643792,643960,168
105,0,blank,0,-350,-105,643960,644126,166
105,0,blank,0,-350,-105,644126,644347,221
105,0,blank,0,-350,-105,644347,644479,132
105,0,blank,0,-350,-105,644479,644671,192
105,0,blank,0,-350,-105,644671,644939,268
105,0,blank,0,-350,-105,644939,645116,177
105,0,blank,0,-350,-105,645116,645304,188
105,0,blank,0,-350,-105,645304,645498,194
105,0,blank,0,-350,-105,645498,645657,159
105,0,blank,0,-350,-105,645657,645837,180
105,0,blank,0,-350,-105,645837,645968,131
105,0,blank,0,-350,-105,645968,646096,128
105,0,blank,0,-350,-105,646096,646317,221
105,0,blank,0,-350,-105,646317,646419,102
105,0,blank,0,-350,-105,646419,646615,196
105,0,blank,0,-350,-105,646615,646810,195
105,0,blank,0,-350,-105,646810,647001,191
105,0,blank,0,233.2486,232.2034,648893,648987,94
105,0,blank,0,-350,-105,649049,649227,178
105,0,blank,0,-350,-105,649227,649415,188
105,0,blank,0,-350,-105,649415,649559,144
105,0,blank,0,-350,-105,649559,649733,174
105,0,blank,0,-350,-105,649733,649899,166
105,0,blank,0,-350,-105,649899,650080,181
105,0,blank,0,-350,-105,650080,650253,173
105,0,blank,0,-350,-105,650253,650435,182
105,0,blank,0,-350,-105,650435,650614,179
105,0,blank,0,-350,-105,650614,650653,39
105,0,blank,0,-350,-105,650653,650935,282
105,0,blank,0,-350,-105,650935,651115,180
105,0,blank,0,-350,-105,651115,651255,140
105,0,blank,0,-350,-105,651255,651367,112
105,0,blank,0,-350,-105,651367,651582,215
105,0,blank,0,-350,-105,651582,651779,197
105,0,blank,0,-350,-105,651779,651925,146
105,0,blank,0,-350,-105,651925,652103,178
105,0,blank,0,-350,-105,652103,652279,176
105,0,blank,0,-350,-105,652279,652448,169
105,0,blank,0,-350,-105,652448,652635,187
105,0,blank,0,-350,-105,652635,652806,171
105,0,blank,0,-350,-105,652806,652950,144
105,0,blank,0,-350,-105,652950,653131,181
105,0,blank,0,-350,-105,653131,653305,174
105,0,blank,0,-350,-105,653305,653502,197
105,0,blank,0,-350,-105,653502,653653,151
105,0,blank,0,-350,-105,653653,653801,148
105,0,blank,0,-350,-105,653801,653952,151
105,0,blank,0,-350,-105,653952,654148,196
105,0,blank,0,-350,-105,654148,654384,236
105,0,blank,0,-350,-105,654384,654752,368
105,0,blank,0,-350,-105,654752,654890,138
105,0,blank,0,427.1614,475.85735,655162,655225,63
105,0,blank,0,-350,-105,655456,655793,337
105,0,blank,0,-350,-105,655922,656108,186
105,0,blank,0,-350,-105,656108,656296,188
105,0,blank,0,-350,-105,656296,656474,178
105,0,blank,0,-350,-105,656474,656717,243
105,0,blank,0,-350,-105,656717,656898,181
105,0,blank,0,-350,-105,656898,657079,181
105,0,blank,0,-350,-105,657079,657208,129
105,0,blank,0,-350,-105,657208,657279,71
105,0,blank,0,-350,-105,657279,657466,187
105,0,blank,0,-350,-105,657466,657824,358
105,0,blank,0,-350,-105,657824,658054,230
105,0,blank,0,-350,-105,658054,658229,175
105,0,blank,0,-350,-105,658229,658425,196
105,0,blank,0,-350,-105,658425,658545,120
105,0,blank,0,-350,-105,658545,658749,204
105,0,blank,0,-350,-105,658749,658804,55
105,0,blank,0,-350,-105,658804,659013,209
105,0,blank,0,-350,-105,659013,659414,401
105,0,blank,0,-350,-105,659414,659593,179
105,0,blank,0,-350,-105,659593,659770,177
105,0,blank,0,-350,-105,659770,659851,81
105,0,blank,0,-350,-105,659851,660034,183
105,0,blank,0,-350,-105,660034,660165,131
105,0,blank,0,-350,-105,660165,660324,159
105,0,blank,0,-350,-105,660324,660516,192
105,0,blank,0,-350,-105,660516,660663,147
105,0,blank,0,-350,-105,660663,660807,144
105,0,blank,0,-350,-105,660807,660880,73
105,0,blank,0,-350,-105,660880,661037,157
105,0,blank,0,-350,-105,661037,661141,104
105,0,blank,0,-350,-105,661141,661289,148
105,0,blank,0,-350,-105,661289,661458,169
105,0,blank,0,-350,-105,661458,661535,77
105,0,blank,0,-350,-105,661535,661793,258
105,0,blank,0,-350,-105,661793,661935,142
105,0,blank,0,-350,-105,661935,662056,121
105,0,blank,0,-350,-105,662056,662167,111
105,0,blank,0,-350,-105,662167,662329,162
105,0,blank,0,-350,-105,662329,662504,175
105,0,blank,0,-350,-105,662504,662569,65
105,0,blank,0,-350,-105,662859,662953,94
105,0,blank,0,217.528,322.6567,662987,663012,25
105,0,blank,0,-350,-105,663609,663800,191
105,0,blank,0,-350,-105,663800,663977,177
105,0,blank,0,-350,-105,663977,664129,152
105,0,blank,0,-350,-105,664129,664310,181
105,0,blank,0,-350,-105,664310,664462,152
105,0,blank,0,-350,-105,664462,664520,58
105,0,blank,0,-350,-105,664520,664896,376
105,0,blank,0,-350,-105,664896,665055,159
105,0,blank,0,-350,-105,665055,665200,145
105,0,blank,0,-350,-105,665200,665394,194
105,0,blank,0,-350,-105,665394,665584,190
105,0,blank,0,-350,-105,665584,665753,169
105,0,blank,0,-350,-105,665753,665926,173
105,0,blank,0,-350,-105,665926,666103,177
105,0,blank,0,-350,-105,666103,666273,170
105,0,blank,0,-350,-105,666273,666422,149
105,0,blank,0,-350,-105,666422,666594,172
105,0,blank,0,-350,-105,666594,666766,172
105,0,blank,0,-350,-105,666766,666925,159
105,0,blank,0,-350,-105,666925,667094,169
105,0,blank,0,-350,-105,667094,667288,194
105,0,blank,0,-350,-105,667288,667454,166
105,0,blank,0,-350,-105,667454,667630,176
105,0,blank,0,-350,-105,667630,667781,151
105,0,blank,0,-350,-105,667781,667931,150
105,0,blank,0,-350,-105,667931,668084,153
105,0,blank,0,-350,-105,668084,668276,192
105,0,blank,0,-350,-105,668276,668454,178
105,0,blank,0,-350,-105,668454,668642,188
105,0,blank,0,-350,-105,668642,668797,155
105,0,blank,0,-350,-105,668797,668917,120
105,0,blank,0,-350,-105,668917,669092,175
105,0,blank,0,-350,-105,669092,669237,145
105,0,blank,0,-350,-105,669237,669382,145
105,0,blank,0,-350,-105,669382,669578,196
105,0,blank,0,-350,-105,669578,669870,292
105,0,blank,0,-350,-105,669870,670017,147
105,0,blank,0,-350,-105,670017,670206,189
105,0,blank,0,-350,-105,670206,670370,164
105,0,blank,0,-350,-105,670370,670456,86
105,0,blank,0,-350,-105,670456,670639,183
105,0,blank,0,-350,-105,670639,670763,124
105,0,blank,0,-350,-105,670763,670936,173
105,0,blank,0,-350,-105,670936,671111,175
105,0,blank,0,-350,-105,671111,671287,176
105,0,blank,0,-350,-105,671287,671430,143
105,0,blank,0,-350,-105,671430,671580,150
105,0,blank,0,-350,-105,671580,671745,165
105,0,blank,0,-350,-105,671745,671910,165
105,0,blank,0,-350,-105,671910,672100,190
105,0,blank,0,-350,-105,672100,672299,199
105,0,blank,0,-350,-105,672299,672454,155
105,0,blank,0,-350,-105,672454,672621,167
105,0,blank,0,-350,-105,672621,672815,194
105,0,blank,0,-350,-105,672815,672997,182
105,0,blank,0,-350,-105,672997,673148,151
105,0,blank,0,-350,-105,673148,673296,148
105,0,blank,0,-350,-105,673296,673370,74
105,0,blank,0,-350,-105,673370,673547,177
105,0,blank,0,-350,-105,673547,673735,188
105,0,blank,0,-350,-105,673735,673911,176
105,0,blank,0,-350,-105,673911,674108,197
105,0,blank,0,-350,-105,674108,674303,195
105,0,blank,0,-350,-105,674303,674461,158
105,0,blank,0,-350,-105,674461,674611,150
105,0,blank,0,-350,-105,674611,674787,176
105,0,blank,0,-350,-105,674787,674986,199
105,0,blank,0,-350,-105,674986,675135,149
105,0,blank,0,-350,-105,675135,675285,150
105,0,blank,0,-350,-105,675285,675443,158
105,0,blank,0,-350,-105,675443,675620,177
105,0,blank,0,-350,-105,675620,675791,171
105,0,blank,0,-350,-105,675791,675975,184
105,0,blank,0,-350,-105,675975,676056,81
105,0,blank,0,-350,-105,676056,676365,309
105,0,blank,0,-350,-105,676365,676557,192
105,0,blank,0,-350,-105,676557,676741,184
105,0,blank,0,-350,-105,676741,676892,151
105,0,blank,0,-350,-105,676892,676987,95
105,0,blank,0,-350,-105,676987,677115,128
105,0,blank,0,-350,-105,677115,677335,220
105,0,blank,0,-350,-105,677335,677534,199
105,0,blank,0,-350,-105,677534,677731,197
105,0,blank,0,-350,-105,677731,677925,194
105,0,blank,0,-350,-105,677925,678079,154
105,0,blank,0,-350,-105,678079,678230,151
105,0,blank,0,-350,-105,678230,678380,150
105,0,blank,0,-350,-105,678380,678559,179
105,0,blank,0,-350,-105,678559,678729,170
105,0,blank,0,-350,-105,678729,678905,176
105,0,blank,0,-350,-105,678905,679081,176
105,0,blank,0,-350,-105,679081,679274,193
105,0,blank,0,-350,-105,679274,679471,197
105,0,blank,0,-350,-105,679471,679635,164
105,0,blank,0,-350,-105,679635,679819,184
105,0,blank,0,-350,-105,679819,679898,79
105,0,blank,0,-350,-105,679898,680105,207
105,0,blank,0,-350,-105,680105,680165,60
105,0,blank,0,-350,-105,680165,680549,384
105,0,blank,0,-350,-105,680549,680737,188
105,0,blank,0,-350,-105,680737,680869,132
105,0,blank,0,-350,-105,680869,681041,172
105,0,blank,0,-350,-105,681041,681128,87
105,0,blank,0,-350,-105,681128,681351,223
105,0,blank,0,-350,-105,681351,681501,150
105,0,blank,0,-350,-105,681501,681637,136
105,0,blank,0,-350,-105,681637,681824,187
105,0,blank,0,-350,-105,681824,681925,101
105,0,blank,0,-350,-105,681925,682062,137
105,0,blank,0,-350,-105,682062,682197,135
105,0,blank,0,-350,-105,682197,682381,184
105,0,blank,0,-350,-105,682381,682542,161
105,0,blank,0,-350,-105,682542,682703,161
105,0,blank,0,-350,-105,682703,682889,186
105,0,blank,0,-350,-105,682889,683087,198
105,0,blank,0,-350,-105,683087,683282,195
105,0,blank,0,-350,-105,683282,683460,178
105,0,blank,0,-350,-105,683460,683629,169
105,0,blank,0,-350,-105,683629,683785,156
105,0,blank,0,-350,-105,683785,683936,151
105,0,blank,0,-350,-105,683936,684113,177
105,0,blank,0,-350,-105,684113,684298,185
105,0,blank,0,-350,-105,684298,684461,163
105,0,blank,0,-350,-105,684461,684660,199
105,0,blank,0,-350,-105,684660,684824,164
105,0,blank,0,-350,-105,684824,684988,164
105,0,blank,0,-350,-105,684988,685149,161
105,0,blank,0,-350,-105,685149,685312,163
105,0,blank,0,-350,-105,685312,685484,172
105,0,blank,0,-350,-105,685484,685683,199
105,0,blank,0,-350,-105,685683,685870,187
105,0,blank,0,-350,-105,685870,686064,194
105,0,blank,0,-350,-105,686064,686256,192
105,0,blank,0,-350,-105,686256,686417,161
105,0,blank,0,-350,-105,686417,686597,180
105,0,blank,0,-350,-105,686597,686750,153
105,0,blank,0,-350,-105,686750,686942,192
105,0,blank,0,-350,-105,686942,687103,161
105,0,blank,0,-350,-105,687103,687276,173
105,0,blank,0,-350,-105,687276,687448,172
105,0,blank,0,-350,-105,687448,687589,141
105,0,blank,0,-350,-105,687589,687771,182
105,0,blank,0,-350,-105,687771,687941,170
105,0,blank,0,-350,-105,687941,688127,186
105,0,blank,0,-350,-105,688127,688282,155
105,0,blank,0,-350,-105,688282,688478,196
105,0,blank,0,-350,-105,688478,688674,196
105,0,blank,0,-350,-105,688674,688839,165
105,0,blank,0,-350,-105,688839,689033,194
105,0,blank,0,-350,-105,689033,689210,177
105,0,blank,0,-350,-105,689210,689408,198
105,0,blank,0,-350,-105,689408,689583,175
105,0,blank,0,-350,-105,689583,689763,180
105,0,blank,0,-350,-105,689763,689815,52
105,0,blank,0,-350,-105,689815,690114,299
105,0,blank,0,-350,-105,690114,690456,342
105,0,blank,0,-350,-105,690456,690621,165
105,0,blank,0,-350,-105,690621,690768,147
105,0,blank,0,-350,-105,690768,690944,176
105,0,blank,0,-350,-105,690944,691117,173
105,0,blank,0,-350,-105,691117,691228,111
105,0,blank,0,-350,-105,691228,691393,165
105,0,blank,0,-350,-105,691393,691590,197
105,0,blank,0,-350,-105,691590,691767,177
105,0,blank,0,-350,-105,691767,691939,172
105,0,blank,0,-350,-105,691939,692076,137
105,0,blank,0,-350,-105,692076,692256,180
105,0,blank,0,-350,-105,692256,692442,186
105,0,blank,0,-350,-105,692442,692614,172
105,0,blank,0,-350,-105,692614,692737,123
105,0,blank,0,-350,-105,692737,692891,154
105,0,blank,0,-350,-105,692891,693086,195
105,0,blank,0,-350,-105,693086,693221,135
105,0,blank,0,-350,-105,693221,693419,198
105,0,blank,0,-350,-105,693419,693607,188
105,0,blank,0,-350,-105,693607,693709,102
105,0,blank,0,-350,-105,693709,693880,171
105,0,blank,0,-350,-105,693880,694053,173
105,0,blank,0,-350,-105,694053,694227,174
105,0,blank,0,-350,-105,694227,694405,178
105,0,blank,0,-350,-105,694405,694583,178
105,0,blank,0,-350,-105,694583,694765,182
105,0,blank,0,-350,-105,694765,694941,176
105,0,blank,0,-350,-105,694941,695119,178
105,0,blank,0,-350,-105,695119,695298,179
105,0,blank,0,-350,-105,695298,695449,151
105,0,blank,0,-350,-105,695449,695547,98
105,0,blank,0,-350,-105,695547,695723,176
105,0,blank,0,-350,-105,695723,695902,179
105,0,blank,0,-350,-105,695902,696100,198
105,0,blank,0,-350,-105,696100,696284,184
105,0,blank,0,-350,-105,696284,696463,179
105,0,blank,0,-350,-105,696463,696647,184
105,0,blank,0,-350,-105,696647,696842,195
105,0,blank,0,-350,-105,696842,697034,192
105,0,blank,0,-350,-105,697034,697200,166
105,0,blank,0,-350,-105,697200,697375,175
105,0,blank,0,-350,-105,697375,697550,175
105,0,blank,0,-350,-105,697550,697727,177
105,0,blank,0,-350,-105,697727,697904,177
105,0,blank,0,-350,-105,697904,698087,183
105,0,blank,0,-350,-105,698087,698266,179
105,0,blank,0,-350,-105,698266,698444,178
105,0,blank,0,-350,-105,698444,698614,170
105,0,blank,0,-350,-105,698614,698767,153
105,0,blank,0,-350,-105,698767,698961,194
105,0,blank,0,-350,-105,698961,699133,172
105,0,blank,0,-350,-105,699133,699316,183
105,0,blank,0,-350,-105,699316,699376,60
105,0,blank,0,-350,-105,699376,699528,152
105,0,blank,0,-350,-105,699528,699674,146
105,0,blank,0,-350,-105,699674,699860,186
105,0,blank,0,-350,-105,699860,700044,184
105,0,blank,0,-350,-105,700044,700222,178
105,0,blank,0,-350,-105,700222,700398,176
105,0,blank,0,-350,-105,700398,700581,183
105,0,blank,0,-350,-105,700581,700759,178
105,0,blank,0,-350,-105,700759,700937,178
105,0,blank,0,-350,-105,700937,701132,195
105,0,blank,0,-350,-105,701132,701317,185
105,0,blank,0,-350,-105,701317,701923,606
105,0,blank,0,-350,-105,701923,702160,237
105,0,blank,0,-350,-105,702160,702334,174
105,0,blank,0,-350,-105,702334,702508,174
105,0,blank,0,-350,-105,702508,702664,156
105,0,blank,0,-350,-105,702664,702765,101
105,0,blank,0,-350,-105,702765,702947,182
105,0,blank,0,-350,-105,702947,703132,185
105,0,blank,0,-350,-105,703132,703314,182
105,0,blank,0,-350,-105,703314,703488,174
105,0,blank,0,-350,-105,703488,703662,174
105,0,blank,0,-350,-105,703662,703837,175
105,0,blank,0,-350,-105,703837,703959,122
105,0,blank,0,-350,-105,703959,704215,256
105,0,blank,0,-350,-105,704215,704431,216
105,0,blank,0,-350,-105,704431,704705,274
105,0,blank,0,-350,-105,704705,704880,175
105,0,blank,0,-350,-105,704880,705057,177
105,0,blank,0,-350,-105,705057,705234,177
105,0,blank,0,-350,-105,705234,705419,185
105,0,blank,0,-350,-105,705419,705578,159
105,0,blank,0,-350,-105,705578,705842,264
105,0,blank,0,-350,-105,705842,705942,100
105,0,blank,0,-350,-105,705942,706125,183
105,0,blank,0,-350,-105,706125,706304,179
105,0,blank,0,-350,-105,706304,706366,62
105,0,blank,0,-350,-105,706366,706555,189
105,0,blank,0,-350,-105,706555,706682,127
105,0,blank,0,-350,-105,706682,706800,118
105,0,blank,0,-350,-105,706800,706983,183
105,0,blank,0,-350,-105,706983,707161,178
105,0,blank,0,-350,-105,707161,707310,149
105,0,blank,0,-350,-105,707310,707429,119
105,0,blank,0,-350,-105,707429,707756,327
105,0,blank,0,-350,-105,707756,707946,190
105,0,blank,0,-350,-105,707946,708123,177
105,0,blank,0,-350,-105,708123,708248,125
105,0,blank,0,-350,-105,708248,708501,253
105,0,blank,0,-350,-105,708501,708745,244
105,0,blank,0,-350,-105,708745,709006,261
105,0,blank,0,-350,-105,709006,709082,76
105,0,blank,0,-350,-105,709082,709387,305
105,0,blank,0,-350,-105,709387,709523,136
105,0,blank,0,-350,-105,709523,709612,89
105,0,blank,0,-350,-105,709612,709811,199
105,0,blank,0,-350,-105,709811,709988,177
105,0,blank,0,-350,-105,709988,710165,177
105,0,blank,0,-350,-105,710165,710344,179
105,0,blank,0,-350,-105,710344,710508,164
105,0,blank,0,-350,-105,710508,710702,194
105,0,blank,0,-350,-105,710702,710854,152
105,0,blank,0,-350,-105,710854,711044,190
105,0,blank,0,-350,-105,711044,711232,188
105,0,blank,0,-350,-105,711232,711406,174
105,0,blank,0,-350,-105,711406,711582,176
105,0,blank,0,-350,-105,711582,711761,179
105,0,blank,0,-350,-105,711761,711939,178
105,0,blank,0,-350,-105,711939,712117,178
105,0,blank,0,-350,-105,712117,712304,187
105,0,blank,0,-350,-105,712304,712483,179
105,0,blank,0,-350,-105,712483,712663,180
105,0,blank,0,-350,-105,712663,712848,185
105,0,blank,0,-350,-105,712848,713031,183
105,0,blank,0,-350,-105,713031,713126,95
105,0,blank,0,-350,-105,713126,713289,163
105,0,blank,0,-350,-105,713289,713439,150
105,0,blank,0,-350,-105,713439,713610,171
105,0,blank,0,-350,-105,713610,713697,87
105,0,blank,0,-350,-105,713697,713901,204
105,0,blank,0,-350,-105,713901,714087,186
105,0,blank,0,-350,-105,714087,714271,184
105,0,blank,0,-350,-105,714910,714968,58
105,0,blank,0,-350,-105,714968,715225,257
105,0,blank,0,-350,-105,715225,715480,255
105,0,blank,0,-350,-105,715480,715548,68
105,0,blank,0,-350,-105,715548,715739,191
105,0,blank,0,-350,-105,715739,715794,55
102,0,blank,0,967.454,467.8411,259375,259400,25
102,0,blank,0,886.363,498.9253,259458,259487,29
102,0,blank,0,960.554,459.5717,259516,259574,58
102,0,blank,0,969.613,414.934,259599,259677,78
102,0,blank,0,835.12,487.0372,259727,259756,29
102,0,blank,0,936.5255,374.7932,259812,259887,75
102,0,blank,0,944.896,388.295,259941,259970,29
102,0,blank,0,966.511666666667,171.1268,260057,260138,81
102,0,blank,0,970.992333333333,170.438233333333,260138,260226,88
103,0,blank,0,-350,-105,260614,260690,76
103,0,blank,0,-350,-105,260690,260740,50
103,0,blank,0,298.033,461.8954,260827,260853,26
103,0,blank,0,278.496,458.1953,260853,260936,83
103,0,blank,0,196.25835,275.06145,261151,261213,62
103,0,blank,0,-350,-105,261301,261377,76
103,0,blank,0,-350,-105,261377,261439,62
103,0,blank,0,-350,-105,261439,261547,108
103,0,blank,0,-350,-105,261547,261767,220
103,0,blank,0,-350,-105,262388,262585,197
103,0,blank,0,-350,-105,262585,262715,130
103,0,blank,0,-350,-105,262715,263188,473
103,0,blank,0,-350,-105,263188,263265,77
103,0,blank,0,-350,-105,263265,263546,281
103,0,blank,0,-350,-105,263546,263602,56
103,7,comma,59,128.2292,143.6782,264041,264078,37
103,11,n,90,213.823,233.2528,264746,264827,81
103,14,name,113,261.905,289.6392,264910,264983,73
103,0,blank,0,-350,-105,265257,265340,83
103,0,blank,0,-350,-105,265340,265375,35
103,0,blank,0,-350,-105,265375,265611,236
103,0,blank,0,310.404,199.7157,265659,265697,38
103,11,++,93,261.418133333333,243.7441,265733,265829,96
103,10,comma,78,286.8775,221.7676,265829,266099,270
103,0,blank,0,-350,-105,266125,266154,29
103,0,blank,0,369.27695,64.70705,266339,266403,64
103,0,blank,0,371.4554,56.7985,266440,266476,36
103,0,blank,0,348.4617,32.3229,266510,266578,68
103,1,alphabetical,9,372.736,20.6542,266578,266611,33
103,0,blank,0,384.1355,-5.00145,266677,266743,66
103,0,blank,0,380.865,-49.8613,266743,266811,68
103,0,blank,0,396.4627,-45.7956,266811,266880,69
103,0,blank,0,388.5864,-64.8824,266880,266919,39
103,0,blank,0,339.3499,-65.3323,266956,266993,37
103,0,blank,0,275.8074,-105.02,267028,267064,36
103,0,blank,0,277.9176,-84.6756,267103,267142,39
103,0,blank,0,154.3201,-61.20025,267178,267249,71
103,0,blank,0,155.96255,-91.2655,267249,267324,75
103,0,blank,0,158.2855,-53.2523,267324,267395,71
103,0,blank,0,161.0364,-73.69,267395,267468,73
103,0,blank,0,172.6297,-28.6657,267468,267542,74
103,0,blank,0,309.833,47.8719,267576,267651,75
103,0,blank,0,310.8139,63.4709,267651,267683,32
103,0,blank,0,316.61385,48.3104,267749,267815,66
103,1,name,7,252.672033333333,16.5569,267849,267944,95
103,0,blank,0,249.928366666667,46.6055,267944,268042,98
103,0,blank,0,252.080333333333,52.9738666666667,268042,268139,97
103,1,name,7,250.5264,16.5576,268139,268172,33
103,0,blank,0,-350,-105,268238,268264,26
103,0,blank,0,212.9653,20.70685,268412,268480,68
103,0,blank,0,308.0573,49.9060666666667,268512,268609,97
103,0,blank,0,301.08185,90.8905,268609,268674,65
103,0,blank,0,-350,-105,268709,268739,30
103,0,blank,0,-350,-105,268893,268991,98
103,11,++,93,246.6095,234.8303,269071,269185,114
103,8,"Enterthevalueofn\n",64,278.495833333333,170.8964,269350,269447,97
103,0,blank,0,303.217,185.9108,269447,269521,74
103,8,"Enterthevalueofn\n",64,297.66525,176.0042,269521,269591,70
103,8,"Enterthevalueofn\n",64,308.47785,166.3822,269591,269660,69
103,8,"Enterthevalueofn\n",64,308.84015,157.7874,269660,269730,70
103,0,blank,0,274.1718,138.1567,269763,269835,72
103,0,blank,0,275.84585,148.54965,269835,269903,68
103,0,blank,0,263.44865,153.2438,269903,269974,71
103,0,blank,0,270.1655,142.3326,269974,270046,72
103,8,"Enterthevalueofn\n",64,277.3728,160.68985,270046,270115,69
103,0,blank,0,288.3868,86.7703,270150,270185,35
103,10,"Enter%dnames",77,272.44775,207.5459,270291,270358,67
103,8,"Enterthevalueofn\n",64,302.20465,165.84315,270358,270431,73
103,0,blank,0,-350,-105,270701,270933,232
103,0,blank,0,-350,-105,270933,271021,88
103,0,blank,0,963.1885,738.8693,271279,271348,69
103,0,blank,0,983.969,710.9069,271348,271380,32
103,0,blank,0,992.011,745.792966666667,271412,271508,96
103,0,blank,0,993.070666666667,722.975233333333,271508,271604,96
103,0,blank,0,986.103,744.7974,271604,271636,32
103,0,blank,0,1000.42833333333,728.58,271669,271767,98
103,0,blank,0,992.915333333333,734.352566666667,271767,271865,98
103,0,blank,0,981.460333333333,738.4824,271865,271964,99
103,0,blank,0,1000.927,741.7463,271964,272062,98
103,0,blank,0,978.175666666667,747.1111,272062,272159,97
103,0,blank,0,980.444,742.2021,272159,272258,99
103,0,blank,0,977.308,737.93305,272258,272324,66
103,0,blank,0,964.0405,745.8765,272324,272392,68
103,0,blank,0,981.229666666667,748.865933333333,272392,272490,98
103,0,blank,0,980.281333333333,746.746566666667,272490,272589,99
103,0,blank,0,993.7535,737.48335,272589,272656,67
103,0,blank,0,974.9875,735.26635,272656,272722,66
103,0,blank,0,939.4255,449.89385,272791,272858,67
103,0,blank,0,942.259,440.666,272858,272926,68
103,0,blank,0,932.672,435.1671,272926,272993,67
103,0,blank,0,956.9785,459.69705,272993,273059,66
103,0,blank,0,-350,-105,273125,273169,44
103,0,blank,0,-350,-105,273169,273272,103
103,0,blank,0,-350,-105,274014,274164,150
103,0,blank,0,-350,-105,274164,274233,69
103,0,blank,0,-350,-105,274233,274273,40
103,0,blank,0,-350,-105,274273,274366,93
103,0,blank,0,-350,-105,274366,274439,73
103,0,blank,0,-350,-105,274439,274599,160
103,0,blank,0,-350,-105,274599,274714,115
103,0,blank,0,-350,-105,274714,274806,92
103,0,blank,0,-350,-105,274806,274834,28
103,0,blank,0,-350,-105,274834,275048,214
103,18,j,148,247.2462,383.0683,275227,275290,63
103,0,blank,0,216.55245,354.5047,275290,275370,80
103,14,tname,108,203.079866666667,289.7167,275370,275468,98
103,14,strcpy,106,136.5693,293.65005,275645,275716,71
103,13,(,97,137.97745,283.4731,275716,275784,68
103,14,strcpy,106,131.56265,293.74615,275784,275853,69
103,14,tname,108,153.833066666667,290.346566666667,275853,275948,95
103,14,tname,108,156.8773,289.3103,275948,275979,31
103,0,blank,0,155.113266666667,246.812866666667,276076,276174,98
103,13,"%s",98,161.165266666667,280.456066666667,276174,276270,96
103,0,blank,0,177.992033333333,321.6056,276270,276367,97
103,14,tname,108,176.2534,299.387733333333,276367,276464,97
103,13,"%s",98,149.752866666667,285.4732,276464,276560,96
103,0,blank,0,48.7428,244.6735,276593,276624,31
103,0,blank,0,-350,-105,276931,277008,77
103,0,blank,0,-350,-105,277008,277076,68
103,0,blank,0,-350,-105,277076,277159,83
103,0,blank,0,-350,-105,277159,277258,99
103,0,blank,0,-350,-105,277374,277444,70
103,0,blank,0,-350,-105,277444,277535,91
103,0,blank,0,-350,-105,277535,277600,65
103,0,blank,0,-350,-105,277600,278123,523
103,0,blank,0,-350,-105,278123,280139,2016
103,0,blank,0,-350,-105,280139,280197,58
103,0,blank,0,-350,-105,280406,280462,56
103,0,blank,0,-350,-105,280462,280628,166
103,0,blank,0,349.1225,281.8384,280667,280690,23
103,0,blank,0,374.2674,235.9247,280725,280756,31
103,0,blank,0,301.887966666667,287.028533333333,280787,280880,93
103,0,blank,0,294.822733333333,316.902766666667,280880,280972,92
103,0,blank,0,297.3627,274.23705,280972,281033,61
103,0,blank,0,301.3484,329.3472,281033,281172,139
103,14,name,113,291.053266666667,302.267833333333,281198,281291,93
103,0,blank,0,279.3206,288.0817,281291,281322,31
103,0,blank,0,359.926666666667,279.777966666667,281353,281446,93
103,0,blank,0,390.6122,327.410233333333,281478,281573,95
103,0,blank,0,393.85935,348.87905,281669,281733,64
103,0,blank,0,347.7524,310.3234,281805,281830,25
103,0,blank,0,-350,-105,282340,282406,66
103,0,blank,0,-350,-105,282406,282559,153
103,0,blank,0,-350,-105,282559,282602,43
103,0,blank,0,-350,-105,282602,282819,217
103,0,blank,0,-350,-105,282819,282856,37
103,0,blank,0,-350,-105,282856,282990,134
103,0,blank,0,-350,-105,282990,283072,82
103,0,blank,0,-350,-105,283072,283143,71
103,10,"Enter%dnames",77,224.89405,212.42215,283295,283389,94
103,8,"Enterthevalueofn\n",64,202.6694,166.2138,283480,283512,32
103,8,"Enterthevalueofn\n",64,238.6344,162.138966666667,283573,283668,95
103,0,blank,0,272.6111,179.3206,283668,283698,30
103,0,blank,0,-350,-105,283759,283843,84
103,0,blank,0,-350,-105,283843,283942,99
103,0,blank,0,-350,-105,283942,284000,58
103,0,blank,0,-350,-105,284000,284063,63
103,0,blank,0,-350,-105,284139,284205,66
103,0,blank,0,-350,-105,284205,284239,34
103,0,blank,0,-350,-105,284239,284313,74
103,0,blank,0,-350,-105,284404,284502,98
103,0,blank,0,-350,-105,284502,284549,47
103,0,blank,0,-350,-105,285023,285105,82
103,0,blank,0,-350,-105,285105,285133,28
103,0,blank,0,332.0354,277.9145,285445,285471,26
103,0,blank,0,358.3784,264.1105,285503,285569,66
103,0,blank,0,357.4283,240.9211,285594,285626,32
103,0,blank,0,257.8561,250.4147,285761,285787,26
103,14,name,113,277.4864,294.84195,286083,286170,87
103,0,blank,0,194.6629,330.0186,286567,286650,83
103,0,blank,0,184.316666666667,327.2334,286650,286739,89
103,0,blank,0,188.847933333333,319.551,286739,286830,91
103,0,blank,0,163.3777,318.8866,286830,286862,32
103,0,blank,0,234.03545,327.3293,286926,286984,58
103,0,blank,0,233.16395,337.3285,287045,287132,87
103,0,blank,0,221.585233333333,334.973766666667,287132,287224,92
103,0,blank,0,222.518833333333,315.4855,287224,287314,90
103,0,blank,0,238.32225,339.9295,287314,287404,90
103,0,blank,0,240.8701,322.4835,287498,287556,58
103,0,blank,0,276.50125,321.4583,287556,287644,88
103,14,name,113,267.1043,301.4652,287644,287672,28
103,0,blank,0,270.83585,311.9661,287733,287794,61
103,13,i,102,261.63505,285.5247,287917,288008,91
103,0,blank,0,267.7772,249.2759,288008,288038,30
103,14,name,113,281.2589,302.601,288100,288131,31
103,13,],103,267.6617,280.968566666667,288163,288258,95
103,0,blank,0,-350,-105,288356,288434,78
103,0,blank,0,-350,-105,288434,288512,78
103,0,blank,0,-350,-105,288512,288590,78
103,0,blank,0,-350,-105,288590,288658,68
103,0,blank,0,-350,-105,288658,288754,96
103,0,blank,0,-350,-105,288754,288852,98
103,0,blank,0,-350,-105,288852,288928,76
103,0,blank,0,-350,-105,288928,289004,76
103,0,blank,0,-350,-105,289004,289081,77
103,0,blank,0,-350,-105,289081,289132,51
103,0,blank,0,-350,-105,289132,289240,108
103,0,blank,0,-350,-105,289240,289328,88
103,0,blank,0,-350,-105,289328,289611,283
103,0,blank,0,-350,-105,289611,289653,42
103,0,blank,0,-350,-105,289653,289876,223
103,0,blank,0,-350,-105,289876,290009,133
103,0,blank,0,-350,-105,290009,290101,92
103,0,blank,0,-350,-105,290101,290347,246
103,0,blank,0,-350,-105,290347,290594,247
103,0,blank,0,-350,-105,290594,290821,227
103,0,blank,0,-350,-105,290821,290850,29
103,0,blank,0,-350,-105,290850,291176,326
103,0,blank,0,-350,-105,291176,291572,396
103,0,blank,0,-350,-105,291572,291641,69
103,0,blank,0,-350,-105,291641,291715,74
103,0,blank,0,-350,-105,291715,291757,42
103,0,blank,0,-350,-105,291757,292045,288
103,0,blank,0,-350,-105,292045,292142,97
103,0,blank,0,-350,-105,292142,292195,53
103,0,blank,0,-350,-105,292195,292298,103
103,0,blank,0,-350,-105,292866,293198,332
103,0,blank,0,-350,-105,293198,293503,305
103,0,blank,0,-350,-105,293503,293571,68
103,0,blank,0,-350,-105,293571,293646,75
103,0,blank,0,-350,-105,293646,293707,61
103,0,blank,0,-350,-105,293707,293779,72
103,0,blank,0,-350,-105,293779,293854,75
103,0,blank,0,-350,-105,293854,294006,152
103,0,blank,0,-350,-105,294006,294081,75
103,0,blank,0,-350,-105,294081,294156,75
103,0,blank,0,-350,-105,294156,294253,97
103,0,blank,0,-350,-105,294253,294327,74
103,0,blank,0,-350,-105,294327,294395,68
103,0,blank,0,-350,-105,294395,294471,76
103,0,blank,0,-350,-105,294471,294513,42
103,0,blank,0,-350,-105,294513,294760,247
103,0,blank,0,-350,-105,294760,294794,34
103,0,blank,0,-350,-105,294794,294902,108
103,0,blank,0,-350,-105,294902,295009,107
103,0,blank,0,-350,-105,295009,295693,684
103,0,blank,0,-350,-105,295693,295788,95
103,0,blank,0,-350,-105,295788,295857,69
103,0,blank,0,-350,-105,295857,295953,96
103,0,blank,0,-350,-105,295953,296138,185
103,0,blank,0,-350,-105,296138,296167,29
103,0,blank,0,-350,-105,296167,296379,212
103,0,blank,0,-350,-105,296379,296595,216
103,0,blank,0,-350,-105,296595,296762,167
103,0,blank,0,-350,-105,296762,296828,66
103,0,blank,0,-350,-105,296828,297397,569
103,0,blank,0,-350,-105,297397,297950,553
103,0,blank,0,-350,-105,297950,298022,72
103,0,blank,0,-350,-105,298022,298059,37
103,0,blank,0,-350,-105,298059,298314,255
103,0,blank,0,-350,-105,298314,298568,254
103,0,blank,0,-350,-105,298568,298823,255
103,0,blank,0,-350,-105,298823,298898,75
103,0,blank,0,-350,-105,298898,298967,69
103,0,blank,0,-350,-105,298967,299059,92
103,0,blank,0,-350,-105,299059,299155,96
103,0,blank,0,-350,-105,299155,299224,69
103,0,blank,0,-350,-105,299224,299423,199
103,0,blank,0,-350,-105,299423,299506,83
103,0,blank,0,-350,-105,299506,299546,40
103,0,blank,0,-350,-105,299546,299651,105
103,0,blank,0,-350,-105,299651,299871,220
103,0,blank,0,-350,-105,299871,299954,83
103,0,blank,0,-350,-105,299954,300033,79
103,0,blank,0,-350,-105,300033,300161,128
103,0,blank,0,-350,-105,300161,300196,35
103,0,blank,0,-350,-105,300196,300514,318
103,0,blank,0,-350,-105,300514,300586,72
103,0,blank,0,-350,-105,300586,300661,75
103,0,blank,0,-350,-105,300661,300768,107
103,0,blank,0,-350,-105,300768,300884,116
103,0,blank,0,-350,-105,300884,300955,71
103,0,blank,0,-350,-105,300955,301131,176
103,0,blank,0,-350,-105,301131,301575,444
103,0,blank,0,-350,-105,301575,301643,68
103,0,blank,0,-350,-105,301643,301717,74
103,0,blank,0,-350,-105,301717,301798,81
103,0,blank,0,-350,-105,301798,301997,199
103,0,blank,0,-350,-105,301997,302074,77
103,0,blank,0,-350,-105,302074,302772,698
103,0,blank,0,-350,-105,302772,302871,99
103,0,blank,0,-350,-105,302871,302940,69
103,0,blank,0,-350,-105,302940,303015,75
103,0,blank,0,-350,-105,303015,303272,257
103,0,blank,0,-350,-105,303272,303526,254
103,0,blank,0,-350,-105,303526,303781,255
103,0,blank,0,-350,-105,303781,303856,75
103,0,blank,0,-350,-105,303856,303924,68
103,0,blank,0,-350,-105,303924,304020,96
103,0,blank,0,-350,-105,304020,304075,55
103,0,blank,0,-350,-105,304075,304148,73
103,0,blank,0,-350,-105,304628,304798,170
103,0,blank,0,-350,-105,304798,306133,1335
103,0,blank,0,-350,-105,306133,306443,310
103,0,blank,0,-350,-105,306443,306527,84
103,0,blank,0,375.7776,275.2471,306611,306636,25
103,13,name,100,229.814,274.2121,306743,306852,109
103,13,"%s",98,156.58895,287.8295,306972,307033,61
103,16,0,124,140.905,353.0624,307063,307093,30
103,0,blank,0,163.72115,252.2978,307153,307215,62
103,11,i,92,169.4606,242.0208,307215,307380,165
103,0,blank,0,140.807766666667,263.7268,307380,307473,93
103,11,0,86,133.085633333333,235.7334,307473,307563,90
103,0,blank,0,-350,-105,307594,307649,55
103,0,blank,0,162.4415,246.2125,307674,307703,29
103,0,blank,0,-350,-105,307791,307869,78
103,0,blank,0,-350,-105,307869,307895,26
103,0,blank,0,-350,-105,308025,308105,80
103,0,blank,0,-350,-105,308105,308132,27
103,0,blank,0,229.6834,253.8757,308215,308448,233
103,0,blank,0,297.7391,233.8271,309239,309319,80
103,0,blank,0,294.6174,191.226,309319,309399,80
103,0,blank,0,284.9108,222.6923,309399,309477,78
103,0,blank,0,-350,-105,309515,309606,91
103,0,blank,0,-350,-105,309606,309682,76
103,0,blank,0,-350,-105,309682,309758,76
103,0,blank,0,-350,-105,309758,309834,76
103,0,blank,0,-350,-105,309834,309910,76
103,0,blank,0,-350,-105,309910,310006,96
103,0,blank,0,-350,-105,310006,310074,68
103,0,blank,0,-350,-105,310074,310170,96
103,0,blank,0,-350,-105,310170,310304,134
103,0,blank,0,-350,-105,310304,310328,24
103,0,blank,0,-350,-105,310328,310414,86
103,0,blank,0,-350,-105,310414,310522,108
103,0,blank,0,-350,-105,310522,310726,204
103,0,blank,0,-350,-105,310726,310818,92
103,0,blank,0,-350,-105,310818,310916,98
103,0,blank,0,-350,-105,310916,311007,91
103,0,blank,0,-350,-105,311007,311084,77
103,0,blank,0,-350,-105,311084,311159,75
103,0,blank,0,-350,-105,311159,311235,76
103,0,blank,0,-350,-105,311235,311311,76
103,0,blank,0,-350,-105,311311,311388,77
103,0,blank,0,-350,-105,311388,311468,80
103,0,blank,0,-350,-105,311468,311564,96
103,0,blank,0,-350,-105,311564,311629,65
103,0,blank,0,-350,-105,311629,311722,93
103,0,blank,0,-350,-105,311722,311807,85
103,0,blank,0,-350,-105,311807,311905,98
103,0,blank,0,-350,-105,311905,311959,54
103,0,blank,0,-350,-105,311959,312081,122
103,0,blank,0,-350,-105,312081,312174,93
103,0,blank,0,-350,-105,312174,312245,71
103,0,blank,0,-350,-105,312245,312319,74
103,0,blank,0,-350,-105,312319,312395,76
103,0,blank,0,-350,-105,312395,312464,69
103,0,blank,0,-350,-105,312464,312539,75
103,0,blank,0,-350,-105,312539,312613,74
103,0,blank,0,-350,-105,312613,312681,68
103,0,blank,0,-350,-105,312681,312753,72
103,0,blank,0,-350,-105,312753,312827,74
103,0,blank,0,-350,-105,312827,312896,69
103,0,blank,0,-350,-105,312896,312987,91
103,0,blank,0,-350,-105,312987,313138,151
103,0,blank,0,-350,-105,313138,313285,147
103,0,blank,0,-350,-105,313285,313335,50
103,0,blank,0,-350,-105,313335,313394,59
103,0,blank,0,-350,-105,313394,313464,70
103,0,blank,0,-350,-105,313464,313540,76
103,0,blank,0,-350,-105,313540,313607,67
103,0,blank,0,-350,-105,313607,313681,74
103,0,blank,0,-350,-105,313681,313755,74
103,0,blank,0,-350,-105,313755,313822,67
103,0,blank,0,-350,-105,313822,313858,36
103,0,blank,0,-350,-105,313858,314115,257
103,0,blank,0,-350,-105,314115,314370,255
103,0,blank,0,-350,-105,314370,314434,64
103,0,blank,0,-350,-105,314434,314666,232
103,0,blank,0,-350,-105,314666,314905,239
103,0,blank,0,-350,-105,314905,314973,68
103,0,blank,0,-350,-105,314973,315070,97
103,0,blank,0,-350,-105,315070,315254,184
103,0,blank,0,-350,-105,315254,315313,59
103,0,blank,0,-350,-105,315313,315423,110
103,0,blank,0,-350,-105,315423,315705,282
103,0,blank,0,-350,-105,315705,315876,171
103,0,blank,0,-350,-105,315876,315943,67
103,0,blank,0,-350,-105,315943,316010,67
103,0,blank,0,-350,-105,316010,316084,74
103,0,blank,0,-350,-105,316084,316157,73
103,0,blank,0,-350,-105,316157,316225,68
103,0,blank,0,-350,-105,316225,316323,98
103,0,blank,0,-350,-105,316323,316342,19
103,0,blank,0,-350,-105,316342,316465,123
103,0,blank,0,-350,-105,316465,316541,76
103,0,blank,0,-350,-105,316541,316612,71
103,0,blank,0,-350,-105,316612,316669,57
103,0,blank,0,-350,-105,316669,316818,149
103,0,blank,0,-350,-105,316818,316972,154
103,0,blank,0,-350,-105,316972,317137,165
103,0,blank,0,-350,-105,317137,317204,67
103,0,blank,0,-350,-105,317204,317276,72
103,0,blank,0,-350,-105,317276,317531,255
103,0,blank,0,-350,-105,317531,317786,255
103,0,blank,0,-350,-105,317786,317847,61
103,0,blank,0,-350,-105,317847,318032,185
103,0,blank,0,-350,-105,318032,318218,186
103,0,blank,0,-350,-105,318218,318285,67
103,0,blank,0,-350,-105,318285,318357,72
103,0,blank,0,-350,-105,318357,318431,74
103,0,blank,0,-350,-105,318431,318500,69
103,0,blank,0,-350,-105,318500,318537,37
103,0,blank,0,-350,-105,318537,318792,255
103,0,blank,0,-350,-105,318792,319046,254
103,0,blank,0,-350,-105,319046,319301,255
103,0,blank,0,-350,-105,319301,319374,73
103,0,blank,0,-350,-105,319374,319441,67
103,0,blank,0,-350,-105,319441,319514,73
103,0,blank,0,-350,-105,319514,319587,73
103,0,blank,0,-350,-105,319587,319654,67
103,0,blank,0,-350,-105,319654,319728,74
103,0,blank,0,-350,-105,319728,319786,58
103,0,blank,0,-350,-105,319786,319917,131
103,0,blank,0,-350,-105,319917,320050,133
103,0,blank,0,-350,-105,320050,320168,118
103,0,blank,0,-350,-105,320168,320296,128
103,0,blank,0,-350,-105,320296,320388,92
103,0,blank,0,-350,-105,320388,320462,74
103,0,blank,0,-350,-105,320462,320558,96
103,0,blank,0,-350,-105,320558,320650,92
103,0,blank,0,-350,-105,320650,320762,112
103,0,blank,0,-350,-105,320762,320886,124
103,0,blank,0,-350,-105,320886,320919,33
103,0,blank,0,-350,-105,320919,321002,83
103,0,blank,0,-350,-105,321002,321094,92
103,0,blank,0,-350,-105,321094,321159,65
103,0,blank,0,-350,-105,321159,321322,163
103,0,blank,0,-350,-105,321322,321351,29
103,0,blank,0,-350,-105,321351,321709,358
103,0,blank,0,-350,-105,321709,321852,143
103,0,blank,0,-350,-105,321852,321923,71
103,0,blank,0,-350,-105,321923,321953,30
103,16,-,129,228.7328,351.0946,323148,323322,174
103,16,n,128,211.0634,353.7406,323322,323388,66
103,0,blank,0,218.82925,334.8129,323388,323459,71
103,0,blank,0,200.421466666667,326.264333333333,323559,323657,98
103,0,blank,0,195.1423,329.025233333333,323657,323756,99
103,16,<,127,188.6097,333.6564,323756,323824,68
103,0,blank,0,158.29385,335.3589,323824,323914,90
103,16,i,132,169.6444,351.0273,323914,323953,39
103,16,;,131,147.078,343.2702,324019,324046,27
103,0,blank,0,183.6922,317.7744,324176,324238,62
103,0,blank,0,236.9926,339.6499,324332,324399,67
103,0,blank,0,239.920033333333,331.936333333333,324399,324498,99
103,0,blank,0,245.88815,365.05975,324498,324564,66
103,0,blank,0,255.7158,337.9712,324564,324607,43
103,0,blank,0,235.72865,325.6676,324607,324703,96
103,0,blank,0,239.5912,333.83215,324703,324770,67
103,0,blank,0,234.5579,351.0204,324770,324803,33
103,0,blank,0,-350,-105,324870,324902,32
103,0,blank,0,-350,-105,324902,325006,104
103,0,blank,0,-350,-105,325006,325061,55
103,0,blank,0,-350,-105,325061,325107,46
103,0,blank,0,-350,-105,325107,325164,57
103,0,blank,0,-350,-105,325164,325236,72
103,0,blank,0,-350,-105,325236,325558,322
103,0,blank,0,-350,-105,325558,325786,228
103,0,blank,0,133.9694,358.0014,325989,326040,51
103,0,blank,0,304.9802,356.1785,326230,326275,45
103,16,++,133,305.4323,336.4438,326275,326351,76
103,0,blank,0,329.4623,367.7562,326424,326515,91
103,18,i,140,178.47525,393.49115,326605,326692,87
103,18,+,141,197.5325,390.1517,326692,326774,82
103,0,blank,0,175.88805,401.2773,326774,326869,95
103,18,+,141,195.71655,393.9438,326869,326957,88
103,20,if,152,136.06205,435.13335,326995,327064,69
103,0,blank,0,133.6957,403.87735,327099,327171,72
103,0,blank,0,201.09205,362.372,327207,327278,71
103,0,blank,0,201.8263,373.1404,327278,327312,34
103,0,blank,0,252.279,442.54425,327382,327451,69
103,22,temp,172,256.9677,485.2191,327484,327513,29
103,0,blank,0,264.888833333333,407.5344,327542,327638,96
103,20,name,161,241.60555,428.17455,327701,327790,89
103,0,blank,0,221.1421,410.202433333333,327790,327888,98
103,20,name,161,236.4171,437.6208,327888,327953,65
103,0,blank,0,259.213633333333,409.7188,328012,328108,96
103,20,name,161,267.400866666667,421.897966666667,328108,328203,95
103,20,name,161,272.128233333333,434.3632,328203,328301,98
103,0,blank,0,170.751566666667,413.588233333333,328332,328430,98
103,20,strcmp,154,182.1423,438.390066666667,328430,328523,93
103,20,strcmp,154,178.38675,441.3445,328523,328590,67
103,20,strcmp,154,196.329,425.3564,328590,328663,73
103,0,blank,0,172.9759,404.8223,328663,328698,35
103,0,blank,0,244.44145,404.84265,328763,328825,62
103,0,blank,0,242.7626,457.757,328857,328889,32
103,0,blank,0,264.95475,418.72275,328926,328992,66
103,20,name,161,262.3491,425.5517,328992,329064,72
103,0,blank,0,276.808,415.23645,329155,329226,71
103,20,name,161,242.42025,438.02065,329226,329292,66
103,0,blank,0,259.856366666667,418.612733333333,329323,329416,93
103,20,[,162,276.6226,440.611,329416,329448,32
103,0,blank,0,222.904766666667,403.197066666667,329477,329572,95
103,18,j,148,246.075,391.2323,329602,329633,31
103,0,blank,0,218.8858,415.7319,329695,329728,33
103,18,n,146,288.27145,389.8039,329856,329918,62
103,0,blank,0,284.3014,416.95165,329918,330003,85
103,18,<,145,264.92,396.89185,330003,330093,90
103,0,blank,0,267.46615,410.2135,330093,330180,87
103,0,blank,0,291.0103,419.9744,330180,330216,36
103,0,blank,0,254.1918,363.9031,330282,330313,31
103,0,blank,0,-350,-105,330343,330431,88
103,0,blank,0,-350,-105,330431,330457,26
103,0,blank,0,360.31555,379.09625,330574,330650,76
103,0,blank,0,346.7319,356.43075,330650,330749,99
103,0,blank,0,347.1205,361.8472,330749,330783,34
103,0,blank,0,331.7939,338.4496,330783,330854,71
103,0,blank,0,347.1155,367.2973,330854,330914,60
103,0,blank,0,324.1234,362.3602,330914,330975,61
103,0,blank,0,-350,-105,331002,331061,59
103,0,blank,0,-350,-105,331061,331142,81
103,0,blank,0,160.1255,582.4783,331372,331413,41
103,0,blank,0,156.732,578.4867,331555,331595,40
103,0,blank,0,-350,-105,331741,331824,83
103,0,blank,0,-350,-105,331824,331902,78
103,0,blank,0,-350,-105,331902,331980,78
103,0,blank,0,-350,-105,331980,332055,75
103,0,blank,0,-350,-105,332055,332133,78
103,0,blank,0,-350,-105,332133,332247,114
103,0,blank,0,-350,-105,332247,332340,93
103,0,blank,0,-350,-105,332340,332371,31
103,0,blank,0,-350,-105,332371,332440,69
103,0,blank,0,-350,-105,332440,332517,77
103,0,blank,0,-350,-105,332517,332583,66
103,0,blank,0,-350,-105,332583,332631,48
103,0,blank,0,-350,-105,332631,332977,346
103,0,blank,0,-350,-105,332977,333015,38
103,0,blank,0,-350,-105,333015,333192,177
103,0,blank,0,-350,-105,333192,333233,41
103,0,blank,0,-350,-105,333233,333473,240
103,0,blank,0,-350,-105,333473,333544,71
103,0,blank,0,-350,-105,333544,333728,184
103,0,blank,0,-350,-105,333728,333788,60
103,0,blank,0,-350,-105,333788,333863,75
103,0,blank,0,-350,-105,333863,333920,57
103,0,blank,0,-350,-105,333920,333967,47
103,0,blank,0,-350,-105,333967,334059,92
103,0,blank,0,-350,-105,334059,334147,88
103,0,blank,0,-350,-105,334147,334226,79
103,0,blank,0,-350,-105,334226,334329,103
103,0,blank,0,-350,-105,334329,334381,52
103,0,blank,0,-350,-105,334381,334429,48
103,22,i,176,346.6674,482.6336,334960,335002,42
103,0,blank,0,-350,-105,335192,335251,59
103,20,[,162,367.813,432.8713,335288,335324,36
103,0,blank,0,361.9383,464.601933333333,335409,335500,91
103,20,name,161,339.316466666667,428.574566666667,335532,335629,97
103,0,blank,0,342.0828,448.9417,335629,335691,62
103,14,name,113,261.363,306.140133333333,335753,335848,95
103,14,name,113,260.728966666667,292.492566666667,335848,335941,93
103,0,blank,0,250.4554,312.4653,335941,335973,32
103,0,blank,0,310.474166666667,328.5186,336005,336098,93
103,16,++,133,305.1946,334.0962,336098,336193,95
103,0,blank,0,321.3125,325.2547,336193,336289,96
103,0,blank,0,330.29115,358.73895,336289,336350,61
103,0,blank,0,-350,-105,336380,336437,57
103,0,blank,0,-350,-105,336437,336535,98
103,0,blank,0,391.7626,344.7297,336564,336586,22
103,0,blank,0,410.93865,455.40025,336647,336707,60
103,0,blank,0,366.429333333333,486.0804,336738,336833,95
103,0,blank,0,301.330866666667,419.446633333333,336864,336959,95
103,0,blank,0,281.351366666667,417.642833333333,336959,337054,95
103,0,blank,0,272.4603,415.3972,337054,337084,30
103,18,<,145,271.236633333333,394.573666666667,337117,337210,93
103,0,blank,0,263.99795,445.8711,337210,337271,61
103,0,blank,0,230.9542,414.2881,337302,337398,96
103,20,(,155,229.795,428.220966666667,337398,337491,93
103,20,(,155,226.7504,429.5446,337491,337553,62
103,0,blank,0,474.0014,483.220766666667,337618,337711,93
103,0,blank,0,479.5241,466.9313,337711,337806,95
103,0,blank,0,495.763433333333,472.643133333333,337806,337903,97
103,0,blank,0,493.945266666667,486.591933333333,337903,337999,96
103,0,blank,0,521.3604,458.2575,337999,338031,32
103,0,blank,0,500.45315,471.1243,338094,338158,64
103,0,blank,0,498.38295,506.1594,338227,338289,62
103,0,blank,0,500.07345,492.87665,338289,338364,75
103,0,blank,0,493.348333333333,492.776366666667,338364,338460,96
103,0,blank,0,498.1467,497.714033333333,338460,338559,99
103,0,blank,0,499.322166666667,507.289166666667,338559,338657,98
103,0,blank,0,500.378,491.000366666667,338657,338753,96
103,0,blank,0,492.0641,492.680433333333,338753,338849,96
103,0,blank,0,487.745266666667,493.5172,338849,338948,99
103,0,blank,0,483.4957,491.70185,338948,339014,66
103,0,blank,0,423.0633,504.003433333333,339079,339168,89
103,0,blank,0,433.736133333333,498.814366666667,339168,339265,97
103,0,blank,0,429.5754,486.3328,339265,339296,31
103,24,],198,297.1902,512.50795,339328,339394,66
103,24,],198,294.4042,509.7624,339394,339492,98
103,0,blank,0,293.291966666667,530.313166666667,339492,339590,98
103,0,blank,0,295.620966666667,537.318366666667,339590,339687,97
103,0,blank,0,315.288066666667,551.843066666667,339687,339784,97
103,0,blank,0,332.674266666667,542.5145,339784,339880,96
103,0,blank,0,326.688,534.3353,339880,339977,97
103,0,blank,0,339.0339,531.59085,339977,340040,63
103,0,blank,0,276.1919,534.4517,340073,340105,32
103,23,i,184,285.026,492.4383,340167,340198,31
103,24,name,195,265.113933333333,522.5534,340231,340325,94
103,0,blank,0,258.4344,535.1148,340325,340355,30
103,24,name,195,266.183733333333,517.8557,340450,340546,96
103,0,blank,0,276.259866666667,530.695666666667,340546,340639,93
103,24,],198,294.362066666667,514.230066666667,340639,340734,95
103,24,[,196,280.392866666667,524.9759,340734,340830,96
103,24,[,196,282.910333333333,511.0944,340830,340925,95
103,24,j,197,283.6246,524.0406,340925,341021,96
103,24,temp,200,333.088866666667,525.0826,341021,341116,95
103,24,temp,200,341.092133333333,514.3504,341116,341212,96
103,24,temp,200,334.362266666667,527.104033333333,341212,341307,95
103,0,blank,0,361.070166666667,536.884266666667,341307,341403,96
103,24,;,202,374.774566666667,522.892366666667,341403,341498,95
103,0,blank,0,396.202533333333,526.149433333333,341498,341594,96
103,0,blank,0,405.7119,530.053866666667,341594,341688,94
103,0,blank,0,417.936666666667,521.199466666667,341688,341783,95
103,0,blank,0,416.9711,504.23445,341783,341846,63
103,23,name,187,357.8901,487.749333333333,341879,341975,96
103,23,name,187,331.4377,496.6214,341975,342071,96
103,22,name,174,306.361,478.557566666667,342071,342166,95
103,22,name,174,304.027466666667,474.093633333333,342166,342261,95
103,0,blank,0,304.5981,462.541066666667,342261,342356,95
103,22,name,174,295.585833333333,471.0698,342356,342451,95
103,22,temp,172,267.0117,466.538666666667,342451,342546,95
103,22,temp,172,271.014166666667,465.7551,342546,342639,93
103,22,name,174,293.1494,470.575,342639,342669,30
103,0,blank,0,280.558233333333,533.3335,342700,342794,94
103,23,[,188,277.1961,507.077333333333,342794,342887,93
103,24,name,195,247.0105,519.23915,342949,343038,89
103,23,name,187,253.7904,507.6771,343038,343109,71
103,24,name,195,250.4572,515.3734,343109,343212,103
103,0,blank,0,293.4919,508.5303,343212,343332,120
103,24,name,195,264.1264,526.0851,343332,343404,72
103,0,blank,0,268.8169,538.27695,343404,343474,70
103,23,[,188,275.0192,490.83335,343507,343569,62
103,24,temp,200,322.5737,514.05665,343600,343666,66
103,22,name,174,326.4342,480.6774,343666,343760,94
103,23,name,187,328.732866666667,498.509466666667,343760,343853,93
103,0,blank,0,322.13235,497.6683,343853,343915,62
103,23,name,187,359.693666666667,502.799566666667,343978,344074,96
103,22,i,176,348.2407,483.356,344074,344104,30
103,24,),201,367.817366666667,513.462566666667,344135,344229,94
103,0,blank,0,373.8955,543.8023,344261,344354,93
103,24,temp,200,363.5789,524.3489,344354,344385,31
103,0,blank,0,401.625266666667,517.9408,344416,344511,95
103,0,blank,0,394.2427,524.475466666667,344511,344607,96
103,0,blank,0,403.317166666667,544.026733333333,344607,344699,92
103,0,blank,0,408.2288,525.8505,344699,344794,95
103,0,blank,0,417.3046,519.359766666667,344794,344889,95
103,0,blank,0,411.754666666667,548.81,344889,344984,95
103,0,blank,0,416.5717,542.324466666667,344984,345079,95
103,0,blank,0,433.4157,539.5093,345079,345174,95
103,0,blank,0,435.302766666667,520.925433333333,345174,345270,96
103,0,blank,0,428.708166666667,518.5986,345270,345367,97
103,0,blank,0,424.681866666667,530.573733333333,345367,345463,96
103,0,blank,0,419.535466666667,518.745566666667,345463,345557,94
103,0,blank,0,403.802733333333,506.113433333333,345590,345687,97
103,0,blank,0,395.931466666667,520.624066666667,345687,345778,91
103,0,blank,0,396.999466666667,510.116633333333,345778,345872,94
103,0,blank,0,393.746566666667,509.695366666667,345872,345966,94
103,0,blank,0,385.567666666667,529.477266666667,345966,346060,94
103,0,blank,0,391.41165,540.40985,346060,346123,63
103,0,blank,0,401.367433333333,546.745866666667,346187,346285,98
103,0,blank,0,398.9477,528.244366666667,346285,346379,94
103,0,blank,0,402.9754,527.891966666667,346379,346475,96
103,0,blank,0,406.6009,531.151733333333,346475,346571,96
103,0,blank,0,398.98055,536.364,346571,346635,64
103,0,blank,0,347.195833333333,545.963533333333,346667,346765,98
103,0,blank,0,350.922333333333,534.5411,346765,346860,95
103,0,blank,0,312.0658,539.5301,346893,346991,98
103,24,temp,200,331.40405,509.93475,346991,347057,66
103,0,blank,0,316.6405,532.6459,347057,347125,68
103,24,[,196,282.91205,522.94845,347224,347288,64
103,0,blank,0,271.34775,534.8799,347356,347424,68
103,0,blank,0,298.8648,541.5802,347424,347492,68
103,22,),178,365.9698,484.8497,347525,347558,33
103,0,blank,0,339.053733333333,563.144466666667,347589,347687,98
103,0,blank,0,327.246366666667,555.098133333333,347751,347848,97
103,0,blank,0,-350,-105,347879,347965,86
103,0,blank,0,-350,-105,347965,347998,33
103,0,blank,0,316.5698,542.7471,348055,348133,78
103,0,blank,0,325.4762,538.4032,348210,348304,94
103,0,blank,0,-350,-105,348400,348486,86
103,0,blank,0,-350,-105,348486,348518,32
103,0,blank,0,351.8996,534.0885,348669,348760,91
103,0,blank,0,366.684033333333,549.222833333333,348760,348858,98
103,0,blank,0,366.3681,552.3181,348858,348891,33
103,0,blank,0,413.2844,549.434966666667,348924,349022,98
103,0,blank,0,425.0331,542.6491,349022,349087,65
103,0,blank,0,-350,-105,349120,349205,85
103,0,blank,0,-350,-105,349205,349231,26
103,0,blank,0,421.0203,499.5455,349337,349454,117
103,0,blank,0,-350,-105,349497,349596,99
103,0,blank,0,-350,-105,349693,349755,62
103,0,blank,0,345.6832,542.5474,349882,349942,60
103,0,blank,0,343.87035,538.83395,349942,350022,80
103,24,temp,200,342.89865,511.2412,350022,350089,67
103,0,blank,0,342.5054,547.04515,350089,350157,68
103,0,blank,0,-350,-105,350190,350274,84
103,0,blank,0,-350,-105,350274,350300,26
103,0,blank,0,330.604433333333,572.5298,350514,350605,91
103,0,blank,0,327.4506,580.058,350605,350639,34
103,23,name,187,337.1257,494.48865,350671,350735,64
103,0,blank,0,354.188,558.7979,350768,350832,64
103,0,blank,0,391.6874,521.4612,350898,350929,31
103,0,blank,0,380.077766666667,555.903533333333,350964,351057,93
103,0,blank,0,387.488066666667,552.349833333333,351057,351153,96
103,0,blank,0,394.9269,545.359,351153,351249,96
103,0,blank,0,400.544933333333,554.826066666667,351249,351345,96
103,0,blank,0,405.4127,547.397666666667,351345,351441,96
103,0,blank,0,411.318866666667,538.1592,351441,351534,93
103,0,blank,0,397.857066666667,559.6643,351534,351630,96
103,0,blank,0,393.703,543.1859,351630,351725,95
103,0,blank,0,392.3962,537.5583,351725,351818,93
103,0,blank,0,398.6016,542.320733333333,351818,351912,94
103,0,blank,0,405.261433333333,539.494833333333,351912,352007,95
103,0,blank,0,399.045366666667,542.052233333333,352007,352100,93
103,0,blank,0,400.820966666667,532.914733333333,352100,352193,93
103,0,blank,0,415.741766666667,527.007666666667,352193,352287,94
103,0,blank,0,407.135966666667,539.880733333333,352287,352381,94
103,0,blank,0,403.287866666667,531.2285,352381,352474,93
103,0,blank,0,396.721466666667,546.630066666667,352474,352569,95
103,0,blank,0,396.006233333333,538.182266666667,352569,352665,96
103,0,blank,0,397.8735,545.011366666667,352665,352760,95
103,0,blank,0,398.537633333333,538.010866666667,352760,352856,96
103,0,blank,0,397.769133333333,547.613833333333,352856,352952,96
103,0,blank,0,399.3027,547.9534,352952,353049,97
103,0,blank,0,394.592466666667,555.544633333333,353049,353145,96
103,0,blank,0,400.425133333333,548.535766666667,353145,353240,95
103,0,blank,0,394.2519,566.0259,353240,353303,63
103,0,blank,0,383.021633333333,557.7197,353335,353432,97
103,0,blank,0,397.834233333333,544.187766666667,353432,353530,98
103,0,blank,0,394.4818,560.510766666667,353530,353628,98
103,0,blank,0,386.95275,565.2254,353628,353695,67
103,0,blank,0,396.6643,562.4775,353695,353793,98
103,0,blank,0,399.854466666667,550.064966666667,353793,353891,98
103,0,blank,0,388.0015,562.754233333333,353891,353989,98
103,0,blank,0,395.292633333333,560.3425,353989,354087,98
103,0,blank,0,387.49905,566.7459,354087,354154,67
103,0,blank,0,406.4241,544.3949,354154,354219,65
103,0,blank,0,396.1716,562.01505,354219,354286,67
103,0,blank,0,392.858066666667,574.198633333333,354286,354385,99
103,0,blank,0,389.356566666667,550.9154,354385,354484,99
103,0,blank,0,402.5874,563.1628,354484,354518,34
103,24,temp,200,345.1628,513.9872,354551,354635,84
103,0,blank,0,342.7821,535.8493,354836,354930,94
103,0,blank,0,335.4963,552.5039,354977,355022,45
103,23,name,187,340.69195,501.17515,355072,355163,91
103,24,temp,200,349.9687,518.485,355210,355295,85
103,23,],190,301.7654,503.3163,355420,355513,93
103,23,comma,186,308.996633333333,502.2523,355513,355610,97
103,23,comma,186,308.179633333333,497.5305,355610,355703,93
103,23,comma,186,306.480633333333,496.013266666667,355703,355798,95
103,23,comma,186,304.1136,502.382633333333,355798,355895,97
103,0,blank,0,314.792833333333,505.300766666667,355895,355991,96
103,23,comma,186,307.040766666667,499.036133333333,355991,356086,95
103,0,blank,0,313.3253,497.561733333333,356086,356183,97
103,0,blank,0,315.300133333333,494.399866666667,356183,356279,96
103,23,comma,186,304.8566,491.395633333333,356279,356375,96
103,23,comma,186,304.0932,497.808333333333,356375,356473,98
103,22,name,174,305.272866666667,484.3948,356473,356570,97
103,0,blank,0,303.623966666667,489.4098,356570,356668,98
103,23,comma,186,309.445266666667,491.8516,356668,356765,97
103,0,blank,0,302.237533333333,496.942233333333,356765,356862,97
103,23,comma,186,308.1319,505.258733333333,356862,356959,97
103,23,],190,300.5241,507.106433333333,356959,357053,94
103,23,comma,186,310.595533333333,503.408033333333,357053,357149,96
103,23,comma,186,308.301966666667,504.533833333333,357149,357246,97
103,24,],198,296.373033333333,509.7505,357246,357344,98
103,0,blank,0,303.2861,506.648266666667,357344,357442,98
103,23,],190,299.715033333333,503.256133333333,357442,357539,97
103,0,blank,0,303.4645,506.4094,357539,357636,97
103,0,blank,0,303.392133333333,496.076166666667,357636,357732,96
103,23,comma,186,305.553566666667,501.3896,357732,357828,96
103,0,blank,0,313.2398,489.8466,357828,357861,33
103,0,blank,0,-350,-105,357959,358036,77
103,0,blank,0,-350,-105,358036,358061,25
103,23,strcpy,180,197.6986,491.6069,358144,358241,97
103,0,blank,0,185.694133333333,486.951,358396,358489,93
103,22,strcpy,170,193.6365,478.924,358489,358520,31
103,0,blank,0,-181.0546,-42.012,359802,359848,46
103,0,blank,0,-171.335,-32.73205,359848,359936,88
103,0,blank,0,-167.415033333333,-16.1791666666667,359936,360027,91
103,0,blank,0,-175.881733333333,-16.9062666666667,360027,360118,91
103,0,blank,0,-200.261033333333,-46.2013,360118,360211,93
103,0,blank,0,-208.405566666667,-35.8309,360211,360304,93
103,0,blank,0,-222.608733333333,-20.2431333333333,360304,360396,92
103,0,blank,0,-224.504733333333,-0.78406666666667,360396,360490,94
103,0,blank,0,-221.189833333333,-4.7462,360490,360583,93
103,0,blank,0,-220.475966666667,-25.41,360583,360677,94
103,0,blank,0,-206.806666666667,-34.8386666666667,360677,360771,94
103,0,blank,0,-203.197266666667,-38.0013,360771,360868,97
103,0,blank,0,-230.7531,-20.8660666666667,360900,360996,96
103,0,blank,0,-253.51435,-14.6523,360996,361063,67
103,0,blank,0,-254.872,-17.3649666666667,361063,361159,96
103,0,blank,0,-251.701533333333,-32.6448666666667,361159,361254,95
103,0,blank,0,-268.9554,-21.576,361254,361286,32
103,0,blank,0,-350,-105,361350,361433,83
103,24,name,195,252.9017,512.4412,361469,361540,71
103,0,blank,0,258.995533333333,530.1101,361614,361705,91
103,24,name,195,266.663566666667,518.633,361705,361799,94
103,23,name,187,270.700366666667,501.605733333333,361799,361894,95
103,23,name,187,269.8868,502.270533333333,361924,362016,92
103,0,blank,0,265.92,508.509566666667,362016,362107,91
103,24,name,195,261.750333333333,518.411466666667,362107,362200,93
103,23,name,187,258.802666666667,501.5518,362200,362292,92
103,23,[,188,275.690033333333,491.349333333333,362292,362384,92
103,20,name,161,272.079366666667,436.921933333333,362384,362475,91
103,0,blank,0,313.8193,459.0081,362475,362504,29
103,0,blank,0,275.324366666667,464.427933333333,362533,362622,89
103,0,blank,0,250.395666666667,508.4053,362680,362769,89
103,23,name,187,260.108533333333,490.191733333333,362769,362860,91
103,23,name,187,265.5552,499.258033333333,362860,362951,91
103,23,name,187,257.858333333333,488.334966666667,362951,363044,93
103,24,name,195,255.651033333333,510.184966666667,363044,363136,92
103,23,name,187,260.919366666667,491.262366666667,363136,363227,91
103,24,name,195,252.714966666667,511.798266666667,363227,363319,92
103,23,name,187,254.8599,503.0785,363319,363380,61
103,0,blank,0,245.8605,508.0581,363380,363432,52
103,23,name,187,254.007,506.751,363432,363501,69
103,23,name,187,269.5837,492.3251,363501,363605,104
103,24,[,196,276.3546,518.2461,363605,363719,114
103,24,name,195,263.9337,515.1393,363719,363795,76
103,23,name,187,260.8602,503.5984,363795,363891,96
103,24,name,195,265.5465,518.474333333333,363891,363981,90
103,0,blank,0,256.3614,508.238,363981,364073,92
103,23,name,187,268.6349,492.1089,364073,364133,60
103,0,blank,0,-350,-105,364163,364244,81
103,0,blank,0,-350,-105,364244,364296,52
103,0,blank,0,178.8732,565.816,364324,364395,71
103,0,blank,0,-350,-105,364432,364515,83
103,0,blank,0,-350,-105,364515,364541,26
103,0,blank,0,118.3786,553.5707,364592,364655,63
103,0,blank,0,-350,-105,364692,364778,86
103,0,blank,0,-350,-105,364778,364804,26
103,28,"\n----------------------------------------\n",208,228.742466666667,600.552833333333,365039,365126,87
103,22,name,174,318.61505,481.62795,365188,365250,62
103,0,blank,0,-350,-105,365281,365366,85
103,0,blank,0,-350,-105,365366,365439,73
103,0,blank,0,-350,-105,365439,365497,58
103,0,blank,0,-350,-105,365497,365566,69
103,0,blank,0,-350,-105,365566,365617,51
103,0,blank,0,-350,-105,366238,366333,95
103,0,blank,0,-350,-105,366333,366448,115
103,0,blank,0,-350,-105,366448,366525,77
103,0,blank,0,-350,-105,366525,366622,97
103,0,blank,0,-350,-105,366622,366717,95
103,0,blank,0,-350,-105,366717,366809,92
103,0,blank,0,-350,-105,366809,366872,63
103,0,blank,0,-350,-105,366872,366948,76
103,0,blank,0,-350,-105,366948,367020,72
103,0,blank,0,-350,-105,367020,367103,83
103,0,blank,0,-350,-105,367103,367195,92
103,0,blank,0,-350,-105,367195,367356,161
103,0,blank,0,-350,-105,367356,367407,51
103,0,blank,0,-350,-105,367407,367498,91
103,0,blank,0,-350,-105,367498,367594,96
103,0,blank,0,-350,-105,367594,367692,98
103,0,blank,0,-350,-105,367692,367753,61
103,0,blank,0,-350,-105,367753,367826,73
103,0,blank,0,-350,-105,367826,367918,92
103,0,blank,0,-350,-105,367918,368033,115
103,0,blank,0,-350,-105,368033,368190,157
103,0,blank,0,-350,-105,368190,368244,54
103,0,blank,0,-350,-105,368244,368337,93
103,0,blank,0,-350,-105,368337,368436,99
103,0,blank,0,-350,-105,368436,368530,94
103,0,blank,0,-350,-105,368530,368607,77
103,0,blank,0,-350,-105,368607,368858,251
103,0,blank,0,-350,-105,368858,368939,81
103,0,blank,0,-350,-105,368939,369025,86
103,0,blank,0,-350,-105,369025,369100,75
103,0,blank,0,-350,-105,369100,369179,79
103,0,blank,0,-350,-105,369179,369248,69
103,0,blank,0,-350,-105,369248,369299,51
103,0,blank,0,-350,-105,369299,369354,55
103,0,blank,0,-350,-105,369354,369497,143
103,0,blank,0,-350,-105,369497,369586,89
103,0,blank,0,-350,-105,369586,369669,83
103,0,blank,0,-350,-105,369669,369748,79
103,0,blank,0,-350,-105,369748,369915,167
103,0,blank,0,-350,-105,369915,369951,36
103,0,blank,0,-350,-105,370402,370485,83
103,0,blank,0,-350,-105,370485,370544,59
103,0,blank,0,-350,-105,370544,370592,48
103,0,blank,0,-350,-105,370592,370645,53
103,0,blank,0,-350,-105,370645,370769,124
103,0,blank,0,-350,-105,370769,370859,90
103,0,blank,0,-350,-105,370859,370892,33
103,0,blank,0,-350,-105,370892,370988,96
103,0,blank,0,-350,-105,370988,371026,38
103,0,blank,0,-350,-105,371026,371129,103
103,0,blank,0,-350,-105,371129,371183,54
103,0,blank,0,427.6005,392.8464,371421,371604,183
103,0,blank,0,456.7151,386.5772,371604,371653,49
103,0,blank,0,-350,-105,371745,371823,78
103,0,blank,0,-350,-105,371823,371922,99
103,0,blank,0,-350,-105,371922,372007,85
103,0,blank,0,-350,-105,372290,372367,77
103,0,blank,0,-350,-105,372367,372552,185
103,0,blank,0,-350,-105,372552,372865,313
103,0,blank,0,-350,-105,372865,372917,52
103,0,blank,0,-350,-105,372917,373294,377
103,0,blank,0,-350,-105,373294,373325,31
103,0,blank,0,-350,-105,373325,373777,452
103,0,blank,0,-350,-105,373777,374236,459
103,0,blank,0,-350,-105,374236,374310,74
103,0,blank,0,-350,-105,374310,374396,86
103,0,blank,0,-350,-105,374396,374450,54
103,0,blank,0,-350,-105,374450,374503,53
103,0,blank,0,-350,-105,374503,374606,103
103,0,blank,0,-350,-105,374606,374702,96
103,0,blank,0,-350,-105,374702,374787,85
103,0,blank,0,-350,-105,374787,374856,69
103,0,blank,0,-350,-105,374856,374931,75
103,0,blank,0,-350,-105,374931,375000,69
103,0,blank,0,-350,-105,375000,375089,89
103,0,blank,0,-350,-105,375089,375154,65
103,0,blank,0,-350,-105,375154,375249,95
103,0,blank,0,-350,-105,375249,375316,67
103,0,blank,0,-350,-105,375316,375876,560
103,0,blank,0,-350,-105,375876,375989,113
103,0,blank,0,-350,-105,375989,376025,36
103,0,blank,0,-350,-105,376025,376123,98
103,0,blank,0,-350,-105,376123,376266,143
103,0,blank,0,-350,-105,376266,376319,53
103,0,blank,0,-350,-105,376319,376444,125
103,0,blank,0,-350,-105,376444,376510,66
103,0,blank,0,-350,-105,376510,376607,97
103,0,blank,0,-350,-105,376607,376916,309
103,0,blank,0,-350,-105,376916,377140,224
103,0,blank,0,-350,-105,377140,377175,35
103,0,blank,0,-350,-105,377175,377354,179
103,0,blank,0,-350,-105,377354,377622,268
103,0,blank,0,-350,-105,377622,377662,40
103,0,blank,0,-350,-105,377662,377749,87
103,0,blank,0,-350,-105,377749,377791,42
103,18,++,149,338.3027,392.6663,378059,378094,35
103,24,temp,200,337.4184,527.9621,378132,378164,32
103,22,name,174,317.36455,466.6028,378233,378297,64
103,24,temp,200,324.6867,516.4639,378328,378426,98
103,23,i,184,289.37375,496.22855,378426,378491,65
103,23,[,188,278.5927,496.8729,378491,378572,81
103,0,blank,0,201.3901,457.9203,378682,378776,94
103,22,strcpy,170,202.7205,471.6522,378776,378867,91
103,22,strcpy,170,215.5599,475.5033,378867,378951,84
103,0,blank,0,233.4636,453.3224,379197,379283,86
103,0,blank,0,190.3427,462.3528,379283,379367,84
103,0,blank,0,194.3789,464.45385,379367,379438,71
103,0,blank,0,182.94835,450.9004,379438,379504,66
103,0,blank,0,209.10165,452.7042,379504,379573,69
103,20,strcmp,154,202.57015,422.82,379637,379703,66
103,0,blank,0,196.5782,442.883566666667,379703,379802,99
103,20,strcmp,154,199.0925,441.15665,379835,379901,66
103,0,blank,0,-350,-105,379936,380018,82
103,0,blank,0,-350,-105,380018,380043,25
103,20,strcmp,154,209.05395,430.93815,380168,380224,56
103,22,temp,172,244.21515,468.5736,380255,380353,98
103,22,strcpy,170,212.5705,467.3223,380353,380382,29
103,0,blank,0,245.524,552.8244,380415,380477,62
103,22,temp,172,263.7385,482.1693,380504,380568,64
103,0,blank,0,-350,-105,380659,380737,78
103,0,blank,0,-350,-105,380737,380783,46
103,0,blank,0,-350,-105,380783,380848,65
103,22,i,176,352.6812,472.7469,380935,381019,84
103,0,blank,0,-350,-105,381104,381191,87
103,0,blank,0,-350,-105,381191,381269,78
103,0,blank,0,-350,-105,381269,381346,77
103,0,blank,0,-350,-105,381346,381424,78
103,0,blank,0,-350,-105,381424,381499,75
103,0,blank,0,-350,-105,381499,381534,35
103,0,blank,0,-350,-105,381534,382105,571
103,0,blank,0,-350,-105,382105,382210,105
103,0,blank,0,-350,-105,382210,382283,73
103,0,blank,0,-350,-105,382283,382320,37
103,0,blank,0,425.4979,494.1959,383160,383229,69
103,0,blank,0,-350,-105,383301,383378,77
103,0,blank,0,-350,-105,383378,383455,77
103,0,blank,0,-350,-105,383455,383532,77
103,0,blank,0,-350,-105,383532,383610,78
103,0,blank,0,-350,-105,383610,383686,76
103,0,blank,0,-350,-105,383686,383750,64
103,0,blank,0,-350,-105,383750,384620,870
103,0,blank,0,-350,-105,384620,384689,69
103,0,blank,0,-350,-105,384689,384787,98
103,0,blank,0,-350,-105,384787,385070,283
103,0,blank,0,-350,-105,385070,385213,143
103,0,blank,0,-350,-105,385213,385253,40
103,0,blank,0,-350,-105,385253,385321,68
103,0,blank,0,-350,-105,385321,385434,113
103,0,blank,0,-350,-105,385434,385690,256
103,0,blank,0,-350,-105,385690,385771,81
103,0,blank,0,-350,-105,385771,385844,73
103,0,blank,0,-350,-105,385844,386325,481
103,0,blank,0,-350,-105,386325,386499,174
103,0,blank,0,-350,-105,386499,386584,85
103,0,blank,0,-350,-105,386584,386641,57
103,0,blank,0,-350,-105,386641,386694,53
103,0,blank,0,-350,-105,386694,386762,68
103,0,blank,0,-350,-105,386762,386925,163
103,0,blank,0,-350,-105,386925,386999,74
103,0,blank,0,-350,-105,386999,387076,77
103,0,blank,0,-350,-105,387076,387657,581
103,0,blank,0,-350,-105,387657,387737,80
103,0,blank,0,-350,-105,387737,387780,43
103,0,blank,0,-350,-105,389927,389980,53
103,0,blank,0,-350,-105,389980,390039,59
103,0,blank,0,-350,-105,390039,390126,87
103,0,blank,0,-350,-105,390126,390270,144
103,0,blank,0,-350,-105,390270,390362,92
103,0,blank,0,-350,-105,390362,390420,58
103,28,"\n----------------------------------------\n",208,195.1713,613.9752,390914,390957,43
103,30,"------------------------------------------\n",218,268.4209,661.5301,391390,391503,113
103,0,blank,0,177.75865,677.54485,391600,391692,92
103,0,blank,0,231.4473,666.7054,391692,391736,44
103,0,blank,0,120.1305,693.9627,391908,391956,48
103,0,blank,0,93.06305,595.1066,392161,392235,74
103,28,printf,206,95.3108,603.250766666667,392235,392325,90
103,29,"InputNamesSorted\n",213,120.7524,619.2292,392325,392355,30
103,0,blank,0,-350,-105,393634,393710,76
103,0,blank,0,-350,-105,393710,393791,81
103,0,blank,0,-350,-105,393791,393858,67
103,0,blank,0,-350,-105,393858,393952,94
103,0,blank,0,-350,-105,393952,394043,91
103,0,blank,0,-350,-105,394043,394200,157
103,0,blank,0,-350,-105,394200,394347,147
103,0,blank,0,-350,-105,394347,394673,326
103,0,blank,0,-350,-105,394673,394911,238
103,0,blank,0,-350,-105,394911,395002,91
103,0,blank,0,-350,-105,395002,395032,30
103,0,blank,0,-350,-105,395032,395347,315
103,0,blank,0,-350,-105,395347,395653,306
103,0,blank,0,-350,-105,395653,395748,95
103,0,blank,0,-350,-105,395748,395777,29
103,0,blank,0,-350,-105,395777,395908,131
103,0,blank,0,-350,-105,395908,396101,193
103,0,blank,0,-350,-105,396101,396303,202
103,20,[,162,280.12025,423.1439,396644,396729,85
103,20,name,161,238.0744,428.5081,396729,396817,88
103,0,blank,0,-350,-105,396851,396915,64
103,0,blank,0,272.939333333333,458.959233333333,397196,397290,94
103,0,blank,0,259.8215,444.102033333333,397290,397388,98
103,20,name,161,258.582,432.90295,397388,397453,65
103,0,blank,0,296.77815,448.3709,397517,397577,60
103,22,name,174,327.0402,473.8801,397643,397675,32
103,0,blank,0,301.503166666667,417.238133333333,397801,397891,90
103,0,blank,0,295.678933333333,418.840966666667,397891,397984,93
103,20,strcmp,154,211.1048,438.2294,398128,398154,26
103,20,name,161,271.1508,434.8061,398296,398355,59
103,0,blank,0,269.5024,415.6378,398389,398421,32
103,0,blank,0,157.999266666667,493.024833333333,398547,398641,94
103,0,blank,0,189.426033333333,390.1682,398701,398795,94
103,0,blank,0,286.584733333333,419.872,398827,398916,89
103,0,blank,0,316.3837,419.8655,398916,398944,28
103,0,blank,0,-350,-105,399005,399056,51
103,20,i,158,286.4146,440.8531,399192,399220,28
103,0,blank,0,-350,-105,399251,399334,83
103,0,blank,0,-350,-105,399334,399360,26
103,0,blank,0,279.9587,404.2678,399445,399472,27
103,0,blank,0,302.2384,425.9838,399472,400269,797
103,0,blank,0,-350,-105,400359,400409,50
103,0,blank,0,-350,-105,400409,400477,68
103,0,blank,0,-350,-105,400477,400526,49
103,0,blank,0,-350,-105,400526,400818,292
103,0,blank,0,-350,-105,400818,401122,304
103,0,blank,0,325.4509,460.7248,401789,401915,126
103,0,blank,0,292.368,455.2462,402043,402174,131
103,0,blank,0,309.5342,407.5496,402174,402270,96
103,20,j,163,374.4595,425.4261,402820,402866,46
103,0,blank,0,389.36745,387.55105,402866,402965,99
103,0,blank,0,385.7651,365.3654,403041,403081,40
103,0,blank,0,361.7664,388.6854,403346,403383,37
103,0,blank,0,406.9971,330.3999,403651,403688,37
103,0,blank,0,408.3365,347.3769,403736,403813,77
103,0,blank,0,418.9906,364.9251,403813,403890,77
103,0,blank,0,497.5309,396.6313,403959,404065,106
103,0,blank,0,474.6274,364.36085,404065,404147,82
103,0,blank,0,-350,-105,404326,404445,119
103,0,blank,0,-350,-105,404445,404587,142
103,0,blank,0,496.8431,410.6624,404922,405099,177
103,0,blank,0,480.0416,448.3747,405206,405288,82
103,0,blank,0,463.6594,428.082,405288,405338,50
103,0,blank,0,428.6338,439.7341,405338,405440,102
103,0,blank,0,-350,-105,405592,405686,94
103,0,blank,0,-350,-105,405686,405763,77
103,0,blank,0,-350,-105,405763,405839,76
103,0,blank,0,-350,-105,405839,405916,77
103,0,blank,0,-350,-105,405916,405951,35
103,0,blank,0,-350,-105,405951,406323,372
103,0,blank,0,-350,-105,406323,406471,148
103,0,blank,0,-350,-105,406471,406819,348
103,0,blank,0,-350,-105,406819,407346,527
103,0,blank,0,-350,-105,407346,407711,365
103,0,blank,0,-350,-105,407711,408080,369
103,0,blank,0,-350,-105,408080,408147,67
103,0,blank,0,-350,-105,408147,408514,367
103,0,blank,0,-350,-105,408514,408635,121
103,0,blank,0,-350,-105,408635,409351,716
103,0,blank,0,-350,-105,409351,409569,218
103,0,blank,0,-350,-105,409569,409643,74
103,0,blank,0,-350,-105,409643,409730,87
103,0,blank,0,-350,-105,409730,409775,45
103,0,blank,0,-350,-105,409775,409943,168
103,0,blank,0,396.6611,384.0359,410116,410146,30
103,0,blank,0,380.5458,409.6937,410214,410244,30
103,0,blank,0,383.85765,437.5445,410307,410367,60
103,20,name,161,360.2068,435.7398,410429,410460,31
103,0,blank,0,409.652266666667,381.103333333333,410552,410645,93
103,0,blank,0,-350,-105,410676,410757,81
103,0,blank,0,-350,-105,410757,410782,25
103,0,blank,0,273.5018,374.808,410985,411020,35
103,0,blank,0,277.927,245.228,411050,411081,31
103,20,],164,299.9554,433.3573,411171,411204,33
103,0,blank,0,302.7264,439.9877,411267,411298,31
103,0,blank,0,-350,-105,411365,411422,57
103,0,blank,0,401.2506,413.3925,411576,411601,25
103,0,blank,0,-350,-105,411954,412051,97
103,0,blank,0,-350,-105,412051,412127,76
103,0,blank,0,-350,-105,412127,412204,77
103,0,blank,0,-350,-105,412204,412282,78
103,0,blank,0,-350,-105,412282,412359,77
103,0,blank,0,-350,-105,412359,412450,91
103,0,blank,0,-350,-105,412450,412518,68
103,0,blank,0,-350,-105,412518,412593,75
103,0,blank,0,-350,-105,412593,412667,74
103,0,blank,0,-350,-105,412667,412702,35
103,0,blank,0,-350,-105,412702,412857,155
103,0,blank,0,453.9158,416.6891,413488,413616,128
103,0,blank,0,411.2577,434.2662,413616,413709,93
103,0,blank,0,438.2557,444.6276,413709,413779,70
103,0,blank,0,-350,-105,414481,414557,76
103,0,blank,0,-350,-105,414557,414625,68
103,0,blank,0,-350,-105,414625,414708,83
103,0,blank,0,-350,-105,414708,414786,78
103,0,blank,0,-350,-105,414786,414904,118
103,0,blank,0,-350,-105,414904,415035,131
103,0,blank,0,-350,-105,415035,415143,108
103,0,blank,0,-350,-105,415143,415208,65
103,0,blank,0,-350,-105,415208,415286,78
103,0,blank,0,-350,-105,415286,415355,69
103,0,blank,0,-350,-105,415355,415386,31
103,0,blank,0,-350,-105,415469,415497,28
103,0,blank,0,154.9151,-103.999,415523,415549,26
103,20,strcmp,154,208.9788,434.4533,415599,415625,26
103,0,blank,0,-350,-105,415651,415728,77
103,0,blank,0,-350,-105,415728,415808,80
103,0,blank,0,-350,-105,415808,415883,75
103,0,blank,0,-350,-105,415883,415973,90
103,0,blank,0,-350,-105,415973,416005,32
103,0,blank,0,-350,-105,416005,416201,196
103,0,blank,0,-350,-105,416201,416281,80
103,0,blank,0,-350,-105,416281,416567,286
103,0,blank,0,-350,-105,416567,416914,347
103,0,blank,0,-350,-105,416914,417016,102
103,0,blank,0,-350,-105,417016,417257,241
103,0,blank,0,-350,-105,417257,417405,148
103,0,blank,0,-350,-105,417405,417522,117
103,0,blank,0,-350,-105,417522,417653,131
103,0,blank,0,-350,-105,417653,418102,449
103,0,blank,0,-350,-105,418102,418177,75
103,0,blank,0,-350,-105,418860,418936,76
103,0,blank,0,-350,-105,418936,419015,79
103,0,blank,0,-350,-105,419015,419100,85
103,0,blank,0,-350,-105,419100,419193,93
103,0,blank,0,-350,-105,419193,419290,97
103,0,blank,0,-350,-105,419290,419372,82
103,0,blank,0,-350,-105,419372,419431,59
103,0,blank,0,-350,-105,419431,419513,82
103,0,blank,0,-350,-105,419513,419586,73
103,0,blank,0,-350,-105,419586,419659,73
103,0,blank,0,-350,-105,419659,419726,67
103,0,blank,0,-350,-105,419726,419794,68
103,0,blank,0,-350,-105,419794,419827,33
103,0,blank,0,-350,-105,419827,419938,111
103,0,blank,0,-350,-105,419938,420064,126
103,0,blank,0,-350,-105,420064,420119,55
103,0,blank,0,-350,-105,420119,420269,150
103,0,blank,0,-350,-105,420269,420321,52
103,0,blank,0,-350,-105,420321,420419,98
103,0,blank,0,-350,-105,420419,420486,67
103,0,blank,0,-350,-105,420486,420561,75
103,0,blank,0,-350,-105,420561,420637,76
103,0,blank,0,-350,-105,420637,420706,69
103,0,blank,0,-350,-105,420706,420780,74
103,0,blank,0,-350,-105,420780,420854,74
103,0,blank,0,-350,-105,420854,420923,69
103,0,blank,0,-350,-105,420923,420998,75
103,0,blank,0,-350,-105,420998,421059,61
103,0,blank,0,-350,-105,421059,421400,341
103,0,blank,0,-350,-105,421400,421706,306
103,0,blank,0,-350,-105,421706,421974,268
103,0,blank,0,-350,-105,421974,422045,71
103,0,blank,0,-350,-105,422045,422121,76
103,0,blank,0,-350,-105,422121,422178,57
103,0,blank,0,-350,-105,422178,422233,55
103,0,blank,0,-350,-105,422233,422283,50
103,0,blank,0,-350,-105,422283,422413,130
103,0,blank,0,-350,-105,422413,422555,142
103,0,blank,0,-350,-105,422555,422702,147
103,0,blank,0,-350,-105,422702,422794,92
103,0,blank,0,-350,-105,422794,422860,66
103,0,blank,0,-350,-105,422860,422955,95
103,0,blank,0,-350,-105,422955,423289,334
103,0,blank,0,-350,-105,423289,423307,18
103,0,blank,0,-350,-105,423307,423453,146
103,0,blank,0,-350,-105,423453,423587,134
103,0,blank,0,-350,-105,423587,423656,69
103,0,blank,0,-350,-105,423656,423732,76
103,0,blank,0,-350,-105,423732,423793,61
103,0,blank,0,-350,-105,423793,423926,133
103,0,blank,0,-350,-105,423926,424057,131
103,0,blank,0,-350,-105,424057,424256,199
103,0,blank,0,-350,-105,424256,424326,70
103,0,blank,0,-350,-105,424326,424543,217
103,0,blank,0,-350,-105,424543,424629,86
103,0,blank,0,-350,-105,424629,425214,585
103,0,blank,0,-350,-105,425214,425320,106
103,0,blank,0,-350,-105,425320,425386,66
103,0,blank,0,-350,-105,425386,425424,38
103,0,blank,0,-350,-105,426093,426136,43
103,0,blank,0,-350,-105,426763,426850,87
103,0,blank,0,-350,-105,426850,426928,78
103,0,blank,0,-350,-105,426928,427003,75
103,0,blank,0,-350,-105,427003,427079,76
103,0,blank,0,-350,-105,427079,427175,96
103,0,blank,0,-350,-105,427175,427361,186
103,0,blank,0,-350,-105,427361,427438,77
103,0,blank,0,-350,-105,427438,427640,202
103,0,blank,0,-350,-105,427640,427849,209
103,0,blank,0,-350,-105,427849,428725,876
103,0,blank,0,-350,-105,428725,428795,70
103,0,blank,0,-350,-105,428795,428864,69
103,0,blank,0,-350,-105,428864,428947,83
103,0,blank,0,-350,-105,428947,429404,457
103,0,blank,0,-350,-105,429404,429500,96
103,0,blank,0,-350,-105,429500,430158,658
103,0,blank,0,-350,-105,430158,430289,131
103,0,blank,0,-350,-105,430289,430357,68
103,0,blank,0,-350,-105,430357,430431,74
103,0,blank,0,-350,-105,430431,430479,48
103,0,blank,0,343.2654,486.5167,431125,431345,220
103,23,[,188,280.0161,490.1446,434435,434522,87
103,23,name,187,329.40695,487.26725,435004,435099,95
103,22,name,174,331.73155,480.8345,435099,435162,63
103,0,blank,0,-350,-105,435225,435303,78
103,0,blank,0,310.1956,443.8864,435410,435433,23
103,0,blank,0,-350,-105,435464,435545,81
103,0,blank,0,-350,-105,435545,435621,76
103,22,temp,172,243.8079,470.2906,435666,435753,87
103,22,temp,172,234.463833333333,469.7086,435843,435934,91
103,22,strcpy,170,196.873,481.1774,436230,436340,110
103,22,strcpy,170,201.9424,482.932,436340,436429,89
103,22,strcpy,170,210.533,465.4421,436429,436522,93
103,22,strcpy,170,210.483,475.2399,436522,436622,100
103,0,blank,0,-350,-105,436664,436746,82
103,0,blank,0,-350,-105,436746,437232,486
103,0,blank,0,-350,-105,437232,437679,447
103,0,blank,0,-350,-105,437679,437764,85
103,0,blank,0,-350,-105,437764,438170,406
103,0,blank,0,-350,-105,438170,438720,550
103,0,blank,0,-350,-105,438720,438790,70
103,0,blank,0,-350,-105,438790,438828,38
103,0,blank,0,-350,-105,438828,438904,76
103,0,blank,0,-350,-105,438904,439069,165
103,0,blank,0,-350,-105,439069,439167,98
103,0,blank,0,-350,-105,439167,439255,88
103,0,blank,0,-350,-105,439255,439319,64
103,0,blank,0,-350,-105,439319,439388,69
103,0,blank,0,-350,-105,439388,439458,70
103,0,blank,0,-350,-105,439458,439491,33
103,0,blank,0,-350,-105,439491,439633,142
103,0,blank,0,-350,-105,439633,439753,120
103,0,blank,0,-350,-105,439753,439807,54
103,0,blank,0,-350,-105,439807,439888,81
103,0,blank,0,-350,-105,439888,439943,55
103,0,blank,0,-350,-105,439943,440361,418
103,0,blank,0,-350,-105,440361,440450,89
103,0,blank,0,-350,-105,440450,440497,47
103,0,blank,0,-350,-105,440497,441099,602
103,0,blank,0,-350,-105,441099,441155,56
103,0,blank,0,-350,-105,441155,441221,66
103,0,blank,0,-350,-105,441221,441317,96
103,0,blank,0,-350,-105,441317,441393,76
103,0,blank,0,-350,-105,441393,441454,61
103,0,blank,0,-350,-105,441454,441525,71
103,0,blank,0,-350,-105,441525,441623,98
103,0,blank,0,-350,-105,441623,441689,66
103,0,blank,0,-350,-105,441689,441785,96
103,0,blank,0,-350,-105,441785,441906,121
103,0,blank,0,-350,-105,441906,441968,62
103,0,blank,0,-350,-105,441968,442122,154
103,0,blank,0,-350,-105,442122,442156,34
103,0,blank,0,-350,-105,442156,442256,100
103,0,blank,0,-350,-105,442256,442329,73
103,0,blank,0,-350,-105,442329,442428,99
103,0,blank,0,-350,-105,442428,442481,53
103,0,blank,0,-350,-105,442481,442555,74
103,0,blank,0,-350,-105,442555,442735,180
103,0,blank,0,-350,-105,442735,442827,92
103,0,blank,0,-350,-105,442827,442912,85
103,0,blank,0,-350,-105,442912,442941,29
103,0,blank,0,-350,-105,442941,443203,262
103,0,blank,0,-350,-105,443203,443468,265
103,0,blank,0,-350,-105,443468,443675,207
103,0,blank,0,-350,-105,443675,443744,69
103,0,blank,0,-350,-105,443744,443820,76
103,0,blank,0,-350,-105,443820,443894,74
103,0,blank,0,-350,-105,443894,443963,69
103,0,blank,0,-350,-105,443963,444040,77
103,0,blank,0,-350,-105,444040,444096,56
103,0,blank,0,-350,-105,444096,444404,308
103,0,blank,0,-350,-105,444404,445495,1091
103,0,blank,0,-350,-105,445495,445564,69
103,0,blank,0,-350,-105,445564,445637,73
103,0,blank,0,-350,-105,445637,445716,79
103,0,blank,0,-350,-105,445716,445830,114
103,0,blank,0,-350,-105,445830,445939,109
103,0,blank,0,-350,-105,445939,446588,649
103,0,blank,0,-350,-105,446588,446698,110
103,0,blank,0,-350,-105,446698,446771,73
103,0,blank,0,-350,-105,446771,446847,76
103,25,},203,128.2702,532.22,446895,446995,100
103,0,blank,0,-350,-105,447252,447347,95
103,0,blank,0,-350,-105,447347,447425,78
103,0,blank,0,-350,-105,447425,447503,78
103,0,blank,0,-350,-105,447503,447580,77
103,0,blank,0,-350,-105,447580,447656,76
103,0,blank,0,-350,-105,447656,447745,89
103,0,blank,0,-350,-105,447745,447821,76
103,0,blank,0,-350,-105,447821,447890,69
103,0,blank,0,-350,-105,447890,447987,97
103,0,blank,0,-350,-105,447987,448180,193
103,0,blank,0,-350,-105,448180,448211,31
103,0,blank,0,-350,-105,448211,448319,108
103,0,blank,0,-350,-105,448319,448571,252
103,0,blank,0,-350,-105,448571,448971,400
103,0,blank,0,-350,-105,448971,449403,432
103,0,blank,0,-350,-105,449403,449607,204
103,0,blank,0,-350,-105,449607,449677,70
103,0,blank,0,-350,-105,449677,449752,75
103,0,blank,0,-350,-105,449752,449828,76
103,0,blank,0,955.254,246.1917,451026,451078,52
103,31,<,228,186.0713,682.17065,452471,452556,85
103,30,"------------------------------------------\n",218,187.549533333333,658.9923,452556,452650,94
103,29,"InputNamesSorted\n",213,227.0624,638.3682,452650,452680,30
103,30,"------------------------------------------\n",218,298.9945,654.683833333333,452710,452801,91
103,30,"------------------------------------------\n",218,296.805566666667,651.624833333333,452801,452890,89
103,29,"InputNamesSorted\n",213,306.6497,634.9597,452890,452920,30
103,28,"\n----------------------------------------\n",208,199.74845,604.9172,452951,453010,59
103,28,"\n----------------------------------------\n",208,183.334466666667,609.397666666667,453070,453154,84
103,28,"\n----------------------------------------\n",208,184.784366666667,613.0724,453184,453272,88
103,28,"\n----------------------------------------\n",208,187.2297,598.5414,453272,453304,32
103,30,"------------------------------------------\n",218,292.725266666667,651.0655,453335,453422,87
103,30,"------------------------------------------\n",218,296.488433333333,652.0369,453422,453512,90
103,29,"InputNamesSorted\n",213,282.535633333333,630.984133333333,453512,453599,87
103,30,"------------------------------------------\n",218,276.687833333333,649.678766666667,453599,453687,88
103,30,"------------------------------------------\n",218,267.045833333333,641.9954,453687,453771,84
103,29,"InputNamesSorted\n",213,268.10455,639.60225,453771,453824,53
103,0,blank,0,815.488,301.79995,453945,454009,64
103,30,"------------------------------------------\n",218,359.53555,656.95035,454071,454156,85
103,30,"------------------------------------------\n",218,364.611,647.1624,454156,454182,26
103,0,blank,0,-350,-105,454212,454294,82
103,0,blank,0,-350,-105,454294,454385,91
103,0,blank,0,237.122933333333,724.152866666667,454479,454573,94
103,0,blank,0,258.6925,695.7022,454573,454632,59
103,0,blank,0,-350,-105,454669,454752,83
103,0,blank,0,-350,-105,454752,454814,62
103,28,"\n----------------------------------------\n",208,290.9001,616.735066666667,454905,455003,98
103,29,"InputNamesSorted\n",213,308.58,626.860033333333,455003,455095,92
103,29,"InputNamesSorted\n",213,328.6021,629.7024,455095,455186,91
103,29,"InputNamesSorted\n",213,325.5957,636.312233333333,455186,455277,91
103,29,"InputNamesSorted\n",213,319.1751,633.4183,455277,455368,91
103,29,"InputNamesSorted\n",213,323.7516,631.5436,455368,455397,29
103,0,blank,0,389.132633333333,640.0921,455428,455519,91
103,0,blank,0,386.072533333333,636.780466666667,455519,455610,91
103,30,"------------------------------------------\n",218,389.3424,646.6049,455610,455672,62
103,30,"------------------------------------------\n",218,378.1412,643.3879,455672,455759,87
103,0,blank,0,384.6167,623.7849,455759,455843,84
103,0,blank,0,373.7505,638.3482,455843,455871,28
103,29,"InputNamesSorted\n",213,306.953633333333,633.7198,455903,455996,93
103,29,"InputNamesSorted\n",213,308.3599,632.674566666667,455996,456087,91
103,29,"InputNamesSorted\n",213,315.0686,626.763233333333,456087,456180,93
103,29,"InputNamesSorted\n",213,294.656533333333,622.094333333333,456180,456271,91
103,0,blank,0,-350,-105,456305,456383,78
103,0,blank,0,-350,-105,456383,456408,25
103,28,"\n----------------------------------------\n",208,185.7747,602.6553,456447,456494,47
103,0,blank,0,394.332566666667,622.6324,456614,456707,93
103,0,blank,0,388.861833333333,628.002133333333,456707,456800,93
103,0,blank,0,377.6136,629.343966666667,456800,456891,91
103,0,blank,0,374.917833333333,635.970533333333,456891,456984,93
103,0,blank,0,-350,-105,457014,457046,32
103,29,"InputNamesSorted\n",213,141.766633333333,629.745,457146,457234,88
103,28,"\n----------------------------------------\n",208,160.418533333333,609.797233333333,457234,457327,93
103,28,"\n----------------------------------------\n",208,183.382733333333,615.490333333333,457327,457420,93
103,0,blank,0,211.4695,588.6482,457420,457451,31
103,0,blank,0,210.9565,618.4258,457482,457575,93
103,29,"InputNamesSorted\n",213,196.9421,628.275633333333,457575,457669,94
103,28,"\n----------------------------------------\n",208,219.763766666667,606.119433333333,457698,457791,93
103,28,"\n----------------------------------------\n",208,216.1543,617.33065,457791,457882,91
103,28,"\n----------------------------------------\n",208,172.7358,612.4277,457882,457907,25
103,28,printf,206,100.456,609.22935,457936,457997,61
103,29,printf,211,89.569,636.3209,457997,458159,162
103,0,blank,0,92.6964333333333,640.4527,458159,458242,83
103,30,printf,216,86.0151,642.25715,458242,458329,87
103,0,blank,0,99.1807,593.103233333333,458329,458421,92
103,28,printf,206,100.822933333333,600.2266,458421,458513,92
103,0,blank,0,100.184433333333,579.9462,458513,458607,94
103,28,"\n----------------------------------------\n",208,285.7688,608.07495,458637,458699,62
103,28,"\n----------------------------------------\n",208,277.738666666667,610.97,458762,458853,91
103,28,"\n----------------------------------------\n",208,306.2271,604.8347,458853,458947,94
103,28,"\n----------------------------------------\n",208,302.861566666667,616.619433333333,458947,459039,92
103,29,"InputNamesSorted\n",213,281.2936,632.5137,459039,459070,31
103,0,blank,0,182.993033333333,593.615166666667,459101,459195,94
103,28,"\n----------------------------------------\n",208,183.417933333333,605.775066666667,459195,459288,93
103,28,"\n----------------------------------------\n",208,187.631566666667,604.599866666667,459288,459381,93
103,28,"\n----------------------------------------\n",208,187.822733333333,609.274633333333,459381,459474,93
103,0,blank,0,200.924233333333,596.931133333333,459474,459568,94
103,28,"\n----------------------------------------\n",208,181.6734,601.985266666667,459568,459661,93
103,0,blank,0,184.8797,588.5988,459661,459753,92
103,28,"\n----------------------------------------\n",208,186.635433333333,601.682133333333,459753,459846,93
103,28,"\n----------------------------------------\n",208,190.408033333333,602.394866666667,459846,459938,92
103,28,"\n----------------------------------------\n",208,177.919733333333,603.655,459938,460031,93
103,0,blank,0,189.326133333333,596.0156,460031,460122,91
103,0,blank,0,950.698,360.5612,460215,460244,29
103,0,blank,0,512.279333333333,86.7885,461594,461692,98
103,0,blank,0,489.2362,122.833,461692,461761,69
103,0,blank,0,457.7372,-21.4309,461796,461831,35
103,0,blank,0,366.838,105.4,461935,461969,34
103,0,blank,0,382.499,-0.792166666666669,462007,462106,99
103,0,blank,0,387.239233333333,-12.6139666666667,462106,462202,96
103,0,blank,0,359.250866666667,-14.3232666666667,462202,462297,95
103,0,blank,0,365.360533333333,-13.0355,462297,462392,95
103,0,blank,0,323.931733333333,-17.9538333333333,462392,462484,92
103,0,blank,0,311.467566666667,-5.2998,462484,462576,92
103,0,blank,0,300.8239,-3.3792,462576,462608,32
103,0,blank,0,401.9633,-10.1353666666667,462639,462734,95
103,0,blank,0,397.9849,-17.2247,462734,462764,30
103,0,blank,0,156.102366666667,-24.3822,462826,462920,94
103,0,blank,0,151.8591,-10.1391666666667,462920,463013,93
103,0,blank,0,108.3993,-30.0029333333333,463013,463108,95
103,0,blank,0,115.009866666667,-27.7357,463108,463202,94
103,0,blank,0,118.950033333333,-18.3523,463202,463295,93
103,0,blank,0,128.9365,-8.8403,463295,463326,31
103,0,blank,0,212.9195,-33.8262666666667,463357,463450,93
103,0,blank,0,212.0952,-18.7125666666667,463450,463542,92
103,0,blank,0,205.543733333333,-30.5998,463542,463634,92
103,0,blank,0,208.077766666667,-34.9949,463634,463725,91
103,0,blank,0,244.764566666667,-28.7559333333333,463725,463817,92
103,0,blank,0,257.664933333333,-26.845,463817,463911,94
103,0,blank,0,260.4704,-21.9613666666667,463911,464004,93
103,0,blank,0,316.932066666667,-17.3549666666667,464035,464127,92
103,0,blank,0,307.97705,-9.15625,464127,464188,61
103,0,blank,0,302.2604,-20.078,464304,464403,99
103,0,blank,0,299.36905,-21.8779,464403,464464,61
103,0,blank,0,-350,-105,464495,464551,56
103,0,blank,0,411.0221,-17.6787,464666,464748,82
103,0,blank,0,942.561666666667,200.6778,464809,464902,93
103,0,blank,0,938.551,196.0822,464902,464933,31
103,0,blank,0,988.086666666667,239.9678,464964,465056,92
103,0,blank,0,987.929333333333,256.183533333333,465056,465148,92
103,0,blank,0,993.597,238.096733333333,465148,465239,91
103,0,blank,0,986.932,250.31265,465239,465328,89
103,0,blank,0,991.093,252.1664,465328,465433,105
103,0,blank,0,984.692,260.6986,465433,465513,80
103,0,blank,0,982.708,258.7084,465513,465626,113
103,0,blank,0,975.7,267.5687,465626,465718,92
103,0,blank,0,989.7995,251.265,465718,465781,63
103,0,blank,0,954.55,339.37975,465812,465873,61
104,0,blank,0,1001.2275,381.4594,466244,466310,66
104,0,blank,0,1000.46466666667,380.3891,466342,466433,91
104,0,blank,0,1000.62766666667,397.201833333333,466433,466525,92
104,0,blank,0,991.645333333333,386.379766666667,466525,466620,95
104,0,blank,0,-350,-105,466685,466736,51
104,0,blank,0,231.9117,765.6429,466762,466787,25
104,0,blank,0,261.590833333333,504.9608,466841,466933,92
104,28,"\n----------------------------------------\n",208,276.4999,514.82165,466933,466997,64
104,28,"\n----------------------------------------\n",208,254.21985,527.84755,466997,467070,73
104,29,"InputNamesSorted\n",213,266.60435,543.62405,467070,467135,65
104,29,"InputNamesSorted\n",213,276.88995,553.1833,467135,467205,70
104,0,blank,0,935.011,349.5306,467344,467381,37
104,0,blank,0,841.146,393.115,467937,467967,30
104,30,"------------------------------------------\n",218,154.057833333333,565.586766666667,468707,468800,93
104,30,"------------------------------------------\n",218,145.399333333333,572.768,468800,468892,92
104,30,"------------------------------------------\n",218,133.491166666667,572.0215,468892,468981,89
104,29,"InputNamesSorted\n",213,138.2679,541.708033333333,468981,469074,93
104,29,"InputNamesSorted\n",213,196.6207,539.9309,469105,469195,90
104,28,"\n----------------------------------------\n",208,207.0885,525.9138,469195,469255,60
104,29,"InputNamesSorted\n",213,218.148666666667,535.1142,469285,469377,92
104,29,"InputNamesSorted\n",213,253.956033333333,552.873066666667,469377,469470,93
104,0,blank,0,245.391133333333,554.425466666667,469470,469563,93
104,29,"InputNamesSorted\n",213,249.6862,551.631233333333,469563,469655,92
104,29,"InputNamesSorted\n",213,262.279366666667,539.822033333333,469655,469750,95
104,28,"\n----------------------------------------\n",208,264.3864,526.178933333333,469750,469847,97
104,28,"\n----------------------------------------\n",208,259.83085,529.9241,469847,469909,62
104,29,"InputNamesSorted\n",213,192.48285,537.84255,469973,470036,63
104,0,blank,0,206.757833333333,506.330633333333,470067,470159,92
104,0,blank,0,171.5753,510.7385,470251,470281,30
104,28,"\n----------------------------------------\n",208,194.9758,521.3241,470493,470592,99
104,28,"\n----------------------------------------\n",208,174.9,523.5964,470592,470675,83
104,28,"\n----------------------------------------\n",208,209.3917,518.7348,470675,470734,59
104,28,"\n----------------------------------------\n",208,168.4561,514.9759,470734,470788,54
104,29,"InputNamesSorted\n",213,161.7148,552.3245,470788,470866,78
104,29,"InputNamesSorted\n",213,151.62715,543.52415,470866,470948,82
104,28,"\n----------------------------------------\n",208,155.612366666667,528.646833333333,470948,471034,86
104,28,"\n----------------------------------------\n",208,154.959533333333,527.466833333333,471034,471128,94
104,0,blank,0,199.1302,510.2557,471128,471159,31
104,0,blank,0,215.906966666667,505.402533333333,471189,471282,93
104,0,blank,0,236.519533333333,506.215633333333,471282,471378,96
104,0,blank,0,287.71015,509.7834,471378,471436,58
104,29,"InputNamesSorted\n",213,274.169166666667,538.731833333333,471467,471560,93
104,0,blank,0,277.24615,510.45325,471560,471620,60
104,0,blank,0,200.8313,603.7379,471653,471683,30
104,29,"InputNamesSorted\n",213,246.4757,552.2523,471871,471935,64
104,0,blank,0,206.307,648.7938,471962,471993,31
104,0,blank,0,199.25515,581.9096,472082,472145,63
104,0,blank,0,222.5068,581.6474,472145,472205,60
104,0,blank,0,233.4457,591.5302,472205,472267,62
104,0,blank,0,-350,-105,472382,472414,32
104,31,i,231,236.31945,597.3502,472529,472617,88
104,0,blank,0,219.7409,618.076,472704,472801,97
104,0,blank,0,-350,-105,472864,472945,81
104,0,blank,0,199.67085,599.24155,473045,473141,96
104,0,blank,0,227.8812,596.7848,473141,473219,78
104,31,<,228,192.0196,593.111133333333,473414,473507,93
104,33,"%s\t\t%s\n",237,185.8655,625.6331,473507,473537,30
104,0,blank,0,222.368766666667,606.9954,473601,473695,94
104,0,blank,0,221.9166,757.9965,474152,474182,30
104,0,blank,0,338.1604,657.415033333333,474391,474480,89
104,35,"------------------------------------------\n",253,358.1722,683.3932,474480,474509,29
104,0,blank,0,-350,-105,474794,474997,203
104,0,blank,0,-350,-105,474997,475073,76
104,0,blank,0,-350,-105,475073,475149,76
104,0,blank,0,-350,-105,475149,475226,77
104,0,blank,0,-350,-105,475226,475321,95
104,0,blank,0,-350,-105,475321,475389,68
104,0,blank,0,-350,-105,475389,475459,70
104,0,blank,0,-350,-105,475459,475550,91
104,0,blank,0,-350,-105,475550,475639,89
104,0,blank,0,-350,-105,475639,475699,60
104,0,blank,0,-350,-105,475699,475789,90
104,0,blank,0,-350,-105,475789,475867,78
104,0,blank,0,-350,-105,475867,475934,67
104,0,blank,0,-350,-105,475934,476003,69
104,0,blank,0,-350,-105,476003,476063,60
104,0,blank,0,-350,-105,476063,476127,64
104,0,blank,0,-350,-105,476127,476206,79
104,0,blank,0,-350,-105,476206,476341,135
104,0,blank,0,-350,-105,476341,476474,133
104,0,blank,0,-350,-105,476474,476543,69
104,0,blank,0,-350,-105,476543,476574,31
104,33,tname,239,325.5999,631.7314,476649,476736,87
104,33,tname,239,308.272,626.613,476736,476813,77
104,0,blank,0,323.7161,598.0099,476813,476897,84
104,0,blank,0,-350,-105,476971,477045,74
104,0,blank,0,-350,-105,477045,477081,36
104,0,blank,0,-350,-105,477081,477166,85
104,0,blank,0,-350,-105,477166,477244,78
104,0,blank,0,-350,-105,477244,477336,92
104,0,blank,0,-350,-105,477336,477413,77
104,0,blank,0,-350,-105,477413,477492,79
104,0,blank,0,305.63705,652.2593,477518,477610,92
104,0,blank,0,302.8582,653.7372,477694,477743,49
104,0,blank,0,327.35205,613.551,477768,477853,85
104,0,blank,0,318.6983,599.65735,477853,477912,59
104,0,blank,0,316.745333333333,600.398666666667,478033,478124,91
104,0,blank,0,313.737366666667,603.168866666667,478124,478215,91
104,0,blank,0,311.9527,606.9434,478215,478245,30
104,0,blank,0,298.0531,656.91315,478275,478335,60
104,33,tname,239,299.966866666667,633.480933333333,478365,478455,90
104,0,blank,0,324.66805,606.91865,478455,478514,59
104,0,blank,0,404.89715,608.3256,479375,479437,62
104,0,blank,0,411.0195,620.7448,479500,479587,87
104,30,"------------------------------------------\n",218,357.17085,575.37785,479618,479679,61
104,0,blank,0,322.9519,604.19925,479679,479768,89
104,0,blank,0,294.8943,601.4549,479999,480029,30
104,0,blank,0,288.6819,588.6909,480115,480145,30
104,30,"------------------------------------------\n",218,328.4395,569.0641,480207,480264,57
104,0,blank,0,-350,-105,480889,480915,26
104,0,blank,0,-350,-105,480915,481035,120
104,0,blank,0,-350,-105,481035,481500,465
104,0,blank,0,-350,-105,481500,481872,372
104,0,blank,0,-350,-105,481872,481953,81
104,0,blank,0,-350,-105,481953,482018,65
104,0,blank,0,-350,-105,482018,482112,94
104,0,blank,0,-350,-105,482112,482211,99
104,0,blank,0,-350,-105,482211,482268,57
104,0,blank,0,-350,-105,482268,482387,119
104,0,blank,0,-350,-105,482387,482666,279
104,0,blank,0,257.2445,98.9302,483462,483553,91
104,8,"Enterthevalueofn\n",64,224.2765,79.3093,483553,483645,92
104,10,"Enter%dnames",77,217.4974,120.4176,483645,483743,98
104,10,"Enter%dnames",77,219.175166666667,130.215533333333,483743,483836,93
104,11,;,91,219.188933333333,138.511833333333,483836,483930,94
104,0,blank,0,250.270733333333,173.643566666667,483994,484091,97
104,0,blank,0,243.9698,177.1275,484091,484124,33
104,14,strcpy,106,137.8198,221.3153,484156,484186,30
104,0,blank,0,164.278433333333,176.278866666667,484220,484316,96
104,13,"%s",98,178.748466666667,189.242833333333,484316,484412,96
104,0,blank,0,201.657933333333,167.0384,484412,484508,96
104,0,blank,0,172.38,174.261,484508,484540,32
104,0,blank,0,192.0535,197.6875,484636,484732,96
104,13,i,102,256.5484,192.113,484764,484860,96
104,0,blank,0,254.09735,173.14415,484860,484926,66
104,11,++,93,259.7822,150.0747,484926,484992,66
104,13,],103,264.064333333333,195.377566666667,485025,485121,96
104,0,blank,0,264.7409,180.6798,485121,485155,34
104,0,blank,0,260.5048,169.938733333333,485220,485319,99
104,0,blank,0,278.5314,108.6655,485319,485353,34
104,0,blank,0,272.798566666667,181.9519,485417,485514,97
104,0,blank,0,252.7484,218.0023,485514,485547,33
104,20,name,161,244.7581,340.4172,485580,485648,68
104,20,(,155,230.6923,339.2099,485648,485695,47
104,22,strcpy,170,209.7603,383.5378,485695,485753,58
104,20,name,161,233.5376,355.1698,485753,485872,119
104,0,blank,0,244.8272,361.3308,485872,485982,110
104,0,blank,0,238.1304,374.3009,485982,486068,86
104,22,temp,172,244.4706,379.5747,486068,486165,97
104,0,blank,0,285.711533333333,362.5913,486165,486255,90
104,0,blank,0,315.660866666667,355.963233333333,486255,486344,89
104,0,blank,0,315.3355,374.611933333333,486344,486435,91
104,22,name,174,321.40625,388.0454,486435,486498,63
104,0,blank,0,346.0676,358.9315,486527,486620,93
104,22,name,174,320.897933333333,392.1721,486651,486744,93
104,22,name,174,327.5561,390.877733333333,486744,486837,93
104,22,name,174,324.7434,385.156866666667,486837,486932,95
104,0,blank,0,316.7167,414.567233333333,486998,487092,94
104,0,blank,0,317.8499,374.7865,487092,487156,64
104,0,blank,0,325.537933333333,362.485066666667,487221,487315,94
104,0,blank,0,324.0477,362.272333333333,487315,487414,99
104,0,blank,0,339.749333333333,362.016466666667,487414,487513,99
104,20,[,162,371.4381,349.4304,487513,487546,33
104,0,blank,0,302.153633333333,356.7783,487577,487667,90
104,20,comma,160,308.898633333333,352.774233333333,487667,487760,93
104,22,name,174,314.5948,379.343,487760,487789,29
104,0,blank,0,237.5235,374.430433333333,487819,487908,89
104,20,name,161,264.8093,355.8521,487908,487997,89
104,0,blank,0,297.0474,367.9469,487997,488030,33
104,20,comma,160,305.3208,355.5702,488060,488090,30
104,22,name,174,304.8797,392.2951,488119,488178,59
104,0,blank,0,309.8153,359.392133333333,488237,488325,88
104,0,blank,0,300.447966666667,361.082866666667,488325,488418,93
104,0,blank,0,317.637866666667,334.985133333333,488418,488507,89
104,0,blank,0,344.0458,363.3819,488507,488537,30
104,20,[,162,278.404533333333,350.027366666667,488566,488658,92
104,0,blank,0,256.2041,368.7015,488688,488772,84
104,20,name,161,259.1063,347.02535,488772,488824,52
104,0,blank,0,261.169,377.118933333333,488914,488998,84
104,0,blank,0,220.6755,366.2973,489028,489089,61
104,0,blank,0,217.156566666667,361.612833333333,489149,489243,94
104,22,name,174,302.9448,379.75385,489307,489366,59
104,0,blank,0,312.050466666667,366.323766666667,489396,489491,95
104,22,name,174,323.884633333333,383.425966666667,489491,489583,92
104,20,name,161,342.9503,335.9322,489616,489676,60
104,20,name,161,327.1294,343.798,489676,489740,64
104,0,blank,0,362.7606,326.3537,489740,489797,57
104,20,name,161,335.8506,345.1045,489797,489898,101
104,20,name,161,338.103833333333,352.278866666667,489898,489982,84
104,20,name,161,356.52845,347.2274,489982,490048,66
104,20,name,161,349.6683,342.1435,490048,490114,66
104,0,blank,0,333.0938,317.584,490114,490172,58
104,0,blank,0,318.55625,357.90515,490172,490259,87
104,0,blank,0,283.2849,347.8817,490292,490352,60
104,22,temp,172,265.5738,392.13895,490382,490444,62
104,20,(,155,231.9362,349.6263,490474,490503,29
104,0,blank,0,279.8026,278.0067,490724,490754,30
104,18,j,148,246.5488,308.22815,490880,490943,63
104,18,j,148,319.657666666667,309.216,490975,491069,94
104,18,++,149,337.699166666667,301.659266666667,491069,491163,94
104,0,blank,0,359.8247,296.4279,491163,491194,31
104,0,blank,0,331.706133333333,318.140333333333,491226,491320,94
104,0,blank,0,349.903033333333,317.907133333333,491320,491415,95
104,0,blank,0,367.0361,287.3982,491415,491509,94
104,0,blank,0,361.244433333333,311.9895,491509,491603,94
104,0,blank,0,350.263033333333,312.241566666667,491603,491697,94
104,18,),150,346.5681,295.896233333333,491697,491796,99
104,18,++,149,339.884833333333,297.537166666667,491796,491893,97
104,0,blank,0,354.5355,315.5538,491893,491990,97
104,0,blank,0,361.395766666667,312.1751,491990,492087,97
104,0,blank,0,444.5314,398.0191,492120,492181,61
104,0,blank,0,432.345,353.5343,492210,492272,62
104,0,blank,0,418.8147,319.480733333333,492306,492396,90
104,0,blank,0,413.754,325.2074,492490,492552,62
104,0,blank,0,420.862433333333,311.617666666667,492826,492920,94
104,0,blank,0,354.123233333333,312.5513,493042,493131,89
104,0,blank,0,268.251,317.6172,493197,493231,34
104,0,blank,0,275.9382,327.4617,493261,493353,92
104,20,name,161,270.4,338.783366666667,493445,493534,89
104,0,blank,0,235.1492,297.1839,493534,493564,30
104,0,blank,0,225.1018,319.0396,493716,493746,30
104,0,blank,0,254.4621,307.5132,493813,493843,30
104,18,;,147,231.9178,306.9891,493910,493943,33
104,0,blank,0,-350,-105,494070,494153,83
104,0,blank,0,-350,-105,494153,494178,25
104,0,blank,0,-350,-105,494283,494340,57
104,0,blank,0,-350,-105,494340,494386,46
104,20,name,161,266.3249,344.0937,494426,494472,46
104,0,blank,0,-350,-105,494566,494645,79
104,0,blank,0,-350,-105,494645,494672,27
104,0,blank,0,-350,-105,494672,494765,93
104,0,blank,0,-350,-105,494765,494863,98
104,0,blank,0,-350,-105,494863,495057,194
104,0,blank,0,-350,-105,495057,495125,68
104,0,blank,0,-350,-105,495125,495201,76
104,0,blank,0,264.9818,319.5384,495239,495332,93
104,20,strcmp,154,216.38705,335.4678,495491,495560,69
104,20,strcmp,154,216.369,337.585833333333,495560,495659,99
104,20,strcmp,154,215.2936,353.7321,495659,495691,32
104,0,blank,0,252.1954,327.2503,495723,495819,96
104,0,blank,0,274.7317,340.3725,495819,495916,97
104,20,name,161,273.47275,341.4714,495916,495981,65
104,0,blank,0,318.9898,343.1381,495981,496074,93
104,0,blank,0,321.4435,336.956233333333,496074,496170,96
104,0,blank,0,324.656466666667,331.211366666667,496170,496265,95
104,0,blank,0,318.483666666667,332.779166666667,496265,496360,95
104,0,blank,0,340.5277,333.983766666667,496360,496456,96
104,20,name,161,355.651833333333,336.934633333333,496456,496551,95
104,20,name,161,361.0558,349.2097,496551,496646,95
104,20,j,163,373.640733333333,346.6301,496646,496742,96
104,0,blank,0,406.525333333333,319.2062,496742,496837,95
104,0,blank,0,404.756333333333,321.350633333333,496837,496931,94
104,0,blank,0,407.126933333333,324.5055,496931,497027,96
104,0,blank,0,403.110933333333,321.685533333333,497027,497121,94
104,0,blank,0,410.270466666667,318.221133333333,497121,497217,96
104,0,blank,0,390.3918,364.0552,497217,497249,32
104,20,name,161,335.578333333333,341.714833333333,497280,497376,96
104,0,blank,0,348.7224,358.69995,497376,497439,63
104,0,blank,0,266.580633333333,326.2221,497470,497566,96
104,0,blank,0,271.023433333333,319.193066666667,497566,497661,95
104,0,blank,0,305.7735,330.146233333333,497749,497842,93
104,0,blank,0,289.0297,325.7026,497842,497873,31
104,0,blank,0,288.2845,317.8813,497873,497987,114
104,0,blank,0,261.1538,315.6117,497987,498088,101
104,0,blank,0,254.89545,328.84355,498088,498138,50
104,0,blank,0,268.936,325.4283,498138,498228,90
104,0,blank,0,256.6045,331.1788,498228,498317,89
104,20,[,162,278.5361,338.2741,498317,498430,113
104,0,blank,0,275.8686,333.44455,498430,498510,80
104,0,blank,0,290.7716,320.85285,498510,498599,89
104,0,blank,0,363.6235,324.2292,498631,498695,64
104,0,blank,0,351.3381,328.8388,498695,498783,88
104,0,blank,0,359.630033333333,330.048366666667,498783,498874,91
104,0,blank,0,358.0963,329.2781,498874,498938,64
104,0,blank,0,410.7876,330.60545,498963,499050,87
104,0,blank,0,403.4333,334.9784,499050,499110,60
104,0,blank,0,391.10315,331.31415,499110,499190,80
104,0,blank,0,394.2751,332.896733333333,499190,499282,92
104,0,blank,0,391.3433,333.584,499282,499313,31
104,0,blank,0,297.602633333333,363.228733333333,499345,499439,94
104,0,blank,0,305.35605,366.9681,499439,499503,64
104,0,blank,0,290.93865,376.81445,499503,499591,88
104,0,blank,0,287.8351,377.3809,499591,499686,95
104,0,blank,0,290.606,377.825466666667,499686,499783,97
104,0,blank,0,292.894,379.3698,499783,499878,95
104,22,comma,173,281.546766666667,381.899333333333,499878,499972,94
104,22,name,174,298.3561,379.0103,499972,500004,32
104,0,blank,0,287.2208,377.9473,500004,500119,115
104,0,blank,0,292.6597,383.66195,500119,500202,83
104,0,blank,0,322.257,377.098433333333,500202,500286,84
104,0,blank,0,309.49145,377.62935,500286,500348,62
104,0,blank,0,328.3404,377.0903,500348,500436,88
104,0,blank,0,242.6737,369.0565,500487,500574,87
104,0,blank,0,243.8866,373.1293,500574,500671,97
104,0,blank,0,243.531033333333,376.917666666667,500671,500766,95
104,0,blank,0,257.686666666667,363.521933333333,500766,500861,95
104,0,blank,0,255.961433333333,368.992566666667,500861,500956,95
104,22,temp,172,267.744233333333,389.4934,500956,501050,94
104,23,name,187,261.136433333333,403.3546,501050,501143,93
104,23,name,187,259.605633333333,404.942666666667,501143,501237,94
104,23,name,187,256.421833333333,401.583666666667,501237,501333,96
104,23,name,187,246.524766666667,408.8611,501333,501425,92
104,23,name,187,251.784,401.86575,501425,501518,93
104,23,name,187,252.747933333333,412.425566666667,501518,501602,84
104,24,name,195,259.71805,426.26675,501602,501663,61
104,24,name,195,260.600533333333,432.0864,501694,501786,92
104,23,[,188,280.2165,406.3378,501786,501879,93
104,0,blank,0,283.40175,408.6981,501909,501971,62
104,35,"------------------------------------------\n",253,187.13575,676.59405,502309,502365,56
104,0,blank,0,289.5364,393.7513,502760,502837,77
104,0,blank,0,429.4145,427.27,503138,503264,126
104,0,blank,0,429.901566666667,449.285933333333,503264,503346,82
104,22,i,176,351.3428,379.506766666667,503376,503465,89
104,22,[,175,337.13885,395.6258,503496,503557,61
104,24,temp,200,335.95875,435.016,503646,503699,53
104,24,temp,200,336.5036,427.17,503699,503782,83
104,24,temp,200,324.7821,433.0965,503782,503857,75
104,22,name,174,319.72725,391.3654,503857,503932,75
104,0,blank,0,305.772533333333,304.119266666667,503958,504051,93
104,18,;,147,301.306,293.675266666667,504051,504142,91
104,0,blank,0,305.7692,274.2229,504142,504234,92
104,0,blank,0,302.6183,310.0339,504234,504266,32
104,16,;,131,264.194633333333,253.839333333333,504296,504387,91
104,16,;,131,267.3982,253.538066666667,504387,504479,92
104,16,;,131,269.7474,248.193,504479,504572,93
104,0,blank,0,231.117333333333,269.814,504603,504695,92
104,18,1,142,222.5414,291.082833333333,504695,504786,91
104,0,blank,0,245.2596,276.1916,504786,504878,92
104,16,1,130,252.8609,260.2988,504878,504969,91
104,16,1,130,246.9505,262.824633333333,504969,505061,92
104,0,blank,0,242.1393,251.564466666667,505061,505153,92
104,0,blank,0,237.8014,249.955666666667,505153,505246,93
104,0,blank,0,240.7912,254.880566666667,505246,505338,92
104,0,blank,0,239.1723,245.008766666667,505338,505430,92
104,0,blank,0,224.237466666667,237.664633333333,505430,505523,93
104,0,blank,0,209.532633333333,224.273666666667,505523,505615,92
104,0,blank,0,192.714366666667,241.194333333333,505615,505707,92
104,0,blank,0,190.180166666667,246.6067,505707,505800,93
104,0,blank,0,199.237433333333,233.021,505800,505892,92
104,14,tname,108,182.7469,220.6658,505892,505983,91
104,0,blank,0,190.9747,228.4616,505983,506015,32
104,0,blank,0,253.51505,231.3437,506045,506135,90
104,0,blank,0,236.4999,236.7443,506135,506253,118
104,0,blank,0,231.0752,239.3244,506253,506330,77
104,0,blank,0,198.5613,228.6573,506330,506446,116
104,0,blank,0,193.5299,259.8049,506446,506526,80
104,16,<,127,191.78735,250.72375,506526,506588,62
104,16,1,130,250.0456,252.452333333333,506619,506712,93
104,16,1,130,247.7695,247.5229,506712,506804,92
104,0,blank,0,243.820166666667,240.2871,506804,506896,92
104,0,blank,0,236.5253,235.6158,506896,506991,95
104,13,i,102,260.9713,194.45,507067,507155,88
104,0,blank,0,282.7555,371.9024,507221,507299,78
104,0,blank,0,259.7272,378.3174,507466,507531,65
104,0,blank,0,287.9094,364.4369,507531,507614,83
104,0,blank,0,283.5765,414.4121,507614,507686,72
104,22,temp,172,254.9228,394.4739,507686,507761,75
104,22,temp,172,239.0424,398.4542,507761,507839,78
104,0,blank,0,302.039133333333,423.466733333333,507869,507962,93
104,0,blank,0,317.4718,421.0913,507962,508022,60
104,0,blank,0,283.1071,477.263066666667,508055,508152,97
104,0,blank,0,314.5366,451.6648,508185,508277,92
104,0,blank,0,285.6716,453.3297,508340,508370,30
104,0,blank,0,300.1967,466.8781,508370,508462,92
104,0,blank,0,315.8096,469.0623,508462,508490,28
104,0,blank,0,314.1297,451.7911,508490,508637,147
104,0,blank,0,315.951366666667,481.975033333333,508637,508727,90
104,0,blank,0,285.2643,599.0364,508759,508789,30
104,22,comma,173,276.2264,389.1359,508823,508936,113
104,22,name,174,296.3884,390.4477,508936,508964,28
104,22,name,174,305.0947,397.5059,509146,509172,26
104,0,blank,0,-350,-105,509319,509376,57
104,0,blank,0,240.6127,324.5622,509862,509981,119
104,20,strcmp,154,199.5048,340.2077,509981,510080,99
104,18,;,147,225.8539,292.8878,510199,510301,102
104,0,blank,0,232.6257,290.3449,510301,510380,79
104,0,blank,0,222.84,276.7684,510380,510468,88
104,0,blank,0,358.7587,281.5387,510740,510941,201
104,0,blank,0,358.7587,281.5387,510941,510966,25
104,0,blank,0,349.1671,261.2031,510966,511115,149
104,0,blank,0,349.1671,261.2031,511115,511141,26
104,0,blank,0,309.2247,234.8181,511141,511215,74
104,16,++,133,313.2378,262.0985,511215,511366,151
104,0,blank,0,314.4443,273.3304,511366,511392,26
104,0,blank,0,-350,-105,511642,511721,79
104,0,blank,0,-350,-105,511721,511798,77
104,0,blank,0,-350,-105,511798,511875,77
104,0,blank,0,-350,-105,511875,511951,76
104,0,blank,0,-350,-105,511951,512035,84
104,0,blank,0,-350,-105,512035,512096,61
104,0,blank,0,-350,-105,512096,512770,674
104,0,blank,0,-350,-105,512770,512873,103
104,0,blank,0,-350,-105,512873,512947,74
104,0,blank,0,-350,-105,512947,513015,68
104,0,blank,0,-350,-105,513015,513052,37
104,0,blank,0,948.474,368.1666,513289,513429,140
104,0,blank,0,276.0837,279.62995,513777,513864,87
104,10,"Enter%dnames",77,242.0282,135.50845,513913,513999,86
104,11,++,93,245.44035,137.1345,513999,514085,86
104,11,i,92,172.3315,152.5045,514691,514725,34
104,0,blank,0,-350,-105,515562,515599,37
104,0,blank,0,-350,-105,515599,515673,74
104,0,blank,0,232.348,136.5308,516160,516203,43
104,0,blank,0,252.2114,177.32485,516333,516417,84
104,0,blank,0,280.8967,153.5618,516417,516458,41
104,0,blank,0,205.81775,161.94155,516535,516611,76
104,10,"Enter%dnames",77,226.1198,134.2229,516611,516645,34
104,11,),94,265.03995,141.6213,516782,516844,62
104,0,blank,0,269.2064,177.3943,516844,516910,66
104,11,++,93,248.9879,139.72715,516910,516990,80
104,11,),94,271.8276,150.16555,516990,517054,64
104,0,blank,0,255.5302,158.4034,517118,517243,125
104,10,"Enter%dnames",77,250.6365,123.4286,517243,517281,38
104,14,name,113,283.0224,203.6353,517392,517436,44
104,0,blank,0,297.3507,144.0558,517467,517497,30
104,14,[,114,297.6118,221.5908,517725,517764,39
104,14,;,118,337.3875,221.8522,517806,517840,34
105,8,"Enterthevalueofn\n",64,238.0244,91.3492666666667,520805,520918,113
105,0,blank,0,242.11745,164.6166,521049,521113,64
105,0,blank,0,-350,-105,521145,521214,69
105,0,blank,0,-350,-105,521340,521478,138
105,0,blank,0,-350,-105,521478,521552,74
105,0,blank,0,-350,-105,521681,521863,182
105,0,blank,0,-350,-105,521863,522016,153
105,0,blank,0,-350,-105,522016,522192,176
105,0,blank,0,-350,-105,522192,522372,180
105,0,blank,0,-350,-105,522372,522397,25
105,0,blank,0,-350,-105,522397,522585,188
105,0,blank,0,-350,-105,522585,522669,84
105,0,blank,0,-350,-105,522816,522958,142
105,0,blank,0,-350,-105,523244,523596,352
105,0,blank,0,-350,-105,523596,523937,341
105,0,blank,0,-350,-105,523937,524151,214
105,0,blank,0,-350,-105,524151,524475,324
105,0,blank,0,-350,-105,524475,524600,125
105,0,blank,0,-350,-105,524986,525145,159
105,20,comma,160,311.4047,348.52936,525336,525520,184
105,0,blank,0,310.395883333333,366.988866666667,525520,525707,187
105,0,blank,0,313.295216666667,357.5333,525707,525895,188
105,0,blank,0,286.781483333333,373.156683333333,525895,526082,187
105,23,[,188,276.6984,415.295866666667,526082,526176,94
105,0,blank,0,282.023433333333,236.219816666667,526238,526428,190
105,0,blank,0,296.56565,242.67765,526428,526505,77
105,13,name,100,226.0951,201.6443,526688,526772,84
105,0,blank,0,232.2358,230.6098,526772,527031,259
105,16,<,127,192.0509,257.019383333333,527031,527224,193
105,16,n,128,203.6609,260.4711,527224,527287,63
105,18,;,147,228.503466666667,308.1371,527318,527509,191
105,0,blank,0,234.51595,333.049733333333,527509,527698,189
105,23,name,187,260.676866666667,404.924366666667,527698,527889,191
105,23,name,187,261.986166666667,412.18135,527889,528082,193
105,22,temp,172,256.870766666667,386.6345,528082,528179,97
105,0,blank,0,-349.74355,-104.67255,528244,528391,147
105,0,blank,0,986.805,716.3428,528714,528752,38
105,0,blank,0,-348.5668,-103.8191,528794,528852,58
105,0,blank,0,-350,-105,529187,529318,131
105,0,blank,0,-350,-105,529318,529397,79
105,0,blank,0,-350,-105,529397,529739,342
105,0,blank,0,-350,-105,529739,529901,162
105,0,blank,0,-350,-105,529901,530077,176
105,0,blank,0,-350,-105,530077,530250,173
105,0,blank,0,-350,-105,530250,530432,182
105,0,blank,0,149.3772,509.4531,530485,530517,32
105,0,blank,0,-350,-105,530590,530823,233
105,0,blank,0,-350,-105,530823,530962,139
105,0,blank,0,-350,-105,530962,531073,111
105,0,blank,0,516.01535,703.606575,531768,531902,134
105,0,blank,0,497.146116666667,722.391516666667,531997,532189,192
105,0,blank,0,484.139533333333,732.49835,532189,532383,194
105,0,blank,0,491.704183333333,718.464133333333,532383,532578,195
105,0,blank,0,494.669566666667,717.175833333333,532578,532775,197
105,0,blank,0,487.2102,737.163675,532775,532905,130
105,0,blank,0,484.99525,714.52215,532938,533068,130
105,0,blank,0,597.667816666667,691.902816666667,533100,533295,195
105,0,blank,0,595.15165,698.001766666667,533295,533488,193
105,0,blank,0,587.221,695.3295,533488,533681,193
105,0,blank,0,559.352366666667,719.0669,533681,533876,195
105,0,blank,0,530.8606,711.98825,533876,534069,193
105,0,blank,0,529.1769,697.921,534069,534102,33
105,0,blank,0,490.919866666667,691.080116666667,534134,534328,194
105,35,"------------------------------------------\n",253,460.244466666667,670.1704,534328,534426,98
105,30,"------------------------------------------\n",218,342.967583333333,556.645766666667,534457,534650,193
105,0,blank,0,357.61595,510.629866666667,534650,534841,191
105,0,blank,0,-350,-105,534874,534956,82
105,0,blank,0,314.0564,475.814,534987,535040,53
105,0,blank,0,308.000383333333,491.627516666667,535137,535334,197
105,0,blank,0,292.68315,493.409966666667,535459,535647,188
105,0,blank,0,302.539933333333,489.909616666667,535647,535836,189
105,28,"\n----------------------------------------\n",208,301.4895,525.8003,535836,535866,30
105,0,blank,0,299.389266666667,485.266516666667,535898,536091,193
105,0,blank,0,294.074766666667,496.053566666667,536091,536283,192
105,0,blank,0,289.9147,499.9341,536283,536413,130
105,0,blank,0,574.291533333333,580.330016666667,536479,536674,195
105,0,blank,0,563.18935,582.806016666667,536674,536871,197
105,0,blank,0,565.1481,590.80435,536871,536936,65
105,0,blank,0,571.972066666667,658.8481,536970,537168,198
105,0,blank,0,519.4462,-103.9046,537331,537363,32
105,0,blank,0,507.289,763.7466,537397,537429,32
105,0,blank,0,502.161583333333,-103.890883333333,537461,537658,197
105,0,blank,0,530.9396,-103.9227,537658,537692,34
105,0,blank,0,381.355883333333,-103.895866666667,537757,537955,198
105,0,blank,0,370.0322,-103.8823,537955,537988,33
105,0,blank,0,211.678433333333,-103.88305,538022,538221,199
105,0,blank,0,101.823966666667,-103.8919,538254,538451,197
105,0,blank,0,108.87895,-103.9037,538451,538516,65
105,0,blank,0,270.446316666667,-103.888466666667,538549,538746,197
105,0,blank,0,264.337916666667,-103.875133333333,538746,538942,196
105,0,blank,0,798.565,-103.9248,539010,539110,100
105,0,blank,0,815.457,-103.9115,539264,539295,31
105,0,blank,0,884.171,-103.9658,539423,539550,127
105,0,blank,0,823.896,786.7997,539581,539612,31
105,0,blank,0,798.417,-103.95145,539647,539710,63
105,0,blank,0,-350,-105,541132,541217,85
105,0,blank,0,-350,-105,541217,541744,527
105,0,blank,0,-350,-105,541744,541856,112
105,0,blank,0,-350,-105,541856,542021,165
105,0,blank,0,-350,-105,542021,542086,65
105,0,blank,0,-350,-105,542086,542264,178
105,0,blank,0,-350,-105,542264,542298,34
105,0,blank,0,-350,-105,542298,542494,196
105,0,blank,0,-350,-105,542494,542529,35
105,0,blank,0,-350,-105,542529,542719,190
105,0,blank,0,-350,-105,542719,542767,48
105,0,blank,0,-350,-105,542767,542990,223
105,0,blank,0,-350,-105,542990,543174,184
105,0,blank,0,264.668525,-103.902825,543309,543482,173
105,0,blank,0,266.184966666667,-103.925666666667,543482,543578,96
105,0,blank,0,47.13825,-103.9288,543641,543778,137
105,0,blank,0,105.8953,-103.892725,543842,543964,122
105,0,blank,0,-48.5051333333333,-103.912566666667,544029,544221,192
105,0,blank,0,-37.3274833333333,-103.9273,544221,544410,189
105,0,blank,0,-18.4537,-103.9109,544410,544474,64
105,28,"\n----------------------------------------\n",208,342.08768,517.83344,544571,544729,158
105,28,"\n----------------------------------------\n",208,341.65615,517.50745,544761,544945,184
105,0,blank,0,344.7393,471.4278,544945,545010,65
105,0,blank,0,747.679333333333,-103.9301,545318,545501,183
105,0,blank,0,707.835,-103.9709,545531,545561,30
105,0,blank,0,750.018,-103.8735,545561,545737,176
105,0,blank,0,782.5765,-103.84015,545737,545815,78
105,0,blank,0,811.749,-103.876,545874,546072,198
105,0,blank,0,760.985,-103.8258,546072,546136,64
105,0,blank,0,750.713,-103.8809,546265,546293,28
105,0,blank,0,795.534,-103.8441,546359,546517,158
105,0,blank,0,186.9414,-103.7789,546972,547099,127
105,0,blank,0,175.585766666667,-103.7475,547352,547501,149
105,0,blank,0,183.744466666667,-103.763466666667,547501,547661,160
105,0,blank,0,171.99366,-103.74974,547661,547843,182
105,0,blank,0,186.89372,-103.7536,547843,548034,191
105,0,blank,0,178.787875,-103.750675,548034,548164,130
105,0,blank,0,725.103,-103.7694,548228,548254,26
105,0,blank,0,705.8675,-103.7246,548926,549098,172
105,0,blank,0,705.431333333333,-103.715316666667,549098,549296,198
105,0,blank,0,696.9948,-103.7147,549296,549463,167
105,0,blank,0,709.3064,-103.72154,549463,549629,166
105,0,blank,0,708.4008,-103.73242,549629,549797,168
105,0,blank,0,723.6406,-103.731,549797,549975,178
105,0,blank,0,720.287333333333,-103.744333333333,549975,550074,99
105,0,blank,0,843.811,-103.9039,550190,550297,107
105,0,blank,0,697.156,-103.77245,550622,550791,169
105,0,blank,0,711.9284,-103.77068,550791,550955,164
105,0,blank,0,782.044,-103.8228,551239,551274,35
105,0,blank,0,775.221,-103.7893,551274,551441,167
105,0,blank,0,777.064,-103.8985,551441,551646,205
105,0,blank,0,819.045,-103.8557,551646,551831,185
105,0,blank,0,839.994,-103.8655,552295,552643,348
105,0,blank,0,700.98425,-103.762925,552850,553025,175
105,0,blank,0,285.88975,-103.8107,553092,553159,67
105,0,blank,0,176.10586,-103.7707,553258,553430,172
105,0,blank,0,157.3744,-103.76895,553430,553627,197
105,0,blank,0,171.176666666667,-103.769716666667,553627,553825,198
105,0,blank,0,188.43185,-103.78095,553825,553889,64
105,0,blank,0,-350,-105,553984,554147,163
105,0,blank,0,-350,-105,554147,554333,186
105,0,blank,0,-350,-105,554333,554483,150
105,0,blank,0,-350,-105,554483,554818,335
105,0,blank,0,-350,-105,554818,554921,103
105,0,blank,0,-350,-105,555495,555531,36
105,0,blank,0,177.5184,554.7913,555558,555675,117
105,0,blank,0,-350,-105,555864,556046,182
105,0,blank,0,-350,-105,556046,556172,126
105,0,blank,0,-350,-105,556172,556367,195
105,0,blank,0,-350,-105,556367,556510,143
105,0,blank,0,-350,-105,556510,556659,149
105,0,blank,0,-350,-105,556659,556771,112
105,0,blank,0,-350,-105,556771,556906,135
105,0,blank,0,-350,-105,556906,557089,183
105,0,blank,0,-350,-105,557089,557195,106
105,0,blank,0,433.0995,-103.7312,557442,557482,40
105,0,blank,0,430.7925,-103.7445,557618,557654,36
105,0,blank,0,158.8303,-103.797183333333,557721,557911,190
105,0,blank,0,157.9464,-103.8152,557911,557942,31
105,0,blank,0,156.4685,-103.82155,557974,558037,63
105,0,blank,0,112.343966666667,-103.686033333333,558069,558165,96
105,0,blank,0,-350.0338,-103.903566666667,558230,558332,102
105,0,blank,0,-330.091,-103.96285,558586,558648,62
105,0,blank,0,-350.03655,-103.71275,558710,558842,132
105,0,blank,0,-350,-105,558842,558993,151
105,0,blank,0,-350,-105,558993,559115,122
105,0,blank,0,-350,-105,559115,559298,183
105,0,blank,0,-350,-105,559298,559427,129
105,0,blank,0,-350,-105,559427,559620,193
105,0,blank,0,-350,-105,559620,559736,116
105,0,blank,0,-350,-105,559736,559920,184
105,0,blank,0,-350,-105,559920,560075,155
105,0,blank,0,-350,-105,560075,560189,114
105,0,blank,0,-350,-105,560189,560310,121
105,0,blank,0,-350,-105,560310,560470,160
105,0,blank,0,-350,-105,560470,560636,166
105,0,blank,0,-350,-105,560636,560884,248
105,0,blank,0,-350,-105,560884,562510,1626
105,0,blank,0,433.8555,-103.7323,562549,562686,137
105,0,blank,0,427.824866666667,-103.74955,562753,562938,185
105,0,blank,0,443.693475,-103.732375,562938,563062,124
105,0,blank,0,705.050833333333,-103.7457,563094,563286,192
105,0,blank,0,713.3895,-103.76225,563286,563350,64
105,0,blank,0,416.3573,-103.7813,563381,563414,33
105,0,blank,0,-350,-105,563556,563690,134
105,0,blank,0,-350,-105,563690,563889,199
105,0,blank,0,-350,-105,563889,564171,282
105,0,blank,0,-350,-105,564171,564790,619
105,0,blank,0,-350,-105,564790,565165,375
105,0,blank,0,-350,-105,565165,565299,134
105,0,blank,0,-350,-105,566276,566427,151
105,0,blank,0,-350,-105,566427,566631,204
105,0,blank,0,-350,-105,566631,566847,216
105,0,blank,0,-350,-105,566847,567039,192
105,0,blank,0,-350,-105,567703,567877,174
105,0,blank,0,-350,-105,567877,568032,155
105,0,blank,0,-350,-105,568032,568257,225
105,0,blank,0,-350,-105,568257,568280,23
105,0,blank,0,-348.7982,-75.452,568280,568541,261
105,0,blank,0,-350,-105,568541,568956,415
105,0,blank,0,-349.42085,-103.2449,568956,569137,181
105,0,blank,0,-350,-105,569137,569203,66
105,0,blank,0,-350,-105,569203,569725,522
105,0,blank,0,-350,-105,569725,569921,196
105,0,blank,0,-350,-105,569921,570087,166
105,0,blank,0,-350,-105,570087,570275,188
105,0,blank,0,-350,-105,570597,570692,95
105,0,blank,0,-350,-105,570692,570890,198
105,0,blank,0,-350,-105,570890,571048,158
105,0,blank,0,-350,-105,571048,571172,124
105,0,blank,0,-350,-105,571172,571257,85
105,31,i,231,243.27685,593.724766666667,571289,571485,196
105,0,blank,0,251.4321,576.2817,571485,571554,69
105,0,blank,0,-350,-105,571593,571751,158
105,28,"\n----------------------------------------\n",208,261.711683333333,525.0434,571782,571969,187
105,20,strcmp,154,219.766716666667,341.908,572031,572217,186
105,20,name,161,234.5998,338.4876,572217,572248,31
105,0,blank,0,146.611316666667,295.195683333333,572279,572462,183
105,16,<,127,183.5916,259.5067,572462,572522,60
105,0,blank,0,178.3995,329.0755,572553,572583,30
105,0,blank,0,145.690533333333,316.005233333333,572645,572732,87
105,0,blank,0,229.10895,331.562,572768,572956,188
105,0,blank,0,224.2615,349.4462,572956,572986,30
105,0,blank,0,-350,-105,573047,573125,78
105,0,blank,0,156.7859,273.8576,573314,573341,27
105,0,blank,0,168.267916666667,230.996066666667,573372,573557,185
105,0,blank,0,198.97,235.095,573557,573588,31
105,0,blank,0,192.082733333333,279.077166666667,573618,573710,92
105,0,blank,0,179.074166666667,225.176083333333,573740,573924,184
105,16,n,128,212.0401,255.7603,573924,573955,31
105,0,blank,0,-350,-105,574078,574133,55
105,0,blank,0,275.184666666667,283.15805,574249,574424,175
105,0,blank,0,325.0083,312.6441,574454,574640,186
105,18,j,148,322.1931,305.1917,574640,574672,32
105,0,blank,0,-350,-105,574703,574810,107
105,20,name,161,243.3701,335.0737,574856,574914,58
105,0,blank,0,-350,-105,574948,575059,111
105,20,strcmp,154,184.4472,344.6317,575095,575143,48
105,0,blank,0,157.405083333333,367.954233333333,575211,575391,180
105,0,blank,0,145.7762,373.8101,575391,575422,31
105,0,blank,0,229.818866666667,364.63465,575454,575639,185
105,22,(,171,232.9543,383.8517,575639,575670,31
105,0,blank,0,314.0372,373.9043,575757,575787,30
105,0,blank,0,303.1679,494.3723,575821,575856,35
105,0,blank,0,-350,-105,575917,575972,55
105,22,name,174,294.0019,383.79695,576089,576200,111
105,0,blank,0,-350,-105,576231,576387,156
105,24,strcpy,193,189.883533333333,425.793633333333,576490,576572,82
105,24,(,194,231.8282,432.759,576634,576659,25
105,23,name,187,254.139416666667,403.9224,576689,576876,187
105,0,blank,0,-350,-105,576963,577039,76
105,0,blank,0,310.24095,370.25535,578353,578498,145
105,0,blank,0,312.9806,356.1782,578498,578643,145
105,0,blank,0,297.6148,321.616,578643,578720,77
105,20,name,161,241.979283333333,336.508733333333,578828,579012,184
105,18,+,141,201.356233333333,307.230183333333,579012,579192,180
105,18,i,140,174.58482,294.54604,579253,579445,192
105,16,<,127,186.4854,264.3972,579470,579497,27
105,0,blank,0,144.12025,294.20305,579528,579672,144
105,0,blank,0,146.48482,279.05724,579672,579848,176
105,0,blank,0,153.51065,277.41985,579848,579908,60
105,16,0,124,135.5482,257.1843,579969,580044,75
105,0,blank,0,141.72068,231.11648,580069,580260,191
105,14,strcpy,106,133.897075,206.5955,580260,580382,122
105,0,blank,0,114.4142,236.4255,580472,580503,31
105,0,blank,0,130.1689,177.0942,580532,580654,122
105,9,"%d",69,125.077416666667,102.070916666667,580684,580866,182
105,8,"Enterthevalueofn\n",64,136.1608,91.5418,580866,580926,60
105,11,0,86,141.3493,154.5532,580956,580987,31
105,10,printf,75,103.66765,134.1909,581084,581147,63
105,0,blank,0,157.2428,96.7898,581266,581299,33
105,0,blank,0,156.003966666667,139.339616666667,581414,581602,188
105,9,n,72,176.5058,108.921533333333,581602,581694,92
105,0,blank,0,165.644416666667,272.466883333333,581724,581907,183
105,0,blank,0,165.433683333333,272.2329,581907,582094,187
105,16,i,132,168.275333333333,267.945483333333,582094,582275,181
105,0,blank,0,168.673883333333,271.207866666667,582275,582457,182
105,16,i,132,164.599166666667,266.010966666667,582457,582646,189
105,0,blank,0,162.804283333333,277.169466666667,582646,582827,181
105,0,blank,0,157.483016666667,316.426933333333,582827,583023,196
105,18,=,139,153.05022,309.49248,583023,583191,168
105,0,blank,0,148.988266666667,329.3413,583191,583385,194
105,20,if,152,142.46735,349.7847,583385,583451,66
105,0,blank,0,188.7742,374.710266666667,583484,583683,199
105,0,blank,0,186.8534,370.361466666667,583683,583781,98
105,22,(,171,230.487916666667,382.832616666667,583813,584008,195
105,22,temp,172,235.71555,381.239125,584008,584135,127
105,0,blank,0,162.3435,385.578933333333,584167,584354,187
105,22,strcpy,170,175.045,382.247983333333,584354,584540,186
105,22,strcpy,170,180.6445,385.5901,584540,584570,30
105,0,blank,0,242.1899,360.12864,584602,584756,154
105,0,blank,0,156.9733,164.7615,584817,584847,30
105,14,tname,108,154.9814,212.9125,584878,584940,62
105,10,(,76,112.066825,116.365375,584974,585098,124
105,8,"Enterthevalueofn\n",64,118.3606,87.5017,585130,585160,30
105,14,strcpy,106,140.7279,204.0414,585191,585222,31
105,9,"%d",69,117.0869,105.4419,585252,585283,31
105,0,blank,0,-350,-105,585402,585579,177
105,0,blank,0,-350,-105,585579,585754,175
105,0,blank,0,-350,-105,585754,585938,184
105,0,blank,0,-350,-105,585938,586117,179
105,0,blank,0,-350,-105,586117,586294,177
105,0,blank,0,-350,-105,586294,586470,176
105,0,blank,0,-350,-105,586470,586630,160
105,0,blank,0,-350,-105,586630,586809,179
105,0,blank,0,-350,-105,586809,586947,138
105,0,blank,0,-350,-105,586947,587138,191
105,0,blank,0,-350,-105,587138,587330,192
105,0,blank,0,-350,-105,587330,587517,187
105,0,blank,0,-350,-105,587517,587665,148
105,0,blank,0,-350,-105,587665,587812,147
105,0,blank,0,-350,-105,587812,587988,176
105,0,blank,0,-350,-105,587988,588169,181
105,0,blank,0,-350,-105,588169,588368,199
105,0,blank,0,-350,-105,588368,588471,103
105,7,i,56,87.8967,57.4494,588501,588531,30
105,6,name,34,119.9514,45.5404,588531,588793,262
105,6,name,34,110.35335,37.3887333333333,588793,588964,171
105,0,blank,0,119.413616666667,19.1490666666667,588964,589160,196
105,0,blank,0,115.49995,19.6174,589160,589225,65
105,0,blank,0,259.277,16.73305,589257,589323,66
105,6,tname,42,243.6219,35.04245,589354,589420,66
105,0,blank,0,261.315333333333,12.5501666666667,589484,589584,100
105,10,"Enter%dnames",77,131.55554,121.87968,589718,589879,161
105,10,"Enter%dnames",77,158.370933333333,115.090866666667,589943,590039,96
105,0,blank,0,-350,-105,590193,590218,25
105,9,),73,188.1158,101.0814,590243,590269,26
105,10,"Enter%dnames",77,209.099366666667,117.768866666667,590322,590494,172
105,10,"Enter%dnames",77,213.351066666667,116.21135,590494,590678,184
105,10,"Enter%dnames",77,216.45488,117.2273,590678,590831,153
105,10,"Enter%dnames",77,154.42025,115.64905,591024,591082,58
105,0,blank,0,153.010216666667,101.963683333333,591150,591338,188
105,8,"Enterthevalueofn\n",64,131.378,76.8062,591338,591369,31
105,0,blank,0,148.87485,114.663275,591398,591521,123
105,10,"Enter%dnames",77,152.8648,121.3801,591581,591644,63
105,0,blank,0,160.8394,105.7137,591703,591763,60
105,0,blank,0,-350,-105,591856,591881,25
105,0,blank,0,220.6638,94.8607,591985,592010,25
105,10,"Enter%dnames",77,193.237566666667,116.02575,592034,592223,189
105,10,"Enter%dnames",77,180.1478,128.728233333333,592223,592409,186
105,10,"Enter%dnames",77,171.1248,131.875016666667,592409,592597,188
105,0,blank,0,157.904383333333,155.908066666667,592597,592786,189
105,0,blank,0,135.398333333333,176.0337,592786,592973,187
105,0,blank,0,168.449966666667,170.505033333333,592973,593161,188
105,0,blank,0,201.60975,175.7178,593161,593224,63
105,0,blank,0,-350,-105,593284,593337,53
105,0,blank,0,31.7234,-103.7714,593363,593389,26
105,13,name,100,232.7099,195.3044,593439,593517,78
105,0,blank,0,153.52855,239.84685,593548,593640,92
105,14,tname,108,170.2767,217.8939,593705,593798,93
105,13,),104,280.2013,185.9044,593962,593994,32
105,18,<,145,269.7914,301.6646,594025,594057,32
105,20,],164,299.6376,345.9316,594245,594273,28
105,13,i,102,263.0318,195.7237,594335,594493,158
105,0,blank,0,107.3228,463.6735,594556,594587,31
105,0,blank,0,-350,-105,594620,594648,28
105,14,strcpy,106,108.365233333333,203.1225,594767,594942,175
105,0,blank,0,114.95788,202.37622,594942,595089,147
105,13,name,100,210.9197,189.4629,595121,595806,685
105,10,"Enter%dnames",77,157.1911,132.562666666667,595838,596020,182
105,0,blank,0,189.618766666667,159.29715,596020,596208,188
105,0,blank,0,183.222466666667,194.244133333333,596208,596399,191
105,13,"%s",98,155.3347,200.44128,596399,596578,179
105,13,"%s",98,154.5873,189.990216666667,596578,596763,185
105,13,"%s",98,159.578616666667,184.515033333333,596763,596947,184
105,13,"%s",98,159.79222,198.0698,596947,597099,152
105,0,blank,0,-350,-105,597210,597388,178
105,0,blank,0,-350,-105,597388,597570,182
105,0,blank,0,-350,-105,597570,597751,181
105,0,blank,0,-350,-105,597751,597911,160
105,0,blank,0,-350,-105,597911,598087,176
105,0,blank,0,-350,-105,598087,598268,181
105,0,blank,0,-350,-105,598268,598453,185
105,0,blank,0,-350,-105,598453,598633,180
105,0,blank,0,-350,-105,598633,598805,172
105,0,blank,0,-350,-105,598805,598990,185
105,0,blank,0,-350,-105,598990,599179,189
105,14,tname,108,158.71162,220.4913,599211,599353,142
105,14,tname,108,158.0083,223.0178,599353,599540,187
105,14,tname,108,155.705466666667,218.962033333333,599540,599629,89
105,0,blank,0,-350,-105,599690,599868,178
105,0,blank,0,-350,-105,599868,600065,197
105,0,blank,0,-350,-105,600065,600263,198
105,0,blank,0,-350,-105,600263,600427,164
105,0,blank,0,-350,-105,600427,600608,181
105,0,blank,0,-350,-105,600608,600790,182
105,0,blank,0,-350,-105,600790,600970,180
105,0,blank,0,-350,-105,600970,601152,182
105,0,blank,0,-350,-105,601152,601338,186
105,0,blank,0,-350,-105,601338,601517,179
105,0,blank,0,-350,-105,601517,601693,176
105,0,blank,0,-350,-105,601693,601873,180
105,0,blank,0,-350,-105,601873,602050,177
105,0,blank,0,-350,-105,602050,602113,63
105,0,blank,0,-350,-105,602113,602474,361
105,0,blank,0,-350,-105,602474,602664,190
105,0,blank,0,-350,-105,602664,602859,195
105,0,blank,0,-350,-105,602859,603028,169
105,0,blank,0,-350,-105,603028,603216,188
105,0,blank,0,-350,-105,603216,603391,175
105,0,blank,0,-350,-105,603391,603558,167
105,0,blank,0,-350,-105,603558,603702,144
105,0,blank,0,-350,-105,604032,604130,98
105,0,blank,0,408.21635,541.2561,604267,604367,100
105,0,blank,0,-350,-105,604460,606057,1597
105,0,blank,0,-350,-105,606057,606392,335
105,0,blank,0,-350,-105,606392,606543,151
105,0,blank,0,-350,-105,606543,606686,143
105,0,blank,0,-350,-105,606686,606857,171
105,0,blank,0,-350,-105,606857,607046,189
105,0,blank,0,-350,-105,607046,607242,196
105,0,blank,0,-350,-105,607242,607432,190
105,0,blank,0,-350,-105,607432,607603,171
105,0,blank,0,-350,-105,607603,607767,164
105,0,blank,0,-350,-105,607767,607946,179
105,0,blank,0,-350,-105,607946,608110,164
105,0,blank,0,-350,-105,608110,608277,167
105,0,blank,0,-350,-105,608277,608414,137
105,0,blank,0,-350,-105,608414,608486,72
105,0,blank,0,-350,-105,608486,608631,145
105,0,blank,0,-350,-105,608631,608801,170
105,0,blank,0,-350,-105,608801,608956,155
105,0,blank,0,-350,-105,608956,609137,181
105,0,blank,0,-350,-105,609137,609322,185
105,0,blank,0,-350,-105,609322,609513,191
105,0,blank,0,-350,-105,609513,609702,189
105,0,blank,0,-350,-105,609702,609899,197
105,0,blank,0,-350,-105,609899,610088,189
105,0,blank,0,-350,-105,610088,610254,166
105,0,blank,0,-350,-105,610254,610431,177
105,0,blank,0,-350,-105,610431,610613,182
105,0,blank,0,-350,-105,610613,610782,169
105,0,blank,0,-350,-105,610782,610954,172
105,0,blank,0,-350,-105,610954,611145,191
105,0,blank,0,-350,-105,611145,611329,184
105,0,blank,0,-350,-105,611329,611490,161
105,0,blank,0,-350,-105,611490,611677,187
105,0,blank,0,-350,-105,611677,611856,179
105,0,blank,0,-350,-105,611856,612033,177
105,0,blank,0,-350,-105,612033,612210,177
105,0,blank,0,-350,-105,612210,612388,178
105,0,blank,0,-350,-105,612388,612567,179
105,0,blank,0,-350,-105,612567,612744,177
105,0,blank,0,-350,-105,612744,612923,179
105,0,blank,0,-350,-105,612923,613065,142
105,0,blank,0,-350,-105,613065,614699,1634
105,0,blank,0,-350,-105,614699,614864,165
105,0,blank,0,-350,-105,614864,614988,124
105,0,blank,0,-350,-105,614988,615684,696
105,0,blank,0,-350,-105,615684,615824,140
105,0,blank,0,-350,-105,615824,616369,545
105,0,blank,0,-350,-105,616369,616545,176
105,0,blank,0,-350,-105,616545,616723,178
105,0,blank,0,-350,-105,616723,616899,176
105,0,blank,0,-350,-105,616899,617097,198
105,0,blank,0,-350,-105,617097,617235,138
105,0,blank,0,-350,-105,617235,617401,166
105,0,blank,0,-350,-105,617401,617550,149
105,0,blank,0,-350,-105,617550,617728,178
105,0,blank,0,-350,-105,617728,617910,182
105,0,blank,0,-350,-105,617910,618082,172
105,0,blank,0,-350,-105,618082,618268,186
105,0,blank,0,-350,-105,618268,618456,188
105,0,blank,0,-350,-105,618456,618560,104
105,0,blank,0,-350,-105,618811,618942,131
105,0,blank,0,-350,-105,618942,619168,226
105,0,blank,0,-350,-105,619168,619328,160
105,0,blank,0,267.4501,373.0156,619441,619476,35
105,0,blank,0,-350,-105,619546,619639,93
105,0,blank,0,-350,-105,619639,619814,175
105,0,blank,0,-350,-105,619814,620101,287
105,0,blank,0,-350,-105,620101,620335,234
105,0,blank,0,-350,-105,620335,620513,178
105,0,blank,0,-350,-105,620513,620633,120
105,0,blank,0,-350,-105,621006,621188,182
105,0,blank,0,-350,-105,621188,621374,186
105,0,blank,0,-350,-105,621374,621563,189
105,0,blank,0,-350,-105,621563,621726,163
105,0,blank,0,-350,-105,621726,621844,118
105,0,blank,0,-350,-105,621844,621991,147
105,0,blank,0,-350,-105,621991,622329,338
105,0,blank,0,-350,-105,622329,622529,200
105,0,blank,0,-350,-105,622529,622641,112
105,0,blank,0,-350,-105,622641,623192,551
105,0,blank,0,-350,-105,623192,623343,151
105,0,blank,0,-350,-105,623343,623903,560
105,0,blank,0,-350,-105,623903,624072,169
105,0,blank,0,-350,-105,624072,624177,105
105,0,blank,0,-350,-105,624462,624651,189
105,0,blank,0,-350,-105,624651,624867,216
105,0,blank,0,-350,-105,624867,625432,565
105,0,blank,0,-350,-105,625432,625687,255
105,0,blank,0,-350,-105,625687,625827,140
105,0,blank,0,111.4405,281.4934,625852,625964,112
105,16,i,132,166.63455,251.1265,626309,626379,70
105,0,blank,0,-350,-105,626419,626566,147
105,0,blank,0,-350,-105,626566,626654,88
105,0,blank,0,-350,-105,626747,626813,66
105,0,blank,0,203.90484,237.93086,626846,627016,170
105,0,blank,0,180.71725,224.7036,627016,627211,195
105,0,blank,0,164.38545,241.178033333333,627211,627395,184
105,0,blank,0,-350,-105,627461,627515,54
105,0,blank,0,177.8851,231.984025,627629,627739,110
105,0,blank,0,-350,-105,627768,627850,82
105,23,strcpy,180,202.9934,417.3536,629412,629565,153
105,0,blank,0,-350,-105,629931,630118,187
105,0,blank,0,-350,-105,630118,630250,132
105,0,blank,0,206.753183333333,231.461,630373,630562,189
105,0,blank,0,144.48786,228.09276,630593,630746,153
105,0,blank,0,88.3601,313.3899,630775,630806,31
105,0,blank,0,150.5971,236.2401,630957,630989,32
105,0,blank,0,-350,-105,631144,631329,185
105,0,blank,0,-350,-105,631329,631420,91
105,0,blank,0,-350,-105,631420,631575,155
105,0,blank,0,-350,-105,631575,631671,96
105,0,blank,0,-350,-105,631671,631878,207
105,0,blank,0,-350,-105,631878,632054,176
105,0,blank,0,-350,-105,632054,632148,94
105,0,blank,0,-350,-105,632148,632461,313
105,0,blank,0,-350,-105,632461,632616,155
105,0,blank,0,-350,-105,632616,633035,419
105,0,blank,0,-350,-105,633035,633216,181
105,0,blank,0,-350,-105,633216,633382,166
105,0,blank,0,146.33135,275.9048,634164,634331,167
105,16,;,131,148.4294,256.3764,634331,634421,90
105,0,blank,0,-350,-105,634508,634698,190
105,16,=,123,119.0378,253.5014,634806,634999,193
105,0,blank,0,74.0782833333333,290.39855,635059,635251,192
105,0,blank,0,32.5787,265.413,635251,635282,31
105,0,blank,0,57.4669,289.367925,635313,635434,121
105,0,blank,0,-350,-105,635494,635653,159
105,0,blank,0,-350,-105,635653,635799,146
105,0,blank,0,-350,-105,635799,635925,126
105,0,blank,0,-350,-105,635925,636008,83
105,0,blank,0,-350,-105,636008,636343,335
105,0,blank,0,-350,-105,636343,636506,163
105,0,blank,0,-350,-105,636506,636649,143
105,0,blank,0,-350,-105,636649,636720,71
105,0,blank,0,-350,-105,636720,636918,198
105,0,blank,0,-350,-105,636918,637098,180
105,0,blank,0,-350,-105,637098,637193,95
105,0,blank,0,-350,-105,637193,637441,248
105,0,blank,0,-350,-105,637441,637612,171
105,0,blank,0,-350,-105,637612,637993,381
105,0,blank,0,-350,-105,637993,638163,170
105,0,blank,0,-350,-105,638163,638362,199
105,0,blank,0,-350,-105,638362,638522,160
105,0,blank,0,-350,-105,638522,638653,131
105,0,blank,0,-350,-105,638653,638746,93
105,0,blank,0,-350,-105,638746,639287,541
105,0,blank,0,-350,-105,639287,639390,103
105,0,blank,0,-350,-105,639390,639537,147
105,0,blank,0,-350,-105,639537,639698,161
105,13,i,102,258.00332,184.06996,639833,639999,166
105,0,blank,0,250.7241,234.5831,639999,640033,34
105,13,name,100,242.333233333333,193.867266666667,640064,640161,97
105,16,-,129,229.3663,250.1035,640193,640229,36
105,0,blank,0,224.0378,235.1197,640263,640330,67
105,0,blank,0,-350,-105,640395,640521,126
105,0,blank,0,234.3264,228.3636,640611,640668,57
105,0,blank,0,251.859766666667,243.536666666667,640727,640915,188
105,16,;,131,265.8542,266.563133333333,640946,641038,92
105,0,blank,0,254.827983333333,328.332033333333,641069,641250,181
105,0,blank,0,234.588783333333,304.486283333333,641250,641432,182
105,0,blank,0,248.152633333333,268.833366666667,641432,641523,91
105,16,1,130,244.276,258.0806,641553,641583,30
105,14,comma,112,234.55096,215.2069,641614,641766,152
105,0,blank,0,187.0043,241.5414,641828,641863,35
105,0,blank,0,265.30752,275.6444,641893,642051,158
105,14,i,115,313.3964,214.618,642082,642114,32
105,0,blank,0,283.584466666667,237.176266666667,642146,642241,95
105,0,blank,0,-350,-105,642432,642536,104
105,0,blank,0,-350,-105,642976,643153,177
105,0,blank,0,-350,-105,643153,643318,165
105,0,blank,0,-350,-105,643318,643491,173
105,0,blank,0,-350,-105,643491,643656,165
105,0,blank,0,-350,-105,643656,643792,136
105,0,blank,0,-350,-105,643792,643960,168
105,0,blank,0,-350,-105,643960,644126,166
105,0,blank,0,-350,-105,644126,644347,221
105,0,blank,0,-350,-105,644347,644479,132
105,0,blank,0,-350,-105,644479,644671,192
105,0,blank,0,-350,-105,644671,644939,268
105,0,blank,0,-350,-105,644939,645116,177
105,0,blank,0,-350,-105,645116,645304,188
105,0,blank,0,-350,-105,645304,645498,194
105,0,blank,0,-350,-105,645498,645657,159
105,0,blank,0,-350,-105,645657,645837,180
105,0,blank,0,-350,-105,645837,645968,131
105,0,blank,0,-350,-105,645968,646096,128
105,0,blank,0,-350,-105,646096,646317,221
105,0,blank,0,-350,-105,646317,646419,102
105,0,blank,0,-350,-105,646419,646615,196
105,0,blank,0,-350,-105,646615,646810,195
105,0,blank,0,-350,-105,646810,647001,191
105,0,blank,0,213.1068,237.70105,648169,648257,88
105,0,blank,0,158.9822,233.615675,648709,648861,152
105,0,blank,0,238.235625,224.535725,648893,649017,124
105,0,blank,0,-350,-105,649049,649227,178
105,0,blank,0,-350,-105,649227,649415,188
105,0,blank,0,-350,-105,649415,649559,144
105,0,blank,0,-350,-105,649559,649733,174
105,0,blank,0,-350,-105,649733,649899,166
105,0,blank,0,-350,-105,649899,650080,181
105,0,blank,0,-350,-105,650080,650253,173
105,0,blank,0,-350,-105,650253,650435,182
105,0,blank,0,-350,-105,650435,650614,179
105,0,blank,0,-350,-105,650614,650653,39
105,0,blank,0,-350,-105,650653,650935,282
105,0,blank,0,-350,-105,650935,651115,180
105,0,blank,0,-350,-105,651115,651255,140
105,0,blank,0,-350,-105,651255,651367,112
105,0,blank,0,-350,-105,651367,651582,215
105,0,blank,0,-350,-105,651582,651779,197
105,0,blank,0,-350,-105,651779,651925,146
105,0,blank,0,-350,-105,651925,652103,178
105,0,blank,0,-350,-105,652103,652279,176
105,0,blank,0,-350,-105,652279,652448,169
105,0,blank,0,-350,-105,652448,652635,187
105,0,blank,0,-350,-105,652635,652806,171
105,0,blank,0,-350,-105,652806,652950,144
105,0,blank,0,-350,-105,652950,653131,181
105,0,blank,0,-350,-105,653131,653305,174
105,0,blank,0,-350,-105,653305,653502,197
105,0,blank,0,-350,-105,653502,653653,151
105,0,blank,0,-350,-105,653653,653801,148
105,0,blank,0,-350,-105,653801,653952,151
105,0,blank,0,-350,-105,653952,654148,196
105,0,blank,0,-350,-105,654148,654384,236
105,0,blank,0,-350,-105,654384,654752,368
105,0,blank,0,-350,-105,654752,654890,138
105,0,blank,0,366.3506,319.2948,654979,655018,39
105,0,blank,0,427.865233333333,479.678833333333,655130,655225,95
105,0,blank,0,-350,-105,655456,655793,337
105,0,blank,0,-350,-105,655922,656108,186
105,0,blank,0,-350,-105,656108,656296,188
105,0,blank,0,-350,-105,656296,656474,178
105,0,blank,0,-350,-105,656474,656717,243
105,0,blank,0,-350,-105,656717,656898,181
105,0,blank,0,-350,-105,656898,657079,181
105,0,blank,0,-350,-105,657079,657208,129
105,0,blank,0,-350,-105,657208,657279,71
105,0,blank,0,-350,-105,657279,657466,187
105,0,blank,0,-350,-105,657466,657824,358
105,0,blank,0,-350,-105,657824,658054,230
105,0,blank,0,-350,-105,658054,658229,175
105,0,blank,0,-350,-105,658229,658425,196
105,0,blank,0,-350,-105,658425,658545,120
105,0,blank,0,-350,-105,658545,658749,204
105,0,blank,0,-350,-105,658749,658804,55
105,0,blank,0,-350,-105,658804,659013,209
105,0,blank,0,-350,-105,659013,659414,401
105,0,blank,0,-350,-105,659414,659593,179
105,0,blank,0,-350,-105,659593,659770,177
105,0,blank,0,-350,-105,659770,659851,81
105,0,blank,0,-350,-105,659851,660034,183
105,0,blank,0,-350,-105,660034,660165,131
105,0,blank,0,-350,-105,660165,660324,159
105,0,blank,0,-350,-105,660324,660516,192
105,0,blank,0,-350,-105,660516,660663,147
105,0,blank,0,-350,-105,660663,660807,144
105,0,blank,0,-350,-105,660807,660880,73
105,0,blank,0,-350,-105,660880,661037,157
105,0,blank,0,-350,-105,661037,661141,104
105,0,blank,0,-350,-105,661141,661289,148
105,0,blank,0,-350,-105,661289,661458,169
105,0,blank,0,-350,-105,661458,661535,77
105,0,blank,0,-350,-105,661535,661793,258
105,0,blank,0,-350,-105,661793,661935,142
105,0,blank,0,-350,-105,661935,662056,121
105,0,blank,0,-350,-105,662056,662167,111
105,0,blank,0,-350,-105,662167,662329,162
105,0,blank,0,-350,-105,662329,662504,175
105,0,blank,0,-350,-105,662504,662569,65
105,20,(,155,228.7454,350.5636,662696,662794,98
105,0,blank,0,-350,-105,662859,662953,94
105,0,blank,0,217.528,322.6567,662987,663012,25
105,0,blank,0,-350,-105,663609,663800,191
105,0,blank,0,-350,-105,663800,663977,177
105,0,blank,0,-350,-105,663977,664129,152
105,0,blank,0,-350,-105,664129,664310,181
105,0,blank,0,-350,-105,664310,664462,152
105,0,blank,0,-350,-105,664462,664520,58
105,0,blank,0,-350,-105,664520,664896,376
105,0,blank,0,-350,-105,664896,665055,159
105,0,blank,0,-350,-105,665055,665200,145
105,0,blank,0,-350,-105,665200,665394,194
105,0,blank,0,-350,-105,665394,665584,190
105,0,blank,0,-350,-105,665584,665753,169
105,0,blank,0,-350,-105,665753,665926,173
105,0,blank,0,-350,-105,665926,666103,177
105,0,blank,0,-350,-105,666103,666273,170
105,0,blank,0,-350,-105,666273,666422,149
105,0,blank,0,-350,-105,666422,666594,172
105,0,blank,0,-350,-105,666594,666766,172
105,0,blank,0,-350,-105,666766,666925,159
105,0,blank,0,-350,-105,666925,667094,169
105,0,blank,0,-350,-105,667094,667288,194
105,0,blank,0,-350,-105,667288,667454,166
105,0,blank,0,-350,-105,667454,667630,176
105,0,blank,0,-350,-105,667630,667781,151
105,0,blank,0,-350,-105,667781,667931,150
105,0,blank,0,-350,-105,667931,668084,153
105,0,blank,0,-350,-105,668084,668276,192
105,0,blank,0,-350,-105,668276,668454,178
105,0,blank,0,-350,-105,668454,668642,188
105,0,blank,0,-350,-105,668642,668797,155
105,0,blank,0,-350,-105,668797,668917,120
105,0,blank,0,-350,-105,668917,669092,175
105,0,blank,0,-350,-105,669092,669237,145
105,0,blank,0,-350,-105,669237,669382,145
105,0,blank,0,-350,-105,669382,669578,196
105,0,blank,0,-350,-105,669578,669870,292
105,0,blank,0,-350,-105,669870,670017,147
105,0,blank,0,-350,-105,670017,670206,189
105,0,blank,0,-350,-105,670206,670370,164
105,0,blank,0,-350,-105,670370,670456,86
105,0,blank,0,-350,-105,670456,670639,183
105,0,blank,0,-350,-105,670639,670763,124
105,0,blank,0,-350,-105,670763,670936,173
105,0,blank,0,-350,-105,670936,671111,175
105,0,blank,0,-350,-105,671111,671287,176
105,0,blank,0,-350,-105,671287,671430,143
105,0,blank,0,-350,-105,671430,671580,150
105,0,blank,0,-350,-105,671580,671745,165
105,0,blank,0,-350,-105,671745,671910,165
105,0,blank,0,-350,-105,671910,672100,190
105,0,blank,0,-350,-105,672100,672299,199
105,0,blank,0,-350,-105,672299,672454,155
105,0,blank,0,-350,-105,672454,672621,167
105,0,blank,0,-350,-105,672621,672815,194
105,0,blank,0,-350,-105,672815,672997,182
105,0,blank,0,-350,-105,672997,673148,151
105,0,blank,0,-350,-105,673148,673296,148
105,0,blank,0,-350,-105,673296,673370,74
105,0,blank,0,-350,-105,673370,673547,177
105,0,blank,0,-350,-105,673547,673735,188
105,0,blank,0,-350,-105,673735,673911,176
105,0,blank,0,-350,-105,673911,674108,197
105,0,blank,0,-350,-105,674108,674303,195
105,0,blank,0,-350,-105,674303,674461,158
105,0,blank,0,-350,-105,674461,674611,150
105,0,blank,0,-350,-105,674611,674787,176
105,0,blank,0,-350,-105,674787,674986,199
105,0,blank,0,-350,-105,674986,675135,149
105,0,blank,0,-350,-105,675135,675285,150
105,0,blank,0,-350,-105,675285,675443,158
105,0,blank,0,-350,-105,675443,675620,177
105,0,blank,0,-350,-105,675620,675791,171
105,0,blank,0,-350,-105,675791,675975,184
105,0,blank,0,-350,-105,675975,676056,81
105,0,blank,0,-350,-105,676056,676365,309
105,0,blank,0,-350,-105,676365,676557,192
105,0,blank,0,-350,-105,676557,676741,184
105,0,blank,0,-350,-105,676741,676892,151
105,0,blank,0,-350,-105,676892,676987,95
105,0,blank,0,-350,-105,676987,677115,128
105,0,blank,0,-350,-105,677115,677335,220
105,0,blank,0,-350,-105,677335,677534,199
105,0,blank,0,-350,-105,677534,677731,197
105,0,blank,0,-350,-105,677731,677925,194
105,0,blank,0,-350,-105,677925,678079,154
105,0,blank,0,-350,-105,678079,678230,151
105,0,blank,0,-350,-105,678230,678380,150
105,0,blank,0,-350,-105,678380,678559,179
105,0,blank,0,-350,-105,678559,678729,170
105,0,blank,0,-350,-105,678729,678905,176
105,0,blank,0,-350,-105,678905,679081,176
105,0,blank,0,-350,-105,679081,679274,193
105,0,blank,0,-350,-105,679274,679471,197
105,0,blank,0,-350,-105,679471,679635,164
105,0,blank,0,-350,-105,679635,679819,184
105,0,blank,0,-350,-105,679819,679898,79
105,0,blank,0,-350,-105,679898,680105,207
105,0,blank,0,-350,-105,680105,680165,60
105,0,blank,0,-350,-105,680165,680549,384
105,0,blank,0,-350,-105,680549,680737,188
105,0,blank,0,-350,-105,680737,680869,132
105,0,blank,0,-350,-105,680869,681041,172
105,0,blank,0,-350,-105,681041,681128,87
105,0,blank,0,-350,-105,681128,681351,223
105,0,blank,0,-350,-105,681351,681501,150
105,0,blank,0,-350,-105,681501,681637,136
105,0,blank,0,-350,-105,681637,681824,187
105,0,blank,0,-350,-105,681824,681925,101
105,0,blank,0,-350,-105,681925,682062,137
105,0,blank,0,-350,-105,682062,682197,135
105,0,blank,0,-350,-105,682197,682381,184
105,0,blank,0,-350,-105,682381,682542,161
105,0,blank,0,-350,-105,682542,682703,161
105,0,blank,0,-350,-105,682703,682889,186
105,0,blank,0,-350,-105,682889,683087,198
105,0,blank,0,-350,-105,683087,683282,195
105,0,blank,0,-350,-105,683282,683460,178
105,0,blank,0,-350,-105,683460,683629,169
105,0,blank,0,-350,-105,683629,683785,156
105,0,blank,0,-350,-105,683785,683936,151
105,0,blank,0,-350,-105,683936,684113,177
105,0,blank,0,-350,-105,684113,684298,185
105,0,blank,0,-350,-105,684298,684461,163
105,0,blank,0,-350,-105,684461,684660,199
105,0,blank,0,-350,-105,684660,684824,164
105,0,blank,0,-350,-105,684824,684988,164
105,0,blank,0,-350,-105,684988,685149,161
105,0,blank,0,-350,-105,685149,685312,163
105,0,blank,0,-350,-105,685312,685484,172
105,0,blank,0,-350,-105,685484,685683,199
105,0,blank,0,-350,-105,685683,685870,187
105,0,blank,0,-350,-105,685870,686064,194
105,0,blank,0,-350,-105,686064,686256,192
105,0,blank,0,-350,-105,686256,686417,161
105,0,blank,0,-350,-105,686417,686597,180
105,0,blank,0,-350,-105,686597,686750,153
105,0,blank,0,-350,-105,686750,686942,192
105,0,blank,0,-350,-105,686942,687103,161
105,0,blank,0,-350,-105,687103,687276,173
105,0,blank,0,-350,-105,687276,687448,172
105,0,blank,0,-350,-105,687448,687589,141
105,0,blank,0,-350,-105,687589,687771,182
105,0,blank,0,-350,-105,687771,687941,170
105,0,blank,0,-350,-105,687941,688127,186
105,0,blank,0,-350,-105,688127,688282,155
105,0,blank,0,-350,-105,688282,688478,196
105,0,blank,0,-350,-105,688478,688674,196
105,0,blank,0,-350,-105,688674,688839,165
105,0,blank,0,-350,-105,688839,689033,194
105,0,blank,0,-350,-105,689033,689210,177
105,0,blank,0,-350,-105,689210,689408,198
105,0,blank,0,-350,-105,689408,689583,175
105,0,blank,0,-350,-105,689583,689763,180
105,0,blank,0,-350,-105,689763,689815,52
105,0,blank,0,-350,-105,689815,690114,299
105,0,blank,0,-350,-105,690114,690456,342
105,0,blank,0,-350,-105,690456,690621,165
105,0,blank,0,-350,-105,690621,690768,147
105,0,blank,0,-350,-105,690768,690944,176
105,0,blank,0,-350,-105,690944,691117,173
105,0,blank,0,-350,-105,691117,691228,111
105,0,blank,0,-350,-105,691228,691393,165
105,0,blank,0,-350,-105,691393,691590,197
105,0,blank,0,-350,-105,691590,691767,177
105,0,blank,0,-350,-105,691767,691939,172
105,0,blank,0,-350,-105,691939,692076,137
105,0,blank,0,-350,-105,692076,692256,180
105,0,blank,0,-350,-105,692256,692442,186
105,0,blank,0,-350,-105,692442,692614,172
105,0,blank,0,-350,-105,692614,692737,123
105,0,blank,0,-350,-105,692737,692891,154
105,0,blank,0,-350,-105,692891,693086,195
105,0,blank,0,-350,-105,693086,693221,135
105,0,blank,0,-350,-105,693221,693419,198
105,0,blank,0,-350,-105,693419,693607,188
105,0,blank,0,-350,-105,693607,693709,102
105,0,blank,0,-350,-105,693709,693880,171
105,0,blank,0,-350,-105,693880,694053,173
105,0,blank,0,-350,-105,694053,694227,174
105,0,blank,0,-350,-105,694227,694405,178
105,0,blank,0,-350,-105,694405,694583,178
105,0,blank,0,-350,-105,694583,694765,182
105,0,blank,0,-350,-105,694765,694941,176
105,0,blank,0,-350,-105,694941,695119,178
105,0,blank,0,-350,-105,695119,695298,179
105,0,blank,0,-350,-105,695298,695449,151
105,0,blank,0,-350,-105,695449,695547,98
105,0,blank,0,-350,-105,695547,695723,176
105,0,blank,0,-350,-105,695723,695902,179
105,0,blank,0,-350,-105,695902,696100,198
105,0,blank,0,-350,-105,696100,696284,184
105,0,blank,0,-350,-105,696284,696463,179
105,0,blank,0,-350,-105,696463,696647,184
105,0,blank,0,-350,-105,696647,696842,195
105,0,blank,0,-350,-105,696842,697034,192
105,0,blank,0,-350,-105,697034,697200,166
105,0,blank,0,-350,-105,697200,697375,175
105,0,blank,0,-350,-105,697375,697550,175
105,0,blank,0,-350,-105,697550,697727,177
105,0,blank,0,-350,-105,697727,697904,177
105,0,blank,0,-350,-105,697904,698087,183
105,0,blank,0,-350,-105,698087,698266,179
105,0,blank,0,-350,-105,698266,698444,178
105,0,blank,0,-350,-105,698444,698614,170
105,0,blank,0,-350,-105,698614,698767,153
105,0,blank,0,-350,-105,698767,698961,194
105,0,blank,0,-350,-105,698961,699133,172
105,0,blank,0,-350,-105,699133,699316,183
105,0,blank,0,-350,-105,699316,699376,60
105,0,blank,0,-350,-105,699376,699528,152
105,0,blank,0,-350,-105,699528,699674,146
105,0,blank,0,-350,-105,699674,699860,186
105,0,blank,0,-350,-105,699860,700044,184
105,0,blank,0,-350,-105,700044,700222,178
105,0,blank,0,-350,-105,700222,700398,176
105,0,blank,0,-350,-105,700398,700581,183
105,0,blank,0,-350,-105,700581,700759,178
105,0,blank,0,-350,-105,700759,700937,178
105,0,blank,0,-350,-105,700937,701132,195
105,0,blank,0,-350,-105,701132,701317,185
105,0,blank,0,-350,-105,701317,701923,606
105,0,blank,0,-350,-105,701923,702160,237
105,0,blank,0,-350,-105,702160,702334,174
105,0,blank,0,-350,-105,702334,702508,174
105,0,blank,0,-350,-105,702508,702664,156
105,0,blank,0,-350,-105,702664,702765,101
105,0,blank,0,-350,-105,702765,702947,182
105,0,blank,0,-350,-105,702947,703132,185
105,0,blank,0,-350,-105,703132,703314,182
105,0,blank,0,-350,-105,703314,703488,174
105,0,blank,0,-350,-105,703488,703662,174
105,0,blank,0,-350,-105,703662,703837,175
105,0,blank,0,-350,-105,703837,703959,122
105,0,blank,0,-350,-105,703959,704215,256
105,0,blank,0,-350,-105,704215,704431,216
105,0,blank,0,-350,-105,704431,704705,274
105,0,blank,0,-350,-105,704705,704880,175
105,0,blank,0,-350,-105,704880,705057,177
105,0,blank,0,-350,-105,705057,705234,177
105,0,blank,0,-350,-105,705234,705419,185
105,0,blank,0,-350,-105,705419,705578,159
105,0,blank,0,-350,-105,705578,705842,264
105,0,blank,0,-350,-105,705842,705942,100
105,0,blank,0,-350,-105,705942,706125,183
105,0,blank,0,-350,-105,706125,706304,179
105,0,blank,0,-350,-105,706304,706366,62
105,0,blank,0,-350,-105,706366,706555,189
105,0,blank,0,-350,-105,706555,706682,127
105,0,blank,0,-350,-105,706682,706800,118
105,0,blank,0,-350,-105,706800,706983,183
105,0,blank,0,-350,-105,706983,707161,178
105,0,blank,0,-350,-105,707161,707310,149
105,0,blank,0,-350,-105,707310,707429,119
105,0,blank,0,-350,-105,707429,707756,327
105,0,blank,0,-350,-105,707756,707946,190
105,0,blank,0,-350,-105,707946,708123,177
105,0,blank,0,-350,-105,708123,708248,125
105,0,blank,0,-350,-105,708248,708501,253
105,0,blank,0,-350,-105,708501,708745,244
105,0,blank,0,-350,-105,708745,709006,261
105,0,blank,0,-350,-105,709006,709082,76
105,0,blank,0,-350,-105,709082,709387,305
105,0,blank,0,-350,-105,709387,709523,136
105,0,blank,0,-350,-105,709523,709612,89
105,0,blank,0,-350,-105,709612,709811,199
105,0,blank,0,-350,-105,709811,709988,177
105,0,blank,0,-350,-105,709988,710165,177
105,0,blank,0,-350,-105,710165,710344,179
105,0,blank,0,-350,-105,710344,710508,164
105,0,blank,0,-350,-105,710508,710702,194
105,0,blank,0,-350,-105,710702,710854,152
105,0,blank,0,-350,-105,710854,711044,190
105,0,blank,0,-350,-105,711044,711232,188
105,0,blank,0,-350,-105,711232,711406,174
105,0,blank,0,-350,-105,711406,711582,176
105,0,blank,0,-350,-105,711582,711761,179
105,0,blank,0,-350,-105,711761,711939,178
105,0,blank,0,-350,-105,711939,712117,178
105,0,blank,0,-350,-105,712117,712304,187
105,0,blank,0,-350,-105,712304,712483,179
105,0,blank,0,-350,-105,712483,712663,180
105,0,blank,0,-350,-105,712663,712848,185
105,0,blank,0,-350,-105,712848,713031,183
105,0,blank,0,-350,-105,713031,713126,95
105,0,blank,0,-350,-105,713126,713289,163
105,0,blank,0,-350,-105,713289,713439,150
105,0,blank,0,-350,-105,713439,713610,171
105,0,blank,0,-350,-105,713610,713697,87
105,0,blank,0,-350,-105,713697,713901,204
105,0,blank,0,-350,-105,713901,714087,186
105,0,blank,0,-350,-105,714087,714271,184
105,0,blank,0,-350,-105,714910,714968,58
105,0,blank,0,-350,-105,714968,715225,257
105,0,blank,0,-350,-105,715225,715480,255
105,0,blank,0,-350,-105,715480,715548,68
105,0,blank,0,-350,-105,715548,715739,191
105,0,blank,0,-350,-105,715739,715794,55
