Frameno_fix,lineno_fix,Tokenname_fix,tokens_id,gaze_X_fix,gaze_Y_fix,timestamp_fix_start,timestamp_fix_end,time_duration
100,0,blank,0,41.112,-46.9938,3677,3850,173
100,0,blank,0,40.4457833333333,-51.6691166666667,3850,4024,174
100,0,blank,0,38.4199,-42.03915,4024,4082,58
100,11,(,88,106.9727,236.226166666667,4139,4316,177
100,11,(,88,107.34595,228.1288,4316,4374,58
100,0,blank,0,449.666883333333,71.6891333333333,4403,4580,177
100,0,blank,0,455.1426,78.0831,4580,4609,29
100,0,blank,0,69.3397571428571,74.5441428571429,4667,4865,198
100,0,blank,0,67.4332666666667,72.289,4865,5064,199
100,0,blank,0,-6.90499999999997,65.9348,5064,5173,109
100,0,blank,0,395.582666666667,44.0923333333333,5351,5529,178
100,0,blank,0,489.8182,18.9414333333333,5529,5702,173
100,0,blank,0,488.233385714286,33.8074857142857,5702,5900,198
100,0,blank,0,477.50488,30.79374,5900,6046,146
100,2,<,15,92.9266666666667,30.17445,6072,6245,173
100,1,program,4,92.5176333333333,22.9508666666667,6245,6417,172
100,2,<,15,92.6836666666667,29.1483,6417,6590,173
100,0,blank,0,49.5583,45.9457833333333,6590,6765,175
100,3,int,23,27.0565,59.5397,6765,6794,29
100,0,blank,0,785.235166666667,-103.958516666667,6882,7060,178
100,0,blank,0,797.954,-103.9624,7060,7118,58
100,0,blank,0,-323,-105,7147,7202,55
100,15,binary_number,102,116.2679,322.1617,7227,7252,25
100,0,blank,0,95.3522142857143,149.363671428571,7302,7494,192
100,0,blank,0,100.02965,154.7526,7494,7613,119
100,2,<,15,92.7346166666667,35.7499333333333,7644,7820,176
100,2,stdio,16,95.07645,36.2468,7820,7997,177
100,0,blank,0,580.08606,-103.96484,8087,8241,154
100,0,blank,0,113.26405,112.36255,8492,8553,61
100,1,recursion,12,536.794766666667,7.68783333333334,8611,8795,184
100,1,recursion,12,527.224333333333,17.69375,8795,8974,179
100,0,blank,0,492.420916666667,13.88505,8974,9154,180
100,0,blank,0,40.6903,136.330633333333,9214,9305,91
100,0,blank,0,-323,-105,9336,9419,83
100,7,int,35,68.31626,136.5734,9518,9658,140
100,0,blank,0,31.5299666666667,46.4683166666667,9688,9869,181
100,3,binary_to_gray,21,64.0565333333333,47.3136333333333,9869,10046,177
100,3,binary_to_gray,21,64.5930333333333,62.504,10046,10224,178
100,3,binary_to_gray,21,50.0053833333333,67.1684333333333,10224,10398,174
100,0,blank,0,118.961466666667,70.4937333333333,10398,10575,177
100,3,binary_to_gray,21,51.6318833333333,52.9356833333333,10575,10751,176
100,3,binary_to_gray,21,44.3653,51.0937166666667,10751,10929,178
100,3,binary_to_gray,21,45.0607,61.13355,10929,11105,176
100,3,binary_to_gray,21,130.3176,60.9363166666667,11105,11283,178
100,3,binary_to_gray,21,128.744516666667,67.2709333333333,11283,11461,178
100,3,binary_to_gray,21,65.4835333333333,48.7843,11461,11642,181
100,3,binary_to_gray,21,108.833216666667,61.5033666666667,11642,11820,178
100,3,binary_to_gray,21,103.011316666667,57.1403666666667,11820,11996,176
100,3,binary_to_gray,21,60.7760666666667,53.6345833333333,11996,12171,175
100,2,stdio,16,98.7061166666667,36.2277333333333,12171,12346,175
100,0,blank,0,90.2356833333333,45.5375833333333,12346,12522,176
100,3,binary_to_gray,21,80.89055,52.93225,12522,12639,117
100,0,blank,0,-323,-105,12669,12723,54
100,7,a,36,83.1882,141.7671,12748,12774,26
100,0,blank,0,72.1073142857143,79.4788857142857,12823,13015,192
100,3,binary_to_gray,21,118.943233333333,57.91785,13015,13193,178
100,0,blank,0,96.9154833333333,68.0504833333333,13193,13375,182
100,0,blank,0,40.1034833333333,85.2057666666667,13375,13556,181
100,0,blank,0,141.13045,90.9418166666667,13556,13732,176
100,0,blank,0,121.593183333333,109.443733333333,13732,13907,175
100,5,if,27,51.7417166666667,99.60015,13907,14081,174
100,0,blank,0,83.6586833333333,89.0299833333333,14081,14253,172
100,0,blank,0,98.2606166666667,77.6389666666667,14253,14430,177
100,0,blank,0,117.632683333333,104.63625,14430,14607,177
100,0,blank,0,121.6956,99.7532666666667,14607,14789,182
100,0,blank,0,60.8218166666667,123.437233333333,14789,14977,188
100,0,blank,0,66.5977,112.94305,14977,15041,64
100,0,blank,0,-323,-105,15179,15378,199
100,0,blank,0,-323,-105,15378,15577,199
100,0,blank,0,-323,-105,15577,15776,199
100,0,blank,0,-323,-105,15776,15954,178
100,0,blank,0,-323,-105,15954,16133,179
100,0,blank,0,-323,-105,16133,16314,181
100,0,blank,0,-323,-105,16314,16494,180
100,0,blank,0,-323,-105,16494,16533,39
100,0,blank,0,77.5436166666667,131.370983333333,16578,16761,183
100,8,=,44,110.210766666667,175.0019,16761,16932,171
100,0,blank,0,95.8398,177.848142857143,16932,17129,197
100,9,if,53,61.9377857142857,180.808528571429,17129,17327,198
100,0,blank,0,40.574,189.50962,17327,17466,139
100,0,blank,0,-323,-105,17495,17574,79
100,0,blank,0,81.7119,166.3188,17599,17637,38
100,0,blank,0,97.1223142857143,170.275757142857,17698,17888,190
100,9,&&,65,126.4222,184.54775,17888,18060,172
100,9,&&,65,144.405485714286,185.555542857143,18060,18259,199
100,0,blank,0,194.33695,207.713966666667,18259,18433,174
100,0,blank,0,122.270166666667,208.63395,18433,18608,175
100,0,blank,0,107.665366666667,200.0557,18608,18783,175
100,9,if,53,71.7679,195.01795,18783,18958,175
100,9,if,53,69.4551666666667,188.514383333333,18958,19134,176
100,0,blank,0,114.549533333333,181.025466666667,19134,19308,174
100,9,&&,65,154.409666666667,184.4789,19308,19483,175
100,9,&&,65,144.3174,189.1383,19483,19572,89
100,0,blank,0,-323,-105,19660,19760,100
100,0,blank,0,183.950928571429,182.227957142857,19786,19973,187
100,9,&&,65,139.452716666667,183.597916666667,19973,20147,174
100,0,blank,0,97.5518,205.168116666667,20147,20321,174
100,0,blank,0,71.31255,201.234433333333,20321,20492,171
100,0,blank,0,83.8190333333333,213.075516666667,20492,20666,174
100,0,blank,0,118.95635,181.1166,20666,20724,58
100,0,blank,0,-323,-105,20753,20807,54
100,0,blank,0,118.0361,170.1722,20832,20857,25
100,0,blank,0,119.6222,174.069042857143,20908,21095,187
100,8,10,51,174.654216666667,170.121016666667,21095,21270,175
100,10,(,76,195.685783333333,211.530266666667,21270,21443,173
100,9,!,63,165.749128571429,192.885985714286,21443,21642,199
100,10,return,69,125.44875,209.68545,21642,21699,57
100,0,blank,0,-323,-105,21727,21830,103
100,10,return,69,144.424257142857,210.427728571429,21906,22093,187
100,9,),68,194.816983333333,198.175566666667,22093,22288,195
100,0,blank,0,85.5634333333333,249.515633333333,22317,22489,172
100,0,blank,0,119.440516666667,219.854283333333,22489,22661,172
100,0,blank,0,121.34675,256.636583333333,22661,22833,172
100,11,binary_to_gray,87,183.831,225.949033333333,22833,23006,173
100,0,blank,0,201.8592,222.298575,23006,23121,115
100,0,blank,0,-323,-105,23179,23230,51
100,0,blank,0,94.3232,395.778,23255,23280,25
100,0,blank,0,103.217757142857,219.658971428571,23330,23517,187
100,11,(,88,105.308716666667,228.095983333333,23517,23690,173
100,0,blank,0,-323,-105,23747,23848,101
100,9,if,53,61.3184,182.9118,23873,23908,35
100,0,blank,0,56.9014166666667,155.615566666667,23968,24140,172
100,0,blank,0,120.0366,152.896716666667,24140,24331,191
100,9,!,63,163.54608,190.57586,24331,24493,162
100,0,blank,0,104.31992,178.0376,24493,24661,168
100,9,if,53,62.7022833333333,183.808666666667,24661,24851,190
100,0,blank,0,124.32542,166.5544,24851,25009,158
100,0,blank,0,-323,-105,25074,25267,193
100,0,blank,0,-323,-105,25267,25479,212
100,0,blank,0,-323,-105,25479,25641,162
100,0,blank,0,-323,-105,25641,25815,174
100,0,blank,0,-323,-105,25815,26008,193
100,0,blank,0,-323,-105,26008,26185,177
100,0,blank,0,-323,-105,26185,26362,177
100,0,blank,0,-323,-105,26362,26537,175
100,0,blank,0,-323,-105,26537,26717,180
100,0,blank,0,-323,-105,26717,26895,178
100,0,blank,0,-323,-105,26895,27071,176
100,0,blank,0,-323,-105,27071,27250,179
100,0,blank,0,-323,-105,27250,27429,179
100,0,blank,0,-323,-105,27429,27609,180
100,0,blank,0,-323,-105,27609,27799,190
100,0,blank,0,-323,-105,27799,27980,181
100,0,blank,0,-323,-105,27980,28156,176
100,0,blank,0,-323,-105,28156,28331,175
100,0,blank,0,-323,-105,28331,28506,175
100,0,blank,0,-323,-105,28506,28683,177
100,0,blank,0,-323,-105,28683,28865,182
100,0,blank,0,-323,-105,28865,29044,179
100,0,blank,0,-323,-105,29044,29224,180
100,0,blank,0,-323,-105,29224,29405,181
100,0,blank,0,-323,-105,29405,29456,51
100,0,blank,0,-323,-105,29456,29762,306
100,0,blank,0,-323,-105,29762,30075,313
100,0,blank,0,-323,-105,30075,30269,194
100,0,blank,0,-323,-105,30269,30467,198
100,0,blank,0,-323,-105,30467,30643,176
100,0,blank,0,-323,-105,30643,30824,181
100,0,blank,0,-323,-105,30824,30999,175
100,0,blank,0,-323,-105,30999,31162,163
100,0,blank,0,-323,-105,31162,31199,37
100,0,blank,0,-323,-105,31199,31446,247
100,0,blank,0,-323,-105,31446,31703,257
100,0,blank,0,-323,-105,31703,31965,262
100,0,blank,0,-323,-105,31965,32149,184
100,0,blank,0,-323,-105,32149,32328,179
100,0,blank,0,-323,-105,32328,32510,182
100,0,blank,0,-323,-105,32510,32696,186
100,0,blank,0,-323,-105,32696,32848,152
100,0,blank,0,-323,-105,32848,33047,199
100,0,blank,0,-323,-105,33047,33350,303
100,0,blank,0,-323,-105,33350,33647,297
100,0,blank,0,-323,-105,33647,33824,177
100,0,blank,0,-323,-105,33824,34001,177
100,0,blank,0,-323,-105,34001,34176,175
100,0,blank,0,-323,-105,34176,34351,175
100,0,blank,0,-323,-105,34351,34534,183
100,0,blank,0,-323,-105,34534,34710,176
100,0,blank,0,-323,-105,34710,34896,186
100,0,blank,0,-323,-105,34896,35078,182
100,0,blank,0,-323,-105,35078,35407,329
100,0,blank,0,-323,-105,35407,35731,324
100,0,blank,0,-323,-105,35731,35911,180
100,0,blank,0,-323,-105,35911,36092,181
100,0,blank,0,-323,-105,36092,36271,179
100,0,blank,0,-323,-105,36271,36392,121
100,0,blank,0,-323,-105,36392,36585,193
100,0,blank,0,-323,-105,36585,36682,97
100,0,blank,0,-323,-105,36682,36850,168
100,0,blank,0,-323,-105,36850,37034,184
100,0,blank,0,-323,-105,37034,37064,30
100,0,blank,0,-323,-105,37064,37272,208
100,0,blank,0,-323,-105,37272,37476,204
100,0,blank,0,-323,-105,37476,37673,197
100,0,blank,0,-323,-105,37673,37774,101
100,0,blank,0,-323,-105,37774,37933,159
100,0,blank,0,-323,-105,37933,38058,125
100,0,blank,0,-323,-105,38058,38165,107
100,0,blank,0,-323,-105,38165,38337,172
100,0,blank,0,-323,-105,38337,38517,180
100,0,blank,0,-323,-105,38517,38676,159
100,0,blank,0,-323,-105,38676,38844,168
100,0,blank,0,-323,-105,38844,39001,157
100,0,blank,0,-323,-105,39001,39097,96
100,0,blank,0,-323,-105,39097,39290,193
100,0,blank,0,-323,-105,39290,39444,154
100,0,blank,0,-323,-105,39444,39631,187
100,0,blank,0,-323,-105,39631,39691,60
100,0,blank,0,-323,-105,39691,39834,143
100,0,blank,0,-323,-105,39834,39996,162
100,0,blank,0,-323,-105,39996,40149,153
100,0,blank,0,-323,-105,40149,40330,181
100,0,blank,0,-323,-105,40330,40517,187
100,0,blank,0,-323,-105,40517,40767,250
100,0,blank,0,-323,-105,40767,41011,244
100,0,blank,0,-323,-105,41011,41188,177
100,0,blank,0,-323,-105,41188,41365,177
100,0,blank,0,-323,-105,41365,41542,177
100,0,blank,0,-323,-105,41542,41721,179
100,0,blank,0,-323,-105,41721,41816,95
100,0,blank,0,-323,-105,41816,42001,185
100,0,blank,0,-323,-105,42001,42185,184
100,0,blank,0,-323,-105,42185,42376,191
100,0,blank,0,-323,-105,42376,42556,180
100,0,blank,0,-323,-105,42556,42732,176
100,0,blank,0,-323,-105,42732,42896,164
100,0,blank,0,-323,-105,42896,43068,172
100,0,blank,0,-323,-105,43068,43239,171
100,0,blank,0,-323,-105,43239,43415,176
100,0,blank,0,-323,-105,43415,43593,178
100,0,blank,0,-323,-105,43593,43773,180
100,0,blank,0,-323,-105,43773,43949,176
100,0,blank,0,-323,-105,43949,44125,176
100,0,blank,0,-323,-105,44125,44301,176
100,0,blank,0,-323,-105,44301,44479,178
100,0,blank,0,-323,-105,44479,44657,178
100,0,blank,0,-323,-105,44657,44842,185
100,0,blank,0,-323,-105,44842,45026,184
100,0,blank,0,-323,-105,45026,45208,182
100,0,blank,0,-323,-105,45208,45387,179
100,0,blank,0,-323,-105,45387,45561,174
100,0,blank,0,-323,-105,45561,45735,174
100,0,blank,0,-323,-105,45735,45926,191
100,0,blank,0,-323,-105,45926,46102,176
100,0,blank,0,-323,-105,46102,46257,155
100,0,blank,0,-323,-105,46257,46431,174
100,0,blank,0,-323,-105,46431,46613,182
100,0,blank,0,-323,-105,46613,46794,181
100,0,blank,0,-323,-105,46794,46977,183
100,0,blank,0,-323,-105,46977,47176,199
100,0,blank,0,-323,-105,47176,47330,154
100,0,blank,0,-323,-105,47330,47499,169
100,0,blank,0,-323,-105,47499,47683,184
100,0,blank,0,-323,-105,47683,47859,176
100,0,blank,0,-323,-105,47859,48040,181
100,0,blank,0,-323,-105,48040,48218,178
100,0,blank,0,-323,-105,48218,48395,177
100,0,blank,0,-323,-105,48395,48572,177
100,0,blank,0,-323,-105,48572,48750,178
100,0,blank,0,-323,-105,48750,48946,196
100,0,blank,0,-323,-105,48946,49129,183
100,0,blank,0,-323,-105,49129,49314,185
100,0,blank,0,-323,-105,49314,49496,182
100,0,blank,0,-323,-105,49496,49679,183
100,0,blank,0,-323,-105,49679,49858,179
100,0,blank,0,-323,-105,49858,49958,100
100,0,blank,0,-323,-105,49958,50102,144
100,0,blank,0,-323,-105,50102,50220,118
100,0,blank,0,-323,-105,50220,50391,171
100,0,blank,0,-323,-105,50391,50559,168
100,0,blank,0,-323,-105,50559,50729,170
100,0,blank,0,-323,-105,50729,50905,176
100,0,blank,0,-323,-105,50905,51036,131
100,0,blank,0,-323,-105,51036,51191,155
100,0,blank,0,-323,-105,51191,51364,173
100,0,blank,0,-323,-105,51364,51593,229
100,0,blank,0,-323,-105,51593,51621,28
100,0,blank,0,-323,-105,51621,51837,216
100,0,blank,0,-323,-105,51837,52002,165
100,0,blank,0,-323,-105,52002,52113,111
100,0,blank,0,-323,-105,52113,52312,199
100,0,blank,0,-323,-105,52312,52496,184
100,0,blank,0,-323,-105,52496,52672,176
100,0,blank,0,-323,-105,52672,52728,56
100,0,blank,0,-323,-105,52728,52905,177
100,0,blank,0,-323,-105,52905,53073,168
100,0,blank,0,-323,-105,53073,53220,147
100,0,blank,0,-323,-105,53220,53416,196
100,0,blank,0,-323,-105,53416,53585,169
100,0,blank,0,-323,-105,53585,53654,69
100,0,blank,0,-323,-105,53654,53828,174
100,0,blank,0,-323,-105,53828,54012,184
100,0,blank,0,-323,-105,54012,54202,190
100,0,blank,0,-323,-105,54202,54386,184
100,0,blank,0,-323,-105,54386,54448,62
100,0,blank,0,-323,-105,54448,54626,178
100,0,blank,0,-323,-105,54626,54766,140
100,0,blank,0,-323,-105,54766,54898,132
100,0,blank,0,-323,-105,54898,55069,171
100,0,blank,0,-323,-105,55069,55187,118
100,0,blank,0,-323,-105,55187,55366,179
100,0,blank,0,-323,-105,55366,55558,192
100,0,blank,0,-323,-105,55558,55754,196
100,0,blank,0,-323,-105,55754,55889,135
100,0,blank,0,-323,-105,55889,55999,110
100,0,blank,0,-323,-105,55999,56183,184
100,0,blank,0,-323,-105,56183,56257,74
100,0,blank,0,-323,-105,56257,56513,256
100,0,blank,0,-323,-105,56513,56767,254
100,0,blank,0,-323,-105,56767,57021,254
100,0,blank,0,-323,-105,57021,57195,174
100,0,blank,0,-323,-105,57195,57375,180
100,0,blank,0,-323,-105,57375,57569,194
100,0,blank,0,-323,-105,57569,57761,192
100,0,blank,0,-323,-105,57761,57936,175
100,0,blank,0,-323,-105,57936,58113,177
100,0,blank,0,-323,-105,58113,58312,199
100,0,blank,0,-323,-105,58312,58424,112
100,0,blank,0,-323,-105,58424,58592,168
100,0,blank,0,-323,-105,58592,58713,121
100,0,blank,0,-323,-105,58713,58894,181
100,0,blank,0,-323,-105,58894,59075,181
100,0,blank,0,-323,-105,59075,59250,175
100,0,blank,0,-323,-105,59250,59430,180
100,0,blank,0,-323,-105,59430,59610,180
100,0,blank,0,-323,-105,59610,59788,178
100,0,blank,0,-323,-105,59788,59965,177
100,0,blank,0,-323,-105,59965,60148,183
100,0,blank,0,-323,-105,60148,60330,182
100,0,blank,0,-323,-105,60330,60506,176
100,0,blank,0,-323,-105,60506,60686,180
100,0,blank,0,-323,-105,60686,60858,172
100,0,blank,0,-323,-105,60858,61042,184
100,0,blank,0,-323,-105,61042,61226,184
100,0,blank,0,-323,-105,61226,61398,172
100,0,blank,0,-323,-105,61398,61595,197
100,0,blank,0,-323,-105,61595,61781,186
100,0,blank,0,-323,-105,61781,61966,185
100,0,blank,0,-323,-105,61966,62155,189
100,0,blank,0,-323,-105,62155,62356,201
100,0,blank,0,-323,-105,62356,62552,196
100,0,blank,0,-323,-105,62552,62837,285
100,0,blank,0,-323,-105,62837,63011,174
100,0,blank,0,-323,-105,63011,63194,183
100,0,blank,0,-323,-105,63194,63374,180
100,0,blank,0,-323,-105,63374,63549,175
100,0,blank,0,-323,-105,63549,63744,195
100,0,blank,0,-323,-105,63744,63913,169
100,0,blank,0,-323,-105,63913,64000,87
100,0,blank,0,-323,-105,64000,64216,216
100,0,blank,0,-323,-105,64216,64258,42
100,0,blank,0,-323,-105,64258,64465,207
100,0,blank,0,-323,-105,64465,64661,196
100,0,blank,0,-323,-105,64661,64835,174
100,0,blank,0,-323,-105,64835,65000,165
100,0,blank,0,-323,-105,65000,65178,178
100,0,blank,0,-323,-105,65178,65361,183
100,0,blank,0,-323,-105,65361,65474,113
100,0,blank,0,-323,-105,65474,65658,184
100,0,blank,0,-323,-105,65658,65851,193
100,0,blank,0,-323,-105,65851,66032,181
100,0,blank,0,-323,-105,66032,66212,180
100,0,blank,0,-323,-105,66212,66391,179
100,0,blank,0,-323,-105,66391,66500,109
100,0,blank,0,-323,-105,66500,66756,256
100,0,blank,0,-323,-105,66756,66920,164
100,0,blank,0,-323,-105,66920,67115,195
100,0,blank,0,-323,-105,67115,67277,162
100,0,blank,0,-323,-105,67277,67464,187
100,0,blank,0,-323,-105,67464,67647,183
100,0,blank,0,-323,-105,67647,67821,174
100,0,blank,0,-323,-105,67821,67997,176
100,0,blank,0,-323,-105,67997,68171,174
100,0,blank,0,-323,-105,68171,68360,189
100,0,blank,0,-323,-105,68360,68536,176
100,0,blank,0,-323,-105,68536,68661,125
100,0,blank,0,-323,-105,68661,68845,184
100,0,blank,0,-323,-105,68845,69032,187
100,0,blank,0,-323,-105,69032,69197,165
100,0,blank,0,-323,-105,69197,69232,35
100,0,blank,0,-323,-105,69232,69407,175
100,0,blank,0,-323,-105,69407,69579,172
100,0,blank,0,-323,-105,69579,69708,129
100,0,blank,0,-323,-105,69708,69852,144
100,0,blank,0,-323,-105,69852,70060,208
100,0,blank,0,-323,-105,70060,70251,191
100,0,blank,0,-323,-105,70251,70430,179
100,0,blank,0,-323,-105,70430,70606,176
100,0,blank,0,-323,-105,70606,70666,60
100,0,blank,0,-323,-105,70666,70817,151
100,0,blank,0,-323,-105,70817,70970,153
100,0,blank,0,-323,-105,70970,71109,139
100,0,blank,0,-323,-105,71109,71285,176
100,0,blank,0,-323,-105,71285,71466,181
100,0,blank,0,-323,-105,71466,71645,179
100,0,blank,0,-323,-105,71645,71831,186
100,0,blank,0,-323,-105,71831,72011,180
100,0,blank,0,-323,-105,72011,72193,182
100,0,blank,0,-323,-105,72193,72376,183
100,0,blank,0,-323,-105,72376,72447,71
100,0,blank,0,-323,-105,72447,72712,265
100,0,blank,0,-323,-105,72712,72906,194
100,0,blank,0,-323,-105,72906,73080,174
100,0,blank,0,-323,-105,73080,73270,190
100,0,blank,0,-323,-105,73270,73451,181
100,0,blank,0,-323,-105,73451,73629,178
100,0,blank,0,-323,-105,73629,73809,180
100,0,blank,0,-323,-105,73809,74008,199
100,0,blank,0,-323,-105,74008,74180,172
100,0,blank,0,-323,-105,74180,74322,142
100,0,blank,0,-323,-105,74322,74467,145
100,0,blank,0,-323,-105,74467,74654,187
100,0,blank,0,-323,-105,74654,74837,183
100,0,blank,0,-323,-105,74837,75005,168
100,0,blank,0,-323,-105,75005,75177,172
100,0,blank,0,-323,-105,75177,75350,173
100,0,blank,0,-323,-105,75350,75545,195
100,0,blank,0,-323,-105,75545,75727,182
100,0,blank,0,-323,-105,75727,75923,196
100,0,blank,0,-323,-105,75923,76093,170
100,0,blank,0,-323,-105,76093,76288,195
100,0,blank,0,-323,-105,76288,76478,190
100,0,blank,0,-323,-105,76478,76671,193
100,0,blank,0,-323,-105,76671,76867,196
100,0,blank,0,-323,-105,76867,77058,191
100,0,blank,0,-323,-105,77058,77246,188
100,0,blank,0,-323,-105,77246,77443,197
100,0,blank,0,-323,-105,77443,77639,196
100,0,blank,0,-323,-105,77639,77812,173
100,0,blank,0,-323,-105,77812,78008,196
100,0,blank,0,-323,-105,78008,78206,198
100,0,blank,0,-323,-105,78206,78399,193
100,0,blank,0,-323,-105,78399,78593,194
100,0,blank,0,-323,-105,78593,78762,169
100,0,blank,0,-323,-105,78762,78922,160
100,0,blank,0,-323,-105,78922,79115,193
100,0,blank,0,-323,-105,79115,79313,198
100,0,blank,0,-323,-105,79313,79489,176
100,0,blank,0,-323,-105,79489,79661,172
100,0,blank,0,-323,-105,79661,79860,199
100,0,blank,0,-323,-105,79860,80054,194
100,0,blank,0,-323,-105,80054,80253,199
100,0,blank,0,-323,-105,80253,80442,189
100,0,blank,0,-323,-105,80442,80523,81
100,0,blank,0,-323,-105,80523,80651,128
100,0,blank,0,-323,-105,80651,80760,109
100,0,blank,0,-323,-105,80760,80894,134
100,0,blank,0,-323,-105,80894,81016,122
100,0,blank,0,-323,-105,81016,81166,150
100,0,blank,0,-323,-105,81166,81268,102
100,0,blank,0,-323,-105,81268,81575,307
100,0,blank,0,-323,-105,81575,81765,190
100,0,blank,0,-323,-105,81765,81941,176
100,0,blank,0,-323,-105,81941,82115,174
100,0,blank,0,-323,-105,82115,82292,177
100,0,blank,0,-323,-105,82292,82469,177
100,0,blank,0,-323,-105,82469,82645,176
100,0,blank,0,-323,-105,82645,82829,184
100,0,blank,0,-323,-105,82829,82985,156
100,0,blank,0,-323,-105,82985,83107,122
100,0,blank,0,-323,-105,83107,83222,115
100,0,blank,0,-323,-105,83222,83373,151
100,0,blank,0,-323,-105,83373,83552,179
100,0,blank,0,-323,-105,83552,83750,198
100,0,blank,0,-323,-105,83750,83933,183
100,0,blank,0,-323,-105,83933,84111,178
100,0,blank,0,-323,-105,84111,84309,198
100,0,blank,0,-323,-105,84309,84486,177
100,0,blank,0,-323,-105,84486,84650,164
100,0,blank,0,-323,-105,84650,84807,157
100,0,blank,0,-323,-105,84807,84951,144
100,0,blank,0,-323,-105,84951,85133,182
100,0,blank,0,-323,-105,85133,85312,179
100,0,blank,0,-323,-105,85312,85489,177
100,0,blank,0,-323,-105,85489,85670,181
100,0,blank,0,-323,-105,85670,85689,19
100,0,blank,0,-323,-105,85689,85901,212
100,0,blank,0,-323,-105,85901,86133,232
100,0,blank,0,-323,-105,86133,86418,285
100,0,blank,0,-323,-105,86418,86597,179
100,0,blank,0,-323,-105,86597,86773,176
100,0,blank,0,-323,-105,86773,86964,191
100,0,blank,0,-323,-105,86964,87114,150
100,0,blank,0,-323,-105,87114,87300,186
100,0,blank,0,-323,-105,87300,87480,180
100,0,blank,0,-323,-105,87480,87657,177
100,0,blank,0,-323,-105,87657,87835,178
100,0,blank,0,-323,-105,87835,88015,180
100,0,blank,0,-323,-105,88015,88195,180
100,0,blank,0,-323,-105,88195,88336,141
100,0,blank,0,-323,-105,88336,88428,92
100,0,blank,0,-323,-105,88428,88612,184
100,0,blank,0,-323,-105,88612,88794,182
100,0,blank,0,-323,-105,88794,89122,328
100,0,blank,0,-323,-105,89122,89175,53
100,0,blank,0,-323,-105,89175,89404,229
100,0,blank,0,-323,-105,89404,89621,217
100,0,blank,0,-323,-105,89621,89802,181
100,0,blank,0,-323,-105,89802,89977,175
100,0,blank,0,-323,-105,89977,90153,176
100,0,blank,0,-323,-105,90153,90328,175
100,0,blank,0,-323,-105,90328,90505,177
100,0,blank,0,-323,-105,90505,90687,182
100,0,blank,0,-323,-105,90687,90843,156
100,0,blank,0,-323,-105,90843,91065,222
100,0,blank,0,-323,-105,91065,91253,188
100,0,blank,0,-323,-105,91253,91414,161
100,0,blank,0,-323,-105,91414,91619,205
100,0,blank,0,-323,-105,91619,91830,211
100,0,blank,0,-323,-105,91830,92025,195
100,0,blank,0,-323,-105,92025,92163,138
100,0,blank,0,-323,-105,92163,92263,100
100,0,blank,0,-323,-105,92263,92433,170
100,0,blank,0,-323,-105,92433,92609,176
100,0,blank,0,-323,-105,92609,92711,102
100,0,blank,0,-323,-105,92711,92891,180
100,0,blank,0,-323,-105,92891,93081,190
100,0,blank,0,-323,-105,93081,93275,194
100,0,blank,0,-323,-105,93275,93465,190
100,0,blank,0,-323,-105,93465,93687,222
100,0,blank,0,-323,-105,93687,93864,177
100,0,blank,0,-323,-105,93864,94056,192
100,0,blank,0,-323,-105,94056,94235,179
100,0,blank,0,-323,-105,94235,94410,175
100,0,blank,0,-323,-105,94410,94585,175
100,0,blank,0,-323,-105,94585,94760,175
100,0,blank,0,-323,-105,94760,94936,176
100,0,blank,0,-323,-105,94936,95117,181
100,0,blank,0,-323,-105,95117,95296,179
100,0,blank,0,-323,-105,95296,95474,178
100,0,blank,0,-323,-105,95474,95628,154
100,0,blank,0,-323,-105,95628,95714,86
100,0,blank,0,-323,-105,95714,96353,639
100,0,blank,0,-323,-105,96353,96525,172
100,0,blank,0,-323,-105,96525,96694,169
100,0,blank,0,-323,-105,96694,96877,183
100,0,blank,0,-323,-105,96877,97063,186
100,0,blank,0,-323,-105,97063,97103,40
100,0,blank,0,-323,-105,97103,97358,255
100,0,blank,0,-323,-105,97358,97430,72
100,0,blank,0,-323,-105,97430,97982,552
100,0,blank,0,-323,-105,97982,98167,185
100,0,blank,0,-323,-105,98167,98219,52
100,0,blank,0,-323,-105,98219,98465,246
100,0,blank,0,-323,-105,98465,98783,318
100,0,blank,0,-323,-105,98783,98917,134
100,0,blank,0,-323,-105,98917,99107,190
100,0,blank,0,-323,-105,99107,99282,175
100,0,blank,0,-323,-105,99282,99422,140
100,0,blank,0,-323,-105,99422,99676,254
100,0,blank,0,-323,-105,99676,99930,254
100,0,blank,0,-323,-105,99930,100184,254
100,0,blank,0,-323,-105,100184,100362,178
100,0,blank,0,-323,-105,100362,100545,183
100,0,blank,0,-323,-105,100545,100728,183
100,0,blank,0,-323,-105,100728,100908,180
100,0,blank,0,-323,-105,100908,101081,173
100,0,blank,0,-323,-105,101081,101115,34
100,0,blank,0,-323,-105,101115,101337,222
100,0,blank,0,-323,-105,101337,101527,190
100,0,blank,0,-323,-105,101527,101722,195
100,0,blank,0,-323,-105,101722,101895,173
100,0,blank,0,-323,-105,101895,102080,185
100,0,blank,0,-323,-105,102080,102231,151
100,0,blank,0,-323,-105,102231,102317,86
100,0,blank,0,-323,-105,102317,102595,278
100,0,blank,0,-323,-105,102595,102869,274
100,0,blank,0,-323,-105,102869,103041,172
100,0,blank,0,-323,-105,103041,103141,100
100,0,blank,0,-323,-105,103141,103327,186
100,0,blank,0,-323,-105,103327,103488,161
100,0,blank,0,-323,-105,103488,103627,139
100,0,blank,0,-323,-105,103627,103806,179
100,0,blank,0,-323,-105,103806,103881,75
100,0,blank,0,-323,-105,103881,104135,254
100,0,blank,0,-323,-105,104135,104390,255
100,0,blank,0,-323,-105,104390,104566,176
100,0,blank,0,-323,-105,104566,104745,179
100,0,blank,0,-323,-105,104745,104898,153
100,0,blank,0,-323,-105,104898,105034,136
100,0,blank,0,-323,-105,105034,105197,163
100,0,blank,0,-323,-105,105197,105325,128
100,0,blank,0,-323,-105,105325,105404,79
100,0,blank,0,128.7425,248.3077,105513,105567,54
100,10,return,69,158.5081,205.96522,105599,105784,185
100,9,!,63,166.830966666667,194.4964,105784,105894,110
100,11,10,91,127.3401,240.07,105933,105973,40
100,10,return,69,163.954916666667,219.880833333333,106012,106205,193
100,10,return,69,161.693616666667,204.680116666667,106205,106377,172
100,10,return,69,153.7081,202.308633333333,106377,106550,173
100,9,&&,65,156.666,198.44495,106550,106726,176
100,9,&&,65,153.233466666667,196.326433333333,106726,106902,176
100,8,%,50,218.1372,168.35162,106902,107050,148
100,0,blank,0,-323,-105,107109,107135,26
100,8,/,47,161.538625,168.752275,107235,107366,131
100,9,(,62,99.17205,193.15695,107366,107546,180
100,0,blank,0,-323,-105,107662,107841,179
100,0,blank,0,-323,-105,107841,108020,179
100,0,blank,0,-323,-105,108020,108205,185
100,0,blank,0,-323,-105,108205,108400,195
100,0,blank,0,-323,-105,108400,108579,179
100,0,blank,0,-323,-105,108579,108759,180
100,0,blank,0,-323,-105,108759,108936,177
100,0,blank,0,-323,-105,108936,109113,177
100,0,blank,0,-323,-105,109113,109293,180
100,0,blank,0,-323,-105,109293,109347,54
100,0,blank,0,-323,-105,109347,109608,261
100,0,blank,0,-323,-105,109608,109768,160
100,0,blank,0,-323,-105,109768,109920,152
100,0,blank,0,-323,-105,109920,110138,218
100,0,blank,0,-323,-105,110138,110319,181
100,0,blank,0,-323,-105,110319,110502,183
100,0,blank,0,-323,-105,110502,110759,257
100,0,blank,0,-323,-105,110759,111013,254
100,0,blank,0,-323,-105,111013,111268,255
100,0,blank,0,-323,-105,111268,111451,183
100,0,blank,0,-323,-105,111451,111538,87
100,0,blank,0,-323,-105,111538,111852,314
100,0,blank,0,-323,-105,111852,112181,329
100,0,blank,0,-323,-105,112181,112362,181
100,0,blank,0,-323,-105,112362,112541,179
100,0,blank,0,-323,-105,112541,112717,176
100,0,blank,0,-323,-105,112717,112892,175
100,0,blank,0,-323,-105,112892,113069,177
100,0,blank,0,-323,-105,113069,113246,177
100,0,blank,0,-323,-105,113246,113426,180
100,0,blank,0,-323,-105,113426,113620,194
100,0,blank,0,-323,-105,113620,113729,109
100,0,blank,0,-323,-105,113729,113894,165
100,0,blank,0,-323,-105,113894,114061,167
100,0,blank,0,-323,-105,114061,114247,186
100,0,blank,0,-323,-105,114247,114403,156
100,0,blank,0,-323,-105,114403,114792,389
100,0,blank,0,-323,-105,114792,114841,49
100,0,blank,0,-323,-105,114841,115113,272
100,0,blank,0,-323,-105,115113,115306,193
100,0,blank,0,-323,-105,115306,115485,179
100,0,blank,0,-323,-105,115485,115660,175
100,0,blank,0,-323,-105,115660,115841,181
100,0,blank,0,-323,-105,115841,116018,177
100,0,blank,0,-323,-105,116018,116194,176
100,0,blank,0,-323,-105,116194,116372,178
100,0,blank,0,-323,-105,116372,116533,161
100,0,blank,0,-323,-105,116533,116660,127
100,0,blank,0,-323,-105,116660,116834,174
100,0,blank,0,-323,-105,116834,116992,158
100,0,blank,0,-323,-105,116992,117162,170
100,0,blank,0,-323,-105,117162,117346,184
100,0,blank,0,-323,-105,117346,117528,182
100,0,blank,0,-323,-105,117528,117714,186
100,0,blank,0,-323,-105,117714,117897,183
100,0,blank,0,-323,-105,117897,118072,175
100,0,blank,0,-323,-105,118072,118247,175
100,0,blank,0,-323,-105,118247,118394,147
100,0,blank,0,-323,-105,118394,118704,310
100,0,blank,0,-323,-105,118704,118845,141
100,0,blank,0,-323,-105,118845,118933,88
100,0,blank,0,-323,-105,118933,119118,185
100,0,blank,0,-323,-105,119118,119276,158
100,0,blank,0,-323,-105,119276,119360,84
100,0,blank,0,-323,-105,119360,119541,181
100,0,blank,0,-323,-105,119541,119743,202
100,0,blank,0,-323,-105,119743,119924,181
100,0,blank,0,-323,-105,119924,120100,176
100,0,blank,0,-323,-105,120100,120277,177
100,0,blank,0,-323,-105,120277,120463,186
100,0,blank,0,-323,-105,120463,120567,104
100,0,blank,0,-323,-105,120567,120823,256
100,0,blank,0,-323,-105,120823,121077,254
100,0,blank,0,-323,-105,121077,121239,162
100,0,blank,0,-323,-105,121239,121412,173
100,0,blank,0,-323,-105,121412,121583,171
100,0,blank,0,-323,-105,121583,121634,51
100,0,blank,0,-323,-105,121634,121823,189
100,0,blank,0,-323,-105,121823,121859,36
100,0,blank,0,-323,-105,121859,122062,203
100,0,blank,0,-323,-105,122062,122250,188
100,0,blank,0,-323,-105,122250,122428,178
100,0,blank,0,-323,-105,122428,122627,199
100,0,blank,0,-323,-105,122627,122758,131
100,0,blank,0,-323,-105,122758,122889,131
100,0,blank,0,-323,-105,122889,123074,185
100,0,blank,0,-323,-105,123074,123262,188
100,0,blank,0,-323,-105,123262,123457,195
100,0,blank,0,-323,-105,123457,123652,195
100,0,blank,0,-323,-105,123652,123848,196
100,11,binary_to_gray,87,168.95574,235.5041,124009,124200,191
100,0,blank,0,213.0364,250.2762,124235,124275,40
100,0,blank,0,-323,-105,124362,124548,186
100,0,blank,0,-323,-105,124548,124727,179
100,0,blank,0,-323,-105,124727,124921,194
100,0,blank,0,-323,-105,124921,125006,85
100,0,blank,0,-323,-105,125006,125143,137
100,0,blank,0,-323,-105,125143,125210,67
100,0,blank,0,-323,-105,125210,125414,204
100,0,blank,0,-323,-105,125414,125574,160
100,0,blank,0,-323,-105,125574,125748,174
100,0,blank,0,-323,-105,125748,125921,173
100,0,blank,0,-323,-105,125921,126096,175
100,0,blank,0,-323,-105,126096,126273,177
100,0,blank,0,-323,-105,126273,126452,179
100,0,blank,0,-323,-105,126452,126630,178
100,0,blank,0,-323,-105,126630,126803,173
100,0,blank,0,-323,-105,126803,126977,174
100,0,blank,0,-323,-105,126977,127152,175
100,0,blank,0,-323,-105,127152,127327,175
100,0,blank,0,-323,-105,127327,127502,175
100,0,blank,0,-323,-105,127502,127697,195
100,0,blank,0,-323,-105,127697,127863,166
100,0,blank,0,-323,-105,127863,127950,87
100,0,blank,0,-323,-105,127950,128168,218
100,0,blank,0,-323,-105,128168,128238,70
100,0,blank,0,-323,-105,128238,128487,249
100,0,blank,0,-323,-105,128487,128576,89
100,0,blank,0,-323,-105,128576,128745,169
100,0,blank,0,-323,-105,128745,128928,183
100,0,blank,0,-323,-105,128928,129096,168
100,0,blank,0,-323,-105,129096,129255,159
100,0,blank,0,-323,-105,129255,129408,153
100,0,blank,0,-323,-105,129408,129535,127
100,0,blank,0,-323,-105,129535,129711,176
100,0,blank,0,-323,-105,129711,130040,329
100,0,blank,0,-323,-105,130040,130188,148
100,0,blank,0,-323,-105,130188,130383,195
100,0,blank,0,-323,-105,130383,130512,129
100,0,blank,0,-323,-105,130512,130646,134
100,0,blank,0,-323,-105,130646,130848,202
100,0,blank,0,-323,-105,130848,131042,194
100,0,blank,0,-323,-105,131042,131189,147
100,0,blank,0,-323,-105,131189,131306,117
100,0,blank,0,-323,-105,131306,131723,417
100,0,blank,0,-323,-105,131723,131917,194
100,0,blank,0,-323,-105,131917,132088,171
100,0,blank,0,-323,-105,132088,132259,171
100,0,blank,0,-323,-105,132259,132438,179
100,0,blank,0,-323,-105,132438,132609,171
100,0,blank,0,-323,-105,132609,132786,177
100,0,blank,0,-323,-105,132786,132955,169
100,0,blank,0,-323,-105,132955,133150,195
100,0,blank,0,-323,-105,133150,133240,90
100,0,blank,0,305.2038,453.0019,133490,133674,184
100,0,blank,0,-323,-105,134094,134287,193
100,0,blank,0,-323,-105,134287,134526,239
100,0,blank,0,-323,-105,134526,134690,164
100,0,blank,0,-323,-105,134690,134807,117
100,0,blank,0,-323,-105,134807,134945,138
100,0,blank,0,-323,-105,134945,135140,195
100,0,blank,0,-323,-105,135140,135317,177
100,0,blank,0,-323,-105,135317,135510,193
100,0,blank,0,-323,-105,135510,135706,196
100,0,blank,0,-323,-105,135706,135889,183
100,0,blank,0,-323,-105,135889,136082,193
100,0,blank,0,-323,-105,136082,136233,151
100,0,blank,0,-323,-105,136233,136427,194
100,0,blank,0,-323,-105,136427,136620,193
100,0,blank,0,-323,-105,136620,136816,196
100,0,blank,0,-323,-105,136816,137005,189
100,0,blank,0,-323,-105,137005,137200,195
100,0,blank,0,-323,-105,137200,137388,188
100,0,blank,0,-323,-105,137388,137577,189
100,0,blank,0,-323,-105,137577,137766,189
100,0,blank,0,-323,-105,137766,137957,191
100,0,blank,0,-323,-105,137957,138149,192
100,0,blank,0,-323,-105,138149,138343,194
100,0,blank,0,-323,-105,138343,138532,189
100,0,blank,0,-323,-105,138532,138721,189
100,0,blank,0,-323,-105,138721,138913,192
100,0,blank,0,-323,-105,138913,139102,189
100,0,blank,0,-323,-105,139102,139287,185
100,0,blank,0,-323,-105,139287,139472,185
100,0,blank,0,-323,-105,139472,139643,171
100,0,blank,0,-323,-105,139643,139777,134
100,0,blank,0,-323,-105,139777,139952,175
100,0,blank,0,-323,-105,139952,140149,197
100,0,blank,0,-323,-105,140149,140303,154
100,0,blank,0,-323,-105,140303,140472,169
100,0,blank,0,-323,-105,140472,140669,197
100,0,blank,0,-323,-105,140669,140862,193
100,0,blank,0,-323,-105,140862,141035,173
100,0,blank,0,-323,-105,141035,141108,73
100,0,blank,0,-323,-105,141108,141337,229
100,0,blank,0,-323,-105,141337,141499,162
100,0,blank,0,-323,-105,141499,141671,172
100,0,blank,0,-323,-105,141671,141852,181
100,0,blank,0,-323,-105,141852,142044,192
100,0,blank,0,-323,-105,142044,142242,198
100,0,blank,0,-323,-105,142242,142433,191
100,0,blank,0,-323,-105,142433,142642,209
100,0,blank,0,-323,-105,142642,142730,88
100,0,blank,0,-323,-105,142730,142922,192
100,0,blank,0,-323,-105,142922,143105,183
100,0,blank,0,-323,-105,143105,143303,198
100,0,blank,0,-323,-105,143303,143479,176
100,0,blank,0,-323,-105,143479,143675,196
100,0,blank,0,-323,-105,143675,143866,191
100,0,blank,0,-323,-105,143866,144050,184
100,0,blank,0,-323,-105,144050,144221,171
100,0,blank,0,-323,-105,144221,144411,190
100,0,blank,0,-323,-105,144411,144585,174
100,0,blank,0,-323,-105,144585,144756,171
100,0,blank,0,-323,-105,144756,144869,113
100,0,blank,0,-323,-105,144869,144994,125
100,0,blank,0,-323,-105,144994,145110,116
100,0,blank,0,-323,-105,145110,145351,241
100,0,blank,0,-323,-105,145351,145527,176
100,0,blank,0,-323,-105,145527,145713,186
100,0,blank,0,-323,-105,145713,145897,184
100,0,blank,0,-323,-105,145897,146093,196
100,0,blank,0,-323,-105,146093,146290,197
100,0,blank,0,-323,-105,146290,146478,188
100,0,blank,0,-323,-105,146478,146637,159
100,0,blank,0,-323,-105,146637,146812,175
100,0,blank,0,-323,-105,146812,146996,184
100,0,blank,0,-323,-105,146996,147195,199
100,0,blank,0,-323,-105,147195,147523,328
100,0,blank,0,-323,-105,147523,147699,176
100,0,blank,0,-323,-105,147699,147839,140
100,0,blank,0,-323,-105,147839,147954,115
100,0,blank,0,-323,-105,147954,148147,193
100,0,blank,0,-323,-105,148147,148181,34
100,0,blank,0,-323,-105,148181,148369,188
100,0,blank,0,-323,-105,148369,148548,179
100,0,blank,0,-323,-105,148548,148640,92
100,0,blank,0,-323,-105,148640,148766,126
100,0,blank,0,-323,-105,148766,148949,183
100,0,blank,0,-323,-105,148949,149137,188
100,0,blank,0,-323,-105,149137,149329,192
100,0,blank,0,-323,-105,149329,149500,171
100,0,blank,0,-323,-105,149500,149685,185
100,0,blank,0,-323,-105,149685,149953,268
100,0,blank,0,-323,-105,149953,150127,174
100,0,blank,0,-323,-105,150127,150302,175
100,0,blank,0,-323,-105,150302,150474,172
100,0,blank,0,-323,-105,150474,150658,184
100,0,blank,0,-323,-105,150658,150730,72
100,0,blank,0,-323,-105,150991,151187,196
100,0,blank,0,-323,-105,151187,151350,163
100,0,blank,0,-323,-105,151350,151530,180
100,0,blank,0,-323,-105,151530,151708,178
100,0,blank,0,-323,-105,151708,151886,178
100,0,blank,0,-323,-105,151886,152051,165
100,0,blank,0,-323,-105,152051,152119,68
100,0,blank,0,-323,-105,152119,152648,529
100,0,blank,0,-323,-105,152648,152841,193
100,0,blank,0,-323,-105,152841,153022,181
100,0,blank,0,-323,-105,153022,153201,179
100,0,blank,0,-323,-105,153201,153386,185
100,0,blank,0,-323,-105,153386,153566,180
100,0,blank,0,-323,-105,153566,153750,184
100,0,blank,0,-323,-105,153750,153930,180
100,0,blank,0,-323,-105,153930,154104,174
100,0,blank,0,-323,-105,154104,154279,175
100,0,blank,0,-323,-105,154279,154462,183
100,0,blank,0,-323,-105,154462,154639,177
100,0,blank,0,-323,-105,154639,154817,178
100,0,blank,0,-323,-105,154817,154996,179
100,0,blank,0,-323,-105,154996,155175,179
100,0,blank,0,-323,-105,155175,155263,88
100,0,blank,0,-323,-105,155263,155447,184
100,0,blank,0,-323,-105,155447,155472,25
100,0,blank,0,-323,-105,155472,155812,340
100,0,blank,0,-323,-105,155812,155979,167
100,0,blank,0,-323,-105,155979,156171,192
100,0,blank,0,-323,-105,156171,156227,56
100,0,blank,0,-323,-105,156227,156479,252
100,0,blank,0,-323,-105,156479,156620,141
100,0,blank,0,-323,-105,156620,156814,194
100,0,blank,0,-323,-105,156814,156992,178
100,0,blank,0,-323,-105,156992,157173,181
100,0,blank,0,-323,-105,157173,157331,158
100,0,blank,0,-323,-105,157331,157471,140
100,0,blank,0,-323,-105,157471,157625,154
100,0,blank,0,-323,-105,157625,157794,169
100,0,blank,0,-323,-105,157794,157898,104
100,0,blank,0,-323,-105,157898,158077,179
100,0,blank,0,-323,-105,158077,158237,160
100,0,blank,0,-323,-105,158237,158428,191
100,0,blank,0,-323,-105,158428,158627,199
100,0,blank,0,204.179,150.0996,159067,159100,33
100,0,blank,0,-323,-105,159186,159365,179
100,0,blank,0,-323,-105,159365,159501,136
100,0,blank,0,-323,-105,159501,159652,151
100,0,blank,0,-323,-105,159652,159837,185
100,0,blank,0,-323,-105,159837,160009,172
100,0,blank,0,-323,-105,160009,160208,199
100,0,blank,0,-323,-105,160208,160404,196
100,0,blank,0,-323,-105,160404,160597,193
100,0,blank,0,-323,-105,160597,160776,179
100,0,blank,0,-323,-105,160776,160853,77
100,0,blank,0,286.17745,690.8633,160879,160954,75
100,0,blank,0,-323,-105,161124,161202,78
100,0,blank,0,-323,-105,161374,161491,117
100,0,blank,0,-323,-105,161491,161675,184
100,0,blank,0,-323,-105,161675,161857,182
100,0,blank,0,-323,-105,161857,162032,175
100,0,blank,0,-323,-105,162032,162226,194
100,0,blank,0,-323,-105,162226,162412,186
100,0,blank,0,-323,-105,162412,162590,178
100,0,blank,0,-323,-105,162590,162664,74
100,0,blank,0,-323,-105,162664,162917,253
100,0,blank,0,-323,-105,162917,163180,263
100,0,blank,0,-323,-105,163180,163259,79
100,0,blank,0,-323,-105,163259,163489,230
100,0,blank,0,-323,-105,163489,163754,265
100,0,blank,0,203.6873,426.5107,163966,164008,42
100,0,blank,0,-323,-105,164059,164238,179
100,0,blank,0,-323,-105,164238,164429,191
100,0,blank,0,-323,-105,164429,164601,172
100,0,blank,0,-323,-105,164601,164772,171
100,0,blank,0,-323,-105,164772,164949,177
100,0,blank,0,-323,-105,164949,165095,146
100,0,blank,0,-323,-105,165095,165360,265
100,0,blank,0,-323,-105,165360,165386,26
100,0,blank,0,-323,-105,165386,165681,295
100,0,blank,0,-323,-105,165681,165970,289
100,0,blank,0,-323,-105,165970,166110,140
100,9,&&,65,158.0327,190.3602,166146,166302,156
100,0,blank,0,157.006666666667,145.77795,166302,166501,199
100,0,blank,0,-323,-105,166531,166661,130
100,8,n,46,133.411133333333,157.5113,166689,166859,170
100,0,blank,0,129.498233333333,155.271533333333,166859,167041,182
100,7,n,38,125.92835,154.827125,167041,167163,122
100,0,blank,0,-323,-105,167194,167300,106
100,9,&&,65,158.279957142857,182.3104,167325,167521,196
100,10,return,69,164.73435,217.654,167521,167648,127
100,0,blank,0,-323,-105,167736,167887,151
100,0,blank,0,-323,-105,167887,168065,178
100,0,blank,0,-323,-105,168065,168249,184
100,0,blank,0,-323,-105,168249,168437,188
100,0,blank,0,-323,-105,168437,168620,183
100,0,blank,0,-323,-105,168620,168795,175
100,0,blank,0,-323,-105,168795,168954,159
100,0,blank,0,-323,-105,168954,169123,169
100,0,blank,0,-323,-105,169123,169271,148
100,0,blank,0,-323,-105,169271,169461,190
100,0,blank,0,-323,-105,169461,169574,113
100,0,blank,0,-323,-105,169657,169832,175
100,0,blank,0,-323,-105,169832,170006,174
100,0,blank,0,229.5042,643.5712,170059,170099,40
100,0,blank,0,-323,-105,170617,170808,191
100,0,blank,0,-323,-105,170808,170986,178
100,0,blank,0,-323,-105,170986,171136,150
100,0,blank,0,-323,-105,171136,171647,511
100,0,blank,0,-323,-105,171647,171836,189
100,0,blank,0,-323,-105,171836,171961,125
100,0,blank,0,-323,-105,171961,172091,130
100,0,blank,0,-323,-105,172091,172313,222
100,0,blank,0,-323,-105,172313,172635,322
100,0,blank,0,-323,-105,172635,172728,93
100,0,blank,0,-323,-105,172728,172898,170
100,0,blank,0,-323,-105,172898,172975,77
100,0,blank,0,-323,-105,172975,173136,161
100,0,blank,0,-323,-105,173136,173330,194
100,0,blank,0,-323,-105,173330,173489,159
100,0,blank,0,-323,-105,173489,173595,106
100,0,blank,0,-323,-105,173595,173734,139
100,0,blank,0,-323,-105,173734,173831,97
100,0,blank,0,-323,-105,173831,174110,279
100,0,blank,0,-323,-105,174110,174253,143
100,0,blank,0,-323,-105,174253,174440,187
100,0,blank,0,-323,-105,174440,174567,127
100,0,blank,0,-323,-105,174567,174714,147
100,0,blank,0,-323,-105,174714,174844,130
100,0,blank,0,-323,-105,174844,174956,112
100,0,blank,0,-323,-105,174956,175133,177
100,0,blank,0,-323,-105,175133,175330,197
100,0,blank,0,-323,-105,175330,175453,123
100,0,blank,0,-323,-105,175453,175569,116
100,0,blank,0,-323,-105,175569,175697,128
100,0,blank,0,-323,-105,175697,175959,262
100,0,blank,0,423.8073,421.9993,176154,176338,184
100,0,blank,0,-323,-105,176521,176696,175
100,0,blank,0,-323,-105,176696,176813,117
100,0,blank,0,-323,-105,176813,177006,193
100,0,blank,0,-323,-105,177006,177146,140
100,0,blank,0,-323,-105,177146,177469,323
100,0,blank,0,-323,-105,177469,177645,176
100,0,blank,0,-323,-105,177645,177797,152
100,0,blank,0,-323,-105,177797,177940,143
100,0,blank,0,-323,-105,177940,178165,225
100,0,blank,0,-323,-105,178165,178422,257
100,0,blank,0,-323,-105,178422,178870,448
100,0,blank,0,-323,-105,178870,179064,194
100,0,blank,0,-323,-105,179064,179218,154
100,0,blank,0,-323,-105,179218,179394,176
100,0,blank,0,-323,-105,179394,179557,163
100,0,blank,0,-323,-105,179557,179726,169
100,0,blank,0,-323,-105,179726,179881,155
100,0,blank,0,-323,-105,179881,180072,191
100,0,blank,0,-323,-105,180072,180258,186
100,0,blank,0,-323,-105,180258,180320,62
100,0,blank,0,-323,-105,180320,180837,517
100,0,blank,0,-323,-105,180837,181033,196
100,0,blank,0,-323,-105,181033,181089,56
100,0,blank,0,-323,-105,181089,181254,165
100,0,blank,0,-323,-105,181254,181387,133
100,0,blank,0,-323,-105,181387,181528,141
100,0,blank,0,-323,-105,181528,181698,170
100,0,blank,0,-323,-105,181698,181873,175
100,0,blank,0,-323,-105,181873,181999,126
100,0,blank,0,-323,-105,181999,182185,186
100,0,blank,0,155.15185,228.54455,182206,182314,108
100,0,blank,0,-323,-105,182359,182433,74
100,13,),99,107.7283,280.6377,182474,182499,25
100,0,blank,0,-323,-105,182573,182760,187
100,0,blank,0,-323,-105,182760,182859,99
100,0,blank,0,438.6857,226.5886,183142,183178,36
100,0,blank,0,-323,-105,183653,183833,180
100,0,blank,0,-323,-105,183833,183905,72
100,0,blank,0,-323,-105,183905,184340,435
100,0,blank,0,-323,-105,184340,184528,188
100,0,blank,0,-323,-105,184528,184713,185
100,0,blank,0,-323,-105,184713,184905,192
100,0,blank,0,-323,-105,184905,185051,146
100,0,blank,0,-323,-105,185051,185121,70
100,0,blank,0,-323,-105,185121,185327,206
100,0,blank,0,-323,-105,185327,185501,174
100,0,blank,0,-323,-105,185501,185673,172
100,0,blank,0,-323,-105,185673,185860,187
100,0,blank,0,-323,-105,185860,186050,190
100,0,blank,0,-323,-105,186050,186239,189
100,0,blank,0,-323,-105,186239,186416,177
100,0,blank,0,-323,-105,186416,186589,173
100,0,blank,0,-323,-105,186589,186787,198
100,0,blank,0,-323,-105,186787,186984,197
100,0,blank,0,-323,-105,186984,187179,195
100,0,blank,0,-323,-105,187179,187353,174
100,0,blank,0,-323,-105,187353,187520,167
100,0,blank,0,-323,-105,187520,187718,198
100,0,blank,0,-323,-105,187718,187909,191
100,0,blank,0,-323,-105,187909,188102,193
100,0,blank,0,-323,-105,188102,188295,193
100,0,blank,0,-323,-105,188295,188460,165
100,0,blank,0,-323,-105,188460,188659,199
100,0,blank,0,-323,-105,188659,188853,194
100,0,blank,0,-323,-105,188853,189041,188
100,0,blank,0,-323,-105,189041,189158,117
100,0,blank,0,-323,-105,189158,189516,358
100,0,blank,0,-323,-105,189516,189684,168
100,0,blank,0,-323,-105,189684,189843,159
100,0,blank,0,-323,-105,189843,189968,125
100,0,blank,0,-323,-105,189968,190043,75
100,0,blank,0,-323,-105,190043,190200,157
100,0,blank,0,-323,-105,190200,190363,163
100,0,blank,0,-323,-105,190363,190532,169
100,0,blank,0,-323,-105,190532,190702,170
100,0,blank,0,-323,-105,190702,190874,172
100,0,blank,0,-323,-105,190874,191058,184
100,0,blank,0,-323,-105,191058,191226,168
100,0,blank,0,-323,-105,191226,191425,199
100,0,blank,0,-323,-105,191425,191597,172
100,0,blank,0,-323,-105,191597,191762,165
100,0,blank,0,-323,-105,191762,191955,193
100,0,blank,0,-323,-105,191955,192120,165
100,0,blank,0,-323,-105,192120,192319,199
100,0,blank,0,-323,-105,192319,192518,199
100,0,blank,0,-323,-105,192518,192712,194
100,0,blank,0,-323,-105,192712,192900,188
100,0,blank,0,-323,-105,192900,193087,187
100,0,blank,0,-323,-105,193087,193273,186
100,0,blank,0,-323,-105,193273,193442,169
100,0,blank,0,-323,-105,193442,193617,175
100,0,blank,0,-323,-105,193617,193789,172
100,0,blank,0,-323,-105,193789,193983,194
100,0,blank,0,-323,-105,193983,194162,179
100,0,blank,0,-323,-105,194162,194343,181
100,0,blank,0,-323,-105,194343,194528,185
100,0,blank,0,-323,-105,194528,194707,179
100,0,blank,0,-323,-105,194707,194889,182
100,0,blank,0,-323,-105,194889,195072,183
100,0,blank,0,-323,-105,195072,195251,179
100,0,blank,0,-323,-105,195251,195425,174
100,0,blank,0,-323,-105,195425,195605,180
100,0,blank,0,-323,-105,195605,195782,177
100,0,blank,0,-323,-105,195782,195969,187
100,0,blank,0,-323,-105,195969,196127,158
100,0,blank,0,-323,-105,196127,196274,147
100,0,blank,0,-323,-105,196274,196446,172
100,0,blank,0,-323,-105,196446,196542,96
100,7,;,41,184.696,144.2501,196651,196688,37
100,11,binary_to_gray,87,176.29575,235.30715,196729,196809,80
100,0,blank,0,-323,-105,196850,197043,193
100,0,blank,0,-323,-105,197043,197221,178
100,0,blank,0,-323,-105,197221,197415,194
100,0,blank,0,-323,-105,197415,197587,172
100,0,blank,0,-323,-105,197587,197764,177
100,0,blank,0,-323,-105,197764,197940,176
100,0,blank,0,-323,-105,197940,198126,186
100,0,blank,0,-323,-105,198126,198302,176
100,0,blank,0,-323,-105,198302,198485,183
100,0,blank,0,-323,-105,198485,198672,187
100,0,blank,0,-323,-105,198672,198851,179
100,0,blank,0,-323,-105,198851,199021,170
100,0,blank,0,-323,-105,199021,199218,197
100,0,blank,0,-323,-105,199218,199405,187
100,0,blank,0,-323,-105,199405,199596,191
100,0,blank,0,-323,-105,199596,199786,190
100,0,blank,0,-323,-105,199786,199978,192
100,0,blank,0,-323,-105,199978,200156,178
100,0,blank,0,-323,-105,200156,200288,132
100,0,blank,0,-323,-105,200288,200450,162
100,0,blank,0,-323,-105,200450,200647,197
100,0,blank,0,-323,-105,200647,200860,213
100,0,blank,0,-323,-105,200860,201056,196
100,0,blank,0,-323,-105,201056,201235,179
100,0,blank,0,-323,-105,201235,201333,98
100,0,blank,0,-323,-105,201333,201700,367
100,0,blank,0,-323,-105,201700,201813,113
100,0,blank,0,-323,-105,201813,202067,254
100,0,blank,0,-323,-105,202067,202247,180
100,0,blank,0,-323,-105,202247,202366,119
100,0,blank,0,-323,-105,202366,202494,128
100,0,blank,0,-323,-105,202494,202687,193
100,0,blank,0,-323,-105,202687,202959,272
100,0,blank,0,-323,-105,202959,203136,177
100,0,blank,0,-323,-105,203136,203267,131
100,0,blank,0,-323,-105,203267,203419,152
100,0,blank,0,-323,-105,203419,203588,169
100,0,blank,0,-323,-105,203588,203690,102
100,0,blank,0,-323,-105,203690,204065,375
100,0,blank,0,-323,-105,204065,204259,194
100,0,blank,0,-323,-105,204259,204333,74
100,0,blank,0,-323,-105,204669,204704,35
100,0,blank,0,-323,-105,204704,205082,378
100,0,blank,0,-323,-105,205082,205183,101
100,0,blank,0,379.80845,386.7916,205323,205473,150
100,0,blank,0,-323,-105,205591,205776,185
100,0,blank,0,-323,-105,205776,205952,176
100,0,blank,0,-323,-105,205952,206140,188
100,0,blank,0,-323,-105,206372,206565,193
100,0,blank,0,-323,-105,206565,206763,198
100,0,blank,0,-323,-105,206763,206957,194
100,0,blank,0,-323,-105,206957,207128,171
100,0,blank,0,-323,-105,207128,207296,168
100,0,blank,0,-323,-105,207296,207473,177
100,0,blank,0,-323,-105,207473,207665,192
100,0,blank,0,-323,-105,207665,207823,158
100,0,blank,0,-323,-105,207823,207977,154
100,0,blank,0,-323,-105,207977,208122,145
100,0,blank,0,-323,-105,208122,208393,271
100,0,blank,0,-323,-105,208393,208654,261
100,0,blank,0,-323,-105,208654,208833,179
100,0,blank,0,-323,-105,208833,209029,196
100,0,blank,0,-323,-105,209029,209206,177
100,0,blank,0,-323,-105,209206,209337,131
100,0,blank,0,-323,-105,209337,209471,134
100,0,blank,0,-323,-105,209471,209797,326
100,0,blank,0,-323,-105,209797,209994,197
100,0,blank,0,-323,-105,209994,210176,182
100,0,blank,0,-323,-105,210176,210340,164
100,0,blank,0,-323,-105,210340,210487,147
100,0,blank,0,-323,-105,210487,210606,119
100,0,blank,0,-323,-105,210606,210773,167
100,0,blank,0,-323,-105,210773,210955,182
100,0,blank,0,-323,-105,210955,211093,138
100,0,blank,0,-323,-105,211093,211218,125
100,0,blank,0,-323,-105,211218,211400,182
100,0,blank,0,-323,-105,211400,211580,180
100,0,blank,0,-323,-105,211580,211759,179
100,0,blank,0,-323,-105,211759,212015,256
100,0,blank,0,-323,-105,212015,212269,254
100,0,blank,0,-323,-105,212269,212438,169
100,0,blank,0,-323,-105,212438,212474,36
100,0,blank,0,-323,-105,212474,212649,175
100,0,blank,0,-323,-105,212649,212806,157
100,0,blank,0,-323,-105,212806,212979,173
100,0,blank,0,-323,-105,212979,213166,187
100,0,blank,0,-323,-105,213166,213352,186
100,0,blank,0,-323,-105,213352,213541,189
100,0,blank,0,-323,-105,213541,213727,186
100,0,blank,0,-323,-105,213727,213905,178
100,0,blank,0,-323,-105,213905,214051,146
100,0,blank,0,-323,-105,214051,214246,195
100,0,blank,0,-323,-105,214246,214374,128
100,0,blank,0,-323,-105,214374,214529,155
100,0,blank,0,-323,-105,214529,214658,129
100,0,blank,0,-323,-105,214658,214843,185
100,0,blank,0,-323,-105,214843,215030,187
100,0,blank,0,-323,-105,215030,215205,175
100,0,blank,0,-323,-105,215205,215375,170
100,0,blank,0,-323,-105,215375,215555,180
100,0,blank,0,-323,-105,215555,215752,197
100,0,blank,0,-323,-105,215752,215942,190
100,0,blank,0,-323,-105,215942,216136,194
100,0,blank,0,-323,-105,216136,216235,99
100,0,blank,0,-323,-105,216235,216357,122
100,0,blank,0,-323,-105,216357,216482,125
100,0,blank,0,-323,-105,216482,216606,124
100,0,blank,0,-323,-105,216606,216787,181
100,0,blank,0,-323,-105,216787,216959,172
100,0,blank,0,-323,-105,216959,217136,177
100,0,blank,0,-323,-105,217136,217246,110
100,0,blank,0,-323,-105,217246,217410,164
100,0,blank,0,-323,-105,217410,217579,169
100,0,blank,0,-323,-105,217579,217742,163
100,0,blank,0,-323,-105,217742,217936,194
100,0,blank,0,-323,-105,217936,218124,188
100,0,blank,0,-323,-105,218124,218280,156
100,0,blank,0,-323,-105,218280,218478,198
100,0,blank,0,-323,-105,218478,218610,132
100,0,blank,0,-323,-105,218610,218717,107
100,0,blank,0,-323,-105,218717,218884,167
100,0,blank,0,-323,-105,218884,219079,195
100,0,blank,0,-323,-105,219079,219252,173
100,0,blank,0,-323,-105,219252,219432,180
100,0,blank,0,-323,-105,219432,219489,57
100,0,blank,0,-323,-105,219489,219808,319
100,0,blank,0,-323,-105,219808,219990,182
100,0,blank,0,-323,-105,219990,220170,180
100,0,blank,0,-323,-105,220170,220308,138
100,0,blank,0,-323,-105,220308,220436,128
100,0,blank,0,-323,-105,220436,220733,297
100,0,blank,0,-323,-105,220733,220920,187
100,0,blank,0,-323,-105,220920,221091,171
100,0,blank,0,-323,-105,221091,221288,197
100,0,blank,0,-323,-105,221288,221479,191
100,0,blank,0,-323,-105,221479,221647,168
100,0,blank,0,-323,-105,221647,221845,198
100,0,blank,0,-323,-105,221845,222039,194
100,0,blank,0,-323,-105,222039,222209,170
100,0,blank,0,-323,-105,222209,222393,184
100,0,blank,0,-323,-105,222393,222563,170
100,0,blank,0,-323,-105,222563,222745,182
100,0,blank,0,-323,-105,222745,222941,196
100,0,blank,0,-323,-105,222941,223136,195
100,0,blank,0,-323,-105,223136,223335,199
100,0,blank,0,-323,-105,223335,223507,172
100,0,blank,0,-323,-105,223507,223665,158
100,0,blank,0,-323,-105,223665,223853,188
100,0,blank,0,-323,-105,223853,224030,177
100,0,blank,0,-323,-105,224030,224228,198
100,0,blank,0,-323,-105,224228,224414,186
100,0,blank,0,-323,-105,224414,224590,176
100,0,blank,0,-323,-105,224590,224769,179
100,0,blank,0,-323,-105,224769,224899,130
100,0,blank,0,-323,-105,224899,225097,198
100,0,blank,0,-323,-105,225097,225272,175
100,0,blank,0,-323,-105,225272,225450,178
100,0,blank,0,-323,-105,225450,225648,198
100,0,blank,0,-323,-105,225648,225814,166
100,0,blank,0,-323,-105,225814,225989,175
100,0,blank,0,-323,-105,225989,226122,133
100,0,blank,0,-323,-105,226122,226316,194
100,0,blank,0,-323,-105,226316,226478,162
100,0,blank,0,-323,-105,226478,226560,82
100,0,blank,0,-323,-105,226560,226804,244
100,0,blank,0,-323,-105,226804,226984,180
100,0,blank,0,-323,-105,226984,227160,176
100,0,blank,0,-323,-105,227160,227302,142
100,0,blank,0,-323,-105,227302,227457,155
100,0,blank,0,-323,-105,227457,227609,152
100,0,blank,0,-323,-105,227609,227728,119
100,0,blank,0,-323,-105,227728,227814,86
100,0,blank,0,-323,-105,227814,228010,196
100,0,blank,0,-323,-105,228010,228209,199
100,0,blank,0,-323,-105,228209,228367,158
100,0,blank,0,-323,-105,228367,228523,156
100,0,blank,0,-323,-105,228523,228736,213
100,0,blank,0,-323,-105,228736,228871,135
100,0,blank,0,-323,-105,228871,228953,82
100,0,blank,0,-323,-105,228953,229102,149
100,0,blank,0,-323,-105,229102,229241,139
100,0,blank,0,-323,-105,229241,229352,111
100,0,blank,0,-323,-105,229352,229461,109
100,0,blank,0,-323,-105,229461,229555,94
100,0,blank,0,-323,-105,229555,229698,143
100,0,blank,0,-323,-105,229698,229858,160
100,0,blank,0,-323,-105,229858,229935,77
100,0,blank,0,-323,-105,229935,230197,262
100,0,blank,0,-323,-105,230197,230291,94
100,0,blank,0,-323,-105,230291,230410,119
100,0,blank,0,-323,-105,230410,230491,81
100,0,blank,0,-323,-105,230491,230681,190
100,0,blank,0,-323,-105,230681,230761,80
100,0,blank,0,-323,-105,230761,230927,166
100,0,blank,0,-323,-105,230927,231096,169
100,0,blank,0,-323,-105,231096,231262,166
100,0,blank,0,-323,-105,231262,231450,188
100,0,blank,0,-323,-105,231450,231491,41
100,0,blank,0,-323,-105,231564,231760,196
100,0,blank,0,-323,-105,231760,231955,195
100,0,blank,0,-323,-105,231955,232139,184
100,0,blank,0,-323,-105,232139,232327,188
100,0,blank,0,-323,-105,232327,232469,142
100,0,blank,0,-323,-105,232469,232602,133
100,0,blank,0,-323,-105,232602,232765,163
100,0,blank,0,-323,-105,232765,232934,169
100,0,blank,0,-323,-105,232934,233140,206
100,0,blank,0,-323,-105,233140,233307,167
100,0,blank,0,-323,-105,233307,233474,167
100,0,blank,0,-323,-105,233474,233662,188
100,0,blank,0,-323,-105,233662,233860,198
100,0,blank,0,-323,-105,233860,234052,192
100,0,blank,0,-323,-105,234052,234241,189
100,0,blank,0,-323,-105,234241,234425,184
100,0,blank,0,-323,-105,234425,234590,165
100,0,blank,0,-323,-105,234590,234781,191
100,0,blank,0,-323,-105,234781,234970,189
100,0,blank,0,-323,-105,234970,235166,196
100,0,blank,0,-323,-105,235166,235348,182
100,0,blank,0,-323,-105,235348,235519,171
100,0,blank,0,-323,-105,235519,235642,123
100,0,blank,0,-323,-105,235642,235741,99
100,0,blank,0,-323,-105,235741,235918,177
100,0,blank,0,-323,-105,235918,236094,176
100,0,blank,0,-323,-105,236094,236240,146
100,0,blank,0,-323,-105,236240,236427,187
100,0,blank,0,-323,-105,236427,236607,180
100,0,blank,0,-323,-105,236607,236783,176
100,0,blank,0,-323,-105,236783,236958,175
100,0,blank,0,-323,-105,236958,237134,176
100,0,blank,0,-323,-105,237134,237310,176
100,0,blank,0,-323,-105,237310,237493,183
100,0,blank,0,-323,-105,237493,237672,179
100,0,blank,0,-323,-105,237672,237851,179
100,0,blank,0,-323,-105,237851,238031,180
100,0,blank,0,-323,-105,238031,238079,48
100,0,blank,0,-323,-105,238079,238454,375
100,0,blank,0,-323,-105,238454,238596,142
100,0,blank,0,-323,-105,238596,238693,97
100,0,blank,0,-323,-105,238693,238863,170
100,0,blank,0,-323,-105,238863,239048,185
100,0,blank,0,-323,-105,239048,239223,175
100,0,blank,0,-323,-105,239223,239397,174
100,0,blank,0,-323,-105,239397,239576,179
100,0,blank,0,-323,-105,239576,239732,156
100,0,blank,0,-323,-105,239732,239846,114
100,0,blank,0,-323,-105,239846,239958,112
100,0,blank,0,-323,-105,239958,240083,125
100,0,blank,0,-323,-105,240083,240224,141
100,0,blank,0,-323,-105,240224,240385,161
100,0,blank,0,-323,-105,240385,240625,240
100,0,blank,0,-323,-105,240625,240802,177
100,0,blank,0,-323,-105,240802,240980,178
100,0,blank,0,-323,-105,240980,241159,179
100,0,blank,0,-323,-105,241159,241338,179
100,0,blank,0,-323,-105,241338,241460,122
100,0,blank,0,-323,-105,241460,241684,224
100,0,blank,0,-323,-105,241684,241709,25
100,0,blank,0,-323,-105,241709,242205,496
100,0,blank,0,-323,-105,242205,242694,489
100,0,blank,0,-323,-105,242694,242870,176
100,0,blank,0,-323,-105,242870,243045,175
100,0,blank,0,-323,-105,243045,243219,174
100,0,blank,0,-323,-105,243219,243394,175
100,0,blank,0,-323,-105,243394,243516,122
100,0,blank,0,-323,-105,243516,243701,185
100,0,blank,0,-323,-105,243701,243877,176
100,0,blank,0,-323,-105,243877,244057,180
100,0,blank,0,-323,-105,244057,244255,198
100,0,blank,0,-323,-105,244255,244431,176
100,0,blank,0,-323,-105,244431,244552,121
100,0,blank,0,-323,-105,244552,244786,234
100,0,blank,0,-323,-105,244786,244811,25
100,0,blank,0,-323,-105,244811,245162,351
100,0,blank,0,-323,-105,245162,245507,345
100,0,blank,0,-323,-105,245507,245691,184
100,0,blank,0,253.331825,393.77045,245819,245958,139
100,0,blank,0,177.410033333333,200.196266666667,246227,246347,120
100,0,blank,0,181.4659,155.0773,246389,246432,43
100,0,blank,0,-323,-105,246474,246555,81
100,8,10,51,181.0689,162.12,246580,246606,26
100,8,10,51,174.368066666667,165.608866666667,246671,246749,78
100,0,blank,0,171.6083,244.3669,246778,246807,29
100,0,blank,0,-323,-105,247257,247396,139
100,0,blank,0,-323,-105,247396,247578,182
100,0,blank,0,-323,-105,247578,247759,181
100,0,blank,0,-323,-105,247759,247949,190
100,0,blank,0,-323,-105,247949,248137,188
100,0,blank,0,-323,-105,248137,248241,104
100,0,blank,0,-323,-105,248241,248604,363
100,0,blank,0,-323,-105,248604,248788,184
100,0,blank,0,-323,-105,248788,248965,177
100,0,blank,0,-323,-105,248965,249105,140
100,0,blank,0,-323,-105,249105,249480,375
100,11,10,91,131.382433333333,236.357483333333,249659,249858,199
100,0,blank,0,-323,-105,249888,249992,104
100,8,%,50,220.9622,157.738866666667,250093,250257,164
100,0,blank,0,210.3903,169.1347,250257,250412,155
100,8,),49,198.23585,176.63505,250412,250593,181
100,8,10,51,236.27606,169.36156,250593,250775,182
100,8,10,51,249.367166666667,168.588033333333,250775,250955,180
100,0,blank,0,230.6053,178.33555,250955,251012,57
100,0,blank,0,-323,-105,251042,251147,105
100,0,blank,0,211.308414285714,175.556557142857,251175,251369,194
100,0,blank,0,221.6168,180.173066666667,251369,251550,181
100,9,(,62,245.8049,186.3804,251550,251577,27
100,0,blank,0,521.895666666667,24.6117666666667,251607,251793,186
100,0,blank,0,189.695716666667,187.611933333333,251860,252049,189
100,9,&&,65,228.26295,189.857016666667,252049,252233,184
100,0,blank,0,227.376583333333,174.50125,252233,252412,179
100,9,&&,65,234.05615,179.033,252412,252589,177
100,9,&&,65,233.944816666667,184.33025,252589,252767,178
100,8,10,51,239.503725,166.479,252767,252887,120
100,0,blank,0,-323,-105,252946,253047,101
100,0,blank,0,264.7703,143.17255,253076,253182,106
100,0,blank,0,572.358966666667,-38.8178,253212,253410,198
100,0,blank,0,629.37645,-55.40895,253410,253469,59
100,9,),68,205.5333,187.463066666667,253529,253710,181
100,9,),68,203.3684,182.97885,253710,253769,59
100,16,printf,106,52.07855,349.9996,253798,253994,196
100,0,blank,0,29.1428333333333,348.1901,253994,254114,120
100,0,blank,0,-188.5092,434.2135,254145,254330,185
100,0,blank,0,-192.46045,438.493233333333,254330,254515,185
100,0,blank,0,-279.8245,423.423966666667,254515,254699,184
100,0,blank,0,-267.85925,387.258983333333,254699,254882,183
100,0,blank,0,-266.195333333333,349.216066666667,254882,254974,92
100,0,blank,0,-266.496566666667,682.357683333333,255005,255189,184
100,0,blank,0,-264.914183333333,683.919566666667,255189,255378,189
100,0,blank,0,-212.635833333333,694.0726,255378,255472,94
100,0,blank,0,567.064183333333,723.33395,255567,255753,186
100,0,blank,0,540.588166666667,746.8969,255753,255941,188
100,0,blank,0,509.109,747.27375,255941,256064,123
100,0,blank,0,-323,-105,256095,256208,113
100,0,blank,0,121.1734,87.27642,256235,256381,146
100,10,return,69,154.697183333333,213.249183333333,256414,256607,193
100,11,*,86,147.9891,223.19245,256607,256671,64
100,0,blank,0,36.3004,263.5299,256703,256766,63
100,0,blank,0,-323,-105,256798,256906,108
100,11,return,83,86.8082,233.8477,256935,256976,41
100,10,return,69,168.0018,215.724266666667,257041,257214,173
100,10,return,69,139.791733333333,205.81895,257214,257398,184
100,0,blank,0,186.8617,188.593416666667,257398,257583,185
100,0,blank,0,215.113333333333,184.832566666667,257583,257769,186
100,0,blank,0,182.433216666667,187.166583333333,257769,257957,188
100,9,b,66,175.7527,185.7706,257957,258021,64
100,9,&&,65,321.4565,194.05345,258052,258242,190
100,9,a,64,295.846,187.359666666667,258242,258432,190
100,0,blank,0,265.486383333333,200.363216666667,258432,258621,189
100,0,blank,0,216.251,188.277766666667,258621,258810,189
100,9,),68,206.99975,190.3309,258810,258874,64
100,0,blank,0,-323,-105,258937,259041,104
100,9,),68,201.952066666667,188.3327,259067,259241,174
100,9,),68,206.8945,189.1243,259241,259303,62
100,9,(,62,92.4847333333333,183.56625,259335,259524,189
100,0,blank,0,94.4627166666667,182.745216666667,259524,259711,187
100,9,(,62,89.77516,188.44482,259711,259866,155
100,0,blank,0,-323,-105,259898,260039,141
100,9,&&,65,240.3023,186.15215,260067,260243,176
100,9,(,62,245.2747,180.0164,260243,260274,31
100,0,blank,0,391.177383333333,195.7062,260306,260495,189
100,0,blank,0,395.22875,186.4792,260495,260557,62
100,9,),68,213.132525,191.733025,260588,260756,168
100,9,b,66,178.492733333333,183.686666666667,260756,260944,188
100,8,=,44,108.773766666667,174.636083333333,260944,261132,188
100,8,n,46,140.378383333333,172.679533333333,261132,261319,187
100,8,/,47,157.379725,165.7377,261319,261445,126
100,0,blank,0,-323,-105,261476,261608,132
100,9,&&,65,151.653283333333,192.187133333333,261633,261805,172
100,11,(,88,110.27555,225.657366666667,261805,261991,186
100,0,blank,0,92.98022,248.71054,261991,262144,153
100,0,blank,0,188.2268,189.4635,262174,262270,96
100,0,blank,0,-323,-105,262301,262357,56
100,9,b,66,177.174616666667,194.542516666667,262464,262637,173
100,10,return,69,176.523116666667,207.94065,262637,262825,188
100,0,blank,0,188.691,201.1755,262825,262856,31
100,0,blank,0,-323,-105,262887,263050,163
100,11,10,91,125.569433333333,226.355916666667,263078,263252,174
100,11,10,91,126.497166666667,237.204766666667,263252,263439,187
100,11,return,83,64.3208666666667,230.0018,263439,263622,183
100,11,10,91,129.780516666667,237.2236,263622,263797,175
100,0,blank,0,163.916842857143,270.322971428571,263797,263990,193
100,0,blank,0,211.807957142857,281.723185714286,263990,264184,194
100,0,blank,0,221.81276,262.96864,264184,264323,139
100,0,blank,0,-323,-105,264351,264406,55
100,16,binary_to_gray,110,180.2208,341.1131,264432,264457,25
100,11,binary_to_gray,87,163.603971428571,240.354657142857,264508,264694,186
100,0,blank,0,113.737042857143,244.1095,264694,264886,192
100,0,blank,0,108.7632,266.467328571429,264886,265080,194
100,0,blank,0,68.8969666666667,265.0475,265080,265246,166
100,0,blank,0,-323,-105,265274,265377,103
100,0,blank,0,114.394128571429,254.220085714286,265509,265696,187
100,0,blank,0,104.764671428571,266.984328571429,265696,265894,198
100,11,10,91,120.56446,233.69068,265894,266035,141
100,0,blank,0,-323,-105,266063,266166,103
100,10,return,69,134.1682,204.6805,266216,266278,62
100,0,blank,0,119.217685714286,205.698228571429,266339,266533,194
100,9,&&,65,122.242016666667,183.109766666667,266533,266716,183
100,0,blank,0,121.68445,191.837466666667,266716,266909,193
100,9,&&,65,132.03734,194.53718,266909,267069,160
100,0,blank,0,-323,-105,267100,267208,108
100,8,=,44,105.8191,169.3877,267238,267263,25
100,0,blank,0,91.9653,532.3855,267315,267347,32
100,0,blank,0,-323,-105,267485,267661,176
100,0,blank,0,-323,-105,267661,267846,185
100,0,blank,0,-323,-105,267846,267992,146
100,0,blank,0,-323,-105,267992,268126,134
100,0,blank,0,-323,-105,268126,268309,183
100,0,blank,0,-323,-105,268309,268489,180
100,0,blank,0,-323,-105,268489,268670,181
100,0,blank,0,-323,-105,268670,268857,187
100,0,blank,0,-323,-105,268857,269052,195
100,0,blank,0,-323,-105,269052,269230,178
100,0,blank,0,-323,-105,269230,269326,96
100,0,blank,0,-323,-105,269326,269524,198
100,0,blank,0,-323,-105,269524,269705,181
100,0,blank,0,-323,-105,269705,269889,184
100,0,blank,0,-323,-105,269889,270068,179
100,0,blank,0,-323,-105,270068,270228,160
100,0,blank,0,-323,-105,270228,270379,151
100,0,blank,0,-323,-105,270379,270542,163
100,0,blank,0,-323,-105,270542,270674,132
100,0,blank,0,-323,-105,270674,270965,291
100,0,blank,0,-323,-105,270965,271105,140
100,0,blank,0,-323,-105,271105,271245,140
100,0,blank,0,-323,-105,271245,271410,165
100,0,blank,0,-323,-105,271410,271588,178
100,0,blank,0,-323,-105,271588,271766,178
100,0,blank,0,-323,-105,271766,271946,180
100,0,blank,0,-323,-105,271946,272126,180
100,0,blank,0,-323,-105,272126,272278,152
100,0,blank,0,-323,-105,272278,272453,175
100,0,blank,0,-323,-105,272453,272553,100
100,0,blank,0,-323,-105,272553,272793,240
100,0,blank,0,-323,-105,272793,272956,163
100,0,blank,0,-323,-105,272956,273133,177
100,0,blank,0,-323,-105,273133,273313,180
100,0,blank,0,-323,-105,273313,273488,175
100,0,blank,0,-323,-105,273488,273627,139
100,0,blank,0,-323,-105,273627,273884,257
100,0,blank,0,-323,-105,273884,274138,254
100,0,blank,0,-323,-105,274138,274392,254
100,0,blank,0,-323,-105,274392,274568,176
100,0,blank,0,-323,-105,274568,274746,178
100,0,blank,0,-323,-105,274746,274924,178
100,0,blank,0,-323,-105,274924,275123,199
100,0,blank,0,-323,-105,275123,275318,195
100,0,blank,0,-323,-105,275318,275495,177
100,0,blank,0,-323,-105,275495,275557,62
100,0,blank,0,-323,-105,275557,275884,327
100,0,blank,0,-323,-105,275884,276081,197
100,0,blank,0,-323,-105,276081,276247,166
100,0,blank,0,-323,-105,276247,276417,170
100,0,blank,0,-323,-105,276417,276614,197
100,0,blank,0,-323,-105,276614,276770,156
100,0,blank,0,-323,-105,276770,276932,162
100,0,blank,0,-323,-105,276932,277115,183
100,0,blank,0,-323,-105,277115,277290,175
100,0,blank,0,-323,-105,277290,277459,169
100,0,blank,0,-323,-105,277459,277650,191
100,0,blank,0,-323,-105,277650,277826,176
100,0,blank,0,-323,-105,277826,278024,198
100,0,blank,0,-323,-105,278024,278201,177
100,0,blank,0,-323,-105,278201,278397,196
100,0,blank,0,-323,-105,278397,278582,185
100,0,blank,0,-323,-105,278582,278770,188
100,0,blank,0,-323,-105,278770,278937,167
100,0,blank,0,-323,-105,278937,279128,191
100,0,blank,0,-323,-105,279128,279314,186
100,0,blank,0,-323,-105,279314,279488,174
100,0,blank,0,-323,-105,279488,279681,193
100,0,blank,0,-323,-105,279681,279788,107
100,0,blank,0,-323,-105,279788,280663,875
100,0,blank,0,-323,-105,280663,280844,181
100,0,blank,0,-323,-105,280844,280989,145
100,0,blank,0,-323,-105,280989,281492,503
100,0,blank,0,-323,-105,281492,281594,102
100,0,blank,0,-323,-105,281594,281742,148
100,0,blank,0,-323,-105,281742,281910,168
100,0,blank,0,-323,-105,281910,282050,140
100,0,blank,0,-323,-105,282050,282173,123
100,0,blank,0,-323,-105,282173,282317,144
100,0,blank,0,-323,-105,282317,283776,1459
100,0,blank,0,-323,-105,283776,283943,167
100,0,blank,0,-323,-105,283943,284118,175
100,0,blank,0,-323,-105,284118,284305,187
100,0,blank,0,-323,-105,284305,284426,121
100,0,blank,0,-323,-105,284426,284623,197
100,0,blank,0,-323,-105,284623,284819,196
100,0,blank,0,-323,-105,284819,285011,192
100,0,blank,0,-323,-105,285011,285203,192
100,0,blank,0,-323,-105,285203,285379,176
100,0,blank,0,-323,-105,285379,285559,180
100,0,blank,0,-323,-105,285559,285731,172
100,0,blank,0,-323,-105,285731,285896,165
100,0,blank,0,-323,-105,285896,286055,159
100,0,blank,0,-323,-105,286055,286199,144
100,0,blank,0,-323,-105,286199,286368,169
100,0,blank,0,-323,-105,286368,286616,248
100,0,blank,0,-323,-105,286616,286794,178
100,0,blank,0,-323,-105,286794,286926,132
100,0,blank,0,-323,-105,286926,287154,228
100,0,blank,0,-323,-105,287154,287229,75
100,0,blank,0,-323,-105,287229,287621,392
100,0,blank,0,-323,-105,287621,287816,195
100,0,blank,0,-323,-105,287816,287989,173
100,0,blank,0,-323,-105,287989,288868,879
100,0,blank,0,-323,-105,288868,289036,168
100,0,blank,0,-323,-105,289036,289196,160
100,0,blank,0,-323,-105,289196,289237,41
100,0,blank,0,-323,-105,289237,289449,212
100,0,blank,0,-323,-105,289449,289559,110
100,0,blank,0,-323,-105,289559,289670,111
100,0,blank,0,-323,-105,289670,289849,179
100,0,blank,0,-323,-105,289849,290020,171
100,0,blank,0,-323,-105,290020,290054,34
100,0,blank,0,-323,-105,290054,290273,219
100,0,blank,0,-323,-105,290273,290340,67
100,0,blank,0,-323,-105,290340,290556,216
100,0,blank,0,-323,-105,290556,290730,174
100,0,blank,0,-323,-105,290730,290817,87
100,0,blank,0,234.8108,384.1188,290924,290950,26
100,0,blank,0,-323,-105,291447,291588,141
100,0,blank,0,-323,-105,291677,291815,138
100,9,&&,65,315.292,197.6296,292221,292439,218
100,0,blank,0,124.888875,261.73115,292535,292720,185
100,10,return,69,161.143975,217.09885,292763,292919,156
100,10,return,69,144.3329,211.4971,292919,293008,89
100,0,blank,0,273.8118,259.4893,293355,293546,191
100,0,blank,0,269.0149,244.911183333333,293546,293733,187
100,0,blank,0,179.965833333333,258.997733333333,293733,293915,182
100,0,blank,0,161.1516,247.657275,293915,294102,187
100,0,blank,0,137.59925,256.10345,294102,294254,152
100,0,blank,0,-323,-105,295049,295100,51
100,0,blank,0,-323,-105,295100,295288,188
100,0,blank,0,-323,-105,295288,295704,416
100,0,blank,0,-323,-105,295704,295818,114
100,11,*,86,145.059266666667,227.197733333333,295908,296034,126
100,0,blank,0,262.3836,265.736466666667,296076,296199,123
100,0,blank,0,-323,-105,296591,296754,163
100,0,blank,0,-323,-105,296754,296805,51
100,0,blank,0,-323,-105,296805,298957,2152
100,0,blank,0,-323,-105,298957,298996,39
100,0,blank,0,-323,-105,298996,299500,504
100,0,blank,0,-323,-105,299500,299552,52
100,0,blank,0,-323,-105,299552,299729,177
100,0,blank,0,-323,-105,299729,299921,192
100,0,blank,0,-323,-105,299921,300085,164
100,0,blank,0,-323,-105,300085,300274,189
100,0,blank,0,-323,-105,300274,300528,254
100,0,blank,0,-323,-105,300528,300600,72
100,0,blank,0,-323,-105,300600,300795,195
100,0,blank,0,-323,-105,300795,300942,147
100,0,blank,0,-323,-105,300942,301345,403
100,0,blank,0,-323,-105,301345,301445,100
100,0,blank,0,-323,-105,301445,301560,115
100,0,blank,0,-323,-105,301560,302414,854
100,0,blank,0,-323,-105,302414,302476,62
100,0,blank,0,-323,-105,302476,302785,309
100,0,blank,0,-323,-105,302785,302928,143
100,0,blank,0,-323,-105,302928,303105,177
100,0,blank,0,-323,-105,303105,303243,138
100,0,blank,0,-323,-105,303243,303417,174
100,0,blank,0,-323,-105,303417,303489,72
100,0,blank,0,186.55758,217.6642,303508,303685,177
100,0,blank,0,117.6113,185.3228,303796,303862,66
100,0,blank,0,77.736,203.3775,303919,303945,26
100,0,blank,0,-323,-105,303972,304117,145
100,0,blank,0,-323,-105,304117,304307,190
100,0,blank,0,-323,-105,304307,304485,178
100,0,blank,0,-323,-105,304485,304607,122
100,11,binary_to_gray,87,214.80668,227.96832,304876,305057,181
100,0,blank,0,177.5974,247.3016,305057,305115,58
100,0,blank,0,-323,-105,305143,305197,54
100,16,binary_to_gray,110,287.3815,352.0804,305223,305248,25
100,11,binary_to_gray,87,321.167428571429,225.959757142857,305298,305483,185
100,0,blank,0,310.1925,254.1751,305483,305569,86
100,11,binary_to_gray,87,315.164,236.663666666667,305624,305709,85
100,0,blank,0,171.087028571429,250.647342857143,305738,305935,197
100,0,blank,0,165.563342857143,268.2142,305935,306134,199
100,0,blank,0,167.661975,254.00185,306134,306248,114
100,11,/,90,367.848683333333,228.796283333333,306276,306449,173
100,11,/,90,368.6509,239.551633333333,306449,306534,85
100,11,binary_to_gray,87,207.580833333333,231.4279,306592,306765,173
100,11,binary_to_gray,87,206.102733333333,238.133616666667,306765,306937,172
100,11,binary_to_gray,87,199.2572,226.888483333333,306937,307109,172
100,0,blank,0,192.9821,222.25705,307109,307283,174
100,11,binary_to_gray,87,194.5266,229.167033333333,307283,307455,172
100,0,blank,0,-323,-105,307483,307563,80
100,11,binary_to_gray,87,168.730214285714,243.418714285714,307648,307839,191
100,0,blank,0,164.080666666667,250.984533333333,307839,308011,172
100,0,blank,0,165.502033333333,254.652716666667,308011,308182,171
100,0,blank,0,161.805266666667,252.234183333333,308182,308354,172
100,11,binary_to_gray,87,165.491133333333,228.59555,308354,308524,170
100,0,blank,0,-323,-105,308552,308605,53
100,0,blank,0,295.8596,457.0878,308631,308656,25
100,11,binary_to_gray,87,323.20585,227.9271,308705,308805,100
100,0,blank,0,329.51354,230.32164,308862,309007,145
100,11,binary_to_gray,87,195.315166666667,234.618033333333,309036,309209,173
100,0,blank,0,184.75515,247.908525,309209,309324,115
100,0,blank,0,-323,-105,309381,309457,76
100,11,binary_to_gray,87,193.1911,242.9316,309482,309528,46
100,11,binary_to_gray,87,192.4758,233.809,309588,309780,192
100,0,blank,0,186.2305,254.4832,309780,309809,29
100,10,binary_to_gray,75,322.22015,217.875383333333,309838,310011,173
100,11,(,88,336.995971428571,227.825371428571,310011,310209,198
100,0,blank,0,376.972175,253.6797,310209,310322,113
100,15,int,101,53.5245285714286,321.9024,310351,310550,199
100,15,int,101,55.5564333333333,330.627366666667,310550,310722,172
100,0,blank,0,57.0480333333333,374.727166666667,310722,310893,171
100,0,blank,0,90.4796333333333,363.547483333333,310893,311065,172
100,16,(,111,111.372833333333,353.367233333333,311065,311235,170
100,0,blank,0,95.1099,374.857933333333,311235,311408,173
100,0,blank,0,71.492,378.2227,311408,311483,75
100,0,blank,0,201.3676,332.0711,311571,311760,189
100,16,binary_to_gray,110,203.9248,343.21745,311760,311860,100
100,0,blank,0,30.30055,333.03475,311889,312063,174
100,16,printf,106,98.7660833333333,333.098283333333,312063,312235,172
100,16,"%d",108,129.926016666667,337.850833333333,312235,312410,175
100,0,blank,0,196.727516666667,354.49365,312410,312583,173
100,0,blank,0,194.4204,355.69295,312583,312640,57
100,0,blank,0,45.47185,358.595233333333,312668,312841,173
100,0,blank,0,59.6792666666667,362.5149,312841,313014,173
100,16,"%d",108,134.2778,351.67045,313014,313071,57
100,0,blank,0,-323,-105,313099,313179,80
100,0,blank,0,190.0441,448.7821,313204,313230,26
100,0,blank,0,212.571357142857,375.745157142857,313279,313464,185
100,0,blank,0,250.458666666667,375.4423,313464,313551,87
100,0,blank,0,74.7323833333333,394.65305,313580,313752,172
100,0,blank,0,47.4064833333333,378.963566666667,313752,313923,171
100,0,blank,0,25.2755166666667,379.789816666667,313923,314095,172
100,0,blank,0,28.68685,320.667,314095,314266,171
100,15,int,101,44.5239285714286,325.935728571429,314266,314465,199
100,0,blank,0,40.1877333333333,355.27195,314465,314637,172
100,0,blank,0,33.4129,379.3151,314637,314694,57
100,0,blank,0,-323,-105,314751,314891,140
100,16,"%d",108,142.852185714286,349.608814285714,314918,315109,191
100,11,binary_to_gray,87,216.418333333333,238.083983333333,315138,315312,174
100,0,blank,0,220.978283333333,250.156566666667,315312,315484,172
100,11,binary_to_gray,87,294.942783333333,235.4169,315484,315656,172
100,10,binary_to_gray,75,320.8707,218.8997,315656,315684,28
100,0,blank,0,305.328,251.307066666667,315712,315799,87
100,0,blank,0,123.953566666667,399.6536,315828,316000,172
100,0,blank,0,130.32904,406.08632,316000,316144,144
100,0,blank,0,-81.5684,391.9314,316203,316320,117
100,0,blank,0,109.40915,359.5319,316349,316523,174
100,16,"%d",108,116.236,340.4214,316523,316552,29
100,0,blank,0,211.234466666667,377.5303,316581,316756,175
100,0,blank,0,295.592533333333,372.251033333333,316756,316929,173
100,0,blank,0,309.948333333333,355.663,316929,317014,85
100,0,blank,0,309.118,369.071,317072,317100,28
100,0,blank,0,132.6657,377.924633333333,317129,317303,174
100,0,blank,0,140.6414,370.6201,317303,317332,29
100,0,blank,0,-323,-105,317360,317414,54
100,0,blank,0,201.6724,560.7133,317440,317465,25
100,16,binary_to_gray,110,220.154185714286,351.241142857143,317516,317709,193
100,0,blank,0,205.268266666667,359.171383333333,317709,317898,189
100,16,binary_to_gray,110,213.1312,348.9399,317898,317931,33
100,0,blank,0,317.78815,354.951533333333,317965,318158,193
100,16,binary_to_gray,110,286.89026,343.28784,318158,318330,172
100,16,binary_to_gray,110,281.878625,346.4465,318330,318465,135
100,0,blank,0,-323,-105,318500,318690,190
100,15,binary_number,102,115.7764,319.6341,318725,319031,306
100,15,binary_number,102,119.461766666667,319.854766666667,319031,319217,186
100,15,binary_number,102,187.947033333333,319.21645,319217,319404,187
100,15,11101,104,259.3284,313.03975,319404,319591,187
100,0,blank,0,311.5751,326.1008,319591,319716,125
100,0,blank,0,-323,-105,319747,319880,133
100,0,blank,0,366.6277,315.2856,319931,319994,63
100,0,blank,0,370.8613,329.5212,320064,320089,25
100,0,blank,0,217.436533333333,328.719233333333,320117,320308,191
100,0,blank,0,208.4925,357.47645,320308,320372,64
100,0,blank,0,-323,-105,320403,320484,81
100,0,blank,0,-36.8862,359.937,320510,320536,26
100,0,blank,0,-45.97235,353.4791,320596,320647,51
100,15,11101,104,262.7587,329.653066666667,320678,320864,186
100,15,11101,104,267.088425,331.54525,320864,320988,124
100,16,printf,106,91.46495,334.4169,321018,321203,185
100,16,printf,106,87.953775,333.04985,321203,321328,125
100,0,blank,0,314.956733333333,324.738633333333,321358,321542,184
100,16,binary_to_gray,110,298.38635,333.0622,321542,321605,63
100,15,binary_number,102,140.084325,329.953525,321637,321762,125
100,0,blank,0,-323,-105,321824,321927,103
100,15,11101,104,257.401683333333,313.940116666667,321952,322125,173
100,0,blank,0,333.405766666667,330.591266666667,322125,322314,189
100,16,binary_to_gray,110,304.101933333333,338.190616666667,322314,322502,188
100,16,binary_to_gray,110,312.380366666667,334.2165,322502,322596,94
100,15,binary_number,102,104.0671,328.538783333333,322628,322816,188
100,0,blank,0,98.4729,332.8832,322816,322879,63
100,0,blank,0,219.47605,329.190383333333,322910,323098,188
100,16,binary_to_gray,110,311.847133333333,334.550566666667,323098,323286,188
100,16,binary_number,112,329.12838,342.53538,323286,323443,157
100,0,blank,0,-323,-105,323475,323506,31
100,0,blank,0,392.644183333333,325.616983333333,323617,323795,178
100,0,blank,0,342.349116666667,332.121533333333,323795,323983,188
100,15,=,103,234.5323,330.679783333333,324015,324200,185
100,15,11101,104,250.851666666667,327.41615,324200,324387,187
100,16,binary_to_gray,110,299.54605,336.3165,324387,324449,62
100,0,blank,0,-323,-105,324480,324511,31
100,0,blank,0,352.870333333333,328.024866666667,324615,324787,172
100,16,binary_to_gray,110,305.2583,333.494166666667,324787,324974,187
100,15,11101,104,273.6707,322.1573,324974,325037,63
100,0,blank,0,-323,-105,325068,325175,107
100,0,blank,0,322.968216666667,326.533766666667,325290,325465,175
100,16,binary_number,112,344.870275,333.456125,325465,325590,125
100,0,blank,0,167.5608,337.93275,325621,325683,62
100,0,blank,0,-323,-105,325715,325823,108
100,15,=,103,223.4824,326.0274,325848,325875,27
100,15,=,103,223.929275,329.7275,325940,326054,114
100,0,blank,0,354.45895,321.7254,326085,326272,187
100,0,blank,0,358.361266666667,319.754116666667,326272,326457,185
100,0,blank,0,90.4517333333333,300.3047,326488,326673,185
100,0,blank,0,101.4544,306.508516666667,326673,326860,187
100,15,binary_number,102,212.24005,312.13045,326860,327048,188
100,0,blank,0,-323,-105,327111,327193,82
100,0,blank,0,219.6414,315.1464,327218,327253,35
100,0,blank,0,222.262125,327.1755,327319,327439,120
100,0,blank,0,-323,-105,327470,327655,185
100,0,blank,0,-323,-105,327655,327833,178
100,0,blank,0,-323,-105,327833,328012,179
100,0,blank,0,-323,-105,328012,328150,138
100,0,blank,0,117.946225,249.468475,328179,328348,169
100,15,binary_number,102,189.293783333333,313.237466666667,328382,328578,196
100,0,blank,0,250.10264,309.31142,328578,328747,169
100,0,blank,0,222.351383333333,312.82525,328747,328939,192
100,0,blank,0,222.28535,302.90325,328939,329002,63
100,0,blank,0,-323,-105,329067,329183,116
100,15,binary_number,102,123.126516666667,316.264066666667,329213,329394,181
100,0,blank,0,235.700483333333,307.9773,329394,329583,189
100,0,blank,0,-323,-105,329614,329721,107
100,0,blank,0,209.71,309.2154,329760,329812,52
100,0,blank,0,216.65978,308.32204,329882,330032,150
100,15,int,101,65.13,312.811416666667,330063,330255,192
100,15,int,101,73.9166,327.2242,330255,330286,31
100,0,blank,0,-323,-105,330319,330402,83
100,15,binary_number,102,150.9742,325.7382,330427,330463,36
100,15,binary_number,102,153.0969,317.888,330531,330556,25
100,0,blank,0,-323,-105,330586,330695,109
100,15,binary_number,102,209.830866666667,327.975616666667,330832,331020,188
100,16,binary_to_gray,110,238.59285,345.742466666667,331020,331208,188
100,0,blank,0,237.473,354.443833333333,331208,331391,183
100,16,binary_to_gray,110,236.940966666667,348.898316666667,331391,331573,182
100,16,binary_to_gray,110,235.270833333333,346.64565,331573,331753,180
100,15,binary_number,102,204.7464,328.5646,331753,331855,102
100,0,blank,0,244.00395,311.6817,332026,332171,145
100,15,11101,104,245.02102,315.94098,332171,332364,193
100,15,binary_number,102,183.53565,320.135383333333,332364,332550,186
100,16,binary_to_gray,110,175.9966,341.9803,332550,332580,30
100,0,blank,0,-323,-105,332612,332642,30
100,15,binary_number,102,208.827433333333,315.239383333333,332717,332892,175
100,0,blank,0,212.027066666667,308.726783333333,332892,333082,190
100,15,binary_number,102,207.5242,326.2022,333082,333145,63
100,0,blank,0,-323,-105,333177,333286,109
100,0,blank,0,191.7089,296.4276,333337,333403,66
100,0,blank,0,229.55195,311.07665,333495,333673,178
100,15,=,103,229.498266666667,314.363766666667,333673,333859,186
100,15,=,103,229.783533333333,314.813216666667,333859,334044,185
100,0,blank,0,219.87705,322.21095,334044,334105,61
100,0,blank,0,-323,-105,334168,334348,180
100,0,blank,0,-323,-105,334348,334536,188
100,0,blank,0,-323,-105,334536,334708,172
100,0,blank,0,-323,-105,334708,334880,172
100,0,blank,0,-323,-105,334880,334917,37
100,0,blank,0,-323,-105,334917,335599,682
100,0,blank,0,-323,-105,335599,335710,111
100,0,blank,0,-323,-105,335710,335850,140
100,0,blank,0,-323,-105,335850,336092,242
100,0,blank,0,-323,-105,336092,336175,83
100,0,blank,0,218.377266666667,307.096266666667,336201,336285,84
100,0,blank,0,-323,-105,336316,336502,186
100,0,blank,0,-323,-105,336502,336680,178
100,0,blank,0,-323,-105,336680,336857,177
100,0,blank,0,-323,-105,336857,336998,141
100,0,blank,0,-323,-105,336998,337254,256
100,0,blank,0,-323,-105,337254,337508,254
100,0,blank,0,-323,-105,337508,337762,254
100,0,blank,0,-323,-105,337762,337938,176
100,0,blank,0,-323,-105,337938,338117,179
100,0,blank,0,-323,-105,338117,338228,111
100,0,blank,0,-323,-105,338228,338457,229
100,0,blank,0,-323,-105,338457,338924,467
100,0,blank,0,-323,-105,338924,339258,334
100,0,blank,0,-323,-105,339258,339908,650
100,0,blank,0,-323,-105,339908,340092,184
100,0,blank,0,-323,-105,340092,340228,136
100,0,blank,0,-323,-105,340228,340441,213
100,0,blank,0,-323,-105,340441,340530,89
100,0,blank,0,-323,-105,340530,340696,166
100,0,blank,0,-323,-105,340696,340873,177
100,0,blank,0,-323,-105,340873,341051,178
100,0,blank,0,-323,-105,341051,341166,115
100,0,blank,0,-323,-105,341166,341373,207
100,0,blank,0,-323,-105,341373,341494,121
100,0,blank,0,-323,-105,341494,341873,379
100,0,blank,0,-323,-105,341873,342064,191
100,0,blank,0,-323,-105,342064,342251,187
100,0,blank,0,-323,-105,342251,342416,165
100,0,blank,0,-323,-105,342416,342543,127
100,0,blank,0,-323,-105,342543,342739,196
100,0,blank,0,-323,-105,342739,343063,324
100,0,blank,0,-323,-105,343063,343453,390
100,0,blank,0,-323,-105,343453,343876,423
100,0,blank,0,-323,-105,343876,344040,164
100,0,blank,0,-323,-105,344040,344165,125
100,0,blank,0,-323,-105,344165,344338,173
100,0,blank,0,-323,-105,344338,344721,383
100,0,blank,0,-323,-105,344721,345094,373
100,16,binary_to_gray,110,279.139,344.5329,345456,345488,32
100,0,blank,0,631.805433333333,-103.818933333333,345584,345729,145
100,0,blank,0,691.66705,-103.876675,345776,345966,190
100,0,blank,0,606.0561,-103.8462,345966,346055,89
100,0,blank,0,-323,-105,346107,346254,147
100,10,10,79,243.5963,209.576583333333,346289,346468,179
100,10,10,79,243.445925,212.431,346468,346595,127
100,11,*,86,150.153633333333,231.495766666667,346627,346817,190
100,11,*,86,152.598733333333,234.79755,346817,347004,187
100,0,blank,0,155.758633333333,229.7586,347004,347195,191
100,0,blank,0,-323,-105,347257,347338,81
100,0,blank,0,329.875833333333,-103.871866666667,347593,347777,184
100,0,blank,0,357.570325,-103.85845,347777,347946,169
100,0,blank,0,353.329125,-103.8497,347946,348115,169
100,0,blank,0,-323,-105,348161,348353,192
100,0,blank,0,-323,-105,348353,348534,181
100,0,blank,0,-323,-105,348534,348708,174
100,0,blank,0,-323,-105,348708,348887,179
100,0,blank,0,-323,-105,348887,348918,31
100,0,blank,0,-323,-105,348918,349149,231
100,0,blank,0,-323,-105,349149,349381,232
100,0,blank,0,-323,-105,349381,349656,275
100,0,blank,0,-323,-105,349656,349832,176
100,0,blank,0,-323,-105,349832,349968,136
100,0,blank,0,-323,-105,349968,350142,174
100,0,blank,0,-323,-105,350734,350903,169
100,0,blank,0,-323,-105,350903,351080,177
100,0,blank,0,-323,-105,351080,351255,175
100,0,blank,0,-323,-105,351255,351438,183
100,0,blank,0,-323,-105,351438,351458,20
100,0,blank,0,-323,-105,351458,351761,303
100,0,blank,0,-323,-105,351761,351901,140
100,0,blank,0,-323,-105,351901,352006,105
100,0,blank,0,-323,-105,352006,352173,167
100,0,blank,0,-323,-105,352173,352246,73
100,0,blank,0,312.4574,316.6639,352321,352386,65
100,16,binary_to_gray,110,285.1279,352.7221,353021,353238,217
100,0,blank,0,233.5151,361.7645,353238,353300,62
100,11,binary_to_gray,87,262.216525,237.962825,353449,353637,188
100,11,binary_to_gray,87,266.686225,234.943225,353637,353812,175
100,9,),68,200.74216,191.54146,353812,353989,177
100,9,),68,196.6566,199.9115,353989,354020,31
100,0,blank,0,-323,-105,354051,354107,56
100,0,blank,0,184.94885,197.4861,354216,354394,178
100,9,a,64,107.613733333333,198.547116666667,354394,354575,181
100,9,a,64,107.58185,187.436925,354575,354699,124
100,0,blank,0,-323,-105,355285,355375,90
100,0,blank,0,-323,-105,355375,355507,132
100,0,blank,0,-323,-105,355507,355631,124
100,0,blank,0,-323,-105,355631,355754,123
100,0,blank,0,286.0307,252.64315,355827,356013,186
100,0,blank,0,347.11475,283.33225,356013,356141,128
100,0,blank,0,282.98935,257.28195,356178,356350,172
100,11,binary_to_gray,87,174.3678,238.076475,356350,356521,171
100,0,blank,0,123.7554,171.2553,356521,356563,42
100,9,&&,65,232.223216666667,185.823533333333,356607,356794,187
100,0,blank,0,188.900166666667,186.843816666667,356794,356981,187
100,0,blank,0,185.6886,192.0137,356981,357045,64
100,0,blank,0,-323,-105,357076,357132,56
100,0,blank,0,144.1084,268.2215,357157,357182,25
100,9,&&,65,124.866157142857,186.501114285714,357234,357432,198
100,9,&&,65,125.4193,186.100433333333,357432,357617,185
100,9,&&,65,127.545066666667,185.333883333333,357617,357802,185
100,9,&&,65,126.233016666667,182.36585,357802,357987,185
100,9,&&,65,125.961166666667,189.753233333333,357987,358078,91
100,0,blank,0,-323,-105,358109,358240,131
100,15,binary_number,102,142.46314,313.2605,358340,358488,148
100,0,blank,0,109.2895,442.4969,358488,358549,61
100,0,blank,0,114.9496,434.3896,358549,358745,196
100,0,blank,0,125.52335,358.4633,358745,358805,60
100,0,blank,0,-323,-105,358893,359020,127
100,9,&&,65,137.194375,195.678575,359389,359501,112
100,9,&&,65,144.3872,194.4417,359501,359691,190
100,10,return,69,145.7289,218.4244,359691,359716,25
100,0,blank,0,-323,-105,359745,359825,80
100,10,return,69,137.5954,219.9422,359896,360032,136
100,10,1,71,210.2314,219.9134,360032,360111,79
100,0,blank,0,-323,-105,360180,360368,188
100,0,blank,0,-323,-105,360368,360554,186
100,0,blank,0,-323,-105,360554,360726,172
100,0,blank,0,-323,-105,360726,360915,189
100,0,blank,0,-323,-105,360915,361080,165
100,0,blank,0,-323,-105,361080,361252,172
100,0,blank,0,-323,-105,361252,361432,180
100,0,blank,0,-323,-105,361432,361579,147
100,0,blank,0,-323,-105,361579,361743,164
100,0,blank,0,-323,-105,361743,361858,115
100,0,blank,0,-323,-105,361858,361968,110
100,0,blank,0,-323,-105,361968,362154,186
100,0,blank,0,-323,-105,362154,362464,310
100,0,blank,0,-323,-105,362464,362646,182
100,0,blank,0,-323,-105,362646,362826,180
100,0,blank,0,-323,-105,362826,363017,191
100,0,blank,0,-323,-105,363017,363200,183
100,0,blank,0,-323,-105,363200,363382,182
100,0,blank,0,-323,-105,363382,363571,189
100,0,blank,0,-323,-105,363571,363763,192
100,0,blank,0,-323,-105,363763,363943,180
100,0,blank,0,-323,-105,363943,364117,174
100,0,blank,0,-323,-105,364117,364257,140
100,0,blank,0,-323,-105,364257,364819,562
100,0,blank,0,-323,-105,364819,364988,169
100,0,blank,0,-323,-105,364988,365168,180
100,0,blank,0,-323,-105,365168,365351,183
100,0,blank,0,-323,-105,365351,365540,189
100,0,blank,0,-323,-105,365540,365734,194
100,0,blank,0,-323,-105,365734,365930,196
100,0,blank,0,-323,-105,365930,366129,199
100,0,blank,0,-323,-105,366129,366251,122
100,0,blank,0,505.4976,457.8331,366478,366565,87
100,0,blank,0,-323,-105,367007,367203,196
100,0,blank,0,-323,-105,367203,367656,453
100,13,void,96,34.1474714285714,271.213728571429,367692,367886,194
100,0,blank,0,90.34964,257.41656,367886,368033,147
100,0,blank,0,-323,-105,368062,368141,79
100,0,blank,0,188.9452,254.3897,368167,368193,26
100,11,binary_to_gray,87,189.176166666667,240.60115,368253,368423,170
100,13,void,96,8.13845000000001,280.150225,368453,368573,120
100,13,void,96,11.37818,284.48138,368573,368767,194
100,13,main,97,54.20606,275.20426,368767,368915,148
100,0,blank,0,21.591,147.6067,368948,369124,176
100,0,blank,0,23.9661166666667,119.73665,369124,369304,180
100,0,blank,0,27.3934666666667,93.9144666666667,369304,369486,182
100,7,int,35,71.8256833333333,139.707783333333,369486,369665,179
100,0,blank,0,81.1865333333333,133.730666666667,369665,369846,181
100,5,if,27,58.1325666666667,99.7658666666667,369846,370028,182
100,5,if,27,59.9658,100.179966666667,370028,370209,181
100,6,return,32,87.0163666666667,115.437333333333,370209,370389,180
100,0,blank,0,115.630016666667,111.100216666667,370389,370571,182
100,0,blank,0,114.23085,114.41825,370571,370632,61
100,0,blank,0,39.0987166666667,219.6669,370662,370844,182
100,0,blank,0,35.9853833333333,186.5106,370844,371028,184
100,0,blank,0,41.6720833333333,147.91805,371028,371209,181
100,0,blank,0,90.2338333333333,112.87315,371209,371395,186
100,0,blank,0,84.9649,98.5385,371395,371583,188
100,5,n,30,100.632966666667,104.300683333333,371583,371769,186
100,0,blank,0,116.546483333333,105.592233333333,371769,371954,185
100,0,blank,0,131.530933333333,112.68,371954,372136,182
100,0,blank,0,123.181733333333,109.0016,372136,372320,184
100,0,blank,0,113.5924,112.6328,372320,372381,61
100,0,blank,0,-323,-105,372443,372549,106
100,8,int,42,71.50005,164.5236,372574,372706,132
100,8,int,42,52.94735,167.8109,372706,372885,179
100,0,blank,0,79.57745,179.06305,372885,373057,172
100,0,blank,0,74.8467,175.760833333333,373057,373154,97
100,0,blank,0,-323,-105,373216,373374,158
100,0,blank,0,-323,-105,373374,373711,337
100,0,blank,0,-323,-105,373711,373876,165
100,0,blank,0,-323,-105,373876,374064,188
100,0,blank,0,-323,-105,374064,374215,151
100,0,blank,0,-323,-105,374215,374369,154
100,0,blank,0,-323,-105,376011,376208,197
100,0,blank,0,-323,-105,376208,376444,236
100,8,),49,194.817016666667,177.9965,376473,376650,177
100,9,&&,65,151.0994,186.5569,376650,376681,31
100,0,blank,0,-323,-105,376711,376843,132
100,0,blank,0,206.6494,166.221,376873,376915,42
100,8,%,50,223.165566666667,176.027066666667,376976,377059,83
100,0,blank,0,-323,-105,377090,377257,167
100,0,blank,0,-323,-105,377257,377389,132
100,9,&&,65,236.163333333333,198.392833333333,377422,377595,173
100,0,blank,0,189.366766666667,184.8413,377595,377774,179
100,8,/,47,153.12965,173.110766666667,377774,377956,182
100,8,n,46,143.6855,172.8498,377956,378109,153
100,0,blank,0,-323,-105,378139,378247,108
100,8,10,51,253.2839,171.351,378294,378351,57
100,8,10,51,250.836716666667,166.04285,378417,378594,177
100,11,binary_to_gray,87,250.3846,233.1405,378594,378626,32
100,0,blank,0,-323,-105,378657,378841,184
100,0,blank,0,-323,-105,378841,379019,178
100,0,blank,0,-323,-105,379019,379212,193
100,0,blank,0,-323,-105,379212,379408,196
100,0,blank,0,-323,-105,379408,379593,185
100,0,blank,0,-323,-105,379593,379690,97
100,0,blank,0,-323,-105,379690,380082,392
100,0,blank,0,-323,-105,380082,380276,194
100,0,blank,0,-323,-105,380276,380475,199
100,0,blank,0,-323,-105,380475,381056,581
100,0,blank,0,195.9708,265.714375,381640,381811,171
100,11,binary_to_gray,87,209.418833333333,237.996766666667,381811,381932,121
100,0,blank,0,118.41186,210.60698,382402,382580,178
100,11,10,91,118.469216666667,223.559883333333,382580,382762,182
100,0,blank,0,-323,-105,382794,382849,55
100,0,blank,0,255.0268,190.8978,382875,382901,26
100,0,blank,0,266.25865,155.197466666667,382959,383133,174
100,9,!,63,275.9096,180.4008,383133,383317,184
100,9,!,63,272.80128,181.8849,383317,383471,154
100,7,n,38,125.8551,151.958925,383502,383624,122
100,0,blank,0,129.707766666667,-53.92935,383655,383841,186
100,0,blank,0,132.321216666667,-47.5843333333333,383841,384022,181
100,0,blank,0,130.078,-56.0542,384022,384083,61
100,0,blank,0,355.9417,41.1958,384114,384146,32
100,0,blank,0,-323,-105,384176,384208,32
100,0,blank,0,418.3043,-49.3249,384233,384259,26
100,0,blank,0,419.1045,-58.83525,384318,384376,58
100,0,blank,0,592.860966666667,-44.3535833333333,384406,384592,186
100,0,blank,0,595.5517,-33.910975,384592,384715,123
100,0,blank,0,-323,-105,384746,384828,82
100,0,blank,0,265.5336,205.1027,384854,384880,26
100,10,10,79,262.702116666667,205.021883333333,384942,385117,175
100,1,to,8,311.0949,15.297975,385179,385293,114
100,0,blank,0,482.9366,-34.13875,385324,385508,184
100,0,blank,0,492.7662,-31.5280166666667,385508,385693,185
100,0,blank,0,513.527125,-36.5012,385693,385820,127
100,0,blank,0,389.940666666667,-49.2197833333333,385852,386036,184
100,0,blank,0,392.06,-35.7716,386036,386066,30
100,0,blank,0,-323,-105,386097,386128,31
100,9,&&,65,147.88425,198.80915,386235,386409,174
100,9,(,62,244.831333333333,195.440466666667,386409,386594,185
100,0,blank,0,219.236633333333,197.890916666667,386594,386778,184
100,9,&&,65,160.51162,187.21902,386778,386929,151
100,0,blank,0,-323,-105,386989,387042,53
100,0,blank,0,356.7238,302.7884,387067,387092,25
100,0,blank,0,382.464183333333,192.02035,387145,387317,172
100,0,blank,0,381.65915,197.764533333333,387317,387500,183
100,0,blank,0,311.2537,200.583116666667,387500,387684,184
100,9,!,63,279.49814,198.64162,387684,387835,151
100,0,blank,0,490.02645,-27.6550666666667,387866,388049,183
100,0,blank,0,490.073225,-33.4233,388049,388172,123
100,0,blank,0,862.2905,-60.0879333333333,388233,388420,187
100,0,blank,0,808.380166666667,-86.9074666666667,388420,388604,184
100,0,blank,0,809.050666666667,-82.4535,388604,388695,91
100,0,blank,0,994.332833333333,-77.7221666666667,388726,388918,192
100,0,blank,0,991.167,-70.55046,388918,389079,161
100,0,blank,0,757.656,-103.9833,389144,389177,33
100,0,blank,0,757.623,791.3112,389211,389275,64
100,0,blank,0,757.986,-103.994,389307,389374,67
100,0,blank,0,753.759,-103.979,389436,389470,34
100,0,blank,0,676.21045,793.06485,389503,389567,64
100,0,blank,0,675.8893,778.0032,389632,389663,31
100,0,blank,0,393.18962,776.69742,389695,389858,163
100,0,blank,0,-48.8846333333333,778.001983333333,389924,390120,196
100,0,blank,0,-117.6721,756.909233333333,390120,390313,193
100,0,blank,0,-256.060816666667,711.0151,390313,390503,190
100,0,blank,0,-259.649016666667,698.6041,390503,390693,190
100,0,blank,0,-265.3339,673.9328,390693,390725,32
100,0,blank,0,-323,-105,390756,390813,57
100,16,binary_to_gray,110,194.1498,341.6054,390839,390864,25
100,10,*,74,277.66535,203.289266666667,390932,391115,183
100,0,blank,0,299.130433333333,302.774816666667,391115,391304,189
100,0,blank,0,309.059916666667,327.628533333333,391304,391490,186
100,16,binary_to_gray,110,311.8615,335.0336,391490,391521,31
100,0,blank,0,-323,-105,391551,391583,32
100,15,binary_number,102,133.984583333333,324.455133333333,391659,391830,171
100,15,binary_number,102,168.742216666667,320.653683333333,391830,392015,185
100,0,blank,0,250.06165,296.04425,392015,392199,184
100,10,binary_to_gray,75,298.96594,213.4475,392199,392352,153
100,0,blank,0,-323,-105,392383,392494,111
100,0,blank,0,82.6916333333333,298.206916666667,392521,392694,173
100,0,blank,0,80.3841166666667,302.976783333333,392694,392881,187
100,0,blank,0,79.8298666666667,314.563166666667,392881,392976,95
100,16,binary_to_gray,110,243.75345,335.91105,393008,393104,96
100,15,binary_number,102,201.30805,329.16195,393291,393464,173
100,15,binary_number,102,199.8687,325.5909,393464,393497,33
100,11,*,86,143.4224,227.14935,393528,393706,178
100,0,blank,0,140.160075,240.0399,393706,393827,121
100,0,blank,0,248.530766666667,249.12465,393857,394034,177
100,0,blank,0,244.3658,259.1978,394034,394064,30
100,0,blank,0,-323,-105,394094,394122,28
100,0,blank,0,183.4518,247.068857142857,394173,394365,192
100,0,blank,0,161.295583333333,246.859983333333,394365,394542,177
100,0,blank,0,98.4674,258.471166666667,394542,394718,176
100,0,blank,0,113.71245,254.78375,394718,394777,59
100,0,blank,0,278.0365,250.6801,394805,394982,177
100,0,blank,0,273.813833333333,253.799,394982,395157,175
100,0,blank,0,177.691475,255.44345,395157,395275,118
100,0,blank,0,-323,-105,395303,395358,55
100,0,blank,0,165.0909,379.7719,395383,395409,26
100,0,blank,0,172.467885714286,255.5675,395457,395649,192
100,11,binary_to_gray,87,169.1101,242.7101,395649,395679,30
100,0,blank,0,307.125533333333,256.652533333333,395708,395883,175
100,0,blank,0,173.981066666667,252.224233333333,395883,396057,174
100,0,blank,0,135.06885,273.314666666667,396057,396231,174
100,11,binary_to_gray,87,176.569442857143,234.558371428571,396231,396430,199
100,0,blank,0,219.773114285714,219.0701,396430,396628,198
100,0,blank,0,244.9315,245.4481,396628,396656,28
100,0,blank,0,-323,-105,396684,396738,54
100,0,blank,0,332.6513,468.0887,396764,396789,25
100,0,blank,0,366.5781,257.348328571429,396839,397029,190
100,0,blank,0,425.39105,233.847433333333,397029,397203,174
100,0,blank,0,417.060433333333,250.8732,397203,397378,175
100,0,blank,0,400.8145,246.3274,397378,397407,29
100,0,blank,0,162.893928571429,244.8284,397436,397631,195
100,0,blank,0,249.4124,246.0638,397631,397804,173
100,0,blank,0,246.0767,247.6266,397804,397832,28
100,0,blank,0,-323,-105,397890,397941,51
100,16,binary_number,112,325.8979,334.571,397966,397991,25
100,10,binary_to_gray,75,325.583,213.6275,398046,398071,25
100,10,return,69,144.0075,215.465242857143,398096,398289,193
100,10,return,69,149.424333333333,212.58155,398289,398461,172
100,11,*,86,143.19465,228.45615,398461,398519,58
100,0,blank,0,-323,-105,398548,398628,80
100,15,=,103,226.7012,329.7137,398654,398679,25
100,0,blank,0,234.054871428571,252.832657142857,398730,398916,186
100,11,binary_to_gray,87,238.711083333333,239.990016666667,398916,399088,172
100,0,blank,0,228.357966666667,248.007233333333,399088,399175,87
100,0,blank,0,405.63854,242.4976,399204,399348,144
100,0,blank,0,-323,-105,399377,399558,181
100,0,blank,0,-323,-105,399558,399749,191
100,0,blank,0,-323,-105,399749,399924,175
100,0,blank,0,-323,-105,399924,400065,141
100,0,blank,0,-323,-105,400065,400255,190
100,0,blank,0,-323,-105,400255,400450,195
100,0,blank,0,-323,-105,400450,400624,174
100,10,*,74,283.94728,217.86784,400668,400861,193
100,10,binary_to_gray,75,299.3112,216.0403,400861,400893,32
100,0,blank,0,-323,-105,400921,401002,81
100,0,blank,0,528.8132,708.9904,401028,401054,26
100,0,blank,0,500.9282,423.239,401117,401169,52
100,10,10,79,258.892366666667,221.634433333333,401198,401378,180
100,11,binary_to_gray,87,265.91615,240.908633333333,401378,401559,181
100,0,blank,0,241.6678,211.75535,401559,401619,60
100,0,blank,0,-323,-105,401650,401831,181
100,8,10,51,236.240357142857,157.053171428571,401866,402064,198
100,8,10,51,187.28488,171.47532,402064,402238,174
100,0,blank,0,157.446383333333,147.467933333333,402238,402416,178
100,8,10,51,174.71535,169.051,402416,402593,177
100,0,blank,0,202.382133333333,177.855983333333,402593,402770,177
100,8,10,51,186.797366666667,162.057533333333,402770,402859,89
100,0,blank,0,-323,-105,402888,402970,82
100,10,binary_to_gray,75,342.531485714286,208.346242857143,403079,403278,199
100,11,n,89,353.916366666667,226.5784,403278,403458,180
100,0,blank,0,345.3414,223.63275,403458,403580,122
100,0,blank,0,-323,-105,403610,403692,82
100,0,blank,0,318.9919,571.1403,403718,403743,25
100,9,(,62,249.843957142857,180.275957142857,403798,403995,197
100,9,!,63,264.832275,189.6848,403995,404145,150
100,0,blank,0,-323,-105,404171,404283,112
100,0,blank,0,602.014,94.9046,404327,404379,52
100,0,blank,0,233.738385714286,266.3182,404602,404800,198
100,0,blank,0,236.848416666667,207.245616666667,404800,404979,179
100,9,&&,65,232.6211,195.98555,404979,405039,60
100,0,blank,0,-323,-105,405069,405207,138
100,10,binary_to_gray,75,317.649033333333,210.04505,405236,405419,183
100,10,binary_to_gray,75,324.382,201.1183,405419,405448,29
100,10,binary_to_gray,75,451.026383333333,209.137116666667,405479,405661,182
100,0,blank,0,433.2298,222.6802,405661,405838,177
100,10,binary_to_gray,75,414.488466666667,210.21695,405838,406018,180
100,0,blank,0,417.4856,225.41865,406018,406079,61
100,7,%,39,149.61265,145.748533333333,406108,406285,177
100,0,blank,0,171.30575,169.090283333333,406285,406466,181
100,0,blank,0,215.22918,185.74182,406466,406640,174
100,9,),68,198.629866666667,192.6048,406640,406728,88
100,0,blank,0,-323,-105,406788,406921,133
100,0,blank,0,439.52886,198.24644,406948,407140,192
100,10,binary_to_gray,75,442.07206,211.73384,407140,407337,197
100,10,10,79,261.528533333333,202.080166666667,407362,407535,173
100,10,binary_to_gray,75,304.14505,202.570316666667,407535,407711,176
100,11,binary_to_gray,87,313.4333,231.10315,407711,407890,179
100,11,binary_to_gray,87,285.6013,240.398133333333,407890,407977,87
100,0,blank,0,-323,-105,408007,408088,81
100,0,blank,0,321.3016,267.1144,408114,408139,25
100,10,binary_to_gray,75,296.999414285714,214.647371428571,408193,408385,192
100,0,blank,0,197.994,289.6306,408414,408474,60
100,0,blank,0,190.22914,259.93982,408532,408674,142
100,0,blank,0,188.584425,271.797725,408733,408858,125
100,0,blank,0,162.7619,285.1091,409041,409064,23
100,0,blank,0,-323,-105,409089,409114,25
100,0,blank,0,204.5532,289.5689,409139,409165,26
100,0,blank,0,-323,-105,409189,409365,176
100,0,blank,0,-323,-105,409365,409465,100
100,0,blank,0,218.8335,273.2128,409490,409516,26
100,0,blank,0,-323,-105,409540,409790,250
100,0,blank,0,264.8557,209.7988,409890,409914,24
100,10,binary_to_gray,75,300.1525,201.5473,410215,410241,26
100,0,blank,0,-323,-105,410289,410415,126
100,0,blank,0,251.5696,357.7762,410540,410655,115
100,0,blank,0,-323,-105,410716,410903,187
100,0,blank,0,-323,-105,410903,411079,176
100,0,blank,0,-323,-105,411079,411197,118
100,0,blank,0,-323,-105,411197,411380,183
100,0,blank,0,265.816175,201.0808,411424,411564,140
100,0,blank,0,-323,-105,411652,411832,180
100,0,blank,0,-323,-105,411832,412010,178
100,0,blank,0,-323,-105,412010,412081,71
100,0,blank,0,-323,-105,412081,412323,242
100,0,blank,0,-323,-105,412323,412488,165
100,0,blank,0,-323,-105,412488,412677,189
100,0,blank,0,-323,-105,412677,412784,107
100,0,blank,0,-323,-105,412784,412938,154
100,0,blank,0,215.261733333333,290.5434,413093,413183,90
100,11,binary_to_gray,87,252.990214285714,228.787157142857,413211,413409,198
100,10,binary_to_gray,75,382.507766666667,221.987666666667,413409,413604,195
100,11,10,91,390.1472,235.4542,413604,413664,60
100,0,blank,0,-323,-105,413783,413853,70
100,0,blank,0,363.9505,331.9997,413879,413904,25
100,0,blank,0,354.31124,256.48434,413958,414088,130
100,0,blank,0,393.643542857143,232.357842857143,414145,414343,198
100,11,),93,397.0089,235.4166,414343,414373,30
100,0,blank,0,210.074714285714,251.962071428571,414431,414630,199
100,11,binary_to_gray,87,202.668728571429,241.624714285714,414630,414824,194
100,11,binary_to_gray,87,223.261328571429,237.305457142857,414824,415020,196
100,0,blank,0,-323,-105,415048,415230,182
100,0,blank,0,-323,-105,415230,415419,189
100,0,blank,0,-323,-105,415419,415594,175
100,0,blank,0,-323,-105,415594,415760,166
100,0,blank,0,-323,-105,415760,415842,82
100,11,binary_to_gray,87,214.241042857143,242.983757142857,415869,416057,188
100,11,binary_to_gray,87,202.68085,239.054166666667,416057,416228,171
100,11,binary_to_gray,87,180.9735,243.363985714286,416228,416425,197
100,0,blank,0,203.396433333333,246.3039,416425,416616,191
100,11,binary_to_gray,87,208.5483,236.37555,416616,416674,58
100,0,blank,0,-323,-105,416702,416859,157
100,11,binary_to_gray,87,196.347542857143,238.463728571429,416885,417081,196
100,0,blank,0,200.024566666667,245.8357,417081,417255,174
100,0,blank,0,190.3631,261.40238,417255,417399,144
100,0,blank,0,-323,-105,417428,417533,105
100,11,binary_to_gray,87,274.8427,225.4711,417561,417601,40
100,11,binary_to_gray,87,223.809628571429,234.5655,417662,417858,196
100,11,binary_to_gray,87,194.3069,242.384983333333,417858,418030,172
100,11,binary_to_gray,87,199.748533333333,241.8985,418030,418203,173
100,0,blank,0,155.481342857143,252.700242857143,418203,418401,198
100,11,binary_to_gray,87,166.062466666667,231.6955,418401,418596,195
100,0,blank,0,155.935416666667,233.60505,418596,418770,174
100,0,blank,0,156.008083333333,240.6637,418770,418943,173
100,0,blank,0,-323,-105,418972,419078,106
100,0,blank,0,163.7377,265.1771,419104,419142,38
100,0,blank,0,124.242814285714,266.408514285714,419203,419397,194
100,0,blank,0,106.553516666667,254.495033333333,419397,419571,174
100,0,blank,0,119.661157142857,281.074928571429,419571,419769,198
100,0,blank,0,128.256575,290.066825,419769,419881,112
100,0,blank,0,117.748242857143,276.503371428571,419937,420134,197
100,0,blank,0,122.373542857143,269.928571428571,420134,420330,196
100,0,blank,0,127.369975,279.206675,420330,420444,114
100,0,blank,0,-323,-105,420473,420579,106
100,0,blank,0,178.3419,262.2865,420616,420665,49
100,0,blank,0,139.0196,256.5347,420723,420918,195
100,0,blank,0,89.6577571428571,260.767185714286,420918,421117,199
100,0,blank,0,95.1433,266.7154,421117,421145,28
100,11,),93,394.87682,227.11202,421174,421316,142
100,0,blank,0,-323,-105,421344,421449,105
100,11,binary_to_gray,87,180.5181,226.4583,421474,421499,25
100,0,blank,0,158.146471428571,248.406471428571,421554,421741,187
100,0,blank,0,118.283414285714,249.693371428571,421741,421939,198
100,0,blank,0,127.146285714286,268.469271428571,421967,422165,198
100,13,main,97,57.1343166666667,271.29795,422165,422336,171
100,13,main,97,67.9978666666667,287.787333333333,422336,422422,86
100,0,blank,0,119.241471428571,251.658185714286,422450,422648,198
100,0,blank,0,123.9171,262.68485,422648,422820,172
100,0,blank,0,94.7779833333333,206.413666666667,422820,422992,172
100,0,blank,0,83.776525,222.205475,422992,423106,114
100,0,blank,0,-323,-105,423164,423265,101
100,0,blank,0,185.680257142857,210.452371428571,423291,423478,187
100,9,),68,205.093,179.1879,423478,423507,29
100,0,blank,0,-323,-105,423565,423642,77
100,0,blank,0,155.2762,222.8589,423668,423693,25
100,9,&&,65,156.0567,199.0824,423743,423935,192
100,9,a,64,113.082516666667,183.8479,423935,424119,184
100,9,(,62,87.1286,179.7746,424119,424306,187
100,0,blank,0,82.9019666666667,188.550133333333,424306,424402,96
100,0,blank,0,-323,-105,424433,424596,163
100,0,blank,0,-323,-105,426239,426357,118
100,0,blank,0,187.687966666667,69.4720666666667,426390,426506,116
100,0,blank,0,575.021575,-104.50635,426549,426706,157
100,0,blank,0,-323,-105,427281,427440,159
100,0,blank,0,41.9699666666667,292.433033333333,427483,427668,185
100,0,blank,0,-2.10676666666667,288.930616666667,427668,427864,196
100,0,blank,0,-36.6802333333333,346.9632,427864,428054,190
100,0,blank,0,-33.36994,345.00882,428054,428214,160
100,0,blank,0,76.503525,319.9019,428246,428371,125
100,0,blank,0,-323,-105,428403,428459,56
100,15,binary_number,102,152.34065,315.44285,428536,428709,173
100,0,blank,0,239.4259,314.406783333333,428709,428895,186
100,15,binary_number,102,150.554266666667,328.126966666667,428895,429088,193
100,16,(,111,108.249566666667,340.865383333333,429088,429278,190
100,16,printf,106,101.26565,345.9032,429278,429467,189
100,16,(,111,105.814733333333,341.607833333333,429467,429562,95
100,0,blank,0,-200.17824,374.94876,429593,429749,156
100,0,blank,0,-323,-105,429780,429811,31
100,0,blank,0,-215.2393,351.771283333333,429911,430090,179
100,0,blank,0,224.18092,261.8618,430157,430347,190
100,16,binary_to_gray,110,194.7424,334.162933333333,430347,430540,193
100,16,"%d",108,115.838583333333,333.5002,430540,430728,188
100,15,binary_number,102,98.9073666666667,331.207683333333,430728,430915,187
100,0,blank,0,5.33534999999998,178.12855,430947,431009,62
100,0,blank,0,108.75245,-46.7895666666667,431040,431225,185
100,0,blank,0,115.96205,-34.67265,431225,431407,182
100,0,blank,0,114.9021,-9.9982,431407,431439,32
100,0,blank,0,193.17498,-34.66322,431469,431631,162
100,0,blank,0,503.508266666667,-31.0767,431752,431839,87
100,0,blank,0,-323,-105,431871,432060,189
100,0,blank,0,-323,-105,432060,432236,176
100,0,blank,0,-323,-105,432236,432413,177
100,0,blank,0,-323,-105,432413,432593,180
100,0,blank,0,-323,-105,432593,432787,194
100,0,blank,0,-323,-105,432787,432971,184
100,0,blank,0,-323,-105,432971,433159,188
100,0,blank,0,-323,-105,433159,433353,194
100,0,blank,0,-323,-105,433353,433386,33
100,10,return,69,175.3336,210.0221,433420,433609,189
100,9,&&,65,158.3463,197.9431,433609,433637,28
100,0,blank,0,-323,-105,433695,433824,129
100,10,binary_to_gray,75,360.9645,214.7442,433859,433882,23
100,0,blank,0,385.4114,274.9267,434116,434173,57
100,0,blank,0,145.180766666667,276.640583333333,434223,434419,196
100,0,blank,0,157.8753,267.19205,434419,434586,167
100,0,blank,0,-323,-105,434662,434789,127
100,15,11101,104,260.4695,323.4813,434823,434867,44
100,16,"%d",108,117.68676,350.24604,435028,435211,183
100,0,blank,0,133.316,404.5299,435211,435345,134
100,0,blank,0,370.016866666667,328.394833333333,435370,435507,137
100,0,blank,0,394.2583,381.5803,435507,435610,103
100,0,blank,0,358.5536,302.6309,435610,435735,125
100,0,blank,0,-323,-105,435809,435961,152
100,0,blank,0,414.924133333333,249.409,435985,436059,74
100,0,blank,0,551.97832,-12.68824,436088,436280,192
100,0,blank,0,-323,-105,436308,436464,156
100,1,recursion,12,535.9041,9.0674,436489,436592,103
100,0,blank,0,785.3992,-41.8806,436617,436812,195
100,0,blank,0,765.0852,-11.19434,436812,437001,189
100,8,(,45,128.4657,163.94055,437278,437406,128
100,0,blank,0,-323,-105,437658,437708,50
100,0,blank,0,245.0249,518.3364,437733,437759,26
100,10,10,79,263.13322,212.85502,437810,437996,186
100,10,return,69,144.4201,206.5117,438080,438106,26
100,13,(,98,95.0591666666667,282.673933333333,438168,438257,89
100,10,return,69,177.5633,203.6488,438411,438436,25
100,0,blank,0,-323,-105,438464,438652,188
100,0,blank,0,-323,-105,438652,438831,179
100,0,blank,0,-323,-105,438831,438933,102
100,0,blank,0,328.2142,231.2748,439152,439356,204
100,11,binary_to_gray,87,290.5283,231.2574,439356,439430,74
100,0,blank,0,282.1302,245.3003,439520,439556,36
100,0,blank,0,-323,-105,439597,439779,182
100,0,blank,0,-323,-105,439779,439957,178
100,0,blank,0,-323,-105,439957,440022,65
100,0,blank,0,-323,-105,440285,440466,181
100,0,blank,0,-323,-105,440466,440649,183
100,0,blank,0,-323,-105,440649,440849,200
100,0,blank,0,-323,-105,440849,441025,176
100,0,blank,0,-323,-105,441025,441194,169
100,0,blank,0,-323,-105,441194,441376,182
100,0,blank,0,-323,-105,441376,441559,183
100,0,blank,0,-323,-105,441559,441751,192
100,0,blank,0,-323,-105,441751,441871,120
100,0,blank,0,-323,-105,441871,441982,111
100,0,blank,0,-323,-105,441982,442148,166
100,16,binary_to_gray,110,282.54444,340.16362,442219,442403,184
100,0,blank,0,296.36825,306.70765,442403,442476,73
100,0,blank,0,601.5323,754.5132,442576,442610,34
100,0,blank,0,645.2401,-103.9398,442641,442672,31
100,0,blank,0,671.5795,-103.9963,442722,442768,46
100,0,blank,0,-323,-105,442819,442891,72
100,0,blank,0,256.51945,370.6109,442925,443079,154
100,0,blank,0,265.348675,370.596725,443079,443265,186
100,16,binary_number,112,387.474066666667,341.319266666667,443313,443453,140
100,0,blank,0,-323,-105,443498,443674,176
100,0,blank,0,-323,-105,443674,443852,178
100,0,blank,0,-323,-105,443852,444041,189
100,0,blank,0,-323,-105,444041,444214,173
100,0,blank,0,-323,-105,444214,444421,207
100,0,blank,0,-323,-105,444421,444600,179
100,0,blank,0,-323,-105,444600,445018,418
100,0,blank,0,-323,-105,445018,445108,90
100,0,blank,0,-323,-105,445108,445305,197
100,0,blank,0,-323,-105,445305,445402,97
100,0,blank,0,-323,-105,445402,445577,175
100,0,blank,0,-323,-105,445577,445772,195
100,0,blank,0,-323,-105,445772,445928,156
100,0,blank,0,-323,-105,445928,446103,175
100,0,blank,0,-323,-105,446103,446401,298
100,0,blank,0,-323,-105,446401,446675,274
100,0,blank,0,-323,-105,446675,446822,147
100,0,blank,0,499.0453,194.5377,446843,446867,24
100,0,blank,0,-323,-105,446918,447092,174
100,0,blank,0,-323,-105,447092,447234,142
100,0,blank,0,349.25245,259.1687,447268,447340,72
100,0,blank,0,-323,-105,447540,447651,111
100,0,blank,0,-323,-105,447651,447896,245
100,0,blank,0,-323,-105,447896,448162,266
100,0,blank,0,-323,-105,448162,448342,180
100,0,blank,0,-323,-105,448342,448418,76
100,0,blank,0,-323,-105,448418,448745,327
100,0,blank,0,-323,-105,448745,448841,96
100,0,blank,0,-323,-105,448841,449353,512
100,0,blank,0,-323,-105,449353,449538,185
100,0,blank,0,-323,-105,449538,449733,195
100,0,blank,0,-323,-105,449733,449882,149
100,0,blank,0,-323,-105,449882,449988,106
100,0,blank,0,-323,-105,449988,450168,180
100,0,blank,0,-323,-105,450168,450340,172
100,0,blank,0,-323,-105,450340,450513,173
100,0,blank,0,-323,-105,450513,450589,76
100,0,blank,0,-323,-105,450589,450742,153
100,0,blank,0,-323,-105,450742,450887,145
100,0,blank,0,-323,-105,450887,451038,151
100,0,blank,0,-323,-105,451038,451251,213
100,0,blank,0,-323,-105,451251,451280,29
100,0,blank,0,-323,-105,451280,452010,730
100,0,blank,0,-323,-105,452010,452274,264
100,0,blank,0,-323,-105,452274,452442,168
100,0,blank,0,-323,-105,452442,452580,138
100,0,blank,0,-323,-105,452580,452716,136
100,0,blank,0,-323,-105,452716,452847,131
100,0,blank,0,-323,-105,452847,453068,221
100,0,blank,0,-323,-105,453068,453214,146
100,0,blank,0,-323,-105,453214,453345,131
100,0,blank,0,-323,-105,453345,453455,110
100,0,blank,0,-323,-105,453455,453569,114
100,0,blank,0,-323,-105,453569,453764,195
100,0,blank,0,-323,-105,453764,453940,176
100,0,blank,0,-323,-105,453940,454110,170
100,0,blank,0,-323,-105,454110,454175,65
100,0,blank,0,-323,-105,454175,454515,340
100,0,blank,0,-323,-105,454515,454709,194
100,0,blank,0,-323,-105,454709,454822,113
100,0,blank,0,-323,-105,454822,455036,214
100,0,blank,0,-323,-105,455036,455210,174
100,0,blank,0,-323,-105,455210,455409,199
100,0,blank,0,-323,-105,455409,455566,157
100,0,blank,0,-323,-105,455566,455760,194
100,0,blank,0,-323,-105,455760,455933,173
100,0,blank,0,-323,-105,455933,456125,192
100,0,blank,0,-323,-105,456125,456314,189
100,0,blank,0,-323,-105,456314,456503,189
100,0,blank,0,-323,-105,456503,456700,197
100,0,blank,0,-323,-105,456700,456861,161
100,0,blank,0,-323,-105,456861,457006,145
100,0,blank,0,-323,-105,457006,457191,185
100,0,blank,0,-323,-105,457191,457377,186
100,0,blank,0,-323,-105,457377,457545,168
100,0,blank,0,-323,-105,457545,457651,106
100,0,blank,0,-323,-105,457651,457816,165
100,0,blank,0,-323,-105,457816,457941,125
100,0,blank,0,-323,-105,457941,458089,148
100,0,blank,0,-323,-105,458089,458280,191
100,0,blank,0,-323,-105,458280,458410,130
100,0,blank,0,-323,-105,458410,458533,123
100,0,blank,0,-323,-105,458533,458656,123
100,0,blank,0,-323,-105,458656,458815,159
100,0,blank,0,-323,-105,458815,458946,131
100,0,blank,0,-323,-105,458946,459138,192
100,0,blank,0,-323,-105,459138,459316,178
100,0,blank,0,-323,-105,459316,459515,199
100,0,blank,0,-323,-105,459515,459698,183
100,0,blank,0,-323,-105,459698,459877,179
100,0,blank,0,-323,-105,459877,460013,136
100,0,blank,0,-323,-105,460013,460139,126
100,0,blank,0,-323,-105,460139,460310,171
100,0,blank,0,-323,-105,460310,460506,196
100,0,blank,0,-323,-105,460506,460700,194
100,0,blank,0,-323,-105,460700,460856,156
100,0,blank,0,-323,-105,460856,461035,179
100,0,blank,0,-323,-105,461035,461219,184
100,0,blank,0,-323,-105,461219,461369,150
100,0,blank,0,-323,-105,461369,461548,179
100,0,blank,0,-323,-105,461548,461706,158
100,0,blank,0,-323,-105,461706,461911,205
100,0,blank,0,-323,-105,461911,462089,178
100,0,blank,0,-323,-105,462089,462122,33
100,0,blank,0,-323,-105,462122,462432,310
100,0,blank,0,-323,-105,462432,462510,78
100,0,blank,0,-323,-105,462510,462730,220
100,0,blank,0,-323,-105,462730,462911,181
100,0,blank,0,-323,-105,462911,462973,62
100,0,blank,0,-323,-105,462973,463222,249
100,0,blank,0,-323,-105,463222,463519,297
100,0,blank,0,-323,-105,463519,463885,366
100,0,blank,0,-323,-105,463885,464064,179
100,0,blank,0,-323,-105,464064,464231,167
100,0,blank,0,-323,-105,464231,464429,198
100,0,blank,0,-323,-105,464429,464620,191
100,0,blank,0,-323,-105,464620,464848,228
100,0,blank,0,-323,-105,464848,465021,173
100,0,blank,0,-323,-105,465021,465171,150
100,0,blank,0,-323,-105,465171,465356,185
100,0,blank,0,-323,-105,465356,465462,106
100,0,blank,0,-323,-105,465462,465852,390
100,0,blank,0,-323,-105,465852,466936,1084
100,0,blank,0,-323,-105,466936,467075,139
100,0,blank,0,-323,-105,467075,467331,256
100,0,blank,0,-323,-105,467331,467585,254
100,0,blank,0,-323,-105,467585,467650,65
100,0,blank,0,-323,-105,467650,467849,199
100,0,blank,0,-323,-105,467849,468006,157
100,0,blank,0,-323,-105,468006,468194,188
100,0,blank,0,-323,-105,468194,468369,175
100,0,blank,0,-323,-105,468369,468544,175
100,0,blank,0,-323,-105,468544,468643,99
100,0,blank,0,-323,-105,468643,468752,109
100,0,blank,0,-323,-105,468752,468939,187
100,0,blank,0,-323,-105,468939,469116,177
100,0,blank,0,-323,-105,469116,469301,185
100,0,blank,0,-323,-105,469301,469475,174
100,0,blank,0,-323,-105,469475,469501,26
100,0,blank,0,-323,-105,469501,469745,244
100,0,blank,0,-323,-105,469745,469987,242
100,0,blank,0,-323,-105,469987,470181,194
100,0,blank,0,-323,-105,470181,470331,150
100,0,blank,0,-323,-105,470331,470519,188
100,0,blank,0,-323,-105,470519,470569,50
100,0,blank,0,-323,-105,470569,470749,180
100,0,blank,0,-323,-105,470749,470924,175
100,0,blank,0,-323,-105,470924,471088,164
100,0,blank,0,-323,-105,471088,471230,142
100,0,blank,0,-323,-105,471230,471402,172
100,0,blank,0,-323,-105,471402,471582,180
100,0,blank,0,-323,-105,471582,471750,168
100,0,blank,0,-323,-105,471750,471897,147
100,0,blank,0,-323,-105,471897,472047,150
100,0,blank,0,-323,-105,472047,472242,195
100,0,blank,0,-323,-105,472242,472421,179
100,0,blank,0,-323,-105,472421,472589,168
100,0,blank,0,-323,-105,472589,472764,175
100,0,blank,0,-323,-105,472764,472800,36
100,0,blank,0,-323,-105,472800,473105,305
100,0,blank,0,-323,-105,473105,473303,198
100,0,blank,0,-323,-105,473303,473425,122
100,0,blank,0,-323,-105,473425,473546,121
100,0,blank,0,-323,-105,473546,473762,216
100,0,blank,0,-323,-105,473762,473924,162
100,0,blank,0,-323,-105,473924,473963,39
100,2,stdio,16,103.8293,36.2819,474502,474539,37
100,0,blank,0,186.9625,86.4686,474584,474669,85
100,10,binary_to_gray,75,383.3728,211.1261,474977,475163,186
100,15,binary_number,102,148.016233333333,326.759366666667,475232,475408,176
100,0,blank,0,125.7736,265.0325,475408,475438,30
100,0,blank,0,245.5271,391.8553,475499,475529,30
100,0,blank,0,146.3303,357.4336,475529,475777,248
100,16,"%d",108,139.8621,333.1516,475777,475836,59
100,0,blank,0,142.2771,379.2248,476066,476093,27
100,15,=,103,228.30275,327.00095,476125,476214,89
100,0,blank,0,-323,-105,476273,476298,25
100,0,blank,0,427.507475,248.9153,476545,476735,190
100,0,blank,0,455.2986,233.33395,476826,476913,87
100,0,blank,0,-323,-105,476960,477158,198
100,0,blank,0,-323,-105,477158,477339,181
100,0,blank,0,-323,-105,477339,477532,193
100,0,blank,0,-323,-105,477532,477693,161
100,0,blank,0,-323,-105,477693,477845,152
100,0,blank,0,-323,-105,477845,478000,155
100,0,blank,0,-323,-105,478000,478089,89
100,0,blank,0,-323,-105,478089,478255,166
100,0,blank,0,-323,-105,478255,478432,177
100,0,blank,0,-323,-105,478432,478628,196
100,0,blank,0,-323,-105,478628,478727,99
100,0,blank,0,-323,-105,478727,478955,228
100,0,blank,0,-323,-105,478955,479139,184
100,0,blank,0,-323,-105,479139,479338,199
100,0,blank,0,-323,-105,479338,479519,181
100,0,blank,0,-323,-105,479519,479717,198
100,0,blank,0,-323,-105,479717,479894,177
100,0,blank,0,-323,-105,479894,480069,175
100,0,blank,0,-323,-105,480069,480245,176
100,0,blank,0,-323,-105,480245,480424,179
100,0,blank,0,-323,-105,480424,480601,177
100,0,blank,0,86.5506,202.6178,480634,480833,199
100,10,return,69,182.490475,209.512275,480833,481015,182
100,15,binary_number,102,201.3288,331.6328,481015,481061,46
100,0,blank,0,-323,-105,481107,481225,118
100,0,blank,0,-323,-105,481225,481414,189
100,0,blank,0,-323,-105,481414,481604,190
100,0,blank,0,-323,-105,481604,481793,189
100,0,blank,0,-323,-105,481793,481977,184
100,0,blank,0,-323,-105,481977,482140,163
100,0,blank,0,-323,-105,482140,482293,153
100,0,blank,0,-323,-105,482293,482472,179
100,0,blank,0,-323,-105,482472,482569,97
100,9,b,66,180.763083333333,181.1943,482847,483037,190
100,9,b,66,180.24,182.81145,483037,483099,62
100,0,blank,0,-323,-105,483129,483311,182
100,0,blank,0,150.207375,169.587975,483343,483470,127
100,0,blank,0,-323,-105,483786,483985,199
100,0,blank,0,-323,-105,483985,484162,177
100,0,blank,0,-323,-105,484162,484350,188
100,0,blank,0,-323,-105,484350,484518,168
100,0,blank,0,-323,-105,484518,484733,215
100,0,blank,0,-323,-105,484733,484801,68
100,0,blank,0,-323,-105,484801,485015,214
100,11,binary_to_gray,87,235.805566666667,230.268633333333,485405,485576,171
100,10,1,71,209.79125,201.3946,485576,485757,181
100,9,(,62,244.6538,183.730316666667,485757,485946,189
100,0,blank,0,261.73405,181.411533333333,485946,486136,190
100,0,blank,0,260.40855,194.85575,486136,486200,64
100,0,blank,0,120.718283333333,179.353883333333,486231,486420,189
100,0,blank,0,-323,-105,486451,486508,57
100,9,(,62,98.49725,191.307433333333,486620,486797,177
100,11,return,83,56.96135,235.2945,486797,486984,187
100,11,10,91,113.285,230.883066666667,486984,487170,186
100,11,binary_to_gray,87,166.0171,223.031283333333,487170,487357,187
100,0,blank,0,217.18384,222.97424,487357,487512,155
100,0,blank,0,-323,-105,487542,487684,142
100,0,blank,0,299.46195,222.052866666667,487713,487889,176
100,11,binary_to_gray,87,316.983366666667,225.0768,487889,488077,188
100,11,binary_to_gray,87,287.543483333333,227.337133333333,488077,488263,186
100,11,binary_to_gray,87,267.865733333333,232.390883333333,488263,488451,188
100,11,binary_to_gray,87,261.4146,234.024133333333,488451,488637,186
100,13,void,96,43.5951,282.26535,488670,488857,187
100,13,void,96,40.4943333333333,283.734833333333,488857,488950,93
100,0,blank,0,-323,-105,488980,489119,139
100,15,binary_number,102,212.127433333333,324.234766666667,489149,489325,176
100,15,binary_number,102,165.458666666667,324.787183333333,489325,489514,189
100,16,printf,106,81.11455,336.0012,489514,489701,187
100,16,(,111,105.218533333333,339.891833333333,489701,489887,186
100,16,"%d",108,117.741766666667,335.961466666667,489887,490073,186
100,16,printf,106,101.003583333333,343.3781,490073,490258,185
100,16,printf,106,80.7593333333333,342.731583333333,490258,490443,185
100,16,printf,106,67.8295666666667,339.26465,490443,490628,185
100,16,"%d",108,151.72495,344.5158,490628,490814,186
100,16,binary_to_gray,110,219.41884,347.22668,490814,490970,156
100,0,blank,0,-323,-105,491001,491058,57
100,0,blank,0,335.873533333333,324.333516666667,491110,491280,170
100,0,blank,0,321.96645,329.95375,491280,491465,185
100,16,binary_to_gray,110,295.6362,340.00055,491465,491653,188
100,16,binary_to_gray,110,229.854033333333,351.3782,491653,491836,183
100,16,binary_to_gray,110,228.7117,345.7107,491836,491899,63
100,0,blank,0,-118.999283333333,440.831733333333,491930,492118,188
100,0,blank,0,-237.84565,413.89905,492150,492333,183
100,0,blank,0,-232.881875,415.37715,492333,492458,125
100,0,blank,0,-323,-105,492489,492572,83
100,15,binary_number,102,187.4075,321.2756,492598,492623,25
100,0,blank,0,172.159925,616.9318,492711,492836,125
100,0,blank,0,-185.609466666667,713.304433333333,492868,493062,194
100,0,blank,0,-234.469633333333,694.077233333333,493062,493251,189
100,0,blank,0,-228.4273,696.4399,493251,493282,31
100,0,blank,0,553.1207,792.0313,493345,493377,32
100,0,blank,0,544.489383333333,-103.9911,493410,493600,190
100,0,blank,0,489.815283333333,782.275983333333,493631,493821,190
100,0,blank,0,478.2453,782.813266666667,493821,493917,96
100,0,blank,0,477.11625,-103.9917,493950,494013,63
100,0,blank,0,-323,-105,494077,494164,87
100,1,C,3,30.5074,21.6304,494194,494221,27
100,1,C,3,28.6184,23.8834,494292,494319,27
100,0,blank,0,-220.168583333333,-56.7827,494347,494541,194
100,0,blank,0,-286.52895,-70.3779333333333,494541,494732,191
100,0,blank,0,-323,-105,494732,494815,83
100,0,blank,0,286.1721,173.4926,494859,494924,65
100,9,a,64,298.4447,195.44085,495004,495158,154
100,10,binary_to_gray,75,305.617,218.1911,495158,495246,88
100,0,blank,0,90.4137333333333,222.18335,495359,495558,199
100,0,blank,0,93.2472,219.6661,495558,495588,30
100,10,1,71,204.10475,201.59715,495619,495804,185
100,10,1,71,207.9805,203.521175,495804,495928,124
100,0,blank,0,-323,-105,495959,496042,83
100,0,blank,0,78.0816,216.1531,496068,496096,28
100,0,blank,0,80.9582666666667,205.0793,496160,496246,86
100,0,blank,0,37.39422,7.41426,496277,496432,155
100,0,blank,0,-323,-105,496463,496597,134
100,0,blank,0,160.853416666667,264.468033333333,496646,496824,178
100,0,blank,0,97.1412666666667,242.14335,496824,497014,190
100,11,return,83,54.116925,242.47085,497014,497141,127
100,11,binary_to_gray,87,199.76365,243.4349,497172,497369,197
100,0,blank,0,-323,-105,497394,497575,181
100,0,blank,0,-323,-105,497575,497757,182
100,0,blank,0,-323,-105,497757,497936,179
100,0,blank,0,-323,-105,497936,498130,194
100,0,blank,0,-323,-105,498130,498292,162
100,0,blank,0,-323,-105,498292,498466,174
100,0,blank,0,-323,-105,498466,498728,262
100,0,blank,0,-323,-105,498728,498927,199
100,0,blank,0,-323,-105,498927,499099,172
100,0,blank,0,-323,-105,499099,499285,186
100,0,blank,0,-323,-105,499285,499482,197
100,0,blank,0,-323,-105,499482,499681,199
100,0,blank,0,-323,-105,499681,499849,168
100,0,blank,0,-323,-105,499849,500034,185
100,0,blank,0,-323,-105,500034,500209,175
100,0,blank,0,-323,-105,500209,500432,223
100,0,blank,0,-323,-105,500432,500598,166
100,0,blank,0,-323,-105,500598,500833,235
100,0,blank,0,-323,-105,500833,501016,183
100,0,blank,0,-323,-105,501016,501070,54
100,0,blank,0,-323,-105,501070,501271,201
100,0,blank,0,-323,-105,501271,501448,177
100,0,blank,0,-323,-105,501448,501624,176
100,0,blank,0,-323,-105,501624,501788,164
100,0,blank,0,-323,-105,501788,501949,161
100,0,blank,0,-323,-105,501949,502144,195
100,0,blank,0,-323,-105,502144,502337,193
100,0,blank,0,-323,-105,502337,502484,147
100,0,blank,0,-323,-105,502484,502612,128
100,0,blank,0,-323,-105,502612,502765,153
100,0,blank,0,-323,-105,502765,502991,226
100,0,blank,0,-323,-105,502991,503162,171
100,0,blank,0,-323,-105,503162,503193,31
100,0,blank,0,-323,-105,503193,503558,365
100,0,blank,0,-323,-105,503558,503921,363
100,0,blank,0,-323,-105,503921,504415,494
100,0,blank,0,-323,-105,504415,504609,194
100,0,blank,0,-323,-105,504609,504798,189
100,0,blank,0,-323,-105,504798,504973,175
100,0,blank,0,-323,-105,504973,505144,171
100,0,blank,0,-323,-105,505144,505321,177
100,0,blank,0,-323,-105,505321,505515,194
100,0,blank,0,-323,-105,505515,505610,95
100,0,blank,0,-323,-105,505610,505791,181
100,0,blank,0,-323,-105,505791,505974,183
100,0,blank,0,-323,-105,505974,506150,176
100,0,blank,0,-323,-105,506150,506180,30
100,0,blank,0,-323,-105,506180,506578,398
100,0,blank,0,-323,-105,506578,506832,254
100,0,blank,0,-323,-105,506832,506996,164
100,0,blank,0,-323,-105,506996,507179,183
100,0,blank,0,-323,-105,507179,507378,199
100,0,blank,0,-323,-105,507378,507482,104
100,0,blank,0,-323,-105,507482,507589,107
100,0,blank,0,-323,-105,507589,507738,149
100,0,blank,0,-323,-105,507738,507889,151
100,0,blank,0,-323,-105,507889,508157,268
100,0,blank,0,-323,-105,508157,508336,179
100,0,blank,0,-323,-105,508336,508522,186
100,0,blank,0,-323,-105,508522,508679,157
100,0,blank,0,-323,-105,508679,508950,271
100,0,blank,0,-323,-105,508950,509161,211
100,0,blank,0,-323,-105,509161,509309,148
100,0,blank,0,-323,-105,509309,509491,182
100,0,blank,0,-323,-105,509491,509853,362
100,0,blank,0,-323,-105,509853,510041,188
100,0,blank,0,-323,-105,510041,510229,188
100,0,blank,0,-323,-105,510229,510408,179
100,0,blank,0,-323,-105,510408,510587,179
100,0,blank,0,-323,-105,510587,510769,182
100,0,blank,0,-323,-105,510769,510912,143
100,0,blank,0,-323,-105,510912,511022,110
100,0,blank,0,-323,-105,511022,511217,195
100,0,blank,0,-323,-105,511217,511429,212
100,0,blank,0,-323,-105,511429,511611,182
100,0,blank,0,-323,-105,511611,511768,157
100,0,blank,0,-323,-105,511768,511922,154
100,0,blank,0,-323,-105,511922,512039,117
100,0,blank,0,-323,-105,512039,512138,99
100,0,blank,0,-323,-105,512138,512241,103
100,0,blank,0,-323,-105,512241,512434,193
100,0,blank,0,-323,-105,512434,512600,166
100,0,blank,0,-323,-105,512600,512790,190
100,0,blank,0,-323,-105,512790,512964,174
100,0,blank,0,-323,-105,512964,513133,169
100,0,blank,0,-323,-105,513133,513287,154
100,0,blank,0,-323,-105,513287,513460,173
100,0,blank,0,-323,-105,513460,513645,185
100,0,blank,0,-323,-105,513645,513713,68
100,0,blank,0,-323,-105,513713,513928,215
100,0,blank,0,-323,-105,513928,513997,69
100,0,blank,0,-323,-105,513997,514305,308
100,0,blank,0,-323,-105,514305,514368,63
100,0,blank,0,-323,-105,514368,514585,217
100,0,blank,0,-323,-105,514585,514777,192
100,0,blank,0,-323,-105,514777,514941,164
100,0,blank,0,-323,-105,514941,515134,193
100,0,blank,0,-323,-105,515134,515290,156
100,0,blank,0,-323,-105,515290,515547,257
100,0,blank,0,-323,-105,515547,515745,198
100,0,blank,0,-323,-105,515745,515831,86
100,0,blank,0,-323,-105,515831,515964,133
100,0,blank,0,-323,-105,515964,516096,132
100,0,blank,0,-323,-105,516096,516286,190
100,0,blank,0,-323,-105,516286,516318,32
100,0,blank,0,-323,-105,516318,516547,229
100,0,blank,0,-323,-105,516547,516677,130
100,0,blank,0,-323,-105,516677,516796,119
100,0,blank,0,-323,-105,516796,516925,129
100,0,blank,0,-323,-105,516925,517125,200
100,0,blank,0,-323,-105,517125,517300,175
100,0,blank,0,-323,-105,517300,517444,144
100,0,blank,0,-323,-105,517444,517566,122
100,0,blank,0,-323,-105,517566,517817,251
100,0,blank,0,-323,-105,517817,517944,127
100,0,blank,0,-323,-105,517944,518021,77
100,0,blank,0,-323,-105,518021,518196,175
100,0,blank,0,-323,-105,518196,518376,180
100,0,blank,0,-323,-105,518376,518553,177
100,0,blank,0,-323,-105,518553,518729,176
100,0,blank,0,-323,-105,518729,518907,178
100,0,blank,0,-323,-105,518907,519001,94
100,0,blank,0,-323,-105,519001,519189,188
100,0,blank,0,-323,-105,519189,519218,29
100,0,blank,0,-323,-105,519218,519431,213
100,0,blank,0,-323,-105,519431,519645,214
100,0,blank,0,-323,-105,519645,519884,239
100,0,blank,0,-323,-105,519884,520062,178
100,0,blank,0,-323,-105,520062,520240,178
100,0,blank,0,-323,-105,520240,520419,179
100,0,blank,0,-323,-105,520419,520618,199
100,0,blank,0,-323,-105,520618,520812,194
100,0,blank,0,-323,-105,520812,520846,34
100,0,blank,0,274.2994,368.6356,520868,520901,33
100,16,binary_to_gray,110,196.3452,350.5537,521212,521254,42
100,0,blank,0,280.331825,402.024825,521400,521581,181
100,0,blank,0,250.4437,415.4643,521581,521721,140
100,0,blank,0,-323,-105,521769,521895,126
100,0,blank,0,-323,-105,522033,522225,192
100,0,blank,0,-323,-105,522225,522421,196
100,0,blank,0,-323,-105,522421,522527,106
100,0,blank,0,214.2122,520.6709,522563,522627,64
100,0,blank,0,-323,-105,522852,523034,182
100,0,blank,0,-323,-105,523034,523075,41
100,0,blank,0,118.15295,431.184066666667,523104,523276,172
100,0,blank,0,119.8326,436.15755,523276,523331,55
100,0,blank,0,-323,-105,523411,523593,182
100,0,blank,0,-323,-105,523593,523762,169
100,0,blank,0,-323,-105,523762,523794,32
100,0,blank,0,-323,-105,523794,524029,235
100,0,blank,0,-323,-105,524029,524259,230
100,0,blank,0,-323,-105,524259,524420,161
100,0,blank,0,-323,-105,524420,524638,218
100,0,blank,0,-323,-105,524638,524860,222
100,0,blank,0,-323,-105,524860,524979,119
100,0,blank,0,-323,-105,524979,525110,131
100,0,blank,0,-323,-105,525110,525303,193
100,0,blank,0,-323,-105,525303,525494,191
100,0,blank,0,-323,-105,525494,525674,180
100,0,blank,0,-323,-105,525674,525848,174
100,0,blank,0,-323,-105,525848,526028,180
100,0,blank,0,-323,-105,526028,526133,105
100,0,blank,0,-323,-105,526133,526388,255
100,0,blank,0,-323,-105,526388,526642,254
100,0,blank,0,-323,-105,526642,526831,189
100,0,blank,0,-323,-105,526831,526947,116
100,0,blank,0,-323,-105,526947,527103,156
100,0,blank,0,-323,-105,527103,527303,200
100,0,blank,0,-323,-105,527303,527571,268
100,0,blank,0,-323,-105,527571,527893,322
100,0,blank,0,-323,-105,527893,527971,78
100,0,blank,0,-323,-105,527971,528267,296
100,0,blank,0,-323,-105,528267,528400,133
100,0,blank,0,-323,-105,528400,528498,98
100,0,blank,0,-323,-105,528498,528747,249
100,0,blank,0,-323,-105,528747,528830,83
100,16,binary_to_gray,110,257.4119,352.5883,528989,529128,139
100,0,blank,0,-323,-105,529244,529438,194
100,0,blank,0,-323,-105,529438,529634,196
100,0,blank,0,-323,-105,529634,529814,180
100,0,blank,0,-323,-105,529814,529899,85
100,0,blank,0,-323,-105,529899,530111,212
100,0,blank,0,-323,-105,530111,530326,215
100,0,blank,0,-323,-105,530326,530621,295
100,0,blank,0,-323,-105,530621,530939,318
100,0,blank,0,-323,-105,530939,531044,105
100,0,blank,0,746.794,-103.5315,531078,531162,84
100,0,blank,0,-323,-105,531224,531407,183
100,0,blank,0,-323,-105,531407,531571,164
100,0,blank,0,-323,-105,531571,531708,137
100,0,blank,0,-323,-105,531708,532202,494
100,0,blank,0,-323,-105,532202,532366,164
100,0,blank,0,-323,-105,532366,532525,159
100,0,blank,0,-323,-105,532525,532733,208
100,0,blank,0,-323,-105,532733,532759,26
100,0,blank,0,246.24745,372.31735,533022,533192,170
100,0,blank,0,280.730633333333,362.872766666667,533192,533339,147
100,0,blank,0,-323,-105,533423,533536,113
100,0,blank,0,217.844433333333,315.094983333333,533562,533743,181
100,0,blank,0,217.4573,315.5803,533743,533775,32
100,0,blank,0,-323,-105,533807,533968,161
100,0,blank,0,425.7014,121.0333,533993,534019,26
100,0,blank,0,413.969566666667,154.399633333333,534080,534162,82
100,0,blank,0,532.921566666667,33.0333333333333,534194,534388,194
100,0,blank,0,-323,-105,534421,534612,191
100,0,blank,0,348.6747,273.4606,534708,534734,26
100,16,binary_to_gray,110,304.2809,351.737175,534810,534985,175
100,16,binary_to_gray,110,262.2353,337.3553,534985,535030,45
100,0,blank,0,-323,-105,535116,535207,91
100,0,blank,0,276.5794,359.6177,535255,535442,187
100,0,blank,0,264.1536,359.7085,535442,535487,45
100,0,blank,0,564.79105,-103.874475,535581,535749,168
100,0,blank,0,573.9774,-103.8795,535749,535822,73
100,0,blank,0,274.3382,290.4652,536038,536065,27
100,15,=,103,231.577183333333,317.502766666667,536180,536371,191
100,15,=,103,224.5226,330.42098,536371,536534,163
100,10,binary_to_gray,75,353.125233333333,217.294,536567,536761,194
100,10,binary_to_gray,75,351.739766666667,219.210483333333,536761,536951,190
100,0,blank,0,-323,-105,537014,537094,80
100,0,blank,0,287.36935,219.752616666667,537203,537387,184
100,0,blank,0,361.702233333333,200.400483333333,537387,537577,190
100,10,binary_to_gray,75,362.092733333333,203.245866666667,537577,537764,187
100,10,binary_to_gray,75,356.08505,211.611216666667,537764,537952,188
100,10,binary_to_gray,75,344.033716666667,215.501366666667,537952,538139,187
100,10,binary_to_gray,75,344.90272,213.86274,538139,538294,155
100,0,blank,0,564.04138,541.08496,538356,538542,186
100,0,blank,0,562.7766,550.719766666667,538542,538636,94
100,0,blank,0,-323,-105,538668,538752,84
100,11,(,88,334.1464,236.2464,538778,538803,25
100,11,(,88,337.542316666667,234.0467,538872,539056,184
100,11,n,89,355.308533333333,229.974633333333,539056,539153,97
100,0,blank,0,-323,-105,539218,539401,183
100,0,blank,0,-323,-105,539401,539580,179
100,0,blank,0,-323,-105,539580,539763,183
100,0,blank,0,-323,-105,539763,539940,177
100,0,blank,0,-323,-105,539940,540111,171
100,0,blank,0,-323,-105,540111,540293,182
100,0,blank,0,-323,-105,540293,540426,133
100,0,blank,0,-323,-105,540426,540535,109
100,0,blank,0,-323,-105,540535,540687,152
100,0,blank,0,-323,-105,540687,540886,199
100,0,blank,0,-323,-105,540886,541061,175
100,0,blank,0,-323,-105,541061,541227,166
100,0,blank,0,-323,-105,541227,541348,121
100,0,blank,0,-323,-105,541348,541567,219
100,0,blank,0,-323,-105,541567,541685,118
100,0,blank,0,-323,-105,541685,541868,183
100,0,blank,0,-323,-105,541868,542046,178
100,0,blank,0,-323,-105,542046,542231,185
100,0,blank,0,-323,-105,542231,542408,177
100,0,blank,0,-323,-105,542408,542665,257
100,0,blank,0,-323,-105,542665,542919,254
100,0,blank,0,-323,-105,542919,543173,254
100,0,blank,0,-323,-105,543173,543350,177
100,0,blank,0,-323,-105,543350,543537,187
100,0,blank,0,-323,-105,543537,543645,108
100,0,blank,0,-323,-105,543645,543832,187
100,0,blank,0,-323,-105,543832,543910,78
100,0,blank,0,-323,-105,543910,544156,246
100,0,blank,0,-323,-105,544156,544258,102
100,0,blank,0,-323,-105,544258,544433,175
100,0,blank,0,-323,-105,544433,544597,164
100,0,blank,0,-323,-105,544597,544826,229
100,0,blank,0,-323,-105,544826,544857,31
100,0,blank,0,-323,-105,544857,545127,270
100,0,blank,0,-323,-105,545127,545394,267
100,0,blank,0,-323,-105,545394,545538,144
100,0,blank,0,372.58305,384.2399,545580,545677,97
100,11,binary_to_gray,87,259.361375,241.927075,545719,545895,176
100,0,blank,0,230.4707,249.0833,545895,546028,133
100,11,binary_to_gray,87,270.5846,243.24355,546079,546257,178
100,11,binary_to_gray,87,263.59765,235.776875,546257,546440,183
100,8,;,52,258.166833333333,176.641666666667,546440,546569,129
100,0,blank,0,-323,-105,546599,546682,83
100,0,blank,0,281.7888,177.9178,546723,546769,46
100,9,!,63,270.727566666667,181.264083333333,546833,547013,180
100,8,;,52,261.4317,177.4743,547013,547046,33
100,0,blank,0,-323,-105,547076,547157,81
100,9,&&,65,238.3952,190.056,547203,547260,57
100,9,!,63,262.049416666667,189.605916666667,547329,547508,179
100,0,blank,0,261.179816666667,188.155166666667,547508,547695,187
100,0,blank,0,222.86246,213.57742,547695,547853,158
100,11,binary_to_gray,87,220.121925,236.3885,547853,548035,182
100,10,return,69,164.9702,212.3569,548035,548124,89
100,11,binary_to_gray,87,183.913075,230.492,548334,548529,195
100,0,blank,0,275.29875,251.2279,548577,548755,178
100,9,!,63,262.08298,195.96252,548755,548941,186
100,0,blank,0,121.00985,220.954933333333,548973,549159,186
100,11,10,91,118.0092,223.0829,549159,549251,92
100,0,blank,0,-323,-105,549281,549414,133
100,9,!,63,168.6995,185.250233333333,549547,549724,177
100,10,return,69,169.009633333333,212.125566666667,549724,549816,92
100,0,blank,0,-323,-105,549847,550009,162
100,9,!,63,172.0998,187.8788,550034,550084,50
100,0,blank,0,138.160133333333,643.3791,550162,550303,141
100,0,blank,0,242.160225,258.98755,550350,550533,183
100,0,blank,0,-323,-105,550580,550777,197
100,0,blank,0,-323,-105,550777,550955,178
100,0,blank,0,-323,-105,550955,551149,194
100,0,blank,0,-323,-105,551149,551256,107
100,0,blank,0,-323,-105,551256,551559,303
100,0,blank,0,-323,-105,551559,551598,39
100,0,blank,0,-323,-105,551598,551896,298
100,0,blank,0,-323,-105,551896,551939,43
100,0,blank,0,-323,-105,551939,552162,223
100,0,blank,0,-323,-105,552162,552220,58
100,0,blank,0,-323,-105,552220,552498,278
100,0,blank,0,-323,-105,552498,552623,125
100,10,+,72,227.105883333333,207.522,552986,553161,175
100,10,return,69,173.827466666667,218.58915,553161,553341,180
100,11,binary_to_gray,87,210.79275,233.631225,553341,553458,117
100,0,blank,0,-323,-105,553488,553674,186
100,10,(,76,202.915866666667,204.397,553703,553791,88
100,0,blank,0,158.7315,200.1466,553791,554183,392
100,9,&&,65,149.416057142857,192.287942857143,554183,554379,196
100,0,blank,0,-323,-105,554408,554513,105
100,10,(,76,195.9287,215.8969,554541,554579,38
100,0,blank,0,188.129971428571,195.388942857143,554638,554832,194
100,9,&&,65,123.593285714286,188.6659,554832,555025,193
100,9,&&,65,128.266357142857,183.455742857143,555025,555219,194
100,9,!,63,168.293557142857,191.330457142857,555219,555414,195
100,11,binary_to_gray,87,163.9696,227.1846,555414,555442,28
100,0,blank,0,-323,-105,555470,555524,54
100,0,blank,0,187.7247,446.7324,555549,555574,25
100,9,&&,65,158.177657142857,191.376571428571,555630,555815,185
100,10,return,69,177.246085714286,210.762,555815,556013,198
100,9,),68,192.3195,191.345,556013,556041,28
100,9,(,62,91.98155,181.25415,556069,556209,140
100,0,blank,0,82.27085,192.4726,556209,556367,158
100,0,blank,0,99.94405,238.98185,556367,556548,181
100,10,return,69,129.62375,211.24965,556548,556723,175
100,10,return,69,129.760442857143,215.9292,556723,556919,196
100,10,return,69,140.591375,202.65275,556919,557033,114
100,0,blank,0,-323,-105,557062,557116,54
100,0,blank,0,96.3509,355.076,557141,557167,26
100,8,n,46,142.367185714286,176.440428571429,557223,557408,185
100,0,blank,0,189.4684,201.977171428571,557408,557607,199
100,0,blank,0,185.933971428571,202.475428571429,557607,557803,196
100,10,return,69,144.151,202.188671428571,557803,557999,196
100,9,&&,65,129.897657142857,192.156271428571,557999,558195,196
100,0,blank,0,148.5862,200.770642857143,558195,558392,197
100,9,!,63,170.188971428571,191.801457142857,558392,558591,199
100,0,blank,0,-323,-105,558619,558724,105
100,10,return,69,146.501342857143,202.0365,558749,558933,184
100,0,blank,0,119.849233333333,210.977516666667,558933,559105,172
100,11,10,91,118.046257142857,229.317028571429,559105,559302,197
100,11,10,91,116.9756,231.763228571429,559302,559500,198
100,0,blank,0,116.221357142857,209.2359,559500,559698,198
100,0,blank,0,96.93405,215.86295,559698,559870,172
100,0,blank,0,100.1177,214.793566666667,559870,560040,170
100,0,blank,0,130.681266666667,200.938483333333,560040,560213,173
100,0,blank,0,115.3035,215.4815,560213,560386,173
100,0,blank,0,114.53378,202.09342,560386,560531,145
100,0,blank,0,-323,-105,560561,560642,81
100,11,return,83,91.5862,227.5559,560667,560693,26
100,0,blank,0,99.3835571428571,207.283385714286,560746,560936,190
100,0,blank,0,109.874783333333,205.771633333333,560936,561111,175
100,0,blank,0,118.40852,222.96058,561111,561254,143
100,0,blank,0,-323,-105,561283,561387,104
100,0,blank,0,102.6707,203.528,561413,561438,25
100,0,blank,0,111.282885714286,206.772928571429,561488,561677,189
100,0,blank,0,110.357683333333,202.006616666667,561677,561853,176
100,9,a,64,113.49678,181.96212,561853,562035,182
100,0,blank,0,118.377633333333,172.4435,562035,562212,177
100,8,(,45,127.983083333333,175.342816666667,562212,562400,188
100,0,blank,0,127.77005,178.504166666667,562400,562589,189
100,9,&&,65,158.842075,189.132725,562589,562716,127
100,0,blank,0,-323,-105,562748,562932,184
100,10,return,69,129.30218,208.63636,562958,563136,178
100,0,blank,0,121.812866666667,178.223766666667,563136,563236,100
100,9,&&,65,233.157633333333,180.336433333333,563272,563460,188
100,9,&&,65,235.88175,179.098466666667,563460,563645,185
100,0,blank,0,232.0706,177.9805,563645,563738,93
100,0,blank,0,-323,-105,563769,563850,81
100,8,%,50,215.478416666667,163.759416666667,563963,564140,177
100,8,%,50,223.236433333333,171.70015,564140,564328,188
100,8,%,50,217.623666666667,172.863466666667,564328,564518,190
100,8,%,50,217.765866666667,173.282333333333,564518,564709,191
100,8,10,51,246.51565,174.902116666667,564709,564894,185
100,8,10,51,252.903066666667,170.64205,564894,565083,189
100,0,blank,0,230.693883333333,172.14105,565083,565274,191
100,0,blank,0,229.9795,169.453866666667,565274,565369,95
100,8,=,44,106.942383333333,170.588516666667,565401,565592,191
100,8,=,44,109.161483333333,168.258983333333,565592,565780,188
100,8,(,45,130.089666666667,174.265233333333,565780,565972,192
100,8,(,45,129.922725,169.1082,565972,566099,127
100,0,blank,0,-323,-105,566130,566162,32
100,0,blank,0,57.8141,-103.8917,566212,566238,26
100,0,blank,0,-323,-105,566480,566527,47
100,11,binary_to_gray,87,226.5528,234.127,566569,566656,87
100,0,blank,0,80.210675,319.947075,566758,566951,193
100,15,binary_number,102,110.2945,327.13795,566951,567041,90
100,16,printf,106,77.56704,336.8476,567174,567363,189
100,0,blank,0,94.1982,378.054385714286,567363,567560,197
100,0,blank,0,212.0333,361.8647,567560,567643,83
100,0,blank,0,-323,-105,567669,567844,175
100,0,blank,0,201.85145,381.889825,567902,568026,124
100,0,blank,0,317.76955,332.7502,568058,568130,72
100,0,blank,0,283.6637,401.2798,568130,568290,160
100,0,blank,0,79.9377285714286,423.7876,568330,568512,182
100,0,blank,0,75.46995,415.1877,568512,568594,82
100,0,blank,0,-264.5103,457.64696,568622,568755,133
100,0,blank,0,111.06515,434.9398,568780,568832,52
100,0,blank,0,-323,-105,569365,569560,195
100,11,return,83,84.006,237.0448,569670,569754,84
100,0,blank,0,473.80232,78.1519,569780,569916,136
100,0,blank,0,-323,-105,570654,570797,143
100,0,blank,0,110.654157142857,255.539285714286,571027,571222,195
100,0,blank,0,111.5287,245.6664,571222,571277,55
100,0,blank,0,-323,-105,571577,571680,103
100,0,blank,0,-323,-105,571680,571876,196
100,0,blank,0,54.3628,216.940028571429,572301,572484,183
100,0,blank,0,69.13005,200.64705,572484,572592,108
100,0,blank,0,-323,-105,572618,572670,52
100,0,blank,0,81.9124571428572,145.980914285714,572779,572971,192
100,0,blank,0,83.8102,178.2878,572971,573013,42
100,0,blank,0,40.73315,159.00925,573013,573212,199
100,8,int,42,73.3984,167.877,573212,573392,180
100,9,if,53,62.5456,187.1756,573392,573420,28
100,0,blank,0,82.1285,154.7745,573420,573618,198
100,9,(,62,86.95555,186.1015,573618,573671,53
100,0,blank,0,-323,-105,573698,573774,76
100,0,blank,0,52.0045333333333,269.454433333333,573856,574034,178
100,0,blank,0,36.0221,302.0482,574034,574087,53
100,0,blank,0,122.309942857143,305.654357142857,574114,574303,189
100,0,blank,0,102.402557142857,295.886685714286,574303,574490,187
100,13,main,97,72.7197142857143,274.030357142857,574490,574678,188
100,0,blank,0,28.8269,234.103357142857,574678,574865,187
100,11,return,83,37.3338428571429,237.731057142857,574865,575051,186
100,11,return,83,35.8752833333333,224.37615,575051,575211,160
100,0,blank,0,158.097342857143,277.556842857143,575290,575474,184
100,0,blank,0,134.6261,310.6444,575474,575501,27
100,0,blank,0,164.07645,259.0051,575528,575582,54
100,0,blank,0,-323,-105,575610,575742,132
100,11,binary_to_gray,87,187.859528571429,228.590357142857,575819,576004,185
100,11,binary_to_gray,87,243.39178,238.53474,576004,576139,135
100,13,main,97,87.11644,270.88746,576438,576600,162
100,0,blank,0,47.73175,311.37545,576600,576764,164
100,0,blank,0,25.6259,336.60775,576764,576930,166
100,0,blank,0,43.2770166666667,259.208683333333,576930,577126,196
100,0,blank,0,44.671075,212.19635,577126,577235,109
100,0,blank,0,43.8848,209.13995,577235,577433,198
100,0,blank,0,104.869485714286,234.523342857143,577433,577625,192
100,0,blank,0,157.7994,254.951,577625,577652,27
100,0,blank,0,-323,-105,577765,577899,134
100,0,blank,0,-323,-105,577899,578077,178
100,0,blank,0,-323,-105,578077,578269,192
100,0,blank,0,-323,-105,578269,578449,180
100,0,blank,0,-323,-105,578449,578611,162
100,0,blank,0,-323,-105,578611,578741,130
100,0,blank,0,-323,-105,578741,578923,182
100,0,blank,0,-323,-105,578923,579048,125
100,0,blank,0,-323,-105,579048,579138,90
100,0,blank,0,-323,-105,579138,579324,186
100,0,blank,0,-323,-105,579324,579497,173
100,0,blank,0,-323,-105,579497,579635,138
100,0,blank,0,72.0946666666667,116.91395,580172,580363,191
100,7,int,35,44.207175,141.1596,580363,580488,125
100,0,blank,0,-323,-105,580520,580627,107
100,0,blank,0,189.2931,441.5729,580653,580678,25
100,0,blank,0,95.6482666666667,168.448133333333,580730,580806,76
100,0,blank,0,119.515325,256.508325,580869,581050,181
100,0,blank,0,239.012825,255.5254,581094,581275,181
100,0,blank,0,305.28475,266.3412,581275,581454,179
100,0,blank,0,359.759075,255.702975,581454,581633,179
100,0,blank,0,379.692025,192.871725,581633,581797,164
100,0,blank,0,188.52005,193.36975,581826,582010,184
100,0,blank,0,-323,-105,582041,582096,55
100,0,blank,0,206.862283333333,175.276566666667,582204,582375,171
100,9,&&,65,154.98742,182.5436,582375,582531,156
100,0,blank,0,139.623,113.346,582531,582668,137
100,0,blank,0,-323,-105,582945,583123,178
100,0,blank,0,-323,-105,583123,583236,113
100,0,blank,0,245.703166666667,259.483933333333,583266,583449,183
100,0,blank,0,382.5705,277.820075,583535,583721,186
100,0,blank,0,-323,-105,583762,583959,197
100,0,blank,0,-323,-105,583959,584138,179
100,0,blank,0,-323,-105,584138,584327,189
100,0,blank,0,-323,-105,584327,584507,180
100,0,blank,0,-323,-105,584507,584725,218
100,0,blank,0,-323,-105,584725,584755,30
100,0,blank,0,-323,-105,584755,585039,284
100,0,blank,0,-323,-105,585039,585224,185
100,0,blank,0,-323,-105,585224,585393,169
100,0,blank,0,-323,-105,585393,585558,165
100,0,blank,0,-323,-105,585558,585751,193
100,0,blank,0,-323,-105,585751,585944,193
100,0,blank,0,-323,-105,585944,586135,191
100,0,blank,0,-323,-105,586135,586325,190
100,0,blank,0,-323,-105,586325,586442,117
100,0,blank,0,-323,-105,586442,586568,126
100,0,blank,0,-323,-105,586568,586692,124
100,0,blank,0,-323,-105,586692,586869,177
100,0,blank,0,-323,-105,586869,587055,186
100,0,blank,0,-323,-105,587055,587188,133
100,0,blank,0,-323,-105,587188,587460,272
100,0,blank,0,-323,-105,587460,587734,274
100,0,blank,0,-323,-105,587734,588088,354
100,0,blank,0,-323,-105,588088,588259,171
100,0,blank,0,-323,-105,588259,588289,30
100,0,blank,0,-323,-105,588289,588554,265
100,0,blank,0,-323,-105,588554,588590,36
100,0,blank,0,-323,-105,588590,588769,179
100,0,blank,0,-323,-105,588769,588850,81
100,0,blank,0,-323,-105,588850,589075,225
100,0,blank,0,-323,-105,589075,589192,117
100,0,blank,0,-323,-105,589192,589362,170
100,0,blank,0,-323,-105,589362,589599,237
100,0,blank,0,-323,-105,589599,589734,135
100,0,blank,0,-323,-105,589734,589837,103
100,0,blank,0,-323,-105,589837,590001,164
100,0,blank,0,-323,-105,590001,590100,99
100,0,blank,0,-323,-105,590100,590379,279
100,0,blank,0,-323,-105,590379,590672,293
100,0,blank,0,-323,-105,590672,591037,365
100,0,blank,0,-323,-105,591037,591216,179
100,0,blank,0,-323,-105,591216,591358,142
100,0,blank,0,-323,-105,591358,591436,78
100,0,blank,0,-323,-105,591436,591564,128
100,0,blank,0,-323,-105,591564,591715,151
100,0,blank,0,-323,-105,591715,591867,152
100,0,blank,0,-323,-105,591867,592050,183
100,0,blank,0,-323,-105,592050,592110,60
100,0,blank,0,-323,-105,592110,592307,197
100,0,blank,0,-323,-105,592307,592355,48
100,0,blank,0,-323,-105,592355,592547,192
100,0,blank,0,-323,-105,592547,592723,176
100,0,blank,0,-323,-105,592723,593072,349
100,0,blank,0,-323,-105,593072,593326,254
100,0,blank,0,-323,-105,593326,593580,254
100,0,blank,0,-323,-105,593580,593755,175
100,0,blank,0,-323,-105,593755,593925,170
100,0,blank,0,-323,-105,593925,594052,127
100,0,blank,0,-323,-105,594052,594225,173
100,0,blank,0,-323,-105,594225,594345,120
100,0,blank,0,-323,-105,594345,594448,103
100,0,blank,0,-323,-105,594448,594620,172
100,0,blank,0,-323,-105,594620,594717,97
100,0,blank,0,-323,-105,594717,595016,299
100,0,blank,0,-323,-105,595016,595110,94
100,0,blank,0,-323,-105,595110,595373,263
100,0,blank,0,-323,-105,595373,595539,166
100,0,blank,0,-323,-105,595539,595673,134
100,0,blank,0,-323,-105,595673,595899,226
100,0,blank,0,-323,-105,595899,596125,226
100,0,blank,0,-323,-105,596125,596379,254
100,0,blank,0,-323,-105,596379,596512,133
100,0,blank,0,-323,-105,596512,596580,68
100,0,blank,0,-323,-105,596580,596725,145
100,0,blank,0,-323,-105,596725,596916,191
100,0,blank,0,-323,-105,596916,597151,235
100,0,blank,0,-323,-105,597151,597305,154
100,0,blank,0,-323,-105,597305,597525,220
100,0,blank,0,-323,-105,597525,597694,169
100,0,blank,0,-323,-105,597694,597876,182
100,0,blank,0,-323,-105,597876,598043,167
100,0,blank,0,-323,-105,598043,598209,166
100,0,blank,0,-323,-105,598209,598375,166
100,0,blank,0,-323,-105,598375,598760,385
100,0,blank,0,-323,-105,598760,598970,210
100,0,blank,0,-323,-105,598970,599146,176
100,0,blank,0,-323,-105,599146,599327,181
100,0,blank,0,-323,-105,599327,599381,54
100,0,blank,0,-323,-105,599381,599561,180
100,0,blank,0,-323,-105,599561,599621,60
100,0,blank,0,-323,-105,599621,599806,185
100,0,blank,0,-323,-105,599806,600015,209
100,0,blank,0,-323,-105,600015,600046,31
100,0,blank,0,-323,-105,600046,600246,200
100,0,blank,0,-323,-105,600246,600289,43
100,0,blank,0,-323,-105,600289,600474,185
100,0,blank,0,-323,-105,600474,600576,102
100,0,blank,0,-323,-105,600576,600674,98
100,0,blank,0,-323,-105,600674,600861,187
100,0,blank,0,-323,-105,600861,601038,177
100,0,blank,0,-323,-105,601038,601216,178
100,0,blank,0,-323,-105,601216,601390,174
100,0,blank,0,-323,-105,601390,601521,131
100,0,blank,0,-323,-105,601521,601674,153
100,0,blank,0,-323,-105,601674,601825,151
100,0,blank,0,-323,-105,601825,601999,174
100,0,blank,0,-323,-105,601999,602091,92
100,0,blank,0,-323,-105,602091,602395,304
100,0,blank,0,-323,-105,602395,602586,191
100,0,blank,0,-323,-105,602586,602759,173
100,0,blank,0,-323,-105,602759,602848,89
100,0,blank,0,-323,-105,602848,602998,150
100,0,blank,0,-323,-105,602998,603152,154
100,0,blank,0,-323,-105,603152,603343,191
100,0,blank,0,-323,-105,603343,603519,176
100,0,blank,0,-323,-105,603519,603690,171
100,0,blank,0,-323,-105,603690,603811,121
100,0,blank,0,-323,-105,603811,604119,308
100,0,blank,0,-323,-105,604119,604313,194
100,0,blank,0,-323,-105,604313,604500,187
100,0,blank,0,-323,-105,604500,604677,177
100,0,blank,0,-323,-105,604677,604876,199
100,0,blank,0,-323,-105,604876,605052,176
100,0,blank,0,-323,-105,605052,605206,154
100,0,blank,0,-323,-105,605206,605393,187
100,0,blank,0,-323,-105,605393,605557,164
100,0,blank,0,-323,-105,605557,605679,122
100,10,10,79,258.0119,217.51395,605790,605928,138
100,0,blank,0,246.9512,244.848933333333,605966,606099,133
100,0,blank,0,156.5256,228.18115,606143,606317,174
100,8,10,51,177.5405,177.9485,606317,606360,43
100,0,blank,0,-323,-105,606406,606600,194
100,0,blank,0,-323,-105,606600,606778,178
100,0,blank,0,-323,-105,606778,606971,193
100,0,blank,0,-323,-105,606971,607168,197
100,0,blank,0,-323,-105,607168,607541,373
100,0,blank,0,-323,-105,607541,607745,204
100,0,blank,0,-323,-105,607745,608036,291
100,0,blank,0,-323,-105,608036,608106,70
100,0,blank,0,-323,-105,608106,608377,271
100,0,blank,0,-323,-105,608377,608642,265
100,0,blank,0,-323,-105,608642,608825,183
100,0,blank,0,-323,-105,608825,609000,175
100,0,blank,0,-323,-105,609000,609173,173
100,0,blank,0,-323,-105,609173,609232,59
100,0,blank,0,-323,-105,609232,609406,174
100,0,blank,0,-323,-105,609406,609581,175
100,0,blank,0,-323,-105,609581,609937,356
100,0,blank,0,-323,-105,609937,610195,258
100,0,blank,0,-323,-105,610195,610377,182
100,0,blank,0,-323,-105,610377,610498,121
100,0,blank,0,-323,-105,610498,610731,233
100,0,blank,0,-323,-105,610731,610832,101
100,0,blank,0,-323,-105,610832,611077,245
100,0,blank,0,-323,-105,611077,611234,157
100,0,blank,0,-323,-105,611234,611380,146
100,0,blank,0,-323,-105,611380,611556,176
100,0,blank,0,-323,-105,611556,611665,109
100,0,blank,0,-323,-105,611665,611799,134
100,0,blank,0,-323,-105,611799,612047,248
100,0,blank,0,-323,-105,612047,612246,199
100,0,blank,0,-323,-105,612246,612434,188
100,0,blank,0,-323,-105,612434,612553,119
100,0,blank,0,-323,-105,612553,612690,137
100,0,blank,0,-323,-105,612690,612753,63
100,0,blank,0,-323,-105,612753,612956,203
100,0,blank,0,-323,-105,612956,613144,188
100,0,blank,0,-323,-105,613144,613330,186
100,0,blank,0,-323,-105,613330,613506,176
100,0,blank,0,-323,-105,613506,613704,198
100,0,blank,0,-323,-105,613704,613903,199
100,0,blank,0,-323,-105,613903,614058,155
100,0,blank,0,-323,-105,614058,614228,170
100,0,blank,0,-323,-105,614228,614403,175
100,0,blank,0,-323,-105,614403,614587,184
100,0,blank,0,-323,-105,614587,614777,190
100,0,blank,0,-323,-105,614777,614952,175
100,0,blank,0,-323,-105,614952,615103,151
100,0,blank,0,-323,-105,615103,615271,168
100,0,blank,0,-323,-105,615271,615429,158
100,0,blank,0,-323,-105,615429,615500,71
100,0,blank,0,-323,-105,615500,615694,194
100,0,blank,0,-323,-105,615997,616341,344
100,0,blank,0,-323,-105,616341,616524,183
100,0,blank,0,-323,-105,616524,616675,151
100,0,blank,0,-323,-105,616675,616866,191
100,0,blank,0,-323,-105,616866,617060,194
100,0,blank,0,-323,-105,617060,617256,196
100,0,blank,0,-323,-105,617256,617350,94
100,0,blank,0,-323,-105,617350,617522,172
100,0,blank,0,-323,-105,617522,617797,275
100,0,blank,0,-323,-105,617797,617971,174
100,0,blank,0,-323,-105,617971,618131,160
100,0,blank,0,-323,-105,618131,618306,175
100,0,blank,0,-323,-105,618306,618491,185
100,0,blank,0,-323,-105,618491,618654,163
100,0,blank,0,-323,-105,618654,618870,216
100,0,blank,0,-323,-105,618870,619052,182
100,0,blank,0,-323,-105,619052,619231,179
100,0,blank,0,-323,-105,619231,619414,183
100,0,blank,0,-323,-105,619414,619591,177
100,0,blank,0,-323,-105,619591,619764,173
100,0,blank,0,-323,-105,619764,620003,239
100,0,blank,0,-323,-105,620003,620183,180
100,0,blank,0,-323,-105,620183,620358,175
100,0,blank,0,-323,-105,620358,620510,152
100,0,blank,0,-323,-105,620510,620675,165
100,0,blank,0,-323,-105,620675,620814,139
100,0,blank,0,-323,-105,620814,620991,177
100,0,blank,0,-323,-105,620991,621235,244
100,0,blank,0,-323,-105,621235,621260,25
100,0,blank,0,-323,-105,621260,621670,410
100,0,blank,0,-323,-105,621670,622077,407
100,0,blank,0,-323,-105,622077,622259,182
100,0,blank,0,-323,-105,622259,622446,187
100,0,blank,0,-323,-105,622446,622616,170
100,0,blank,0,-323,-105,622616,622747,131
100,0,blank,0,-323,-105,622747,622935,188
100,0,blank,0,-323,-105,622935,623091,156
100,0,blank,0,-323,-105,623091,623250,159
100,0,blank,0,-323,-105,623250,623405,155
100,0,blank,0,-323,-105,623405,623591,186
100,0,blank,0,-323,-105,623591,623780,189
100,0,blank,0,-323,-105,623780,623955,175
100,0,blank,0,-323,-105,623955,624098,143
100,0,blank,0,-323,-105,624098,624235,137
100,0,blank,0,-323,-105,624235,624395,160
100,0,blank,0,-323,-105,624395,624527,132
100,0,blank,0,-323,-105,624527,624783,256
100,0,blank,0,-323,-105,624783,625037,254
100,0,blank,0,-323,-105,625037,625098,61
100,0,blank,0,-323,-105,625098,625526,428
100,0,blank,0,-323,-105,625526,625956,430
100,0,blank,0,-323,-105,625956,626127,171
100,0,blank,0,-323,-105,626127,626248,121
100,0,blank,0,-323,-105,626248,626341,93
100,0,blank,0,-323,-105,626341,626595,254
100,0,blank,0,-323,-105,626595,626898,303
100,0,blank,0,-323,-105,626898,627127,229
100,0,blank,0,-323,-105,627127,627290,163
100,0,blank,0,-323,-105,627290,627468,178
100,0,blank,0,-323,-105,627468,627611,143
100,0,blank,0,-323,-105,627611,627790,179
100,0,blank,0,-323,-105,627790,627958,168
100,0,blank,0,-323,-105,627958,628121,163
100,0,blank,0,-323,-105,628121,628308,187
100,0,blank,0,-323,-105,628308,628342,34
100,0,blank,0,-323,-105,628342,628632,290
100,0,blank,0,-323,-105,628632,628917,285
100,0,blank,0,-323,-105,628917,629095,178
100,0,blank,0,-323,-105,629095,629229,134
100,0,blank,0,-323,-105,629229,629382,153
100,0,blank,0,-323,-105,629382,629536,154
100,0,blank,0,-323,-105,629536,629641,105
100,0,blank,0,-323,-105,629641,629756,115
100,0,blank,0,-323,-105,629756,629937,181
100,0,blank,0,-323,-105,629937,630112,175
100,0,blank,0,-323,-105,630112,630287,175
100,0,blank,0,-323,-105,630287,630464,177
100,0,blank,0,-323,-105,630464,630646,182
100,0,blank,0,-323,-105,630646,630827,181
100,0,blank,0,-323,-105,630827,631007,180
100,0,blank,0,-323,-105,631007,631187,180
100,0,blank,0,-323,-105,631187,631380,193
100,0,blank,0,-323,-105,631380,631411,31
100,0,blank,0,-323,-105,631411,631661,250
100,0,blank,0,-323,-105,631661,631932,271
100,0,blank,0,-323,-105,631932,632115,183
100,0,blank,0,-323,-105,632115,632283,168
100,0,blank,0,-323,-105,632283,632481,198
100,0,blank,0,-323,-105,632481,632665,184
100,0,blank,0,-323,-105,632665,632839,174
100,0,blank,0,-323,-105,632839,633013,174
100,0,blank,0,-323,-105,633013,633189,176
100,0,blank,0,-323,-105,633189,633370,181
100,0,blank,0,-323,-105,633370,633401,31
100,0,blank,0,-323,-105,633401,633642,241
100,0,blank,0,-323,-105,633642,633810,168
100,0,blank,0,-323,-105,633810,634009,199
100,0,blank,0,-323,-105,634009,634125,116
100,0,blank,0,-323,-105,634125,634297,172
100,0,blank,0,-323,-105,634297,634469,172
100,0,blank,0,-323,-105,634469,634647,178
100,0,blank,0,-323,-105,634647,634825,178
100,0,blank,0,-323,-105,634825,635017,192
100,0,blank,0,-323,-105,635017,635047,30
100,0,blank,0,-323,-105,635047,635227,180
100,0,blank,0,-323,-105,635227,635407,180
100,0,blank,0,-323,-105,635407,635633,226
100,0,blank,0,-323,-105,635633,635811,178
100,0,blank,0,-323,-105,635811,635943,132
100,0,blank,0,-323,-105,635943,636055,112
100,0,blank,0,-323,-105,636055,636165,110
100,0,blank,0,-323,-105,636165,636356,191
100,0,blank,0,-323,-105,636356,636544,188
100,0,blank,0,-323,-105,636544,636739,195
100,0,blank,0,-323,-105,636739,636913,174
100,0,blank,0,-323,-105,636913,637094,181
100,0,blank,0,-323,-105,637094,637293,199
100,0,blank,0,-323,-105,637293,637481,188
100,0,blank,0,-323,-105,637481,637662,181
100,0,blank,0,-323,-105,637662,638062,400
100,0,blank,0,-323,-105,638062,638252,190
100,0,blank,0,-323,-105,638252,638429,177
100,0,blank,0,-323,-105,638429,638619,190
100,0,blank,0,-323,-105,638619,638774,155
100,0,blank,0,-323,-105,638774,638969,195
100,0,blank,0,-323,-105,638969,639150,181
100,0,blank,0,-323,-105,639150,639326,176
100,0,blank,0,-323,-105,639326,639505,179
100,0,blank,0,-323,-105,639505,639682,177
100,0,blank,0,-323,-105,639682,639859,177
100,0,blank,0,-323,-105,639859,640038,179
100,0,blank,0,-323,-105,640038,640137,99
100,0,blank,0,-323,-105,640137,640241,104
100,0,blank,0,-323,-105,640241,640350,109
100,0,blank,0,-323,-105,640350,640495,145
100,0,blank,0,-323,-105,640495,640639,144
100,0,blank,0,-323,-105,640639,640957,318
100,0,blank,0,-323,-105,640957,641134,177
100,0,blank,0,-323,-105,641134,641325,191
100,0,blank,0,-323,-105,641325,641567,242
100,0,blank,0,-323,-105,641567,641823,256
100,0,blank,0,-323,-105,641823,642336,513
100,0,blank,0,-323,-105,642336,642514,178
100,0,blank,0,-323,-105,642514,642690,176
100,0,blank,0,-323,-105,642690,642945,255
100,0,blank,0,-323,-105,642945,643199,254
100,0,blank,0,-323,-105,643199,643453,254
100,0,blank,0,-323,-105,643453,643629,176
100,0,blank,0,-323,-105,643629,643809,180
100,0,blank,0,-323,-105,643809,643991,182
100,0,blank,0,-323,-105,643991,644167,176
100,0,blank,0,-323,-105,644167,644347,180
100,0,blank,0,-323,-105,644347,644527,180
100,0,blank,0,-323,-105,644527,644696,169
100,0,blank,0,-323,-105,644696,644887,191
100,0,blank,0,-323,-105,644887,645084,197
100,0,blank,0,-323,-105,645084,645256,172
100,0,blank,0,-323,-105,645256,645446,190
100,0,blank,0,-323,-105,645446,645560,114
100,0,blank,0,-323,-105,645560,645699,139
100,0,blank,0,-323,-105,645699,645865,166
100,0,blank,0,-323,-105,645865,646044,179
100,0,blank,0,-323,-105,646044,646221,177
100,0,blank,0,-323,-105,646221,646396,175
100,0,blank,0,-323,-105,646396,646576,180
100,0,blank,0,-323,-105,646576,646723,147
100,0,blank,0,-323,-105,646723,646935,212
100,0,blank,0,-323,-105,646935,646960,25
100,0,blank,0,-323,-105,646960,647301,341
100,0,blank,0,-323,-105,647301,647432,131
100,0,blank,0,-323,-105,647432,647568,136
100,0,blank,0,-323,-105,647568,647734,166
100,0,blank,0,-323,-105,647734,647900,166
100,0,blank,0,-323,-105,647900,648085,185
100,0,blank,0,-323,-105,648085,648116,31
100,0,blank,0,-323,-105,648116,648333,217
100,0,blank,0,-323,-105,648333,648546,213
100,0,blank,0,-323,-105,648546,648725,179
100,0,blank,0,-323,-105,648725,648903,178
100,0,blank,0,-323,-105,648903,649083,180
100,0,blank,0,-323,-105,649083,649263,180
100,0,blank,0,-323,-105,649263,649389,126
100,0,blank,0,-323,-105,649389,649517,128
100,0,blank,0,-323,-105,649517,649691,174
100,0,blank,0,-323,-105,649691,649888,197
100,0,blank,0,-323,-105,649888,650067,179
100,0,blank,0,-323,-105,650067,650221,154
100,0,blank,0,-323,-105,650221,650404,183
100,0,blank,0,-323,-105,650404,650544,140
100,0,blank,0,-323,-105,650544,650712,168
100,0,blank,0,-323,-105,650712,650908,196
100,0,blank,0,-323,-105,650908,651092,184
100,0,blank,0,-323,-105,651092,651269,177
100,0,blank,0,-323,-105,651269,651424,155
100,0,blank,0,-323,-105,651424,651551,127
100,0,blank,0,-323,-105,651551,651732,181
100,0,blank,0,-323,-105,651732,651919,187
100,0,blank,0,-323,-105,651919,652029,110
100,0,blank,0,-323,-105,652029,652201,172
100,0,blank,0,-323,-105,652201,652397,196
100,0,blank,0,-323,-105,652397,652512,115
100,0,blank,0,-323,-105,652512,652676,164
100,0,blank,0,-323,-105,652676,652851,175
100,0,blank,0,-323,-105,652851,653033,182
100,0,blank,0,-323,-105,653033,653224,191
100,0,blank,0,-323,-105,653224,653329,105
100,0,blank,0,-323,-105,653329,653516,187
100,0,blank,0,-323,-105,653516,653654,138
100,0,blank,0,-323,-105,653654,653841,187
100,0,blank,0,-323,-105,653841,654016,175
100,0,blank,0,-323,-105,654016,654198,182
100,0,blank,0,-323,-105,654198,654281,83
100,0,blank,0,-323,-105,654281,654455,174
100,0,blank,0,-323,-105,654455,654625,170
100,0,blank,0,-323,-105,654625,654764,139
100,0,blank,0,-323,-105,654764,654905,141
100,0,blank,0,-323,-105,654905,655086,181
100,0,blank,0,-323,-105,655086,655263,177
100,0,blank,0,-323,-105,655263,655447,184
100,0,blank,0,-323,-105,655447,655623,176
100,0,blank,0,-323,-105,655623,655807,184
100,0,blank,0,-323,-105,655807,655960,153
100,0,blank,0,-323,-105,655960,656101,141
100,0,blank,0,-323,-105,656101,656290,189
100,0,blank,0,-323,-105,656290,656487,197
100,0,blank,0,-323,-105,656487,656603,116
100,0,blank,0,-323,-105,656603,656736,133
100,0,blank,0,-323,-105,656736,656904,168
100,0,blank,0,-323,-105,656904,657055,151
100,0,blank,0,-323,-105,657055,657198,143
100,0,blank,0,-323,-105,657198,657359,161
100,0,blank,0,-323,-105,657359,657492,133
100,0,blank,0,-323,-105,657492,657760,268
100,0,blank,0,-323,-105,657760,657973,213
100,0,blank,0,-323,-105,657973,658147,174
100,0,blank,0,-323,-105,658147,658257,110
100,0,blank,0,-323,-105,658257,658404,147
100,0,blank,0,-323,-105,658404,658561,157
100,0,blank,0,-323,-105,658561,658723,162
100,0,blank,0,-323,-105,658723,658895,172
100,0,blank,0,-323,-105,658895,659073,178
100,0,blank,0,-323,-105,659073,659272,199
100,0,blank,0,-323,-105,659272,659446,174
100,0,blank,0,-323,-105,659446,659602,156
100,0,blank,0,-323,-105,659602,659799,197
100,0,blank,0,-323,-105,659799,659976,177
100,0,blank,0,-323,-105,659976,660063,87
100,0,blank,0,-323,-105,660063,660293,230
100,0,blank,0,-323,-105,660293,660428,135
100,0,blank,0,-323,-105,660428,660526,98
100,0,blank,0,-323,-105,660526,660659,133
100,0,blank,0,-323,-105,660659,660804,145
100,0,blank,0,-323,-105,660804,660951,147
100,0,blank,0,-323,-105,660951,661084,133
100,0,blank,0,-323,-105,661084,661256,172
100,0,blank,0,-323,-105,661256,661390,134
100,0,blank,0,-323,-105,661390,661557,167
100,0,blank,0,-323,-105,661557,661694,137
100,0,blank,0,-323,-105,661694,661868,174
100,0,blank,0,-323,-105,661868,662006,138
100,0,blank,0,-323,-105,662006,662185,179
100,0,blank,0,-323,-105,662185,662374,189
100,0,blank,0,-323,-105,662374,662566,192
100,0,blank,0,-323,-105,662566,662776,210
100,0,blank,0,-323,-105,662776,662974,198
100,0,blank,0,-323,-105,662974,663149,175
100,0,blank,0,-323,-105,663149,663325,176
100,0,blank,0,-323,-105,663325,663503,178
100,0,blank,0,-323,-105,663503,663680,177
100,0,blank,0,-323,-105,663680,663863,183
100,0,blank,0,-323,-105,663863,664013,150
100,0,blank,0,-323,-105,664013,664127,114
100,0,blank,0,-323,-105,664127,664311,184
100,0,blank,0,-323,-105,664311,664445,134
100,0,blank,0,-323,-105,664445,664625,180
100,0,blank,0,-323,-105,664625,664796,171
100,0,blank,0,-323,-105,664796,664986,190
100,0,blank,0,-323,-105,664986,665181,195
100,0,blank,0,-323,-105,665181,665357,176
100,0,blank,0,-323,-105,665357,665535,178
100,0,blank,0,-323,-105,665535,665719,184
100,0,blank,0,-323,-105,665719,665899,180
100,0,blank,0,-323,-105,665899,666014,115
100,0,blank,0,-323,-105,666014,666107,93
100,0,blank,0,-323,-105,666107,666295,188
100,0,blank,0,-323,-105,666295,666471,176
100,0,blank,0,-323,-105,666471,666645,174
100,0,blank,0,-323,-105,666645,666820,175
100,0,blank,0,-323,-105,666820,666995,175
100,0,blank,0,-323,-105,666995,667177,182
100,0,blank,0,-323,-105,667177,667354,177
100,0,blank,0,-323,-105,667354,667532,178
100,0,blank,0,-323,-105,667532,667713,181
100,0,blank,0,-323,-105,667713,667909,196
100,0,blank,0,-323,-105,667909,668065,156
100,0,blank,0,-323,-105,668065,668238,173
100,0,blank,0,-323,-105,668238,668443,205
100,0,blank,0,-323,-105,668443,668673,230
100,0,blank,0,-323,-105,668673,668847,174
100,0,blank,0,-323,-105,668847,668977,130
100,0,blank,0,-323,-105,668977,669169,192
100,0,blank,0,-323,-105,669169,669344,175
100,0,blank,0,-323,-105,669344,669533,189
100,0,blank,0,-323,-105,669533,669711,178
100,0,blank,0,-323,-105,669711,669892,181
100,0,blank,0,-323,-105,669892,670066,174
100,0,blank,0,-323,-105,670066,670237,171
100,0,blank,0,-323,-105,670237,670394,157
100,0,blank,0,-323,-105,670394,670574,180
100,0,blank,0,-323,-105,670574,670773,199
100,0,blank,0,-323,-105,670773,670949,176
100,0,blank,0,-323,-105,670949,671126,177
100,0,blank,0,-323,-105,671126,671309,183
100,0,blank,0,-323,-105,671309,671497,188
100,0,blank,0,-323,-105,671497,671693,196
100,0,blank,0,-323,-105,671693,671884,191
100,0,blank,0,-323,-105,671884,672076,192
100,0,blank,0,-323,-105,672076,672243,167
100,0,blank,0,-323,-105,672243,672293,50
100,0,blank,0,-323,-105,672293,672485,192
100,0,blank,0,-323,-105,672485,672710,225
100,0,blank,0,-323,-105,672710,672907,197
100,0,blank,0,-323,-105,672907,673098,191
100,0,blank,0,-323,-105,673098,673236,138
100,0,blank,0,-323,-105,673236,673409,173
100,0,blank,0,-323,-105,673409,673517,108
100,0,blank,0,-323,-105,673517,673685,168
100,0,blank,0,-323,-105,673685,673866,181
100,0,blank,0,-323,-105,673866,674019,153
100,0,blank,0,-323,-105,674019,674178,159
100,0,blank,0,-323,-105,674178,674383,205
100,0,blank,0,-323,-105,674383,674504,121
100,0,blank,0,-323,-105,674504,674697,193
100,0,blank,0,-323,-105,674697,674873,176
100,0,blank,0,-323,-105,674873,675053,180
100,0,blank,0,-323,-105,675053,675228,175
100,0,blank,0,-323,-105,675228,675399,171
100,0,blank,0,-323,-105,675399,675528,129
100,0,blank,0,-323,-105,675528,675659,131
100,0,blank,0,-323,-105,675659,675795,136
100,0,blank,0,-323,-105,675795,675977,182
100,0,blank,0,-323,-105,675977,676121,144
100,0,blank,0,-323,-105,676121,676309,188
100,0,blank,0,-323,-105,676309,676506,197
100,0,blank,0,-323,-105,676506,676689,183
100,0,blank,0,-323,-105,676689,676868,179
100,0,blank,0,-323,-105,676868,677048,180
100,0,blank,0,-323,-105,677048,677229,181
100,0,blank,0,-323,-105,677229,677405,176
100,0,blank,0,-323,-105,677405,677598,193
100,0,blank,0,-323,-105,677598,677775,177
100,0,blank,0,-323,-105,677775,677945,170
100,0,blank,0,-323,-105,677945,678055,110
100,0,blank,0,-323,-105,678055,678221,166
100,0,blank,0,-323,-105,678221,678480,259
100,0,blank,0,-323,-105,678480,678674,194
100,0,blank,0,-323,-105,678674,678706,32
100,0,blank,0,-323,-105,678706,678912,206
100,0,blank,0,-323,-105,678912,679089,177
100,0,blank,0,-323,-105,679089,679265,176
100,0,blank,0,-323,-105,679265,679441,176
100,0,blank,0,-323,-105,679441,679616,175
100,0,blank,0,-323,-105,679616,679707,91
100,0,blank,0,-323,-105,679707,679892,185
100,0,blank,0,-323,-105,679892,680326,434
100,0,blank,0,-323,-105,680326,680755,429
100,0,blank,0,-323,-105,680755,680931,176
100,0,blank,0,-323,-105,680931,681093,162
100,0,blank,0,-323,-105,681093,681288,195
100,0,blank,0,-323,-105,681288,681367,79
100,0,blank,0,-323,-105,681367,681532,165
100,0,blank,0,-323,-105,681532,681711,179
100,0,blank,0,-323,-105,681711,681891,180
100,0,blank,0,-323,-105,681891,682077,186
100,0,blank,0,-323,-105,682077,682251,174
100,0,blank,0,-323,-105,682251,682436,185
100,0,blank,0,-323,-105,682436,682674,238
100,0,blank,0,-323,-105,682674,682803,129
100,0,blank,0,-323,-105,682803,682908,105
100,0,blank,0,-323,-105,682908,683013,105
100,0,blank,0,-323,-105,683013,683200,187
100,0,blank,0,-323,-105,683200,683372,172
100,0,blank,0,-323,-105,683372,683546,174
100,0,blank,0,-323,-105,683546,683721,175
100,0,blank,0,-323,-105,683721,683876,155
100,9,),68,198.6569,196.7101,684131,684308,177
100,0,blank,0,-323,-105,684469,684625,156
100,0,blank,0,-323,-105,684625,684812,187
100,0,blank,0,215.25525,256.3622,684841,685020,179
100,11,binary_to_gray,87,251.04138,242.86818,685020,685197,177
100,11,binary_to_gray,87,317.1715,226.6187,685197,685231,34
100,9,),68,205.507,180.4606,685269,685306,37
100,10,binary_to_gray,75,344.56866,220.94012,685338,685511,173
100,10,binary_to_gray,75,367.916,202.6932,685511,685538,27
100,0,blank,0,-323,-105,685594,685644,50
100,0,blank,0,258.6951,307.173,685670,685695,25
100,10,+,72,231.190914285714,215.067714285714,685744,685928,184
100,0,blank,0,174.724971428571,222.025314285714,685928,686123,195
100,10,return,69,162.1032,216.390171428571,686123,686320,197
100,10,return,69,145.3479,213.266725,686320,686431,111
100,0,blank,0,346.381242857143,198.112671428571,686460,686655,195
100,0,blank,0,342.560828571429,188.964085714286,686655,686851,196
100,9,!,63,272.4422,198.9569,686851,686986,135
100,0,blank,0,-323,-105,687012,687116,104
100,10,binary_to_gray,75,310.9236,205.9213,687142,687175,33
100,10,binary_to_gray,75,327.6614,211.48972,687233,687364,131
100,0,blank,0,115.485314285714,248.848771428571,687392,687588,196
100,0,blank,0,108.5877,248.488514285714,687588,687782,194
100,0,blank,0,101.50672,247.73366,687782,687922,140
100,0,blank,0,285.684714285714,212.502714285714,687950,688146,196
100,10,10,79,260.180033333333,213.626983333333,688146,688345,199
100,10,1,71,208.044385714286,210.217428571429,688345,688535,190
100,0,blank,0,221.9621,222.5547,688535,688593,58
100,10,binary_to_gray,75,340.505016666667,214.51445,688621,688792,171
100,10,binary_to_gray,75,329.7943,201.7897,688792,688821,29
100,10,1,71,206.932975,219.221175,688849,688963,114
100,0,blank,0,-323,-105,689020,689096,76
100,0,blank,0,364.7012,271.4331,689122,689147,25
100,0,blank,0,344.220257142857,190.906585714286,689197,689385,188
100,9,!,63,277.521828571429,194.426514285714,689385,689584,199
100,10,10,79,262.34595,212.526466666667,689584,689775,191
100,10,10,79,249.16225,212.464,689775,689959,184
100,0,blank,0,271.247685714286,205.121785714286,689959,690147,188
100,9,a,64,297.9601,198.886,690147,690175,28
100,10,return,69,148.78215,205.658875,690256,690411,155
100,9,&&,65,139.1161,195.134066666667,690411,690591,180
100,0,blank,0,168.379283333333,168.77645,690591,690759,168
100,0,blank,0,190.992116666667,185.759966666667,690759,690948,189
100,13,main,97,63.4138,276.277914285714,691004,691196,192
100,0,blank,0,118.08502,298.5592,691196,691381,185
100,15,binary_number,102,153.8124,318.884983333333,691381,691578,197
100,16,"%d",108,130.02698,337.5117,691578,691742,164
100,16,printf,106,84.7047666666667,350.327866666667,691742,691921,179
100,15,binary_number,102,152.644725,325.12675,691921,692024,103
100,0,blank,0,296.2271,307.881075,692052,692238,186
100,16,binary_number,112,376.111825,337.6781,692238,692416,178
100,16,binary_number,112,432.821533333333,348.0318,692416,692547,131
100,15,11101,104,282.49402,326.81792,692572,692706,134
100,0,blank,0,-323,-105,692763,692864,101
100,0,blank,0,267.3961,366.5789,692889,692915,26
100,0,blank,0,167.44135,311.558366666667,693041,693221,180
100,15,binary_number,102,195.20295,314.602333333333,693221,693397,176
100,0,blank,0,270.963516666667,295.621866666667,693397,693580,183
100,15,11101,104,279.1383,319.29395,693580,693641,61
100,0,blank,0,103.052583333333,301.208283333333,693672,693854,182
100,0,blank,0,151.017733333333,305.780566666667,693854,694035,181
100,0,blank,0,195.115225,284.246125,694035,694156,121
100,0,blank,0,-323,-105,694217,694293,76
100,0,blank,0,312.520457142857,288.8216,694376,694570,194
100,0,blank,0,284.1964,295.95565,694570,694757,187
100,0,blank,0,267.196257142857,295.8405,694757,694954,197
100,0,blank,0,200.92705,295.774383333333,694954,695130,176
100,0,blank,0,169.7069,282.0512,695130,695318,188
100,0,blank,0,495.2338,58.72068,695376,695522,146
100,0,blank,0,282.30292,516.2894,695581,695730,149
100,0,blank,0,462.1242,729.3488,695761,695933,172
100,0,blank,0,439.7369,744.2206,695933,696132,199
100,0,blank,0,410.5405,750.10356,696132,696302,170
100,0,blank,0,-323,-105,696332,696387,55
100,0,blank,0,287.5864,775.9248,696412,696437,25
100,0,blank,0,221.3394,693.3997,696488,696513,25
100,10,return,69,125.687066666667,203.861283333333,696538,696711,173
100,0,blank,0,168.8836,274.36512,696711,696882,171
100,0,blank,0,217.702933333333,305.687633333333,696882,697057,175
100,0,blank,0,292.641633333333,296.9333,697057,697234,177
100,0,blank,0,289.592883333333,303.06725,697234,697410,176
100,0,blank,0,246.639,305.9853,697410,697440,30
100,0,blank,0,137.011716666667,307.743066666667,697469,697645,176
100,0,blank,0,127.7838,304.6349,697645,697673,28
100,0,blank,0,-323,-105,697702,697782,80
100,0,blank,0,264.930571428571,297.125028571429,697881,698074,193
100,0,blank,0,295.19416,282.0051,698074,698247,173
100,0,blank,0,293.5907,300.6755,698247,698367,120
100,0,blank,0,183.99014,300.78002,698396,698584,188
100,0,blank,0,232.163866666667,303.908833333333,698584,698760,176
100,15,11101,104,291.8834,322.0451,698760,698789,29
100,0,blank,0,-323,-105,698818,698948,130
100,0,blank,0,-323,-105,698948,699048,100
100,0,blank,0,-323,-105,699048,699240,192
100,0,blank,0,-323,-105,699240,699417,177
100,0,blank,0,-323,-105,699417,699594,177
100,0,blank,0,-323,-105,699594,699748,154
100,0,blank,0,-323,-105,699748,699847,99
100,0,blank,0,-323,-105,699847,700025,178
100,0,blank,0,-323,-105,700025,700174,149
100,0,blank,0,-323,-105,700174,700356,182
100,0,blank,0,-323,-105,700356,700506,150
100,0,blank,0,-323,-105,700506,700685,179
100,0,blank,0,-323,-105,700685,700867,182
100,0,blank,0,-323,-105,700867,701010,143
100,0,blank,0,-323,-105,701010,701267,257
100,0,blank,0,-323,-105,701267,701521,254
100,0,blank,0,-323,-105,701521,701775,254
100,0,blank,0,-323,-105,701775,701956,181
100,0,blank,0,-323,-105,701956,702086,130
100,0,blank,0,-323,-105,702086,702225,139
100,0,blank,0,-323,-105,702225,702363,138
100,0,blank,0,-323,-105,702363,702542,179
100,0,blank,0,-323,-105,702542,702833,291
100,0,blank,0,-323,-105,702833,702992,159
100,0,blank,0,-323,-105,702992,703084,92
100,0,blank,0,-323,-105,703084,703239,155
100,0,blank,0,-323,-105,703239,703382,143
100,0,blank,0,-323,-105,703382,703571,189
100,0,blank,0,-323,-105,703571,703741,170
100,0,blank,0,-323,-105,703741,703881,140
100,0,blank,0,-323,-105,703881,704052,171
100,0,blank,0,-323,-105,704052,704250,198
100,0,blank,0,-323,-105,704250,704413,163
100,0,blank,0,-323,-105,704413,704545,132
100,0,blank,0,-323,-105,704545,704713,168
100,0,blank,0,-323,-105,704713,704882,169
100,0,blank,0,-323,-105,704882,705057,175
100,0,blank,0,-323,-105,705057,705219,162
100,0,blank,0,-323,-105,705219,705394,175
100,0,blank,0,-323,-105,705394,705690,296
100,0,blank,0,-323,-105,705690,705784,94
100,0,blank,0,-323,-105,705784,705958,174
100,0,blank,0,-323,-105,705958,706114,156
100,0,blank,0,-323,-105,706114,706252,138
100,0,blank,0,-323,-105,706252,706377,125
100,0,blank,0,-323,-105,706377,706508,131
100,0,blank,0,-323,-105,706508,706697,189
100,0,blank,0,-323,-105,706697,706867,170
100,0,blank,0,-323,-105,706867,707008,141
100,0,blank,0,-323,-105,707008,707120,112
100,0,blank,0,-323,-105,707120,707325,205
100,0,blank,0,-323,-105,707325,707468,143
100,0,blank,0,-323,-105,707468,707594,126
100,0,blank,0,-323,-105,707594,707730,136
100,0,blank,0,-323,-105,707730,707891,161
100,0,blank,0,-323,-105,707891,708117,226
100,0,blank,0,-323,-105,708117,708279,162
100,0,blank,0,-323,-105,708279,708423,144
100,0,blank,0,-323,-105,708423,708509,86
100,0,blank,0,-323,-105,708509,708759,250
100,0,blank,0,-323,-105,708759,708893,134
100,0,blank,0,-323,-105,708893,709086,193
100,0,blank,0,-323,-105,709086,709154,68
100,0,blank,0,-323,-105,709154,709320,166
100,0,blank,0,-323,-105,709320,709497,177
100,0,blank,0,-323,-105,709497,709601,104
100,0,blank,0,-323,-105,709601,709809,208
100,9,),68,197.4453,197.0298,709861,710056,195
100,10,return,69,170.6122,211.48875,710056,710162,106
100,0,blank,0,-323,-105,710205,710364,159
100,7,n,38,133.4148,153.3013,710471,710496,25
100,0,blank,0,-323,-105,710523,710706,183
100,0,blank,0,-323,-105,710706,710883,177
100,0,blank,0,-323,-105,710883,710956,73
100,9,),68,214.7225,179.5459,711274,711576,302
100,0,blank,0,209.9624,165.4084,711576,711674,98
100,0,blank,0,-323,-105,711874,712031,157
100,0,blank,0,-323,-105,712031,712122,91
100,6,0,33,158.7615,127.4472,712249,712349,100
100,0,blank,0,-323,-105,712399,712576,177
100,0,blank,0,-323,-105,712576,712754,178
100,0,blank,0,-323,-105,712754,712943,189
100,0,blank,0,-323,-105,712943,713126,183
100,0,blank,0,-323,-105,713126,713290,164
100,0,blank,0,-323,-105,713290,713331,41
100,0,blank,0,-323,-105,713331,713550,219
100,0,blank,0,-323,-105,713550,713581,31
100,0,blank,0,-323,-105,713581,713913,332
100,0,blank,0,-323,-105,713913,714242,329
100,0,blank,0,-323,-105,714242,714414,172
100,0,blank,0,-323,-105,714414,714612,198
100,0,blank,0,-323,-105,714612,714808,196
100,0,blank,0,-323,-105,714808,714959,151
100,0,blank,0,-323,-105,714959,715106,147
100,0,blank,0,-323,-105,715106,715280,174
100,0,blank,0,-323,-105,715280,715371,91
100,0,blank,0,-323,-105,715371,715501,130
100,0,blank,0,-323,-105,715501,715689,188
100,0,blank,0,-323,-105,715689,715719,30
100,0,blank,0,-323,-105,715719,715969,250
100,0,blank,0,-323,-105,715969,716203,234
100,0,blank,0,-323,-105,716203,716370,167
100,0,blank,0,-323,-105,716370,716545,175
100,0,blank,0,-323,-105,716545,716642,97
100,0,blank,0,-323,-105,716642,716836,194
100,0,blank,0,-323,-105,716836,717187,351
100,0,blank,0,-323,-105,717187,717517,330
100,0,blank,0,-323,-105,717517,717700,183
100,0,blank,0,-323,-105,717700,717880,180
100,0,blank,0,-323,-105,717880,717973,93
100,0,blank,0,-323,-105,717973,718152,179
100,0,blank,0,-323,-105,718152,718328,176
100,9,&&,65,129.049366666667,186.6372,718390,718560,170
100,8,n,46,139.840066666667,173.207066666667,718560,718690,130
100,9,b,66,179.8685,199.38255,718926,719010,84
100,0,blank,0,85.5784166666667,200.843266666667,719087,719272,185
100,9,&&,65,150.7734,193.9416,719272,719430,158
100,10,return,69,155.8105,221.4622,719430,719490,60
100,9,&&,65,315.63594,187.28438,719604,719791,187
100,0,blank,0,371.9005,183.845016666667,719791,719974,183
100,0,blank,0,377.964,182.0237,719974,720065,91
100,9,b,66,180.121866666667,182.26025,720096,720280,184
100,9,b,66,180.496733333333,188.905266666667,720280,720464,184
100,0,blank,0,89.8962333333333,216.676766666667,720556,720737,181
100,11,return,83,79.99595,226.08815,720737,720798,61
100,0,blank,0,14.98275,305.645266666667,720828,721014,186
100,0,blank,0,-203.937483333333,348.377416666667,721046,721231,185
100,0,blank,0,-323,-105,721299,721329,30
100,0,blank,0,35.9114,313.997066666667,721406,721577,171
100,15,int,101,72.40295,326.845566666667,721577,721761,184
100,0,blank,0,106.053416666667,332.611016666667,721761,721945,184
100,0,blank,0,88.7840666666666,332.460316666667,721945,722127,182
100,15,int,101,56.5088,319.386533333333,722127,722310,183
100,13,void,96,31.7216,274.310966666667,722310,722492,182
100,0,blank,0,23.8954,256.541275,722492,722613,121
100,8,b,43,87.3705,158.509016666667,722644,722828,184
100,8,b,43,88.2714833333333,162.200633333333,722828,723013,185
100,9,(,62,92.2072,186.067433333333,723013,723106,93
100,0,blank,0,-323,-105,723136,723193,57
100,8,),49,195.39565,173.67545,723321,723497,176
100,9,&&,65,125.47514,198.8112,723497,723676,179
100,0,blank,0,109.40125,212.4111,723676,723861,185
100,11,return,83,52.288,237.304075,723861,723983,122
100,0,blank,0,524.475033333333,1.18668333333333,724044,724222,178
100,0,blank,0,495.951433333333,36.0949333333333,724222,724313,91
100,0,blank,0,-323,-105,724343,724465,122
100,0,blank,0,264.94125,25.5725333333333,724494,724659,165
100,0,blank,0,24.8751333333333,86.1718666666667,724688,724863,175
100,0,blank,0,24.6588857142857,91.9776285714286,724863,725057,194
100,4,{,26,3.99905714285714,87.3103,725057,725247,190
100,0,blank,0,64.776375,88.47075,725247,725404,157
100,0,blank,0,-323,-105,725429,725555,126
100,0,blank,0,-323,-105,725555,725695,140
100,0,blank,0,115.629166666667,97.8547666666667,725725,725830,105
100,0,blank,0,154.948033333333,106.4384,725830,725979,149
100,0,blank,0,153.4518,91.0137,726029,726215,186
100,0,blank,0,160.556571428571,92.6509714285714,726215,726408,193
100,0,blank,0,166.984316666667,92.4956,726408,726570,162
100,0,blank,0,-323,-105,726625,726726,101
100,0,blank,0,36.6293,122.384271428571,726802,726984,182
100,0,blank,0,-11.3945285714286,93.3538285714286,726984,727178,194
100,0,blank,0,-10.88405,119.18825,727178,727233,55
100,17,},116,9.9793,356.930157142857,727262,727455,193
100,0,blank,0,-6.44834285714286,335.677,727455,727647,192
100,0,blank,0,-1.47175714285715,304.251985714286,727647,727839,192
100,0,blank,0,33.2074714285714,341.701671428571,727839,728032,193
100,0,blank,0,31.6399142857143,349.543814285714,728032,728223,191
100,0,blank,0,30.17186,317.64424,728223,728359,136
100,0,blank,0,212.86625,360.798466666667,728384,728550,166
100,0,blank,0,-323,-105,728578,728757,179
100,0,blank,0,-323,-105,728757,728935,178
100,0,blank,0,-323,-105,728935,729119,184
100,0,blank,0,-323,-105,729119,729293,174
100,0,blank,0,-323,-105,729293,729654,361
100,0,blank,0,-323,-105,729654,729703,49
100,0,blank,0,-323,-105,729703,729973,270
100,0,blank,0,-323,-105,729973,730148,175
100,0,blank,0,-323,-105,730148,730311,163
100,0,blank,0,-323,-105,730311,730449,138
100,10,return,69,138.0837,217.83325,730488,730667,179
100,0,blank,0,134.738275,244.355975,730667,730781,114
100,0,blank,0,-323,-105,730810,730915,105
100,0,blank,0,191.8469,211.7906,730942,730969,27
100,11,binary_to_gray,87,197.534071428571,225.822428571429,731033,731226,193
100,11,binary_to_gray,87,168.289,233.131783333333,731226,731399,173
100,0,blank,0,107.676716666667,249.8879,731399,731572,173
100,0,blank,0,102.7994,228.2299,731572,731743,171
100,0,blank,0,97.54775,225.996366666667,731743,731916,173
100,0,blank,0,100.656316666667,228.1591,731916,732088,172
100,0,blank,0,-323,-105,732117,732169,52
100,0,blank,0,116.3231,378.6036,732194,732219,25
100,0,blank,0,99.6106857142857,202.636157142857,732269,732456,187
100,11,10,91,125.772266666667,226.4089,732456,732629,173
100,0,blank,0,117.951633333333,250.386033333333,732629,732713,84
100,0,blank,0,-323,-105,732770,732820,50
100,0,blank,0,165.4116,436.964,732845,732870,25
100,0,blank,0,136.286783333333,238.129733333333,732921,733105,184
100,0,blank,0,135.614333333333,237.7085,733105,733191,86
100,0,blank,0,-323,-105,733221,733326,105
100,0,blank,0,104.5518,223.7935,733351,733376,25
100,0,blank,0,96.1287142857143,242.5203,733435,733622,187
100,0,blank,0,89.4818,248.33315,733622,733678,56
100,10,+,72,232.8646,209.91275,733707,733764,57
100,11,binary_to_gray,87,224.4825,232.3466,733821,734020,199
100,11,binary_to_gray,87,185.538857142857,224.294071428571,734020,734218,198
100,11,binary_to_gray,87,182.808983333333,230.6237,734218,734392,174
100,0,blank,0,184.5427,216.2333,734392,734591,199
100,11,binary_to_gray,87,174.40185,232.498466666667,734591,734765,174
100,11,binary_to_gray,87,177.415014285714,236.642814285714,734765,734962,197
100,10,return,69,164.331166666667,217.007266666667,734962,735136,174
100,10,return,69,145.591,217.626783333333,735136,735308,172
100,0,blank,0,64.3205571428571,220.904842857143,735308,735507,199
100,0,blank,0,115.8478,207.441833333333,735507,735680,173
100,0,blank,0,114.5113,217.61495,735680,735738,58
100,0,blank,0,-323,-105,735797,735848,51
100,15,binary_number,102,171.7156,313.0711,735874,735900,26
100,11,binary_to_gray,87,170.424014285714,231.613042857143,735954,736143,189
100,11,binary_to_gray,87,201.220333333333,237.094183333333,736143,736317,174
100,0,blank,0,195.125766666667,248.722433333333,736317,736402,85
100,0,blank,0,-323,-105,736430,736536,106
100,9,),68,200.973,199.8267,736562,736590,28
100,0,blank,0,170.375714285714,265.144814285714,736648,736842,194
100,0,blank,0,177.078985714286,266.4628,736842,737038,196
100,0,blank,0,174.3144,271.238228571429,737038,737230,192
100,0,blank,0,171.225714285714,276.207285714286,737230,737426,196
100,0,blank,0,157.350242857143,253.159057142857,737426,737620,194
100,0,blank,0,104.0631,249.35984,737620,737757,137
100,0,blank,0,-323,-105,737786,737865,79
100,0,blank,0,166.3926,260.8819,737891,737921,30
100,11,binary_to_gray,87,191.632914285714,231.470371428571,738006,738200,194
100,11,binary_to_gray,87,220.359514285714,231.3457,738200,738395,195
100,0,blank,0,171.603857142857,245.361557142857,738395,738590,195
100,11,binary_to_gray,87,165.5815,243.8204,738590,738618,28
100,11,binary_to_gray,87,198.324242857143,241.122657142857,738672,738868,196
100,0,blank,0,87.1866428571428,247.158957142857,738896,739093,197
100,0,blank,0,-323,-105,739150,739200,50
100,0,blank,0,118.0296,258.4401,739226,739251,25
100,11,*,86,148.670871428571,241.253985714286,739301,739483,182
100,11,binary_to_gray,87,197.283533333333,231.8181,739483,739654,171
100,0,blank,0,181.4569,278.279333333333,739654,739847,193
100,0,blank,0,171.72735,302.05005,739847,740043,196
100,0,blank,0,125.746916666667,263.598883333333,740043,740218,175
100,0,blank,0,132.0684,254.188414285714,740218,740410,192
100,0,blank,0,87.2667285714286,249.828385714286,740410,740601,191
100,0,blank,0,71.1043571428571,260.746514285714,740601,740794,193
100,0,blank,0,58.9104571428571,246.303028571429,740794,740992,198
100,11,return,83,63.8789857142857,224.957928571429,740992,741185,193
100,0,blank,0,61.9614,262.46705,741185,741243,58
100,0,blank,0,225.119414285714,248.617942857143,741272,741466,194
100,11,binary_to_gray,87,184.22005,234.758583333333,741466,741637,171
100,0,blank,0,141.3387,259.386,741637,741666,29
100,0,blank,0,-323,-105,741695,741798,103
100,10,return,69,158.1242,213.5311,741823,741849,26
100,0,blank,0,141.576428571429,247.3364,741904,742088,184
100,0,blank,0,154.166133333333,255.272866666667,742088,742259,171
100,0,blank,0,155.828325,253.322925,742259,742373,114
100,0,blank,0,146.645242857143,258.169785714286,742400,742595,195
100,0,blank,0,148.696,252.8428,742595,742650,55
100,0,blank,0,-323,-105,742677,742805,128
100,0,blank,0,147.95162,279.81444,742834,742960,126
100,0,blank,0,165.393371428571,277.517257142857,743016,743202,186
100,0,blank,0,198.8156,272.7983,743202,743231,29
100,0,blank,0,-323,-105,743969,744103,134
100,0,blank,0,115.1363,291.882914285714,744339,744535,196
100,0,blank,0,125.216585714286,304.041957142857,744535,744719,184
100,0,blank,0,186.413214285714,277.324714285714,744719,744900,181
100,16,..,109,161.875,351.8916,744900,744927,27
100,0,blank,0,-323,-105,744954,744982,28
100,11,binary_to_gray,87,227.6268,240.2921,745082,745108,26
100,0,blank,0,217.777085714286,249.8377,745157,745342,185
100,0,blank,0,166.549714285714,273.942628571429,745342,745530,188
100,0,blank,0,172.630985714286,275.987285714286,745530,745718,188
100,0,blank,0,189.764214285714,282.487285714286,745718,745906,188
100,0,blank,0,193.966633333333,284.596266666667,745906,745985,79
100,0,blank,0,-323,-105,746013,746148,135
100,0,blank,0,193.471985714286,244.661314285714,746175,746367,192
100,0,blank,0,187.28155,283.33585,746367,746472,105
100,0,blank,0,191.164716666667,271.1519,746527,746687,160
100,0,blank,0,160.32694,301.11424,746715,746852,137
100,0,blank,0,181.5565,291.56325,746879,746932,53
100,0,blank,0,205.965671428571,268.871328571429,746986,747177,191
100,0,blank,0,210.50054,268.20698,747177,747315,138
100,0,blank,0,-323,-105,747341,747445,104
100,11,binary_to_gray,87,216.3525,238.7905,747491,747550,59
100,0,blank,0,209.358483333333,252.325583333333,747612,747793,181
100,0,blank,0,175.701328571429,278.190571428571,747793,747984,191
100,13,main,97,90.8796,281.347233333333,747984,748063,79
100,13,main,97,91.0128,278.11608,748115,748244,129
100,13,main,97,85.35416,284.1556,748244,748431,187
100,0,blank,0,113.532128571429,280.9552,748431,748621,190
100,0,blank,0,-323,-105,748650,748726,76
100,0,blank,0,60.9119,388.3591,748751,748777,26
100,0,blank,0,96.30226,296.07448,748826,748951,125
100,0,blank,0,-323,-105,748978,749056,78
100,0,blank,0,97.2261,574.4822,749082,749107,25
100,11,*,86,147.151842857143,233.7121,749158,749346,188
100,10,return,69,166.855866666667,207.76205,749346,749521,175
100,10,return,69,167.748375,204.7475,749521,749641,120
100,0,blank,0,-323,-105,749672,749845,173
100,9,&&,65,155.743183333333,193.8858,749877,750049,172
100,10,return,69,175.091666666667,202.134933333333,750049,750233,184
100,9,!,63,168.867233333333,180.9041,750233,750420,187
100,9,!,63,165.4845,195.432525,750420,750543,123
100,0,blank,0,-323,-105,750573,750603,30
100,10,return,69,129.3241,215.7101,750655,750680,25
100,0,blank,0,-323,-105,750703,750758,55
100,9,&&,65,122.446066666667,198.073933333333,750808,750978,170
100,9,&&,65,150.65725,183.499733333333,750978,751159,181
100,9,),68,210.606866666667,181.446216666667,751159,751342,183
100,10,1,71,210.3753,201.3978,751342,751372,30
100,0,blank,0,-323,-105,751432,751561,129
100,9,&&,65,153.5536,181.0511,751587,751621,34
100,9,&&,65,153.614983333333,182.358566666667,751685,751859,174
100,0,blank,0,192.095166666667,200.46585,751859,752041,182
100,9,),68,212.6586,196.9485,752041,752071,30
100,0,blank,0,92.0598,220.46855,752103,752285,182
100,0,blank,0,120.357416666667,207.037433333333,752285,752468,183
100,10,1,71,206.179016666667,206.075166666667,752468,752651,183
100,10,+,72,231.7112,205.64235,752651,752836,185
100,0,blank,0,365.372966666667,192.520383333333,752836,753019,183
100,0,blank,0,250.690966666667,200.630316666667,753019,753203,184
100,9,!,63,168.750666666667,197.999666666667,753203,753294,91
100,0,blank,0,-321.93224,436.29314,753387,753563,176
100,0,blank,0,-323,-105,753626,753684,58
100,0,blank,0,291.50775,218.676733333333,753757,753943,186
100,11,binary_to_gray,87,295.6072,225.82834,753943,754103,160
100,0,blank,0,133.861433333333,266.134083333333,754135,754325,190
100,11,10,91,118.5605,243.4299,754325,754357,32
100,0,blank,0,765.02,198.3549,754477,754503,26
100,0,blank,0,-323,-105,754567,754747,180
100,0,blank,0,-323,-105,754747,754923,176
100,0,blank,0,-323,-105,754923,755104,181
100,0,blank,0,-323,-105,755104,755283,179
100,0,blank,0,-323,-105,755283,755459,176
100,0,blank,0,-323,-105,755459,755637,178
100,0,blank,0,-323,-105,755637,755822,185
100,0,blank,0,-323,-105,755822,756012,190
100,0,blank,0,-323,-105,756012,756206,194
100,0,blank,0,-323,-105,756206,756396,190
100,0,blank,0,-323,-105,756396,756587,191
100,0,blank,0,-323,-105,756587,756690,103
100,0,blank,0,-323,-105,756690,756816,126
100,0,blank,0,-323,-105,756816,756997,181
100,0,blank,0,-323,-105,756997,757115,118
100,0,blank,0,341.7927,250.15055,757302,757349,47
100,0,blank,0,423.766171428571,265.095057142857,757381,757570,189
100,0,blank,0,393.8985,272.06955,757570,757625,55
100,0,blank,0,152.2585,292.6203,757653,757711,58
100,0,blank,0,174.477857142857,283.185542857143,757768,757961,193
100,0,blank,0,210.7513,258.702333333333,757961,758043,82
100,0,blank,0,226.0873,245.6839,758098,758125,27
100,0,blank,0,272.2455,276.2545,758125,758431,306
100,0,blank,0,271.136083333333,257.110133333333,758431,758603,172
100,0,blank,0,369.9682,258.5175,758632,758692,60
100,0,blank,0,-323,-105,758905,759033,128
100,0,blank,0,402.099542857143,244.886085714286,759144,759341,197
100,0,blank,0,428.35845,274.451716666667,759341,759504,163
100,16,printf,106,96.9570428571429,345.9096,759559,759752,193
100,15,binary_number,102,85.34055,317.6912,759752,759915,163
100,0,blank,0,211.3566,259.5003,759943,759969,26
100,0,blank,0,217.350033333333,289.0634,760022,760149,127
100,0,blank,0,230.591,303.384,760149,760252,103
100,0,blank,0,52.66505,401.07965,760358,760528,170
100,0,blank,0,100.5905,415.5816,760528,761050,522
100,0,blank,0,88.0858666666667,401.5993,761050,761223,173
100,0,blank,0,77.5460333333333,449.656333333333,761223,761303,80
100,0,blank,0,192.280471428571,384.743328571429,761330,761515,185
100,0,blank,0,214.8467,366.5453,761515,761542,27
100,0,blank,0,-323,-105,761569,761622,53
100,0,blank,0,129.5279,489.0727,761647,761672,25
100,0,blank,0,84.0196,480.4504,761722,761747,25
100,0,blank,0,66.8600857142857,398.0576,761772,761956,184
100,0,blank,0,37.1096,402.748857142857,761956,762144,188
100,0,blank,0,39.6614,435.109,762144,762171,27
100,0,blank,0,-323,-105,762226,762378,152
100,0,blank,0,-323,-105,762454,762675,221
100,0,blank,0,107.3557,410.38015,762716,762825,109
100,0,blank,0,-323,-105,762854,762957,103
100,0,blank,0,463.1671,88.8047,762986,763027,41
100,0,blank,0,454.0217,96.8005,763115,763141,26
100,1,recursion,12,523.82928,7.0952,763170,763317,147
100,0,blank,0,-323,-105,763443,763515,72
100,0,blank,0,347.245675,124.8564,763667,763773,106
100,0,blank,0,323.05036,30.54852,763801,763938,137
100,1,code,10,405.1046,23.9717,763993,764018,25
100,0,blank,0,500.204414285714,51.2587428571429,764073,764266,193
100,0,blank,0,495.9399,39.4832714285714,764266,764463,197
100,0,blank,0,490.775166666667,77.7466,764463,764630,167
100,0,blank,0,490.26925,52.1672333333333,764658,764829,171
100,0,blank,0,494.415633333333,68.9158666666667,764829,764998,169
100,0,blank,0,439.9182,155.9804,765028,765054,26
100,0,blank,0,447.0453,46.9664666666667,765082,765254,172
100,0,blank,0,425.869233333333,26.0982333333333,765254,765425,171
100,1,using,11,447.7025,13.3077,765425,765455,30
100,0,blank,0,444.890028571429,37.2734428571429,765482,765681,199
100,0,blank,0,-323,-105,765709,765787,78
100,0,blank,0,336.009,150.1612,765812,765837,25
100,1,Gray,9,370.137133333333,15.5842,765886,766041,155
100,0,blank,0,-323,-105,766070,766125,55
100,0,blank,0,-29.7368,256.8139,766150,766175,25
100,0,blank,0,-38.0426,74.4018285714286,766225,766415,190
100,0,blank,0,-37.5189714285714,84.6922,766415,766613,198
100,0,blank,0,-27.8916,103.2941,766613,766671,58
100,0,blank,0,-198.249671428571,19.9373714285714,766700,766899,199
100,0,blank,0,-267.464033333333,1.79295,766899,767072,173
100,0,blank,0,-269.387,5.6905,767072,767131,59
100,0,blank,0,-323,-105,767160,767189,29
100,0,blank,0,384.5926,375.5412,767240,767264,24
100,0,blank,0,405.435957142857,244.8028,767290,767481,191
100,0,blank,0,415.30545,222.31875,767481,767539,58
100,0,blank,0,71.4589571428571,264.269971428571,767595,767793,198
100,13,),99,109.87376,282.79662,767793,767959,166
100,0,blank,0,136.2394,303.7108,767959,768060,101
100,0,blank,0,-323,-105,768111,768270,159
100,0,blank,0,102.659928571429,437.519757142857,768330,768526,196
100,0,blank,0,207.1929,476.3736,768911,768952,41
100,0,blank,0,-323,-105,768973,768998,25
100,0,blank,0,205.6103,431.0157,769048,769073,25
100,0,blank,0,241.84375,279.4944,769099,769150,51
100,0,blank,0,-323,-105,770059,770206,147
100,0,blank,0,-323,-105,770206,770765,559
100,0,blank,0,-323,-105,770765,770871,106
100,0,blank,0,90.40675,244.0239,771080,771128,48
100,0,blank,0,-323,-105,771544,771689,145
100,0,blank,0,-323,-105,771689,772086,397
100,0,blank,0,-323,-105,772086,772181,95
100,0,blank,0,199.0413,261.52506,772207,772378,171
100,0,blank,0,-323,-105,772406,772481,75
100,0,blank,0,174.6956,306.7375,772506,772532,26
100,0,blank,0,-323,-105,772557,772752,195
100,0,blank,0,-323,-105,772752,772946,194
100,0,blank,0,124.1792,263.8501,772987,773062,75
100,11,return,83,92.98445,234.45615,773122,773173,51
100,13,(,98,98.1429,277.8878,773173,773480,307
100,0,blank,0,-323,-105,773505,773660,155
100,0,blank,0,97.369,219.9666,773688,773713,25
100,0,blank,0,98.4714142857143,256.34,773763,773946,183
100,13,main,97,58.2500166666667,267.050316666667,773946,774115,169
100,0,blank,0,-323,-105,774144,774199,55
100,16,(,111,112.3798,339.8243,774224,774250,26
100,0,blank,0,108.11655,220.158466666667,774301,774461,160
100,11,binary_to_gray,87,204.46325,237.227166666667,774491,774668,177
100,0,blank,0,185.22475,245.721616666667,774668,774842,174
100,0,blank,0,141.685725,248.349825,774842,774956,114
100,0,blank,0,-323,-105,774985,775120,135
100,0,blank,0,152.483,246.466485714286,775147,775337,190
100,0,blank,0,140.295471428571,259.309142857143,775337,775533,196
100,0,blank,0,129.933433333333,264.45385,775533,775696,163
100,0,blank,0,59.8232666666667,291.08165,775696,775889,193
100,13,main,97,62.43335,280.8271,775889,775945,56
100,0,blank,0,-323,-105,775972,776024,52
100,0,blank,0,123.4951,386.7635,776049,776074,25
100,0,blank,0,122.637,269.4797,776129,776154,25
100,15,binary_number,102,96.5368,313.081,776154,776443,289
100,13,main,97,91.16595,281.876525,776443,776560,117
100,0,blank,0,210.5063,280.3735,776588,776613,25
100,0,blank,0,194.011457142857,309.078742857143,776667,776854,187
100,0,blank,0,165.7526,289.162166666667,776854,776934,80
100,0,blank,0,-323,-105,777227,777368,141
100,0,blank,0,185.805,289.40415,777408,777484,76
100,0,blank,0,-323,-105,777524,777721,197
100,0,blank,0,-323,-105,777721,777897,176
100,0,blank,0,-323,-105,777897,778082,185
100,0,blank,0,-323,-105,778082,778244,162
100,0,blank,0,-323,-105,778244,778406,162
100,0,blank,0,-323,-105,778406,778528,122
100,13,main,97,75.0529714285714,282.531185714286,778648,778841,193
100,0,blank,0,57.9726428571429,298.348871428571,778841,779028,187
100,11,10,91,116.496766666667,241.3478,779056,779138,82
100,0,blank,0,-323,-105,779390,779431,41
100,0,blank,0,-323,-105,779535,779932,397
100,0,blank,0,-323,-105,779932,780098,166
100,0,blank,0,-323,-105,780098,780255,157
100,0,blank,0,130.590466666667,285.55425,780296,780483,187
100,0,blank,0,215.1223,251.4489,780483,780525,42
100,0,blank,0,239.3882,249.9199,780744,780769,25
100,0,blank,0,204.573814285714,278.279385714286,780877,781068,191
100,15,binary_number,102,164.36015,314.5321,781068,781122,54
100,15,binary_number,102,156.3459,316.872,781122,781425,303
100,0,blank,0,199.961685714286,272.279671428571,781425,781618,193
100,0,blank,0,223.1664,294.2899,781618,781675,57
100,0,blank,0,212.6274,272.0692,783245,783278,33
100,0,blank,0,-323,-105,783300,783328,28
100,0,blank,0,108.7689,589.5415,783353,783378,25
100,0,blank,0,178.0371,292.6952,783428,783611,183
100,0,blank,0,139.8687,269.32095,783611,783720,109
100,0,blank,0,117.276875,274.550175,783720,783914,194
100,15,binary_number,102,135.161242857143,323.459342857143,783914,784105,191
100,15,binary_number,102,149.1711,319.8044,784105,784133,28
100,0,blank,0,100.7711,421.2809,784161,784189,28
100,0,blank,0,129.7502,287.7791,784216,784244,28
100,15,binary_number,102,124.151942857143,320.448285714286,784298,784492,194
100,0,blank,0,125.059,296.875285714286,784492,784687,195
100,0,blank,0,130.579328571429,284.5676,784687,784880,193
100,0,blank,0,139.74144,275.36954,784880,785018,138
100,0,blank,0,122.161928571429,270.543028571429,785074,785269,195
100,0,blank,0,84.6854333333333,260.420333333333,785269,785354,85
100,0,blank,0,-323,-105,785408,785460,52
100,16,(,111,112.7341,341.7983,785485,785511,26
100,11,binary_to_gray,87,175.332514285714,243.659,785639,785830,191
100,0,blank,0,224.981942857143,248.894,785830,786023,193
100,15,binary_number,102,173.25448,315.27202,786023,786162,139
100,0,blank,0,196.8693,289.1851,786190,786217,27
100,0,blank,0,185.368483333333,306.690833333333,786271,786437,166
100,13,main,97,85.2158142857143,267.089957142857,786464,786652,188
100,0,blank,0,79.6858333333333,249.546966666667,786652,786735,83
100,0,blank,0,-323,-105,786764,786841,77
100,0,blank,0,111.866757142857,248.556728571429,786925,787103,178
100,0,blank,0,121.079085714286,275.194942857143,787103,787295,192
100,0,blank,0,154.924975,291.425275,787295,787405,110
100,0,blank,0,151.76688,332.15192,787430,787568,138
100,0,blank,0,-323,-105,787596,787726,130
100,0,blank,0,157.325466666667,307.796433333333,787752,787826,74
100,15,binary_number,102,149.6563,328.8146,787851,788016,165
100,15,int,101,62.4589333333333,312.9356,788043,788202,159
100,0,blank,0,50.0459,362.6508,788202,788253,51
100,0,blank,0,47.9142,300.2619,788307,788334,27
100,15,binary_number,102,130.572042857143,321.122628571429,788361,788553,192
100,15,binary_number,102,130.7431,317.083657142857,788553,788744,191
100,16,"%d",108,144.54345,333.42505,788744,788801,57
100,0,blank,0,132.9071,300.3718,788856,788884,28
100,0,blank,0,-323,-105,788909,789089,180
100,0,blank,0,-323,-105,789089,789260,171
100,0,blank,0,-323,-105,789260,789433,173
100,0,blank,0,-323,-105,789433,789603,170
100,0,blank,0,-323,-105,789603,789797,194
100,0,blank,0,-323,-105,789797,789950,153
100,0,blank,0,-323,-105,789950,790138,188
100,0,blank,0,-323,-105,790138,790312,174
100,0,blank,0,-323,-105,790312,790505,193
100,0,blank,0,-323,-105,790505,790684,179
100,0,blank,0,-323,-105,790684,790858,174
100,0,blank,0,-323,-105,790858,791055,197
100,0,blank,0,-323,-105,791055,791209,154
100,0,blank,0,-323,-105,791209,791360,151
100,0,blank,0,-323,-105,791360,791527,167
100,0,blank,0,-323,-105,791527,791689,162
100,0,blank,0,-323,-105,791689,791861,172
100,0,blank,0,-323,-105,791861,792046,185
100,0,blank,0,-323,-105,792046,792134,88
100,0,blank,0,-323,-105,792134,792291,157
100,0,blank,0,-323,-105,792291,792456,165
100,0,blank,0,-323,-105,792456,792614,158
100,0,blank,0,-323,-105,792614,792812,198
100,0,blank,0,-323,-105,792812,792982,170
100,0,blank,0,-323,-105,792982,793163,181
100,0,blank,0,-323,-105,793163,793288,125
100,0,blank,0,-323,-105,793288,793478,190
100,0,blank,0,-323,-105,793478,793641,163
100,0,blank,0,-323,-105,793641,793724,83
100,0,blank,0,-323,-105,793724,793891,167
100,0,blank,0,-323,-105,793891,794052,161
100,0,blank,0,-323,-105,794052,794201,149
100,0,blank,0,-323,-105,794201,794397,196
100,0,blank,0,-323,-105,794397,794576,179
100,0,blank,0,-323,-105,794576,794700,124
100,0,blank,0,229.5106,466.10485,794745,794908,163
100,0,blank,0,200.8584,469.807575,794908,795080,172
100,0,blank,0,-323,-105,796753,796929,176
100,0,blank,0,-323,-105,796929,797114,185
100,0,blank,0,-323,-105,797114,797302,188
100,0,blank,0,-323,-105,797302,797429,127
100,0,blank,0,-323,-105,797429,797609,180
100,0,blank,0,-323,-105,798272,798450,178
100,0,blank,0,-323,-105,798450,798631,181
100,0,blank,0,-323,-105,798631,798756,125
100,0,blank,0,-323,-105,798756,798932,176
100,0,blank,0,-323,-105,798932,799099,167
100,0,blank,0,-323,-105,799099,799282,183
100,0,blank,0,-323,-105,799282,799469,187
100,0,blank,0,-323,-105,799469,799648,179
100,0,blank,0,-323,-105,799648,799843,195
100,0,blank,0,-323,-105,799843,800017,174
100,0,blank,0,-323,-105,800017,800194,177
100,0,blank,0,-323,-105,800194,800376,182
100,0,blank,0,-323,-105,800376,800553,177
100,0,blank,0,-323,-105,800553,800747,194
100,0,blank,0,-323,-105,800747,801013,266
100,0,blank,0,-323,-105,801013,801053,40
100,0,blank,0,-323,-105,801053,801661,608
100,0,blank,0,-323,-105,801661,802152,491
100,0,blank,0,-323,-105,802152,802338,186
100,0,blank,0,-323,-105,802338,802518,180
100,0,blank,0,-323,-105,802518,802692,174
100,0,blank,0,-323,-105,802692,802887,195
100,0,blank,0,-323,-105,802887,803072,185
100,0,blank,0,-323,-105,803072,803254,182
100,0,blank,0,-323,-105,803254,803428,174
100,0,blank,0,-323,-105,803428,803611,183
100,0,blank,0,-323,-105,803611,803767,156
100,0,blank,0,-323,-105,803767,803880,113
100,0,blank,0,-323,-105,803880,803968,88
100,0,blank,0,-323,-105,803968,804164,196
100,0,blank,0,-323,-105,804164,804362,198
100,0,blank,0,-323,-105,804362,804541,179
100,0,blank,0,-323,-105,804541,804740,199
100,0,blank,0,-323,-105,804740,804918,178
100,0,blank,0,-323,-105,804918,805096,178
100,0,blank,0,-323,-105,805096,805286,190
100,0,blank,0,-323,-105,805286,805441,155
100,0,blank,0,-323,-105,805441,805587,146
100,0,blank,0,-323,-105,805587,805680,93
100,0,blank,0,-323,-105,805680,806099,419
100,0,blank,0,-323,-105,806099,806272,173
100,0,blank,0,-323,-105,806272,806451,179
100,0,blank,0,-323,-105,806451,806590,139
100,0,blank,0,-323,-105,806590,806892,302
100,0,blank,0,-323,-105,806892,807050,158
100,0,blank,0,-323,-105,807050,807200,150
100,0,blank,0,-323,-105,807200,807392,192
100,0,blank,0,-323,-105,807392,807548,156
100,0,blank,0,-323,-105,807548,807736,188
100,0,blank,0,-323,-105,807736,807899,163
100,0,blank,0,-323,-105,807899,808033,134
100,0,blank,0,-323,-105,808033,808221,188
100,0,blank,0,-323,-105,808221,808410,189
100,0,blank,0,-323,-105,808410,808563,153
100,0,blank,0,-323,-105,808563,808757,194
100,0,blank,0,-323,-105,808757,808955,198
100,0,blank,0,-323,-105,808955,809129,174
100,0,blank,0,-323,-105,809129,809325,196
100,0,blank,0,-323,-105,809325,809503,178
100,0,blank,0,-323,-105,809503,809690,187
100,0,blank,0,-323,-105,809690,809867,177
100,0,blank,0,-323,-105,809867,810044,177
100,0,blank,0,-323,-105,810044,810206,162
100,0,blank,0,-323,-105,810206,810372,166
100,0,blank,0,-323,-105,810372,810529,157
100,0,blank,0,-323,-105,810529,810667,138
100,0,blank,0,-323,-105,810667,810756,89
100,0,blank,0,-323,-105,810756,811239,483
100,0,blank,0,-323,-105,811239,811419,180
100,0,blank,0,-323,-105,811419,811477,58
100,0,blank,0,-323,-105,811477,811667,190
100,0,blank,0,-323,-105,811667,811699,32
100,0,blank,0,-323,-105,811699,812184,485
100,0,blank,0,-323,-105,812184,812667,483
100,0,blank,0,-323,-105,812667,812860,193
100,0,blank,0,-323,-105,812860,813059,199
100,0,blank,0,-323,-105,813059,813234,175
100,0,blank,0,-323,-105,813234,813403,169
100,0,blank,0,-323,-105,813403,813591,188
100,0,blank,0,-323,-105,813591,813773,182
100,0,blank,0,-323,-105,813773,813948,175
100,0,blank,0,-323,-105,813948,814123,175
100,0,blank,0,-323,-105,814123,814291,168
100,0,blank,0,-323,-105,814291,814412,121
100,0,blank,0,-323,-105,814412,814737,325
