Frameno_fix,lineno_fix,Tokenname_fix,tokens_id,gaze_X_fix,gaze_Y_fix,timestamp_fix_start,timestamp_fix_end,time_duration
100,0,blank,0,182.1693,34.8864,5642,5673,31
100,0,blank,0,554.3313,-14.4494,6011,6076,65
100,0,blank,0,483.644,-33.2698,6228,6259,31
100,0,blank,0,500.3363,-105.016,6351,6381,30
100,0,blank,0,95.6596,-4.3909,6633,6664,31
100,0,blank,0,45.5021,-0.463700000000003,7060,7090,30
100,0,blank,0,516.7311,-7.40949999999999,7151,7180,29
100,0,blank,0,-323,-105,7596,7774,178
100,0,blank,0,-323,-105,8032,8146,114
100,0,blank,0,-323,-105,8198,8311,113
100,0,blank,0,-323,-105,8311,8459,148
100,0,blank,0,-323,-105,8459,8622,163
100,0,blank,0,47.8612,-29.3538,9549,9625,76
100,0,blank,0,17.5112,-5.5205,9718,9749,31
100,0,blank,0,8.35553333333331,-33.0608333333333,9780,9876,96
100,0,blank,0,2.1524,-31.9517,9935,9967,32
100,0,blank,0,0.88439999999999,-51.2610666666667,9997,10093,96
100,0,blank,0,160.99465,-52.12495,10188,10251,63
100,0,blank,0,149.1736,-38.8882,10411,10444,33
100,0,blank,0,194.26435,-49.15085,10790,10900,110
100,0,blank,0,277.7931,-24.1253,10995,11027,32
100,0,blank,0,272.9488,-49.9015,11058,11089,31
100,0,blank,0,357.4081,-39.6685,11214,11277,63
100,0,blank,0,339.7309,-49.07265,11309,11372,63
100,0,blank,0,338.6741,-38.7279,11405,11500,95
100,0,blank,0,309.5449,-27.77805,11563,11626,63
100,0,blank,0,310.108333333333,-32.0372,11657,11845,188
100,0,blank,0,412.1017,-46.2179,11910,11941,31
100,0,blank,0,411.9454,-40.02565,11973,12037,64
100,0,blank,0,402.270933333333,-38.7849,12135,12230,95
100,0,blank,0,461.9608,-39.615,12262,12295,33
100,0,blank,0,469.8311,-38.6706,12360,12391,31
100,0,blank,0,471.4878,-34.0277,12517,12548,31
100,0,blank,0,513.144266666667,-42.1085833333333,12611,12793,182
100,0,blank,0,512.1177,-44.5003,12793,12826,33
100,0,blank,0,33.4226333333333,-15.9220666666667,12953,13051,98
100,0,blank,0,24.0948,-1.01818,13084,13242,158
100,1,/,2,18.9922,4.83159999999999,13336,13369,33
100,0,blank,0,20.34095,-12.8996,13400,13464,64
100,0,blank,0,24.5545166666667,-7.72846666666667,13529,13722,193
100,0,blank,0,33.2155,-12.615,13722,13754,32
100,1,C,3,32.7148,7.1146,13849,13881,32
100,0,blank,0,24.19685,0.467750000000002,13914,14046,132
100,1,program,4,97.9651,12.6482,14208,14240,32
100,1,program,4,96.6757,7.0855,14303,14369,66
100,2,include,14,52.8076,38.9158,14557,14592,35
100,0,blank,0,123.05715,-13.01655,14960,15025,65
100,1,convert,6,175.90695,10.9886,15088,15150,62
100,1,convert,6,175.351,4.91030000000001,15277,15310,33
100,1,convert,6,183.0435,13.0726,15372,15403,31
100,1,to,8,137.4331,6.5526,15960,16023,63
100,1,to,8,138.7828,6.1272,16084,16115,31
100,1,convert,6,166.3593,4.21599999999999,16557,16589,32
100,0,blank,0,178.4273,1.1103,16684,16714,30
100,1,convert,6,177.1854,12.11355,16745,16806,61
100,1,to,8,142.2086,13.9095,16932,16966,34
100,1,convert,6,203.173,18.1096,17088,17120,32
100,1,convert,6,193.5325,10.7103,17183,17245,62
100,1,C,3,26.6953,22.4124,17400,17433,33
100,2,include,14,28.1466,35.9264,17466,17498,32
100,3,binary_to_gray,21,66.0018,66.5069,17873,17904,31
100,3,binary_to_gray,21,67.9999333333333,66.5852333333333,17967,18059,92
100,0,blank,0,36.9165,65.72115,18090,18152,62
100,0,blank,0,41.0992,116.9427,18243,18277,34
100,0,blank,0,36.8383,64.8885,18306,18337,31
100,3,binary_to_gray,21,87.7154,54.6261,18430,18461,31
100,0,blank,0,78.5985,78.4974,18521,18552,31
100,3,binary_to_gray,21,82.7969,64.8714,18614,18645,31
100,3,binary_to_gray,21,88.67495,58.0242,18676,18738,62
100,0,blank,0,78.1161,68.1474,18800,18831,31
100,0,blank,0,121.216366666667,97.8302666666667,19018,19110,92
100,0,blank,0,116.068266666667,93.6185,19142,19234,92
100,0,blank,0,-323,-105,19299,19356,57
100,0,blank,0,90.7245,43.1053,19819,19850,31
100,0,blank,0,68.8688,83.0137,20652,20682,30
100,0,blank,0,61.1993,46.8533,21509,21544,35
100,3,binary_to_gray,21,82.7561,55.778,21575,21605,30
100,3,binary_to_gray,21,51.7667,53.6933,21849,21881,32
100,3,binary_to_gray,21,70.9,60.043,22256,22288,32
100,3,binary_to_gray,21,70.0003,59.70645,22349,22412,63
100,0,blank,0,45.6594,75.8895,22445,22476,31
100,3,int,23,33.9047,60.3112,22508,22538,30
100,0,blank,0,73.7621,69.8406,23128,23157,29
100,5,),31,107.019,94.4065,23347,23380,33
100,0,blank,0,55.8106,120.2707,23781,23813,32
100,3,binary_to_gray,21,60.3552,61.7999,23939,23970,31
100,0,blank,0,54.5745,89.15,24255,24286,31
100,0,blank,0,58.833,75.4524,24320,24350,30
100,0,blank,0,59.7557,90.1055,24412,24443,31
100,0,blank,0,130.5243,102.8484,24857,24888,31
100,0,blank,0,129.239,78.9318,24950,24981,31
100,0,blank,0,129.6273,74.9741,25012,25073,61
100,0,blank,0,115.8005,98.8443,25200,25233,33
100,0,blank,0,85.78745,109.4721,25265,25328,63
100,0,blank,0,56.376,112.028,26029,26062,33
100,0,blank,0,70.4474,106.1037,26217,26283,66
100,0,blank,0,80.1,157.5457,26378,26410,32
100,0,blank,0,117.9525,104.0488,26596,26628,32
100,6,return,32,99.1682,124.1617,26851,26882,31
100,6,return,32,98.0337,131.3533,26946,26978,32
100,1,to,8,131.3069,16.2137,27603,27635,32
100,3,binary_to_gray,21,190.0045,54.3947,27729,27759,30
100,7,n,38,127.5669,138.4552,28102,28133,31
100,8,(,45,125.3795,177.4274,28518,28550,32
100,6,0,33,154.76285,127.98885,28675,28739,64
100,0,blank,0,139.2541,133.358,28802,28832,30
100,0,blank,0,159.7935,145.4628,28864,28895,31
100,9,&&,65,148.5107,187.2269,29186,29225,39
100,0,blank,0,38.3052,149.783,29631,29661,30
100,0,blank,0,40.058,163.8903,29785,29817,32
100,7,int,35,53.65395,143.4879,30031,30094,63
100,7,int,35,45.02105,140.273,30187,30250,63
100,7,int,35,48.2016,141.4734,30698,30732,34
100,0,blank,0,34.3311,122.8656,30794,30827,33
100,0,blank,0,-323,-105,31275,31307,32
100,8,/,47,161.2322,168.9048,31501,31532,31
100,0,blank,0,119.8545,159.7869,31658,31724,66
100,9,(,62,101.3538,194.4765,31788,31820,32
100,0,blank,0,115.988,144.9046,31853,31883,30
100,0,blank,0,-323,-105,32609,32713,104
100,0,blank,0,172.0045,160.6893,33794,33823,29
100,0,blank,0,172.8969,170.4389,33949,33979,30
100,0,blank,0,170.922766666667,174.2204,34010,34103,93
100,9,b,66,178.3097,188.3493,34133,34165,32
100,9,b,66,179.584,184.9101,34225,34256,31
100,9,),68,193.8937,190.7276,34289,34320,31
100,9,),68,192.196625,196.48285,34383,34508,125
100,8,/,47,162.0921,167.973,34601,34663,62
100,8,/,47,155.0837,176.9532,34818,34849,31
100,0,blank,0,122.3142,200.6365,34946,34976,30
100,9,&&,65,127.1293,196.4925,35040,35104,64
100,0,blank,0,83.6052,206.312333333333,35136,35232,96
100,0,blank,0,88.2054,217.1493,35364,35465,101
100,0,blank,0,30.5946,224.7745,35531,35597,66
100,0,blank,0,24.8251,231.3712,35663,35696,33
100,0,blank,0,25.5364,210.3239,35730,35763,33
100,9,a,64,105.914633333333,198.582433333333,35830,35930,100
100,0,blank,0,102.980566666667,207.571633333333,35995,36092,97
100,0,blank,0,79.4336666666667,212.09115,36124,36318,194
100,0,blank,0,71.2167,220.9361,36382,36414,32
100,0,blank,0,119.0371,209.54885,36478,36606,128
100,0,blank,0,121.237,215.2061,36638,36670,32
100,0,blank,0,106.9086,212.7701,36735,36768,33
100,0,blank,0,96.8988333333333,212.221433333333,36800,36899,99
100,0,blank,0,121.0953,200.6635,36933,36966,33
100,10,return,69,134.9513,209.8045,37032,37065,33
100,10,return,69,133.747775,205.5144,37130,37258,128
100,10,return,69,125.89986,207.15138,37291,37451,160
100,0,blank,0,122.4048,210.2014,37514,37547,33
100,9,&&,65,135.483025,191.967925,37613,37743,130
100,10,return,69,135.16515,202.02185,37839,37902,63
100,9,&&,65,128.5414,192.46735,37933,37996,63
100,10,return,69,131.64305,212.15035,38027,38090,63
100,0,blank,0,64.3955166666667,135.4343,38122,38317,195
100,0,blank,0,62.0589,133.857,38317,38382,65
100,0,blank,0,34.40382,128.92366,38414,38582,168
100,0,blank,0,30.9075,128.6142,38582,38614,32
100,0,blank,0,78.4269,135.56035,38681,38745,64
100,0,blank,0,75.95565,120.9205,38778,38844,66
100,0,blank,0,61.4249666666667,127.040833333333,38876,38976,100
100,0,blank,0,59.9964,124.0764,39042,39111,69
100,5,if,27,52.24046,111.7428,39143,39310,167
100,0,blank,0,50.86124,132.5898,39375,39537,162
100,0,blank,0,75.44265,142.4155,39569,39762,193
100,7,a,36,83.9059,146.8022,39762,39795,33
100,7,=,37,109.116716666667,141.040466666667,39826,40024,198
100,6,return,32,104.3064,131.0467,40024,40057,33
100,7,=,37,109.06955,151.14245,40091,40157,66
100,0,blank,0,75.6997333333333,152.988166666667,40191,40293,102
100,7,int,35,72.5677,147.6877,40326,40358,32
100,7,int,35,67.6462333333333,140.096883333333,40391,40586,195
100,7,int,35,65.15195,138.34335,40586,40653,67
100,0,blank,0,95.96385,171.7687,40719,40784,65
100,7,a,36,90.4417,153.351,40818,40919,101
100,8,int,42,55.2363,163.3662,40985,41018,33
100,0,blank,0,31.9291,147.6704,41213,41246,33
100,0,blank,0,10.2192,152.6439,41436,41468,32
100,0,blank,0,16.0042,157.8737,41532,41564,32
100,0,blank,0,4.98625000000001,165.358,41594,41656,62
100,0,blank,0,20.8502666666667,97.5347,41748,41838,90
100,0,blank,0,22.396575,123.462725,42020,42147,127
100,0,blank,0,36.69705,94.679425,42209,42334,125
100,0,blank,0,37.0235333333333,91.0603166666667,42366,42557,191
100,0,blank,0,38.3199,91.5224,42557,42589,32
100,5,!,29,90.5508,91.3519,42754,42787,33
100,0,blank,0,165.63575,82.3800833333333,42821,43017,196
100,0,blank,0,168.33115,84.0913,43017,43082,65
100,0,blank,0,197.32155,85.43235,43113,43177,64
100,0,blank,0,184.4061,85.2625,43210,43242,32
100,3,binary_to_gray,21,111.775233333333,65.4000666666667,43275,43371,96
100,0,blank,0,112.31905,76.6698,43404,43467,63
100,4,{,26,7.49258,80.29446,43530,43693,163
100,4,{,26,7.75383333333334,88.14745,43725,43922,197
100,4,{,26,7.83599999999999,84.8357166666667,43922,44118,196
100,4,{,26,6.44389999999999,83.8088,44118,44183,65
100,0,blank,0,-14.99,83.0899666666667,44247,44347,100
100,0,blank,0,57.53016,75.00004,44378,44539,161
100,0,blank,0,75.53485,42.5492,44571,44636,65
100,3,binary_to_gray,21,67.6343333333333,48.5129333333333,44701,44802,101
100,2,include,14,20.0036166666667,32.9584166666667,44900,45094,194
100,2,#,13,8.62159999999999,37.26062,45094,45254,160
100,0,blank,0,2.8537,44.0396,45287,45318,31
100,3,binary_to_gray,21,133.6423,47.1706,45383,45416,33
100,0,blank,0,137.3298,43.9065,45514,45578,64
100,2,stdio,16,101.41385,32.13355,45675,45741,66
100,0,blank,0,177.7468,42.21345,45869,45933,64
100,2,>,19,168.8326,31.5399,45964,45995,31
100,0,blank,0,58.2057666666667,44.0556,46060,46157,97
100,0,blank,0,54.6334,43.97475,46222,46285,63
100,2,include,14,27.7655,38.1683,46317,46349,32
100,2,include,14,19.64505,26.7379,46381,46447,66
100,0,blank,0,238.140433333333,30.9489666666667,46544,46641,97
100,0,blank,0,233.5844,34.686,46674,46706,32
100,0,blank,0,230.657033333333,30.7152666666667,46771,46870,99
100,0,blank,0,306.267383333333,29.4815333333333,46937,47133,196
100,0,blank,0,306.328833333333,33.9378,47133,47229,96
100,0,blank,0,287.1137,37.65505,47262,47390,128
100,3,int,23,216.2813,55.9259,47453,47486,33
100,0,blank,0,351.990766666667,34.3193,47549,47739,190
100,0,blank,0,353.198675,33.129475,47739,47869,130
100,0,blank,0,409.23332,28.07782,47901,48062,161
100,0,blank,0,410.24195,38.21985,48093,48155,62
100,0,blank,0,504.695725,30.2904,48218,48344,126
100,0,blank,0,475.06606,26.19302,48376,48535,159
100,0,blank,0,471.661966666667,36.5998333333333,48567,48758,191
100,5,),31,104.210666666667,105.440966666667,48853,48949,96
100,0,blank,0,117.00558,82.67918,48982,49145,163
100,0,blank,0,481.769383333333,27.09925,49210,49402,192
100,0,blank,0,475.74165,27.9099,49402,49466,64
100,0,blank,0,478.8449,30.8555,49498,49592,94
100,0,blank,0,498.2972,27.54695,49690,49750,60
100,0,blank,0,79.7075166666667,118.804633333333,49906,50096,190
100,0,blank,0,118.7058,82.29785,50194,50260,66
100,0,blank,0,43.6803,79.1857,50360,50454,94
100,0,blank,0,43.8517,84.6994,50487,50582,95
100,0,blank,0,106.886733333333,86.0080666666667,50614,50804,190
100,0,blank,0,99.3379,82.4942,50804,50835,31
100,0,blank,0,180.964175,72.992725,50897,51023,126
100,0,blank,0,171.862633333333,83.3131,51054,51151,97
100,0,blank,0,-323,-105,51253,51315,62
100,0,blank,0,22.6125,94.2142,51387,51426,39
100,0,blank,0,26.0686,93.0533,51621,51650,29
100,7,int,35,65.41445,137.3346,51720,51784,64
100,0,blank,0,62.7979,134.92205,51815,51880,65
100,0,blank,0,33.455975,134.391275,51977,52107,130
100,0,blank,0,60.9479,134.4223,52234,52266,32
100,0,blank,0,59.238125,127.47425,52297,52426,129
100,0,blank,0,40.65895,120.0911,52458,52523,65
100,0,blank,0,48.7311,125.1704,52554,52681,127
100,0,blank,0,49.2016,132.1904,52712,52775,63
100,7,int,35,73.524,139.18885,52806,52871,65
100,7,int,35,72.7186833333333,137.5297,52904,53098,194
100,7,a,36,87.7862,145.92966,53098,53260,162
100,0,blank,0,117.9625,137.103833333333,53325,53517,192
100,0,blank,0,120.2927,139.7337,53517,53549,32
100,8,b,43,92.8266,163.423633333333,53582,53680,98
100,0,blank,0,97.042525,152.209075,53713,53841,128
100,0,blank,0,26.92164,169.80322,53937,54097,160
100,8,int,42,56.882325,165.40875,54160,54288,128
100,0,blank,0,23.34478,166.58964,54321,54483,162
100,0,blank,0,74.006425,158.879525,54580,54705,125
100,8,int,42,54.4765666666667,164.9619,54738,54833,95
100,8,int,42,57.28495,170.7784,54865,55059,194
100,8,int,42,61.0234,171.5501,55059,55091,32
100,0,blank,0,78.1355666666667,163.308866666667,55123,55320,197
100,8,int,42,65.6535,162.322966666667,55320,55417,97
100,8,int,42,60.55135,162.56815,55483,55549,66
100,7,a,36,91.2098666666667,151.5121,55582,55680,98
100,0,blank,0,82.8536,169.084975,55772,55900,128
100,0,blank,0,-323,-105,55965,56081,116
100,8,=,44,108.41175,163.6519,56266,56323,57
100,0,blank,0,102.64256,164.44516,56355,56516,161
100,0,blank,0,96.2228,162.3643,56547,56580,33
100,8,=,44,108.21715,168.2277,56611,56674,63
100,8,n,46,135.1162,172.417183333333,56707,56897,190
100,8,(,45,127.5139,160.7664,56897,56930,33
100,8,(,45,126.7734,168.8407,56995,57027,32
100,0,blank,0,121.4284,164.6688,57060,57124,64
100,0,blank,0,93.28126,186.15848,57155,57313,158
100,0,blank,0,93.5057,191.27,57346,57379,33
100,0,blank,0,49.54104,189.33078,57444,57603,159
100,9,if,53,74.87198,188.1856,57635,57792,157
100,9,if,53,72.0213333333333,183.491133333333,57854,57947,93
100,10,return,69,136.7155,213.0916,58012,58044,32
100,10,return,69,141.04865,210.4795,58108,58172,64
100,0,blank,0,97.0303,207.431316666667,58204,58393,189
100,0,blank,0,57.28815,204.11615,58457,58520,63
100,9,if,53,74.13855,194.315,58551,58615,64
100,9,(,62,99.5674166666667,184.942766666667,58645,58834,189
100,9,a,64,103.60395,185.601875,58834,58961,127
100,0,blank,0,152.6803,174.597,59056,59119,63
100,0,blank,0,191.18465,184.04905,59215,59406,191
100,8,10,51,191.433,177.238,59406,59438,32
100,9,!,63,166.478533333333,185.85755,59534,59722,188
100,9,!,63,163.9279,193.6165,59722,59754,32
100,0,blank,0,115.7459,173.8408,59786,59817,31
100,8,=,44,112.17605,169.400875,59849,59974,125
100,8,=,44,114.9038,172.652866666667,60005,60193,188
100,0,blank,0,115.6978,172.50545,60193,60255,62
100,11,binary_to_gray,87,231.8575,228.44385,60317,60382,65
100,11,binary_to_gray,87,227.7997,226.850633333333,60446,60543,97
100,0,blank,0,238.609933333333,219.707366666667,60575,60678,103
100,11,(,88,108.359775,238.1913,60713,60843,130
100,0,blank,0,99.2849,221.7155,60877,60910,33
100,11,return,83,81.59705,236.47195,60942,61008,66
100,0,blank,0,80.183,190.7987,61040,61073,33
100,10,return,69,173.72655,209.2851,61200,61264,64
100,10,return,69,161.89415,209.7351,61455,61518,63
100,9,&&,65,156.852433333333,198.313533333333,61668,61758,90
100,0,blank,0,-323,-105,62034,62216,182
100,0,blank,0,-323,-105,62216,62403,187
100,0,blank,0,-323,-105,62403,62533,130
100,0,blank,0,-323,-105,62533,62661,128
100,0,blank,0,-323,-105,62661,62763,102
100,0,blank,0,-323,-105,62763,62935,172
100,0,blank,0,-323,-105,62935,62973,38
100,9,!,63,173.90795,184.76325,63024,63085,61
100,10,return,69,181.264,202.4304,63212,63243,31
100,9,!,63,169.424,188.9,63276,63307,31
100,10,return,69,174.95685,218.224125,63401,63527,126
100,10,return,69,164.765266666667,215.878433333333,63590,63686,96
100,0,blank,0,160.926833333333,225.4233,63751,63944,193
100,10,return,69,163.33285,214.37975,63944,64076,132
100,10,1,71,206.21095,213.05045,64108,64172,64
100,10,1,71,207.8491,210.0078,64236,64332,96
100,10,10,79,260.1783,208.35966,64365,64523,158
100,0,blank,0,97.7679333333333,234.263033333333,64586,64681,95
100,0,blank,0,117.1276,203.6914,64744,64775,31
100,11,10,91,116.65115,228.9711,64807,64870,63
100,0,blank,0,109.017833333333,213.527333333333,64902,64996,94
100,9,a,64,113.8073,197.22125,65028,65092,64
100,0,blank,0,113.196225,200.035125,65155,65282,127
100,0,blank,0,75.3186,201.5649,65312,65343,31
100,0,blank,0,76.5510333333333,205.6989,65408,65597,189
100,9,),68,212.97474,197.54724,65628,65788,160
100,9,),68,196.17455,194.525825,65980,66106,126
100,9,&&,65,130.81454,197.33486,66137,66293,156
100,0,blank,0,39.346,199.4427,66356,66388,32
100,0,blank,0,36.436975,214.13675,66419,66545,126
100,0,blank,0,85.1103666666667,204.059766666667,66608,66703,95
100,9,(,62,86.684475,195.470625,66735,66864,129
100,0,blank,0,93.5368,196.372,66928,66960,32
100,0,blank,0,-323,-105,67055,67087,32
100,8,int,42,71.9526333333333,176.586933333333,67210,67294,84
100,9,if,53,72.2275,185.4739,67326,67389,63
100,9,(,62,99.337475,199.985125,67421,67548,127
100,0,blank,0,103.9018,207.9403,67580,67612,32
100,9,&&,65,122.34246,192.78488,67644,67804,160
100,0,blank,0,88.2526833333333,201.527016666667,67835,68026,191
100,0,blank,0,86.16174,201.07292,68058,68217,159
100,0,blank,0,86.7087333333333,209.3685,68250,68344,94
100,0,blank,0,76.6987666666667,252.871033333333,68375,68472,97
100,0,blank,0,16.26215,259.976433333333,68599,68792,193
100,12,},95,13.9504,260.6701,68824,68859,35
100,0,blank,0,32.038125,309.367375,68889,69017,128
100,0,blank,0,-15.19895,294.6877,69084,69145,61
100,0,blank,0,-15.74385,318.2117,69176,69240,64
100,16,printf,106,59.86545,353.433816666667,69368,69560,192
100,16,printf,106,54.7521,350.10575,69560,69624,64
100,0,blank,0,9.03085,350.770216666667,69656,69849,193
100,16,printf,106,68.5951666666667,334.285633333333,69911,70006,95
100,15,binary_number,102,178.580525,325.39265,70100,70227,127
100,15,binary_number,102,214.066666666667,322.34975,70323,70512,189
100,15,binary_number,102,210.8373,313.762,70512,70544,32
100,15,binary_number,102,106.07758,324.97714,70606,70764,158
100,0,blank,0,24.09745,373.32755,70893,70953,60
100,0,blank,0,16.3307,353.0558,70984,71015,31
100,0,blank,0,-5.15610000000001,290.88145,71140,71204,64
100,0,blank,0,-10.69845,302.64725,71267,71331,64
100,0,blank,0,34.48976,293.22976,71363,71521,158
100,0,blank,0,21.9492333333333,368.504566666667,71586,71708,122
100,16,printf,106,103.2712,343.586,72131,72195,64
100,0,blank,0,82.9279,359.95535,72290,72354,64
100,0,blank,0,85.4428,367.1522,72418,72451,33
100,16,printf,106,84.7249,350.0275,72514,72546,32
100,16,comma,109,161.695966666667,341.627,72673,72768,95
100,16,binary_to_gray,110,226.4986,338.4543,72862,72893,31
100,16,binary_to_gray,110,232.654766666667,336.646466666667,72925,73113,188
100,15,binary_number,102,220.1296,330.871133333333,73113,73303,190
100,16,binary_to_gray,110,316.4834,334.9019,73399,73429,30
100,16,binary_to_gray,110,314.50654,339.07332,73491,73649,158
100,0,blank,0,144.79324,307.42608,73713,73865,152
100,0,blank,0,38.136125,330.71725,73927,74051,124
100,15,binary_number,102,85.3208,328.75326,74113,74269,156
100,15,binary_number,102,217.484,322.0878,74301,74332,31
100,15,binary_number,102,206.283933333333,324.438666666667,74490,74585,95
100,15,binary_number,102,206.8393,320.7115,74649,74712,63
100,0,blank,0,308.88065,328.4491,74839,74901,62
100,9,if,53,59.3037333333333,182.730333333333,75026,75120,94
100,9,if,53,59.6853,189.9417,75216,75248,32
100,8,int,42,65.5302,160.709266666667,75312,75408,96
100,0,blank,0,43.3288,127.6196,75595,75627,32
100,0,blank,0,68.13816,122.51794,75660,75815,155
100,0,blank,0,69.75525,117.23955,75846,75909,63
100,0,blank,0,80.0893666666666,156.8985,76097,76193,96
100,8,int,42,59.09722,175.00298,76225,76384,159
100,0,blank,0,24.70342,101.7386,76448,76604,156
100,0,blank,0,27.3231,116.4196,76635,76667,32
100,0,blank,0,23.1296,130.0404,76731,76763,32
100,0,blank,0,-17.4965833333333,106.772883333333,76794,76983,189
100,0,blank,0,-7.6592,107.2071,76983,77014,31
100,0,blank,0,33.5449,90.2163666666667,77077,77172,95
100,0,blank,0,28.4552,86.88795,77202,77265,63
100,0,blank,0,-323,-105,77327,77435,108
100,15,binary_number,102,182.206,323.4681,77468,77513,45
100,16,binary_to_gray,110,184.95875,345.50665,77580,77637,57
100,15,binary_number,102,228.2601,315.5846,77669,77701,32
100,15,binary_number,102,222.5501,313.1572,77764,77795,31
100,15,binary_number,102,115.602,314.0208,77858,77890,32
100,15,binary_number,102,113.7191,326.7831,77951,78012,61
100,15,binary_number,102,120.3017,319.71595,78045,78103,58
100,15,int,101,52.8263333333333,329.767466666667,78165,78259,94
100,0,blank,0,18.2896,324.293,78386,78417,31
100,0,blank,0,21.0037,340.5379,78512,78543,31
100,0,blank,0,98.6250666666667,142.5773,78734,78830,96
100,0,blank,0,94.9762,137.6794,78861,78893,32
100,8,int,42,70.0162,159.7814,78987,79051,64
100,8,int,42,60.503,163.901633333333,79082,79179,97
100,0,blank,0,73.7502,209.8494,79211,79243,32
100,0,blank,0,80.136,208.44,79373,79406,33
100,11,10,91,115.86555,233.18845,79536,79602,66
100,11,10,91,117.1947,243.0134,79634,79667,33
100,0,blank,0,193.33,215.693233333333,79700,79797,97
100,10,(,76,197.88692,216.54012,79830,79995,165
100,10,return,69,130.710316666667,215.548683333333,80157,80351,194
100,9,if,53,56.8541,199.279,80384,80417,33
100,0,blank,0,49.74555,208.21285,80450,80648,198
100,0,blank,0,31.028625,213.5476,80648,80780,132
100,0,blank,0,108.80346,210.60216,80813,80982,169
100,9,if,53,74.3661,199.7334,81049,81083,34
100,0,blank,0,80.2319,208.2092,81116,81216,100
100,10,return,69,126.1943,203.07595,81250,81316,66
100,9,&&,65,126.57115,199.668125,81348,81482,134
100,0,blank,0,102.5286,200.0804,81514,81547,33
100,0,blank,0,109.0147,215.132,81580,81613,33
100,0,blank,0,105.94415,204.6423,81645,81711,66
100,10,return,69,137.7416,205.0553,81776,81808,32
100,10,return,69,138.596233333333,201.205166666667,81872,81968,96
100,0,blank,0,122.99275,209.69105,82032,82095,63
100,9,&&,65,131.19585,199.6382,82127,82190,63
100,0,blank,0,217.02905,180.8899,82253,82318,65
100,0,blank,0,216.9075,209.6516,82351,82383,32
100,9,),68,214.6845,184.10725,82415,82478,63
100,0,blank,0,215.511,203.2819,82510,82542,32
100,9,),68,212.6922,196.503625,82606,82731,125
100,10,return,69,176.7577,215.8649,82762,82793,31
100,10,return,69,170.1757,212.8407,82826,82858,32
100,9,!,63,171.59265,197.90835,82920,82986,66
100,10,return,69,165.271733333333,202.748433333333,83016,83109,93
100,9,),68,201.4948,184.2224,83173,83205,32
100,9,),68,207.2313,180.7825,83396,83428,32
100,0,blank,0,221.3249,201.7639,83492,83523,31
100,9,(,62,249.90965,191.3481,83586,83650,64
100,0,blank,0,237.9021,202.1637,83682,83778,96
100,10,1,71,210.3513,215.9303,83968,83999,31
100,0,blank,0,193.9825,201.4895,84031,84062,31
100,0,blank,0,77.6476,153.0746,84124,84156,32
100,7,int,35,64.1799,138.6971,84348,84380,32
100,7,int,35,70.10392,147.4247,84412,84574,162
100,0,blank,0,60.1229333333333,120.128633333333,84607,84703,96
100,0,blank,0,194.804166666667,216.117316666667,84800,84991,191
100,10,(,76,197.7737,213.5444,84991,85023,32
100,10,return,69,164.3234,210.5247,85086,85118,32
100,10,return,69,167.58915,221.93185,85150,85213,63
100,0,blank,0,219.410766666667,219.1745,85342,85438,96
100,10,binary_to_gray,75,316.019,216.2293,85534,85565,31
100,10,binary_to_gray,75,301.0076,219.1549,85632,85662,30
100,11,binary_to_gray,87,304.0984,225.1846,85726,85758,32
100,0,blank,0,-323,-105,85853,85962,109
100,0,blank,0,466.38,200.6283,86284,86309,25
100,0,blank,0,480.4587,207.7296,86403,86434,31
100,10,10,79,513.491525,214.2428,86496,86622,126
100,10,n,77,492.3634,210.2269,86747,86779,32
100,0,blank,0,482.3759,213.7585,86810,86842,32
100,0,blank,0,461.694625,217.955325,86902,87025,123
100,8,10,51,189.2203,171.8577,87087,87118,31
100,8,10,51,192.4454,159.310333333333,87149,87240,91
100,0,blank,0,240.4637,147.0072,87271,87301,30
100,8,10,51,241.1282,176.11225,87363,87425,62
100,8,%,50,213.88844,177.55486,87456,87613,157
100,0,blank,0,193.0206,156.55285,87676,87737,61
100,0,blank,0,189.86085,155.74475,87800,87861,61
100,11,binary_to_gray,87,207.4848,227.278,87923,87953,30
100,11,binary_to_gray,87,217.8983,234.7214,88017,88079,62
100,11,binary_to_gray,87,214.7248,234.4501,88141,88205,64
100,11,binary_to_gray,87,171.5226,228.9506,88239,88269,30
100,11,10,91,119.932433333333,236.6426,88454,88645,191
100,11,10,91,115.1647,238.3885,88645,88676,31
100,11,binary_to_gray,87,225.33792,237.26164,88739,88899,160
100,11,binary_to_gray,87,198.6357,243.9868,88931,88964,33
100,11,binary_to_gray,87,191.9501,236.26675,89029,89092,63
100,0,blank,0,326.094766666667,245.159433333333,89283,89477,194
100,11,binary_to_gray,87,232.912,241.7954,89574,89605,31
100,0,blank,0,226.4293,222.4477,89700,89731,31
100,11,binary_to_gray,87,178.3497,235.13035,89762,89823,61
100,11,binary_to_gray,87,180.7307,226.3866,89855,89887,32
100,11,binary_to_gray,87,189.2332,229.3279,89919,89951,32
100,11,binary_to_gray,87,243.5279,232.76655,90016,90208,192
100,0,blank,0,337.6371,254.0592,90271,90302,31
100,11,(,88,335.91378,242.70078,90366,90528,162
100,11,binary_to_gray,87,299.7497,243.0657,90560,90592,32
100,11,binary_to_gray,87,294.3896,235.23225,90625,90689,64
100,0,blank,0,404.6945,200.8315,90784,90816,32
100,10,binary_to_gray,75,409.2903,219.7635,90879,90910,31
100,11,n,89,361.7013,239.56615,91036,91100,64
100,11,n,89,363.989,243.4989,91131,91163,32
100,11,n,89,361.9898,226.4912,91228,91260,32
100,11,binary_to_gray,87,298.75845,240.11385,91292,91358,66
100,11,binary_to_gray,87,301.462,230.1955,91484,91516,32
100,11,binary_to_gray,87,304.9095,242.3058,91548,91581,33
100,11,binary_to_gray,87,227.9543,225.086366666667,91679,91866,187
100,11,10,91,381.6518,231.584,92024,92198,174
100,11,10,91,381.2644,237.5229,92198,92311,113
100,0,blank,0,408.23172,236.11668,92407,92570,163
100,0,blank,0,387.861,222.5771,92668,92698,30
100,11,10,91,381.44955,235.35265,92763,92828,65
100,10,binary_to_gray,75,379.4759,213.7312,92861,92893,32
100,11,binary_to_gray,87,306.518425,228.981475,92957,93088,131
100,10,binary_to_gray,75,306.8585,220.988,93121,93153,32
100,0,blank,0,241.0769,216.2052,93216,93248,32
100,11,binary_to_gray,87,231.529566666667,239.6711,93312,93407,95
100,11,binary_to_gray,87,228.26635,231.3743,93439,93504,65
100,11,binary_to_gray,87,220.267575,239.192325,93569,93696,127
100,11,binary_to_gray,87,229.133566666667,236.579566666667,93730,93827,97
100,0,blank,0,411.63945,233.595833333333,93891,94081,190
100,0,blank,0,416.4367,235.7718,94112,94143,31
100,11,/,90,368.322175,236.8584,94207,94333,126
100,0,blank,0,364.5747,251.1838,94367,94395,28
100,0,blank,0,366.2014,251.53995,94425,94488,63
100,0,blank,0,604.15365,26.8791,94709,94839,130
100,0,blank,0,549.9645,0.895600000000002,94932,94962,30
100,0,blank,0,307.84445,1.063,95090,95153,63
100,0,blank,0,303.5749,-7.7382,95185,95247,62
100,0,blank,0,278.65735,-1.8312,95340,95404,64
100,0,blank,0,286.9941,0.782899999999998,95531,95563,32
100,0,blank,0,-323,-105,95627,95735,108
100,0,blank,0,392.3569,-1.62560000000001,95760,95786,26
100,0,blank,0,384.9052,-7.7338,95845,95871,26
100,0,blank,0,379.88276,0.871539999999999,95903,96062,159
100,1,Gray,9,372.3847,8.13760000000001,96095,96127,32
100,1,Gray,9,366.60905,16.6239666666667,96190,96379,189
100,1,to,8,306.7639,4.7868,96410,96441,31
100,0,blank,0,309.248766666667,-3.0902,96472,96566,94
100,0,blank,0,325.941666666667,6.84136666666667,96596,96690,94
100,1,to,8,309.6009,13.3623,96753,96785,32
100,0,blank,0,294.8529,280.9608,96878,96941,63
100,0,blank,0,280.88725,284.5426,97005,97068,63
100,11,*,86,147.795425,239.5446,97165,97291,126
100,10,1,71,205.61415,221.46125,97387,97573,186
100,10,1,71,210.0402,216.5269,97573,97605,32
100,11,10,91,116.4702,235.5047,97669,97700,31
100,11,10,91,115.380066666667,238.676266666667,97764,97858,94
100,0,blank,0,118.35865,253.0588,97889,97952,63
100,0,blank,0,183.2428,306.982675,97984,98112,128
100,0,blank,0,178.935,307.2061,98143,98174,31
100,0,blank,0,130.730083333333,309.948916666667,98237,98428,191
100,0,blank,0,123.2898,309.5587,98428,98460,32
100,0,blank,0,177.2536,311.3451,98491,98556,65
100,0,blank,0,242.3106,327.0693,98714,98745,31
100,0,blank,0,231.1599,309.19185,98807,98871,64
100,0,blank,0,308.50772,309.16766,98967,99125,158
100,15,11101,104,301.9749,328.5424,99156,99188,32
100,15,11101,104,291.7199,315.4024,99220,99252,32
100,0,blank,0,151.9527,296.7913,99284,99316,32
100,0,blank,0,152.76395,310.4699,99442,99503,61
100,0,blank,0,158.1776,295.60645,99564,99626,62
100,15,binary_number,102,191.19025,329.499575,99656,99778,122
100,16,binary_to_gray,110,251.7473,333.7443,99838,99869,31
100,15,=,103,250.74292,327.25828,99901,100058,157
100,16,binary_to_gray,110,194.01055,339.3701,100120,100184,64
100,16,binary_to_gray,110,191.9762,339.4734,100215,100279,64
100,15,binary_number,102,173.2917,323.6045,100437,100501,64
100,15,binary_number,102,182.6922,326.3864,100626,100657,31
100,0,blank,0,181.23675,332.60955,100749,100812,63
100,15,11101,104,271.9499,328.85925,100843,100906,63
100,15,11101,104,277.198,319.672,100937,101000,63
100,16,binary_number,112,346.491033333333,338.201566666667,101126,101218,92
100,16,binary_to_gray,110,257.00995,341.0608,101280,101344,64
100,16,binary_to_gray,110,215.2018,341.7479,101498,101533,35
100,0,blank,0,213.2965,355.028,101626,101656,30
100,15,binary_number,102,213.8998,327.1009,101687,101718,31
100,16,binary_to_gray,110,188.4105,339.1288,101749,101780,31
100,16,binary_to_gray,110,197.76215,337.85465,101813,101872,59
100,16,binary_to_gray,110,177.38505,338.8977,102088,102151,63
100,16,binary_to_gray,110,183.1471,333.35105,102182,102244,62
100,15,binary_number,102,181.9266,325.5605,102274,102305,31
100,15,binary_number,102,188.7216,331.293,102398,102462,64
100,16,binary_to_gray,110,180.7487,337.3452,102525,102556,31
100,16,binary_to_gray,110,267.94085,344.7848,102618,102743,125
100,15,=,103,246.450466666667,320.037533333333,102805,102900,95
100,16,binary_number,112,349.61025,339.38805,103025,103088,63
100,0,blank,0,341.9089,327.351,103119,103152,33
100,16,binary_to_gray,110,314.0565,333.6964,103247,103279,32
100,0,blank,0,-323,-105,103374,103482,108
100,0,blank,0,150.9509,332.7985,103507,103548,41
100,15,binary_number,102,143.0881,319.4343,103613,103639,26
100,0,blank,0,130.0569,332.7341,103670,103701,31
100,15,binary_number,102,128.403325,324.7182,103763,103888,125
100,16,"%d",108,129.8953,334.3049,103919,103981,62
100,0,blank,0,359.8611,327.2285,104074,104136,62
100,16,binary_to_gray,110,316.3855,338.96682,104381,104534,153
100,0,blank,0,354.588,317.57,104628,104661,33
100,16,binary_number,112,363.6154,333.8486,104755,104788,33
100,0,blank,0,350.748,325.2925,104820,104851,31
100,16,binary_number,112,362.4736,336.1239,104884,104917,33
100,16,binary_to_gray,110,288.373775,341.90605,104981,105109,128
100,0,blank,0,367.08435,329.76155,105206,105271,65
100,16,binary_number,112,364.7076,339.8419,105370,105402,32
100,0,blank,0,-187.174733333333,429.8916,105652,105744,92
100,0,blank,0,-233.813125,480.788575,105902,106028,126
100,6,return,32,140.88706,132.66002,106155,106309,154
100,6,return,32,138.8646,124.643,106370,106400,30
100,9,),68,195.8065,199.8911,106615,106647,32
100,9,),68,192.7062,181.3366,106705,106735,30
100,0,blank,0,185.9124,211.2755,106826,106856,30
100,0,blank,0,188.53995,196.8327,106887,106947,60
100,0,blank,0,188.7646,192.85756,106978,107130,152
100,0,blank,0,146.0157,95.2074,107285,107313,28
100,0,blank,0,146.2226,101.9709,107343,107374,31
100,0,blank,0,236.791,209.754,107405,107499,94
100,11,binary_to_gray,87,236.7488,224.2132,107526,107586,60
100,0,blank,0,328.2751,236.5854,107647,107678,31
100,11,*,86,150.00516,243.01322,107801,107957,156
100,0,blank,0,147.8831,248.06365,107986,108049,63
100,0,blank,0,135.6557,254.1714,108111,108141,30
100,11,10,91,130.0396,234.5545,108172,108204,32
100,11,*,86,144.7397,242.8683,108234,108265,31
100,10,(,76,195.8847,221.1636,108296,108359,63
100,11,binary_to_gray,87,200.2471,242.5156,108391,108419,28
100,11,binary_to_gray,87,175.4472,234.3713,108449,108479,30
100,0,blank,0,196.4569,247.2044,108572,108602,30
100,0,blank,0,226.36755,248.4475,108664,108725,61
100,11,binary_to_gray,87,227.3533,241.5991,108757,108788,31
100,11,10,91,374.4774,242.3566,108849,108880,31
100,11,/,90,367.6833,238.5886,108942,108972,30
100,11,n,89,362.1491,239.2474,109034,109065,31
100,11,/,90,367.87766,232.80618,109096,109253,157
100,0,blank,0,298.348966666667,249.720733333333,109470,109562,92
100,11,binary_to_gray,87,321.4764,232.5652,109596,109624,28
100,11,binary_to_gray,87,323.6088,242.534,109723,109753,30
100,10,10,79,255.8935,220.958,109785,109817,32
100,11,binary_to_gray,87,249.924433333333,230.194166666667,109944,110039,95
100,0,blank,0,167.792566666667,158.927666666667,110134,110228,94
100,0,blank,0,211.5768,149.9015,110322,110354,32
100,0,blank,0,195.3397,149.132,110450,110482,32
100,0,blank,0,148.1025,103.9072,110578,110671,93
100,0,blank,0,143.1565,109.4799,110702,110734,32
100,0,blank,0,203.319133333333,137.012433333333,110829,110923,94
100,0,blank,0,202.4894,136.3568,110954,110986,32
100,0,blank,0,197.1567,133.2794,111017,111050,33
100,0,blank,0,138.9245,113.7715,111176,111209,33
100,6,0,33,155.0197,119.7476,111240,111303,63
100,0,blank,0,140.15582,110.77008,111400,111558,158
100,0,blank,0,143.90085,111.4145,111620,111682,62
100,0,blank,0,147.9444,69.289675,111745,111874,129
100,0,blank,0,151.2877,72.676,111909,111937,28
100,3,int,23,245.6949,66.1257,112092,112155,63
100,0,blank,0,156.1138,260.88305,112254,112319,65
100,0,blank,0,136.709433333333,272.0362,112352,112477,125
100,15,binary_number,102,164.849,325.3124,112788,112870,82
100,0,blank,0,312.9734,313.7274,112935,112968,33
100,0,blank,0,311.08725,311.8822,113064,113129,65
100,15,binary_number,102,142.851225,316.2345,113161,113289,128
100,15,binary_number,102,144.7548,329.393,113354,113385,31
100,7,10,40,174.771075,153.5707,113512,113635,123
100,11,binary_to_gray,87,228.22255,226.229916666667,113697,113890,193
100,11,binary_to_gray,87,224.5306,233.7423,113890,113922,32
100,11,binary_to_gray,87,278.247475,236.152525,113984,114115,131
100,11,(,88,338.7075,237.5145,114243,114342,99
100,0,blank,0,311.546866666667,245.690066666667,114374,114472,98
100,11,binary_to_gray,87,318.7193,236.27845,114505,114570,65
100,11,binary_to_gray,87,303.8776,242.9937,114603,114635,32
100,0,blank,0,306.0698,332.3693,114929,114963,34
100,15,binary_number,102,228.14055,313.12155,115060,115126,66
100,15,binary_number,102,234.007566666667,314.133533333333,115157,115254,97
100,15,binary_number,102,233.3471,319.271066666667,115317,115415,98
100,16,binary_to_gray,110,295.43245,337.63185,115543,115606,63
100,16,binary_to_gray,110,281.9061,347.0731,115670,115701,31
100,16,binary_to_gray,110,258.67255,342.35255,115764,115828,64
100,0,blank,0,341.2155,319.7758,115923,115953,30
100,0,blank,0,335.4657,323.94345,116016,116143,127
100,0,blank,0,342.0931,329.8582,116175,116208,33
100,15,11101,104,301.93895,322.337516666667,116240,116430,190
100,0,blank,0,302.047,315.109133333333,116430,116525,95
100,15,binary_number,102,166.38415,317.632,116619,116680,61
100,0,blank,0,156.2209,311.9345,116741,116772,31
100,15,binary_number,102,165.24055,312.5323,116805,116867,62
100,0,blank,0,181.5623,296.4085,117148,117179,31
100,15,binary_number,102,176.2622,321.857675,117211,117337,126
100,0,blank,0,250.3834,310.1227,117523,117554,31
100,15,=,103,253.23975,314.7213,117586,117649,63
100,0,blank,0,309.09765,325.419925,117742,117867,125
100,0,blank,0,312.14335,309.61485,117929,117991,62
100,0,blank,0,321.9347,321.01035,118051,118111,60
100,0,blank,0,318.36755,323.06675,118142,118204,62
100,0,blank,0,166.5062,300.6623,118267,118298,31
100,15,binary_number,102,162.7214,324.8738,118359,118389,30
100,0,blank,0,158.3725,311.94935,118419,118482,63
100,15,binary_number,102,129.22465,314.5111,118512,118573,61
100,0,blank,0,326.223566666667,310.828666666667,118761,118852,91
100,0,blank,0,-323,-105,118914,119019,105
100,9,!,63,275.3422,195.9947,119044,119076,32
100,10,*,74,274.1966,215.3468,119140,119166,26
100,10,binary_to_gray,75,328.619,207.6879,119438,119469,31
100,10,binary_to_gray,75,325.083,202.7217,119530,119621,91
100,10,binary_to_gray,75,375.73755,202.06545,119682,119739,57
100,10,binary_to_gray,75,378.20028,214.22702,119801,119955,154
100,0,blank,0,455.4069,220.791233333333,120017,120110,93
100,0,blank,0,454.757,209.2729,120141,120171,30
100,0,blank,0,312.2582,313.95,120265,120295,30
100,0,blank,0,313.8715,316.1875,120419,120449,30
100,0,blank,0,303.5832,295.9778,120479,120511,32
100,0,blank,0,327.3282,306.7643,120574,120607,33
100,0,blank,0,228.7986,148.24325,120829,120889,60
100,8,10,51,235.6514,158.7422,120980,121013,33
100,0,blank,0,206.43576,160.15134,121041,121195,154
100,0,blank,0,202.66195,156.4264,121256,121318,62
100,0,blank,0,196.90505,154.27525,121349,121412,63
100,0,blank,0,207.106,142.0787,121444,121475,31
100,0,blank,0,117.7475,150.8504,121508,121540,32
100,8,(,45,129.4182,163.488,121572,121605,33
100,8,(,45,125.14705,167.0184,121637,121704,67
100,7,n,38,128.9936,154.7436,121737,121772,35
100,0,blank,0,202.24335,143.55035,121838,121904,66
100,0,blank,0,196.3615,143.9064,122003,122037,34
100,0,blank,0,178.536,126.4619,122270,122302,32
100,7,10,40,182.10955,136.24105,122335,122401,66
100,0,blank,0,123.6257,109.8304,122530,122563,33
100,0,blank,0,149.70422,117.42074,122631,122794,163
100,0,blank,0,180.7514,119.248833333333,122894,122988,94
100,0,blank,0,111.0366,113.9861,123081,123114,33
100,6,return,32,100.1577,116.313633333333,123148,123240,92
100,6,return,32,117.1739,120.7394,123272,123305,33
100,3,binary_to_gray,21,163.6881,63.3484,123434,123465,31
100,3,binary_to_gray,21,165.945266666667,62.0703666666667,123498,123594,96
100,0,blank,0,178.3154,29.5166,123658,123693,35
100,0,blank,0,259.1961,52.4808,123947,123979,32
100,0,blank,0,260.7148,67.3344,124011,124074,63
100,3,binary_to_gray,21,96.87375,67.5699,124201,124386,185
100,3,binary_to_gray,21,87.7033,60.2915,124545,124577,32
100,0,blank,0,210.98985,137.67695,124702,124764,62
100,0,blank,0,196.742333333333,130.833233333333,124826,124918,92
100,8,10,51,182.9294,159.4544,125012,125043,31
100,8,10,51,182.7084,159.1108,125103,125134,31
100,7,10,40,181.2814,141.2881,125166,125196,30
100,0,blank,0,137.41622,146.14438,125259,125418,159
100,7,a,36,85.2614,148.5073,125480,125511,31
100,0,blank,0,95.9039,142.308025,125542,125667,125
100,7,%,39,151.8937,141.3603,125761,125792,31
100,0,blank,0,148.984,155.8061,125822,125883,61
100,7,n,38,130.011225,150.166175,125975,126100,125
100,0,blank,0,-323,-105,126164,126272,108
100,7,10,40,170.8124,147.1678,126502,126533,31
100,8,/,47,156.9595,165.69,126597,126627,30
100,0,blank,0,149.02195,161.4238,126658,126720,62
100,7,10,40,165.3876,154.5176,126781,126811,30
100,8,n,46,142.8677,169.9365,126840,126873,33
100,8,10,51,187.3486,162.2427,126901,126931,30
100,0,blank,0,199.38095,155.4438,126961,127083,122
100,8,),49,196.7042,163.098833333333,127175,127268,93
100,9,&&,65,228.6609,185.1078,127298,127330,32
100,0,blank,0,226.75735,169.7242,127425,127491,66
100,9,&&,65,237.2356,180.6942,127554,127585,31
100,0,blank,0,162.33145,187.49225,127679,127743,64
100,9,&&,65,157.0151,181.5108,127806,127839,33
100,0,blank,0,186.767833333333,192.5834,128033,128130,97
100,0,blank,0,216.8348,190.7106,128164,128256,92
100,9,),68,204.7316,187.2979,128288,128320,32
100,9,!,63,169.740466666667,182.186533333333,128415,128605,190
100,9,&&,65,138.4222,180.5712,128638,128671,33
100,8,n,46,138.2008,161.9452,128704,128736,32
100,8,n,46,141.8689,176.19895,128767,128830,63
100,8,%,50,223.339,169.2462,128953,128984,31
100,8,10,51,190.887566666667,169.979733333333,129106,129199,93
100,0,blank,0,295.54106,168.3748,129324,129484,160
100,0,blank,0,215.521333333333,193.643133333333,129549,129644,95
100,0,blank,0,223.3221,185.8713,129673,129704,31
100,9,a,64,106.69945,190.43805,129828,129891,63
100,9,a,64,109.5403,197.99055,129953,130077,124
100,9,!,63,166.4962,188.6978,130168,130230,62
100,0,blank,0,167.8381,177.3463,130322,130355,33
100,0,blank,0,166.802466666667,83.3859166666667,130628,130814,186
100,0,blank,0,215.8517,72.40115,130937,130998,61
100,0,blank,0,263.091716666667,75.0033166666667,131122,131307,185
100,3,binary_to_gray,21,148.3357,52.0076833333333,131337,131525,188
100,3,binary_to_gray,21,154.9492,47.267,131525,131556,31
100,0,blank,0,182.0635,45.9759,131618,131648,30
100,0,blank,0,220.92425,205.0795,131802,131864,62
100,10,1,71,207.8875,204.09895,131894,131957,63
100,9,&&,65,226.7842,187.7475,131988,132019,31
100,0,blank,0,223.9894,198.4937,132049,132079,30
100,0,blank,0,222.2442,203.9731,132109,132140,31
100,0,blank,0,220.1348,210.439,132203,132233,30
100,0,blank,0,189.5461,191.7893,132264,132295,31
100,9,),68,206.0467,198.2982,132326,132356,30
100,9,a,64,293.817133333333,185.137866666667,132446,132537,91
100,0,blank,0,257.11565,186.134625,132657,132778,121
100,0,blank,0,214.7704,208.813,133225,133263,38
100,0,blank,0,288.25805,202.5668,133326,133388,62
100,10,*,74,277.6754,202.1339,133479,133509,30
100,10,*,74,280.549,212.74005,133600,133662,62
100,10,binary_to_gray,75,315.82284,207.2977,133692,133845,153
100,0,blank,0,289.947,207.9895,133876,133998,122
100,10,binary_to_gray,75,297.83235,207.51875,134028,134091,63
100,0,blank,0,383.7462,195.50338,134122,134277,155
100,10,binary_to_gray,75,385.3035,209.6333,134339,134369,30
100,11,binary_to_gray,87,190.999,229.0033,134525,134556,31
100,10,1,71,206.028,220.8851,134617,134648,31
100,11,10,91,116.0314,226.9239,134709,134771,62
100,9,a,64,113.2895,198.1957,134865,134894,29
100,10,return,69,168.0191,221.5913,134925,134956,31
100,11,binary_to_gray,87,179.7931,223.3803,135023,135051,28
100,11,binary_to_gray,87,321.4534,227.4049,135243,135275,32
100,11,binary_to_gray,87,311.11224,237.9571,135337,135490,153
100,11,binary_to_gray,87,315.11385,229.77785,135521,135581,60
100,10,binary_to_gray,75,360.8087,207.1544,135611,135643,32
100,11,n,89,360.9589,226.7197,135673,135703,30
100,10,binary_to_gray,75,363.42585,201.947,135737,135795,58
100,0,blank,0,451.026366666667,197.770433333333,136009,136103,94
100,0,blank,0,396.981,194.8549,136136,136166,30
100,10,binary_to_gray,75,403.3101,220.0736,136197,136229,32
100,0,blank,0,400.857866666667,200.316333333333,136259,136351,92
100,10,binary_to_gray,75,375.476116666667,210.168483333333,136412,136602,190
100,10,binary_to_gray,75,347.9133,204.9834,136634,136666,32
100,10,binary_to_gray,75,351.3259,202.3318,136729,136792,63
100,10,binary_to_gray,75,310.8404,210.5948,136823,136856,33
100,10,binary_to_gray,75,305.408775,202.59735,136886,137014,128
100,0,blank,0,477.1759,202.2281,137141,137173,32
100,10,n,77,486.66525,213.0298,137205,137268,63
100,10,n,77,488.0581,213.0015,137301,137334,33
100,0,blank,0,482.1311,211.1615,137367,137399,32
100,10,n,77,490.4005,203.7819,137463,137496,33
100,10,binary_to_gray,75,431.63965,216.59155,137659,137724,65
100,0,blank,0,361.0827,180.2482,137853,137885,32
100,0,blank,0,365.9518,199.2991,137950,137981,31
100,10,binary_to_gray,75,418.76085,210.21235,138046,138110,64
100,0,blank,0,425.985066666667,198.3496,138142,138240,98
100,0,blank,0,258.8397,78.8992,138304,138370,66
100,0,blank,0,261.5832,80.8857,138400,138432,32
100,0,blank,0,243.109,69.3011,138463,138556,93
100,0,blank,0,241.8187,72.20845,138651,138713,62
100,0,blank,0,203.170975,79.37205,138746,138872,126
100,0,blank,0,201.0226,83.7208,138903,138935,32
100,0,blank,0,-323,-105,138997,139078,81
100,0,blank,0,288.2394,76.1784,139426,139458,32
100,0,blank,0,257.9185,69.2653,139488,139520,32
100,0,blank,0,249.3499,79.95845,139581,139641,60
100,0,blank,0,147.67515,158.28865,139735,139797,62
100,0,blank,0,147.3329,156.0334,139860,139922,62
100,6,return,32,142.8171,129.912,139954,139985,31
100,0,blank,0,143.19465,107.232,140017,140081,64
100,0,blank,0,148.649,100.1452,140145,140178,33
100,6,return,32,140.8783,116.9952,140305,140336,31
100,0,blank,0,188.932133333333,128.459533333333,140465,140562,97
100,3,int,23,248.4181,55.1,140626,140658,32
100,0,blank,0,263.9983,71.3018,140752,140846,94
100,3,int,23,230.5689,54.4135,140912,140974,62
100,0,blank,0,237.53,70.6887,141071,141103,32
100,0,blank,0,480.6765,196.1728,141199,141232,33
100,0,blank,0,467.3088,172.8268,141265,141297,32
100,0,blank,0,492.5572,185.3285,141329,141362,33
100,0,blank,0,485.5782,191.3206,141394,141427,33
100,0,blank,0,482.8448,188.6288,141558,141590,32
100,10,10,79,506.7494,211.2467,141690,141720,30
100,0,blank,0,523.713966666667,213.074366666667,141816,141914,98
100,0,blank,0,525.2485,235.6382,141947,141979,32
100,0,blank,0,476.1427,214.1817,142011,142207,196
100,0,blank,0,344.2249,193.30975,142304,142368,64
100,10,binary_to_gray,75,350.3687,221.8431,142401,142433,32
100,0,blank,0,379.475533333333,199.014166666667,142465,142561,96
100,10,binary_to_gray,75,324.5496,214.88215,142821,142886,65
100,3,int,23,246.7839,67.3185,143044,143075,31
100,0,blank,0,277.597866666667,73.9989,143198,143293,95
100,0,blank,0,209.051525,72.717675,143326,143452,126
100,0,blank,0,202.7929,82.5012,143547,143578,31
100,3,binary_to_gray,21,113.6547,65.2385333333333,143610,143705,95
100,0,blank,0,118.55685,75.3966,143738,143802,64
100,0,blank,0,107.677266666667,74.6422333333333,143834,143932,98
100,0,blank,0,155.684925,79.85105,144029,144153,124
100,0,blank,0,150.5105,79.6962,144183,144214,31
100,0,blank,0,94.4828,82.5216,144276,144308,32
100,0,blank,0,91.6194,84.0774,144437,144469,32
100,0,blank,0,97.6953666666667,82.0678,144501,144598,97
100,0,blank,0,271.519,60.0115,144631,144663,32
100,0,blank,0,263.3046,72.8758,144693,144757,64
100,0,blank,0,265.4775,78.7409,144789,144822,33
100,0,blank,0,194.6524,263.0622,144948,144981,33
100,15,binary_number,102,213.82265,327.6352,145177,145307,130
100,11,binary_to_gray,87,191.5538,225.6213,145499,145530,31
100,11,binary_to_gray,87,189.4501,231.7505,145625,145657,32
100,11,binary_to_gray,87,195.3632,226.9367,145751,145782,31
100,10,binary_to_gray,75,397.9949,204.130475,145875,146006,131
100,11,n,89,362.5762,223.0584,146135,146168,33
100,10,binary_to_gray,75,364.055366666667,214.241733333333,146200,146296,96
100,10,+,72,233.95296,207.54302,146328,146485,157
100,11,binary_to_gray,87,274.2401,227.0437,146517,146549,32
100,0,blank,0,292.2274,221.322,146581,146644,63
100,0,blank,0,290.035666666667,210.516,146707,146803,96
100,10,10,79,506.5772,220.4876,146994,147057,63
100,0,blank,0,492.2502,200.1936,147089,147121,32
100,10,n,77,484.11075,214.58125,147217,147279,62
100,0,blank,0,482.9809,215.43515,147406,147470,64
100,10,binary_to_gray,75,432.07365,211.573,147563,147626,63
100,10,binary_to_gray,75,424.7623,217.5316,147657,147689,32
100,10,binary_to_gray,75,310.74732,201.39126,147845,148005,160
100,11,binary_to_gray,87,281.0946,226.8486,148065,148097,32
100,11,n,89,358.0154,230.6588,148256,148288,32
100,0,blank,0,407.7628,226.8514,148445,148476,31
100,10,binary_to_gray,75,299.9412,219.0607,148604,148636,32
100,0,blank,0,301.248,244.1721,148668,148700,32
100,11,binary_to_gray,87,219.7095,224.697,148888,148919,31
100,0,blank,0,220.2758,207.3672,148950,148981,31
100,11,binary_to_gray,87,219.8039,235.619,149074,149105,31
100,11,10,91,377.692166666667,241.183466666667,149230,149325,95
100,11,n,89,363.35945,230.4349,149418,149481,63
100,11,/,90,366.18565,240.47115,149513,149577,64
100,0,blank,0,411.90075,225.89125,149673,149732,59
100,0,blank,0,406.931,253.5098,149825,149888,63
100,0,blank,0,423.452125,230.655675,149952,150075,123
100,10,binary_to_gray,75,313.1566,209.7505,150137,150170,33
100,11,binary_to_gray,87,300.8997,227.4344,150202,150233,31
100,0,blank,0,291.403033333333,205.701633333333,150327,150421,94
100,0,blank,0,287.2419,206.8355,150485,150517,32
100,0,blank,0,287.1143,213.322033333333,150578,150673,95
100,10,binary_to_gray,75,317.0159,210.1283,150799,150862,63
100,9,&&,65,304.3495,197.2362,150894,150924,30
100,10,binary_to_gray,75,312.85498,206.79232,150955,151114,159
100,10,binary_to_gray,75,314.28125,206.9365,151145,151207,62
100,9,&&,65,312.6658,193.4268,151268,151301,33
100,10,binary_to_gray,75,365.5245,205.7686,151456,151518,62
100,0,blank,0,449.10505,192.5799,151551,151613,62
100,0,blank,0,456.538466666667,213.5975,151644,151738,94
100,0,blank,0,492.5841,197.6825,151797,151857,60
100,10,n,77,488.80935,202.3337,151917,151980,63
100,10,binary_to_gray,75,370.900833333333,208.5671,152011,152109,98
100,10,binary_to_gray,75,374.2292,201.1671,152138,152170,32
100,0,blank,0,257.7219,198.72545,152201,152264,63
100,10,*,74,274.173,201.12695,152325,152387,62
100,11,binary_to_gray,87,186.7144,242.4554,152605,152636,31
100,11,binary_to_gray,87,216.7354,223.7375,152667,152698,31
100,0,blank,0,219.8703,247.121,152790,152820,30
100,0,blank,0,186.1522,249.7517,152883,152911,28
100,11,binary_to_gray,87,187.8788,234.9742,152972,153002,30
100,10,return,69,177.661,220.024,153033,153063,30
100,11,binary_to_gray,87,246.3048,231.8286,153125,153288,163
100,0,blank,0,332.3805,231.2096,153630,153662,32
100,11,10,91,386.457,228.8467,153789,153824,35
100,0,blank,0,280.5265,250.8628,153886,153918,32
100,11,binary_to_gray,87,269.59255,236.26915,154043,154105,62
100,0,blank,0,214.3729,217.2945,154166,154197,31
100,0,blank,0,98.4800333333333,229.394966666667,154353,154448,95
100,11,10,91,126.5639,242.2332,154670,154703,33
100,11,10,91,125.864875,233.131425,154734,154856,122
100,11,10,91,129.1375,237.4807,154917,154947,30
100,11,binary_to_gray,87,232.80125,238.4576,154979,155040,61
100,11,binary_to_gray,87,239.4758,226.2332,155163,155194,31
100,0,blank,0,330.389575,237.971875,155255,155380,125
100,0,blank,0,330.9794,237.03895,155410,155474,64
100,0,blank,0,328.7439,236.7278,155536,155597,61
100,10,binary_to_gray,75,300.5826,207.0854,155658,155689,31
100,0,blank,0,292.926133333333,195.8855,155814,155910,96
100,0,blank,0,286.195066666667,179.113666666667,155938,156032,94
100,0,blank,0,316.6285,200.42705,156095,156288,193
100,10,binary_to_gray,75,327.7043,209.8904,156353,156418,65
100,0,blank,0,-323,-105,156450,156531,81
100,11,binary_to_gray,87,297.5072,225.55715,156648,156703,55
100,10,binary_to_gray,75,311.6182,212.6535,156732,156763,31
100,11,binary_to_gray,87,295.8322,223.7133,156794,156824,30
100,11,binary_to_gray,87,288.3498,226.23925,156918,156980,62
100,0,blank,0,468.7568,190.4221,157138,157170,32
100,0,blank,0,460.71565,215.8217,157233,157296,63
100,10,binary_to_gray,75,410.16395,204.8729,157329,157392,63
100,0,blank,0,421.9161,229.1986,157521,157585,64
100,10,binary_to_gray,75,329.712233333333,207.5348,157746,157842,96
100,10,10,79,506.3331,217.91685,158001,158065,64
100,0,blank,0,509.6132,196.9631,158096,158127,31
100,0,blank,0,462.8303,193.7366,158225,158257,32
100,10,(,76,466.952966666667,205.576566666667,158322,158421,99
100,0,blank,0,476.2111,194.4698,158456,158487,31
100,0,blank,0,469.47335,200.69145,158551,158615,64
100,0,blank,0,520.924733333333,200.161133333333,158712,158809,97
100,0,blank,0,525.676733333333,192.018433333333,158842,158940,98
100,0,blank,0,535.2965,195.8776,158973,159006,33
100,0,blank,0,394.7655,176.8672,159105,159137,32
100,10,binary_to_gray,75,322.71,203.6453,159456,159519,63
100,0,blank,0,216.03615,191.7069,159673,159734,61
100,0,blank,0,191.5255,209.9121,159825,159856,31
100,0,blank,0,193.4679,206.3321,160076,160105,29
100,8,/,47,163.05735,174.26355,160418,160481,63
100,8,/,47,158.854366666667,166.7828,160512,160605,93
100,9,&&,65,227.7674,180.3784,160667,160698,31
100,0,blank,0,208.6057,160.5785,160758,160788,30
100,9,),68,192.9693,192.1941,160850,160907,57
100,10,return,69,183.9825,201.9048,160938,160969,31
100,0,blank,0,193.3262,217.3725,161031,161092,61
100,0,blank,0,-323,-105,161308,161498,190
100,0,blank,0,-323,-105,161557,161710,153
100,9,a,64,103.739333333333,180.736333333333,161962,162054,92
100,0,blank,0,101.304466666667,173.8239,162115,162207,92
100,0,blank,0,122.32495,171.875575,162267,162390,123
100,0,blank,0,107.696,305.47345,162692,162752,60
100,15,binary_number,102,102.8308,318.9768,162783,162813,30
100,6,return,32,87.9776,118.7992,163295,163328,33
100,6,return,32,87.39085,118.06045,163387,163449,62
100,0,blank,0,201.4001,384.9917,163755,163786,31
100,16,binary_to_gray,110,217.958,344.558,163847,163880,33
100,0,blank,0,214.6915,376.8494,163938,163968,30
