Frameno_fix,lineno_fix,Tokenname_fix,tokens_id,gaze_X_fix,gaze_Y_fix,timestamp_fix_start,timestamp_fix_end,time_duration
100,0,blank,0,22.3655333333333,-87.9615333333334,3677,3874,197
100,0,blank,0,56.2362,-83.8764,3874,4040,166
100,0,blank,0,61.22425,-80.329825,4040,4175,135
100,2,include,14,59.98085,38.0772666666667,4429,4615,186
100,1,/,2,7.55615999999999,8.3051,4615,4782,167
100,1,program,4,58.6938,5.1487,4782,4852,70
100,0,blank,0,387.91912,-27.38448,4885,5053,168
100,0,blank,0,470.46626,-17.4411,5053,5220,167
100,0,blank,0,469.4691,-39.2299,5220,5253,33
100,0,blank,0,311.16858,-18.3973,5286,5454,168
100,0,blank,0,340.376033333333,-14.7573666666667,5454,5651,197
100,0,blank,0,382.782133333333,-19.8171333333333,5651,5753,102
100,0,blank,0,237.91328,-16.21524,5785,5956,171
100,0,blank,0,198.24418,-13.8509,5956,6130,174
100,0,blank,0,100.80746,-18.33276,6130,6301,171
100,0,blank,0,106.862,-13.6668,6301,6478,177
100,0,blank,0,118.340933333333,-13.9551,6478,6580,102
100,2,#,13,6.04488,31.67218,6614,6785,171
100,2,include,14,54.27348,32.912,6785,6956,171
100,1,program,4,86.28776,18.34542,6956,7124,168
100,2,include,14,51.22296,29.642,7124,7295,171
100,0,blank,0,36.93814,24.93708,7295,7468,173
100,1,program,4,90.06956,22.78548,7468,7637,169
100,1,program,4,102.712,6.16412,7637,7804,167
100,2,include,14,44.91202,31.15896,7839,8010,171
100,2,include,14,16.89044,34.48992,8010,8181,171
100,2,include,14,57.78468,28.75372,8181,8351,170
100,2,stdio,16,112.85595,32.9236,8351,8422,71
100,0,blank,0,-429,-105,8456,8542,86
100,1,to,8,128.57912,12.48688,8664,8852,188
100,3,binary_to_gray,21,77.4564,48.73082,8852,9023,171
100,3,binary_to_gray,21,58.05252,64.04044,9023,9194,171
100,3,int,23,33.11826,55.25924,9194,9363,169
100,3,int,23,21.30212,61.79936,9363,9533,170
100,0,blank,0,34.15904,68.82916,9533,9702,169
100,0,blank,0,49.23148,80.76174,9702,9869,167
100,0,blank,0,65.84864,69.46548,9869,10038,169
100,0,blank,0,74.7658,76.81264,10038,10210,172
100,5,if,27,60.86772,103.25424,10210,10380,170
100,0,blank,0,54.00982,117.09454,10380,10554,174
100,0,blank,0,19.42386,119.90508,10554,10731,177
100,0,blank,0,60.54686,119.18706,10731,10910,179
100,0,blank,0,77.00798,114.00326,10910,11087,177
100,0,blank,0,117.90996,140.80174,11087,11264,177
100,0,blank,0,155.30616,135.63824,11264,11462,198
100,0,blank,0,158.49008,142.12462,11462,11632,170
100,7,n,38,131.2037,139.31204,11632,11804,172
100,6,return,32,127.90366,126.2279,11804,11972,168
100,7,%,39,148.47168,140.55188,11972,12143,171
100,7,%,39,147.8041,146.00906,12143,12317,174
100,8,b,43,84.73458,167.74454,12317,12485,168
100,0,blank,0,98.71274,173.41524,12485,12662,177
100,9,&&,65,122.3792,188.26316,12662,12834,172
100,9,),68,201.06416,194.51542,12834,13002,168
100,0,blank,0,257.06372,195.0482,13002,13174,172
100,9,&&,65,316.24054,198.89398,13174,13342,168
100,0,blank,0,350.17118,195.5115,13342,13512,170
100,0,blank,0,340.0533,190.2982,13512,13546,34
100,0,blank,0,184.718,205.80252,13581,13749,168
100,11,10,91,126.90466,240.9003,13749,13920,171
100,13,main,97,80.87718,284.20318,13920,14087,167
100,15,binary_number,102,84.884875,316.994075,14087,14227,140
100,0,blank,0,198.95132,310.3827,14261,14434,173
100,15,binary_number,102,204.14666,314.83694,14434,14609,175
100,16,"%d",108,142.87838,338.90282,14609,14781,172
100,16,"%d",108,129.02092,339.07454,14781,14951,170
100,16,binary_to_gray,110,231.89024,335.09994,14951,15119,168
100,15,binary_number,102,231.81702,331.77568,15119,15287,168
100,15,11101,104,266.02502,328.8522,15287,15454,167
100,16,binary_to_gray,110,291.37434,334.82992,15454,15623,169
100,16,binary_to_gray,110,295.101125,334.14535,15623,15755,132
100,0,blank,0,165.8064,252.12988,15790,15958,168
100,10,return,69,157.92476,203.65708,15958,16133,175
100,9,&&,65,155.82812,180.87206,16133,16308,175
100,8,n,46,135.52328,159.73282,16308,16479,171
100,7,a,36,85.3123,143.9387,16479,16649,170
100,0,blank,0,80.74468,138.60168,16649,16818,169
100,0,blank,0,72.51978,126.61078,16818,17001,183
100,5,if,27,48.44045,96.7982,17001,17193,192
100,0,blank,0,29.04995,126.58385,17193,17385,192
100,0,blank,0,22.41294,128.4039,17385,17570,185
100,0,blank,0,42.08746,113.50862,17570,17746,176
100,0,blank,0,22.91118,74.50772,17746,17920,174
100,3,int,23,27.40314,49.10658,17920,18093,173
100,1,program,4,69.88072,14.92978,18093,18273,180
100,0,blank,0,114.4336,21.2232,18273,18441,168
100,0,blank,0,-24.98486,18.3486,18474,18646,172
100,0,blank,0,-12.07726,22.39098,18646,18820,174
100,0,blank,0,29.167,-3.04094,18820,18991,171
100,1,C,3,30.6958,21.3737,18991,19027,36
100,0,blank,0,-2.85562,147.12248,19061,19231,170
100,0,blank,0,-2.4058,141.8265,19231,19265,34
100,0,blank,0,14.04818,295.64714,19299,19474,175
100,15,binary_number,102,90.36522,317.21036,19474,19648,174
100,0,blank,0,30.37002,323.59454,19648,19821,173
100,0,blank,0,135.89562,304.60362,19821,19993,172
100,0,blank,0,206.98774,304.61756,19993,20167,174
100,0,blank,0,158.33236,303.05886,20167,20335,168
100,15,int,101,52.30312,313.05996,20335,20501,166
100,15,binary_number,102,97.04474,320.20124,20501,20670,169
100,15,binary_number,102,137.8424,321.94032,20670,20839,169
100,16,..,109,154.1598,341.50304,20839,21011,172
100,15,binary_number,102,101.5374,326.98644,21011,21180,169
100,16,"%d",108,142.9457,343.68906,21180,21347,167
100,16,binary_to_gray,110,179.66342,333.72214,21347,21514,167
100,15,binary_number,102,229.04636,323.8753,21514,21683,169
100,15,11101,104,282.3441,319.45084,21683,21853,170
100,15,11101,104,293.8271,321.5105,21853,22019,166
100,10,return,69,134.162133333333,207.380466666667,22053,22251,198
100,0,blank,0,44.6785,202.616283333333,22251,22447,196
100,0,blank,0,10.15696,207.28546,22447,22618,171
100,0,blank,0,10.5501,105.81838,22653,22827,174
100,0,blank,0,12.73386,97.51594,22827,23001,174
100,0,blank,0,9.87177500000001,68.57125,23001,23138,137
100,11,return,83,68.11618,225.48252,23173,23343,170
100,0,blank,0,109.40828,218.36732,23343,23513,170
100,11,binary_to_gray,87,164.31896,223.65348,23513,23685,172
100,11,binary_to_gray,87,219.17226,224.16372,23685,23853,168
100,10,return,69,128.7407,219.441725,23853,23988,135
100,0,blank,0,-429,-105,24022,24133,111
100,11,binary_to_gray,87,213.9896,225.7456,24172,24222,50
100,0,blank,0,263.102033333333,222.5223,24292,24485,193
100,10,return,69,155.15025,207.853366666667,24485,24684,199
100,10,return,69,182.82505,213.5804,24684,24752,68
100,0,blank,0,28.8018333333333,88.4451,24996,25183,187
100,0,blank,0,30.20324,85.4523,25183,25356,173
100,0,blank,0,31.62552,86.16614,25356,25528,172
100,7,a,36,86.08878,151.48754,25528,25696,168
100,0,blank,0,116.1251,193.3812,25696,25731,35
100,0,blank,0,217.96692,206.0778,25767,25948,181
100,10,10,79,260.17466,213.66402,25948,26124,176
100,10,10,79,263.4218,221.4884,26124,26159,35
100,2,include,14,66.50398,37.97714,26195,26371,176
100,1,program,4,95.76788,10.76208,26371,26551,180
100,0,blank,0,122.1237,6.3364,26551,26586,35
100,0,blank,0,229.32018,272.92624,26621,26797,176
100,0,blank,0,179.15656,274.45498,26797,26973,176
100,0,blank,0,208.952,283.03682,26973,27156,183
100,0,blank,0,193.06965,283.5138,27156,27226,70
100,7,int,35,44.6782,136.39076,27260,27436,176
100,0,blank,0,25.66178,102.2486,27436,27615,179
100,0,blank,0,67.2243,94.05302,27615,27792,177
100,15,binary_number,102,205.1258,314.86416,27827,28005,178
100,0,blank,0,198.02246,294.4013,28005,28181,176
100,0,blank,0,195.22478,298.62938,28181,28360,179
100,0,blank,0,202.38906,294.2719,28360,28539,179
100,0,blank,0,208.15842,289.71676,28539,28718,179
100,0,blank,0,207.45068,274.80228,28718,28895,177
100,0,blank,0,153.10142,306.77636,28895,29071,176
100,0,blank,0,172.3308,297.43082,29071,29244,173
100,0,blank,0,232.72246,304.96098,29244,29424,180
100,0,blank,0,228.59996,295.26472,29424,29606,182
100,0,blank,0,227.70218,303.1953,29606,29791,185
100,0,blank,0,229.0008,283.4237,29791,29979,188
100,0,blank,0,218.6928,267.6259,29979,30021,42
100,0,blank,0,110.3007,304.2893,30058,30239,181
100,0,blank,0,198.46944,291.25964,30239,30419,180
100,0,blank,0,197.54146,292.75614,30419,30599,180
100,0,blank,0,204.898066666667,289.664933333333,30599,30712,113
100,0,blank,0,77.83154,114.42184,30763,30939,176
100,0,blank,0,54.11204,71.08824,30939,31113,174
100,3,binary_to_gray,21,44.2397,63.61004,31113,31282,169
100,0,blank,0,25.00134,46.04278,31282,31450,168
100,3,int,23,15.21552,50.96778,31450,31618,168
100,0,blank,0,16.03912,42.96526,31618,31789,171
100,3,int,23,14.92606,53.64196,31789,31960,171
100,0,blank,0,34.42924,54.8039,31960,32129,169
100,3,binary_to_gray,21,54.46964,60.2407,32129,32299,170
100,0,blank,0,46.30264,70.67308,32299,32470,171
100,0,blank,0,34.88718,76.37428,32470,32643,173
100,0,blank,0,32.89856,71.0422,32643,32820,177
100,3,int,23,26.68108,51.54318,32820,33002,182
100,3,int,23,17.00852,50.00828,33002,33173,171
100,3,int,23,20.31832,50.75004,33173,33342,169
100,3,int,23,27.85922,50.12756,33342,33515,173
100,0,blank,0,34.11968,53.55286,33515,33685,170
100,0,blank,0,54.77864,74.00554,33685,33860,175
100,3,int,23,17.67792,52.16948,33860,34038,178
100,0,blank,0,0.233040000000005,41.58758,34038,34218,180
100,0,blank,0,-6.34372000000001,48.50406,34218,34387,169
100,0,blank,0,1.63253999999999,55.00598,34387,34558,171
100,0,blank,0,39.5107,78.7095,34558,34733,175
100,0,blank,0,20.7255,85.55924,34733,34911,178
100,0,blank,0,13.562,87.6781,34911,35091,180
100,0,blank,0,13.10824,81.82418,35091,35267,176
100,0,blank,0,34.08366,61.51626,35267,35446,179
100,0,blank,0,40.91266,63.07378,35446,35628,182
100,3,int,23,31.43524,59.94472,35628,35805,177
100,3,int,23,25.1357333333333,58.8413333333333,35805,35910,105
100,11,binary_to_gray,87,186.57582,235.1708,35946,36124,178
100,0,blank,0,204.63246,276.0018,36124,36307,183
100,11,binary_to_gray,87,171.64126,229.04176,36307,36487,180
100,0,blank,0,76.81384,123.63478,36487,36663,176
100,8,int,42,73.57016,160.88878,36663,36839,176
100,0,blank,0,114.18502,197.48892,36839,37008,169
100,10,return,69,159.2738,201.96854,37008,37183,175
100,0,blank,0,216.36034,197.30832,37183,37360,177
100,9,(,62,243.2273,195.39145,37360,37541,181
100,0,blank,0,260.8311,196.8047,37541,37668,127
100,0,blank,0,232.02485,244.213225,37668,37856,188
100,0,blank,0,210.85052,282.02412,37856,38028,172
100,0,blank,0,119.3935,194.98218,38062,38231,169
100,9,if,53,72.5893,198.43134,38231,38401,170
100,0,blank,0,26.23484,198.81864,38401,38579,178
100,0,blank,0,11.5982,202.00244,38579,38757,178
100,0,blank,0,-0.816319999999996,78.62058,38793,38968,175
100,3,int,23,23.37742,63.92828,38968,39135,167
100,0,blank,0,41.6414,67.30982,39135,39305,170
100,0,blank,0,39.31564,98.8313,39305,39475,170
100,0,blank,0,39.51954,105.34472,39475,39646,171
100,0,blank,0,39.74312,89.75658,39646,39819,173
100,0,blank,0,59.27664,78.08,39819,39992,173
100,0,blank,0,49.9006,69.52456,39992,40168,176
100,3,int,23,26.80862,63.83084,40168,40336,168
100,3,int,23,6.48201999999999,50.57244,40336,40509,173
100,3,int,23,6.32144,54.18676,40509,40686,177
100,3,int,23,21.94684,57.01004,40686,40861,175
100,0,blank,0,67.9382,97.4686,40861,40894,33
100,0,blank,0,217.86762,298.96236,40927,41101,174
100,0,blank,0,145.06414,290.86148,41101,41278,177
100,15,binary_number,102,166.52604,316.86138,41278,41452,174
100,0,blank,0,92.87814,302.77666,41452,41630,178
100,0,blank,0,57.99496,290.9866,41630,41802,172
100,0,blank,0,54.0449,294.439266666667,41802,41908,106
100,3,int,23,6.35750000000002,61.24476,41945,42124,179
100,0,blank,0,23.88156,-25.72216,42124,42295,171
100,0,blank,0,49.90476,-32.38692,42295,42468,173
100,0,blank,0,134.0856,-46.18594,42468,42640,172
100,0,blank,0,226.82214,-61.96282,42640,42810,170
100,1,program,4,50.3677,18.06858,42843,43016,173
100,0,blank,0,36.83326,54.02888,43016,43194,178
100,3,int,23,33.7404,65.32054,43194,43372,178
100,0,blank,0,39.93398,64.18046,43372,43548,176
100,0,blank,0,37.66558,13.43414,43548,43728,180
100,0,blank,0,36.564,-0.120850000000001,43728,43874,146
100,0,blank,0,92.55066,301.85428,43910,44082,172
100,0,blank,0,70.43184,307.57096,44082,44260,178
100,0,blank,0,37.27642,291.52212,44260,44433,173
100,0,blank,0,27.4071,294.8816,44433,44471,38
100,3,int,23,27.962,65.80936,44505,44677,172
100,3,int,23,27.30236,55.34082,44677,44848,171
100,2,include,14,24.16112,40.57724,44848,45018,170
100,3,int,23,25.44452,49.16474,45018,45188,170
100,3,int,23,25.2998,53.6681,45188,45222,34
100,0,blank,0,143.40042,260.62638,45256,45429,173
100,0,blank,0,181.40244,277.7438,45429,45603,174
100,0,blank,0,199.75912,283.76396,45603,45780,177
100,0,blank,0,206.991775,299.107725,45780,45921,141
100,0,blank,0,89.3346,299.624,45957,45994,37
100,0,blank,0,94.7083,311.3886,45994,46197,203
100,0,blank,0,90.24066,299.93908,46197,46361,164
100,0,blank,0,88.5828666666666,309.059333333333,46361,46466,105
100,2,include,14,31.32726,38.47292,46502,46675,173
100,2,include,14,26.669,33.70222,46675,46848,173
100,3,int,23,20.58082,57.92974,46848,47023,175
100,0,blank,0,148.12846,279.88666,47091,47268,177
100,0,blank,0,165.45824,293.05488,47268,47450,182
100,13,(,98,99.40496,280.10732,47450,47626,176
100,0,blank,0,115.09658,269.93996,47626,47801,175
100,8,/,47,153.1729,167.51706,47801,47982,181
100,8,=,44,108.13252,165.56956,47982,48153,171
100,11,return,83,44.39696,230.83246,48153,48334,181
100,0,blank,0,45.23576,290.08268,48334,48510,176
100,0,blank,0,50.2168,301.727,48510,48582,72
100,15,binary_number,102,188.23398,312.68906,48618,48792,174
100,15,11101,104,274.95808,314.60528,48792,48968,176
100,15,binary_number,102,138.89716,318.582,49004,49181,177
100,15,binary_number,102,139.44,321.19385,49181,49250,69
100,0,blank,0,96.1895,155.23328,49286,49462,176
100,0,blank,0,78.45832,86.4664,49462,49635,173
100,0,blank,0,58.3122,69.75374,49635,49805,170
100,3,int,23,31.84906,48.61256,49805,49978,173
100,3,int,23,23.04946,49.84378,49978,50153,175
100,3,int,23,27.48632,50.62594,50153,50331,178
100,3,int,23,26.41906,56.24792,50331,50509,178
100,3,int,23,27.56302,55.08468,50509,50682,173
100,3,int,23,28.40495,59.14455,50682,50753,71
100,0,blank,0,-246.82614,-78.95902,50826,51012,186
100,0,blank,0,-266.01812,-98.11104,51012,51192,180
100,0,blank,0,-339.21988,-81.76488,51192,51376,184
100,0,blank,0,-366.7183,-93.0101,51376,51548,172
100,0,blank,0,-407.06528,-92.08612,51548,51727,179
100,0,blank,0,-407.2021,-99.60115,51727,51798,71
100,0,blank,0,-59.97206,47.2106,51871,52043,172
100,0,blank,0,-59.62806,42.66064,52043,52217,174
100,0,blank,0,-429,-105,52287,52372,85
100,0,blank,0,-49.88676,70.22798,52495,52666,171
100,0,blank,0,-52.15618,43.36116,52666,52841,175
100,0,blank,0,-48.50166,49.34432,52841,53011,170
100,0,blank,0,-52.6942,49.7,53011,53045,34
100,0,blank,0,-353.43432,-82.88104,53112,53280,168
100,0,blank,0,-383.69836,-86.39706,53280,53449,169
100,0,blank,0,-408.3408,-85.9124,53449,53521,72
100,0,blank,0,-21.10946,70.21184,53592,53761,169
100,0,blank,0,-20.60948,73.5962,53761,53930,169
100,0,blank,0,-22.5242,85.9147333333333,53930,54035,105
100,0,blank,0,-18.756,104.6282,54035,54473,438
100,0,blank,0,-26.39002,87.19152,54473,54641,168
100,0,blank,0,-34.1532333333334,72.7287666666667,54641,54744,103
100,0,blank,0,52.66764,272.0219,54779,54953,174
100,0,blank,0,120.28174,294.4848,54953,55129,176
100,0,blank,0,-43.06252,76.14542,55166,55341,175
100,0,blank,0,-42.3072,80.0283,55341,55509,168
100,0,blank,0,-40.94718,77.25476,55509,55679,170
100,0,blank,0,-22.44766,70.93914,55679,55848,169
100,0,blank,0,-17.49188,81.19002,55848,56022,174
100,0,blank,0,-16.68686,78.44786,56022,56195,173
100,0,blank,0,-43.20184,89.19048,56195,56368,173
100,0,blank,0,-40.17172,96.77318,56368,56541,173
100,0,blank,0,7.89034,105.00744,56541,56711,170
100,0,blank,0,-2.45687999999999,108.69812,56711,56887,176
100,0,blank,0,-14.50848,103.81238,56887,57063,176
100,0,blank,0,7.87926,106.60892,57063,57234,171
100,0,blank,0,7.96749999999997,100.9323,57234,57269,35
100,0,blank,0,76.8147,264.20668,57302,57475,173
100,0,blank,0,115.35994,291.27364,57475,57648,173
100,0,blank,0,119.5126,304.684133333333,57648,57763,115
100,0,blank,0,113.5889,281.981,57763,57861,98
100,0,blank,0,119.1356,309.4373,57861,57989,128
100,0,blank,0,115.2202,304.3926,57989,58151,162
100,0,blank,0,120.06262,304.4689,58151,58326,175
100,0,blank,0,113.74684,303.5623,58326,58498,172
100,0,blank,0,127.12454,304.47982,58498,58672,174
100,0,blank,0,138.77885,304.5627,58672,58738,66
100,0,blank,0,-21.33814,120.43018,58772,58943,171
100,0,blank,0,-12.89292,129.13486,58943,59115,172
100,0,blank,0,16.8085,136.95014,59115,59283,168
100,7,int,35,48.81478,139.59856,59283,59453,170
100,7,int,35,68.68822,148.15848,59453,59620,167
100,7,int,35,56.58822,142.4306,59620,59790,170
100,0,blank,0,37.5995833333333,140.548333333333,59790,59989,199
100,7,int,35,58.54192,142.82718,59989,60156,167
100,0,blank,0,76.70026,139.88148,60156,60322,166
100,0,blank,0,82.88986,140.09746,60322,60489,167
100,0,blank,0,40.43022,131.44908,60489,60656,167
100,0,blank,0,24.4574,133.02048,60656,60823,167
100,0,blank,0,11.40038,152.67762,60823,60993,170
100,0,blank,0,16.92596,144.2466,60993,61162,169
100,7,int,35,51.13476,139.1398,61162,61331,169
100,0,blank,0,46.41526,130.57724,61331,61501,170
100,0,blank,0,36.95056,127.47598,61501,61668,167
100,0,blank,0,37.4828,131.36798,61668,61840,172
100,7,int,35,65.1513,143.56136,61840,62010,170
100,0,blank,0,38.23336,148.0597,62010,62183,173
100,0,blank,0,17.27916,162.9027,62183,62355,172
100,0,blank,0,33.17206,168.47332,62355,62533,178
100,0,blank,0,15.67442,171.99078,62533,62708,175
100,0,blank,0,18.89676,170.12032,62708,62883,175
100,0,blank,0,30.46622,164.89136,62883,63056,173
100,0,blank,0,20.2141,170.38306,63056,63225,169
100,0,blank,0,9.65349999999998,181.9963,63225,63292,67
100,15,binary_number,102,97.17372,313.50282,63325,63493,168
100,0,blank,0,133.90752,310.04528,63493,63660,167
100,15,binary_number,102,133.03616,313.53832,63660,63826,166
100,0,blank,0,127.397266666667,286.7367,63826,63927,101
100,0,blank,0,3.37432,108.98104,63960,64127,167
100,0,blank,0,3.38291666666667,110.585233333333,64127,64325,198
100,0,blank,0,12.6375,118.4672,64325,64524,199
100,0,blank,0,24.80625,129.681175,64524,64713,189
100,0,blank,0,57.4993,133.3336,64713,65047,334
100,7,int,35,49.64452,141.94348,65047,65220,173
100,0,blank,0,31.12306,132.82602,65220,65386,166
100,0,blank,0,16.30616,122.83056,65386,65557,171
100,0,blank,0,18.74388,121.51378,65557,65728,171
100,0,blank,0,28.1551,157.410325,65728,65891,163
100,7,int,35,48.75195,153.9615,65891,66072,181
100,0,blank,0,22.73,154.8315,66072,66264,192
100,0,blank,0,22.28932,147.8126,66264,66445,181
100,0,blank,0,55.7642,131.2602,66445,66623,178
100,0,blank,0,68.05946,127.41674,66623,66799,176
100,0,blank,0,60.47256,129.03546,66799,66973,174
100,0,blank,0,70.20468,130.88364,66973,67146,173
100,0,blank,0,78.321025,141.361825,67146,67284,138
100,0,blank,0,-429,-105,67321,67406,85
100,0,blank,0,35.2951,117.2875,67576,67742,166
100,0,blank,0,54.03492,129.0452,67742,67921,179
100,0,blank,0,41.5006,126.93248,67921,68095,174
100,0,blank,0,45.32168,124.05822,68095,68263,168
100,0,blank,0,68.45096,128.22416,68263,68435,172
100,0,blank,0,48.63834,124.0449,68435,68605,170
100,0,blank,0,22.1405666666667,107.061166666667,68605,68803,198
100,0,blank,0,-7.72337500000002,105.0389,68803,68934,131
100,0,blank,0,-5.55983333333334,102.769933333333,68934,69130,196
100,0,blank,0,-2.28875999999999,116.0826,69130,69297,167
100,0,blank,0,14.63688,113.6201,69297,69465,168
100,0,blank,0,23.7672,117.5742,69465,69639,174
100,0,blank,0,-1.52990000000001,113.68128,69639,69813,174
100,0,blank,0,-9.57266,115.05568,69813,69984,171
100,0,blank,0,-59.6755,108.92408,69984,70157,173
100,0,blank,0,-28.4614,108.64932,70157,70331,174
100,0,blank,0,6.6794,115.68646,70331,70505,174
100,0,blank,0,27.99146,112.08724,70505,70676,171
100,0,blank,0,28.265725,103.467375,70676,70812,136
100,0,blank,0,118.29702,292.75746,70846,71019,173
100,0,blank,0,6.64341999999999,113.13054,71053,71226,173
100,0,blank,0,11.03126,107.20556,71226,71396,170
100,0,blank,0,15.98764,104.6761,71396,71564,168
100,0,blank,0,18.10204,103.26412,71564,71730,166
100,0,blank,0,33.21132,113.88588,71730,71900,170
100,0,blank,0,25.46502,113.5874,71900,72072,172
100,0,blank,0,12.33192,112.96636,72072,72244,172
100,0,blank,0,25.39182,104.39698,72244,72417,173
100,0,blank,0,29.8209,98.82964,72417,72594,177
100,0,blank,0,16.46186,111.2943,72594,72770,176
100,0,blank,0,31.04212,122.72596,72770,72942,172
100,0,blank,0,47.60606,132.30446,72942,73116,174
100,0,blank,0,42.69776,137.41458,73116,73291,175
100,0,blank,0,40.28044,134.78004,73291,73467,176
100,0,blank,0,36.06652,136.07716,73467,73643,176
100,0,blank,0,32.63578,134.1608,73643,73818,175
100,0,blank,0,29.6717,136.315,73818,73853,35
100,0,blank,0,118.6893,306.41454,73888,74058,170
100,0,blank,0,127.84212,297.52812,74058,74236,178
100,0,blank,0,134.3667,302.5568,74236,74269,33
100,0,blank,0,36.32796,147.36398,74303,74477,174
100,0,blank,0,35.95878,121.27844,74477,74647,170
100,0,blank,0,36.5603,121.8153,74647,74819,172
100,0,blank,0,36.2818,126.291366666667,74819,74921,102
100,0,blank,0,136.17608,283.32992,74954,75124,170
100,0,blank,0,126.26218,298.28864,75124,75296,172
100,0,blank,0,127.38098,306.19174,75296,75470,174
100,0,blank,0,80.8378,192.53224,75470,75639,169
100,7,int,35,67.56096,137.68402,75639,75810,171
100,6,return,32,89.70175,130.534416666667,75810,76009,199
100,0,blank,0,15.99894,140.60414,76009,76177,168
100,0,blank,0,-0.395380000000012,147.84988,76177,76344,167
100,0,blank,0,-4.28038,150.56042,76344,76514,170
100,0,blank,0,-8.23536,154.70092,76514,76687,173
100,0,blank,0,-5.87169999999998,162.4272,76687,76722,35
100,0,blank,0,124.73534,299.59162,76756,76933,177
100,0,blank,0,124.94218,302.57338,76933,77109,176
100,0,blank,0,127.018633333333,305.542866666667,77109,77212,103
100,0,blank,0,-4.00110000000001,153.7334,77246,77424,178
100,0,blank,0,-9.69582,155.46966,77424,77594,170
100,0,blank,0,54.58024,155.6238,77594,77762,168
100,8,b,43,87.5188,165.28684,77762,77935,173
100,0,blank,0,98.9776,172.48934,77935,78107,172
100,9,&&,65,124.92855,181.15785,78107,78253,146
100,8,/,47,157.0781,165.9311,78253,78382,129
100,8,b,43,92.296,164.2306,78382,78578,196
100,7,int,35,59.395,152.00166,78578,78744,166
100,0,blank,0,28.3852,151.09186,78744,78918,174
100,0,blank,0,9.48281999999999,154.31932,78918,79086,168
100,0,blank,0,-13.02128,184.4805,79086,79259,173
100,0,blank,0,-3.53662000000001,215.95734,79259,79425,166
100,0,blank,0,74.84552,220.17244,79425,79595,170
100,8,int,42,46.4289,175.11866,79595,79769,174
100,0,blank,0,14.91684,151.1979,79769,79935,166
100,0,blank,0,5.78644999999999,152.611683333333,79935,80133,198
100,0,blank,0,-21.43462,196.91628,80133,80305,172
100,0,blank,0,-44.0592,237.03122,80305,80476,171
100,13,void,96,6.53464000000001,278.1041,80476,80647,171
100,0,blank,0,44.4276,285.16212,80647,80818,171
100,13,),99,106.05374,286.85416,80818,80989,171
100,0,blank,0,98.36144,306.0492,80989,81157,168
100,0,blank,0,32.74652,305.37972,81157,81329,172
100,0,blank,0,79.64614,308.03404,81329,81499,170
100,0,blank,0,145.41672,311.22988,81499,81667,168
100,0,blank,0,24.9509333333333,147.879333333333,81701,81897,196
100,0,blank,0,15.9533,156.674666666667,81897,82092,195
100,0,blank,0,-1.89011666666667,154.94705,82092,82287,195
100,0,blank,0,-1.34376666666666,157.200466666667,82287,82486,199
100,0,blank,0,-3.46216000000001,164.16394,82486,82653,167
100,0,blank,0,-6.99418000000002,162.9749,82653,82825,172
100,0,blank,0,-2.7357,126.01102,82825,82996,171
100,0,blank,0,0.138720000000012,100.29286,82996,83169,173
100,0,blank,0,-11.42852,118.75642,83169,83343,174
100,0,blank,0,-27.16782,158.8364,83343,83512,169
100,0,blank,0,-6.54109999999999,158.8848,83512,83685,173
100,0,blank,0,8.05554000000001,158.53316,83685,83859,174
100,0,blank,0,7.2474,158.41826,83859,84029,170
100,0,blank,0,5.56422,154.45924,84029,84204,175
100,0,blank,0,13.83944,152.19216,84204,84374,170
100,0,blank,0,62.97214,155.7038,84374,84544,170
100,8,int,42,63.1006,157.15036,84544,84717,173
100,0,blank,0,1.58457999999999,153.83766,84717,84889,172
100,0,blank,0,32.5531,149.21922,84889,85064,175
100,8,=,44,107.3614,159.66764,85064,85240,176
100,0,blank,0,123.6467,165.81644,85240,85413,173
100,8,=,44,114.43126,157.56322,85413,85588,175
100,0,blank,0,88.10664,156.14196,85588,85761,173
100,0,blank,0,18.1691,141.28602,85761,85932,171
100,0,blank,0,15.1182,145.76026,85932,86106,174
100,0,blank,0,24.13218,148.44056,86106,86280,174
100,7,int,35,57.34554,153.92336,86280,86453,173
100,8,int,42,63.11308,164.34798,86453,86624,171
100,8,int,42,46.07632,157.81866,86624,86795,171
100,8,int,42,44.9859,163.0855,86795,86830,35
100,0,blank,0,-429,-105,86864,86953,89
100,7,a,36,86.7915,153.110266666667,87112,87306,194
100,0,blank,0,27.968,154.12282,87306,87479,173
100,0,blank,0,30.50156,153.5533,87479,87648,169
100,0,blank,0,81.5906666666667,152.3526,87648,87844,196
100,7,=,37,105.47705,154.883283333333,87844,88041,197
100,0,blank,0,122.50104,154.0399,88041,88210,169
100,8,(,45,128.5594,165.33502,88210,88381,171
100,8,n,46,136.21312,165.85776,88381,88553,172
100,0,blank,0,144.83616,169.60854,88553,88727,174
100,0,blank,0,124.93616,172.22498,88727,88905,178
100,8,(,45,127.15692,168.5523,88905,89088,183
100,0,blank,0,122.26812,166.32006,89088,89266,178
100,0,blank,0,79.1627,163.56514,89266,89443,177
100,8,int,42,51.66415,162.9554,89443,89585,142
100,0,blank,0,29.5909,163.7599,89585,89839,254
100,8,int,42,50.51124,164.714,89839,90011,172
100,8,int,42,66.14344,164.90862,90011,90189,178
100,8,int,42,60.57258,161.43462,90189,90367,178
100,0,blank,0,35.96918,162.64756,90367,90541,174
100,0,blank,0,39.66708,178.19172,90541,90714,173
100,0,blank,0,93.6324,179.6038,90714,90886,172
100,0,blank,0,92.41096,178.23434,90886,91062,176
100,0,blank,0,8.05592,153.44992,91062,91234,172
100,0,blank,0,-40.84566,149.57926,91234,91401,167
100,0,blank,0,-27.8894,148.27976,91401,91568,167
100,8,int,42,58.00568,171.76804,91568,91735,167
100,8,b,43,93.33732,176.04212,91735,91910,175
100,0,blank,0,99.6685,178.7708,91910,92086,176
100,0,blank,0,42.04578,157.10714,92086,92262,176
100,0,blank,0,24.1089,155.00026,92262,92435,173
100,0,blank,0,1.65439999999999,151.99774,92435,92606,171
100,0,blank,0,5.36262,148.60578,92606,92777,171
100,0,blank,0,-0.825259999999992,153.49714,92777,92952,175
100,0,blank,0,-7.25688,153.30914,92952,93127,175
100,0,blank,0,12.80182,158.43308,93127,93300,173
100,0,blank,0,17.9381,157.03168,93300,93474,174
100,0,blank,0,19.9701,154.9449,93474,93646,172
100,0,blank,0,-0.954539999999997,157.83626,93646,93816,170
100,0,blank,0,-11.9742,154.41598,93816,93984,168
100,0,blank,0,-15.54886,152.17946,93984,94156,172
100,0,blank,0,-11.28218,149.21018,94156,94331,175
100,0,blank,0,-3.61639999999999,149.23046,94331,94507,176
100,0,blank,0,-15.31474,152.2953,94507,94679,172
100,0,blank,0,-20.2224,158.08414,94679,94849,170
100,0,blank,0,-19.7622,161.42292,94849,95019,170
100,0,blank,0,-20.5653,157.07854,95019,95188,169
100,0,blank,0,-9.18484,156.10318,95188,95357,169
100,0,blank,0,9.59642,152.55552,95357,95527,170
100,0,blank,0,11.21922,156.03028,95527,95694,167
100,0,blank,0,-18.28548,163.95022,95694,95867,173
100,0,blank,0,-25.57935,165.27415,95867,95937,70
100,0,blank,0,101.27428,256.36658,95972,96143,171
100,0,blank,0,130.0891,294.204375,96143,96282,139
100,0,blank,0,-12.41538,171.14114,96317,96488,171
100,0,blank,0,-10.41116,155.29022,96488,96661,173
100,0,blank,0,13.49612,109.4406,96661,96827,166
100,0,blank,0,19.41152,89.51088,96827,96998,171
100,0,blank,0,6.44108000000001,138.54454,96998,97167,169
100,0,blank,0,5.31362000000001,151.69634,97167,97335,168
100,0,blank,0,14.82905,155.833566666667,97335,97534,199
100,0,blank,0,22.78928,154.07186,97534,97707,173
100,0,blank,0,6.91656,153.50788,97707,97880,173
100,0,blank,0,6.55084000000001,156.29526,97880,98057,177
100,0,blank,0,22.963675,156.63215,98057,98197,140
100,0,blank,0,-429,-105,98233,98295,62
100,0,blank,0,-2.84350000000001,-103.838,98321,98347,26
100,0,blank,0,-5.77020000000002,122.2006,98497,98685,188
100,7,int,35,44.0521,142.2874,98685,98838,153
100,0,blank,0,32.7062,148.9147,98838,99006,168
100,0,blank,0,30.941525,137.629,99006,99194,188
100,0,blank,0,101.713525,151.162025,99194,99384,190
100,7,=,37,110.870025,146.812025,99384,99577,193
100,0,blank,0,100.20395,150.814575,99577,99761,184
100,7,=,37,104.80772,152.63192,99761,99930,169
100,8,=,44,108.25746,165.5909,99930,100103,173
100,9,(,62,100.8406,192.85176,100103,100273,170
100,0,blank,0,120.1302,280.50498,100273,100443,170
100,0,blank,0,119.28808,294.15092,100443,100618,175
100,0,blank,0,101.43874,214.22766,100618,100792,174
100,8,b,43,89.18264,168.68458,100792,100959,167
100,8,=,44,106.30882,160.64058,100959,101127,168
100,8,=,44,103.7363,158.2792,101127,101161,34
100,0,blank,0,-17.33128,147.12766,101195,101364,169
100,13,main,97,86.73512,269.88516,101398,101573,175
100,13,),99,110.28032,287.01762,101573,101749,176
100,0,blank,0,123.6079,292.1321,101749,101853,104
100,0,blank,0,-3.67498000000001,178.75834,101890,102063,173
100,0,blank,0,-3.88522,150.88958,102063,102232,169
100,0,blank,0,0.698540000000003,154.5195,102232,102402,170
100,0,blank,0,19.07114,153.90152,102402,102572,170
100,0,blank,0,19.3348,158.01094,102572,102739,167
100,0,blank,0,24.50698,163.9892,102739,102908,169
100,0,blank,0,27.67085,170.86025,102908,102977,69
100,0,blank,0,138.83464,294.56816,103011,103186,175
100,0,blank,0,137.60264,298.1468,103186,103367,181
100,13,main,97,85.3574,274.9165,103367,103403,36
100,0,blank,0,17.30914,173.09372,103439,103610,171
100,0,blank,0,19.4086,167.56158,103610,103780,170
100,8,int,42,52.46206,161.232,103780,103946,166
100,8,int,42,60.9676,163.40698,103946,104116,170
100,7,=,37,108.42224,154.01742,104116,104287,171
100,0,blank,0,97.24584,161.2739,104287,104459,172
100,8,b,43,90.10006,169.87782,104459,104630,171
100,8,int,42,70.93656,166.41436,104630,104802,172
100,0,blank,0,13.32212,160.38058,104802,104974,172
100,0,blank,0,-19.12714,158.13338,104974,105148,174
100,0,blank,0,-4.19148000000001,160.41602,105148,105318,170
100,0,blank,0,15.29398,158.19482,105318,105492,174
100,7,a,36,87.3901,152.07808,105492,105663,171
100,0,blank,0,77.70298,156.9931,105663,105834,171
100,8,int,42,66.7549,161.02102,105834,106008,174
100,7,int,35,69.15428,154.06762,106008,106182,174
100,8,int,42,53.28148,158.81552,106182,106356,174
100,8,int,42,51.44602,159.27902,106356,106530,174
100,8,int,42,59.63948,161.99124,106530,106701,171
100,8,int,42,46.18504,169.52526,106701,106873,172
100,0,blank,0,21.45974,179.2405,106873,107049,176
100,0,blank,0,-4.29748000000001,187.18082,107049,107219,170
100,0,blank,0,-16.5674,191.9758,107219,107253,34
100,0,blank,0,98.24532,176.1606,107289,107457,168
100,0,blank,0,80.201,169.76114,107457,107626,169
100,0,blank,0,15.4133833333333,151.4492,107626,107825,199
100,7,int,35,44.1174,153.0297,107825,108021,196
100,7,a,36,93.6216166666667,152.916266666667,108021,108220,199
100,7,=,37,105.16634,151.45852,108220,108386,166
100,0,blank,0,108.51162,156.9301,108386,108554,168
100,0,blank,0,121.112816666667,159.246916666667,108554,108752,198
100,8,(,45,130.554,157.0836,108752,108948,196
100,8,b,43,88.2804666666667,157.495333333333,108948,109144,196
100,0,blank,0,90.8093333333333,155.12385,109144,109342,198
100,0,blank,0,116.32075,153.4885,109342,109539,197
100,7,n,38,130.420766666667,153.2797,109539,109734,195
100,0,blank,0,116.27965,151.543933333333,109734,109929,195
100,0,blank,0,107.960566666667,155.651983333333,109929,110125,196
100,8,=,44,108.965533333333,160.324433333333,110125,110320,195
100,0,blank,0,81.9154666666667,156.926966666667,110320,110516,196
100,8,int,42,59.2291833333333,159.185066666667,110516,110715,199
100,0,blank,0,38.72788,162.20384,110715,110883,168
100,0,blank,0,45.01298,156.51542,110883,111051,168
100,7,=,37,106.03374,152.64626,111051,111217,166
100,0,blank,0,124.3451,155.0702,111217,111387,170
100,0,blank,0,144.3917,157.90954,111387,111554,167
100,0,blank,0,145.75488,158.25008,111554,111720,166
100,8,=,44,113.2456,162.8175,111720,111890,170
100,8,b,43,92.18924,161.00022,111890,112059,169
100,8,=,44,105.561,165.2212,112059,112232,173
100,0,blank,0,115.00722,167.75978,112232,112405,173
100,8,=,44,114.18556,166.41474,112405,112573,168
100,0,blank,0,102.39708,166.27012,112573,112742,169
100,0,blank,0,41.19918,171.18938,112742,112920,178
100,0,blank,0,39.62646,170.22482,112920,113098,178
100,8,int,42,49.16232,169.13998,113098,113273,175
100,8,=,44,103.6818,162.74544,113273,113444,171
100,0,blank,0,97.7857166666666,167.122,113444,113643,199
100,8,int,42,55.09136,162.68094,113643,113817,174
100,0,blank,0,28.09612,163.86302,113817,113988,171
100,0,blank,0,-4.10652,154.6995,113988,114160,172
100,0,blank,0,-33.4638,161.40234,114160,114333,173
100,0,blank,0,-30.2314,153.86642,114333,114503,170
100,0,blank,0,-1.97873999999999,140.67724,114503,114673,170
100,0,blank,0,-1.47964,145.749,114673,114846,173
100,0,blank,0,1.43714,146.74974,114846,115015,169
100,0,blank,0,-5.65778333333333,146.519116666667,115015,115213,198
100,0,blank,0,-18.9138666666667,152.334233333333,115213,115410,197
100,0,blank,0,-28.7752,152.95634,115410,115579,169
100,0,blank,0,-24.19645,153.77465,115579,115648,69
100,0,blank,0,-429,-105,115681,115876,195
100,0,blank,0,6.04558333333334,149.945366666667,115904,116089,185
100,0,blank,0,9.09396,146.94556,116089,116257,168
100,0,blank,0,18.6027,145.699583333333,116257,116456,199
100,0,blank,0,-1.58969999999999,146.271966666667,116456,116655,199
100,0,blank,0,-15.5134833333333,149.6042,116655,116849,194
100,0,blank,0,-6.95316666666668,152.417566666667,116849,117046,197
100,0,blank,0,10.3748166666667,162.582166666667,117046,117245,199
100,0,blank,0,-8.62915999999999,151.17478,117245,117417,172
100,0,blank,0,-10.89742,151.8015,117417,117589,172
100,0,blank,0,-23.1326,153.90416,117589,117764,175
100,0,blank,0,-20.49036,153.80134,117764,117938,174
100,0,blank,0,-21.0531,160.7521,117938,117973,35
100,0,blank,0,-429,-105,118008,118121,113
100,0,blank,0,-18.3976,140.8045,118162,118213,51
100,0,blank,0,-18.2429333333333,145.276933333333,118308,118502,194
100,0,blank,0,-19.2522,146.89824,118502,118673,171
100,0,blank,0,6.72872,144.4109,118673,118840,167
100,0,blank,0,17.6341,143.97315,118840,118932,92
100,0,blank,0,11.4349,147.5332,118932,119044,112
100,0,blank,0,18.8513,147.9841,119044,119134,90
100,0,blank,0,-4.3707,154.42625,119134,119308,174
100,7,int,35,50.8809,148.52628,119308,119488,180
100,7,int,35,54.00896,152.81366,119488,119662,174
100,0,blank,0,92.14274,156.59076,119662,119839,177
100,8,b,43,92.49134,161.9833,119839,120019,180
100,0,blank,0,96.61126,161.41872,120019,120198,179
100,0,blank,0,122.11778,165.99602,120198,120369,171
100,8,=,44,110.6053,165.19166,120369,120540,171
100,0,blank,0,24.24086,165.56228,120540,120713,173
100,0,blank,0,-17.30406,159.95228,120713,120886,173
100,0,blank,0,-17.36445,160.35805,120886,120958,72
100,0,blank,0,-429,-105,121028,121086,58
100,0,blank,0,27.6178,-103.8819,121112,121138,26
100,0,blank,0,31.639625,145.037775,121305,121477,172
100,0,blank,0,18.8118,166.73385,121477,121676,199
100,7,int,35,53.17365,149.219575,121676,121868,192
100,0,blank,0,14.384875,154.547275,121868,122065,197
100,0,blank,0,21.8311,146.416933333333,122065,122214,149
100,7,a,36,89.68466,143.42282,122214,122403,189
100,7,=,37,110.855,139.85308,122403,122576,173
100,0,blank,0,141.78686,138.00298,122576,122747,171
100,7,%,39,150.7305,140.250325,122747,122884,137
100,7,10,40,180.03202,142.55192,122884,123080,196
100,7,=,37,113.19336,146.59194,123080,123258,178
100,7,int,35,70.00354,147.34504,123258,123430,172
100,7,int,35,68.2298,149.51585,123430,123571,141
100,7,;,41,186.95354,141.95446,123605,123781,176
100,0,blank,0,195.2851,140.31892,123781,123959,178
100,0,blank,0,202.41554,147.06216,123959,124133,174
100,0,blank,0,214.66718,140.68204,124133,124308,175
100,0,blank,0,225.952033333333,147.194533333333,124308,124411,103
100,7,a,36,93.78236,149.16978,124444,124615,171
100,0,blank,0,96.56056,146.6714,124615,124792,177
100,0,blank,0,96.57412,145.75202,124792,124963,171
100,0,blank,0,136.78238,145.50816,124963,125137,174
100,0,blank,0,202.00938,139.47162,125137,125306,169
100,0,blank,0,195.1581,149.18838,125306,125478,172
100,7,10,40,176.78878,153.48652,125478,125652,174
100,0,blank,0,136.00404,150.66744,125652,125826,174
100,7,%,39,151.65752,151.78992,125826,125997,171
100,8,),49,194.53396,165.60644,125997,126173,176
100,8,%,50,215.32474,164.79734,126173,126348,175
100,8,10,51,190.84984,162.01662,126348,126520,172
100,8,(,45,125.29306,160.53438,126520,126691,171
100,0,blank,0,228.47602,160.81596,126691,126863,172
100,0,blank,0,217.72148,155.12178,126863,127035,172
100,0,blank,0,37.69862,181.80826,127069,127240,171
100,0,blank,0,19.42614,165.61564,127240,127412,172
100,0,blank,0,6.34560000000001,149.051333333333,127412,127611,199
100,0,blank,0,11.61526,127.68704,127611,127784,173
100,0,blank,0,12.31924,126.70768,127784,127954,170
100,0,blank,0,57.49702,127.63922,127954,128125,171
100,0,blank,0,27.50434,126.8544,128125,128295,170
100,0,blank,0,71.61506,119.3241,128295,128467,172
100,6,return,32,107.4363,119.74456,128467,128635,168
100,6,;,34,165.77374,118.71942,128635,128805,170
100,6,0,33,162.32906,119.25114,128805,128973,168
100,0,blank,0,173.03866,122.06734,128973,129141,168
100,0,blank,0,196.5222,126.19274,129141,129312,171
100,0,blank,0,212.59606,148.0409,129312,129481,169
100,8,10,51,237.4344,163.6372,129481,129515,34
100,9,if,53,72.57562,196.43918,129549,129724,175
100,0,blank,0,119.07476,193.7787,129724,129893,169
100,9,&&,65,130.00848,189.37494,129893,130065,172
100,9,),68,201.8093,195.0247,130065,130238,173
100,9,&&,65,233.14214,190.21834,130238,130406,168
100,9,(,62,249.24424,191.90706,130406,130574,168
100,9,&&,65,131.29234,189.9198,130574,130742,168
100,9,&&,65,127.95602,190.21192,130742,130911,169
100,0,blank,0,215.90204,189.03896,130911,131083,172
100,9,!,63,262.9736,190.38432,131083,131252,169
100,9,(,62,246.30184,196.3527,131252,131423,171
100,0,blank,0,118.12186,204.37276,131423,131596,173
100,11,*,86,146.03018,242.71388,131596,131769,173
100,0,blank,0,169.01415,270.4878,131769,131907,138
100,0,blank,0,82.76672,209.25014,131942,132122,180
100,0,blank,0,94.80482,204.06584,132122,132306,184
100,0,blank,0,114.32626,197.25074,132306,132483,177
100,0,blank,0,114.79812,196.47122,132483,132655,172
100,0,blank,0,119.01586,199.707,132655,132830,175
100,9,!,63,170.72922,192.8355,132830,133002,172
100,9,!,63,171.97628,191.71894,133002,133182,180
100,8,),49,198.46418,160.70438,133182,133358,176
100,8,10,51,251.72646,158.50138,133358,133538,180
100,0,blank,0,288.37878,161.66986,133538,133705,167
100,0,blank,0,330.91216,164.35326,133705,133875,170
100,0,blank,0,371.98342,161.80304,133875,134044,169
100,0,blank,0,380.235933333333,160.436666666667,134044,134147,103
100,0,blank,0,200.70552,153.71248,134181,134356,175
100,0,blank,0,268.51132,154.21532,134356,134530,174
100,8,10,51,235.30632,161.22364,134530,134704,174
100,8,%,50,223.84184,169.7248,134704,134875,171
100,0,blank,0,183.63908,180.41556,134875,135046,171
100,9,&&,65,133.37214,189.11328,135046,135219,173
100,9,(,62,97.02368,189.79016,135219,135393,174
100,0,blank,0,117.70664,185.07332,135393,135569,176
100,8,10,51,174.85288,175.14658,135569,135744,175
100,8,10,51,175.27022,172.32668,135744,135925,181
100,9,&&,65,131.81486,189.36102,135925,136102,177
100,0,blank,0,121.87924,191.22018,136102,136279,177
100,0,blank,0,120.73978,189.6715,136279,136458,179
100,9,&&,65,160.71176,188.89124,136458,136641,183
100,9,),68,210.886,189.99156,136641,136823,182
100,9,&&,65,236.9534,191.77038,136823,137001,178
100,8,),49,194.29684,160.57936,137001,137177,176
100,7,;,41,186.47808,153.39714,137177,137359,182
100,7,10,40,182.8864,149.01945,137359,137435,76
100,0,blank,0,256.05408,297.93186,137468,137648,180
100,0,blank,0,208.06328,284.56978,137648,137827,179
100,10,return,69,161.1252,203.79434,137827,137999,172
100,0,blank,0,120.20662,114.28704,137999,138167,168
100,0,blank,0,98.87246,113.2101,138167,138336,169
100,6,return,32,86.50184,123.14094,138336,138506,170
100,7,a,36,86.6114,142.46842,138506,138677,171
100,7,a,36,87.42998,141.558,138677,138851,174
100,7,%,39,150.52396,143.45518,138851,139022,171
100,7,10,40,169.12288,146.49772,139022,139190,168
100,7,10,40,173.511766666667,145.2473,139190,139310,120
100,7,a,36,89.0667999999999,154.9377,139310,139422,112
100,0,blank,0,98.1033,160.894,139422,139532,110
100,0,blank,0,34.42085,153.00885,139532,139699,167
100,0,blank,0,29.64594,144.79028,139699,139882,183
100,7,a,36,90.34656,147.80652,139882,140061,179
100,0,blank,0,135.62202,147.88242,140061,140236,175
100,0,blank,0,135.37962,146.58168,140236,140407,171
100,7,10,40,165.12724,140.0612,140407,140579,172
100,7,10,40,170.53168,142.99056,140579,140754,175
100,0,blank,0,192.72726,142.04282,140754,140926,172
100,7,%,39,150.31096,144.72186,140926,141099,173
100,7,;,41,186.26842,137.89586,141099,141266,167
100,0,blank,0,197.49572,133.5705,141266,141435,169
100,0,blank,0,203.37098,140.13986,141435,141604,169
100,0,blank,0,202.3842,140.67855,141604,141672,68
100,7,a,36,88.59776,140.57846,141705,141877,172
100,7,a,36,92.95852,142.7616,141877,142047,170
100,7,=,37,114.93132,142.73648,142047,142218,171
100,0,blank,0,146.7158,134.37882,142218,142389,171
100,0,blank,0,156.01884,134.19718,142389,142561,172
100,7,10,40,181.36302,139.69308,142561,142732,171
100,0,blank,0,195.98316,137.96062,142732,142902,170
100,0,blank,0,205.43312,138.4806,142902,143072,170
100,0,blank,0,193.3917,141.9202,143072,143270,198
100,7,10,40,182.36388,148.42318,143270,143439,169
100,7,%,39,146.31862,145.94556,143439,143608,169
100,0,blank,0,135.76202,145.17014,143608,143776,168
100,7,;,41,185.729883333333,139.593883333333,143776,143975,199
100,7,;,41,184.60612,141.24504,143975,144145,170
100,7,%,39,149.67696,138.9595,144145,144312,167
100,7,n,38,127.43484,137.37926,144312,144481,169
100,7,=,37,106.23256,142.02668,144481,144656,175
100,0,blank,0,75.01866,141.7911,144656,144827,171
100,0,blank,0,74.09302,139.98206,144827,144998,171
100,7,a,36,85.24076,142.47394,144998,145173,175
100,0,blank,0,104.18458,135.41124,145173,145345,172
100,0,blank,0,74.49664,137.50458,145345,145517,172
100,0,blank,0,75.53388,139.04998,145517,145692,175
100,7,%,39,145.76834,138.03428,145692,145862,170
100,0,blank,0,173.8501,133.400566666667,145862,146061,199
100,0,blank,0,188.37252,135.96868,146061,146226,165
100,0,blank,0,157.79946,138.6351,146226,146399,173
100,7,a,36,88.69318,140.72768,146399,146567,168
100,7,a,36,84.28432,145.92792,146567,146743,176
100,7,=,37,104.42654,144.41896,146743,146915,172
100,7,n,38,127.88046,147.62044,146915,147084,169
100,7,=,37,114.0364,149.17536,147084,147259,175
100,7,=,37,106.70682,148.21742,147259,147434,175
100,7,a,36,86.06274,148.2279,147434,147608,174
100,7,a,36,90.1117,148.53096,147608,147781,173
100,7,%,39,145.50776,145.35876,147781,147955,174
100,7,;,41,189.48646,139.62078,147955,148128,173
100,0,blank,0,192.17796,136.65422,148128,148297,169
100,0,blank,0,201.45896,135.03574,148297,148469,172
100,0,blank,0,201.81196,138.23168,148469,148638,169
100,7,10,40,180.19764,139.75382,148638,148812,174
100,10,return,69,176.90242,205.8399,148812,148987,175
100,0,blank,0,192.7178,201.37674,148987,149160,173
100,9,),68,207.80702,189.6823,149160,149329,169
100,9,a,64,111.91718,186.04314,149329,149499,170
100,0,blank,0,141.02,230.81728,149499,149669,170
100,0,blank,0,182.83066,284.3348,149669,149839,170
100,0,blank,0,184.4813,286.61086,149839,150013,174
100,7,%,39,152.15704,154.59326,150049,150220,171
100,7,10,40,175.2391,139.9641,150220,150417,197
100,7,10,40,181.62664,138.92596,150417,150586,169
100,7,a,36,87.8762,138.9382,150586,150757,171
100,0,blank,0,78.23894,139.42428,150757,150936,179
100,0,blank,0,78.50362,139.49938,150936,151117,181
100,7,a,36,91.26544,144.80794,151117,151297,180
100,0,blank,0,136.61394,148.63668,151297,151470,173
100,7,10,40,170.63016,151.29658,151470,151641,171
100,7,;,41,191.00132,152.06096,151641,151815,174
100,7,;,41,190.16754,154.30036,151815,151992,177
100,0,blank,0,200.0608,148.63982,151992,152165,173
100,0,blank,0,205.85066,146.3435,152165,152336,171
100,0,blank,0,206.51618,147.37716,152336,152507,171
100,0,blank,0,192.32498,141.95258,152507,152682,175
100,7,;,41,188.96194,146.69828,152682,152854,172
100,7,;,41,189.4955,144.64106,152854,153029,175
100,0,blank,0,217.64668,141.35934,153029,153198,169
100,0,blank,0,211.45386,147.15368,153198,153371,173
100,7,;,41,190.23886,149.9889,153371,153542,171
100,7,10,40,183.76124,148.91888,153542,153715,173
100,7,;,41,189.29674,143.97696,153715,153887,172
100,0,blank,0,192.221,141.0551,153887,154060,173
100,7,10,40,177.01692,145.0573,154060,154232,172
100,7,10,40,180.6468,144.949,154232,154408,176
100,0,blank,0,192.54876,139.15882,154408,154581,173
100,0,blank,0,205.4888,138.890875,154581,154718,137
100,0,blank,0,-429,-105,154752,154934,182
100,0,blank,0,-429,-105,154934,154984,50
100,7,;,41,191.52306,138.95672,155021,155191,170
100,0,blank,0,191.6013,132.173133333333,155191,155390,199
100,0,blank,0,195.592183333333,123.412833333333,155390,155584,194
100,0,blank,0,206.515083333333,134.521366666667,155584,155779,195
100,0,blank,0,189.91646,132.99676,155779,155946,167
100,0,blank,0,177.16044,135.1011,155946,156119,173
100,7,10,40,174.07212,143.43742,156119,156292,173
100,0,blank,0,209.95832,142.38122,156292,156460,168
100,0,blank,0,210.85558,137.61558,156460,156628,168
100,0,blank,0,212.5859,146.29698,156628,156798,170
100,7,%,39,154.02096,154.3921,156798,156967,169
100,7,a,36,92.13324,151.82042,156967,157146,179
100,0,blank,0,94.16986,151.46446,157146,157324,178
100,7,%,39,143.1144,137.21924,157324,157500,176
100,0,blank,0,176.29916,130.2905,157500,157669,169
100,0,blank,0,179.435,134.60724,157669,157841,172
100,7,10,40,175.07648,136.035,157841,158014,173
100,0,blank,0,118.8119,136.86228,158014,158188,174
100,0,blank,0,82.78238,136.04946,158188,158360,172
100,7,a,36,86.47384,140.20642,158360,158532,172
100,6,0,33,159.02868,130.89698,158532,158701,169
100,0,blank,0,176.36594,133.37724,158701,158871,170
100,7,n,38,125.69176,137.52878,158871,159042,171
100,7,=,37,106.98418,137.599,159042,159214,172
100,0,blank,0,148.35492,134.18436,159214,159390,176
100,0,blank,0,175.79924,135.98132,159390,159561,171
100,7,10,40,183.501275,138.45685,159561,159724,163
100,0,blank,0,206.9986,145.6408,159724,159845,121
100,0,blank,0,204.8267,141.2915,159845,159965,120
100,0,blank,0,216.970025,139.6915,159965,160154,189
100,0,blank,0,196.167,140.852466666667,160154,160353,199
100,7,10,40,179.400216666667,137.798266666667,160353,160552,199
100,7,10,40,169.97112,140.44614,160552,160718,166
100,7,10,40,182.24662,139.66088,160718,160885,167
100,7,;,41,185.65176,141.25652,160885,161053,168
100,0,blank,0,210.913366666667,139.743283333333,161053,161252,199
100,7,a,36,89.52924,140.22404,161287,161459,172
100,7,a,36,88.62922,143.25064,161459,161629,170
100,7,int,35,54.2541,144.31304,161629,161799,170
100,7,int,35,50.70874,142.46496,161799,161970,171
100,0,blank,0,38.50452,143.18526,161970,162143,173
100,0,blank,0,35.36526,145.77462,162143,162319,176
100,7,int,35,43.32772,147.86824,162319,162494,175
100,0,blank,0,78.60412,142.99786,162494,162663,169
100,0,blank,0,75.2327,141.53958,162663,162837,174
100,0,blank,0,140.38764,142.29956,162837,163013,176
100,0,blank,0,162.5266,142.76066,163013,163181,168
100,7,10,40,163.51502,139.47026,163181,163349,168
100,7,10,40,163.63828,142.00964,163349,163519,170
100,7,10,40,170.69362,147.58476,163519,163686,167
100,7,10,40,166.37344,141.17348,163686,163858,172
100,7,10,40,180.93112,147.85608,163858,164027,169
100,0,blank,0,208.49802,139.85804,164027,164194,167
100,7,10,40,163.003275,143.6255,164194,164329,135
100,0,blank,0,33.6459,142.06968,164364,164536,172
100,7,int,35,70.71702,136.76518,164536,164711,175
100,6,return,32,88.08594,132.4612,164711,164889,178
100,6,return,32,97.8149,132.02692,164889,165060,171
100,0,blank,0,97.22088,133.5214,165060,165229,169
100,0,blank,0,-429,-105,165296,165416,120
100,9,&&,65,128.40605,187.119566666667,165452,165638,186
100,0,blank,0,77.44582,194.92964,165638,165806,168
100,0,blank,0,78.54154,189.55278,165806,165973,167
100,9,a,64,104.088766666667,183.6182,165973,166171,198
100,8,n,46,137.583316666667,176.71945,166171,166368,197
100,9,),68,204.98504,185.38724,166368,166538,170
100,9,&&,65,240.842883333333,187.389966666667,166538,166736,198
100,9,!,63,269.958833333333,184.6341,166736,166935,199
100,9,!,63,262.987275,184.48965,166935,167069,134
100,9,&&,65,142.335,187.56872,167103,167276,173
100,9,a,64,113.79904,192.71726,167276,167446,170
100,9,a,64,109.90878,193.11396,167446,167619,173
100,9,a,64,106.8721,198.3413,167619,167652,33
100,9,(,62,251.90956,197.31586,167686,167860,174
100,11,binary_to_gray,87,217.6427,240.09268,167860,168031,171
100,0,blank,0,200.20242,280.73484,168031,168203,172
100,0,blank,0,201.51615,284.6422,168203,168274,71
100,0,blank,0,99.8637,211.78612,168308,168503,195
100,0,blank,0,41.2231,183.43874,168503,168680,177
100,0,blank,0,3.43430000000001,180.85654,168680,168858,178
100,0,blank,0,3.48595,178.67785,168858,168925,67
100,5,if,27,45.8552,110.82398,169695,169885,190
100,9,(,62,86.66996,182.3734,169885,170061,176
100,9,if,53,72.11554,187.50774,170061,170236,175
100,9,if,53,70.012,192.9578,170236,170341,105
100,9,(,62,248.58112,198.38342,170377,170555,178
100,10,10,79,248.1116,202.1382,170555,170586,31
100,0,blank,0,93.62808,195.38026,170620,170795,175
100,9,(,62,91.30668,192.89932,170795,170973,178
100,9,!,63,173.33954,195.3862,170973,171149,176
100,9,&&,65,129.37236,195.63544,171149,171327,178
100,0,blank,0,119.53718,191.20512,171327,171505,178
100,0,blank,0,222.4234,194.31578,171505,171683,178
100,0,blank,0,237.15514,210.9999,171683,171858,175
100,0,blank,0,185.11516,278.25904,171858,172036,178
100,0,blank,0,196.42306,290.16732,172036,172211,175
100,0,blank,0,84.9344,84.10008,172248,172419,171
100,0,blank,0,88.00376,83.96044,172419,172591,172
100,0,blank,0,82.63398,82.67206,172591,172761,170
100,0,blank,0,68.42686,83.94648,172761,172938,177
100,0,blank,0,67.02504,84.43798,172938,173109,171
100,0,blank,0,69.8977,93.2324,173109,173144,35
100,0,blank,0,53.4457,257.20462,173212,173379,167
100,13,main,97,55.66176,275.3423,173379,173562,183
100,0,blank,0,54.07186,307.29712,173562,173735,173
100,0,blank,0,132.1024,308.33292,173735,173913,178
100,0,blank,0,144.25498,301.69322,173913,174091,178
100,0,blank,0,212.08702,286.9999,174091,174266,175
100,0,blank,0,279.92516,307.18546,174266,174444,178
100,0,blank,0,283.20508,311.8683,174444,174625,181
100,0,blank,0,341.64166,314.90236,174625,174806,181
100,0,blank,0,237.4375,330.74956,174806,174985,179
100,15,binary_number,102,216.435925,326.292225,174985,175129,144
100,8,/,47,156.74992,175.66862,175165,175343,178
100,8,/,47,158.36062,175.39474,175343,175522,179
100,8,10,51,177.54854,177.1261,175522,175698,176
100,9,!,63,165.51868,184.0065,175698,175877,179
100,9,&&,65,130.99538,193.41196,175877,176055,178
100,9,&&,65,155.96702,197.32082,176055,176232,177
100,9,),68,212.82768,189.61112,176232,176408,176
100,9,&&,65,225.6558,193.4782,176408,176581,173
100,0,blank,0,255.80336,197.84946,176581,176756,175
100,10,10,79,257.88615,201.553,176756,176828,72
100,0,blank,0,48.76472,205.16704,176863,177045,182
100,9,a,64,103.09074,189.20762,177045,177224,179
100,9,),68,202.15828,184.32188,177224,177397,173
100,0,blank,0,279.19985,178.951425,177397,177535,138
100,6,return,32,129.38238,126.4069,177570,177742,172
100,0,blank,0,217.6293,301.18216,177778,177951,173
100,0,blank,0,213.54178,263.60846,177951,178123,172
100,9,&&,65,232.763075,188.15715,178123,178262,139
100,9,(,62,101.46472,183.4671,178296,178466,170
100,0,blank,0,185.3123,263.1526,178466,178636,170
100,0,blank,0,199.4758,279.24034,178636,178811,175
100,0,blank,0,198.27606,285.7899,178811,178987,176
100,0,blank,0,199.78898,284.28488,178987,179166,179
100,0,blank,0,205.9577,290.69376,179166,179342,176
100,0,blank,0,208.21956,294.88076,179342,179520,178
100,0,blank,0,209.13306,292.6634,179520,179696,176
100,0,blank,0,192.79656,269.5667,179696,179873,177
100,10,return,69,151.04854,202.66748,179873,180051,178
100,0,blank,0,117.0297,193.9786,180051,180129,78
100,0,blank,0,133.9333,265.5018,180129,180256,127
100,0,blank,0,251.2224,244.764533333333,180383,180532,149
100,0,blank,0,36.28244,192.09714,180570,180757,187
100,9,if,53,73.0767,182.12184,180757,180937,180
100,0,blank,0,100.89828,168.39774,180937,181113,176
100,8,(,45,129.10796,171.05728,181113,181287,174
100,9,!,63,167.39124,179.2083,181287,181462,175
100,0,blank,0,204.726833333333,178.9457,181462,181566,104
100,0,blank,0,80.36836,182.86268,181600,181775,175
100,0,blank,0,79.3214,181.8571,181775,181847,72
100,9,(,62,243.96328,183.59376,181882,182052,170
100,0,blank,0,289.52574,184.68852,182052,182223,171
100,0,blank,0,258.06984,190.01674,182223,182396,173
100,0,blank,0,218.5878,194.76124,182396,182571,175
100,9,&&,65,145.57128,192.5325,182571,182746,175
100,9,&&,65,140.96835,185.99055,182746,182815,69
100,3,binary_to_gray,21,65.5125,65.24336,182850,183019,169
100,0,blank,0,42.18138,57.60202,183019,183187,168
100,3,int,23,24.44136,53.24086,183187,183357,170
100,3,int,23,22.18336,54.65346,183357,183529,172
100,3,int,23,21.87924,58.80586,183529,183699,170
100,3,int,23,24.29838,55.55382,183699,183872,173
100,3,int,23,26.46144,56.81506,183872,184049,177
100,3,int,23,30.22008,58.77212,184049,184225,176
100,0,blank,0,18.49532,93.69558,184225,184408,183
100,0,blank,0,24.28842,116.1905,184408,184593,185
100,0,blank,0,22.32066,91.4777,184593,184774,181
100,0,blank,0,17.7244,84.93965,184774,184849,75
100,0,blank,0,9.5822,189.52664,184885,185063,178
100,9,if,53,56.99086,188.77498,185063,185241,178
100,9,if,53,65.28294,182.86796,185241,185420,179
100,9,if,53,62.96776,179.70764,185420,185600,180
100,8,int,42,71.61932,176.5125,185600,185779,179
100,0,blank,0,150.57156,177.03588,185779,185955,176
100,0,blank,0,152.63205,175.80535,185955,186026,71
100,0,blank,0,40.76138,115.83634,186061,186233,172
100,3,int,23,24.73894,63.18542,186233,186406,173
100,3,int,23,21.53468,51.19584,186406,186581,175
100,0,blank,0,11.64756,3.56186,186581,186755,174
100,0,blank,0,76.22552,-3.84112,186755,186929,174
100,1,program,4,85.0871,14.5094,186929,186964,35
100,8,int,42,52.12692,162.82824,186999,187178,179
100,0,blank,0,29.01134,69.74756,187178,187362,184
100,3,int,23,31.93136,58.3436,187362,187543,181
100,3,int,23,31.3423,52.33936,187543,187723,180
100,0,blank,0,53.76018,135.0518,187723,187898,175
100,0,blank,0,75.15346,184.30278,187898,188073,175
100,0,blank,0,68.3974,178.77124,188073,188255,182
100,0,blank,0,116.74418,163.4858,188255,188440,185
100,9,&&,65,146.53952,180.88898,188440,188621,181
100,9,a,64,107.5918,186.45646,188621,188802,181
100,9,a,64,108.87972,187.8246,188802,188985,183
100,9,),68,213.40516,184.28922,188985,189166,181
100,9,(,62,243.3321,189.99412,189166,189350,184
100,9,(,62,97.89998,186.10058,189386,189563,177
100,9,&&,65,127.45056,185.61382,189563,189745,182
100,9,),68,198.65508,183.45104,189745,189925,180
100,0,blank,0,255.8886,193.2695,189925,190107,182
100,9,!,63,284.01862,195.32036,190107,190292,185
100,9,a,64,298.02315,196.9563,190292,190361,69
100,7,=,37,103.99845,153.46425,190397,190467,70
100,0,blank,0,-429,-105,190502,190599,97
100,0,blank,0,46.4249,74.197,190638,190690,52
100,0,blank,0,41.8059,68.3514333333333,190762,190961,199
100,0,blank,0,39.33102,47.81896,190961,191136,175
100,0,blank,0,36.79715,47.48275,191136,191204,68
100,0,blank,0,218.88772,178.83016,191239,191414,175
100,9,(,62,252.060975,179.11945,191414,191557,143
100,9,&&,65,140.8952,190.4972,191592,191773,181
100,0,blank,0,220.89586,189.14606,191773,191953,180
100,9,(,62,248.47832,184.69562,191953,192134,181
100,9,!,63,263.428066666667,188.730866666667,192134,192242,108
100,9,&&,65,135.19932,195.89914,192279,192462,183
100,0,blank,0,175.46906,252.25928,192462,192647,185
100,0,blank,0,194.84948,289.81508,192647,192828,181
100,0,blank,0,202.58734,294.8497,192828,193017,189
100,0,blank,0,202.04922,292.78228,193017,193203,186
100,0,blank,0,193.33874,294.91296,193203,193389,186
100,0,blank,0,199.9159,294.56994,193389,193573,184
100,0,blank,0,203.76522,298.52608,193573,193760,187
100,0,blank,0,202.89616,294.66614,193760,193946,186
100,0,blank,0,202.44236,295.05466,193946,194126,180
100,0,blank,0,194.51944,291.97542,194126,194307,181
100,0,blank,0,194.24578,293.6646,194307,194492,185
100,0,blank,0,204.9058,298.05404,194492,194678,186
100,0,blank,0,204.60388,290.2468,194678,194860,182
100,0,blank,0,198.85298,290.30934,194860,195042,182
100,0,blank,0,202.14618,289.8138,195042,195224,182
100,0,blank,0,203.90384,289.61282,195224,195411,187
100,0,blank,0,212.9506,290.31436,195411,195594,183
100,0,blank,0,213.17434,295.05242,195594,195782,188
100,0,blank,0,201.83856,295.80916,195782,195966,184
100,0,blank,0,228.76056,249.96136,195966,196152,186
100,9,!,63,164.81338,187.56108,196152,196333,181
100,0,blank,0,106.73254,201.2106,196333,196524,191
100,0,blank,0,139.46698,246.52942,196524,196702,178
100,0,blank,0,174.37622,282.63804,196702,196882,180
100,0,blank,0,197.5398,293.023033333333,196882,196992,110
100,0,blank,0,-429,-105,197029,197064,35
100,0,blank,0,220.3983,423.5092,197172,197198,26
100,0,blank,0,204.42842,282.63928,197223,197398,175
100,0,blank,0,201.57322,287.19348,197398,197574,176
100,0,blank,0,202.21034,256.38188,197574,197752,178
100,0,blank,0,189.00175,272.64005,197752,197824,72
100,5,(,28,75.89178,104.3323,197862,198031,169
100,0,blank,0,58.6929,86.64578,198031,198199,168
100,0,blank,0,49.33834,68.76736,198199,198367,168
100,0,blank,0,183.8899,295.69448,198402,198578,176
100,0,blank,0,192.18674,285.84446,198578,198758,180
100,0,blank,0,199.44572,288.95766,198758,198938,180
100,0,blank,0,192.56272,291.43156,198938,199123,185
100,0,blank,0,185.7933,285.9525,199123,199306,183
100,0,blank,0,189.7373,291.62628,199306,199488,182
100,0,blank,0,199.83448,300.42782,199488,199674,186
100,0,blank,0,200.6617,300.33162,199674,199861,187
100,0,blank,0,201.46442,296.10736,199861,200045,184
100,0,blank,0,195.53102,294.70746,200045,200229,184
100,0,blank,0,198.32962,289.65512,200229,200412,183
100,0,blank,0,205.7349,289.8618,200412,200592,180
100,0,blank,0,207.9612,291.4062,200592,200726,134
100,0,blank,0,192.601466666667,286.918033333333,200726,200896,170
100,0,blank,0,197.71182,295.99754,200896,201080,184
100,0,blank,0,209.42896,291.82682,201080,201265,185
100,0,blank,0,211.026,292.63682,201265,201451,186
100,0,blank,0,216.3545,296.76796,201451,201637,186
100,0,blank,0,220.0435,295.77026,201637,201822,185
100,0,blank,0,213.95,299.57622,201822,202006,184
100,0,blank,0,211.40504,303.63498,202006,202186,180
100,0,blank,0,210.01318,302.545,202186,202371,185
100,0,blank,0,212.9906,304.38778,202371,202556,185
100,0,blank,0,213.87032,303.53878,202556,202737,181
100,0,blank,0,205.08538,305.5355,202737,202919,182
100,0,blank,0,202.20482,302.10852,202919,203101,182
100,0,blank,0,201.03946,273.86106,203101,203284,183
100,11,binary_to_gray,87,164.4214,229.8114,203284,203462,178
100,0,blank,0,169.38478,263.49074,203462,203648,186
100,0,blank,0,190.11494,290.22384,203648,203828,180
100,0,blank,0,208.77596,292.78308,203828,204004,176
100,0,blank,0,203.97986,289.48226,204004,204180,176
100,0,blank,0,205.93944,294.33126,204180,204355,175
100,0,blank,0,202.6026,298.58586,204355,204525,170
100,0,blank,0,195.3871,296.56,204525,204699,174
100,0,blank,0,196.35352,300.31232,204699,204883,184
100,0,blank,0,200.148,300.98508,204883,205062,179
100,0,blank,0,200.78998,295.69884,205062,205245,183
100,0,blank,0,197.69638,288.71076,205245,205426,181
100,0,blank,0,190.5386,284.3109,205426,205604,178
100,0,blank,0,186.97112,278.91066,205604,205784,180
100,0,blank,0,187.5836,282.1494,205784,205821,37
100,0,blank,0,54.13822,70.18362,205856,206031,175
100,3,binary_to_gray,21,50.67128,62.78248,206031,206202,171
100,0,blank,0,37.14766,47.13744,206202,206373,171
100,0,blank,0,35.61134,46.20204,206373,206544,171
100,0,blank,0,27.9477,44.57878,206544,206712,168
100,0,blank,0,13.90254,46.99616,206712,206881,169
100,0,blank,0,26.5156,46.63936,206881,207052,171
100,3,int,23,26.15322,49.65366,207052,207227,175
100,3,int,23,27.53788,57.1019,207227,207403,176
100,3,int,23,26.7981,55.6163,207403,207580,177
100,3,int,23,26.82746,59.84598,207580,207758,178
100,3,int,23,27.62642,61.01644,207758,207936,178
100,16,binary_to_gray,110,175.54058,335.62544,208007,208183,176
100,0,blank,0,180.78078,300.8198,208183,208362,179
100,0,blank,0,196.03304,281.32936,208362,208542,180
100,0,blank,0,189.04082,276.37098,208542,208719,177
100,0,blank,0,185.52604,283.60522,208719,208897,178
100,0,blank,0,168.31708,288.77816,208897,209075,178
100,0,blank,0,167.053,291.0889,209075,209112,37
100,7,a,36,84.541,151.05756,209146,209326,180
100,7,int,35,73.9129,136.0639,209326,209507,181
100,0,blank,0,50.35982,112.34646,209507,209677,170
100,5,if,27,58.88486,93.37394,209677,209844,167
100,5,if,27,62.8169166666667,93.1815166666667,209844,210043,199
100,0,blank,0,69.146275,99.0002,210043,210175,132
100,0,blank,0,167.60562,278.24746,210208,210381,173
100,0,blank,0,192.65886,286.73792,210381,210579,198
100,0,blank,0,200.0101,287.9967,210579,210615,36
100,10,return,69,129.31216,201.92976,210650,210827,177
100,8,=,44,113.2166,169.8611,210827,211003,176
100,0,blank,0,79.1607,160.15208,211003,211181,178
100,8,int,42,60.09568,171.36368,211181,211356,175
100,9,a,64,104.8962,189.64196,211356,211535,179
100,9,&&,65,134.24522,189.06874,211535,211716,181
100,9,&&,65,125.1373,197.96874,211716,211895,179
100,11,10,91,131.4845,229.02266,211895,212078,183
100,0,blank,0,196.75114,301.92876,212078,212256,178
100,0,blank,0,177.63844,297.50932,212256,212436,180
100,0,blank,0,147.60868,286.06104,212436,212612,176
100,0,blank,0,102.76322,291.9624,212612,212795,183
100,0,blank,0,71.37112,300.18258,212795,212978,183
100,0,blank,0,73.80306,296.95144,212978,213158,180
100,0,blank,0,67.70284,156.78734,213194,213372,178
100,0,blank,0,66.60528,106.4044,213372,213547,175
100,0,blank,0,68.19398,81.4281,213547,213717,170
100,0,blank,0,79.5263666666666,112.6532,213717,213817,100
100,0,blank,0,147.05516,281.62454,213849,214025,176
100,0,blank,0,193.35678,293.27232,214025,214201,176
100,0,blank,0,202.98668,294.62414,214201,214377,176
100,0,blank,0,203.94135,290.19875,214377,214450,73
100,0,blank,0,100.02398,138.31672,214487,214662,175
100,7,a,36,93.3713,149.70216,214662,214835,173
100,8,b,43,85.6218,174.11648,214835,215010,175
100,8,b,43,85.28914,171.84514,215010,215195,185
100,9,&&,65,134.13794,188.83814,215195,215379,184
100,0,blank,0,120.1611,193.24018,215379,215560,181
100,9,&&,65,136.63238,195.20514,215560,215741,181
100,9,),68,211.9553,190.81586,215741,215914,173
100,9,&&,65,233.80252,189.29138,215914,216082,168
100,0,blank,0,261.677366666667,184.499466666667,216082,216186,104
100,0,blank,0,119.98834,183.44224,216218,216391,173
100,0,blank,0,116.074525,179.214425,216391,216532,141
100,0,blank,0,201.53984,283.00048,216567,216741,174
100,0,blank,0,193.16074,286.17646,216741,216914,173
100,0,blank,0,187.2225,291.9874,216914,216949,35
100,5,if,27,61.47728,95.87776,216984,217153,169
100,0,blank,0,54.57276,76.38096,217153,217322,169
100,0,blank,0,40.6061,53.79572,217322,217493,171
100,0,blank,0,23.8988166666667,46.1141,217493,217692,199
100,0,blank,0,67.6767166666667,87.4484333333333,217692,217891,199
100,0,blank,0,68.17702,88.38476,217891,218061,170
100,0,blank,0,91.11638,96.9823,218061,218232,171
100,0,blank,0,116.7833,103.6686,218232,218408,176
100,0,blank,0,135.19144,113.61438,218408,218587,179
100,6,return,32,103.25546,118.41916,218587,218766,179
100,6,return,32,86.33872,124.36482,218766,218948,182
100,5,(,28,80.7298,101.87084,218948,219122,174
100,5,(,28,82.274,99.6101,219122,219293,171
100,0,blank,0,68.57348,101.83416,219293,219462,169
100,5,if,27,54.11522,111.20994,219462,219634,172
100,7,a,36,89.26912,140.12814,219634,219813,179
100,0,blank,0,100.41566,153.29638,219813,219989,176
100,8,(,45,132.08934,165.60672,219989,220170,181
100,8,),49,197.85956,163.72248,220170,220349,179
100,0,blank,0,166.06404,158.16978,220349,220526,177
100,8,10,51,174.87302,157.81504,220526,220698,172
100,0,blank,0,234.466025,152.7523,220698,220864,166
100,11,binary_to_gray,87,227.9935,223.4525,220864,220992,128
100,11,binary_to_gray,87,218.3914,229.2965,220992,221113,121
100,0,blank,0,142.041975,243.4757,221113,221303,190
100,0,blank,0,120.13238,208.24072,221303,221473,170
100,9,&&,65,122.538,184.5961,221473,221506,33
100,9,(,62,249.75252,186.84322,221540,221707,167
100,9,),68,197.87886,187.19438,221707,221876,169
100,9,),68,208.52294,190.66452,221876,222049,173
100,9,),68,214.5795,179.59394,222049,222218,169
100,7,=,37,105.79514,153.69512,222218,222392,174
100,0,blank,0,94.91726,139.47312,222392,222568,176
100,0,blank,0,55.12306,77.93658,222568,222736,168
100,0,blank,0,42.4896166666667,72.54015,222736,222935,199
100,3,int,23,29.1691,61.34292,222935,223106,171
100,3,int,23,26.335,62.60838,223106,223276,170
100,3,int,23,22.91478,49.5381,223276,223445,169
100,0,blank,0,21.1637,45.9371,223445,223618,173
100,3,int,23,18.902075,50.78995,223618,223756,138
100,0,blank,0,126.4179,245.1019,223791,223969,178
100,0,blank,0,147.07398,275.65832,223969,224152,183
100,0,blank,0,185.2327,285.38756,224152,224336,184
100,0,blank,0,189.11786,280.89334,224336,224517,181
100,0,blank,0,181.49348,279.36774,224517,224695,178
100,0,blank,0,185.3429,278.68126,224695,224872,177
100,8,n,46,133.740366666667,171.5249,224908,225016,108
100,3,int,23,28.03924,57.92692,225051,225224,173
100,3,int,23,21.5695,58.3874,225224,225397,173
100,0,blank,0,-1.87962,54.74996,225397,225571,174
100,0,blank,0,10.07546,108.11638,225571,225746,175
100,0,blank,0,15.37266,125.34686,225746,225924,178
100,0,blank,0,25.35818,178.4967,225924,226104,180
100,9,(,62,85.2556,187.77362,226104,226289,185
100,9,(,62,100.27472,192.4147,226289,226472,183
100,9,!,63,172.7782,186.3991,226472,226655,183
100,9,),68,211.3136,192.05242,226655,226836,181
100,0,blank,0,254.48636,191.45604,226836,227013,177
100,9,!,63,266.26292,188.3207,227013,227190,177
100,0,blank,0,42.02786,60.35344,227225,227396,171
100,0,blank,0,42.66492,58.4256,227396,227565,169
100,0,blank,0,212.441,88.0641,227599,227882,283
100,0,blank,0,206.46024,89.82254,227882,228048,166
100,0,blank,0,-35.98658,-48.50694,228083,228254,171
100,0,blank,0,-32.4439,-50.2028,228254,228286,32
100,3,binary_to_gray,21,53.06858,62.79606,228320,228492,172
100,3,binary_to_gray,21,74.67186,64.419,228492,228662,170
100,0,blank,0,42.66696,45.28318,228662,228836,174
100,2,include,14,27.02592,39.25834,228836,229014,178
100,3,binary_to_gray,21,49.89718,63.6021,229014,229190,176
100,3,binary_to_gray,21,65.73544,67.08718,229190,229366,176
100,0,blank,0,80.58076,69.19278,229366,229539,173
100,5,if,27,57.16182,94.6251,229539,229715,176
100,0,blank,0,60.44208,124.58548,229715,229895,180
100,8,=,44,111.86904,169.34998,229895,230075,180
100,0,blank,0,189.11858,189.5987,230075,230260,185
100,0,blank,0,223.3932,194.700275,230260,230408,148
100,10,return,69,148.5352,217.2009,230408,230784,376
100,11,10,91,119.11722,234.28496,230784,230954,170
100,0,blank,0,122.84784,300.31046,230954,231138,184
100,0,blank,0,120.9575,292.9922,231138,231175,37
100,0,blank,0,332.718025,320.837625,231212,231358,146
100,0,blank,0,442.84264,-24.91352,231433,231618,185
100,0,blank,0,479.03755,-30.567,231618,231688,70
100,0,blank,0,277.53508,-43.60104,231723,231901,178
100,0,blank,0,274.4879,-31.5698,231901,231935,34
100,0,blank,0,-429,-105,232006,232186,180
100,0,blank,0,-429,-105,232186,232356,170
100,0,blank,0,-429,-105,232356,232544,188
100,0,blank,0,-429,-105,232544,232714,170
100,0,blank,0,-429,-105,232714,232878,164
100,0,blank,0,-429,-105,232878,233060,182
100,0,blank,0,-429,-105,233060,233196,136
100,0,blank,0,-429,-105,233196,233299,103
100,0,blank,0,-429,-105,233299,233400,101
100,0,blank,0,-429,-105,233400,233562,162
100,0,blank,0,-429,-105,233562,233751,189
100,0,blank,0,-429,-105,233751,233929,178
100,0,blank,0,-429,-105,233929,234121,192
100,0,blank,0,-429,-105,234121,234293,172
100,0,blank,0,-429,-105,234293,234457,164
100,0,blank,0,-429,-105,234457,234640,183
100,0,blank,0,240.3275,371.4166,234672,234704,32
100,0,blank,0,235.7872,311.92832,234777,234949,172
100,0,blank,0,231.6036,299.900375,234949,235084,135
100,0,blank,0,-429,-105,235212,235393,181
100,0,blank,0,-429,-105,235393,235582,189
100,0,blank,0,-429,-105,235582,235773,191
100,0,blank,0,-429,-105,235773,235961,188
100,0,blank,0,-429,-105,235961,236130,169
100,0,blank,0,-429,-105,236130,236222,92
