Frameno_fix,lineno_fix,Tokenname_fix,tokens_id,gaze_X_fix,gaze_Y_fix,timestamp_fix_start,timestamp_fix_end,time_duration
100,0,blank,0,132.47026,-9.48606,3474,3670,196
100,0,blank,0,145.74462,-8.0883,3670,3869,199
100,0,blank,0,136.9291,-15.3197666666667,3869,3985,116
100,0,blank,0,526.42242,26.60956,4064,4259,195
100,0,blank,0,530.79938,29.72798,4259,4449,190
100,0,blank,0,545.45486,31.03338,4449,4638,189
100,0,blank,0,466.53294,33.58788,4638,4830,192
100,0,blank,0,405.67564,36.62994,4830,5021,191
100,0,blank,0,348.641333333333,40.4777,5021,5137,116
100,3,binary_to_gray,21,121.56678,50.1686,5175,5368,193
100,3,binary_to_gray,21,180.35485,47.077225,5368,5529,161
100,0,blank,0,273.470233333333,52.3655333333333,5529,5656,127
100,0,blank,0,-323,-105,5696,5761,65
100,0,blank,0,-323,-105,5950,6041,91
100,0,blank,0,-323,-105,6041,6167,126
100,0,blank,0,-323,-105,6167,6316,149
100,0,blank,0,378.51988,52.64728,6360,6550,190
100,0,blank,0,366.553075,54.458875,6550,6715,165
100,0,blank,0,310.37055,54.620425,6715,6877,162
100,0,blank,0,307.6349,41.5396,6877,6916,39
100,0,blank,0,426.10088,45.77134,6957,7150,193
100,0,blank,0,448.84966,48.91762,7150,7348,198
100,0,blank,0,513.4779,49.284825,7348,7508,160
100,0,blank,0,536.5748,38.21115,7508,7706,198
100,0,blank,0,536.5612,31.0462,7792,7833,41
100,0,blank,0,136.2031,93.15104,7875,8072,197
100,5,),31,104.9318,91.34558,8072,8266,194
100,0,blank,0,159.33958,91.69792,8266,8458,192
100,0,blank,0,192.1815,98.657675,8458,8617,159
100,0,blank,0,137.4236,96.8476,8617,8781,164
100,0,blank,0,181.320575,96.331,8781,8939,158
100,0,blank,0,232.14244,110.30112,8939,9132,193
100,0,blank,0,233.735475,103.539025,9132,9283,151
100,5,n,30,93.17716,111.46852,9319,9509,190
100,9,!,63,170.58498,190.5185,9509,9696,187
100,8,/,47,162.03466,166.99908,9696,9886,190
100,7,10,40,164.51872,145.15486,9886,10071,185
100,7,%,39,144.58272,143.58544,10071,10253,182
100,0,blank,0,144.272925,155.81665,10253,10450,197
100,0,blank,0,138.67424,149.97342,10450,10631,181
100,8,),49,194.662175,172.1853,10631,10806,175
100,8,%,50,217.499133333333,159.331933333333,10806,10950,144
100,0,blank,0,210.864175,176.838625,10950,11114,164
100,0,blank,0,204.859475,158.152725,11114,11289,175
100,0,blank,0,162.943775,181.034775,11289,11462,173
100,8,(,45,131.7871,162.6446,11462,11572,110
100,0,blank,0,-323,-105,11645,11821,176
100,0,blank,0,-323,-105,11821,11913,92
100,0,blank,0,187.92565,192.5977,11952,12116,164
100,8,/,47,160.3483,172.38162,12116,12299,183
100,8,/,47,158.37094,164.53302,12299,12477,178
100,0,blank,0,137.5492,147.29864,12477,12655,178
100,8,/,47,155.87216,159.21966,12655,12831,176
100,0,blank,0,170.79924,163.63628,12831,13007,176
100,8,/,47,163.995966666667,168.599233333333,13007,13195,188
100,0,blank,0,158.61614,142.4755,13195,13381,186
100,8,10,51,177.01408,167.79,13381,13579,198
100,0,blank,0,166.68986,163.62832,13579,13745,166
100,8,10,51,183.40245,173.0446,13745,13814,69
100,0,blank,0,-323,-105,13882,14074,192
100,8,10,51,177.25725,176.816216666667,14116,14311,195
100,0,blank,0,149.06,134.6639,14311,14433,122
100,3,binary_to_gray,21,96.631,66.1915,14433,14557,124
100,7,10,40,173.2705,144.7108,14683,14788,105
100,0,blank,0,-323,-105,14899,15054,155
100,0,blank,0,-323,-105,15054,15226,172
100,0,blank,0,168.149825,162.7275,15345,15513,168
100,8,10,51,193.8742,164.32826,15513,15700,187
100,0,blank,0,227.14814,168.28806,15700,15878,178
100,0,blank,0,189.22424,197.53284,15878,16056,178
100,9,!,63,167.86438,195.2246,16056,16228,172
100,9,),68,199.28132,193.08978,16228,16404,176
100,0,blank,0,196.3983,247.4839,16404,16438,34
100,0,blank,0,176.69512,375.01694,16473,16657,184
100,16,binary_to_gray,110,234.84358,351.09586,16657,16836,179
100,0,blank,0,310.56762,356.7863,16836,17021,185
100,16,binary_to_gray,110,324.62682,352.3105,17021,17203,182
100,0,blank,0,240.95988,374.8381,17203,17385,182
100,0,blank,0,185.66846,380.15532,17385,17564,179
100,0,blank,0,289.19036,369.69356,17599,17782,183
100,0,blank,0,238.1613,292.8529,17782,17817,35
100,8,10,51,190.31498,174.16422,17853,18031,178
100,0,blank,0,135.572,107.12494,18031,18211,180
100,0,blank,0,178.90708,102.08414,18211,18391,180
100,0,blank,0,215.977325,101.589625,18391,18532,141
100,0,blank,0,357.73014,393.50838,18605,18797,192
100,0,blank,0,384.08366,371.5807,18797,18990,193
100,0,blank,0,437.971,366.56455,18990,19138,148
100,0,blank,0,243.07654,359.38638,19210,19387,177
100,16,binary_to_gray,110,217.37194,346.28048,19387,19563,176
100,16,binary_to_gray,110,200.1104,336.2129,19630,19665,35
100,0,blank,0,141.90365,225.4148,19700,19870,170
100,0,blank,0,117.83208,185.88728,19870,20049,179
100,6,return,32,116.42985,127.740475,20049,20223,174
100,6,return,32,91.11402,115.405,20223,20402,179
100,3,binary_to_gray,21,71.0926,64.59134,20402,20582,180
100,3,binary_to_gray,21,66.11516,63.4244,20582,20760,178
100,0,blank,0,81.51772,114.45344,20760,20945,185
100,0,blank,0,97.955775,133.724725,20945,21107,162
100,7,n,38,124.3533,147.537175,21107,21271,164
100,7,n,38,133.79385,148.792,22190,22328,138
100,0,blank,0,223.7233,480.2612,22403,22439,36
100,2,<,15,87.0725,33.616,22632,22670,38
100,0,blank,0,123.5081,600.3376,22878,22906,28
100,3,binary_to_gray,21,106.3148,66.2473,22949,22994,45
100,3,binary_to_gray,21,145.88605,63.627075,23444,23612,168
100,0,blank,0,127.12042,71.6857,23612,23794,182
100,3,binary_to_gray,21,73.17556,65.49336,23794,23978,184
100,0,blank,0,91.44088,69.61852,23978,24154,176
100,0,blank,0,170.686625,79.6385,24154,24334,180
100,0,blank,0,192.53,74.5979,24334,24361,27
100,3,int,23,27.72086,64.55166,24436,24604,168
100,0,blank,0,66.4468,76.10286,24604,24785,181
100,0,blank,0,93.0582,72.03118,24785,24965,180
100,0,blank,0,131.49442,78.12678,24965,25142,177
100,0,blank,0,181.39644,81.53562,25142,25318,176
100,0,blank,0,211.156166666667,78.1852666666667,25318,25425,107
100,0,blank,0,35.552575,87.005275,25460,25601,141
100,0,blank,0,-323,-105,25673,25782,109
100,0,blank,0,106.5673,135.309,25991,26161,170
100,6,return,32,100.16092,129.98344,26161,26347,186
100,5,),31,104.0196,99.387,26347,26524,177
100,3,binary_to_gray,21,101.6568,58.95082,26524,26694,170
100,0,blank,0,195.34204,74.90908,26694,26864,170
100,0,blank,0,198.37125,80.99565,26864,26932,68
100,3,binary_to_gray,21,60.22198,57.91276,26966,27140,174
100,3,binary_to_gray,21,59.2539,50.993,27140,27209,69
100,0,blank,0,173.950533333333,80.6592,27243,27352,109
100,0,blank,0,-323,-105,27388,27475,87
100,11,10,91,117.0094,238.1603,27625,27650,25
100,0,blank,0,63.598525,301.615025,27735,27913,178
100,0,blank,0,74.499875,316.223325,27913,28088,175
100,15,binary_number,102,129.52365,317.156075,28088,28255,167
100,16,binary_to_gray,110,202.8859,341.29175,28255,28378,123
100,16,binary_to_gray,110,256.256866666667,338.525566666667,28378,28557,179
100,15,11101,104,290.8945,328.41475,28557,28713,156
100,15,11101,104,265.785275,321.568775,28713,28902,189
100,15,11101,104,269.01475,313.2825,28902,28978,76
100,15,binary_number,102,151.1492,322.62726,29018,29214,196
100,0,blank,0,99.706825,300.179125,29214,29381,167
100,0,blank,0,114.088,311.992425,29381,29558,177
100,0,blank,0,160.549775,272.613925,29558,29734,176
100,0,blank,0,257.03985,300.01245,29734,29812,78
100,15,11101,104,267.1533,328.5187,29907,29950,43
100,13,main,97,90.5381666666667,286.8835,29992,30134,142
100,0,blank,0,71.8077666666667,299.194133333333,30134,30328,194
100,13,main,97,58.53665,271.0477,30328,30513,185
100,13,main,97,59.87044,284.86012,30513,30702,189
100,15,binary_number,102,93.487825,324.04545,30702,30862,160
100,15,binary_number,102,90.790825,319.152275,30862,31055,193
100,0,blank,0,86.85855,359.5125,31055,31217,162
100,0,blank,0,129.73326,299.30978,31258,31456,198
100,15,=,103,245.2685,318.670025,31456,31648,192
100,16,binary_to_gray,110,199.85725,337.75445,31648,31838,190
100,15,binary_number,102,161.602133333333,312.5969,31838,32005,167
100,16,(,111,109.3997,333.585975,32005,32193,188
100,0,blank,0,82.84475,320.75045,32193,32362,169
100,0,blank,0,157.9093,311.0825,32362,32400,38
100,16,binary_to_gray,110,329.867275,341.247975,32439,32601,162
100,15,11101,104,290.811075,318.0083,32601,32792,191
100,0,blank,0,298.3325,311.1646,32792,32828,36
100,16,binary_to_gray,110,332.062925,340.2843,32908,33073,165
100,15,binary_number,102,184.3472,318.3419,33154,33341,187
100,16,binary_to_gray,110,194.8112,333.7176,33341,33379,38
100,11,return,83,69.7812,238.1541,33543,33694,151
100,9,if,53,73.0896333333333,184.259966666667,33694,33874,180
100,7,a,36,89.5795666666667,150.153866666667,33874,34008,134
100,11,binary_to_gray,87,179.6417,240.778366666667,34008,34203,195
100,11,binary_to_gray,87,254.61955,236.697925,34203,34402,199
100,0,blank,0,255.57375,244.57435,34402,34575,173
100,11,binary_to_gray,87,263.2729,236.1624,34575,34612,37
100,0,blank,0,314.1086,249.9795,34693,34795,102
100,0,blank,0,-323,-105,35073,35163,90
100,9,&&,65,142.498,192.37075,35412,35484,72
100,8,(,45,129.0626,175.0972,35589,35633,44
100,0,blank,0,110.8209,616.9958,35693,35734,41
100,8,/,47,153.476325,159.48315,35828,35999,171
100,8,(,45,125.12698,158.9609,35999,36186,187
100,0,blank,0,97.44456,154.14164,36186,36369,183
100,8,=,44,112.2588,158.6483,36369,36440,71
100,0,blank,0,202.94415,406.61335,36602,36756,154
100,0,blank,0,219.6225,401.2308,36756,36826,70
100,0,blank,0,90.3351,84.73506,36924,37114,190
100,0,blank,0,90.7245,90.05285,37114,37188,74
100,10,return,69,146.8496,202.87205,37436,37605,169
100,0,blank,0,118.61458,202.17344,37605,37792,187
100,0,blank,0,118.88762,198.62534,37792,37976,184
100,9,&&,65,132.54386,193.06768,37976,38157,181
100,9,&&,65,134.0196,190.70814,38157,38342,185
100,9,&&,65,137.11744,190.44518,38342,38526,184
100,0,blank,0,155.68198,200.38524,38526,38710,184
100,9,&&,65,155.46538,197.972,38710,38893,183
100,0,blank,0,162.66586,197.05692,38893,39086,193
100,9,&&,65,145.13048,189.9821,39086,39272,186
100,9,&&,65,151.291466666667,194.241466666667,39272,39468,196
100,9,!,63,166.3164,187.782,39468,39666,198
100,0,blank,0,-323,-105,39739,39907,168
100,0,blank,0,-323,-105,39907,40100,193
100,0,blank,0,-323,-105,40100,40287,187
100,0,blank,0,-323,-105,40287,40484,197
100,0,blank,0,-323,-105,40484,40676,192
100,0,blank,0,-323,-105,40676,40766,90
100,0,blank,0,-323,-105,40766,40887,121
100,7,10,40,164.97896,137.2515,40918,41113,195
100,8,n,46,141.8095,164.29628,41113,41295,182
100,0,blank,0,118.52106,166.2501,41295,41475,180
100,8,n,46,135.41614,166.2878,41475,41656,181
100,0,blank,0,215.50615,201.4558,41656,41737,81
100,10,(,76,200.66744,210.09336,41809,41986,177
100,11,binary_to_gray,87,165.5124,223.2581,41986,42184,198
100,11,binary_to_gray,87,164.73334,224.63468,42184,42347,163
100,0,blank,0,-323,-105,42412,42544,132
100,0,blank,0,239.99838,206.89798,42654,42831,177
100,10,10,79,258.78144,205.91134,42831,43009,178
100,9,(,62,245.72758,195.16448,43009,43195,186
100,10,+,72,232.36468,202.64206,43195,43375,180
100,9,b,66,181.63852,196.73678,43375,43564,189
100,10,return,69,151.50116,204.41326,43564,43756,192
100,10,return,69,133.26124,201.45594,43756,43935,179
100,9,a,64,110.48574,198.25762,43935,44112,177
100,9,&&,65,146.5327,180.01494,44112,44296,184
100,9,&&,65,135.75352,192.7642,44296,44490,194
100,9,&&,65,127.70012,191.18742,44490,44680,190
100,10,return,69,127.25236,202.578,44680,44878,198
100,9,&&,65,128.0102,191.2291,44878,45031,153
100,10,return,69,164.83512,201.58436,45196,45385,189
100,0,blank,0,179.68518,200.77664,45385,45565,180
100,0,blank,0,191.377766666667,204.0962,45565,45670,105
100,0,blank,0,-323,-105,45739,45844,105
100,9,&&,65,148.1439,184.93216,45893,46077,184
100,9,&&,65,148.3218,199.3583,46077,46111,34
100,9,a,64,108.74895,195.903825,46199,46369,170
100,0,blank,0,82.1088,198.6935,46369,46557,188
100,9,(,62,100.44322,188.92978,46557,46739,182
100,9,&&,65,131.29902,196.40474,46739,46935,196
100,9,&&,65,131.86994,194.96588,46935,47121,186
100,9,),68,202.11248,196.72716,47121,47308,187
100,9,&&,65,230.0156,199.55278,47308,47501,193
100,9,&&,65,235.51772,196.20122,47501,47693,192
100,9,(,62,244.16836,198.64748,47693,47884,191
100,10,10,79,245.2676,203.58046,47884,48077,193
100,0,blank,0,254.03898,191.50972,48077,48259,182
100,9,(,62,244.12575,196.075475,48259,48450,191
100,9,),68,193.0516,195.39435,48450,48558,108
100,8,n,46,139.569566666667,166.475833333333,48634,48759,125
100,7,n,38,125.5905,145.44592,48801,48997,196
100,9,&&,65,125.2242,187.18205,48997,49077,80
100,0,blank,0,-323,-105,49114,49294,180
100,0,blank,0,-323,-105,49294,49355,61
100,9,&&,65,131.886466666667,185.8938,49403,49586,183
100,9,&&,65,157.2136,185.70004,49586,49783,197
100,9,&&,65,156.77066,190.61168,49783,49972,189
100,9,&&,65,146.92484,192.1709,49972,50160,188
100,9,a,64,105.36258,189.93782,50160,50350,190
100,9,&&,65,144.05822,188.18732,50350,50546,196
100,9,b,66,174.891725,195.50255,50546,50707,161
100,0,blank,0,191.077566666667,193.989666666667,50707,50829,122
100,9,&&,65,157.7977,189.502833333333,50929,51071,142
100,0,blank,0,-323,-105,51157,51354,197
100,10,1,71,206.024375,205.46855,51725,51900,175
100,9,),68,198.76268,196.0839,51900,52087,187
100,9,&&,65,227.98096,197.35822,52087,52277,190
100,9,&&,65,232.7798,190.9553,52277,52315,38
100,10,1,71,212.9417,218.9425,52389,52577,188
100,10,+,72,230.9794,219.375725,52577,52729,152
100,0,blank,0,240.95545,215.65675,52806,52882,76
100,10,return,69,150.2422,208.6135,52923,53120,197
100,10,return,69,159.93505,210.6009,53120,53195,75
100,10,binary_to_gray,75,315.978,202.17564,53232,53416,184
100,10,binary_to_gray,75,379.5935,219.82176,53416,53605,189
100,10,binary_to_gray,75,450.9539,202.2726,53605,53644,39
100,0,blank,0,370.92975,177.80095,53718,53791,73
100,10,+,72,224.719,206.69188,53901,54089,188
100,9,!,63,268.4024,198.6501,54089,54274,185
100,0,blank,0,259.55575,146.55925,54274,54401,127
100,10,10,79,260.2898,221.3911,54401,54484,83
100,0,blank,0,77.7811,125.8982,54519,54558,39
100,0,blank,0,80.28646,69.5751,54641,54833,192
100,6,return,32,96.63526,119.922,54833,55025,192
100,6,return,32,95.7289,116.30105,55025,55103,78
100,0,blank,0,-323,-105,55222,55447,225
100,0,blank,0,-323,-105,55447,55614,167
100,0,blank,0,-323,-105,55614,55747,133
100,0,blank,0,-323,-105,55747,55914,167
100,0,blank,0,-323,-105,55914,56095,181
100,0,blank,0,-323,-105,56095,56169,74
100,0,blank,0,-323,-105,56169,56307,138
100,0,blank,0,-323,-105,56307,56502,195
100,0,blank,0,-323,-105,56502,56643,141
100,0,blank,0,-323,-105,56643,56867,224
100,0,blank,0,-323,-105,56867,56979,112
100,0,blank,0,-323,-105,56979,57111,132
100,0,blank,0,-323,-105,57111,57300,189
100,0,blank,0,-323,-105,57300,57438,138
100,0,blank,0,-323,-105,57438,57614,176
100,0,blank,0,-323,-105,57614,57646,32
100,7,10,40,164.16512,154.2564,57713,57888,175
100,7,10,40,175.31312,137.58906,57888,58069,181
100,7,10,40,179.3595,149.0211,58069,58106,37
100,0,blank,0,-323,-105,58313,58505,192
100,0,blank,0,-323,-105,58505,58694,189
100,0,blank,0,-323,-105,58694,58873,179
100,0,blank,0,-323,-105,58873,59061,188
100,0,blank,0,-323,-105,59061,59228,167
100,0,blank,0,-323,-105,59228,59426,198
100,0,blank,0,-323,-105,59426,59616,190
100,0,blank,0,-323,-105,59616,59800,184
100,0,blank,0,-323,-105,59800,59984,184
100,0,blank,0,-323,-105,59984,60150,166
100,0,blank,0,-323,-105,60150,60311,161
100,0,blank,0,-323,-105,60311,60484,173
100,0,blank,0,-323,-105,60484,60668,184
100,0,blank,0,-323,-105,60668,60853,185
100,0,blank,0,-323,-105,60853,61052,199
100,0,blank,0,-323,-105,61052,61243,191
100,0,blank,0,-323,-105,61243,61439,196
100,0,blank,0,-323,-105,61439,61548,109
100,0,blank,0,129.583,93.503175,61739,61917,178
100,7,%,39,144.692825,136.57415,61917,62091,174
100,0,blank,0,114.83045,111.38895,62091,62212,121
100,0,blank,0,-323,-105,63017,63217,200
100,0,blank,0,-323,-105,63217,63397,180
100,0,blank,0,-323,-105,63397,63585,188
100,0,blank,0,-323,-105,63585,63716,131
100,0,blank,0,-323,-105,63716,63888,172
100,0,blank,0,-323,-105,63888,64062,174
100,0,blank,0,-323,-105,64062,64253,191
100,0,blank,0,-323,-105,64253,64417,164
100,0,blank,0,-323,-105,64417,64597,180
100,0,blank,0,-323,-105,64597,64791,194
100,0,blank,0,-323,-105,64791,64954,163
100,0,blank,0,-323,-105,64954,65141,187
100,0,blank,0,-323,-105,65141,65273,132
100,0,blank,0,-323,-105,65273,65412,139
100,0,blank,0,-323,-105,65412,65505,93
100,0,blank,0,-323,-105,65505,65619,114
100,0,blank,0,-323,-105,65619,65806,187
100,0,blank,0,-323,-105,65806,65988,182
100,0,blank,0,-323,-105,65988,66196,208
100,0,blank,0,-323,-105,66196,66390,194
100,0,blank,0,-323,-105,66390,66574,184
100,0,blank,0,-323,-105,66574,66767,193
100,0,blank,0,-323,-105,66767,66995,228
100,0,blank,0,-323,-105,66995,67182,187
100,0,blank,0,-323,-105,67182,67362,180
100,0,blank,0,-323,-105,67362,67464,102
100,0,blank,0,-323,-105,67464,67650,186
100,0,blank,0,-323,-105,67650,67833,183
100,0,blank,0,-323,-105,67833,68021,188
100,0,blank,0,-323,-105,68021,68190,169
100,0,blank,0,-323,-105,68190,68381,191
100,0,blank,0,-323,-105,68381,68548,167
100,0,blank,0,-323,-105,68548,68725,177
100,0,blank,0,-323,-105,68725,68915,190
100,0,blank,0,-323,-105,68915,69073,158
100,0,blank,0,-323,-105,69073,69159,86
100,0,blank,0,-323,-105,69159,69347,188
100,0,blank,0,-323,-105,69347,69513,166
100,0,blank,0,-323,-105,69513,69687,174
100,0,blank,0,-323,-105,69687,69760,73
100,0,blank,0,232.8702,118.4491,69984,70134,150
100,0,blank,0,-323,-105,70273,70438,165
100,0,blank,0,-323,-105,70438,70601,163
100,0,blank,0,-323,-105,70601,70792,191
100,0,blank,0,-323,-105,70792,70962,170
100,0,blank,0,-323,-105,70962,71054,92
100,0,blank,0,-323,-105,71054,71179,125
100,0,blank,0,-323,-105,71179,71366,187
100,0,blank,0,-323,-105,71366,71540,174
100,0,blank,0,-323,-105,71540,71667,127
100,0,blank,0,-323,-105,71667,71910,243
100,0,blank,0,-323,-105,71910,72068,158
100,0,blank,0,-323,-105,72068,72237,169
100,0,blank,0,-323,-105,72237,72426,189
100,0,blank,0,-323,-105,72426,72530,104
100,0,blank,0,-323,-105,72530,72716,186
100,0,blank,0,-323,-105,72716,72877,161
100,0,blank,0,-323,-105,72877,73073,196
100,0,blank,0,-323,-105,73073,73244,171
100,0,blank,0,-323,-105,73244,73410,166
100,0,blank,0,-323,-105,73410,73600,190
100,0,blank,0,-323,-105,73600,73788,188
100,0,blank,0,-323,-105,73788,73985,197
100,0,blank,0,-323,-105,73985,74176,191
100,0,blank,0,-323,-105,74176,74349,173
100,0,blank,0,-323,-105,74349,74524,175
100,0,blank,0,-323,-105,74524,74702,178
100,0,blank,0,-323,-105,74702,74884,182
100,0,blank,0,-323,-105,74884,75074,190
100,0,blank,0,-323,-105,75074,75255,181
100,0,blank,0,-323,-105,75255,75401,146
100,0,blank,0,-323,-105,75401,75501,100
100,0,blank,0,-323,-105,75501,75743,242
100,0,blank,0,-323,-105,75743,76074,331
100,0,blank,0,-323,-105,76074,76202,128
100,0,blank,0,-323,-105,76202,76392,190
100,0,blank,0,-323,-105,76392,76622,230
100,0,blank,0,-323,-105,76622,76956,334
100,0,blank,0,-323,-105,76956,77112,156
100,0,blank,0,-323,-105,77112,77263,151
100,0,blank,0,-323,-105,77263,77462,199
100,0,blank,0,-323,-105,77462,77605,143
100,0,blank,0,-323,-105,77605,77745,140
100,0,blank,0,-323,-105,77745,77902,157
100,0,blank,0,-323,-105,77902,78009,107
100,0,blank,0,-323,-105,78009,78177,168
100,0,blank,0,-323,-105,78177,78354,177
100,0,blank,0,-323,-105,78354,78389,35
100,0,blank,0,-323,-105,78389,78598,209
100,0,blank,0,-323,-105,78598,78754,156
100,0,blank,0,-323,-105,78754,78942,188
100,0,blank,0,-323,-105,78942,79079,137
100,0,blank,0,-323,-105,79079,79278,199
100,0,blank,0,-323,-105,79278,79414,136
100,0,blank,0,-323,-105,79414,79521,107
100,0,blank,0,-323,-105,79521,79676,155
100,0,blank,0,-323,-105,79676,79820,144
100,0,blank,0,-323,-105,79820,80011,191
100,0,blank,0,-323,-105,80011,80141,130
100,0,blank,0,-323,-105,80141,80271,130
100,0,blank,0,-323,-105,80271,80453,182
100,0,blank,0,-323,-105,80453,80621,168
100,0,blank,0,-323,-105,80621,80791,170
100,0,blank,0,-323,-105,80791,80987,196
100,0,blank,0,-323,-105,80987,81168,181
100,0,blank,0,-323,-105,81168,81350,182
100,0,blank,0,-323,-105,81350,81529,179
100,0,blank,0,-323,-105,81529,81723,194
100,0,blank,0,-323,-105,81723,81887,164
100,0,blank,0,-323,-105,81887,82072,185
100,0,blank,0,-323,-105,82072,82246,174
100,0,blank,0,-323,-105,82246,82433,187
100,0,blank,0,-323,-105,82433,82560,127
100,0,blank,0,-323,-105,82560,82738,178
100,0,blank,0,-323,-105,82738,82925,187
100,0,blank,0,-323,-105,82925,83166,241
100,0,blank,0,-323,-105,83166,83354,188
100,0,blank,0,-323,-105,83354,83434,80
100,0,blank,0,-323,-105,83434,83692,258
100,0,blank,0,-323,-105,83692,83875,183
100,0,blank,0,-323,-105,83875,84059,184
100,0,blank,0,-323,-105,84059,84236,177
100,0,blank,0,-323,-105,84236,84429,193
100,0,blank,0,-323,-105,84429,84502,73
100,0,blank,0,-323,-105,84502,84647,145
100,0,blank,0,637.2363,-8.10525,84906,85023,117
100,8,%,50,223.79136,159.60882,85098,85287,189
100,0,blank,0,213.6604,130.7433,85287,85323,36
100,0,blank,0,312.10906,178.73284,85362,85549,187
100,0,blank,0,325.85298,196.31834,85549,85738,189
100,0,blank,0,-323,-105,85993,86184,191
100,0,blank,0,-323,-105,86184,86372,188
100,0,blank,0,-323,-105,86372,86569,197
100,0,blank,0,-323,-105,86569,86756,187
100,0,blank,0,-323,-105,86756,86934,178
100,0,blank,0,-323,-105,86934,87088,154
100,0,blank,0,-323,-105,87088,87278,190
100,0,blank,0,-323,-105,87278,87452,174
100,0,blank,0,-323,-105,87452,87635,183
100,0,blank,0,-323,-105,87635,87822,187
100,0,blank,0,-323,-105,87822,87976,154
100,0,blank,0,-323,-105,87976,88164,188
100,0,blank,0,-323,-105,88164,88363,199
100,0,blank,0,-323,-105,88363,88549,186
100,0,blank,0,-323,-105,88549,88724,175
100,0,blank,0,-323,-105,88724,88877,153
100,0,blank,0,-323,-105,88877,89066,189
100,0,blank,0,-323,-105,89066,89262,196
100,0,blank,0,-323,-105,89262,89444,182
100,0,blank,0,-323,-105,89444,89608,164
100,0,blank,0,-323,-105,89608,89682,74
100,10,binary_to_gray,75,319.159666666667,212.517933333333,89703,89844,141
100,0,blank,0,-323,-105,89928,90046,118
100,0,blank,0,-323,-105,90046,90203,157
100,0,blank,0,-323,-105,90203,90387,184
100,0,blank,0,-323,-105,90387,90563,176
100,0,blank,0,-323,-105,90563,90741,178
100,0,blank,0,-323,-105,90741,90910,169
100,0,blank,0,-323,-105,90910,91100,190
100,0,blank,0,-323,-105,91100,91173,73
100,0,blank,0,-323,-105,91173,91437,264
100,0,blank,0,-323,-105,91437,91622,185
100,0,blank,0,-323,-105,91622,91803,181
100,0,blank,0,-323,-105,91803,91977,174
100,0,blank,0,-323,-105,91977,92176,199
100,0,blank,0,-323,-105,92176,92364,188
100,0,blank,0,-323,-105,92364,92547,183
100,0,blank,0,-323,-105,92547,92743,196
100,0,blank,0,-323,-105,92743,92799,56
100,0,blank,0,-323,-105,92799,93241,442
100,0,blank,0,-323,-105,93241,93682,441
100,0,blank,0,-323,-105,93682,93879,197
100,0,blank,0,-323,-105,93879,93987,108
100,0,blank,0,-323,-105,93987,94395,408
100,0,blank,0,-323,-105,94395,94542,147
100,0,blank,0,-323,-105,94542,94775,233
100,0,blank,0,-323,-105,94775,95102,327
100,0,blank,0,-323,-105,95102,95221,119
100,0,blank,0,-323,-105,95221,96538,1317
100,0,blank,0,-323,-105,96538,96684,146
100,0,blank,0,-323,-105,96684,96939,255
100,0,blank,0,-323,-105,96939,97193,254
100,0,blank,0,-323,-105,97193,97447,254
100,0,blank,0,-323,-105,97447,97620,173
100,0,blank,0,-323,-105,97709,97762,53
100,0,blank,0,-323,-105,97762,97946,184
100,0,blank,0,-323,-105,97946,98254,308
100,0,blank,0,-323,-105,98254,98552,298
100,0,blank,0,-323,-105,98552,98725,173
100,0,blank,0,-323,-105,98725,98924,199
100,0,blank,0,-323,-105,98924,99164,240
100,0,blank,0,-323,-105,99164,99311,147
100,0,blank,0,-323,-105,99311,99906,595
100,0,blank,0,-323,-105,99906,100049,143
100,0,blank,0,-323,-105,100647,101382,735
100,0,blank,0,-323,-105,101382,101609,227
100,0,blank,0,-323,-105,101609,101791,182
100,0,blank,0,-323,-105,101791,102046,255
100,0,blank,0,-323,-105,102046,102300,254
100,0,blank,0,-323,-105,102300,102554,254
100,0,blank,0,-323,-105,102554,102729,175
100,0,blank,0,-323,-105,102826,102927,101
100,0,blank,0,-323,-105,102927,103069,142
100,0,blank,0,-323,-105,103069,103763,694
100,0,blank,0,-323,-105,103763,104226,463
100,0,blank,0,-323,-105,104226,104375,149
100,0,blank,0,-323,-105,104375,104602,227
100,0,blank,0,-323,-105,104602,104628,26
100,0,blank,0,-323,-105,104628,105154,526
100,0,blank,0,-323,-105,105154,105677,523
100,0,blank,0,-323,-105,105677,105857,180
100,0,blank,0,-323,-105,105857,105930,73
100,0,blank,0,-323,-105,105930,106188,258
100,0,blank,0,-323,-105,106188,106396,208
100,0,blank,0,-323,-105,106396,106591,195
100,0,blank,0,-323,-105,106591,106768,177
100,0,blank,0,-323,-105,106768,106898,130
100,0,blank,0,-323,-105,106898,106999,101
100,0,blank,0,-323,-105,106999,107157,158
100,0,blank,0,-323,-105,107157,107456,299
100,0,blank,0,-323,-105,107456,107588,132
100,0,blank,0,-323,-105,107588,107781,193
100,0,blank,0,-323,-105,107781,108010,229
100,0,blank,0,-323,-105,108010,108209,199
100,0,blank,0,-323,-105,108209,108469,260
100,0,blank,0,-323,-105,108469,108676,207
100,0,blank,0,-323,-105,108676,108942,266
100,0,blank,0,-323,-105,108942,109271,329
100,0,blank,0,-323,-105,109271,109448,177
100,0,blank,0,-323,-105,109448,109629,181
100,0,blank,0,-323,-105,109629,109779,150
100,0,blank,0,-323,-105,109779,110059,280
100,0,blank,0,-323,-105,110059,110250,191
100,0,blank,0,-323,-105,110250,110518,268
100,0,blank,0,-323,-105,110518,110657,139
100,0,blank,0,-323,-105,110843,110915,72
100,0,blank,0,-323,-105,110915,111361,446
100,0,blank,0,-323,-105,111361,111527,166
100,0,blank,0,-323,-105,111527,112031,504
100,0,blank,0,-323,-105,112031,112226,195
100,0,blank,0,-323,-105,112226,112555,329
100,0,blank,0,-323,-105,112555,112644,89
100,0,blank,0,-323,-105,112644,113012,368
100,0,blank,0,-323,-105,113012,113080,68
100,0,blank,0,-323,-105,113080,113793,713
100,0,blank,0,-323,-105,113793,114299,506
100,0,blank,0,-323,-105,114299,114482,183
100,0,blank,0,-323,-105,114482,114546,64
100,0,blank,0,-323,-105,114546,114721,175
100,0,blank,0,-323,-105,114721,114787,66
100,0,blank,0,-323,-105,114787,115084,297
100,0,blank,0,-323,-105,115084,115209,125
100,0,blank,0,-323,-105,115209,116780,1571
100,0,blank,0,-323,-105,116780,116971,191
100,0,blank,0,-323,-105,116971,117132,161
100,0,blank,0,-323,-105,117132,117408,276
100,0,blank,0,-323,-105,117408,117699,291
100,0,blank,0,-323,-105,117699,118117,418
100,0,blank,0,-323,-105,118117,118299,182
100,0,blank,0,-323,-105,118299,118379,80
100,0,blank,0,-323,-105,118379,118706,327
100,0,blank,0,-323,-105,118706,119877,1171
100,0,blank,0,-323,-105,119877,120017,140
100,16,binary_to_gray,110,202.0034,337.3763,120928,121118,190
100,16,binary_to_gray,110,179.760233333333,344.946266666667,121118,121312,194
100,0,blank,0,163.6334,339.481366666667,121312,121471,159
100,0,blank,0,268.409966666667,309.6788,121471,121642,171
100,16,binary_to_gray,110,333.945533333333,337.777,121642,121804,162
100,0,blank,0,427.267433333333,332.006766666667,121804,121967,163
100,0,blank,0,420.5465,330.5983,121967,122007,40
100,0,blank,0,169.54392,341.00274,122046,122229,183
100,0,blank,0,187.515766666667,382.662966666667,122229,122410,181
100,16,binary_to_gray,110,205.20155,352.0089,122410,122607,197
100,16,binary_to_gray,110,239.54368,343.12394,122607,122798,191
100,16,binary_to_gray,110,296.98168,339.23378,122798,122988,190
100,15,11101,104,295.2088,328.43555,122988,123064,76
100,0,blank,0,201.39092,127.75942,123103,123280,177
100,0,blank,0,197.44352,113.70624,123280,123456,176
100,0,blank,0,284.4636,110.10032,123456,123635,179
100,16,binary_number,112,415.838033333333,337.136666666667,123706,123816,110
100,15,binary_number,102,188.68345,326.761,123853,124001,148
100,0,blank,0,328.0737,331.23484,124037,124221,184
100,16,(,111,341.99828,346.56606,124221,124404,183
100,0,blank,0,221.43432,155.02224,124444,124623,179
100,7,10,40,174.97064,152.26428,124623,124803,180
100,7,10,40,166.51008,149.17158,124803,124986,183
100,7,10,40,164.02928,150.21924,124986,125167,181
100,0,blank,0,155.50038,144.35846,125167,125352,185
100,7,%,39,153.74896,142.31902,125352,125532,180
100,7,10,40,169.19372,136.6382,125532,125712,180
100,0,blank,0,225.229575,121.19215,125712,125896,184
100,0,blank,0,162.2067,154.35355,125961,126135,174
100,8,/,47,161.175233333333,164.650833333333,126135,126248,113
100,0,blank,0,-323,-105,126320,126496,176
100,7,n,38,131.608333333333,154.259066666667,126548,126745,197
100,6,return,32,122.57114,129.49874,126745,126921,176
100,6,return,32,102.075,121.418225,126921,127085,164
100,0,blank,0,192.0045,571.9525,127178,127214,36
100,0,blank,0,115.63795,144.5232,127466,127573,107
100,0,blank,0,-9.19989999999999,569.4446,127654,127783,129
100,6,return,32,90.5984666666667,131.129333333333,127829,128004,175
100,6,return,32,88.8274,122.3678,128004,128087,83
100,0,blank,0,80.7348,113.575,128169,128211,42
100,5,!,29,88.2696,111.896525,128293,128457,164
100,0,blank,0,89.4490666666666,113.9131,128537,128662,125
100,5,!,29,89.5707,109.216366666667,128824,128949,125
100,0,blank,0,-323,-105,129036,129132,96
100,6,return,32,95.7162666666666,116.919633333333,129285,129467,182
100,6,return,32,92.1743,116.999675,129467,129648,181
100,6,return,32,104.6632,120.6566,129648,129767,119
100,6,return,32,95.3267,120.2972,129767,129951,184
100,6,return,32,106.08515,126.1062,129951,130111,160
100,6,return,32,99.992,122.47505,130111,130225,114
100,0,blank,0,116.7696,139.4009,130225,130389,164
100,6,return,32,85.7626666666666,124.746266666667,130502,130635,133
100,0,blank,0,182.165,97.6060666666667,130715,130846,131
100,0,blank,0,197.87525,89.78985,130846,130982,136
100,0,blank,0,199.4232,98.2292,130982,131075,93
100,5,!,29,88.237025,111.514525,131152,131322,170
100,6,return,32,89.8971,115.36685,131322,131406,84
100,0,blank,0,-323,-105,131519,131579,60
100,0,blank,0,83.0254,632.349,131627,131658,31
100,0,blank,0,95.959275,134.446425,131790,131968,178
100,0,blank,0,83.94355,131.7262,131968,132133,165
100,0,blank,0,71.960325,135.236375,132133,132297,164
100,0,blank,0,67.347825,135.549325,132297,132461,164
100,0,blank,0,77.3055,152.387775,132461,132620,159
100,8,=,44,104.46055,161.5114,132620,132786,166
100,0,blank,0,138.9305,155.447875,132786,132950,164
100,8,=,44,105.550766666667,171.912466666667,132950,133075,125
100,0,blank,0,119.9765,171.030366666667,133075,133246,171
100,0,blank,0,123.6797,165.62285,133246,133331,85
100,0,blank,0,-323,-105,133625,133796,171
100,0,blank,0,-323,-105,133796,133995,199
100,0,blank,0,-323,-105,133995,134114,119
100,0,blank,0,-323,-105,134114,134310,196
100,0,blank,0,-323,-105,134310,134489,179
100,0,blank,0,-323,-105,134489,134679,190
100,0,blank,0,-323,-105,134679,134837,158
100,0,blank,0,-323,-105,134837,135034,197
100,0,blank,0,-323,-105,135034,135190,156
100,0,blank,0,-323,-105,135190,135371,181
100,0,blank,0,-323,-105,135371,135553,182
100,0,blank,0,-323,-105,135553,135750,197
100,0,blank,0,-323,-105,135750,135891,141
100,0,blank,0,-323,-105,135891,136084,193
100,0,blank,0,-323,-105,136084,136265,181
100,0,blank,0,-323,-105,136265,136432,167
100,0,blank,0,-323,-105,136432,136615,183
100,0,blank,0,-323,-105,136615,136858,243
100,0,blank,0,-323,-105,136858,137083,225
100,0,blank,0,-323,-105,137083,137255,172
100,0,blank,0,-323,-105,137255,137420,165
100,0,blank,0,-323,-105,137420,137554,134
100,0,blank,0,-323,-105,137554,137656,102
100,0,blank,0,-323,-105,137656,137841,185
100,0,blank,0,-323,-105,137841,137976,135
100,0,blank,0,-323,-105,137976,138087,111
100,0,blank,0,-323,-105,138087,138217,130
100,0,blank,0,-323,-105,138217,138352,135
100,0,blank,0,-323,-105,138352,138524,172
100,0,blank,0,-323,-105,138524,138657,133
100,0,blank,0,-323,-105,138657,138872,215
100,0,blank,0,-323,-105,138872,138900,28
100,0,blank,0,-323,-105,138900,139255,355
100,0,blank,0,-323,-105,139255,139593,338
100,0,blank,0,-323,-105,139593,139766,173
100,0,blank,0,-323,-105,140016,140311,295
100,0,blank,0,-323,-105,140311,140602,291
100,0,blank,0,-323,-105,140602,140794,192
100,0,blank,0,-323,-105,140794,141046,252
100,0,blank,0,-323,-105,141046,141077,31
100,0,blank,0,-323,-105,141077,141325,248
100,0,blank,0,-323,-105,141325,141360,35
100,0,blank,0,-323,-105,141360,141648,288
100,0,blank,0,-323,-105,141648,141770,122
100,0,blank,0,-323,-105,141770,143304,1534
100,0,blank,0,-323,-105,143304,143447,143
100,0,blank,0,-323,-105,143447,143553,106
100,0,blank,0,-323,-105,143553,143684,131
100,0,blank,0,-323,-105,143684,144038,354
100,0,blank,0,-323,-105,144038,144269,231
100,0,blank,0,-323,-105,144269,144598,329
100,0,blank,0,-323,-105,144598,144794,196
100,0,blank,0,-323,-105,144794,144965,171
100,0,blank,0,-323,-105,144965,145321,356
100,0,blank,0,-323,-105,145321,145816,495
100,0,blank,0,-323,-105,145816,145993,177
100,0,blank,0,-323,-105,145993,146144,151
100,0,blank,0,-323,-105,146144,146290,146
100,0,blank,0,-323,-105,146290,146358,68
100,0,blank,0,-323,-105,146358,146863,505
100,0,blank,0,-323,-105,146863,147133,270
100,0,blank,0,-323,-105,147133,147873,740
100,0,blank,0,-323,-105,147873,148226,353
100,0,blank,0,-323,-105,148226,148367,141
100,0,blank,0,-323,-105,148367,148507,140
100,0,blank,0,-323,-105,148507,148685,178
100,0,blank,0,-323,-105,148685,149236,551
100,0,blank,0,-323,-105,149236,149703,467
100,0,blank,0,-323,-105,149703,149771,68
100,0,blank,0,-323,-105,149771,150419,648
100,0,blank,0,-323,-105,150419,150900,481
100,0,blank,0,-323,-105,150900,151076,176
100,0,blank,0,-323,-105,151076,151159,83
100,0,blank,0,-323,-105,151159,151319,160
100,0,blank,0,-323,-105,151319,151415,96
100,0,blank,0,-323,-105,151415,151594,179
100,0,blank,0,-323,-105,151594,151924,330
100,0,blank,0,-323,-105,151924,152120,196
100,0,blank,0,-323,-105,152120,152249,129
100,0,blank,0,-323,-105,152249,152442,193
100,0,blank,0,-323,-105,152442,152623,181
100,0,blank,0,-323,-105,152623,152811,188
100,0,blank,0,-323,-105,152811,152981,170
100,0,blank,0,-323,-105,152981,153116,135
100,0,blank,0,-323,-105,153116,153283,167
100,0,blank,0,-323,-105,153283,153427,144
100,0,blank,0,-323,-105,153427,153683,256
100,0,blank,0,-323,-105,153683,153938,255
100,0,blank,0,-323,-105,153938,154192,254
100,0,blank,0,-323,-105,154192,154371,179
100,0,blank,0,-323,-105,154371,154438,67
100,0,blank,0,-323,-105,154438,155304,866
100,0,blank,0,-323,-105,155304,155479,175
100,0,blank,0,-323,-105,155479,155628,149
100,0,blank,0,-323,-105,155628,155748,120
100,0,blank,0,-323,-105,155748,155903,155
100,0,blank,0,-323,-105,155903,156075,172
100,0,blank,0,-323,-105,156075,156466,391
100,0,blank,0,-323,-105,156466,156641,175
100,0,blank,0,-323,-105,156641,156737,96
100,0,blank,0,-323,-105,156737,156928,191
100,0,blank,0,-323,-105,156928,156977,49
100,0,blank,0,-323,-105,156977,157285,308
100,0,blank,0,-323,-105,157285,157472,187
100,0,blank,0,-323,-105,157472,157543,71
100,0,blank,0,961.422,75.82865,158277,158439,162
100,0,blank,0,954.717666666667,44.6443,158491,158657,166
100,0,blank,0,920.877,40.9291,158657,158815,158
100,0,blank,0,975.126,689.3079,159141,159268,127
100,0,blank,0,-323,-105,159748,159852,104
100,0,blank,0,299.04966,291.07086,159937,160119,182
100,0,blank,0,336.00995,325.930525,160119,160297,178
100,0,blank,0,332.92702,324.71038,160297,160485,188
100,0,blank,0,331.1937,327.68224,160485,160673,188
100,0,blank,0,308.9534,161.852575,160712,160858,146
100,0,blank,0,574.69656,42.12686,160894,161087,193
100,0,blank,0,563.839433333333,37.8542,161087,161197,110
