Frameno_fix,lineno_fix,Tokenname_fix,tokens_id,gaze_X_fix,gaze_Y_fix,timestamp_fix_start,timestamp_fix_end,time_duration
100,0,blank,0,85.4093333333333,-57.1162333333333,3569,3654,85
100,0,blank,0,91.617,-80.6925,3710,3740,30
100,0,blank,0,90.5104,-64.9356,3907,3935,28
100,1,recursion,12,521.8774,23.3093,4870,4897,27
100,0,blank,0,-323,-105,5182,5349,167
100,0,blank,0,-323,-105,5349,5438,89
100,0,blank,0,912.154,124.243,5477,5490,13
100,0,blank,0,967.756,196.5062,5580,5607,27
100,0,blank,0,485.5338,-1.8767,5914,5939,25
100,1,using,11,468.8348,20.4459,6064,6089,25
100,0,blank,0,121.4633,12.8795,6264,6289,25
100,0,blank,0,-323,-105,6514,6692,178
100,0,blank,0,-323,-105,6692,6867,175
100,0,blank,0,-323,-105,6867,6900,33
100,1,Binary,7,261.4922,3.2548,7084,7109,25
100,1,convert,6,208.7966,14.5322,7309,7334,25
100,1,convert,6,188.3283,7.2127,7510,7535,25
100,0,blank,0,322.2078,45.7947,7810,7836,26
100,0,blank,0,-323,-105,7860,7984,124
100,0,blank,0,362.9277,34.5271,8010,8036,26
100,0,blank,0,-323,-105,8933,9034,101
100,0,blank,0,-323,-105,9305,9468,163
100,0,blank,0,-323,-105,9701,9878,177
100,0,blank,0,-323,-105,9878,9978,100
100,0,blank,0,545.3416,-32.1807,10605,10630,25
100,0,blank,0,545.6287,-19.7366,10804,10829,25
100,0,blank,0,471.0506,-21.0645,11080,11105,25
100,0,blank,0,365.468,-105.021,11304,11329,25
100,0,blank,0,536.1533,-92.356,11561,11586,25
100,1,recursion,12,505.2823,0.716700000000003,11774,11799,25
100,0,blank,0,175.367,-17.3232,11942,11968,26
100,0,blank,0,66.9802,-29.1125,12026,12052,26
100,0,blank,0,189.8301,-28.9564,12111,12136,25
100,0,blank,0,309.5943,-28.023,12471,12499,28
100,0,blank,0,337.0354,-7.24550000000001,12788,12813,25
100,1,to,8,312.4381,19.7624,12925,12954,29
100,1,Gray,9,369.0699,18.5315,13155,13184,29
100,0,blank,0,380.3298,-5.095,13211,13239,28
100,0,blank,0,443.779,-41.2517,13298,13327,29
100,0,blank,0,424.0115,2.7098,13353,13381,28
100,3,int,23,17.9239,47.4133,13687,13714,27
100,0,blank,0,34.0907,7.944,13741,13770,29
100,0,blank,0,329.03655,5.97135,14276,14333,57
100,0,blank,0,315.6962,-5.7684,14361,14444,83
100,2,<,15,89.7666,39.1165,14862,14889,27
100,0,blank,0,112.984,-26.8886,14999,15027,28
100,1,to,8,129.7474,5.09739999999999,15111,15140,29
100,3,int,23,21.5361,48.9215,15693,15722,29
100,1,program,4,84.6893,13.8538333333333,15805,15888,83
100,3,binary_to_gray,21,121.7858,50.9916,15943,15970,27
100,0,blank,0,85.1728,78.4281,16707,16737,30
100,0,blank,0,84.1025,82.8433,17210,17238,28
100,5,(,28,81.9576,95.4383,17264,17294,30
100,5,n,30,99.4549,108.2285,17437,17465,28
100,0,blank,0,104.6118,81.9274,17773,17830,57
100,0,blank,0,89.6724,83.91,17885,17912,27
100,0,blank,0,100.9348,74.29175,18024,18082,58
100,0,blank,0,-323,-105,18140,18266,126
100,5,n,30,96.5637,100.3981,18293,18335,42
100,0,blank,0,97.7979,43.7704,18510,18539,29
100,0,blank,0,86.4896,79.9457,18596,18625,29
100,0,blank,0,-323,-105,18731,18858,127
100,0,blank,0,125.1507,621.2775,18957,18983,26
100,0,blank,0,-323,-105,19426,19624,198
100,0,blank,0,-323,-105,19624,19813,189
100,0,blank,0,-323,-105,19813,19990,177
100,0,blank,0,-323,-105,19990,20168,178
100,0,blank,0,-323,-105,20168,20269,101
100,0,blank,0,-323,-105,20269,20420,151
100,0,blank,0,-323,-105,20420,20607,187
100,0,blank,0,-323,-105,20607,20798,191
100,0,blank,0,-323,-105,20798,20996,198
100,0,blank,0,-323,-105,20996,21192,196
100,0,blank,0,-323,-105,21192,21370,178
100,0,blank,0,-323,-105,21370,21433,63
100,0,blank,0,-323,-105,21657,21808,151
100,0,blank,0,-323,-105,22754,22935,181
100,0,blank,0,-323,-105,22935,23113,178
100,0,blank,0,-323,-105,23113,23230,117
100,0,blank,0,-323,-105,23587,23687,100
100,0,blank,0,130.995,84.828,23897,23922,25
100,0,blank,0,-323,-105,24376,24516,140
100,0,blank,0,-323,-105,24516,24672,156
100,7,=,37,112.3503,154.5533,24703,24728,25
100,0,blank,0,-323,-105,25273,25457,184
100,0,blank,0,-323,-105,25457,25635,178
100,0,blank,0,-323,-105,25635,25831,196
100,0,blank,0,-323,-105,25831,26029,198
100,0,blank,0,-323,-105,26029,26113,84
100,15,int,101,55.9271,325.0644,26503,26531,28
100,0,blank,0,65.2772,311.7093,26588,26617,29
100,3,binary_to_gray,21,80.8128,60.4566,26925,26965,40
100,5,!,29,88.7628,93.4321,27102,27129,27
100,0,blank,0,89.6942,75.9593,27273,27331,58
100,0,blank,0,94.2976,84.7045,27588,27617,29
100,3,binary_to_gray,21,81.4172,62.7104,27646,27674,28
100,0,blank,0,79.216,85.0707,27703,27732,29
100,0,blank,0,84.3039,103.5681,27818,27848,30
100,0,blank,0,85.8718333333333,70.3676,27876,27964,88
100,5,n,30,96.5098,91.9113,28079,28108,29
100,0,blank,0,-323,-105,28311,28499,188
100,0,blank,0,-323,-105,28499,28621,122
100,0,blank,0,-323,-105,28621,28719,98
100,0,blank,0,-323,-105,28719,28914,195
100,0,blank,0,-323,-105,28914,29045,131
100,0,blank,0,-323,-105,29045,29213,168
100,0,blank,0,-323,-105,29213,29404,191
100,0,blank,0,-323,-105,29404,29590,186
100,0,blank,0,-323,-105,29590,29781,191
100,0,blank,0,-323,-105,29781,29938,157
100,0,blank,0,-323,-105,29938,30127,189
100,0,blank,0,-323,-105,30127,30299,172
100,0,blank,0,-323,-105,30299,30496,197
100,0,blank,0,-323,-105,30496,30694,198
100,0,blank,0,-323,-105,30694,30774,80
100,0,blank,0,-323,-105,30774,30947,173
100,0,blank,0,-323,-105,30947,31134,187
100,0,blank,0,-323,-105,31134,31168,34
100,0,blank,0,-323,-105,31168,31337,169
100,0,blank,0,-323,-105,31337,31512,175
100,0,blank,0,-323,-105,31512,31674,162
100,0,blank,0,-323,-105,31674,31859,185
100,0,blank,0,-323,-105,31859,32109,250
100,0,blank,0,-323,-105,32109,32427,318
100,0,blank,0,-323,-105,32427,32607,180
100,0,blank,0,-323,-105,32607,32640,33
100,0,blank,0,-323,-105,32640,33110,470
100,0,blank,0,-323,-105,33110,33216,106
100,0,blank,0,-323,-105,33216,33358,142
100,0,blank,0,-323,-105,33358,33816,458
100,0,blank,0,-323,-105,33816,34065,249
100,0,blank,0,-323,-105,34065,34098,33
100,0,blank,0,-323,-105,34098,34304,206
100,0,blank,0,-323,-105,34304,34477,173
100,0,blank,0,-323,-105,34477,34529,52
100,15,int,101,72.5858,322.2282,35004,35031,27
100,0,blank,0,-323,-105,35221,35405,184
100,0,blank,0,-323,-105,35405,35597,192
100,0,blank,0,-323,-105,35597,35783,186
100,0,blank,0,-323,-105,35783,35943,160
100,0,blank,0,-323,-105,35943,36104,161
100,0,blank,0,138.1556,96.7469,36522,36547,25
100,0,blank,0,-323,-105,36596,36790,194
100,0,blank,0,-323,-105,36790,36930,140
100,0,blank,0,-323,-105,37157,37333,176
100,0,blank,0,-323,-105,37333,37511,178
100,0,blank,0,-323,-105,37511,37702,191
100,0,blank,0,-323,-105,37702,37765,63
100,0,blank,0,-323,-105,37972,38155,183
100,0,blank,0,-323,-105,38155,38334,179
100,0,blank,0,-323,-105,38334,38530,196
100,0,blank,0,-323,-105,38530,38728,198
100,0,blank,0,-323,-105,38728,38854,126
100,0,blank,0,-323,-105,38854,39126,272
100,0,blank,0,-323,-105,39126,39405,279
100,0,blank,0,-323,-105,39405,39638,233
100,0,blank,0,-323,-105,39638,39828,190
100,0,blank,0,-323,-105,39828,40022,194
100,0,blank,0,-323,-105,40022,40195,173
100,0,blank,0,-323,-105,40195,40351,156
100,0,blank,0,-323,-105,40351,40482,131
100,0,blank,0,-323,-105,40482,40675,193
100,0,blank,0,-323,-105,40675,40775,100
100,0,blank,0,-323,-105,40775,40877,102
100,0,blank,0,-323,-105,40877,41025,148
100,0,blank,0,-323,-105,41025,41222,197
100,0,blank,0,-323,-105,41222,41335,113
100,0,blank,0,-323,-105,41335,41488,153
100,0,blank,0,-323,-105,41488,41583,95
100,0,blank,0,-323,-105,41583,41692,109
100,0,blank,0,-323,-105,41692,41802,110
100,0,blank,0,-323,-105,41802,41927,125
100,0,blank,0,-323,-105,41927,42102,175
100,0,blank,0,-323,-105,42102,42297,195
100,0,blank,0,-323,-105,42297,42478,181
100,0,blank,0,-323,-105,42478,42658,180
100,0,blank,0,-323,-105,42658,42787,129
100,0,blank,0,-323,-105,42787,42954,167
100,0,blank,0,-323,-105,42954,43149,195
100,0,blank,0,131.48715,111.37875,43862,43919,57
100,0,blank,0,87.8916,69.4949,44287,44315,28
100,0,blank,0,100.6676,136.0469,44853,44882,29
100,0,blank,0,-323,-105,45081,45209,128
100,7,%,39,143.0042,146.9104,45578,45607,29
100,7,n,38,132.8943,143.1637,45665,45694,29
100,0,blank,0,151.0104,135.2032,45866,45894,28
100,0,blank,0,172.6125,134.1194,46355,46381,26
100,0,blank,0,149.34225,162.9488,46404,46456,52
100,8,/,47,154.2374,169.9638,46572,46601,29
100,0,blank,0,134.3702,153.466,46629,46659,30
100,6,return,32,134.8404,126.1547,46889,46918,29
100,0,blank,0,-323,-105,47005,47135,130
100,6,0,33,155.4853,118.1574,47288,47313,25
100,7,%,39,152.8328,140.9139,47516,47545,29
100,7,int,35,67.8692,139.9584,47720,47749,29
100,0,blank,0,215.6732,-5.7633,47892,47921,29
100,0,blank,0,289.541,-11.41765,48006,48062,56
100,0,blank,0,325.5129,-21.7522,48285,48340,55
100,9,(,62,100.6949,179.5952,48652,48681,29
100,8,=,44,114.6256,161.3586,48852,48880,28
100,0,blank,0,-323,-105,48994,49152,158
100,0,blank,0,82.83575,114.12955,49751,49808,57
100,0,blank,0,77.7567,131.5034,50005,50033,28
100,0,blank,0,-323,-105,50147,50301,154
100,0,blank,0,113.8542,133.401,50440,50465,25
100,0,blank,0,149.0398,135.2314,50691,50748,57
100,7,%,39,152.4953,136.7677,50950,50978,28
100,7,int,35,73.0971,143.0794,51180,51237,57
100,0,blank,0,-323,-105,51438,51541,103
100,7,int,35,66.1594,142.7969,51763,51793,30
100,6,return,32,93.697,132.5114,51822,51851,29
100,0,blank,0,70.9218,156.1951,52264,52293,29
100,6,return,32,99.8478,132.3463,52323,52352,29
100,8,n,46,134.0561,168.2585,52528,52557,29
100,8,n,46,143.7104,158.7213,52849,52878,29
100,7,10,40,167.4617,153.3571,52965,52994,29
100,8,10,51,178.1938,162.4496,53023,53052,29
100,0,blank,0,-323,-105,53196,53325,129
100,8,n,46,140.9283,164.6817,53605,53635,30
100,7,%,39,145.5012,149.7154,53665,53695,30
100,0,blank,0,140.8649,145.3872,53812,53841,29
100,0,blank,0,148.635,171.0807,53900,53930,30
100,0,blank,0,137.966,149.67,53959,53989,30
100,0,blank,0,207.0618,127.6168,54046,54076,30
100,8,10,51,179.1988,175.8949,54135,54194,59
100,0,blank,0,223.3463,155.851,54336,54364,28
100,8,%,50,224.6912,174.5359,54483,54513,30
100,7,10,40,180.74145,145.01465,54660,54717,57
100,0,blank,0,171.115,160.2584,54746,54775,29
100,0,blank,0,-323,-105,54834,54935,101
100,0,blank,0,162.7115,136.5119,55095,55120,25
100,6,0,33,154.2309,131.8569,55323,55353,30
100,0,blank,0,117.165825,134.881275,55383,55500,117
100,0,blank,0,116.0002,137.1499,55791,55819,28
100,6,return,32,121.7189,131.27225,55877,55936,59
100,0,blank,0,139.74045,137.93075,55965,56024,59
100,7,%,39,147.35125,142.293225,56082,56198,116
100,0,blank,0,141.8182,135.0374,56401,56431,30
100,0,blank,0,-323,-105,56639,56818,179
100,0,blank,0,-323,-105,56818,56998,180
100,0,blank,0,-323,-105,56998,57077,79
100,0,blank,0,-323,-105,57077,57256,179
100,0,blank,0,-323,-105,57256,57375,119
100,0,blank,0,-323,-105,57375,57457,82
100,0,blank,0,-323,-105,58032,58208,176
100,0,blank,0,-323,-105,58208,58406,198
100,0,blank,0,-323,-105,58406,58543,137
100,0,blank,0,-323,-105,58543,58716,173
100,0,blank,0,-323,-105,58716,58840,124
100,0,blank,0,-323,-105,58840,59035,195
100,0,blank,0,-323,-105,59035,59208,173
100,0,blank,0,-323,-105,59208,59394,186
100,0,blank,0,-323,-105,59394,59593,199
100,0,blank,0,-323,-105,59593,59768,175
100,0,blank,0,-323,-105,59768,59948,180
100,0,blank,0,-323,-105,59948,60111,163
100,0,blank,0,-323,-105,60111,60299,188
100,0,blank,0,-323,-105,60299,60480,181
100,0,blank,0,-323,-105,60480,60646,166
100,0,blank,0,-323,-105,60646,60842,196
100,0,blank,0,-323,-105,60842,61034,192
100,0,blank,0,-323,-105,61034,61213,179
100,0,blank,0,-323,-105,61213,61370,157
100,0,blank,0,-323,-105,61370,61569,199
100,0,blank,0,-323,-105,61569,61752,183
100,0,blank,0,-323,-105,61752,61941,189
100,0,blank,0,-323,-105,61941,62131,190
100,0,blank,0,-323,-105,62131,62330,199
100,0,blank,0,-323,-105,62330,62510,180
100,0,blank,0,-323,-105,62510,62687,177
100,0,blank,0,-323,-105,62687,62862,175
100,0,blank,0,-323,-105,62862,63014,152
100,0,blank,0,-323,-105,63014,63278,264
100,0,blank,0,-323,-105,63278,63559,281
100,0,blank,0,-323,-105,63559,64053,494
100,0,blank,0,-323,-105,64053,64229,176
100,0,blank,0,-323,-105,64229,64338,109
100,0,blank,0,-323,-105,64338,64527,189
100,0,blank,0,-323,-105,64527,64713,186
100,0,blank,0,-323,-105,64713,64882,169
100,0,blank,0,-323,-105,64882,64984,102
100,0,blank,0,-323,-105,64984,65220,236
100,0,blank,0,-323,-105,65220,65455,235
100,0,blank,0,-323,-105,65455,65789,334
100,0,blank,0,-323,-105,65789,65839,50
100,0,blank,0,-323,-105,65839,66202,363
100,0,blank,0,-323,-105,66202,66261,59
100,0,blank,0,-323,-105,66261,66445,184
100,0,blank,0,-323,-105,66445,66627,182
100,0,blank,0,-323,-105,66627,66819,192
100,0,blank,0,-323,-105,66819,66994,175
100,0,blank,0,-323,-105,67384,67544,160
100,0,blank,0,-323,-105,67544,67706,162
100,0,blank,0,-323,-105,67706,67785,79
100,0,blank,0,-323,-105,68063,68088,25
100,0,blank,0,743.615,-103.9476,68188,68213,25
100,0,blank,0,704.027,-103.816,68326,68429,103
100,0,blank,0,677.9432,-103.8612,68454,68561,107
100,0,blank,0,764.579,-103.922,68663,68692,29
100,0,blank,0,-323,-105,68720,68905,185
100,0,blank,0,-323,-105,68905,69083,178
100,0,blank,0,-323,-105,69083,69223,140
100,0,blank,0,-323,-105,69774,69925,151
100,0,blank,0,-323,-105,69925,70124,199
100,0,blank,0,-323,-105,70124,70306,182
100,0,blank,0,-323,-105,70306,70476,170
100,0,blank,0,-323,-105,70476,70595,119
100,0,blank,0,-323,-105,70595,70778,183
100,0,blank,0,-323,-105,70778,70881,103
100,0,blank,0,-323,-105,70881,71063,182
100,0,blank,0,-323,-105,71063,71224,161
100,0,blank,0,-323,-105,71224,71282,58
100,0,blank,0,-323,-105,71282,71454,172
100,9,&&,65,136.0439,179.25,72306,72335,29
100,0,blank,0,137.915,154.1299,72639,72667,28
100,10,return,69,128.0409,211.1047,72833,72862,29
100,0,blank,0,147.6308,172.3807,73060,73087,27
100,7,%,39,150.986,150.2545,73144,73173,29
100,0,blank,0,103.7442,178.03775,73880,73937,57
100,8,n,46,135.9769,173.3489,74245,74274,29
100,0,blank,0,118.8399,183.0929,74303,74332,29
100,0,blank,0,119.8209,176.7805,74474,74501,27
100,0,blank,0,145.5175,173.3399,74698,74727,29
100,0,blank,0,-323,-105,74897,75055,158
100,0,blank,0,208.9015,175.7245,75081,75107,26
100,9,),68,194.8454,185.8563,75551,75577,26
100,0,blank,0,259.8674,200.3617,75901,75926,25
100,0,blank,0,277.7111,171.9683,76341,76366,25
100,0,blank,0,322.8863,181.3786,76820,76845,25
100,0,blank,0,419.3976,614.4731,77297,77322,25
100,0,blank,0,-323,-105,77595,77786,191
100,0,blank,0,-323,-105,77786,77882,96
100,9,!,63,168.2767,187.3622,78029,78079,50
100,0,blank,0,186.9418,203.0442,78533,78558,25
100,0,blank,0,-323,-105,78807,78983,176
100,0,blank,0,-323,-105,78983,79045,62
100,7,10,40,183.2374,150.608,79071,79097,26
100,0,blank,0,28.1961,162.9929,79249,79274,25
100,0,blank,0,-323,-105,79506,79691,185
100,0,blank,0,-323,-105,79691,79871,180
100,0,blank,0,-323,-105,79871,79959,88
100,0,blank,0,-323,-105,80376,80630,254
100,0,blank,0,-323,-105,80630,80884,254
100,0,blank,0,-323,-105,80884,81050,166
100,0,blank,0,-323,-105,81050,81221,171
100,0,blank,0,-323,-105,81221,81381,160
100,0,blank,0,-323,-105,81381,81549,168
100,0,blank,0,-323,-105,81549,81723,174
100,0,blank,0,-323,-105,81723,81756,33
100,0,blank,0,-323,-105,81756,82099,343
100,0,blank,0,-323,-105,82099,82440,341
100,0,blank,0,-323,-105,82440,82583,143
100,0,blank,0,-323,-105,82583,82841,258
100,0,blank,0,-323,-105,82841,83095,254
100,0,blank,0,-323,-105,83095,83349,254
100,0,blank,0,-323,-105,83349,83531,182
100,0,blank,0,-323,-105,83531,83593,62
100,0,blank,0,-323,-105,83593,83865,272
100,0,blank,0,-323,-105,83865,84141,276
100,0,blank,0,-323,-105,84141,84415,274
100,0,blank,0,-323,-105,84415,84608,193
100,0,blank,0,-323,-105,84608,84862,254
100,0,blank,0,-323,-105,84862,85181,319
100,0,blank,0,-323,-105,85181,85483,302
100,0,blank,0,318.7974,602.5139,86720,86746,26
100,0,blank,0,397.9944,-103.994,87015,87040,25
100,0,blank,0,325.6545,530.9928,87140,87195,55
100,0,blank,0,401.3426,562.7697,87788,87815,27
100,0,blank,0,326.2431,602.6962,91536,91564,28
100,0,blank,0,323.7323,598.2638,91704,91732,28
100,0,blank,0,367.9177,613.0394,92319,92345,26
100,0,blank,0,409.6764,639.3771,92824,92851,27
100,0,blank,0,384.8427,602.0054,92907,92935,28
100,0,blank,0,422.1103,612.6837,93072,93097,25
100,0,blank,0,465.3258,598.2003,93670,93695,25
100,0,blank,0,491.4273,606.5338,94052,94079,27
100,0,blank,0,372.4375,588.6977,95054,95078,24
100,0,blank,0,419.4141,640.0627,95181,95207,26
100,0,blank,0,328.3778,574.1178,95856,95883,27
100,0,blank,0,369.0114,628.8392,96245,96270,25
100,0,blank,0,-323,-105,96293,96470,177
100,0,blank,0,-323,-105,96470,96648,178
100,0,blank,0,-323,-105,96648,96828,180
100,0,blank,0,-323,-105,96828,97020,192
100,0,blank,0,-323,-105,97020,97208,188
100,0,blank,0,-323,-105,97208,97390,182
100,0,blank,0,-323,-105,97390,97577,187
100,0,blank,0,-323,-105,97577,97740,163
100,0,blank,0,-323,-105,97740,97903,163
100,0,blank,0,-323,-105,97903,98095,192
100,0,blank,0,-323,-105,98095,98286,191
100,0,blank,0,-323,-105,98286,98481,195
100,0,blank,0,-323,-105,98481,98660,179
100,0,blank,0,-323,-105,98660,98843,183
100,0,blank,0,-323,-105,98843,99018,175
100,0,blank,0,-323,-105,99018,99203,185
100,0,blank,0,-323,-105,99203,99379,176
100,0,blank,0,-323,-105,99379,99564,185
100,0,blank,0,-323,-105,99564,99739,175
100,0,blank,0,-323,-105,99739,99919,180
100,0,blank,0,-323,-105,99919,100078,159
100,0,blank,0,644.28205,-103.82035,100376,100458,82
100,0,blank,0,702.433,-103.7929,100627,100655,28
100,0,blank,0,660.657,-103.828433333333,101256,101363,107
100,0,blank,0,593.1046,-103.836266666667,101526,101613,87
100,0,blank,0,650.79,-103.8571,101644,101672,28
100,0,blank,0,600.0585,-103.89035,101902,101962,60
100,0,blank,0,596.3254,-103.891,102445,102473,28
100,0,blank,0,672.1265,-103.8132,102756,102835,79
100,0,blank,0,649.2226,-103.81565,103150,103205,55
100,0,blank,0,676.7563,-103.8794,103374,103399,25
100,0,blank,0,651.74265,-103.8509,103582,103632,50
100,0,blank,0,-323,-105,104014,104200,186
100,0,blank,0,-323,-105,104200,104386,186
100,0,blank,0,-323,-105,104386,104562,176
100,0,blank,0,-323,-105,104562,104747,185
100,0,blank,0,-323,-105,104747,104939,192
100,0,blank,0,-323,-105,104939,105127,188
100,0,blank,0,-323,-105,105127,105344,217
100,0,blank,0,-323,-105,105344,105493,149
100,0,blank,0,-323,-105,105493,105814,321
100,0,blank,0,-323,-105,105814,105913,99
100,0,blank,0,-323,-105,105913,106109,196
100,0,blank,0,-323,-105,106109,106387,278
100,0,blank,0,-323,-105,106387,106713,326
100,0,blank,0,-323,-105,106713,106810,97
100,10,return,69,159.2858,207.2808,107294,107334,40
100,0,blank,0,-323,-105,107506,107686,180
100,0,blank,0,-323,-105,107686,107840,154
100,0,blank,0,-323,-105,107840,108023,183
100,0,blank,0,-323,-105,108023,108212,189
100,0,blank,0,-323,-105,108212,108387,175
100,0,blank,0,-323,-105,108387,108571,184
100,0,blank,0,-323,-105,108571,108638,67
100,0,blank,0,-323,-105,108638,108787,149
100,0,blank,0,-323,-105,108787,108979,192
100,0,blank,0,-323,-105,108979,109160,181
100,0,blank,0,-323,-105,109160,109339,179
100,0,blank,0,-323,-105,109339,109516,177
100,0,blank,0,-323,-105,109516,109645,129
100,0,blank,0,-323,-105,109645,109898,253
100,0,blank,0,-323,-105,109898,110078,180
100,0,blank,0,-323,-105,110078,110261,183
100,0,blank,0,-323,-105,110261,110454,193
100,0,blank,0,-323,-105,110454,110631,177
100,0,blank,0,-323,-105,110631,110808,177
100,0,blank,0,-323,-105,110808,110986,178
100,0,blank,0,-323,-105,110986,111031,45
100,10,return,69,167.1439,218.4385,111355,111383,28
100,9,),68,200.6721,193.7706,111523,111551,28
100,0,blank,0,186.1655,206.7182,111580,111606,26
100,0,blank,0,190.025,207.3899,111719,111747,28
100,9,&&,65,228.2563,186.3642,111828,111854,26
100,0,blank,0,216.097,220.1581,112101,112129,28
100,0,blank,0,229.9728,174.2541,112242,112270,28
100,0,blank,0,219.4023,213.3799,112297,112325,28
100,10,10,79,253.3646,219.469,112599,112685,86
100,0,blank,0,-323,-105,112742,112920,178
100,0,blank,0,-323,-105,112920,113098,178
100,0,blank,0,-323,-105,113098,113287,189
100,0,blank,0,-323,-105,113287,113465,178
100,0,blank,0,-323,-105,113465,113642,177
100,0,blank,0,-323,-105,113642,113828,186
100,0,blank,0,-323,-105,113828,114004,176
100,0,blank,0,-323,-105,114004,114182,178
100,0,blank,0,-323,-105,114182,114373,191
100,0,blank,0,-323,-105,114373,114553,180
100,0,blank,0,-323,-105,114553,114734,181
100,0,blank,0,-323,-105,114734,114918,184
100,0,blank,0,-323,-105,114918,115117,199
100,0,blank,0,-323,-105,115117,115301,184
100,0,blank,0,-323,-105,115301,115483,182
100,0,blank,0,-323,-105,115483,115664,181
100,0,blank,0,-323,-105,115664,115844,180
100,0,blank,0,-323,-105,115844,116024,180
100,0,blank,0,-323,-105,116024,116202,178
100,0,blank,0,-323,-105,116202,116385,183
100,0,blank,0,-323,-105,116385,116565,180
100,0,blank,0,-323,-105,116565,116744,179
100,0,blank,0,-323,-105,116744,116925,181
100,0,blank,0,-323,-105,116925,117099,174
100,0,blank,0,-323,-105,117099,117245,146
100,0,blank,0,207.6719,-103.642433333333,117329,117414,85
100,0,blank,0,247.1606,-103.6366,117528,117554,26
100,0,blank,0,218.8368,-103.7345,117581,117612,31
100,0,blank,0,202.0104,-103.7369,117788,117816,28
100,0,blank,0,183.0494,-103.7746,117873,117927,54
100,0,blank,0,250.462,-103.767033333333,118065,118178,113
100,0,blank,0,216.74195,-103.71355,118241,118300,59
100,0,blank,0,-323,-105,118481,118603,122
100,0,blank,0,634.7869,-103.8798,118863,118913,50
100,0,blank,0,699.195,-103.775,119132,119191,59
100,0,blank,0,-323,-105,119740,119921,181
100,0,blank,0,-323,-105,119921,120099,178
100,0,blank,0,-323,-105,120099,120290,191
100,0,blank,0,-323,-105,120290,120351,61
100,0,blank,0,-323,-105,120351,120632,281
100,9,&&,65,232.2079,189.85,121187,121216,29
100,8,10,51,241.3559,168.9301,121271,121299,28
100,0,blank,0,264.5576,211.3067,121410,121439,29
100,0,blank,0,-323,-105,121886,122065,179
100,0,blank,0,-323,-105,122065,122257,192
100,0,blank,0,-323,-105,122257,122441,184
100,0,blank,0,-323,-105,122441,122625,184
100,0,blank,0,-323,-105,122625,122805,180
100,0,blank,0,-323,-105,122805,122985,180
100,0,blank,0,-323,-105,122985,123165,180
100,0,blank,0,-323,-105,123165,123359,194
100,0,blank,0,-323,-105,123359,123555,196
100,0,blank,0,-323,-105,123555,123742,187
100,0,blank,0,-323,-105,123742,123924,182
100,0,blank,0,-323,-105,123924,124083,159
100,0,blank,0,-323,-105,124083,124256,173
100,0,blank,0,-323,-105,124256,124344,88
100,0,blank,0,183.4251,-103.7271,124573,124600,27
100,0,blank,0,141.6587,-103.7613,124710,124794,84
100,0,blank,0,165.93365,-103.75655,124931,124987,56
100,0,blank,0,171.1858,-103.74415,125041,125096,55
100,0,blank,0,222.4532,-103.8275,125188,125219,31
100,0,blank,0,188.1312,-103.7688,125385,125414,29
100,0,blank,0,256.1267,-103.7707,126097,126138,41
100,0,blank,0,204.1397,-103.75085,126643,126698,55
100,0,blank,0,155.71375,-103.8003,127473,127527,54
100,0,blank,0,-323,-105,127581,127751,170
100,9,&&,65,238.548,195.4768,127893,127917,24
100,0,blank,0,242.2784,179.4467,127945,127974,29
100,8,10,51,237.7657,163.02485,128088,128148,60
100,9,&&,65,226.1718,193.55885,128351,128408,57
100,0,blank,0,-323,-105,128437,128569,132
100,10,+,72,226.31125,211.99095,128722,128776,54
100,0,blank,0,232.62995,176.05065,128835,128893,58
100,8,%,50,214.1568,177.1806,129038,129067,29
100,8,%,50,215.8105,173.8839,129126,129155,29
100,0,blank,0,226.83945,173.35695,129184,129242,58
100,0,blank,0,215.3922,193.84405,129272,129331,59
100,10,1,71,208.7959,210.2182,129390,129449,59
100,0,blank,0,221.3967,179.4273,129479,129508,29
100,9,&&,65,232.7864,187.2177,129537,129566,29
100,0,blank,0,-323,-105,129625,129729,104
100,8,%,50,222.8936,160.5605,129805,129827,22
100,9,&&,65,236.0095,190.162,129880,129910,30
100,8,10,51,237.043066666667,164.5356,129939,130027,88
100,0,blank,0,227.6891,178.1054,130085,130115,30
100,0,blank,0,-323,-105,130203,130333,130
100,0,blank,0,-323,-105,130333,130410,77
100,0,blank,0,222.6934,182.0482,130441,130467,26
100,0,blank,0,-323,-105,130607,130791,184
100,0,blank,0,-323,-105,130791,130975,184
100,0,blank,0,-323,-105,130975,131163,188
100,0,blank,0,-323,-105,131163,131255,92
100,0,blank,0,-323,-105,131255,131692,437
100,0,blank,0,-323,-105,131692,131931,239
100,0,blank,0,-323,-105,131931,132172,241
100,0,blank,0,-323,-105,132172,132335,163
100,0,blank,0,-323,-105,132335,132481,146
100,0,blank,0,-323,-105,132481,132625,144
100,0,blank,0,-323,-105,132625,132820,195
100,0,blank,0,-323,-105,132820,133050,230
100,0,blank,0,-323,-105,133050,133205,155
100,0,blank,0,-323,-105,133205,133427,222
100,0,blank,0,-323,-105,133427,133599,172
100,0,blank,0,-323,-105,133599,133766,167
100,0,blank,0,-323,-105,133766,134093,327
100,0,blank,0,-323,-105,134093,134274,181
100,0,blank,0,-323,-105,134274,134452,178
100,0,blank,0,-323,-105,134452,134641,189
100,0,blank,0,-323,-105,134641,134799,158
100,0,blank,0,-323,-105,134799,134957,158
100,0,blank,0,-323,-105,134957,135113,156
100,0,blank,0,-323,-105,135113,135297,184
100,0,blank,0,-323,-105,135297,135489,192
100,0,blank,0,-323,-105,135489,135675,186
100,0,blank,0,-323,-105,135675,135712,37
100,9,),68,206.0828,183.2262,136345,136370,25
100,0,blank,0,-323,-105,136470,136495,25
100,10,*,74,282.2338,220.6256,136521,136546,25
100,8,;,52,257.3794,171.9021,136595,136620,25
100,0,blank,0,264.2323,203.3739,136720,136745,25
100,9,(,62,248.699,185.8643,136870,136895,25
100,9,!,63,267.6528,192.0718,137020,137045,25
100,0,blank,0,-323,-105,137120,137145,25
100,11,binary_to_gray,87,277.936,231.4181,137195,137220,25
100,0,blank,0,241.1708,217.6616,138127,138156,29
100,10,binary_to_gray,75,350.783833333333,202.790033333333,138502,138589,87
100,0,blank,0,386.2963,267.4279,139244,139274,30
100,0,blank,0,388.55075,271.16485,139443,139500,57
100,0,blank,0,396.5433,268.1078,139558,139587,29
100,0,blank,0,277.863,275.9922,139730,139758,28
100,0,blank,0,279.5702,253.73745,139787,139844,57
100,0,blank,0,280.9982,272.733,139873,139902,29
100,11,binary_to_gray,87,279.5768,238.8891,139929,139956,27
100,0,blank,0,330.04325,256.04395,140096,140149,53
100,0,blank,0,343.8649,247.2529,140177,140206,29
100,0,blank,0,337.78675,257.8843,140263,140320,57
100,0,blank,0,267.82875,268.12655,140490,140545,55
100,9,!,63,284.6498,195.6509,140597,140623,26
100,9,!,63,276.8014,199.7771,140826,140884,58
100,0,blank,0,419.3081,189.1048,141286,141315,29
100,10,binary_to_gray,75,422.6082,208.103,141372,141402,30
100,0,blank,0,401.3055,178.4426,141430,141459,29
100,0,blank,0,443.2989,226.9144,141604,141633,29
100,0,blank,0,448.8517,198.7958,141662,141691,29
100,0,blank,0,446.7803,180.0329,141808,141837,29
100,0,blank,0,439.4554,182.2348,142155,142184,29
100,0,blank,0,-323,-105,142330,142513,183
100,0,blank,0,-323,-105,142513,142689,176
100,0,blank,0,-323,-105,142689,142888,199
100,0,blank,0,-323,-105,142888,143068,180
100,0,blank,0,-323,-105,143068,143239,171
100,0,blank,0,-323,-105,143239,143408,169
100,0,blank,0,-323,-105,143408,143587,179
100,0,blank,0,-323,-105,143587,143782,195
100,0,blank,0,-323,-105,143782,144052,270
100,0,blank,0,-323,-105,144052,144170,118
100,0,blank,0,-323,-105,144170,144254,84
100,0,blank,0,-323,-105,144254,144390,136
100,0,blank,0,725.719,-103.8197,144501,144539,38
100,0,blank,0,778.758,-103.8718,144560,144587,27
100,0,blank,0,-323,-105,144673,144827,154
100,0,blank,0,-323,-105,144827,144998,171
100,0,blank,0,-323,-105,144998,145163,165
100,0,blank,0,-323,-105,145163,145354,191
100,0,blank,0,-323,-105,145354,145532,178
100,0,blank,0,-323,-105,145532,145730,198
100,0,blank,0,-323,-105,145730,145867,137
100,0,blank,0,-323,-105,145867,145938,71
100,0,blank,0,-323,-105,145938,146227,289
100,0,blank,0,-323,-105,146227,146267,40
100,0,blank,0,-323,-105,146267,146557,290
100,0,blank,0,-323,-105,146557,146612,55
100,0,blank,0,-323,-105,146612,146915,303
100,0,blank,0,-323,-105,146915,147179,264
100,0,blank,0,-323,-105,147179,147286,107
100,0,blank,0,-323,-105,147286,147391,105
100,0,blank,0,-323,-105,147391,147556,165
100,0,blank,0,-323,-105,147556,147739,183
100,0,blank,0,-323,-105,147739,148144,405
100,0,blank,0,-323,-105,148144,148445,301
100,0,blank,0,175.971,692.3283,148961,148989,28
100,0,blank,0,142.136,-103.9874,149382,149407,25
100,0,blank,0,105.4344,-103.8107,149483,149510,27
100,0,blank,0,-323,-105,149821,149999,178
100,0,blank,0,-323,-105,149999,150103,104
100,0,blank,0,-323,-105,150103,150278,175
100,0,blank,0,-323,-105,150278,150395,117
100,0,blank,0,-323,-105,150395,150549,154
100,0,blank,0,-323,-105,150549,150732,183
100,0,blank,0,-323,-105,150732,150899,167
100,0,blank,0,-323,-105,150899,151066,167
100,0,blank,0,-323,-105,151066,151239,173
100,0,blank,0,-323,-105,151239,151345,106
100,0,blank,0,-323,-105,151345,151467,122
100,0,blank,0,-323,-105,151467,151574,107
100,0,blank,0,-323,-105,151574,151692,118
100,0,blank,0,-323,-105,151692,151792,100
100,0,blank,0,-323,-105,151792,151951,159
100,0,blank,0,-323,-105,151951,152144,193
100,0,blank,0,-323,-105,152144,152337,193
100,0,blank,0,-323,-105,152337,152610,273
100,0,blank,0,-323,-105,152610,152885,275
100,0,blank,0,-323,-105,152885,153139,254
100,0,blank,0,-323,-105,153139,153320,181
100,0,blank,0,-323,-105,153320,153576,256
100,0,blank,0,-323,-105,153576,153830,254
100,0,blank,0,-323,-105,153830,154084,254
100,0,blank,0,-323,-105,154084,154275,191
100,0,blank,0,-323,-105,154275,154446,171
100,0,blank,0,-323,-105,154446,154579,133
100,0,blank,0,-323,-105,154579,154772,193
100,0,blank,0,-323,-105,154772,154935,163
100,0,blank,0,-323,-105,154935,155000,65
100,0,blank,0,-323,-105,155000,155185,185
100,0,blank,0,-323,-105,155185,155890,705
100,0,blank,0,-323,-105,155890,156034,144
100,0,blank,0,-323,-105,156034,156291,257
100,0,blank,0,-323,-105,156291,156545,254
100,0,blank,0,-323,-105,156545,156799,254
100,0,blank,0,-323,-105,156799,156874,75
100,0,blank,0,-323,-105,156874,157129,255
100,0,blank,0,-323,-105,157129,157383,254
100,0,blank,0,-323,-105,157383,157445,62
100,0,blank,0,-323,-105,157445,157638,193
100,0,blank,0,-323,-105,157638,157834,196
100,0,blank,0,-323,-105,157834,157966,132
100,0,blank,0,-323,-105,157966,158080,114
100,0,blank,0,-323,-105,158080,158239,159
100,0,blank,0,-323,-105,158239,158375,136
100,0,blank,0,-323,-105,158375,158565,190
100,0,blank,0,-323,-105,158565,158748,183
100,0,blank,0,-323,-105,158748,158925,177
100,0,blank,0,-323,-105,158925,159117,192
100,0,blank,0,-323,-105,159117,159153,36
100,0,blank,0,420.2068,516.3505,160231,160259,28
100,0,blank,0,411.2441,607.6864,160705,160733,28
100,0,blank,0,692.643,-103.825,161343,161369,26
100,0,blank,0,717.341,-103.7979,161454,161535,81
100,0,blank,0,696.5115,-103.85155,161560,161647,87
100,0,blank,0,666.3106,-103.7954,161698,161756,58
100,0,blank,0,696.08,-103.8376,161817,161844,27
100,0,blank,0,721.266,-103.8619,162012,162038,26
100,0,blank,0,681.4995,-103.82665,162323,162378,55
100,0,blank,0,711.412,-103.8789,162465,162493,28
100,0,blank,0,682.681,-103.8378,162693,162720,27
100,0,blank,0,724.119,-103.8451,162830,162856,26
100,0,blank,0,738.715,-103.8009,162968,162993,25
100,0,blank,0,699.878,-103.7779,163167,163195,28
100,0,blank,0,699.469,-103.8006,163223,163249,26
100,0,blank,0,686.786,-103.8308,163303,163329,26
100,0,blank,0,695.014,-103.7951,163517,163545,28
100,0,blank,0,724.107,-103.875,163624,163649,25
100,0,blank,0,744.386,-103.7779,163979,164005,26
100,0,blank,0,701.332,-103.7866,164034,164063,29
100,0,blank,0,740.696,-103.8077,164091,164117,26
100,0,blank,0,712.076,-103.799,164172,164197,25
100,0,blank,0,724.964,-103.7802,164225,164251,26
100,0,blank,0,681.817966666667,-103.82,164415,164499,84
100,0,blank,0,689.1995,-103.84565,164527,164583,56
100,0,blank,0,687.91,-103.824566666667,164669,164750,81
100,0,blank,0,723.07,-103.81955,165092,165146,54
100,0,blank,0,745.906,-103.790733333333,165718,165798,80
100,0,blank,0,818.579,-103.8072,166017,166042,25
100,0,blank,0,767.474,-103.7694,166233,166260,27
100,0,blank,0,751.465,-103.8082,166393,166420,27
100,0,blank,0,766.064,-103.7939,166503,166586,83
100,0,blank,0,719.678,-103.7552,166724,166755,31
100,0,blank,0,712.498,-103.7336,167032,167087,55
100,0,blank,0,697.646,-103.805,167390,167417,27
100,0,blank,0,703.844,-103.8107,167444,167472,28
100,0,blank,0,750.143,-103.7849,167499,167526,27
100,0,blank,0,669.2733,-103.796,167580,167610,30
100,0,blank,0,726.518,-103.808,167691,167718,27
100,0,blank,0,716.533,-103.83245,167744,167798,54
100,0,blank,0,657.714,-103.8264,167825,167851,26
100,0,blank,0,708.5792,-103.80596,168045,168199,154
100,0,blank,0,698.754,-103.8139,168285,168316,31
100,0,blank,0,743.412,-103.8071,168423,168507,84
100,0,blank,0,703.343,-103.7913,168696,168723,27
100,0,blank,0,703.505333333333,-103.799033333333,168751,168830,79
100,0,blank,0,700.008,-103.8383,168882,168910,28
100,0,blank,0,693.403,-103.8086,169136,169163,27
100,0,blank,0,708.569,-103.827366666667,169376,169459,83
100,0,blank,0,720.754,-103.8158,169486,169513,27
100,0,blank,0,692.86,-103.79785,169540,169594,54
100,0,blank,0,723.606,-103.8121,169620,169646,26
100,0,blank,0,705.309,-103.7873,169700,169727,27
100,0,blank,0,689.2505,-103.82945,169808,169861,53
100,0,blank,0,728.693,-103.838,169888,169914,26
100,0,blank,0,701.933,-103.834,169995,170021,26
100,0,blank,0,711.585,-103.82725,170073,170130,57
100,0,blank,0,704.9345,-103.8368,170210,170289,79
100,0,blank,0,720.527,-103.8128,170315,170369,54
100,0,blank,0,701.769,-103.8234,170453,170480,27
100,0,blank,0,710.926,-103.8145,170506,170533,27
100,0,blank,0,708.854,-103.8374,170781,170831,50
100,0,blank,0,690.485,-103.8297,170864,170891,27
100,0,blank,0,686.081,-103.8283,170972,170999,27
100,0,blank,0,-323,-105,171893,172071,178
100,0,blank,0,-323,-105,172071,172194,123
100,0,blank,0,404.1316,537.2264,172932,172954,22
100,0,blank,0,315.4683,547.9571,173639,173669,30
100,0,blank,0,-323,-105,173989,174172,183
100,0,blank,0,-323,-105,174172,174355,183
100,0,blank,0,-323,-105,174355,174548,193
100,0,blank,0,-323,-105,174548,174746,198
100,0,blank,0,-323,-105,174746,174922,176
100,0,blank,0,-323,-105,174922,174975,53
100,0,blank,0,-323,-105,176509,176692,183
100,0,blank,0,-323,-105,176692,176880,188
100,0,blank,0,-323,-105,176880,177069,189
100,0,blank,0,-323,-105,177069,177246,177
100,0,blank,0,-323,-105,177246,177417,171
100,0,blank,0,-323,-105,177417,177600,183
100,0,blank,0,-323,-105,177600,177789,189
100,0,blank,0,-323,-105,177789,177966,177
100,0,blank,0,-323,-105,177966,178157,191
100,0,blank,0,-323,-105,178157,178347,190
100,0,blank,0,-323,-105,178347,178409,62
100,0,blank,0,-323,-105,178629,178817,188
100,0,blank,0,-323,-105,180166,180359,193
100,0,blank,0,-323,-105,180359,180472,113
100,0,blank,0,-323,-105,180472,180781,309
100,0,blank,0,-323,-105,180781,180978,197
100,0,blank,0,-323,-105,180978,181093,115
100,0,blank,0,-323,-105,181093,181385,292
100,0,blank,0,-323,-105,181385,181518,133
100,0,blank,0,-323,-105,181518,181673,155
100,0,blank,0,-323,-105,181673,181803,130
100,0,blank,0,-323,-105,181803,182148,345
100,0,blank,0,-323,-105,182148,182324,176
100,0,blank,0,-323,-105,182324,182402,78
100,0,blank,0,396.0939,575.5636,182757,182786,29
100,0,blank,0,365.3797,559.5347,183160,183189,29
100,0,blank,0,406.6031,575.9824,183446,183476,30
100,0,blank,0,388.2844,540.3818,184412,184440,28
100,0,blank,0,402.7727,559.6514,184649,184678,29
100,0,blank,0,-323,-105,185001,185178,177
100,0,blank,0,-323,-105,185178,185342,164
100,0,blank,0,-323,-105,185342,185475,133
100,0,blank,0,-323,-105,185475,185670,195
100,0,blank,0,-323,-105,185670,185854,184
100,0,blank,0,-323,-105,185854,186022,168
100,0,blank,0,-323,-105,186022,186185,163
100,0,blank,0,-323,-105,186185,186373,188
100,0,blank,0,-323,-105,186373,186551,178
100,0,blank,0,388.1976,553.3046,186951,187009,58
100,0,blank,0,369.1784,576.7663,187168,187203,35
100,0,blank,0,-323,-105,187380,187560,180
100,0,blank,0,-323,-105,187560,187673,113
100,8,n,46,142.9472,166.5937,187811,187871,60
100,9,&&,65,149.6291,184.3583,187901,187931,30
100,0,blank,0,161.3314,181.43765,187991,188052,61
100,8,n,46,143.55785,161.68435,188173,188235,62
100,8,/,47,161.6262,157.3427,188293,188322,29
100,9,!,63,171.2119,179.7795,188442,188472,30
100,8,/,47,162.98045,173.45365,188683,188743,60
100,0,blank,0,-323,-105,189191,189347,156
100,0,blank,0,-323,-105,189347,189525,178
100,0,blank,0,-323,-105,189525,189699,174
100,0,blank,0,-323,-105,189699,189874,175
100,0,blank,0,-323,-105,189874,189920,46
100,0,blank,0,-323,-105,190720,190881,161
100,0,blank,0,-323,-105,190881,191074,193
100,0,blank,0,-323,-105,191074,191235,161
100,0,blank,0,-323,-105,191235,191352,117
100,9,),68,195.8973,197.4209,191466,191495,29
100,10,1,71,210.49735,218.9343,191547,191603,56
100,8,10,51,183.4932,176.3656,191692,191751,59
100,0,blank,0,185.08755,182.3468,191987,192047,60
100,9,),68,199.0228,187.8364,192076,192107,31
100,8,10,51,173.92105,157.43875,192136,192197,61
100,0,blank,0,-323,-105,192226,192408,182
100,0,blank,0,-323,-105,192408,192587,179
100,0,blank,0,-323,-105,192587,192769,182
100,0,blank,0,-323,-105,192769,192968,199
100,0,blank,0,-323,-105,192968,193057,89
100,0,blank,0,-323,-105,193057,193223,166
100,0,blank,0,-323,-105,193223,193374,151
100,0,blank,0,-323,-105,193374,193736,362
100,0,blank,0,-323,-105,193736,193904,168
100,0,blank,0,-323,-105,193904,194206,302
100,0,blank,0,-323,-105,194206,194380,174
100,0,blank,0,-323,-105,194380,195370,990
100,0,blank,0,-323,-105,195370,195514,144
100,0,blank,0,-323,-105,195514,195768,254
100,0,blank,0,-323,-105,195768,196022,254
100,0,blank,0,-323,-105,196022,196197,175
100,0,blank,0,-323,-105,196197,196271,74
100,9,),68,192.0307,193.44825,196307,196393,86
100,0,blank,0,-323,-105,196870,196998,128
100,0,blank,0,-323,-105,196998,197144,146
100,0,blank,0,-323,-105,197144,197436,292
100,0,blank,0,-323,-105,197436,197494,58
100,0,blank,0,-323,-105,197494,197699,205
100,0,blank,0,-323,-105,197699,198120,421
100,0,blank,0,-323,-105,198120,198264,144
100,0,blank,0,-323,-105,198264,198519,255
100,0,blank,0,-323,-105,198519,198773,254
100,0,blank,0,-323,-105,198773,198842,69
100,0,blank,0,-323,-105,198842,199267,425
100,0,blank,0,-323,-105,199267,199665,398
100,0,blank,0,-323,-105,199665,199843,178
100,0,blank,0,-323,-105,199843,199999,156
100,0,blank,0,-323,-105,200398,200570,172
100,0,blank,0,-323,-105,200570,200726,156
100,0,blank,0,-323,-105,200726,201055,329
100,0,blank,0,-323,-105,201055,201219,164
100,0,blank,0,-323,-105,201219,201368,149
100,0,blank,0,-323,-105,201368,201429,61
100,0,blank,0,-323,-105,201429,201587,158
100,0,blank,0,-323,-105,201587,201646,59
100,0,blank,0,-323,-105,201646,201921,275
100,0,blank,0,-323,-105,201921,201994,73
100,0,blank,0,331.2189,560.5829,203223,203252,29
100,0,blank,0,411.4821,542.6423,203732,203757,25
100,0,blank,0,464.5914,537.1897,204154,204185,31
100,0,blank,0,516.9584,557.8665,204214,204243,29
100,0,blank,0,385.7744,571.3583,204562,204591,29
100,0,blank,0,339.2086,573.3535,204736,204764,28
100,0,blank,0,319.9973,575.24195,204794,204850,56
100,0,blank,0,514.796,515.5206,205820,205848,28
100,0,blank,0,499.7815,557.51915,205878,205936,58
100,0,blank,0,527.2153,509.1024,206099,206128,29
100,0,blank,0,410.7302,550.5131,206402,206431,29
100,0,blank,0,323.9813,536.6418,207157,207186,29
100,0,blank,0,362.90215,584.5018,207305,207368,63
100,0,blank,0,-323,-105,207836,208010,174
100,0,blank,0,-323,-105,208010,208188,178
100,0,blank,0,-323,-105,208188,208246,58
100,11,binary_to_gray,87,218.0272,228.8073,208927,208956,29
100,11,binary_to_gray,87,226.6209,230.6885,209045,209074,29
100,11,binary_to_gray,87,295.5367,227.2424,209219,209248,29
100,0,blank,0,-323,-105,209364,209490,126
100,0,blank,0,330.3253,198.7163,209580,209605,25
100,0,blank,0,184.3347,200.9704,209865,209895,30
100,10,return,69,162.947,207.491933333333,209984,210074,90
100,0,blank,0,106.9615,222.9467,210134,210165,31
100,11,(,88,108.5603,224.8162,210193,210222,29
100,0,blank,0,-323,-105,210343,210472,129
100,0,blank,0,-323,-105,210472,210628,156
100,0,blank,0,-323,-105,210628,210816,188
100,0,blank,0,-323,-105,210816,211011,195
100,0,blank,0,-323,-105,211011,211190,179
100,0,blank,0,-323,-105,211190,211371,181
100,0,blank,0,-323,-105,211371,211559,188
100,0,blank,0,-323,-105,211559,211705,146
100,0,blank,0,-323,-105,211705,211809,104
100,0,blank,0,334.1644,272.20485,212055,212125,70
100,0,blank,0,-323,-105,212163,212333,170
100,0,blank,0,-323,-105,212333,212526,193
100,0,blank,0,-323,-105,212526,212712,186
100,0,blank,0,-323,-105,212712,212898,186
100,0,blank,0,-323,-105,212898,213015,117
100,0,blank,0,385.7516,180.6217,213095,213124,29
100,11,binary_to_gray,87,174.0882,225.2194,213183,213213,30
100,11,binary_to_gray,87,180.1519,224.4613,213273,213303,30
100,9,!,63,165.2689,189.9708,213391,213421,30
100,10,binary_to_gray,75,392.4698,221.0898,213632,213662,30
100,10,binary_to_gray,75,380.5076,213.8884,214132,214192,60
100,0,blank,0,-323,-105,214331,214411,80
100,10,binary_to_gray,75,361.779,201.4514,215032,215091,59
100,10,binary_to_gray,75,364.0784,205.1303,215151,215209,58
100,10,binary_to_gray,75,374.8262,214.6871,215415,215445,30
100,10,binary_to_gray,75,359.0615,215.2863,215504,215535,31
100,10,binary_to_gray,75,368.1988,212.846,215740,215769,29
100,10,binary_to_gray,75,374.0729,216.45795,215798,215858,60
100,10,binary_to_gray,75,370.5565,214.5498,215975,216035,60
100,0,blank,0,-323,-105,216189,216358,169
100,0,blank,0,-323,-105,216358,216481,123
100,0,blank,0,-323,-105,216481,216591,110
100,0,blank,0,-323,-105,216591,216773,182
100,0,blank,0,-323,-105,216773,216970,197
100,0,blank,0,-323,-105,216970,217206,236
100,0,blank,0,-323,-105,217206,217398,192
100,0,blank,0,-323,-105,217398,217587,189
100,0,blank,0,-323,-105,217587,217769,182
100,0,blank,0,-323,-105,217769,217940,171
100,0,blank,0,-323,-105,217940,218051,111
100,0,blank,0,-323,-105,218051,218238,187
100,0,blank,0,-323,-105,218238,218404,166
100,0,blank,0,-323,-105,218404,218578,174
100,0,blank,0,-323,-105,218578,218763,185
100,0,blank,0,-323,-105,218763,218912,149
100,0,blank,0,-323,-105,218912,219085,173
100,0,blank,0,-323,-105,219085,219249,164
100,0,blank,0,-323,-105,219249,219358,109
100,0,blank,0,-323,-105,219358,219527,169
100,0,blank,0,-323,-105,219527,219688,161
100,0,blank,0,-323,-105,219688,219836,148
100,0,blank,0,-323,-105,219836,220009,173
100,0,blank,0,-323,-105,220009,220195,186
100,0,blank,0,-323,-105,220195,220231,36
100,0,blank,0,-323,-105,220231,220519,288
100,0,blank,0,-323,-105,220519,220681,162
100,0,blank,0,-323,-105,220681,220835,154
100,0,blank,0,-323,-105,220835,221023,188
100,0,blank,0,-323,-105,221023,221173,150
100,0,blank,0,-323,-105,221173,221235,62
100,0,blank,0,-323,-105,221235,221426,191
100,0,blank,0,-323,-105,221426,221511,85
100,0,blank,0,-323,-105,221511,221681,170
100,0,blank,0,-323,-105,221681,221743,62
100,0,blank,0,-323,-105,221743,221908,165
100,0,blank,0,-323,-105,221908,222086,178
100,0,blank,0,-323,-105,222086,222160,74
100,0,blank,0,-323,-105,222160,222330,170
100,0,blank,0,-323,-105,222330,222518,188
100,0,blank,0,-323,-105,222518,222671,153
100,0,blank,0,-323,-105,222671,222793,122
100,0,blank,0,-323,-105,222793,222883,90
100,0,blank,0,-323,-105,222883,222998,115
100,0,blank,0,-323,-105,222998,223160,162
100,0,blank,0,-323,-105,223160,223356,196
100,0,blank,0,-323,-105,223356,223445,89
100,0,blank,0,-323,-105,223445,223607,162
100,0,blank,0,-323,-105,223607,223797,190
100,0,blank,0,-323,-105,223797,223965,168
100,0,blank,0,-323,-105,223965,224154,189
100,0,blank,0,-323,-105,224154,224330,176
100,0,blank,0,-323,-105,224330,224510,180
100,0,blank,0,-323,-105,224510,224699,189
100,0,blank,0,-323,-105,224699,224873,174
100,0,blank,0,-323,-105,224873,225020,147
100,0,blank,0,-323,-105,225020,225157,137
100,0,blank,0,-323,-105,225157,225305,148
100,0,blank,0,-323,-105,225305,225504,199
100,0,blank,0,-323,-105,225504,225661,157
100,0,blank,0,-323,-105,225661,225845,184
100,0,blank,0,-323,-105,225845,226021,176
100,0,blank,0,-323,-105,226021,226203,182
100,0,blank,0,-323,-105,226203,226395,192
100,0,blank,0,-323,-105,226395,226579,184
100,0,blank,0,-323,-105,226579,226778,199
100,0,blank,0,-323,-105,226778,226935,157
100,0,blank,0,-323,-105,226935,227034,99
100,0,blank,0,-323,-105,227034,227221,187
100,0,blank,0,-323,-105,227221,227313,92
100,0,blank,0,-323,-105,227313,227493,180
100,0,blank,0,-323,-105,227493,227622,129
100,11,(,88,108.5473,236.1742,227715,227743,28
100,11,10,91,126.5672,232.8452,227769,227795,26
100,5,!,29,86.5602,96.5376,227978,228007,29
100,0,blank,0,-323,-105,228216,228391,175
100,0,blank,0,-323,-105,228391,228540,149
100,0,blank,0,-323,-105,228540,228707,167
100,0,blank,0,-323,-105,228707,228807,100
100,0,blank,0,-323,-105,228807,229005,198
100,0,blank,0,-323,-105,229005,229111,106
100,0,blank,0,-323,-105,229111,229294,183
100,0,blank,0,-323,-105,229294,229490,196
100,0,blank,0,-323,-105,229490,229668,178
100,0,blank,0,-323,-105,229668,229833,165
100,0,blank,0,-323,-105,229833,229912,79
100,0,blank,0,-323,-105,231355,231539,184
100,0,blank,0,-323,-105,231539,231693,154
100,0,blank,0,-323,-105,231693,231876,183
100,0,blank,0,-323,-105,231876,232069,193
100,0,blank,0,-323,-105,232069,232126,57
100,0,blank,0,-323,-105,232126,232318,192
100,0,blank,0,-323,-105,232318,232477,159
100,0,blank,0,-323,-105,232477,232653,176
100,0,blank,0,-323,-105,232653,232832,179
100,0,blank,0,-323,-105,232832,232949,117
100,0,blank,0,-323,-105,232949,233064,115
100,0,blank,0,-323,-105,233064,233171,107
100,0,blank,0,-323,-105,233171,233324,153
100,0,blank,0,-323,-105,233324,233505,181
100,0,blank,0,-323,-105,233505,233649,144
100,0,blank,0,-323,-105,233649,233848,199
100,0,blank,0,-323,-105,233848,234006,158
100,0,blank,0,-323,-105,234006,234200,194
100,0,blank,0,-323,-105,234200,234391,191
100,0,blank,0,-323,-105,234391,234490,99
100,0,blank,0,-323,-105,234490,234657,167
100,0,blank,0,-323,-105,234657,234851,194
100,0,blank,0,-323,-105,234851,234962,111
100,0,blank,0,-323,-105,234962,235107,145
100,0,blank,0,-323,-105,235107,235297,190
100,0,blank,0,-323,-105,235297,235492,195
100,0,blank,0,-323,-105,235492,235608,116
100,0,blank,0,-323,-105,235608,235772,164
100,0,blank,0,-323,-105,235772,235857,85
100,0,blank,0,-323,-105,235857,236027,170
100,0,blank,0,-323,-105,236027,236212,185
100,0,blank,0,-323,-105,236212,236378,166
100,0,blank,0,-323,-105,236378,236571,193
100,0,blank,0,-323,-105,236571,236765,194
100,0,blank,0,-323,-105,236765,236949,184
100,0,blank,0,-323,-105,236949,237072,123
100,0,blank,0,-323,-105,237072,237259,187
100,0,blank,0,-323,-105,237259,237430,171
100,0,blank,0,-323,-105,237430,237603,173
100,0,blank,0,-323,-105,237603,237770,167
100,0,blank,0,-323,-105,237770,237968,198
100,0,blank,0,-323,-105,237968,238138,170
100,0,blank,0,-323,-105,238138,238298,160
100,0,blank,0,-323,-105,238298,238490,192
100,0,blank,0,-323,-105,238490,238663,173
100,0,blank,0,-323,-105,238663,238840,177
100,0,blank,0,-323,-105,238840,239020,180
100,0,blank,0,-323,-105,239020,239212,192
100,0,blank,0,-323,-105,239212,239411,199
100,0,blank,0,-323,-105,239411,239590,179
100,0,blank,0,-323,-105,239590,239769,179
100,0,blank,0,-323,-105,239769,239941,172
100,0,blank,0,-323,-105,239941,240114,173
100,0,blank,0,-323,-105,240114,240237,123
100,0,blank,0,-323,-105,240237,240326,89
100,0,blank,0,-323,-105,240326,240449,123
100,0,blank,0,-323,-105,240747,240920,173
100,0,blank,0,-323,-105,240920,241134,214
100,0,blank,0,-323,-105,241134,241285,151
100,0,blank,0,-323,-105,241285,241484,199
100,0,blank,0,-323,-105,241484,241570,86
100,8,10,51,177.3507,171.9108,241915,241950,35
100,8,10,51,177.9352,174.519,242095,242124,29
100,9,b,66,179.2909,192.44675,242182,242240,58
100,0,blank,0,183.8193,192.0066,242417,242447,30
100,8,10,51,185.5851,164.8729,242476,242507,31
100,8,%,50,218.1414,175.0345,242653,242683,30
100,0,blank,0,188.8923,184.4442,243112,243143,31
100,0,blank,0,210.1001,158.6916,243263,243292,29
100,9,),68,192.7919,188.7922,243351,243380,29
100,8,),49,194.75492,175.6131,243561,243708,147
100,8,%,50,221.7976,162.4178,243739,243798,59
100,9,),68,210.3864,191.2108,243858,243887,29
100,0,blank,0,230.52355,177.08745,243918,243978,60
100,8,%,50,223.202025,170.643875,244126,244247,121
100,0,blank,0,-323,-105,244338,244519,181
100,0,blank,0,-323,-105,244519,244698,179
100,0,blank,0,-323,-105,244698,244879,181
100,0,blank,0,-323,-105,244879,245034,155
100,0,blank,0,-323,-105,245034,245227,193
100,0,blank,0,-323,-105,245227,245470,243
100,0,blank,0,-323,-105,245470,245882,412
100,0,blank,0,-323,-105,245882,246315,433
100,0,blank,0,-323,-105,248118,248275,157
100,0,blank,0,-323,-105,248275,248460,185
100,0,blank,0,-323,-105,248460,248625,165
100,0,blank,0,-323,-105,248625,248784,159
100,0,blank,0,-323,-105,248784,248885,101
100,10,binary_to_gray,75,333.1914,219.9952,249651,249686,35
100,8,10,51,189.4025,166.1184,250169,250199,30
100,8,),49,199.3316,165.58625,250228,250287,59
100,0,blank,0,156.27315,140.70135,250376,250435,59
100,0,blank,0,147.48235,129.4716,250553,250611,58
100,0,blank,0,136.0948,149.6327,250670,250699,29
100,7,%,39,146.13744,151.863,250759,250909,150
100,0,blank,0,139.3661,147.1649,250969,250999,30
100,6,return,32,114.9838,116.3603,251059,251089,30
100,6,return,32,133.3054,131.7841,251178,251207,29
100,7,%,39,148.0003,145.255,251357,251388,31
100,0,blank,0,147.6048,128.3376,251418,251448,30
100,0,blank,0,193.5092,134.7432,251658,251688,30
100,0,blank,0,204.8315,156.143,251807,251837,30
100,0,blank,0,226.0408,149.7012,251927,251957,30
100,8,10,51,241.665066666667,159.7965,252017,252106,89
100,0,blank,0,227.4221,137.2643,252136,252165,29
100,10,binary_to_gray,75,368.3833,204.8618,252285,252314,29
100,10,binary_to_gray,75,377.129366666667,214.242933333333,252344,252436,92
100,0,blank,0,403.20185,227.3131,252558,252618,60
100,10,binary_to_gray,75,374.6929,216.4069,252678,252708,30
100,10,binary_to_gray,75,393.9783,205.8491,252738,252768,30
100,10,binary_to_gray,75,394.72415,211.87435,252797,252857,60
100,0,blank,0,-323,-105,253008,253189,181
100,0,blank,0,-323,-105,253189,253329,140
100,0,blank,0,-323,-105,253329,253506,177
100,0,blank,0,-323,-105,253506,253694,188
100,0,blank,0,-323,-105,253694,253887,193
100,0,blank,0,-323,-105,253887,253988,101
100,0,blank,0,-323,-105,253988,254172,184
100,0,blank,0,-323,-105,254172,254341,169
100,0,blank,0,-323,-105,254341,254514,173
100,0,blank,0,-323,-105,254514,254671,157
100,0,blank,0,-323,-105,254671,254831,160
100,0,blank,0,-323,-105,254831,255025,194
100,0,blank,0,-323,-105,255025,255196,171
100,0,blank,0,-323,-105,255196,255355,159
100,0,blank,0,-323,-105,255355,255488,133
100,0,blank,0,-323,-105,255488,255682,194
100,0,blank,0,-323,-105,255682,255762,80
100,0,blank,0,118.6948,304.6956,255918,255953,35
100,0,blank,0,-323,-105,256141,256246,105
100,11,*,86,144.1141,228.2836,256436,256464,28
100,0,blank,0,120.9078,216.805,256522,256551,29
100,11,10,91,117.0297,229.2672,256695,256726,31
100,11,(,88,105.1952,232.5132,256867,256896,29
100,10,return,69,158.0456,217.0479,257072,257102,30
100,0,blank,0,159.6517,226.4821,257131,257160,29
100,10,return,69,171.459,213.8959,257307,257366,59
100,9,!,63,281.6404,190.7868,257629,257657,28
100,0,blank,0,293.6266,176.0792,257774,257803,29
100,0,blank,0,161.0759,232.8651,258210,258239,29
100,10,return,69,139.89195,213.34565,258423,258480,57
100,0,blank,0,211.4615,175.0307,258541,258570,29
100,9,(,62,252.71,196.5275,258686,258715,29
100,8,;,52,259.4163,176.3057,258746,258775,29
100,10,return,69,142.0787,221.5774,258987,259016,29
100,10,10,79,248.9063,213.9202,259575,259606,31
100,11,binary_to_gray,87,248.3577,232.7232,259726,259755,29
100,0,blank,0,-323,-105,259960,260129,169
100,0,blank,0,-323,-105,260129,260270,141
100,0,blank,0,-323,-105,260270,260354,84
100,0,blank,0,-323,-105,260354,260470,116
100,0,blank,0,-323,-105,260470,260646,176
100,0,blank,0,-323,-105,260646,260776,130
100,0,blank,0,-323,-105,260776,260917,141
100,0,blank,0,-323,-105,260917,261089,172
100,0,blank,0,-323,-105,261089,261295,206
100,0,blank,0,-323,-105,261295,261482,187
100,0,blank,0,-323,-105,261482,261620,138
100,0,blank,0,-323,-105,261620,261811,191
100,0,blank,0,-323,-105,261811,261966,155
100,0,blank,0,-323,-105,261966,262164,198
100,0,blank,0,-323,-105,262164,262360,196
100,0,blank,0,-323,-105,262360,262581,221
100,0,blank,0,-323,-105,262581,262766,185
100,0,blank,0,-323,-105,262766,262921,155
100,0,blank,0,-323,-105,262921,263027,106
100,0,blank,0,-323,-105,263027,263178,151
100,0,blank,0,-323,-105,263178,263409,231
100,0,blank,0,-323,-105,263409,263589,180
100,0,blank,0,-323,-105,263589,263789,200
100,0,blank,0,-323,-105,263789,263972,183
100,0,blank,0,-323,-105,263972,264153,181
100,0,blank,0,-323,-105,264153,264339,186
100,0,blank,0,-323,-105,264339,264551,212
100,0,blank,0,-323,-105,264551,264811,260
100,0,blank,0,-323,-105,264811,265000,189
100,0,blank,0,-323,-105,265000,265189,189
100,0,blank,0,-323,-105,265189,265386,197
100,0,blank,0,-323,-105,265386,265512,126
100,0,blank,0,-323,-105,265512,265802,290
100,0,blank,0,-323,-105,265802,266165,363
100,0,blank,0,-323,-105,266165,266552,387
100,0,blank,0,-323,-105,266552,266620,68
100,0,blank,0,-323,-105,266620,267158,538
100,0,blank,0,-323,-105,267158,267340,182
100,0,blank,0,-323,-105,267340,267552,212
100,0,blank,0,-323,-105,267552,267617,65
100,0,blank,0,-323,-105,267617,267829,212
100,0,blank,0,-323,-105,267829,267974,145
100,0,blank,0,-323,-105,267974,268264,290
100,0,blank,0,-323,-105,268264,268401,137
100,0,blank,0,-323,-105,268401,268604,203
100,0,blank,0,-323,-105,268604,268760,156
100,0,blank,0,-323,-105,268760,268946,186
100,0,blank,0,-323,-105,268946,269114,168
100,0,blank,0,-323,-105,269114,269251,137
100,0,blank,0,-323,-105,269251,269594,343
100,0,blank,0,-323,-105,269594,269862,268
100,0,blank,0,-323,-105,269862,269915,53
100,0,blank,0,-323,-105,269915,270426,511
100,0,blank,0,-323,-105,270426,270927,501
100,0,blank,0,-323,-105,270927,271065,138
100,8,),49,200.8528,174.541,271817,271876,59
100,9,),68,196.5474,193.246,271962,271991,29
100,0,blank,0,-323,-105,272253,272332,79
100,11,binary_to_gray,87,177.2819,235.0967,272541,272570,29
100,10,return,69,148.47125,218.4006,272743,272801,58
100,11,*,86,152.0746,226.72175,272920,272979,59
100,10,1,71,206.7189,221.7179,273099,273129,30
100,11,binary_to_gray,87,203.7758,230.5892,273280,273307,27
100,0,blank,0,-323,-105,273457,273570,113
100,0,blank,0,-323,-105,273570,273735,165
100,0,blank,0,-323,-105,273735,273840,105
100,0,blank,0,-323,-105,273840,274031,191
100,0,blank,0,-323,-105,274031,274237,206
100,0,blank,0,-323,-105,274237,274410,173
100,0,blank,0,-323,-105,274410,274583,173
100,0,blank,0,-323,-105,274583,274757,174
100,0,blank,0,-323,-105,274757,274936,179
100,0,blank,0,-323,-105,274936,275081,145
100,0,blank,0,-323,-105,275081,275279,198
100,0,blank,0,-323,-105,275279,275465,186
100,0,blank,0,-323,-105,275465,275640,175
100,0,blank,0,-323,-105,275640,275735,95
100,0,blank,0,-323,-105,275735,275902,167
100,0,blank,0,-323,-105,275902,276076,174
100,0,blank,0,-323,-105,276076,276294,218
100,0,blank,0,-323,-105,276294,276322,28
100,0,blank,0,-323,-105,276322,276496,174
100,0,blank,0,-323,-105,276496,276694,198
100,0,blank,0,-323,-105,276694,276870,176
100,0,blank,0,-323,-105,276870,277052,182
100,0,blank,0,-323,-105,277052,277187,135
100,0,blank,0,-323,-105,277187,277354,167
100,0,blank,0,-323,-105,277354,277468,114
100,0,blank,0,-323,-105,277468,277607,139
100,0,blank,0,-323,-105,277607,277762,155
100,0,blank,0,-323,-105,277762,277935,173
100,0,blank,0,-323,-105,277935,278051,116
100,0,blank,0,-323,-105,278051,278225,174
100,0,blank,0,-323,-105,278225,278384,159
100,0,blank,0,-323,-105,278384,278530,146
100,0,blank,0,-323,-105,278530,278762,232
100,0,blank,0,-323,-105,278762,278918,156
100,0,blank,0,-323,-105,278918,279111,193
100,0,blank,0,-323,-105,279111,279232,121
100,0,blank,0,-323,-105,279232,279345,113
100,0,blank,0,-323,-105,279345,279532,187
100,0,blank,0,-323,-105,279532,279706,174
100,0,blank,0,-323,-105,279706,279963,257
100,0,blank,0,-323,-105,279963,279997,34
100,0,blank,0,-323,-105,279997,280221,224
100,0,blank,0,-323,-105,280221,280444,223
100,0,blank,0,-323,-105,280444,280498,54
100,0,blank,0,-323,-105,280498,281059,561
100,0,blank,0,-323,-105,281059,281253,194
100,0,blank,0,-323,-105,281253,281446,193
100,0,blank,0,-323,-105,281446,281502,56
100,0,blank,0,-323,-105,281502,282034,532
100,0,blank,0,-323,-105,282034,282380,346
100,0,blank,0,-323,-105,282380,282439,59
100,0,blank,0,-323,-105,282439,283058,619
100,0,blank,0,-323,-105,283058,283668,610
100,0,blank,0,-323,-105,283668,283803,135
100,0,blank,0,-323,-105,283803,283974,171
100,0,blank,0,-323,-105,283974,284203,229
100,0,blank,0,-323,-105,284203,284396,193
100,0,blank,0,-323,-105,284396,284571,175
100,0,blank,0,-323,-105,284571,284776,205
100,0,blank,0,-323,-105,284776,284843,67
100,0,blank,0,-323,-105,284843,285159,316
100,0,blank,0,-323,-105,285159,285227,68
100,0,blank,0,-323,-105,285227,285375,148
100,0,blank,0,-323,-105,285375,285647,272
100,0,blank,0,-323,-105,285647,286075,428
100,0,blank,0,-323,-105,286075,286308,233
100,0,blank,0,-323,-105,286308,286486,178
100,0,blank,0,-323,-105,286486,286664,178
100,0,blank,0,-323,-105,286664,286946,282
100,0,blank,0,-323,-105,286946,287129,183
100,0,blank,0,-323,-105,287129,287158,29
100,0,blank,0,-323,-105,287158,287338,180
100,0,blank,0,-323,-105,287338,287512,174
100,0,blank,0,-323,-105,287512,287682,170
100,11,binary_to_gray,87,307.0001,236.1999,288439,288469,30
100,10,binary_to_gray,75,314.0543,207.5123,288703,288732,29
100,0,blank,0,324.642,176.582,288761,288790,29
100,0,blank,0,-323,-105,288878,289008,130
100,10,binary_to_gray,75,312.0906,218.1684,289094,289119,25
100,7,10,40,166.87885,136.72955,289468,289528,60
100,0,blank,0,156.8794,137.7189,289588,289619,31
100,6,return,32,118.6651,122.6397,289764,289793,29
100,9,&&,65,304.9138,196.1227,289852,289880,28
100,0,blank,0,327.1312,199.5761,289963,289991,28
100,10,binary_to_gray,75,301.3961,213.0966,290048,290077,29
100,10,binary_to_gray,75,320.2793,210.294466666667,290394,290481,87
100,0,blank,0,-323,-105,290568,290694,126
100,0,blank,0,329.4521,180.2507,290813,290838,25
100,0,blank,0,341.0992,193.1795,290986,291016,30
100,10,binary_to_gray,75,339.3892,210.841,291074,291105,31
100,10,binary_to_gray,75,338.4405,204.6867,291161,291190,29
100,0,blank,0,149.115,117.0042,291249,291279,30
100,0,blank,0,118.32205,86.61645,291454,291511,57
100,0,blank,0,113.5282,111.9557,291540,291569,29
100,0,blank,0,130.792,72.0595,291657,291686,29
100,0,blank,0,125.147,112.4325,291743,291772,29
100,0,blank,0,67.9673,86.9889666666667,291857,291944,87
100,0,blank,0,93.6631,75.5029,292178,292205,27
100,3,binary_to_gray,21,97.2664,63.3179,292260,292287,27
100,0,blank,0,82.7613,74.4522,292315,292344,29
100,0,blank,0,-323,-105,292828,292972,144
100,0,blank,0,80.2168,69.5745,293007,293020,13
100,0,blank,0,119.2832,94.9656,293730,293790,60
100,0,blank,0,103.6474,113.0068,293974,294007,33
100,0,blank,0,126.8817,133.4172,294420,294448,28
100,0,blank,0,131.8535,110.9818,294535,294564,29
100,0,blank,0,143.82985,107.9417,294623,294680,57
100,6,return,32,134.40035,116.24985,294797,294913,116
100,5,),31,108.1461,95.7281,295031,295060,29
100,0,blank,0,130.0073,88.9045,295177,295206,29
100,0,blank,0,113.734966666667,104.840233333333,295351,295438,87
100,0,blank,0,149.973,116.0082,295584,295613,29
100,0,blank,0,147.7031,107.536,295671,295700,29
100,0,blank,0,97.0757,89.1594,295845,295874,29
100,0,blank,0,86.1202,85.4115,296190,296219,29
100,0,blank,0,91.571,102.3782,296278,296307,29
100,0,blank,0,138.847333333333,95.5827333333333,296395,296483,88
100,0,blank,0,137.9555,104.3353,296541,296571,30
100,10,binary_to_gray,75,299.16465,213.6317,296629,296688,59
100,0,blank,0,296.2418,200.1602,297068,297097,29
100,11,binary_to_gray,87,285.572,234.901,297185,297214,29
100,10,binary_to_gray,75,293.3271,216.5047,297272,297301,29
100,10,*,74,276.0112,201.6576,297445,297476,31
100,10,binary_to_gray,75,325.221,204.50355,297559,297618,59
100,10,binary_to_gray,75,319.8168,210.2762,297706,297732,26
100,10,binary_to_gray,75,328.388825,210.7266,297936,298053,117
100,16,binary_to_gray,110,296.9531,335.3541,298140,298169,29
100,15,11101,104,300.1644,327.4965,298227,298256,29
100,16,binary_to_gray,110,306.40905,338.2933,298314,298373,59
100,0,blank,0,262.0799,310.1792,298431,298490,59
100,0,blank,0,239.3387,283.3496,298694,298724,30
100,0,blank,0,236.5829,323.555633333333,298843,298931,88
100,0,blank,0,254.0354,278.6914,298960,298989,29
100,0,blank,0,208.28,152.6614,299164,299193,29
100,0,blank,0,162.9006,113.6441,299340,299369,29
100,0,blank,0,62.9615,83.0911,299696,299754,58
100,5,if,27,58.5288,92.8317,299813,299842,29
100,0,blank,0,62.4465,86.3885,299871,299900,29
100,2,>,19,164.6806,33.86845,300396,300454,58
100,3,binary_to_gray,21,151.1622,57.3015,300484,300513,29
100,9,!,63,172.0775,183.5026,300629,300658,29
100,10,return,69,158.6112,218.8643,300863,300921,58
100,11,binary_to_gray,87,180.2836,224.5324,301183,301212,29
100,9,),68,210.5358,179.1035,301357,301386,29
100,0,blank,0,-323,-105,301532,301609,77
100,0,blank,0,200.5027,260.8751,301722,301747,25
100,0,blank,0,210.9149,274.9728,301799,301891,92
100,8,n,46,138.057,160.166233333333,302145,302260,115
100,0,blank,0,159.7681,155.8675,303098,303126,28
100,7,10,40,167.13105,150.10545,303156,303214,58
100,9,!,63,163.00475,181.14775,303301,303360,59
100,8,/,47,158.35945,176.219025,303418,303536,118
100,9,&&,65,142.975,183.7277,303802,303832,30
100,0,blank,0,95.3755,80.6047,304010,304068,58
100,0,blank,0,112.629,78.7847,304159,304189,30
100,3,binary_to_gray,21,82.07685,55.82515,304282,304343,61
100,3,binary_to_gray,21,78.2514,62.7654,304375,304406,31
100,0,blank,0,-323,-105,304630,304811,181
100,0,blank,0,-323,-105,304811,304880,69
100,0,blank,0,91.795,45.538975,304943,305093,150
100,0,blank,0,138.96446,-2.35854,305127,305303,176
100,1,to,8,134.51695,1.02285,305303,305373,70
100,0,blank,0,135.92425,-13.4657,305408,305477,69
100,0,blank,0,188.64888,-5.51198,305545,305714,169
100,0,blank,0,197.45675,-1.244275,305714,305843,129
100,1,program,4,83.5227,23.48155,305875,305941,66
100,2,<,15,88.93845,39.7069,306103,306168,65
100,0,blank,0,93.6332,36.2446,306232,306264,32
100,3,binary_to_gray,21,137.892,59.4735,306394,306426,32
100,0,blank,0,150.9258,71.8072,306459,306492,33
100,0,blank,0,147.8432,78.536,306557,306589,32
100,0,blank,0,107.0486,89.0975,306783,306814,31
100,0,blank,0,126.98915,98.7586,306981,307047,66
100,0,blank,0,126.0747,90.5354,307112,307144,32
100,0,blank,0,-323,-105,307275,307473,198
100,0,blank,0,-323,-105,307473,307651,178
100,0,blank,0,-323,-105,307651,307789,138
100,0,blank,0,-323,-105,307789,307987,198
100,0,blank,0,-323,-105,307987,308169,182
100,0,blank,0,-323,-105,308169,308305,136
100,0,blank,0,-323,-105,308305,308404,99
100,0,blank,0,-323,-105,308404,308603,199
100,0,blank,0,-323,-105,308603,308798,195
100,0,blank,0,-323,-105,308798,308982,184
100,0,blank,0,-323,-105,308982,309095,113
100,0,blank,0,-323,-105,309095,309263,168
100,0,blank,0,-323,-105,309263,309425,162
100,0,blank,0,-323,-105,309425,309885,460
100,0,blank,0,-323,-105,309885,310051,166
100,0,blank,0,-323,-105,310051,310238,187
100,0,blank,0,-323,-105,310238,310392,154
100,0,blank,0,-323,-105,310392,310573,181
100,0,blank,0,-323,-105,310573,310743,170
100,0,blank,0,-323,-105,310743,310932,189
100,0,blank,0,-323,-105,310932,311123,191
100,0,blank,0,-323,-105,311123,311281,158
100,0,blank,0,-323,-105,311281,311456,175
100,0,blank,0,-323,-105,311456,311646,190
100,0,blank,0,-323,-105,311646,311821,175
100,0,blank,0,-323,-105,311821,311862,41
100,0,blank,0,-323,-105,311862,312311,449
100,0,blank,0,-323,-105,312311,312409,98
100,0,blank,0,-323,-105,312409,312555,146
100,0,blank,0,-323,-105,312555,312687,132
100,0,blank,0,-323,-105,312687,312945,258
100,0,blank,0,-323,-105,312945,313140,195
100,0,blank,0,-323,-105,313140,313265,125
100,0,blank,0,-323,-105,313265,313457,192
100,0,blank,0,-323,-105,313457,313539,82
100,0,blank,0,-323,-105,313539,313736,197
100,0,blank,0,-323,-105,313736,313876,140
100,0,blank,0,-323,-105,313876,313968,92
100,0,blank,0,-323,-105,313968,314198,230
100,0,blank,0,-323,-105,314198,314353,155
100,0,blank,0,-323,-105,314353,314542,189
100,0,blank,0,-323,-105,314542,314707,165
100,0,blank,0,-323,-105,314707,314889,182
100,0,blank,0,-323,-105,314889,315125,236
100,0,blank,0,-323,-105,315125,315276,151
100,0,blank,0,-323,-105,315276,315528,252
100,0,blank,0,-323,-105,315528,315700,172
100,0,blank,0,-323,-105,315700,315735,35
100,0,blank,0,-323,-105,315735,315923,188
100,0,blank,0,-323,-105,315923,316025,102
100,0,blank,0,-323,-105,316025,316139,114
100,0,blank,0,-323,-105,317145,317339,194
100,0,blank,0,-323,-105,317339,317519,180
100,0,blank,0,-323,-105,317519,317699,180
100,0,blank,0,-323,-105,317699,317839,140
100,0,blank,0,-323,-105,317839,317949,110
100,0,blank,0,-323,-105,317949,318070,121
100,0,blank,0,-323,-105,318070,318244,174
100,0,blank,0,-323,-105,318244,318411,167
100,0,blank,0,-323,-105,318411,318519,108
100,0,blank,0,-323,-105,318519,318686,167
100,0,blank,0,-323,-105,318686,318981,295
100,0,blank,0,-323,-105,318981,319060,79
100,0,blank,0,-323,-105,319060,319286,226
100,0,blank,0,-323,-105,319286,319474,188
100,0,blank,0,-323,-105,319474,319628,154
100,0,blank,0,-323,-105,319628,319769,141
100,0,blank,0,-323,-105,319769,320008,239
100,0,blank,0,-323,-105,320008,320538,530
100,0,blank,0,-323,-105,320538,320786,248
100,0,blank,0,-323,-105,320786,320936,150
100,0,blank,0,-323,-105,320936,321134,198
100,0,blank,0,-323,-105,321134,321549,415
100,0,blank,0,-323,-105,321549,321750,201
100,0,blank,0,-323,-105,322090,322269,179
100,0,blank,0,-323,-105,322269,322594,325
100,0,blank,0,-323,-105,322594,322792,198
100,0,blank,0,-323,-105,322792,322865,73
100,0,blank,0,554.4346,-2.4365,323514,323543,29
100,0,blank,0,570.6517,-36.0544,323572,323601,29
100,0,blank,0,554.229,-20.1333,323660,323690,30
100,0,blank,0,215.3595,132.1667,323807,323836,29
100,0,blank,0,199.5346,137.4008,323865,323894,29
100,0,blank,0,225.8578,157.1775,324075,324104,29
100,0,blank,0,-323,-105,324249,324353,104
100,0,blank,0,246.6038,118.4646,324945,324974,29
100,0,blank,0,226.148,126.5162,325003,325032,29
100,6,0,33,163.0956,121.2013,325147,325177,30
100,0,blank,0,212.3351,142.1556,325238,325268,30
100,8,),49,199.84685,164.2323,325566,325624,58
100,8,),49,200.69615,163.75945,325714,325771,57
100,7,a,36,92.2058,147.8865,325861,325890,29
100,0,blank,0,95.8277,149.5108,325919,325948,29
100,0,blank,0,79.2099,167.6129,326034,326062,28
100,0,blank,0,-323,-105,326236,326379,143
100,0,blank,0,-323,-105,326379,326544,165
100,0,blank,0,-323,-105,326544,326685,141
100,0,blank,0,-323,-105,326685,326880,195
100,0,blank,0,-323,-105,326880,327026,146
100,0,blank,0,-323,-105,327026,327281,255
100,0,blank,0,-323,-105,327281,327535,254
100,0,blank,0,-323,-105,327535,327710,175
100,0,blank,0,-323,-105,327710,327896,186
100,0,blank,0,-323,-105,327896,328089,193
100,0,blank,0,-323,-105,328089,328275,186
100,0,blank,0,-323,-105,328275,328432,157
100,0,blank,0,-323,-105,328432,328525,93
100,0,blank,0,-323,-105,328525,328701,176
100,0,blank,0,-323,-105,328701,328859,158
100,0,blank,0,-323,-105,328859,329053,194
100,0,blank,0,-323,-105,329053,329192,139
100,0,blank,0,-323,-105,329192,329341,149
100,0,blank,0,-323,-105,329341,329530,189
100,0,blank,0,-323,-105,329530,329728,198
100,0,blank,0,-323,-105,329728,329901,173
100,0,blank,0,-323,-105,329901,330072,171
100,0,blank,0,-323,-105,330072,330264,192
100,0,blank,0,-323,-105,330264,330442,178
100,0,blank,0,-323,-105,330442,330605,163
100,0,blank,0,-323,-105,330605,330724,119
100,0,blank,0,144.0468,135.556,330866,330896,30
100,6,return,32,102.5323,115.0371,331106,331136,30
100,0,blank,0,123.7898,102.519,331377,331406,29
100,0,blank,0,130.4711,103.8136,331497,331527,30
100,6,return,32,140.2137,130.7186,331648,331679,31
100,6,return,32,141.3689,125.5949,331740,331769,29
100,0,blank,0,-323,-105,332065,332198,133
100,0,blank,0,116.0351,82.3137,332333,332361,28
100,9,),68,212.4844,180.0091,332814,332844,30
100,9,),68,208.4715,196.3717,332931,332960,29
100,6,;,34,164.2,130.8564,333167,333195,28
100,5,),31,106.7421,101.9199,333315,333345,30
100,0,blank,0,-323,-105,333495,333661,166
100,0,blank,0,87.1438,69.0939,333796,333827,31
100,0,blank,0,-323,-105,334279,334440,161
100,0,blank,0,139.3746,103.6036,334665,334695,30
100,7,n,38,124.6962,146.0409,334993,335023,30
100,0,blank,0,134.9105,145.2836,335082,335111,29
100,0,blank,0,120.3071,145.1453,335203,335232,29
100,7,a,36,87.224,147.3591,335479,335507,28
100,0,blank,0,145.64975,169.3717,335537,335601,64
100,8,/,47,154.1219,172.374,335870,335928,58
100,0,blank,0,150.9382,155.0701,336015,336044,29
100,0,blank,0,-323,-105,336161,336187,26
100,9,!,63,169.9049,197.0413,336337,336392,55
100,10,1,71,212.3386,211.4008,336453,336482,29
100,0,blank,0,286.6696,207.6086,336686,336715,29
100,0,blank,0,280.9682,170.0245,336803,336832,29
100,9,a,64,301.5883,196.044,336860,336889,29
100,0,blank,0,239.0971,206.7342,337796,337826,30
100,0,blank,0,224.858,189.3327,337855,337914,59
100,9,&&,65,232.4653,185.7558,338002,338090,88
100,8,),49,195.9055,170.708,338328,338357,29
100,10,1,71,205.0749,204.6666,338386,338415,29
100,9,),68,199.26855,199.04005,338532,338650,118
100,10,1,71,203.54575,210.165275,338679,338799,120
100,9,),68,200.2402,196.9337,338828,338857,29
100,9,),68,205.2092,188.4051,338946,339004,58
100,9,),68,205.60605,194.81165,339125,339181,56
100,0,blank,0,-323,-105,339240,339320,80
100,9,),68,213.1798,197.30655,339934,339994,60
100,9,&&,65,233.2192,181.0384,340111,340140,29
100,9,),68,193.1335,199.7819,340199,340228,29
100,0,blank,0,183.9149,189.42185,340258,340318,60
100,10,+,72,230.2212,204.4215,340788,340817,29
100,0,blank,0,288.4234,189.3797,341112,341141,29
100,0,blank,0,-323,-105,341463,341646,183
100,0,blank,0,256.984,600.613,341670,341695,25
100,0,blank,0,122.8571,615.0862,341863,341894,31
100,0,blank,0,196.7706,683.7001,342075,342104,29
100,0,blank,0,-323,-105,343822,344001,179
100,0,blank,0,-323,-105,344001,344198,197
100,0,blank,0,-323,-105,344198,344359,161
100,0,blank,0,-323,-105,344359,344548,189
100,0,blank,0,-323,-105,344548,344729,181
100,0,blank,0,-323,-105,344729,344871,142
100,10,binary_to_gray,75,352.7341,209.9892,345561,345591,30
100,0,blank,0,341.8714,268.7373,345651,345682,31
100,0,blank,0,327.5224,279.4005,345714,345745,31
100,0,blank,0,65.8235,369.6476,346476,346506,30
100,0,blank,0,30.3378,363.4738,346535,346565,30
100,0,blank,0,62.662,354.290333333333,346749,346840,91
100,0,blank,0,66.0079,355.2384,346900,346930,30
100,0,blank,0,-323,-105,347139,347242,103
100,0,blank,0,95.8133,368.5221,347575,347604,29
100,16,binary_to_gray,110,281.9252,351.5943,347778,347808,30
100,16,binary_to_gray,110,285.1542,342.968733333333,347838,347926,88
100,16,(,111,334.491,347.24285,347956,348015,59
100,0,blank,0,-323,-105,348342,348526,184
100,0,blank,0,-323,-105,348526,348709,183
100,0,blank,0,-323,-105,348709,348869,160
100,0,blank,0,-323,-105,348869,349054,185
100,0,blank,0,-323,-105,349054,349231,177
100,0,blank,0,-323,-105,349231,349376,145
100,0,blank,0,172.0247,659.7177,349608,349636,28
100,0,blank,0,180.8555,692.1265,349727,349756,29
100,0,blank,0,124.0801,674.3615,350346,350374,28
100,0,blank,0,83.9863,705.5208,350404,350433,29
100,0,blank,0,-323,-105,350780,350832,52
100,16,binary_number,112,436.378,345.7837,351075,351104,29
100,0,blank,0,648.9091,-103.9482,351315,351344,29
100,0,blank,0,-323,-105,351435,351541,106
100,0,blank,0,-322.59692,-104.3273,352126,352324,198
100,0,blank,0,-323,-105,352324,352515,191
100,0,blank,0,-323,-105,352515,352665,150
100,0,blank,0,-323,-105,352665,352847,182
100,0,blank,0,-323,-105,352847,353025,178
100,0,blank,0,-323,-105,353025,353200,175
100,0,blank,0,-323,-105,353200,353394,194
100,0,blank,0,-323,-105,353394,353593,199
