Frameno_fix,lineno_fix,Tokenname_fix,tokens_id,gaze_X_fix,gaze_Y_fix,timestamp_fix_start,timestamp_fix_end,time_duration
100,0,blank,0,201.475883333333,174.109883333333,3810,4004,194
100,0,blank,0,199.9276,173.9281,4004,4037,33
100,0,blank,0,174.5189,165.3978,4070,4101,31
100,0,blank,0,181.792633333333,172.378033333333,4134,4232,98
100,0,blank,0,245.071066666667,178.222633333333,4363,4559,196
100,0,blank,0,250.54392,179.84648,4559,4721,162
100,9,comma,65,316.9338,194.063125,4786,4915,129
100,1,expression,10,531.19246,23.33162,4980,5143,163
100,1,expression,10,529.406,21.516,5179,5360,181
100,0,blank,0,396.542,3.4247,5482,5605,123
100,0,blank,0,260.1552,-13.946,5669,5703,34
100,0,blank,0,260.36,-4.98560000000001,5737,5803,66
100,0,blank,0,267.7227,-11.1824,5837,5870,33
100,0,blank,0,171.6381,-11.4614,5904,5937,33
100,0,blank,0,162.52604,-11.71932,6004,6172,168
100,0,blank,0,163.0112,-13.4038,6172,6206,34
100,0,blank,0,220.47038,-6.98352,6241,6413,172
100,0,blank,0,227.2823,-12.2525,6413,6481,68
100,0,blank,0,362.38318,0.991660000000005,6549,6726,177
100,0,blank,0,361.5729,-10.0147,6726,6761,35
100,0,blank,0,365.7375,3.1331,6796,6833,37
100,0,blank,0,270.2714,-7.0792,6975,7011,36
100,0,blank,0,54.88138,-21.39054,7155,7333,178
100,0,blank,0,51.66414,-19.8687,7333,7509,176
100,0,blank,0,148.70624,-19.88184,7544,7719,175
100,0,blank,0,150.549366666667,-25.7269333333333,7719,7824,105
100,0,blank,0,233.3022,-25.2758333333333,7861,8004,143
100,0,blank,0,166.03366,-23.9007,8040,8220,180
100,0,blank,0,167.750666666667,-18.9338666666667,8256,8363,107
100,0,blank,0,223.44606,-14.86514,8436,8615,179
100,0,blank,0,157.73796,-19.51546,8687,8865,178
100,0,blank,0,154.33,-16.86165,8865,8938,73
100,0,blank,0,79.29322,-16.72214,9012,9186,174
100,0,blank,0,80.14515,-22.28965,9186,9258,72
100,0,blank,0,223.105066666667,-12.3708333333333,9294,9401,107
100,0,blank,0,226.2084,-9.9799,9435,9471,36
100,0,blank,0,119.5918,-11.31198,9507,9684,177
100,0,blank,0,117.25134,-15.15118,9684,9861,177
100,0,blank,0,231.28746,-15.37192,9934,10110,176
100,0,blank,0,229.53362,-15.29358,10110,10294,184
100,0,blank,0,226.9243,-14.90096,10294,10471,177
100,0,blank,0,220.50668,-11.65912,10471,10647,176
100,0,blank,0,220.67855,-12.3062,10647,10717,70
100,0,blank,0,283.97834,-9.72568,10787,10966,179
100,0,blank,0,286.59314,-11.34716,10966,11143,177
100,0,blank,0,290.4373,-11.1684,11143,11179,36
100,0,blank,0,352.66658,-4.6358,11214,11386,172
100,0,blank,0,348.77975,-3.40685,11386,11456,70
100,0,blank,0,412.99786,-8.34596,11492,11669,177
100,0,blank,0,412.22925,-5.5036,11669,11813,144
100,0,blank,0,501.37576,-4.09492,11889,12066,177
100,0,blank,0,501.89416,-4.87938,12066,12244,178
100,0,blank,0,503.99975,-2.67375,12244,12313,69
100,0,blank,0,533.87845,-6.40085,12349,12421,72
100,0,blank,0,538.19958,-11.0276,12458,12647,189
100,0,blank,0,540.499633333333,-8.95443333333334,12647,12755,108
100,0,blank,0,479.7859,-1.33448,12826,13000,174
100,0,blank,0,476.69,2.27160000000001,13000,13035,35
100,0,blank,0,412.481425,-2.95445,13105,13245,140
100,0,blank,0,511.12426,-8.82404,13286,13462,176
100,2,include,14,52.55356,27.72634,13567,13740,173
100,1,Program,3,37.439125,13.233925,13776,13912,136
100,1,Program,3,93.92872,6.08408,13983,14150,167
100,1,Program,3,92.1145,5.6644,14150,14183,33
100,0,blank,0,94.89208,43.87068,14249,14418,169
100,0,blank,0,91.9892,47.6506,14418,14452,34
100,0,blank,0,87.03155,69.212375,14520,14652,132
100,4,include,28,23.9092333333333,79.7732,14719,14819,100
100,4,include,28,27.4227166666667,77.8405,14853,15052,199
100,4,include,28,24.7802,77.0445,15052,15154,102
100,4,<,29,88.6397166666667,79.1510166666667,15220,15419,199
100,4,<,29,85.251,77.781,15419,15453,34
100,5,define,35,56.26046,100.44664,15520,15692,172
100,5,define,35,57.3052,101.71605,15692,15760,68
100,5,define,35,17.95592,101.24402,15830,16001,171
100,5,define,35,56.963025,100.4274,16069,16205,136
100,5,define,35,15.02344,104.53002,16239,16408,169
100,5,define,35,66.22114,104.25966,16476,16645,169
100,5,define,35,62.917475,107.5305,16645,16780,135
100,5,SIZE,36,90.9262,103.227416666667,16846,17045,199
100,5,SIZE,36,91.7028,105.7444,17045,17113,68
100,5,SIZE,36,93.70386,102.15064,17146,17313,167
100,5,SIZE,36,95.48854,100.47362,17313,17484,171
100,5,SIZE,36,94.41575,100.810375,17484,17619,135
100,6,void,38,42.09212,123.19986,17653,17823,170
100,6,void,38,43.3608,125.81282,17823,17993,170
100,6,void,38,42.3361333333333,123.010933333333,17993,18093,100
100,6,void,38,14.67156,128.79886,18126,18297,171
100,6,void,38,20.28988,130.0868,18297,18467,170
100,6,void,38,20.9933,123.59506,18467,18639,172
100,6,push,39,59.33435,126.84125,18673,18740,67
100,6,push,39,58.08226,120.74068,18774,18943,169
100,6,push,39,54.95975,114.23325,18943,19011,68
100,6,push,39,56.73058,118.85092,19044,19215,171
100,6,push,39,54.4119,113.863575,19215,19351,136
100,0,blank,0,45.82216,142.06164,19419,19590,171
100,7,char,44,13.0251,144.10078,19658,19828,170
100,7,char,44,12.51952,146.8629,19828,19999,171
100,7,char,44,11.80745,152.0967,19999,20067,68
100,7,pop,45,56.12336,149.81278,20100,20267,167
100,7,pop,45,59.65795,145.893433333333,20267,20462,195
100,7,(,46,90.1721,139.55654,20496,20667,171
100,7,(,46,88.9309,143.241533333333,20667,20769,102
100,7,;,48,110.2318,137.26282,20837,21007,170
100,0,blank,0,64.4313,156.3805,21042,21107,65
100,8,preced,50,61.6396,164.1156,21140,21307,167
100,8,preced,50,62.4551333333333,157.508733333333,21307,21408,101
100,0,blank,0,50.01552,152.2436,21441,21610,169
100,0,blank,0,43.8156,156.6371,21610,21642,32
100,8,preced,50,55.65566,170.23134,21677,21846,169
100,8,preced,50,56.4354,172.9423,21846,21880,34
100,8,preced,50,94.38014,170.80794,21948,22118,170
100,8,preced,50,96.35056,171.2289,22118,22285,167
100,8,preced,50,93.67788,166.2256,22285,22457,172
100,8,preced,50,49.43332,165.28562,22490,22659,169
100,8,preced,50,51.9727,160.7607,22659,22693,34
100,0,blank,0,174.67955,163.828766666667,22760,22959,199
100,0,blank,0,177.3868,161.753,22959,22993,34
100,0,blank,0,214.20174,169.21738,23059,23227,168
100,0,blank,0,215.71118,163.20978,23227,23393,166
100,0,blank,0,312.05416,169.0262,23426,23593,167
100,0,blank,0,310.83694,170.11798,23593,23760,167
100,0,blank,0,314.22876,170.1133,23760,23927,167
100,0,blank,0,332.59498,173.64128,23960,24126,166
100,0,blank,0,336.3136,167.02295,24126,24195,69
100,8,char,52,134.08225,167.774983333333,24263,24462,199
100,0,blank,0,52.8156,179.1438,24497,24696,199
100,8,preced,50,49.75418,176.11384,24696,24863,167
100,9,char,55,40.34858,194.6195,24896,25065,169
100,9,char,55,43.4081,194.0685,25065,25099,34
100,7,pop,45,74.6162333333333,144.392966666667,25166,25267,101
100,2,<,15,87.59918,35.05312,25334,25500,166
100,0,blank,0,207.5972,-9.01649999999999,25568,25640,72
100,0,blank,0,206.5325,-0.272099999999995,25640,25769,129
100,0,blank,0,164.9529,-14.272,25889,25965,76
100,0,blank,0,246.37795,0.592149999999997,26003,26071,68
100,0,blank,0,243.39002,-7.10608,26105,26277,172
100,0,blank,0,250.8725,-2.0227,26277,26311,34
100,0,blank,0,298.46034,-3.0374,26346,26521,175
100,0,blank,0,387.46876,-7.8502,26591,26768,177
100,0,blank,0,357.08502,-3.92176,26804,26974,170
100,0,blank,0,442.93252,-15.44394,27043,27215,172
100,8,preced,50,71.25844,164.0186,27495,27665,170
100,8,preced,50,66.9639,163.6162,27665,27766,101
100,0,blank,0,47.6597833333333,184.73525,27834,28033,199
100,0,blank,0,45.2041666666667,183.786166666667,28033,28131,98
100,9,char,55,9.52778,187.8267,28163,28330,167
100,9,char,55,11.64755,190.5804,28330,28396,66
100,9,stack,56,64.1329666666667,188.914016666667,28463,28659,196
100,9,stack,56,60.76404,188.33492,28659,28825,166
100,9,stack,56,61.9289833333333,185.14905,28825,29024,199
100,9,stack,56,58.76598,190.3858,29024,29192,168
100,9,stack,56,55.0648,182.6664,29192,29225,33
100,9,stack,56,84.84304,187.59754,29257,29423,166
100,9,stack,56,85.52234,187.12378,29423,29592,169
100,9,stack,56,90.72418,188.69852,29592,29762,170
100,9,stack,56,86.24515,188.6868,29762,29828,66
100,9,stack,56,57.87846,198.99772,29862,30031,169
100,10,top,72,57.28462,203.70538,30031,30200,169
100,0,blank,0,54.47372,201.16814,30200,30368,168
100,9,stack,56,58.90378,195.4196,30368,30537,169
100,9,stack,56,59.0551,189.8389,30537,30572,35
100,9,char,55,14.23546,194.04354,30673,30846,173
100,9,char,55,14.81072,199.28998,30846,31019,173
100,9,char,55,13.43775,196.588,31019,31157,138
100,9,stack,56,55.87478,189.65882,31225,31396,171
100,9,stack,56,60.68442,188.85406,31396,31562,166
100,9,stack,56,60.24136,189.84652,31562,31731,169
100,9,stack,56,60.43656,193.02996,31731,31901,170
100,9,stack,56,64.2639,190.24692,31901,32072,171
100,9,stack,56,61.80114,187.12238,32072,32242,170
100,9,stack,56,61.98584,185.32522,32242,32411,169
100,9,stack,56,62.2882,189.31264,32411,32578,167
100,9,stack,56,65.384675,191.719625,32578,32716,138
100,9,stack,56,64.211975,189.609825,32785,32922,137
100,9,char,55,20.58688,194.89154,32958,33126,168
100,9,char,55,17.1095,186.6623,33126,33158,32
100,9,stack,56,87.46218,187.32776,33226,33395,169
100,9,stack,56,87.3732,190.3884,33395,33533,138
100,0,blank,0,36.9609,210.7203,33569,33739,170
100,0,blank,0,38.22646,209.83726,33739,33908,169
100,0,blank,0,35.99112,210.30536,33908,34078,170
100,10,int,71,5.05133999999999,217.80242,34146,34315,169
100,11,int,76,8.80199999999999,226.5626,34315,34381,66
100,10,top,72,57.78454,220.71982,34414,34580,166
100,10,top,72,56.60455,221.150266666667,34580,34777,197
100,0,blank,0,58.43235,266.8799,34810,35009,199
100,0,blank,0,56.2412,256.3208,35009,35042,33
100,0,blank,0,54.8252,264.585033333333,35074,35175,101
100,0,blank,0,36.929,255.2771,35209,35241,32
100,0,blank,0,36.5149,267.5421,35274,35306,32
100,0,blank,0,30.5093333333333,265.280266666667,35373,35471,98
100,0,blank,0,72.03318,266.41934,35504,35671,167
100,0,blank,0,73.5064,258.334,35671,35704,33
100,0,blank,0,69.379475,265.608775,35737,35871,134
100,13,char,81,47.38515,276.919383333333,35904,36097,193
100,13,char,81,68.5676833333333,284.6268,36097,36291,194
100,13,char,81,72.3364666666667,284.729566666667,36291,36388,97
100,14,k,87,118.030166666667,294.25945,36421,36618,197
100,14,k,87,119.9184,295.2417,36618,36718,100
100,13,char,81,76.3794333333333,272.099133333333,36753,36952,199
100,13,char,81,76.2867,271.301166666667,36952,37147,195
100,13,char,81,77.6812666666667,268.818683333333,37181,37379,198
100,0,blank,0,79.79888,266.149,37379,37546,167
100,13,char,81,81.6249,269.47455,37546,37744,198
100,14,int,84,45.09272,293.84212,37811,37979,168
100,0,blank,0,49.202,289.2315,37979,38014,35
100,0,blank,0,56.02504,264.1,38047,38217,170
100,0,blank,0,58.9646,255.9253,38217,38250,33
100,0,blank,0,40.66636,216.7155,38285,38453,168
100,0,blank,0,41.10505,212.21195,38453,38651,198
100,0,blank,0,36.9933,216.17665,38651,38784,133
100,10,int,71,16.27748,216.9662,38817,38984,167
100,10,int,71,18.63885,215.0307,38984,39118,134
100,11,main,77,61.3389666666667,228.190433333333,39151,39349,198
100,0,blank,0,50.50425,262.3945,39382,39579,197
100,0,blank,0,54.24314,260.8913,39579,39742,163
100,0,blank,0,52.4659,256.6749,39774,39807,33
100,0,blank,0,-323,-105,39874,39984,110
100,0,blank,0,35.3775666666667,255.96135,40145,40332,187
100,0,blank,0,68.8238,261.4464,40365,40558,193
100,0,blank,0,67.3874333333333,263.744983333333,40558,40751,193
100,0,blank,0,66.213925,262.605025,40751,40878,127
100,0,blank,0,36.3593,274.9024,40941,40973,32
100,0,blank,0,44.6633,267.30245,41004,41197,193
100,0,blank,0,46.8511166666667,267.666183333333,41197,41389,192
100,13,char,81,49.99045,277.7524,41421,41616,195
100,13,char,81,52.70776,281.17622,41616,41778,162
100,13,char,81,70.87014,281.81568,41811,41978,167
100,13,char,81,68.939925,286.191125,41978,42114,136
100,0,blank,0,26.72664,287.24304,42147,42311,164
100,13,char,81,58.45018,286.5497,42345,42514,169
100,14,int,84,60.339075,292.99845,42514,42646,132
100,0,blank,0,93.5339333333333,289.088133333333,42711,42910,199
100,0,blank,0,92.61714,289.27562,42910,43078,168
100,0,blank,0,92.0088666666667,287.1435,43078,43275,197
100,13,ch,82,94.4329,285.50074,43275,43441,166
100,0,blank,0,92.90212,282.89158,43441,43609,168
100,0,blank,0,91.8321,282.30926,43609,43775,166
100,13,char,81,83.78504,286.02268,43775,43943,168
100,0,blank,0,85.6327,287.587925,43978,44109,131
100,13,;,83,116.41755,286.301233333333,44209,44408,199
100,13,;,83,117.5029,285.5865,44408,44441,33
100,0,blank,0,145.5372,289.2034,44474,44639,165
100,0,blank,0,87.3404,288.36972,44705,44864,159
100,0,blank,0,86.3557833333333,288.70185,44928,45122,194
100,0,blank,0,87.3882666666667,289.7281,45122,45218,96
100,0,blank,0,87.3538166666667,285.655033333333,45250,45443,193
100,0,blank,0,108.400533333333,297.583066666667,45476,45671,195
100,0,blank,0,110.659775,298.253175,45671,45802,131
100,0,blank,0,135.6981,289.490375,45835,45985,150
100,13,char,81,78.6146,269.948,46070,46162,92
100,0,blank,0,40.9885,263.5992,46353,46532,179
100,0,blank,0,41.76515,263.74535,46532,46597,65
100,0,blank,0,36.362,230.682016666667,46630,46829,199
100,0,blank,0,35.61015,225.8169,46829,47027,198
100,0,blank,0,35.164675,229.7945,47027,47157,130
100,10,top,72,46.74225,210.29615,47224,47421,197
100,10,top,72,49.6462,212.6735,47421,47617,196
100,10,top,72,53.0949,206.2549,47617,47650,33
100,13,char,81,77.7984,286.69224,47715,47884,169
100,0,blank,0,75.0248,293.17995,47884,47952,68
100,15,for,93,67.87132,313.40862,47986,48157,171
100,15,for,93,70.0520333333333,311.6213,48157,48356,199
100,15,for,93,45.7302,321.1301,48425,48458,33
100,0,blank,0,47.07105,310.356616666667,48490,48687,197
100,15,i,103,88.78888,311.69108,48720,48887,167
100,0,blank,0,88.7810333333333,310.2717,48887,48987,100
100,14,p,89,146.54054,307.99944,49020,49188,168
100,14,p,89,145.2637,303.48685,49188,49256,68
100,15,;,102,120.2409,314.195,49289,49456,167
100,0,blank,0,124.232766666667,312.6368,49456,49556,100
100,15,;,102,194.229675,314.989075,49590,49720,130
100,0,blank,0,191.151583333333,310.321083333333,49754,49951,197
100,14,0,91,193.809033333333,306.211633333333,49951,50051,100
100,17,stack,107,95.98868,358.04058,50116,50283,167
100,0,blank,0,91.7797,355.5306,50283,50317,34
100,17,stack,107,117.4806,358.893,50383,50416,33
100,0,blank,0,124.49492,352.9384,50448,50618,170
100,17,=,111,181.0892,357.46698,50653,50821,168
100,17,=,111,180.3347,358.70715,50821,50890,69
100,0,blank,0,184.4606,348.8358,50924,50957,33
100,17,stack,107,102.79766,358.91118,51023,51191,168
100,17,stack,107,101.403366666667,360.551633333333,51191,51291,100
100,0,blank,0,58.8824333333333,335.618566666667,51360,51558,198
100,0,blank,0,57.44132,338.73296,51558,51727,169
100,0,blank,0,53.45805,338.49585,51727,51793,66
100,15,i,103,88.13636,321.55018,51827,51996,169
100,15,i,103,89.9774,323.5111,51996,52029,33
100,15,for,93,54.1108,314.60395,52062,52127,65
100,15,for,93,49.3144,312.8234,52160,52192,32
100,15,=,96,103.30028,314.864,52259,52427,168
100,15,=,96,100.7138,315.81534,52427,52594,167
100,17,stack,107,123.3665,363.02278,52627,52794,167
100,17,stack,107,115.9031,357.2239,52794,52962,168
100,17,stack,107,116.0523,358.60858,52962,53130,168
100,17,stack,107,119.13245,358.4518,53130,53197,67
100,17,=,111,180.68396,357.1133,53231,53394,163
100,17,=,111,180.7533,357.08025,53427,53622,195
100,0,blank,0,183.6584,351.3945,53622,53687,65
100,17,=,111,181.9719,358.2307,53720,53785,65
100,0,blank,0,158.69825,354.1829,53818,54012,194
100,0,blank,0,159.98298,352.68576,54012,54175,163
100,0,blank,0,184.1166,339.769966666667,54241,54338,97
100,0,blank,0,184.409933333333,352.306433333333,54369,54466,97
100,0,blank,0,96.8916166666667,349.828283333333,54498,54697,199
100,0,blank,0,99.38575,355.42265,54697,54764,67
100,0,blank,0,185.9366,354.7433,54830,54929,99
100,17,stack,107,105.956416666667,359.334466666667,54995,55194,199
100,17,stack,107,105.5749,364.9929,55194,55227,33
100,0,blank,0,124.12756,329.8837,55327,55494,167
100,15,;,102,118.76295,322.11145,55494,55561,67
100,0,blank,0,178.386933333333,355.499916666667,55628,55825,197
100,0,blank,0,179.084975,354.01285,55859,55988,129
100,0,blank,0,122.73032,353.94942,56120,56284,164
100,0,blank,0,119.65315,355.11985,56284,56355,71
100,0,blank,0,172.9205,363.774766666667,56421,56615,194
100,0,blank,0,170.80524,358.59764,56615,56782,167
100,0,blank,0,171.71405,359.378,56782,56848,66
100,17,=,111,174.8617,357.8955,56880,56914,34
100,15,=,96,96.3542,316.073433333333,56979,57174,195
100,15,=,96,98.16485,312.077075,57174,57304,130
100,0,blank,0,146.155375,353.521475,57402,57533,131
100,0,blank,0,113.06596,353.19384,57566,57733,167
100,0,blank,0,111.8317,348.65078,57733,57900,167
100,0,blank,0,127.56728,353.4874,57900,58069,169
100,17,stack,107,125.018,356.9355,58069,58101,32
100,0,blank,0,183.127725,351.52585,58134,58271,137
100,0,blank,0,183.8301,355.367633333333,58334,58430,96
100,0,blank,0,188.1863,350.2013,58463,58495,32
100,15,i,103,136.639283333333,325.843416666667,58559,58754,195
100,15,i,103,135.91155,325.387975,58754,58885,131
100,0,blank,0,86.03345,344.951383333333,58951,59150,199
100,0,blank,0,88.0825,347.8607,59150,59249,99
100,14,i,85,86.57342,306.65638,59282,59450,168
100,14,i,85,86.75956,309.0937,59450,59617,167
100,0,blank,0,84.196825,310.406925,59617,59753,136
100,0,blank,0,132.06422,341.74258,59786,59954,168
100,0,blank,0,124.5043,342.2284,59954,59988,34
100,0,blank,0,107.25738,351.8502,60022,60189,167
100,0,blank,0,178.76306,354.10082,60223,60392,169
100,17,=,111,183.0218,357.9852,60392,60425,33
100,19,printf,115,55.76296,402.643,60458,60626,168
100,0,blank,0,53.5038,398.2369,60626,60659,33
100,19,"\nEnteraninfixexpression:",117,118.6746,403.26512,60693,60864,171
100,0,blank,0,117.110166666667,398.92485,60864,61063,199
100,19,(,116,110.8957,400.0642,61063,61097,34
100,0,blank,0,171.6109,396.2373,61164,61197,33
100,19,"\nEnteraninfixexpression:",117,173.35278,405.15502,61264,61429,165
100,19,"\nEnteraninfixexpression:",117,224.9954,402.63985,61462,61659,197
100,19,"\nEnteraninfixexpression:",117,284.785325,409.23115,61757,61887,130
100,20,"%s",122,108.71152,428.85134,61953,62121,168
100,20,"%s",122,105.6964,424.91878,62121,62288,167
100,20,"%s",122,104.8469,433.8568,62288,62322,34
100,20,scanf,120,55.30112,430.26234,62389,62556,167
100,20,scanf,120,61.69102,429.21064,62556,62723,167
100,20,scanf,120,57.4321,429.63268,62723,62894,171
100,20,scanf,120,60.81392,422.3274,62894,63069,175
100,0,blank,0,63.2107,420.85926,63069,63244,175
100,19,printf,115,60.9324,413.546,63244,63278,34
100,20,scanf,120,62.3312,426.18834,63314,63481,167
100,20,scanf,120,57.5837,428.45995,63481,63680,199
100,20,scanf,120,57.83052,427.4499,63680,63850,170
100,20,scanf,120,59.1629,435.13608,63850,64021,171
100,20,scanf,120,61.91246,432.50494,64021,64191,170
100,20,"%s",122,114.23664,432.34968,64259,64433,174
100,20,"%s",122,111.03676,431.22588,64433,64603,170
100,20,"%s",122,108.85994,427.9759,64603,64775,172
100,20,"%s",122,106.4675,427.40602,64775,64947,172
100,0,blank,0,105.27034,420.7433,64947,65120,173
100,20,scanf,120,81.76688,429.46926,65154,65325,171
100,20,scanf,120,81.68046,430.94792,65325,65496,171
100,20,scanf,120,85.37732,428.41652,65496,65664,168
100,20,scanf,120,82.060475,425.04895,65664,65802,138
100,20,scanf,120,45.0789,425.554733333333,65836,65941,105
100,0,blank,0,-323,-105,66046,66156,110
100,20,scanf,120,74.8887,427.757033333333,66271,66387,116
100,20,scanf,120,76.5678,431.1691,66387,66507,120
100,19,printf,115,95.2627,414.4823,66632,66757,125
100,19,"\nEnteraninfixexpression:",117,185.3257,401.6114,66823,66856,33
100,19,"\nEnteraninfixexpression:",117,190.15122,401.03452,66922,67087,165
100,0,blank,0,190.05935,398.27855,67153,67287,134
100,19,(,116,105.334233333333,414.103133333333,67353,67451,98
100,19,(,116,110.590166666667,408.88195,67484,67683,199
100,19,(,116,109.2283,404.71,67683,67716,33
100,20,scanf,120,74.93462,431.7067,67818,67989,171
100,20,scanf,120,74.80925,430.50085,67989,68060,71
100,0,blank,0,39.97902,421.28446,68094,68266,172
100,0,blank,0,39.07658,422.37192,68266,68433,167
100,0,blank,0,38.65566,420.62316,68433,68601,168
100,0,blank,0,39.15308,420.61204,68601,68769,168
100,0,blank,0,35.83575,418.469625,68769,68904,135
100,20,scanf,120,53.29818,421.73338,69005,69175,170
100,20,scanf,120,52.37352,421.0284,69175,69341,166
100,20,scanf,120,52.61886,425.18228,69341,69511,170
100,20,scanf,120,55.88445,430.99245,69511,69649,138
100,20,scanf,120,92.39242,428.10638,69683,69855,172
100,20,scanf,120,88.85736,428.99898,69855,70024,169
100,20,scanf,120,87.1854,428.311933333333,70024,70126,102
100,0,blank,0,37.24218,427.7221,70226,70396,170
100,0,blank,0,34.23525,415.9122,70396,70464,68
100,20,scanf,120,83.15064,424.44358,70530,70698,168
100,20,scanf,120,81.95975,424.650525,70698,70833,135
100,20,scanf,120,71.202725,425.783225,70867,71003,136
100,20,"%s",122,127.4704,422.5495,71037,71171,134
100,20,scanf,120,68.74544,428.42246,71239,71403,164
100,20,(,121,98.1107333333333,428.081716666667,71468,71664,196
100,20,(,121,100.176,434.1026,71664,71697,33
100,20,scanf,120,68.2203166666667,423.190366666667,71730,71925,195
100,20,scanf,120,69.349975,421.985825,71925,72056,131
100,20,scanf,120,44.8807333333333,422.969716666667,72088,72286,198
100,0,blank,0,42.5064,428.55096,72286,72454,168
100,0,blank,0,41.16734,424.10154,72454,72619,165
100,19,printf,115,60.5304166666667,418.227383333333,72685,72884,199
100,19,printf,115,55.6699,418.08148,72884,73051,167
100,20,scanf,120,53.57358,423.87092,73051,73220,169
100,0,blank,0,55.6947,420.474333333333,73220,73317,97
100,20,"%s",122,111.2542,433.5748,73351,73518,167
100,20,"%s",122,113.90752,430.8846,73518,73686,168
100,20,"%s",122,113.8704,430.77966,73686,73854,168
100,20,scanf,120,73.60308,436.4834,73887,74054,167
100,20,scanf,120,76.5342166666667,435.270283333333,74054,74253,199
100,20,scanf,120,77.1624,436.26512,74253,74420,167
100,20,scanf,120,76.1485,435.92795,74420,74487,67
100,20,(,121,102.040966666667,434.644816666667,74554,74753,199
100,20,"%s",122,129.6215,436.906833333333,74786,74885,99
100,0,blank,0,-323,-105,74983,75092,109
100,20,"%s",122,115.103166666667,440.563316666667,75206,75396,190
100,20,"%s",122,116.4617,436.828933333333,75429,75628,199
100,20,"%s",122,116.64445,437.07835,75628,75825,197
100,20,scanf,120,93.821475,441.65765,75825,75954,129
100,20,scanf,120,87.7141166666667,434.81625,75987,76183,196
100,20,scanf,120,90.47345,440.4842,76183,76248,65
100,20,scanf,120,54.16652,431.48566,76316,76481,165
100,20,"%s",122,132.4784,426.8895,76514,76579,65
100,20,"%s",122,139.83275,427.543416666667,76614,76813,199
100,19,"\nEnteraninfixexpression:",117,144.7853,411.4812,76881,76984,103
100,19,"\nEnteraninfixexpression:",117,249.021083333333,401.108283333333,77017,77214,197
100,21,=,130,94.10805,445.992,77279,77474,195
100,20,scanf,120,93.91055,441.2813,77474,77541,67
100,21,for,127,62.50066,453.45778,77575,77745,170
100,21,for,127,58.03932,448.22122,77745,77916,171
100,21,=,130,94.2248166666667,456.702633333333,77949,78147,198
100,21,i,140,90.3908,460.493,78147,78182,35
100,21,infix,133,142.23006,452.98502,78247,78414,167
100,21,infix,133,139.99626,455.22472,78414,78584,170
100,21,infix,133,138.4186,461.49505,78584,78651,67
100,21,infix,133,172.23334,460.35192,78684,78856,172
100,21,infix,133,170.51084,455.86244,78856,79023,167
100,21,infix,133,167.5553,454.18115,79023,79091,68
100,21,i,140,194.698233333333,457.129366666667,79158,79259,101
100,21,infix,133,159.42484,456.98656,79326,79495,169
100,21,infix,133,148.2255,457.7747,79495,79529,34
100,21,=,130,100.72292,453.23548,79562,79729,167
100,21,=,130,100.1303,456.922233333333,79729,79833,104
100,21,infix,133,134.96174,456.25418,79865,80034,169
100,0,blank,0,130.4072,449.4146,80034,80068,34
100,21,infix,133,175.41388,459.14444,80102,80275,173
100,21,infix,133,176.017033333333,463.295933333333,80275,80378,103
100,21,infix,133,178.13885,457.9891,80415,80482,67
100,0,blank,0,221.6912,460.465,80514,80582,68
100,0,blank,0,220.936466666667,457.4768,80618,80720,102
100,21,i,140,200.05534,463.65554,80790,80958,168
100,21,i,140,202.7492,458.51388,80958,81127,169
100,0,blank,0,200.9644,467.1097,81127,81158,31
100,21,!=,137,231.04865,452.896025,81190,81329,139
100,21,for,127,72.4853,449.79464,81397,81565,168
100,21,for,127,73.5415,449.063466666667,81565,81763,198
100,19,"\nEnteraninfixexpression:",117,136.6183,418.72296,81795,81963,168
100,14,int,84,63.1502666666667,306.954116666667,81996,82194,198
100,14,int,84,63.8648,307.4467,82194,82226,32
100,13,char,81,44.92408,281.83772,82292,82464,172
100,14,int,84,43.13898,291.56068,82464,82639,175
100,14,int,84,47.078975,301.870725,82639,82770,131
100,14,int,84,45.67404,309.95232,82803,82969,166
100,11,int,76,24.28916,240.39288,83001,83168,167
100,11,int,76,24.28574,241.77258,83168,83340,172
100,11,int,76,27.0332333333333,239.215766666667,83340,83439,99
100,11,main,77,53.82928,237.87948,83472,83636,164
100,14,int,84,44.739475,302.531725,83702,83832,130
100,21,0,138,113.2324,456.8684,83929,84030,101
100,21,;,139,115.6278,454.9636,84063,84131,68
100,0,blank,0,215.42355,459.0369,84164,84300,136
100,0,blank,0,-323,-105,84368,84470,102
100,20,"%s",122,135.96575,439.81695,84597,84781,184
100,20,"%s",122,131.99465,437.514533333333,84781,84974,193
100,20,"%s",122,135.92122,441.05782,84974,85135,161
100,0,blank,0,355.4426,285.8337,85200,85232,32
100,0,blank,0,363.796166666667,268.897183333333,85264,85461,197
100,0,blank,0,363.016666666667,268.3925,85461,85655,194
100,0,blank,0,361.75765,266.56125,85655,85785,130
100,0,blank,0,1038.177,126.487575,85955,86106,151
100,0,blank,0,1028.5552,120.79368,86142,86314,172
100,0,blank,0,1027.3002,118.65188,86314,86484,170
100,0,blank,0,1027.901,114.8222,86484,86659,175
100,0,blank,0,1025.622,112.15965,86659,86738,79
101,24,),157,237.0028,102.914566666667,88686,88801,115
101,0,blank,0,230.8298,71.924375,88837,88983,146
101,0,blank,0,219.99656,171.03582,89107,89287,180
101,0,blank,0,216.1366,170.684,89287,89358,71
101,24,(,154,195.34108,97.74816,89394,89578,184
101,24,(,154,195.36196,100.01872,89578,89765,187
101,24,(,154,197.04425,101.62245,89765,89844,79
101,0,blank,0,-323,-105,89969,90064,95
101,23,infix,146,178.38464,81.88982,90225,90400,175
101,23,[,147,192.45336,76.30032,90437,90620,183
101,23,[,147,191.171333333333,78.2812,90620,90740,120
101,0,blank,0,164.12254,85.84142,90825,91008,183
101,23,[,147,192.2124,74.12016,91043,91228,185
101,0,blank,0,169.05234,15.4972,91263,91443,180
101,0,blank,0,170.24516,19.61112,91443,91633,190
101,21,infix,133,170.3502,21.331,91633,91710,77
101,0,blank,0,142.85726,19.1706,91780,91959,179
101,0,blank,0,147.579666666667,18.5147,91959,92065,106
101,0,blank,0,126.68518,4.48544,92100,92278,178
101,0,blank,0,125.7555,1.59275,92278,92351,73
101,0,blank,0,178.36534,1.70096,92387,92574,187
101,0,blank,0,176.65192,-2.94552,92574,92766,192
101,0,blank,0,171.54634,-3.12596,92766,92952,186
101,0,blank,0,171.86208,-4.67568,92952,93140,188
101,0,blank,0,122.30938,9.5815,93177,93359,182
101,0,blank,0,122.75568,10.73302,93359,93548,189
101,0,blank,0,122.756633333333,15.1982333333333,93548,93659,111
101,0,blank,0,156.046,-3.89756,93695,93880,185
101,0,blank,0,160.491966666667,-7.319,93880,93993,113
101,0,blank,0,206.39456,1.41238,94067,94249,182
101,0,blank,0,204.323,2.702875,94249,94394,145
101,0,blank,0,154.7021,16.38954,94431,94616,185
101,0,blank,0,155.3177,13.65295,94616,94695,79
101,21,;,139,119.46004,22.24508,94767,94945,178
101,0,blank,0,124.9685,25.4028,94945,94981,36
101,21,infix,133,154.4413,26.50592,95017,95197,180
101,21,infix,133,167.7412,34.533,95197,95233,36
101,0,blank,0,173.21234,4.48194,95271,95453,182
101,0,blank,0,171.39484,1.41268,95453,95642,189
101,0,blank,0,169.2829,3.45555,95642,95713,71
101,21,infix,133,180.0641,28.7591,95784,95862,78
101,21,infix,133,174.6373,31.0651,95899,95934,35
101,0,blank,0,125.32374,17.43692,95970,96154,184
101,0,blank,0,128.998733333333,15.9509333333333,96154,96272,118
101,0,blank,0,161.28572,17.43278,96345,96527,182
101,0,blank,0,161.83842,14.18344,96527,96716,189
101,0,blank,0,155.0229,14.2692,96716,96753,37
101,0,blank,0,139.2191,14.6707333333333,96789,96899,110
101,21,],136,210.34166,20.85818,96971,97152,181
101,0,blank,0,207.839875,18.5577,97152,97294,142
101,21,!=,137,226.840025,25.02685,97329,97490,161
101,21,!=,137,230.01705,26.2595,97490,97647,157
101,0,blank,0,228.84065,18.228825,97688,97838,150
101,21,[,134,187.44274,22.74046,97873,98058,185
101,21,[,134,190.14804,27.1858,98058,98247,189
101,0,blank,0,255.18944,19.99464,98321,98509,188
101,21,infix,133,166.868266666667,23.3012333333333,98544,98665,121
101,0,blank,0,292.44704,26.28158,98736,98928,192
101,0,blank,0,291.74558,25.02962,98928,99113,185
101,21,0,138,268.74788,24.5396,99195,99390,195
101,21,0,138,269.109575,23.098075,99390,99555,165
101,0,blank,0,308.14554,26.34706,99591,99781,190
101,0,blank,0,310.53475,27.88655,99781,99947,166
101,0,blank,0,212.04312,20.5379,99988,100176,188
101,0,blank,0,216.1621,21.1246,100176,100338,162
101,0,blank,0,313.81534,24.05764,100380,100567,187
101,0,blank,0,306.4141,17.5208,100567,100603,36
101,21,),142,351.3747,26.7841,100673,100745,72
101,21,++,141,343.2659,28.4136,100927,101103,176
101,21,++,141,343.480725,28.03835,101103,101240,137
101,0,blank,0,363.08535,29.53695,101307,101441,134
101,24,isalnum,153,186.89836,96.54688,101516,101691,175
101,24,isalnum,153,187.8598,93.926075,101691,101830,139
101,23,infix,146,148.6687,76.2427,101901,102074,173
101,23,infix,146,147.13494,78.10836,102074,102249,175
101,23,infix,146,154.9218,78.326,102249,102286,37
101,23,;,150,217.63308,67.1971,102323,102498,175
101,23,infix,146,150.70594,79.71456,102535,102716,181
101,23,infix,146,149.00272,82.87906,102716,102898,182
101,23,infix,146,150.491525,82.8154,102898,103046,148
101,23,],149,208.063266666667,73.9387333333333,103084,103194,110
101,23,i,148,203.10486,71.9086,103401,103580,179
101,0,blank,0,193.1628,72.62425,103580,103652,72
101,23,infix,146,165.727766666667,81.8129333333333,103688,103799,111
101,24,isalnum,153,166.1484,86.8439,103835,103871,36
101,0,blank,0,233.14452,84.55682,103943,104125,182
101,0,blank,0,231.8691,83.5027,104125,104162,37
101,23,i,148,200.9031,79.21865,104239,104382,143
101,0,blank,0,243.39044,72.99854,104419,104604,185
101,0,blank,0,249.2339,70.598,104604,104639,35
101,23,[,147,191.62222,79.12104,104716,104895,179
101,23,[,147,192.82672,78.02618,104895,105076,181
101,23,[,147,188.74028,77.7219,105076,105257,181
101,23,[,147,189.0831,74.6606,105257,105293,36
101,0,blank,0,235.14178,67.75978,105400,105597,197
101,23,i,148,195.29036,71.74028,105676,105871,195
101,0,blank,0,193.16932,70.44754,105871,106051,180
101,23,[,147,192.93336,68.8948,106051,106240,189
101,0,blank,0,195.8894,62.61316,106240,106430,190
101,0,blank,0,197.5189,64.9846,106430,106467,37
101,0,blank,0,243.00135,64.548925,106503,106668,165
101,0,blank,0,242.5228,68.8965,106668,106744,76
101,23,i,148,195.3084,74.37698,106819,107013,194
101,23,i,148,195.9021,70.2011,107013,107163,150
101,0,blank,0,244.0776,11.4294,107519,107570,51
101,21,[,134,192.24816,23.56104,107650,107833,183
101,21,0,138,288.73322,25.38056,107877,108074,197
101,0,blank,0,289.5767,18.2996,108074,108110,36
101,0,blank,0,255.65428,25.87092,108188,108381,193
101,21,0,138,256.12404,20.19076,108381,108563,182
101,21,i,140,200.38486,26.6959,108598,108782,184
101,21,],136,205.397833333333,28.5083666666667,108782,108893,111
101,21,infix,133,150.62015,25.42,108965,109131,166
101,21,infix,133,149.9161,26.71435,109131,109215,84
101,23,[,147,192.978,77.4417,109298,109373,75
101,0,blank,0,-323,-105,109452,109556,104
101,0,blank,0,119.6359,55.4728,109683,109703,20
101,23,infix,146,178.5124,73.91315,109784,109855,71
101,23,infix,146,181.0834,66.4828,109891,109963,72
101,23,;,150,221.94482,66.30898,110032,110210,178
101,0,blank,0,228.48778,64.46438,110210,110384,174
101,0,blank,0,227.64044,69.21564,110384,110563,179
101,0,blank,0,230.4595,65.0831,110563,110606,43
101,23,;,150,217.29172,80.45422,110641,110824,183
101,23,;,150,216.4347,73.8202,110824,110867,43
101,23,[,147,190.11008,83.04012,110908,111095,187
101,23,i,148,196.9594,80.0896,111095,111137,42
101,24,isalnum,153,137.93894,87.5477,111179,111365,186
101,24,isalnum,153,141.52876,91.29756,111365,111546,181
101,24,isalnum,153,143.8928,86.3027,111546,111583,37
101,0,blank,0,-323,-105,111661,111698,37
101,0,blank,0,185.01198,85.24376,111891,112074,183
101,23,infix,146,180.403825,84.0574,112074,112222,148
101,23,infix,146,178.54864,83.8964,112256,112438,182
101,0,blank,0,244.96348,125.36418,112513,112695,182
101,0,blank,0,246.7235,123.9608,112695,112774,79
101,0,blank,0,215.7709,157.8909,112847,113041,194
101,28,(,173,172.93745,192.673075,113122,113279,157
101,28,ch,171,173.74464,186.46852,113279,113473,194
101,28,ch,171,178.4897,189.243,113473,113510,37
101,24,isalnum,153,173.3086,100.69484,113552,113737,185
101,24,isalnum,153,176.57025,105.11305,113737,113897,160
101,23,infix,146,165.87148,76.29636,113932,114117,185
101,23,infix,146,162.37356,73.80172,114117,114315,198
101,23,infix,146,167.0727,76.29725,114315,114472,157
101,23,infix,146,162.35485,79.610325,114549,114717,168
101,23,infix,146,163.9492,83.246,114717,114827,110
101,24,(,154,198.32948,87.32384,114864,115050,186
101,23,infix,146,149.46516,78.697,115088,115276,188
101,23,infix,146,145.3502,75.5947,115276,115347,71
101,23,i,148,202.154925,72.63385,115419,115573,154
101,23,infix,146,168.51788,76.43316,115610,115794,184
101,23,infix,146,167.21486,77.9403,115794,115974,180
101,23,infix,146,173.9505,71.1086,115974,116010,36
101,23,],149,211.25654,73.31618,116046,116231,185
101,23,;,150,216.32764,69.99502,116231,116410,179
101,0,blank,0,227.802175,64.048175,116410,116583,173
101,23,i,148,198.59824,71.06446,116617,116807,190
101,23,i,148,198.7787,67.9282,116807,116842,35
101,0,blank,0,228.91716,75.0929,116912,117105,193
101,23,[,147,188.4743,76.43214,117147,117339,192
101,23,[,147,187.733725,71.88215,117339,117505,166
101,23,[,147,191.85806,74.27976,117505,117692,187
101,23,[,147,190.7474,72.8496,117692,117732,40
101,24,isalnum,153,185.4248,95.63086,117776,117972,196
101,24,isalnum,153,185.5727,93.2637,117972,118014,42
101,24,isalnum,153,131.1192,100.7784,118178,118221,43
101,24,isalnum,153,189.77462,106.99124,118303,118487,184
101,24,(,154,197.52108,100.12,118487,118670,183
101,24,isalnum,153,169.18334,93.74716,118713,118904,191
101,24,isalnum,153,175.17252,91.74862,118904,119087,183
101,24,(,154,201.4572,88.2431,119123,119161,38
101,24,(,154,201.89975,95.935025,119197,119360,163
101,24,(,154,198.82052,93.5315,119360,119555,195
101,24,(,154,196.784,99.30242,119555,119736,181
101,24,isalnum,153,191.80705,100.45565,119736,119814,78
101,0,blank,0,194.56926,99.1554,119849,120029,180
101,24,(,154,196.9538,89.1964,120029,120063,34
101,24,isalnum,153,190.41192,98.62698,120100,120280,180
101,0,blank,0,194.74884,95.25802,120280,120459,179
101,24,ch,155,210.61614,94.81556,120459,120642,183
101,24,ch,155,209.845,91.45418,120642,120837,195
101,24,ch,155,204.72234,91.28658,120837,121026,189
101,24,ch,155,223.74878,89.07056,121060,121244,184
101,23,;,150,219.1556,84.1144,121244,121285,41
101,24,isalnum,153,169.59942,88.28338,121320,121501,181
101,24,isalnum,153,171.2399,86.33282,121501,121687,186
101,23,infix,146,171.881566666667,82.8738,121687,121797,110
101,23,infix,146,151.20794,65.94606,121831,122009,178
101,0,blank,0,153.2235,63.231,122009,122044,35
101,0,blank,0,221.91406,125.33148,122116,122306,190
101,0,blank,0,224.756925,115.462325,122306,122475,169
101,0,blank,0,236.96465,122.39555,122475,122635,160
101,0,blank,0,236.623833333333,124.271133333333,122635,122749,114
101,23,i,148,200.6634,69.63854,122785,122967,182
101,23,i,148,196.222966666667,73.2974333333333,122967,123085,118
101,23,i,148,198.94265,71.1818,123119,123191,72
101,0,blank,0,246.47228,124.738,123226,123409,183
101,0,blank,0,244.6669,125.389233333333,123409,123522,113
101,23,[,147,189.16464,76.92766,123557,123732,175
101,23,[,147,190.45716,75.01768,123732,123907,175
101,23,[,147,191.90762,77.14424,123907,124081,174
101,23,[,147,188.24362,77.97322,124081,124266,185
101,0,blank,0,179.1625,85.6412,124266,124447,181
101,24,isalnum,153,180.98,96.483525,124447,124595,148
101,24,isalnum,153,180.692925,89.8807,124630,124774,144
101,0,blank,0,254.85292,115.55316,124811,125004,193
101,0,blank,0,231.54496,128.04472,125076,125255,179
101,0,blank,0,233.6638,128.0392,125255,125289,34
101,0,blank,0,187.45872,64.38858,125358,125532,174
101,0,blank,0,146.544633333333,60.7875333333333,125602,125707,105
101,23,infix,146,183.83458,69.84604,125880,126052,172
101,23,infix,146,182.7305,65.38825,126052,126122,70
101,0,blank,0,-323,-105,126226,126328,102
101,24,isalnum,153,181.2843,96.7318,126453,126479,26
101,23,infix,146,164.05318,75.80076,126515,126688,173
101,23,infix,146,162.5344,74.75138,126688,126862,174
101,23,infix,146,166.882366666667,76.7041,126862,126968,106
101,23,i,148,194.58026,70.5324,127003,127177,174
101,23,i,148,199.009433333333,70.0964666666667,127177,127277,100
101,23,infix,146,139.186725,65.882825,127344,127486,142
101,23,infix,146,143.6819,66.415,127486,127561,75
101,0,blank,0,147.3513,60.4572,127561,127691,130
101,23,],149,209.246875,69.6376,127811,128000,189
101,0,blank,0,207.6487,57.5701,128000,128034,34
101,23,infix,146,168.70112,71.76302,128112,128289,177
101,23,infix,146,167.04155,74.359,128289,128362,73
101,23,;,150,214.83408,69.2949,128434,128616,182
101,23,],149,210.28134,66.42254,128616,128796,180
101,24,isalnum,153,168.28958,92.13138,128866,129041,175
101,24,isalnum,153,169.57265,93.26165,129041,129111,70
101,26,++,162,223.34946,137.98084,129182,129366,184
101,26,++,162,222.63345,142.09425,129366,129445,79
101,23,infix,146,179.1306,74.24846,129481,129665,184
101,23,infix,146,178.66722,73.7588,129665,129846,181
101,23,infix,146,179.274166666667,72.6125666666667,129846,129958,112
101,23,infix,146,170.61474,72.04392,129994,130183,189
101,23,infix,146,174.652566666667,72.9875666666667,130183,130302,119
101,23,infix,146,144.81572,77.96036,130345,130540,195
101,23,infix,146,145.69398,75.4459,130540,130723,183
101,23,infix,146,144.756725,75.5798,130723,130871,148
101,23,infix,146,165.48494,80.82204,130907,131084,177
101,23,infix,146,167.81922,81.63514,131084,131263,179
101,23,],149,205.76194,75.19592,131299,131484,185
101,23,i,148,202.63615,74.632025,131484,131651,167
101,23,i,148,202.72805,74.455,131651,131721,70
101,23,infix,146,166.78206,81.25262,131763,131942,179
101,23,infix,146,169.4273,84.029525,131942,132086,144
101,23,infix,146,137.37852,77.60652,132157,132340,183
101,23,infix,146,139.1614,74.86342,132340,132515,175
101,23,infix,146,140.36875,79.98935,132515,132658,143
101,23,infix,146,168.0821,84.77572,132694,132873,179
101,24,isalnum,153,167.08865,86.7761,132873,132952,79
101,0,blank,0,131.8842,81.4517,133062,133256,194
101,23,infix,146,136.80475,78.253725,133256,133419,163
101,23,[,147,188.94206,74.62838,133457,133643,186
101,23,infix,146,164.48412,72.70242,133715,133895,180
101,23,infix,146,165.8259,73.89284,133895,134078,183
101,23,infix,146,168.3917,72.4886,134078,134258,180
101,23,infix,146,169.362666666667,74.7075,134258,134365,107
101,23,;,150,214.14045,68.79755,134401,134542,141
101,0,blank,0,-323,-105,134611,134699,88
101,24,isalnum,153,166.7539,92.3279,134761,134818,57
101,23,infix,146,167.76255,84.71755,134890,135016,126
101,24,isalnum,153,133.04752,86.28466,135084,135257,173
101,24,isalnum,153,135.17935,89.70905,135257,135326,69
101,24,ch,155,208.0659,98.12108,135361,135539,178
101,24,(,154,202.92988,95.04354,135539,135720,181
101,24,(,154,195.12098,92.54868,135720,135908,188
101,24,(,154,195.5061,96.766075,135908,136066,158
101,24,isalnum,153,193.5055,92.7166,136066,136183,117
101,0,blank,0,233.435075,93.998275,136219,136371,152
101,24,ch,155,219.12225,97.59595,136413,136497,84
101,24,ch,155,219.76385,96.59,136538,136718,180
101,24,ch,155,219.01155,94.23945,136765,136853,88
101,0,blank,0,194.327533333333,88.8145,136894,137006,112
101,0,blank,0,259.188475,96.4114,137100,137265,165
101,0,blank,0,254.81264,98.99604,137265,137456,191
101,0,blank,0,245.76668,102.88354,137456,137641,185
101,0,blank,0,247.1108,106.4541,137641,137675,34
101,26,p,161,212.87802,145.46844,137711,137887,176
101,26,p,161,212.560166666667,144.739966666667,137887,137992,105
101,0,blank,0,156.058033333333,117.0921,138029,138133,104
101,26,++,162,232.29216,139.27472,138210,138405,195
101,26,=,164,262.683575,142.30425,138445,138592,147
101,26,++,162,228.05338,145.34598,138663,138854,191
101,26,++,162,227.914075,143.32725,138854,139005,151
101,26,=,164,262.116225,141.713125,139083,139244,161
101,0,blank,0,324.41794,145.42124,139326,139522,196
101,0,blank,0,320.902275,145.929625,139522,139685,163
101,26,ch,165,280.9384,144.753625,139734,139885,151
101,0,blank,0,323.80334,139.00896,139920,140117,197
101,0,blank,0,324.797075,139.97825,140117,140259,142
101,26,;,166,300.5102,139.4032,140401,140437,36
101,23,;,150,215.2697,78.321325,140480,140651,171
101,23,],149,211.421466666667,81.6187666666667,140651,140770,119
101,23,infix,146,158.16598,83.07436,140813,141000,187
101,0,blank,0,208.7,63.49485,141071,141238,167
101,0,blank,0,206.00605,63.2745,141238,141331,93
101,0,blank,0,241.335825,70.40075,141379,141527,148
101,23,i,148,203.555225,69.489525,141562,141730,168
101,23,i,148,202.6334,72.4319,141730,141770,40
101,0,blank,0,306.155525,134.305625,141857,142024,167
101,0,blank,0,288.914,180.443475,142064,142208,144
101,26,ch,165,281.01646,137.26156,142412,142595,183
101,26,ch,165,279.09652,140.87592,142595,142764,169
101,26,=,164,255.35456,144.7857,142803,142984,181
101,26,=,164,258.46518,143.78414,142984,143159,175
101,26,=,164,258.11242,150.51844,143159,143341,182
101,26,=,164,261.3015,147.0814,143341,143481,140
101,0,blank,0,324.28276,136.12822,143551,143744,193
101,28,==,172,222.8897,174.965625,143826,143999,173
101,28,==,172,223.006233333333,180.348066666667,143999,144123,124
101,0,blank,0,220.955675,170.7409,144166,144345,179
101,0,blank,0,157.82366,187.73862,144435,144624,189
101,0,blank,0,156.89014,192.0491,144624,144818,194
101,0,blank,0,155.8567,189.0141,144818,144985,167
101,0,blank,0,157.11874,191.34208,144985,145181,196
101,0,blank,0,195.785225,190.760475,145224,145416,192
101,0,blank,0,195.5138,188.071533333333,145416,145557,141
101,28,(,173,169.46144,193.04794,145601,145788,187
101,0,blank,0,194.125,187.9015,145871,145967,96
101,0,blank,0,200.2502,193.2237,146008,146172,164
101,0,blank,0,202.7241,194.7371,146172,146222,50
101,0,blank,0,242.8826,196.542075,146270,146446,176
101,28,(,173,242.46112,193.2785,146446,146641,195
101,28,(,173,239.167975,193.77335,146641,146814,173
101,28,(,173,242.6022,193.075366666667,146814,146933,119
101,0,blank,0,291.16266,199.85474,146977,147164,187
101,0,blank,0,291.00776,197.90612,147164,147338,174
101,0,blank,0,287.92192,195.28286,147338,147512,174
101,0,blank,0,288.1056,195.7379,147512,147686,174
101,0,blank,0,289.92162,195.58394,147686,147856,170
101,0,blank,0,286.9387,186.2315,147856,147910,54
101,0,blank,0,298.02832,197.11264,148266,148445,179
101,0,blank,0,294.1864,198.7981,148445,148545,100
101,0,blank,0,243.5297,234.2834,148579,148736,157
101,0,blank,0,233.06745,246.8548,148815,148953,138
101,30,),179,197.429625,238.406775,148978,149135,157
101,0,blank,0,204.58532,240.06098,149135,149329,194
101,0,blank,0,205.975633333333,242.002133333333,149329,149463,134
101,0,blank,0,233.8152,246.0929,149558,149751,193
101,30,),179,197.3384,235.81485,149791,149958,167
101,0,blank,0,295.163525,193.743425,150000,150162,162
101,0,blank,0,299.31752,191.04186,150162,150349,187
101,0,blank,0,300.9637,190.8549,150349,150384,35
101,0,blank,0,207.60435,254.279075,150419,150570,151
101,32,==,186,207.77426,279.57514,150612,150795,183
101,32,==,186,206.336,282.4341,150795,150904,109
101,0,blank,0,162.53112,278.69708,150975,151172,197
101,0,blank,0,164.3538,277.87565,151172,151254,82
101,32,==,186,208.756575,277.74445,151294,151474,180
101,32,),188,245.4467,275.89405,151560,151637,77
101,0,blank,0,-323,-105,151720,151900,180
101,0,blank,0,238.88746,285.18084,151932,152102,170
101,0,blank,0,288.75644,285.11316,152138,152333,195
101,0,blank,0,286.01812,279.2155,152333,152524,191
101,0,blank,0,288.701666666667,279.4408,152524,152641,117
101,0,blank,0,231.001,285.970875,152711,152848,137
101,0,blank,0,286.82528,284.01048,152883,153058,175
101,0,blank,0,286.640433333333,316.5941,153134,153247,113
101,34,[,193,242.34665,323.07465,153288,153366,78
101,34,top,194,253.4157,324.1232,153410,153445,35
101,34,stack,192,208.496966666667,325.7456,153489,153663,174
101,34,stack,192,205.5781,326.0515,153663,153699,36
101,0,blank,0,288.30365,318.043,153736,153908,172
101,0,blank,0,294.0333,319.05625,153908,153999,91
101,34,(,197,329.49826,317.52664,154043,154239,196
101,34,(,197,328.8327,316.24025,154239,154383,144
101,34,top,194,264.8378,326.09432,154418,154614,196
101,34,top,194,258.194,314.42806,154614,154809,195
101,34,top,194,254.401525,317.70425,154809,154957,148
101,0,blank,0,257.861,330.383833333333,155076,155188,112
101,34,!=,196,298.9631,317.0089,155277,155316,39
101,34,!=,196,307.925725,323.58755,155365,155545,180
101,0,blank,0,241.8953,328.06355,155629,155787,158
101,0,blank,0,192.95275,328.0021,155873,155964,91
101,0,blank,0,259.5364,329.2754,156037,156079,42
101,34,top,194,264.84075,322.661925,156122,156292,170
101,34,top,194,268.3051,326.55445,156292,156366,74
101,0,blank,0,302.70036,329.49194,156409,156598,189
101,0,blank,0,301.24504,329.39602,156598,156782,184
101,34,!=,196,301.335133333333,326.814466666667,156782,156892,110
101,34,top,194,273.3018,324.55158,156933,157118,185
101,0,blank,0,275.1026,327.85995,157118,157196,78
101,0,blank,0,322.39432,325.00838,157233,157426,193
101,0,blank,0,321.0904,325.2065,157426,157461,35
101,0,blank,0,290.09342,325.13006,157497,157677,180
101,0,blank,0,287.50772,326.292,157677,157856,179
101,0,blank,0,288.2648,318.623,157856,157891,35
101,0,blank,0,-323,-105,157997,158031,34
101,34,],195,281.96332,326.5294,158185,158353,168
101,34,],195,277.34925,326.00075,158353,158424,71
101,0,blank,0,278.67232,327.74384,158460,158643,183
101,34,],195,277.39765,323.87805,158643,158715,72
101,0,blank,0,221.66042,332.34686,158824,159001,177
101,0,blank,0,215.1937,328.1566,159001,159048,47
101,0,blank,0,325.682325,325.498225,159131,159319,188
101,0,blank,0,323.189233333333,317.772266666667,159319,159450,131
101,34,!=,196,297.33398,324.22692,159492,159691,199
101,0,blank,0,299.4137,328.8457,159691,159728,37
101,0,blank,0,374.46365,306.542075,159769,159936,167
101,0,blank,0,370.03995,306.71875,159936,160022,86
101,34,stack,192,230.7466,307.1772,160064,160099,35
101,34,],195,276.1174,311.571175,160206,160364,158
101,34,),198,359.04368,318.10392,160443,160626,183
101,34,),198,357.84742,318.8618,160626,160803,177
101,34,),198,360.3576,319.407766666667,160803,160911,108
101,34,],195,276.535475,326.125625,160996,161154,158
101,34,],195,277.732666666667,323.609466666667,161154,161276,122
101,0,blank,0,364.421175,315.622375,161325,161497,172
101,0,blank,0,367.13295,318.2757,161497,161582,85
101,34,top,194,270.8333,317.0132,161686,161757,71
101,34,],195,278.79545,326.80765,161793,161872,79
101,34,top,194,273.5989,319.44115,161913,161991,78
101,34,top,194,273.19755,318.7053,162028,162106,78
101,34,[,193,242.248433333333,326.881133333333,162187,162303,116
101,0,blank,0,353.70162,323.40904,162385,162560,175
101,34,),198,354.3716,323.33664,162560,162733,173
101,34,),198,358.0387,320.2371,162733,162768,35
101,0,blank,0,377.06118,320.79614,162835,163015,180
101,0,blank,0,373.4667,318.5088,163015,163086,71
101,34,],195,276.56086,319.32332,163120,163292,172
101,34,],195,278.70835,321.3094,163292,163361,69
101,36,[,201,240.6361,363.91874,163394,163567,173
101,36,p,202,244.465233333333,366.0143,163567,163680,113
101,36,],204,279.4897,358.10634,163714,163891,177
101,0,blank,0,282.2415,354.2322,163891,163925,34
101,0,blank,0,353.63228,353.3739,164001,164187,186
101,36,),208,357.1897,358.7211,164187,164223,36
101,36,[,201,240.61498,353.27258,164295,164484,189
101,0,blank,0,-323,-105,164520,164591,71
101,36,++,203,265.78655,366.454425,164788,164932,144
101,36,;,209,364.41548,360.60862,164971,165149,178
101,36,;,209,367.756533333333,365.6792,165149,165261,112
101,32,),188,242.3082,275.3198,165384,165554,170
101,0,blank,0,218.8901,236.9541,165626,165699,73
101,0,blank,0,221.45876,236.29956,165732,165901,169
101,0,blank,0,241.4136,232.6795,165969,166002,33
101,0,blank,0,239.59225,240.8354,166046,166217,171
101,0,blank,0,235.79485,242.246375,166217,166389,172
101,0,blank,0,238.300975,246.714125,166389,166550,161
101,28,(,173,258.88526,185.14128,166586,166770,184
101,0,blank,0,263.498366666667,181.6207,166770,166874,104
101,0,blank,0,291.34316,194.04996,166913,167093,180
101,0,blank,0,293.80556,196.60266,167093,167276,183
101,0,blank,0,289.4499,191.7393,167276,167311,35
101,0,blank,0,260.199275,208.51655,167454,167594,140
101,0,blank,0,-323,-105,167630,167748,118
101,0,blank,0,281.650975,202.65795,167876,168009,133
101,0,blank,0,-323,-105,168044,168168,124
101,0,blank,0,294.5778,191.8083,168426,168469,43
101,0,blank,0,332.70626,250.66408,168651,168827,176
101,0,blank,0,333.3809,247.6891,168827,168858,31
101,32,),188,268.57815,263.94845,168890,169020,130
101,0,blank,0,228.2757,198.984375,169053,169188,135
101,0,blank,0,291.37494,185.435,169256,169425,169
101,0,blank,0,291.92284,184.94268,169425,169606,181
101,0,blank,0,288.5059,185.6289,169606,169675,69
101,0,blank,0,214.383733333333,223.2635,169745,169847,102
101,0,blank,0,281.42584,185.7569,169915,170081,166
101,0,blank,0,280.2285,182.978,170081,170116,35
101,0,blank,0,202.29122,213.43502,170148,170321,173
101,30,;,180,210.3437,228.60776,170356,170531,175
101,30,;,180,210.42714,228.24988,170531,170701,170
101,0,blank,0,214.8242,237.2289,170701,170735,34
101,0,blank,0,242.73876,231.74322,170770,170948,178
101,0,blank,0,240.7627,226.6138,170948,170982,34
101,32,),188,240.5714,278.1742,171091,171160,69
101,32,),188,239.9971,270.52826,171196,171367,171
101,32,),188,240.00785,271.865325,171367,171503,136
101,32,),188,241.0809,278.7558,171539,171573,34
101,0,blank,0,304.4654,341.3856,171608,171781,173
101,36,;,209,371.487975,350.5118,171849,171988,139
101,0,blank,0,376.45894,319.58124,172024,172200,176
101,0,blank,0,373.94226,317.47494,172200,172373,173
101,0,blank,0,375.0822,317.9393,172373,172443,70
101,0,blank,0,374.88486,364.40812,172477,172646,169
101,0,blank,0,375.24558,358.3603,172646,172821,175
101,0,blank,0,377.34495,359.71105,172821,172893,72
101,0,blank,0,289.74805,367.2194,172962,173104,142
101,0,blank,0,379.32028,358.52506,173141,173316,175
101,0,blank,0,376.3401,359.0887,173316,173386,70
101,0,blank,0,212.0681,401.41704,173454,173629,175
101,0,blank,0,207.48764,406.13068,173629,173810,181
101,0,blank,0,206.0958,406.091,173810,173844,34
101,36,++,203,256.310625,361.405925,173913,174056,143
101,0,blank,0,204.93826,380.2658,174090,174275,185
101,0,blank,0,199.9937,381.9113,174275,174310,35
101,0,blank,0,182.64462,291.8185,174345,174532,187
101,0,blank,0,182.2371,289.364625,174532,174681,149
101,0,blank,0,196.71058,376.78476,174716,174909,193
101,0,blank,0,196.3546,378.840525,174909,175063,154
101,0,blank,0,198.9393,334.6488,175105,175264,159
101,32,ch,185,190.07525,267.29765,175307,175459,152
101,0,blank,0,208.07008,243.28116,175494,175687,193
101,0,blank,0,208.49906,241.50858,175687,175859,172
101,0,blank,0,208.868575,243.9988,175859,175996,137
101,0,blank,0,198.46738,298.74768,176065,176261,196
101,0,blank,0,199.397533333333,298.695533333333,176261,176397,136
101,0,blank,0,189.327425,288.124175,176444,176608,164
101,0,blank,0,184.231,290.1601,176608,176778,170
101,36,postfix,200,210.37978,353.38988,176820,176994,174
101,36,postfix,200,208.2383,357.1182,176994,177029,35
101,0,blank,0,205.354466666667,416.180266666667,177098,177201,103
101,0,blank,0,210.16055,417.33525,177240,177311,71
101,40,==,232,213.10785,454.639775,177347,177506,159
101,40,==,232,209.105266666667,452.342533333333,177506,177631,125
101,40,(,218,169.89796,457.55802,177671,177854,183
101,0,blank,0,163.97905,455.9066,177854,177926,72
101,40,==,232,207.02852,455.93654,177967,178141,174
101,40,==,232,208.1777,458.8472,178141,178211,70
101,40,/,221,251.9676,457.6474,178247,178353,106
101,0,blank,0,193.1801,461.099175,178422,178558,136
101,0,blank,0,-323,-105,178662,178797,135
101,40,/,221,243.223283333333,453.35325,178940,179134,194
101,40,/,221,240.805233333333,458.0259,179134,179238,104
101,0,blank,0,-323,-105,179270,179409,139
101,0,blank,0,261.322633333333,457.224466666667,179546,179743,197
101,0,blank,0,261.12492,458.7291,179743,179917,174
101,0,blank,0,263.49678,462.86,179917,180101,184
101,0,blank,0,264.38778,455.68664,180101,180273,172
101,0,blank,0,261.669733333333,453.446533333333,180273,180376,103
101,40,/,221,260.28136,454.75776,180444,180618,174
101,40,/,221,255.787,445.9752,180618,180651,33
101,0,blank,0,298.27168,454.46748,180685,180861,176
101,0,blank,0,299.3167,457.2766,180861,180895,34
101,40,==,232,222.2539,455.61856,180930,181106,176
101,40,==,232,218.6953,451.464975,181106,181252,146
101,40,||,230,288.70622,449.60352,181288,181479,191
101,40,||,230,290.93332,451.30252,181479,181663,184
101,40,||,230,290.4328,451.68184,181663,181846,183
101,0,blank,0,291.51735,454.78965,181846,181925,79
101,0,blank,0,365.9624,451.4319,181962,181998,36
101,0,blank,0,361.4863,446.19265,182070,182140,70
101,40,||,230,412.98054,446.13268,182213,182404,191
101,40,||,230,413.848166666667,446.254533333333,182404,182526,122
101,40,+,229,501.52386,444.4104,182563,182736,173
101,40,||,230,543.429325,452.974925,182770,182905,135
101,40,-,233,632.9386,453.35208,182973,183141,168
101,40,-,233,631.024,451.9885,183141,183174,33
101,40,),234,659.01955,449.30615,183243,183310,67
101,42,ch,240,236.63952,498.50524,183378,183551,173
101,42,ch,240,235.03492,498.99408,183551,183718,167
101,0,blank,0,202.41558,506.75266,183785,183958,173
101,0,blank,0,204.5409,504.4138,183958,184027,69
101,0,blank,0,267.99894,497.7097,184062,184244,182
101,0,blank,0,272.4697,508.3906,184244,184279,35
101,0,blank,0,269.848066666667,499.5194,184314,184420,106
101,42,preced,243,311.9973,500.92268,184455,184635,180
101,42,preced,243,315.8113,497.6849,184635,184668,33
101,42,stack,245,372.287425,496.866975,184703,184862,159
101,42,stack,245,371.61115,502.35105,184862,184944,82
101,42,preced,243,321.126,500.76376,185016,185188,172
101,42,preced,243,323.03374,501.86566,185188,185365,177
101,0,blank,0,373.87498,508.1753,185437,185636,199
101,0,blank,0,368.48038,506.69792,185636,185814,178
101,0,blank,0,367.4311,513.2102,185814,185893,79
101,42,top,247,428.23022,501.93818,185930,186111,181
101,42,top,247,434.8622,499.7732,186111,186150,39
101,0,blank,0,369.8101,514.5599,186217,186323,106
101,0,blank,0,365.7248,505.7524,186358,186537,179
101,42,stack,245,365.8646,501.1683,186537,186573,36
101,42,stack,245,364.38154,499.45246,186609,186786,177
101,42,stack,245,370.4508,502.63456,186786,186978,192
101,42,stack,245,369.0803,497.2181,186978,187014,36
101,42,stack,245,410.676933333333,491.468933333333,187048,187152,104
101,42,stack,245,412.300725,498.518075,187186,187325,139
101,42,],248,458.76376,493.99896,187398,187570,172
101,42,],248,458.3705,494.2596,187570,187605,35
101,42,stack,245,412.92025,500.5038,187673,187808,135
101,0,blank,0,270.15848,502.89378,187842,188017,175
101,0,blank,0,272.89654,510.54584,188017,188194,177
101,0,blank,0,274.328,511.36095,188194,188266,72
101,0,blank,0,251.76344,515.90396,188301,188477,176
101,0,blank,0,249.507366666667,511.276566666667,188477,188587,110
101,0,blank,0,300.17635,512.1502,188620,188790,170
101,0,blank,0,304.2476,511.7682,188790,188922,132
101,0,blank,0,339.99102,504.45746,189019,189201,182
101,42,],248,456.63245,494.253525,189277,189416,139
101,0,blank,0,263.10848,538.88078,189484,189662,178
101,44,),255,235.52048,546.13976,189733,189918,185
101,44,),255,237.735466666667,545.1456,189918,190028,110
101,0,blank,0,269.69014,546.01008,190100,190275,175
101,0,blank,0,267.52308,539.92662,190311,190491,180
101,0,blank,0,426.16236,476.34148,190527,190706,179
101,0,blank,0,424.82336,474.89202,190706,190882,176
101,0,blank,0,424.5184,471.5751,190882,190916,34
101,0,blank,0,267.52112,540.2276,190985,191158,173
101,0,blank,0,268.85954,540.88066,191158,191326,168
101,0,blank,0,-323,-105,191396,191536,140
101,0,blank,0,243.926383333333,513.222733333333,191693,191886,193
101,0,blank,0,245.14918,513.93484,191886,192074,188
101,0,blank,0,252.6849,511.7827,192074,192110,36
101,42,preced,243,343.69314,499.70398,192181,192364,183
101,0,blank,0,232.6657,608.672,192399,192587,188
101,0,blank,0,232.73155,610.095225,192587,192724,137
101,48,preced,267,282.7637,631.6822,192830,192866,36
101,0,blank,0,291.5206,638.5208,192938,192973,35
101,0,blank,0,333.4871,638.82254,193009,193191,182
101,0,blank,0,330.21,637.0556,193191,193228,37
101,48,preced,267,373.92244,630.3711,193301,193482,181
101,48,(,268,442.80635,626.3926,193555,193630,75
101,48,(,268,439.5916,631.6774,193668,193705,37
101,48,preced,267,406.447025,628.723775,193816,193970,154
101,48,stack,269,472.41425,619.820125,194041,194194,153
101,48,top,271,524.68518,616.50424,194231,194423,192
101,48,top,271,526.0506,616.564033333333,194423,194538,115
101,48,[,270,497.6,615.121175,194576,194729,153
101,0,blank,0,551.5893,607.19035,194766,194842,76
101,50,++,279,313.23444,662.54122,194915,195101,186
101,50,++,279,314.5551,671.1163,195101,195137,36
101,0,blank,0,349.337725,666.969475,195183,195343,160
101,0,blank,0,348.70415,673.7527,195343,195424,81
101,50,++,279,302.439975,677.096025,195467,195636,169
101,0,blank,0,308.78075,687.30425,195636,195716,80
101,0,blank,0,305.7763,682.0728,195758,195801,43
101,50,++,279,301.31925,672.109275,195841,196006,165
101,50,++,279,296.742675,670.6612,196006,196170,164
101,50,++,279,296.66866,669.81234,196170,196363,193
101,50,++,279,295.0942,672.6781,196363,196401,38
101,50,postfix,276,267.61336,677.40204,196441,196637,196
101,50,=,281,337.13042,676.09906,196677,196865,188
101,50,=,281,338.8971,677.91714,196865,197048,183
101,0,blank,0,341.3488,679.7801,197048,197121,73
101,50,(,283,387.8323,665.8019,197158,197303,145
101,50,],280,317.4186,672.4191,197339,197414,75
101,50,++,279,313.82814,671.88404,197451,197635,184
101,50,],280,315.87575,674.984,197635,197709,74
101,0,blank,0,-323,-105,197890,198072,182
101,0,blank,0,-323,-105,198072,198101,29
101,50,pop,282,353.329033333333,658.965966666667,198133,198243,110
101,50,++,279,313.69996,672.90714,198281,198474,193
101,50,],280,317.50198,677.5147,198474,198668,194
101,50,=,281,336.1771,672.365,198744,198782,38
101,50,=,281,338.6521,677.7905,198825,198860,35
101,0,blank,0,-323,-105,198935,199128,193
101,0,blank,0,-323,-105,199128,199166,38
101,50,pop,282,356.78065,674.0152,199195,199254,59
101,50,++,279,309.48262,670.75086,199289,199469,180
101,50,++,279,304.1952,673.39486,199469,199652,183
101,50,++,279,302.1008,673.6832,199652,199689,37
101,0,blank,0,346.77834,674.9016,199763,199948,185
101,0,blank,0,346.64058,673.08758,199948,200137,189
101,0,blank,0,345.2159,665.0656,200137,200176,39
101,0,blank,0,383.5657,653.4993,200251,200290,39
101,50,(,283,388.17546,663.6972,200327,200512,185
101,50,(,283,386.841,659.719866666667,200512,200621,109
101,50,(,283,387.90812,662.83674,200658,200841,183
101,50,pop,282,383.36698,667.06058,200841,201025,184
101,50,pop,282,379.3198,666.975925,201025,201188,163
101,50,pop,282,379.6741,668.4735,201188,201231,43
101,0,blank,0,367.413925,683.011925,201310,201481,171
101,0,blank,0,370.1275,686.0218,201481,201569,88
101,50,),284,401.9903,668.23486,201613,201805,192
101,50,;,285,404.829775,667.23775,201805,201962,157
101,50,),284,399.219675,676.821925,201962,202129,167
101,50,(,283,390.6825,675.26136,202166,202351,185
101,50,(,283,385.4555,674.2125,202351,202425,74
101,0,blank,0,346.6491,682.719133333333,202463,202574,111
101,0,blank,0,402.21008,674.71396,202613,202797,184
101,50,),284,397.3415,667.4701,202797,202871,74
101,0,blank,0,402.8919,675.23972,202908,203093,185
101,0,blank,0,403.0383,677.56314,203093,203274,181
101,0,blank,0,403.84655,681.292725,203274,203422,148
101,50,;,285,406.57205,678.35065,203495,203643,148
101,50,=,281,339.88238,671.63504,203680,203858,178
101,0,blank,0,344.47366,678.1717,203858,204043,185
101,0,blank,0,414.863333333333,681.0133,204079,204188,109
101,0,blank,0,414.04436,673.87076,204300,204483,183
101,0,blank,0,413.36072,670.9458,204483,204664,181
101,0,blank,0,417.00214,674.28752,204664,204839,175
101,0,blank,0,415.47775,673.5827,204839,204908,69
101,0,blank,0,415.37476,669.877,204945,205129,184
101,0,blank,0,413.60918,673.63766,205129,205306,177
101,0,blank,0,415.99788,668.07194,205306,205487,181
101,0,blank,0,415.3808,671.99948,205487,205668,181
101,0,blank,0,415.8458,670.19215,205668,205740,72
101,50,pop,282,381.91098,678.59886,205777,205962,185
101,50,pop,282,383.5254,674.95198,205962,206151,189
101,0,blank,0,418.2226,670.68248,206189,206373,184
101,50,;,285,411.84935,660.1093,206373,206446,73
101,50,pop,282,365.05075,677.74795,206484,206558,74
101,50,pop,282,358.4853,670.94568,206594,206774,180
101,50,pop,282,361.39244,678.12914,206774,206952,178
101,0,blank,0,403.58998,678.1567,206986,207163,177
101,0,blank,0,402.0467,678.10382,207163,207336,173
101,50,),284,400.515233333333,676.339466666667,207336,207441,105
101,0,blank,0,356.359325,681.541675,207511,207653,142
101,50,pop,282,383.5054,676.679133333333,207723,207830,107
101,0,blank,0,299.3662,680.75765,207865,208005,140
101,50,pop,282,372.8528,678.951066666667,208077,208199,122
101,0,blank,0,327.4733,687.856,208271,208340,69
101,0,blank,0,322.2237,683.1301,208375,208417,42
101,0,blank,0,402.346933333333,674.1867,208492,208602,110
101,0,blank,0,-323,-105,208681,208773,92
101,0,blank,0,352.155,685.49715,208962,209021,59
101,50,pop,282,354.047666666667,670.853966666667,209330,209509,179
101,50,pop,282,355.70222,674.3723,209509,209684,175
101,0,blank,0,367.8495,685.9167,209719,209754,35
101,0,blank,0,364.16468,680.4864,209823,209989,166
101,50,pop,282,360.9617,667.09225,210023,210092,69
101,0,blank,0,1005.40075,324.378675,210197,210334,137
101,0,blank,0,1026.271,296.9161,210370,210405,35
101,0,blank,0,1027.0768,292.67014,210440,210613,173
101,0,blank,0,1027.5568,296.23206,210613,210781,168
101,0,blank,0,1026.9866,283.71092,210781,210955,174
101,0,blank,0,1026.2156,282.51962,210955,211129,174
101,0,blank,0,1026.7188,283.2108,211129,211302,173
101,0,blank,0,1024.3875,286.2668,211302,211374,72
102,0,blank,0,143.18572,32.2288,214953,215130,177
102,0,blank,0,143.43235,36.004675,215130,215271,141
102,0,blank,0,154.64795,35.456,215306,215384,78
102,0,blank,0,155.583175,33.14045,215459,215624,165
102,0,blank,0,155.76252,37.31748,215624,215816,192
102,57,>,300,153.7403,35.0206,215816,215852,36
102,0,blank,0,-323,-105,215925,216040,115
102,0,blank,0,141.9865,54.5306,216189,216214,25
102,56,],293,135.343,20.49914,216251,216421,170
102,56,],293,136.4971,25.3069,216421,216457,36
102,56,postfix,290,100.65378,16.37556,216527,216710,183
102,56,postfix,290,101.09002,23.66178,216710,216899,189
102,56,postfix,290,101.3274,28.5654,216899,216936,37
102,0,blank,0,155.874075,11.9556,216974,217124,150
102,56,postfix,290,111.324775,20.98265,217159,217298,139
102,56,=,294,156.46792,17.68958,217333,217507,174
102,56,=,294,154.6751,17.5664333333333,217507,217621,114
102,0,blank,0,131.38605,8.21835,217693,217843,150
102,0,blank,0,222.794725,12.60805,217880,218049,169
102,0,blank,0,223.48885,11.972575,218049,218224,175
102,0,blank,0,226.304925,14.489475,218224,218376,152
102,0,blank,0,145.69385,18.881725,218417,218576,159
102,56,postfix,290,110.317675,16.402,218690,218855,165
102,56,postfix,290,108.380833333333,15.5634333333333,218855,218970,115
102,56,[,291,116.76628,18.68418,219008,219200,192
102,56,postfix,290,113.388225,15.24715,219200,219347,147
102,56,=,294,162.33812,13.67684,219419,219599,180
102,0,blank,0,166.0091,14.3835,219599,219634,35
102,0,blank,0,218.825,7.37785,219677,219754,77
102,0,blank,0,-323,-105,219873,219906,33
102,0,blank,0,170.00602,11.22718,220099,220289,190
102,0,blank,0,164.6281,14.6889,220289,220362,73
102,0,blank,0,107.82442,4.2965,220400,220573,173
102,0,blank,0,105.80768,1.6333,220573,220741,168
102,0,blank,0,93.18396,2.4061,220808,220975,167
102,0,blank,0,92.7787,-0.313400000000001,220975,221009,34
102,0,blank,0,163.6163,4.59464,221042,221212,170
102,0,blank,0,168.9258,3.07948,221212,221381,169
102,0,blank,0,169.2801,2.132325,221381,221520,139
102,56,postfix,290,114.43554,12.97634,221555,221728,173
102,56,[,291,116.21962,14.04302,221728,221900,172
102,56,[,291,116.16722,16.26798,221900,222072,172
102,56,postfix,290,114.5248,18.71145,222072,222208,136
102,0,blank,0,172.0505,5.64438,222241,222411,170
102,0,blank,0,103.5617,8.27774,222446,222617,171
102,0,blank,0,107.1537,5.21926666666667,222617,222720,103
102,0,blank,0,167.31914,1.89722,222790,222960,170
102,0,blank,0,165.027925,-3.872975,222960,223100,140
102,0,blank,0,-323,-105,223170,223336,166
102,0,blank,0,153.3131,2.71959999999999,223368,223455,87
102,0,blank,0,175.361125,2.98285,223490,223626,136
102,56,postfix,290,48.01878,21.13236,223729,223896,167
102,56,postfix,290,54.5389333333333,22.3390666666667,223896,223996,100
102,56,postfix,290,96.6511,24.9174,224031,224198,167
102,56,postfix,290,98.6852,19.0096,224198,224231,33
102,56,p,292,125.23642,26.88708,224299,224468,169
102,56,p,292,128.25952,26.06602,224468,224638,170
102,56,p,292,128.58126,25.0533,224638,224810,172
102,56,p,292,127.57804,25.51714,224810,224984,174
102,56,p,292,133.8442,23.3106,224984,225019,35
102,56,=,294,160.15594,25.34754,225053,225226,173
102,56,=,294,156.0159,25.898525,225226,225362,136
102,56,p,292,133.08504,21.44662,225430,225599,169
102,56,],293,136.5224,19.20202,225599,225771,172
102,56,],293,135.54978,26.90978,225771,225941,170
102,56,],293,134.13015,22.84915,225941,226008,67
102,56,],293,134.4057,29.123225,226041,226174,133
102,57,top,299,116.57774,39.4228,226207,226380,173
102,57,top,299,121.26978,33.1367,226380,226555,175
102,57,top,299,124.1137,36.10035,226555,226623,68
102,56,0,295,195.57248,28.8875,226690,226861,171
102,56,0,295,193.63405,29.3511,226861,226930,69
102,56,postfix,290,107.2906,25.3626,226998,227197,199
102,0,blank,0,147.623933333333,23.2088666666667,227264,227368,104
102,56,postfix,290,62.3568,24.3546,227403,227506,103
102,56,p,292,125.63322,26.39682,227720,227893,173
102,56,p,292,127.467866666667,23.8556,227893,227995,102
102,0,blank,0,-323,-105,228060,228169,109
102,0,blank,0,81.4638,57.8644166666667,228286,228477,191
102,0,blank,0,78.314,55.0239,228477,228577,100
102,0,blank,0,141.94558,47.1465,228644,228812,168
102,57,>,300,144.450366666667,47.6063,228812,228913,101
102,0,blank,0,205.47514,54.68576,228980,229152,172
102,0,blank,0,208.7195,50.5419166666667,229152,229351,199
102,0,blank,0,207.0605,49.0855333333333,229351,229505,154
102,0,blank,0,205.2916,58.0685,229505,229619,114
102,0,blank,0,160.4746,46.716975,229737,229922,185
102,58,postfix,303,111.5752,58.5926666666667,229955,230057,102
102,0,blank,0,-323,-105,230126,230216,90
102,58,postfix,303,128.812266666667,64.4406833333333,230351,230548,197
102,58,postfix,303,124.49612,56.6495,230548,230721,173
102,57,top,299,121.406,51.1442666666667,230721,230822,101
102,58,postfix,303,116.526,59.2375,230856,230891,35
102,57,top,299,116.89714,49.21222,230960,231132,172
102,57,top,299,119.2844,49.93974,231132,231302,170
102,0,blank,0,58.8887,67.98408,231336,231506,170
102,0,blank,0,59.410425,66.087175,231506,231640,134
102,58,postfix,303,123.504283333333,58.30925,231673,231870,197
102,58,postfix,303,125.306375,60.224925,231870,232003,133
102,0,blank,0,72.2702166666667,67.7126666666667,232037,232235,198
102,0,blank,0,65.3787,74.9352,232235,232268,33
102,0,blank,0,-323,-105,232302,232412,110
102,58,postfix,303,85.6455,58.96955,232548,232608,60
102,58,postfix,303,138.7873,63.13006,232675,232843,168
102,58,postfix,303,141.1593,63.5457,232843,232910,67
102,58,++,306,185.96482,67.56828,232976,233143,167
102,58,++,306,186.9916,75.9989,233143,233183,40
102,59,"\nThepostfixexpressionis:%s\n",315,286.92704,77.70688,233252,233419,167
102,58,++,306,184.413733333333,72.3148,233453,233553,100
102,59,"\nThepostfixexpressionis:%s\n",315,448.20166,84.65492,233592,233765,173
102,59,"\nThepostfixexpressionis:%s\n",315,448.4996,84.93875,233765,233833,68
102,59,printf,313,58.4423,95.2143,233936,234107,171
102,59,printf,313,59.042,92.4478,234107,234244,137
102,59,"\nThepostfixexpressionis:%s\n",315,357.874625,84.3331,234314,234451,137
102,59,"\nThepostfixexpressionis:%s\n",315,430.75318,87.27764,234523,234694,171
102,59,"\nThepostfixexpressionis:%s\n",315,250.851,78.5479,234764,234936,172
102,59,"\nThepostfixexpressionis:%s\n",315,327.5573,79.66962,234971,235139,168
102,59,"\nThepostfixexpressionis:%s\n",315,202.09114,78.27294,235239,235409,170
102,59,"\nThepostfixexpressionis:%s\n",315,201.410833333333,78.4231333333333,235409,235512,103
102,59,"\nThepostfixexpressionis:%s\n",315,317.82464,85.12468,235581,235753,172
102,59,"\nThepostfixexpressionis:%s\n",315,440.840933333333,85.3124,235820,235925,105
102,0,blank,0,46.6332,143.77344,235994,236173,179
102,0,blank,0,41.39434,136.40212,236173,236352,179
102,0,blank,0,39.44475,141.94625,236352,236422,70
102,60,return,320,80.52845,114.901625,236491,236627,136
102,0,blank,0,19.95376,135.9233,236693,236867,174
102,0,blank,0,20.5574,138.0039,236867,236935,68
102,62,push,325,58.81748,144.18662,236970,237143,173
102,0,blank,0,58.0175666666667,141.6789,237143,237246,103
102,0,blank,0,104.79546,142.12406,237316,237482,166
102,0,blank,0,106.26855,142.91615,237482,237549,67
102,62,push,325,59.43118,147.97588,237617,237786,169
102,62,push,325,63.8067,146.848033333333,237786,237887,101
102,62,char,327,111.22836,146.83148,237954,238123,169
102,62,char,327,111.185925,144.7278,238123,238255,132
102,0,blank,0,83.133575,166.144975,238289,238424,135
102,0,blank,0,91.74648,186.6547,238458,238629,171
102,64,top,333,90.0856,187.938733333333,238629,238731,102
102,0,blank,0,121.86034,196.21338,238798,238968,170
102,0,blank,0,120.88772,195.19506,238968,239135,167
102,64,(,332,80.44548,195.8693,239168,239336,168
102,64,(,332,81.4315666666667,196.0261,239336,239437,101
102,64,(,332,75.69954,192.63368,239505,239682,177
102,0,blank,0,70.2738333333333,195.683233333333,239682,239785,103
102,0,blank,0,121.00902,193.83062,239819,239990,171
102,0,blank,0,122.934133333333,195.409433333333,239990,240090,100
102,64,top,333,90.2204666666667,199.805816666667,240125,240324,199
102,64,top,333,90.209275,195.60635,240324,240457,133
102,64,top,333,92.00682,194.98176,240491,240656,165
102,64,<,334,132.35818,188.06896,240689,240856,167
102,0,blank,0,134.01385,193.26565,240856,240993,137
102,66,stack,339,128.95266,238.11166,241024,241194,170
102,66,stack,339,130.9034,241.289266666667,241194,241296,102
102,66,stack,339,87.06758,234.72176,241364,241537,173
102,0,blank,0,90.12342,231.06634,241537,241710,173
102,0,blank,0,85.2144,227.6905,241710,241744,34
102,0,blank,0,203.10418,233.71598,241811,241979,168
102,0,blank,0,93.2543,311.66656,242081,242256,175
102,0,blank,0,95.2954,311.556,242256,242291,35
102,0,blank,0,91.55268,213.5942,242327,242501,174
102,0,blank,0,91.6413,214.6499,242501,242570,69
102,60,return,320,91.0428,109.932,242641,242815,174
102,60,return,320,92.41608,109.96044,242815,242988,173
102,60,return,320,92.0394,109.591,242988,243056,68
102,0,blank,0,102.189566666667,283.4592,243159,243266,107
102,70,printf,350,96.5864,319.1195,243336,243512,176
102,0,blank,0,191.27996,310.05682,243548,243723,175
102,74,pop,363,54.87666,409.63982,243794,243969,175
102,74,pop,363,55.716,407.98262,243969,244149,180
102,74,char,362,24.7803,408.2936,244222,244370,148
102,0,blank,0,142.81822,275.0062,244443,244616,173
102,0,blank,0,144.36225,280.37635,244616,244685,69
102,0,blank,0,170.18296,312.50852,244755,244929,174
102,0,blank,0,168.3486,318.4712,244929,244963,34
102,0,blank,0,28.78484,398.12588,245032,245216,184
102,0,blank,0,26.25,402.0218,245216,245254,38
102,0,blank,0,144.02592,328.69046,245328,245511,183
102,70,(,351,145.80885,326.31005,245511,245584,73
102,70,"\nError!Stackisfull.\n",352,278.8121,321.352,245619,245691,72
102,0,blank,0,285.3886,313.020766666667,245726,245830,104
102,74,pop,363,66.01922,407.9337,245935,246116,181
102,74,pop,363,64.60485,409.04915,246116,246188,72
102,0,blank,0,80.75568,332.05648,246226,246407,181
102,0,blank,0,79.89242,324.49572,246407,246586,179
102,0,blank,0,82.8756,330.850333333333,246586,246692,106
102,0,blank,0,52.50516,410.893,246727,246906,179
102,0,blank,0,51.0032,413.5753,246906,247088,182
102,0,blank,0,51.9703,417.43006,247088,247270,182
102,0,blank,0,51.7666,413.895,247270,247449,179
102,0,blank,0,46.93896,417.85728,247449,247628,179
102,0,blank,0,50.9342,423.70852,247628,247806,178
102,0,blank,0,48.1241,413.5471,247806,247841,35
102,74,char,362,19.171875,421.459525,247912,248055,143
102,0,blank,0,56.89512,428.85532,248128,248306,178
102,74,char,362,17.32725,423.182475,248342,248487,145
102,71,exit,355,92.71744,355.39922,248523,248697,174
102,71,exit,355,93.650575,353.5708,248697,248832,135
102,70,"\nError!Stackisfull.\n",352,221.61768,335.08212,248901,249071,170
102,71,exit,355,123.159525,343.2751,249173,249307,134
102,70,"\nError!Stackisfull.\n",352,292.9118,335.60988,249341,249507,166
102,70,"\nError!Stackisfull.\n",352,296.5614,336.0703,249507,249541,34
102,71,exit,355,118.76358,344.6936,249609,249779,170
102,71,exit,355,121.25545,347.00745,249779,249913,134
102,70,"\nError!Stackisfull.\n",352,192.61165,323.070025,250212,250350,138
102,70,"\nError!Stackisfull.\n",352,162.440833333333,324.9551,250384,250484,100
102,70,"\nError!Stackisfull.\n",352,254.58158,327.6984,250550,250714,164
102,0,blank,0,76.5585,295.282666666667,250748,250947,199
102,0,blank,0,74.19506,294.237,250947,251113,166
102,0,blank,0,74.1417,294.276,251113,251147,34
102,0,blank,0,81.04885,328.891783333333,251180,251378,198
102,0,blank,0,81.2892666666667,333.045133333333,251378,251477,99
102,0,blank,0,147.638425,317.941725,251543,251675,132
102,66,stack,339,120.2892,249.752116666667,251708,251904,196
102,66,stack,339,119.554733333333,251.463333333333,251904,252002,98
102,64,top,333,108.99825,200.439,252035,252229,194
102,64,top,333,107.587483333333,200.7572,252229,252426,197
102,64,top,333,109.2908,200.710766666667,252426,252523,97
102,64,top,333,85.8954333333333,194.07045,252590,252787,197
102,64,top,333,86.32115,191.471,252787,252853,66
102,64,<,334,127.01416,189.1675,252887,253054,167
102,64,<,334,129.305625,192.809425,253054,253187,133
102,62,push,325,79.8770833333333,146.995316666667,253221,253418,197
102,62,push,325,54.5095,145.78676,253418,253585,167
102,0,blank,0,51.061775,145.6667,253585,253717,132
102,62,char,327,118.06226,146.24078,253750,253919,169
102,0,blank,0,36.4375,406.28782,254019,254192,173
102,74,char,362,32.25464,407.31812,254192,254361,169
102,74,char,362,32.8387,411.94905,254361,254428,67
102,0,blank,0,38.290625,438.160825,254461,254593,132
102,76,char,367,79.75356,467.96626,254659,254825,166
102,76,char,367,79.75125,466.06605,254825,254892,67
102,0,blank,0,101.81696,505.91308,254926,255093,167
102,0,blank,0,100.7956,505.4749,255093,255129,36
102,0,blank,0,128.97588,528.36966,255197,255366,169
102,0,blank,0,130.3869,524.9811,255366,255400,34
102,80,top,386,154.021433333333,542.0692,255434,255632,198
102,0,blank,0,94.598025,637.4386,255733,255867,134
102,85,"\nError!Stackisempty.\n",400,160.028325,650.38475,255901,256033,132
102,0,blank,0,133.78716,539.28746,256067,256238,171
102,0,blank,0,128.4724,529.1747,256238,256419,181
102,0,blank,0,126.874233333333,527.985066666667,256419,256524,105
102,79,ch,377,93.946875,537.8443,256593,256733,140
102,80,[,385,135.37016,550.18984,256802,256971,169
102,80,[,385,136.6006,544.3745,256971,257005,34
102,80,=,389,213.350833333333,551.28635,257072,257269,197
102,81,return,392,117.3131,569.98935,257336,257472,136
102,81,return,392,116.69965,569.90895,257507,257577,70
102,81,return,392,84.31605,576.520925,257612,257752,140
102,0,blank,0,63.0874666666667,626.077533333333,257821,257925,104
102,85,printf,398,122.60986,653.79896,257995,258175,180
102,85,printf,398,124.8052,658.8273,258175,258210,35
102,85,"\nError!Stackisempty.\n",400,173.43356,659.38696,258245,258417,172
102,85,"\nError!Stackisempty.\n",400,173.7791,662,258417,258454,37
102,85,"\nError!Stackisempty.\n",400,284.081525,654.7763,258525,258663,138
102,86,exit,403,110.68132,679.6282,258733,258907,174
102,86,exit,403,107.9448,681.37864,258907,259089,182
102,85,(,399,146.20688,667.62048,259125,259303,178
102,0,blank,0,144.94625,665.68415,259303,259375,72
102,83,else,396,72.552775,614.208325,259443,259587,144
102,0,blank,0,-323,-105,259625,259762,137
102,80,stack,384,85.6792,542.268233333333,259902,259992,90
102,0,blank,0,-323,-105,260027,260162,135
102,86,exit,403,106.7204,683.4756,260188,260214,26
102,79,=,378,115.056516666667,521.290283333333,260272,260460,188
102,0,blank,0,111.257433333333,525.2276,260460,260559,99
102,81,return,392,96.1023,570.6914,260593,260625,32
102,81,return,392,99.9844,572.96238,260658,260827,169
102,0,blank,0,16.40392,601.50432,260895,261062,167
102,0,blank,0,22.22,602.6448,261062,261128,66
102,0,blank,0,-196.221,667.50435,261194,261262,68
102,0,blank,0,-195.703366666667,673.958533333333,261299,261404,105
102,0,blank,0,79.75136,559.5646,261476,261653,177
102,0,blank,0,77.4655,557.7125,261653,261723,70
102,81,return,392,133.09072,566.89126,261760,261936,176
102,81,return,392,135.57404,565.2173,261936,262113,177
102,81,return,392,132.94822,562.27118,262113,262292,179
102,0,blank,0,134.49734,559.46622,262292,262470,178
102,80,[,385,138.65892,558.99772,262470,262649,179
102,80,[,385,138.222,555.2235,262686,262755,69
102,0,blank,0,87.321,595.0533,262791,262827,36
102,0,blank,0,89.055675,600.912375,262861,262998,137
102,0,blank,0,270.13954,641.9337,263032,263204,172
102,0,blank,0,272.8849,641.5695,263204,263238,34
102,0,blank,0,673.57654,494.62152,263307,263484,177
102,0,blank,0,976.542,467.12,263624,263663,39
102,0,blank,0,423.125133333333,435.174233333333,263768,263882,114
102,0,blank,0,976.16,445.28756,263952,264131,179
102,0,blank,0,977.791,450.267,264131,264167,36
102,0,blank,0,1027.4026,461.39014,264240,264414,174
102,0,blank,0,1027.7588,463.04056,264414,264589,175
102,0,blank,0,1026.60975,462.84595,264589,264730,141
102,0,blank,0,288.4566,618.37312,264908,265105,197
102,0,blank,0,291.5906,624.64815,265105,265180,75
103,0,blank,0,160.7787,530.6603,265772,265877,105
103,0,blank,0,213.400575,531.0809,265946,266087,141
103,0,blank,0,207.62796,533.88218,266122,266296,174
103,0,blank,0,118.8254,540.6468,266365,266465,100
103,0,blank,0,-323,-105,266536,266679,143
103,0,blank,0,115.169466666667,542.591333333333,266881,266982,101
103,0,blank,0,116.845,535.707833333333,267016,267118,102
103,0,blank,0,62.60535,540.747525,267150,267287,137
103,0,blank,0,97.90162,544.09172,267321,267495,174
103,0,blank,0,98.476575,545.671225,267495,267631,136
103,0,blank,0,158.627875,537.7922,267699,267838,139
103,0,blank,0,153.6846,535.4025,267872,267905,33
103,0,blank,0,199.676966666667,534.424416666667,267939,268138,199
103,0,blank,0,164.922675,542.1126,268273,268410,137
103,91,ch,423,203.0625,560.8384,268444,268612,168
103,91,ch,423,206.4669,570.72005,268612,268677,65
103,0,blank,0,158.08218,536.06044,268746,268918,172
103,0,blank,0,162.28485,538.95985,268918,268986,68
103,91,==,424,123.67136,561.0404,269020,269190,170
103,0,blank,0,124.23455,568.41475,269224,269294,70
103,91,(,421,147.77132,574.0148,269329,269498,169
103,0,blank,0,147.4827,550.8666,269532,269565,33
103,0,blank,0,153.8725,541.865933333333,269633,269735,102
103,0,blank,0,120.88592,533.54568,269840,270010,170
103,0,blank,0,124.6764,540.382133333333,270010,270114,104
103,92,return,427,126.9729,585.6313,270148,270182,34
103,92,;,429,170.5306,586.349633333333,270503,270677,174
103,0,blank,0,228.17606,586.00544,270714,270881,167
103,0,blank,0,227.3535,589.7377,270881,270983,102
103,0,blank,0,195.8729,592.9402,271017,271120,103
103,0,blank,0,-323,-105,271154,271315,161
103,91,ch,423,218.9449,573.0343,271501,271570,69
103,91,==,424,251.1606,575.19418,271605,271780,175
103,0,blank,0,250.581133333333,577.110233333333,271780,271886,106
103,0,blank,0,266.65864,581.91542,271921,272097,176
103,0,blank,0,264.01195,577.66985,272097,272168,71
103,0,blank,0,320.80364,576.55936,272203,272398,195
103,0,blank,0,191.91595,605.7386,272437,272512,75
103,0,blank,0,188.2358,600.453,272548,272740,192
103,0,blank,0,192.5854,594.056533333333,272740,272857,117
103,0,blank,0,223.39398,605.95504,272897,273087,190
103,0,blank,0,224.2753,603.8978,273087,273128,41
103,0,blank,0,234.54052,616.90012,273170,273345,175
103,0,blank,0,234.4415,614.592325,273345,273486,141
103,0,blank,0,169.99535,622.929725,273591,273755,164
103,0,blank,0,168.186766666667,620.6585,273755,273874,119
103,0,blank,0,217.292366666667,638.967733333333,273957,274072,115
103,0,blank,0,293.77238,623.3603,274145,274322,177
103,0,blank,0,370.7143,622.97036,274392,274563,171
103,0,blank,0,364.6446,621.2699,274563,274634,71
103,0,blank,0,226.65005,635.884375,274707,274849,142
103,0,blank,0,177.6022,646.491975,274884,275025,141
103,0,blank,0,221.28574,649.84252,275060,275236,176
103,0,blank,0,224.882866666667,649.5135,275236,275340,104
103,95,==,452,166.72355,656.380975,275412,275554,142
103,0,blank,0,211.73092,663.04592,275590,275768,178
103,0,blank,0,216.6816,668.24565,275768,275836,68
103,95,ch,451,261.86168,661.64468,275906,276084,178
103,95,ch,451,259.162033333333,660.770666666667,276084,276192,108
103,95,*,453,331.98056,650.77436,276227,276405,178
103,95,*,453,331.6946,648.114833333333,276405,276512,107
103,0,blank,0,375.472475,648.8795,276583,276725,142
103,0,blank,0,218.18492,630.7521,276796,276971,175
103,0,blank,0,217.25565,632.277875,276971,277111,140
103,0,blank,0,253.231633333333,623.013266666667,277145,277249,104
103,0,blank,0,256.3349,628.5634,277284,277319,35
103,95,ch,451,259.53376,652.49738,277425,277597,172
103,0,blank,0,360.65074,644.62566,277666,277843,177
103,0,blank,0,252.04402,582.81676,277914,278087,173
103,0,blank,0,254.9761,582.2018,278087,278158,71
103,0,blank,0,205.90984,576.23422,278194,278372,178
103,0,blank,0,213.6938,582.7061,278372,278406,34
103,91,ch,423,203.25402,574.58308,278441,278614,173
103,0,blank,0,202.918166666667,573.600966666667,278614,278716,102
103,0,blank,0,193.42146,598.29176,278751,278917,166
103,0,blank,0,197.0212,597.8069,278917,278951,34
103,0,blank,0,126.88744,562.7246,279018,279185,167
103,0,blank,0,145.330266666667,552.319066666667,279287,279392,105
103,0,blank,0,196.58065,542.0589,279530,279606,76
103,93,==,438,179.14476,605.04226,279675,279844,169
103,93,==,438,180.675333333333,602.386833333333,279844,279953,109
103,0,blank,0,222.59022,600.0191,279988,280161,173
103,93,+,435,219.29376,600.5374,280161,280335,174
103,0,blank,0,178.37396,597.478,280371,280545,174
103,0,blank,0,175.7475,597.49765,280545,280620,75
103,0,blank,0,216.71456,593.34466,280662,280837,175
103,0,blank,0,217.574075,596.7263,280837,280975,138
103,0,blank,0,204.47864,485.85834,281046,281223,177
103,0,blank,0,203.232666666667,490.377366666667,281223,281339,116
103,0,blank,0,203.7097,589.9257,281487,281656,169
103,0,blank,0,202.510225,586.02845,281656,281791,135
103,0,blank,0,241.291,585.4077,281861,281894,33
103,93,||,436,238.40635,600.08955,281960,282157,197
103,93,||,436,238.5116,610.676,282157,282190,33
103,0,blank,0,-323,-105,282257,282426,169
103,0,blank,0,226.6939,606.2372,282640,282674,34
103,0,blank,0,216.33925,595.32325,282707,282772,65
103,93,+,435,219.2648,601.5015,282806,282839,33
103,91,==,424,249.1437,574.36005,282904,282970,66
103,0,blank,0,254.125033333333,579.493766666667,283003,283104,101
103,0,blank,0,319.46602,577.83298,283204,283372,168
103,0,blank,0,312.798425,571.590475,283372,283505,133
103,0,blank,0,223.97485,584.5431,283539,283738,199
103,0,blank,0,217.683666666667,579.725816666667,283738,283937,199
103,0,blank,0,243.90725,579.707225,283970,284106,136
103,92,return,427,137.60054,582.79844,284140,284309,169
103,92,return,427,139.14968,584.55722,284309,284478,169
103,92,return,427,137.06184,584.27408,284478,284646,168
103,92,return,427,136.8762,583.5949,284646,284680,34
103,0,blank,0,202.35646,582.9361,284715,284886,171
103,0,blank,0,199.88362,578.8265,284886,285053,167
103,0,blank,0,201.90675,579.01025,285053,285121,68
103,0,blank,0,125.6548,571.9935,285159,285193,34
103,0,blank,0,201.415,582.07905,285367,285434,67
103,0,blank,0,196.4752,582.90054,285508,285678,170
103,0,blank,0,-323,-105,285744,285882,138
103,91,ch,423,209.1395,572.8717,285935,286002,67
103,0,blank,0,-323,-105,286101,286295,194
103,91,ch,423,220.26095,575.93015,286472,286529,57
103,0,blank,0,218.2845,594.995,286561,286594,33
103,0,blank,0,212.20536,578.47388,286628,286794,166
103,0,blank,0,213.225,595.3845,286827,286860,33
103,0,blank,0,213.570425,584.2379,286893,287026,133
103,0,blank,0,212.1988,585.65242,287059,287225,166
103,92,0,428,162.8041,594.2108,288107,288153,46
103,91,if,417,56.2328166666667,566.7356,288344,288534,190
103,0,blank,0,90.6401,603.0895,288598,288629,31
103,0,blank,0,89.4222,603.7469,288693,288757,64
103,92,return,427,116.4459,595.561766666667,288788,288984,196
103,92,return,427,118.011583333333,595.564216666667,288984,289178,194
103,0,blank,0,69.5351,592.5909,289242,289370,128
103,0,blank,0,76.9612,591.2481,289402,289434,32
103,92,return,427,121.71455,594.477316666667,289466,289660,194
103,92,return,427,110.9843,589.6381,289660,289692,32
103,92,return,427,93.4819,596.5295,289724,289756,32
103,92,return,427,90.4017333333334,593.015,289788,289884,96
103,92,return,427,137.859866666667,589.020616666667,289916,290105,189
103,92,return,427,135.48328,585.27806,290105,290264,159
103,93,(,432,125.62285,606.3534,290296,290425,129
103,0,blank,0,184.717866666667,610.686166666667,290490,290615,125
103,93,==,438,182.9128,614.1196,290615,290731,116
103,94,return,441,131.121433333333,630.057266666667,290843,291012,169
103,0,blank,0,133.045966666667,621.481483333333,291012,291208,196
103,0,blank,0,130.39865,621.5981,291208,291339,131
103,0,blank,0,119.175216666667,599.583016666667,291373,291569,196
103,0,blank,0,120.266466666667,603.70095,291569,291766,197
103,92,return,427,127.46382,591.64036,291766,291933,167
103,92,return,427,127.80952,587.85284,291933,292099,166
103,0,blank,0,124.0202,616.67595,292132,292328,196
103,93,(,432,126.6086,618.55915,292328,292524,196
103,93,(,432,127.8124,619.445683333333,292524,292720,196
103,93,(,432,132.02465,618.3904,292720,292784,64
103,92,0,428,156.39048,589.39524,292818,292981,163
103,0,blank,0,123.65915,608.728816666667,293045,293241,196
103,93,(,432,125.7843,615.17495,293274,293339,65
103,94,return,441,135.922166666667,639.876233333333,293372,293569,197
103,94,return,441,138.43414,640.6696,293569,293736,167
103,94,return,441,131.8924,638.6127,293736,293769,33
103,92,return,427,134.8676,592.43415,293801,293998,197
103,94,return,441,123.537633333333,640.310733333333,294031,294228,197
103,94,return,441,125.699666666667,640.033633333333,294228,294327,99
103,0,blank,0,257.86374,630.82434,294360,294527,167
103,0,blank,0,260.43014,633.32878,294527,294695,168
103,0,blank,0,266.27355,629.056,294695,294763,68
103,93,||,436,237.129633333333,619.540416666667,294798,294997,199
103,93,==,438,176.89094,610.45594,295030,295193,163
103,93,ch,437,281.53524,608.48106,295321,295489,168
103,93,==,438,180.87555,600.22405,295521,295718,197
103,93,==,438,179.1977,606.147975,295718,295848,130
103,0,blank,0,174.920766666667,624.6973,295912,296008,96
103,0,blank,0,173.4959,629.444833333333,296041,296140,99
103,94,return,441,103.240083333333,636.684416666667,296206,296403,197
103,89,preced,411,78.3035,520.2015,296503,296536,33
103,89,preced,411,75.5846,527.26836,296600,296765,165
103,89,char,413,113.933733333333,516.442133333333,296798,296994,196
103,85,"\nError!Stackisempty.\n",400,183.799066666667,443.231566666667,297027,297223,196
103,85,"\nError!Stackisempty.\n",400,186.27395,438.2872,297223,297289,66
103,85,"\nError!Stackisempty.\n",400,291.94172,428.1426,297321,297497,176
103,85,"\nError!Stackisempty.\n",400,291.435566666667,429.7092,297497,297606,109
103,0,blank,0,137.399,411.17435,297674,297740,66
103,0,blank,0,140.32082,417.6155,297805,297970,165
103,0,blank,0,142.746066666667,414.961833333333,297970,298072,102
103,85,"\nError!Stackisempty.\n",400,308.509,429.6733,298105,298137,32
103,85,"\nError!Stackisempty.\n",400,317.97818,424.33426,298171,298336,165
103,0,blank,0,150.243,422.22166,298402,298573,171
103,85,(,399,152.6978,424.2139,298573,298607,34
103,79,=,378,115.627133333333,295.663966666667,298645,298746,101
103,79,=,378,118.51428,308.12214,298781,298947,166
103,0,blank,0,110.4349,305.0493,298947,298981,34
103,0,blank,0,79.8624,370.21705,299080,299147,67
103,0,blank,0,75.153475,366.657675,299179,299312,133
103,76,char,367,74.2348,240.63746,299413,299581,168
103,0,blank,0,48.55224,191.97168,299620,299802,182
103,74,char,362,41.3301833333333,188.773966666667,299802,299998,196
103,74,char,362,42.111425,185.893675,299998,300131,133
103,0,blank,0,-323,-105,300229,300337,108
103,0,blank,0,22.5767,180.0052,300466,300496,30
103,74,char,362,27.6772666666667,181.371333333333,300658,300852,194
103,74,char,362,6.85790000000001,185.35644,300884,301046,162
103,74,char,362,10.1472,191.49234,301111,301277,166
103,74,char,362,12.10572,182.76376,301310,301477,167
103,74,char,362,14.2269,187.40735,301477,301676,199
103,74,char,362,17.3824833333333,184.585133333333,301676,301872,196
103,74,char,362,17.62844,185.27504,301872,302039,167
103,0,blank,0,14.57712,180.0281,302039,302205,166
103,74,pop,363,62.2516,187.88048,302274,302442,168
103,74,char,362,7.75200000000001,200.37028,302508,302671,163
103,0,blank,0,86.8616,208.831925,302738,302869,131
103,0,blank,0,46.4239,199.9141,302904,303004,100
103,0,blank,0,44.94365,193.536875,303037,303170,133
103,74,char,362,8.7259,191.37536,303236,303403,167
103,74,char,362,9.18385000000001,190.89565,303403,303470,67
103,0,blank,0,132.62968,214.34724,303537,303706,169
103,74,char,362,35.85544,191.64426,303774,303942,168
103,74,char,362,36.8474,193.8758,303942,304010,68
103,77,>,373,131.99904,254.91352,304079,304250,171
103,0,blank,0,137.78858,249.84814,304250,304422,172
103,0,blank,0,140.393333333333,254.222,304422,304528,106
103,74,char,362,43.3555,197.89774,304663,304828,165
103,74,char,362,36.54864,201.3838,304828,304996,168
103,74,char,362,31.4806,199.451,304996,305061,65
103,0,blank,0,47.48326,185.01336,305093,305259,166
103,74,char,362,20.85092,187.7398,305325,305495,170
103,74,char,362,21.3270333333333,187.619816666667,305495,305694,199
103,74,char,362,26.803525,186.096925,305694,305831,137
103,74,char,362,26.88706,189.6259,305865,306037,172
103,74,char,362,24.93266,189.84466,306037,306205,168
103,74,char,362,25.067,187.82984,306205,306378,173
103,74,char,362,25.75072,186.9106,306378,306549,171
103,74,char,362,25.6557,188.634,306549,306583,34
103,74,char,362,27.8843166666667,185.317716666667,306651,306847,196
103,74,char,362,35.8912,189.8626,306847,306882,35
103,74,char,362,42.59976,187.5474,306917,307091,174
103,0,blank,0,47.07718,184.67888,307091,307262,171
103,0,blank,0,47.2504,174.63115,307262,307330,68
103,74,char,362,21.158925,184.329725,307424,307563,139
103,74,char,362,16.681,193.6396,307597,307631,34
103,0,blank,0,36.69992,179.40466,307665,307836,171
103,0,blank,0,36.4887,177.52236,307836,308003,167
103,0,blank,0,19.1202,176.31716,308069,308234,165
103,0,blank,0,48.44686,189.415,308267,308434,167
103,0,blank,0,50.8936,189.0924,308434,308468,34
103,74,char,362,20.57054,192.3157,308502,308674,172
103,74,pop,363,62.9796666666667,199.843333333333,308741,308938,197
103,0,blank,0,64.48315,207.2997,308938,309003,65
103,0,blank,0,-323,-105,309102,309158,56
103,0,blank,0,54.52165,225.928066666667,309314,309503,189
103,0,blank,0,86.3698666666667,243.155,309534,309731,197
103,0,blank,0,86.08662,245.6081,309731,309895,164
103,0,blank,0,95.01915,287.1441,309959,310026,67
103,0,blank,0,93.8061,269.9019,310059,310093,34
103,77,top,372,84.8529666666667,255.152133333333,310160,310354,194
103,77,(,371,79.3759333333333,258.789066666667,310354,310452,98
103,0,blank,0,110.082933333333,297.879916666667,310516,310715,199
103,79,=,378,113.322266666667,296.2691,310715,310814,99
103,79,ch,377,86.7628,295.94415,310852,311025,173
103,0,blank,0,127.9976,309.6842,311143,311270,127
103,80,stack,384,125.506233333333,318.411666666667,311270,311412,142
103,0,blank,0,146.75445,312.872033333333,311446,311645,199
103,80,top,386,144.1439,315.6188,311645,311812,167
103,80,top,386,144.4765,323.8266,311812,311845,33
103,0,blank,0,209.743766666667,315.631616666667,311878,312076,198
103,0,blank,0,205.617133333333,318.1631,312076,312175,99
103,80,stack,384,127.8573,325.87925,312241,312438,197
103,80,stack,384,128.701033333333,328.5555,312438,312535,97
103,0,blank,0,75.5469333333333,317.11145,312567,312766,199
103,79,stack,379,141.8959,311.49664,312799,312968,169
103,79,stack,379,142.046675,309.28825,312968,313098,130
103,0,blank,0,221.509183333333,312.889083333333,313163,313361,198
103,0,blank,0,225.631425,313.253625,313361,313493,132
103,80,stack,384,131.248016666667,326.0213,313560,313757,197
103,80,stack,384,127.986083333333,330.2098,313757,313952,195
103,80,stack,384,126.591233333333,321.820933333333,313952,314051,99
103,81,return,392,86.74988,339.2113,314115,314285,170
103,0,blank,0,82.2912,329.175,314285,314317,32
103,0,blank,0,125.50498,335.84878,314383,314549,166
103,0,blank,0,86.6159,415.0725,314614,314648,34
103,85,printf,398,89.8168666666667,434.615133333333,314682,314878,196
103,85,"\nError!Stackisempty.\n",400,173.07785,432.867933333333,314944,315142,198
103,85,"\nError!Stackisempty.\n",400,172.4075,424.6771,315142,315174,32
103,86,(,404,129.7383,455.29424,315240,315403,163
103,86,exit,403,100.7661,461.13735,315470,315600,130
103,0,blank,0,71.6707333333333,257.3024,315633,315829,196
103,0,blank,0,76.17124,110.1243,315927,316090,163
103,0,blank,0,1022.0938,631.98038,316288,316456,168
103,0,blank,0,1015.2776,588.14482,316490,316664,174
103,0,blank,0,1011.8624,593.65892,316664,316837,173
103,0,blank,0,1008.9984,589.8954,316837,317012,175
103,0,blank,0,1016.55366666667,559.641266666667,317046,317151,105
103,0,blank,0,1014.747,567.03228,317188,317365,177
103,0,blank,0,1022.972,570.892,317365,317401,36
103,0,blank,0,210.2538,128.9267,317510,317593,83
104,0,blank,0,161.407133333333,491.206333333333,319947,320048,101
104,0,blank,0,161.47112,486.61698,320123,320309,186
104,0,blank,0,160.69278,484.94708,320309,320479,170
104,0,blank,0,158.733,482.874766666667,320479,320582,103
104,58,++,306,185.4925,374.39574,320649,320820,171
104,58,(,310,270.63682,393.89592,320887,321057,170
104,58,(,310,268.80214,393.98048,321057,321228,171
104,0,blank,0,264.3023,394.6622,321228,321268,40
104,58,pop,309,238.97656,388.2371,321307,321473,166
104,58,++,306,184.0441,389.48714,321507,321680,173
104,58,++,306,187.2082,391.4929,321680,321720,40
104,0,blank,0,215.479033333333,394.302933333333,321760,321868,108
104,57,-1,301,167.10898,353.44008,321948,322141,193
104,57,-1,301,170.9076,355.02825,322141,322219,78
104,0,blank,0,330.50485,223.304175,322305,322458,153
104,0,blank,0,1042.674,371.0663,322557,322592,35
104,0,blank,0,1036.466,371.8801,322694,322728,34
104,0,blank,0,1028.312,421.99965,322761,322828,67
104,0,blank,0,1028.38233333333,431.325733333333,322896,323000,104
104,0,blank,0,1028.9704,437.4493,323033,323199,166
104,0,blank,0,1024.802,431.98925,323199,323267,68
104,0,blank,0,593.83992,188.85728,323403,323578,175
104,0,blank,0,589.5954,204.6346,323578,323619,41
105,0,blank,0,206.46668,52.43196,335740,335910,170
105,0,blank,0,205.89784,59.3478,335910,336078,168
105,14,;,92,201.364,61.57596,336078,336248,170
105,0,blank,0,204.57485,58.8768,336248,336316,68
105,0,blank,0,182.0369,51.8212,336351,336386,35
105,14,=,90,170.2327,51.92682,336422,336601,179
105,14,=,90,170.5854,52.19206,336601,336787,186
105,14,=,90,172.20048,52.5311,336787,336978,191
105,14,=,90,170.65582,48.62172,336978,337163,185
105,14,=,90,168.9274,52.466,337163,337200,37
105,0,blank,0,135.66032,22.21906,337238,337435,197
105,0,blank,0,-323,-105,337477,337550,73
105,0,blank,0,163.30096,21.70636,337707,337881,174
105,0,blank,0,163.6374,24.1721,337881,338058,177
105,0,blank,0,162.00335,26.43325,338058,338129,71
105,14,0,91,190.1987,60.45225,338165,338308,143
105,0,blank,0,-323,-105,338415,338445,30
105,0,blank,0,90.99255,4.34518333333333,338595,338792,197
105,0,blank,0,-323,-105,338859,338943,84
105,0,blank,0,-323,-105,338994,339026,32
105,0,blank,0,87.4305166666667,16.1930333333333,339053,339240,187
105,0,blank,0,84.6577,30.7623,339240,339273,33
105,0,blank,0,84.4788833333333,23.0748666666667,339307,339504,197
105,13,ch,82,94.7037666666667,31.9024166666667,339504,339699,195
105,13,ch,82,95.786,38.0242333333333,339699,339799,100
105,15,0,97,112.90046,64.68932,339832,339999,167
105,15,0,97,110.4519,73.8706,339999,340033,34
105,15,i,103,87.0159833333333,70.1121333333333,340099,340296,197
105,15,i,103,88.30294,69.46208,340296,340464,168
105,15,i,103,90.2774,74.9994,340464,340497,33
105,0,blank,0,127.88346,65.3787,340531,340697,166
105,0,blank,0,129.00174,63.34688,340697,340865,168
105,0,blank,0,131.14106,62.75024,340865,341032,167
105,0,blank,0,132.8901,62.71176,341032,341198,166
105,14,comma,88,130.5797,52.4727,341198,341232,34
105,15,<,100,150.78056,66.51688,341266,341435,169
105,14,0,91,193.6663,61.905525,341500,341633,133
105,15,<,100,152.08965,64.90365,341667,341799,132
105,0,blank,0,206.40414,74.44414,341865,342038,173
105,0,blank,0,207.9833,71.5342,342038,342141,103
105,0,blank,0,120.9637,105.22288,342210,342379,169
105,0,blank,0,122.55224,102.22254,342379,342551,172
105,0,blank,0,124.14236,95.46162,342551,342720,169
105,0,blank,0,122.72872,97.8389,342720,342890,170
105,0,blank,0,121.67565,96.0855333333333,342890,343089,199
105,0,blank,0,120.72846,89.9411,343089,343259,170
105,0,blank,0,121.93882,93.97278,343259,343429,170
105,0,blank,0,122.23412,94.87946,343429,343603,174
105,0,blank,0,121.7259,94.16586,343603,343776,173
105,0,blank,0,125.18356,91.2589,343776,343947,171
105,0,blank,0,124.69344,89.24564,343947,344120,173
105,0,blank,0,126.49286,93.34584,344120,344291,171
105,0,blank,0,129.18632,101.66122,344325,344498,173
105,0,blank,0,123.368,103.5745,344532,344672,140
105,0,blank,0,178.38938,91.86412,344707,344880,173
105,0,blank,0,180.53528,92.7902,344880,345053,173
105,0,blank,0,182.73452,93.95362,345053,345222,169
105,0,blank,0,181.5357,91.6283,345222,345294,72
105,15,SIZE,101,155.8487,66.64018,345328,345501,173
105,15,SIZE,101,159.26098,67.92196,345501,345676,175
105,15,SIZE,101,160.433025,67.7127,345676,345817,141
105,15,SIZE,101,154.66418,71.65272,345887,346060,173
105,15,<,100,152.48638,70.30956,346060,346232,172
105,0,blank,0,108.2512,105.58494,346267,346439,172
105,0,blank,0,109.62752,105.83008,346439,346617,178
105,0,blank,0,112.48886,105.30938,346617,346791,174
105,0,blank,0,107.97394,104.06816,346791,346967,176
105,0,blank,0,78.69558,104.65078,347002,347173,171
105,0,blank,0,82.5513666666667,110.464733333333,347173,347275,102
105,0,blank,0,81.62442,103.8191,347311,347480,169
105,0,blank,0,131.435275,95.993025,347548,347686,138
105,17,stack,107,99.74916,108.80402,347720,347893,173
105,0,blank,0,97.83668,107.70892,347893,348068,175
105,0,blank,0,138.02432,103.14192,348137,348307,170
105,17,stack,107,120.364525,109.228475,348341,348480,139
105,0,blank,0,178.14574,105.5887,348548,348716,168
105,0,blank,0,178.3879,104.363066666667,348716,348818,102
105,0,blank,0,109.89215,103.2363,348885,349021,136
105,0,blank,0,154.57992,98.70716,349056,349224,168
105,0,blank,0,150.93286,102.27794,349224,349393,169
105,0,blank,0,136.22194,101.11652,349460,349629,169
105,0,blank,0,138.09516,103.39312,349629,349797,168
105,0,blank,0,144.4194,101.3087,349797,349831,34
105,0,blank,0,181.68882,107.59788,349865,350034,169
105,0,blank,0,178.4343,105.7212,350034,350069,35
105,0,blank,0,116.66074,99.77234,350102,350272,170
105,0,blank,0,116.61966,102.8855,350272,350440,168
105,0,blank,0,119.935666666667,102.643733333333,350440,350541,101
105,0,blank,0,164.70722,98.80944,350574,350742,168
105,0,blank,0,163.5762,98.411,350742,350911,169
105,0,blank,0,166.72268,97.25436,350911,351079,168
105,0,blank,0,166.74456,98.76886,351079,351247,168
105,0,blank,0,168.018175,97.086725,351247,351382,135
105,0,blank,0,175.61858,106.52526,351415,351584,169
105,0,blank,0,181.90954,105.86186,351584,351782,198
105,0,blank,0,193.1441,104.6495,351782,351903,121
105,0,blank,0,197.1736,107.785,351903,352023,120
105,0,blank,0,167.83065,113.867825,352109,352247,138
105,19,printf,115,68.25085,156.19445,352316,352451,135
105,19,"\nEnteraninfixexpression:",117,136.29736,154.10322,352520,352703,183
105,19,"\nEnteraninfixexpression:",117,132.889966666667,153.5628,352703,352902,199
105,20,"%s",122,135.0119,193.692216666667,352935,353132,197
105,20,"%s",122,138.0165,193.578,353132,353164,32
105,21,i,140,85.06862,200.15382,353196,353363,167
105,0,blank,0,83.393,199.406966666667,353363,353465,102
105,21,for,127,59.8626333333333,196.863633333333,353532,353630,98
105,21,0,138,108.774,201.11735,353820,354019,199
105,21,0,138,106.70622,203.98688,354019,354187,168
105,21,infix,133,156.12986,195.25036,354254,354423,169
105,21,infix,133,155.665,201.2163,354423,354522,99
105,21,[,134,186.008533333333,201.644066666667,354556,354754,198
105,21,infix,133,184.2134,211.662,354754,354787,33
105,21,!=,137,233.4153,198.33164,354820,354988,168
105,0,blank,0,235.43222,194.44602,354988,355158,170
105,21,!=,137,231.62835,198.28395,355158,355226,68
105,0,blank,0,276.23278,194.27376,355260,355432,172
105,21,0,138,276.23544,199.00976,355432,355603,171
105,21,0,138,274.08926,197.7808,355603,355778,175
105,20,infix,124,180.965075,187.382425,355846,355985,139
105,0,blank,0,232.7945,190.90816,356055,356228,173
105,0,blank,0,235.50636,187.583,356228,356401,173
105,21,!=,137,227.950766666667,209.190233333333,356436,356539,103
105,21,0,138,278.536575,202.175475,356574,356713,139
105,0,blank,0,113.04644,237.19932,356780,356948,168
105,0,blank,0,130.253,243.58036,356948,357117,169
105,23,infix,146,136.7723,247.71438,357117,357289,172
105,0,blank,0,132.868466666667,248.1209,357289,357393,104
105,23,ch,144,88.635,249.0032,357427,357598,171
105,23,ch,144,86.0014,247.56108,357598,357766,168
105,23,ch,144,86.7655,244.344175,357766,357902,136
105,24,(,154,121.6498,266.0448,357938,358006,68
105,0,blank,0,123.89494,263.10636,358075,358243,168
105,24,isalnum,153,126.01748,262.34246,358243,358413,170
105,24,isalnum,153,128.6756,267.5104,358413,358448,35
105,24,isalnum,153,164.20426,270.10898,358482,358658,176
105,24,isalnum,153,161.279966666667,272.7995,358658,358761,103
105,24,isalnum,153,127.28184,272.12356,358795,358964,169
105,24,isalnum,153,130.55952,271.17168,358964,359136,172
105,24,isalnum,153,130.08464,270.26382,359136,359310,174
105,24,isalnum,153,130.1303,269.7642,359310,359485,175
105,24,isalnum,153,129.0281,264.9342,359485,359555,70
105,24,isalnum,153,132.0977,268.4874,359590,359761,171
105,24,isalnum,153,133.9698,267.43082,359761,359931,170
105,24,isalnum,153,133.50968,261.62424,359931,360101,170
105,24,isalnum,153,133.106,261.16468,360101,360272,171
105,24,isalnum,153,140.0201,262.56856,360340,360511,171
105,0,blank,0,128.05442,255.3158,360511,360681,170
105,24,isalnum,153,125.5988,261.82944,360681,360853,172
105,24,isalnum,153,130.7444,261.2764,360853,360956,103
105,0,blank,0,110.91122,261.5924,360991,361160,169
105,24,isalnum,153,128.482,265.75076,361232,361399,167
105,0,blank,0,133.1546,257.7007,361399,361433,34
105,24,isalnum,153,172.93095,264.86625,361565,361763,198
105,24,isalnum,153,168.9169,266.337933333333,361763,361961,198
105,24,isalnum,153,171.6286,265.42395,361961,362027,66
105,24,isalnum,153,140.94905,265.3515,362062,362260,198
105,24,isalnum,153,142.58145,264.6344,362260,362325,65
105,24,isalnum,153,125.515116666667,266.944883333333,362391,362588,197
105,24,isalnum,153,128.1076,268.7417,362588,362652,64
105,24,isalnum,153,171.695533333333,271.154366666667,362715,362914,199
105,24,isalnum,153,170.02375,263.02245,362914,362981,67
105,26,postfix,159,138.15255,306.53875,363014,363213,199
105,26,postfix,159,174.660575,310.60935,363312,363446,134
105,26,],163,239.74214,311.81352,363510,363690,180
105,0,blank,0,243.227,317.27005,363690,363755,65
105,26,p,161,206.0606,309.5528,363788,363821,33
105,26,p,161,203.5533,318.1068,363887,364053,166
105,26,postfix,159,178.781383333333,316.5716,364086,364285,199
105,26,postfix,159,180.8451,313.318433333333,364285,364483,198
105,26,postfix,159,183.36995,317.17155,364483,364548,65
105,26,postfix,159,182.861433333333,306.4364,364581,364679,98
105,0,blank,0,126.70196,350.38044,364712,364878,166
105,0,blank,0,124.612833333333,352.260516666667,364912,365111,199
105,0,blank,0,125.35276,354.32322,365111,365280,169
105,28,else,168,109.32618,354.01184,365313,365483,170
105,28,else,168,117.188575,351.033525,365483,365621,138
105,0,blank,0,87.270475,316.77085,365688,365826,138
105,0,blank,0,136.47848,340.39884,365894,366062,168
105,0,blank,0,162.03686,350.68258,366096,366265,169
105,0,blank,0,162.805275,353.736125,366265,366400,135
105,24,isalnum,153,133.56028,275.79036,366469,366639,170
105,24,isalnum,153,132.9554,273.0256,366639,366708,69
105,0,blank,0,168.06756,303.50514,366811,366983,172
105,0,blank,0,171.8397,297.1573,366983,367017,34
105,26,],163,237.65166,310.02118,367086,367254,168
105,26,],163,237.14496,307.19302,367254,367427,173
105,26,++,162,234.04065,306.21495,367427,367494,67
105,0,blank,0,204.57875,332.14795,367562,367631,69
105,0,blank,0,204.2518,343.6544,367701,367769,68
105,0,blank,0,224.3523,351.592033333333,367803,367906,103
105,0,blank,0,227.02064,354.32952,367940,368114,174
105,0,blank,0,177.42984,378.42382,368148,368324,176
105,30,push,176,160.95404,394.81402,368358,368532,174
105,30,push,176,151.61555,402.9252,368532,368602,70
105,30,push,176,130.53376,405.53204,368636,368808,172
105,30,push,176,130.71874,408.53646,368808,368981,173
105,30,(,177,167.4951,403.58202,369016,369191,175
105,0,blank,0,-323,-105,369262,369323,61
105,0,blank,0,173.27825,371.3764,369469,369527,58
105,28,(,173,169.68176,363.16648,369560,369725,165
105,28,if,169,152.27028,366.31536,369791,369959,168
105,0,blank,0,159.098333333333,365.313766666667,369959,370059,100
105,28,==,172,206.022,355.1711,370093,370127,34
105,28,==,172,219.663033333333,353.277766666667,370193,370392,199
105,28,==,172,221.211633333333,351.148516666667,370392,370590,198
105,30,push,176,158.07784,403.7313,370657,370828,171
105,30,push,176,156.86805,395.4953,370862,370930,68
105,30,push,176,155.9202,404.0097,370965,371137,172
105,30,push,176,161.16815,406.42195,371137,371206,69
105,0,blank,0,115.31566,393.61834,371276,371443,167
105,30,push,176,157.2668,404.28494,371510,371680,170
105,30,push,176,157.0331,405.47268,371680,371850,170
105,30,push,176,158.61695,407.977525,371850,371985,135
105,0,blank,0,130.492366666667,457.9538,372018,372146,128
105,0,blank,0,130.4572,454.9025,372146,372270,124
105,0,blank,0,159.791475,451.590825,372400,372592,192
105,0,blank,0,160.5883,450.0392,372592,372626,34
105,0,blank,0,203.02088,480.21156,372695,372866,171
105,0,blank,0,202.07975,474.1092,372866,372934,68
105,32,(,184,166.08904,453.91682,372968,373141,173
105,32,(,184,167.8281,446.3926,373141,373175,34
105,32,else,182,117.62202,451.75234,373210,373380,170
105,32,else,182,116.79602,447.76684,373380,373549,169
105,32,ch,185,179.78678,450.6026,373616,373785,169
105,32,ch,185,178.296,445.9538,373785,373886,101
105,32,==,186,203.357066666667,449.96125,373920,374117,197
105,0,blank,0,198.201,443.8506,374149,374182,33
105,34,stack,192,190.38492,492.39514,374248,374420,172
105,34,stack,192,192.7446,489.0959,374420,374454,34
105,34,while,190,151.50816,491.68284,374487,374657,170
105,34,while,190,159.977866666667,488.227133333333,374657,374759,102
105,34,while,190,125.1049,492.8006,374793,374965,172
105,34,while,190,125.0266,499.8365,374965,374999,34
105,34,stack,192,195.6528,492.5369,375034,375142,108
105,34,stack,192,196.497,488.78156,375176,375352,176
105,34,stack,192,190.4081,493.9183,375352,375386,34
105,34,stack,192,224.75416,493.3587,375422,375597,175
105,0,blank,0,181.811,459.108725,375632,375774,142
105,0,blank,0,-323,-105,375874,375981,107
105,0,blank,0,185.6965,434.02,376138,376163,25
105,32,==,186,207.961533333333,447.927883333333,376228,376419,191
105,32,==,186,205.45105,448.36165,376419,376483,64
105,34,while,190,167.966333333333,493.730783333333,376548,376743,195
105,34,while,190,167.175433333333,497.5903,376743,376841,98
105,34,stack,192,221.61195,500.22025,376874,376941,67
105,34,stack,192,222.926666666667,496.453633333333,376973,377070,97
105,0,blank,0,-323,-105,377134,377239,105
105,34,stack,192,232.52405,484.72625,377372,377427,55
105,34,stack,192,227.113875,488.900975,377460,377589,129
105,34,top,194,273.3582,489.8169,377621,377686,65
105,34,],195,280.644416666667,489.88735,377719,377917,198
105,34,],195,276.964475,489.93345,377917,378052,135
105,0,blank,0,254.8509,479.3704,378086,378151,65
105,34,top,194,255.4715,491.006966666667,378184,378382,198
105,34,top,194,259.289066666667,489.213933333333,378382,378480,98
105,0,blank,0,292.06064,482.478,378547,378717,170
105,0,blank,0,285.505066666667,485.4284,378717,378820,103
105,0,blank,0,184.02996,523.48034,378856,379028,172
105,0,blank,0,183.873766666667,521.583033333333,379028,379132,104
105,36,postfix,200,168.44832,526.50678,379167,379342,175
105,0,blank,0,169.05694,524.17544,379342,379514,172
105,36,postfix,200,166.840666666667,526.06,379514,379619,105
105,36,postfix,200,215.59784,532.45804,379654,379826,172
105,34,top,194,261.1982,492.128466666667,379894,379995,101
105,0,blank,0,-323,-105,380063,380199,136
105,34,[,193,235.017066666667,482.350916666667,380333,380530,197
105,0,blank,0,238.4441,472.39585,380530,380595,65
105,34,stack,192,231.7828,482.084383333333,380629,380827,198
105,0,blank,0,233.4617,472.8943,380827,380860,33
105,0,blank,0,234.0486,488.9065,380894,380926,32
105,34,stack,192,185.72954,483.23782,380960,381127,167
105,0,blank,0,190.92435,479.7868,381127,381195,68
105,34,top,194,259.0393,488.933816666667,381261,381460,199
105,34,top,194,257.71065,489.0526,381460,381526,66
105,0,blank,0,294.26524,491.7443,381559,381725,166
105,0,blank,0,295.88572,494.61354,381725,381892,167
105,0,blank,0,285.73204,502.85232,381892,382064,172
105,0,blank,0,288.9016,502.89742,382064,382231,167
105,0,blank,0,290.68258,499.68706,382231,382398,167
105,0,blank,0,290.5795,497.832233333333,382398,382500,102
105,0,blank,0,282.67822,509.10256,382569,382739,170
105,0,blank,0,282.8579,515.6364,382739,382771,32
105,0,blank,0,280.29568,547.2847,382805,382974,169
105,0,blank,0,284.873225,540.3319,382974,383111,137
105,36,postfix,200,214.11062,538.16528,383178,383349,171
105,36,postfix,200,214.38486,540.6656,383349,383520,171
105,36,postfix,200,213.115325,537.618125,383520,383658,138
105,0,blank,0,281.68378,509.53886,383693,383864,171
105,0,blank,0,284.5133,508.192133333333,383864,383966,102
105,0,blank,0,225.76084,452.5798,384033,384201,168
105,0,blank,0,226.744866666667,455.636066666667,384201,384300,99
105,0,blank,0,197.1587,462.00558,384333,384505,172
105,0,blank,0,197.89485,458.09345,384505,384639,134
105,0,blank,0,196.245825,458.49285,384673,384808,135
105,0,blank,0,155.52398,513.46694,384875,385049,174
105,0,blank,0,151.589533333333,507.139366666667,385049,385153,104
105,0,blank,0,241.8232,521.0846,385188,385356,168
105,0,blank,0,242.29945,519.6572,385356,385424,68
105,34,stack,192,226.77946,500.94086,385457,385627,170
105,0,blank,0,227.32012,502.20348,385627,385795,168
105,0,blank,0,224.51856,502.57604,385795,385963,168
105,34,stack,192,225.1219,500.9738,385963,386063,100
105,34,stack,192,186.1212,483.2612,386130,386303,173
105,34,stack,192,189.82324,486.19974,386303,386476,173
105,0,blank,0,234.99568,482.74884,386548,386719,171
105,34,[,193,238.2139,484.8625,386719,386788,69
105,34,!=,196,305.25236,485.24572,386822,386992,170
105,34,!=,196,303.6222,487.97498,386992,387163,171
105,32,),188,236.41864,449.57344,387232,387403,171
105,0,blank,0,233.36,451.32808,387403,387573,170
105,0,blank,0,230.0607,451.0625,387573,387606,33
105,0,blank,0,197.31732,475.10232,387707,387878,171
105,0,blank,0,199.28656,475.99118,387878,388053,175
105,0,blank,0,154.54502,504.19792,388087,388261,174
105,34,while,190,151.7939,499.6806,388261,388367,106
105,34,stack,192,185.35292,486.52962,388400,388570,170
105,30,push,176,156.61418,404.7011,388604,388774,170
105,30,push,176,158.5634,405.8756,388774,388807,33
105,28,ch,171,176.08185,360.336983333333,388841,389040,199
105,30,push,176,141.859025,393.330475,389106,389238,132
105,0,blank,0,164.165283333333,400.931716666667,389304,389500,196
105,0,blank,0,162.94995,340.066583333333,389532,389729,197
105,0,blank,0,151.827033333333,302.65325,389761,389959,198
105,26,postfix,159,155.9654,308.384533333333,389959,390057,98
105,26,postfix,159,193.193466666667,320.094533333333,390089,390283,194
105,26,postfix,159,191.8873,322.8183,390283,390349,66
105,26,postfix,159,162.639625,320.7298,390383,390515,132
105,26,],163,241.55252,312.8471,390548,390716,168
105,26,],163,240.9572,309.7505,390716,390749,33
105,26,postfix,159,165.729583333333,312.068066666667,390817,391016,199
105,26,postfix,159,167.319066666667,312.639233333333,391016,391215,199
105,26,postfix,159,145.4541,315.5262,391249,391382,133
105,26,postfix,159,188.54096,318.62762,391415,391587,172
105,26,postfix,159,188.41634,314.28388,391587,391759,172
105,26,postfix,159,190.8961,321.4863,391759,391792,33
105,26,postfix,159,152.62088,318.5861,391859,392026,167
105,26,postfix,159,153.9073,316.2391,392026,392125,99
105,0,blank,0,246.69025,302.885975,392158,392293,135
105,26,postfix,159,161.24455,311.1497,392363,392517,154
105,26,postfix,159,165.374,313.4436,392517,392607,90
105,0,blank,0,121.7783,312.95455,392713,392887,174
105,26,postfix,159,164.051483333333,310.52915,392959,393155,196
105,26,postfix,159,164.327716666667,308.766616666667,393155,393351,196
105,26,postfix,159,160.444475,310.07635,393351,393479,128
105,26,p,161,209.018616666667,315.657533333333,393512,393707,195
105,26,++,162,214.4979,312.2392,393707,393740,33
105,0,blank,0,155.2745,424.2029,393804,393872,68
105,0,blank,0,156.828933333333,429.2971,393935,394032,97
105,0,blank,0,189.673066666667,512.1975,394065,394260,195
105,0,blank,0,189.2878,510.3337,394260,394292,32
105,0,blank,0,168.714533333333,523.625733333333,394325,394521,196
105,36,postfix,200,168.391983333333,527.19455,394521,394720,199
105,36,postfix,200,170.07815,527.89795,394720,394786,66
105,36,p,202,244.1423,526.31055,394819,394886,67
105,36,postfix,200,210.47514,527.90608,394952,395123,171
105,36,postfix,200,209.14195,533.0531,395123,395322,199
105,36,],204,280.68835,537.75805,395389,395456,67
105,36,],204,278.41432,536.0899,395489,395656,167
105,0,blank,0,148.73162,541.3764,395688,395855,167
105,0,blank,0,144.34972,538.71104,395855,396026,171
105,0,blank,0,144.23854,541.22898,396059,396226,167
105,0,blank,0,147.07694,536.31464,396226,396394,168
105,0,blank,0,146.22726,539.49348,396394,396560,166
105,0,blank,0,147.8037,538.4006,396560,396595,35
105,34,while,190,172.78144,497.0079,396661,396828,167
105,34,while,190,173.6293,498.5829,396828,396861,33
105,0,blank,0,135.70478,556.83134,396928,397098,170
105,37,},210,132.64198,552.99498,397098,397267,169
105,37,},210,126.41514,562.88714,397267,397435,168
105,38,pop,211,125.25314,572.2968,397435,397608,173
105,0,blank,0,122.673166666667,569.9181,397608,397711,103
105,34,while,190,128.35194,495.85408,397750,397925,175
105,34,while,190,133.401433333333,500.759033333333,397925,398025,100
105,0,blank,0,151.31912,522.56436,398058,398224,166
105,0,blank,0,159.3825,515.2637,398224,398258,34
105,36,postfix,200,213.07584,527.90592,398293,398462,169
105,36,postfix,200,213.05275,528.234875,398462,398599,137
105,36,++,203,267.33458,532.0355,398633,398802,169
105,36,++,203,266.804833333333,531.0242,398802,398903,101
105,0,blank,0,129.7729,547.806233333333,398937,399038,101
105,37,},210,130.615733333333,554.8243,399072,399172,100
105,37,},210,129.15088,554.34242,399206,399381,175
105,0,blank,0,126.7313,545.2885,399381,399414,33
105,34,while,190,123.35118,495.47426,399448,399618,170
105,34,while,190,124.05028,493.46296,399618,399789,171
105,34,while,190,123.2798,486.241,399789,399822,33
105,34,stack,192,198.868,501.226,399856,399890,34
105,0,blank,0,182.3053,479.4628,399923,399957,34
105,0,blank,0,156.72774,520.52686,400024,400195,171
105,0,blank,0,152.332233333333,516.160733333333,400195,400296,101
105,0,blank,0,107.1335,565.23422,400364,400535,171
105,0,blank,0,106.799033333333,562.1368,400535,400636,101
105,34,while,190,155.00132,493.5,400707,400874,167
105,34,while,190,161.6542,493.720333333333,400874,400973,99
105,36,postfix,200,216.80175,529.5354,401005,401204,199
105,0,blank,0,221.3896,521.1888,401204,401236,32
105,36,postfix,200,172.39735,531.061983333333,401268,401463,195
105,36,],204,279.098733333333,528.874266666667,401495,401692,197
105,36,],204,279.807675,537.44625,401692,401822,130
105,36,postfix,200,210.084483333333,538.69085,401854,402051,197
105,36,postfix,200,204.6107,541.530975,402051,402183,132
105,36,postfix,200,166.868475,540.823025,402216,402349,133
105,36,postfix,200,165.89502,536.81934,402382,402547,165
105,36,++,203,265.827533333333,535.38185,402581,402779,198
105,36,++,203,262.527816666667,541.23575,402779,402976,197
105,36,++,203,265.9866,538.4572,402976,403040,64
105,0,blank,0,235.894616666667,503.244916666667,403072,403268,196
105,0,blank,0,235.6343,502.3303,403268,403333,65
105,34,stack,192,187.270216666667,494.010783333333,403365,403561,196
105,34,stack,192,184.0618,495.8394,403561,403594,33
105,36,postfix,200,194.731316666667,536.359583333333,403659,403858,199
105,36,postfix,200,196.47378,532.43302,403858,404022,164
105,0,blank,0,150.2699,519.253816666667,404087,404283,196
105,34,while,190,124.58,490.2321,404349,404513,164
105,34,stack,192,216.055366666667,491.640166666667,404547,404745,198
105,34,stack,192,217.3193,490.7333,404745,404778,33
105,0,blank,0,284.308266666667,506.2461,404876,404982,106
105,0,blank,0,161.506416666667,533.758783333333,405047,405243,196
105,0,blank,0,163.8434,547.6871,405243,405277,34
105,0,blank,0,160.36745,541.9216,405342,405410,68
105,0,blank,0,109.56764,567.52732,405447,405614,167
105,38,pop,211,140.28982,579.95056,405681,405847,166
105,36,postfix,200,198.4758,529.47156,405881,406048,167
105,36,postfix,200,198.82835,531.87885,406048,406116,68
105,0,blank,0,280.004633333333,549.185666666667,406184,406381,197
105,0,blank,0,279.0112,555.65905,406381,406514,133
105,36,],204,279.77755,545.55525,406547,406615,68
105,36,postfix,200,172.05222,542.70456,406648,406817,169
105,36,postfix,200,173.4666,540.72634,406817,406993,176
105,36,postfix,200,172.82992,542.14062,406993,407164,171
105,36,postfix,200,175.29128,536.58974,407164,407334,170
105,36,postfix,200,168.6007,528.4346,407334,407368,34
105,36,++,203,259.164866666667,531.0902,407402,407601,199
105,36,++,203,256.461266666667,536.1775,407601,407701,100
105,0,blank,0,157.6254,479.1925,407768,407834,66
105,0,blank,0,175.94096,523.072,407867,408040,173
105,0,blank,0,171.114,517.4231,408040,408076,36
105,36,postfix,200,169.46072,528.619,408110,408286,176
105,36,postfix,200,171.1803,525.15895,408286,408421,135
105,0,blank,0,155.282533333333,537.212033333333,408455,408559,104
105,0,blank,0,108.668433333333,637.398266666667,408696,408800,104
105,0,blank,0,291.4469,629.936233333333,408902,409000,98
105,0,blank,0,291.345425,626.165175,409033,409164,131
105,0,blank,0,223.01998,472.52058,409264,409431,167
105,0,blank,0,225.47858,475.6703,409431,409600,169
105,0,blank,0,222.806466666667,475.952933333333,409600,409698,98
105,32,if,183,145.9772,451.89538,409798,409966,168
105,32,if,183,144.5446,441.1146,409966,410000,34
105,32,if,183,145.43836,455.21718,410033,410200,167
105,32,if,183,142.08048,455.393,410200,410367,167
105,32,if,183,144.66332,452.1581,410367,410531,164
105,32,),188,242.017566666667,457.116166666667,410563,410659,96
105,32,),188,237.5883,448.10345,410691,410753,62
105,0,blank,0,183.298733333333,476.092883333333,410815,411008,193
105,0,blank,0,183.8334,474.07835,411008,411203,195
105,0,blank,0,178.589275,474.328375,411203,411335,132
105,0,blank,0,144.80225,479.2011,411401,411467,66
105,40,if,217,135.88026,626.56368,411599,411764,165
105,0,blank,0,277.827433333333,651.00485,411797,411990,193
105,0,blank,0,292.29235,666.633433333333,412022,412216,194
105,42,preced,243,299.2609,667.1936,412216,412249,33
105,42,preced,243,185.61736,657.81924,412281,412448,167
105,42,preced,243,185.149375,658.85925,412448,412581,133
105,0,blank,0,146.35706,645.48248,412613,412781,168
105,40,(,218,167.6027,629.54655,412848,412994,146
105,0,blank,0,280.1876,635.1725,413101,413274,173
105,40,||,230,285.71315,633.402,413274,413345,71
105,40,==,232,204.86086,624.0371,413379,413555,176
105,40,==,232,205.4499,625.96635,413555,413626,71
105,0,blank,0,195.15118,651.33406,413661,413839,178
105,0,blank,0,196.1462,646.506033333333,413839,413946,107
105,42,preced,243,177.549633333333,663.010866666667,413981,414088,107
105,42,preced,243,317.00456,664.08118,414123,414302,179
105,0,blank,0,-323,-105,414337,414475,138
105,42,ch,240,239.79,665.882066666667,414738,414842,104
105,42,ch,240,240.11296,661.67258,414877,415050,173
105,42,ch,240,243.70184,659.65328,415050,415227,177
105,42,ch,240,244.03635,662.0121,415227,415372,145
105,0,blank,0,278.0195,471.10044,415441,415622,181
105,0,blank,0,272.1606,474.7159,415622,415655,33
105,0,blank,0,302.90052,364.55572,415725,415893,168
105,0,blank,0,522.44332,259.97002,415961,416131,170
105,0,blank,0,523.98482,257.78502,416131,416302,171
105,0,blank,0,988.097,138.5635,416403,416440,37
105,0,blank,0,995.631,159.7639,416478,416627,149
105,0,blank,0,1025.3538,165.15742,416698,416871,173
105,0,blank,0,1025.394,163.11052,416871,417043,172
105,0,blank,0,1025.0616,159.42336,417043,417218,175
105,0,blank,0,1018.9864,159.20198,417218,417393,175
105,0,blank,0,1021.3635,155.5217,417393,417463,70
105,0,blank,0,1019.914,157.1694,417498,417533,35
105,0,blank,0,870.301,259.24935,417602,417672,70
105,0,blank,0,866.925,264.0594,417743,417778,35
105,0,blank,0,865.822333333333,259.1555,417814,417920,106
106,42,ch,240,239.87076,103.4569,419495,419662,167
106,42,ch,240,242.326,104.04035,419662,419795,133
106,42,(,244,232.06795,101.0015,420079,420149,70
106,42,preced,243,216.15462,105.65948,420319,420491,172
106,42,preced,243,211.14238,99.33968,420491,420664,173
106,42,preced,243,216.5009,103.9428,420664,420699,35
106,0,blank,0,242.6508,89.542625,420766,420905,139
106,0,blank,0,-323,-105,420940,421116,176
106,0,blank,0,-323,-105,421116,421172,56
106,0,blank,0,160.50816,52.7909,421199,421354,155
106,40,if,217,150.28075,56.1529,421387,421454,67
106,40,==,232,205.03434,58.8813,421518,421685,167
106,0,blank,0,202.9435,52.8084,421685,421719,34
106,40,/,221,245.50542,65.7494,421836,422026,190
106,40,/,221,246.9762,64.42718,422026,422199,173
106,40,/,221,249.8985,62.67355,422199,422266,67
106,40,||,230,289.29592,62.92928,422302,422473,171
106,0,blank,0,296.16452,67.80072,422473,422649,176
106,0,blank,0,295.77725,69.589925,422649,422812,163
106,40,||,230,287.369466666667,66.4106666666667,422812,422936,124
106,0,blank,0,271.525025,71.46825,422980,423135,155
106,0,blank,0,300.104175,68.38485,423208,423378,170
106,0,blank,0,268.9201,65.01922,423415,423607,192
106,0,blank,0,265.059425,57.821875,423607,423767,160
106,0,blank,0,294.434725,58.77935,423802,423968,166
106,0,blank,0,291.924125,56.2753,423968,424135,167
106,0,blank,0,293.042225,60.4362,424135,424286,151
106,40,||,230,284.035225,67.778775,424361,424525,164
106,0,blank,0,284.4733,71.9999,424525,424561,36
106,40,||,230,290.049225,59.981,424603,424761,158
106,40,||,230,288.965025,64.128125,424761,424925,164
106,40,||,230,287.011125,65.008125,424925,425089,164
106,40,||,230,277.87652,62.8477,425089,425281,192
106,40,||,230,281.367,62.83424,425281,425469,188
106,0,blank,0,294.02442,55.5086,425469,425667,198
106,0,blank,0,296.482,59.6515,425667,425835,168
106,40,==,232,349.7791,49.8081,425871,425905,34
106,40,==,232,349.4762,56.5175,425947,426137,190
106,0,blank,0,397.29792,53.0625,426171,426346,175
106,0,blank,0,392.759,51.8668,426346,426381,35
106,40,||,230,418.308475,53.1987,426414,426550,136
106,0,blank,0,529.530533333333,51.1365833333333,426616,426815,199
106,0,blank,0,625.714266666667,51.8475666666667,426915,427016,101
106,0,blank,0,246.388375,93.261875,427083,427234,151
106,42,(,244,231.277675,103.8302,427304,427471,167
106,42,(,244,232.27618,106.03306,427471,427669,198
106,42,(,244,229.805525,100.727375,427669,427833,164
106,42,ch,240,244.5465,103.9214,427833,428021,188
106,42,ch,240,241.89782,107.74036,428021,428202,181
106,42,ch,240,240.368333333333,108.6599,428202,428315,113
106,42,preced,243,338.93152,108.29828,428355,428530,175
106,42,preced,243,340.857833333333,104.70215,428530,428729,199
106,42,preced,243,340.351166666667,108.646533333333,428729,428834,105
106,42,stack,245,397.88216,102.955,428901,429068,167
106,42,stack,245,402.9639,98.9139666666667,429068,429173,105
106,42,top,247,431.61962,100.53162,429240,429406,166
106,42,top,247,435.41065,98.001,429406,429474,68
106,42,stack,245,390.27004,100.32232,429546,429718,172
106,42,>,242,282.84946,105.7232,429751,429925,174
106,0,blank,0,283.3483,115.1821,429925,429960,35
106,42,ch,240,242.2757,109.2539,430000,430186,186
106,42,ch,240,240.08045,105.54,430186,430261,75
106,42,preced,243,296.3653,106.16144,430339,430512,173
106,42,preced,243,296.72932,108.28392,430512,430681,169
106,42,preced,243,298.4747,106.9166,430681,430753,72
106,42,>,242,279.9344,107.76156,430787,430977,190
106,42,>,242,278.2899,107.3409,430977,431013,36
106,42,preced,243,343.22388,97.239,431081,431275,194
106,42,[,246,420.684233333333,99.7709333333333,431381,431488,107
106,0,blank,0,242.53708,146.2974,431556,431735,179
106,44,),255,240.6861,148.6895,431735,431897,162
106,44,),255,238.7895,152.09185,431897,431981,84
106,48,ch,264,310.509775,232.181625,432022,432181,159
106,0,blank,0,325.597966666667,282.768966666667,432251,432366,115
106,50,[,277,280.3811,287.6643,432448,432489,41
106,0,blank,0,417.1328,283.51254,432605,432790,185
106,50,;,285,406.9609,278.1618,432790,432827,37
106,50,++,279,298.372933333333,280.868133333333,432905,433027,122
106,48,(,268,299.023866666667,244.735866666667,433104,433214,110
106,48,(,268,300.2003,241.0581,433214,433317,103
106,48,<=,266,359.0297,240.99,433405,433514,109
106,48,preced,267,392.8639,244.472775,433684,433847,163
106,48,stack,269,453.1228,233.625175,433927,434068,141
106,48,stack,269,455.4328,230.072,434136,434309,173
106,48,stack,269,457.5083,226.871,434309,434344,35
106,48,[,270,496.90174,229.78528,434378,434560,182
106,48,stack,269,492.88172,232.05428,434560,434730,170
106,48,stack,269,490.516925,229.58265,434730,434866,136
106,0,blank,0,536.821125,220.047425,434899,435038,139
106,0,blank,0,377.01226,265.1687,435105,435279,174
106,50,pop,282,379.874475,271.02835,435279,435443,164
106,0,blank,0,373.6427,261.906,435443,435515,72
106,0,blank,0,378.733466666667,263.1654,435552,435666,114
106,0,blank,0,351.459,274.539425,435703,435852,149
106,50,;,285,409.3451,275.72924,435887,436070,183
106,0,blank,0,412.95245,276.24895,436070,436231,161
106,50,;,285,408.938175,283.38035,436231,436389,158
106,50,++,279,309.602125,290.11465,436506,436660,154
106,50,++,279,310.310933333333,286.2615,436660,436795,135
106,0,blank,0,269.545025,256.465125,436835,436995,160
106,0,blank,0,274.1879,261.434,436995,437036,41
106,0,blank,0,420.99312,274.81584,437077,437269,192
106,0,blank,0,427.7839,274.615,437269,437305,36
106,0,blank,0,212.620775,373.612825,437496,437671,175
106,0,blank,0,208.4421,373.5925,437671,437707,36
106,0,blank,0,312.1375,295.6155,437744,437914,170
106,0,blank,0,315.5532,296.04638,437914,438091,177
106,0,blank,0,312.05465,292.7087,438091,438159,68
106,56,0,295,203.01462,408.06806,438373,438554,181
106,50,=,281,337.31216,270.97398,438630,438826,196
106,0,blank,0,336.6723,265.6728,438826,438900,74
106,50,++,279,307.31854,285.6831,438977,439164,187
106,50,++,279,310.41336,281.02344,439164,439362,198
106,50,++,279,311.62605,279.91525,439362,439434,72
106,50,p,278,284.671925,284.083175,439475,439634,159
106,50,[,277,281.3332,282.337166666667,439634,439746,112
106,50,postfix,276,245.058,283.75,439792,439910,118
106,0,blank,0,239.8014,292.06425,439945,440015,70
106,0,blank,0,195.5945,394.61476,440091,440270,179
106,0,blank,0,192.53665,389.50315,440270,440341,71
106,0,blank,0,146.6619,413.8647,440410,440479,69
106,56,=,294,153.14196,422.2504,440515,440692,177
106,0,blank,0,148.242566666667,418.7916,440692,440796,104
106,0,blank,0,204.18744,423.97928,440867,441048,181
106,0,blank,0,205.812925,427.68835,441048,441188,140
106,0,blank,0,204.564633333333,423.716333333333,441221,441325,104
106,57,),302,187.3658,439.41924,441395,441565,170
106,57,),302,188.5491,443.074766666667,441565,441669,104
106,0,blank,0,236.99806,389.94696,441771,441965,194
106,0,blank,0,240.533225,390.8339,441965,442133,168
106,0,blank,0,245.05795,400.8573,442133,442215,82
106,0,blank,0,238.2612,388.564625,442250,442405,155
106,0,blank,0,-323,-105,442514,442698,184
106,0,blank,0,-323,-105,442698,442884,186
106,0,blank,0,-323,-105,442884,443067,183
106,0,blank,0,316.57145,377.23265,443082,443160,78
106,0,blank,0,301.08056,263.41774,443222,443399,177
106,0,blank,0,305.0079,267.2805,443399,443435,36
106,0,blank,0,298.99352,266.68786,443502,443676,174
106,50,++,279,295.1637,270.28996,443676,443853,177
106,0,blank,0,293.29868,268.9373,443853,444031,178
106,50,++,279,295.05224,272.46104,444031,444209,178
