Frameno_fix,lineno_fix,Tokenname_fix,tokens_id,gaze_X_fix,gaze_Y_fix,timestamp_fix_start,timestamp_fix_end,time_duration
100,0,blank,0,162.452166666667,-84.0503,4664,4863,199
100,0,blank,0,163.3287,-83.0235,4863,4896,33
100,0,blank,0,643.59382,14.53148,4960,5124,164
100,0,blank,0,581.38854,-7.43874,5187,5348,161
100,0,blank,0,637.31966,-5.73006,5380,5537,157
100,0,blank,0,243.50785,-24.4172333333333,5631,5826,195
100,0,blank,0,240.6952,-24.7702,5826,5891,65
100,0,blank,0,551.719716666667,-15.6991166666667,5956,6149,193
100,0,blank,0,554.44205,-12.94205,6149,6213,64
100,0,blank,0,406.68765,-25.1261,6310,6375,65
100,0,blank,0,406.28418,-28.097,6407,6569,162
100,0,blank,0,211.46675,-50.1976666666667,6633,6826,193
100,0,blank,0,211.91295,-51.23585,6826,6890,64
100,1,to,8,110.382366666667,17.61305,6922,7111,189
100,1,to,8,107.5925,11.9159,7111,7143,32
100,0,blank,0,189.23906,36.97678,7205,7364,159
100,0,blank,0,219.06595,289.997225,7457,7582,125
100,1,convert,5,156.51076,7.06234,7645,7804,159
100,0,blank,0,147.5837,-13.357,7835,7898,63
100,0,blank,0,253.53958,-9.83362,7961,8122,161
100,0,blank,0,332.3607,-8.85313333333333,8183,8278,95
100,0,blank,0,304.82545,-5.11551666666667,8309,8501,192
100,0,blank,0,303.9284,-4.81288333333334,8501,8697,196
100,0,blank,0,299.506866666667,-8.44696666666666,8697,8790,93
100,0,blank,0,387.49754,-13.33134,8853,9012,159
100,0,blank,0,485.2012,-14.5621833333333,9074,9265,191
100,0,blank,0,578.99332,-17.60424,9328,9486,158
100,0,blank,0,494.257,-21.0153,9517,9549,32
100,0,blank,0,503.4808,-10.0813,9580,9678,98
100,0,blank,0,130.85755,-4.967825,9774,9904,130
100,0,blank,0,129.79725,-13.0828,9969,10033,64
100,0,blank,0,228.19726,-12.5944,10129,10288,159
100,0,blank,0,128.3987,-22.9053,10320,10351,31
100,0,blank,0,124.13592,-18.76094,10415,10572,157
100,0,blank,0,214.81208,-15.71484,10634,10792,158
100,0,blank,0,130.3509,-14.68245,10854,11047,193
100,0,blank,0,129.864166666667,-14.1662666666667,11047,11143,96
100,0,blank,0,224.530766666667,-14.3988666666667,11209,11304,95
100,0,blank,0,310.782666666667,-13.7492833333333,11369,11563,194
100,0,blank,0,300.798075,-12.591075,11563,11691,128
100,0,blank,0,413.601075,-12.797275,11757,11885,128
100,0,blank,0,477.234033333333,-9.2428,11951,12044,93
100,0,blank,0,-323,-105,12107,12191,84
100,9,stack,56,61.1599666666667,192.008966666667,13214,13324,110
100,0,blank,0,200.282016666667,420.557183333333,13449,13640,191
100,20,infix,124,198.2057,431.8108,13640,13671,31
100,0,blank,0,109.9071,379.35214,13735,13895,160
100,9,[,67,107.2215,195.5317,13991,14021,30
100,9,[,67,105.6433,184.908,14083,14114,31
100,9,stack,56,103.3158,192.5489,14145,14176,31
100,0,blank,0,107.066616666667,-25.5760833333333,14268,14458,190
100,0,blank,0,36.58618,-9.78772,14521,14679,158
100,0,blank,0,128.42705,-6.33525,14741,14870,129
100,0,blank,0,224.447,-12.9288333333333,14934,15033,99
100,0,blank,0,-323,-105,15065,15200,135
100,0,blank,0,216.7437,-16.6954,15370,15392,22
100,2,<,15,89.9168,26.0644,15427,15559,132
100,0,blank,0,201.840516666667,-13.21335,15721,15916,195
100,0,blank,0,202.0284,-18.1649,15916,15946,30
100,0,blank,0,269.1189,-12.8756833333333,16011,16200,189
100,0,blank,0,263.8118,-7.9063,16200,16232,32
100,0,blank,0,366.012983333333,-19.3452833333333,16295,16483,188
100,0,blank,0,360.0621,-14.0241,16483,16514,31
100,0,blank,0,414.40078,-17.89674,16577,16735,158
100,0,blank,0,273.26375,-16.6355833333333,16796,16994,198
100,0,blank,0,270.8661,-7.9229,16994,17059,65
100,0,blank,0,390.568516666667,-15.5324333333333,17126,17316,190
100,0,blank,0,390.0043,-10.2156,17316,17347,31
100,0,blank,0,490.86614,-28.01842,17379,17534,155
100,5,SIZE,36,91.9287333333333,107.76085,17601,17788,187
100,5,SIZE,36,86.4667,103.3041,17788,17853,65
100,4,include,28,81.58856,85.24416,17914,18069,155
100,0,blank,0,218.272216666667,170.568933333333,18099,18290,191
100,0,blank,0,213.3521,179.2546,18290,18322,32
100,0,blank,0,176.902,199.6849,18384,18416,32
100,9,stack,56,60.8428666666667,189.3902,18540,18724,184
100,0,blank,0,238.222,383.4598,18815,18846,31
100,0,blank,0,223.78505,395.06785,18937,18998,61
100,0,blank,0,-323,-105,19061,19241,180
100,1,convert,5,149.5727,20.5813,19276,19297,21
100,2,.,17,150.9479,31.092,19356,19387,31
100,0,blank,0,184.59565,-9.9458,19449,19637,188
100,0,blank,0,183.838533333333,-1.5014,19637,19731,94
100,0,blank,0,273.40232,-4.23586,19795,19958,163
100,0,blank,0,388.34915,-11.6345833333333,20022,20212,190
100,0,blank,0,745.450666666667,25.2380333333333,20310,20405,95
100,0,blank,0,513.4546,-7.272275,20502,20630,128
100,0,blank,0,405.048866666667,-7.64143333333334,20691,20882,191
100,0,blank,0,321.513716666667,-8.30396666666667,20945,21136,191
100,0,blank,0,325.7755,-5.2797,21136,21199,63
100,2,<,15,88.54375,27.6093666666667,21262,21452,190
100,2,include,14,80.8338,36.3064,21452,21485,33
100,8,char,52,114.701675,166.208125,21580,21750,170
100,9,stack,56,61.436,199.6223,21869,21981,112
100,0,blank,0,45.47905,-22.1966166666667,22121,22304,183
100,0,blank,0,46.2317,-14.1455333333333,22304,22489,185
100,0,blank,0,129.8998,-0.938400000000001,22552,22585,33
100,0,blank,0,125.12605,-9.539,22616,22678,62
100,0,blank,0,26.1622333333333,-7.0982,22740,22926,186
100,0,blank,0,25.26845,-4.03113333333333,22926,23114,188
100,0,blank,0,27.822025,-2.6788,23114,23238,124
100,0,blank,0,39.49728,-5.48016,23269,23427,158
100,0,blank,0,143.662583333333,-8.98958333333334,23488,23679,191
100,0,blank,0,220.23378,-13.95184,23711,23867,156
100,0,blank,0,220.17078,-8.11258,23899,24054,155
100,0,blank,0,302.54088,-11.41548,24085,24243,158
100,0,blank,0,396.6399,-8.59146666666667,24306,24492,186
100,0,blank,0,392.5553,-8.6892,24492,24586,94
100,2,stdio,16,138.7339,40.5753833333333,24680,24869,189
100,4,<,29,85.6915666666667,73.9966833333333,24931,25121,190
100,4,<,29,89.2202,76.39975,25121,25185,64
100,2,stdio,16,101.87495,33.19175,25216,25408,192
100,0,blank,0,99.6352666666667,18.5735833333333,25440,25627,187
100,0,blank,0,97.89465,17.81695,25627,25752,125
100,0,blank,0,-323,-105,25784,25891,107
100,1,to,8,115.502416666667,15.7775666666667,26056,26237,181
100,1,to,8,114.4922,19.43655,26237,26433,196
100,1,to,8,114.11344,17.13868,26433,26596,163
100,0,blank,0,133.32136,67.0886,26628,26789,161
100,0,blank,0,130.041366666667,42.5075333333333,26820,27007,187
100,0,blank,0,131.590816666667,45.7348833333333,27007,27197,190
100,3,stdlib,23,110.63645,53.7202666666667,27229,27419,190
100,3,stdlib,23,110.843833333333,52.55045,27419,27613,194
100,3,stdlib,23,103.267783333333,63.4705666666667,27645,27839,194
100,4,ctype,30,104.69675,70.60395,27839,27904,65
100,1,Program,3,93.69936,18.84732,27970,28130,160
100,0,blank,0,119.2293,-10.628175,28163,28295,132
100,0,blank,0,229.738525,-10.84065,28360,28491,131
100,0,blank,0,202.5977,-2.4776,28558,28655,97
100,0,blank,0,293.631266666667,-6.47946666666667,28720,28822,102
100,0,blank,0,-323,-105,28856,29016,160
100,0,blank,0,-323,-105,29016,29163,147
100,0,blank,0,400.9374,27.70758,29351,29510,159
100,0,blank,0,251.05918,152.4394,29543,29715,172
100,0,blank,0,249.64935,154.918625,29715,29847,132
100,0,blank,0,249.6088,74.90015,29880,29947,67
100,8,preced,50,83.6028333333333,175.85245,30012,30203,191
100,0,blank,0,305.011,-24.48525,30299,30434,135
100,0,blank,0,256.717,-9.9479,30500,30628,128
100,0,blank,0,371.4037,-8.29083333333333,30693,30792,99
100,0,blank,0,367.84895,-11.5554,30824,30890,66
100,0,blank,0,476.21072,-12.56014,30955,31121,166
100,8,preced,50,81.65512,171.24952,31220,31382,162
100,0,blank,0,424.3711,-2.4377,31448,31582,134
100,0,blank,0,394.1346,-6.52135,31612,31743,131
100,0,blank,0,497.1398,-14.6502666666667,31776,31970,194
100,0,blank,0,496.01355,-13.2694,31970,32034,64
100,9,stack,56,65.5117166666667,195.405683333333,32133,32332,199
100,9,stack,56,68.14155,194.6432,32332,32397,65
100,9,postfix,61,204.8308,195.44405,32463,32528,65
100,9,postfix,61,207.7146,195.14255,32560,32692,132
100,9,comma,65,316.807383333333,183.265116666667,32727,32917,190
100,0,blank,0,313.924466666667,184.1959,32917,33013,96
100,9,stack,56,93.3019,189.31464,33078,33238,160
100,9,stack,56,67.0731666666667,192.6714,33302,33400,98
100,0,blank,0,284.6663,178.9633,33564,33597,33
100,9,comma,65,317.292133333333,188.2146,33629,33820,191
100,0,blank,0,322.4666,190.7411,33820,33852,32
100,0,blank,0,178.924733333333,183.594366666667,33917,34014,97
100,1,Program,3,30.44318,10.71636,34080,34247,167
100,0,blank,0,55.4905666666667,2.27696666666667,34314,34413,99
100,1,convert,5,140.61115,8.863,34481,34610,129
100,4,ctype,30,93.949675,84.410125,34642,34770,128
100,0,blank,0,-323,-105,34834,34970,136
100,0,blank,0,95.6146,215.5437,35109,35135,26
100,9,stack,56,59.1962333333333,189.151333333333,35206,35308,102
100,9,postfix,61,198.3789,193.2737,35377,35409,32
100,9,postfix,61,200.623666666667,185.4077,35444,35543,99
100,9,postfix,61,189.870233333333,191.601216666667,35576,35769,193
100,0,blank,0,181.2957,188.482,35769,35800,31
100,9,comma,65,320.751133333333,184.913616666667,35863,36053,190
100,9,comma,65,317.0117,185.823825,36053,36176,123
100,15,i,103,88.1063166666667,322.894183333333,36241,36433,192
100,15,i,103,89.7874,325.95225,36433,36496,63
100,0,blank,0,54.28515,259.3662,36594,36662,68
100,0,blank,0,56.6008,257.3382,36692,36723,31
100,10,top,72,59.3587,209.9787,36790,36853,63
100,0,blank,0,138.69645,-19.407975,36949,37078,129
100,0,blank,0,236.90975,-11.73055,37144,37335,191
100,0,blank,0,223.2687,-5.97576666666666,37335,37433,98
100,0,blank,0,363.85842,-10.55276,37499,37660,161
100,0,blank,0,440.3627,-11.5077,37724,37757,33
100,9,stack,56,57.43275,198.38485,37822,38012,190
100,10,top,72,57.95328,205.84524,38012,38170,158
100,9,stack,56,55.0903,195.62015,38201,38264,63
100,0,blank,0,96.49195,204.17635,38329,38458,129
100,6,push,39,66.9866166666667,129.026116666667,38520,38711,191
100,6,push,39,65.1124833333333,126.182216666667,38742,38930,188
100,6,push,39,60.1948,128.0917,38930,38963,33
100,0,blank,0,103.474666666667,109.179133333333,39061,39251,190
100,5,SIZE,36,98.23835,104.1935,39251,39312,61
100,6,push,39,69.8247,117.5332,39344,39374,30
100,6,push,39,68.7835333333333,127.96805,39406,39599,193
100,6,push,39,65.4966333333333,130.383666666667,39599,39695,96
100,8,preced,50,65.0157166666667,171.957066666667,39727,39914,187
100,8,preced,50,75.5706,167.6215,39949,39978,29
100,8,preced,50,97.45695,171.94585,40072,40135,63
100,8,char,52,115.68285,174.815675,40165,40291,126
100,0,blank,0,-323,-105,40321,40482,161
100,0,blank,0,55.4555,345.8968,40506,40532,26
100,15,for,93,57.1770666666667,314.766,40556,40659,103
100,14,int,84,70.78402,300.0504,40693,40867,174
100,11,main,77,53.5324,243.18455,40938,41004,66
100,11,main,77,54.1582333333333,242.716233333333,41037,41134,97
100,14,comma,88,94.8306666666667,304.4415,41165,41359,194
100,14,i,85,92.7552666666667,305.217266666667,41359,41457,98
100,15,(,94,75.04716,312.74022,41492,41660,168
100,15,;,102,121.67012,316.63582,41697,41865,168
100,15,;,102,121.2491,319.673266666667,41865,41967,102
100,0,blank,0,134.0388,335.1693,41999,42084,85
100,0,blank,0,109.5894,309.395,42399,42570,171
100,0,blank,0,107.96718,306.98858,42570,42742,172
100,0,blank,0,128.628883333333,320.487733333333,42742,42941,199
100,0,blank,0,130.5514,329.9673,42941,42976,35
100,15,<,100,151.67282,315.0256,43044,43211,167
100,0,blank,0,91.04255,337.2091,43275,43340,65
100,0,blank,0,94.2251333333333,335.98785,43373,43572,199
100,0,blank,0,94.85245,343.2826,43572,43637,65
100,0,blank,0,123.0074,334.040833333333,43736,43934,198
100,15,SIZE,101,158.357816666667,331.806833333333,43966,44165,199
100,0,blank,0,197.99915,336.30355,44230,44295,65
100,0,blank,0,198.0447,336.65885,44363,44429,66
100,17,stack,107,110.884833333333,374.9452,44528,44623,95
100,0,blank,0,105.2637,378.8191,44655,44850,195
100,17,stack,107,95.2211,367.3902,44850,44881,31
100,0,blank,0,170.6219,375.4687,44979,45174,195
100,19,(,116,107.5379,409.6297,45205,45270,65
100,0,blank,0,113.15825,412.5148,45334,45399,65
100,20,infix,124,154.741,429.5475,45431,45463,32
100,0,blank,0,158.389966666667,420.891533333333,45496,45593,97
100,19,"\nEnteraninfixexpression:",117,252.5663,408.147,45660,45691,31
100,0,blank,0,253.674133333333,423.908133333333,45788,45888,100
100,20,infix,124,190.2977,428.292966666667,45954,46052,98
100,21,0,138,104.97115,444.46105,46116,46180,64
100,0,blank,0,103.9084,428.82965,46277,46341,64
100,0,blank,0,131.882866666667,453.5985,46439,46539,100
100,21,infix,133,154.9781,443.4232,46605,46672,67
100,0,blank,0,94.3358,467.3082,46737,46770,33
100,21,=,130,94.94675,454.805525,46802,46933,131
100,0,blank,0,-323,-105,46999,47184,185
100,0,blank,0,-323,-105,47184,47216,32
100,21,infix,133,157.293,455.4753,47434,47467,33
100,0,blank,0,155.9767,479.1462,47502,47536,34
100,21,infix,133,166.4478,458.1889,47574,47606,32
100,0,blank,0,155.7256,468.5152,47643,47677,34
100,21,!=,137,233.7654,455.1334,47744,47778,34
100,0,blank,0,224.051533333333,468.890333333333,47811,47911,100
100,0,blank,0,188.828266666667,464.575416666667,47979,48177,198
100,0,blank,0,218.8398,466.88456,48245,48416,171
100,0,blank,0,210.52475,471.4293,48449,48517,68
100,0,blank,0,11.527425,464.8283,48616,48749,133
100,0,blank,0,148.67065,465.8767,48885,48951,66
100,0,blank,0,-184.3774,449.01685,49056,49122,66
100,0,blank,0,-188.8668,440.1076,49155,49251,96
100,21,infix,133,135.544433333333,455.371,49352,49551,199
100,21,infix,133,141.4324,453.17625,49551,49621,70
100,21,infix,133,165.92005,461.947625,49656,49791,135
100,0,blank,0,162.24884,470.9213,49823,49993,170
100,0,blank,0,139.7461,469.4905,50026,50061,35
100,0,blank,0,143.1529,468.12155,50094,50163,69
100,0,blank,0,142.81225,464.35585,50231,50297,66
100,21,],136,210.92134,463.296,50367,50536,169
100,0,blank,0,212.01005,460.7731,50536,50605,69
100,0,blank,0,151.38658,476.22932,50672,50843,171
100,0,blank,0,147.40662,473.05754,50843,51016,173
100,0,blank,0,154.7856,487.457,51016,51050,34
100,0,blank,0,-323,-105,51084,51245,161
100,20,comma,123,150.5268,440.4132,51357,51383,26
100,0,blank,0,107.9758,468.7369,51548,51617,69
100,0,blank,0,110.183366666667,473.287566666667,51651,51755,104
100,0,blank,0,156.1209,465.0259,51824,51857,33
100,0,blank,0,150.9548,469.5977,51924,51958,34
100,21,infix,133,158.0837,458.4507,52059,52092,33
100,21,infix,133,152.561275,458.762525,52160,52292,132
100,21,infix,133,142.9225,458.51185,52362,52429,67
100,0,blank,0,194.1648,471.3723,52497,52564,67
100,0,blank,0,189.72632,467.00006,52629,52796,167
100,0,blank,0,128.89924,462.18548,52830,53005,175
100,0,blank,0,125.6468,470.01,53005,53041,36
100,0,blank,0,96.85036,467.49434,53219,53394,175
100,0,blank,0,98.44244,471.6354,53394,53568,174
100,21,infix,133,143.806625,462.60145,53674,53811,137
100,21,infix,133,142.2426,461.0308,53881,53916,35
100,0,blank,0,89.38686,474.80778,53986,54163,177
100,0,blank,0,83.1306333333333,475.126966666667,54163,54272,109
100,0,blank,0,99.62488,478.32546,54342,54523,181
100,0,blank,0,101.690866666667,476.9874,54523,54626,103
100,0,blank,0,101.4055,469.90665,54698,54769,71
100,0,blank,0,-323,-105,54804,54942,138
100,0,blank,0,126.0289,464.109633333333,55063,55153,90
100,21,infix,133,163.9174,461.6135,55252,55322,70
100,21,!=,137,228.8495,461.060033333333,55387,55486,99
100,21,!=,137,229.704766666667,455.330633333333,55553,55655,102
100,0,blank,0,237.0117,442.6396,55690,55724,34
100,0,blank,0,167.13374,476.0662,55760,55917,157
100,21,],136,204.431,451.0683,55981,56012,31
100,21,!=,137,242.2982,462.6326,56178,56208,30
100,0,blank,0,245.95495,454.2527,56241,56305,64
100,21,!=,137,233.6308,449.2419,56337,56370,33
100,21,!=,137,235.85805,448.10925,56403,56469,66
100,0,blank,0,235.2835,467.4424,56502,56533,31
100,21,0,138,264.3249,450.969433333333,56565,56762,197
100,21,0,138,262.6953,455.5559,56796,56828,32
100,23,infix,146,137.1825,492.645633333333,56893,56990,97
100,23,infix,146,135.8327,490.2052,57023,57090,67
100,0,blank,0,3.47980000000001,526.52565,57157,57226,69
100,0,blank,0,4.422375,701.21215,57357,57485,128
100,0,blank,0,934.677,207.0526,57581,57613,32
100,0,blank,0,1006.4935,218.5701,57648,57782,134
100,0,blank,0,1041.7625,174.772625,57844,57972,128
100,0,blank,0,250.514966666667,528.191966666667,58069,58168,99
100,0,blank,0,252.9683,528.6036,58237,58271,34
100,0,blank,0,254.294,490.5389,58339,58373,34
100,0,blank,0,258.9645,470.5201,58405,58439,34
100,0,blank,0,251.4489,452.1859,58473,58506,33
100,0,blank,0,261.2903,430.4207,58538,58571,33
100,0,blank,0,257.1453,385.8468,58637,58672,35
100,0,blank,0,252.09295,362.1343,58705,58771,66
100,0,blank,0,245.8309,347.1588,58807,58843,36
100,21,(,128,79.424225,455.153325,58979,59115,136
100,0,blank,0,75.75038,676.88864,59149,59321,172
100,0,blank,0,991.352,671.53882,59457,59618,161
100,0,blank,0,991.978,670.1257,59650,59682,32
100,0,blank,0,1031.378,263.1894,59777,59812,35
101,0,blank,0,1036.86766666667,273.874233333333,59877,59974,97
101,95,==,452,163.810933333333,642.949733333333,60106,60212,106
101,0,blank,0,93.2538,695.11846,60278,60452,174
101,0,blank,0,102.2275,700.548,60452,60484,32
101,0,blank,0,1047.3465,561.605775,60617,60743,126
101,0,blank,0,1037.4915,601.458033333333,60807,61001,194
101,0,blank,0,1035.17833333333,599.336483333333,61001,61196,195
101,0,blank,0,1037.106,605.7133,61196,61229,33
101,0,blank,0,1040.259,365.72996,61293,61456,163
101,0,blank,0,163.48734,193.5014,61589,61753,164
101,0,blank,0,90.3117666666667,218.102966666667,61820,61916,96
101,0,blank,0,187.367333333333,504.980066666667,62014,62112,98
101,0,blank,0,192.3034,510.5811,62143,62175,32
101,0,blank,0,143.554,544.8551,62239,62270,31
101,0,blank,0,139.4271,540.8275,62335,62400,65
101,0,blank,0,767.651,744.487175,62835,62987,152
101,0,blank,0,764.837,747.0096,63021,63057,36
101,0,blank,0,1032.137,660.048,63128,63162,34
101,0,blank,0,1047.978,658.247966666667,63195,63298,103
101,0,blank,0,1023.06975,653.0272,63331,63466,135
101,0,blank,0,982.052,262.598175,63598,63726,128
101,0,blank,0,1037.736,364.5107,63757,63887,130
101,0,blank,0,1038.05933333333,356.78675,63920,64115,195
101,0,blank,0,1033.922,357.548666666667,64115,64212,97
101,0,blank,0,1032.9595,111.384883333333,64275,64471,196
101,0,blank,0,1032.54683333333,113.376733333333,64471,64665,194
101,0,blank,0,1028.2564,118.85294,64665,64828,163
101,0,blank,0,298.6987,171.1169,64926,65048,122
101,0,blank,0,139.72675,232.574133333333,65115,65309,194
101,0,blank,0,1054.584,512.55325,65498,65564,66
101,0,blank,0,1030.6682,627.40388,65627,65784,157
101,0,blank,0,1033.911,625.2296,65817,65848,31
101,0,blank,0,186.876275,509.119,65976,66104,128
101,89,preced,411,93.0652,529.41015,66203,66334,131
101,89,preced,411,94.782,524.5483,66400,66432,32
101,95,/,449,194.5697,660.7597,66497,66528,31
101,0,blank,0,-323,-105,66561,66670,109
101,0,blank,0,673.1014,-103.8968,66696,66722,26
101,0,blank,0,1003.628,596.9651,66830,66864,34
101,0,blank,0,1031.647,439.6848,67118,67210,92
102,0,blank,0,1036.31133333333,347.3017,67727,67869,142
102,0,blank,0,1035.7375,352.72415,67903,67969,66
102,0,blank,0,1038.4788,98.69576,68036,68198,162
103,0,blank,0,1024.55283333333,-30.02525,69353,69550,197
103,0,blank,0,1028.737,-25.0137,69550,69616,66
103,9,[,67,458.08505,13.9272,69752,69818,66
103,9,[,67,462.759233333333,12.9213,69851,69953,102
103,9,SIZE,68,645.8557,5.5462,70018,70181,163
103,0,blank,0,1032.94083333333,153.113233333333,70277,70475,198
103,0,blank,0,1032.871,148.5916,70475,70509,34
103,0,blank,0,1031.533,133.6028,70685,70713,28
103,0,blank,0,1030.557,129.181533333333,70745,70941,196
103,0,blank,0,218.3924,389.7329,71103,71201,98
103,0,blank,0,-323,-105,71233,71422,189
103,0,blank,0,263.5175,690.7441,71573,71587,14
103,0,blank,0,126.7673,91.2199,71655,71687,32
103,17,stack,107,123.6781,95.15195,71752,71819,67
103,0,blank,0,-323,-105,71850,71960,110
103,19,printf,115,160.4117,134.9908,72071,72096,25
103,0,blank,0,400.456733333333,775.2469,72226,72318,92
103,0,blank,0,220.50272,380.9022,72413,72577,164
103,0,blank,0,-323,-105,72613,72788,175
103,0,blank,0,-323,-105,72788,72816,28
103,0,blank,0,220.8336,397.6511,72912,72945,33
103,32,if,183,217.1207,412.003,73008,73108,100
103,0,blank,0,267.807475,620.5275,73272,73404,132
103,0,blank,0,979.697833333334,190.1312,73501,73696,195
103,0,blank,0,980.869,199.8734,73696,73727,31
103,0,blank,0,1000.26966666667,151.8173,73789,73885,96
103,9,SIZE,68,620.16518,23.29072,73982,74143,161
103,0,blank,0,198.128075,225.704275,74240,74372,132
103,0,blank,0,223.67845,420.057916666667,74436,74628,192
103,32,if,183,221.429175,418.12845,74628,74753,125
103,0,blank,0,355.1831,209.302025,74818,74944,126
103,21,=,130,382.958775,182.27315,74978,75103,125
103,0,blank,0,179.1975,172.7185,75194,75225,31
103,0,blank,0,171.850075,177.821775,75287,75417,130
103,0,blank,0,203.847783333333,381.393883333333,75479,75672,193
103,0,blank,0,209.9952,387.2696,75672,75706,34
103,0,blank,0,260.3121,476.3286,75769,75932,163
103,0,blank,0,215.793316666667,592.277216666667,76030,76223,193
103,0,blank,0,216.2349,601.4995,76223,76259,36
103,0,blank,0,184.4894,498.3663,76388,76422,34
103,0,blank,0,189.96525,502.2423,76456,76584,128
103,0,blank,0,230.796316666667,398.265983333333,76649,76836,187
103,0,blank,0,136.86675,253.59005,76899,77027,128
103,0,blank,0,140.807,251.4937,77059,77091,32
103,0,blank,0,141.185,228.372033333333,77122,77317,195
103,0,blank,0,152.176116666667,274.273,77348,77545,197
103,28,(,173,321.72448,397.4619,77673,77832,159
103,0,blank,0,1033.1675,145.5878,77927,78121,194
103,0,blank,0,1033.7315,149.340716666667,78121,78311,190
103,0,blank,0,1033.9015,150.27285,78311,78374,63
103,26,postfix,159,134.164825,317.9591,78529,78660,131
103,24,isalnum,153,164.568233333333,293.492066666667,78728,78919,191
103,0,blank,0,161.403166666667,288.410366666667,78919,79014,95
103,32,else,182,212.52175,406.0673,79139,79202,63
103,28,(,173,305.79672,400.9902,79328,79482,154
103,0,blank,0,1044.4305,210.3118,79610,79733,123
103,32,else,182,213.7693,410.89485,79826,79886,60
103,32,if,183,217.3031,413.5509,79916,80039,123
103,28,(,173,244.8457,402.1461,80071,80102,31
103,28,(,173,253.8127,411.5949,80133,80198,65
103,28,(,173,331.7438,410.34055,80259,80321,62
104,0,blank,0,332.913666666667,347.1593,80475,80567,92
104,5,SIZE,36,334.092425,99.788225,80660,80786,126
104,6,void,38,364.148125,87.5463,80819,80944,125
104,4,.,31,177.661933333333,87.8724666666667,81038,81132,94
104,0,blank,0,196.0101,75.20445,81227,81354,127
104,0,blank,0,263.853166666667,79.0167333333333,81448,81546,98
104,5,SIZE,36,310.116733333333,86.1233333333333,81577,81670,93
104,9,char,55,221.61615,125.408175,81734,81859,125
104,8,int,49,221.7353,121.1904,81922,81954,32
104,9,stack,56,261.0435,139.8851,82020,82048,28
104,9,stack,56,251.44615,130.24045,82080,82143,63
104,9,stack,56,253.02165,142.0406,82175,82237,62
104,9,SIZE,68,324.2195,137.1113,82300,82488,188
105,21,i,140,320.3137,144.3092,82550,82581,31
105,0,blank,0,362.87666,137.97326,82644,82799,155
105,0,blank,0,276.8316,149.7084,82849,82929,80
105,0,blank,0,249.660616666667,340.969566666667,83408,83607,199
105,32,==,186,222.61368,368.43708,83671,83838,167
105,0,blank,0,225.4324,373.7311,83838,83871,33
105,0,blank,0,244.067933333333,184.180066666667,83972,84165,193
105,0,blank,0,230.633125,184.6001,84230,84359,129
105,24,ch,155,222.2607,203.2041,84392,84457,65
105,24,ch,155,216.5662,208.144,84490,84523,33
105,0,blank,0,228.8043,227.2632,84555,84588,33
105,0,blank,0,253.7477,208.42295,84622,84688,66
105,0,blank,0,249.557933333333,215.8906,84720,84816,96
105,0,blank,0,234.85565,217.82755,84912,84975,63
105,0,blank,0,262.03275,213.66595,85038,85102,64
105,0,blank,0,265.58276,204.43166,85134,85290,156
105,0,blank,0,240.03675,214.30785,85416,85478,62
105,0,blank,0,-323,-105,85511,85671,160
105,0,blank,0,278.2822,227.7862,85856,85881,25
105,0,blank,0,283.216583333333,215.714116666667,85912,86109,197
105,0,blank,0,280.0861,211.2194,86109,86141,32
105,0,blank,0,248.1636,222.13825,86208,86272,64
105,0,blank,0,244.4006,215.6602,86338,86370,32
105,0,blank,0,234.56804,260.58332,86436,86595,159
105,0,blank,0,270.815166666667,254.5744,86626,86720,94
105,0,blank,0,302.58675,259.31785,86970,87034,64
105,26,ch,165,291.3301,255.7104,87066,87098,32
105,0,blank,0,286.4915,259.632,87161,87192,31
105,0,blank,0,341.0534,257.65715,87222,87287,65
105,0,blank,0,335.1201,260.0978,87318,87350,32
105,0,blank,0,334.996933333333,255.284033333333,87380,87477,97
105,0,blank,0,270.428,267.3196,87571,87602,31
105,28,(,173,258.194833333333,286.1263,87632,87823,191
105,28,(,173,254.5648,294.8447,87823,87920,97
105,0,blank,0,204.774125,301.48655,88017,88145,128
105,28,(,173,250.574933333333,299.056566666667,88177,88272,95
105,0,blank,0,256.0933,310.2618,88305,88336,31
105,0,blank,0,308.0169,305.32915,88401,88467,66
105,0,blank,0,303.15005,306.685116666667,88497,88685,188
105,0,blank,0,316.169525,294.927725,88750,88878,128
105,0,blank,0,310.2128,308.5719,88910,88942,32
105,0,blank,0,301.4912,309.27585,88974,89038,64
105,32,),188,270.91735,382.69725,89227,89290,63
105,32,),188,267.622133333333,384.236133333333,89322,89417,95
105,0,blank,0,255.0735,364.97525,89480,89604,124
105,0,blank,0,243.5834,341.8374,89635,89666,31
105,0,blank,0,258.423,356.9776,89698,89730,32
105,0,blank,0,251.61326,353.17548,89762,89919,157
105,0,blank,0,261.664583333333,399.28405,89950,90138,188
105,34,top,194,268.1151,411.4585,90138,90170,32
105,0,blank,0,284.499,399.3937,90232,90262,30
105,0,blank,0,297.39185,408.17495,90295,90360,65
105,0,blank,0,294.3295,434.156266666667,90392,90487,95
105,0,blank,0,335.4181,439.0084,90617,90648,31
105,0,blank,0,342.5363,436.10725,90679,90744,65
105,0,blank,0,390.0091,417.555,90775,90837,62
105,0,blank,0,366.7072,419.0275,90930,90961,31
105,34,(,197,326.99216,422.78506,91179,91333,154
105,0,blank,0,324.6152,428.4202,91363,91394,31
105,0,blank,0,326.4827,433.8257,91427,91457,30
105,0,blank,0,366.43475,437.46145,91553,91619,66
105,0,blank,0,396.6287,424.1933,91842,91873,31
105,0,blank,0,399.7931,431.2558,91934,91968,34
105,36,++,203,270.9713,462.5482,92088,92120,32
105,0,blank,0,280.0687,477.8765,92184,92216,32
105,36,=,205,303.4681,471.5292,92248,92343,95
105,36,=,205,300.19845,461.891,92374,92437,63
105,0,blank,0,380.25035,471.70495,92532,92593,61
105,0,blank,0,1000.354,274.7981,92811,92842,31
105,0,blank,0,1018.378,279.6849,92935,92969,34
105,34,(,197,337.566683333333,431.362183333333,93121,93306,185
105,0,blank,0,342.65385,441.7772,93306,93368,62
105,0,blank,0,271.08535,508.8962,93429,93493,64
105,0,blank,0,292.1755,514.3732,93525,93555,30
105,0,blank,0,326.01445,554.94635,93588,93649,61
105,0,blank,0,427.9559,522.7563,93907,93938,31
105,0,blank,0,398.18365,541.3927,94030,94090,60
105,40,ch,231,438.6143,546.7422,94120,94150,30
105,0,blank,0,219.966433333333,531.910966666667,94247,94341,94
105,0,blank,0,222.1703,536.0234,94371,94403,32
105,0,blank,0,242.0731,515.3167,94524,94555,31
105,0,blank,0,240.14675,525.1576,94617,94741,124
105,0,blank,0,-323,-105,94865,95049,184
105,0,blank,0,-323,-105,95049,95198,149
105,0,blank,0,-323,-105,95198,95291,93
105,0,blank,0,312.669,576.278,95406,95438,32
105,0,blank,0,550.7883,525.0728,95810,95840,30
105,40,||,230,550.7656,552.0291,96058,96091,33
105,0,blank,0,648.8472,520.0396,96122,96156,34
105,0,blank,0,1036.5995,298.98005,96388,96452,64
105,0,blank,0,1041.1965,302.5922,96484,96547,63
105,40,==,232,347.5556,555.71655,96764,96826,62
105,0,blank,0,270.5283,612.6536,97080,97111,31
105,0,blank,0,262.7379,607.9703,97143,97174,31
105,0,blank,0,266.6964,629.9856,97235,97265,30
106,48,preced,267,281.0196,327.2905,97633,97663,30
106,58,],307,195.53945,544.2734,97848,97911,63
106,0,blank,0,212.1641,555.5808,97975,98039,64
106,58,],307,198.868975,551.44855,98135,98263,128
106,0,blank,0,228.7124,527.99195,98295,98359,64
106,0,blank,0,377.7651,562.238,98513,98573,60
106,0,blank,0,306.2081,587.2502,98703,98765,62
106,59,"\nThepostfixexpressionis:%s\n",315,233.6683,576.4802,98890,98921,31
106,59,"\nThepostfixexpressionis:%s\n",315,242.5365,579.1008,98984,99016,32
106,0,blank,0,412.8127,608.5651,99416,99448,32
106,0,blank,0,462.8359,542.7125,99636,99664,28
106,0,blank,0,529.963,560.0376,99919,99949,30
106,0,blank,0,450.2493,550.6,100106,100141,35
106,0,blank,0,185.334466666667,630.2058,100293,100480,187
106,0,blank,0,173.6474,616.563666666667,100541,100635,94
106,0,blank,0,1012.608,354.6703,100763,100794,31
106,0,blank,0,1017.78,352.010566666667,100917,101011,94
106,0,blank,0,1014.193,364.839725,101043,101167,124
106,0,blank,0,185.411925,615.897375,101290,101418,128
106,0,blank,0,205.1876,651.8493,101449,101482,33
106,0,blank,0,191.734566666667,647.665066666667,101513,101706,193
107,0,blank,0,210.392166666667,428.7165,102386,102481,95
107,0,blank,0,148.344566666667,495.711733333333,102544,102737,193
107,0,blank,0,146.4066,495.159,102771,102803,32
107,0,blank,0,1033.07033333333,430.485666666667,103024,103117,93
107,0,blank,0,1036.555,436.4393,103178,103215,37
107,60,0,321,122.58,174.6656,103385,103493,108
107,0,blank,0,141.4572,170.9026,103594,103649,55
107,0,blank,0,189.857,489.5217,103779,103812,33
108,0,blank,0,187.2223,388.917033333333,104098,104193,95
108,0,blank,0,163.99305,510.692,104258,104324,66
108,0,blank,0,161.995533333333,525.142833333333,104357,104454,97
108,0,blank,0,1035.291,560.0864,104582,104614,32
108,0,blank,0,1030.733,570.518,104646,104677,31
108,0,blank,0,1022.7442,558.2985,104898,105053,155
108,93,ch,437,280.975616666667,613.771233333333,105119,105312,193
108,93,ch,437,272.9455,605.3772,105344,105376,32
108,0,blank,0,226.98305,576.4398,105533,105595,62
109,0,blank,0,219.3041,586.3118,105716,105747,31
109,0,blank,0,184.2631,587.5213,105869,105928,59
109,0,blank,0,207.84055,548.6588,106051,106111,60
109,0,blank,0,217.306966666667,552.9052,106172,106264,92
109,0,blank,0,234.7416,606.3582,106385,106447,62
109,0,blank,0,294.674,589.6105,106570,106604,34
109,91,),426,296.1706,566.6024,106757,106787,30
109,0,blank,0,302.5577,571.0599,106818,106851,33
109,0,blank,0,230.04604,600.68748,106945,107107,162
109,93,+,435,219.465466666667,598.572533333333,107176,107279,103
109,93,+,435,200.3079,617.7662,107346,107380,34
109,0,blank,0,210.178675,626.634525,107480,107609,129
109,93,||,436,246.907633333333,610.618566666667,107676,107775,99
109,93,==,438,302.579,598.121,107940,107975,35
109,93,),440,358.2735,617.079,108041,108074,33
109,93,-,439,344.5229,608.8011,108173,108205,32
109,0,blank,0,180.0869,657.056,108278,108383,105
109,0,blank,0,177.1191,654.8286,108420,108487,67
109,0,blank,0,223.733375,652.6391,108562,108706,144
109,95,||,450,227.4985,655.058066666667,108847,108957,110
109,0,blank,0,206.97755,674.90765,108994,109072,78
109,0,blank,0,307.192966666667,645.812033333333,109219,109330,111
109,0,blank,0,370.6055,650.198233333333,109434,109540,106
109,0,blank,0,376.26825,656.8637,109575,109648,73
109,93,==,438,297.558975,600.24205,109718,109854,136
109,0,blank,0,282.5195,580.7368,109889,110060,171
109,0,blank,0,294.8683,593.0475,110060,110093,33
109,0,blank,0,311.8698,622.60745,110160,110226,66
109,0,blank,0,223.9943,553.714733333333,110358,110461,103
109,0,blank,0,270.93,586.401966666667,110600,110701,101
109,0,blank,0,339.89135,447.93335,110767,110833,66
109,0,blank,0,361.4952,459.2635,110868,110903,35
109,0,blank,0,247.261733333333,445.2608,110935,111036,101
109,0,blank,0,306.83376,444.61472,111105,111277,172
109,85,"\nError!Stackisempty.\n",400,367.4791,440.2096,111345,111413,68
109,0,blank,0,366.3096,453.6108,111448,111482,34
109,0,blank,0,1031.05666666667,525.8781,111584,111685,101
109,0,blank,0,1039.27033333333,520.928566666667,111718,111816,98
109,0,blank,0,1039.964,524.2985,111879,111911,32
109,0,blank,0,1042.432,524.2047,111977,112047,70
109,0,blank,0,217.834566666667,452.171366666667,112262,112362,100
109,0,blank,0,198.72115,264.9926,112465,112530,65
110,0,blank,0,203.44015,315.0475,112790,112854,64
110,0,blank,0,152.00005,288.8895,112886,112951,65
110,0,blank,0,198.915766666667,261.844216666667,112982,113175,193
110,0,blank,0,1018.154,480.972833333333,113273,113467,194
110,0,blank,0,209.73072,260.15382,113561,113721,160
111,50,postfix,276,228.33005,348.90175,114102,114165,63
111,0,blank,0,291.0195,320.06135,114289,114351,62
111,0,blank,0,1005.91,307.5025,114477,114541,64
111,0,blank,0,1038.415,347.0831,114606,114638,32
111,0,blank,0,266.676783333333,107.564683333333,114796,114984,188
111,40,/,221,237.79365,123.64605,115015,115078,63
112,0,blank,0,233.589025,167.876975,115366,115489,123
112,19,"\nEnteraninfixexpression:",117,205.7058,87.090975,115549,115672,123
112,19,"\nEnteraninfixexpression:",117,249.998266666667,76.3917,115734,115826,92
112,0,blank,0,248.1467,70.7926,115887,115918,31
112,0,blank,0,1016.76733333333,252.88125,116009,116193,184
112,17,0,112,229.526633333333,43.2724,116289,116388,99
112,0,blank,0,232.214633333333,45.2683333333333,116418,116513,95
113,0,blank,0,238.868933333333,102.908433333333,116797,116892,95
113,0,blank,0,192.56488,59.08292,116928,117086,158
113,1,expression,10,284.3089,6.41185,117182,117309,127
113,0,blank,0,183.71322,-10.37338,117373,117533,160
113,0,blank,0,122.246175,-5.671075,117564,117689,125
113,0,blank,0,224.82585,-0.425750000000001,117752,117814,62
113,0,blank,0,-323,-105,117909,118018,109
113,1,expression,10,318.2764,4.68335,118177,118240,63
113,0,blank,0,412.3433,0.0216999999999956,118304,118336,32
113,1,postfix,9,425.234266666667,7.53533333333334,118368,118461,93
113,1,expression,10,493.680516666667,6.53865,118528,118718,190
113,14,=,90,166.893633333333,309.970066666667,118779,118880,101
113,15,SIZE,101,172.30085,316.54,118915,118983,68
113,15,SIZE,101,177.6909,327.8933,119016,119049,33
113,9,],69,304.8228,186.5596,119151,119179,28
113,9,],69,308.59845,197.4013,119212,119273,61
113,0,blank,0,186.989766666667,203.421133333333,119336,119526,190
113,9,SIZE,68,274.680666666667,198.307316666667,119591,119783,192
113,9,SIZE,68,278.3475,197.233675,119783,119912,129
113,0,blank,0,143.3365,232.323,119943,120076,133
113,9,SIZE,68,299.001916666667,196.419216666667,120143,120339,196
113,0,blank,0,187.7413,337.6191,120433,120465,32
113,0,blank,0,199.4514,337.1678,120534,120565,31
113,0,blank,0,158.5231,262.02385,120802,120868,66
113,0,blank,0,187.1308,215.91624,120967,121130,163
113,0,blank,0,180.68602,178.11004,121193,121351,158
113,8,char,52,139.456166666667,160.5045,121447,121546,99
113,0,blank,0,179.232,97.2778,121614,121679,65
113,0,blank,0,186.73395,107.817933333333,121711,121907,196
113,0,blank,0,183.9847,104.6376,121907,121974,67
113,0,blank,0,182.3796,343.111633333333,122007,122205,198
113,0,blank,0,178.9621,340.1648,122205,122239,34
113,15,++,104,224.10828,324.56152,122272,122443,171
113,15,++,104,229.15195,328.57295,122443,122579,136
113,0,blank,0,167.99018,286.31604,122614,122782,168
113,0,blank,0,175.35176,294.1173,122816,122980,164
113,0,blank,0,-323,-105,123012,123205,193
113,0,blank,0,-323,-105,123205,123288,83
113,14,=,90,169.5051,304.141066666667,123344,123464,120
113,0,blank,0,206.387633333333,310.4424,123532,123705,173
113,0,blank,0,202.5833,309.9654,123705,123817,112
113,0,blank,0,-323,-105,123938,124117,179
113,0,blank,0,-323,-105,124117,124231,114
113,0,blank,0,-104.62,765.8135,124273,124287,14
113,0,blank,0,111.64798,304.37974,124425,124593,168
113,0,blank,0,105.38072,304.2623,124593,124767,174
113,0,blank,0,107.3672,308.629,124767,124803,36
113,14,p,89,147.95434,299.31776,124835,124995,160
113,0,blank,0,1042.8675,107.2563,125158,125288,130
113,15,i,103,214.090733333333,319.300066666667,125414,125613,199
113,15,++,104,227.24512,313.9845,125613,125779,166
113,0,blank,0,229.4212,307.6247,125779,125813,34
113,15,++,104,228.1423,322.27095,125847,125913,66
113,0,blank,0,185.866083333333,346.400133333333,125982,126176,194
113,15,i,103,221.3447,328.0915,126211,126276,65
113,0,blank,0,224.0128,338.95125,126338,126406,68
113,0,blank,0,220.0719,343.9762,126438,126471,33
113,0,blank,0,180.0101,343.96344,126573,126739,166
113,0,blank,0,184.2951,346.94045,126739,126809,70
113,0,blank,0,202.78548,337.79272,126842,127009,167
113,15,++,104,238.849716666667,330.979416666667,127110,127304,194
113,15,++,104,236.0667,329.7889,127304,127337,33
113,0,blank,0,285.6102,332.000875,127403,127531,128
113,0,blank,0,281.5913,337.2155,127661,127693,32
113,0,blank,0,192.333,369.1386,127791,127823,32
113,0,blank,0,207.2175,381.6987,127856,127888,32
113,17,0,112,196.433,375.36905,127921,127986,65
113,0,blank,0,234.983366666667,384.9558,128147,128244,97
113,17,;,113,235.0907,374.8211,128279,128311,32
113,0,blank,0,287.1827,383.50396,128378,128551,173
113,0,blank,0,275.35605,379.8097,128551,128616,65
113,0,blank,0,279.125,385.656475,128683,128819,136
113,0,blank,0,214.461825,378.7,128851,128985,134
113,17,0,112,213.144,372.2621,129050,129081,31
113,0,blank,0,219.6762,387.1693,129114,129150,36
113,0,blank,0,211.18655,334.02065,129374,129568,194
113,0,blank,0,203.3357,332.3081,129600,129631,31
113,0,blank,0,285.2002,377.1743,129663,129853,190
113,0,blank,0,284.7418,374.8485,129853,129948,95
113,0,blank,0,284.6552,375.583,130014,130078,64
113,20,infix,124,204.885366666667,438.027966666667,130144,130241,97
113,0,blank,0,257.79675,421.21735,130372,130437,65
113,0,blank,0,270.3689,436.3751,130504,130537,33
113,20,;,126,220.741,439.2473,130571,130670,99
113,0,blank,0,244.2936,422.84,130735,130767,32
113,0,blank,0,254.9865,424.6812,130861,130894,33
113,0,blank,0,338.723433333333,421.427466666667,131025,131120,95
113,19,"\nEnteraninfixexpression:",117,399.64135,419.6628,131215,131278,63
113,0,blank,0,252.141,461.1653,131341,131374,33
113,21,!=,137,235.0241,445.25825,131438,131564,126
113,21,],136,206.3923,447.01475,131660,131723,63
113,21,],136,205.145075,445.729675,131754,131882,128
113,0,blank,0,256.96565,426.5313,132009,132070,61
113,0,blank,0,269.9169,437.7724,132102,132133,31
113,21,0,138,261.3915,457.1971,132290,132320,30
113,0,blank,0,217.761,463.73595,132509,132572,63
113,0,blank,0,223.8752,483.8829,132634,132665,31
113,0,blank,0,210.738,339.1549,132758,132790,32
113,17,0,112,203.6848,374.2003,132946,133104,158
113,0,blank,0,240.03115,385.3627,133167,133230,63
113,0,blank,0,232.7394,378.0339,133357,133420,63
113,0,blank,0,238.1496,385.3864,133483,133515,32
113,0,blank,0,210.0339,347.19435,133580,133643,63
113,0,blank,0,208.900625,354.529225,133673,133798,125
113,15,i,103,219.1373,323.3342,133862,133894,32
113,0,blank,0,213.0383,320.5464,133925,134023,98
113,0,blank,0,278.711875,372.958425,134084,134212,128
113,0,blank,0,247.7433,461.4666,134306,134339,33
113,21,!=,137,233.5435,455.182266666667,134370,134467,97
113,0,blank,0,240.8515,472.1682,134499,134531,32
113,23,],149,208.3477,490.1624,134597,134631,34
113,0,blank,0,209.4469,480.6591,134694,134759,65
113,0,blank,0,238.36025,476.7486,134857,134924,67
113,0,blank,0,236.1,482.3868,134957,134991,34
113,0,blank,0,245.5653,488.59705,135058,135127,69
113,0,blank,0,236.2189,470.4012,135162,135195,33
113,0,blank,0,253.6021,541.720766666667,135297,135396,99
113,0,blank,0,238.5334,534.6747,135428,135460,32
113,0,blank,0,215,482.0691,135559,135594,35
113,21,],136,209.3606,461.1185,135627,135659,32
113,0,blank,0,205.15752,478.56562,135691,135855,164
113,0,blank,0,273.1038,485.7659,135952,135985,33
113,0,blank,0,257.8611,468.90045,136017,136081,64
113,0,blank,0,262.2275,465.00255,136111,136176,65
113,0,blank,0,300.61405,469.9448,136238,136302,64
113,0,blank,0,291.2097,449.5908,136368,136399,31
113,21,i,140,320.6058,463.2607,136495,136527,32
113,0,blank,0,246.8577,464.5037,136653,136684,31
113,21,!=,137,236.945666666667,445.260333333333,136778,136873,95
113,0,blank,0,244.314,460.5878,136904,136935,31
113,0,blank,0,205.38545,442.41355,136968,137031,63
113,0,blank,0,222.1671,465.0625,137064,137095,31
113,21,++,141,343.586,447.6936,137444,137476,32
113,0,blank,0,388.6252,467.7193,137539,137570,31
113,0,blank,0,232.5059,514.5408,137701,137732,31
113,24,),157,226.6186,524.8897,137798,137828,30
113,0,blank,0,242.8215,514.6185,137893,137925,32
113,0,blank,0,202.6147,545.1007,138089,138125,36
113,0,blank,0,282.4759,536.0345,138438,138469,31
113,0,blank,0,269.3763,513.6455,138501,138531,30
113,0,blank,0,272.25835,535.54335,138596,138657,61
113,0,blank,0,243.0166,555.423966666667,138781,138878,97
113,0,blank,0,237.024,534.461,138941,138971,30
113,0,blank,0,245.0707,551.2044,139286,139316,30
113,0,blank,0,241.4911,536.1721,139379,139411,32
113,26,=,164,256.82915,560.4156,139441,139628,187
113,0,blank,0,277.8178,550.0316,139722,139786,64
113,0,blank,0,270.9718,550.3599,139816,139848,32
113,0,blank,0,242.27865,536.42915,139972,140034,62
113,0,blank,0,263.068533333333,537.891666666667,140284,140377,93
113,0,blank,0,240.3344,537.2355,140470,140501,31
113,0,blank,0,248.3341,559.0043,140657,140688,31
113,0,blank,0,241.855933333333,549.3121,140719,140815,96
113,0,blank,0,220.0912,549.9241,140847,140878,31
113,0,blank,0,237.2332,549.8795,141003,141036,33
113,0,blank,0,257.9158,545.6298,141135,141167,32
113,0,blank,0,242.7423,551.5128,141229,141262,33
113,0,blank,0,253.04515,548.06745,141359,141424,65
113,0,blank,0,257.4396,531.7736,141649,141680,31
113,0,blank,0,253.4117,534.3014,141743,141773,30
113,0,blank,0,256.332,539.1495,141868,141900,32
113,0,blank,0,243.6945,541.5507,141962,141992,30
113,0,blank,0,-323,-105,142092,142267,175
113,0,blank,0,-323,-105,142267,142362,95
113,0,blank,0,269.3207,536.2286,142396,142412,16
113,0,blank,0,290.736625,531.176575,142552,142694,142
113,0,blank,0,253.3017,533.0791,142899,142966,67
113,0,blank,0,233.50605,538.08945,143106,143173,67
113,0,blank,0,236.290575,535.350775,143206,143342,136
113,0,blank,0,261.8919,544.067,143376,143409,33
113,0,blank,0,263.7153,550.3211,143509,143547,38
113,0,blank,0,260.0954,542.329,143579,143611,32
113,0,blank,0,234.1424,543.9292,143712,143747,35
113,0,blank,0,224.3558,543.8088,143813,143844,31
113,0,blank,0,232.88035,540.44005,143910,143973,63
113,8,char,52,137.56025,171.8634,144380,144472,92
113,8,char,52,133.054533333333,163.655866666667,144504,144597,93
113,8,char,52,126.576233333333,161.0474,144629,144722,93
113,0,blank,0,158.3991,212.0307,144850,144912,62
113,0,blank,0,165.9533,227.4141,144975,145006,31
113,0,blank,0,160.8706,213.0418,145037,145098,61
113,0,blank,0,174.90998,183.60866,145130,145287,157
113,0,blank,0,155.33005,255.87175,145567,145629,62
113,0,blank,0,148.82365,252.8101,145661,145725,64
113,26,=,164,260.10684,555.36826,145854,146022,168
113,0,blank,0,252.11778,557.21768,146022,146191,169
113,26,],163,240.8689,571.491233333333,146224,146327,103
113,0,blank,0,269.07465,588.63645,146429,146496,67
113,0,blank,0,276.0443,596.355633333333,146532,146635,103
113,0,blank,0,256.605033333333,589.9404,146668,146769,101
113,0,blank,0,258.687475,590.128325,146803,146933,130
113,0,blank,0,-323,-105,147000,147190,190
113,0,blank,0,238.0167,536.58106,147338,147498,160
113,0,blank,0,213.43034,546.55862,147529,147701,172
113,26,++,162,234.0225,562.5655,147936,147970,34
113,0,blank,0,218.855666666667,537.350933333333,148004,148105,101
113,0,blank,0,222.1093,546.6411,148138,148170,32
113,0,blank,0,272.1089,635.5397,148204,148236,32
113,28,(,173,255.1227,615.2443,148305,148337,32
113,0,blank,0,250.947433333333,535.1527,148569,148670,101
113,0,blank,0,237.820766666667,535.733983333333,148770,148968,198
113,0,blank,0,233.5285,526.5336,148968,149000,32
113,0,blank,0,225.5416,530.4209,149065,149097,32
113,0,blank,0,229.797883333333,532.317383333333,149129,149323,194
113,0,blank,0,231.489,532.7339,149323,149356,33
113,24,ch,155,206.423,513.3452,149422,149455,33
113,0,blank,0,257.6229,533.88085,149519,149586,67
113,0,blank,0,246.203575,526.500975,149620,149750,130
113,0,blank,0,250.722566666667,525.516866666667,149781,149878,97
113,0,blank,0,261.4979,534.8099,149910,149944,34
113,0,blank,0,247.237883333333,529.11025,150043,150235,192
113,0,blank,0,242.6732,523.96975,150299,150361,62
113,0,blank,0,210.6341,530.5983,150517,150548,31
113,0,blank,0,226.8401,530.13105,150610,150808,198
113,24,ch,155,221.3657,526.5399,150808,150840,32
113,0,blank,0,246.5396,518.6769,150938,150971,33
113,0,blank,0,214.0852,531.07358,151102,151264,162
113,0,blank,0,220.0625,535.156,151295,151358,63
113,0,blank,0,230.96,541.1811,151389,151421,32
113,0,blank,0,218.3837,531.8199,151454,151485,31
113,24,ch,155,223.5322,512.8412,151611,151641,30
113,24,),157,236.81335,510.31805,151704,151766,62
113,0,blank,0,268.230466666667,523.082766666667,151797,151891,94
113,0,blank,0,267.78035,516.0013,151923,151984,61
113,0,blank,0,259.25225,529.548575,152047,152170,123
113,0,blank,0,-323,-105,152232,152416,184
113,0,blank,0,-323,-105,152416,152581,165
113,0,blank,0,-323,-105,152581,152660,79
113,0,blank,0,236.8736,546.0021,152706,152790,84
113,24,),157,229.66945,527.645775,152821,152951,130
113,0,blank,0,221.0295,535.6722,153017,153049,32
113,0,blank,0,237.194,540.0922,153081,153113,32
113,0,blank,0,274.899266666667,512.872433333333,153148,153246,98
113,0,blank,0,275.5863,514.09475,153310,153374,64
113,0,blank,0,248.87685,531.9412,153408,153473,65
113,24,),157,241.96085,527.49725,153606,153671,65
113,24,ch,155,215.7584,527.4605,153735,153800,65
113,24,),157,231.2344,526.596,153867,153899,32
113,0,blank,0,224.4251,532.4954,154000,154095,95
113,0,blank,0,189.5042,544.5257,154129,154162,33
113,0,blank,0,199.117,543.264933333333,154225,154322,97
113,0,blank,0,241.9028,501.4293,154385,154419,34
113,0,blank,0,241.849575,508.301575,154450,154586,136
113,0,blank,0,216.11098,466.82128,154619,154791,172
113,24,isalnum,153,190.423266666667,522.591166666667,154895,154994,99
113,0,blank,0,191.128266666667,536.711566666667,155063,155166,103
113,24,),157,230.97904,524.48904,155231,155410,179
113,24,),157,239.5897,523.2038,155410,155443,33
113,0,blank,0,242.2265,552.74105,155511,155645,134
113,0,blank,0,249.62,526.50945,155712,155778,66
113,0,blank,0,247.36856,532.90292,155809,155978,169
113,0,blank,0,252.1143,536.5446,155978,156011,33
113,0,blank,0,249.481,534.3079,156078,156110,32
113,0,blank,0,235.626933333333,532.417233333333,156142,156240,98
113,0,blank,0,233.32812,534.54294,156305,156472,167
113,0,blank,0,231.395316666667,534.507416666667,156472,156671,199
113,0,blank,0,223.766966666667,534.703233333333,156671,156777,106
113,0,blank,0,234.502033333333,542.3306,156808,156907,99
113,0,blank,0,242.91738,542.43114,156940,157109,169
113,0,blank,0,242.39885,544.79865,157109,157244,135
113,0,blank,0,240.245925,544.649775,157311,157443,132
113,0,blank,0,244.076516666667,544.841816666667,157478,157673,195
113,0,blank,0,243.8468,542.4571,157771,157966,195
113,0,blank,0,271.262933333333,534.8646,157998,158094,96
113,0,blank,0,270.828925,541.1663,158127,158254,127
113,0,blank,0,260.22015,528.344425,158286,158415,129
113,0,blank,0,265.4074,536.3742,158447,158479,32
113,0,blank,0,288.8772,534.93005,158542,158611,69
113,0,blank,0,295.25215,539.4963,158642,158772,130
113,0,blank,0,287.89696,537.43988,158805,158970,165
113,0,blank,0,240.90835,533.22965,159003,159068,65
113,0,blank,0,249.9144,540.390233333333,159101,159198,97
113,0,blank,0,211.372583333333,548.430333333333,159230,159423,193
113,0,blank,0,206.060966666667,538.5559,159423,159519,96
113,0,blank,0,213.06825,542.23605,159550,159743,193
113,0,blank,0,241.927633333333,537.090933333333,159807,159907,100
113,0,blank,0,255.4165,547.8854,159940,159971,31
113,0,blank,0,294.2858,536.1402,160168,160199,31
113,0,blank,0,282.32544,532.50128,160231,160391,160
113,0,blank,0,290.86055,537.11445,160422,160486,64
113,0,blank,0,248.743116666667,535.591383333333,160519,160714,195
113,0,blank,0,249.2153,538.942766666667,160714,160811,97
113,0,blank,0,-323,-105,160876,161034,158
113,26,=,164,255.003266666667,555.103166666667,161247,161339,92
113,0,blank,0,224.761666666667,553.865466666667,161405,161506,101
113,0,blank,0,224.85086,546.97712,161540,161709,169
113,0,blank,0,222.6875,544.101,161709,161741,32
113,0,blank,0,271.68445,542.49885,161841,161966,125
113,0,blank,0,257.7497,539.7844,161998,162062,64
113,0,blank,0,271.715066666667,544.773133333333,162161,162258,97
113,0,blank,0,245.2798,549.4149,162290,162356,66
113,0,blank,0,237.02392,543.62238,162422,162589,167
113,0,blank,0,282.3114,539.0336,162652,162683,31
113,0,blank,0,272.374925,534.376725,162718,162848,130
113,0,blank,0,237.6056,538.5303,162911,162944,33
113,0,blank,0,229.3675,531.556933333333,162976,163175,199
113,24,),157,230.5665,526.7032,163175,163206,31
113,0,blank,0,283.44005,526.427725,163306,163438,132
113,0,blank,0,289.8295,526.7316,163470,163505,35
113,0,blank,0,252.055583333333,528.200883333333,163538,163731,193
113,0,blank,0,249.3539,528.263333333333,163731,163829,98
113,0,blank,0,247.26905,537.80175,163893,163961,68
113,0,blank,0,279.3536,542.0554,164028,164061,33
113,0,blank,0,262.6067,519.6544,164095,164160,65
113,0,blank,0,227.5738,533.8279,164256,164408,152
113,0,blank,0,215.9438,530.8605,164408,164525,117
113,24,),157,240.918766666667,528.840433333333,164641,164809,168
113,0,blank,0,240.270683333333,536.590616666667,164809,165006,197
113,0,blank,0,236.5432,535.7421,165006,165038,32
113,0,blank,0,248.130975,528.911525,165102,165231,129
113,0,blank,0,251.1657,532.718133333333,165263,165458,195
113,0,blank,0,253.0365,529.905033333333,165458,165555,97
113,0,blank,0,278.4777,514.58222,165619,165780,161
113,0,blank,0,273.1588,525.1949,165844,165877,33
113,24,),157,231.72798,529.5007,165975,166138,163
113,24,),157,227.31065,521.971683333333,166169,166364,195
113,0,blank,0,234.3661,539.9681,166396,166460,64
113,0,blank,0,274.1166,522.9288,166524,166555,31
113,0,blank,0,260.9615,523.8774,166587,166621,34
113,24,),157,229.917,528.8883,166784,166849,65
113,0,blank,0,226.627,533.5552,166881,166946,65
113,0,blank,0,232.1907,540.44242,166977,167144,167
113,0,blank,0,224.12496,536.08742,167178,167335,157
113,0,blank,0,268.260566666667,532.809266666667,167399,167493,94
113,0,blank,0,232.22065,536.6537,167800,167862,62
113,0,blank,0,227.10555,534.03725,167925,167986,61
113,0,blank,0,263.2321,532.887133333333,168017,168209,192
113,0,blank,0,251.8019,525.6001,168209,168240,31
113,0,blank,0,233.7414,533.67035,168304,168426,122
113,0,blank,0,248.9293,544.1946,168457,168487,30
113,0,blank,0,242.89665,537.4209,168519,168581,62
113,0,blank,0,256.506,528.7904,168612,168644,32
113,0,blank,0,258.0022,519.8788,168705,168736,31
113,0,blank,0,268.575966666667,535.129766666667,168768,168860,92
113,0,blank,0,239.5977,542.3301,168922,168985,63
113,0,blank,0,237.40024,540.91908,169046,169204,158
113,0,blank,0,-323,-105,169424,169606,182
113,0,blank,0,-323,-105,169606,169786,180
113,0,blank,0,-323,-105,169786,169970,184
113,0,blank,0,-323,-105,169970,170166,196
113,0,blank,0,-323,-105,170166,170252,86
113,0,blank,0,-323,-105,170252,170548,296
113,0,blank,0,-323,-105,170548,170634,86
113,30,push,176,161.3344,645.7758,170833,170867,34
113,0,blank,0,158.1709,604.5502,171400,171439,39
113,0,blank,0,159.0365,615.1812,171936,172010,74
113,0,blank,0,160.8257,581.7404,172045,172079,34
113,0,blank,0,146.4776,586.1131,172112,172181,69
113,0,blank,0,188.636,577.6066,172280,172314,34
113,0,blank,0,188.4507,546.4563,172346,172379,33
113,0,blank,0,186.2939,552.6509,172413,172447,34
113,24,isalnum,153,188.4173,516.044433333333,172578,172675,97
113,26,],163,241.3199,566.88615,172807,172874,67
113,0,blank,0,251.0759,547.8245,172907,172939,32
113,0,blank,0,243.9295,552.1349,172973,173006,33
113,24,isalnum,153,168.1077,524.492925,173106,173238,132
113,0,blank,0,182.5364,537.8439,173271,173304,33
113,0,blank,0,191.482833333333,508.287966666667,173337,173439,102
113,24,isalnum,153,188.0243,523.5244,173472,173506,34
113,24,isalnum,153,184.6017,515.3912,173537,173573,36
113,24,isalnum,153,183.3786,510.6923,173643,173677,34
113,0,blank,0,183.34425,533.38505,173712,173781,69
113,24,isalnum,153,133.8844,509.849183333333,173922,174116,194
113,0,blank,0,131.464233333333,508.509266666667,174181,174276,95
113,0,blank,0,193.84305,503.5145,174376,174439,63
113,23,[,147,190.4072,502.0919,174470,174502,32
113,24,isalnum,153,192.4816,529.3756,174567,174599,32
113,24,isalnum,153,181.74545,524.67185,174632,174696,64
113,24,isalnum,153,131.896,525.101333333333,174732,174830,98
113,24,isalnum,153,156.8864,526.5632,175026,175058,32
113,24,isalnum,153,166.93445,510.28065,175090,175154,64
113,24,isalnum,153,161.45675,523.26405,175185,175376,191
113,24,isalnum,153,161.56025,529.8851,175376,175438,62
113,24,isalnum,153,190.6246,521.1799,175471,175503,32
113,24,isalnum,153,183.0561,519.048733333333,175534,175632,98
113,24,isalnum,153,124.203,513.7188,175696,175728,32
113,0,blank,0,123.90305,523.468225,175759,175888,129
113,0,blank,0,-323,-105,175952,176087,135
113,23,;,150,215.3586,493.6014,176251,176285,34
113,24,isalnum,153,185.12815,517.50965,176384,176448,64
113,0,blank,0,110.7758,538.5107,176585,176617,32
113,0,blank,0,113.58105,524.62735,176650,176717,67
113,0,blank,0,112.0593,530.50854,176783,176950,167
113,0,blank,0,129.030533333333,537.5088,177048,177150,102
113,0,blank,0,101.3523,534.42552,177286,177456,170
113,0,blank,0,103.279075,541.348875,177456,177590,134
113,0,blank,0,128.5364,535.08395,177656,177720,64
113,0,blank,0,125.4406,543.6565,177752,177815,63
113,0,blank,0,122.1476,550.6832,177880,177915,35
113,0,blank,0,167.58815,543.74125,177981,178049,68
113,24,isalnum,153,164.3542,520.833833333333,178116,178257,141
113,0,blank,0,142.1122,544.877,178357,178391,34
113,24,isalnum,153,134.8021,513.7666,178423,178457,34
113,24,isalnum,153,143.7053,526.3537,178522,178620,98
113,0,blank,0,140.29895,535.078225,178686,178822,136
113,24,isalnum,153,139.334675,528.6265,178857,178986,129
113,24,isalnum,153,137.0773,524.1718,179053,179085,32
113,0,blank,0,139.69978,532.36948,179151,179317,166
113,0,blank,0,164.29045,533.14935,179384,179450,66
113,24,(,154,122.20188,529.99216,179588,179762,174
113,24,(,154,117.759833333333,525.803266666667,179762,179861,99
113,0,blank,0,-323,-105,179895,180082,187
113,0,blank,0,-323,-105,180082,180107,25
113,0,blank,0,113.79405,526.8905,180181,180238,57
113,0,blank,0,205.208116666667,542.415083333333,181405,181603,198
113,0,blank,0,192.2554,544.2476,181603,181633,30
113,0,blank,0,197.014533333333,540.305166666667,181695,181786,91
113,26,=,164,258.1939,563.5596,181877,181938,61
113,0,blank,0,248.702,557.44605,181968,182029,61
113,0,blank,0,267.25,571.9557,182061,182090,29
113,0,blank,0,194.01335,484.583616666667,182120,182310,190
113,0,blank,0,189.307,487.1075,182310,182345,35
113,0,blank,0,231.444016666667,469.510333333333,182376,182570,194
113,0,blank,0,238.3888,466.942,182570,182602,32
113,0,blank,0,186.143466666667,468.818066666667,182666,182758,92
113,21,infix,133,177.9382,460.88315,182791,182856,65
113,0,blank,0,331.5431,434.4902,182952,182986,34
113,21,),142,348.39885,452.4954,183080,183143,63
113,0,blank,0,232.731333333333,538.047233333333,183235,183327,92
113,0,blank,0,-323,-105,183426,183614,188
113,0,blank,0,-323,-105,183614,183790,176
113,24,ch,155,206.46686,516.86908,183835,183995,160
113,24,ch,155,214.8259,517.0372,184058,184088,30
113,0,blank,0,247.62045,524.322,184214,184275,61
113,0,blank,0,220.729825,531.1158,184306,184431,125
113,0,blank,0,228.5512,546.2734,184522,184551,29
113,0,blank,0,489.88255,467.59935,184711,184833,122
113,24,),157,236.0499,527.246,184948,185123,175
113,24,),157,228.7302,524.9331,185123,185161,38
113,0,blank,0,297.4961,484.2024,185290,185354,64
113,0,blank,0,215.47695,533.343833333333,185484,185682,198
113,0,blank,0,212.8416,530.713225,185682,185813,131
113,0,blank,0,274.28382,510.32276,185878,186038,160
113,0,blank,0,239.1559,535.3027,186102,186135,33
113,0,blank,0,232.313133333333,537.613,186164,186257,93
113,0,blank,0,812.517,168.193366666667,186383,186477,94
113,0,blank,0,308.108433333333,459.062833333333,186640,186735,95
113,0,blank,0,-323,-105,186835,186991,156
113,0,blank,0,212.5817,535.5723,187240,187270,30
113,26,++,162,229.9505,563.543533333333,187364,187461,97
113,26,],163,237.356,564.2813,187493,187524,31
113,0,blank,0,230.18845,575.230975,187557,187687,130
113,0,blank,0,232.67034,587.0663,187754,187911,157
113,0,blank,0,239.212375,585.0449,187973,188100,127
113,0,blank,0,246.1881,571.9747,188130,188161,31
113,0,blank,0,282.126283333333,578.244166666667,188192,188379,187
113,0,blank,0,279.349925,575.194825,188379,188508,129
113,0,blank,0,230.4125,581.367266666667,188540,188733,193
113,0,blank,0,237.6934,593.0906,188766,188800,34
113,0,blank,0,232.8541,582.4988,188835,188937,102
113,0,blank,0,201.8819,487.93422,189007,189178,171
113,0,blank,0,207.9888,487.4186,189178,189213,35
113,0,blank,0,234.252866666667,508.891266666667,189244,189341,97
113,0,blank,0,237.624133333333,507.298466666667,189374,189474,100
113,21,!=,137,234.98408,463.70982,189507,189673,166
113,21,!=,137,236.213416666667,463.6121,189673,189868,195
113,21,!=,137,233.406,462.2967,189868,189900,32
113,21,i,140,197.57592,457.81192,189965,190129,164
113,21,!=,137,231.854316666667,463.614966666667,190226,190417,191
113,0,blank,0,231.14308,464.30694,190417,190574,157
113,0,blank,0,182.73515,335.67705,190637,190700,63
113,0,blank,0,196.6104,344.4565,190732,190764,32
113,0,blank,0,186.56405,341.92325,190857,190988,131
113,0,blank,0,176.73676,116.33024,191053,191210,157
113,0,blank,0,162.32985,189.67805,191368,191431,63
113,9,comma,65,167.9599,196.56382,191462,191621,159
113,8,),53,158.299825,177.4879,191778,191903,125
113,8,char,52,142.5095,170.0428,191935,191966,31
113,9,comma,65,315.3983,195.839725,192028,192151,123
113,9,SIZE,68,282.780033333333,194.233066666667,192244,192430,186
113,0,blank,0,290.5714,207.683,192461,192491,30
113,0,blank,0,303.1653,206.6412,192555,192586,31
113,0,blank,0,204.36914,348.493,192650,192811,161
113,0,blank,0,216.6047,342.55335,192843,193040,197
113,0,blank,0,225.5753,344.083,193040,193103,63
113,0,blank,0,207.824683333333,320.3303,193167,193359,192
113,0,blank,0,208.8375,326.1276,193359,193391,32
113,15,++,104,230.610633333333,315.258166666667,193423,193520,97
113,9,SIZE,68,301.1091,196.799416666667,193677,193867,190
113,9,],69,304.1994,190.7771,193899,193934,35
113,20,infix,124,196.5843,432.09165,194029,194222,193
113,19,"\nEnteraninfixexpression:",117,212.637675,406.81775,194254,194382,128
113,0,blank,0,212.6902,433.907,194446,194636,190
113,20,infix,124,194.6454,422.7532,194700,194732,32
113,20,;,126,215.4505,434.91095,194796,194858,62
113,21,!=,137,232.216466666667,452.533733333333,194922,195016,94
113,21,!=,137,240.7304,459.1991,195078,195110,32
113,0,blank,0,246.94065,453.0664,195144,195208,64
113,0,blank,0,244.3389,450.0126,195272,195305,33
113,21,infix,133,172.72585,452.800725,195402,195531,129
113,15,SIZE,101,157.39378,331.5238,195563,195724,161
113,15,SIZE,101,156.32245,328.24235,195756,195820,64
113,0,blank,0,181.08026,302.80376,195851,196010,159
113,0,blank,0,212.6932,466.2528,196043,196139,96
113,0,blank,0,218.137866666667,466.3423,196234,196329,95
113,9,SIZE,68,142.6802,195.4525,196425,196517,92
113,9,SIZE,68,145.7371,196.2524,196579,196767,188
113,0,blank,0,149.3585,204.989866666667,196767,196860,93
113,0,blank,0,138.2914,231.796466666667,196892,196985,93
113,0,blank,0,145.362225,236.047825,197017,197142,125
113,9,],69,308.1441,195.32532,197235,197388,153
113,9,SIZE,68,264.3872,193.3416,197420,197481,61
113,9,SIZE,68,274.5709,197.1673,197513,197543,30
113,0,blank,0,138.71605,156.9748,197574,197636,62
113,0,blank,0,135.515966666667,151.956016666667,197667,197855,188
113,9,SIZE,68,290.29835,184.65255,197950,198142,192
113,9,SIZE,68,293.42876,190.41648,198142,198305,163
113,9,SIZE,68,290.732,190.2879,198339,198371,32
113,9,SIZE,68,271.688975,191.587375,198403,198529,126
113,0,blank,0,235.35515,535.1136,198624,198691,67
113,0,blank,0,240.0776,536.61465,198723,198786,63
113,0,blank,0,244.160166666667,541.091366666667,198818,198916,98
113,0,blank,0,246.7632,572.2416,198947,199044,97
113,0,blank,0,247.982,569.8395,199076,199108,32
113,0,blank,0,294.154266666667,589.094433333333,199173,199269,96
113,0,blank,0,204.1381,470.05475,199302,199498,196
113,0,blank,0,207.0185,473.227875,199498,199625,127
113,21,],136,209.834233333333,445.017533333333,199658,199850,192
113,0,blank,0,212.632166666667,379.473683333333,199978,200172,194
113,15,++,104,232.357016666667,323.910916666667,200204,200396,192
113,15,++,104,234.20735,328.93555,200396,200590,194
113,15,++,104,239.707475,317.347675,200590,200715,125
113,0,blank,0,295.8323,597.8506,200844,200875,31
113,0,blank,0,299.27835,585.458275,201036,201164,128
113,0,blank,0,358.385,588.8193,201195,201226,31
113,0,blank,0,341.3306,578.7154,201259,201288,29
113,0,blank,0,347.6945,588.0756,201318,201351,33
113,0,blank,0,-323,-105,201382,201565,183
113,0,blank,0,-323,-105,201565,201711,146
113,0,blank,0,234.1607,678.3269,201899,201931,32
113,0,blank,0,215.8008,673.9952,202027,202059,32
113,0,blank,0,221.667166666667,680.586466666667,202124,202221,97
113,0,blank,0,240.348366666667,648.15545,202253,202446,193
113,0,blank,0,223.9331,654.8198,202661,202691,30
113,0,blank,0,285.77235,648.8008,202844,202905,61
113,0,blank,0,361.0098,633.3612,202997,203029,32
113,0,blank,0,337.262425,616.803325,203060,203184,124
113,0,blank,0,272.2398,655.55075,203245,203307,62
113,0,blank,0,265.5973,637.1163,203338,203369,31
113,0,blank,0,264.1229,661.8197,203400,203432,32
113,0,blank,0,274.9664,647.6703,203464,203555,91
113,0,blank,0,298.9222,655.677666666667,203586,203680,94
113,0,blank,0,266.7035,515.9285,203898,203931,33
113,0,blank,0,248.26535,508.69845,203962,204091,129
113,24,ch,155,213.2191,511.2672,204187,204219,32
113,24,ch,155,213.925075,519.574125,204251,204379,128
113,24,isalnum,153,191.64285,516.93455,204411,204476,65
113,0,blank,0,233.7895,510.8189,204509,204541,32
113,0,blank,0,252.2581,518.1856,204575,204607,32
113,0,blank,0,233.409875,505.189325,204638,204766,128
113,28,(,173,238.2199,603.8448,204797,204863,66
113,28,(,173,254.0794,604.244,204894,204927,33
113,28,(,173,252.5441,604.6958,205055,205087,32
113,0,blank,0,301.77195,611.90405,205130,205302,172
113,0,blank,0,239.0669,660.243025,205425,205616,191
113,0,blank,0,235.9067,653.4209,205616,205648,32
113,0,blank,0,239.6052,663.8602,205710,205741,31
113,0,blank,0,275.1985,666.8896,205833,205864,31
113,0,blank,0,274.7308,674.5732,205927,205959,32
113,0,blank,0,264.147925,664.136825,205989,206113,124
113,0,blank,0,255.0308,662.1296,206147,206179,32
113,0,blank,0,234.1797,668.9774,206210,206274,64
113,0,blank,0,239.4875,671.8246,206305,206338,33
113,0,blank,0,221.9827,706.81,206434,206466,32
113,0,blank,0,226.822675,716.155725,206498,206627,129
113,0,blank,0,278.255216666667,704.348166666667,206722,206915,193
113,0,blank,0,306.8964,684.6857,207048,207116,68
113,0,blank,0,306.2375,674.7161,207149,207183,34
113,0,blank,0,272.5101,628.609425,207217,207348,131
113,0,blank,0,262.99298,552.1458,207415,207582,167
113,0,blank,0,256.9662,549.564,207582,207615,33
113,0,blank,0,277.3085,538.335875,207650,207789,139
113,28,),174,269.823666666667,598.8339,207822,207922,100
113,0,blank,0,264.268733333333,593.06185,207955,208154,199
113,0,blank,0,998.580833333333,251.894,208252,208447,195
113,0,blank,0,1032.513,229.12055,208510,208700,190
113,0,blank,0,1042.356,222.4789,208700,208732,32
113,0,blank,0,1040.4676,195.77218,208794,208958,164
113,0,blank,0,1038.89283333333,197.70795,208988,209182,194
113,0,blank,0,1034.277,207.280375,209182,209312,130
113,0,blank,0,316.4668,664.0357,209411,209512,101
113,32,),188,253.4941,705.34665,209576,209643,67
114,34,top,194,255.9704,577.4744,210111,210144,33
114,34,top,194,244.2109,563.8993,210178,210213,35
114,0,blank,0,229.65548,511.53374,210280,210448,168
114,0,blank,0,221.196,515.3392,210448,210480,32
114,0,blank,0,262.8151,592.9575,210548,210680,132
114,0,blank,0,279.7862,593.066366666667,210713,210810,97
114,0,blank,0,278.2876,586.4778,210876,210908,32
114,0,blank,0,298.2197,594.1865,211007,211039,32
114,0,blank,0,330.802866666667,582.4265,211101,211198,97
114,34,top,194,235.06332,562.6777,211232,211393,161
114,0,blank,0,273.483975,550.330225,211425,211556,131
114,0,blank,0,241.483766666667,594.8023,211689,211788,99
114,0,blank,0,303.4192,592.3658,211854,211885,31
114,0,blank,0,300.03935,592.92715,211953,212016,63
114,0,blank,0,335.5319,588.9105,212114,212210,96
114,0,blank,0,373.922766666667,582.841233333333,212241,212340,99
114,0,blank,0,379.40638,587.2159,212372,212541,169
114,0,blank,0,376.82858,588.30632,212541,212707,166
114,0,blank,0,383.8435,599.6234,212707,212741,34
114,0,blank,0,342.93632,587.18346,212805,212974,169
114,0,blank,0,341.58,589.65745,212974,213039,65
114,0,blank,0,370.41655,577.278275,213072,213208,136
114,0,blank,0,373.1813,580.8082,213273,213306,33
114,0,blank,0,280.497325,633.392175,213593,213724,131
114,0,blank,0,273.649,637.773,213755,213787,32
114,36,pop,206,312.6949,622.178,213820,213852,32
114,0,blank,0,316.6854,629.7783,213948,213981,33
114,0,blank,0,280.585283333333,627.158583333333,214116,214309,193
114,0,blank,0,289.5734,635.0768,214309,214339,30
114,0,blank,0,333.42896,635.97478,214433,214599,166
114,0,blank,0,365.5617,633.8718,214665,214762,97
114,0,blank,0,394.912133333333,631.875966666667,214826,214924,98
114,0,blank,0,-323,-105,214955,215149,194
114,0,blank,0,-323,-105,215149,215330,181
114,0,blank,0,-323,-105,215330,215397,67
114,0,blank,0,304.1631,653.1079,215426,215441,15
114,0,blank,0,384.243575,658.588975,215514,215644,130
114,0,blank,0,390.7283,652.9789,215709,215741,32
114,0,blank,0,387.8605,652.2523,215774,215807,33
114,0,blank,0,398.1362,676.7064,215839,215871,32
114,0,blank,0,405.6122,649.0722,215935,215969,34
114,0,blank,0,392.0658,631.6988,216031,216063,32
114,0,blank,0,298.123933333333,546.346533333333,216127,216229,102
114,0,blank,0,299.95645,554.5823,216326,216390,64
114,0,blank,0,304.4621,544.2393,216454,216486,32
114,0,blank,0,308.1836,547.3583,216554,216621,67
114,0,blank,0,305.6313,596.620566666667,216687,216788,101
114,36,pop,206,308.76228,621.17196,216855,217023,168
114,0,blank,0,313.5121,630.7237,217023,217091,68
114,0,blank,0,288.401083333333,630.551983333333,217157,217354,197
114,0,blank,0,282.1789,629.242,217354,217415,61
114,34,!=,196,282.10914,562.49484,217515,217676,161
114,0,blank,0,304.5859,551.2184,217710,217776,66
114,0,blank,0,366.518025,627.2824,217842,217969,127
114,0,blank,0,365.812833333333,627.8308,218002,218098,96
114,0,blank,0,226.1555,481.0384,218200,218233,33
114,0,blank,0,243.5992,492.4219,218269,218337,68
114,0,blank,0,236.462125,485.177325,218370,218503,133
114,0,blank,0,236.3814,489.4001,218536,218570,34
114,0,blank,0,250.56955,451.32415,218667,218735,68
114,0,blank,0,236.28176,366.59836,218770,218939,169
114,0,blank,0,242.7787,374.5839,218974,219007,33
114,28,(,173,231.4715,444.75715,219071,219137,66
114,0,blank,0,228.1946,454.1796,219171,219206,35
114,0,blank,0,263.98566,422.25526,219238,219402,164
114,0,blank,0,298.869616666667,414.05145,219435,219626,191
114,0,blank,0,-323,-105,219656,219792,136
114,0,blank,0,309.111833333333,461.066666666667,220031,220124,93
114,0,blank,0,314.37355,461.53545,220159,220221,62
114,0,blank,0,324.0018,452.6539,220253,220284,31
114,0,blank,0,309.7018,452.715,220317,220348,31
114,0,blank,0,281.519325,452.559225,220447,220577,130
114,0,blank,0,372.017,453.0029,220640,220672,32
114,0,blank,0,347.27256,413.28872,220704,220863,159
114,0,blank,0,286.6901,544.4779,220930,221026,96
114,0,blank,0,276.76595,549.866475,221058,221191,133
114,0,blank,0,279.4734,552.2718,221256,221289,33
114,0,blank,0,307.742625,553.661775,221356,221489,133
114,34,top,194,257.59885,560.5662,221560,221693,133
114,0,blank,0,222.610833333333,479.274666666667,221791,221890,99
114,0,blank,0,226.88746,483.06172,221922,222082,160
114,0,blank,0,253.800275,488.83495,222146,222275,129
114,0,blank,0,264.902,495.652,222307,222340,33
114,0,blank,0,273.4497,436.22,222406,222472,66
114,0,blank,0,268.8452,426.0253,222540,222574,34
114,0,blank,0,307.5777,422.2266,222605,222638,33
114,0,blank,0,291.9648,416.3604,222672,222704,32
114,0,blank,0,321.59185,411.44585,222860,222923,63
114,0,blank,0,-323,-105,223019,223152,133
114,0,blank,0,303.151333333333,430.061766666667,223304,223397,93
114,0,blank,0,344.7335,614.0438,223430,223461,31
114,0,blank,0,343.9827,638.8247,223493,223558,65
114,36,pop,206,332.9745,622.938,223624,223657,33
114,0,blank,0,379.488733333333,628.539666666667,223689,223790,101
114,0,blank,0,380.727466666667,630.029266666667,223823,223923,100
114,0,blank,0,322.070166666667,637.0618,224022,224121,99
114,0,blank,0,332.6566,643.4196,224153,224185,32
114,0,blank,0,317.766066666667,632.102466666667,224217,224316,99
114,0,blank,0,321.4292,626.6437,224348,224380,32
114,0,blank,0,283.09585,619.6743,224543,224605,62
114,0,blank,0,283.468333333333,628.3491,224637,224736,99
114,26,ch,165,276.631516666667,393.624416666667,224799,224989,190
114,26,ch,165,274.171,398.0188,224989,225022,33
114,26,;,166,287.804,398.4654,225085,225118,33
114,0,blank,0,311.23155,632.91525,225214,225340,126
114,0,blank,0,351.7304,629.50435,225468,225566,98
114,0,blank,0,343.8549,626.6078,225566,225684,118
114,0,blank,0,240.579,676.92015,225931,225996,65
114,0,blank,0,218.405975,715.255125,226122,226250,128
114,0,blank,0,226.01915,722.74745,226281,226344,63
114,0,blank,0,304.858425,712.444,226503,226631,128
114,0,blank,0,341.6262,714.032825,226726,226854,128
114,0,blank,0,419.1469,716.3785,227015,227047,32
114,0,blank,0,1008.914,294.2926,227144,227175,31
114,0,blank,0,1002.84933333333,284.698333333333,227239,227334,95
114,0,blank,0,1032.81633333333,228.992733333333,227394,227587,193
114,0,blank,0,1033.37766666667,230.423466666667,227587,227777,190
114,0,blank,0,1027.8655,238.129233333333,227777,227967,190
114,0,blank,0,1027.2035,244.40195,227967,228030,63
114,0,blank,0,416.683325,669.440275,228125,228258,133
114,0,blank,0,356.337175,711.03995,228325,228452,127
114,0,blank,0,353.9129,728.0025,228544,228576,32
114,0,blank,0,472.758033333333,710.528916666667,228699,228888,189
114,0,blank,0,548.1867,680.9175,228920,228952,32
114,0,blank,0,550.2375,686.162,228984,229015,31
114,0,blank,0,550.9537,702.2256,229046,229109,63
114,0,blank,0,640.1184,692.82355,229172,229235,63
115,42,preced,243,321.133,585.6741,229540,229606,66
115,0,blank,0,266.633475,609.283125,229699,229825,126
115,42,),250,256.7452,600.2835,229860,229889,29
115,42,preced,243,348.334,594.0115,229982,230012,30
115,42,(,244,359.0652,596.0398,230042,230104,62
115,42,top,247,424.204,599.1274,230135,230170,35
115,42,[,246,418.0854,586.4952,230199,230230,31
115,0,blank,0,419.7064,604.3953,230261,230291,30
115,42,preced,243,312.4187,601.28625,230412,230473,61
115,0,blank,0,316.8992,607.7205,230564,230594,30
115,42,preced,243,322.5398,601.3329,230655,230686,31
115,0,blank,0,983.831666666667,350.588066666667,230776,230868,92
115,0,blank,0,1030.047,288.338,230959,230990,31
115,0,blank,0,1027.62133333333,298.1457,231019,231202,183
115,0,blank,0,1028.6945,306.6422,231202,231265,63
115,0,blank,0,366.2686,637.195766666667,231424,231523,99
116,0,blank,0,268.67325,410.2476,231908,231971,63
116,0,blank,0,277.7278,403.3688,232096,232127,31
116,0,blank,0,251.8849,391.4953,232189,232252,63
116,48,ch,264,310.351,449.9294,232377,232408,31
116,50,],280,316.7404,486.269,232440,232470,30
116,0,blank,0,321.4745,464.2938,232501,232533,32
116,0,blank,0,365.0532,452.79195,232627,232691,64
116,0,blank,0,389.662,477.0323,232722,232754,32
116,0,blank,0,283.244625,472.1961,232879,233002,123
116,48,<=,266,350.5665,462.4013,233095,233126,31
116,48,<=,266,353.3061,448.2606,233186,233217,31
116,48,stack,269,469.9801,452.1412,233311,233344,33
116,48,stack,269,469.4971,455.99045,233435,233498,63
116,0,blank,0,463.6713,464.8403,233529,233560,31
116,48,top,271,530.898,457.92675,233684,233748,64
116,0,blank,0,537.1772,484.5399,233778,233810,32
116,0,blank,0,340.22235,513.138533333333,233842,234032,190
116,0,blank,0,348.2589,519.92538,234032,234187,155
116,0,blank,0,233.6749,622.2947,234250,234281,31
116,0,blank,0,235.440466666667,641.1403,234342,234434,92
116,0,blank,0,212.0329,670.1384,234496,234528,32
116,57,),302,186.314425,653.775775,234559,234689,130
116,0,blank,0,206.831,664.4634,234720,234753,33
116,57,-1,301,183.9741,652.9105,234815,234846,31
116,0,blank,0,209.9269,639.21755,234972,235034,62
116,0,blank,0,212.5161,634.7669,235095,235126,31
116,0,blank,0,260.5493,635.4326,235218,235250,32
116,0,blank,0,-323,-105,235344,235535,191
116,0,blank,0,-323,-105,235535,235633,98
116,0,blank,0,263.958033333333,658.717233333333,235683,235870,187
116,0,blank,0,264.4686,657.934733333333,235870,235966,96
116,0,blank,0,245.4726,644.7621,235997,236029,32
116,0,blank,0,258.03675,659.4592,236062,236124,62
116,0,blank,0,183.08385,693.4521,236247,236312,65
116,58,],307,200.2141,668.5043,236340,236370,30
116,0,blank,0,229.3219,670.3988,236401,236526,125
116,0,blank,0,1019.6048,358.25716,236650,236809,159
116,58,pop,309,261.419083333333,672.741616666667,236902,237090,188
116,58,pop,309,250.6053,666.21965,237090,237156,66
116,58,(,310,265.1627,678.8055,237187,237218,31
117,58,=,308,215.63715,456.823966666667,237533,237722,189
117,58,=,308,216.30215,459.46165,237722,237784,62
117,0,blank,0,229.968466666667,460.775166666667,237817,237914,97
117,0,blank,0,227.471766666667,467.809833333333,237948,238041,93
117,59,"\nThepostfixexpressionis:%s\n",315,206.3238,490.8033,238105,238139,34
117,59,"\nThepostfixexpressionis:%s\n",315,198.668575,484.31545,238169,238297,128
117,59,"\nThepostfixexpressionis:%s\n",315,229.89455,480.606433333333,238328,238519,191
117,59,"\nThepostfixexpressionis:%s\n",315,233.0645,485.4899,238553,238586,33
117,59,"\nThepostfixexpressionis:%s\n",315,229.8863,475.524,238617,238649,32
117,59,"\nThepostfixexpressionis:%s\n",315,264.8171,473.61455,238682,238745,63
117,59,"\nThepostfixexpressionis:%s\n",315,257.68815,473.495,238777,238840,63
117,59,"\nThepostfixexpressionis:%s\n",315,323.3371,482.5912,238904,238935,31
117,0,blank,0,332.0038,499.181,238997,239028,31
117,0,blank,0,309.7814,462.3383,239091,239123,32
117,59,"\nThepostfixexpressionis:%s\n",315,324.897,479.3491,239155,239186,31
117,0,blank,0,198.687816666667,501.644733333333,239283,239473,190
117,0,blank,0,192.469533333333,506.125433333333,239473,239570,97
117,0,blank,0,306.3532,498.9359,239759,239825,66
117,59,"\nThepostfixexpressionis:%s\n",315,374.223766666667,481.2975,239984,240081,97
117,59,postfix,317,496.5817,488.2454,240175,240208,33
117,0,blank,0,495.3546,493.3729,240300,240331,31
117,59,postfix,317,488.9555,482.1985,240365,240394,29
117,59,),318,550.0232,483.1528,240458,240520,62
117,0,blank,0,556.2267,497.0419,240551,240585,34
117,0,blank,0,197.61055,529.2985,240648,240840,192
117,0,blank,0,198.3259,532.0917,240840,240872,32
117,62,el,328,165.895875,545.9805,240935,241066,131
117,0,blank,0,165.4256,573.9704,241226,241259,33
117,0,blank,0,215.24902,572.02878,241325,241487,162
117,0,blank,0,1020.99,359.3875,241614,241644,30
117,0,blank,0,1024.505,379.3584,241674,241736,62
117,0,blank,0,1024.787,379.3326,241796,241829,33
117,0,blank,0,221.29326,576.8028,241957,242115,158
117,0,blank,0,211.1543,573.24865,242147,242211,64
117,0,blank,0,980.403,397.5093,242341,242372,31
117,0,blank,0,240.7699,607.0532,242589,242619,30
117,0,blank,0,226.430433333333,607.2373,242651,242747,96
117,0,blank,0,206.633833333333,621.038483333333,242777,242966,189
117,0,blank,0,207.28135,617.05105,242966,243030,64
118,0,blank,0,200.35135,503.0402,243598,243662,64
118,0,blank,0,172.776933333333,495.208733333333,243727,243827,100
118,0,blank,0,1002.67233333333,460.970616666667,243925,244111,186
118,0,blank,0,1028.986,465.15295,244236,244295,59
118,0,blank,0,1027.354,469.05985,244327,244513,186
118,0,blank,0,1027.4115,476.3197,244513,244576,63
118,79,;,383,240.1328,588.1915,244639,244670,31
118,80,0,390,240.69455,596.1343,244702,244769,67
119,0,blank,0,245.2191,516.4308,245055,245086,31
119,0,blank,0,199.919366666667,507.467566666667,245150,245247,97
119,0,blank,0,202.49375,449.87955,245310,245373,63
119,0,blank,0,212.53525,456.13365,245408,245473,65
119,85,"\nError!Stackisempty.\n",400,302.96294,438.00838,245506,245668,162
119,0,blank,0,289.857533333333,460.620066666667,245763,245859,96
119,0,blank,0,-323,-105,246023,246200,177
119,85,"\nError!Stackisempty.\n",400,363.8225,438.4253,246355,246394,39
119,0,blank,0,280.39506,449.04336,246453,246615,162
119,85,"\nError!Stackisempty.\n",400,337.527,439.4763,246773,246803,30
119,85,"\nError!Stackisempty.\n",400,342.75215,441.01275,246835,246956,121
119,85,"\nError!Stackisempty.\n",400,399.983266666667,438.617366666667,247051,247147,96
119,0,blank,0,288.64495,607.467033333333,247270,247454,184
119,93,ch,437,282.9254,605.0841,247454,247579,125
119,0,blank,0,-128.656616666667,402.876383333333,247675,247874,199
119,0,blank,0,-131.5752,398.9042,247874,247906,32
119,0,blank,0,-228.00002,391.52966,247939,248102,163
119,0,blank,0,-223.5517,407.0018,248135,248168,33
119,0,blank,0,-199.3783,694.1202,248298,248330,32
119,0,blank,0,-190.6138,695.0889,248362,248396,34
119,0,blank,0,-213.9374,692.9983,248619,248717,98
119,0,blank,0,-212.6291,686.3726,248749,248781,32
119,0,blank,0,427.2665,727.2825,248876,249041,165
119,0,blank,0,-221.109133333333,666.761366666667,249168,249265,97
119,0,blank,0,-195.324983333333,677.534466666667,249297,249490,193
119,0,blank,0,-191.32766,678.02968,249490,249654,164
119,0,blank,0,-181.4063,682.7855,249690,249753,63
119,0,blank,0,409.52385,731.2351,249884,249948,64
119,0,blank,0,-194.0741,704.4014,250046,250076,30
119,0,blank,0,-198.208525,712.4212,250107,250232,125
119,0,blank,0,-232.4375,714.6811,250264,250296,32
119,0,blank,0,-219.892925,713.42705,250328,250456,128
119,0,blank,0,163.01425,566.29605,250521,250587,66
119,0,blank,0,158.398525,578.165925,250653,250785,132
119,89,(,412,109.6188,526.582,250919,250949,30
119,0,blank,0,637.74065,788.99125,251145,251211,66
119,0,blank,0,652.010433333333,773.205566666667,251242,251337,95
119,0,blank,0,546.3729,776.1325,251370,251403,33
119,0,blank,0,522.429266666667,775.564733333333,251435,251534,99
119,0,blank,0,413.98708,783.93912,251836,251999,163
119,89,char,413,124.05155,519.52475,252066,252133,67
119,89,char,413,119.99845,514.590183333333,252166,252365,199
119,79,stack,379,140.65585,310.88695,252465,252530,65
119,79,stack,379,146.5118,301.366,252564,252598,34
119,77,>,373,128.039633333333,263.699133333333,252660,252755,95
119,77,>,373,129.1554,256.0491,252787,252854,67
119,85,"\nError!Stackisempty.\n",400,190.5203,438.9621,253013,253109,96
119,85,"\nError!Stackisempty.\n",400,274.833766666667,432.906983333333,253141,253334,193
119,85,"\nError!Stackisempty.\n",400,275.52315,435.62035,253334,253399,65
119,0,blank,0,165.321875,86.44355,253494,253619,125
119,0,blank,0,161.7597,86.7562,253679,253710,31
119,76,char,367,46.4443,227.4827,253770,253801,31
119,0,blank,0,53.46992,223.84504,253861,254014,153
119,77,top,372,89.3522,263.3538,254076,254107,31
119,0,blank,0,173.147233333333,590.606533333333,254295,254392,97
119,0,blank,0,188.4249,588.0007,254456,254489,33
119,0,blank,0,186.2313,579.7321,254552,254584,32
119,89,char,413,140.3715,520.2463,254680,254712,32
119,0,blank,0,124.7907,534.56555,254745,254809,64
119,0,blank,0,404.716375,768.562925,254906,255036,130
119,0,blank,0,416.1758,767.0522,255069,255135,66
119,0,blank,0,450.333616666667,777.195766666667,255168,255360,192
119,0,blank,0,304.8689,771.1966,255425,255492,67
119,0,blank,0,297.6823,770.8378,255557,255590,33
119,0,blank,0,319.6958,788.3357,255688,255722,34
119,0,blank,0,-20.0766,778.085933333333,255855,255954,99
119,0,blank,0,-17.68545,787.2279,256020,256087,67
119,0,blank,0,-323,-105,256187,256318,131
119,0,blank,0,93.710025,381.482375,256435,256564,129
119,0,blank,0,-119.6742,456.74485,256662,256726,64
119,0,blank,0,-118.87455,455.9135,256823,256886,63
119,0,blank,0,-323,-105,256983,257143,160
119,89,preced,411,67.4875,529.7329,257246,257277,31
119,0,blank,0,86.69254,53.28544,257467,257619,152
119,0,blank,0,-159.05145,-54.855975,257713,257835,122
119,0,blank,0,-147.893,-38.5331,257866,257896,30
119,0,blank,0,-323,-105,257958,258096,138
119,0,blank,0,307.662,551.7308,258220,258245,25
119,0,blank,0,579.299033333333,758.582033333333,258339,258533,194
119,0,blank,0,575.5392,753.1661,258533,258566,33
119,0,blank,0,563.3871,746.637,258566,258896,330
119,0,blank,0,573.284066666667,-103.895066666667,258956,259152,196
119,0,blank,0,568.927,-103.8793,259152,259183,31
119,0,blank,0,142.15268,381.8101,259247,259421,174
119,0,blank,0,138.9357,391.1976,259421,259457,36
119,0,blank,0,59.4993666666667,402.7917,259527,259632,105
119,70,"\nError!Stackisfull.\n",352,288.3228,108.582633333333,259736,259831,95
119,0,blank,0,-205.321,429.7749,259894,259919,25
119,0,blank,0,-194.48596,453.04314,259952,260119,167
119,0,blank,0,-156.7856,462.2156,260217,260250,33
119,0,blank,0,-244.095683333333,690.3406,260352,260550,198
119,0,blank,0,-253.195,687.9788,260550,260583,33
119,0,blank,0,-323,-105,260653,260839,186
119,0,blank,0,-323,-105,260839,260895,56
119,0,blank,0,63.72485,-103.98065,260925,260976,51
119,0,blank,0,556.9706,-103.9897,261072,261105,33
119,0,blank,0,536.8653,-103.9768,261268,261302,34
119,0,blank,0,423.8874,789.6959,261431,261466,35
119,0,blank,0,690.4072,785.9791,261697,261864,167
119,0,blank,0,977.909,782.035233333333,262088,262184,96
119,0,blank,0,1027.556,553.06184,262251,262409,158
119,0,blank,0,167.127616666667,565.805383333333,262539,262734,195
119,0,blank,0,167.916,563.85,262734,262768,34
119,0,blank,0,-181.7451,678.2341,262896,262964,68
119,0,blank,0,-323,-105,262996,263129,133
119,0,blank,0,-31.3488,768.7779,263154,263180,26
119,0,blank,0,-227.93745,704.92195,263269,263335,66
119,0,blank,0,13.3628,742.6689,263529,263560,31
119,0,blank,0,-32.9826,781.7484,263624,263655,31
119,0,blank,0,-49.0192,772.7914,263720,263752,32
119,0,blank,0,568.7138,774.9632,263880,263916,36
119,0,blank,0,574.0902,779.976425,264014,264148,134
119,0,blank,0,58.744275,366.455175,264287,264417,130
119,0,blank,0,100.4207,355.6649,264547,264579,32
119,0,blank,0,-107.485066666667,363.917633333333,264641,264827,186
119,0,blank,0,-323,-105,264857,265029,172
119,0,blank,0,-323,-105,265029,265077,48
119,0,blank,0,116.8421,481.424533333333,265247,265343,96
119,0,blank,0,93.48415,477.57605,265475,265545,70
119,85,"\nError!Stackisempty.\n",400,210.8609,435.132,265579,265716,137
119,85,"\nError!Stackisempty.\n",400,161.6516,435.6724,265748,265782,34
119,86,),406,159.385125,446.461125,265817,265951,134
119,85,"\nError!Stackisempty.\n",400,252.6249,433.9545,266019,266052,33
119,85,"\nError!Stackisempty.\n",400,241.42248,436.46704,266086,266255,169
119,85,"\nError!Stackisempty.\n",400,224.7762,435.7495,266255,266294,39
119,0,blank,0,171.9325,444.327,266362,266480,118
119,85,"\nError!Stackisempty.\n",400,264.8138,437.3571,266716,266777,61
119,0,blank,0,336.3645,444.059875,266850,266985,135
119,0,blank,0,632.68024,609.87586,267052,267222,170
119,94,1,442,163.6213,632.09818,267293,267461,168
119,0,blank,0,723.3916,785.02712,267528,267702,174
119,0,blank,0,739.963,789.6774,267702,267737,35
119,0,blank,0,1000.76975,782.410225,267840,267969,129
119,0,blank,0,957.2695,-103.9975,268032,268095,63
119,0,blank,0,952.029,-103.9906,268160,268223,63
119,0,blank,0,958.4125,-103.9924,268286,268351,65
119,0,blank,0,440.70662,644.56478,268416,268579,163
119,0,blank,0,193.192,628.0581,268644,268710,66
119,0,blank,0,192.5944,635.18515,268775,268842,67
119,0,blank,0,175.190525,-103.981675,268942,269075,133
119,0,blank,0,141.986175,-103.98985,269144,269271,127
119,0,blank,0,-323,-105,269335,269514,179
119,0,blank,0,109.1799,402.3828,269591,269622,31
119,0,blank,0,198.41272,412.09958,269688,269854,166
119,0,blank,0,219.8568,448.82085,269887,270019,132
119,0,blank,0,289.7678,458.3015,270083,270116,33
119,0,blank,0,285.6432,451.3573,270179,270211,32
119,0,blank,0,293.4875,462.20535,270243,270306,63
119,0,blank,0,369.26105,448.782,270373,270438,65
119,0,blank,0,374.1878,472.5631,270470,270502,32
119,0,blank,0,364.700133333333,453.020966666667,270534,270632,98
119,0,blank,0,328.0226,472.2728,270663,270697,34
119,0,blank,0,341.6286,465.0124,270728,270759,31
119,0,blank,0,292.8004,474.4272,270854,270887,33
119,0,blank,0,274.926833333333,463.859066666667,270919,271108,189
119,0,blank,0,269.7546,455.9237,271108,271140,32
119,0,blank,0,-323,-105,271174,271357,183
119,0,blank,0,1026.624,548.7946,271674,271739,65
119,0,blank,0,1034.2705,544.45655,271773,271836,63
119,85,"\nError!Stackisempty.\n",400,322.668775,438.841925,271930,272058,128
119,0,blank,0,331.0124,455.0026,272089,272155,66
119,0,blank,0,244.85952,454.37514,272186,272348,162
119,0,blank,0,990.6475,517.68205,272448,272512,64
119,0,blank,0,994.2565,533.92115,272580,272647,67
119,0,blank,0,-323,-105,272681,272867,186
119,0,blank,0,286.947,546.188,272894,272919,25
119,0,blank,0,370.078,444.01165,273114,273177,63
119,0,blank,0,234.42425,489.8084,273305,273373,68
119,0,blank,0,216.6492,463.0656,273405,273437,32
119,0,blank,0,224.7897,469.3467,273470,273597,127
119,0,blank,0,179.6025,592.77785,273629,273692,63
119,0,blank,0,161.9217,543.8945,273855,273888,33
119,0,blank,0,173.8141,548.562516666667,273920,274111,191
119,0,blank,0,180.34628,548.34112,274111,274269,158
119,0,blank,0,161.0931,540.5428,274301,274333,32
119,0,blank,0,168.08228,549.0323,274367,274522,155
119,0,blank,0,182.717775,541.656025,274553,274677,124
119,0,blank,0,189.8317,551.27625,274708,274772,64
119,0,blank,0,234.672916666667,538.705216666667,274865,275052,187
119,0,blank,0,238.06195,551.42075,275052,275115,63
119,0,blank,0,261.3871,591.9478,275182,275242,60
119,0,blank,0,265.237366666667,587.555533333333,275304,275394,90
119,0,blank,0,217.52105,592.0428,275518,275579,61
119,93,||,436,238.4102,602.3995,275609,275670,61
119,0,blank,0,226.3434,589.6439,275731,275761,30
119,0,blank,0,238.06645,584.8662,275792,275853,61
119,92,0,428,155.280066666667,589.2164,275944,276035,91
119,0,blank,0,203.2209,549.964,276129,276190,61
119,91,ch,423,206.6306,563.3937,276221,276252,31
119,0,blank,0,203.6446,551.1915,276282,276313,31
119,0,blank,0,1023.3235,588.8945,276465,276525,60
119,0,blank,0,1031.4145,588.6056,276617,276677,60
119,0,blank,0,1036.529,533.9041,276739,276769,30
119,0,blank,0,1041.256,532.7501,276831,276863,32
119,0,blank,0,769.786,714.1891,276988,277021,33
119,0,blank,0,765.5975,732.6786,277085,277214,129
119,0,blank,0,635.42805,748.35455,277279,277343,64
119,0,blank,0,591.91455,745.2852,277469,277534,65
119,0,blank,0,69.11175,759.68215,277631,277755,124
119,0,blank,0,45.3361,747.755,277785,277816,31
119,0,blank,0,-218.94598,702.40214,277908,278072,164
119,0,blank,0,1005.085,539.0596,278269,278332,63
119,0,blank,0,1023.077,502.1959,278364,278394,30
119,0,blank,0,1035.681,496.4419,278426,278456,30
119,0,blank,0,662.035,-24.67,278548,278580,32
119,0,blank,0,658.5826,-25.1656,278611,278642,31
119,0,blank,0,232.913816666667,-30.4415166666667,278737,278926,189
119,0,blank,0,234.06805,-32.62255,278926,278988,62
119,0,blank,0,205.1873,-28.131775,279019,279147,128
119,0,blank,0,292.651766666667,-34.7105,279208,279395,187
119,0,blank,0,289.41274,-36.15216,279395,279548,153
120,0,blank,0,290.3824,-25.0687,279794,279825,31
120,0,blank,0,1055.656,381.0515,279981,280012,31
120,0,blank,0,1051.4,380.1922,280043,280074,31
120,0,blank,0,1045.6386,380.6168,280166,280317,151
120,0,blank,0,1042.9272,385.39384,280377,280533,156
120,0,blank,0,230.91586,182.2282,280626,280786,160
120,0,blank,0,229.14898,186.50804,280817,280973,156
121,0,blank,0,342.55476,7.09446,281129,281284,155
121,0,blank,0,369.263566666667,-19.7726666666667,281345,281438,93
121,0,blank,0,997.189166666667,204.385783333333,281530,281723,193
121,0,blank,0,1000.762,194.2144,281723,281754,31
121,0,blank,0,1039.45833333333,300.3692,281816,281910,94
121,0,blank,0,1033.346,300.151925,281942,282068,126
121,0,blank,0,319.9308,-13.1492166666667,282163,282354,191
122,0,blank,0,317.075966666667,-0.733699999999999,282605,282698,93
122,1,convert,5,147.89622,16.97658,282761,282919,158
122,0,blank,0,148.837666666667,-2.65433333333333,282986,283085,99
122,0,blank,0,263.858,-1.26943333333333,283151,283342,191
122,0,blank,0,258.2977,-7.56480000000001,283342,283373,31
122,0,blank,0,317.760866666667,-1.82756666666666,283467,283563,96
122,0,blank,0,300.84304,2.49708,283593,283749,156
122,0,blank,0,397.726275,-2.307925,283811,283936,125
122,0,blank,0,498.99452,-4.80096,283998,284156,158
122,0,blank,0,127.04774,-30.19716,284248,284406,158
122,0,blank,0,70.2766,-31.45348,284469,284626,157
122,0,blank,0,266.750133333333,-38.0492333333333,284724,284912,188
122,0,blank,0,269.87855,-37.58155,284912,284977,65
122,0,blank,0,263.780833333333,-18.7275,285040,285134,94
122,0,blank,0,259.9341,-24.6572,285165,285288,123
122,0,blank,0,264.912933333333,-22.7535333333333,285352,285445,93
122,0,blank,0,295.042366666667,-19.0183333333333,285475,285665,190
122,0,blank,0,299.48205,-5.42565,285665,285727,62
122,0,blank,0,300.206533333333,-8.11333333333334,285759,285852,93
122,0,blank,0,297.60006,-12.3138,285884,286044,160
122,0,blank,0,382.852766666667,-5.3263,286075,286268,193
122,0,blank,0,503.748833333333,-23.5801666666667,286297,286392,95
122,0,blank,0,506.1738,-16.0205,286423,286457,34
122,0,blank,0,506.6436,-9.9319,286580,286611,31
122,0,blank,0,643.5382,-17.6021,286673,286852,179
122,0,blank,0,651.333,-16.2757,286852,286955,103
122,0,blank,0,613.513975,-14.5329,287050,287180,130
122,0,blank,0,565.23745,-7.461825,287210,287334,124
122,0,blank,0,597.0921,1.78149999999999,287396,287426,30
122,0,blank,0,604.71335,-8.0297,287522,287585,63
122,0,blank,0,325.96975,-15.1013,287679,287866,187
122,0,blank,0,317.431,-25.1293,287866,287897,31
122,0,blank,0,380.3185,-23.1538,287959,287989,30
122,0,blank,0,376.09785,-7.102,288051,288113,62
122,0,blank,0,368.7209,-20.9331,288143,288174,31
122,0,blank,0,372.6556,-15.20755,288204,288266,62
122,0,blank,0,557.3195,-6.2039,288328,288359,31
122,0,blank,0,561.0973,-0.770249999999997,288420,288483,63
122,1,expression,10,567.50165,12.5823,288514,288575,61
122,0,blank,0,686.886833333333,0.961433333333332,288640,288823,183
122,0,blank,0,690.3175,4.0291,288823,288885,62
122,0,blank,0,745.951,4.8745,288917,288946,29
122,0,blank,0,746.368333333333,9.4771,288978,289073,95
122,0,blank,0,386.31665,-32.2797,289167,289229,62
122,0,blank,0,379.863666666667,-26.1226333333333,289291,289385,94
122,0,blank,0,276.720033333333,-25.0874333333333,289415,289605,190
122,0,blank,0,278.530966666667,-22.7255,289605,289701,96
122,0,blank,0,216.241666666667,-21.8794,289733,289921,188
122,0,blank,0,222.859266666667,-13.5801,289921,290014,93
122,0,blank,0,438.7015,-19.0819,290106,290139,33
122,0,blank,0,440.8757,-22.3905,290170,290293,123
122,0,blank,0,441.7258,-27.7876,290358,290419,61
122,0,blank,0,440.7711,-18.1402833333333,290481,290668,187
122,0,blank,0,489.3281,-9.64898,290761,290918,157
122,0,blank,0,770.525833333333,5.90145,290979,291168,189
122,0,blank,0,773.2865,6.58975,291168,291231,63
122,0,blank,0,836.402,21.516,291293,291325,32
122,0,blank,0,840.181166666667,8.49625,291355,291542,187
122,0,blank,0,818.07075,7.14185,291573,291696,123
122,0,blank,0,695.556,12.17985,291792,291974,182
122,0,blank,0,697.24,10.8267,292005,292066,61
122,0,blank,0,760.87875,9.164375,292128,292253,125
122,0,blank,0,413.151566666667,-23.8642666666667,292316,292409,93
122,0,blank,0,423.5277,-1.2651,292441,292473,32
122,0,blank,0,379.613783333333,-29.48235,292503,292693,190
122,0,blank,0,380.397625,-24.80085,292693,292821,128
122,0,blank,0,385.7433,-15.4384666666667,292852,293044,192
122,0,blank,0,792.421666666667,-3.7376,293108,293204,96
122,0,blank,0,795.664,6.63035,293237,293298,61
122,0,blank,0,748.57775,0.251225000000002,293359,293484,125
122,0,blank,0,751.941,18.4593,293513,293544,31
122,0,blank,0,747.795,5.04126666666667,293576,293668,92
122,0,blank,0,688.68275,5.557575,293730,293854,124
122,0,blank,0,684.079,16.1305,293885,294008,123
122,0,blank,0,633.9968,9.13105,294133,294195,62
122,0,blank,0,210.0257,-33.3855333333333,294286,294475,189
122,0,blank,0,205.66405,-34.3056,294475,294538,63
122,0,blank,0,1060.0065,169.698,294694,294759,65
122,0,blank,0,1054.272,169.9602,294852,294882,30
122,0,blank,0,228.730133333333,271.829366666667,295068,295165,97
122,0,blank,0,179.764566666667,215.6227,295230,295326,96
122,0,blank,0,186.3349,223.7374,295419,295453,34
122,0,blank,0,-323,-105,295481,295589,108
122,0,blank,0,167.716866666667,142.0842,295865,295959,94
122,0,blank,0,152.5817,133.2874,295989,296019,30
122,0,blank,0,193.64658,129.79356,296050,296211,161
122,0,blank,0,204.8621,143.167,296243,296274,31
122,0,blank,0,186.28195,101.073725,296306,296433,127
122,0,blank,0,223.4525,132.902,296558,296591,33
122,0,blank,0,213.7695,136.134,296656,296687,31
122,0,blank,0,139.4949,135.7468,296719,296752,33
122,0,blank,0,151.937833333333,150.646566666667,296813,296909,96
122,0,blank,0,144.8909,138.8337,296938,297033,95
122,8,),53,155.607275,166.56105,297064,297193,129
122,8,;,54,165.0766,173.89615,297291,297354,63
122,0,blank,0,178.0056,159.0293,297420,297452,32
122,0,blank,0,178.433566666667,172.918,297485,297585,100
122,8,),53,158.99865,175.4838,297615,297679,64
122,9,SIZE,68,151.979625,182.3158,297710,297837,127
122,8,),53,161.463383333333,161.493383333333,297930,298122,192
122,8,),53,154.85775,159.8831,298122,298189,67
122,0,blank,0,161.1681,289.188566666667,298282,298378,96
122,14,=,90,164.756275,290.01375,298409,298534,125
122,0,blank,0,204.6087,326.3132,298566,298662,96
122,0,blank,0,208.0299,326.184,298723,298755,32
122,0,blank,0,-323,-105,298787,298973,186
122,0,blank,0,-323,-105,298973,299003,30
122,0,blank,0,-210.6542,451.9805,299158,299183,25
122,20,"%s",122,141.30135,435.74805,299420,299487,67
122,7,pop,45,62.6618,152.836675,299591,299722,131
122,7,pop,45,64.4833,149.292,299753,299818,65
122,0,blank,0,130.2221,96.9384166666667,299880,300068,188
122,0,blank,0,131.1626,98.44575,300068,300131,63
122,3,stdlib,23,96.83206,54.75412,300163,300322,159
122,11,main,77,53.6356666666667,234.605966666667,300385,300583,198
122,11,main,77,54.9043333333333,231.649233333333,300583,300679,96
122,0,blank,0,-155.54305,401.6942,300747,300882,135
122,0,blank,0,-115.740333333333,414.634233333333,301017,301117,100
122,0,blank,0,-238.89978,405.01036,301183,301354,171
122,0,blank,0,-225.201766666667,393.194133333333,301354,301551,197
122,0,blank,0,95.27568,7.39804,301651,301813,162
122,0,blank,0,131.914383333333,-24.6092166666667,301844,302033,189
122,0,blank,0,10.9171666666667,-24.79305,302064,302252,188
122,0,blank,0,11.4117333333333,-24.8006666666667,302252,302347,95
122,0,blank,0,998.5845,110.201525,302507,302637,130
122,0,blank,0,1039.171,120.35285,302765,302830,65
122,0,blank,0,1032.412,126.363966666667,302865,302959,94
122,17,i,109,146.6171,361.1101,303055,303080,25
122,17,],110,156.399316666667,372.19575,303111,303305,194
122,23,[,147,187.7458,504.4585,303337,303399,62
122,23,infix,146,172.15165,495.8827,303431,303494,63
122,0,blank,0,254.9811,533.4675,303588,303621,33
122,0,blank,0,234.5424,538.84115,303841,303903,62
122,0,blank,0,221.7317,540.7065,303965,303997,32
122,0,blank,0,258.6657,590.273733333333,304062,304157,95
122,0,blank,0,251.95885,596.9749,304189,304251,62
122,0,blank,0,231.014025,675.5486,304343,304470,127
122,0,blank,0,237.9442,676.2395,304502,304533,31
122,0,blank,0,245.0811,634.15445,304596,304788,192
122,0,blank,0,243.67975,630.450425,304788,304912,124
123,0,blank,0,249.83345,533.8179,305225,305287,62
123,0,blank,0,281.1025,587.40375,305383,305448,65
123,17,],110,160.6091,175.5014,305542,305733,191
123,0,blank,0,168.5026,179.3174,305733,305764,31
123,15,SIZE,101,154.55408,131.71836,305796,305955,159
123,0,blank,0,-323,-105,306018,306198,180
123,20,infix,124,177.7956,259.6664,306437,306469,32
123,20,infix,124,172.9919,246.235,306502,306534,32
123,0,blank,0,248.418625,246.00115,306600,306730,130
123,19,"\nEnteraninfixexpression:",117,352.8071,232.7026,306857,306951,94
123,0,blank,0,313.567,256.0587,307046,307105,59
123,19,"\nEnteraninfixexpression:",117,312.927975,236.3704,307434,307578,144
123,0,blank,0,323.2727,246.4683,307609,307640,31
123,0,blank,0,367.466375,242.6686,307703,307829,126
123,19,"\nEnteraninfixexpression:",117,295.151475,228.8001,307923,308048,125
123,21,i,140,195.2154,265.3119,308173,308205,32
123,21,],136,205.35,263.51785,308236,308299,63
123,0,blank,0,249.184066666667,268.5869,308460,308554,94
123,0,blank,0,255.8001,269.854133333333,308585,308679,94
123,20,),125,207.247116666667,260.463016666667,308774,308965,191
123,0,blank,0,236.1593,257.093583333333,309029,309220,191
123,0,blank,0,193.627375,293.239175,309347,309475,128
123,0,blank,0,264.3151,292.414,309569,309632,63
123,0,blank,0,262.0202,296.0095,309697,309728,31
123,0,blank,0,-323,-105,309759,309892,133
123,0,blank,0,315.5921,295.0914,310040,310168,128
123,21,),142,345.9332,279.3163,310266,310296,30
123,0,blank,0,350.7071,288.15876,310328,310492,164
123,0,blank,0,371.21365,280.883,310559,310625,66
123,0,blank,0,377.2969,289.51655,310657,310721,64
123,0,blank,0,246.6073,347.00255,310786,310851,65
123,0,blank,0,244.6633,341.846066666667,310885,311084,199
123,0,blank,0,254.1712,351.5845,311084,311153,69
123,0,blank,0,242.3889,345.6972,311185,311218,33
123,24,(,154,200.775825,336.834025,311251,311382,131
123,24,(,154,198.4224,338.068,311413,311480,67
123,0,blank,0,252.521775,343.513575,311579,311710,131
123,0,blank,0,271.489375,342.8172,311810,311941,131
123,0,blank,0,265.6529,327.77065,312073,312138,65
123,0,blank,0,255.7206,296.5812,312170,312234,64
123,0,blank,0,256.2561,301.1922,312267,312299,32
123,0,blank,0,250.5339,302.4489,312364,312397,33
123,0,blank,0,234.269,359.1221,312460,312652,192
123,0,blank,0,229.266733333333,358.7108,312652,312747,95
123,0,blank,0,268.439233333333,357.822766666667,312779,312877,98
123,0,blank,0,262.72135,365.3101,312909,312974,65
123,0,blank,0,-323,-105,313005,313182,177
123,0,blank,0,263.20618,400.17022,313340,313491,151
123,0,blank,0,315.0967,408.1699,313523,313557,34
123,0,blank,0,241.2587,369.7781,313655,313687,32
123,0,blank,0,1043.1565,185.96985,313981,314041,60
123,0,blank,0,1040.87733333333,203.382666666667,314072,314165,93
123,0,blank,0,292.01215,352.25455,314356,314418,62
123,0,blank,0,1039.625,172.77164,314515,314675,160
123,0,blank,0,1030.19916666667,171.13485,314735,314918,183
123,0,blank,0,264.216,344.3874,315043,315107,64
123,0,blank,0,152.1467,63.921225,315332,315457,125
123,0,blank,0,149.3031,45.1646,315487,315518,31
123,0,blank,0,148.582433333333,6.77443333333333,315579,315765,186
123,0,blank,0,153.97155,10.104725,315765,315890,125
123,0,blank,0,185.1535,538.5234,316017,316049,32
124,89,char,413,151.79485,519.23895,317530,317592,62
124,0,blank,0,1041.426,595.7968,318032,318095,63
124,0,blank,0,1028.604,596.0101,318126,318157,31
124,0,blank,0,1018.815,591.1868,318188,318219,31
124,0,blank,0,1024.758,604.0117,318343,318374,31
124,0,blank,0,1031.5175,587.555125,318406,318535,129
124,0,blank,0,190.7252,176.6802,318697,318760,63
124,0,blank,0,145.717633333333,216.799233333333,318888,319080,192
124,0,blank,0,177.8151,235.3941,319113,319145,32
124,0,blank,0,186.1682,238.216,319210,319240,30
124,0,blank,0,210.8248,46.1459,319306,319462,156
125,0,blank,0,259.180566666667,248.673866666667,320246,320344,98
125,0,blank,0,242.0589,161.9112,320440,320472,32
125,0,blank,0,251.3882,81.3775,320503,320536,33
125,0,blank,0,254.523366666667,89.3483,320568,320661,93
125,24,),157,228.77288,110.96646,320724,320882,158
125,0,blank,0,277.265525,128.7606,320977,321102,125
125,0,blank,0,239.306433333333,174.665866666667,321196,321292,96
125,0,blank,0,230.9291,166.4879,321323,321355,32
125,0,blank,0,214.4408,267.8364,321387,321419,32
125,0,blank,0,224.2615,277.4814,321450,321545,95
125,0,blank,0,224.652775,187.573525,321611,321737,126
125,0,blank,0,246.809483333333,166.94615,321767,321955,188
125,0,blank,0,242.5834,162.39415,321955,322017,62
125,26,ch,165,287.8288,150.7545,322049,322079,30
125,0,blank,0,294.11355,165.84385,322111,322171,60
125,26,ch,165,281.1544,147.9698,322202,322232,30
125,26,ch,165,277.86845,163.108883333333,322262,322451,189
125,26,ch,165,276.483,159.1516,322451,322483,32
125,0,blank,0,345.05075,153.782,322546,322607,61
125,0,blank,0,349.4963,152.8723,322639,322669,30
125,0,blank,0,235.459575,194.4632,322731,322855,124
125,0,blank,0,230.3414,194.0808,322918,322979,61
125,0,blank,0,285.359266666667,198.808566666667,323044,323140,96
125,28,),174,267.4675,196.9212,323171,323202,31
125,0,blank,0,242.038,261.7591,323266,323297,31
125,0,blank,0,237.098725,261.803275,323360,323485,125
125,0,blank,0,-323,-105,323550,323684,134
125,0,blank,0,1032.425,301.4225,323883,323912,29
125,0,blank,0,1039.48066666667,281.006866666667,323945,324034,89
125,0,blank,0,1048.486,248.6059,324066,324097,31
125,0,blank,0,1038.2154,242.71388,324191,324353,162
125,0,blank,0,1036.80716666667,244.000366666667,324385,324575,190
125,0,blank,0,1033.392,245.26455,324575,324640,65
125,0,blank,0,183.041,571.1999,324768,324864,96
125,0,blank,0,207.8857,479.149533333333,325156,325249,93
126,0,blank,0,156.8271,524.8428,325565,325598,33
126,0,blank,0,152.76585,519.001,325663,325727,64
126,62,el,328,154.1648,520.8705,325759,325792,33
126,0,blank,0,182.9743,535.4857,325859,325955,96
126,0,blank,0,234.5472,535.6498,326051,326083,32
126,0,blank,0,979.475,414.1341,326241,326303,62
126,0,blank,0,985.751666666667,398.361633333333,326335,326425,90
126,64,),337,205.9306,566.2129,326520,326550,30
126,64,-1,336,186.9359,566.0809,326582,326613,31
126,64,SIZE,335,181.9255,555.6549,326676,326707,31
126,0,blank,0,196.7203,584.3329,326739,326771,32
126,0,blank,0,196.7318,544.406,326836,326868,32
127,0,blank,0,195.5565,480.1545,327028,327061,33
127,0,blank,0,238.1194,431.979075,327125,327252,127
127,0,blank,0,247.076925,428.95715,327316,327470,154
127,0,blank,0,251.7908,430.0988,327470,327553,83
127,0,blank,0,236.2881,476.0074,327762,327836,74
127,0,blank,0,214.5905,471.4285,327880,327910,30
127,0,blank,0,247.553,477.364,328003,328035,32
127,0,blank,0,245.3197,459.674,328196,328230,34
127,0,blank,0,260.47035,472.2428,328263,328327,64
127,0,blank,0,272.7489,481.9,328360,328392,32
127,0,blank,0,-323,-105,328522,328677,155
127,0,blank,0,257.31456,462.5734,328882,329040,158
127,0,blank,0,261.9625,474.8189,329072,329103,31
127,0,blank,0,254.826533333333,467.7268,329137,329233,96
127,0,blank,0,260.00935,471.87315,329330,329396,66
127,0,blank,0,194.396366666667,416.6847,329492,329584,92
127,66,top,342,200.7485,440.7891,329616,329647,31
127,0,blank,0,250.1633,425.5537,329803,329834,31
127,0,blank,0,244.9681,415.5031,329901,329933,32
127,0,blank,0,187.64155,437.074,330027,330094,67
127,0,blank,0,-323,-105,330159,330352,193
127,0,blank,0,305.43242,460.88886,330479,330635,156
127,0,blank,0,310.9199,463.67175,330668,330798,130
127,0,blank,0,222.414933333333,557.5866,330864,331051,187
127,0,blank,0,219.57455,557.374,331051,331114,63
127,0,blank,0,240.6257,566.2355,331147,331177,30
127,70,"\nError!Stackisfull.\n",352,295.3112,537.4904,331239,331270,31
127,70,"\nError!Stackisfull.\n",352,289.8701,543.6171,331331,331361,30
127,0,blank,0,206.4827,445.9968,331455,331488,33
127,66,],343,217.563,444.6723,331551,331582,31
127,0,blank,0,187.14275,425.0799,331614,331679,65
127,0,blank,0,189.47955,429.5154,331743,331807,64
127,0,blank,0,232.6045,434.8932,332005,332037,32
127,0,blank,0,240.3336,427.8302,332134,332165,31
127,0,blank,0,226.0258,414.8932,332198,332229,31
127,0,blank,0,234.2923,423.9027,332261,332326,65
127,0,blank,0,233.12915,432.78785,332357,332421,64
127,0,blank,0,-323,-105,332453,332639,186
127,0,blank,0,-323,-105,332639,332720,81
127,66,top,342,194.2162,443.9395,332750,332768,18
127,0,blank,0,204.2228,428.104,332867,332900,33
127,0,blank,0,250.048116666667,424.251616666667,333096,333293,197
127,0,blank,0,247.979,420.3672,333358,333389,31
127,0,blank,0,264.9411,433.3574,333486,333520,34
127,0,blank,0,275.1587,427.7679,333582,333615,33
127,64,-1,336,188.7811,408.3874,333679,333711,32
127,0,blank,0,199.4099,418.263466666667,333744,333839,95
127,0,blank,0,193.3481,423.9897,333932,333965,33
127,0,blank,0,219.979966666667,422.740583333333,333997,334193,196
127,0,blank,0,256.7794,419.2811,334258,334290,32
127,0,blank,0,259.4622,419.3509,334356,334421,65
127,0,blank,0,272.9846,460.6755,334454,334486,32
127,0,blank,0,201.2367,437.0612,334616,334649,33
127,0,blank,0,195.5413,433.0004,334712,334744,32
127,0,blank,0,223.31865,426.14285,334872,334935,63
127,66,=,344,235.0665,449.413,334970,335001,31
127,0,blank,0,216.4436,428.1868,335035,335134,99
127,0,blank,0,246.69095,487.4166,335362,335424,62
127,0,blank,0,273.1297,458.2737,335720,335781,61
127,0,blank,0,-323,-105,335873,336059,186
127,0,blank,0,-323,-105,336059,336148,89
127,0,blank,0,198.6908,416.9022,336193,336240,47
127,0,blank,0,218.4879,418.3442,336304,336335,31
127,0,blank,0,246.48218,424.06788,336463,336622,159
127,0,blank,0,243.7073,512.3544,336685,336717,32
127,0,blank,0,233.4957,498.5054,336844,336876,32
127,0,blank,0,247.9274,507.1914,337034,337066,32
127,0,blank,0,262.1633,469.827266666667,337162,337262,100
127,0,blank,0,252.6601,426.6893,337357,337389,32
127,0,blank,0,249.31745,425.2903,337453,337583,130
127,0,blank,0,233.8609,462.591166666667,337648,337746,98
127,0,blank,0,243.9479,468.8324,337844,337880,36
127,0,blank,0,219.30398,565.32586,338006,338166,160
127,0,blank,0,284.804633333333,558.395766666667,338293,338389,96
127,0,blank,0,210.5829,556.9974,338518,338549,31
127,0,blank,0,295.8816,549.0137,338799,338832,33
127,0,blank,0,304.3234,567.147,338863,338896,33
127,0,blank,0,373.796125,554.3656,338960,339085,125
127,0,blank,0,438.6752,552.36835,339179,339242,63
127,0,blank,0,226.2557,586.9155,339305,339337,32
127,0,blank,0,226.73925,580.95265,339400,339464,64
127,0,blank,0,1015.57,434.8026,339655,339716,61
127,0,blank,0,1016.0844,437.29516,339746,339898,152
127,0,blank,0,1015.005,457.429,339929,339958,29
127,0,blank,0,1031.6865,441.3589,339988,340049,61
127,0,blank,0,1019.695,450.2039,340081,340111,30
127,0,blank,0,192.9736,518.2648,340232,340257,25
127,0,blank,0,171.5702,522.3054,340288,340320,32
127,70,"\nError!Stackisfull.\n",352,184.0256,529.6375,340353,340416,63
127,0,blank,0,168.5565,657.2563,340510,340542,32
127,0,blank,0,130.3051,417.0963,340698,340762,64
127,0,blank,0,145.1876,427.0577,340794,340825,31
127,0,blank,0,173.54395,379.04325,340920,340984,64
127,62,el,328,172.1895,370.4605,341046,341078,32
127,0,blank,0,221.0837,369.79465,341110,341237,127
127,0,blank,0,1010.71966666667,411.483266666667,341394,341488,94
127,0,blank,0,208.29105,523.713625,341670,341798,128
127,70,"\nError!Stackisfull.\n",352,262.199466666667,545.684866666667,341830,342028,198
127,0,blank,0,166.615166666667,378.47255,342125,342321,196
127,0,blank,0,218.9854,376.223966666667,342386,342484,98
128,32,==,186,222.99385,214.1608,342919,342981,62
128,0,blank,0,220.45135,157.756666666667,343012,343201,189
128,0,blank,0,254.142625,228.409575,343264,343389,125
128,0,blank,0,254.6022,230.9137,343450,343481,31
128,0,blank,0,291.28185,222.42175,343544,343605,61
128,0,blank,0,302.549,231.7177,343665,343696,31
128,0,blank,0,287.413783333333,262.159833333333,343726,343909,183
128,0,blank,0,279.9563,278.815,343909,343941,32
128,0,blank,0,284.8867,269.8858,343972,344003,31
128,0,blank,0,333.259233333333,268.679466666667,344035,344127,92
128,0,blank,0,1002.93633333333,251.7471,344254,344352,98
128,36,),208,360.0011,292.4616,344601,344632,31
128,0,blank,0,369.47628,273.35762,344664,344817,153
128,0,blank,0,398.1468,269.6202,344908,344938,30
128,0,blank,0,400.49385,275.21575,344969,345032,63
128,0,blank,0,312.446116666667,268.435716666667,345090,345278,188
128,0,blank,0,325.4447,260.8586,345309,345341,32
128,0,blank,0,331.738633333333,265.033266666667,345372,345462,90
128,0,blank,0,-323,-105,345493,345602,109
128,34,top,194,250.484075,258.267675,345778,345905,127
128,0,blank,0,-323,-105,345937,346072,135
128,0,blank,0,332.90725,264.5795,346215,346277,62
128,0,blank,0,320.9202,259.9537,346310,346343,33
128,0,blank,0,372.410066666667,260.701466666667,346442,346542,100
128,0,blank,0,371.3849,269.9325,346574,346608,34
128,0,blank,0,357.76216,266.13106,346641,346802,161
128,0,blank,0,304.849483333333,267.543866666667,346901,347097,196
128,0,blank,0,303.2741,270.61285,347097,347162,65
128,0,blank,0,318.084516666667,268.860133333333,347195,347388,193
128,0,blank,0,321.8558,269.13125,347388,347452,64
128,0,blank,0,363.213133333333,273.954633333333,347484,347680,196
128,0,blank,0,363.7331,262.17675,347680,347745,65
128,0,blank,0,370.8552,279.4346,347776,347814,38
128,0,blank,0,394.331,263.1865,347993,348115,122
128,0,blank,0,398.41,264.373,348115,348210,95
128,0,blank,0,395.7787,262.096,348290,348354,64
128,36,++,203,260.89255,298.32875,348419,348483,64
128,36,++,203,263.552,300.223325,348515,348646,131
128,0,blank,0,306.979233333333,302.1044,348678,348873,195
128,0,blank,0,387.891866666667,310.224566666667,349063,349157,94
128,36,=,205,303.530383333333,302.133066666667,349188,349381,193
128,36,=,205,297.2881,300.18215,349381,349445,64
128,0,blank,0,272.275,307.9582,349575,349606,31
128,0,blank,0,283.5225,314.5099,349669,349702,33
128,0,blank,0,308.6843,314.9724,349800,349833,33
128,0,blank,0,304.6539,299.9429,349863,349894,31
128,0,blank,0,-323,-105,349958,350141,183
128,36,=,205,300.378633333333,299.479566666667,350168,350345,177
128,0,blank,0,287.297125,297.45135,350345,350473,128
128,0,blank,0,-323,-105,350538,350621,83
128,34,(,197,333.775033333333,262.869466666667,350742,350927,185
128,34,top,194,255.6859,256.35066,350993,351153,160
128,34,!=,196,312.2365,262.7858,351185,351218,33
128,0,blank,0,303.8729,268.9327,351249,351281,32
128,34,!=,196,300.5607,259.0785,351311,351343,32
128,0,blank,0,308.0305,266.7936,351409,351441,32
128,0,blank,0,-323,-105,351601,351709,108
128,0,blank,0,288.937,232.463,351841,351865,24
128,0,blank,0,279.6431,229.159566666667,351903,351996,93
128,0,blank,0,256.7447,221.158266666667,352029,352227,198
128,0,blank,0,198.323225,218.76275,352293,352424,131
128,0,blank,0,315.626133333333,257.65,352520,352614,94
128,34,!=,196,309.5504,254.262,352647,352708,61
128,34,(,197,342.11115,262.8846,352896,352959,63
128,0,blank,0,284.445,270.247033333333,353022,353118,96
128,0,blank,0,377.8709,264.1643,353183,353216,33
128,0,blank,0,378.8849,260.84045,353248,353309,61
128,0,blank,0,-323,-105,353341,353526,185
128,0,blank,0,-323,-105,353526,353578,52
128,0,blank,0,326.8432,267.817033333333,353658,353753,95
128,0,blank,0,321.1039,269.5356,353784,353816,32
128,0,blank,0,367.956716666667,265.601333333333,353880,354072,192
128,34,(,197,344.7166,251.9373,354385,354415,30
128,0,blank,0,353.36555,262.38155,354448,354572,124
128,0,blank,0,370.02175,257.1936,354604,354794,190
128,0,blank,0,320.1804,247.6469,354857,354889,32
128,0,blank,0,326.043066666667,267.910866666667,354920,355017,97
128,0,blank,0,370.8448,261.0719,355079,355111,32
128,0,blank,0,377.86155,267.277675,355141,355268,127
128,0,blank,0,404.516575,268.406425,355300,355426,126
128,0,blank,0,368.56015,270.7928,355520,355709,189
128,0,blank,0,375.81905,265.4009,355709,355772,63
128,0,blank,0,373.6203,278.3576,355803,355835,32
128,0,blank,0,401.283266666667,260.917533333333,355897,355995,98
128,0,blank,0,405.62892,266.21694,356028,356188,160
128,0,blank,0,362.108125,262.641975,356349,356477,128
128,0,blank,0,383.755775,256.25995,356570,356699,129
128,0,blank,0,314.29205,224.3411,356766,356829,63
128,0,blank,0,314.8809,227.5341,356922,356954,32
128,0,blank,0,391.1381,268.8839,356985,357017,32
128,0,blank,0,399.89815,264.798025,357143,357270,127
128,0,blank,0,318.25,246.1906,357334,357396,62
128,0,blank,0,315.2185,238.1906,357428,357459,31
128,0,blank,0,284.891716666667,266.431633333333,357554,357742,188
128,34,!=,196,306.3426,255.6027,357773,357804,31
128,0,blank,0,339.8457,268.1356,357867,357961,94
128,0,blank,0,279.1304,218.4728,358087,358118,31
128,0,blank,0,278.959,229.8824,358180,358211,31
128,0,blank,0,266.977366666667,219.5709,358243,358337,94
128,0,blank,0,273.7888,223.2976,358368,358398,30
128,0,blank,0,182.359833333333,226.541966666667,358431,358525,94
128,32,ch,185,187.9812,203.8165,358556,358588,32
128,0,blank,0,220.984666666667,229.308933333333,358649,358740,91
128,0,blank,0,-323,-105,358771,358905,134
128,34,),198,356.77405,253.01255,359036,359094,58
128,34,),198,354.70065,261.646,359127,359190,63
128,0,blank,0,296.5212,264.2515,359317,359505,188
128,0,blank,0,302.81025,268.6065,359505,359569,64
128,0,blank,0,343.567833333333,275.814266666667,359632,359725,93
128,0,blank,0,397.1201,265.5358,359850,359882,32
128,0,blank,0,381.8771,264.088,359914,359946,32
128,0,blank,0,390.2921,265.2366,359979,360012,33
128,0,blank,0,366.401875,268.599775,360141,360264,123
128,0,blank,0,321.9921,143.7668,360357,360387,30
128,0,blank,0,316.976566666667,138.7479,360417,360599,182
128,28,(,173,241.861466666667,126.873133333333,360722,360815,93
128,0,blank,0,228.3226,157.0409,360846,360877,31
128,0,blank,0,230.88784,167.14962,360908,361067,159
128,0,blank,0,248.506633333333,69.6991666666667,361130,361224,94
128,26,=,164,257.8919,74.4137,361255,361349,94
128,0,blank,0,261.086633333333,136.13695,361412,361598,186
128,0,blank,0,262.4602,137.6651,361598,361691,93
128,0,blank,0,198.8613,135.62555,361753,361817,64
128,28,ch,171,190.266966666667,126.8649,361849,361944,95
128,0,blank,0,259.7717,66.7233833333333,362040,362227,187
128,26,=,164,263.5893,69.4263,362227,362288,61
128,24,),157,224.78884,33.04612,362319,362475,156
128,0,blank,0,271.1775,151.142333333333,362568,362662,94
128,0,blank,0,237.594683333333,181.551366666667,362755,362942,187
128,0,blank,0,240.627,189.4672,362942,362974,32
128,28,(,173,245.33855,126.7331,363064,363127,63
128,0,blank,0,252.46655,131.3343,363187,363248,61
128,0,blank,0,198.2583,135.7479,363309,363340,31
128,28,==,172,209.0163,123.5154,363371,363402,31
128,0,blank,0,271.09454,132.80348,363499,363649,150
128,0,blank,0,232.4013,179.8453,363742,363804,62
128,0,blank,0,258.0574,182.6639,363866,363992,126
128,0,blank,0,255.754066666667,180.969466666667,364054,364151,97
128,0,blank,0,264.6908,280.397675,364216,364346,130
128,34,!=,196,311.8463,254.0931,364440,364471,31
128,0,blank,0,314.6844,263.48252,364501,364654,153
128,0,blank,0,382.198466666667,265.3731,364715,364905,190
128,0,blank,0,377.1719,263.5332,364905,364936,31
128,0,blank,0,399.761633333333,264.411466666667,364998,365094,96
128,34,),198,358.148275,262.77095,365190,365314,124
128,0,blank,0,318.1838,225.6433,365344,365376,32
128,0,blank,0,315.3332,223.546566666667,365436,365527,91
128,0,blank,0,-323,-105,365557,365691,134
128,0,blank,0,362.41875,268.20125,365795,365854,59
128,0,blank,0,400.1349,263.8308,365919,365951,32
128,0,blank,0,312.6218,137.7489,366078,366111,33
128,0,blank,0,303.81148,137.92058,366144,366302,158
128,0,blank,0,237.957766666667,168.706833333333,366364,366457,93
128,0,blank,0,233.9118,160.7422,366489,366519,30
128,0,blank,0,314.95226,129.29018,366640,366794,154
128,0,blank,0,318.6584,130.5311,366825,366856,31
128,0,blank,0,255.095625,166.642625,366887,367012,125
128,0,blank,0,253.36385,164.622125,367044,367166,122
128,0,blank,0,223.595866666667,192.9336,367197,367294,97
128,0,blank,0,336.9365,264.579,367423,367454,31
128,0,blank,0,339.85275,274.37665,367548,367609,61
128,0,blank,0,378.389425,272.687825,367673,367798,125
128,0,blank,0,-323,-105,367926,368085,159
128,36,=,205,300.4434,290.2849,368561,368608,47
128,0,blank,0,275.1237,309.1226,368684,368716,32
128,0,blank,0,284.693466666667,318.6921,368748,368844,96
128,0,blank,0,353.3683,299.17675,368908,368972,64
128,0,blank,0,381.23348,302.74908,369098,369258,160
128,0,blank,0,382.029,316.3731,369289,369321,32
128,0,blank,0,388.889066666667,310.023,369384,369479,95
128,0,blank,0,383.987033333333,264.5574,369511,369704,193
128,0,blank,0,389.03932,266.87974,369704,369863,159
128,0,blank,0,391.83,275.6558,369927,369989,62
128,0,blank,0,385.54355,267.50945,370084,370145,61
128,0,blank,0,360.40115,274.4327,370239,370302,63
128,0,blank,0,334.8164,231.2579,370494,370524,30
128,0,blank,0,325.3688,236.91515,370556,370618,62
128,0,blank,0,-323,-105,370681,370786,105
128,0,blank,0,392.154416666667,255.791566666667,370891,371086,195
128,0,blank,0,388.49745,250.3531,371086,371151,65
128,0,blank,0,231.72415,344.10025,371251,371320,69
128,0,blank,0,376.69195,278.198133333333,371388,371586,198
128,0,blank,0,384.9918,266.0509,371586,371619,33
128,0,blank,0,397.93565,268.975416666667,371683,371875,192
128,0,blank,0,379.37,315.0444,372003,372034,31
128,0,blank,0,378.3092,309.5404,372066,372195,129
128,0,blank,0,283.181183333333,306.743,372226,372420,194
128,0,blank,0,278.5306,157.3528,372485,372676,191
128,0,blank,0,235.72416,122.6101,372739,372897,158
128,28,(,173,236.969016666667,125.63345,372928,373117,189
128,0,blank,0,237.7951,342.893833333333,373211,373305,94
128,0,blank,0,239.62305,350.887,373337,373399,62
128,40,/,221,236.355566666667,393.993,373461,373553,92
128,0,blank,0,233.34955,374.1145,373584,373645,61
128,0,blank,0,243.18915,368.9137,373674,373735,61
128,36,;,209,365.3759,305.3426,373918,373948,30
128,0,blank,0,391.2117,307.971866666667,373980,374073,93
128,0,blank,0,390.0084,323.2681,374104,374135,31
128,0,blank,0,285.641566666667,315.297683333333,374198,374391,193
128,0,blank,0,289.5944,314.4471,374391,374425,34
128,0,blank,0,373.71755,307.1721,374489,374552,63
128,36,(,207,350.8766,288.176,374583,374615,32
128,36,;,209,364.2317,289.6168,374676,374737,61
128,0,blank,0,390.6864,275.6503,374798,374828,30
128,0,blank,0,388.32856,276.76068,374889,375040,151
128,0,blank,0,-323,-105,375070,375255,185
128,0,blank,0,-323,-105,375255,375281,26
128,34,(,197,333.11525,262.51685,375484,375609,125
128,0,blank,0,387.913766666667,303.25265,375673,375861,188
128,0,blank,0,398.3137,304.2949,375861,375892,31
128,0,blank,0,383.9753,302.6963,375924,375955,31
128,0,blank,0,266.4481,317.0048,376079,376111,32
128,0,blank,0,276.28725,316.650725,376143,376269,126
128,0,blank,0,268.77235,276.72285,376301,376429,128
128,0,blank,0,265.608233333333,278.592366666667,376494,376591,97
128,0,blank,0,333.19738,265.90044,376654,376812,158
128,0,blank,0,377.55916,265.0783,376937,377094,157
128,40,/,221,253.4297,375.04885,377221,377283,62
128,0,blank,0,241.13315,367.28955,377314,377378,64
128,0,blank,0,238.1927,360.2846,377440,377472,32
128,0,blank,0,387.0401,267.89,377567,377598,31
128,0,blank,0,375.4203,261.1596,377660,377692,32
128,0,blank,0,412.19065,271.9735,377787,377849,62
128,0,blank,0,402.68475,266.374,377912,377977,65
128,0,blank,0,235.569866666667,272.189233333333,378039,378135,96
128,0,blank,0,239.249733333333,281.766533333333,378167,378261,94
128,0,blank,0,275.744966666667,265.743633333333,378324,378513,189
128,34,(,197,328.9171,256.53705,378575,378696,121
128,0,blank,0,321.2128,250.8985,378756,378786,30
128,34,(,197,326.4182,262.8585,378817,378847,30
128,36,p,202,246.7177,302.3548,378939,378969,30
128,36,p,202,247.61988,291.87636,379001,379157,156
128,0,blank,0,374.0355,280.7875,379219,379251,32
128,0,blank,0,363.13275,272.0851,379316,379374,58
128,0,blank,0,373.5776,281.2503,379405,379435,30
128,34,top,194,265.09022,260.42158,379529,379682,153
128,0,blank,0,309.45782,263.01834,379774,379927,153
128,32,),188,266.015316666667,215.639033333333,379958,380142,184
128,32,),188,256.0868,206.0297,380142,380171,29
128,32,==,186,213.2521,208.6633,380231,380262,31
128,32,==,186,217.258725,211.554775,380323,380443,120
128,0,blank,0,-323,-105,380473,380632,159
128,0,blank,0,389.634283333333,262.83935,380876,381061,185
128,0,blank,0,284.675666666667,225.4441,381125,381219,94
128,0,blank,0,283.34375,227.04335,381343,381409,66
128,34,top,194,251.24195,260.039,381471,381533,62
128,0,blank,0,246.6984,263.5486,381626,381688,62
128,32,==,186,222.3561,214.314,381782,381845,63
128,0,blank,0,221.26705,225.8147,381876,381938,62
128,0,blank,0,268.3638,221.1196,382001,382031,30
128,34,],195,274.24995,245.9488,382062,382125,63
128,0,blank,0,265.0352,237.7621,382156,382218,62
128,0,blank,0,296.601266666667,228.586633333333,382281,382376,95
128,0,blank,0,273.719666666667,309.566633333333,382504,382697,193
128,0,blank,0,271.9294,313.0157,382729,382760,31
128,0,blank,0,239.32545,272.625616666667,382854,383044,190
128,0,blank,0,236.5145,272.558333333333,383044,383137,93
128,0,blank,0,288.42222,269.85266,383231,383388,157
128,0,blank,0,282.9404,301.8912,383420,383451,31
128,36,pop,206,341.08925,304.03,383635,383698,63
128,36,(,207,349.37408,306.2516,383730,383889,159
128,0,blank,0,331.4122,310.9437,383984,384080,96
128,0,blank,0,295.8192,317.4876,384144,384175,31
128,36,=,205,296.2361,306.7179,384206,384237,31
128,0,blank,0,-323,-105,384299,384433,134
128,0,blank,0,307.8087,304.5218,384645,384669,24
128,36,],204,279.20715,301.522,384732,384921,189
128,36,++,203,274.4982,296.7315,384921,384953,32
128,0,blank,0,267.1015,157.747725,385049,385171,122
128,0,blank,0,232.7212,123.3283,385262,385294,32
128,28,(,173,241.3697,124.6123,385325,385385,60
128,0,blank,0,244.2641,68.0665,385447,385508,61
128,26,;,166,298.388183333333,75.3037166666667,385722,385908,186
128,26,ch,165,287.4798,81.9504,385908,385939,31
128,36,pop,206,319.005675,294.99595,386002,386131,129
128,0,blank,0,325.8859,308.8694,386161,386192,31
128,0,blank,0,319.49,309.3995,386254,386285,31
128,0,blank,0,312.5737,289.7618,386316,386347,31
128,36,pop,206,323.8331,293.0578,386378,386408,30
128,26,;,166,301.6002,83.9665,386564,386625,61
128,0,blank,0,310.218,87.2411,386655,386686,31
128,0,blank,0,348.4976,85.6074,386716,386746,30
128,0,blank,0,348.039666666667,89.2240333333333,386777,386869,92
128,0,blank,0,337.1857,71.8749,386900,386931,31
128,0,blank,0,347.8946,89.8903,386962,386993,31
128,0,blank,0,379.7565,271.3549,387054,387085,31
128,0,blank,0,379.6095,270.9978,387116,387176,60
128,0,blank,0,390.260616666667,315.165083333333,387237,387422,185
128,0,blank,0,299.615933333333,271.918383333333,387484,387669,185
128,0,blank,0,294.2341,277.8214,387669,387700,31
128,0,blank,0,307.965,266.4102,387729,387760,31
128,36,pop,206,332.4143,295.055,387791,387882,91
128,0,blank,0,334.873,313.2008,387912,387943,31
128,0,blank,0,330.8579,313.6909,387974,388005,31
128,0,blank,0,-323,-105,388066,388207,141
128,0,blank,0,-323,-105,388207,388267,60
128,0,blank,0,336.963166666667,272.775666666667,388300,388387,87
128,34,(,197,330.9597,253.8787,388418,388448,30
128,0,blank,0,275.165333333333,87.1391666666667,388545,388706,161
128,0,blank,0,293.3791,93.6872,388986,389049,63
128,0,blank,0,339.37812,93.85768,389173,389326,153
128,0,blank,0,302.06,205.3666,389388,389450,62
128,0,blank,0,305.46254,209.28992,389481,389637,156
128,36,(,207,347.0679,303.9493,389667,389697,30
128,0,blank,0,338.1393,281.81225,389728,389788,60
128,36,pop,206,341.1929,288.9707,389852,389883,31
128,0,blank,0,317.8885,249.38855,389914,389976,62
128,0,blank,0,313.2735,235.6004,390006,390041,35
128,0,blank,0,390.0744,264.420466666667,390168,390258,90
128,0,blank,0,386.525,267.5747,390290,390320,30
128,0,blank,0,-323,-105,390382,390542,160
128,36,=,205,300.6914,286.0206,390569,390588,19
128,0,blank,0,279.717766666667,227.214133333333,390616,390710,94
128,0,blank,0,306.5518,230.0721,390872,390966,94
128,0,blank,0,-323,-105,390997,391131,134
128,0,blank,0,310.319933333333,266.593566666667,391278,391465,187
128,0,blank,0,316.7366,266.7553,391465,391528,63
128,0,blank,0,316.43945,258.6235,391594,391660,66
128,0,blank,0,311.2694,263.5748,391727,391761,34
128,0,blank,0,314.292125,225.04475,391792,391923,131
128,0,blank,0,313.36345,217.02305,391986,392050,64
128,0,blank,0,383.812133333333,264.448116666667,392082,392271,189
128,0,blank,0,-323,-105,392333,392461,128
128,0,blank,0,304.30345,238.37465,392581,392642,61
128,0,blank,0,-323,-105,392704,392810,106
128,34,),198,355.57445,259.209,392953,393072,119
128,0,blank,0,379.76825,269.83435,393105,393169,64
128,0,blank,0,388.4087,279.4736,393203,393269,66
128,0,blank,0,378.03755,273.4597,393303,393369,66
128,36,pop,206,332.021866666667,294.679933333333,393435,393632,197
128,36,pop,206,323.3531,298.2718,393632,393666,34
128,36,pop,206,326.9037,289.984425,393768,393897,129
128,0,blank,0,390.17548,283.2464,393999,394165,166
128,0,blank,0,364.318966666667,279.2175,394198,394299,101
128,0,blank,0,-323,-105,394331,394517,186
128,0,blank,0,378.39295,289.2506,394685,394754,69
128,34,(,197,335.282,258.48415,394788,394854,66
128,0,blank,0,325.36908,263.26388,394886,395050,164
128,0,blank,0,374.4079,263.6056,395084,395147,63
128,0,blank,0,371.0774,241.2319,395180,395212,32
128,0,blank,0,301.8945,223.744225,395306,395434,128
128,0,blank,0,302.113,226.9565,395466,395496,30
128,0,blank,0,298.342533333333,222.540066666667,395559,395654,95
128,0,blank,0,370.44636,268.9483,395816,395975,159
128,0,blank,0,381.308316666667,258.817883333333,396038,396227,189
128,0,blank,0,400.778866666667,254.8977,396259,396353,94
128,0,blank,0,325.6784,221.1846,396447,396479,32
128,0,blank,0,325.400375,225.0939,396511,396640,129
128,0,blank,0,317.3368,227.1444,396672,396703,31
128,0,blank,0,317.4573,266.6052,396735,396766,31
128,0,blank,0,323.270525,272.618525,396797,396922,125
128,0,blank,0,-323,-105,396953,397061,108
128,0,blank,0,315.374466666667,242.659233333333,397174,397254,80
128,0,blank,0,314.664266666667,231.63535,397346,397542,196
128,0,blank,0,316.7181,231.2674,397542,397698,156
128,32,),188,243.13455,214.06725,397729,397791,62
128,0,blank,0,376.3929,271.57275,397951,398013,62
128,0,blank,0,391.037833333333,274.413033333333,398076,398169,93
128,0,blank,0,394.46215,257.448,398232,398355,123
128,0,blank,0,398.2123,266.91575,398417,398479,62
128,0,blank,0,307.41775,291.196875,398541,398667,126
128,0,blank,0,302.884325,313.842675,398760,398887,127
128,0,blank,0,299.69315,316.135366666667,398978,399166,188
128,0,blank,0,250.231083333333,223.1569,399261,399450,189
128,0,blank,0,260.213166666667,219.922966666667,399606,399700,94
128,0,blank,0,311.603233333333,219.898566666667,399764,399860,96
128,34,!=,196,309.7332,242.1184,399956,399987,31
128,34,(,197,326.5278,261.826266666667,400020,400204,184
128,0,blank,0,378.864916666667,263.316316666667,400298,400486,188
128,0,blank,0,379.06735,267.0476,400486,400546,60
128,0,blank,0,404.383166666667,269.647883333333,400609,400793,184
128,0,blank,0,399.8308,280.3514,400823,400885,62
128,0,blank,0,303.2232,231.6953,400947,400977,30
128,34,!=,196,306.02822,245.88002,401007,401161,154
128,36,pop,206,319.6388,292.364316666667,401192,401378,186
128,36,pop,206,315.2865,296.2835,401378,401409,31
128,0,blank,0,282.843,304.3031,401440,401470,30
128,0,blank,0,283.726,302.0223,401561,401592,31
128,0,blank,0,283.9628,307.3632,401626,401653,27
128,0,blank,0,306.4515,265.0089,401685,401715,30
128,0,blank,0,308.866633333333,270.573733333333,401872,401968,96
128,0,blank,0,316.9456,313.18872,401999,402155,156
128,0,blank,0,272.917016666667,268.54865,402280,402464,184
128,0,blank,0,310.5861,127.3657,402645,402675,30
128,0,blank,0,321.4051,148.2514,402797,402827,30
128,28,(,173,259.698275,128.752125,402919,403041,122
128,0,blank,0,262.0225,137.3139,403071,403103,32
128,0,blank,0,240.059433333333,173.066583333333,403163,403345,182
128,0,blank,0,240.2827,174.6167,403498,403528,30
128,0,blank,0,295.4154,146.4573,403559,403590,31
128,0,blank,0,301.28705,145.01135,403621,403681,60
128,0,blank,0,319.2575,141.632033333333,403771,403957,186
128,0,blank,0,323.5061,146.6251,403957,403988,31
128,0,blank,0,366.9371,260.0289,404018,404078,60
128,0,blank,0,369.830416666667,259.018583333333,404141,404332,191
128,0,blank,0,324.535075,245.383,404364,404484,120
128,34,(,197,332.0917,250.8042,404515,404546,31
128,0,blank,0,381.220016666667,274.7138,404606,404794,188
128,0,blank,0,375.923166666667,311.228783333333,404856,405042,186
128,0,blank,0,380.0308,311.47765,405042,405104,62
128,0,blank,0,243.9222,358.586866666667,405166,405350,184
128,0,blank,0,255.5428,345.9486,405382,405411,29
128,0,blank,0,402.512,316.7041,405472,405505,33
128,0,blank,0,386.7234,308.4123,405534,405565,31
128,0,blank,0,-323,-105,405595,405727,132
128,0,blank,0,355.60078,344.53662,405824,405967,143
128,0,blank,0,343.74295,341.3812,406027,406089,62
128,0,blank,0,256.80765,404.71735,406182,406245,63
128,0,blank,0,259.80865,416.18905,406275,406339,64
128,0,blank,0,-201.6351,624.1536,406465,406561,96
128,40,/,221,256.249,375.1524,406656,406688,32
128,0,blank,0,284.0041,287.10175,406785,406848,63
128,0,blank,0,286.36032,304.18814,406880,407042,162
128,0,blank,0,975.1635,260.7679,407240,407306,66
128,0,blank,0,970.8945,265.9605,407337,407400,63
128,0,blank,0,357.88194,327.11562,407495,407648,153
128,0,blank,0,395.0776,316.4164,407712,407774,62
128,0,blank,0,392.756,315.72055,407806,407867,61
128,0,blank,0,394.0958,328.9955,407897,407928,31
128,0,blank,0,242.28425,351.33635,407993,408054,61
128,0,blank,0,237.65275,359.554225,408085,408209,124
128,0,blank,0,384.805433333333,307.097933333333,408241,408335,94
128,0,blank,0,374.3159,299.6666,408367,408399,32
128,0,blank,0,-107.7256,409.6697,408460,408492,32
128,0,blank,0,-186.3829,398.5816,408524,408555,31
128,0,blank,0,-185.87435,409.22475,408622,408686,64
128,0,blank,0,-186.2611,409.0312,408719,408784,65
128,0,blank,0,-150.359733333333,460.0599,408816,408914,98
128,0,blank,0,-245.9276,456.4835,409169,409288,119
128,0,blank,0,-323,-105,409533,409695,162
128,0,blank,0,219.8978,263.0475,409731,409776,45
128,0,blank,0,226.51955,272.93355,409842,409900,58
128,0,blank,0,-167.9495,422.8797,410035,410233,198
128,0,blank,0,-133.45312,422.19116,410267,410434,167
128,0,blank,0,-147.8306,414.3569,410434,410467,33
128,0,blank,0,-117.9691,423.640833333333,410567,410664,97
128,0,blank,0,-124.471475,417.402825,410697,410830,133
128,0,blank,0,-224.51152,384.75638,410898,411066,168
128,0,blank,0,-219.0628,393.2461,411066,411099,33
128,0,blank,0,218.19868,279.23774,411199,411365,166
128,36,postfix,200,202.4132,300.5011,411430,411463,33
128,0,blank,0,198.924233333333,318.898,411496,411596,100
128,36,postfix,200,233.13042,304.82002,411629,411796,167
128,0,blank,0,231.9752,312.7941,411796,411863,67
128,38,(,212,156.187,334.972,411930,411963,33
128,38,(,212,162.262533333333,342.552266666667,411996,412096,100
128,38,pop,211,135.89125,349.26415,412127,412193,66
128,0,blank,0,125.62,359.0928,412225,412257,32
128,0,blank,0,134.6479,351.8043,412290,412323,33
128,36,postfix,200,177.5724,296.869066666667,412354,412452,98
128,0,blank,0,154.37304,190.41092,412583,412740,157
128,0,blank,0,194.761183333333,310.71565,412770,412954,184
128,0,blank,0,192.675,312.45665,412954,413014,60
128,0,blank,0,222.19265,312.94615,413077,413140,63
128,0,blank,0,-323,-105,413172,413357,185
128,36,postfix,200,217.2767,288.2975,413426,413504,78
128,0,blank,0,-323,-105,413543,413727,184
128,0,blank,0,-323,-105,413727,413775,48
128,36,++,203,269.8062,300.6561,413815,413833,18
128,0,blank,0,302.6899,309.41278,413939,414106,167
128,0,blank,0,306.466,307.6669,414106,414139,33
128,0,blank,0,173.9099,270.3592,414172,414206,34
128,34,(,197,176.9317,259.7944,414240,414338,98
128,0,blank,0,174.3303,276.5381,414371,414435,64
128,0,blank,0,249.644533333333,270.917966666667,414500,414597,97
128,34,top,194,255.4449,255.8511,414629,414661,32
128,0,blank,0,293.6147,270.6347,414694,414728,34
128,0,blank,0,293.6404,272.7911,414793,414921,128
128,0,blank,0,174.3116,279.00225,414986,415051,65
128,36,postfix,200,171.8475,287.452833333333,415083,415180,97
128,36,postfix,200,202.05315,297.02505,415212,415342,130
128,36,postfix,200,202.1728,288.1162,415375,415407,32
128,36,postfix,200,197.3156,294.6443,415440,415472,32
128,0,blank,0,-124.07638,393.53672,415537,415705,168
128,36,postfix,200,226.316533333333,288.255983333333,415771,415965,194
128,36,postfix,200,227.9366,303.23625,415997,416191,194
128,36,postfix,200,231.8319,293.691175,416191,416321,130
128,0,blank,0,184.836366666667,267.4399,416451,416549,98
128,34,stack,192,231.9199,261.6607,416582,416614,32
128,34,stack,192,229.229275,261.1672,416647,416778,131
128,0,blank,0,289.31355,257.116,416876,417011,135
128,0,blank,0,282.0864,258.1767,417043,417079,36
128,0,blank,0,-323,-105,417147,417307,160
128,0,blank,0,292.19305,265.4664,417438,417497,59
128,0,blank,0,104.007,304.04394,417594,417767,173
128,36,postfix,200,190.764366666667,296.910166666667,417832,417935,103
128,36,postfix,200,186.2723,303.1512,417966,417999,33
128,0,blank,0,178.8128,232.21575,418194,418258,64
128,34,(,197,180.9957,245.4027,418290,418356,66
128,0,blank,0,220.53342,317.77388,418487,418647,160
128,36,=,205,300.198133333333,289.067033333333,418713,418906,193
128,36,postfix,200,213.5594,301.2215,418970,419002,32
128,36,postfix,200,212.4464,296.92625,419065,419128,63
128,0,blank,0,-323,-105,419158,419293,135
128,0,blank,0,-323,-105,419293,419481,188
128,0,blank,0,229.894816666667,312.704383333333,419613,419799,186
128,36,postfix,200,229.6365,302.8112,419799,419832,33
128,0,blank,0,186.44542,320.1554,419898,420066,168
128,0,blank,0,200.5773,312.7463,420066,420098,32
128,0,blank,0,226.50868,316.00802,420132,420293,161
128,0,blank,0,285.06,319.0279,420357,420389,32
128,36,=,205,295.9774,302.4047,420490,420520,30
128,0,blank,0,290.69818,315.38088,420617,420781,164
128,0,blank,0,310.327366666667,316.465333333333,420813,420912,99
128,0,blank,0,299.4474,314.3317,420945,421010,65
128,0,blank,0,294.54676,260.55498,421142,421303,161
128,0,blank,0,-323,-105,421367,421478,111
128,0,blank,0,187.614633333333,235.425066666667,421593,421683,90
128,0,blank,0,-163.61494,382.939,421784,421950,166
128,0,blank,0,-166.4671,394.2425,421950,421984,34
128,0,blank,0,196.865166666667,275.103933333333,422050,422149,99
128,0,blank,0,197.2567,264.073,422213,422244,31
128,0,blank,0,286.77942,261.49056,422373,422534,161
128,0,blank,0,20.4145,318.195,422630,422663,33
128,0,blank,0,12.76475,325.1592,422697,422764,67
128,36,],204,280.7227,300.3166,422832,422897,65
128,0,blank,0,290.897033333333,289.818633333333,422931,423028,97
128,0,blank,0,291.1894,307.1242,423060,423092,32
128,36,postfix,200,183.909925,306.475625,423157,423287,130
128,0,blank,0,-323,-105,423319,423454,135
128,36,[,201,240.76065,289.670275,423582,423707,125
128,0,blank,0,208.0308,227.2121,423773,423807,34
128,0,blank,0,209.917225,221.472875,423840,423975,135
128,36,=,205,303.46548,298.642,424006,424174,168
128,0,blank,0,300.655066666667,308.2197,424207,424304,97
128,0,blank,0,293.168566666667,255.368066666667,424336,424532,196
128,34,!=,196,299.0585,259.7853,424597,424630,33
128,0,blank,0,166.3497,263.6569,424695,424728,33
128,34,(,197,176.62546,262.66192,424761,424925,164
128,34,],195,276.745725,255.841375,424990,425122,132
128,34,],195,278.22225,254.3206,425154,425220,66
128,0,blank,0,304.601533333333,265.316,425285,425383,98
128,0,blank,0,185.532616666667,271.765866666667,425543,425740,197
128,0,blank,0,231.9977,265.5284,425773,425806,33
128,34,stack,192,232.558816666667,249.6349,425838,426035,197
128,34,stack,192,233.5209,257.4617,426035,426068,33
128,0,blank,0,287.19648,269.27764,426100,426262,162
128,0,blank,0,-323,-105,426324,426510,186
128,0,blank,0,-323,-105,426510,426707,197
128,0,blank,0,-323,-105,426707,426762,55
128,0,blank,0,291.45228,261.95206,426845,427013,168
128,0,blank,0,292.838475,264.0922,427013,427147,134
128,0,blank,0,306.697916666667,266.292466666667,427180,427378,198
128,0,blank,0,180.4504,283.1865,427443,427476,33
128,36,postfix,200,183.2182,293.4403,427509,427541,32
128,36,postfix,200,186.8334,286.7116,427638,427670,32
128,36,postfix,200,204.6954,305.197733333333,427735,427831,96
128,0,blank,0,-132.4426,390.0057,427897,427932,35
128,0,blank,0,-141.35015,391.67275,427965,428030,65
128,34,top,194,256.543,257.9329,428127,428161,34
128,34,top,194,254.542775,252.408825,428193,428321,128
128,0,blank,0,314.03045,266.8908,428419,428483,64
128,0,blank,0,202.5876,309.229633333333,428580,428676,96
128,0,blank,0,199.262016666667,307.898483333333,428709,428906,197
128,0,blank,0,290.2034,264.038275,428972,429105,133
128,0,blank,0,294.4985,278.8537,429138,429171,33
128,0,blank,0,306.5307,269.1147,429237,429271,34
128,0,blank,0,-323,-105,429306,429420,114
128,34,stack,192,212.9749,242.0118,429464,429650,186
128,0,blank,0,-323,-105,429760,429931,171
128,34,stack,192,194.054233333333,253.241533333333,430180,430281,101
128,34,],195,275.9711,250.73385,430350,430419,69
128,34,],195,276.21275,258.8107,430456,430529,73
128,34,],195,275.0184,253.917,430565,430599,34
128,34,!=,196,296.34852,257.40866,430636,430803,167
128,0,blank,0,295.18755,255.8396,430803,430871,68
128,34,],195,276.34732,262.78804,430941,431118,177
128,34,],195,275.54495,253.8223,431118,431182,64
128,34,!=,196,301.158683333333,258.38555,431215,431413,198
128,36,postfix,200,178.64772,299.93778,431510,431679,169
128,0,blank,0,290.92196,267.45126,431715,431884,169
128,0,blank,0,6.2432,321.319,431985,432087,102
128,0,blank,0,283.298233333333,274.7963,432192,432295,103
128,0,blank,0,286.5483,263.3134,432330,432363,33
128,0,blank,0,176.06158,277.8705,432396,432566,170
128,0,blank,0,288.53455,272.93585,432600,432668,68
128,0,blank,0,291.885416666667,263.522666666667,432698,432896,198
128,0,blank,0,310.068875,271.25945,432932,433068,136
128,0,blank,0,161.36488,289.69804,433137,433307,170
128,0,blank,0,225.08705,273.2115,433376,433507,131
128,0,blank,0,-323,-105,433572,433683,111
128,0,blank,0,250.183325,271.221275,433797,433920,123
128,34,stack,192,195.41968,255.71924,433986,434155,169
128,32,==,186,210.41295,216.9104,434253,434318,65
128,32,==,186,216.8879,213.8103,434351,434382,31
128,0,blank,0,106.849066666667,226.403333333333,434414,434511,97
128,32,else,182,103.492266666667,214.540433333333,434544,434642,98
128,32,ch,185,179.7368,206.54986,434773,434938,165
128,32,ch,185,183.718933333333,208.4073,434938,435044,106
128,34,stack,192,192.8196,247.1201,435079,435113,34
128,34,stack,192,190.18408,262.50194,435147,435318,171
128,0,blank,0,187.2545,270.0515,435318,435423,105
128,0,blank,0,221.222625,263.1515,435490,435630,140
128,34,while,190,166.08225,244.1621,435663,435731,68
128,0,blank,0,168.6736,232.2763,435764,435796,32
128,36,postfix,200,174.88115,305.372116666667,435860,436054,194
128,0,blank,0,176.7018,312.0114,436054,436084,30
128,38,pop,211,137.6771,342.552066666667,436179,436275,96
128,0,blank,0,235.840683333333,266.06465,436372,436571,199
128,0,blank,0,303.94075,263.547466666667,436603,436796,193
128,0,blank,0,201.802283333333,267.926516666667,436861,437057,196
128,0,blank,0,194.9567,278.8624,437057,437091,34
128,0,blank,0,-323,-105,437120,437306,186
128,0,blank,0,256.871,267.272833333333,437539,437736,197
128,0,blank,0,250.5285,270.8124,437736,437768,32
128,0,blank,0,315.0627,274.0694,437801,437834,33
128,0,blank,0,311.39955,282.1376,437869,437936,67
128,0,blank,0,184.4958,320.02535,438069,438134,65
128,0,blank,0,189.5133,320.5871,438201,438234,33
128,0,blank,0,232.5643,308.955,438360,438391,31
128,36,[,201,238.8007,305.88965,438424,438489,65
128,0,blank,0,302.10565,310.35895,438587,438717,130
128,0,blank,0,214.4745,313.2238,438750,438914,164
128,0,blank,0,305.7281,308.13612,439013,439177,164
128,0,blank,0,186.490375,309.422825,439245,439374,129
128,36,postfix,200,183.5034,297.5636,439407,439439,32
128,0,blank,0,148.29455,290.3736,439536,439602,66
128,0,blank,0,154.5181,281.91195,439633,439697,64
128,38,pop,211,137.98835,346.800783333333,439760,439957,197
128,0,blank,0,134.5913,355.489,439957,440021,64
128,0,blank,0,227.2537,263.9228,440117,440150,33
128,34,stack,192,228.5024,249.3308,440183,440215,32
128,34,[,193,238.0949,254.752233333333,440248,440342,94
128,0,blank,0,-323,-105,440598,440789,191
128,34,top,194,250.9675,254.4207,440931,440963,32
128,0,blank,0,161.17312,292.95504,441058,441222,164
128,38,pop,211,145.084125,333.0922,441254,441386,132
128,0,blank,0,185.17955,313.5064,441513,441579,66
128,36,postfix,200,194.9357,301.63205,441644,441708,64
128,34,!=,196,301.567033333333,246.694466666667,441806,441904,98
128,0,blank,0,295.9301,252.3198,441936,441968,32
128,34,while,190,172.8413,262.241633333333,442097,442193,96
128,0,blank,0,169.1227,271.1934,442259,442325,66
128,0,blank,0,164.9503,264.7516,442359,442394,35
128,0,blank,0,223.0358,225.45476,442427,442591,164
128,0,blank,0,284.8978,251.5117,442683,442714,31
128,0,blank,0,286.497183333333,262.966566666667,442744,442932,188
128,0,blank,0,290.8432,259.995775,442932,443058,126
128,0,blank,0,318.6538,254.6097,443155,443188,33
128,0,blank,0,320.6275,262.18615,443221,443283,62
128,0,blank,0,-323,-105,443315,443501,186
128,0,blank,0,-323,-105,443501,443659,158
128,0,blank,0,324.5385,246.48795,443686,443738,52
128,0,blank,0,330.381,240.8305,443803,443836,33
128,36,postfix,200,181.21718,294.72236,443901,444068,167
128,36,postfix,200,183.720075,301.870975,444068,444199,131
128,36,postfix,200,223.254866666667,295.916366666667,444296,444393,97
128,36,postfix,200,232.1996,289.3909,444426,444457,31
128,0,blank,0,217.8344,313.8381,444491,444523,32
128,0,blank,0,72.23595,315.09335,444654,444720,66
128,0,blank,0,198.5123,276.4137,444755,444822,67
128,0,blank,0,195.47842,279.50436,444885,445046,161
128,36,],204,277.521625,295.1357,445109,445240,131
128,0,blank,0,283.0232,298.5454,445307,445339,32
128,36,],204,276.18435,295.82405,445371,445436,65
128,0,blank,0,300.06355,319.992,445500,445566,66
128,36,pop,206,315.8281,301.2434,445598,445630,32
128,0,blank,0,176.3457,320.2366,445663,445695,32
128,0,blank,0,181.9981,314.309,445760,445793,33
128,0,blank,0,187.675,307.1258,445857,445921,64
128,36,++,203,261.1547,300.2672,445954,445986,32
128,36,++,203,273.57554,306.23662,446052,446214,162
128,0,blank,0,185.622483333333,310.37785,446246,446441,195
128,0,blank,0,194.6728,309.2461,446441,446473,32
128,36,++,203,257.995733333333,301.7034,446505,446603,98
128,0,blank,0,267.74755,310.74035,446668,446732,64
128,36,pop,206,318.5845,296.7033,446826,446859,33
128,40,if,217,152.3658,390.037,447084,447115,31
128,40,else,216,120.1465,394.676833333333,447211,447308,97
128,0,blank,0,242.22,410.5172,447405,447437,32
128,40,/,221,240.5391,375.9296,447469,447501,32
128,0,blank,0,245.5823,396.3554,447532,447566,34
128,40,==,232,353.7853,376.6782,447661,447693,32
128,40,==,232,340.2893,386.87555,447726,447861,135
128,0,blank,0,489.973483333333,382.991116666667,447926,448120,194
128,0,blank,0,562.5158,377.58085,448153,448218,65
128,0,blank,0,552.750433333333,387.9628,448250,448346,96
128,0,blank,0,221.06735,440.42795,448410,448477,67
128,0,blank,0,209.2181,447.8114,448509,448542,33
128,0,blank,0,168.3192,445.6221,448574,448606,32
128,42,preced,243,179.7106,432.2994,448703,448734,31
128,0,blank,0,172.9216,456.1183,448766,448798,32
128,0,blank,0,291.1535,428.2767,448828,448891,63
128,42,preced,243,301.7764,431.5041,448989,449022,33
128,0,blank,0,280.2918,444.1124,449055,449120,65
128,0,blank,0,243.0349,454.1306,449250,449348,98
128,0,blank,0,198.896383333333,450.4544,449475,449668,193
128,0,blank,0,181.902,447.6401,449919,450033,114
128,0,blank,0,178.5641,439.0229,450033,450139,106
128,42,),250,256.097366666667,438.911166666667,450274,450371,97
128,0,blank,0,-323,-105,450405,450566,161
128,42,>,242,283.8489,423.93215,450706,450760,54
128,42,preced,243,350.6573,429.20115,450824,450888,64
128,42,preced,243,349.8004,425.3134,450989,451023,34
128,42,preced,243,301.7426,437.8209,451089,451121,32
128,42,preced,243,295.9932,420.7109,451155,451187,32
128,0,blank,0,266.661266666667,442.749933333333,451320,451419,99
128,0,blank,0,267.4847,436.481,451453,451487,34
128,42,preced,243,350.71266,438.61208,451518,451688,170
128,0,blank,0,938.916,301.2424,451754,451787,33
128,0,blank,0,1017.59916666667,309.785483333333,451821,452008,187
128,0,blank,0,1019.70666666667,302.9631,452008,452193,185
128,0,blank,0,1014.42933333333,307.198833333333,452193,452286,93
128,42,top,247,440.5815,420.1956,452381,452411,30
128,42,top,247,432.101,430.7606,452473,452504,31
128,42,top,247,424.34925,428.6298,452564,452626,62
128,0,blank,0,394.922666666667,444.963283333333,452656,452840,184
128,42,top,247,443.7785,436.4961,453022,453052,30
128,0,blank,0,489.18138,436.04072,453170,453322,152
128,0,blank,0,281.90716,488.44992,453383,453538,155
128,0,blank,0,487.3703,429.5607,453662,453695,33
128,42,),250,475.9128,427.512,453725,453755,30
128,42,top,247,452.5447,424.465,453787,453819,32
128,0,blank,0,443.5656,441.277,453908,453938,30
128,0,blank,0,363.9865,432.6298,454061,454095,34
128,0,blank,0,362.8158,442.2632,454155,454217,62
128,0,blank,0,280.5684,452.2921,454248,454279,31
128,0,blank,0,293.14318,443.69294,454340,454494,154
128,42,preced,243,319.37405,429.7344,454526,454587,61
128,0,blank,0,320.7298,442.6132,454619,454649,30
128,0,blank,0,312.17185,446.6815,454712,454775,63
128,0,blank,0,315.676,448.2856,454837,454867,30
128,0,blank,0,293.1942,466.6487,454928,454959,31
128,0,blank,0,305.5383,485.7741,454990,455021,31
128,0,blank,0,262.0759,489.45515,455114,455176,62
128,0,blank,0,276.823666666667,496.8038,455236,455421,185
128,0,blank,0,288.7804,480.6385,455512,455544,32
128,0,blank,0,299.923,480.618,455636,455667,31
128,42,>,242,276.355775,433.731625,455758,455882,124
128,0,blank,0,399.43415,416.7904,456064,456125,61
128,42,stack,245,398.892533333333,424.2611,456157,456246,89
128,0,blank,0,343.1959,449.0156,456311,456338,27
128,42,preced,243,345.0638,423.7567,456399,456431,32
128,0,blank,0,297.0385,395.9477,456704,456736,32
128,0,blank,0,306.0694,416.0693,456829,456860,31
128,0,blank,0,278.3206,455.3329,456986,457017,31
128,0,blank,0,264.150275,439.453775,457107,457231,124
128,50,++,279,307.3367,597.6986,457386,457416,30
128,0,blank,0,339.236033333333,580.989433333333,457478,457570,92
128,0,blank,0,343.513,588.6276,457663,457729,66
128,48,preced,267,270.2776,551.1209,457757,457787,30
128,48,preced,267,247.89455,552.99895,457817,457878,61
128,48,preced,267,268.9072,568.7164,457909,457938,29
128,0,blank,0,352.6019,591.6344,458029,458059,30
128,0,blank,0,330.6435,578.3633,458090,458152,62
128,48,(,268,435.9063,567.3743,458212,458243,31
128,0,blank,0,422.7427,549.9546,458272,458304,32
128,0,blank,0,443.176533333333,568.7313,458364,458456,92
128,0,blank,0,343.6055,617.4992,458677,458709,32
128,0,blank,0,351.7667,635.519,458738,458767,29
128,0,blank,0,340.88472,618.67592,458798,458949,151
128,0,blank,0,412.572,609.75112,459009,459162,153
128,0,blank,0,436.6422,619.6215,459253,459284,31
128,0,blank,0,430.9055,616.4942,459439,459470,31
128,0,blank,0,436.6192,618.3564,459499,459530,31
128,48,preced,267,279.6239,566.0885,459654,459684,30
129,0,blank,0,212.113666666667,315.584733333333,460396,460487,91
129,0,blank,0,173.54675,242.882525,460579,460705,126
129,0,blank,0,148.581533333333,214.1377,460739,460832,93
129,0,blank,0,174.17185,500.08395,460926,460991,65
129,89,ch,414,180.4883,515.8485,461022,461054,32
129,0,blank,0,195.1777,543.9496,461087,461119,32
129,0,blank,0,195.67905,562.49015,461150,461212,62
129,0,blank,0,232.85962,550.07452,461243,461395,152
129,0,blank,0,260.1104,577.6769,461457,461488,31
129,0,blank,0,258.8229,582.06,461519,461548,29
129,0,blank,0,1005.28016666667,549.09595,461734,461918,184
129,93,||,436,236.9142,616.7603,462042,462075,33
129,0,blank,0,226.9219,615.4861,462135,462197,62
129,93,+,435,210.69495,614.98,462229,462294,65
129,0,blank,0,226.469,630.1783,462419,462451,32
129,93,+,435,220.7895,613.6628,462482,462514,32
129,0,blank,0,261.4973,586.9352,462606,462641,35
129,0,blank,0,264.426533333333,585.909533333333,462668,462762,94
129,0,blank,0,292.4999,578.5106,462854,462885,31
129,0,blank,0,302.599425,585.72555,462944,463067,123
129,0,blank,0,294.5998,634.9152,463160,463193,33
129,0,blank,0,284.4488,627.9042,463254,463315,61
129,0,blank,0,231.9346,629.8854,463378,463408,30
129,0,blank,0,228.1424,629.0908,463498,463528,30
129,93,+,435,206.9272,615.961,463588,463619,31
129,93,+,435,201.6105,610.8036,463679,463711,32
129,0,blank,0,201.7475,634.431,463742,463773,31
129,93,+,435,209.2606,603.5261,463804,463834,30
129,0,blank,0,231.7758,611.2786,463894,463926,32
129,0,blank,0,244.6801,626.38,463957,463989,32
129,0,blank,0,233.876,608.169533333333,464020,464112,92
129,0,blank,0,252.0178,643.990366666667,464175,464267,92
129,0,blank,0,242.1312,640.5513,464361,464390,29
129,0,blank,0,260.316133333333,601.64855,464422,464609,187
129,91,),426,295.8041,573.2075,464641,464671,30
129,0,blank,0,301.9034,580.5188,464767,464829,62
129,0,blank,0,1018.0108,518.62996,464988,465144,156
129,0,blank,0,1018.305,522.0052,465174,465236,62
129,0,blank,0,1020.887,517.0005,465266,465297,31
129,0,blank,0,265.80015,586.35725,465388,465451,63
129,0,blank,0,265.9294,586.3082,465545,465607,62
129,0,blank,0,293.17805,579.20655,465673,465731,58
129,0,blank,0,289.7258,601.1708,465792,465822,30
129,0,blank,0,306.6162,627.2951,465852,465882,30
129,0,blank,0,295.99688,629.50442,465914,466070,156
129,0,blank,0,400.3227,631.7014,466101,466131,30
129,0,blank,0,-5.02050000000003,365.1789,466445,466476,31
130,50,],280,318.874266666667,328.387,467249,467336,87
130,58,),311,274.467,503.0467,467427,467458,31
130,59,"\nThepostfixexpressionis:%s\n",315,277.9167,533.50495,467489,467553,64
130,59,"\nThepostfixexpressionis:%s\n",315,287.4706,538.9122,467584,467615,31
130,59,"\nThepostfixexpressionis:%s\n",315,275.1925,528.8916,467675,467705,30
130,0,blank,0,1033.501,365.995925,467830,467950,120
130,0,blank,0,1041.35166666667,370.770666666667,467981,468072,91
130,0,blank,0,1039.16716666667,374.074183333333,468196,468379,183
130,0,blank,0,1035.329,378.451483333333,468379,468565,186
130,0,blank,0,446.31745,314.12725,468661,468726,65
130,0,blank,0,439.5101,314.7432,468818,468883,65
130,0,blank,0,1032.19175,210.023675,469010,469132,122
131,0,blank,0,285.7751,85.0248666666667,469557,469650,93
131,0,blank,0,218.87658,40.37014,469744,469905,161
131,0,blank,0,1040.9345,85.3714,470001,470064,63
131,0,blank,0,1038.059,86.5126,470223,470316,93
131,0,blank,0,295.807333333333,12.3009333333333,470499,470599,100
131,0,blank,0,432.8667,8.47665,470819,470882,63
132,0,blank,0,525.612566666667,27.6071333333333,471007,471099,92
132,1,expression,10,498.9166,16.7765,471222,471253,31
132,1,expression,10,494.019325,9.828775,471283,471406,123
132,0,blank,0,266.6092,6.6905,471466,471529,63
132,0,blank,0,266.260166666667,14.6088,471561,471657,96
132,1,expression,10,324.16095,11.83475,471687,471813,126
132,0,blank,0,330.1143,28.2468,471846,471874,28
132,1,expression,10,325.619175,13.667575,471905,472028,123
132,0,blank,0,407.640166666667,9.7786,472091,472184,93
132,0,blank,0,141.7348,-1.0579,472401,472462,61
132,1,infix,6,227.2582,6.419,472524,472555,31
132,1,infix,6,235.23065,6.259025,472587,472715,128
132,1,expression,10,312.825666666667,8.4669,472781,472966,185
132,1,expression,10,320.0712,11.20935,472966,473088,122
132,0,blank,0,403.759825,1.685925,473152,473273,121
132,1,expression,10,368.616216666667,15.9090333333333,473334,473525,191
132,1,postfix,9,475.54615,17.80805,473586,473650,64
132,1,postfix,9,474.8905,6.694,473680,473743,63
132,1,expression,10,307.13524,9.90632,473840,473998,158
132,1,expression,10,308.4955,19.559,474030,474061,31
132,1,expression,10,497.10025,9.9779,474155,474218,63
132,0,blank,0,490.9238,11.65525,474250,474312,62
132,1,postfix,9,472.653816666667,11.7308333333333,474343,474528,185
132,1,expression,10,318.5284,8.06666,474560,474716,156
132,1,expression,10,326.18815,12.3532,474747,474810,63
132,1,expression,10,299.07945,18.19505,474872,474934,62
132,0,blank,0,-323,-105,474996,475183,187
132,9,postfix,61,196.2276,186.005433333333,475304,475389,85
132,9,postfix,61,215.9601,199.091933333333,475420,475518,98
132,0,blank,0,221.2546,202.670333333333,475550,475643,93
132,9,infix,66,338.589525,197.4694,475674,475798,124
132,9,infix,66,339.5793,192.0824,475828,475889,61
132,0,blank,0,178.0309,176.34945,475950,476012,62
132,0,blank,0,172.5779,185.55954,476136,476288,152
132,8,),53,154.409733333333,160.4112,476350,476441,91
132,8,char,52,152.5871,174.05395,476472,476533,61
132,6,;,43,155.0915,133.6422,476565,476687,122
132,0,blank,0,170.9652,146.6475,476718,476751,33
132,0,blank,0,153.4346,132.38095,476783,476846,63
132,0,blank,0,177.750075,172.534225,477038,477161,123
132,0,blank,0,169.244183333333,213.003983333333,477224,477410,186
132,0,blank,0,168.9117,211.760866666667,477410,477503,93
132,9,SIZE,68,277.29945,193.49965,477566,477628,62
132,9,SIZE,68,288.907466666667,195.634633333333,477690,477782,92
132,9,SIZE,68,405.4429,183.708,477844,477877,33
132,9,SIZE,68,414.429666666667,190.392766666667,477907,477998,91
132,9,SIZE,68,416.1923,191.341,478122,478183,61
132,0,blank,0,1018.565,138.3402,478276,478338,62
132,0,blank,0,1028.403,139.2596,478368,478460,92
132,0,blank,0,220.60505,340.7845,478579,478642,63
132,0,blank,0,218.6362,333.1666,478705,478768,63
132,0,blank,0,258.8448,349.7785,478832,478860,28
132,0,blank,0,-323,-105,478921,479105,184
132,0,blank,0,-323,-105,479105,479136,31
132,0,blank,0,253.3337,386.9051,479249,479274,25
132,0,blank,0,326.205533333333,434.813733333333,479368,479464,96
132,10,-1,74,108.3272,211.2379,479621,479653,32
132,10,-1,74,115.3453,214.740125,479686,479813,127
132,9,comma,65,164.4935,193.9406,479875,479906,31
132,0,blank,0,167.3923,200.3488,479967,480029,62
132,0,blank,0,172.583,197.7353,480090,480211,121
132,0,blank,0,172.11075,181.41945,480241,480302,61
132,0,blank,0,164.0797,179.1597,480394,480487,93
132,9,comma,65,168.5404,198.3521,480518,480551,33
132,8,char,52,142.69765,170.35105,480612,480677,65
132,0,blank,0,-323,-105,480710,480898,188
132,0,blank,0,257.1412,520.0884,480924,480950,26
132,20,;,126,221.93405,439.1343,481036,481097,61
132,0,blank,0,-139.4532,423.5371,481483,481517,34
132,0,blank,0,-149.7092,446.8936,481549,481582,33
132,0,blank,0,114.3861,523.2728,481714,481749,35
132,0,blank,0,109.0824,515.273025,481781,481911,130
132,24,isalnum,153,143.211333333333,517.182333333333,482014,482114,100
132,24,isalnum,153,146.5145,528.5316,482180,482246,66
132,0,blank,0,146.4533,583.288,482280,482344,64
132,0,blank,0,148.861833333333,588.764366666667,482377,482473,96
132,0,blank,0,1029.935,194.86985,482607,482735,128
132,0,blank,0,1032.5662,158.2819,482830,482991,161
132,0,blank,0,1030.21083333333,164.9116,483055,483247,192
132,0,blank,0,1025.75166666667,170.0044,483247,483344,97
132,17,0,112,216.96064,374.71248,483441,483602,161
132,0,blank,0,191.8253,378.757,483632,483663,31
132,0,blank,0,188.5957,392.219,483696,483726,30
132,0,blank,0,205.8478,473.0933,483852,483883,31
132,0,blank,0,192.8048,466.61845,483913,484035,122
132,0,blank,0,266.321666666667,487.842733333333,484096,484186,90
132,0,blank,0,265.165,493.5523,484247,484278,31
133,40,==,232,351.35865,421.9682,485174,485234,60
133,0,blank,0,527.6376,424.2933,485389,485420,31
133,0,blank,0,524.5179,431.2825,485481,485510,29
133,0,blank,0,-323,-105,485667,485848,181
133,0,blank,0,-323,-105,485943,486126,183
133,0,blank,0,-323,-105,486126,486219,93
133,0,blank,0,430.8317,-103.8362,486476,486534,58
133,0,blank,0,441.6831,-103.8896,486728,486757,29
133,0,blank,0,404.818233333333,-103.900966666667,486785,486880,95
133,0,blank,0,415.18265,481.20035,486940,487003,63
133,42,stack,245,410.81965,470.651725,487035,487164,129
133,40,==,232,346.975033333333,423.007183333333,487196,487385,189
133,0,blank,0,345.5784,433.5953,487385,487417,32
133,0,blank,0,-323,-105,487448,487606,158
133,0,blank,0,799.241,743.24115,487759,487809,50
133,0,blank,0,976.958,787.0945,487838,487868,30
133,0,blank,0,978.17675,783.59305,487928,488051,123
133,0,blank,0,980.5735,782.08615,488144,488205,61
133,0,blank,0,1108.90433333333,720.6518,488267,488363,96
133,0,blank,0,289.118366666667,455.8308,488524,488625,101
133,0,blank,0,-323,-105,488657,488839,182
133,0,blank,0,304.1669,520.282,488864,488890,26
133,0,blank,0,-323,-105,488942,489107,165
133,0,blank,0,993.4005,271.058416666667,489286,489476,190
133,0,blank,0,995.464,276.19445,489476,489538,62
133,0,blank,0,1038.0545,204.8843,489599,489661,62
133,0,blank,0,1033.7205,218.04295,489693,489754,61
133,0,blank,0,414.957575,465.4117,489913,490037,124
133,0,blank,0,462.5814,443.18058,490068,490226,158
133,40,ch,231,581.9901,415.5803,490316,490348,32
133,40,ch,231,580.7681,423.001,490441,490472,31
133,40,ch,231,578.5377,413.7763,490514,490573,59
133,0,blank,0,384.274766666667,487.851633333333,490874,490972,98
133,0,blank,0,274.195175,477.532625,491034,491159,125
133,0,blank,0,269.0264,476.0056,491223,491253,30
133,0,blank,0,364.0071,481.5105,491377,491406,29
133,40,ch,231,313.8467,415.9185,491532,491564,32
133,0,blank,0,334.962,435.6205,491595,491625,30
133,40,ch,231,447.7021,412.1064,491752,491876,124
133,0,blank,0,458.1322,429.8397,491908,491937,29
133,0,blank,0,395.399966666667,436.998166666667,492000,492094,94
133,0,blank,0,264.8291,497.3766,492188,492313,125
133,0,blank,0,265.7938,503.9028,492344,492375,31
133,0,blank,0,279.00755,607.1279,492498,492560,62
133,0,blank,0,355.9217,609.93642,492655,492813,158
133,0,blank,0,452.6473,612.4124,492910,492943,33
133,48,stack,269,451.1755,596.3331,493041,493073,32
133,0,blank,0,333.153625,666.38365,493139,493267,128
133,0,blank,0,323.985,658.80705,493300,493425,125
133,0,blank,0,364.1366,651.2218,493455,493486,31
133,0,blank,0,367.069583333333,656.152016666667,493519,493717,198
133,0,blank,0,370.4147,654.5237,493717,493750,33
133,0,blank,0,996.180333333333,288.971966666667,493883,493982,99
133,0,blank,0,1050.525,237.8449,494042,494074,32
133,0,blank,0,1045.794,244.7334,494105,494137,32
133,0,blank,0,1037.9455,253.9948,494168,494231,63
133,0,blank,0,131.050033333333,42.5933333333333,494387,494482,95
133,0,blank,0,-149.2458,-66.1631,494545,494577,32
133,0,blank,0,-195.566466666667,-42.7181833333333,494629,494820,191
133,0,blank,0,139.5651,-77.1131,494912,494975,63
133,0,blank,0,143.429133333333,-86.0343333333333,495006,495098,92
133,0,blank,0,124.2599,608.349683333333,495162,495354,192
134,0,blank,0,133.231166666667,356.610466666667,496257,496353,96
134,89,preced,411,74.94618,514.85342,496418,496578,160
134,89,char,413,116.9499,529.49515,496644,496710,66
134,0,blank,0,111.55975,537.40025,496743,496809,66
134,0,blank,0,116.326816666667,618.881483333333,496873,497067,194
134,94,return,441,116.7687,632.0845,497067,497099,32
134,93,+,435,217.7235,619.6773,497164,497363,199
134,0,blank,0,134.3375,564.9313,497561,497594,33
134,91,(,421,140.4362,575.8188,497658,497690,32
134,0,blank,0,-323,-105,497722,497908,186
134,0,blank,0,-323,-105,497908,498063,155
134,0,blank,0,-323,-105,498063,498111,48
134,91,(,421,155.7548,575.888,498291,498387,96
134,91,(,421,156.6986,573.79265,498453,498516,63
134,93,==,438,183.11905,611.764366666667,498548,498739,191
134,93,==,438,183.6248,612.1941,498772,498835,63
134,0,blank,0,988.928,542.913,499067,499097,30
134,0,blank,0,999.485,517.466,499129,499159,30
134,0,blank,0,1014.967,535.7194,499256,499286,30
134,79,top,381,214.569575,301.231375,499445,499571,126
134,79,top,381,223.6198,308.3194,499604,499636,32
134,0,blank,0,235.2206,117.9725,499667,499700,33
135,48,ch,264,304.31984,272.6898,501962,502115,153
135,0,blank,0,342.91655,274.2984,502239,502299,60
135,0,blank,0,274.5493,176.259283333333,502392,502581,189
135,0,blank,0,273.663966666667,180.816466666667,502581,502674,93
135,0,blank,0,257.3618,182.1792,502704,502735,31
135,0,blank,0,1000.03616666667,307.285816666667,502829,503019,190
135,0,blank,0,1003.475,314.4126,503019,503049,30
135,0,blank,0,1026.7185,323.870975,503111,503234,123
135,66,++,341,163.2611,665.6455,503396,503427,31
135,66,++,341,153.0038,656.101,503460,503492,32
136,0,blank,0,190.62705,470.4636,503847,503912,65
136,0,blank,0,201.3375,324.07015,504008,504069,61
136,0,blank,0,180.49514,188.05164,504253,504408,155
136,0,blank,0,189.2311,140.829566666667,504440,504533,93
136,0,blank,0,201.4822,158.6801,504564,504596,32
136,0,blank,0,164.3129,142.1792,504627,504689,62
136,0,blank,0,184.0651,470.3071,504844,504874,30
136,0,blank,0,176.26175,467.894883333333,504904,505091,187
136,0,blank,0,166.201525,444.17605,505122,505247,125
136,0,blank,0,197.077866666667,480.921066666667,505280,505373,93
136,0,blank,0,205.28344,489.07262,505435,505594,159
136,0,blank,0,226.57145,493.455125,505725,505853,128
136,79,;,383,238.7721,498.3264,505882,505915,33
136,0,blank,0,216.2475,494.6366,505948,505980,32
136,0,blank,0,205.3666,527.8916,506043,506075,32
136,80,],388,198.6179,529.09505,506107,506169,62
136,0,blank,0,244.5686,544.1,506233,506296,63
136,0,blank,0,241.9879,543.157,506360,506392,32
136,0,blank,0,254.4103,552.7054,506426,506489,63
136,0,blank,0,194.35225,477.91805,506551,506676,125
136,0,blank,0,193.5842,494.0046,506708,506740,32
136,0,blank,0,-323,-105,506833,507019,186
136,0,blank,0,-323,-105,507019,507100,81
136,0,blank,0,221.4372,493.975,507135,507155,20
136,0,blank,0,217.61248,482.12156,507315,507480,165
136,0,blank,0,173.5889,486.6423,507575,507605,30
136,0,blank,0,175.09605,487.122975,507636,507761,125
136,0,blank,0,217.2513,480.0917,507792,507824,32
136,0,blank,0,234.2615,483.3934,507856,507888,32
136,0,blank,0,219.77165,488.03025,507920,507983,63
136,80,=,389,222.68605,524.3947,508139,508201,62
136,80,=,389,213.3499,528.702333333333,508232,508420,188
136,80,=,389,214.621466666667,523.0164,508420,508515,95
136,0,blank,0,273.96925,528.46635,508549,508611,62
136,80,0,390,256.8376,526.0018,508736,508768,32
136,80,0,390,259.6226,529.36075,508799,508862,63
136,0,blank,0,239.06435,516.55495,508924,508988,64
136,80,0,390,247.6508,527.2991,509018,509049,31
136,0,blank,0,299.6046,533.3624,509113,509144,31
136,0,blank,0,293.012,526.2529,509173,509204,31
136,0,blank,0,293.7619,535.9218,509235,509266,31
136,0,blank,0,240.496,566.2716,509329,509361,32
136,0,blank,0,226.5733,546.01424,509392,509554,162
136,0,blank,0,209.29188,541.38302,509680,509837,157
136,80,0,390,240.016875,519.851575,509869,509994,125
136,80,],388,201.6471,534.4022,510028,510057,29
136,0,blank,0,215.5887,540.3724,510151,510182,31
136,80,0,390,244.490583333333,532.787883333333,510244,510434,190
136,80,0,390,240.2729,527.2635,510434,510466,32
136,0,blank,0,256.4859,564.5721,510591,510623,32
136,0,blank,0,222.7744,556.8961,510717,510749,32
136,0,blank,0,228.4446,571.5665,510781,510814,33
136,0,blank,0,230.4155,557.2071,510846,510940,94
136,0,blank,0,277.8185,562.6132,511370,511400,30
136,0,blank,0,296.5246,531.1206,511524,511554,30
136,0,blank,0,288.8098,517.9384,511585,511647,62
136,0,blank,0,276.4504,553.756,511830,511861,31
136,0,blank,0,268.4481,556.4791,511922,511953,31
136,0,blank,0,263.5663,548.3863,512015,512046,31
136,0,blank,0,291.0927,522.697,512079,512171,92
136,0,blank,0,290.22155,531.44195,512264,512327,63
136,0,blank,0,312.6718,550.1468,512358,512390,32
136,0,blank,0,324.04275,548.517,512793,512855,62
136,0,blank,0,321.2665,537.0529,512888,512916,28
136,0,blank,0,316.6755,549.4389,513008,513039,31
136,0,blank,0,286.3641,535.4509,513132,513164,32
136,0,blank,0,301.5216,541.511133333333,513196,513286,90
136,0,blank,0,-323,-105,513381,513565,184
136,0,blank,0,-323,-105,513565,513755,190
136,0,blank,0,301.04885,538.68555,513783,513833,50
136,80,0,390,268.8954,528.40885,513864,513927,63
136,0,blank,0,265.6928,555.8557,514121,514152,31
136,0,blank,0,267.1446,516.51265,514438,514501,63
136,80,0,390,268.96315,518.927,514563,514626,63
136,80,0,390,266.6927,523.4132,514657,514687,30
136,0,blank,0,304.5296,529.6223,514750,514782,32
136,0,blank,0,288.2693,514.2341,514846,514878,32
136,0,blank,0,297.4937,530.09695,514977,515040,63
136,0,blank,0,266.8351,561.3469,515321,515352,31
136,0,blank,0,311.481925,540.775175,515479,515606,127
136,0,blank,0,302.34515,539.90925,515670,515733,63
136,0,blank,0,277.3487,550.055666666667,515827,515926,99
136,85,"\nError!Stackisempty.\n",400,367.89235,633.78375,515958,516025,67
136,85,"\nError!Stackisempty.\n",400,360.7331,636.95895,516055,516119,64
136,0,blank,0,289.44405,546.550525,516182,516307,125
136,0,blank,0,316.17745,551.40695,516371,516433,62
136,0,blank,0,315.5165,540.45,516466,516500,34
136,0,blank,0,203.28565,577.1496,516663,516852,189
136,0,blank,0,191.6257,568.2822,516852,516885,33
136,0,blank,0,-323,-105,516917,517105,188
136,0,blank,0,-323,-105,517105,517161,56
136,0,blank,0,229.4565,667.1642,517243,517276,33
136,0,blank,0,208.2418,626.9141,517307,517339,32
136,0,blank,0,215.7269,590.10885,517406,517468,62
136,0,blank,0,223.9446,591.0088,517500,517565,65
136,0,blank,0,227.752,592.4568,517598,517629,31
136,0,blank,0,228.6707,648.90205,517758,517825,67
136,85,"\nError!Stackisempty.\n",400,290.0717,642.0776,517855,517886,31
136,0,blank,0,292.3041,652.116,517949,517982,33
136,0,blank,0,274.75975,648.96435,518017,518078,61
136,85,"\nError!Stackisempty.\n",400,285.17065,643.55545,518110,518175,65
136,0,blank,0,281.2543,649.1933,518239,518270,31
136,85,"\nError!Stackisempty.\n",400,184.9868,635.8645,518365,518428,63
136,85,"\nError!Stackisempty.\n",400,192.2957,639.9555,518459,518490,31
136,0,blank,0,239.028233333333,653.2876,518553,518648,95
136,0,blank,0,370.41545,654.15355,518972,519036,64
136,0,blank,0,383.8658,648.8347,519100,519132,32
136,85,"\nError!Stackisempty.\n",400,430.72035,640.54935,519197,519261,64
136,0,blank,0,243.5068,677.9585,519510,519573,63
136,0,blank,0,1015.031,476.7122,519856,519887,31
136,0,blank,0,1027.533,457.651766666667,519919,520013,94
136,0,blank,0,1019.365,468.7297,520044,520106,62
136,79,[,380,188.566283333333,507.558333333333,520227,520421,194
136,0,blank,0,165.67215,418.064575,520452,520578,126
136,0,blank,0,175.64145,421.0929,520641,520704,63
136,70,"\nError!Stackisfull.\n",352,317.7492,304.1456,520802,520863,61
136,0,blank,0,233.128725,318.775325,520956,521082,126
136,70,"\nError!Stackisfull.\n",352,297.1245,312.8505,521113,521144,31
136,0,blank,0,282.2292,318.501,521329,521361,32
136,70,"\nError!Stackisfull.\n",352,197.15025,305.28895,521392,521454,62
136,0,blank,0,199.8058,342.3209,521577,521609,32
137,0,blank,0,953.554,408.3056,522081,522143,62
137,0,blank,0,1036.342,413.2017,522263,522294,31
137,0,blank,0,155.08345,470.73515,522512,522577,65
137,0,blank,0,159.9716,465.8788,522609,522674,65
137,0,blank,0,229.6511,475.4044,522773,522805,32
138,0,blank,0,225.6733,405.0782,523062,523093,31
138,91,||,422,185.39234,555.43904,523156,523316,160
138,91,==,424,235.2727,566.9276,523509,523541,32
138,91,==,424,243.6389,575.9027,523639,523670,31
138,0,blank,0,1021.706,547.3934,523796,523826,30
138,0,blank,0,1020.41116666667,559.445716666667,523860,524037,177
138,0,blank,0,1025.55,556.17175,524037,524097,60
138,0,blank,0,1011.045,568.318566666667,524188,524280,92
138,0,blank,0,312.90125,640.6856,524373,524438,65
138,0,blank,0,305.847733333333,632.189066666667,524469,524568,99
138,0,blank,0,319.3987,628.0233,524600,524633,33
138,0,blank,0,999.5342,530.5292,524761,524915,154
138,0,blank,0,293.3789,218.594466666667,525042,525224,182
138,70,"\nError!Stackisfull.\n",352,375.0043,93.33065,525316,525377,61
139,59,"\nThepostfixexpressionis:%s\n",315,383.4087,327.81775,526002,526066,64
139,0,blank,0,391.5825,347.1821,526099,526130,31
139,0,blank,0,988.886,362.4668,526292,526326,34
139,0,blank,0,989.1875,370.92425,526389,526452,63
139,59,"\nThepostfixexpressionis:%s\n",315,304.49045,338.1237,526608,526730,122
139,59,"\nThepostfixexpressionis:%s\n",315,247.5198,339.1914,526793,526823,30
139,0,blank,0,246.462766666667,360.9956,526855,526950,95
140,0,blank,0,475.8284,616.3563,527555,527585,30
140,59,postfix,317,478.5013,631.50764,527616,527779,163
140,59,postfix,317,534.7778,623.7386,527843,527874,31
140,59,postfix,317,533.87775,637.2711,527908,527971,63
140,0,blank,0,1049.135,357.4971,528099,528132,33
140,0,blank,0,1043.625,367.604033333333,528165,528264,99
140,0,blank,0,1032.3685,351.461775,528362,528490,128
140,0,blank,0,327.5103,275.1685,528657,528691,34
140,0,blank,0,330.527933333333,282.583333333333,528723,528817,94
140,0,blank,0,323.699666666667,228.642133333333,528880,528977,97
141,0,blank,0,628.80655,372.4279,529627,529755,128
141,0,blank,0,568.858433333333,399.6524,529913,530006,93
141,40,ch,231,576.0678,389.5154,530038,530069,31
141,0,blank,0,554.8807,392.1832,530099,530132,33
141,0,blank,0,379.22862,404.45196,530258,530415,157
141,0,blank,0,384.57865,408.52395,530447,530509,62
141,0,blank,0,283.94408,453.72326,530572,530729,157
141,0,blank,0,409.95485,445.3984,530792,530853,61
141,0,blank,0,406.987733333333,450.513533333333,530916,531009,93
141,0,blank,0,374.0242,450.58935,531101,531162,61
141,0,blank,0,258.5653,342.3108,531620,531661,41
141,0,blank,0,268.625333333333,338.5779,531698,531789,91
141,0,blank,0,292.3533,325.2069,531819,531849,30
141,0,blank,0,289.9066,332.9054,531880,531941,61
141,0,blank,0,233.3701,372.9578,532102,532127,25
141,0,blank,0,223.5109,358.8192,532152,532176,24
141,34,top,194,259.99698,258.08042,532236,532390,154
141,36,],204,280.46732,301.6993,532451,532603,152
141,36,++,203,273.9943,297.1736,532634,532666,32
141,36,=,205,294.3641,310.4128,532697,532757,60
141,0,blank,0,298.412833333333,324.206766666667,532788,532879,91
141,0,blank,0,299.4692,331.1378,532909,532939,30
141,0,blank,0,300.9442,534.4952,532970,532999,29
141,48,preced,267,292.72395,564.31965,533095,533160,65
141,0,blank,0,281.5587,529.86905,533220,533279,59
141,0,blank,0,252.20615,461.38975,533341,533404,63
141,0,blank,0,238.0623,401.5576,533465,533497,32
141,40,/,221,239.62662,396.21944,533561,533715,154
141,40,/,221,239.2395,397.6649,533778,533812,34
141,40,ch,231,311.78445,393.803083333333,533842,534027,185
141,0,blank,0,1031.1035,264.1133,534240,534305,65
141,0,blank,0,330.03555,579.40375,534550,534610,60
141,0,blank,0,335.58315,591.7745,534671,534734,63
141,0,blank,0,268.3704,474.3138,534765,534797,32
141,0,blank,0,268.3923,465.1627,534889,534919,30
141,0,blank,0,297.8187,491.3257,534950,534981,31
141,0,blank,0,267.8777,476.5123,535011,535042,31
141,0,blank,0,276.9336,486.5963,535072,535103,31
142,58,],307,198.0933,595.8317,535850,535881,31
142,0,blank,0,199.8336,580.5856,535945,535977,32
142,0,blank,0,224.50015,577.688275,536039,536166,127
142,0,blank,0,244.3125,578.4098,536197,536230,33
142,0,blank,0,264.4911,559.6898,536262,536293,31
142,0,blank,0,272.4951,567.5967,536356,536387,31
142,0,blank,0,210.5041,605.6105,536452,536482,30
142,0,blank,0,232.834866666667,608.766666666667,536638,536735,97
142,58,pop,309,244.0553,609.5692,536797,536859,62
142,0,blank,0,217.3266,635.51132,536953,537108,155
142,59,"\nThepostfixexpressionis:%s\n",315,203.8484,625.4109,537171,537199,28
142,59,"\nThepostfixexpressionis:%s\n",315,243.64215,623.01295,537321,537384,63
142,58,=,308,214.6803,598.0242,537508,537570,62
142,58,pop,309,245.22,594.1333,537722,537754,32
142,58,pop,309,237.3704,593.0161,537848,537878,30
142,59,"\nThepostfixexpressionis:%s\n",315,291.4403,623.5422,538038,538065,27
142,0,blank,0,-323,-105,538158,538341,183
142,0,blank,0,-323,-105,538341,538483,142
142,59,"\nThepostfixexpressionis:%s\n",315,245.6725,630.2089,538680,538710,30
142,0,blank,0,222.07945,567.1282,538831,538893,62
142,0,blank,0,223.942,574.8295,539012,539043,31
142,56,0,295,209.3149,559.9232,539072,539103,31
142,0,blank,0,221.97825,573.87325,539132,539193,61
142,0,blank,0,290.481,576.1336,539344,539374,30
142,0,blank,0,171.73,564.4094,539558,539589,31
142,56,0,295,192.48495,563.15275,539713,539776,63
142,0,blank,0,194.796,568.1548,539837,539869,32
142,0,blank,0,200.56405,574.7529,540209,540396,187
142,0,blank,0,201.0028,572.4555,540396,540428,32
142,0,blank,0,209.86955,590.0886,540490,540555,65
142,58,=,308,214.1042,597.6124,540587,540618,31
142,0,blank,0,226.2859,608.259625,540650,540775,125
142,59,"\nThepostfixexpressionis:%s\n",315,260.369033333333,616.74025,540870,541056,186
142,58,pop,309,250.815,608.287,541086,541116,30
142,59,"\nThepostfixexpressionis:%s\n",315,223.0725,612.00005,541178,541237,59
142,59,"\nThepostfixexpressionis:%s\n",315,225.3864,622.9284,541270,541333,63
142,59,"\nThepostfixexpressionis:%s\n",315,216.3711,614.4545,541423,541456,33
142,58,=,308,222.48965,607.646,541519,541584,65
142,0,blank,0,212.9512,584.167166666667,541618,541714,96
142,0,blank,0,207.0067,592.396,541749,541781,32
142,58,pop,309,253.8272,606.3359,541875,541941,66
142,58,pop,309,241.958966666667,602.053066666667,542069,542164,95
142,58,pop,309,240.0988,591.2235,542195,542226,31
142,0,blank,0,230.5145,584.57995,542477,542540,63
142,0,blank,0,-323,-105,542696,542854,158
142,0,blank,0,-323,-105,542854,543005,151
142,0,blank,0,-323,-105,543005,543198,193
142,0,blank,0,-323,-105,543198,543275,77
142,59,"\nThepostfixexpressionis:%s\n",315,187.597,614.32725,543518,543581,63
142,58,++,306,178.9394,602.5804,543647,543680,33
142,58,pop,309,237.5557,592.4152,543744,543776,32
142,58,pop,309,238.34904,593.09046,543839,543996,157
142,0,blank,0,249.3341,584.8929,544058,544091,33
142,58,pop,309,256.0705,598.5372,544122,544216,94
142,0,blank,0,205.917,588.8613,544310,544343,33
142,58,pop,309,242.686,609.8979,544631,544663,32
142,59,"\nThepostfixexpressionis:%s\n",315,310.4846,617.0213,544694,544727,33
142,59,"\nThepostfixexpressionis:%s\n",315,322.92005,612.3605,544823,544890,67
142,59,"\nThepostfixexpressionis:%s\n",315,257.11125,618.6046,544925,544988,63
142,59,"\nThepostfixexpressionis:%s\n",315,262.4251,622.2941,545054,545085,31
142,0,blank,0,326.6358,595.6453,545149,545184,35
142,59,"\nThepostfixexpressionis:%s\n",315,328.631875,611.760175,545248,545380,132
142,59,"\nThepostfixexpressionis:%s\n",315,244.8468,617.0425,545478,545510,32
142,59,"\nThepostfixexpressionis:%s\n",315,251.7925,614.1835,545609,545641,32
142,59,"\nThepostfixexpressionis:%s\n",315,243.11915,624.88475,545672,545739,67
142,59,"\nThepostfixexpressionis:%s\n",315,214.849633333333,618.269133333333,545802,545897,95
142,59,"\nThepostfixexpressionis:%s\n",315,250.96345,618.54905,545962,546156,194
142,0,blank,0,192.01378,633.54348,546219,546377,158
142,59,"\nThepostfixexpressionis:%s\n",315,203.1126,624.1285,546442,546474,32
142,0,blank,0,193.0369,642.2935,546505,546538,33
142,0,blank,0,298.09705,633.374316666667,546602,546794,192
142,59,"\nThepostfixexpressionis:%s\n",315,396.9905,614.043,546827,546858,31
142,0,blank,0,408.5662,633.1024,546892,546923,31
142,0,blank,0,407.9246,634.1438,546990,547022,32
142,0,blank,0,484.1266,632.2346,547054,547087,33
142,59,postfix,317,484.7838,617.8314,547181,547212,31
142,0,blank,0,562.40285,638.27045,547337,547400,63
142,0,blank,0,554.4739,633.2614,547432,547495,63
142,59,postfix,317,513.0992,615.2176,547619,547650,31
142,59,"\nThepostfixexpressionis:%s\n",315,217.2893,620.30975,547744,547808,64
142,59,"\nThepostfixexpressionis:%s\n",315,262.55595,621.6489,548089,548151,62
142,59,"\nThepostfixexpressionis:%s\n",315,257.7793,619.5055,548182,548245,63
142,0,blank,0,326.1551,637.1563,548343,548372,29
142,59,"\nThepostfixexpressionis:%s\n",315,328.5721,627.191,548405,548434,29
142,0,blank,0,206.84315,584.929,548559,548623,64
142,58,=,308,222.289866666667,602.9886,548716,548810,94
142,58,pop,309,247.10465,590.4938,548841,548905,64
142,58,pop,309,250.106,598.7233,548937,548968,31
142,0,blank,0,242.1379,588.0881,549030,549063,33
142,58,=,308,222.2698,589.5844,549126,549156,30
142,0,blank,0,208.8459,582.262,549188,549220,32
142,0,blank,0,224.5563,596.79315,549250,549375,125
142,0,blank,0,232.5504,601.7562,549406,549438,32
142,0,blank,0,239.8582,610.0279,549532,549594,62
142,0,blank,0,-323,-105,549659,549842,183
142,0,blank,0,-323,-105,549842,550016,174
142,59,"\nThepostfixexpressionis:%s\n",315,252.8698,620.4614,550045,550062,17
142,0,blank,0,-7.00110000000001,725.4001,550130,550161,31
142,0,blank,0,10.2936,715.0837,550191,550222,31
142,0,blank,0,202.4747,600.8044,550349,550380,31
142,0,blank,0,210.44,607.8506,550411,550442,31
142,0,blank,0,233.5956,610.773,550473,550504,31
142,58,pop,309,246.187233333333,604.0574,550599,550693,94
142,58,++,306,186.505,592.2227,550753,550784,31
142,58,],307,196.0588,589.84605,550880,550944,64
142,58,],307,197.2039,590.211,551009,551041,32
142,56,;,296,215.188466666667,562.0507,551137,551233,96
142,48,preced,267,253.884683333333,389.297333333333,551298,551488,190
142,48,preced,267,254.7602,387.5302,551552,551585,33
142,0,blank,0,274.22975,236.307,551650,551829,179
142,0,blank,0,279.2743,281.5832,551942,552065,123
142,0,blank,0,239.569833333333,164.298533333333,552129,552312,183
142,0,blank,0,237.5796,166.886983333333,552312,552498,186
142,0,blank,0,236.5967,169.1247,552498,552530,32
142,0,blank,0,529.27635,204.7941,552592,552653,61
142,0,blank,0,526.1387,215.3623,552687,552714,27
142,0,blank,0,522.907075,201.8961,552748,552865,117
142,40,||,230,278.26625,196.55095,552928,552988,60
142,0,blank,0,273.1109,196.7456,553017,553049,32
142,34,stack,192,207.7976,71.3266,553109,553140,31
142,34,stack,192,207.565433333333,66.7205,553203,553296,93
142,0,blank,0,284.79206,79.58344,553327,553484,157
142,0,blank,0,286.0787,86.0808,553514,553544,30
142,0,blank,0,307.538366666667,121.342016666667,553576,553762,186
142,0,blank,0,304.0527,119.9501,553762,553795,33
142,0,blank,0,379.7451,117.955566666667,553826,553919,93
142,0,blank,0,386.2501,134.4003,553948,553980,32
142,0,blank,0,306.726075,93.24645,554041,554165,124
142,0,blank,0,323.40618,87.92182,554225,554381,156
142,59,"\nThepostfixexpressionis:%s\n",315,255.859133333333,631.4132,554510,554700,190
142,59,"\nThepostfixexpressionis:%s\n",315,252.7708,612.3339,554700,554729,29
142,0,blank,0,269.088033333333,610.555733333333,554760,554853,93
142,59,"\nThepostfixexpressionis:%s\n",315,264.6827,626.0156,554945,554977,32
142,0,blank,0,248.9842,636.14225,555102,555165,63
142,0,blank,0,251.9413,636.3361,555227,555258,31
142,0,blank,0,318.3971,635.1439,555472,555497,25
142,59,"\nThepostfixexpressionis:%s\n",315,433.0645,631.2071,555645,555675,30
142,59,),318,549.2106,620.0164,555707,555739,32
142,59,;,319,557.53586,630.85452,555771,555930,159
142,0,blank,0,183.5974,671.279283333333,556122,556316,194
142,0,blank,0,230.4631,670.6627,556411,556446,35
142,0,blank,0,207.6519,655.5575,556476,556508,32
142,0,blank,0,218.924875,667.029375,556602,556728,126
142,0,blank,0,197.397,658.200233333333,556759,556854,95
142,59,"\nThepostfixexpressionis:%s\n",315,210.1917,622.707925,556917,557043,126
142,58,=,308,215.7285,604.0552,557201,557232,31
142,0,blank,0,-323,-105,557357,557536,179
142,0,blank,0,-323,-105,557536,557656,120
142,0,blank,0,326.2874,743.8005,557688,557708,20
142,0,blank,0,235.9816,651.0915,557832,557863,31
142,59,"\nThepostfixexpressionis:%s\n",315,289.7058,624.05775,558024,558089,65
142,59,"\nThepostfixexpressionis:%s\n",315,281.0092,620.1521,558121,558152,31
142,0,blank,0,246.548066666667,638.9191,558214,558309,95
142,59,"\nThepostfixexpressionis:%s\n",315,324.33215,624.331,558436,558498,62
142,59,"\nThepostfixexpressionis:%s\n",315,316.075125,622.853975,558597,558726,129
142,59,"\nThepostfixexpressionis:%s\n",315,328.52165,621.0123,558756,558817,61
142,59,"\nThepostfixexpressionis:%s\n",315,324.4335,626.8479,558849,558912,63
142,0,blank,0,247.1138,637.11185,558975,559042,67
142,59,"\nThepostfixexpressionis:%s\n",315,234.8928,630.6328,559103,559165,62
142,59,"\nThepostfixexpressionis:%s\n",315,227.867533333333,619.674966666667,559195,559293,98
142,0,blank,0,-323,-105,559325,559512,187
142,0,blank,0,-323,-105,559512,559684,172
142,0,blank,0,-167.1436,408.7157,559715,559731,16
142,0,blank,0,-250.3706,404.0947,559766,559832,66
142,0,blank,0,-229.7262,391.9863,559865,559897,32
142,0,blank,0,-228.1748,392.8325,559930,559995,65
142,0,blank,0,199.5402,395.151,560094,560128,34
142,48,while,260,211.7758,382.9825,560162,560192,30
142,0,blank,0,198.7432,394.6849,560225,560256,31
142,48,while,260,178.3737,389.06145,560353,560421,68
142,48,preced,267,279.7234,380.3434,560518,560550,32
142,48,preced,267,270.830683333333,379.535083333333,560583,560782,199
142,0,blank,0,236.3007,393.0511,560815,560848,33
142,48,preced,267,255.7843,369.7466,560949,560984,35
142,48,preced,267,392.776483333333,372.2674,561081,561276,195
142,0,blank,0,118.857833333333,15.5297166666667,561376,561559,183
142,0,blank,0,116.3115,10.4373333333333,561559,561653,94
142,0,blank,0,13.20844,-21.62048,561745,561900,155
142,38,;,214,178.74955,152.632866666667,561992,562180,188
142,0,blank,0,187.1889,161.5639,562180,562208,28
142,0,blank,0,235.8596,218.8476,562240,562270,30
142,42,(,244,230.6885,245.3947,562363,562395,32
142,0,blank,0,338.02925,214.5298,562457,562520,63
142,0,blank,0,330.2983,216.5463,562673,562704,31
142,42,preced,243,178.6965,250.7433,562796,562828,32
142,0,blank,0,-323,-105,562857,562992,135
142,0,blank,0,149.1466,301.5449,563106,563127,21
142,0,blank,0,56.6692,5.688625,563260,563381,121
142,0,blank,0,135.441066666667,-14.5726333333333,563413,563505,92
142,0,blank,0,137.87315,-13.480925,563566,563689,123
142,58,postfix,303,110.80935,590.4592,563909,563973,64
142,0,blank,0,-184.38745,689.11035,564100,564161,61
142,0,blank,0,-167.9564,693.3887,564252,564284,32
142,0,blank,0,-240.086433333333,696.909766666667,564379,564471,92
142,62,void,324,42.3501,692.99895,564783,564844,61
142,62,void,324,43.8849,681.2315,564937,564967,30
142,59,"\nThepostfixexpressionis:%s\n",315,181.2454,617.7351,565060,565122,62
142,59,"\nThepostfixexpressionis:%s\n",315,175.55845,624.845,565153,565216,63
142,0,blank,0,200.753733333333,209.379533333333,565310,565401,91
142,0,blank,0,205.4979,191.3662,565492,565522,30
142,0,blank,0,195.036,208.10695,565553,565614,61
142,0,blank,0,-323,-105,565645,565778,133
142,0,blank,0,202.8456,279.3224,565805,565830,25
142,0,blank,0,212.2701,266.2679,565881,565907,26
142,0,blank,0,201.3574,278.4083,565931,565964,33
142,0,blank,0,801.854,354.8386,566093,566125,32
142,0,blank,0,804.913333333333,357.8052,566156,566252,96
142,0,blank,0,162.10125,541.83835,566380,566443,63
142,57,while,297,88.5181,578.0775,566537,566568,31
142,56,postfix,290,97.3387,563.9965,566726,566759,33
142,0,blank,0,-112.8175,382.0299,566824,566917,93
142,0,blank,0,183.7815,278.8779,567009,567101,92
142,0,blank,0,193.2207,278.1115,567222,567252,30
142,42,preced,243,346.3793,245.7067,567312,567343,31
142,42,(,244,359.614366666667,237.0447,567372,567552,180
142,0,blank,0,311.7181,230.179,567583,567613,30
142,0,blank,0,302.3826,203.8664,567644,567676,32
142,0,blank,0,301.71065,209.6992,567704,567763,59
142,0,blank,0,308.1458,221.1208,567793,567823,30
142,0,blank,0,210.79335,235.2647,568005,568065,60
142,0,blank,0,270.56495,95.7901333333333,568125,568306,181
142,0,blank,0,271.590675,101.929225,568306,568429,123
142,34,!=,196,302.535625,80.368375,568490,568614,124
142,0,blank,0,191.44195,103.84655,568646,568765,119
142,34,stack,192,189.9385,74.9225166666667,568825,569005,180
142,34,[,193,239.429375,72.31085,569065,569187,122
142,0,blank,0,-323,-105,569218,569324,106
142,0,blank,0,198.03635,53.9597,569455,569509,54
142,0,blank,0,286.2775,68.2619,569539,569572,33
142,0,blank,0,283.66884,68.69074,569629,569783,154
142,34,top,194,271.640216666667,66.33345,569845,570028,183
142,34,top,194,270.5754,61.8592,570028,570057,29
142,34,!=,196,305.970366666667,66.5407,570087,570269,182
142,34,!=,196,303.096883333333,63.334,570269,570456,187
142,34,!=,196,297.987725,68.683375,570456,570575,119
142,0,blank,0,-323,-105,570606,570715,109
142,0,blank,0,117.7661,182.25355,570844,570896,52
142,0,blank,0,108.244,167.7202,570929,570960,31
142,0,blank,0,134.067325,178.08235,570990,571118,128
142,0,blank,0,139.5175,178.018066666667,571181,571277,96
142,0,blank,0,138.5978,175.810333333333,571309,571408,99
142,0,blank,0,192.612066666667,144.463,571438,571528,90
142,0,blank,0,196.8568,141.6262,571558,571591,33
142,36,postfix,200,234.0823,109.3065,571767,571796,29
142,36,postfix,200,231.9769,109.938,571856,571886,30
142,32,==,186,209.440175,36.82205,571945,572097,152
142,32,==,186,207.6513,36.1314,572097,572212,115
142,32,else,182,118.26975,25.001325,572319,572515,196
142,32,else,182,112.7887,17.8551,572545,572575,30
142,0,blank,0,158.22435,22.846875,572666,572790,124
142,0,blank,0,-15.3064,-12.3426833333333,572821,573006,185
142,0,blank,0,-323,-105,573096,573205,109
142,34,(,197,175.914875,80.11555,573343,573460,117
142,36,postfix,200,202.366975,112.77105,573492,573614,122
142,36,postfix,200,199.43985,109.00125,573645,573708,63
142,36,=,205,297.6343,116.084333333333,573739,573928,189
142,0,blank,0,294.2234,128.6087,573928,573959,31
142,0,blank,0,153.9582,124.3989,574021,574110,89
142,0,blank,0,155.0472,113.2549,574141,574172,31
142,36,postfix,200,202.84095,109.28965,574231,574354,123
142,0,blank,0,-323,-105,574415,574542,127
142,0,blank,0,133.6689,112.3944,574567,574593,26
142,0,blank,0,144.1513,86.503,574618,574712,94
142,0,blank,0,205.186125,93.652,574741,574870,129
142,0,blank,0,244.8225,58.6907,574966,575000,34
142,34,[,193,242.2286,67.6546,575030,575126,96
142,0,blank,0,294.183666666667,60.8661166666667,575157,575343,186
142,34,stack,192,186.97158,72.38926,575466,575623,157
142,0,blank,0,229.0869,57.89925,575685,575749,64
142,34,stack,192,214.87205,70.37975,575780,575907,127
142,0,blank,0,286.20375,95.9578666666667,576001,576188,187
142,0,blank,0,-323,-105,576251,576411,160
142,0,blank,0,-323,-105,576411,576589,178
142,0,blank,0,-323,-105,576589,576692,103
142,0,blank,0,-323,-105,576692,576847,155
142,34,stack,192,193.1735,70.883,576875,576903,28
142,32,ch,185,181.40192,30.44876,576962,577118,156
142,0,blank,0,-323,-105,577179,577233,54
142,36,postfix,200,171.0685,106.9005,577349,577374,25
142,0,blank,0,166.63585,104.27265,577433,577496,63
142,40,(,218,170.3922,213.4312,577529,577558,29
142,0,blank,0,176.6362,221.77412,577593,577747,154
142,0,blank,0,194.447433333333,268.957316666667,577778,577967,189
142,0,blank,0,193.7943,258.9306,577967,577997,30
142,0,blank,0,280.41156,260.42956,578060,578213,153
142,0,blank,0,189.1194,339.26455,578338,578398,60
142,0,blank,0,184.685833333333,338.555233333333,578461,578554,93
142,50,postfix,276,225.4427,425.2944,578679,578710,31
142,50,postfix,276,230.54475,413.9934,578773,578836,63
142,0,blank,0,181.101,308.5522,578932,578962,30
142,34,(,197,180.753933333333,69.0105,579087,579272,185
142,34,stack,192,186.2242,63.5599,579272,579301,29
142,0,blank,0,213.496175,302.11645,579363,579485,122
142,0,blank,0,230.433,232.515,579578,579610,32
142,0,blank,0,241.8411,259.7073,579641,579703,62
142,42,ch,240,239.1525,247.683125,579733,579855,122
142,0,blank,0,225.4771,200.9215,579916,579946,30
142,0,blank,0,235.813366666667,215.289866666667,579976,580066,90
142,0,blank,0,272.4861,216.98055,580216,580276,60
142,42,preced,243,177.60984,249.05738,580337,580487,150
142,42,preced,243,176.6514,247.3585,580519,580547,28
142,42,preced,243,178.6764,257.4523,580608,580638,30
142,32,ch,185,181.824333333333,28.7166,580789,580880,91
142,32,ch,185,185.242566666667,25.1938,580910,581002,92
142,32,ch,185,193.5499,20.8377,581033,581065,32
142,0,blank,0,202.8907,56.25236,581093,581245,152
142,34,stack,192,187.4752,71.3388,581276,581306,30
142,0,blank,0,199.9006,59.182,581336,581397,61
142,34,[,193,240.835966666667,74.3714666666667,581456,581639,183
142,34,while,190,160.6151,79.57425,581792,581980,188
142,34,stack,192,200.2252,69.279325,582041,582163,122
142,0,blank,0,287.7841,59.0861,582224,582255,31
142,0,blank,0,288.823466666667,81.9392333333333,582315,582406,91
142,0,blank,0,291.183,95.1741,582436,582467,31
142,0,blank,0,282.4465,99.4426,582528,582558,30
142,0,blank,0,-323,-105,582619,582780,161
142,0,blank,0,199.9876,134.2788,582919,582944,25
142,36,postfix,200,205.5682,115.0729,583003,583034,31
142,0,blank,0,210.676133333333,128.3725,583065,583157,92
142,0,blank,0,201.12675,258.03465,583217,583338,121
142,42,preced,243,201.5119,252.6666,583369,583399,30
142,0,blank,0,189.6557,278.7626,583430,583459,29
142,0,blank,0,193.2695,272.8215,583491,583519,28
142,0,blank,0,204.7529,263.0013,583549,583579,30
142,0,blank,0,206.3773,267.6775,583609,583669,60
142,42,preced,243,296.4001,249.0872,583728,583758,30
142,0,blank,0,295.9448,233.3239,583847,583877,30
142,0,blank,0,211.2125,220.8351,584027,584057,30
142,34,stack,192,223.1958,73.5581,584176,584206,30
142,34,[,193,236.862075,75.00225,584237,584358,121
142,36,postfix,200,199.97425,117.250833333333,584448,584631,183
142,36,postfix,200,196.0325,123.584,584631,584662,31
142,0,blank,0,129.5437,178.6094,584814,584846,32
142,36,postfix,200,186.8842,111.0897,584876,584907,31
142,36,postfix,200,181.8398,122.796,584937,584967,30
142,36,postfix,200,184.7201,119.8002,585088,585148,60
142,34,top,194,252.7618,74.1882,585208,585497,289
142,34,top,194,252.9654,76.7681,585497,585523,26
142,36,postfix,200,176.8894,123.405725,585573,585697,124
142,36,postfix,200,208.2451,121.025,585758,585788,30
142,36,postfix,200,212.063433333333,112.880366666667,585819,585909,90
142,36,postfix,200,221.4838,113.4176,585971,586001,30
142,36,++,203,263.0278,120.9604,586031,586062,31
142,0,blank,0,266.3862,100.0123,586093,586154,61
142,36,p,202,252.0411,106.8759,586184,586215,31
142,0,blank,0,304.3013,105.106433333333,586245,586338,93
142,36,=,205,298.72525,112.5808,586396,586456,60
142,0,blank,0,-323,-105,586516,586624,108
142,0,blank,0,209.849116666667,130.517116666667,586719,586896,177
142,0,blank,0,273.428225,103.73735,586927,587054,127
142,0,blank,0,-90.7241666666666,33.7095833333333,587113,587297,184
142,36,++,203,268.8842,118.9176,587360,587390,30
142,36,++,203,269.3967,123.8753,587450,587512,62
142,0,blank,0,-139.6128,-11.3627,587633,587694,61
142,0,blank,0,-127.02785,3.129225,587725,587848,123
142,0,blank,0,-211.084233333333,-16.8262,587879,588064,185
142,34,stack,192,229.332616666667,79.5667833333333,588156,588337,181
142,0,blank,0,231.589633333333,85.2168,588337,588429,92
142,0,blank,0,267.8254,102.981,588459,588492,33
142,0,blank,0,-323,-105,588520,588705,185
142,0,blank,0,-323,-105,588705,588886,181
142,0,blank,0,-323,-105,588886,588994,108
142,0,blank,0,225.5029,102.6671,589021,589041,20
142,36,postfix,200,217.08498,110.15292,589078,589232,154
142,36,postfix,200,219.3046,116.5189,589263,589388,125
142,0,blank,0,287.80435,118.6894,589482,589603,121
142,0,blank,0,202.78135,104.9655,589664,589728,64
142,36,postfix,200,196.318516666667,114.77735,589756,589936,180
142,0,blank,0,183.8612,233.8151,589967,589997,30
142,42,preced,243,192.9109,241.2054,590028,590118,90
142,40,==,232,206.297516666667,195.81475,590271,590456,185
142,40,||,230,279.868316666667,205.588216666667,590486,590668,182
142,0,blank,0,149.067825,225.778325,590730,590856,126
142,0,blank,0,179.796516666667,258.093066666667,590917,591102,185
142,42,preced,243,176.5835,252.7863,591102,591136,34
142,0,blank,0,170.246,319.7178,591164,591290,126
142,0,blank,0,172.0769,307.4625,591379,591409,30
142,0,blank,0,173.945533333333,312.8464,591469,591560,91
142,0,blank,0,176.3277,319.1092,591591,591652,61
142,0,blank,0,-323,-105,591686,591841,155
142,42,preced,243,171.06375,244.7029,591985,592036,51
142,42,preced,243,171.538833333333,255.6761,592070,592161,91
142,34,],195,275.3366,69.3123,592228,592258,30
142,34,top,194,266.8882,81.8909,592320,592383,63
142,36,postfix,200,219.7449,108.3803,592414,592583,169
142,36,postfix,200,218.5364,110.8274,592583,592669,86
142,0,blank,0,286.543066666667,119.057833333333,592814,592917,103
142,36,postfix,200,230.905266666667,114.3906,592951,593040,89
142,36,postfix,200,230.93455,105.52345,593071,593134,63
142,0,blank,0,291.193225,113.251475,593195,593318,123
142,0,blank,0,289.8299,120.5302,593350,593410,60
142,0,blank,0,289.157875,113.8225,593441,593565,124
142,36,=,205,293.614366666667,122.949416666667,593596,593781,185
142,36,=,205,293.3955,120.8198,593781,593813,32
142,36,[,201,240.4488,120.1092,593843,593905,62
142,36,[,201,237.41672,122.08402,593936,594088,152
142,0,blank,0,-323,-105,594118,594251,133
142,0,blank,0,261.869433333333,140.288566666667,594370,594557,187
142,0,blank,0,302.9928,133.5797,594589,594621,32
142,36,=,205,296.5318,122.8622,594654,594845,191
142,36,=,205,294.5353,114.2132,594845,594876,31
142,36,=,205,298.05375,119.312816666667,594938,595121,183
142,0,blank,0,305.037133333333,116.592966666667,595121,595212,91
142,36,postfix,200,198.74184,115.50032,595306,595458,152
142,0,blank,0,286.86155,122.44105,595488,595550,62
142,36,],204,280.94155,119.85515,595581,595642,61
142,0,blank,0,-116.8513,78.38522,595703,595860,157
142,36,++,203,271.885033333333,125.9907,595924,596107,183
142,36,++,203,271.64425,118.3386,596107,596168,61
142,0,blank,0,-323,-105,596229,596417,188
142,0,blank,0,-323,-105,596417,596556,139
142,36,postfix,200,232.65038,122.46718,596586,596736,150
142,0,blank,0,291.1214,128.44015,596799,596930,131
142,0,blank,0,-323,-105,596963,597097,134
142,0,blank,0,255.4701,144.22435,597227,597280,53
142,36,=,205,293.68834,123.96592,597348,597515,167
142,36,=,205,295.7975,122.5201,597515,597548,33
142,0,blank,0,-323,-105,597580,597716,136
142,0,blank,0,283.2907,106.465,597769,597835,66
142,0,blank,0,292.122,105.7581,597908,597933,25
142,0,blank,0,304.0041,132.2336,597967,598001,34
142,0,blank,0,305.74785,127.94445,598034,598172,138
142,36,[,201,237.880366666667,118.004366666667,598206,598309,103
142,36,[,201,235.5285,124.07945,598377,598506,129
142,0,blank,0,289.9169,117.6648,598537,598601,64
142,0,blank,0,291.9943,113.95775,598663,598725,62
142,36,postfix,200,180.377483333333,111.73655,598818,599008,190
142,0,blank,0,-113.5462,16.8209,599136,599167,31
142,36,postfix,200,234.18926,107.02492,599292,599453,161
142,0,blank,0,282.24655,117.90075,599515,599641,126
142,0,blank,0,283.8405,124.34265,599672,599735,63
142,0,blank,0,186.043225,275.7943,599798,599933,135
142,0,blank,0,187.75195,268.28345,599965,600033,68
142,42,preced,243,208.775016666667,252.003366666667,600067,600265,198
142,0,blank,0,254.54482,91.58534,600298,600456,158
142,0,blank,0,260.3411,85.527,600488,600522,34
142,0,blank,0,-323,-105,600552,600751,199
142,0,blank,0,-323,-105,600751,600939,188
142,0,blank,0,-323,-105,600939,600969,30
142,0,blank,0,264.50834,148.39266,600999,601153,154
142,0,blank,0,285.9533,127.36362,601186,601360,174
142,0,blank,0,289.626466666667,129.096566666667,601360,601465,105
142,36,++,203,270.591225,123.249025,601535,601669,134
142,0,blank,0,289.25365,103.9631,601803,601871,68
142,0,blank,0,-105.40545,26.579975,601939,602072,133
142,0,blank,0,288.07015,114.7355,602137,602200,63
142,36,=,205,295.866475,112.409525,602233,602367,134
142,0,blank,0,-148.9031,-2.17126666666667,602465,602654,189
142,0,blank,0,-151.163166666667,0.741433333333333,602654,602749,95
142,0,blank,0,-258.950866666667,-17.0501,602781,602878,97
142,0,blank,0,-257.088525,-19.30075,602908,603035,127
142,34,stack,192,203.0793,72.6545,603100,603132,32
142,34,stack,192,212.2516,79.26845,603194,603255,61
142,0,blank,0,-222.91835,-40.08135,603350,603414,64
142,0,blank,0,-212.9088,-22.6381,603446,603509,63
142,0,blank,0,-323,-105,603572,603749,177
142,0,blank,0,-323,-105,603749,603920,171
142,0,blank,0,-323,-105,603920,603969,49
142,0,blank,0,-260.50085,-1.346275,604001,604117,116
142,0,blank,0,-250.10935,-18.6985,604149,604340,191
142,0,blank,0,-248.746025,-11.467625,604340,604465,125
142,0,blank,0,-93.1678166666667,-34.7537333333333,604528,604712,184
142,0,blank,0,-86.3731,-36.59595,604712,604773,61
142,36,++,203,266.13385,105.780933333333,604920,605106,186
142,0,blank,0,195.5087,104.6023,605164,605195,31
142,36,postfix,200,193.7613,116.25555,605226,605411,185
142,36,postfix,200,192.834,115.81545,605411,605472,61
142,36,++,203,270.618775,115.56865,605531,605653,122
142,36,++,203,271.0836,115.21455,605684,605744,60
142,36,postfix,200,202.453225,115.610525,605835,605959,124
142,44,ch,254,217.47396,281.42848,606022,606183,161
142,0,blank,0,178.34694,310.23348,606310,606472,162
142,0,blank,0,227.914466666667,261.606766666667,606538,606635,97
142,0,blank,0,219.3137,260.8773,606668,606700,32
142,0,blank,0,289.52385,243.1397,606797,606862,65
142,0,blank,0,224.3159,212.950466666667,606926,607025,99
142,0,blank,0,459.80415,193.45355,607123,607190,67
142,0,blank,0,454.515,201.9605,607220,607255,35
142,48,while,260,201.0544,372.34336,607384,607545,161
142,48,preced,267,252.51345,375.5617,607610,607675,65
142,48,preced,267,253.1268,372.9027,607771,607803,32
142,34,stack,192,223.700666666667,62.4360833333333,607934,608117,183
142,34,stack,192,227.6171,62.4182,608117,608147,30
142,0,blank,0,-323,-105,608176,608306,130
142,36,postfix,200,163.906933333333,117.92695,608444,608622,178
142,0,blank,0,161.3661,109.636,608622,608654,32
142,0,blank,0,216.50245,132.18655,608687,608751,64
142,0,blank,0,218.76668,134.11238,608848,609011,163
142,0,blank,0,548.2781,175.09415,609112,609178,66
142,36,postfix,200,208.811433333333,123.841816666667,609277,609472,195
142,0,blank,0,206.05225,128.228,609472,609536,64
142,0,blank,0,291.592225,126.541225,609599,609728,129
142,0,blank,0,295.5268,131.7543,609759,609793,34
142,36,postfix,200,193.2537,121.6324,609894,609992,98
142,0,blank,0,796.0895,237.3179,610090,610154,64
142,0,blank,0,1031.04166666667,335.713766666667,610409,610505,96
142,0,blank,0,1028.178,357.1247,610568,610599,31
142,0,blank,0,1036.033,334.29,610630,610661,31
142,0,blank,0,1030.859,347.3811,610693,610757,64
142,0,blank,0,1029.1554,354.80742,610789,610950,161
142,0,blank,0,1023.16266666667,351.013933333333,611014,611111,97
142,0,blank,0,273.285483333333,130.212566666667,611213,611411,198
142,36,++,203,272.0737,125.8623,611411,611442,31
142,36,;,209,370.90115,117.751525,611505,611634,129
142,0,blank,0,1040.385,395.651,611764,611795,31
142,0,blank,0,1034.2995,408.8307,611826,611891,65
142,0,blank,0,265.5458,471.6487,611986,612014,28
142,0,blank,0,270.1596,481.3189,612046,612110,64
142,0,blank,0,285.0471,440.2679,612143,612176,33
142,0,blank,0,287.4597,440.3217,612205,612237,32
142,0,blank,0,296.6949,448.744,612269,612301,32
142,0,blank,0,252.81844,158.0333,612458,612613,155
143,1,postfix,9,430.1723,21.4532,614276,614341,65
143,0,blank,0,439.4216,25.5203,614436,614467,31
143,0,blank,0,1073.4835,73.610925,614530,614657,127
143,0,blank,0,1031.2606,116.47636,614722,614877,155
143,0,blank,0,1034.927,112.30435,614910,614972,62
143,0,blank,0,281.7655,360.27646,615067,615230,163
143,0,blank,0,230.8871,342.23068,615329,615488,159
143,0,blank,0,213.6019,206.17975,615549,615610,61
143,0,blank,0,-323,-105,615670,615804,134
143,9,postfix,61,228.7158,197.1887,615937,615992,55
143,0,blank,0,266.50415,433.78685,616147,616275,128
143,0,blank,0,248.89405,479.0868,616370,616433,63
143,0,blank,0,246.3463,466.3807,616464,616495,31
143,0,blank,0,279.06615,550.5653,616527,616590,63
143,0,blank,0,271.378066666667,539.7956,616620,616714,94
143,0,blank,0,-120.9533,488.4597,616773,616803,30
143,0,blank,0,-203.21095,472.9643,616835,616959,124
143,0,blank,0,-248.6432,476.6433,617023,617118,95
143,0,blank,0,-197.876383333333,689.07145,617213,617408,195
143,0,blank,0,-195.5913,698.8076,617408,617440,32
143,24,ch,155,211.0441,523.800175,617505,617630,125
143,0,blank,0,212.7946,531.4289,617662,617727,65
143,0,blank,0,1046.29,173.428466666667,617958,618051,93
143,0,blank,0,1027.80716666667,181.621233333333,618083,618270,187
143,0,blank,0,1026.789,181.94436,618333,618489,156
143,0,blank,0,1027.43083333333,186.675316666667,618521,618713,192
143,0,blank,0,220.159316666667,342.5238,618842,619032,190
143,0,blank,0,222.11785,339.168,619032,619097,65
143,0,blank,0,311.5846,457.8677,619161,619195,34
143,0,blank,0,312.2306,462.5171,619262,619295,33
143,0,blank,0,324.202366666667,474.8541,619325,619423,98
144,91,||,422,178.07645,574.08825,635278,635342,64
144,0,blank,0,259.1217,633.2638,635473,635537,64
144,0,blank,0,301.1722,639.2189,635630,635664,34
144,0,blank,0,287.2797,618.1885,635692,635722,30
144,0,blank,0,356.0585,627.6387,635814,635845,31
144,0,blank,0,-323,-105,635878,636060,182
144,0,blank,0,-323,-105,636060,636160,100
144,0,blank,0,252.29415,589.14835,636296,636351,55
144,0,blank,0,248.7858,591.2832,636414,636445,31
144,0,blank,0,223.3633,592.434,636539,636569,30
144,0,blank,0,232.80402,601.94936,636600,636756,156
144,93,==,438,300.7135,612.6159,636816,636879,63
144,93,==,438,305.1085,611.224433333333,636974,637069,95
144,0,blank,0,310.0313,645.4398,637099,637132,33
144,0,blank,0,296.38028,632.3421,637163,637316,153
144,0,blank,0,204.5086,627.2011,637408,637469,61
144,0,blank,0,218.7399,641.708366666667,637499,637592,93
144,0,blank,0,246.127166666667,646.1644,637622,637715,93
144,0,blank,0,-323,-105,637777,637932,155
144,85,"\nError!Stackisempty.\n",400,173.4408,434.8031,638088,638113,25
144,0,blank,0,210.1154,449.8011,638209,638240,31
144,0,blank,0,208.3753,455.431233333333,638272,638368,96
144,85,"\nError!Stackisempty.\n",400,331.61375,424.09205,638399,638463,64
144,85,"\nError!Stackisempty.\n",400,330.20255,429.6735,638526,638589,63
144,85,"\nError!Stackisempty.\n",400,270.287966666667,436.1649,638717,638811,94
144,0,blank,0,359.430133333333,448.255133333333,638873,638965,92
144,85,"\nError!Stackisempty.\n",400,359.9928,439.1799,638998,639029,31
144,85,"\nError!Stackisempty.\n",400,341.5531,439.2455,639062,639093,31
144,0,blank,0,175.24605,276.39395,639219,639283,64
144,0,blank,0,-323,-105,639408,639517,109
144,0,blank,0,182.40915,313.955975,639640,639755,115
144,0,blank,0,193.2303,544.718,639816,639848,32
144,91,==,424,247.69716,567.64968,640164,640317,153
144,0,blank,0,298.8264,589.9182,640412,640444,32
144,0,blank,0,290.8005,581.36415,640476,640601,125
144,0,blank,0,339.844866666667,592.832266666667,640721,640817,96
144,0,blank,0,176.354075,250.276725,640941,641071,130
144,0,blank,0,176.1146,251.0555,641102,641165,63
144,0,blank,0,345.51755,183.62475,641229,641291,62
144,0,blank,0,350.9072,173.8082,641352,641383,31
144,0,blank,0,243.35592,145.48934,641445,641602,157
144,77,-1,374,147.8427,264.7307,641633,641664,31
144,0,blank,0,141.512416666667,262.864133333333,641696,641886,190
144,0,blank,0,324.3235,396.352825,641949,642074,125
144,85,"\nError!Stackisempty.\n",400,328.95945,436.00635,642105,642168,63
144,0,blank,0,329.07455,453.111,642201,642264,63
144,0,blank,0,267.22646,446.44468,642295,642455,160
144,0,blank,0,137.04862,238.30938,642519,642675,156
144,0,blank,0,160.75185,229.200275,642737,642863,126
144,0,blank,0,190.316283333333,288.8146,642894,643080,186
144,0,blank,0,232.30515,331.72605,643143,643205,62
144,0,blank,0,237.65105,340.9015,643236,643360,124
144,85,"\nError!Stackisempty.\n",400,270.6481,431.6843,643390,643421,31
144,0,blank,0,264.20735,447.539616666667,643452,643645,193
144,0,blank,0,190.385566666667,455.902,643707,643802,95
144,0,blank,0,999.474,482.15888,643960,644120,160
144,0,blank,0,1020.4705,531.7297,644213,644278,65
144,0,blank,0,-323,-105,644309,644495,186
144,0,blank,0,-323,-105,644495,644532,37
144,0,blank,0,156.82498,279.18878,644611,644772,161
144,0,blank,0,-323,-105,644804,644913,109
144,0,blank,0,272.5114,342.157966666667,645026,645113,87
144,0,blank,0,262.9996,340.680633333333,645145,645245,100
144,0,blank,0,259.17745,337.3277,645310,645377,67
144,85,"\nError!Stackisempty.\n",400,412.3691,433.255166666667,645480,645580,100
144,85,"\nError!Stackisempty.\n",400,405.0016,443.5069,645646,645678,32
144,79,stack,379,168.4645,296.646133333333,645746,645844,98
144,79,stack,379,181.5121,309.53325,645877,645946,69
144,79,stack,379,169.3697,302.199233333333,645978,646080,102
144,0,blank,0,409.1015,410.8983,646179,646211,32
144,0,blank,0,419.7657,419.0356,646246,646279,33
144,85,),401,437.313766666667,440.65005,646311,646507,196
144,85,),401,438.680716666667,440.686083333333,646507,646704,197
144,85,"\nError!Stackisempty.\n",400,432.4573,436.6035,646704,646737,33
144,0,blank,0,426.851466666667,483.8835,646833,646936,103
144,0,blank,0,663.808883333333,739.38165,647099,647293,194
144,0,blank,0,659.2053,743.6037,647293,647325,32
144,0,blank,0,677.853,-103.9997,647389,647421,32
144,0,blank,0,671.1533,783.5107,647453,647484,31
144,0,blank,0,687.464,-103.9975,647646,647677,31
144,0,blank,0,669.5294,786.2323,647709,647745,36
144,0,blank,0,682.411,-103.9972,647775,647806,31
144,0,blank,0,832.885,758.919933333333,647871,647967,96
144,0,blank,0,834.548333333334,771.6561,648000,648094,94
144,0,blank,0,1020.68583333333,567.401816666667,648127,648321,194
144,0,blank,0,1023.4232,494.283,648483,648648,165
144,0,blank,0,1018.009,490.0436,648648,648684,36
144,0,blank,0,354.395475,176.57225,648816,648948,132
144,70,"\nError!Stackisfull.\n",352,401.3254,105.496525,648982,649112,130
145,0,blank,0,0,0,0,0,0
145,0,blank,0,358.2664,531.3412,659781,659815,34
146,91,(,421,393.2408,491.1715,660156,660189,33
146,0,blank,0,399.7691,475.77525,660223,660287,64
146,0,blank,0,405.16898,533.23206,660385,660551,166
146,0,blank,0,399.9344,535.0848,660551,660586,35
146,0,blank,0,378.4523,526.579975,660619,660749,130
146,0,blank,0,307.465066666667,539.599983333333,660880,661077,197
146,85,"\nError!Stackisempty.\n",400,302.36308,454.77584,661142,661303,161
146,85,"\nError!Stackisempty.\n",400,415.2468,450.636575,661370,661501,131
146,85,),401,480.93074,448.3634,661628,661788,160
146,0,blank,0,495.415966666667,458.636833333333,661821,661916,95
146,85,"\nError!Stackisempty.\n",400,440.775733333333,458.458366666667,661948,662042,94
146,0,blank,0,441.5192,466.8766,662074,662232,158
146,0,blank,0,342.5234,459.6194,662297,662328,31
146,0,blank,0,342.144,479.5634,662424,662456,32
146,0,blank,0,377.56638,465.163,662551,662706,155
146,85,"\nError!Stackisempty.\n",400,461.4384,455.7841,662833,662863,30
146,0,blank,0,465.5078,465.5802,662895,662926,31
146,0,blank,0,327.3062,342.2863,663020,663053,33
146,0,blank,0,330.094666666667,337.826483333333,663085,663279,194
146,0,blank,0,334.08945,336.92985,663279,663342,63
147,89,char,413,239.48885,407.0541,663470,663532,62
147,89,char,413,269.88675,397.1999,663628,663693,65
147,89,char,413,260.4535,389.607275,663725,663851,126
147,94,return,441,393.0426,499.6965,663916,664043,127
147,0,blank,0,320.2338,518.2976,664107,664140,33
147,0,blank,0,311.8887,517.9791,664203,664234,31
147,0,blank,0,318.910566666667,515.874366666667,664264,664361,97
147,0,blank,0,303.7953,512.31695,664423,664552,129
147,94,return,441,379.46995,519.0549,664683,664747,64
147,94,return,441,428.042566666667,507.039216666667,664779,664967,188
147,94,return,441,425.0323,504.5617,665029,665059,30
147,0,blank,0,336.60568,462.47304,665120,665278,158
147,94,return,441,405.2657,517.4009,665309,665340,31
147,94,return,441,404.5429,503.8877,665373,665404,31
147,94,return,441,407.6267,512.2342,665496,665526,30
147,0,blank,0,-323,-105,665588,665774,186
147,91,),426,368.6761,457.212,665948,665980,32
147,92,;,429,466.241125,459.4897,666043,666168,125
147,93,ch,437,557.598225,454.42265,666355,666479,124
147,93,ch,437,548.0611,447.9757,666544,666574,30
148,21,++,141,440.22205,460.10075,666824,666886,62
148,0,blank,0,997.4185,352.0465,667012,667079,67
148,0,blank,0,990.634,362.34015,667141,667203,62
148,0,blank,0,992.4475,362.8,667267,667330,63
148,0,blank,0,996.977,353.6842,667362,667393,31
148,0,blank,0,993.133,365.018366666667,667425,667520,95
148,0,blank,0,471.44898,490.96548,667617,667783,166
148,0,blank,0,469.89335,434.7439,667850,667914,64
148,0,blank,0,221.25015,552.53185,668006,668071,65
148,0,blank,0,226.745933333333,555.287366666667,668103,668198,95
148,0,blank,0,236.0774,534.4659,668233,668264,31
148,24,if,151,241.9718,500.83175,668329,668392,63
148,0,blank,0,287.98965,633.77025,668549,668612,63
148,0,blank,0,285.76215,631.46435,668675,668737,62
148,0,blank,0,275.8741,628.2281,668831,668894,63
148,0,blank,0,281.68795,614.5874,668991,669055,64
148,0,blank,0,242.1371,631.9458,669214,669247,33
148,0,blank,0,231.94435,639.13545,669309,669373,64
148,0,blank,0,234.82535,641.83645,669404,669596,192
148,0,blank,0,227.1519,628.0142,669596,669627,31
148,0,blank,0,419.219883333333,254.839016666667,669753,669940,187
148,0,blank,0,423.4794,278.4588,669971,670003,32
149,0,blank,0,526.89676,291.12864,670096,670248,152
149,0,blank,0,421.0047,297.8914,670310,670371,61
149,0,blank,0,424.7641,297.174833333333,670403,670498,95
149,44,ch,254,427.667166666667,305.208,670529,670625,96
149,0,blank,0,446.32335,293.3681,670657,670720,63
149,0,blank,0,445.7819,298.5354,670754,670783,29
149,0,blank,0,449.2932,290.7708,670848,670880,32
149,0,blank,0,456.35475,250.022,670942,671007,65
149,0,blank,0,331.4729,664.56935,671100,671164,64
149,0,blank,0,332.5381,663.0452,671229,671263,34
149,0,blank,0,342.5706,645.9408,671325,671355,30
149,0,blank,0,337.87925,618.1669,671486,671548,62
149,0,blank,0,307.27815,629.61655,671580,671645,65
149,0,blank,0,244.7415,672.504775,671768,671896,128
149,42,(,244,384.7847,270.3561,672022,672055,33
149,0,blank,0,405.3422,290.2697,672084,672114,30
150,0,blank,0,376.451433333333,404.288066666667,672482,672573,91
150,0,blank,0,375.2454,410.5822,672636,672667,31
150,0,blank,0,338.397366666667,470.244033333333,672761,672858,97
150,0,blank,0,353.289625,451.95905,672888,673018,130
150,0,blank,0,354.4799,460.7053,673049,673081,32
150,0,blank,0,420.332916666667,440.686966666667,673143,673338,195
150,0,blank,0,380.0459,415.7704,673368,673432,64
150,0,blank,0,-323,-105,673628,673797,169
150,0,blank,0,-323,-105,673797,673874,77
150,0,blank,0,-323,-105,673874,674266,392
150,0,blank,0,-323,-105,674266,674394,128
150,48,<=,266,363.9692,390.4564,674430,674461,31
150,0,blank,0,-323,-105,674488,674677,189
150,0,blank,0,-323,-105,674677,674856,179
150,0,blank,0,-323,-105,674856,674884,28
150,0,blank,0,478.05952,196.70346,674990,675154,164
150,40,||,230,420.9906,210.0291,675187,675217,30
150,0,blank,0,179.26595,110.77925,675443,675510,67
150,0,blank,0,171.8163,101.54355,675544,675608,64
150,36,postfix,200,231.3131,131.5437,675739,675804,65
150,0,blank,0,-323,-105,675835,675984,149
150,0,blank,0,158.8026,47.44065,676010,676061,51
150,32,(,184,166.851933333333,37.8221,676090,676185,95
150,0,blank,0,379.4501,305.2482,676248,676281,33
150,0,blank,0,378.061225,313.945925,676315,676448,133
150,0,blank,0,144.3208,323.7434,676549,676583,34
150,0,blank,0,161.8064,391.3607,676814,676846,32
150,0,blank,0,165.1403,373.275,676879,676910,31
150,0,blank,0,479.3745,362.4952,677070,677102,32
150,48,stack,269,466.17285,385.5264,677135,677197,62
150,0,blank,0,462.306,397.7715,677261,677292,31
150,0,blank,0,456.2501,374.9389,677323,677355,32
150,0,blank,0,367.4114,368.5677,677386,677420,34
150,48,<=,266,358.737275,382.1665,677452,677575,123
