Frameno_fix,lineno_fix,Tokenname_fix,tokens_id,gaze_X_fix,gaze_Y_fix,timestamp_fix_start,timestamp_fix_end,time_duration
100,0,blank,0,481.2999,-31.7617666666667,4195,4334,139
100,0,blank,0,530.01495,-15.54285,4334,4525,191
100,0,blank,0,501.8214,27.2017,4525,4648,123
100,0,blank,0,529.9873,-65.4249666666667,4648,4815,167
100,0,blank,0,547.9489,-79.58118,4815,4987,172
100,0,blank,0,594.63682,-56.42188,4987,5162,175
100,0,blank,0,598.819525,-29.257725,5162,5302,140
100,0,blank,0,132.53372,-14.4838,5374,5557,183
100,0,blank,0,129.8447,-46.0626,5557,5594,37
100,21,infix,133,135.6567,460.4142,6222,6334,112
100,0,blank,0,54.3180666666667,523.188933333333,6446,6624,178
100,14,int,84,59.3123,299.6743,6734,6785,51
100,0,blank,0,-323,-105,7030,7212,182
100,0,blank,0,-323,-105,7212,7368,156
100,0,blank,0,-323,-105,7368,7510,142
100,0,blank,0,-323,-105,7510,7707,197
100,0,blank,0,-323,-105,7707,7888,181
100,0,blank,0,-323,-105,7888,8054,166
100,0,blank,0,-323,-105,8054,8240,186
100,0,blank,0,-323,-105,8240,8417,177
100,0,blank,0,-323,-105,8417,8483,66
100,0,blank,0,-323,-105,8483,8727,244
100,0,blank,0,-323,-105,8727,8869,142
100,0,blank,0,-323,-105,8869,9051,182
100,0,blank,0,-323,-105,9051,9214,163
100,0,blank,0,-323,-105,9214,9404,190
100,0,blank,0,-323,-105,9404,9559,155
100,0,blank,0,-323,-105,9559,9723,164
100,0,blank,0,-323,-105,9723,9891,168
100,0,blank,0,-323,-105,9891,10068,177
100,0,blank,0,-323,-105,10068,10215,147
100,0,blank,0,-323,-105,10215,10379,164
100,0,blank,0,-323,-105,10379,10546,167
100,0,blank,0,-323,-105,10546,10660,114
100,0,blank,0,-323,-105,10660,10834,174
100,0,blank,0,-323,-105,10834,10997,163
100,0,blank,0,-323,-105,10997,11172,175
100,0,blank,0,-323,-105,11172,11359,187
100,0,blank,0,-323,-105,11359,11558,199
100,0,blank,0,-323,-105,11558,11773,215
100,0,blank,0,-323,-105,11773,11955,182
100,0,blank,0,-323,-105,11955,12066,111
100,0,blank,0,-323,-105,12066,12203,137
100,0,blank,0,-323,-105,12203,12385,182
100,0,blank,0,-323,-105,12385,12568,183
100,0,blank,0,-323,-105,12568,12752,184
100,0,blank,0,-323,-105,12752,12855,103
100,0,blank,0,-323,-105,12855,12958,103
100,0,blank,0,-323,-105,12958,13153,195
100,0,blank,0,-323,-105,13153,13266,113
100,0,blank,0,-323,-105,13266,13450,184
100,0,blank,0,-323,-105,13450,13709,259
100,0,blank,0,-323,-105,13709,13863,154
100,0,blank,0,-323,-105,13863,13960,97
100,0,blank,0,-323,-105,13960,14448,488
100,0,blank,0,-323,-105,14906,14989,83
100,0,blank,0,-323,-105,14989,15138,149
100,0,blank,0,-323,-105,15138,15265,127
100,0,blank,0,-323,-105,15265,15405,140
100,0,blank,0,-323,-105,15405,15570,165
100,0,blank,0,-323,-105,15570,15745,175
100,0,blank,0,-323,-105,15745,15941,196
100,0,blank,0,-323,-105,15941,16091,150
100,0,blank,0,-323,-105,16091,16278,187
100,0,blank,0,-323,-105,16278,16448,170
100,0,blank,0,-323,-105,16448,16587,139
100,0,blank,0,-323,-105,16587,16721,134
100,0,blank,0,-323,-105,16721,16808,87
100,0,blank,0,-323,-105,16808,16999,191
100,0,blank,0,-323,-105,16999,17632,633
100,0,blank,0,-323,-105,17632,17808,176
100,0,blank,0,-323,-105,18593,18690,97
100,0,blank,0,-323,-105,18690,19265,575
100,0,blank,0,-323,-105,19265,19442,177
100,0,blank,0,215.9133,218.26782,19553,19729,176
100,0,blank,0,177.677083333333,229.35385,19729,19925,196
100,11,),79,96.5819333333333,227.455266666667,19925,20122,197
100,0,blank,0,132.5955,217.69125,20122,20186,64
100,0,blank,0,-323,-105,20253,20330,77
100,0,blank,0,178.9771,248.0844,20457,20596,139
100,14,0,91,183.7231,294.1414,20596,20786,190
100,0,blank,0,204.0403,339.4303,20786,20878,92
100,24,),157,239.14622,517.61624,20906,21074,168
100,0,blank,0,228.007433333333,540.47635,21074,21272,198
100,26,p,161,205.90942,560.60054,21272,21466,194
100,0,blank,0,225.80765,586.817983333333,21466,21664,198
100,0,blank,0,224.7112,580.315133333333,21664,21862,198
100,26,++,162,218.9109,569.305033333333,21862,21961,99
100,14,comma,88,124.1365,294.00025,22028,22092,64
100,14,comma,88,128.8115,308.0955,22092,22438,346
100,0,blank,0,143.6579,236.5475,22438,22528,90
100,0,blank,0,-323,-105,22558,22696,138
100,11,main,77,76.65735,238.22365,22721,22887,166
100,11,main,77,57.277,239.3364,22887,23004,117
100,11,int,76,29.37235,243.77285,23004,23125,121
100,11,main,77,66.4751,233.6245,23185,23361,176
100,14,int,84,69.1739,301.7177,23361,23431,70
100,0,blank,0,-323,-105,23483,23571,88
100,0,blank,0,38.5391,204.6606,23690,23773,83
100,0,blank,0,-323,-105,23909,24007,98
100,6,char,41,138.9894,127.2693,24709,24800,91
100,0,blank,0,-323,-105,24914,25024,110
100,0,blank,0,-323,-105,25024,25193,169
100,0,blank,0,178.816816666667,196.2211,25239,25433,194
100,9,postfix,61,189.9465,190.4077,25433,25467,34
100,0,blank,0,-323,-105,25536,25565,29
100,0,blank,0,205.768733333333,136.153533333333,25685,25870,185
100,0,blank,0,210.97962,139.85372,25870,26038,168
100,8,char,52,151.48906,163.78224,26038,26202,164
100,0,blank,0,386.498275,67.93395,26236,26369,133
100,0,blank,0,509.81606,42.15924,26403,26571,168
100,0,blank,0,575.89694,39.34826,26571,26740,169
100,0,blank,0,579.0144,36.7092333333333,26740,26843,103
100,0,blank,0,338.16705,31.03155,26971,27047,76
100,0,blank,0,-323,-105,27082,27166,84
100,2,>,19,167.06304,35.24854,27295,27464,169
100,0,blank,0,185.9808,38.8306,27464,27498,34
100,2,<,15,88.4506,29.4794,27722,27781,59
100,0,blank,0,-323,-105,28107,28220,113
100,0,blank,0,-323,-105,28220,28376,156
100,0,blank,0,-323,-105,29062,29238,176
100,0,blank,0,-323,-105,29238,29415,177
100,0,blank,0,-323,-105,29415,29586,171
100,0,blank,0,-323,-105,29586,29686,100
100,0,blank,0,-323,-105,30510,30623,113
100,0,blank,0,163.5708,249.38832,30716,30887,171
100,0,blank,0,198.24376,271.37922,30887,31067,180
100,0,blank,0,46.91264,246.03512,31105,31303,198
100,0,blank,0,71.83502,247.64868,31303,31489,186
100,0,blank,0,118.0526,249.8271,31489,31524,35
100,13,ch,82,93.7538,271.4774,31589,31621,32
100,10,-1,74,113.454366666667,210.1613,31653,31746,93
100,0,blank,0,64.3379,69.5098,31909,31945,36
100,0,blank,0,-323,-105,32057,32243,186
100,0,blank,0,-323,-105,32243,32341,98
100,0,blank,0,-323,-105,32341,32546,205
100,0,blank,0,-323,-105,32546,32598,52
100,0,blank,0,254.6175,164.8435,32626,32686,60
100,0,blank,0,241.4669,105.9061,32686,32858,172
100,0,blank,0,153.845966666667,141.722833333333,32858,32988,130
100,0,blank,0,-323,-105,33030,33179,149
100,0,blank,0,-323,-105,33179,33264,85
100,0,blank,0,-323,-105,33264,33510,246
100,14,comma,88,126.518,293.0634,33575,33617,42
100,0,blank,0,178.7323,337.8362,33617,33844,227
100,0,blank,0,171.98328,281.9471,33844,34010,166
100,0,blank,0,171.21634,238.94428,34010,34189,179
100,0,blank,0,126.85996,275.44084,34189,34367,178
100,0,blank,0,137.11508,233.48612,34367,34553,186
100,8,char,52,149.83856,167.48124,34553,34719,166
100,0,blank,0,247.96184,123.50622,34719,34889,170
100,0,blank,0,264.36568,159.33858,34889,35060,171
100,0,blank,0,260.67925,220.005325,35060,35188,128
100,0,blank,0,386.75188,204.32532,35221,35388,167
100,0,blank,0,397.35886,218.9109,35388,35561,173
100,9,SIZE,68,431.65514,194.6037,35561,35736,175
100,0,blank,0,357.82668,200.52396,35736,35918,182
100,6,char,41,139.15086,118.65986,35954,36131,177
100,6,char,41,125.29665,125.7861,36168,36240,72
100,0,blank,0,84.85222,225.8617,36275,36449,174
100,9,[,67,108.1169,196.2497,36634,36667,33
100,0,blank,0,-323,-105,36738,36886,148
100,9,SIZE,68,129.960766666667,185.0027,36913,37102,189
100,0,blank,0,188.85928,170.9507,37102,37269,167
100,0,blank,0,189.967016666667,163.272116666667,37269,37467,198
100,0,blank,0,281.294766666667,177.97945,37467,37660,193
100,9,SIZE,68,294.4259,188.0392,37660,37759,99
100,0,blank,0,-323,-105,37792,37885,93
100,6,;,43,159.7651,118.7926,37911,37936,25
100,0,blank,0,170.950833333333,147.846016666667,38004,38199,195
100,0,blank,0,180.59924,123.32366,38199,38372,173
100,9,SIZE,68,138.14412,190.2109,38372,38543,171
100,9,SIZE,68,134.07686,193.36934,38543,38711,168
100,9,SIZE,68,134.97104,199.60376,38711,38881,170
100,0,blank,0,131.119225,215.4759,38881,39020,139
100,0,blank,0,-323,-105,39056,39195,139
100,8,char,52,122.132366666667,173.346433333333,39221,39414,193
100,8,char,52,139.80662,164.13986,39414,39587,173
100,9,SIZE,68,137.05646,188.60824,39587,39756,169
100,0,blank,0,135.98498,219.51326,39756,39925,169
100,0,blank,0,-323,-105,39960,40046,86
100,10,-1,74,114.6132,209.7172,40072,40105,33
100,0,blank,0,140.925266666667,223.979283333333,40174,40370,196
100,0,blank,0,152.8146,247.4126,40370,40538,168
100,0,blank,0,240.38946,239.1575,40538,40705,167
100,0,blank,0,270.82788,229.0119,40705,40876,171
100,0,blank,0,402.21832,228.37016,40909,41079,170
100,0,blank,0,395.365833333333,202.675033333333,41079,41182,103
100,0,blank,0,-323,-105,41251,41336,85
100,9,infix,66,351.72275,193.722225,41362,41482,120
100,9,SIZE,68,125.16916,199.14674,41516,41686,170
100,10,-1,74,118.139775,202.426,41686,41818,132
100,0,blank,0,-323,-105,41852,42000,148
100,8,char,52,131.659683333333,164.657733333333,42023,42202,179
100,8,char,52,138.122183333333,161.716166666667,42202,42398,196
100,8,char,52,150.6011,174.9587,42398,42431,33
100,0,blank,0,-323,-105,42498,42604,106
100,0,blank,0,175.2058,244.4046,42656,42694,38
100,0,blank,0,256.6719,226.32675,42765,42960,195
100,0,blank,0,266.87708,219.80074,42960,43128,168
100,0,blank,0,394.265283333333,220.590033333333,43162,43360,198
100,0,blank,0,421.43166,224.43622,43360,43527,167
100,0,blank,0,448.1613,219.67334,43527,43699,172
100,0,blank,0,391.3396,221.77134,43699,43872,173
100,0,blank,0,416.37875,208.273325,43872,44005,133
100,0,blank,0,-323,-105,44073,44150,77
100,9,SIZE,68,274.7456,199.0347,44189,44244,55
100,0,blank,0,169.82225,227.199,44337,44530,193
100,0,blank,0,74.0650666666667,211.766066666667,44530,44632,102
100,0,blank,0,177.03544,148.7756,44666,44827,161
100,0,blank,0,-323,-105,44860,44968,108
100,8,char,52,118.8119,171.7305,45006,45056,50
100,0,blank,0,115.5903,230.2675,45170,45361,191
100,9,stack,56,75.38675,195.4123,45361,45525,164
100,9,stack,56,80.19144,194.50626,45525,45697,172
100,9,[,67,109.61476,191.9155,45697,45866,169
100,0,blank,0,197.1362,214.212783333333,45866,46062,196
100,0,blank,0,125.648966666667,275.937916666667,46062,46261,199
100,13,;,83,118.79808,270.21228,46261,46428,167
100,0,blank,0,123.36366,276.47114,46428,46597,169
100,13,;,83,119.85878,270.31914,46597,46766,169
100,0,blank,0,103.785,260.9947,46766,46833,67
100,0,blank,0,-323,-105,46867,47012,145
100,0,blank,0,141.305583333333,214.531766666667,47060,47249,189
100,0,blank,0,141.031116666667,286.991766666667,47249,47447,198
100,0,blank,0,144.302216666667,248.924516666667,47447,47642,195
100,0,blank,0,108.67118,295.77832,47642,47809,167
100,0,blank,0,89.16668,277.7955,47809,47978,169
100,0,blank,0,88.22202,253.92416,47978,48148,170
100,0,blank,0,106.437,292.5507,48148,48183,35
100,0,blank,0,-323,-105,48216,48353,137
100,10,top,72,70.1854666666667,212.624966666667,48379,48480,101
100,0,blank,0,-323,-105,48516,48628,112
100,0,blank,0,150.04838,242.1912,48755,48926,171
100,0,blank,0,153.59372,259.80102,48926,49103,177
100,0,blank,0,149.8908,254.8686,49103,49275,172
100,0,blank,0,-323,-105,49343,49452,109
100,0,blank,0,119.2727,223.5018,49503,49565,62
100,0,blank,0,119.4404,226.7225,49651,49742,91
100,17,[,108,140.8776,356.02778,49775,49942,167
100,0,blank,0,123.9277,332.408,49942,50112,170
100,0,blank,0,125.16442,329.02722,50112,50279,167
100,19,"\nEnteraninfixexpression:",117,183.46748,412.10114,50279,50449,170
100,0,blank,0,160.02108,379.9676,50449,50622,173
100,0,blank,0,132.11425,355.02165,50622,50691,69
100,0,blank,0,-323,-105,50725,50809,84
100,0,blank,0,104.4074,310.1555,50834,50876,42
100,15,0,97,109.5563,322.4233,50953,51014,61
100,0,blank,0,-323,-105,51050,51163,113
100,15,<,100,148.3593,330.6725,51213,51274,61
100,0,blank,0,158.8058,332.55255,51360,51421,61
100,0,blank,0,-323,-105,51491,51530,39
100,0,blank,0,820.092,101.7225,51662,51688,26
100,0,blank,0,100.77272,347.48208,51756,51930,174
100,0,blank,0,94.0405,346.82254,51930,52104,174
100,0,blank,0,85.11224,345.03558,52104,52278,174
100,0,blank,0,130.6095,324.34302,52278,52453,175
100,0,blank,0,120.87214,337.06176,52453,52626,173
100,0,blank,0,180.4812,346.6174,52626,52800,174
100,0,blank,0,-323,-105,52834,53028,194
100,0,blank,0,210.045283333333,336.4999,53054,53250,196
100,0,blank,0,178.3685,353.5642,53250,53285,35
100,0,blank,0,-323,-105,53356,53441,85
100,0,blank,0,187.0094,370.1022,53486,53553,67
100,0,blank,0,163.85736,344.19014,53631,53796,165
100,0,blank,0,-323,-105,53873,54066,193
100,0,blank,0,64.2954,338.5623,54453,54478,25
100,0,blank,0,-323,-105,54826,54908,82
100,0,blank,0,170.02315,367.8774,55086,55194,108
100,0,blank,0,64.4141,347.7537,55339,55438,99
100,0,blank,0,68.9363,382.7574,55486,55537,51
100,0,blank,0,-323,-105,55683,55786,103
100,0,blank,0,232.1466,214.658,55812,55837,25
100,0,blank,0,231.642083333333,262.11655,55890,56077,187
100,15,++,104,236.037783333333,320.534983333333,56077,56270,193
100,15,i,103,221.625083333333,316.939566666667,56270,56461,191
100,0,blank,0,-323,-105,56523,56693,170
100,0,blank,0,269.220683333333,372.018783333333,56874,57072,198
100,19,"\nEnteraninfixexpression:",117,248.300833333333,402.25105,57072,57266,194
100,20,infix,124,176.32498,435.88486,57266,57434,168
100,20,infix,124,160.457483333333,431.590266666667,57434,57630,196
100,20,infix,124,190.935916666667,433.040516666667,57630,57827,197
100,20,infix,124,200.898,424.4121,57827,57892,65
100,0,blank,0,-323,-105,57924,58099,175
100,19,"\nEnteraninfixexpression:",117,274.26105,406.766825,58196,58340,144
100,0,blank,0,-323,-105,58374,58524,150
100,19,"\nEnteraninfixexpression:",117,158.2302,406.972,58767,58993,226
100,0,blank,0,91.8144,342.5585,58993,59158,165
100,0,blank,0,126.3529,355.2006,59158,59270,112
100,0,blank,0,93.0123,352.5106,59467,59566,99
100,19,"\nEnteraninfixexpression:",117,116.1396,413.3506,59675,59874,199
100,0,blank,0,288.8655,360.18866,59936,60118,182
100,0,blank,0,335.6213,339.77535,60118,60292,174
100,0,blank,0,229.0079,342.088633333333,60383,60479,96
100,0,blank,0,364.3729,372.890066666667,60518,60620,102
100,0,blank,0,272.9417,314.8855,60770,60796,26
100,0,blank,0,-323,-105,60896,60976,80
100,15,SIZE,101,177.683,318.3215,61417,61469,52
100,15,(,94,80.2119,331.0813,61687,61738,51
100,0,blank,0,-323,-105,61932,62118,186
100,0,blank,0,-323,-105,62118,62145,27
100,0,blank,0,241.2191,338.3849,62199,62264,65
100,17,],110,155.81192,365.63898,62426,62625,199
100,17,0,112,198.8449,372.63865,62625,62817,192
100,0,blank,0,262.8208,377.62445,62817,62886,69
100,0,blank,0,154.582566666667,469.207833333333,62918,63114,196
100,21,infix,133,150.2136,461.364016666667,63114,63308,194
100,0,blank,0,230.13655,469.344916666667,63308,63503,195
100,21,;,139,296.8684,461.8571,63503,63670,167
100,0,blank,0,353.38522,457.92208,63670,63837,167
100,0,blank,0,359.38854,439.26818,63837,64004,167
100,0,blank,0,379.7058,447.5344,64004,64203,199
100,0,blank,0,357.07465,445.9044,64203,64271,68
100,23,],149,208.364766666667,488.836516666667,64303,64494,191
100,23,infix,146,179.972516666667,490.508016666667,64494,64683,189
100,24,isalnum,153,155.618383333333,512.634816666667,64683,64874,191
100,23,=,145,121.956383333333,495.0956,64874,65066,192
100,0,blank,0,127.82155,498.54225,65066,65130,64
100,20,infix,124,159.8223,439.25245,65288,65418,130
100,0,blank,0,-323,-105,65452,65540,88
100,20,"%s",122,140.6314,437.71,65696,65873,177
100,21,!=,137,228.60518,461.05372,65955,66126,171
100,0,blank,0,224.17298,479.39304,66126,66306,180
100,23,infix,146,159.6259,503.49604,66306,66490,184
100,0,blank,0,157.885566666667,485.764333333333,66490,66592,102
100,0,blank,0,-323,-105,66629,66808,179
100,0,blank,0,-323,-105,66808,66860,52
100,0,blank,0,228.118966666667,464.25585,66885,67076,191
100,0,blank,0,226.61998,470.10826,67076,67245,169
100,0,blank,0,165.63996,480.584,67245,67415,170
100,0,blank,0,126.01864,495.84252,67415,67584,169
100,23,infix,146,156.90954,495.26016,67584,67754,170
100,0,blank,0,-323,-105,67823,67930,107
100,20,infix,124,168.2018,434.418,67980,68042,62
100,0,blank,0,177.691566666667,475.6203,68117,68313,196
100,23,infix,146,168.64038,507.19402,68313,68479,166
100,24,isalnum,153,186.8395,522.292266666667,68479,68678,199
100,24,),157,229.45816,513.20802,68678,68845,167
100,0,blank,0,245.25826,507.37532,68845,69012,167
100,24,ch,155,221.2449,512.54976,69012,69180,168
100,0,blank,0,-323,-105,69214,69299,85
100,0,blank,0,273.421933333333,509.238283333333,69442,69640,198
100,0,blank,0,300.90112,504.08444,69640,69814,174
100,0,blank,0,340.87046,510.39212,69814,69983,169
100,0,blank,0,342.9675,512.53822,69983,70156,173
100,0,blank,0,341.77276,507.73478,70156,70327,171
100,0,blank,0,363.082325,506.006875,70327,70466,139
100,0,blank,0,379.73512,467.16332,70504,70687,183
100,0,blank,0,359.6321,505.594166666667,70687,70793,106
100,0,blank,0,-323,-105,70827,70989,162
100,0,blank,0,-323,-105,70989,71041,52
100,0,blank,0,355.036533333333,473.2787,71071,71258,187
100,0,blank,0,358.877566666667,495.284616666667,71258,71456,198
100,0,blank,0,387.09278,483.66726,71456,71627,171
100,0,blank,0,360.0934,512.2777,71627,71663,36
100,26,p,161,204.0242,554.41726,71697,71864,167
100,0,blank,0,175.328833333333,551.542366666667,71864,72063,199
100,0,blank,0,161.976566666667,537.7967,72063,72259,196
100,0,blank,0,151.761625,551.703975,72259,72390,131
100,0,blank,0,192.5187,396.9059,72423,72456,33
100,0,blank,0,112.38162,521.45706,72488,72655,167
100,23,=,145,118.755366666667,492.8155,72655,72757,102
100,0,blank,0,-323,-105,72791,72929,138
100,0,blank,0,171.3156,549.1259,72981,73047,66
100,0,blank,0,-323,-105,73091,73241,150
100,0,blank,0,-323,-105,73241,73358,117
100,0,blank,0,126.278775,580.89385,73940,74123,183
100,0,blank,0,122.69995,590.9835,74123,74193,70
100,0,blank,0,137.2646,589.1815,74193,74582,389
100,0,blank,0,152.6399,543.403775,74613,74779,166
100,0,blank,0,117.04068,549.8491,74779,74972,193
100,0,blank,0,132.9585,450.89536,74972,75171,199
100,21,0,138,110.5945,457.8228,75171,75211,40
100,0,blank,0,126.1218,542.1293,75250,75289,39
100,0,blank,0,-323,-105,75332,75502,170
100,0,blank,0,-323,-105,75673,75804,131
100,28,if,169,137.35594,603.14768,75949,76116,167
100,0,blank,0,138.4294,625.62094,76116,76292,176
100,28,if,169,141.73828,617.6147,76292,76464,172
100,0,blank,0,127.888675,604.737975,76464,76598,134
100,0,blank,0,-323,-105,76632,76779,147
100,28,==,172,208.0693,599.60012,76921,77097,176
100,26,++,162,224.602,556.77584,77097,77266,169
100,26,++,162,225.07502,555.3467,77266,77434,168
100,26,++,162,218.4621,554.39506,77434,77601,167
100,26,++,162,217.97925,556.60185,77601,77667,66
100,15,),105,247.398033333333,326.845,77701,77899,198
100,0,blank,0,254.61925,356.974775,77899,78033,134
100,0,blank,0,301.0504,219.51836,78065,78233,168
100,0,blank,0,343.61346,218.38006,78233,78404,171
100,0,blank,0,409.04918,212.01844,78404,78577,173
100,0,blank,0,394.8654,284.8945,78577,78610,33
100,0,blank,0,-323,-105,78677,78735,58
100,0,blank,0,218.0068,206.2327,78771,78854,83
100,0,blank,0,173.687,215.8445,78959,79126,167
100,0,blank,0,261.1837,218.5628,79202,79270,68
100,0,blank,0,-323,-105,79337,79443,106
100,0,blank,0,-323,-105,79614,79762,148
100,0,blank,0,-323,-105,79762,79820,58
100,0,blank,0,163.83788,202.13624,79850,80019,169
100,0,blank,0,186.046583333333,219.670683333333,80019,80218,199
100,0,blank,0,204.5285,216.87628,80218,80385,167
100,0,blank,0,204.976233333333,221.486283333333,80385,80583,198
100,0,blank,0,170.3058,228.9277,80583,80674,91
100,0,blank,0,252.1307,227.9281,80756,80859,103
100,0,blank,0,-323,-105,81311,81506,195
100,0,blank,0,411.77275,236.579225,82174,82351,177
100,0,blank,0,407.06296,227.44954,82351,82517,166
100,0,blank,0,402.8167,222.4268,82517,82551,34
100,0,blank,0,-323,-105,82585,82674,89
100,0,blank,0,401.4617,202.7327,82700,82726,26
100,0,blank,0,-323,-105,82819,82931,112
100,0,blank,0,386.0728,229.6454,82993,83095,102
100,0,blank,0,153.959783333333,111.7335,83172,83369,197
100,0,blank,0,249.61346,29.15008,83369,83537,168
100,0,blank,0,294.1069,35.20555,83537,83604,67
100,0,blank,0,349.95,32.8706,83957,84084,127
100,0,blank,0,301.395,37.192625,85298,85466,168
100,0,blank,0,275.2467,28.351,85466,85502,36
100,0,blank,0,-323,-105,85539,85675,136
100,0,blank,0,304.99712,25.44546,85707,85872,165
100,1,expression,10,309.242,18.9039,85872,85947,75
100,0,blank,0,468.6957,30.177,86070,86200,130
100,0,blank,0,424.4302,47.69605,86200,86392,192
100,0,blank,0,443.766,54.13824,86392,86574,182
100,0,blank,0,438.45215,56.8217,86574,86646,72
100,0,blank,0,225.86205,492.20525,86717,86788,71
100,0,blank,0,-323,-105,86863,86999,136
100,0,blank,0,-323,-105,88141,88296,155
100,26,postfix,159,172.8738,562.5083,88363,88508,145
100,32,if,183,152.88925,691.7859,88607,88775,168
100,0,blank,0,156.7238,682.20965,88826,88976,150
100,0,blank,0,193.521,683.71865,88976,89169,193
100,0,blank,0,233.819333333333,648.142933333333,89169,89268,99
100,0,blank,0,184.9408,622.0648,89302,89336,34
100,28,(,173,247.03508,611.47262,89368,89550,182
100,28,(,173,242.985925,613.532025,89550,89690,140
100,0,blank,0,-323,-105,89726,89891,165
100,0,blank,0,-323,-105,89891,90081,190
100,0,blank,0,-323,-105,90081,90241,160
100,0,blank,0,-323,-105,90241,90311,70
100,26,p,161,210.09925,556.574816666667,90343,90540,197
100,0,blank,0,231.271166666667,541.591366666667,90540,90646,106
100,28,==,172,206.215833333333,601.8061,90793,90948,155
100,0,blank,0,201.1478,618.7414,90948,90997,49
100,0,blank,0,-323,-105,91096,91249,153
100,0,blank,0,283.6788,523.4603,91312,91460,148
100,26,[,160,199.871633333333,554.023433333333,91460,91659,199
100,26,p,161,205.784666666667,559.219133333333,91659,91815,156
100,0,blank,0,184.716766666667,536.349333333333,91815,91965,150
100,24,(,154,196.14825,515.502325,91965,92137,172
100,23,],149,207.1003,503.648225,92137,92272,135
100,0,blank,0,-323,-105,92303,92415,112
100,0,blank,0,181.573433333333,542.136166666667,92559,92663,104
100,0,blank,0,-323,-105,92701,92875,174
100,28,==,172,203.4393,617.1314,92895,92921,26
100,24,isalnum,153,183.60486,527.83208,92991,93160,169
100,0,blank,0,209.67088,549.99982,93160,93333,173
100,26,p,161,205.370766666667,563.155666666667,93333,93505,172
100,26,[,160,198.9436,563.489066666667,93505,93668,163
100,26,postfix,159,191.108033333333,557.481633333333,93668,93832,164
100,0,blank,0,222.888333333333,549.9096,93832,93989,157
100,0,blank,0,-323,-105,94100,94232,132
100,26,],163,238.5751,557.1896,94345,94487,142
100,28,ch,171,178.752266666667,600.9908,94536,94730,194
100,0,blank,0,173.0045,626.26912,94730,94901,171
100,0,blank,0,156.5337,632.7181,94901,94933,32
100,24,ch,155,212.72538,529.71832,94966,95134,168
100,24,ch,155,213.616325,529.7457,95134,95271,137
100,0,blank,0,-323,-105,95431,95610,179
100,0,blank,0,-323,-105,95610,95705,95
100,0,blank,0,-323,-105,96099,96441,342
100,26,],163,241.929133333333,562.6319,96471,96575,104
100,0,blank,0,200.5226,540.2654,96575,96701,126
100,26,[,160,202.600166666667,564.9328,96818,96970,152
100,0,blank,0,193.2975,534.537666666667,96970,97117,147
100,23,i,148,197.7797,490.2141,97167,97216,49
100,0,blank,0,-323,-105,97320,97397,77
100,26,postfix,159,180.062533333333,558.954733333333,97450,97638,188
100,23,;,150,221.83735,507.99135,97638,97796,158
100,0,blank,0,231.61624,484.19886,97796,97983,187
100,0,blank,0,265.124183333333,486.834,97983,98178,195
100,0,blank,0,247.319916666667,477.29895,98178,98369,191
100,0,blank,0,278.168133333333,496.506116666667,98369,98565,196
100,0,blank,0,271.2856,487.940133333333,98565,98753,188
100,0,blank,0,262.135766666667,517.187416666667,98753,98952,199
100,0,blank,0,262.02714,531.57236,98952,99111,159
100,0,blank,0,273.51866,548.49278,99143,99314,171
100,0,blank,0,266.10808,550.2418,99314,99485,171
100,26,],163,240.0858,571.6459,99485,99522,37
100,0,blank,0,-323,-105,99585,99767,182
100,0,blank,0,-323,-105,99767,99788,21
100,0,blank,0,281.47692,530.87596,99839,100009,170
100,0,blank,0,-323,-105,100050,100185,135
100,30,;,180,209.3116,642.6996,100398,100527,129
100,0,blank,0,203.2972,619.478,100527,100661,134
100,0,blank,0,270.1378,586.51315,100661,100798,137
100,0,blank,0,287.628433333333,591.533233333333,100848,101029,181
100,0,blank,0,292.35885,597.700425,101029,101212,183
100,0,blank,0,243.11252,672.77404,101212,101405,193
100,32,),188,271.218416666667,685.24655,101405,101599,194
100,0,blank,0,294.09048,676.3343,101599,101767,168
100,0,blank,0,293.73712,684.84086,101767,101933,166
100,0,blank,0,297.26118,673.31112,101933,102105,172
100,0,blank,0,226.9081,697.5244,102140,102308,168
100,0,blank,0,224.1265,699.8662,102308,102341,33
100,0,blank,0,-323,-105,102375,102459,84
100,0,blank,0,293.9193,437.5356,102602,102627,25
100,0,blank,0,-323,-105,102773,102908,135
100,0,blank,0,251.2802,446.06485,103401,103579,178
100,21,0,138,269.6514,456.2157,103579,103723,144
100,0,blank,0,-323,-105,103822,103916,94
100,0,blank,0,-323,-105,104434,104541,107
100,0,blank,0,-323,-105,104541,104732,191
100,0,blank,0,-323,-105,104732,104825,93
100,0,blank,0,22.5131,665.2851,104868,104894,26
100,20,infix,124,189.608575,424.7267,105009,105177,168
100,0,blank,0,169.2739,474.33092,105177,105352,175
100,0,blank,0,131.60434,481.36038,105352,105528,176
100,0,blank,0,113.38532,523.7705,105528,105709,181
100,24,(,154,119.3106,518.46382,105709,105878,169
100,0,blank,0,212.44384,535.38132,105878,106048,170
100,26,postfix,159,188.3197,564.0417,106048,106084,36
100,0,blank,0,-323,-105,106116,106228,112
100,24,isalnum,153,155.5007,514.569475,106580,106749,169
100,26,postfix,159,170.57916,564.3937,106749,106928,179
100,0,blank,0,160.60672,583.00748,106928,107110,182
100,26,postfix,159,171.04272,570.87034,107110,107291,181
100,30,push,176,128.1142,651.8908,107291,107327,36
100,0,blank,0,-323,-105,107363,107519,156
100,0,blank,0,225.9297,590.9769,108006,108189,183
100,0,blank,0,249.3145,661.257833333333,108189,108387,198
100,0,blank,0,253.039133333333,669.871066666667,108387,108543,156
100,0,blank,0,240.9872,678.8618,108543,108641,98
100,0,blank,0,-323,-105,108694,108871,177
100,0,blank,0,-323,-105,108871,109025,154
100,0,blank,0,-323,-105,109025,109129,104
100,30,ch,178,175.715975,657.444625,109589,109787,198
100,0,blank,0,264.3403,549.9017,109787,109821,34
100,28,(,173,169.21432,601.24322,109856,110032,176
100,0,blank,0,159.76745,621.5838,110032,110101,69
100,0,blank,0,248.67105,518.85955,110135,110202,67
100,0,blank,0,226.86106,482.36276,110235,110413,178
100,0,blank,0,221.018,482.6899,110413,110446,33
100,0,blank,0,230.91642,546.65796,110479,110659,180
100,0,blank,0,-323,-105,110692,110854,162
100,0,blank,0,318.7072,551.8525,110964,111110,146
100,0,blank,0,302.367,430.381,111736,111838,102
100,21,0,138,276.07185,453.4938,111885,112042,157
100,0,blank,0,-323,-105,112094,112271,177
100,0,blank,0,-323,-105,112271,112449,178
100,0,blank,0,-323,-105,112449,112500,51
100,0,blank,0,-323,-105,112629,113014,385
100,0,blank,0,-323,-105,113014,113145,131
100,23,;,150,216.89546,506.4346,113182,113349,167
100,0,blank,0,248.37322,487.73862,113349,113528,179
100,0,blank,0,306.758666666667,461.307966666667,113528,113726,198
100,0,blank,0,312.85755,508.1971,113726,113794,68
100,0,blank,0,-323,-105,113832,113968,136
100,0,blank,0,264.0968,479.6245,114004,114037,33
100,20,infix,124,194.7059,432.2032,114107,114276,169
100,21,i,140,202.517666666667,458.241033333333,114276,114383,107
100,21,0,138,268.18482,445.66946,114418,114590,172
100,0,blank,0,325.42485,360.12575,114590,114656,66
100,0,blank,0,355.0007,391.7192,114692,114861,169
100,19,"\nEnteraninfixexpression:",117,371.29076,414.49758,114861,115033,172
100,0,blank,0,327.263966666667,377.632433333333,115033,115131,98
100,0,blank,0,-323,-105,115164,115323,159
100,0,blank,0,-323,-105,115323,115369,46
100,0,blank,0,260.953883333333,356.762166666667,115395,115586,191
100,0,blank,0,256.278383333333,390.111083333333,115586,115781,195
100,24,(,154,199.1542,519.0933,115781,115813,32
100,0,blank,0,215.61635,479.3857,115877,115940,63
100,0,blank,0,193.20405,462.91275,116010,116080,70
100,0,blank,0,-323,-105,116117,116299,182
100,20,"%s",122,104.09115,421.949,116437,116490,53
100,0,blank,0,-323,-105,116522,116712,190
100,0,blank,0,-323,-105,116712,116908,196
100,0,blank,0,-323,-105,116908,117030,122
100,0,blank,0,-323,-105,117030,117286,256
100,0,blank,0,-323,-105,117286,117450,164
100,0,blank,0,-323,-105,117450,117573,123
100,0,blank,0,-323,-105,117573,117685,112
100,0,blank,0,-323,-105,117685,117958,273
100,0,blank,0,-323,-105,117958,118012,54
100,0,blank,0,-323,-105,118012,118292,280
100,0,blank,0,-323,-105,118292,118335,43
100,0,blank,0,-323,-105,118335,118502,167
100,0,blank,0,-323,-105,118502,118662,160
100,0,blank,0,-323,-105,118662,118852,190
100,0,blank,0,-323,-105,118852,118968,116
100,0,blank,0,277.1704,760.1026,119026,119052,26
100,0,blank,0,200.9798,753.3902,119111,119143,32
100,0,blank,0,356.9555,664.0973,119212,119246,34
100,0,blank,0,-323,-105,119315,119416,101
100,0,blank,0,266.9188,440.6144,119467,119480,13
100,0,blank,0,292.6339,644.892,119515,119546,31
100,0,blank,0,242.2562,481.8599,119698,119759,61
100,0,blank,0,-323,-105,119786,119949,163
100,0,blank,0,318.81685,666.2616,120074,120134,60
100,0,blank,0,191.1425,535.9046,120246,120358,112
100,24,ch,155,204.26575,522.30205,120358,120501,143
100,28,ch,171,189.976933333333,599.559466666667,120744,120925,181
100,0,blank,0,195.3708,597.80215,120925,121019,94
100,0,blank,0,144.2414,595.6318,121019,121165,146
100,0,blank,0,144.7958,672.7272,121165,121221,56
100,0,blank,0,-323,-105,121254,121415,161
100,28,else,168,114.164866666667,602.191933333333,121519,121609,90
100,0,blank,0,-323,-105,121642,121833,191
100,0,blank,0,-323,-105,121833,121882,49
100,26,postfix,159,150.0946,556.267883333333,121912,122098,186
100,0,blank,0,177.38354,530.32578,122098,122267,169
100,0,blank,0,186.94534,547.56482,122267,122434,167
100,26,ch,165,275.6499,554.8834,122434,122613,179
100,0,blank,0,-323,-105,122667,122864,197
100,0,blank,0,-323,-105,122864,122969,105
100,0,blank,0,-323,-105,122969,123167,198
100,0,blank,0,-323,-105,123167,123289,122
100,0,blank,0,-323,-105,123289,123706,417
100,0,blank,0,-323,-105,123706,124038,332
100,0,blank,0,-323,-105,124038,124178,140
100,0,blank,0,343.94085,563.83115,124205,124342,137
100,26,ch,165,278.073966666667,570.0133,124342,124510,168
100,0,blank,0,291.28805,607.264,124510,124667,157
100,0,blank,0,-323,-105,124924,124978,54
100,0,blank,0,288.3524,539.652,125037,125067,30
100,0,blank,0,-323,-105,125136,125320,184
100,0,blank,0,-323,-105,125320,125466,146
100,0,blank,0,-323,-105,125466,125600,134
100,0,blank,0,298.67665,546.1326,125637,125819,182
100,0,blank,0,333.73295,747.6762,125880,125974,94
100,0,blank,0,289.0848,600.8985,126001,126097,96
100,0,blank,0,-323,-105,126193,126325,132
100,0,blank,0,213.8858,504.4085,126622,126724,102
100,28,(,173,255.0907,600.0513,126724,126892,168
100,26,p,161,210.2265,567.7638,126892,127053,161
100,0,blank,0,308.1968,582.1116,127053,127121,68
100,0,blank,0,202.926566666667,538.963566666667,127226,127384,158
100,24,ch,155,211.958766666667,523.2074,127384,127534,150
100,24,isalnum,153,125.61135,517.30815,127586,127690,104
100,0,blank,0,285.16584,352.12152,127739,127921,182
100,0,blank,0,297.9685,346.6539,127921,127987,66
100,0,blank,0,189.641366666667,472.043016666667,128020,128218,198
100,20,infix,124,185.12185,426.19605,128218,128349,131
100,23,infix,146,170.013283333333,497.995733333333,128386,128584,198
100,0,blank,0,170.32052,364.33982,128584,128754,170
100,0,blank,0,181.50832,341.15722,128754,128926,172
100,0,blank,0,201.83526,310.1373,128926,129100,174
100,15,SIZE,101,190.1509,312.4151,129100,129135,35
100,0,blank,0,-323,-105,129171,129308,137
100,26,p,161,205.60198,558.51728,129454,129625,171
100,0,blank,0,228.36075,533.6372,129625,129698,73
100,0,blank,0,275.4683,615.6448,129735,129914,179
100,0,blank,0,248.34076,645.07882,129914,130094,180
100,0,blank,0,256.33594,676.82604,130094,130270,176
100,0,blank,0,237.2375,623.4492,130270,130305,35
100,0,blank,0,-323,-105,130341,130401,60
100,0,blank,0,-323,-105,130494,130692,198
100,0,blank,0,-323,-105,130692,130763,71
100,28,(,173,168.06208,617.6483,131088,131259,171
100,0,blank,0,139.96334,574.60668,131259,131429,170
100,0,blank,0,196.66054,582.22278,131429,131602,173
100,0,blank,0,222.0344,575.33348,131602,131780,178
100,0,blank,0,251.80418,585.82256,131780,131957,177
100,28,(,173,258.6353,599.84792,131957,132134,177
100,0,blank,0,198.92062,607.8484,132134,132310,176
100,28,ch,171,187.11896,604.73314,132310,132486,176
100,26,postfix,159,169.0307,556.86688,132486,132662,176
100,24,isalnum,153,156.18998,517.02266,132662,132838,176
100,24,(,154,197.228975,523.9481,132838,132976,138
100,0,blank,0,-323,-105,133045,133211,166
100,0,blank,0,-323,-105,133211,133393,182
100,0,blank,0,-323,-105,133393,133572,179
100,0,blank,0,-323,-105,133572,133707,135
100,0,blank,0,-323,-105,133707,133840,133
100,0,blank,0,-323,-105,133994,134030,36
100,0,blank,0,52.9086,504.7229,134210,134253,43
100,0,blank,0,162.8952,535.03062,134286,134456,170
100,26,postfix,159,187.74795,557.950516666667,134456,134655,199
100,26,++,162,234.0034,558.33832,134655,134824,169
100,0,blank,0,232.442166666667,546.2697,134824,134927,103
100,0,blank,0,-323,-105,134965,135153,188
100,0,blank,0,-323,-105,135153,135266,113
100,26,[,160,200.12566,557.00908,135300,135466,166
100,26,++,162,217.197075,572.26915,135466,135632,166
100,26,],163,238.47,570.73326,135632,135810,178
100,26,++,162,227.18102,567.58142,135810,135983,173
100,0,blank,0,225.10524,583.26132,135983,136158,175
100,0,blank,0,226.4877,576.56564,136158,136332,174
100,0,blank,0,244.2834,656.77184,136332,136506,174
100,0,blank,0,239.560225,670.6946,136506,136646,140
100,0,blank,0,-323,-105,136716,136906,190
100,0,blank,0,235.2227,649.5306,136981,137089,108
100,0,blank,0,57.7269,506.2126,137182,137207,25
100,0,blank,0,199.5942,700.47232,137243,137429,186
100,0,blank,0,199.30076,685.29436,137429,137603,174
100,0,blank,0,249.8534,681.2228,137603,137736,133
100,0,blank,0,-323,-105,137771,137934,163
100,0,blank,0,-323,-105,137934,137981,47
100,0,blank,0,315.0558,625.5443,138040,138133,93
100,0,blank,0,306.95055,660.45,138221,138288,67
100,0,blank,0,216.75048,740.46784,138324,138501,177
100,0,blank,0,228.32296,739.50798,138501,138673,172
100,0,blank,0,183.98764,726.37496,138673,138845,172
100,0,blank,0,167.99248,735.81016,138845,139018,173
100,0,blank,0,165.99024,743.86992,139018,139189,171
100,0,blank,0,196.21994,759.20706,139189,139360,171
100,0,blank,0,205.13308,763.47916,139360,139538,178
100,0,blank,0,199.45566,754.49738,139538,139714,176
100,0,blank,0,197.36424,758.4766,139714,139908,194
100,0,blank,0,195.999633333333,732.367766666667,139908,140015,107
100,0,blank,0,393.002375,669.5136,140086,140216,130
100,0,blank,0,1011.7482,267.37726,140874,141049,175
100,0,blank,0,994.4036,267.18028,141049,141223,174
100,0,blank,0,1004.2718,297.23934,141223,141398,175
100,0,blank,0,1014.444,287.03064,141398,141572,174
100,0,blank,0,1015.374,269.91976,141572,141749,177
100,0,blank,0,1014.0994,220.44148,141749,141928,179
100,0,blank,0,1016.7536,175.44402,141928,142108,180
100,0,blank,0,1025.612,188.1041,142108,142285,177
100,0,blank,0,1024.2834,203.39188,142285,142463,178
100,0,blank,0,1009.2178,195.09348,142463,142644,181
100,0,blank,0,298.714,720.62955,142789,142859,70
101,28,==,172,207.85576,342.66702,148600,148777,177
101,26,[,160,199.5227,310.13184,148777,148949,172
101,0,blank,0,-323,-105,148984,149019,35
101,0,blank,0,148.2357,358.041316666667,149140,149325,185
101,30,ch,178,188.33122,381.80668,149325,149493,168
101,28,ch,171,187.3793,357.21456,149493,149669,176
101,0,blank,0,195.58675,336.594683333333,149669,149867,198
101,26,postfix,159,188.577316666667,303.005633333333,149867,150066,199
101,0,blank,0,195.7318,328.718266666667,150066,150165,99
101,0,blank,0,930.8676,297.53668,150265,150436,171
101,0,blank,0,925.77625,301.9249,150436,150575,139
101,0,blank,0,148.85132,366.33258,150677,150849,172
101,30,),179,198.3928,390.5124,150849,150883,34
101,0,blank,0,-323,-105,150918,151114,196
101,0,blank,0,125.8781,349.2893,151355,151384,29
101,0,blank,0,137.5627,209.19366,151418,151589,171
101,0,blank,0,108.62534,125.25804,151589,151759,170
101,17,stack,107,101.023733333333,103.263683333333,151759,151955,196
101,0,blank,0,74.6162333333333,52.2589666666667,151955,152152,197
101,14,int,84,64.09218,45.97158,152152,152319,167
101,14,int,84,55.6774,36.7568,152319,152386,67
101,26,],163,238.9814,304.77602,152454,152623,169
101,0,blank,0,281.7311,383.816266666667,152655,152761,106
101,34,!=,196,312.3266,489.0443,152878,152920,42
101,0,blank,0,-323,-105,152962,153157,195
101,0,blank,0,-323,-105,153157,153313,156
101,0,blank,0,-323,-105,153313,153490,177
101,0,blank,0,-323,-105,153490,153615,125
101,0,blank,0,-323,-105,153615,153788,173
101,0,blank,0,-323,-105,153788,153979,191
101,0,blank,0,-323,-105,153979,154097,118
101,0,blank,0,-323,-105,154097,154201,104
101,0,blank,0,-323,-105,154201,154340,139
101,0,blank,0,-323,-105,154340,154478,138
101,0,blank,0,-323,-105,154478,154660,182
101,34,!=,196,310.1727,480.0239,154694,154725,31
101,36,postfix,200,183.27402,529.75788,155350,155535,185
101,36,postfix,200,228.76416,517.42258,155535,155701,166
101,0,blank,0,250.1473,496.7164,155701,155801,100
101,0,blank,0,-323,-105,155873,156046,173
101,0,blank,0,-323,-105,156046,156101,55
101,36,pop,206,313.44035,522.19985,156152,156347,195
101,0,blank,0,303.19002,543.8478,156347,156516,169
101,0,blank,0,266.73582,541.03948,156516,156686,170
101,0,blank,0,267.2224,547.02754,156686,156859,173
101,0,blank,0,257.75686,542.20076,156859,157029,170
101,0,blank,0,292.83854,540.24902,157029,157197,168
101,0,blank,0,-323,-105,157232,157418,186
101,0,blank,0,-323,-105,157418,157547,129
101,0,blank,0,341.776216666667,509.785583333333,157579,157776,197
101,36,pop,206,335.72038,532.10212,157776,157949,173
101,0,blank,0,335.01536,540.47276,157949,158120,171
101,0,blank,0,306.5563,551.568625,158120,158256,136
101,0,blank,0,-323,-105,158291,158457,166
101,0,blank,0,-323,-105,158457,158550,93
101,36,++,203,257.453716666667,530.260183333333,158586,158782,196
101,36,p,202,253.55946,526.00488,158782,158953,171
101,36,++,203,266.25066,527.42306,158953,159123,170
101,0,blank,0,204.0517,48.9866,159340,159532,192
101,15,i,103,138.798666666667,70.0206666666667,159532,159696,164
101,0,blank,0,-323,-105,159747,159929,182
101,36,pop,206,316.8778,527.2841,160162,160210,48
101,0,blank,0,400.8416,588.3396,160315,160363,48
101,0,blank,0,296.182,544.3627,160408,160596,188
101,0,blank,0,267.107083333333,535.132266666667,160596,160794,198
101,36,[,201,242.814083333333,519.298016666667,160794,160992,198
101,0,blank,0,-323,-105,161026,161192,166
101,0,blank,0,-323,-105,161192,161325,133
101,0,blank,0,260.0858,371.6442,161497,161557,60
101,0,blank,0,233.4281,452.5155,161623,161650,27
101,0,blank,0,-323,-105,161686,161860,174
101,0,blank,0,253.651866666667,464.486833333333,161906,162035,129
101,0,blank,0,-323,-105,162352,162532,180
101,0,blank,0,-323,-105,162532,162784,252
101,0,blank,0,-323,-105,162784,162979,195
101,0,blank,0,-323,-105,162979,163162,183
101,0,blank,0,-323,-105,163162,163380,218
101,0,blank,0,-323,-105,163380,163509,129
101,36,(,207,351.4526,515.8146,163567,163723,156
101,0,blank,0,314.873825,556.2883,163776,163957,181
101,0,blank,0,311.09366,560.1325,163957,164134,177
101,0,blank,0,326.24108,580.36952,164134,164310,176
101,0,blank,0,334.47625,591.71105,164310,164381,71
101,0,blank,0,223.76016,578.7687,164417,164591,174
101,0,blank,0,206.41625,565.89555,164591,164663,72
101,0,blank,0,-323,-105,164699,164854,155
101,0,blank,0,-323,-105,164854,164979,125
101,0,blank,0,-323,-105,165095,165274,179
101,0,blank,0,-323,-105,165274,165321,47
101,36,++,203,254.312833333333,515.9068,165611,165790,179
101,0,blank,0,255.844833333333,540.514466666667,165790,165943,153
101,36,++,203,267.2176,528.76055,165943,166142,199
101,0,blank,0,289.82015,546.08865,166142,166297,155
101,0,blank,0,289.4285,572.4043,166297,166394,97
101,0,blank,0,313.37,566.6649,166394,166546,152
101,0,blank,0,358.91066,578.80912,166546,166730,184
101,0,blank,0,361.804533333333,576.0071,166730,166834,104
101,0,blank,0,-323,-105,166868,167064,196
101,0,blank,0,385.18084,548.106,167210,167376,166
101,0,blank,0,380.76445,571.6255,167376,167476,100
101,0,blank,0,398.8795,584.8633,167476,167600,124
101,0,blank,0,418.8365,587.2971,167600,167722,122
101,0,blank,0,403.8042,585.01045,167722,167916,194
101,0,blank,0,371.64616,585.2991,167916,168085,169
101,0,blank,0,317.343125,588.413825,168085,168223,138
101,0,blank,0,-323,-105,168256,168421,165
101,0,blank,0,266.651066666667,572.6321,168593,168770,177
101,42,preced,243,217.596933333333,645.9529,168770,168969,199
101,0,blank,0,199.0435,602.0916,168969,169113,144
101,0,blank,0,328.3939,585.30485,169161,169261,100
101,0,blank,0,-323,-105,169312,169466,154
101,0,blank,0,-323,-105,169466,169597,131
101,36,postfix,200,179.92982,523.6435,169737,169935,198
101,36,postfix,200,181.820033333333,528.859566666667,169935,170040,105
101,42,preced,243,213.47692,660.57812,170075,170243,168
101,0,blank,0,-323,-105,170280,170473,193
101,0,blank,0,372.736383333333,572.116916666667,170620,170817,197
101,0,blank,0,396.72572,577.52,170817,170990,173
101,0,blank,0,310.52572,589.9702,170990,171161,171
101,0,blank,0,292.36408,572.34816,171161,171334,173
101,0,blank,0,312.2277,598.06532,171334,171502,168
101,0,blank,0,334.4511,598.68658,171502,171671,169
101,0,blank,0,332.221,588.77632,171671,171842,171
101,42,preced,243,348.10758,660.95706,171842,172013,171
101,0,blank,0,509.55328,641.30802,172047,172228,181
101,40,ch,231,583.18056,618.54972,172228,172416,188
101,0,blank,0,573.9549,640.577,172416,172455,39
101,0,blank,0,674.92905,651.61345,172528,172677,149
101,0,blank,0,-323,-105,172713,172909,196
101,0,blank,0,-323,-105,173032,173219,187
101,0,blank,0,-323,-105,173219,173284,65
101,0,blank,0,-323,-105,173284,174160,876
101,0,blank,0,314.4799,672.70665,174258,174408,150
101,42,preced,243,345.724,648.95385,174456,174627,171
101,0,blank,0,369.568733333333,672.3881,174627,174792,165
101,0,blank,0,408.4117,644.718666666667,174792,174944,152
101,42,stack,245,394.22645,653.00805,174944,175061,117
101,0,blank,0,-323,-105,175221,175395,174
101,0,blank,0,398.3387,679.8139,175498,175523,25
101,0,blank,0,-323,-105,175575,175774,199
101,0,blank,0,-323,-105,175774,175861,87
101,0,blank,0,341.22585,581.4261,176008,176084,76
101,0,blank,0,463.1069,594.9993,176121,176309,188
101,42,),250,465.46128,656.66696,176309,176496,187
101,0,blank,0,425.04358,679.77402,176496,176677,181
101,0,blank,0,462.71208,680.50678,176677,176853,176
101,0,blank,0,478.89038,702.0899,176853,177030,177
101,0,blank,0,486.35458,686.74796,177030,177208,178
101,0,blank,0,516.34292,682.40006,177208,177385,177
101,0,blank,0,499.02288,708.55518,177385,177563,178
101,0,blank,0,547.278,700.74438,177563,177743,180
101,0,blank,0,593.054966666667,688.058233333333,177743,177851,108
101,0,blank,0,-323,-105,177924,178111,187
101,0,blank,0,-323,-105,178111,178265,154
101,0,blank,0,-323,-105,178265,178429,164
101,0,blank,0,-323,-105,178429,178627,198
101,0,blank,0,-323,-105,178627,178728,101
101,0,blank,0,-323,-105,178728,178835,107
101,0,blank,0,-323,-105,178835,179024,189
101,0,blank,0,-323,-105,179024,179207,183
101,0,blank,0,-323,-105,179207,179456,249
101,0,blank,0,-323,-105,179456,179483,27
101,0,blank,0,-323,-105,179483,179708,225
101,0,blank,0,-323,-105,179708,180272,564
101,0,blank,0,-323,-105,180272,180424,152
101,0,blank,0,-323,-105,180424,180476,52
101,0,blank,0,-323,-105,180476,180676,200
101,0,blank,0,329.20305,639.04135,180737,180895,158
101,40,==,232,602.792766666667,613.723866666667,180965,181065,100
101,0,blank,0,519.51392,694.40326,181171,181349,178
101,0,blank,0,512.196225,701.157125,181349,181489,140
101,0,blank,0,291.43448,678.6274,181523,181697,174
101,0,blank,0,288.10284,699.3841,181697,181869,172
101,0,blank,0,376.7957,726.62422,181869,182042,173
101,0,blank,0,384.0615,701.926925,182042,182182,140
101,0,blank,0,-323,-105,182217,182402,185
101,0,blank,0,-323,-105,182402,182569,167
101,0,blank,0,-323,-105,182569,182750,181
101,0,blank,0,247.03062,716.92212,182839,183025,186
101,0,blank,0,190.882083333333,707.221316666667,183025,183221,196
101,0,blank,0,222.532633333333,704.1607,183221,183418,197
101,0,blank,0,241.63902,691.6911,183418,183606,188
101,42,preced,243,214.1072,663.9879,183606,183802,196
101,0,blank,0,172.945533333333,669.171,183802,183999,197
101,0,blank,0,162.7193,644.1854,183999,184033,34
101,0,blank,0,176.4734,506.71198,184066,184234,168
101,0,blank,0,195.26762,506.19762,184234,184404,170
101,0,blank,0,190.89624,466.27862,184404,184571,167
101,0,blank,0,197.53368,444.35488,184571,184739,168
101,30,ch,178,189.751766666667,389.894083333333,184739,184935,196
101,0,blank,0,172.062416666667,293.7711,184935,185133,198
101,24,ch,155,219.51218,255.40694,185133,185300,167
101,24,ch,155,213.89488,266.31514,185300,185465,165
101,0,blank,0,-323,-105,185500,185589,89
101,21,],136,206.0797,196.8779,185629,185687,58
101,0,blank,0,-323,-105,185730,185916,186
101,0,blank,0,246.34705,310.680716666667,185941,186117,176
101,0,blank,0,238.83,391.9496,186117,186149,32
101,26,postfix,159,173.721483333333,302.625416666667,186181,186378,197
101,26,postfix,159,168.6533,301.5974,186378,186410,32
101,0,blank,0,208.43015,450.282916666667,186443,186637,194
101,0,blank,0,201.921233333333,463.702633333333,186637,186832,195
101,0,blank,0,206.3387,451.035933333333,186832,187025,193
101,0,blank,0,224.363283333333,412.35795,187025,187215,190
101,0,blank,0,239.155516666667,360.8972,187215,187409,194
101,0,blank,0,232.66915,372.43985,187409,187472,63
101,0,blank,0,-323,-105,187506,187618,112
101,0,blank,0,182.8333,375.8458,187681,187756,75
101,0,blank,0,224.1653,454.7357,187852,187915,63
101,0,blank,0,219.9113,422.7286,188166,188196,30
101,0,blank,0,213.257683333333,449.693283333333,188269,188463,194
101,0,blank,0,228.66056,448.65032,188463,188633,170
101,0,blank,0,224.8859,451.35808,188633,188801,168
101,0,blank,0,217.92875,451.139266666667,188801,188995,194
101,0,blank,0,189.0523,454.7928,188995,189028,33
101,0,blank,0,-323,-105,189095,189227,132
101,0,blank,0,199.3179,359.7344,189254,189291,37
101,0,blank,0,199.285983333333,424.081983333333,189358,189548,190
101,0,blank,0,195.07724,457.9317,189548,189714,166
101,34,stack,192,192.53264,471.66758,189714,189884,170
101,0,blank,0,-323,-105,189918,190115,197
101,0,blank,0,-323,-105,190115,190165,50
101,0,blank,0,211.050516666667,453.2299,190192,190378,186
101,0,blank,0,207.5602,458.032616666667,190378,190572,194
101,0,blank,0,222.169316666667,448.134716666667,190572,190771,199
101,0,blank,0,227.90375,443.63255,190771,190836,65
101,0,blank,0,-323,-105,190900,191041,141
101,32,==,186,219.514066666667,439.5269,191171,191356,185
101,0,blank,0,223.577816666667,450.182466666667,191356,191551,195
101,0,blank,0,226.481,460.204733333333,191551,191750,199
101,0,blank,0,239.206316666667,415.775466666667,191750,191948,198
101,0,blank,0,278.21975,403.025425,191948,192081,133
101,0,blank,0,-323,-105,192114,192266,152
101,0,blank,0,270.348866666667,407.73505,192292,192468,176
101,36,postfix,200,227.5882,532.10616,192500,192670,170
101,36,postfix,200,221.0752,524.29256,192670,192837,167
101,36,++,203,261.96846,532.8081,192837,193004,167
101,0,blank,0,282.04312,550.4667,193004,193170,166
101,0,blank,0,271.08894,548.09024,193170,193340,170
101,0,blank,0,296.77804,550.98612,193340,193508,168
101,36,pop,206,329.9573,532.72505,193508,193707,199
101,36,(,207,351.1146,526.5864,193707,193740,33
101,0,blank,0,-323,-105,193774,193964,190
101,0,blank,0,-323,-105,193964,194015,51
101,0,blank,0,355.824466666667,544.304333333333,194044,194238,194
101,0,blank,0,376.65515,563.8904,194238,194305,67
101,0,blank,0,-323,-105,194339,194506,167
101,0,blank,0,-323,-105,194506,194545,39
101,0,blank,0,296.077933333333,503.84255,194690,194879,189
101,0,blank,0,379.087316666667,562.823783333333,194912,195108,196
101,0,blank,0,351.050483333333,562.474516666667,195108,195304,196
101,0,blank,0,342.066,509.17365,195304,195369,65
101,0,blank,0,-323,-105,195401,195550,149
101,0,blank,0,350.5862,508.8766,195598,195649,51
101,0,blank,0,299.3368,569.617033333333,195733,195928,195
101,0,blank,0,266.50355,591.578983333333,195928,196125,197
101,0,blank,0,251.464475,592.690925,196125,196256,131
101,0,blank,0,-323,-105,196289,196461,172
101,0,blank,0,-323,-105,196461,196506,45
101,0,blank,0,-323,-105,196624,196809,185
101,0,blank,0,-323,-105,196809,196907,98
101,0,blank,0,-323,-105,196907,197715,808
101,0,blank,0,-323,-105,197715,197882,167
101,0,blank,0,-323,-105,197882,198346,464
101,0,blank,0,-323,-105,198346,198827,481
101,0,blank,0,-323,-105,198827,198929,102
101,0,blank,0,361.3487,543.10665,198960,199128,168
101,0,blank,0,393.2231,593.133,199351,199525,174
101,0,blank,0,-323,-105,199676,199867,191
101,0,blank,0,-284.9394,-105.0242,199867,200066,199
101,0,blank,0,283.0813,557.254033333333,200135,200298,163
101,0,blank,0,354.5613,614.1701,200298,200354,56
101,0,blank,0,-323,-105,200403,200577,174
101,0,blank,0,-323,-105,200577,200738,161
101,0,blank,0,-323,-105,200738,200789,51
101,0,blank,0,224.0744,435.9377,200904,201077,173
101,0,blank,0,-323,-105,201110,201297,187
101,0,blank,0,369.747983333333,569.69755,201451,201638,187
101,0,blank,0,338.591125,596.1079,201638,201773,135
101,40,/,221,254.46304,602.01404,201773,201963,190
101,0,blank,0,255.753633333333,583.619866666667,201963,202065,102
101,0,blank,0,-323,-105,202114,202274,160
101,40,==,232,218.4513,613.8766,202773,203012,239
101,0,blank,0,219.9034,555.5071,203113,203164,51
101,0,blank,0,288.6046,550.1028,203210,203268,58
101,0,blank,0,363.3949,579.04705,203374,203476,102
101,42,top,247,434.309125,655.808375,203529,203696,167
101,0,blank,0,443.63362,639.33318,203696,203875,179
101,40,*,225,388.783,619.54648,203945,204122,177
101,42,preced,243,333.78636,659.6739,204122,204300,178
101,37,},210,130.53825,555.4128,204538,204674,136
101,0,blank,0,132.24676,700.78418,204792,204987,195
101,0,blank,0,122.29914,697.63586,204987,205160,173
101,0,blank,0,76.31208,673.30336,205160,205334,174
101,0,blank,0,-50.0743,708.8626,205334,205367,33
101,0,blank,0,50.93342,707.26128,205435,205609,174
101,0,blank,0,28.5959,667.4293,205609,205644,35
101,0,blank,0,986.5202,407.40658,205745,205920,175
101,0,blank,0,995.473,408.01138,205920,206094,174
101,0,blank,0,998.159833333333,400.912633333333,206094,206289,195
101,0,blank,0,1005.762,368.96024,206289,206462,173
101,0,blank,0,1003.1624,377.00288,206462,206634,172
101,0,blank,0,1009.32966666667,389.247533333333,206634,206738,104
101,0,blank,0,213.80146,692.4862,206807,206985,178
101,0,blank,0,125.32676,710.82768,206985,207157,172
101,0,blank,0,130.50636,692.43734,207157,207332,175
101,42,preced,243,173.583,655.5121,207332,207365,33
102,0,blank,0,135.263633333333,347.109633333333,208026,208129,103
102,0,blank,0,137.27345,133.78715,208163,208275,112
102,42,preced,243,201.0399,72.958,208275,208392,117
102,42,stack,245,386.859,57.1925,208518,208700,182
102,0,blank,0,445.339166666667,41.4971833333333,208700,208896,196
102,0,blank,0,-323,-105,208929,208991,62
102,40,ch,231,576.8529,30.8631333333333,209045,209239,194
102,40,ch,231,564.0486,13.9744333333333,209239,209342,103
102,42,stack,245,389.4647,66.19546,209375,209550,175
102,0,blank,0,338.61335,-20.564575,209587,209735,148
102,44,push,252,180.38572,100.13344,209775,209967,192
102,0,blank,0,171.38975,148.5577,209967,210035,68
102,57,-1,301,176.9245,399.6636,210070,210106,36
102,0,blank,0,139.33,539.15066,210746,210913,167
102,0,blank,0,176.31244,482.49058,210913,211100,187
102,0,blank,0,188.64772,581.84942,211137,211318,181
102,0,blank,0,210.26644,575.00216,211318,211499,181
102,66,],343,198.17232,603.40878,211499,211676,177
102,0,blank,0,174.10446,630.90152,211676,211850,174
102,0,blank,0,217.4729,620.28355,211850,211923,73
102,0,blank,0,-323,-105,211959,212153,194
102,0,blank,0,-323,-105,212153,212287,134
102,0,blank,0,-323,-105,212287,212463,176
102,0,blank,0,-323,-105,212463,212633,170
102,0,blank,0,-323,-105,212633,212825,192
102,0,blank,0,-323,-105,212825,213015,190
102,0,blank,0,-323,-105,213015,213201,186
102,0,blank,0,-323,-105,213201,213305,104
102,0,blank,0,-323,-105,213305,213557,252
102,0,blank,0,-323,-105,213557,213736,179
102,0,blank,0,-323,-105,213736,213929,193
102,0,blank,0,-323,-105,213929,214097,168
102,0,blank,0,-323,-105,214097,214201,104
102,0,blank,0,-323,-105,214201,214376,175
102,0,blank,0,-323,-105,214376,214544,168
102,0,blank,0,-323,-105,214544,214589,45
102,0,blank,0,-323,-105,214589,214744,155
102,0,blank,0,-323,-105,214744,214868,124
102,0,blank,0,-323,-105,214868,215047,179
102,0,blank,0,-323,-105,215047,215197,150
102,0,blank,0,-323,-105,215197,215372,175
102,0,blank,0,-323,-105,215372,215515,143
102,0,blank,0,-323,-105,215515,215705,190
102,0,blank,0,-323,-105,215705,215846,141
102,0,blank,0,-323,-105,215846,216025,179
102,0,blank,0,-323,-105,216025,216161,136
102,0,blank,0,-323,-105,216161,216339,178
102,0,blank,0,-323,-105,216339,216454,115
102,0,blank,0,-323,-105,216454,217006,552
102,0,blank,0,-323,-105,217006,217152,146
102,0,blank,0,149.1817,631.5551,217201,217239,38
102,0,blank,0,-323,-105,217413,217567,154
102,0,blank,0,-323,-105,217567,217677,110
102,0,blank,0,-323,-105,217677,217866,189
102,0,blank,0,-323,-105,217866,218036,170
102,0,blank,0,-323,-105,218036,218431,395
102,0,blank,0,-323,-105,218431,218548,117
102,0,blank,0,-323,-105,218548,218736,188
102,0,blank,0,-323,-105,218736,219012,276
102,70,"\nError!Stackisfull.\n",352,177.92416,678.80218,219048,219231,183
102,0,blank,0,184.9225,657.4654,219231,219295,64
102,0,blank,0,-323,-105,219330,219494,164
102,0,blank,0,-323,-105,219494,219632,138
102,0,blank,0,-323,-105,219632,219823,191
102,0,blank,0,-323,-105,219823,219906,83
102,0,blank,0,-323,-105,219906,220169,263
102,0,blank,0,-323,-105,220169,220299,130
102,0,blank,0,-323,-105,220299,220507,208
102,0,blank,0,-323,-105,220507,220674,167
102,0,blank,0,-323,-105,220674,220779,105
102,0,blank,0,210.85542,462.02122,220812,220988,176
102,0,blank,0,199.368,473.7367,220988,221061,73
102,64,SIZE,335,151.11165,539.722,221175,221259,84
102,0,blank,0,229.1092,725.2174,221296,221472,176
102,0,blank,0,233.8987,749.6625,221472,221507,35
102,0,blank,0,221.665066666667,669.1628,221578,221681,103
102,0,blank,0,265.5038,649.08908,221753,221942,189
102,70,"\nError!Stackisfull.\n",352,292.01668,691.92228,221942,222114,172
102,0,blank,0,330.86092,704.01362,222114,222281,167
102,0,blank,0,364.670666666667,718.259466666667,222281,222383,102
102,0,blank,0,179.54156,745.89414,222417,222585,168
102,0,blank,0,165.7802,733.2872,222585,222618,33
102,0,blank,0,93.6448,605.785833333333,222705,222845,140
102,0,blank,0,999.734,352.0663,222998,223052,54
102,0,blank,0,1024.021,439.2288,223581,223629,48
102,0,blank,0,848.552666666667,288.8069,223674,223858,184
102,0,blank,0,901.895,296.444666666667,223858,224011,153
102,0,blank,0,943.185,474.5201,224086,224158,72
103,0,blank,0,125.6401,514.3253,225941,225986,45
103,0,blank,0,75.9523333333333,286.239866666667,226215,226394,179
103,79,ch,377,88.56598,278.55198,226394,226559,165
103,0,blank,0,-323,-105,226625,226775,150
103,0,blank,0,-323,-105,226775,226875,100
103,0,blank,0,-323,-105,227218,227417,199
103,0,blank,0,-323,-105,227417,227559,142
103,0,blank,0,-323,-105,227559,227719,160
103,74,),365,96.2946833333333,178.477833333333,227993,228184,191
103,80,top,386,157.66222,307.78192,228184,228352,168
103,79,top,381,218.282,270.3041,228352,228456,104
103,0,blank,0,167.9147,365.0196,228545,228635,90
103,0,blank,0,158.4349,376.7203,228635,228764,129
103,86,exit,403,121.4391,428.934,228764,228879,115
103,91,==,424,112.60456,540.933,228969,229149,180
103,92,return,427,117.23294,558.36736,229149,229325,176
103,91,==,424,117.18852,535.01514,229325,229497,172
103,0,blank,0,109.95014,555.40144,229497,229666,169
103,94,return,441,135.19882,602.13742,229666,229837,171
103,95,==,452,168.52406,641.66918,229837,230020,183
103,95,||,450,227.83314,636.04396,230020,230200,180
103,0,blank,0,296.8992,609.392033333333,230200,230304,104
103,0,blank,0,-323,-105,230338,230500,162
103,0,blank,0,-323,-105,230500,230602,102
103,0,blank,0,-323,-105,230908,231042,134
103,0,blank,0,-323,-105,231042,231207,165
103,0,blank,0,-323,-105,231207,231364,157
103,0,blank,0,-323,-105,231364,231462,98
103,0,blank,0,231.989525,537.580475,231542,231707,165
103,0,blank,0,208.479,519.82908,231707,231888,181
103,0,blank,0,210.182266666667,568.464833333333,231888,231995,107
103,0,blank,0,-323,-105,232063,232190,127
103,0,blank,0,49.8288,520.1236,232509,232678,169
103,91,==,424,109.85192,540.7545,232678,232857,179
103,0,blank,0,133.39518,538.47106,232857,233035,178
103,0,blank,0,201.6471,574.3615,233035,233216,181
103,93,+,435,210.16188,585.21962,233216,233389,173
103,0,blank,0,229.90918,574.64086,233389,233559,170
103,93,ch,437,149.787,594.02296,233559,233735,176
103,93,if,431,108.775025,595.82515,233735,233874,139
103,0,blank,0,-323,-105,233910,234072,162
103,0,blank,0,-323,-105,234072,234115,43
103,0,blank,0,188.469533333333,594.962066666667,234143,234254,111
103,0,blank,0,-323,-105,234320,234507,187
103,93,+,435,202.4999,591.2245,234592,234769,177
103,0,blank,0,267.9612,619.89775,234991,235175,184
103,0,blank,0,333.0796,653.437466666667,235175,235364,189
103,94,;,443,168.485075,618.982175,235461,235654,193
103,95,ch,451,146.130233333333,632.282966666667,235654,235815,161
103,94,return,441,131.6258,608.95625,235815,235992,177
103,94,return,441,136.781775,608.5137,235992,236124,132
103,0,blank,0,186.5271,480.2948,236157,236330,173
103,0,blank,0,177.16712,615.59714,236330,236500,170
103,0,blank,0,175.74722,625.6503,236500,236667,167
103,95,==,452,165.07246,641.03334,236667,236835,168
103,0,blank,0,349.86672,652.91228,236870,237030,160
103,0,blank,0,-323,-105,237062,237385,323
103,0,blank,0,-323,-105,237385,237578,193
103,0,blank,0,-323,-105,237578,237770,192
103,0,blank,0,-323,-105,237770,237953,183
103,0,blank,0,323.46115,550.62745,237981,238041,60
103,0,blank,0,238.364766666667,571.2072,238140,238239,99
103,0,blank,0,-323,-105,238277,238311,34
103,0,blank,0,184.0939,618.6688,238871,238927,56
103,0,blank,0,339.469,646.844,238978,239077,99
103,95,*,453,331.584575,626.27645,239167,239362,195
103,0,blank,0,231.2166,675.60924,239416,239581,165
103,0,blank,0,230.918275,681.63935,239581,239716,135
103,0,blank,0,-323,-105,239750,239938,188
103,0,blank,0,-323,-105,239938,240096,158
103,0,blank,0,-323,-105,240096,240288,192
103,0,blank,0,-323,-105,240288,240454,166
103,0,blank,0,-323,-105,240454,240616,162
103,0,blank,0,-323,-105,240616,240776,160
103,0,blank,0,244.6662,460.167533333333,240928,241032,104
103,0,blank,0,-323,-105,241524,241663,139
103,0,blank,0,-323,-105,241663,241841,178
103,0,blank,0,-323,-105,241841,242135,294
103,0,blank,0,-323,-105,242135,242240,105
103,0,blank,0,-323,-105,242240,242515,275
103,0,blank,0,-323,-105,242515,242603,88
103,0,blank,0,-323,-105,242603,242809,206
103,0,blank,0,-323,-105,242809,243003,194
103,0,blank,0,-323,-105,243003,243050,47
103,0,blank,0,-323,-105,243050,243263,213
103,0,blank,0,-323,-105,243263,243377,114
103,0,blank,0,-323,-105,243377,243586,209
103,0,blank,0,-323,-105,243586,243980,394
103,0,blank,0,-323,-105,243980,244079,99
103,0,blank,0,-323,-105,244079,244267,188
103,0,blank,0,-323,-105,244267,244464,197
103,0,blank,0,-323,-105,244464,244645,181
103,0,blank,0,-323,-105,244645,244822,177
103,0,blank,0,-323,-105,244822,244946,124
103,0,blank,0,-323,-105,244946,245059,113
103,0,blank,0,-323,-105,245059,245156,97
103,0,blank,0,-323,-105,245156,245267,111
103,0,blank,0,-323,-105,245267,245583,316
103,0,blank,0,-323,-105,245583,245758,175
103,0,blank,0,-323,-105,245758,245924,166
103,0,blank,0,-323,-105,245924,246102,178
103,0,blank,0,-323,-105,246102,246282,180
103,0,blank,0,-323,-105,246282,246480,198
103,0,blank,0,-323,-105,246480,246652,172
103,0,blank,0,-323,-105,246652,246792,140
103,0,blank,0,-323,-105,246792,246986,194
103,0,blank,0,-323,-105,246986,247065,79
103,0,blank,0,-323,-105,247250,247437,187
103,0,blank,0,-323,-105,247437,247634,197
103,0,blank,0,-323,-105,247634,247769,135
103,0,blank,0,-323,-105,247769,247911,142
103,0,blank,0,-323,-105,247911,248109,198
103,0,blank,0,-323,-105,248109,248267,158
103,0,blank,0,-323,-105,248267,248414,147
103,0,blank,0,-323,-105,248414,248577,163
103,0,blank,0,-323,-105,248577,248686,109
103,0,blank,0,-323,-105,248686,248871,185
103,0,blank,0,-323,-105,248871,249062,191
103,0,blank,0,-323,-105,249062,249253,191
103,0,blank,0,-323,-105,249253,249432,179
103,0,blank,0,-323,-105,249432,249578,146
103,0,blank,0,-323,-105,249578,249767,189
103,0,blank,0,-323,-105,249767,249944,177
103,0,blank,0,-323,-105,249944,250113,169
103,0,blank,0,-323,-105,250113,250238,125
103,0,blank,0,-323,-105,250238,250394,156
103,0,blank,0,-323,-105,250394,250563,169
103,0,blank,0,308.5743,564.1866,250823,250955,132
103,0,blank,0,-323,-105,251139,251218,79
103,0,blank,0,-323,-105,251218,251382,164
103,0,blank,0,-323,-105,251382,251501,119
103,0,blank,0,-323,-105,251501,251650,149
103,0,blank,0,-323,-105,251650,251877,227
103,0,blank,0,-323,-105,251877,251921,44
103,0,blank,0,-323,-105,251921,252087,166
103,0,blank,0,-323,-105,252087,252285,198
103,0,blank,0,-323,-105,252285,252429,144
103,0,blank,0,-323,-105,252429,252531,102
103,0,blank,0,-323,-105,252531,252815,284
103,0,blank,0,-323,-105,252815,252963,148
103,0,blank,0,-323,-105,252963,253133,170
103,0,blank,0,-323,-105,253133,253167,34
103,86,(,404,132.7055,441.6158,253557,253721,164
103,80,stack,384,110.26095,302.2443,253830,253910,80
103,0,blank,0,-323,-105,253942,254065,123
103,0,blank,0,-323,-105,254065,254206,141
103,0,blank,0,100.7494,356.4329,254254,254270,16
103,0,blank,0,-323,-105,254478,254638,160
103,0,blank,0,-323,-105,254638,254681,43
103,0,blank,0,-323,-105,254732,254888,156
103,0,blank,0,-323,-105,255038,255064,26
103,79,top,381,201.9608,287.4423,255318,255386,68
103,0,blank,0,-11.6014,267.2512,255747,255835,88
103,81,return,392,107.69564,327.25714,256022,256208,186
103,81,return,392,91.5077833333333,327.635183333333,256208,256407,199
103,0,blank,0,60.7022833333333,330.454416666667,256407,256604,197
103,0,blank,0,87.48648,338.63768,256604,256771,167
103,0,blank,0,185.97614,325.30716,256771,256938,167
103,0,blank,0,205.263683333333,327.7376,256938,257136,198
103,0,blank,0,198.303916666667,338.1427,257136,257335,199
103,81,return,392,117.499025,330.098725,257335,257471,136
103,0,blank,0,-323,-105,257508,257689,181
103,0,blank,0,-323,-105,257689,257730,41
103,0,blank,0,-323,-105,257790,257926,136
103,0,blank,0,157.430366666667,339.143566666667,258307,258412,105
103,0,blank,0,166.6183,348.6254,258412,258569,157
103,0,blank,0,152.7625,340.2162,258569,258667,98
103,0,blank,0,-323,-105,258829,259011,182
103,79,stack,379,178.24315,281.4447,259131,259244,113
103,0,blank,0,-323,-105,259757,259970,213
103,0,blank,0,-323,-105,259970,260247,277
103,0,blank,0,-323,-105,260410,260516,106
103,0,blank,0,181.978,334.8679,260541,260569,28
103,0,blank,0,185.99516,364.11696,260672,260846,174
103,0,blank,0,170.17844,388.29978,260846,261016,170
103,0,blank,0,185.11248,382.9388,261016,261187,171
103,0,blank,0,214.13146,375.63938,261187,261357,170
103,0,blank,0,-323,-105,261392,261555,163
103,0,blank,0,-323,-105,261555,261668,113
103,0,blank,0,181.82275,352.31635,261705,261895,190
103,0,blank,0,131.31924,284.6325,261895,262063,168
103,0,blank,0,118.136466666667,246.31365,262063,262262,199
103,0,blank,0,123.4043,182.9,262262,262329,67
103,0,blank,0,130.65012,547.20816,262396,262583,187
103,92,return,427,123.712533333333,564.694366666667,262583,262778,195
103,0,blank,0,882.256666666667,489.3675,262881,262993,112
103,0,blank,0,999.646,549.76158,263063,263237,174
103,0,blank,0,993.716,567.43208,263237,263414,177
103,0,blank,0,985.918,568.63516,263414,263588,174
103,0,blank,0,1024.1765,513.66995,263588,263658,70
103,0,blank,0,1013.47933333333,526.1884,263710,263864,154
103,0,blank,0,1021.754,520.9974,263864,264018,154
103,0,blank,0,1030.82333333333,522.879966666667,264018,264175,157
103,0,blank,0,1026.721,518.318866666667,264175,264330,155
103,0,blank,0,1045.431,544.9182,264330,264381,51
104,21,0,138,289.1051,221.949,266720,266822,102
104,0,blank,0,194.0926,252.874,266963,267014,51
104,0,blank,0,-323,-105,267541,267714,173
104,0,blank,0,-323,-105,267714,267761,47
104,0,blank,0,429.0171,512.905833333333,267827,267955,128
104,0,blank,0,-323,-105,268259,268387,128
104,0,blank,0,-323,-105,268387,268538,151
104,0,blank,0,-323,-105,268538,268627,89
104,0,blank,0,-323,-105,268627,268903,276
104,0,blank,0,-323,-105,268903,269140,237
104,0,blank,0,-323,-105,269140,269321,181
104,0,blank,0,-323,-105,269321,269754,433
104,0,blank,0,-323,-105,269754,269885,131
104,0,blank,0,-323,-105,269885,270171,286
104,0,blank,0,-323,-105,270171,270202,31
104,0,blank,0,-323,-105,270202,270517,315
104,0,blank,0,-323,-105,270517,270828,311
104,0,blank,0,-323,-105,270828,271014,186
104,0,blank,0,-323,-105,271014,271047,33
104,0,blank,0,-323,-105,271377,272194,817
104,0,blank,0,306.387,208.1687,272237,272269,32
104,0,blank,0,-323,-105,272546,272721,175
104,0,blank,0,-323,-105,272721,272843,122
104,0,blank,0,-323,-105,272843,272927,84
104,0,blank,0,-323,-105,272927,273158,231
104,0,blank,0,-323,-105,273158,273306,148
104,0,blank,0,-323,-105,273306,273494,188
104,0,blank,0,-323,-105,273494,273659,165
104,0,blank,0,-323,-105,273659,273751,92
104,0,blank,0,-323,-105,273751,273940,189
104,0,blank,0,-323,-105,273940,274105,165
104,0,blank,0,-323,-105,274105,274235,130
104,0,blank,0,-323,-105,274235,274360,125
104,0,blank,0,-323,-105,274360,274466,106
104,0,blank,0,-323,-105,274466,274645,179
104,0,blank,0,-323,-105,274645,274808,163
104,0,blank,0,-323,-105,274808,275109,301
104,0,blank,0,-323,-105,275109,275308,199
104,0,blank,0,-323,-105,275308,275449,141
104,0,blank,0,-323,-105,275449,275639,190
104,0,blank,0,-323,-105,275639,275815,176
104,0,blank,0,-323,-105,275815,275996,181
104,0,blank,0,-323,-105,275996,276184,188
104,0,blank,0,-323,-105,276184,276340,156
104,0,blank,0,-323,-105,276340,276517,177
104,0,blank,0,-323,-105,276517,276692,175
104,0,blank,0,-323,-105,276692,276881,189
104,0,blank,0,-323,-105,276881,277020,139
104,0,blank,0,-323,-105,277020,277216,196
104,0,blank,0,-323,-105,277216,277404,188
104,0,blank,0,-323,-105,277404,277568,164
104,0,blank,0,-323,-105,277568,277713,145
104,0,blank,0,-323,-105,277713,277899,186
104,0,blank,0,-323,-105,277899,278018,119
104,0,blank,0,-323,-105,278018,278185,167
104,0,blank,0,-323,-105,278185,278380,195
104,0,blank,0,-323,-105,278380,278519,139
104,0,blank,0,-323,-105,278519,278722,203
104,0,blank,0,-323,-105,278722,278902,180
104,0,blank,0,-323,-105,278902,279088,186
104,0,blank,0,-323,-105,279088,279273,185
104,0,blank,0,-323,-105,279273,279461,188
104,0,blank,0,-323,-105,279461,279614,153
104,0,blank,0,-323,-105,279614,279723,109
104,0,blank,0,-323,-105,279723,279828,105
104,0,blank,0,-323,-105,279828,279953,125
104,0,blank,0,-323,-105,279953,280128,175
104,0,blank,0,-323,-105,280128,280257,129
104,0,blank,0,-323,-105,280257,280337,80
104,0,blank,0,-323,-105,280337,280469,132
104,0,blank,0,-323,-105,280469,280634,165
104,0,blank,0,-323,-105,280634,280820,186
104,0,blank,0,-323,-105,280820,281003,183
104,0,blank,0,-323,-105,281003,281120,117
104,0,blank,0,254.3982,598.6605,281220,281305,85
104,0,blank,0,-323,-105,281546,281721,175
104,0,blank,0,-323,-105,281721,281863,142
104,0,blank,0,-323,-105,281863,282042,179
104,0,blank,0,-323,-105,282042,282178,136
104,0,blank,0,-323,-105,282178,282346,168
104,0,blank,0,214.0154,428.8826,282708,282824,116
104,32,==,186,206.0344,470.4314,282873,282981,108
104,0,blank,0,286.5948,478.8202,282981,283138,157
104,0,blank,0,-323,-105,283191,283321,130
104,0,blank,0,114.439533333333,503.905066666667,283377,283567,190
104,34,while,190,127.10295,517.991425,283567,283739,172
104,0,blank,0,148.6706,549.8585,283739,283773,34
104,0,blank,0,-323,-105,283877,283962,85
104,0,blank,0,121.4088,489.7505,283989,284020,31
104,0,blank,0,219.8981,419.7133,284108,284139,31
104,0,blank,0,-323,-105,284180,284351,171
104,0,blank,0,322.0461,432.2426,284499,284524,25
104,0,blank,0,293.96062,533.34328,284558,284729,171
104,0,blank,0,310.69138,568.58608,284729,284898,169
104,0,blank,0,307.3136,561.166,284898,284932,34
104,0,blank,0,-323,-105,284966,285099,133
104,34,stack,192,219.0683,521.5837,285434,285525,91
104,0,blank,0,263.449,534.0403,285726,285780,54
104,0,blank,0,178.8467,569.889,285884,285937,53
104,0,blank,0,307.9748,606.2283,286083,286233,150
104,0,blank,0,354.718066666667,585.868866666667,286233,286386,153
104,0,blank,0,361.8424,611.2956,286386,286469,83
104,0,blank,0,-323,-105,286504,286697,193
104,0,blank,0,-323,-105,286697,286780,83
104,0,blank,0,282.30226,744.40178,286826,287021,195
104,0,blank,0,324.54746,730.41284,287021,287193,172
104,0,blank,0,386.60636,731.59152,287193,287368,175
104,42,preced,243,345.8139,691.72964,287368,287541,173
104,42,stack,245,365.59392,683.58316,287541,287714,173
104,0,blank,0,497.1183,683.98724,287714,287888,174
104,0,blank,0,543.2224,677.4489,287888,287957,69
104,0,blank,0,654.38748,699.21212,287992,288167,175
104,0,blank,0,640.82135,705.26175,288167,288236,69
104,0,blank,0,399.48274,729.64198,288271,288447,176
104,0,blank,0,315.72614,755.52508,288447,288619,172
104,0,blank,0,272.22925,746.3303,288619,288758,139
104,0,blank,0,-323,-105,288826,289020,194
104,0,blank,0,-323,-105,289020,289186,166
104,0,blank,0,-323,-105,289186,289249,63
104,0,blank,0,228.03164,745.79962,289286,289453,167
104,0,blank,0,252.08824,753.44806,289453,289619,166
104,0,blank,0,261.58328,751.74334,289619,289792,173
104,0,blank,0,245.20005,755.37315,289792,289898,106
104,0,blank,0,300.0645,758.6749,289898,290013,115
104,0,blank,0,-323,-105,290137,290319,182
104,0,blank,0,-323,-105,290319,290468,149
104,0,blank,0,-323,-105,290468,290598,130
104,0,blank,0,-323,-105,291085,291233,148
104,0,blank,0,-323,-105,291233,291374,141
104,0,blank,0,-323,-105,291374,291448,74
104,0,blank,0,-323,-105,291740,291840,100
104,0,blank,0,242.51125,546.59255,291886,292002,116
104,34,top,194,268.3721,518.6732,292002,292274,272
104,0,blank,0,262.066333333333,488.186333333333,292274,292443,169
104,0,blank,0,-323,-105,292518,292666,148
104,0,blank,0,-323,-105,292666,292777,111
104,42,preced,243,301.28755,686.290425,293203,293342,139
104,42,stack,245,401.8723,695.15372,293376,293551,175
104,0,blank,0,-323,-105,293619,293779,160
104,0,blank,0,-323,-105,293779,293944,165
104,0,blank,0,-323,-105,293944,294070,126
104,0,blank,0,-323,-105,294070,294212,142
104,0,blank,0,-323,-105,294212,294399,187
104,0,blank,0,-323,-105,294399,294435,36
104,0,blank,0,287.94214,526.39084,294558,294726,168
104,0,blank,0,284.70656,517.8573,294726,294897,171
104,36,pop,206,329.5592,567.8485,294897,294966,69
104,0,blank,0,316.9886,604.2606,295021,295130,109
104,36,],204,278.5873,560.5819,295231,295367,136
104,0,blank,0,388.0264,569.6366,295411,295501,90
104,0,blank,0,-323,-105,295552,295689,137
104,34,[,193,237.7413,523.456,295752,295836,84
104,0,blank,0,-323,-105,295906,296077,171
104,0,blank,0,176.12914,406.30076,296571,296750,179
104,0,blank,0,179.89398,327.01326,296750,296920,170
104,0,blank,0,201.65735,323.281075,296920,297061,141
104,0,blank,0,-323,-105,297131,297215,84
104,24,),157,224.4972,294.758,297240,297266,26
104,0,blank,0,242.23502,256.35116,297332,297498,166
104,0,blank,0,311.362666666667,148.860966666667,297498,297608,110
104,17,;,113,238.671,150.0166,298048,298107,59
104,0,blank,0,-323,-105,298166,298251,85
104,0,blank,0,-323,-105,298251,298449,198
104,0,blank,0,-323,-105,298449,298640,191
104,0,blank,0,-323,-105,298640,298824,184
104,0,blank,0,-323,-105,298824,298994,170
104,0,blank,0,-323,-105,298994,299169,175
104,0,blank,0,-323,-105,299169,299558,389
104,0,blank,0,-323,-105,299558,299716,158
104,0,blank,0,-323,-105,299716,300144,428
104,0,blank,0,-323,-105,300144,300328,184
104,0,blank,0,-323,-105,300328,300505,177
104,0,blank,0,-323,-105,300505,300632,127
104,0,blank,0,-323,-105,300632,301009,377
104,0,blank,0,-323,-105,301009,301518,509
104,0,blank,0,-323,-105,301518,301714,196
104,0,blank,0,-323,-105,301714,301893,179
104,0,blank,0,-323,-105,301893,301995,102
104,0,blank,0,-323,-105,301995,302117,122
104,0,blank,0,-323,-105,302117,302266,149
104,0,blank,0,-323,-105,302266,302371,105
104,0,blank,0,-323,-105,302371,302467,96
104,0,blank,0,-323,-105,302467,302598,131
104,0,blank,0,-323,-105,302598,302759,161
104,0,blank,0,-323,-105,302759,302940,181
104,0,blank,0,-323,-105,302940,303118,178
104,0,blank,0,-323,-105,303118,303299,181
104,0,blank,0,-323,-105,303299,303353,54
104,0,blank,0,-323,-105,303353,303516,163
104,0,blank,0,-323,-105,303516,303714,198
104,0,blank,0,-323,-105,303714,303889,175
104,34,stack,192,227.075933333333,521.828,304082,304245,163
104,0,blank,0,-323,-105,304351,304414,63
104,0,blank,0,-323,-105,304615,304715,100
104,0,blank,0,-323,-105,304858,305009,151
104,0,blank,0,134.57745,-103.9756,305126,305261,135
104,0,blank,0,123.2485,-103.956,305261,305342,81
104,0,blank,0,-323,-105,305510,305701,191
104,0,blank,0,-323,-105,305701,305873,172
104,0,blank,0,-323,-105,305873,306049,176
104,0,blank,0,-323,-105,306049,306129,80
104,0,blank,0,-323,-105,306278,306378,100
104,0,blank,0,359.722133333333,720.935666666667,306650,306836,186
104,0,blank,0,-323,-105,307072,307257,185
104,0,blank,0,343.88125,672.9645,307521,307592,71
104,0,blank,0,201.91106,594.6437,307628,307800,172
104,0,blank,0,189.17052,601.321,307800,307978,178
104,0,blank,0,190.95618,609.9836,307978,308157,179
104,0,blank,0,158.1718,636.6791,308157,308194,37
104,34,[,193,236.85555,519.2033,308231,308377,146
104,0,blank,0,188.9494,486.1834,308377,308533,156
104,0,blank,0,218.49955,448.7224,308533,308693,160
104,0,blank,0,-323,-105,309289,309474,185
104,0,blank,0,-323,-105,309474,309636,162
104,0,blank,0,-323,-105,309636,309730,94
104,0,blank,0,679.823,289.3663,310020,310117,97
105,0,blank,0,201.39865,711.44625,312293,312363,70
105,0,blank,0,-323,-105,312476,312665,189
105,0,blank,0,-323,-105,312665,312859,194
105,0,blank,0,-323,-105,312859,313054,195
105,0,blank,0,-323,-105,313054,313212,158
105,0,blank,0,-323,-105,313212,313364,152
105,0,blank,0,-323,-105,313364,313560,196
105,0,blank,0,-323,-105,313560,313694,134
105,0,blank,0,-323,-105,313694,313796,102
105,0,blank,0,-323,-105,313796,313991,195
105,0,blank,0,-323,-105,313991,314178,187
105,0,blank,0,-323,-105,314178,314284,106
105,0,blank,0,166.0727,258.7277,314476,314537,61
105,0,blank,0,-323,-105,314679,314782,103
105,0,blank,0,-323,-105,315075,315167,92
105,0,blank,0,-323,-105,315255,315448,193
105,0,blank,0,-323,-105,315448,315535,87
105,0,blank,0,-323,-105,315836,315898,62
105,0,blank,0,-323,-105,316390,316544,154
105,0,blank,0,-323,-105,316544,316951,407
105,0,blank,0,-323,-105,316951,317091,140
105,0,blank,0,-323,-105,317091,317262,171
105,0,blank,0,-323,-105,317262,317355,93
105,0,blank,0,-323,-105,318181,318347,166
105,0,blank,0,-323,-105,318347,318535,188
105,0,blank,0,-323,-105,318535,318688,153
105,42,preced,243,325.135916666667,265.525866666667,318875,319074,199
105,42,preced,243,327.8647,270.3221,319074,319108,34
105,0,blank,0,-323,-105,319143,319229,86
105,40,ch,231,441.0337,235.0621,319505,319578,73
105,0,blank,0,429.0879,243.4013,319775,319842,67
105,0,blank,0,270.340633333333,281.723933333333,319908,320080,172
105,0,blank,0,-323,-105,320184,320367,183
105,0,blank,0,-323,-105,320367,320397,30
105,0,blank,0,-323,-105,320598,320658,60
105,0,blank,0,-323,-105,320658,320880,222
105,0,blank,0,-323,-105,320880,321069,189
105,0,blank,0,266.8685,284.4782,321310,321432,122
105,0,blank,0,235.57132,368.03962,321628,321796,168
105,0,blank,0,237.608533333333,367.658466666667,321796,321898,102
105,0,blank,0,-323,-105,321932,322092,160
105,0,blank,0,266.139,327.2685,322139,322196,57
105,0,blank,0,-323,-105,322231,322364,133
105,0,blank,0,274.36336,314.11888,322501,322660,159
105,0,blank,0,-323,-105,322694,322881,187
105,0,blank,0,-323,-105,323117,323267,150
105,0,blank,0,-323,-105,323267,323332,65
105,42,ch,240,247.2335,272.178,324010,324058,48
105,0,blank,0,290.7783,370.1459,324104,324149,45
105,0,blank,0,270.1992,332.4815,324199,324241,42
105,0,blank,0,236.246166666667,429.221666666667,324290,324434,144
105,0,blank,0,130.73282,411.35424,324483,324669,186
105,0,blank,0,132.88095,403.7734,324669,324739,70
105,0,blank,0,173.07912,295.40158,324774,324947,173
105,0,blank,0,194.07036,300.01194,324947,325115,168
105,0,blank,0,223.4683,430.18522,325150,325317,167
105,50,postfix,276,247.655325,446.581575,325317,325452,135
105,0,blank,0,-323,-105,325487,325650,163
105,0,blank,0,-323,-105,325650,325701,51
105,0,blank,0,326.693225,431.5981,325734,325858,124
105,0,blank,0,313.4069,420.9969,326081,326117,36
105,0,blank,0,277.5701,467.7949,326117,326297,180
105,0,blank,0,303.72295,413.90365,326297,326414,117
105,0,blank,0,-323,-105,326460,326642,182
105,0,blank,0,-323,-105,326642,326688,46
105,0,blank,0,-323,-105,327114,327148,34
105,0,blank,0,361.4879,464.77272,327375,327542,167
105,0,blank,0,291.9161,494.27608,327542,327711,169
105,0,blank,0,-323,-105,327745,327855,110
105,50,postfix,276,271.6696,439.0064,327896,327942,46
105,0,blank,0,253.24075,423.89815,328024,328082,58
105,0,blank,0,-323,-105,328115,328227,112
105,0,blank,0,344.43736,478.3723,328428,328605,177
105,0,blank,0,353.02602,490.04606,328605,328774,169
105,0,blank,0,402.7431,455.36855,328774,328866,92
105,0,blank,0,-323,-105,328975,329141,166
105,0,blank,0,-323,-105,329141,329339,198
105,0,blank,0,-323,-105,329339,329407,68
105,0,blank,0,-323,-105,329407,329689,282
105,0,blank,0,-323,-105,329689,329804,115
105,0,blank,0,-323,-105,329804,329970,166
105,0,blank,0,-323,-105,329970,330049,79
105,0,blank,0,-323,-105,330198,330364,166
105,0,blank,0,-323,-105,330364,330504,140
105,0,blank,0,-323,-105,330504,330586,82
105,0,blank,0,-323,-105,331348,331652,304
105,0,blank,0,-323,-105,331652,331822,170
105,0,blank,0,-323,-105,331822,331858,36
105,0,blank,0,202.3882,672.3337,331877,331907,30
105,0,blank,0,347.16788,518.25144,331975,332144,169
105,0,blank,0,310.88345,488.626525,332144,332283,139
105,0,blank,0,-323,-105,332315,332453,138
105,0,blank,0,345.399925,495.0564,332593,332719,126
105,0,blank,0,-323,-105,332753,332837,84
105,50,p,278,289.4431,454.0798,332976,333096,120
105,0,blank,0,357.3508,490.5921,333096,333255,159
105,0,blank,0,312.1313,435.2903,333406,333511,105
105,50,pop,282,362.9344,448.6166,333615,333674,59
105,0,blank,0,-323,-105,333723,333900,177
105,0,blank,0,-323,-105,333900,334091,191
105,0,blank,0,-323,-105,334091,334562,471
105,0,blank,0,-323,-105,334562,334680,118
105,0,blank,0,-323,-105,334680,334887,207
105,0,blank,0,-323,-105,334887,335042,155
105,0,blank,0,145.2847,756.929366666667,335365,335557,192
105,0,blank,0,126.518,776.117175,335557,335695,138
105,0,blank,0,-323,-105,335761,335872,111
105,0,blank,0,417.546466666667,477.149666666667,335970,336161,191
105,0,blank,0,416.1203,487.38354,336161,336332,171
105,0,blank,0,420.9855,496.0494,336332,336502,170
105,0,blank,0,417.333825,507.9399,336502,336633,131
105,0,blank,0,-323,-105,336700,336808,108
105,0,blank,0,-323,-105,337127,337267,140
105,0,blank,0,275.9927,430.7123,337372,337441,69
105,0,blank,0,-323,-105,337675,337778,103
105,0,blank,0,-323,-105,337885,338009,124
105,0,blank,0,-323,-105,338009,338145,136
105,0,blank,0,480.89995,453.2519,338592,338789,197
105,50,;,285,409.0918,438.8584,338789,338833,44
105,0,blank,0,-323,-105,339200,339258,58
105,0,blank,0,127.342833333333,559.977366666667,339397,339494,97
105,58,postfix,303,142.329,627.79546,339528,339708,180
105,58,[,304,155.8166,621.2837,339708,339883,175
105,59,"\nThepostfixexpressionis:%s\n",315,211.33206,638.38672,339883,340056,173
105,0,blank,0,183.9479,662.61882,340056,340230,174
105,0,blank,0,178.23022,666.52894,340230,340404,174
105,58,postfix,303,151.1321,631.11612,340404,340577,173
105,0,blank,0,110.1072,700.9095,340577,340753,176
105,0,blank,0,94.5932,717.50028,340753,340926,173
105,0,blank,0,86.98294,737.93534,340926,341101,175
105,0,blank,0,145.2425,690.66286,341101,341279,178
105,59,"\nThepostfixexpressionis:%s\n",315,162.13944,644.56568,341279,341459,180
105,59,"\nThepostfixexpressionis:%s\n",315,178.84568,642.73868,341459,341636,177
105,0,blank,0,-323,-105,341673,341854,181
105,0,blank,0,-323,-105,341854,341918,64
105,0,blank,0,-323,-105,342069,342203,134
105,0,blank,0,-323,-105,342203,342397,194
105,0,blank,0,-323,-105,342397,342588,191
105,0,blank,0,-323,-105,342588,342831,243
105,0,blank,0,-323,-105,342831,342919,88
105,59,"\nThepostfixexpressionis:%s\n",315,137.87222,650.3081,342970,343147,177
105,0,blank,0,116.305,684.5095,343147,343181,34
105,0,blank,0,-323,-105,343214,343386,172
105,0,blank,0,-323,-105,343386,343445,59
105,0,blank,0,187.4901,666.9394,343606,343800,194
105,0,blank,0,231.27372,674.1359,343800,343974,174
105,0,blank,0,308.93414,666.65394,343974,344146,172
105,59,"\nThepostfixexpressionis:%s\n",315,310.54235,653.878825,344146,344284,138
105,0,blank,0,-323,-105,344319,344514,195
105,0,blank,0,-323,-105,344720,344859,139
105,0,blank,0,-323,-105,345131,345200,69
105,0,blank,0,-323,-105,345504,345673,169
105,0,blank,0,-323,-105,345673,345754,81
105,0,blank,0,-323,-105,345754,345925,171
105,0,blank,0,-323,-105,345925,346262,337
105,0,blank,0,-323,-105,346262,346292,30
105,0,blank,0,-323,-105,346292,346987,695
105,0,blank,0,-323,-105,346987,347185,198
105,0,blank,0,-323,-105,347185,347221,36
105,0,blank,0,489.9632,664.62135,347255,347435,180
105,59,postfix,317,514.986,643.3724,347435,347507,72
105,0,blank,0,193.35005,660.594525,347743,347936,193
105,0,blank,0,138.04394,695.89208,347936,348126,190
105,0,blank,0,-323,-105,348195,348378,183
105,0,blank,0,567.4317,653.8951,348437,348522,85
105,0,blank,0,563.2502,672.2273,348606,348631,25
105,0,blank,0,528.600933333333,679.6052,348701,348816,115
105,0,blank,0,172.23684,672.1206,348852,349026,174
105,0,blank,0,180.3588,675.34994,349026,349196,170
105,0,blank,0,222.88806,679.72088,349196,349366,170
105,0,blank,0,277.05254,676.24836,349366,349541,175
105,0,blank,0,291.86452,676.96816,349541,349716,175
105,0,blank,0,190.71662,688.04574,349716,349894,178
105,0,blank,0,209.04098,675.44362,349894,350071,177
105,0,blank,0,224.594566666667,683.093266666667,350071,350177,106
105,0,blank,0,-323,-105,350213,350402,189
105,59,"\nThepostfixexpressionis:%s\n",315,248.656766666667,646.018866666667,350436,350633,197
105,0,blank,0,306.887975,670.53165,350633,350775,142
105,0,blank,0,-323,-105,350810,350924,114
105,0,blank,0,-323,-105,350999,351819,820
105,0,blank,0,-323,-105,351819,351952,133
105,0,blank,0,-323,-105,352318,352465,147
105,0,blank,0,-323,-105,352465,352566,101
105,0,blank,0,-323,-105,352566,352669,103
105,0,blank,0,-323,-105,352669,352798,129
105,58,pop,309,244.040166666667,622.110233333333,352862,353029,167
105,0,blank,0,226.4641,659.4195,353029,353184,155
105,0,blank,0,204.2269,632.319225,353184,353362,178
105,59,"\nThepostfixexpressionis:%s\n",315,142.8048,653.87585,353362,353434,72
105,0,blank,0,130.90478,740.14734,353506,353690,184
105,0,blank,0,163.357875,706.416775,353690,353833,143
105,0,blank,0,-323,-105,353868,354067,199
105,0,blank,0,-323,-105,354067,354170,103
105,0,blank,0,-323,-105,354170,354340,170
105,0,blank,0,321.2659,674.0408,354404,354490,86
105,59,postfix,317,499.34218,651.8711,354524,354703,179
105,0,blank,0,535.24955,632.2793,354703,354775,72
105,0,blank,0,543.5625,617.502,354848,354911,63
105,58,[,304,162.5961,632.914766666667,355018,355178,160
105,59,"\nThepostfixexpressionis:%s\n",315,151.68725,641.382,355178,355273,95
105,59,"\nThepostfixexpressionis:%s\n",315,248.6288,647.3016,355370,355418,48
105,0,blank,0,-323,-105,355466,355652,186
105,0,blank,0,257.87075,679.96775,355885,355996,111
105,0,blank,0,441.4483,681.66202,356202,356395,193
105,0,blank,0,484.68984,631.94046,356395,356574,179
105,0,blank,0,469.1548,659.78788,356574,356756,182
105,59,postfix,317,477.36994,644.15684,356756,356942,186
105,0,blank,0,476.28225,603.842,356942,357015,73
105,0,blank,0,493.188433333333,596.8675,357051,357162,111
105,0,blank,0,-323,-105,357237,357416,179
105,0,blank,0,-323,-105,357416,357591,175
105,0,blank,0,-323,-105,357591,357763,172
105,0,blank,0,-323,-105,357763,357951,188
105,0,blank,0,-323,-105,357951,358109,158
105,0,blank,0,-323,-105,358109,358287,178
105,0,blank,0,-323,-105,358287,358468,181
105,0,blank,0,-323,-105,358468,358660,192
105,0,blank,0,-323,-105,358660,358697,37
105,0,blank,0,123.1411,689.1888,358750,358921,171
105,0,blank,0,189.33192,656.33336,358921,359097,176
105,59,"\nThepostfixexpressionis:%s\n",315,197.64992,643.10648,359097,359273,176
105,59,"\nThepostfixexpressionis:%s\n",315,195.77652,647.4529,359273,359450,177
105,57,-1,301,175.16065,593.8414,359450,359519,69
105,58,],307,196.2464,632.41875,359519,359685,166
105,0,blank,0,-323,-105,359723,359890,167
105,0,blank,0,-323,-105,360107,360207,100
105,0,blank,0,-323,-105,360207,360407,200
105,0,blank,0,-323,-105,360407,360479,72
105,58,++,306,174.19486,626.66702,361173,361372,199
105,58,postfix,303,149.6045,632.4556,361372,361410,38
105,0,blank,0,-323,-105,361485,361656,171
105,0,blank,0,-323,-105,361656,361776,120
105,59,(,314,108.69695,640.9272,361815,361981,166
105,59,(,314,111.02075,642.636025,361981,362120,139
105,56,postfix,290,103.6453,578.4543,362120,362256,136
105,59,"\nThepostfixexpressionis:%s\n",315,163.4027,649.323,362297,362369,72
105,0,blank,0,-323,-105,362440,362611,171
105,0,blank,0,-323,-105,362611,362749,138
105,0,blank,0,-323,-105,362749,362840,91
105,0,blank,0,-323,-105,362840,362959,119
105,0,blank,0,-323,-105,362959,363218,259
105,0,blank,0,-323,-105,363218,363250,32
105,0,blank,0,-323,-105,363250,363486,236
105,0,blank,0,-323,-105,363486,363664,178
105,0,blank,0,-323,-105,363664,363711,47
105,0,blank,0,-323,-105,363711,363922,211
105,0,blank,0,-323,-105,363922,364198,276
105,0,blank,0,-323,-105,364198,364389,191
105,0,blank,0,-323,-105,364389,364522,133
105,0,blank,0,-323,-105,364522,364710,188
105,0,blank,0,-323,-105,364710,364846,136
105,0,blank,0,-323,-105,364846,365039,193
105,0,blank,0,-323,-105,365039,365235,196
105,0,blank,0,-323,-105,365235,365427,192
105,0,blank,0,-323,-105,365427,365626,199
105,0,blank,0,-323,-105,365626,365801,175
105,0,blank,0,-323,-105,365801,365996,195
105,0,blank,0,-323,-105,365996,366191,195
105,0,blank,0,-323,-105,366191,366368,177
105,0,blank,0,-323,-105,366368,366552,184
105,0,blank,0,-323,-105,366552,366735,183
105,0,blank,0,-323,-105,366735,366924,189
105,0,blank,0,-323,-105,366924,367111,187
105,0,blank,0,-323,-105,367111,367308,197
105,0,blank,0,-323,-105,367308,367483,175
105,0,blank,0,-323,-105,367483,367669,186
105,0,blank,0,-323,-105,367669,367845,176
105,0,blank,0,-323,-105,367845,368021,176
105,0,blank,0,-323,-105,368021,368202,181
105,0,blank,0,-323,-105,368202,368390,188
105,0,blank,0,-323,-105,368390,368571,181
105,0,blank,0,-323,-105,368571,368767,196
105,0,blank,0,-323,-105,368767,368956,189
105,0,blank,0,-323,-105,368956,369132,176
105,0,blank,0,-323,-105,369132,369318,186
105,0,blank,0,-323,-105,369318,369473,155
105,0,blank,0,-323,-105,369473,369662,189
105,0,blank,0,-323,-105,369662,369833,171
105,0,blank,0,-323,-105,369833,369921,88
105,0,blank,0,-323,-105,369921,370127,206
105,0,blank,0,-323,-105,370127,370333,206
105,0,blank,0,-323,-105,370333,370511,178
105,0,blank,0,-323,-105,370511,370690,179
105,0,blank,0,-323,-105,370690,370853,163
105,0,blank,0,-323,-105,370853,371049,196
105,0,blank,0,-323,-105,371049,371246,197
105,0,blank,0,-323,-105,371246,371439,193
105,0,blank,0,-323,-105,371439,371600,161
105,0,blank,0,-323,-105,371600,371643,43
105,0,blank,0,-323,-105,371643,371844,201
105,0,blank,0,-323,-105,371844,372032,188
105,0,blank,0,-323,-105,372032,372175,143
105,0,blank,0,-323,-105,372175,372351,176
105,0,blank,0,-323,-105,372351,372546,195
105,0,blank,0,-323,-105,372546,372736,190
105,0,blank,0,-323,-105,372736,372919,183
105,0,blank,0,-323,-105,373738,373857,119
105,0,blank,0,-323,-105,374134,374309,175
105,0,blank,0,-323,-105,374309,374434,125
105,0,blank,0,-323,-105,374434,374539,105
105,0,blank,0,-323,-105,374539,375264,725
105,0,blank,0,-323,-105,375264,375421,157
105,0,blank,0,371.81422,657.99556,375562,375745,183
105,0,blank,0,358.5256,629.8571,375745,375778,33
105,57,),302,186.04886,604.21282,375812,375985,173
105,0,blank,0,235.60808,570.943,375985,376155,170
105,0,blank,0,280.760833333333,568.363366666667,376155,376353,198
105,0,blank,0,276.0311,538.978,376353,376385,32
105,0,blank,0,-323,-105,376417,376608,191
105,0,blank,0,-323,-105,376608,376773,165
105,0,blank,0,-323,-105,376773,376828,55
105,0,blank,0,237.0249,682.1711,376867,376883,16
105,0,blank,0,238.4587,696.9549,376946,376975,29
105,0,blank,0,250.87134,688.96782,377074,377228,154
105,0,blank,0,256.70805,726.02665,377288,377352,64
105,0,blank,0,-323,-105,377414,377569,155
105,0,blank,0,-323,-105,377724,377890,166
105,0,blank,0,268.3392,569.345116666667,378063,378248,185
105,0,blank,0,266.6785,579.253066666667,378248,378345,97
105,0,blank,0,307.2185,591.9136,378377,378409,32
105,0,blank,0,-323,-105,378441,378501,60
105,0,blank,0,182.7555,747.1558,378636,378658,22
105,0,blank,0,286.114575,697.683625,378716,378845,129
105,59,"\nThepostfixexpressionis:%s\n",315,266.897883333333,646.3502,378907,379090,183
105,0,blank,0,-323,-105,379124,379310,186
105,0,blank,0,-323,-105,379310,379394,84
105,0,blank,0,316.942,630.7764,379420,379569,149
105,0,blank,0,291.6847,562.23855,379631,379727,96
105,0,blank,0,191.414233333333,565.69765,379795,379985,190
105,0,blank,0,306.687175,593.34135,380047,380178,131
105,0,blank,0,-323,-105,380339,380495,156
105,59,"\nThepostfixexpressionis:%s\n",315,264.3371,637.81655,380567,380669,102
105,0,blank,0,-323,-105,380892,381018,126
105,0,blank,0,-323,-105,381092,381265,173
105,0,blank,0,-323,-105,381265,381336,71
105,58,pop,309,249.8021,624.0022,381961,382062,101
105,0,blank,0,206.28755,626.06885,382167,382266,99
105,58,p,305,172.6558,612.456675,382414,382589,175
105,56,0,295,198.13028,582.63452,382589,382768,179
105,0,blank,0,203.90305,542.4578,382768,382842,74
105,0,blank,0,229.5258,608.3353,382879,383061,182
105,0,blank,0,211.6261,597.4298,383061,383249,188
105,58,postfix,303,152.85526,617.34014,383324,383510,186
105,59,"\nThepostfixexpressionis:%s\n",315,144.40746,648.615,383510,383680,170
105,0,blank,0,193.17282,633.54454,383680,383846,166
105,58,=,308,223.52615,629.18405,383846,383920,74
105,0,blank,0,-323,-105,383956,384141,185
105,0,blank,0,-323,-105,384141,384332,191
105,0,blank,0,-323,-105,384332,384524,192
105,0,blank,0,-323,-105,384524,384709,185
105,0,blank,0,-323,-105,384709,384836,127
105,0,blank,0,-323,-105,385737,385858,121
105,0,blank,0,-323,-105,385858,385947,89
105,0,blank,0,-323,-105,385947,386404,457
105,0,blank,0,-323,-105,386404,386498,94
105,0,blank,0,-323,-105,386498,386671,173
105,0,blank,0,-323,-105,386671,386762,91
105,0,blank,0,-323,-105,386762,387017,255
105,0,blank,0,-323,-105,387017,387285,268
105,0,blank,0,-323,-105,387285,387449,164
105,0,blank,0,-323,-105,387449,387630,181
105,0,blank,0,-323,-105,387630,387806,176
105,0,blank,0,-323,-105,387806,387971,165
105,0,blank,0,260.25932,571.954,388009,388194,185
105,0,blank,0,231.955,580.65676,388194,388364,170
105,0,blank,0,196.79272,592.95928,388364,388533,169
105,0,blank,0,201.00294,598.0809,388533,388702,169
105,57,),302,185.9709,601.0155,388702,388870,168
105,57,-1,301,181.06014,604.22706,388870,389040,170
105,57,),302,190.65258,610.49696,389040,389208,168
105,0,blank,0,219.693233333333,596.1935,389208,389310,102
105,0,blank,0,-323,-105,389343,389498,155
105,0,blank,0,-323,-105,389498,389680,182
105,0,blank,0,-323,-105,389680,389821,141
105,0,blank,0,-323,-105,389821,389978,157
105,0,blank,0,-323,-105,389978,390496,518
105,0,blank,0,-323,-105,390496,390641,145
105,59,"\nThepostfixexpressionis:%s\n",315,139.85475,634.957,390678,390755,77
105,58,postfix,303,140.62646,615.9672,390821,390992,171
105,58,p,305,170.58424,620.35002,390992,391163,171
105,59,"\nThepostfixexpressionis:%s\n",315,141.0206,635.08896,391163,391331,168
105,59,"\nThepostfixexpressionis:%s\n",315,164.82824,642.9533,391331,391502,171
105,59,"\nThepostfixexpressionis:%s\n",315,185.4832,637.87825,391502,391636,134
105,0,blank,0,-323,-105,391704,391842,138
105,0,blank,0,-323,-105,391842,391986,144
105,0,blank,0,-323,-105,391986,392140,154
105,0,blank,0,-323,-105,392140,392231,91
105,0,blank,0,-323,-105,392231,392416,185
105,0,blank,0,-323,-105,392416,392590,174
105,0,blank,0,-323,-105,392734,392896,162
105,0,blank,0,-323,-105,392896,393283,387
105,59,"\nThepostfixexpressionis:%s\n",315,123.0113,636.9397,393711,393767,56
105,0,blank,0,-323,-105,394029,394183,154
105,58,p,305,169.590566666667,626.344233333333,394363,394515,152
105,0,blank,0,201.9314,633.6241,394515,394663,148
105,0,blank,0,-323,-105,394769,394959,190
105,0,blank,0,-323,-105,394959,395018,59
105,0,blank,0,-323,-105,395110,395294,184
105,0,blank,0,-323,-105,395294,395387,93
105,58,),311,275.5836,627.4929,395606,395713,107
105,0,blank,0,265.6666,700.6757,396135,396584,449
105,0,blank,0,229.8425,619.8478,396679,396736,57
105,0,blank,0,-323,-105,396772,396959,187
105,0,blank,0,-323,-105,396959,397017,58
105,59,"\nThepostfixexpressionis:%s\n",315,173.74975,638.57305,397048,397247,199
105,58,++,306,191.57016,632.88234,397247,397415,168
105,59,"\nThepostfixexpressionis:%s\n",315,186.087825,635.200875,397415,397587,172
105,0,blank,0,190.65552,486.18602,397612,397785,173
105,0,blank,0,185.6405,488.4041,397785,397853,68
105,0,blank,0,226.5034,372.2299,397888,398060,172
105,0,blank,0,244.71118,369.36538,398060,398233,173
105,0,blank,0,331.3911,455.66744,398267,398437,170
105,0,blank,0,336.5243,487.9744,398437,398472,35
105,0,blank,0,290.32566,168.17178,398564,398733,169
105,0,blank,0,286.51688,154.38678,398733,398905,172
105,0,blank,0,-323,-105,398972,399085,113
105,0,blank,0,293.32885,109.04995,399112,399170,58
105,0,blank,0,-323,-105,399202,399317,115
105,0,blank,0,261.2906,387.1305,399360,399416,56
105,59,"\nThepostfixexpressionis:%s\n",315,191.230416666667,636.332033333333,399499,399691,192
105,59,"\nThepostfixexpressionis:%s\n",315,182.6636,634.4697,399691,399725,34
105,0,blank,0,-323,-105,399791,399988,197
105,0,blank,0,-323,-105,399988,400222,234
105,0,blank,0,-323,-105,400222,400309,87
105,0,blank,0,-323,-105,400309,400433,124
105,0,blank,0,-323,-105,400433,400616,183
105,0,blank,0,-323,-105,400616,400755,139
105,0,blank,0,-323,-105,400755,400986,231
105,0,blank,0,-323,-105,400986,401182,196
105,0,blank,0,-323,-105,401182,401376,194
105,0,blank,0,-323,-105,401376,401557,181
105,0,blank,0,-323,-105,401557,401733,176
105,0,blank,0,-323,-105,401733,401868,135
105,0,blank,0,-323,-105,401868,402032,164
105,0,blank,0,-323,-105,402032,402215,183
105,0,blank,0,-323,-105,402215,402352,137
105,0,blank,0,-323,-105,402352,402496,144
105,0,blank,0,-323,-105,402496,402638,142
105,0,blank,0,-323,-105,402638,402766,128
105,0,blank,0,-323,-105,402766,402914,148
105,0,blank,0,-323,-105,402914,403072,158
105,0,blank,0,-323,-105,403072,403261,189
105,0,blank,0,-323,-105,403261,403377,116
105,0,blank,0,-323,-105,403377,403519,142
105,0,blank,0,-323,-105,403519,403693,174
105,0,blank,0,-323,-105,403693,403873,180
105,0,blank,0,-323,-105,403873,404054,181
105,0,blank,0,-323,-105,404054,404246,192
105,0,blank,0,-323,-105,404246,404443,197
105,0,blank,0,-323,-105,404443,404639,196
105,0,blank,0,-323,-105,404639,404826,187
105,0,blank,0,-323,-105,404826,404981,155
105,0,blank,0,-323,-105,404981,405167,186
105,0,blank,0,-323,-105,405167,405347,180
105,0,blank,0,-323,-105,405347,405537,190
105,0,blank,0,-323,-105,405537,405700,163
105,0,blank,0,-323,-105,405700,405873,173
105,0,blank,0,-323,-105,405873,405954,81
105,0,blank,0,-323,-105,405954,406127,173
105,0,blank,0,-323,-105,406127,406300,173
105,0,blank,0,-323,-105,406300,406476,176
105,0,blank,0,-323,-105,406476,406651,175
105,0,blank,0,-323,-105,406651,406828,177
105,0,blank,0,-323,-105,406828,407012,184
105,0,blank,0,-323,-105,407012,407191,179
105,0,blank,0,-323,-105,407191,407364,173
105,0,blank,0,-323,-105,407364,407544,180
105,0,blank,0,-323,-105,407544,407657,113
105,0,blank,0,-323,-105,407657,407853,196
105,0,blank,0,-323,-105,407853,407905,52
105,0,blank,0,-323,-105,407905,408224,319
105,0,blank,0,-323,-105,408224,408422,198
105,0,blank,0,-323,-105,408422,408600,178
105,0,blank,0,-323,-105,408600,408761,161
105,0,blank,0,-323,-105,408761,408941,180
105,0,blank,0,-323,-105,408941,409225,284
105,0,blank,0,-323,-105,409225,409266,41
105,0,blank,0,-323,-105,409266,409460,194
105,0,blank,0,-323,-105,409460,409491,31
105,0,blank,0,-323,-105,409491,409700,209
105,0,blank,0,-323,-105,409700,409913,213
105,0,blank,0,-323,-105,409913,410069,156
105,0,blank,0,-323,-105,410069,410256,187
105,0,blank,0,-323,-105,410256,410455,199
105,0,blank,0,-323,-105,410455,410586,131
105,0,blank,0,-323,-105,410586,410760,174
105,0,blank,0,-323,-105,410760,410949,189
105,0,blank,0,-323,-105,410949,411120,171
105,0,blank,0,-323,-105,411120,411292,172
105,0,blank,0,145.2058,-103.9803,411442,411467,25
105,0,blank,0,-323,-105,411642,411747,105
105,0,blank,0,-323,-105,411747,411889,142
105,0,blank,0,-323,-105,411889,412059,170
105,0,blank,0,-323,-105,412059,412161,102
105,0,blank,0,-323,-105,412161,412478,317
105,0,blank,0,-323,-105,412478,412921,443
105,0,blank,0,-323,-105,412921,413018,97
105,0,blank,0,-323,-105,413018,413166,148
105,0,blank,0,-323,-105,413166,413360,194
105,0,blank,0,-323,-105,413360,413510,150
105,0,blank,0,-323,-105,413510,413597,87
105,0,blank,0,-323,-105,413597,413711,114
105,0,blank,0,-323,-105,413711,413880,169
105,0,blank,0,-323,-105,413880,414061,181
105,0,blank,0,-323,-105,414061,414250,189
105,0,blank,0,-323,-105,414250,414377,127
105,0,blank,0,-323,-105,414377,414568,191
105,0,blank,0,-323,-105,414568,414742,174
105,0,blank,0,-323,-105,414742,415627,885
105,0,blank,0,-323,-105,415627,415791,164
106,0,blank,0,-323,-105,418251,418384,133
106,21,infix,133,173.03136,216.75468,418683,418879,196
106,0,blank,0,-323,-105,418912,419099,187
106,0,blank,0,-323,-105,419099,419262,163
106,0,blank,0,-323,-105,419262,419401,139
106,0,blank,0,-323,-105,419401,419542,141
106,0,blank,0,-323,-105,419542,419724,182
106,0,blank,0,-323,-105,419724,419905,181
106,0,blank,0,-323,-105,419905,419956,51
106,0,blank,0,-323,-105,419956,420223,267
106,0,blank,0,-323,-105,420223,420404,181
106,0,blank,0,-323,-105,420404,420475,71
106,0,blank,0,-323,-105,420475,420670,195
106,0,blank,0,-323,-105,420670,420859,189
106,0,blank,0,-323,-105,420859,421030,171
106,0,blank,0,-323,-105,421030,421200,170
106,0,blank,0,-323,-105,421200,421331,131
106,0,blank,0,-323,-105,421331,421510,179
106,0,blank,0,-323,-105,421510,421677,167
106,0,blank,0,-323,-105,421677,421844,167
106,0,blank,0,-323,-105,421844,422042,198
106,0,blank,0,-323,-105,422042,422116,74
106,0,blank,0,-323,-105,422116,422291,175
106,0,blank,0,-323,-105,422291,422459,168
106,0,blank,0,-323,-105,422459,422583,124
106,0,blank,0,-323,-105,422583,422688,105
106,0,blank,0,-323,-105,422688,422872,184
106,0,blank,0,-323,-105,422872,423052,180
106,0,blank,0,-323,-105,423052,423201,149
106,0,blank,0,-323,-105,423201,423384,183
106,0,blank,0,-323,-105,423384,423563,179
106,0,blank,0,-323,-105,423563,423738,175
106,0,blank,0,-323,-105,423738,423861,123
106,0,blank,0,-323,-105,423861,424057,196
106,23,infix,146,165.2123,270.6803,424125,424215,90
106,0,blank,0,159.30275,250.28765,424215,424396,181
106,0,blank,0,169.7183,248.9823,424396,424432,36
106,0,blank,0,-323,-105,424461,424658,197
106,0,blank,0,-323,-105,424658,424783,125
106,0,blank,0,-323,-105,424783,424937,154
106,0,blank,0,-323,-105,424937,425034,97
106,0,blank,0,-323,-105,425034,425215,181
106,0,blank,0,-323,-105,425215,425337,122
106,0,blank,0,-323,-105,425337,425812,475
106,0,blank,0,-323,-105,425812,425961,149
106,0,blank,0,-323,-105,425961,426139,178
106,0,blank,0,-323,-105,426139,426291,152
106,0,blank,0,-323,-105,426291,426457,166
106,0,blank,0,-323,-105,426457,426530,73
106,36,pop,206,332.655033333333,551.559866666667,426880,427002,122
106,0,blank,0,-323,-105,427034,427219,185
106,0,blank,0,-323,-105,427219,427399,180
106,0,blank,0,-323,-105,427399,427522,123
106,0,blank,0,-323,-105,427901,428014,113
106,0,blank,0,268.8214,248.4671,428245,428461,216
106,0,blank,0,347.2374,239.961,428461,428512,51
106,0,blank,0,377.2227,262.0938,428628,428734,106
106,0,blank,0,385.7407,245.4429,428734,428836,102
106,0,blank,0,-323,-105,428948,429035,87
106,0,blank,0,306.865566666667,219.6903,429191,429380,189
106,0,blank,0,-323,-105,429432,429590,158
106,0,blank,0,398.87468,183.3245,429664,429846,182
106,0,blank,0,370.25228,248.86408,429846,430028,182
106,0,blank,0,353.18346,248.41074,430028,430203,175
106,24,),157,225.0997,277.7453,430203,430380,177
106,0,blank,0,197.50596,296.40672,430380,430551,171
106,0,blank,0,165.953366666667,298.0682,430551,430655,104
106,0,blank,0,-323,-105,430690,430824,134
106,21,infix,133,163.2509,209.4198,430869,430926,57
106,0,blank,0,210.22845,295.523366666667,431018,431215,197
106,0,blank,0,213.17978,294.19918,431215,431389,174
106,0,blank,0,211.37118,303.34986,431389,431562,173
106,0,blank,0,211.26535,308.0305,431562,431699,137
106,0,blank,0,-323,-105,431733,431844,111
106,24,ch,155,220.6938,289.6576,431907,431982,75
106,0,blank,0,207.0208,309.128833333333,432055,432254,199
106,26,postfix,159,192.7635,327.89538,432254,432428,174
106,26,postfix,159,168.563325,329.482075,432428,432590,162
106,26,[,160,199.1571,336.3052,432590,432715,125
106,0,blank,0,198.811,356.3573,432715,432825,110
106,0,blank,0,-323,-105,432931,433113,182
106,24,(,154,201.51764,284.14498,433138,433308,170
106,0,blank,0,192.36596,296.05388,433308,433494,186
106,24,isalnum,153,192.91548,285.65546,433494,433682,188
106,24,(,154,199.08468,289.45642,433682,433866,184
106,24,ch,155,207.37905,275.59465,433866,433946,80
106,0,blank,0,-323,-105,433987,434053,66
106,0,blank,0,256.0345,419.3175,434081,434125,44
106,0,blank,0,252.05996,322.62964,434216,434389,173
106,0,blank,0,264.98926,335.1115,434389,434566,177
106,0,blank,0,233.23674,373.92688,434566,434741,175
106,0,blank,0,216.7017,382.4146,434741,434911,170
106,0,blank,0,203.69204,388.72208,434911,435080,169
106,0,blank,0,200.80965,377.72735,435080,435148,68
106,0,blank,0,-323,-105,435184,435332,148
106,0,blank,0,182.5276,303.3663,435361,435384,23
106,0,blank,0,-323,-105,435456,435592,136
106,28,),174,269.9939,373.3523,435637,435693,56
106,0,blank,0,262.09185,362.8301,435781,435840,59
106,0,blank,0,209.95565,389.95725,435840,436035,195
106,0,blank,0,157.180916666667,371.679983333333,436035,436231,196
106,0,blank,0,197.62275,380.025716666667,436231,436428,197
106,0,blank,0,228.109633333333,373.08555,436428,436626,198
106,28,(,173,256.607383333333,377.79235,436626,436822,196
106,28,(,173,260.91398,375.6644,436822,436990,168
106,28,(,173,254.1736,377.0439,436990,437024,34
106,0,blank,0,-323,-105,437090,437224,134
106,0,blank,0,274.840433333333,361.879866666667,437359,437556,197
106,0,blank,0,322.60206,383.24444,437556,437735,179
106,28,(,173,259.5408,375.8105,437735,437911,176
106,28,(,173,260.4281,373.54178,437911,438086,175
106,0,blank,0,-323,-105,438122,438182,60
106,28,(,173,250.6218,374.75408,438337,438501,164
106,28,(,173,251.54226,375.39484,438501,438677,176
106,28,(,173,248.7864,371.144575,438677,438817,140
106,0,blank,0,-323,-105,438852,439016,164
106,0,blank,0,-323,-105,439101,439288,187
106,0,blank,0,-323,-105,439288,439485,197
106,0,blank,0,-323,-105,439485,439543,58
106,0,blank,0,235.78515,232.2058,439649,439721,72
106,23,;,150,215.6878,257.5863,439721,439883,162
106,0,blank,0,84.2304,232.9917,439966,439992,26
106,0,blank,0,-323,-105,440036,440069,33
106,0,blank,0,-323,-105,440406,440564,158
106,0,blank,0,226.54045,361.5487,440767,440962,195
106,0,blank,0,224.2826,368.0111,440962,441107,145
106,0,blank,0,269.6348,340.696,441249,441298,49
106,28,if,169,154.1041,365.2198,441443,441540,97
106,0,blank,0,174.442,357.0672,441591,441640,49
106,0,blank,0,290.85038,340.54768,441688,441885,197
106,0,blank,0,294.4218,354.78696,441885,442063,178
106,0,blank,0,293.32108,361.57808,442063,442237,174
106,0,blank,0,288.21304,371.2751,442237,442416,179
106,0,blank,0,281.145,385.0796,442416,442453,37
106,0,blank,0,-323,-105,442489,442684,195
106,0,blank,0,295.141833333333,369.649216666667,442707,442901,194
106,0,blank,0,295.9693,368.3343,442901,442936,35
106,0,blank,0,-323,-105,442973,443059,86
106,0,blank,0,228.6478,355.4594,443756,443811,55
106,0,blank,0,-323,-105,443859,443914,55
106,0,blank,0,-323,-105,443914,444151,237
106,0,blank,0,-323,-105,444151,444342,191
106,0,blank,0,-323,-105,444342,444382,40
106,0,blank,0,-323,-105,444382,444570,188
106,0,blank,0,-323,-105,444570,444608,38
106,0,blank,0,297.4792,399.8607,445042,445093,51
106,28,==,172,214.768866666667,367.097,445156,445327,171
106,0,blank,0,199.075833333333,378.726966666667,445327,445439,112
106,0,blank,0,224.6231,357.5894,445474,445650,176
106,0,blank,0,212.5701,345.7299,445650,445683,33
106,0,blank,0,-323,-105,445754,445893,139
106,28,),174,264.438,371.4054,445916,445941,25
106,0,blank,0,-323,-105,445983,446173,190
106,0,blank,0,298.7772,401.744966666667,446198,446392,194
106,0,blank,0,299.52826,414.17266,446392,446563,171
106,0,blank,0,273.3666,412.6916,446563,446665,102
106,0,blank,0,-323,-105,446987,447146,159
106,0,blank,0,-323,-105,447427,447611,184
106,0,blank,0,-323,-105,447611,447772,161
106,0,blank,0,-323,-105,447772,447952,180
106,0,blank,0,-323,-105,447952,448144,192
106,0,blank,0,-323,-105,448144,448584,440
106,0,blank,0,-323,-105,448584,448747,163
106,0,blank,0,-323,-105,448747,448923,176
106,0,blank,0,-323,-105,448923,449099,176
106,0,blank,0,-323,-105,449099,449277,178
106,0,blank,0,-323,-105,449277,449313,36
106,24,ch,155,214.67664,292.781,449913,450090,177
106,26,p,161,210.704416666667,319.44925,450090,450285,195
106,0,blank,0,194.4963,296.383333333333,450285,450482,197
106,24,isalnum,153,153.1292,288.556516666667,450482,450679,197
106,24,isalnum,153,146.712,286.393,450679,450712,33
106,0,blank,0,-323,-105,450746,450854,108
106,24,ch,155,209.3882,277.8627,450905,450969,64
106,0,blank,0,237.455516666667,297.800566666667,451039,451230,191
106,24,),157,235.8028,280.37044,451230,451398,168
106,23,],149,206.58032,253.21266,451398,451565,167
106,0,blank,0,262.215416666667,250.278416666667,451565,451764,199
106,0,blank,0,254.1033,245.52655,451764,451829,65
106,0,blank,0,-323,-105,451896,452049,153
106,0,blank,0,-323,-105,452049,452239,190
106,0,blank,0,-323,-105,452239,452284,45
106,0,blank,0,312.462033333333,238.424516666667,452511,452706,195
106,21,++,141,324.271233333333,221.359733333333,452706,452806,100
106,0,blank,0,173.1169,271.7998,452841,452967,126
106,23,infix,146,181.2922,255.3389,452967,453078,111
106,0,blank,0,118.5711,334.3239,453078,453203,125
106,26,postfix,159,131.555333333333,336.5729,453203,453370,167
106,0,blank,0,132.24315,314.23405,453370,453437,67
106,38,pop,211,129.79316,587.8113,453471,453642,171
106,0,blank,0,135.21485,603.49305,453642,453778,136
106,0,blank,0,194.89678,490.0284,453812,453985,173
106,0,blank,0,181.71134,426.22506,453985,454155,170
106,30,ch,178,176.6726,417.0486,454155,454189,34
106,0,blank,0,-323,-105,454256,454358,102
106,0,blank,0,206.343,352.2096,454388,454428,40
106,0,blank,0,225.9097,394.6315,454503,454627,124
106,0,blank,0,-323,-105,454693,454875,182
106,30,ch,178,185.57545,414.074883333333,455019,455213,194
106,0,blank,0,159.43742,425.39578,455213,455381,168
106,28,if,169,141.8624,363.418266666667,455381,455579,198
106,0,blank,0,150.037,293.154183333333,455579,455777,198
106,23,infix,146,162.3268,257.609066666667,455777,455972,195
106,24,isalnum,153,156.1569,276.1618,455972,456005,33
106,0,blank,0,159.93742,453.92544,456038,456206,168
106,0,blank,0,172.73744,428.54758,456206,456374,168
106,0,blank,0,225.214733333333,395.736733333333,456374,456474,100
106,0,blank,0,-323,-105,456507,456695,188
106,0,blank,0,-323,-105,456695,456726,31
106,0,blank,0,-323,-105,456839,457027,188
106,0,blank,0,-323,-105,457027,457054,27
106,0,blank,0,231.28576,434.24982,457203,457381,178
106,32,==,186,212.44886,458.78272,457381,457551,170
106,32,==,186,204.92874,460.9573,457551,457719,168
106,0,blank,0,203.46258,446.87356,457719,457887,168
106,0,blank,0,267.643116666667,415.25795,457887,458086,199
106,0,blank,0,300.617433333333,395.666333333333,458086,458187,101
106,0,blank,0,-323,-105,458221,458383,162
106,0,blank,0,231.514583333333,418.414283333333,458409,458596,187
106,32,==,186,205.6604,458.57108,458596,458763,167
106,0,blank,0,233.61595,370.862475,458763,458903,140
106,0,blank,0,-323,-105,459042,459105,63
106,34,top,194,254.200016666667,498.120566666667,459240,459429,189
106,0,blank,0,250.3388,517.73784,459429,459601,172
106,34,top,194,248.59476,508.05392,459601,459767,166
106,34,stack,192,196.505366666667,509.9459,459767,459966,199
106,34,(,197,178.484366666667,510.348366666667,459966,460066,100
106,0,blank,0,-323,-105,460100,460271,171
106,0,blank,0,279.19955,487.941116666667,460415,460611,196
106,0,blank,0,280.61342,461.77928,460611,460780,169
106,0,blank,0,288.266,455.1244,460780,460814,34
106,0,blank,0,-323,-105,460881,461055,174
106,0,blank,0,267.36655,391.07365,461104,461163,59
106,0,blank,0,-323,-105,461197,461254,57
106,0,blank,0,-323,-105,461254,461489,235
106,0,blank,0,-323,-105,461489,461630,141
106,0,blank,0,271.8972,521.0544,461682,461761,79
106,34,],195,279.245666666667,502.701066666667,461970,462163,193
106,34,stack,192,228.9364,499.3125,462163,462219,56
106,0,blank,0,-323,-105,462370,462541,171
106,0,blank,0,372.6636,664.957,462579,462667,88
106,0,blank,0,304.00282,552.72228,462758,462951,193
106,0,blank,0,329.253875,566.293625,462951,463085,134
106,0,blank,0,-323,-105,463153,463312,159
106,0,blank,0,-323,-105,463312,463495,183
106,36,pop,206,326.2901,553.259983333333,463532,463727,195
106,36,pop,206,329.8466,552.13635,463727,463792,65
106,0,blank,0,-323,-105,463829,463988,159
106,0,blank,0,-323,-105,463988,464165,177
106,0,blank,0,453.4423,554.8805,464201,464219,18
106,0,blank,0,-323,-105,464305,464482,177
106,0,blank,0,-323,-105,464482,464727,245
106,0,blank,0,246.1699,535.14265,465039,465216,177
106,0,blank,0,228.4613,513.9574,465216,465303,87
106,0,blank,0,282.4012,414.244,465420,465583,163
106,0,blank,0,-323,-105,465722,465827,105
106,0,blank,0,-323,-105,465827,466008,181
106,0,blank,0,-323,-105,466008,466126,118
106,0,blank,0,-323,-105,466126,466297,171
106,0,blank,0,-323,-105,466297,466444,147
106,0,blank,0,-323,-105,466444,466633,189
106,0,blank,0,-323,-105,466633,466824,191
106,0,blank,0,-323,-105,466824,466940,116
106,0,blank,0,-323,-105,466940,467120,180
106,0,blank,0,-323,-105,467120,467309,189
106,0,blank,0,-323,-105,467309,467505,196
106,0,blank,0,-323,-105,467505,467689,184
106,0,blank,0,-323,-105,467689,467868,179
106,0,blank,0,-323,-105,467868,467967,99
106,0,blank,0,112.0127,425.81035,468040,468115,75
106,0,blank,0,-323,-105,468147,468218,71
106,0,blank,0,123.28365,-103.97015,468279,468328,49
106,0,blank,0,146.6808,790.4663,468404,468483,79
106,0,blank,0,223.9232,338.8349,468566,468659,93
106,0,blank,0,232.3636,435.0729,469335,469533,198
106,0,blank,0,-323,-105,469630,469759,129
106,0,blank,0,229.4778,472.519366666667,469955,470140,185
106,34,[,193,238.10178,492.81248,470140,470336,196
106,0,blank,0,229.542,490.7941,470336,470372,36
106,0,blank,0,238.56132,340.2067,470407,470582,175
106,0,blank,0,244.70424,318.93762,470582,470777,195
106,0,blank,0,241.0139,301.12856,470777,470953,176
106,24,ch,155,220.32704,283.06338,470953,471124,171
106,0,blank,0,238.0212,403.70082,471124,471296,172
106,0,blank,0,237.77082,430.4838,471296,471466,170
106,0,blank,0,286.64472,422.16478,471466,471641,175
106,34,stack,192,216.6362,507.9964,471641,471783,142
106,0,blank,0,-323,-105,471816,471957,141
106,0,blank,0,-323,-105,471957,472123,166
106,0,blank,0,257.009866666667,348.453266666667,472158,472352,194
106,26,++,162,234.514666666667,326.164633333333,472352,472456,104
106,28,==,172,222.94966,380.2174,472527,472697,170
106,34,],195,274.92822,510.05864,472697,472881,184
106,0,blank,0,320.89822,587.19398,472881,473062,181
106,0,blank,0,301.66276,580.971,473062,473241,179
106,0,blank,0,260.8343,587.7855,473241,473276,35
106,0,blank,0,-323,-105,473331,473420,89
106,40,==,232,205.0491,635.8611,473530,473565,35
106,0,blank,0,197.12048,657.94124,473726,473890,164
106,0,blank,0,-323,-105,473923,474091,168
106,0,blank,0,204.8722,599.36195,474246,474379,133
106,0,blank,0,370.06222,586.19118,474412,474589,177
106,0,blank,0,201.99878,627.28232,474625,474802,177
106,0,blank,0,235.38148,592.39804,474802,474977,175
106,0,blank,0,304.3049,555.50704,474977,475155,178
106,0,blank,0,-323,-105,475190,475372,182
106,0,blank,0,-323,-105,475372,475427,55
106,0,blank,0,376.31826,542.37812,475588,475756,168
106,0,blank,0,378.62056,552.66848,475756,475932,176
106,0,blank,0,373.2643,504.7106,475932,475965,33
106,0,blank,0,-323,-105,476000,476165,165
106,0,blank,0,297.090166666667,581.619966666667,476192,476390,198
106,0,blank,0,290.73466,603.99478,476390,476563,173
106,0,blank,0,253.807366666667,613.013466666667,476563,476669,106
106,0,blank,0,-323,-105,476702,476894,192
106,0,blank,0,-323,-105,476894,476952,58
106,0,blank,0,-323,-105,476952,477216,264
106,0,blank,0,-323,-105,477216,477258,42
106,0,blank,0,264.6496,444.67715,477392,477446,54
106,0,blank,0,284.03098,611.21072,477509,477676,167
106,0,blank,0,290.56888,600.1152,477676,477843,167
106,0,blank,0,-323,-105,477876,478013,137
106,0,blank,0,-323,-105,478111,478278,167
106,42,preced,243,219.025,679.256,478577,478756,179
106,0,blank,0,182.58045,661.91955,478756,478862,106
106,0,blank,0,277.47195,723.23595,478914,479020,106
106,0,blank,0,302.99695,692.5844,479020,479171,151
106,0,blank,0,353.2261,695.8834,479171,479222,51
106,0,blank,0,-323,-105,479274,479429,155
106,0,blank,0,-323,-105,479429,479478,49
106,42,[,246,419.6337,681.7718,479532,479642,110
106,40,(,218,165.7173,630.5624,479687,479862,175
106,40,if,217,150.4771,623.662,479862,479962,100
106,0,blank,0,176.2868,526.26275,480011,480077,66
106,34,!=,196,297.8859,504.534733333333,480114,480305,191
106,34,top,194,256.49248,506.45216,480305,480472,167
106,0,blank,0,274.0394,515.9354,480472,480505,33
106,0,blank,0,972.662,322.8222,480605,480645,40
106,0,blank,0,827.517,245.8204,480789,480837,48
106,0,blank,0,842.880333333333,113.227066666667,480873,480966,93
106,0,blank,0,-323,-105,481156,481327,171
106,0,blank,0,856.222,160.3874,481362,481559,197
106,0,blank,0,828.261,208.4402,481559,481690,131
107,0,blank,0,-323,-105,482441,482638,197
107,0,blank,0,-323,-105,482638,482792,154
107,0,blank,0,-323,-105,482792,482890,98
107,0,blank,0,-323,-105,482890,483003,113
107,0,blank,0,-323,-105,483003,483311,308
107,0,blank,0,-323,-105,483311,483437,126
107,0,blank,0,-323,-105,483437,483610,173
107,0,blank,0,-323,-105,483968,484162,194
107,0,blank,0,-323,-105,484162,484264,102
107,0,blank,0,-323,-105,484264,484380,116
107,0,blank,0,-323,-105,484380,484495,115
107,0,blank,0,-323,-105,484495,484612,117
107,0,blank,0,-323,-105,484612,484805,193
107,0,blank,0,-323,-105,484805,484960,155
107,0,blank,0,-323,-105,484960,485084,124
107,0,blank,0,-323,-105,485084,485251,167
107,0,blank,0,-323,-105,485251,485434,183
107,0,blank,0,-323,-105,485434,485587,153
107,0,blank,0,-323,-105,485587,485738,151
107,0,blank,0,-323,-105,485738,485913,175
107,0,blank,0,-323,-105,485913,486097,184
107,0,blank,0,-323,-105,486097,486276,179
107,0,blank,0,-323,-105,486276,486451,175
107,0,blank,0,-323,-105,486451,486650,199
107,0,blank,0,-323,-105,486650,486790,140
107,0,blank,0,-323,-105,486790,486989,199
107,0,blank,0,-323,-105,486989,487160,171
107,0,blank,0,-323,-105,487160,487335,175
107,0,blank,0,-323,-105,487335,487497,162
107,0,blank,0,-323,-105,487497,487691,194
107,0,blank,0,-323,-105,487691,487773,82
107,0,blank,0,-323,-105,487773,487900,127
107,0,blank,0,-323,-105,487900,487981,81
107,0,blank,0,-323,-105,487981,488119,138
107,0,blank,0,-323,-105,488119,488310,191
107,0,blank,0,-323,-105,488310,488416,106
107,0,blank,0,-323,-105,488466,488637,171
107,0,blank,0,-323,-105,488637,488816,179
107,0,blank,0,-323,-105,488816,488991,175
107,0,blank,0,-323,-105,488991,489169,178
107,0,blank,0,-323,-105,489169,489310,141
107,0,blank,0,-323,-105,489310,489623,313
107,0,blank,0,-323,-105,489623,489746,123
107,0,blank,0,-323,-105,489746,489900,154
107,0,blank,0,-323,-105,489900,490063,163
107,0,blank,0,-323,-105,490063,490242,179
107,0,blank,0,-323,-105,490242,490386,144
107,0,blank,0,-323,-105,490386,490453,67
107,0,blank,0,-323,-105,490453,490593,140
107,0,blank,0,-323,-105,490593,490692,99
107,0,blank,0,-323,-105,490692,490887,195
107,0,blank,0,-323,-105,490887,491077,190
107,0,blank,0,-323,-105,491077,491252,175
107,0,blank,0,-323,-105,491252,491394,142
107,0,blank,0,-323,-105,491394,491526,132
107,0,blank,0,-323,-105,491526,491743,217
107,0,blank,0,-323,-105,491743,491937,194
107,0,blank,0,168.1411,-103.9865,492396,492496,100
107,0,blank,0,266.5076,204.784,492563,492597,34
107,0,blank,0,-323,-105,492706,492904,198
107,0,blank,0,-323,-105,492904,493022,118
107,0,blank,0,-323,-105,493022,493105,83
107,0,blank,0,-323,-105,493105,493769,664
107,0,blank,0,-323,-105,493769,494128,359
107,0,blank,0,-323,-105,494128,494298,170
107,44,ch,254,232.0784,303.81385,494448,494634,186
107,0,blank,0,185.86102,331.89606,494634,494800,166
107,0,blank,0,191.137333333333,341.452133333333,494800,494900,100
107,0,blank,0,-323,-105,494935,495102,167
107,42,ch,240,236.9719,262.99035,495149,495208,59
107,0,blank,0,348.05176,268.5209,495241,495409,168
107,0,blank,0,353.874,271.2577,495409,495583,174
107,0,blank,0,355.00994,274.43226,495583,495751,168
107,0,blank,0,424.55852,266.48192,495751,495923,172
107,0,blank,0,430.0283,282.4338,495923,495956,33
107,0,blank,0,242.5772,269.742933333333,495988,496089,101
107,0,blank,0,-323,-105,496122,496304,182
107,0,blank,0,228.749366666667,222.87335,496354,496541,187
107,0,blank,0,198.8083,229.01656,496541,496708,167
107,0,blank,0,235.14372,243.58276,496708,496877,169
107,0,blank,0,258.22192,278.6078,496877,497039,162
107,42,if,236,129.41055,249.560066666667,497071,497270,199
107,0,blank,0,139.59772,226.70388,497270,497440,170
107,40,else,216,117.25468,220.85196,497440,497610,170
107,0,blank,0,136.2333,190.03152,497610,497788,178
107,0,blank,0,99.3292,173.0164,497821,497955,134
107,0,blank,0,46.3019,142.7443,498320,498754,434
107,0,blank,0,165.1644,64.9804,498811,498938,127
107,34,top,194,249.3322,74.7448,499042,499146,104
107,0,blank,0,122.228675,64.500025,499202,499366,164
107,0,blank,0,-323,-105,499400,499541,141
107,0,blank,0,165.861083333333,183.546283333333,499586,499781,195
107,40,ch,231,177.60036,219.57426,499781,499949,168
107,40,ch,231,173.36676,202.37536,499949,500116,167
107,0,blank,0,171.049416666667,187.119816666667,500116,500313,197
107,40,==,232,207.72985,212.591916666667,500313,500511,198
107,0,blank,0,-323,-105,500545,500653,108
107,42,ch,240,233.0491,254.5853,500685,500731,46
107,40,==,232,205.4756,211.6863,500731,501009,278
107,0,blank,0,230.3617,211.9379,501009,501159,150
107,34,[,193,238.16515,68.09675,501699,501804,105
107,34,stack,192,185.2239,78.6036,502024,502081,57
107,38,(,212,162.8481,169.172333333333,502145,502250,105
107,0,blank,0,-323,-105,502285,502431,146
107,40,ch,231,187.100666666667,212.232483333333,502457,502646,189
107,40,ch,231,183.16154,201.06598,502646,502818,172
107,40,ch,231,176.5107,203.96315,502818,502886,68
107,0,blank,0,245.241625,280.882775,502920,503056,136
107,0,blank,0,-323,-105,503090,503266,176
107,0,blank,0,277.743716666667,295.244766666667,503318,503507,189
107,0,blank,0,317.125075,319.235125,503507,503639,132
107,0,blank,0,225.24928,415.11328,503673,503842,169
107,50,postfix,276,255.1644,422.308316666667,503842,504039,197
107,50,++,279,311.63542,432.68738,504039,504208,169
107,50,++,279,314.1883,438.39304,504208,504373,165
107,0,blank,0,291.16282,535.2492,504439,504605,166
107,0,blank,0,183.69214,664.0819,504605,504772,167
107,0,blank,0,180.0634,654.04418,504772,504945,173
107,0,blank,0,227.7352,695.3873,504945,504979,34
107,0,blank,0,490.864225,-103.958775,505014,505156,142
107,0,blank,0,508.1446,-103.93678,505225,505403,178
107,0,blank,0,-323,-105,505471,505653,182
107,0,blank,0,-323,-105,505653,505698,45
107,0,blank,0,346.14365,647.145575,506037,506181,144
107,0,blank,0,378.209633333333,454.263666666667,506217,506375,158
107,0,blank,0,346.6922,420.3361,506375,506430,55
107,0,blank,0,-323,-105,506597,506759,162
107,0,blank,0,-323,-105,506759,506870,111
107,0,blank,0,-323,-105,506870,507033,163
107,0,blank,0,-323,-105,507033,507214,181
107,0,blank,0,-323,-105,507214,507394,180
107,0,blank,0,-323,-105,507394,507494,100
107,0,blank,0,-323,-105,507494,507671,177
107,0,blank,0,-323,-105,507671,507852,181
107,0,blank,0,-323,-105,507852,508013,161
107,0,blank,0,-323,-105,508013,508133,120
107,0,blank,0,-323,-105,508133,508471,338
107,0,blank,0,-323,-105,508471,508645,174
107,0,blank,0,-323,-105,508645,508744,99
