Frameno_fix,lineno_fix,Tokenname_fix,tokens_id,gaze_X_fix,gaze_Y_fix,timestamp_fix_start,timestamp_fix_end,time_duration
100,0,blank,0,134.60035,-57.5932166666667,3407,3582,175
100,0,blank,0,129.50075,-66.0599166666667,3582,3757,175
100,0,blank,0,177.0636,-73.3823,3757,3786,29
100,0,blank,0,330.37555,-9.1772,3816,3996,180
100,0,blank,0,302.165033333333,-48.5899,3996,4175,179
100,0,blank,0,258.839216666667,-36.5924,4175,4354,179
100,0,blank,0,242.77512,-37.22098,4354,4500,146
100,0,blank,0,509.959583333333,-8.97886666666667,4530,4703,173
100,0,blank,0,518.39635,-16.2339,4703,4875,172
100,0,blank,0,587.916133333333,-14.4004,4875,5048,173
100,0,blank,0,589.535533333333,-8.75133333333333,5048,5221,173
100,0,blank,0,584.867233333333,-5.10821666666667,5221,5395,174
100,0,blank,0,586.525116666667,-8.01661666666667,5395,5571,176
100,0,blank,0,582.44035,-11.8897333333333,5571,5748,177
100,0,blank,0,580.4968,33.9524,5748,5777,29
100,0,blank,0,940.365,104.756283333333,5836,6020,184
100,0,blank,0,922.307,136.2597,6020,6081,61
100,0,blank,0,279.46094,3.43644,6175,6324,149
100,0,blank,0,26.59276,-2.7953,6354,6521,167
100,2,main,20,23.3908,26.1901,6564,6606,42
100,0,blank,0,80.1445,-10.9258,6648,6734,86
100,1,C,3,29.9174,12.0025,6821,6863,42
100,0,blank,0,86.3172,-27.8308,6945,6986,41
100,0,blank,0,-6.78379999999999,-17.9712,7073,7115,42
100,0,blank,0,96.8334,-105.005,7158,7245,87
100,0,blank,0,220.2453,-73.9731,7427,7454,27
100,0,blank,0,297.5017,-17.1306666666667,7474,7567,93
100,0,blank,0,-322.301633333333,-103.9087,7663,7800,137
100,8,"Entertheorderofthematrix\n",69,193.67618,165.05174,7883,8042,159
100,4,main,36,81.2465666666667,69.2184833333333,8074,8264,190
100,6,static,40,71.7377166666667,116.763933333333,8264,8454,190
100,0,blank,0,49.3311166666667,47.3253,8454,8642,188
100,1,C,3,31.1564833333333,15.8292166666667,8642,8828,186
100,1,*,2,14.9674333333333,22.2815333333333,8828,9014,186
100,1,/,1,13.6262,17.5558166666667,9014,9201,187
100,1,/,1,8.331025,22.097625,9201,9326,125
100,0,blank,0,427.183983333333,-11.1358666666667,9357,9540,183
100,0,blank,0,13.4321833333333,24.2854333333333,9571,9754,183
100,1,/,1,10.6783833333333,20.67765,9754,9936,182
100,2,main,20,3.58365000000001,26.0268166666667,9936,10120,184
100,1,/,1,3.84206666666667,11.2469833333333,10120,10306,186
100,1,*,2,17.080025,6.252725,10306,10433,127
100,0,blank,0,-323,-105,10462,10543,81
100,0,blank,0,-323,-105,10593,10771,178
100,0,blank,0,-323,-105,10771,10951,180
100,0,blank,0,-323,-105,10951,11116,165
100,0,blank,0,971.776,96.0554,11190,11235,45
100,0,blank,0,955.315166666666,199.0857,11263,11441,178
100,0,blank,0,964.415333333333,173.92425,11441,11622,181
100,0,blank,0,964.7655,159.500666666667,11622,11799,177
100,0,blank,0,982.225,152.22625,11799,11920,121
100,0,blank,0,-323,-105,11951,12085,134
100,0,blank,0,-323,-105,12085,12154,69
100,0,blank,0,38.3822666666667,21.0832666666667,12185,12363,178
100,0,blank,0,43.1674666666667,-32.7561166666667,12363,12551,188
100,0,blank,0,41.23815,-17.2803833333333,12551,12739,188
100,0,blank,0,32.6804666666667,-1.9919,12739,12924,185
100,0,blank,0,35.3592833333333,10.5084,12924,13114,190
100,1,*,2,22.0289333333333,9.8491,13114,13300,186
100,1,program,4,76.0178666666667,10.9684833333333,13300,13481,181
100,1,*,2,14.1810833333333,13.6468166666667,13481,13661,180
100,0,blank,0,19.9131833333333,-3.61505,13661,13844,183
100,0,blank,0,48.92755,-3.3819,13844,14030,186
100,1,program,4,52.0461333333333,11.0882166666667,14030,14212,182
100,0,blank,0,37.9406833333333,-5.43623333333333,14212,14393,181
100,1,C,3,24.2596,10.5102,14393,14423,30
100,0,blank,0,126.9088,0.128933333333331,14453,14639,186
100,0,blank,0,119.020016666667,3.10191666666666,14639,14812,173
100,2,and,22,160.49874,35.9246,14812,14956,144
100,0,blank,0,369.3002,-26.9139,15289,15328,39
100,0,blank,0,277.100733333333,-21.1619,15487,15606,119
100,0,blank,0,393.6036,-21.5427,15644,15684,40
100,0,blank,0,419.435583333333,-14.8875333333333,15723,15917,194
100,0,blank,0,402.556733333333,-41.7936166666667,15917,16089,172
100,0,blank,0,454.5516,-15.0854,16089,16176,87
100,0,blank,0,429.260885714286,-11.0571571428571,16205,16404,199
100,0,blank,0,398.224366666667,-22.0432,16404,16578,174
100,0,blank,0,384.9396,-7.5532,16578,16666,88
100,0,blank,0,521.925483333333,-32.5828666666667,16695,16866,171
100,0,blank,0,541.7216,-15.3998,16866,16895,29
100,1,program,4,53.3446333333333,16.2158,16980,17155,175
100,2,main,20,31.6040166666667,32.0123666666667,17155,17329,174
100,1,program,4,94.7153,23.1091666666667,17329,17504,175
100,2,and,22,147.03025,26.2192166666667,17504,17680,176
100,0,blank,0,197.960716666667,14.5966333333333,17680,17851,171
100,0,blank,0,282.408733333333,33.6823166666667,17851,18023,172
100,0,blank,0,280.457566666667,27.1886166666667,18081,18256,175
100,0,blank,0,321.3363,-7.70154285714286,18256,18455,199
100,0,blank,0,290.137516666667,-2.35123333333333,18455,18628,173
100,0,blank,0,266.344175,28.797175,18628,18744,116
100,0,blank,0,201.997966666667,1.4497,18773,18947,174
100,0,blank,0,195.050166666667,5.74433333333333,18947,19033,86
100,1,order,10,373.1953,6.5576,19062,19120,58
100,0,blank,0,-323,-105,19178,19338,160
100,0,blank,0,375.3262,-88.7659,19458,19479,21
100,0,blank,0,417.471414285714,16.3052285714286,19505,19703,198
100,1,find,15,520.516933333333,18.5994666666667,19703,19787,84
100,2,diagonal,24,97.7755166666667,35.5116666666667,19845,20018,173
100,2,diagonal,24,96.728325,33.66615,20018,20132,114
100,1,matrix,8,262.983683333333,15.3274666666667,20160,20333,173
100,2,Opposite,23,224.274933333333,41.3965166666667,20333,20506,173
100,0,blank,0,317.592366666667,14.9474333333333,20565,20652,87
100,0,blank,0,-323,-105,20709,20862,153
100,0,blank,0,529.4406,-26.686,20895,20940,45
100,0,blank,0,425.8913,-0.402783333333334,21026,21215,189
100,0,blank,0,329.8811,-45.524,21215,21243,28
100,1,order,10,347.276616666667,11.1095,21272,21442,170
100,0,blank,0,201.071266666667,-5.11816666666667,21470,21595,125
100,0,blank,0,179.7431,-33.935,21595,21704,109
100,0,blank,0,111.7035,-0.349200000000003,21704,21885,181
100,0,blank,0,86.5629333333333,-0.331116666666665,21885,22076,191
100,0,blank,0,69.6985166666667,-0.713699999999996,22076,22248,172
100,0,blank,0,43.0805166666667,98.18275,22248,22421,173
100,0,blank,0,55.7912666666667,68.82885,22421,22595,174
100,3,stdio,31,121.376316666667,61.2921166666667,22595,22769,174
100,0,blank,0,86.9158833333333,72.7877333333333,22769,22944,175
100,4,main,36,82.54125,80.1240333333333,22944,23117,173
100,0,blank,0,40.96444,84.26774,23117,23260,143
100,0,blank,0,93.9289333333333,555.802966666667,23318,23490,172
100,29,=,195,158.246975,620.28395,23490,23604,114
100,0,blank,0,974.027833333333,205.658116666667,23690,23869,179
100,0,blank,0,956.115166666667,155.84615,23869,24042,173
100,0,blank,0,976.971,144.0344,24042,24072,30
100,0,blank,0,198.104516666667,554.765916666667,24160,24339,179
100,25,printf,172,191.8596,547.85195,24339,24401,62
100,6,static,40,99.71705,131.1541,24458,24638,180
100,0,blank,0,76.5258833333333,102.574133333333,24638,24817,179
100,0,blank,0,50.0802,65.7202666666667,24817,24996,179
100,0,blank,0,84.0010833333333,84.3379833333333,24996,25175,179
100,0,blank,0,95.3135666666667,111.04965,25175,25353,178
100,0,blank,0,108.027333333333,117.127833333333,25353,25532,179
100,0,blank,0,87.8831166666667,90.8798666666667,25532,25712,180
100,4,main,36,48.4749,71.24375,25712,25834,122
100,0,blank,0,957.749833333333,139.249033333333,25924,26106,182
100,0,blank,0,996.824,169.001583333333,26106,26290,184
100,0,blank,0,1000.27066666667,155.756,26290,26473,183
100,0,blank,0,1014.068,150.8876,26473,26535,62
100,27,),189,234.083,583.750983333333,26597,26784,187
100,0,blank,0,236.2618,574.7161,26784,26815,31
100,0,blank,0,121.021216666667,665.847116666667,26848,27032,184
100,0,blank,0,123.449116666667,656.953366666667,27032,27215,183
100,0,blank,0,183.831566666667,714.5,27215,27396,181
100,0,blank,0,253.572475,720.83255,27396,27518,122
100,0,blank,0,119.7266,111.500266666667,27579,27759,180
100,6,int,41,123.559283333333,116.377916666667,27759,27936,177
100,7,comma,62,130.5813,143.4241,27936,27966,30
100,0,blank,0,1007.4245,203.6232,28026,28208,182
100,0,blank,0,990.176666666667,259.25975,28208,28388,180
100,0,blank,0,984.222833333333,248.203466666667,28388,28570,182
100,0,blank,0,984.661,251.53045,28570,28630,60
101,0,blank,0,990.35525,239.967075,28754,28879,125
101,0,blank,0,219.554433333333,626.620916666667,28942,29130,188
101,0,blank,0,213.19775,634.877316666667,29130,29318,188
101,38,"Thegivenorderisnotsquarematrix\n",253,164.062983333333,679.8485,29318,29503,185
101,0,blank,0,137.586616666667,700.518583333333,29503,29684,181
101,38,"Thegivenorderisnotsquarematrix\n",253,154.181866666667,671.489033333333,29684,29773,89
101,0,blank,0,123.621033333333,227.780833333333,29802,29979,177
101,21,=,147,156.169066666667,298.150066666667,29979,30154,175
101,20,"Thegivenmatrixis\n",141,156.16252,289.36236,30154,30299,145
101,0,blank,0,957.4992,417.7722,30359,30506,147
101,0,blank,0,960.858833333333,373.815733333333,30535,30714,179
101,0,blank,0,979.477166666667,336.9145,30714,30892,178
101,0,blank,0,976.916,344.196666666667,30892,31069,177
101,0,blank,0,1027.351,368.0409,31069,31099,30
102,0,blank,0,982.9285,-17.5566166666667,31545,31722,177
102,0,blank,0,978.26,-22.6239,31722,31780,58
102,9,"%d%d",74,118.692666666667,179.68345,31870,32051,181
102,9,"%d%d",74,131.9703,187.450333333333,32051,32143,92
102,0,blank,0,86.1328666666667,90.7790666666667,32174,32357,183
102,6,static,40,93.8747,128.120075,32357,32477,120
102,0,blank,0,-323,-105,32506,32586,80
102,0,blank,0,93.2820857142857,112.083942857143,32692,32885,193
102,6,static,40,103.75865,123.292466666667,32885,33062,177
102,7,j,53,121.317566666667,143.035683333333,33062,33238,176
102,6,array,42,167.293316666667,120.67485,33238,33412,174
102,6,[,46,206.9196,114.46835,33412,33587,175
102,6,],48,235.530666666667,123.457766666667,33587,33761,174
102,0,blank,0,216.085366666667,110.597,33761,33936,175
102,6,array,42,184.018216666667,116.7078,33936,34111,175
102,0,blank,0,220.051766666667,111.830216666667,34111,34287,176
102,6,10,47,268.837125,116.5681,34287,34406,119
102,7,m,55,146.1925,142.023983333333,34435,34612,177
102,6,int,41,132.9683,131.771866666667,34612,34787,175
102,0,blank,0,223.811816666667,96.84695,34787,34962,175
102,0,blank,0,234.45565,102.021433333333,34962,35140,178
102,0,blank,0,233.867116666667,102.8742,35140,35320,180
102,0,blank,0,241.55405,107.1884,35320,35381,61
102,7,comma,62,99.1763,142.120966666667,35411,35590,179
102,0,blank,0,80.39255,150.356083333333,35590,35769,179
102,0,blank,0,78.4262666666667,150.455,35769,35948,179
102,8,printf,67,101.329716666667,171.47215,35948,36123,175
102,8,"Entertheorderofthematrix\n",69,121.46255,157.0055,36123,36298,175
102,7,m,55,152.991866666667,154.241483333333,36298,36473,175
102,7,comma,62,157.4941,149.704833333333,36473,36647,174
102,0,blank,0,165.891233333333,149.8536,36647,36822,175
102,7,n,57,173.29112,139.3095,36822,36967,145
102,0,blank,0,-323,-105,36996,37102,106
102,10,==,86,115.4985,209.3066,37127,37152,25
102,0,blank,0,140.318666666667,152.847816666667,37208,37363,155
102,9,),81,259.198133333333,190.210616666667,37392,37565,173
102,9,m,77,211.698566666667,194.163433333333,37565,37655,90
102,0,blank,0,252.39535,232.04935,37689,37755,66
102,13,++,105,279.1378,282.5632,37815,37846,31
102,0,blank,0,280.90516,215.96316,37874,38051,177
102,0,blank,0,283.450766666667,230.362333333333,38051,38145,94
102,0,blank,0,255.8236,204.676416666667,38211,38389,178
102,12,"Entertheco-efficientofthematrix\n",92,255.4782,256.3737,38389,38418,29
102,0,blank,0,172.23615,134.5519,38451,38509,58
102,8,"Entertheorderofthematrix\n",69,154.429566666667,167.492783333333,38537,38721,184
102,0,blank,0,164.9636,143.727657142857,38721,38920,199
102,0,blank,0,233.967466666667,208.7771,38920,39006,86
102,0,blank,0,-323,-105,39035,39215,180
102,0,blank,0,-323,-105,39215,39404,189
102,0,blank,0,-323,-105,39404,39600,196
102,0,blank,0,-323,-105,39600,39712,112
102,0,blank,0,182.991285714286,68.6877571428571,39738,39937,199
102,0,blank,0,222.610825,112.878125,39937,40135,198
102,6,array,42,191.597816666667,120.9564,40135,40308,173
102,0,blank,0,197.318533333333,98.0925666666667,40308,40493,185
102,6,array,42,202.570383333333,116.141066666667,40493,40675,182
102,0,blank,0,199.67205,112.361366666667,40675,40857,182
102,0,blank,0,201.51198,100.78788,40857,41009,152
102,7,0,65,249.085416666667,148.9326,41069,41249,180
102,6,10,47,254.252,132.616616666667,41249,41431,182
102,0,blank,0,236.3633,155.41425,41431,41611,180
102,8,"Entertheorderofthematrix\n",69,128.70865,157.475333333333,41611,41792,181
102,8,printf,67,99.57226,159.67862,41792,41967,175
102,8,"Entertheorderofthematrix\n",69,237.4501,163.22545,41967,42153,186
102,7,sum,63,292.75566,151.39952,42317,42496,179
102,8,"Entertheorderofthematrix\n",69,250.179633333333,157.664566666667,42496,42668,172
102,9,),81,256.09865,183.27445,42668,42725,57
102,8,"Entertheorderofthematrix\n",69,228.1514,163.3207,42812,42841,29
102,0,blank,0,392.612433333333,210.6313,42898,42984,86
102,8,"Entertheorderofthematrix\n",69,295.0087,175.818,43013,43042,29
102,10,m,85,86.78995,203.628883333333,43071,43248,177
102,10,if,83,53.0599333333333,211.0647,43248,43333,85
102,0,blank,0,34.43305,207.03515,43361,43419,58
102,9,comma,78,174.3403,190.345183333333,43449,43624,175
102,8,"Entertheorderofthematrix\n",69,222.722666666667,171.290933333333,43624,43796,172
102,8,"Entertheorderofthematrix\n",69,190.208683333333,173.8398,43796,43969,173
102,9,m,77,206.9593,186.05435,43969,44027,58
102,0,blank,0,75.7127333333333,222.90965,44055,44228,173
102,9,scanf,72,91.0305666666667,196.559333333333,44228,44401,173
102,10,n,87,133.09815,213.6161,44401,44576,175
102,0,blank,0,134.7664,223.58865,44576,44751,175
102,12,printf,90,130.41725,247.606183333333,44751,44926,175
102,0,blank,0,196.973325,295.86125,44926,45041,115
102,13,m,103,246.648516666667,282.981133333333,45098,45270,172
102,12,"Entertheco-efficientofthematrix\n",92,229.0108,259.876171428571,45270,45469,199
102,15,<,116,267.9003,312.0169,45469,45497,28
102,0,blank,0,205.3865,352.4395,45554,45582,28
102,15,),121,351.242525,323.183725,45610,45723,113
102,0,blank,0,409.6004,333.54816,45780,45926,146
102,0,blank,0,394.0073,293.0872,45955,45983,28
102,0,blank,0,261.31098,311.15956,46039,46186,147
102,0,blank,0,312.72732,350.10568,46214,46360,146
102,0,blank,0,254.821333333333,343.674833333333,46390,46480,90
102,12,"Entertheco-efficientofthematrix\n",92,195.8306,265.9906,46508,46595,87
102,0,blank,0,68.249,254.517766666667,46740,46874,134
102,0,blank,0,126.7758,290.260116666667,47015,47210,195
102,0,blank,0,113.6182,295.662,47210,47239,29
102,0,blank,0,150.60102,559.64362,47296,47440,144
102,0,blank,0,473.5648,-103.9711,47551,47576,25
102,0,blank,0,163.736971428571,215.6926,47712,47909,197
102,10,),88,159.11045,215.8998,47909,47967,58
102,12,"Entertheco-efficientofthematrix\n",92,166.6439,255.136066666667,47996,48082,86
102,12,"Entertheco-efficientofthematrix\n",92,271.198857142857,260.479342857143,48140,48339,199
102,0,blank,0,382.34288,215.3052,48339,48487,148
102,1,a,7,207.41155,13.04765,48547,48720,173
102,0,blank,0,254.97095,-34.8397166666667,48720,48893,173
102,0,blank,0,318.437183333333,-16.7903,48893,49064,171
102,0,blank,0,320.0257,-26.1624,49064,49121,57
102,0,blank,0,301.3628,-61.692075,49150,49263,113
102,0,blank,0,947.276166666667,166.105283333333,49349,49524,175
102,0,blank,0,958.496,264.014233333333,49524,49697,173
102,0,blank,0,965.239833333333,207.01375,49697,49875,178
102,0,blank,0,915.108,193.3933,49875,49905,30
102,0,blank,0,180.1349,228.198783333333,49965,50144,179
102,0,blank,0,91.8132666666667,324.360333333333,50174,50351,177
102,15,for,109,128.0559,313.165,50351,50381,30
102,22,{,157,86.0542,485.06354,50410,50581,171
102,0,blank,0,93.5667,475.093783333333,50581,50757,176
102,0,blank,0,116.7651,478.303633333333,50757,50846,89
103,0,blank,0,158.415533333333,696.852466666667,51590,51770,180
103,0,blank,0,249.5772,686.977266666667,51770,51957,187
103,38,"Thegivenorderisnotsquarematrix\n",253,305.701116666667,673.3493,51957,52140,183
103,38,"Thegivenorderisnotsquarematrix\n",253,300.267316666667,681.834533333333,52140,52323,183
103,0,blank,0,255.1434,724.54045,52323,52382,59
103,0,blank,0,384.526966666667,690.491466666667,52412,52592,180
103,38,"Thegivenorderisnotsquarematrix\n",253,435.814216666667,680.935083333333,52592,52772,180
103,38,"Thegivenorderisnotsquarematrix\n",253,424.445483333333,670.303766666667,52772,52952,180
103,0,blank,0,413.761383333333,657.01845,52952,53130,178
103,0,blank,0,495.599116666667,644.822216666667,53130,53313,183
103,0,blank,0,476.528966666667,662.9303,53313,53497,184
103,0,blank,0,448.824133333333,639.365233333333,53497,53677,180
103,0,blank,0,450.63035,695.82,53677,53857,180
103,0,blank,0,450.577083333333,689.670583333333,53857,54036,179
103,38,"Thegivenorderisnotsquarematrix\n",253,447.9633,681.8558,54036,54065,29
103,0,blank,0,941.820333333333,398.44625,54124,54300,176
103,0,blank,0,931.424333333333,405.286433333333,54300,54387,87
103,0,blank,0,498.371733333333,660.514066666667,54474,54649,175
103,0,blank,0,489.5275,653.0814,54649,54679,30
103,0,blank,0,137.626316666667,152.210933333333,54738,54913,175
103,15,for,109,144.72325,163.966133333333,54913,55089,176
103,0,blank,0,82.55055,114.2593,55089,55263,174
103,13,for,95,96.1846,130.0753,55263,55438,175
103,0,blank,0,93.6999,153.3427,55438,55467,29
104,12,printf,90,115.3242,232.474883333333,56397,56574,177
104,0,blank,0,146.606466666667,264.712383333333,56574,56748,174
104,0,blank,0,189.6178,288.1955,56748,56806,58
104,0,blank,0,-323,-105,56834,56978,144
104,0,blank,0,214.03015,219.69265,57006,57056,50
104,2,main,20,953.0824,29.2354,57168,57312,144
104,0,blank,0,945.9792,-28.13288,57342,57488,146
104,4,int,35,229.761825,82.326875,57576,57695,119
104,13,0,99,157.77075,265.603283333333,57725,57903,178
104,0,blank,0,196.704066666667,237.142333333333,57903,58083,180
104,0,blank,0,199.354533333333,279.818,58083,58172,89
104,0,blank,0,-323,-105,58202,58357,155
104,0,blank,0,263.95262,225.41106,58433,58563,130
104,0,blank,0,384.09615,230.161716666667,58592,58766,174
104,0,blank,0,373.155216666667,225.97845,58766,58945,179
104,0,blank,0,367.2364,267.82555,58945,59125,180
104,10,if,83,348.25305,211.857175,59125,59243,118
104,0,blank,0,380.0123,298.6528,59273,59302,29
104,0,blank,0,465.214133333333,227.140033333333,59332,59510,178
104,0,blank,0,485.4153,207.95625,59510,59689,179
104,0,blank,0,509.13615,201.28505,59689,59866,177
104,0,blank,0,504.531566666667,232.73715,59866,60056,190
104,0,blank,0,483.2992,229.269716666667,60086,60268,182
104,12,"Entertheco-efficientofthematrix\n",92,494.338625,253.632425,60268,60383,115
104,10,if,83,330.241,200.1395,60412,60441,29
104,0,blank,0,370.496975,273.557125,60471,60594,123
104,0,blank,0,210.407666666667,313.685933333333,60652,60827,175
104,0,blank,0,152.870933333333,291.756666666667,60827,61005,178
104,12,printf,90,119.8901,250.1746,61005,61035,30
104,15,j,120,170.616733333333,311.959683333333,61065,61239,174
104,0,blank,0,149.456433333333,291.3751,61239,61413,174
104,0,blank,0,155.750433333333,293.680416666667,61413,61584,171
104,0,blank,0,172.14938,295.29398,61584,61729,145
104,0,blank,0,191.782183333333,326.211116666667,61758,61930,172
104,15,0,113,199.863266666667,312.658133333333,61930,62101,171
104,20,"Thegivenmatrixis\n",141,271.611725,434.671925,62101,62284,183
104,0,blank,0,414.1334,481.2097,62284,62505,221
104,0,blank,0,572.9492,701.2501,62605,62714,109
104,0,blank,0,260.1872,322.2567,62906,62933,27
104,17,"%d",125,242.937025,352.347925,62962,63080,118
104,17,array,128,284.0154,370.129366666667,63080,63251,171
104,15,j,120,228.525583333333,307.613983333333,63251,63427,176
104,15,;,118,223.99356,314.91634,63427,63601,174
104,13,<,102,208.50575,270.8887,63601,63657,56
104,0,blank,0,255.98298,291.87896,63715,63885,170
104,17,array,128,290.687966666667,361.0314,63916,64000,84
104,0,blank,0,297.915483333333,343.482983333333,64029,64211,182
104,17,"%d",125,256.91406,353.77638,64211,64391,180
104,0,blank,0,277.38674,355.68484,64391,64533,142
104,0,blank,0,257.0432,313.349314285714,64561,64758,197
104,12,"Entertheco-efficientofthematrix\n",92,214.8305,249.15405,64758,64816,58
104,12,"Entertheco-efficientofthematrix\n",92,151.44704,242.56362,64872,65017,145
104,20,"Thegivenmatrixis\n",141,244.044,428.661,65045,65102,57
104,17,(,124,207.488133333333,351.265716666667,65159,65338,179
104,0,blank,0,236.7316,389.6503,65338,65367,29
104,0,blank,0,225.4712,343.340133333333,65397,65569,172
104,0,blank,0,212.255975,335.598375,65569,65689,120
104,20,"Thegivenmatrixis\n",141,354.9845,436.73145,65898,66045,147
104,0,blank,0,241.9178,289.1284,66106,66177,71
104,0,blank,0,239.01328,319.52134,66604,66794,190
104,13,++,105,281.4272,277.5361,66794,66833,39
104,12,printf,90,122.302733333333,226.833233333333,66871,67051,180
104,0,blank,0,166.370433333333,203.669883333333,67051,67224,173
104,9,scanf,72,48.3364666666667,188.213066666667,67224,67397,173
104,9,scanf,72,47.8528714285714,175.885242857143,67397,67594,197
104,13,=,98,135.902885714286,282.823242857143,67623,67820,197
104,0,blank,0,193.17255,283.143966666667,67820,67991,171
104,0,blank,0,196.711666666667,210.748133333333,67991,68163,172
104,9,m,77,194.699466666667,195.887233333333,68163,68254,91
104,0,blank,0,57.0041833333333,152.15285,68283,68455,172
104,8,printf,67,56.4538833333333,160.255383333333,68455,68627,172
104,8,printf,67,57.6557333333333,159.742933333333,68627,68801,174
104,0,blank,0,149.926633333333,131.21495,68801,68975,174
104,6,array,42,147.492433333333,113.363933333333,68975,69148,173
104,7,=,64,207.1151,136.3568,69177,69206,29
104,0,blank,0,174.401116666667,302.772633333333,69264,69442,178
104,0,blank,0,120.544216666667,329.629466666667,69442,69614,172
104,15,for,109,87.6342857142857,314.661814285714,69614,69812,198
104,15,for,109,92.2206,316.274628571429,69812,70011,199
104,0,blank,0,82.589,264.4382,70011,70068,57
104,20,printf,139,117.6752,424.4431,70096,70126,30
104,9,scanf,72,66.00315,195.970083333333,70154,70329,175
104,8,printf,67,89.5851666666667,165.027883333333,70329,70501,172
104,7,m,55,127.4696,151.357483333333,70501,70673,172
104,9,"%d%d",74,145.798616666667,181.646866666667,70673,70848,175
104,17,scanf,123,138.451833333333,347.541483333333,70877,71051,174
104,0,blank,0,120.0433,357.77805,71079,71137,58
104,20,printf,139,105.429666666667,400.826833333333,71166,71252,86
104,15,for,109,102.27505,288.459733333333,71281,71456,175
104,12,printf,90,99.99085,258.5136,71456,71513,57
104,0,blank,0,95.2269333333333,344.0533,71571,71744,173
104,20,printf,139,128.2203,425.2451,71744,71773,29
104,17,scanf,123,185.26382,335.51258,71802,71947,145
104,0,blank,0,215.685283333333,329.61125,71976,72150,174
104,0,blank,0,181.19478,388.13712,72150,72294,144
104,0,blank,0,139.800783333333,374.521533333333,72323,72496,173
104,17,scanf,123,170.8155,360.5409,72496,72524,28
104,0,blank,0,-323,-105,72582,72684,102
104,12,"Entertheco-efficientofthematrix\n",92,186.9715,241.1844,72709,72739,30
104,0,blank,0,209.088714285714,287.819657142857,72808,73000,192
104,0,blank,0,192.8627,302.824,73000,73029,29
104,0,blank,0,202.255116666667,284.994383333333,73086,73260,174
104,0,blank,0,262.7256,293.336314285714,73260,73457,197
104,0,blank,0,237.706283333333,306.333716666667,73457,73634,177
104,17,scanf,123,156.782757142857,346.839257142857,73634,73833,199
104,0,blank,0,181.199283333333,236.6963,73833,74004,171
104,0,blank,0,170.7945,232.5105,74004,74061,57
104,12,printf,90,91.6142166666666,223.4312,74090,74261,171
104,0,blank,0,87.5117,218.1956,74261,74290,29
104,0,blank,0,212.69345,196.10095,74318,74491,173
104,10,if,83,265.501233333333,196.054,74491,74666,175
104,10,if,83,304.3519,196.2428,74666,74695,29
104,9,"%d%d",74,166.51125,178.2129,74723,74780,57
104,9,"%d%d",74,164.63785,193.52935,74809,74866,57
104,12,printf,90,97.07555,253.499816666667,74895,75066,171
104,0,blank,0,215.559833333333,198.813016666667,75066,75239,173
104,10,if,83,300.48525,201.91335,75239,75413,174
104,10,if,83,339.70495,185.59015,75413,75532,119
104,8,"Entertheorderofthematrix\n",69,275.708383333333,165.265783333333,75589,75760,171
104,9,),81,253.805975,186.98055,75788,75903,115
104,10,if,83,376.590333333333,190.555916666667,75931,76103,172
104,8,printf,67,403.261385714286,159.2629,76103,76302,199
104,0,blank,0,61.7282333333333,268.627716666667,76358,76532,174
104,0,blank,0,79.5448666666667,279.981033333333,76532,76703,171
104,0,blank,0,148.947516666667,225.116016666667,76703,76875,172
104,0,blank,0,141.938133333333,235.331116666667,76875,77049,174
104,0,blank,0,113.7436,262.825483333333,77049,77227,178
104,13,i,106,129.777042857143,281.171857142857,77227,77425,198
104,0,blank,0,144.269966666667,277.1678,77425,77511,86
104,17,scanf,123,145.670483333333,352.8218,77540,77712,172
104,0,blank,0,232.752566666667,300.56765,77712,77885,173
104,15,j,120,228.476683333333,311.040866666667,77885,78058,173
104,0,blank,0,274.663383333333,322.799133333333,78058,78230,172
104,10,if,83,278.9371,213.6093,78230,78259,29
104,0,blank,0,276.371566666667,319.773133333333,78288,78374,86
104,4,main,36,54.1762333333333,70.1514333333333,78431,78604,173
104,0,blank,0,86.4314666666667,75.5668166666667,78604,78778,174
104,0,blank,0,115.784816666667,89.4768833333333,78778,78952,174
104,0,blank,0,166.585816666667,70.3075,78952,79129,177
104,3,stdio,31,113.06375,58.55625,79129,79304,175
104,6,static,40,48.4441666666667,88.8243833333333,79304,79479,175
104,6,static,40,58.1487,115.977766666667,79479,79653,174
104,6,[,46,194.080366666667,116.871433333333,79653,79829,176
104,6,[,46,199.4338,119.10465,79829,80005,176
104,6,array,42,176.356983333333,115.594266666667,80005,80179,174
104,0,blank,0,136.82826,102.53736,80179,80324,145
104,8,printf,67,66.8063,164.3962,80353,80383,30
104,0,blank,0,42.4911166666667,388.700016666667,80443,80617,174
104,0,blank,0,46.26615,358.8122,80617,80676,59
104,19,},138,129.97112,389.5643,80708,80886,178
104,17,scanf,123,201.038114285714,362.540871428571,80886,81085,199
104,17,"%d",125,258.674216666667,364.625483333333,81117,81293,176
104,0,blank,0,272.4403,358.7917,81293,81380,87
104,19,},138,128.09555,384.822466666667,81410,81588,178
104,0,blank,0,87.4339333333333,382.47225,81588,81764,176
104,0,blank,0,38.0113166666667,411.234516666667,81764,81937,173
104,0,blank,0,60.762,444.734933333333,81937,82109,172
104,0,blank,0,85.6826666666667,520.862883333333,82109,82287,178
104,0,blank,0,109.287983333333,519.676633333333,82287,82462,175
104,25,printf,172,125.2304,531.9642,82462,82520,58
104,0,blank,0,200.5114,383.6282,82549,82639,90
104,0,blank,0,1004.3,311.0621,83278,83449,171
104,13,for,95,996.011,273.22025,83449,83614,165
104,9,comma,78,169.23525,179.44555,83695,83773,78
104,31,sum,208,130.7565,675.592,83855,84028,173
104,0,blank,0,178.1061,650.08,84028,84108,80
105,0,blank,0,296.174316666667,493.8,85425,85600,175
105,31,array,210,293.224683333333,513.344983333333,85600,85777,177
105,32,],232,274.62525,540.519466666667,85777,85952,175
105,0,blank,0,325.1656,533.69225,85952,86126,174
105,31,i,215,335.279533333333,514.238483333333,86126,86300,174
105,31,i,215,342.89026,523.31832,86300,86445,145
105,0,blank,0,304.73495,497.702466666667,86474,86648,174
105,31,[,214,295.14975,512.914383333333,86648,86824,176
105,0,blank,0,297.795,465.546,86824,86911,87
105,12,printf,90,113.859466666667,112.11725,86969,87142,173
105,0,blank,0,94.1865,52.3784,87142,87171,29
105,0,blank,0,182.6265,456.115583333333,87228,87406,178
105,0,blank,0,143.6162,495.738633333333,87406,87587,181
105,0,blank,0,197.876016666667,447.732866666667,87587,87769,182
105,0,blank,0,188.693583333333,447.4988,87769,87952,183
105,25,printf,172,212.5602,386.103,87952,88012,60
105,27,"\n",188,228.718916666667,425.751433333333,88042,88223,181
105,29,++,202,274.5273,476.689116666667,88223,88400,177
105,0,blank,0,268.869283333333,468.208683333333,88400,88577,177
105,0,blank,0,260.8563,465.420583333333,88577,88756,179
105,29,;,201,258.2098,478.705566666667,88756,88936,180
105,0,blank,0,254.099683333333,457.046466666667,88936,89116,180
105,0,blank,0,261.77275,452.996933333333,89116,89292,176
105,0,blank,0,245.877016666667,457.346366666667,89292,89474,182
105,0,blank,0,258.863,465.5799,89474,89655,181
105,0,blank,0,277.660975,510.711225,89655,89776,121
105,0,blank,0,265.4238,458.71365,89806,89986,180
105,0,blank,0,245.9778,457.336083333333,89986,90165,179
105,0,blank,0,280.39675,466.824466666667,90196,90376,180
105,29,++,202,293.9986,477.7475,90376,90406,30
105,0,blank,0,293.050433333333,504.57115,90464,90638,174
105,32,array,222,231.434914285714,539.155757142857,90638,90837,199
105,0,blank,0,253.880971428571,508.762028571429,90837,91036,199
105,31,array,210,266.3075,518.22424,91036,91179,143
105,32,array,222,246.2757,538.1807,91208,91265,57
105,32,array,222,224.751542857143,545.417871428571,91319,91515,196
105,32,array,222,237.102371428571,535.940228571429,91515,91711,196
105,31,],216,318.524016666667,526.178416666667,91711,91883,172
105,31,i,215,304.09735,515.042,91883,91941,58
105,0,blank,0,948.922333333333,376.363916666667,92026,92200,174
105,0,blank,0,969.482,433.34615,92200,92258,58
105,0,blank,0,971.137666666667,324.697,92291,92463,172
105,0,blank,0,979.2208,350.34904,92463,92610,147
106,0,blank,0,237.165033333333,233.242483333333,93249,93424,175
106,0,blank,0,216.101566666667,239.601333333333,93424,93597,173
106,0,blank,0,238.86875,267.4675,93597,93656,59
106,15,n,117,288.034033333333,322.4586,93685,93773,88
106,12,"Entertheco-efficientofthematrix\n",92,331.57375,254.7221,93829,93886,57
106,0,blank,0,374.1442,298.42746,93915,94061,146
106,12,"Entertheco-efficientofthematrix\n",92,401.59515,257.810683333333,94149,94324,175
106,12,"Entertheco-efficientofthematrix\n",92,474.866366666667,251.102866666667,94324,94504,180
106,0,blank,0,492.85025,280.5602,94504,94565,61
106,0,blank,0,211.878283333333,352.039266666667,94682,94858,176
106,0,blank,0,254.7868,399.563525,94858,94999,141
106,0,blank,0,-323,-105,95145,95276,131
106,0,blank,0,217.9952,382.536383333333,95419,95583,164
106,17,scanf,123,179.084466666667,374.149,95583,95697,114
106,9,"%d%d",74,158.215333333333,192.247433333333,95852,95965,113
106,10,==,86,110.01325,214.63395,96160,96277,117
106,0,blank,0,24.68745,158.3559,96317,96501,184
106,0,blank,0,-1.60246666666667,152.663633333333,96501,96677,176
106,0,blank,0,41.55842,175.39634,96677,96825,148
107,4,),38,105.717125,86.368025,98757,98876,119
107,6,array,42,173.2443,132.3217,98907,98949,42
107,0,blank,0,479.76705,4.2273,99031,99195,164
107,1,find,15,499.61,10.7932,99195,99235,40
107,4,(,37,97.11896,81.97276,99597,99775,178
107,2,diagonal,24,76.5778666666667,43.9864666666667,99775,99949,174
107,0,blank,0,80.6666666666667,64.2168833333333,99949,100123,174
107,4,(,37,99.9282,81.6546,100123,100181,58
107,0,blank,0,937.185,366.9977,100269,100330,61
107,0,blank,0,954.553,321.2269,100360,100419,59
108,0,blank,0,344.847325,543.83135,100944,101062,118
108,31,sum,208,150.8865,530.2732,101092,101266,174
108,0,blank,0,114.6986,482.6824,101266,101294,28
108,31,+,209,224.268516666667,519.04235,101322,101495,173
108,0,blank,0,236.8539,461.2061,101495,101524,29
108,31,sum,208,191.9313,527.29004,101553,101696,143
108,0,blank,0,-323,-105,101725,101880,155
108,31,sum,208,192.335985714286,529.937042857143,101958,102144,186
108,0,blank,0,182.138742857143,498.493114285714,102144,102341,197
108,31,=,207,172.91615,516.774125,102341,102453,112
108,0,blank,0,915.792333333333,423.21175,102539,102712,173
108,0,blank,0,926.214,416.2976,102712,102742,30
108,0,blank,0,914.728333333333,358.9607,102771,102863,92
108,0,blank,0,865.487,437.6073,102891,102919,28
108,0,blank,0,916.979833333333,381.955083333333,102948,103147,199
108,0,blank,0,924.588,324.40845,103147,103310,163
108,34,"\nThesumofthemaindiagonalelementsis=%d\n",237,274.3449,579.945066666667,103489,103647,158
108,32,],232,278.46605,536.50495,103675,103847,172
108,32,],232,276.007133333333,552.672616666667,103847,104020,173
108,0,blank,0,313.673714285714,574.290157142857,104020,104218,198
108,0,blank,0,344.5384,575.015766666667,104218,104411,193
108,31,i,215,312.186833333333,517.8063,104411,104604,193
108,0,blank,0,292.78092,496.16236,104604,104790,186
108,0,blank,0,298.72625,510.639975,104790,104937,147
108,31,[,214,326.1923,521.4946,105046,105082,36
108,29,++,202,279.30246,471.19186,105119,105303,184
108,31,array,210,277.399528571429,522.790485714286,105359,105553,194
108,32,i,229,267.43048,534.4237,105553,105691,138
108,0,blank,0,290.860028571429,490.994514285714,105719,105914,195
108,0,blank,0,286.639957142857,496.947257142857,105914,106112,198
108,0,blank,0,248.805471428571,495.8699,106112,106308,196
108,32,array,222,214.966157142857,543.110314285714,106308,106502,194
108,0,blank,0,243.46162,491.2274,106502,106642,140
108,0,blank,0,243.193271428571,508.017257142857,106670,106868,198
108,0,blank,0,285.546471428571,494.098257142857,106868,107064,196
108,29,;,201,261.828,477.010914285714,107120,107316,196
108,0,blank,0,200.405142857143,492.077314285714,107316,107514,198
108,0,blank,0,223.512716666667,498.173616666667,107514,107686,172
108,29,;,201,260.6504,467.2289,107686,107743,57
108,0,blank,0,128.713733333333,505.247916666667,107772,107944,172
108,0,blank,0,116.738783333333,495.661816666667,107944,108115,171
108,0,blank,0,120.09255,481.228833333333,108115,108288,173
108,32,a,220,124.538683333333,536.6766,108288,108463,175
108,31,sum,208,134.162816666667,530.341883333333,108463,108637,174
108,31,=,207,167.607266666667,530.996033333333,108637,108812,175
108,0,blank,0,204.728283333333,492.830983333333,108812,108991,179
108,0,blank,0,222.412716666667,473.567,108991,109171,180
108,29,i,203,206.4629,473.240433333333,109171,109348,177
108,31,+,209,224.89255,524.220816666667,109348,109527,179
108,31,+,209,229.569666666667,528.000833333333,109527,109705,178
108,32,i,229,265.840683333333,548.67435,109705,109884,179
108,31,],216,319.2224,513.8829,109884,109914,30
108,35,printf,242,142.8239,608.023133333333,109943,110116,173
108,34,printf,235,112.278883333333,591.38065,110116,110288,172
108,34,"\nThesumofthemaindiagonalelementsis=%d\n",237,312.43648,589.7909,110317,110461,144
108,35,"ThesumoftheOppositediagonalelemetsis=%d\n",244,563.912414285714,605.854085714286,110490,110688,198
108,35,"ThesumoftheOppositediagonalelemetsis=%d\n",244,598.413742857143,617.432671428571,110688,110885,197
108,0,blank,0,597.364716666667,673.339533333333,110885,111058,173
108,0,blank,0,593.95205,665.392,111058,111115,57
108,34,"\nThesumofthemaindiagonalelementsis=%d\n",237,165.0148,589.98185,111173,111344,171
108,35,"ThesumoftheOppositediagonalelemetsis=%d\n",244,269.20875,603.230766666667,111344,111517,173
108,34,"\nThesumofthemaindiagonalelementsis=%d\n",237,263.034333333333,583.100833333333,111517,111603,86
108,35,"ThesumoftheOppositediagonalelemetsis=%d\n",244,412.772985714286,613.727171428571,111633,111832,199
108,0,blank,0,506.674914285714,638.314728571429,111832,112029,197
108,38,"Thegivenorderisnotsquarematrix\n",253,491.0753,684.4924,112029,112058,29
108,0,blank,0,556.736133333333,659.212366666667,112086,112171,85
108,0,blank,0,563.049028571429,631.234842857143,112228,112426,198
108,34,"\nThesumofthemaindiagonalelementsis=%d\n",237,568.067633333333,584.674366666667,112426,112511,85
108,0,blank,0,204.269585714286,562.794414285714,112567,112765,198
108,32,i,229,271.393228571429,544.567642857143,112765,112963,198
108,0,blank,0,345.138242857143,574.625714285714,112963,113162,199
108,35,"ThesumoftheOppositediagonalelemetsis=%d\n",244,393.051828571429,607.445557142857,113162,113357,195
108,35,"ThesumoftheOppositediagonalelemetsis=%d\n",244,441.28065,605.05515,113357,113523,166
108,0,blank,0,536.0208,657.908725,113551,113663,112
108,0,blank,0,609.37326,663.25256,113691,113828,137
108,0,blank,0,597.74415,630.430483333333,113884,114057,173
108,0,blank,0,585.327785714286,655.618671428571,114057,114256,199
108,0,blank,0,595.321271428572,661.252585714286,114256,114454,198
108,0,blank,0,610.480985714286,669.765185714286,114454,114652,198
108,31,sum,208,200.566114285714,516.193014285714,114709,114908,199
108,0,blank,0,155.753471428571,540.848242857143,114908,115107,199
108,0,blank,0,195.6619,543.04485,115107,115278,171
108,0,blank,0,176.1875,557.10085,115278,115449,171
108,0,blank,0,177.21955,529.6052,115449,115507,58
108,0,blank,0,197.283066666667,563.019766666667,115563,115735,172
108,0,blank,0,214.26615,517.78545,115735,115791,56
108,0,blank,0,205.5768,649.41635,115820,115876,56
108,0,blank,0,206.337071428571,567.364071428571,115905,116100,195
108,0,blank,0,225.565242857143,560.184114285714,116100,116295,195
108,31,array,210,244.247233333333,524.9996,116295,116378,83
108,32,array,222,244.691214285714,543.995328571429,116406,116603,197
108,32,[,226,258.312814285714,553.0317,116603,116799,196
108,32,array,222,233.0716,543.337157142857,116799,116996,197
108,0,blank,0,257.822071428571,532.923471428571,116996,117195,199
108,0,blank,0,262.118885714286,557.966328571429,117195,117392,197
108,34,"\nThesumofthemaindiagonalelementsis=%d\n",237,257.9009,583.7416,117392,117504,112
108,32,i,229,268.215571428571,548.699457142857,117532,117728,196
108,31,i,215,341.765333333333,519.665033333333,117728,117812,84
108,34,"\nThesumofthemaindiagonalelementsis=%d\n",237,285.303728571429,585.657457142857,117840,118035,195
108,32,[,226,288.4837,546.230266666667,118035,118118,83
108,0,blank,0,245.186466666667,653.997466666667,118146,118228,82
108,0,blank,0,262.009871428571,626.998157142857,118255,118450,195
108,0,blank,0,300.082,567.0656,118477,118505,28
108,0,blank,0,263.058733333333,660.718766666667,118532,118617,85
108,0,blank,0,294.4226,637.173766666667,118643,118729,86
108,35,"ThesumoftheOppositediagonalelemetsis=%d\n",244,311.433428571429,611.3086,118815,119007,192
108,0,blank,0,165.86875,743.7019,119088,119142,54
108,0,blank,0,310.37398,664.36876,119196,119340,144
108,34,"\nThesumofthemaindiagonalelementsis=%d\n",237,326.092528571429,585.560685714286,119368,119563,195
108,0,blank,0,329.6249,570.3816,119563,119649,86
108,0,blank,0,159.484071428571,622.812071428571,119704,119897,193
108,35,"ThesumoftheOppositediagonalelemetsis=%d\n",244,210.4883,610.64445,119925,119979,54
108,34,"\nThesumofthemaindiagonalelementsis=%d\n",237,198.1652,579.18685,120007,120119,112
108,0,blank,0,-323,-105,120147,120300,153
108,34,"\nThesumofthemaindiagonalelementsis=%d\n",237,281.505,580.6368,120335,120383,48
108,32,array,222,244.397257142857,535.819871428571,120474,120664,190
108,35,"ThesumoftheOppositediagonalelemetsis=%d\n",244,216.95,601.0326,120664,120692,28
108,31,array,210,271.283585714286,530.66,120720,120919,199
108,34,"\nThesumofthemaindiagonalelementsis=%d\n",237,172.5128,584.3415,120919,120945,26
108,0,blank,0,204.406614285714,576.664185714286,121000,121196,196
108,31,array,210,243.404342857143,517.722357142857,121196,121394,198
108,0,blank,0,251.63038,494.19248,121394,121535,141
108,32,array,222,231.990042857143,548.383771428571,121591,121786,195
108,32,[,226,289.181357142857,537.942957142857,121786,121984,198
108,0,blank,0,283.022971428571,499.434157142857,121984,122183,199
108,0,blank,0,247.66765,505.30995,122183,122355,172
108,0,blank,0,242.81675,499.148433333333,122355,122528,173
108,0,blank,0,248.169983333333,451.5672,122528,122699,171
108,0,blank,0,193.3235,486.894716666667,122699,122870,171
108,0,blank,0,177.620766666667,463.096016666667,122870,123043,173
108,0,blank,0,175.076683333333,464.526216666667,123043,123215,172
108,0,blank,0,162.123883333333,496.6193,123215,123388,173
108,0,blank,0,141.18655,502.3433,123388,123445,57
108,29,0,196,182.357466666667,481.257233333333,123474,123667,193
108,0,blank,0,207.3493,461.65685,123667,123848,181
108,0,blank,0,218.71904,469.72716,123848,124021,173
108,0,blank,0,254.074725,438.903225,124021,124136,115
108,0,blank,0,195.97695,489.435933333333,124165,124346,181
108,0,blank,0,264.6621,490.366433333333,124346,124521,175
108,0,blank,0,250.890316666667,511.240516666667,124521,124694,173
108,0,blank,0,261.74635,509.43285,124694,124869,175
108,0,blank,0,252.8015,508.7005,124869,125041,172
108,31,array,210,252.009133333333,513.1581,125041,125214,173
108,31,array,210,251.0682,517.3939,125214,125242,28
108,0,blank,0,262.5237,509.305533333333,125299,125483,184
108,0,blank,0,256.73275,509.159633333333,125483,125655,172
108,31,array,210,261.75545,526.13415,125655,125829,174
108,0,blank,0,275.300966666667,563.581083333333,125829,126001,172
108,0,blank,0,251.415433333333,565.738933333333,126001,126175,174
108,0,blank,0,247.9792,496.8178,126175,126233,58
108,0,blank,0,243.81725,533.810883333333,126262,126437,175
108,0,blank,0,252.90285,567.0749,126437,126496,59
108,0,blank,0,239.6158,525.53465,126525,126701,176
108,32,array,222,233.748883333333,535.557633333333,126701,126877,176
108,0,blank,0,242.37765,533.052416666667,126877,127053,176
108,32,i,229,265.702883333333,541.647483333333,127053,127227,174
108,0,blank,0,277.672066666667,533.082216666667,127227,127402,175
108,32,i,229,269.2522,544.429133333333,127402,127577,175
108,0,blank,0,330.57645,553.459666666667,127577,127752,175
108,0,blank,0,331.402,541.663733333333,127752,127927,175
108,0,blank,0,352.0291,520.523766666667,127927,128013,86
108,0,blank,0,156.132983333333,507.549583333333,128042,128216,174
108,0,blank,0,158.363716666667,504.492,128216,128391,175
108,32,+,221,192.168383333333,540.1166,128391,128563,172
108,32,array,222,251.6242,550.077566666667,128563,128738,175
108,32,array,222,221.5426,553.543566666667,128738,128912,174
108,32,array,222,228.098683333333,549.528,128912,129086,174
108,0,blank,0,228.532383333333,555.500633333333,129086,129259,173
108,0,blank,0,220.136133333333,555.408933333333,129259,129439,180
108,32,array,222,214.978,549.376483333333,129439,129614,175
108,32,array,222,214.045266666667,543.2936,129643,129818,175
108,32,array,222,214.546733333333,550.66655,129818,129995,177
108,35,"ThesumoftheOppositediagonalelemetsis=%d\n",244,202.64565,610.97415,129995,130053,58
108,32,array,222,212.915366666667,539.905783333333,130083,130259,176
108,32,array,222,212.645366666667,534.699066666667,130259,130435,176
108,0,blank,0,197.443916666667,559.921533333333,130465,130642,177
108,32,array,222,209.956833333333,535.00735,130642,130821,179
108,0,blank,0,200.569016666667,552.004733333333,130821,130997,176
108,32,array,222,209.078766666667,550.060166666667,130997,131173,176
108,32,array,222,217.713016666667,551.666066666667,131173,131348,175
108,31,i,215,312.0438,519.6274,131348,131377,29
108,32,m,227,294.68885,552.69815,131407,131581,174
108,34,"\nThesumofthemaindiagonalelementsis=%d\n",237,287.245316666667,581.059816666667,131581,131755,174
108,0,blank,0,295.43975,570.654133333333,131755,131930,175
108,32,[,226,291.194066666667,549.636366666667,131930,132105,175
108,32,[,226,285.316866666667,538.881,132105,132280,175
108,0,blank,0,258.7048,576.0896,132280,132309,29
108,32,=,219,144.316133333333,543.923033333333,132339,132517,178
108,32,a,220,133.85532,545.28488,132517,132665,148
108,0,blank,0,-323,-105,132695,132876,181
108,0,blank,0,210.6639,508.8185,132902,132928,26
108,0,blank,0,239.293914285714,598.757028571428,132976,133172,196
108,0,blank,0,254.9533,567.489516666667,133172,133350,178
108,34,"\nThesumofthemaindiagonalelementsis=%d\n",237,262.946983333333,578.84385,133350,133524,174
108,32,i,229,271.243814285714,545.5433,133524,133722,198
108,0,blank,0,254.468542857143,568.905528571429,133722,133920,198
108,31,],216,314.62175,521.081533333333,133920,134093,173
108,0,blank,0,306.106666666667,548.16915,134093,134266,173
108,32,-,230,314.659316666667,537.2277,134266,134442,176
108,0,blank,0,296.83805,572.755316666667,134442,134617,175
108,34,"\nThesumofthemaindiagonalelementsis=%d\n",237,304.8729,596.09145,134617,134792,175
108,0,blank,0,281.580233333333,631.2377,134792,134965,173
108,0,blank,0,291.7601,644.5747,134965,134994,29
108,34,"\nThesumofthemaindiagonalelementsis=%d\n",237,189.5634,594.962116666667,135023,135197,174
108,35,"ThesumoftheOppositediagonalelemetsis=%d\n",244,230.652533333333,599.584,135197,135372,175
108,34,"\nThesumofthemaindiagonalelementsis=%d\n",237,220.47705,596.407683333333,135372,135549,177
108,0,blank,0,219.1923,637.3898,135549,135578,29
108,0,blank,0,234.568383333333,566.942883333333,135608,135782,174
108,34,"\nThesumofthemaindiagonalelementsis=%d\n",237,240.26085,580.6884,135782,135958,176
108,35,"ThesumoftheOppositediagonalelemetsis=%d\n",244,214.88435,606.831533333333,135958,136135,177
108,34,"\nThesumofthemaindiagonalelementsis=%d\n",237,285.901516666667,588.108366666667,136135,136312,177
108,35,"ThesumoftheOppositediagonalelemetsis=%d\n",244,290.57795,614.73365,136312,136371,59
108,0,blank,0,136.4599,533.930233333333,136400,136578,178
108,21,(,145,128.558716666667,295.465366666667,136608,136788,180
108,21,(,145,132.8371,296.16125,136788,136850,62
108,0,blank,0,211.499266666667,171.860533333333,136880,137059,179
108,0,blank,0,250.541475,145.864675,137059,137183,124
108,0,blank,0,212.93595,202.71065,137212,137329,117
108,0,blank,0,249.8214,196.2274,137387,137416,29
108,0,blank,0,137.486783333333,256.23745,137445,137625,180
108,0,blank,0,147.864866666667,241.217966666667,137625,137799,174
108,0,blank,0,167.095683333333,256.036066666667,137799,137976,177
108,0,blank,0,222.219266666667,247.0187,137976,138152,176
108,0,blank,0,298.991716666667,260.155333333333,138152,138327,175
108,17,array,128,335.4796,203.6647,138327,138356,29
108,21,),156,307.8385,293.0339,138386,138414,28
108,0,blank,0,361.0264,268.9897,138442,138499,57
108,0,blank,0,394.927475,299.85755,138560,138680,120
108,20,"Thegivenmatrixis\n",141,287.05402,269.69718,138764,138931,167
108,21,++,154,273.430916666667,299.384583333333,138984,139156,172
108,27,;,190,244.56805,427.31045,139185,139248,63
108,0,blank,0,237.8826,332.4974,139276,139304,28
108,25,printf,172,219.056233333333,392.292866666667,139332,139510,178
108,21,++,154,292.3282,292.8986,139593,139626,33
108,0,blank,0,191.205733333333,464.71885,139658,139832,174
108,0,blank,0,186.0744,373.5323,139864,139892,28
108,0,blank,0,206.1555,415.572,139921,139948,27
108,29,i,203,212.87215,468.3237,140008,140067,59
108,0,blank,0,250.5975,313.0018,140095,140126,31
108,0,blank,0,254.8795,378.7699,140208,140242,34
108,0,blank,0,-323,-105,140357,140511,154
108,0,blank,0,307.70465,427.01535,140621,140697,76
108,31,array,210,269.617466666667,529.314466666667,140817,140904,87
108,0,blank,0,236.25815,405.35815,140933,140991,58
108,31,+,209,231.4436,530.1019,141020,141106,86
108,25,array,176,342.9145,387.4721,141244,141273,29
108,32,[,226,259.6641,536.2609,141383,141497,114
108,0,blank,0,235.09404,367.41668,141616,141763,147
108,21,m,152,243.2326,298.0114,141820,141847,27
108,31,array,210,255.995325,512.47765,141876,141989,113
108,29,m,200,251.34265,475.126183333333,142018,142193,175
108,0,blank,0,239.507116666667,483.234416666667,142193,142369,176
108,0,blank,0,218.614466666667,457.731283333333,142369,142545,176
108,29,i,203,206.098814285714,472.700614285714,142545,142744,199
108,0,blank,0,192.222857142857,464.719828571428,142744,142943,199
108,0,blank,0,229.4707,411.5683,142943,142971,28
108,0,blank,0,146.924666666667,467.071816666667,143000,143173,173
108,29,i,203,136.507242857143,475.488,143173,143372,199
108,29,(,193,132.872985714286,469.525328571429,143372,143570,198
108,0,blank,0,128.93055,501.4351,143570,143627,57
108,32,=,219,150.530833333333,542.378116666667,143656,143827,171
108,31,sum,208,132.362533333333,529.347933333333,143855,143986,131
108,27,printf,186,132.291,428.6791,144178,144267,89
108,0,blank,0,122.990166666667,516.324433333333,144308,144393,85
108,32,+,221,191.8792,551.09155,144422,144534,112
108,0,blank,0,201.701057142857,576.741257142857,144562,144761,199
108,0,blank,0,202.043371428571,548.139228571429,144761,144956,195
108,31,sum,208,198.675542857143,522.325514285714,144956,145149,193
108,31,sum,208,213.6821,515.286271428571,145149,145344,195
108,31,sum,208,202.564942857143,523.151757142857,145372,145567,195
108,0,blank,0,191.6206,451.217833333333,145567,145651,84
108,29,0,196,177.315133333333,476.663033333333,145706,145791,85
108,0,blank,0,180.8748,458.070433333333,145848,145933,85
108,0,blank,0,182.934083333333,414.823316666667,145961,146132,171
108,0,blank,0,183.647983333333,455.7784,146162,146334,172
108,0,blank,0,163.66725,461.240183333333,146334,146506,172
108,0,blank,0,185.234671428571,447.760357142857,146506,146704,198
108,0,blank,0,195.498566666667,444.022266666667,146704,146883,179
108,0,blank,0,172.767133333333,491.76,146883,147057,174
108,0,blank,0,208.391233333333,452.0527,147057,147230,173
108,0,blank,0,234.768466666667,464.106683333333,147230,147405,175
108,0,blank,0,238.9171,470.58375,147405,147583,178
108,0,blank,0,230.211216666667,459.22435,147583,147759,176
108,27,),189,236.465983333333,443.838,147759,147939,180
108,0,blank,0,227.02255,466.553216666667,147939,148115,176
108,0,blank,0,221.025733333333,468.270766666667,148115,148295,180
108,0,blank,0,230.65795,464.68115,148295,148354,59
108,29,<,199,231.1756,474.945416666667,148384,148562,178
108,0,blank,0,235.586116666667,467.7997,148562,148739,177
108,0,blank,0,236.3724,473.039466666667,148739,148915,176
108,0,blank,0,234.48845,461.016016666667,148915,149092,177
108,29,<,199,228.5896,480.597425,149092,149216,124
108,0,blank,0,887,470.30075,149276,149452,176
108,0,blank,0,927.17,469.8416,149452,149480,28
108,0,blank,0,898.655,396.2859,149539,149598,59
108,0,blank,0,958.592833333333,368.733766666667,149627,149801,174
108,0,blank,0,955.6195,328.29415,149801,149860,59
108,0,blank,0,279.581683333333,498.830483333333,149917,150096,179
108,27,;,190,245.9026,443.7953,150125,150155,30
108,29,++,202,274.611583333333,482.734466666667,150184,150360,176
108,0,blank,0,245.203816666667,507.690316666667,150360,150533,173
108,31,array,210,289.234114285714,514.261371428571,150533,150732,199
108,0,blank,0,277.69245,497.192033333333,150732,150907,175
108,31,array,210,244.4206,522.4672,150907,150992,85
108,32,array,222,235.4134,548.335166666667,151049,151225,176
108,34,"\nThesumofthemaindiagonalelementsis=%d\n",237,242.70124,584.73422,151225,151368,143
108,32,array,222,211.893266666667,549.959516666667,151396,151564,168
108,35,"ThesumoftheOppositediagonalelemetsis=%d\n",244,347.048157142857,608.021214285714,151593,151789,196
108,0,blank,0,364.61605,630.053,151818,151930,112
108,32,-,230,320.15935,550.142866666667,151959,152128,169
108,31,i,215,311.0282,524.696566666667,152182,152357,175
108,31,i,215,304.477114285714,520.616042857143,152357,152555,198
108,31,i,215,307.992933333333,525.864383333333,152555,152727,172
108,0,blank,0,304.09846,535.54198,152727,152869,142
108,0,blank,0,290.50382,504.4796,152897,153048,151
108,32,array,222,226.285483333333,552.498066666667,153103,153276,173
108,32,array,222,220.763075,534.115675,153276,153390,114
108,0,blank,0,223.188433333333,564.638983333333,153419,153613,194
108,0,blank,0,228.20195,558.55315,153613,153729,116
108,29,0,196,180.7796,476.7162,153757,153786,29
108,32,array,222,220.1258,549.2682,153815,153988,173
108,0,blank,0,255.82775,560.51045,153988,154102,114
108,0,blank,0,214.2507,484.0098,154131,154188,57
108,32,array,222,230.7519,549.9069,154213,154239,26
108,32,array,222,204.84015,539.57575,154297,154354,57
108,31,+,209,227.758266666667,519.937133333333,154412,154586,174
108,0,blank,0,221.51435,504.443066666667,154586,154761,175
108,0,blank,0,213.872083333333,508.646633333333,154761,154935,174
108,31,sum,208,192.017566666667,514.384366666667,154935,155023,88
108,0,blank,0,-323,-105,155052,155208,156
108,32,array,222,214.166485714286,536.954842857143,155314,155505,191
108,32,[,226,259.681466666667,544.4617,155505,155684,179
108,32,i,229,269.505475,547.76295,155684,155802,118
108,34,"\nThesumofthemaindiagonalelementsis=%d\n",237,276.664183333333,580.543266666667,155832,156008,176
108,0,blank,0,278.065933333333,565.426616666667,156008,156181,173
108,31,i,215,304.681883333333,519.8473,156181,156352,171
108,0,blank,0,300.418133333333,563.174,156352,156524,172
108,0,blank,0,296.504783333333,561.61255,156524,156700,176
108,34,"\nThesumofthemaindiagonalelementsis=%d\n",237,285.84815,584.726925,156700,156817,117
108,34,"\nThesumofthemaindiagonalelementsis=%d\n",237,295.83555,581.08055,156846,157024,178
108,34,"\nThesumofthemaindiagonalelementsis=%d\n",237,305.02518,578.80036,157024,157172,148
108,35,"ThesumoftheOppositediagonalelemetsis=%d\n",244,276.695166666667,614.21625,157201,157373,172
108,35,"ThesumoftheOppositediagonalelemetsis=%d\n",244,267.414583333333,615.020366666667,157373,157552,179
108,35,"ThesumoftheOppositediagonalelemetsis=%d\n",244,288.4883,605.906483333333,157552,157731,179
108,35,"ThesumoftheOppositediagonalelemetsis=%d\n",244,261.047483333333,602.4058,157731,157911,180
108,34,"\nThesumofthemaindiagonalelementsis=%d\n",237,264.486733333333,594.1706,157911,158089,178
108,0,blank,0,241.22684,566.04598,158089,158238,149
108,32,array,222,241.807733333333,538.202666666667,158267,158357,90
108,34,"\nThesumofthemaindiagonalelementsis=%d\n",237,252.60695,594.078316666667,158386,158570,184
108,34,"\nThesumofthemaindiagonalelementsis=%d\n",237,269.207433333333,591.42755,158570,158756,186
108,0,blank,0,246.569066666667,625.7979,158756,158846,90
108,35,"ThesumoftheOppositediagonalelemetsis=%d\n",244,243.0678,606.22115,158906,158967,61
108,0,blank,0,270.828116666667,622.222133333333,159027,159209,182
108,34,"\nThesumofthemaindiagonalelementsis=%d\n",237,257.330833333333,589.647266666667,159209,159391,182
108,0,blank,0,317.38,598.186416666667,159513,159693,180
108,0,blank,0,303.632933333333,556.945933333333,159693,159786,93
108,0,blank,0,-323,-105,159848,160025,177
108,0,blank,0,-323,-105,160025,160191,166
108,0,blank,0,-323,-105,160191,160265,74
108,0,blank,0,-323,-105,160265,161762,1497
108,0,blank,0,-323,-105,161762,161874,112
108,34,"\nThesumofthemaindiagonalelementsis=%d\n",237,218.356766666667,580.2814,161894,162072,178
108,34,"\nThesumofthemaindiagonalelementsis=%d\n",237,213.2742,596.236033333333,162072,162250,178
108,34,"\nThesumofthemaindiagonalelementsis=%d\n",237,174.7222,593.06278,162250,162397,147
108,0,blank,0,331.424416666667,548.377,162427,162601,174
108,32,i,229,336.33945,541.050983333333,162601,162779,178
108,31,],216,317.310783333333,531.082183333333,162779,162960,181
108,32,i,229,336.224083333333,538.078983333333,162960,163140,180
108,32,i,229,334.787733333333,545.399833333333,163140,163321,181
108,0,blank,0,333.1089,556.366016666667,163321,163501,180
108,0,blank,0,326.469083333333,540.8207,163501,163680,179
108,0,blank,0,330.85955,561.367225,163680,163800,120
108,0,blank,0,324.33935,544.248483333333,163827,164005,178
108,34,"\nThesumofthemaindiagonalelementsis=%d\n",237,307.474333333333,579.15575,164005,164183,178
108,34,"\nThesumofthemaindiagonalelementsis=%d\n",237,318.10626,586.738,164183,164373,190
108,0,blank,0,331.9514,565.035,164373,164481,108
108,0,blank,0,333.623,525.8631,164481,164583,102
108,0,blank,0,398.98376,631.52068,164674,164829,155
108,0,blank,0,256.358983333333,642.456533333333,164887,165063,176
108,35,"ThesumoftheOppositediagonalelemetsis=%d\n",244,257.09878,614.62746,165063,165210,147
108,35,"ThesumoftheOppositediagonalelemetsis=%d\n",244,329.702483333333,608.982133333333,165239,165416,177
108,35,"ThesumoftheOppositediagonalelemetsis=%d\n",244,318.909016666667,600.261016666667,165416,165593,177
108,0,blank,0,284.9474,563.1563,165593,165623,30
108,34,"\nThesumofthemaindiagonalelementsis=%d\n",237,311.465433333333,597.117166666667,165652,165828,176
108,35,"ThesumoftheOppositediagonalelemetsis=%d\n",244,275.719933333333,599.356333333333,165828,166004,176
108,0,blank,0,292.748866666667,631.68625,166004,166180,176
108,0,blank,0,292.67685,655.17005,166180,166358,178
108,0,blank,0,304.077266666667,656.1011,166358,166536,178
108,0,blank,0,260.369566666667,651.150716666667,166536,166712,176
108,0,blank,0,211.664666666667,643.2176,166712,166885,173
108,0,blank,0,233.5179,657.902,166885,166942,57
108,35,"ThesumoftheOppositediagonalelemetsis=%d\n",244,276.23845,599.48545,166971,167029,58
108,35,"ThesumoftheOppositediagonalelemetsis=%d\n",244,271.61188,610.32772,167086,167230,144
108,32,],232,280.6158,548.8612,167259,167288,29
108,0,blank,0,285.576666666667,624.0816,167317,167492,175
108,0,blank,0,277.25205,623.4155,167492,167606,114
108,0,blank,0,291.98335,639.28705,167635,167693,58
108,38,"Thegivenorderisnotsquarematrix\n",253,179.31055,685.657266666667,167722,167895,173
108,38,"Thegivenorderisnotsquarematrix\n",253,254.3524,670.9982,167895,168073,178
108,0,blank,0,288.79675,659.351116666667,168073,168249,176
108,0,blank,0,347.938283333333,642.771,168249,168425,176
108,35,"ThesumoftheOppositediagonalelemetsis=%d\n",244,318.68622,604.63132,168482,168627,145
108,0,blank,0,376.10965,641.56225,168656,168714,58
108,35,"ThesumoftheOppositediagonalelemetsis=%d\n",244,371.7431,608.059666666667,168742,168916,174
108,35,"ThesumoftheOppositediagonalelemetsis=%d\n",244,470.43398,618.57458,168916,169062,146
108,0,blank,0,-323,-105,169091,169270,179
108,38,"Thegivenorderisnotsquarematrix\n",253,479.8807,677.3008,169295,169320,25
108,35,"ThesumoftheOppositediagonalelemetsis=%d\n",244,468.476014285714,602.5764,169380,169568,188
108,35,"ThesumoftheOppositediagonalelemetsis=%d\n",244,454.376585714286,609.319071428571,169568,169765,197
108,0,blank,0,513.655242857143,691.6254,169765,169962,197
108,38,"Thegivenorderisnotsquarematrix\n",253,519.586583333333,681.532,169962,170134,172
108,0,blank,0,513.220442857143,720.7456,170134,170327,193
108,0,blank,0,479.081633333333,693.94015,170327,170500,173
108,38,"Thegivenorderisnotsquarematrix\n",253,454.37602,665.45566,170500,170639,139
108,0,blank,0,480.584166666667,711.8754,170672,170853,181
108,0,blank,0,480.288625,695.1729,170853,170968,115
108,0,blank,0,471.2299,731.353,170997,171053,56
108,0,blank,0,401.161571428571,660.1249,171082,171281,199
108,38,"Thegivenorderisnotsquarematrix\n",253,457.749833333333,680.1262,171281,171365,84
108,38,"Thegivenorderisnotsquarematrix\n",253,450.51495,672.5148,171394,171452,58
108,0,blank,0,525.5151,746.4636,171481,171510,29
108,38,"Thegivenorderisnotsquarematrix\n",253,245.61635,672.91055,171570,171742,172
108,38,"Thegivenorderisnotsquarematrix\n",253,266.925883333333,677.948566666667,171742,171915,173
108,35,"ThesumoftheOppositediagonalelemetsis=%d\n",244,320.575733333333,619.827,171915,172091,176
108,0,blank,0,359.31775,598.363866666667,172091,172266,175
108,0,blank,0,399.278,622.573216666667,172266,172441,175
108,35,"ThesumoftheOppositediagonalelemetsis=%d\n",244,421.225514285714,619.970028571429,172441,172639,198
108,35,"ThesumoftheOppositediagonalelemetsis=%d\n",244,461.489414285714,605.427571428571,172639,172832,193
108,0,blank,0,486.18265,635.942425,172832,172946,114
108,0,blank,0,491.335628571429,660.503357142857,172973,173169,196
108,0,blank,0,572.792414285714,637.901714285714,173169,173365,196
108,34,"\nThesumofthemaindiagonalelementsis=%d\n",237,592.510766666667,586.68045,173365,173536,171
108,35,"ThesumoftheOppositediagonalelemetsis=%d\n",244,619.330266666667,609.922433333333,173536,173621,85
108,0,blank,0,762.315,490.794066666667,173649,173789,140
108,0,blank,0,919.564,409.8321,173901,174015,114
108,34,"\nThesumofthemaindiagonalelementsis=%d\n",237,626.5638,587.094483333333,174044,174218,174
108,0,blank,0,654.35545,563.05075,174218,174391,173
108,0,blank,0,650.071428571429,575.726085714286,174391,174590,199
108,0,blank,0,632.576666666667,564.061783333333,174590,174761,171
108,0,blank,0,609.699866666667,575.964116666667,174761,174934,173
108,0,blank,0,614.363016666667,622.87145,174934,175106,172
108,35,"ThesumoftheOppositediagonalelemetsis=%d\n",244,604.544628571429,617.848,175106,175305,199
108,35,"ThesumoftheOppositediagonalelemetsis=%d\n",244,622.189633333333,617.4539,175305,175391,86
108,0,blank,0,253.4258,652.2395,175477,175636,159
108,0,blank,0,320.3427,624.6943,175636,175693,57
108,0,blank,0,269.7737,723.15855,175719,175893,174
108,0,blank,0,290.9349,694.9139,175893,175920,27
108,0,blank,0,321.652333333333,697.282883333333,175948,176123,175
108,0,blank,0,284.836185714286,690.706042857143,176123,176320,197
108,38,"Thegivenorderisnotsquarematrix\n",253,367.16665,677.7356,176375,176547,172
108,0,blank,0,384.045885714286,655.384142857143,176547,176746,199
108,38,"Thegivenorderisnotsquarematrix\n",253,429.292266666667,675.37435,176746,176918,172
108,0,blank,0,440.970066666667,656.774283333333,176918,177090,172
108,0,blank,0,432.613066666667,649.244233333333,177090,177261,171
108,0,blank,0,356.4561,629.5851,177261,177290,29
108,0,blank,0,294.068085714286,556.519642857143,177319,177518,199
108,0,blank,0,315.5313,560.1309,177518,177549,31
108,0,blank,0,206.807683333333,351.975266666667,177576,177749,173
108,0,blank,0,229.120316666667,359.128333333333,177749,177925,176
108,23,j,169,251.0289,343.0357,177925,177954,29
108,0,blank,0,-323,-105,177984,178113,129
108,0,blank,0,246.228366666667,511.622483333333,178256,178421,165
108,0,blank,0,194.711483333333,498.404833333333,178566,178743,177
108,0,blank,0,239.665275,500.679525,178743,178855,112
108,0,blank,0,254.860216666667,500.118683333333,178913,179088,175
108,0,blank,0,248.684,489.7947,179088,179116,28
108,31,[,214,302.207657142857,529.876014285714,179143,179340,197
108,0,blank,0,289.7135,488.4796,179340,179369,29
108,0,blank,0,292.18725,497.8631,179397,179568,171
108,0,blank,0,280.07785,494.479083333333,179568,179742,174
108,0,blank,0,242.987483333333,502.545216666667,179742,179916,174
108,31,+,209,227.686633333333,528.009566666667,179916,180092,176
108,29,;,201,191.3887,472.1172,180092,180121,29
108,0,blank,0,292.028416666667,499.988533333333,180151,180326,175
108,0,blank,0,284.979475,506.58685,180326,180444,118
108,0,blank,0,353.29138,506.0241,180473,180621,148
108,0,blank,0,222.732466666667,41.1014,180650,180827,177
108,0,blank,0,226.32725,67.28115,180827,180885,58
108,12,"Entertheco-efficientofthematrix\n",92,227.21458,109.90346,180915,181061,146
108,0,blank,0,139.6133,91.5172666666667,181091,181178,87
108,9,"%d%d",74,168.95995,47.9101,181208,181267,59
108,0,blank,0,228.184933333333,52.5013833333333,181293,181468,175
108,8,"Entertheorderofthematrix\n",69,227.77735,7.919,181468,181528,60
108,10,==,86,120.158883333333,58.03625,181557,181728,171
108,0,blank,0,108.0412,72.1584333333333,181728,181900,172
108,9,"%d%d",74,143.00056,41.46494,181900,182042,142
109,0,blank,0,34.50792,70.22538,183565,183713,148
109,6,int,41,136.459383333333,124.969166666667,183743,183922,179
109,7,j,53,119.817416666667,139.327416666667,183922,184101,179
109,0,blank,0,105.5686,132.072083333333,184101,184281,180
109,7,comma,62,128.658,137.482766666667,184281,184372,91
109,7,a,59,205.9411,146.86745,184402,184578,176
109,0,blank,0,264.359225,149.65015,184607,184759,152
109,7,sum,63,274.2012,144.6509,184759,184866,107
109,0,blank,0,871.1906,207.53832,185091,185240,149
109,0,blank,0,889.9718,196.2608,185295,185438,143
109,0,blank,0,304.688533333333,143.454416666667,185523,185693,170
109,0,blank,0,234.1771,143.880583333333,185720,185896,176
109,0,blank,0,219.1929,215.9406,185896,185925,29
109,21,;,153,256.35935,456.0737,185954,186015,61
109,0,blank,0,277.199283333333,609.309916666667,186045,186221,176
109,0,blank,0,278.8286,575.3422,186221,186339,118
110,31,array,210,273.740083333333,530.522966666667,186577,186756,179
110,31,array,210,275.753316666667,520.834616666667,186756,186935,179
110,31,array,210,264.615566666667,528.382766666667,186935,187111,176
110,0,blank,0,275.389566666667,686.2848,187140,187321,181
110,35,"ThesumoftheOppositediagonalelemetsis=%d\n",244,245.139733333333,606.112866666667,187321,187499,178
110,34,"\nThesumofthemaindiagonalelementsis=%d\n",237,527.449583333333,585.642683333333,187528,187704,176
110,34,"\nThesumofthemaindiagonalelementsis=%d\n",237,527.1753,577.23515,187704,187765,61
110,0,blank,0,650.547533333333,572.05705,187796,187972,176
110,0,blank,0,664.471116666667,569.851283333333,187972,188149,177
110,34,sum,239,693.576,579.7341,188149,188209,60
110,38,"Thegivenorderisnotsquarematrix\n",253,402.222516666667,668.1394,188238,188416,178
110,0,blank,0,489.592083333333,688.308183333333,188416,188597,181
110,0,blank,0,194.59845,660.94685,188626,188803,177
110,38,"Thegivenorderisnotsquarematrix\n",253,216.9798,680.18806,188803,188954,151
110,0,blank,0,567.1918,736.080266666667,189016,189199,183
110,0,blank,0,613.31172,771.16274,189199,189378,179
110,0,blank,0,636.3651,787.2844,189440,189501,61
110,0,blank,0,-323,-105,189587,189778,191
110,0,blank,0,-323,-105,189778,189942,164
110,0,blank,0,-323,-105,189942,190009,67
110,0,blank,0,-323,-105,190009,190142,133
110,0,blank,0,-323,-105,190142,190337,195
110,0,blank,0,-323,-105,190337,190527,190
110,0,blank,0,-323,-105,190527,190693,166
110,0,blank,0,493.902,531.33922,190733,190902,169
110,0,blank,0,503.362266666667,535.153083333333,190902,191096,194
110,0,blank,0,510.6137,534.0657,191096,191161,65
