Frameno_fix,lineno_fix,Tokenname_fix,tokens_id,gaze_X_fix,gaze_Y_fix,timestamp_fix_start,timestamp_fix_end,time_duration
100,0,blank,0,162.1330833,-66.93041667,3689,3880,191
100,0,blank,0,170.9311667,-69.86443333,3880,3976,96
100,52,],297,350.0896333,99.03,4040,4229,189
100,20,int,120,351.12175,97.29545,4229,4293,64
100,0,blank,0,596.99965,-32.75048333,4357,4548,191
100,0,blank,0,569.31285,-33.52586667,4548,4735,187
100,0,blank,0,547.9984333,-20.91566667,4735,4924,189
100,0,blank,0,544.80845,-2.975225,4924,5050,126
100,0,blank,0,385.41725,3.365516667,5082,5274,192
100,1,the,7,255.8415,3.814266667,5274,5465,191
100,1,replace,6,179.5821667,1.928633333,5465,5658,193
100,1,replace,6,181.73196,9.70486,5658,5841,183
100,0,blank,0,274.6058333,-22.42083333,5841,6038,197
100,0,blank,0,366.84935,-27.32705,6038,6227,189
100,0,blank,0,391.1651,-35.24826667,6227,6323,96
100,0,blank,0,-323,-105,6416,6579,163
100,0,blank,0,-323,-105,6579,6748,169
100,0,blank,0,-323,-105,6748,6922,174
100,0,blank,0,-323,-105,6922,7109,187
100,0,blank,0,-323,-105,7109,7281,172
100,0,blank,0,-323,-105,7281,7480,199
100,0,blank,0,-323,-105,7480,7657,177
100,0,blank,0,-323,-105,7657,7845,188
100,0,blank,0,-323,-105,7845,8039,194
100,0,blank,0,-323,-105,8039,8232,193
100,0,blank,0,-323,-105,8232,8414,182
100,0,blank,0,-323,-105,8414,8593,179
100,0,blank,0,-323,-105,8593,8866,273
100,0,blank,0,-323,-105,8866,9121,255
100,0,blank,0,-323,-105,9121,9294,173
100,0,blank,0,-323,-105,9294,9446,152
100,0,blank,0,-323,-105,9446,9603,157
100,0,blank,0,-323,-105,9603,9787,184
100,0,blank,0,-323,-105,9787,9957,170
100,0,blank,0,-323,-105,9957,10045,88
100,0,blank,0,-323,-105,10045,10164,119
100,0,blank,0,-323,-105,10164,10465,301
100,0,blank,0,-323,-105,10465,10628,163
100,0,blank,0,-323,-105,10628,10666,38
100,1,program,4,111.8274,13.4453,10730,10900,170
100,1,program,4,121.4157,0.25692,10900,11070,170
100,1,program,4,117.20544,3.6815,11070,11238,168
100,0,blank,0,128.05135,-1.746633333,11238,11436,198
100,0,blank,0,176.8329167,-1.202016667,11436,11634,198
100,1,replace,6,202.4723333,18.42308333,11634,11829,195
100,54,<,307,202.60278,34.17966,11829,11993,164
100,37,char,219,292.36705,34.7879,11993,12152,159
100,37,ins,220,355.7337,43.9134,12541,12579,38
100,0,blank,0,-323,-105,12677,12844,167
100,54,i,311,329.18855,32.6071,12879,13035,156
100,3,char,30,339.7243,47.9892,13035,13220,185
100,40,0,240,311.334625,106.887225,13220,13406,186
100,6,!=,43,127.44595,117.5073,13454,13644,190
100,3,const,29,109.486675,66.803875,13644,13835,191
100,47,text_len,263,171.1584,61.60615,13835,13925,90
100,1,given,11,421.77848,23.48112,13966,14140,174
100,37,index,225,461.3884833,37.57448333,14140,14330,190
100,37,index,225,466.7999,40.491525,14330,14458,128
100,0,blank,0,349.90935,26.31256667,14490,14682,192
100,54,i,311,331.9655,27.84608333,14682,14872,190
100,1,words,8,313.5910833,23.96013333,14872,15061,189
100,1,given,11,435.2687167,16.71026667,15061,15253,192
100,0,blank,0,431.6271333,25.38155,15253,15445,192
100,0,blank,0,354.7231167,27.07261667,15445,15635,190
100,56,index,316,200.55095,79.95085,15635,15831,196
100,56,index,316,153.51696,88.1829,15831,16002,171
100,56,text,314,115.69894,77.78656,16002,16166,164
100,3,text,25,174.80748,66.5445,16166,16364,198
100,56,index,316,175.0467,87.83553333,16364,16462,98
100,0,blank,0,-323,-105,16495,16602,107
100,56,index,316,183.3107,91.4305,16628,16654,26
100,56,index,316,167.4124,89.87915,16723,16917,194
100,56,index,316,161.11772,79.6551,16917,17084,167
100,56,index,316,159.7915,73.304,17084,17251,167
100,0,blank,0,131.92106,70.64914,17251,17419,168
100,56,[,322,135.3489333,72.45895,17419,17617,198
100,40,ins_len,237,173.4611,99.60936667,17617,17816,199
100,40,ins_len,237,173.1612,104.8412,17816,17983,167
100,52,text,292,185.2410667,98.35825,17983,18180,197
100,40,ins_len,237,225.2532833,104.9799833,18180,18378,198
100,56,index,316,190.9928,90.46476,18378,18547,169
100,20,int,120,258.21526,90.8337,18547,18714,167
100,20,int,120,258.5074833,94.02111667,18714,18913,199
100,56,=,320,267.7549,90.85334,18913,19082,169
100,20,index,118,277.82804,95.61672,19082,19249,167
100,56,ins,321,294.8859,89.0894,19249,19405,156
100,40,0,240,303.6127,99.5416,19405,19526,121
100,56,ins,321,296.7188,89.9232,19526,19623,97
100,20,int,120,339.9206,94.24236667,19623,19815,192
100,20,int,120,340.09522,93.84046,19815,19984,169
100,50,text_len,273,333.03748,100.21538,19984,20152,168
100,52,;,298,358.80995,99.91651667,20152,20351,199
100,20,int,120,360.3046,92.29171667,20351,20550,199
100,50,text_len,273,359.90052,103.48568,20550,20716,166
100,20,int,120,344.2296,96.37514,20716,20883,167
100,20,int,120,352.9395667,89.93693333,20883,21079,196
100,20,int,120,358.3175833,84.53226667,21079,21275,196
100,20,int,120,352.4599333,96.74981667,21275,21471,196
100,50,text_len,273,349.2334167,101.9643,21471,21666,195
100,20,rm_length,121,375.3488667,97.77221667,21666,21864,198
100,50,text_len,273,399.3411167,104.5516667,21864,22061,197
100,50,text_len,273,378.9886333,101.9601167,22061,22259,198
100,50,text_len,273,343.0247,104.725,22259,22292,33
100,6,text,46,187.0907667,120.5987167,22325,22519,194
100,59,char,343,157.57308,140.72424,22519,22687,168
100,20,text,113,164.0512667,134.7306333,22687,22883,196
100,59,char,343,164.6790833,141.8728333,22883,23078,195
100,59,char,343,167.0528667,137.2279833,23078,23274,196
100,5,;,40,127.9780667,93.62606667,23274,23469,195
100,56,[,322,141.4646167,88.1447,23469,23661,192
100,20,[,114,184.42405,95.2958,23661,23853,192
100,20,text,113,167.0086333,93.5355,23853,24048,195
100,56,index,316,159.00325,74.2109,24048,24244,196
100,0,blank,0,157.6239667,12.60488333,24244,24436,192
100,0,blank,0,154.8799167,1.5577,24436,24630,194
100,2,h,18,169.3389667,41.73201667,24630,24825,195
100,59,text,332,217.59368,153.64004,24825,24992,167
100,23,index,135,251.74896,162.77398,24992,25159,167
100,23,++,137,290.07632,160.9272,25159,25325,166
100,23,++,137,297.8868667,158.6970833,25325,25523,198
100,59,const,342,281.4148,157.05375,25523,25721,198
100,23,i,138,180.2824667,146.73595,25721,25919,198
100,59,char,343,163.35664,143.14398,25919,26085,166
100,1,to,5,134.5322167,20.44166667,26117,26310,193
100,56,text,314,117.49,72.13248333,26310,26506,196
100,25,return,149,172.3905333,548.2414333,26573,26770,197
100,34,i,194,111.4162333,443.39195,26770,26962,192
100,35,while,198,90.9961,414.1312333,26962,27157,195
100,0,blank,0,117.7757333,352.3806167,27157,27350,193
100,0,blank,0,942.7993333,160.2306,27415,27609,194
100,0,blank,0,930.654,166.6134,27609,27641,32
100,0,blank,0,-323,-105,27811,28003,192
100,0,blank,0,-323,-105,28003,28202,199
100,0,blank,0,-323,-105,28202,28365,163
100,0,blank,0,-323,-105,28365,28545,180
100,0,blank,0,-323,-105,28545,28704,159
100,0,blank,0,-323,-105,28704,28869,165
100,2,stdio,16,109.7771,28.0685,29033,29208,175
100,0,blank,0,-323,-105,29404,29513,109
100,0,blank,0,972.7118333,57.78563333,29731,29929,198
100,0,blank,0,994.1096,41.16558,29929,30099,170
100,0,blank,0,1001.7554,13.22008,30099,30266,167
100,0,blank,0,1002.386,10.68262,30266,30434,168
100,0,blank,0,998.107,16.15716,30434,30605,171
101,70,iS,394,87.25912,391.81878,31228,31405,177
101,0,blank,0,76.05478,472.07872,31405,31578,173
101,73,main,406,56.00641667,463.0349167,31578,31777,199
101,37,void,210,38.8149,462.5461333,31777,31972,195
101,75,char,411,63.3507,490.1448167,31972,32170,198
101,75,char,411,58.10408,503.70478,32170,32344,174
101,37,iS,211,35.39114,501.66968,32344,32514,170
101,37,iS,211,30.30405,503.535,32514,32582,68
101,0,blank,0,220.3362667,474.4964333,32616,32813,197
101,70,s2,398,189.4720667,490.3497167,32813,33006,193
101,70,s2,398,187.6616333,493.9224833,33006,33201,195
101,70,s2,398,184.55046,484.97522,33201,33367,166
101,75,[,413,161.81132,502.58254,33367,33545,178
101,75,text1,412,129.23328,496.67398,33545,33726,181
101,75,text1,412,127.11472,499.87902,33726,33901,175
101,75,text1,412,112.57404,494.44354,33901,34075,174
101,70,iS,394,84.80702,495.08328,34075,34244,169
101,75,text1,412,105.85658,496.2028,34244,34415,171
101,75,text1,412,113.8511,496.88902,34415,34585,170
101,0,blank,0,-323,-105,34618,34704,86
101,0,blank,0,79.8433,476.2448,34744,34830,86
101,75,text1,412,108.9922833,496.9615333,34900,35091,191
101,75,text1,412,123.64866,495.2082,35091,35258,167
101,70,s2,398,184.6871,487.08424,35258,35426,168
101,69,text,387,205.14112,479.50256,35426,35594,168
101,75,[,413,161.14675,490.3502,35594,35792,198
101,75,text1,412,111.0841667,498.7646667,35792,35991,199
101,75,text1,412,105.39426,493.2732,35991,36158,167
101,70,iS,394,93.20506,489.28284,36158,36328,170
101,70,iS,394,94.33133333,485.3067333,36328,36428,100
101,70,comma,399,219.0753167,476.6516333,36461,36660,199
101,69,text,387,202.63648,476.47694,36660,36829,169
101,69,text,387,203.3921167,480.4329667,36829,37028,199
101,69,text,387,213.6057833,478.6226,37028,37224,196
101,37,const,218,223.4287833,470.6414667,37224,37417,193
101,70,comma,399,215.4896333,475.9966,37417,37611,194
101,70,index,400,235.2591,476.4283833,37611,37808,197
101,69,rm_length,391,203.3848333,489.3088333,37808,38006,198
101,76,text1:%s\n\n,421,143.7502167,515.39795,38006,38204,198
101,69,rm_length,391,204.7918,497.2883,38204,38399,195
101,69,rm_length,391,209.17532,488.01202,38399,38566,167
101,69,text,387,212.2708333,481.6542833,38566,38765,199
101,37,const,218,240.6281833,469.2749,38765,38960,195
101,75,iitkgp,417,233.3167333,492.4183,38960,39152,192
101,77,"replaceString(text1,\kgp\""",428,201.5279833,543.7785,39152,39342,190
101,77,"replaceString(text1,\kgp\""",428,228.6192833,539.4782333,39342,39537,195
101,77,"replaceString(text1,\kgp\""",428,239.34845,535.23535,39537,39602,65
101,24,if,140,104.647175,529.716925,39634,39785,151
101,76,printf,419,86.4528,525.7491,39785,39966,181
101,76,printf,419,51.7656,520.10435,39966,40148,182
101,59,void,328,35.99762,517.54642,40148,40319,171
101,76,printf,419,72.02708333,513.7266833,40319,40513,194
101,75,text1,412,133.2406833,506.5042333,40513,40711,198
101,75,text1,412,130.8193333,508.3281667,40711,40907,196
101,76,text1:%s\n\n,421,169.691,512.3277,40907,41102,195
101,75,],415,197.3854167,504.2519833,41102,41296,194
101,76,text1:%s\n\n,421,183.6796167,511.8190333,41296,41490,194
101,75,text1,412,128.8648333,509.9570167,41490,41683,193
101,75,text1,412,127.8094833,506.5121167,41683,41879,196
101,75,[,413,159.5397167,505.6045667,41879,42076,197
101,75,text1,412,146.9448833,504.4577333,42076,42275,199
101,75,text1,412,118.33135,506.5738167,42275,42471,196
101,24,if,140,85.25111667,509.5073833,42471,42663,192
101,76,printf,419,46.68753333,515.0684833,42663,42857,194
101,75,char,411,66.08641667,504.9301,42857,43050,193
101,75,text1,412,151.1390333,500.8050333,43050,43244,194
101,75,50,414,175.0824667,503.9259,43244,43440,196
101,70,s2,398,196.6676667,480.6272,43440,43635,195
101,70,text,396,118.9981833,482.3121667,43635,43830,195
101,22,i,125,90.74611667,484.1391333,43830,44026,196
101,75,text1,412,124.5956833,495.43515,44026,44220,194
101,75,text1,412,132.6154,507.5230833,44220,44412,192
101,76,text1:%s\n\n,421,142.3091,512.5594833,44412,44607,195
101,75,50,414,180.3057167,504.8814,44607,44800,193
101,75,iitkgp,417,222.3079333,508.18885,44800,44995,195
101,75,iitkgp,417,282.4574667,490.3188833,44995,45191,196
101,70,),401,281.1580333,486.0965667,45191,45386,195
101,75,iitkgp,417,284.2623,497.8919,45386,45418,32
101,70,(,395,108.5205333,475.42175,45450,45645,195
101,69,(,386,108.7696333,473.50995,45645,45834,189
101,22,i,125,88.54501667,479.1651833,45834,46028,194
101,75,text1,412,96.97943333,490.1277167,46028,46222,194
101,75,text1,412,138.3727667,496.3559167,46222,46417,195
101,70,s2,398,188.2782333,489.4934,46417,46612,195
101,75,50,414,167.6184333,496.3087833,46612,46805,193
101,75,[,413,156.8824,502.5194,46805,46999,194
101,39,ins_len,229,123.2731667,512.6170167,46999,47191,192
101,76,printf,419,101.0938,522.577,47191,47384,193
101,76,printf,419,56.86053333,521.2000833,47384,47581,197
101,76,printf,419,46.29098333,516.3816167,47581,47778,197
101,76,printf,419,57.96063333,521.7737167,47778,47974,196
101,76,printf,419,73.78713333,529.3521167,47974,48173,199
101,70,index,400,123.0275667,522.32405,48173,48367,194
101,40,(,234,106.76585,522.1041667,48367,48563,196
101,75,text1,412,121.48515,509.3969333,48563,48759,196
101,75,50,414,168.9561167,491.5786833,48759,48954,195
101,70,s2,398,194.54225,485.0585667,48954,49151,197
101,69,index,389,206.8115,472.69935,49151,49349,198
101,69,index,389,199.1845333,472.6409,49349,49543,194
101,76,text1:%s\n\n,421,124.6186333,518.25165,49543,49738,195
101,76,text1:%s\n\n,421,125.9189,519.8017833,49738,49935,197
101,76,text1:%s\n\n,421,143.10145,526.19625,49935,50130,195
101,76,text1:%s\n\n,421,140.2998667,520.0718833,50130,50325,195
101,76,text1:%s\n\n,421,205.3584167,526.1098333,50325,50523,198
101,75,iitkgp,417,259.9454333,506.7763667,50523,50720,197
101,76,text1:%s\n\n,421,260.5695167,516.6803333,50720,50918,198
101,76,text1,423,303.0782833,511.4461167,50918,51112,194
101,76,text1,423,348.7320167,519.6987833,51112,51305,193
101,37,void,210,338.58505,507.2232833,51305,51500,195
101,0,blank,0,-323,-105,51534,51670,136
101,40,0,240,289.2972,532.5433,51765,51871,106
101,76,text1:%s\n\n,421,240.84515,519.3075833,51947,52137,190
101,77,"replaceString(text1,\kgp\""",428,194.4028333,534.4774333,52137,52336,199
101,76,printf,419,63.89641667,527.9279333,52369,52564,195
101,59,void,328,28.80758333,528.9762,52564,52756,192
101,76,printf,419,75.70221667,525.3468667,52756,52950,194
101,40,ins,235,135.5404667,532.1315333,52950,53143,193
101,76,text1:%s\n\n,421,132.92746,528.79656,53143,53310,167
101,40,ins_len,237,176.5497,532.7868,53310,53509,199
101,76,text1:%s\n\n,421,144.6237167,530.88295,53509,53703,194
101,76,text1:%s\n\n,421,163.9442,519.3916167,53703,53901,198
101,76,text1:%s\n\n,421,206.87382,525.57766,53901,54068,167
101,75,iitkgp,417,277.03262,506.96802,54068,54234,166
101,24,0,147,294.0915167,510.0941833,54234,54433,199
101,69,index,389,346.8476667,500.6482167,54433,54630,197
101,37,void,210,373.6463167,510.7021333,54630,54825,195
101,37,void,210,447.5478833,492.98655,54825,55020,195
101,37,void,210,458.4338167,503.5119667,55020,55214,194
101,37,void,210,522.5208,502.1374,55214,55408,194
101,69,index,389,378.7059,499.2699167,55440,55633,193
101,69,index,389,369.2286,500.6770333,55633,55825,192
101,37,ins,220,316.8335833,505.3257167,55825,56017,192
101,75,iitkgp,417,262.52145,502.3357,56017,56208,191
101,75,iitkgp,417,279.3362,509.6012333,56208,56402,194
101,75,iitkgp,417,281.0828333,509.1904833,56402,56595,193
101,76,text1:%s\n\n,421,232.8202333,515.2223,56595,56786,191
101,75,iitkgp,417,249.2012167,507.7636333,56786,56978,192
101,37,const,218,211.9027,509.9435,56978,57172,194
101,76,text1:%s\n\n,421,188.5491833,517.0103167,57172,57365,193
101,76,text1:%s\n\n,421,212.9592833,514.1441667,57365,57555,190
101,75,iitkgp,417,234.7528,508.85705,57555,57619,64
101,37,void,210,433.2239167,499.2017167,57650,57845,195
101,69,index,389,377.2269333,496.2247833,57845,58036,191
101,69,index,389,362.6791,496.15225,58036,58102,66
101,37,void,210,540.5167833,489.8127167,58134,58329,195
101,37,void,210,566.3514833,511.5744667,58329,58523,194
101,37,void,210,550.7594833,500.583,58523,58718,195
101,37,void,210,537.8452333,501.5828667,58718,58910,192
101,37,void,210,510.59455,500.6768167,58910,59102,192
101,37,void,210,457.3461833,490.6991667,59102,59293,191
101,37,void,210,381.0537167,497.3419833,59293,59486,193
101,37,ins,220,321.4736833,505.1923167,59486,59679,193
101,24,0,147,287.1717333,520.2776667,59679,59871,192
101,76,comma,422,278.0418,515.9254667,59871,60067,196
101,24,0,147,298.4702667,510.3161333,60067,60190,123
101,76,text1,423,296.4451,521.6082,60190,60308,118
101,76,text1:%s\n\n,421,220.2065,520.1141,60308,60419,111
101,76,text1:%s\n\n,421,203.1747333,517.9873,60419,60601,182
101,75,text1,412,120.8289167,505.83885,60601,60798,197
101,75,char,411,54.64528333,509.8208,60798,60992,194
101,75,char,411,64.28645,506.6678,60992,61057,65
101,37,void,210,366.1269333,515.9895,61091,61290,199
101,76,text1,423,345.24055,517.6984667,61290,61486,196
101,76,text1:%s\n\n,421,185.8448667,517.06295,61486,61681,195
101,40,(,234,111.9035333,530.9985667,61681,61877,196
101,77,"replaceString(text1,\kgp\""",428,150.4089,536.6479667,61877,62074,197
101,77,"replaceString(text1,\kgp\""",428,154.1019667,536.1374667,62074,62273,199
101,76,text1:%s\n\n,421,205.9552333,524.9376167,62273,62471,198
101,76,text1:%s\n\n,421,259.53256,516.13938,62471,62638,167
101,24,0,147,290.0517167,514.6640333,62638,62835,197
101,70,s2,398,186.1391,487.21165,62835,63029,194
101,37,[,221,180.3452333,471.5729167,63029,63225,196
101,70,s2,398,194.9041333,478.0243333,63225,63419,194
101,37,const,218,232.9253667,466.7687833,63419,63615,196
101,70,(,395,105.2303667,485.7502,63647,63842,195
101,70,text,396,125.6225667,483.7249,63842,64039,197
101,23,=,130,126.874,487.3002,64039,64070,31
101,0,blank,0,371.1331167,526.9056833,64103,64300,197
101,76,text1,423,351.2688833,514.0122833,64300,64493,193
101,37,void,210,369.8956333,508.9845333,64493,64685,192
101,37,void,210,401.8614,509.7700667,64685,64878,193
101,37,void,210,430.50444,498.0599,64878,65036,158
101,77,"replaceString(text1,\kgp\""",428,203.5208667,550.16585,65068,65263,195
101,77,"replaceString(text1,\kgp\""",428,200.8220667,533.1589167,65263,65459,196
101,77,"replaceString(text1,\kgp\""",428,151.7914833,542.4663667,65459,65651,192
101,77,(,427,116.0603,542.7341667,65651,65845,194
101,77,printf,426,88.6563,549.6610167,65845,66039,194
101,0,blank,0,38.03495,554.47545,66039,66232,193
101,26,for,151,55.18611667,554.4464167,66232,66427,195
101,77,"replaceString(text1,\kgp\""",428,124.5564667,544.0735,66427,66623,196
101,77,"replaceString(text1,\kgp\""",428,162.95105,538.5385,66623,66818,195
101,77,"replaceString(text1,\kgp\""",428,183.7109833,551.0677333,66818,67014,196
101,77,"replaceString(text1,\kgp\""",428,251.2267,533.06244,67014,67178,164
101,76,text1:%s\n\n,421,255.4343,523.27884,67178,67347,169
101,77,"replaceString(text1,\kgp\""",428,199.4160167,544.7768,67347,67543,196
101,77,"replaceString(text1,\kgp\""",428,198.7739833,551.1780667,67543,67738,195
101,77,"replaceString(text1,\kgp\""",428,222.4990667,544.5923,67738,67934,196
101,77,"replaceString(text1,\kgp\""",428,226.86905,542.3479833,67934,68129,195
101,77,"replaceString(text1,\kgp\""",428,136.8187,549.5297667,68129,68322,193
101,77,"replaceString(text1,\kgp\""",428,131.79845,553.06445,68322,68517,195
101,78,text1,433,122.2254,558.1073,68517,68711,194
101,78,text1,433,115.8087,575.6203333,68711,68904,193
101,61,int,349,62.60658333,574.39325,68904,69097,193
101,0,blank,0,25.4542,584.5465167,69097,69291,194
101,26,for,151,58.35438333,570.5857333,69291,69485,194
101,79,(,441,81.2312,584.4656,69485,69517,32
101,0,blank,0,-323,-105,69549,69684,135
101,78,kgp,435,139.2793333,566.9090833,69782,69968,186
101,78,kgp,435,191.4388,566.4597,69968,70160,192
101,78,kgp,435,183.4795667,569.9642167,70160,70354,194
101,78,kgp,435,210.3536167,572.1109667,70354,70547,193
101,77,"replaceString(text1,\kgp\""",428,268.4352333,550.0131667,70547,70739,192
101,77,"replaceString(text1,\kgp\""",428,265.7935333,550.0057333,70739,70932,193
101,77,"replaceString(text1,\kgp\""",428,283.7732667,549.3087833,70932,71125,193
101,79,text1:%s\n\n,442,177.887,588.1943167,71125,71318,193
101,80,"replaceString(text1,\iit\""",449,144.7081667,600.0592333,71318,71514,196
101,62,index,361,121.0268,598.7170167,71514,71711,197
101,79,text1:%s\n\n,442,172.8433833,594.0100167,71711,71909,198
101,79,comma,443,257.92674,580.01522,71909,72076,167
101,78,kharagpur,437,315.82015,572.4015833,72076,72275,199
101,79,printf,440,364.52868,589.84654,72275,72443,168
101,80,printf,447,351.27234,579.70864,72443,72610,167
101,29,text,173,353.49035,576.26305,72610,72803,193
101,80,printf,447,352.95495,595.16915,72803,72869,66
101,79,printf,440,451.535025,572.3151,72899,73032,133
101,80,"replaceString(text1,\iit\""",449,249.6093833,601.8555333,73066,73261,195
101,79,text1,444,273.3912,588.6923167,73261,73459,198
101,79,text1,444,289.8309667,597.4778333,73459,73657,198
101,80,printf,447,348.3049167,579.4457333,73657,73856,199
101,80,printf,447,347.5684,597.0159,73856,73889,33
101,80,"replaceString(text1,\iit\""",449,152.0259,602.9354333,73923,74118,195
101,80,"replaceString(text1,\iit\""",449,146.5016667,601.5226333,74118,74312,194
101,78,kgp,435,136.6238667,563.7011833,74312,74509,197
101,76,text1:%s\n\n,421,152.1055167,529.3420833,74509,74707,198
101,76,text1:%s\n\n,421,216.5598,529.85562,74707,74872,165
101,76,text1:%s\n\n,421,254.59,515.3355833,74872,75070,198
101,76,text1:%s\n\n,421,269.76495,516.9834167,75070,75265,195
101,23,),139,326.4744333,504.7019,75265,75460,195
101,23,),139,331.2963333,505.0197667,75460,75651,191
101,78,kharagpur,437,327.8873,572.0895167,75651,75844,193
101,78,kharagpur,437,299.9046667,566.2070667,75844,76034,190
101,26,rm_length,158,259.6102833,554.62655,76034,76225,191
101,78,kgp,435,201.6931,562.6221,76225,76418,193
101,78,kgp,435,186.0036333,557.6272667,76418,76513,95
101,80,printf,447,352.3898667,590.5454,76545,76739,194
101,80,printf,447,347.98145,582.8105167,76739,76934,195
101,59,char,343,363.1700667,525.0368333,76934,77127,193
101,37,void,210,366.1037667,510.2495333,77127,77319,192
101,37,void,210,345.5959833,507.9381167,77319,77510,191
101,37,void,210,343.23222,506.79158,77510,77669,159
101,79,printf,440,436.6497667,590.4861167,77701,77895,194
101,79,printf,440,427.6225167,573.9140333,77895,78087,192
101,59,comma,341,421.4732333,524.4963333,78087,78283,196
101,77,"replaceString(text1,\kgp\""",428,481.2812,538.0714667,78283,78479,196
101,79,printf,440,496.86125,570.97425,78479,78673,194
101,80,printf,447,355.345,581.4741,78673,78736,63
101,81,iit,456,161.0631833,625.6159833,78768,78964,196
101,80,"replaceString(text1,\iit\""",449,149.453,609.8250667,78964,79160,196
101,80,"replaceString(text1,\iit\""",449,109.65294,610.7309,79160,79331,171
101,80,"replaceString(text1,\iit\""",449,137.4985333,602.3884167,79331,79525,194
101,78,text1,433,123.6168667,566.2922667,79525,79719,194
101,77,(,427,117.75155,551.7150833,79719,79916,197
101,77,"replaceString(text1,\kgp\""",428,166.5016333,538.9932,79916,80114,198
101,44,int,247,65.98321667,615.2244333,80114,80309,195
101,0,blank,0,35.58305,626.564,80309,80504,195
101,0,blank,0,40.78565,627.62215,80504,80681,177
101,26,for,151,49.4882,565.4885,80681,80772,91
101,0,blank,0,39.08136667,566.3481333,80772,80966,194
101,26,for,151,52.92295,560.9440667,80966,81160,194
101,77,printf,426,91.51523333,545.8900667,81160,81357,197
101,77,(,427,116.47835,547.2196667,81357,81551,194
101,80,"replaceString(text1,\iit\""",449,124.8992,617.7873333,81551,81745,194
101,80,"replaceString(text1,\iit\""",449,164.3910167,616.5957333,81745,81941,196
101,80,"replaceString(text1,\iit\""",449,185.8979333,610.5673833,81941,82139,198
101,76,text1:%s\n\n,421,173.4521667,526.9761833,82139,82338,199
101,77,"replaceString(text1,\kgp\""",428,187.1741667,549.66725,82338,82533,195
101,77,"replaceString(text1,\kgp\""",428,182.9901667,553.6345833,82533,82731,198
101,81,iit,456,191.30485,621.3183333,82731,82926,195
101,80,"replaceString(text1,\iit\""",449,216.0576167,611.0433,82926,83121,195
101,80,"replaceString(text1,\iit\""",449,238.2632667,603.6019833,83121,83317,196
101,80,"replaceString(text1,\iit\""",449,236.49375,606.3155333,83317,83514,197
101,29,index,175,181.9420833,620.4240333,83514,83708,194
101,62,0,363,192.5909333,598.3626,83708,83907,199
101,78,kgp,435,212.2572,559.35256,83907,84070,163
101,79,(,441,81.71063333,586.9250833,84104,84300,196
101,80,"replaceString(text1,\iit\""",449,140.581475,600.43605,84300,84432,132
101,78,kharagpur,437,285.6118667,569.2643833,84463,84661,198
101,79,),445,325.50472,579.86108,84661,84831,170
101,79,text1,444,308.9886833,596.3448,84831,85029,198
101,79,text1,444,265.14828,588.06024,85029,85196,167
101,79,text1,444,275.1073667,589.1748667,85196,85296,100
101,79,printf,440,443.13548,596.81126,85330,85499,169
101,79,printf,440,427.91458,593.08696,85499,85669,170
101,79,printf,440,379.1274667,589.2902167,85669,85862,193
101,80,"replaceString(text1,\iit\""",449,262.63895,599.5654,85862,86060,198
101,81,IIT,458,233.33078,621.12156,86060,86230,170
101,81,iit,456,155.97948,631.43734,86230,86400,170
101,81,iit,456,160.26826,623.69294,86400,86568,168
101,79,text1:%s\n\n,442,222.58356,596.50636,86568,86741,173
101,81,IIT,458,235.6350667,626.6747833,86741,86940,199
101,82,text1:%s\n,463,209.53484,655.64142,86940,87110,170
101,82,text1:%s\n,463,112.0696167,662.5650167,87110,87307,197
101,82,text1:%s\n,463,147.04634,663.2149,87307,87474,167
101,80,"replaceString(text1,\iit\""",449,218.5199,601.84625,87474,87672,198
101,78,kharagpur,437,225.27805,558.0884167,87672,87869,197
101,77,"replaceString(text1,\kgp\""",428,197.4895333,550.0111333,87869,88066,197
101,77,"replaceString(text1,\kgp\""",428,156.5931,548.3980167,88066,88258,192
101,77,"replaceString(text1,\kgp\""",428,159.6927333,548.7114,88258,88446,188
101,76,text1:%s\n\n,421,255.15795,531.2970667,88446,88636,190
101,59,comma,341,251.9579333,532.3872167,88636,88828,192
101,76,text1:%s\n\n,421,253.9784,530.0466,88828,89020,192
101,77,"replaceString(text1,\kgp\""",428,235.91485,534.6533833,89020,89214,194
101,76,text1:%s\n\n,421,218.75435,530.39085,89214,89409,195
101,76,text1:%s\n\n,421,221.7417333,531.4635333,89409,89601,192
101,76,text1,423,295.2048333,525.5193,89601,89792,191
101,37,void,210,413.3167167,506.6854667,89792,89983,191
101,37,void,210,426.1462167,507.9646167,89983,90174,191
101,37,void,210,411.62375,506.9377,90174,90238,64
101,75,iitkgp,417,308.2205167,505.8263167,90270,90457,187
101,69,index,389,320.4504,503.5882333,90457,90641,184
101,75,iitkgp,417,260.7936833,496.92965,90641,90827,186
101,75,iitkgp,417,257.18635,501.5696,90827,90889,62
101,82,(,462,61.5694,651.4896833,90921,91110,189
101,81,iit,456,129.5540333,638.9376333,91110,91298,188
101,0,blank,0,24.81328333,651.9804167,91298,91488,190
101,46,{,261,51.65181667,651.3486167,91488,91678,190
101,82,text1:%s\n,463,115.8131,655.1955,91678,91870,192
101,82,text1:%s\n,463,161.5412,643.1808167,91870,92069,199
101,82,text1:%s\n,463,204.39454,647.30982,92069,92238,169
101,82,text1:%s\n,463,199.1383833,650.3268167,92238,92429,191
101,82,text1:%s\n,463,158.47865,645.09875,92429,92622,193
101,82,text1:%s\n,463,122.1071667,645.8473667,92622,92807,185
101,47,text_len,263,129.7489667,674.2783,92807,92901,94
101,82,text1:%s\n,463,203.6714167,645.4836,92932,93118,186
101,81,iit,456,190.3340667,640.3405667,93118,93303,185
101,82,text1:%s\n,463,213.3497333,654.8845,93303,93487,184
101,80,"replaceString(text1,\iit\""",449,239.36595,603.91615,93487,93549,62
101,82,text1,465,257.78285,654.89965,93580,93643,63
101,0,blank,0,15.74536667,688.4074333,93674,93864,190
101,0,blank,0,22.92475,710.99105,93864,93924,60
101,78,kgp,435,164.5541,670.5859,93956,93988,32
101,0,blank,0,924.254,471.77948,94052,94218,166
101,0,blank,0,982.2074,498.7322,94218,94387,169
101,0,blank,0,987.1556667,493.1770333,94387,94586,199
101,0,blank,0,973.4,488.7917,94586,94619,33
101,61,s1,356,258.5943,193.51998,94685,94850,165
101,70,comma,399,176.9988333,379.9378833,94883,95081,198
101,69,text,387,116.4735,374.8726,95081,95113,32
102,23,for,127,59.98436,152.00014,98191,98349,158
102,0,blank,0,42.3835,71.32895,98384,98575,191
102,20,rS,110,57.51913333,91.79,98575,98773,198
102,0,blank,0,25.14158333,69.5524,98773,98972,199
102,3,int,20,22.3394,61.8353,98972,99138,166
102,3,const,29,73.68956667,62.20466667,99138,99337,199
102,3,const,29,74.02102,64.67614,99337,99506,169
102,20,(,111,79.650625,96.93245,99506,99639,133
102,0,blank,0,-323,-105,99708,99768,60
102,20,(,111,78.55716667,125.7517167,99805,99996,191
102,8,=,59,104.07288,168.02008,99996,100167,171
102,9,while,62,112.12486,179.12678,100167,100336,169
102,24,if,140,94.9264,171.422,100336,100506,170
102,23,(,128,89.40902,145.5262,100506,100675,169
102,40,while,233,80.6685,112.7771667,100675,100873,198
102,9,while,62,101.3445,186.38155,100873,100972,99
102,24,if,140,93.3496,171.6184,100972,101095,123
102,9,while,62,105.8282,185.6609,101095,101218,123
102,8,=,59,111.8127,175.10115,101218,101414,196
102,24,==,146,239.112,168.52998,101448,101619,171
102,23,++,137,299.19372,159.8335,101619,101792,173
102,52,],297,349.4506667,170.3803833,101792,101991,199
102,54,for,300,408.3051667,165.19535,101991,102187,196
102,9,0,71,314.4179,192.85,102187,102220,33
102,24,text,142,170.49485,170.3308833,102253,102449,196
102,52,text,292,211.4900833,169.4496,102449,102646,197
102,24,==,146,224.5419,170.5021667,102646,102840,194
102,9,pattern,73,215.6679333,180.7886,102840,103034,194
102,24,0,147,254.9241667,165.1310167,103034,103230,196
102,40,ins_len,237,183.1963167,112.1099167,103230,103425,195
102,6,text,46,197.7644,115.6790833,103425,103617,192
102,6,text,46,199.494975,119.464375,103617,103749,132
102,0,blank,0,-323,-105,103813,103871,58
102,24,==,146,228.2169167,167.9969167,104097,104276,179
102,24,==,146,229.5757167,174.0088333,104276,104465,189
102,24,==,146,229.8643333,174.3329167,104465,104656,191
102,9,j,82,251.5339333,183.11955,104656,104846,190
102,24,0,147,269.7067333,174.75,104846,105036,190
102,24,0,147,275.8646167,179.3804833,105036,105226,190
102,24,0,147,285.0218833,177.7373833,105226,105414,188
102,56,i,323,305.15975,171.9491833,105414,105606,192
102,24,0,147,298.44855,177.1192833,105606,105795,189
102,9,!=,70,292.92135,179.4811833,105795,105987,192
102,24,0,147,288.5155333,176.65255,105987,106175,188
102,0,blank,0,277.6835333,112.0991167,106175,106364,189
102,59,char,343,339.14275,156.9608167,106364,106554,190
102,56,;,325,326.5734333,170.73915,106554,106741,187
102,9,0,71,329.7100667,182.4160167,106741,106927,186
102,0,blank,0,380.7366333,177.5193833,106927,107115,188
102,0,blank,0,414.2403333,178.54565,107115,107303,188
102,0,blank,0,461.3628833,169.7900333,107303,107491,188
102,0,blank,0,511.9672667,176.4663,107491,107680,189
102,54,<,307,505.2467333,174.4454833,107680,107872,192
102,9,text,78,552.10745,184.6539333,107872,108064,192
102,54,ins_len,308,548.7998167,173.77245,108064,108254,190
102,0,blank,0,541.8215,176.0437,108254,108443,189
102,0,blank,0,526.73864,176.5249,108443,108600,157
102,9,!=,70,291.426225,187.06085,108631,108757,126
102,9,(,63,146.24575,183.6257333,108788,108976,188
102,26,;,159,111.0222833,224.08805,108976,109168,192
102,59,remove,329,107.64215,239.534,109168,109363,195
102,27,(,164,119.6187,247.1841167,109363,109551,188
102,26,;,159,110.4338167,228.0322667,109551,109741,190
102,26,;,159,104.789,226.8315833,109741,109934,193
102,54,++,310,78.73466667,187.7339833,109934,110127,193
102,54,i,311,101.2763167,214.1060167,110127,110315,188
102,59,remove,329,106.0411333,233.2268167,110315,110508,193
102,59,(,330,125.2319,250.8368667,110508,110698,190
102,47,++,262,93.57323333,266.878,110698,110889,191
102,13,pattern,92,135.20805,268.43835,110889,111076,187
102,47,text_len,263,179.3985,260.5087333,111076,111263,187
102,59,(,330,242.9709667,253.61465,111263,111455,192
102,29,index,175,155.14565,291.0242333,111455,111642,187
102,62,index,361,134.8765167,300.0710167,111642,111830,188
102,62,index,361,95.99123333,317.4393833,111830,112017,187
102,17,},104,45.3233,369.83945,112017,112203,186
102,34,text,192,74.97771667,377.1740333,112203,112395,192
102,34,text,192,62.74875,365.4513667,112395,112586,191
102,61,int,349,41.76775,352.91405,112586,112780,194
102,35,while,198,50.83708333,408.273,112780,112968,188
102,0,blank,0,38.42455,415.5120667,112968,113159,191
102,20,void,109,19.89963333,423.2206167,113159,113347,188
102,20,void,109,7.232366667,423.2158667,113347,113534,187
102,0,blank,0,-15.2685,428.1215,113534,113564,30
102,0,blank,0,903.5443333,185.1628333,113659,113845,186
102,0,blank,0,969.751,194.7207,113845,114039,194
102,0,blank,0,974.8723333,160.1805333,114039,114229,190
102,0,blank,0,972.7376667,152.2093833,114229,114420,191
102,0,blank,0,968.3998,154.92078,114420,114580,160
102,34,text,192,70.97806,397.66134,114676,114845,169
102,35,while,198,72.12001667,417.9889833,114845,115038,193
103,40,ins_len,237,193.0809833,115.3918167,116121,116314,193
103,20,char,112,121.58685,141.0179833,116314,116511,197
103,42,ins_len,244,121.0766,144.40358,116511,116682,171
103,44,text_len,248,118.3617,194.4876,116682,116715,33
103,0,blank,0,-323,-105,116747,116909,162
103,0,blank,0,-323,-105,116909,117006,97
103,22,int,124,50.00243333,128.8777,117040,117223,183
103,40,while,233,53.15343333,118.35735,117223,117421,198
103,22,int,124,66.95396,122.36914,117421,117592,171
103,54,i,311,110.5976,138.8299,117592,117769,177
103,23,=,130,124.33354,149.00402,117769,117947,178
103,42,++,243,98.7198,162.84828,117947,118122,175
103,23,0,131,143.11578,149.6039,118122,118297,175
103,23,i,138,178.14094,146.83478,118297,118475,178
103,52,text,292,188.902375,161.47245,118475,118617,142
103,42,ins_len,244,164.7965,158.55495,118617,118781,164
103,59,char,343,163.1093,143.7506,118781,118967,186
103,20,text,113,170.30734,136.9568,118967,119143,176
103,54,<,307,199.70414,129.55284,119143,119317,174
103,20,[,114,191.69906,132.11788,119317,119489,172
103,54,0,304,153.13244,136.47562,119489,119664,175
103,54,=,303,128.6283,137.95846,119664,119835,171
103,54,;,309,157.08254,137.48478,119835,120006,171
103,23,<,134,195.51662,143.3822,120006,120178,172
103,54,ins_len,308,214.3649,139.07342,120178,120351,173
103,54,ins_len,308,230.03434,132.4534,120351,120526,175
103,54,ins_len,308,257.05285,135.0877,120526,120596,70
103,56,text,314,83.66936,76.75292,120630,120800,170
103,22,int,124,73.72012,130.26774,120800,120970,170
103,23,(,128,91.9818,155.3574667,120970,121074,104
103,54,ins_len,308,265.56364,138.5902,121109,121280,171
103,54,ins_len,308,273.60285,134.71675,121280,121394,114
103,42,ins_len,244,163.3026,147.2586,121507,121635,128
103,42,ins_len,244,135.2784,159.192875,121635,121811,176
103,52,text,292,113.735125,166.0011,121811,121943,132
103,0,blank,0,-323,-105,122010,122090,80
103,42,ins_len,244,138.5468,151.9398,122120,122170,50
103,24,text,142,171.51745,173.1243,122241,122434,193
103,26,rm_length,158,251.21538,227.96316,122434,122601,167
103,26,rm_length,158,298.02206,209.48108,122601,122772,171
103,56,[,322,336.046,205.6359833,122772,122970,198
103,26,i,161,133.8761833,213.2263667,123003,123202,199
103,25,return,149,152.23645,206.4330333,123202,123398,196
103,25,;,150,189.9323667,200.9017333,123398,123592,194
103,44,;,251,211.68012,206.91804,123592,123757,165
103,9,pattern,73,213.74068,194.20846,123757,123924,167
103,44,0,250,196.6097667,194.4249,123924,124122,198
103,56,text,314,164.3627833,207.2023333,124122,124319,197
103,25,return,149,132.3981167,204.2309667,124319,124512,193
103,54,i,311,98.68971667,213.8653667,124512,124710,198
103,26,for,151,73.43021667,217.1284167,124710,124904,194
103,26,(,152,90.24601667,213.1082833,124904,125100,196
103,26,(,152,86.87823333,212.3526667,125100,125292,192
103,44,int,247,73.27813333,207.1242,125292,125484,192
103,24,if,140,84.21545,169.4078667,125484,125679,195
103,23,(,128,86.35905,144.29475,125679,125874,195
103,44,int,247,66.12515,195.5998833,125874,126070,196
103,26,for,151,44.34922,214.5382,126070,126237,167
103,44,int,247,68.47504,189.98554,126237,126405,168
103,24,(,141,120.2337833,170.8331167,126405,126604,199
103,24,text,142,137.2238333,171.0194667,126604,126800,196
103,54,0,304,151.1281,132.9492,126800,126833,33
103,0,blank,0,-323,-105,126866,126952,86
103,24,text,142,182.5102,172.6046,126977,127003,26
103,23,<,134,201.5458,159.6989833,127075,127264,189
103,23,index,135,224.0969333,144.26685,127264,127462,198
103,52,text,292,184.9071667,163.94205,127462,127654,192
103,24,text,142,180.11225,167.2360167,127654,127845,191
103,23,index,135,241.2012333,154.9862833,127845,128037,192
103,23,index,135,229.3401833,156.8931333,128037,128233,196
103,23,0,131,150.216,163.21545,128233,128426,193
103,56,[,322,130.5403333,181.3965167,128426,128620,194
103,56,[,322,132.1108833,184.8094667,128620,128818,198
103,24,text,142,139.5232667,166.6418,128818,129012,194
103,42,ins_len,244,162.1079667,162.8716333,129012,129206,194
103,52,],297,163.0908,164.4816667,129206,129401,195
103,45,text,254,155.5414667,211.5293167,129401,129595,194
103,27,[,166,186.4389667,234.48245,129595,129794,199
103,26,+,157,228.04472,226.75594,129794,129960,166
103,27,text,165,170.9563,242.11748,129960,130129,169
103,47,text_len,263,164.74436,254.55932,130129,130296,167
103,27,text,165,157.7578667,275.7588333,130296,130491,195
103,11,;,88,158.73835,230.5744,130491,130690,199
103,47,text_len,263,147.12512,261.30902,130690,130857,167
103,47,text_len,263,149.85822,272.36384,130857,131026,169
103,47,;,264,185.3868167,272.3822,131026,131224,198
103,26,rm_length,158,257.35982,264.92704,131224,131389,165
103,59,char,343,253.6264,255.8469333,131389,131491,102
103,34,text,192,101.0560167,351.5512667,131525,131723,198
103,34,text,192,97.5122,392.72028,131723,131890,167
103,52,],297,145.7549667,382.483,131890,132088,198
103,69,text,387,157.4069833,377.0427833,132088,132281,193
103,34,text,192,83.42813333,378.6526333,132281,132475,194
103,0,blank,0,27.257,349.49,132475,132670,195
103,0,blank,0,20.16133333,340.2073833,132670,132865,195
103,0,blank,0,22.52806667,343.1691667,132865,133059,194
103,34,text,192,79.56661667,373.5316667,133059,133255,196
103,49,int,266,64.97025,308.5054833,133255,133454,199
103,26,for,151,54.57865,223.3511833,133454,133650,196
103,43,},246,45.6849,184.5823167,133650,133844,194
103,20,void,109,30.43123333,134.67425,133844,134042,198
103,20,void,109,32.85893333,130.1475,134042,134238,196
103,0,blank,0,28.60636667,158.8118833,134238,134437,199
103,0,blank,0,34.34833333,338.6042167,134437,134635,198
103,61,int,349,23.44465,355.6713333,134635,134832,197
103,63,{,365,43.55875,340.6941,134832,135030,198
103,61,int,349,60.31455,279.34515,135030,135228,198
103,58,},327,63.8259,258.82366,135228,135393,165
103,46,{,261,51.29593333,242.4954667,135393,135592,199
103,37,void,210,42.45321667,458.9555833,135625,135823,198
103,37,void,210,38.0643,459.981425,135823,135954,131
103,0,blank,0,19.54426667,99.07715,135987,136185,198
103,37,void,210,15.6598,38.82158,136185,136353,168
103,37,void,210,23.3697,46.76228,136353,136521,168
103,37,void,210,19.211,41.63778,136521,136688,167
103,20,void,109,8.155833333,77.51988333,136688,136887,199
103,50,i,284,106.00558,328.34824,136920,137088,168
103,62,index,361,113.676,313.8394833,137088,137284,196
103,61,index,350,117.396,288.0825,137284,137319,35
103,34,text,192,93.12291667,385.1513,137349,137547,198
103,52,text,292,115.2161,383.8521,137547,137738,191
103,52,[,293,129.002,379.2029333,137738,137933,195
103,70,text,396,155.9621,381.4523167,137933,138129,196
103,52,i,294,138.1090333,378.2209833,138129,138326,197
103,65,while,371,128.3445,385.1565667,138326,138519,193
103,52,text,292,185.69402,377.66176,138519,138684,165
103,0,blank,0,162.3059167,375.5717667,138684,138882,198
103,34,rm_length,189,147.2744,388.15345,138882,139076,194
103,52,ins_len,296,287.4953333,373.00565,139108,139304,196
103,62,index,361,286.624925,363.801725,139304,139433,129
103,65,(,372,152.1204333,372.6815833,139465,139660,195
103,34,-,188,128.90985,387.3874,139660,139726,66
103,0,blank,0,-323,-105,139759,139868,109
103,34,rm_length,189,138.8163,390.5737,139896,139936,40
103,65,s1,373,179.3597833,367.4396,140002,140188,186
103,52,text,292,189.3185167,372.12125,140188,140385,197
103,34,rm_length,189,158.5144167,393.9143667,140385,140580,195
103,62,if,359,271.4914333,357.22875,140580,140777,197
103,62,index,361,290.0272333,361.3864333,140777,140969,192
103,52,ins_len,296,313.496625,368.886125,140969,141099,130
103,34,rm_length,189,160.1883833,402.4580167,141128,141318,190
103,34,rm_length,189,139.3843833,400.9863833,141318,141512,194
103,34,text,192,103.48386,401.6584,141512,141674,162
103,34,text,192,81.65675,400.5805,141674,141816,142
103,35,while,198,45.6036,410.7468,141816,141909,93
103,35,while,198,48.4939,412.8103,141909,142099,190
103,34,rm_length,189,210.3918,392.30185,142137,142331,194
103,34,rm_length,189,180.1772167,402.04435,142331,142523,192
103,34,rm_length,189,157.62595,402.4477333,142523,142715,192
103,35,text,200,140.5691,407.4898,142715,142909,194
103,34,rm_length,189,185.3249333,395.5449667,142909,143104,195
103,34,rm_length,189,219.2235333,391.4621833,143104,143302,198
103,34,rm_length,189,213.5867833,389.6056167,143302,143493,191
103,65,rm_length,375,250.80875,385.6286667,143493,143683,190
103,34,rm_length,189,212.2682167,393.102,143683,143873,190
103,34,rm_length,189,206.2427667,387.4213167,143873,144064,191
103,65,rm_length,375,198.4683,384.766,144064,144254,190
103,34,rm_length,189,172.29215,397.9677,144254,144317,63
103,37,void,210,42.8712,459.69215,144349,144540,191
103,37,void,210,43.92645,457.09405,144540,144667,127
103,52,-,295,258.0836667,383.3460167,144698,144891,193
103,34,rm_length,189,241.6631833,395.088,144891,145079,188
103,52,i,294,238.1812,379.89105,145079,145141,62
103,35,while,198,45.93875,418.9924167,145173,145365,192
103,34,text,192,69.65523333,403.71255,145365,145556,191
103,34,rm_length,189,144.1278167,398.95365,145556,145749,193
103,0,blank,0,160.21234,378.4799,145749,145916,167
103,65,s1,373,174.41635,378.30555,145916,146110,194
103,52,text,292,121.771,371.1637167,146110,146304,194
103,34,text,192,90.38528,371.26966,146304,146468,164
103,34,text,192,96.65096,387.21778,146468,146640,172
103,59,remove,329,99.08135,521.2609333,146672,146866,194
103,70,text,396,114.790975,489.732075,146866,146991,125
103,0,blank,0,849.1875,297.1864,147087,147216,129
103,0,blank,0,978.067,290.4388,147248,147437,189
103,0,blank,0,967.1248333,300.70835,147437,147622,185
103,0,blank,0,965.762,321.2209667,147622,147813,191
103,0,blank,0,968.4346667,294.0899167,147813,148008,195
103,0,blank,0,972.946,258.3143333,148008,148198,190
103,0,blank,0,973.1496667,239.115,148198,148386,188
103,0,blank,0,969.7648333,240.0353667,148386,148579,193
103,0,blank,0,969.4906667,248.5786333,148579,148674,95
103,35,++,203,213.9847667,425.4367667,148767,148958,191
103,34,rm_length,189,176.47105,387.944475,148958,149086,128
104,37,iS,211,55.03521667,40.38266667,150625,150816,191
104,37,void,210,40.43108,41.39438,150816,150976,160
104,45,text,254,142.595,28.70183333,151008,151204,196
104,15,;,102,206.2981333,27.29663333,151204,151393,189
104,54,ins_len,308,236.513575,30.6054,151393,151520,127
104,1,program,4,108.6932833,22.87535,151554,151747,193
104,37,char,219,84.44984,34.92438,151747,151913,166
104,47,++,262,64.03106667,57.2844,151913,152016,103
104,0,blank,0,-323,-105,152088,152264,176
104,0,blank,0,-323,-105,152264,152304,40
104,15,return,100,152.4670333,21.10836667,152342,152534,192
104,1,replace,6,192.56584,19.46174,152534,152705,171
104,1,replace,6,231.3753,3.60662,152705,152874,169
104,1,replace,6,220.92972,8.02818,152874,153048,174
104,1,replace,6,216.8711167,10.322,153048,153246,198
104,0,blank,0,275.7874,17.27966,153246,153417,171
104,1,words,8,296.52412,21.8941,153417,153585,168
104,1,words,8,329.9538833,23.47613333,153585,153783,198
104,1,words,8,316.6705667,17.2978,153783,153982,199
104,1,in,9,344.5023333,21.56926667,153982,154180,198
104,1,given,11,394.06938,15.553,154180,154348,168
104,0,blank,0,376.50136,25.19104,154348,154518,170
104,0,blank,0,372.1180667,28.22783333,154518,154622,104
104,39,ins_len,229,136.5876,84.35292,154655,154825,170
104,20,(,111,80.91244,77.74954,154825,154996,171
104,0,blank,0,57.20934,76.46402,154996,155165,169
104,0,blank,0,79.61344,75.55832,155165,155334,169
104,0,blank,0,81.89092,76.33858,155334,155501,167
104,56,text,314,107.14964,75.21822,155501,155671,170
104,56,text,314,84.31824,73.90872,155671,155839,168
104,0,blank,0,75.6476,70.42468,155839,156011,172
104,39,int,228,66.40786,78.25102,156011,156186,175
104,39,int,228,69.98658,96.50118,156186,156358,172
104,20,char,112,102.2412,135.34646,156358,156528,170
104,42,ins_len,244,119.3305,153.20172,156528,156704,176
104,42,ins_len,244,112.9723,152.45336,156704,156875,171
104,42,++,243,93.98836,153.0313,156875,157047,172
104,54,(,301,85.51362,140.2607,157047,157220,173
104,59,remove,329,77.14884,143.04808,157220,157392,172
104,42,++,243,95.11612,145.03104,157392,157563,171
104,59,remove,329,80.12298,148.72912,157563,157731,168
104,54,for,300,68.22668,143.87172,157731,157903,172
104,59,remove,329,97.40692,247.8853,157937,158109,172
104,59,remove,329,80.15836667,249.6411,158109,158306,197
104,59,remove,329,91.53306667,248.1112167,158306,158504,198
104,59,remove,329,110.9342,245.42645,158504,158634,130
104,5,comma,38,98.48151667,103.91435,158666,158862,196
104,20,text,113,134.025,131.4261333,158862,159057,195
104,54,=,303,128.2286833,133.458,159057,159255,198
104,20,char,112,96.7253,141.5552,159255,159453,198
104,20,(,111,82.06002,137.78072,159453,159622,169
104,59,remove,329,77.33286,145.26356,159622,159789,167
104,59,remove,329,77.06948,147.91264,159789,159958,169
104,42,++,243,93.3875,146.56962,159958,160125,167
104,42,++,243,88.70596,158.19766,160125,160292,167
104,0,blank,0,-323,-105,160326,160387,61
104,52,text,292,73.39228333,154.79235,160531,160718,187
104,39,ins_len,229,84.25423333,97.29096667,160718,160913,195
104,18,return,105,81.14573333,95.09708333,160913,161106,193
104,39,ins_len,229,92.4389,86.58241667,161106,161302,196
104,0,blank,0,112.86935,70.74263333,161302,161497,195
104,0,blank,0,74.85093333,75.90171667,161497,161694,197
104,56,text,314,102.3367667,76.8436,161694,161889,195
104,56,[,322,135.50426,72.8249,161889,162059,170
104,56,index,316,167.8974,75.0405,162059,162163,104
104,39,=,230,163.3127,80.5832,162163,162297,134
104,39,ins_len,229,130.44755,90.9311,162297,162491,194
104,39,ins_len,229,132.5961333,95.62936667,162491,162595,104
104,20,int,120,233.08998,90.92538,162629,162796,167
104,52,text,292,211.9884167,85.97911667,162796,162995,199
104,50,ins_len,279,180.0319333,91.99321667,162995,163192,197
104,56,index,316,159.2767,86.76476,163192,163357,165
104,39,ins_len,229,148.271,92.93753333,163357,163554,197
104,39,ins_len,229,119.1447,92.3973,163554,163724,170
104,39,ins_len,229,113.08352,92.56328,163724,163894,170
104,6,!=,43,114.01618,118.33064,163894,164066,172
104,42,ins_len,244,118.52848,144.87674,164066,164237,171
104,42,ins_len,244,115.53528,149.6646,164237,164409,172
104,24,(,141,116.79324,227.88244,164409,164576,167
104,44,text_len,248,119.09174,199.89256,164576,164745,169
104,44,text_len,248,114.9326833,193.6754,164745,164943,198
104,56,text,314,89.01626667,179.4770167,164943,165138,195
104,44,text_len,248,111.6631333,193.6028833,165138,165334,196
104,44,text_len,248,136.3538333,205.9711,165334,165531,197
104,44,text_len,248,117.6467833,202.05075,165531,165727,196
104,56,text,314,112.9531667,186.4615667,165727,165926,199
104,45,text,254,127.8524,215.15545,165926,166124,198
104,44,text_len,248,101.9535167,207.5484,166124,166321,197
104,44,text_len,248,93.6353,191.9167333,166321,166519,198
104,44,text_len,248,124.8673667,191.5874333,166519,166714,195
104,44,text_len,248,146.83965,200.40015,166714,166913,199
104,45,text,254,168.4932833,209.2043,166913,167109,196
104,45,text,254,148.7353,221.2125833,167109,167308,199
104,47,text_len,263,108.03458,267.48798,167308,167477,169
104,47,text_len,263,127.13654,255.83638,167477,167645,168
104,59,remove,329,110.5080667,249.4383,167645,167843,198
104,61,int,349,67.50526667,280.222,167843,168042,199
104,61,int,349,55.16666667,293.6644833,168042,168239,197
104,49,i,267,91.05908333,306.82225,168239,168435,196
104,62,index,361,121.4132,310.6900833,168435,168631,196
104,50,text_len,273,154.2004,321.3902667,168631,168826,195
104,62,index,361,132.1115333,311.12345,168826,169020,194
104,62,index,361,99.844,318.5194667,169020,169217,197
104,32,do,183,246.0607833,307.6962833,169217,169414,197
104,32,do,183,228.6424333,308.653,169414,169610,196
104,62,>=,362,165.6845833,314.0274667,169610,169805,195
104,15,return,100,151.3960333,315.0246833,169805,170000,195
104,62,index,361,133.65435,313.07085,170000,170196,196
104,50,=,272,123.54235,320.3703667,170196,170392,196
104,50,=,272,131.8949333,320.8457,170392,170585,193
104,62,>=,362,162.3193167,313.2518,170585,170781,196
104,50,text_len,273,195.9765833,319.32605,170781,170977,196
104,59,[,345,229.8217667,305.4673167,170977,171172,195
104,59,s1,338,223.4862833,301.6653167,171172,171365,193
104,32,do,183,212.4173,311.5806333,171365,171560,195
104,32,do,183,246.5439,307.76635,171560,171758,198
104,32,do,183,240.50145,308.7623,171758,171952,194
104,32,do,183,232.6975,308.5618167,171952,172147,195
104,59,s1,338,212.4517333,305.8184833,172147,172340,193
104,32,do,183,237.2107667,306.4356833,172340,172532,192
104,32,do,183,254.0652833,307.42485,172532,172727,195
104,32,do,183,235.94595,308.446,172727,172922,195
104,62,>=,362,169.0768,303.73785,172922,173117,195
104,62,(,360,81.08991667,299.81945,173117,173311,194
104,0,blank,0,37.08725,300.5138333,173311,173506,195
104,61,int,349,45.19135,296.1833667,173506,173696,190
104,61,int,349,67.31498333,290.9432833,173696,173892,196
104,61,int,349,61.27695,295.94645,173892,174022,130
104,59,const,342,295.8306333,306.3072833,174055,174252,197
104,59,const,342,282.8885167,302.3145167,174252,174450,198
104,29,text,173,313.5533833,307.9042,174450,174647,197
104,32,do,183,257.8028,302.2440833,174647,174843,196
104,32,do,183,236.5077667,306.1796,174843,175042,199
104,32,do,183,244.806,311.4402,175042,175108,66
104,0,blank,0,-323,-105,175140,175299,159
104,59,const,342,289.65815,300.3450333,175326,175512,186
104,29,text,173,290.87434,307.41382,175512,175690,178
104,29,text,173,341.52434,302.63458,175690,175856,166
104,29,text,173,320.42982,309.58784,175856,176025,169
104,59,const,342,299.22262,304.89622,176025,176195,170
104,59,const,342,294.3747667,304.3946667,176195,176298,103
104,0,blank,0,-323,-105,176333,176531,198
104,0,blank,0,-323,-105,176531,176672,141
104,29,text,173,402.01348,294.40392,176707,176883,176
104,0,blank,0,442.5556,306.75925,176883,177077,194
104,30,return,180,431.57146,310.43808,177077,177243,166
104,0,blank,0,462.3654333,302.9628833,177243,177436,193
104,0,blank,0,448.16645,305.3458,177436,177630,194
104,0,blank,0,508.2546667,308.5417333,177630,177823,193
104,0,blank,0,522.01854,302.75192,177823,177995,172
104,0,blank,0,480.35914,308.7674,177995,178163,168
104,0,blank,0,455.1704167,291.5721167,178163,178359,196
104,0,blank,0,453.1901167,299.6447333,178359,178549,190
104,0,blank,0,478.6260833,304.0454167,178549,178740,191
104,0,blank,0,508.7039,299.4438,178740,178935,195
104,0,blank,0,543.99835,301.85435,178935,179129,194
104,0,blank,0,516.9843333,307.9320167,179129,179321,192
104,0,blank,0,505.5767167,307.5220833,179321,179515,194
104,0,blank,0,516.2450333,309.0616,179515,179707,192
104,0,blank,0,556.5048167,318.7288833,179707,179900,193
104,0,blank,0,551.8473167,314.7114833,179900,180095,195
104,0,blank,0,544.75045,317.9964667,180095,180289,194
104,0,blank,0,611.2764833,318.9777,180289,180484,195
104,0,blank,0,603.33125,324.1673333,180484,180680,196
104,50,--,283,573.9821833,322.3142667,180680,180876,196
104,0,blank,0,591.1091833,318.3699333,180876,181069,193
104,50,),285,611.3363,321.5061333,181069,181265,196
104,50,),285,611.55985,324.17595,181265,181397,132
104,52,ins_len,296,280.63645,366.5466667,181430,181626,196
104,50,text_len,273,161.5762167,339.8393333,181658,181849,191
104,64,rm_length,367,185.1843167,344.9177167,181849,182038,189
104,0,blank,0,215.0904833,346.2084333,182038,182229,191
104,64,;,370,255.3811,348.9901333,182229,182415,186
104,0,blank,0,257.0565333,342.9321333,182415,182548,133
104,62,if,359,265.1268,354.2912,182548,182660,112
104,30,return,180,313.60065,344.48915,182660,182859,199
104,30,return,180,327.7092333,350.1956167,182859,183058,199
104,62,index,361,338.97035,353.5168667,183058,183246,188
104,30,return,180,292.4006667,346.6380667,183246,183436,190
104,62,index,361,322.39565,352.4392833,183436,183625,189
104,30,return,180,328.8838833,344.6741667,183625,183814,189
104,62,>=,362,359.5576,356.15785,183814,184001,187
104,29,text,173,345.1184167,314.6133333,184001,184190,189
104,59,const,342,318.6715667,298.8517167,184190,184379,189
104,29,text,173,314.4899667,307.3923833,184379,184568,189
104,29,text,173,340.2448833,325.49505,184568,184758,190
104,30,return,180,372.6807167,358.8354167,184758,184951,193
104,29,text,173,349.5326333,317.6254167,184951,185143,192
104,32,do,183,255.02815,317.6920167,185143,185331,188
104,32,do,183,226.0081333,313.2694333,185331,185519,188
104,70,s2,398,184.3027667,386.6736167,185519,185712,193
104,65,rm_length,375,164.0432,400.9321,185712,185899,187
104,34,rm_length,189,166.2027833,394.2012167,185899,186089,190
104,70,s2,398,187.273,389.42265,186089,186275,186
104,65,rm_length,375,273.6880833,379.5875,186275,186462,187
104,70,comma,399,219.74065,387.7313667,186462,186649,187
104,65,rm_length,375,202.2322667,384.8877833,186649,186836,187
104,70,index,400,235.2112667,391.8717833,186836,187021,185
104,70,index,400,253.7199833,392.5245833,187021,187208,187
104,70,),401,278.8140833,390.0785167,187208,187394,186
104,70,),401,275.0328833,391.6613667,187394,187581,187
104,65,],376,249.50065,396.38635,187581,187768,187
104,65,0,378,290.65285,399.9216,187768,187956,188
104,65,0,378,286.8909833,400.3632667,187956,188145,189
104,65,0,378,296.6078167,399.8971,188145,188331,186
104,65,0,378,324.2914667,396.9582833,188331,188518,187
104,65,0,378,315.67055,403.8436,188518,188707,189
104,54,i,311,329.7519333,408.8641667,188707,188896,189
104,65,0,378,355.8924833,396.8784,188896,189083,187
104,0,blank,0,-323,-105,189115,189222,107
104,52,],297,346.5867,370.4184,189258,189306,48
104,34,],195,359.931925,388.606875,189380,189500,120
104,54,<,307,194.1870833,427.6669167,189532,189716,184
104,67,rm_length,381,162.1783167,423.5469167,189716,189899,183
104,67,rm_length,381,167.7009,417.6674167,189899,190083,184
104,67,rm_length,381,211.22975,427.8607667,190083,190267,184
104,54,ins_len,308,238.6076333,426.78125,190267,190450,183
104,34,=,191,261.4928,430.02185,190450,190632,182
104,54,i,311,328.4636167,424.2599,190632,190815,183
104,65,0,378,306.0843333,429.0641667,190815,190999,184
104,65,0,378,290.534,431.01145,190999,191181,182
104,65,0,378,340.2909833,424.6665,191181,191368,187
104,65,0,378,329.8389833,433.04255,191368,191552,184
104,65,0,378,327.22774,429.58848,191552,191706,154
104,70,(,395,106.3618667,476.8358667,191737,191931,194
104,70,text,396,134.9765333,488.0541833,191931,192125,194
104,69,index,389,212.4613,467.8425333,192125,192307,182
104,0,blank,0,234.02085,450.679275,192307,192424,117
104,70,index,400,256.5120667,392.7500333,192453,192629,176
104,65,rm_length,375,204.0033833,402.6381833,192629,192814,185
104,65,rm_length,375,183.4305833,406.2284667,192814,192994,180
104,65,rm_length,375,184.81535,405.542825,192994,193119,125
104,0,blank,0,952.0628333,335.9342833,193179,193371,192
104,65,while,371,985.2001667,369.2992,193371,193557,186
104,0,blank,0,988.7165,342.0312167,193557,193747,190
104,0,blank,0,984.9638333,328.1269833,193747,193941,194
104,0,blank,0,979.8674,342.34622,193941,194097,156
104,56,i,323,216.3130167,469.59535,194159,194352,193
104,0,blank,0,221.2206,474.7607,194352,194382,30
105,26,for,151,54.77878333,228.9097,195563,195754,191
105,58,},327,13.08563333,227.91345,195754,195950,196
105,56,],324,359.9025,212.3906333,195982,196175,193
105,0,blank,0,411.4787,219.5401167,196175,196370,195
105,0,blank,0,434.6718833,221.3754667,196370,196565,195
105,0,blank,0,443.4301,230.619,196565,196598,33
105,59,text,332,205.3142,235.62436,196630,196798,168
105,27,0,170,255.83172,239.67056,196798,196970,172
105,59,comma,341,245.4716,234.509375,196970,197107,137
105,61,index,350,91.76544,277.82692,197142,197315,173
105,64,int,366,83.48,265.70416,197315,197490,175
105,59,remove,329,104.58252,236.37566,197490,197661,171
105,0,blank,0,183.6189,231.63298,197661,197836,175
105,59,text,332,222.88712,237.78778,197836,198010,174
105,24,0,147,274.14354,229.20138,198010,198183,173
105,24,0,147,266.10458,228.45314,198183,198352,169
105,24,0,147,261.1274667,225.0134667,198352,198456,104
105,0,blank,0,450.62118,215.39882,198489,198657,168
105,0,blank,0,431.8457833,220.8975833,198657,198856,199
105,0,blank,0,487.70962,222.32432,198856,199025,169
105,59,char,343,509.5845667,234.6343,199025,199218,193
105,0,blank,0,512.6769833,229.1505167,199218,199414,196
105,0,blank,0,525.9642,230.9232,199414,199447,33
105,26,index,156,180.87946,273.83986,199513,199682,169
105,27,text,165,160.7127167,276.3793667,199682,199881,199
105,65,while,371,105.69408,274.97482,199881,200048,167
105,61,int,349,60.5242,287.0592167,200048,200245,197
105,0,blank,0,79.25848,282.24216,200245,200413,168
105,0,blank,0,75.18744,281.97324,200413,200582,169
105,26,<,155,151.3253167,271.351,200582,200781,199
105,61,=,351,146.6506833,280.1296167,200781,200980,199
105,27,text,165,141.64144,276.34414,200980,201147,167
105,61,(,353,180.41645,278.4007833,201147,201345,198
105,61,(,353,182.1160167,278.8638833,201345,201542,197
105,13,pattern,92,155.0668667,274.3484333,201542,201739,197
105,13,pattern,92,156.9463167,273.50985,201739,201935,196
105,26,index,156,193.5454,270.7632667,201935,202131,196
105,0,blank,0,219.4595833,265.8735667,202131,202327,196
105,27,text,165,170.8579667,276.4121333,202327,202523,196
105,13,if,90,98.10765,272.2791333,202523,202717,194
105,59,],346,51.10176,275.77308,202717,202905,188
105,61,index,350,125.3653,293.3782,202905,203026,121
105,0,blank,0,-323,-105,203228,203313,85
105,59,char,343,168.5065,252.1959,203339,203366,27
105,26,<,155,150.6036333,265.6150167,203434,203622,188
105,64,rm_length,367,157.0887833,264.4315167,203622,203815,193
105,27,[,166,181.16335,276.6873333,203815,204010,195
105,27,text,165,173.9724167,275.2653333,204010,204207,197
105,61,f,352,168.3430833,281.5033667,204207,204401,194
105,26,<,155,145.4724333,273.0353833,204401,204597,196
105,26,index,156,179.6606667,272.5770667,204597,204793,196
105,13,pattern,92,157.5299333,272.573,204793,204991,198
105,13,pattern,92,176.9353167,274.91915,204991,205187,196
105,27,i,167,191.7384833,276.7768667,205187,205383,196
105,26,index,156,196.9194,273.5720667,205383,205481,98
105,59,comma,341,88.61108333,306.7681333,205516,205710,194
105,59,comma,341,89.68911667,300.6555,205710,205905,195
105,62,if,359,51.30636667,299.5475833,205905,206099,194
105,0,blank,0,76.80541667,292.7638167,206099,206295,196
105,61,=,351,145.4548667,290.2926167,206295,206491,196
105,67,rm_length,381,131.1143667,333.0017,206491,206686,195
105,0,blank,0,118.00874,345.2045,206686,206852,166
105,64,int,366,102.5085,345.79842,206852,207018,166
105,0,blank,0,65.97116667,340.5120667,207018,207214,196
105,0,blank,0,105.6341333,343.26005,207214,207409,195
105,0,blank,0,118.9129667,339.2205167,207409,207608,199
105,34,text,192,101.6207,343.07036,207608,207775,167
105,0,blank,0,133.5007833,340.3208,207775,207974,199
105,29,index,175,165.92938,339.70628,207974,208142,168
105,29,0,178,217.4650667,332.8204833,208142,208338,196
105,64,rm_length,367,175.0921,350.2528,208338,208533,195
105,64,rm_length,367,156.0948,355.3787667,208533,208725,192
105,64,rm_length,367,150.3306333,356.7230333,208725,208921,196
105,64,rm_length,367,196.2424167,355.1000167,208921,209119,198
105,64,rm_length,367,183.6397,361.13362,209119,209286,167
105,64,rm_length,367,177.97175,350.0924,209286,209353,67
105,29,text,173,324.15225,339.8078667,209386,209585,199
105,30,return,180,305.25012,341.13266,209585,209752,167
105,62,index,361,303.7062,355.31416,209752,209919,167
105,62,(,360,277.75656,354.3446,209919,210086,167
105,64,=,368,232.47416,351.50448,210086,210252,166
105,30,return,180,302.67272,348.82122,210252,210420,168
105,70,s2,398,186.0771,389.6742,210420,210588,168
105,67,rm_length,381,134.1644,412.29588,210588,210755,167
105,65,[,374,121.4869,414.58216,210755,210922,167
105,65,s1,373,106.1345667,408.2536167,210922,211121,199
105,65,s1,373,105.8913833,416.92575,211121,211320,199
105,67,rm_length,381,181.0042,414.498,211320,211488,168
105,34,rm_length,189,171.1701667,437.6832167,211488,211687,199
105,69,text,387,155.39474,455.43596,211687,211855,168
105,69,text,387,158.9985833,458.6527833,211855,212054,199
105,34,rm_length,189,182.62386,449.43398,212054,212221,167
105,0,blank,0,-323,-105,212320,212516,196
105,0,blank,0,-323,-105,212516,212693,177
105,0,blank,0,-323,-105,212693,212877,184
105,0,blank,0,-323,-105,212877,213053,176
105,0,blank,0,-323,-105,213053,213248,195
105,0,blank,0,-323,-105,213248,213443,195
105,0,blank,0,-323,-105,213443,213625,182
105,0,blank,0,-323,-105,213625,213797,172
105,0,blank,0,-323,-105,213797,213976,179
105,0,blank,0,-323,-105,213976,214152,176
105,0,blank,0,-323,-105,214152,214327,175
105,0,blank,0,-323,-105,214327,214502,175
105,0,blank,0,-323,-105,214502,214680,178
105,0,blank,0,-323,-105,214680,214863,183
105,0,blank,0,-323,-105,214863,215028,165
105,0,blank,0,-323,-105,215028,215267,239
105,0,blank,0,-323,-105,215267,215299,32
105,0,blank,0,-323,-105,215299,215570,271
105,0,blank,0,-323,-105,215570,215838,268
105,0,blank,0,-323,-105,215838,216017,179
105,0,blank,0,-323,-105,216017,216198,181
105,0,blank,0,-323,-105,216198,216250,52
105,0,blank,0,-323,-105,216250,216433,183
105,0,blank,0,-323,-105,216433,216463,30
105,0,blank,0,-323,-105,216463,216687,224
105,0,blank,0,-323,-105,216687,216930,243
105,0,blank,0,-323,-105,216930,217147,217
105,0,blank,0,-323,-105,217147,217341,194
105,0,blank,0,-323,-105,217341,217513,172
105,0,blank,0,-323,-105,217513,217591,78
105,0,blank,0,-323,-105,217591,217781,190
105,0,blank,0,-323,-105,217781,217960,179
105,0,blank,0,-323,-105,217960,218103,143
105,0,blank,0,-323,-105,218103,218359,256
105,0,blank,0,-323,-105,218359,218613,254
105,0,blank,0,-323,-105,218613,218867,254
105,0,blank,0,-323,-105,218867,219043,176
105,0,blank,0,-323,-105,219043,219219,176
105,0,blank,0,-323,-105,219219,219345,126
105,0,blank,0,-323,-105,219345,219527,182
105,0,blank,0,-323,-105,219527,220036,509
105,0,blank,0,-323,-105,220036,220260,224
105,0,blank,0,-323,-105,220260,220349,89
106,29,0,178,235.58122,338.47818,228584,228754,170
106,29,0,178,233.81404,339.8319,228754,228923,169
106,61,s1,356,215.68832,354.64622,228923,229088,165
106,70,s2,398,187.81536,394.95232,229088,229260,172
106,18,-1,106,126.27652,386.09758,229260,229426,166
106,61,index,350,84.82945,366.1210667,229426,229625,199
106,61,index,350,64.8758,354.9175333,229625,229824,199
106,70,(,395,105.9062333,379.5082833,229824,230020,196
106,70,text,396,158.74275,388.5478667,230020,230219,199
106,70,s2,398,184.893,392.4063667,230219,230414,195
106,70,comma,399,218.4476167,387.8968667,230414,230612,198
106,70,comma,399,215.89525,383.85985,230612,230807,195
106,70,comma,399,222.3051333,391.55815,230807,231003,196
106,70,comma,399,217.2588,390.7366333,231003,231201,198
106,65,rm_length,375,153.9629667,401.0522,231201,231398,197
106,70,index,400,228.82945,384.4927333,231398,231597,199
106,70,index,400,270.2533333,381.99135,231597,231792,195
106,70,index,400,257.62995,387.0729,231792,231986,194
106,52,ins_len,296,295.6520833,381.9940167,231986,232172,186
106,0,blank,0,296.67526,385.19288,232172,232329,157
106,65,rm_length,375,181.0151833,411.7611333,232361,232551,190
106,65,rm_length,375,130.9807667,416.9158667,232551,232739,188
106,65,rm_length,375,124.8821,411.3845833,232739,232928,189
106,65,rm_length,375,173.9444833,415.30585,232928,233116,188
106,65,rm_length,375,190.4755167,413.0716667,233116,233302,186
106,65,rm_length,375,223.8129167,414.6090333,233302,233488,186
106,65,rm_length,375,213.0559333,406.5981833,233488,233673,185
106,34,rm_length,189,236.5071833,440.6816167,233673,233860,187
106,35,],204,212.0028833,452.5817667,233860,234046,186
106,34,rm_length,189,163.46305,442.2373167,234046,234233,187
106,34,rm_length,189,149.4246167,441.8634667,234233,234418,185
106,34,rm_length,189,149.9578167,440.6859667,234418,234603,185
106,34,rm_length,189,152.8058833,445.1003667,234603,234788,185
106,34,rm_length,189,191.0325333,445.48845,234788,234975,187
106,34,rm_length,189,177.29415,438.4203333,234975,235160,185
106,34,rm_length,189,209.9967167,441.79655,235160,235345,185
106,34,rm_length,189,222.2932833,448.6222667,235345,235529,184
106,34,rm_length,189,218.7874333,446.4693167,235529,235713,184
106,69,index,389,277.2295833,464.6695833,235713,235899,186
106,70,index,400,236.9463,475.8107833,235899,236085,186
106,69,comma,390,226.4268833,465.7083333,236085,236269,184
106,35,],204,212.9805167,460.7870333,236269,236453,184
106,35,],204,208.8811833,454.6791833,236453,236638,185
106,69,rS,385,149.81935,468.3981167,236638,236825,187
106,69,(,386,172.6687333,471.7367167,236825,237011,186
106,69,(,386,173.031725,471.4299,237011,237134,123
106,35,0,206,279.1963167,460.0811333,237163,237349,186
106,56,],324,314.8364,459.4070667,237349,237534,185
106,35,while,198,382.7149333,458.7393833,237534,237717,183
106,37,void,210,342.2207333,457.1845333,237717,237903,186
106,69,index,389,346.2279333,463.2678333,237903,238087,184
106,69,index,389,364.0179,463.5872833,238087,238272,185
106,37,void,210,362.2549833,462.7724333,238272,238460,188
106,69,index,389,365.7197167,464.2475333,238460,238644,184
106,35,while,198,387.5259,460.3610167,238644,238829,185
106,35,while,198,386.1453833,469.9966167,238829,239017,188
106,69,index,389,370.97075,473.3935,239017,239079,62
106,0,blank,0,-323,-105,239143,239279,136
106,0,blank,0,-323,-105,239279,239358,79
106,34,rm_length,189,187.2618,430.19245,239385,239557,172
106,69,text,387,197.9105333,478.2047,239557,239743,186
106,69,),392,235.2498333,496.6548,239743,239925,182
106,69,index,389,264.9351333,495.70035,239925,240106,181
106,69,rm_length,391,231.7135667,493.7792167,240106,240289,183
106,69,rm_length,391,226.0450167,485.1666167,240289,240471,182
106,34,rm_length,189,214.6327667,448.4542333,240471,240655,184
106,34,rm_length,189,214.8090333,443.57755,240655,240841,186
106,35,],204,212.61455,455.2786,240841,241026,185
106,34,rm_length,189,193.7352667,442.38945,241026,241211,185
106,34,rm_length,189,177.5796,434.0799333,241211,241399,188
106,73,),409,178.2519667,577.9945167,241430,241622,192
106,73,void,408,160.8084,580.7247833,241622,241811,189
106,73,void,408,152.2944167,578.8884167,241811,242001,190
106,69,(,386,173.2754,465.4933667,242001,242189,188
106,69,rm_length,391,208.8479833,487.73315,242189,242376,187
106,24,0,147,251.3442167,516.8220833,242376,242564,188
106,76,text1:%s\n\n,421,206.84165,528.1781833,242564,242753,189
106,76,text1:%s\n\n,421,212.8896167,516.3384,242753,242940,187
106,35,0,206,284.1045333,456.8922333,242940,243128,188
106,35,0,206,248.85895,461.491,243128,243315,187
106,37,const,218,234.23205,453.5793167,243315,243505,190
106,69,index,389,256.399025,487.5937,243505,243637,132
106,24,0,147,271.53355,517.23825,243637,243826,189
106,73,main,406,328.4005,571.9122,243826,244017,191
106,73,main,406,291.33592,571.9179,244017,244188,171
106,73,main,406,253.5296,547.8384333,244188,244378,190
106,73,main,406,261.7675,531.2283667,244378,244567,189
106,73,main,406,265.3592167,532.4405167,244567,244756,189
106,24,0,147,254.46325,516.13015,244756,244943,187
106,69,rm_length,391,228.6081167,486.6235333,244943,245132,189
106,69,index,389,268.2710167,477.5909167,245132,245319,187
106,71,},403,192.0737,531.3170333,245351,245538,187
106,24,==,146,228.9901333,528.9447333,245538,245725,187
106,69,index,389,262.984,504.8495,245725,245910,185
106,24,0,147,260.7718,520.6836167,245910,246095,185
106,73,main,406,251.4467167,532.8393667,246095,246281,186
106,40,while,233,187.1861667,564.171,246281,246468,187
106,40,ins_len,237,167.4549667,562.5807333,246468,246654,186
106,73,void,408,148.47195,576.6012667,246654,246842,188
106,73,void,408,136.8743,582.1317667,246842,247028,186
106,73,void,408,134.85825,578.9528,247028,247090,62
106,73,main,406,246.8524667,569.0713167,247121,247307,186
106,40,while,233,212.6385,558.5929167,247307,247492,185
106,75,char,411,226.4032667,576.85895,247492,247683,191
106,73,main,406,290.6917667,566.49105,247683,247869,186
106,73,main,406,295.7701833,562.0194,247869,248057,188
106,73,main,406,308.8835167,550.8499833,248057,248244,187
106,75,;,418,184.4885833,597.4649,248275,248460,185
106,27,[,166,182.1239833,594.7156833,248460,248645,185
106,73,main,406,242.4982,591.0785167,248645,248827,182
106,80,"replaceString(text1,\iit\""",449,197.8479167,601.24895,248827,249019,192
106,75,;,418,189.7399833,596.4400833,249019,249207,188
106,73,),409,174.7053333,583.8868,249207,249392,185
106,40,ins_len,237,181.8574833,567.4983167,249392,249579,187
106,69,text,387,182.6725,466.9911,249579,249609,30
106,75,char,411,221.1385167,579.47675,249640,249826,186
106,80,"replaceString(text1,\iit\""",449,223.3663167,603.4940833,249826,250012,186
106,80,"replaceString(text1,\iit\""",449,216.9943,603.9713,250012,250105,93
106,65,rm_length,375,149.0241167,407.9457833,250167,250355,188
106,35,],204,214.1176,455.6093,250355,250386,31
106,73,main,406,280.44195,588.4943333,250417,250604,187
106,80,"replaceString(text1,\iit\""",449,268.6128167,601.68275,250604,250790,186
106,73,main,406,238.03385,592.5119,250790,250975,185
106,75,char,411,223.8642333,590.74965,250975,251161,186
106,73,int,405,227.70365,547.0104,251161,251346,185
106,73,main,406,241.50805,555.38215,251346,251407,61
106,0,blank,0,993.7533333,446.6780167,251471,251666,195
106,0,blank,0,990.208,458.16475,251666,251851,185
106,0,blank,0,946.9335,471.69245,251851,251916,65
106,69,rS,385,144.80245,475.6985167,251975,252162,187
106,69,rm_length,391,150.7101,495.355,252162,252196,34
106,0,blank,0,-20.38861667,427.6355167,252225,252419,194
106,0,blank,0,-58.3257,430.0906,252419,252482,63
106,0,blank,0,31.38695,386.7312,252513,252703,190
106,17,},104,47.2421,357.5006,252703,252796,93
107,3,const,29,295.66025,63.13745,278251,278387,136
107,0,blank,0,704.9113333,-10.84918333,278452,278648,196
107,0,blank,0,-323,-105,278833,279017,184
107,0,blank,0,-323,-105,279017,279211,194
107,0,blank,0,-323,-105,279211,279239,28
107,0,blank,0,-323,-105,279304,279491,187
107,0,blank,0,-323,-105,279491,279600,109
107,0,blank,0,-323,-105,279924,280102,178
107,0,blank,0,-323,-105,280102,280293,191
107,0,blank,0,-323,-105,280293,280481,188
107,0,blank,0,-323,-105,280481,280674,193
107,0,blank,0,-323,-105,280674,280863,189
107,0,blank,0,-323,-105,280863,281034,171
107,0,blank,0,-323,-105,281034,281213,179
107,0,blank,0,-323,-105,281213,281395,182
107,0,blank,0,-323,-105,281395,281572,177
107,0,blank,0,-323,-105,281572,281735,163
107,0,blank,0,-323,-105,281735,281813,78
107,0,blank,0,-323,-105,281813,281938,125
107,0,blank,0,-323,-105,281938,282134,196
107,0,blank,0,-323,-105,282134,282313,179
107,0,blank,0,-323,-105,282313,282509,196
107,0,blank,0,-323,-105,282509,282665,156
107,0,blank,0,-323,-105,282665,282813,148
107,0,blank,0,-323,-105,282813,283072,259
107,0,blank,0,-323,-105,283072,283252,180
107,0,blank,0,-323,-105,283252,283430,178
107,0,blank,0,-323,-105,283430,283466,36
107,0,blank,0,-323,-105,283466,283722,256
107,0,blank,0,-323,-105,283722,283976,254
107,0,blank,0,-323,-105,283976,284230,254
107,0,blank,0,-323,-105,284230,284412,182
107,0,blank,0,-323,-105,284412,284518,106
107,0,blank,0,-323,-105,284518,284614,96
107,0,blank,0,-323,-105,284614,284922,308
107,0,blank,0,-323,-105,284922,285112,190
107,0,blank,0,-323,-105,285112,285263,151
107,0,blank,0,-323,-105,285263,285399,136
107,0,blank,0,-323,-105,285399,285661,262
107,0,blank,0,-323,-105,285661,285939,278
107,0,blank,0,-323,-105,285939,286216,277
107,0,blank,0,-323,-105,286216,286407,191
107,0,blank,0,-323,-105,286407,286601,194
107,0,blank,0,-323,-105,286601,286740,139
107,0,blank,0,-323,-105,286740,286919,179
107,0,blank,0,-323,-105,286919,287097,178
107,0,blank,0,-323,-105,287097,287266,169
107,0,blank,0,-323,-105,287266,287397,131
107,0,blank,0,-323,-105,287397,287653,256
107,0,blank,0,102.65092,-103.81234,288088,288232,144
