Frameno_fix,lineno_fix,Tokenname_fix,tokens_id,gaze_X_fix,gaze_Y_fix,timestamp_fix_start,timestamp_fix_end,time_duration
100,0,blank,0,57.05345,-42.31273333,5087,5286,199
100,0,blank,0,55.01674,-38.89444,5286,5458,172
100,0,blank,0,51.9614,-17.7292,5458,5490,32
100,0,blank,0,252.94734,106.73818,5556,5716,160
100,0,blank,0,372.48298,-6.3131,5750,5920,170
100,0,blank,0,452.38612,-0.8542,5988,6158,170
100,0,blank,0,448.28036,0.31166,6158,6324,166
100,1,sentence,12,461.70156,11.67916,6324,6491,167
100,1,sentence,12,471.8725,9.1039,6491,6525,34
100,0,blank,0,97.96594,42.51468,6559,6727,168
100,2,include,14,52.08854,33.40398,6727,6896,169
100,2,include,14,50.42424,33.41656,6896,7065,169
100,2,stdio,16,110.42934,39.67834,7065,7232,167
100,0,blank,0,103.93438,44.41932,7232,7400,168
100,3,const,29,91.91912,54.90646,7400,7566,166
100,3,const,29,67.6447,52.68548,7566,7734,168
100,54,for,300,46.04074,43.16906,7734,7902,168
100,2,include,14,48.95804,40.14856,7902,8073,171
100,3,const,29,94.0841,55.74214,8073,8246,173
100,0,blank,0,118.7306,52.42452,8246,8416,170
100,3,char,30,147.47076,48.20034,8416,8589,173
100,3,char,30,140.6854,53.48022,8589,8759,170
100,3,const,29,84.31814,51.22604,8759,8930,171
100,3,const,29,80.2008,61.59104,8930,9101,171
100,3,(,22,59.12208,65.0452,9101,9273,172
100,3,f,21,44.066025,60.5038,9273,9409,136
100,0,blank,0,42.3371,62.98566,9550,9731,181
100,0,blank,0,100.12364,43.54534,9800,9977,177
100,3,const,29,97.38302,54.36356,9977,10149,172
100,2,stdio,16,110.70105,40.1988,10149,10218,69
100,1,given,11,408.14408,11.30034,10253,10426,173
100,0,blank,0,444.1192,14.90318,10426,10598,172
100,3,const,29,82.63566,55.63442,10667,10841,174
100,3,const,29,81.38372,59.678,10841,11012,171
100,0,blank,0,42.7238,48.27434,11012,11180,168
100,0,blank,0,38.32434,49.70932,11180,11351,171
100,0,blank,0,37.64952,57.49778,11351,11521,170
100,56,index,316,137.78196,77.82954,11554,11723,169
100,56,index,316,140.62308,74.54268,11723,11890,167
100,0,blank,0,76.39782,111.36018,11890,12059,169
100,0,blank,0,66.84388,73.27458,12059,12226,167
100,3,const,29,64.6965,65.16266,12226,12396,170
100,0,blank,0,117.74116,50.3827,12396,12565,169
100,3,const,29,103.25296,51.21652,12565,12736,171
100,0,blank,0,65.49912,71.15298,12736,12904,168
100,3,(,22,55.67242,57.38302,12904,13073,169
100,3,f,21,45.29162,57.3728,13073,13240,167
100,0,blank,0,93.02356,71.59632,13240,13406,166
100,0,blank,0,148.4330667,70.61013333,13406,13605,199
100,0,blank,0,92.23211667,68.3721,13605,13803,198
100,0,blank,0,58.07795,72.30758333,13803,14000,197
100,0,blank,0,24.0773,79.7406,14000,14166,166
100,3,int,20,7.36734,67.82672,14166,14335,169
100,0,blank,0,-11.62906667,63.12896667,14335,14532,197
100,0,blank,0,-7.7282,66.39728,14532,14697,165
100,0,blank,0,240.8284667,75.70061667,14732,14929,197
100,56,],324,225.21335,83.2228,14929,14996,67
100,0,blank,0,71.92923333,68.51248333,15030,15229,199
100,0,blank,0,54.57131667,58.23046667,15229,15426,197
100,0,blank,0,42.3449,59.77871667,15426,15623,197
100,6,!=,43,115.1811,114.6307,15623,15822,199
100,6,!=,43,115.0468,116.59282,15822,15990,168
100,56,index,316,184.7409667,88.59235,15990,16189,199
100,56,i,323,216.6074,76.82408333,16189,16387,198
100,3,const,29,320.1827,50.56571667,16387,16585,198
100,3,char,30,136.87805,57.3567,16618,16816,198
100,3,char,30,140.2808667,60.45453333,16816,17012,196
100,0,blank,0,89.3138,71.34808333,17012,17205,193
100,56,text,314,85.87796667,80.42733333,17205,17303,98
100,3,const,29,300.3669,62.91548333,17336,17533,197
100,0,blank,0,270.791075,70.3027,17533,17663,130
100,3,const,29,111.1457667,65.70413333,17695,17889,194
100,3,const,29,112.5028,66.94415,17889,18052,163
100,56,text,314,107.5037,75.5602,18052,18142,90
100,0,blank,0,111.9143,71.22986667,18142,18337,195
100,3,const,29,71.5082,62.49821667,18337,18530,193
100,0,blank,0,122.5991167,69.41383333,18530,18727,197
100,0,blank,0,247.9650833,63.48876667,18727,18924,197
100,56,[,322,301.25395,75.86571667,18924,19121,197
100,0,blank,0,120.57142,140.86028,19154,19318,164
100,0,blank,0,48.86016,422.44538,19350,19516,166
100,20,void,109,43.65192,424.55292,19516,19684,168
100,20,void,109,39.57941667,424.66245,19684,19877,193
100,20,void,109,30.87795,431.6972,19877,20009,132
100,0,blank,0,967.595,212.8873667,20075,20271,196
100,0,blank,0,1016.77,261.5563,20271,20304,33
100,65,rm_length,375,241.51595,284.0200833,20369,20561,192
100,0,blank,0,246.3036,293.4003667,20561,20753,192
100,0,blank,0,395.0715167,224.9014167,20785,20977,192
100,0,blank,0,399.032,226.0306,20977,21009,32
100,0,blank,0,-321.9,-103.8854,21108,21318,210
100,65,rm_length,375,271.9693667,284.271,21409,21598,189
100,9,0,71,314.8277,197.89875,21598,21790,192
100,61,),357,271.1885333,199.28655,21790,21982,192
100,59,char,343,165.3110667,147.4847,21982,22174,192
100,59,char,343,158.7500833,140.3533667,22174,22365,191
100,0,blank,0,170.3239167,125.10405,22365,22557,192
100,6,text,46,187.8406833,113.2361833,22557,22752,195
100,0,blank,0,212.0885833,107.2323167,22752,22945,193
100,56,index,316,166.2673667,88.80056667,22945,23140,195
100,56,index,316,141.9413833,87.21341667,23140,23336,196
100,0,blank,0,139.89525,93.62705,23336,23534,198
100,0,blank,0,185.6523167,87.78796667,23534,23731,197
100,3,const,29,267.27416,57.29328,23731,23893,162
100,0,blank,0,945.9415,-95.87196667,23957,24156,199
100,0,blank,0,966.953,-105.0104,24156,24188,32
100,0,blank,0,968.23475,-67.712,24221,24357,136
100,0,blank,0,940.21175,-103.9797,24422,24557,135
100,0,blank,0,989.3684,778.39438,24590,24763,173
100,0,blank,0,982.6725,766.0124,24763,24830,67
100,9,pattern,73,206.1464,191.3572333,24931,25130,199
100,6,0,52,150.04514,129.32652,25130,25297,167
100,0,blank,0,140.97528,107.7515,25297,25463,166
100,56,],324,228.02918,88.2186,25463,25631,168
100,56,],324,321.5394833,77.4548,25631,25828,197
100,0,blank,0,341.59556,82.00592,25828,25995,167
100,0,blank,0,343.67254,86.50522,25995,26164,169
100,0,blank,0,394.9181,87.85138,26164,26333,169
100,0,blank,0,386.2512,73.0996,26333,26403,70
100,59,text,332,185.7574,138.08712,26434,26602,168
100,59,char,343,154.91008,147.71704,26602,26770,168
100,0,blank,0,193.30974,158.74752,26770,26937,167
100,59,text,332,203.75474,150.40444,26937,27107,170
100,0,blank,0,216.4841167,159.4142167,27107,27306,199
100,59,text,332,187.35646,154.308,27306,27472,166
100,59,char,343,135.6803,147.4882667,27472,27669,197
100,0,blank,0,305.57815,136.9091,27669,27867,198
100,59,const,342,312.4274667,137.8760667,27867,28065,198
100,59,comma,341,270.5329833,149.2851333,28065,28260,195
100,59,],346,250.29275,144.7996333,28260,28459,199
100,9,j,82,251.02295,180.377325,28459,28590,131
100,3,text,25,182.84415,66.0071,28622,28819,197
100,3,char,30,145.0375667,62.15696667,28819,29017,198
100,3,char,30,137.2951333,65.1849,29017,29215,198
100,56,+,317,198.43006,76.89746,29215,29381,166
100,0,blank,0,210.13218,76.1494,29381,29548,167
100,0,blank,0,207.5626667,85.64026667,29548,29648,100
100,20,[,114,190.0081833,428.0028167,29852,30050,198
100,0,blank,0,130.66794,438.993,30050,30219,169
100,73,void,408,135.3387,448.1526,30219,30254,35
100,0,blank,0,-323,-105,30420,30611,191
100,0,blank,0,-323,-105,30611,30793,182
100,20,int,120,351.1392667,425.77635,30827,31014,187
100,6,++,54,372.35758,120.2425,31050,31222,172
100,0,blank,0,463.2852,58.11532,31222,31392,170
100,3,[,32,448.96108,61.60542,31392,31559,167
100,0,blank,0,412.0689,87.28653333,31559,31660,101
100,3,text,25,177.58348,50.99118,31692,31860,168
100,54,ins_len,308,277.81134,28.71246,31860,32031,171
100,0,blank,0,301.2793,27.19006,32031,32201,170
100,54,++,310,322.2877,36.29,32201,32235,34
100,3,[,32,447.0838,54.22822,32270,32439,169
100,3,pattern,31,438.2627,48.57444,32439,32607,168
100,3,pattern,31,442.786,47.65044,32607,32777,170
100,3,pattern,31,440.73684,48.70788,32777,32947,170
100,0,blank,0,471.1138333,46.44856667,32947,33050,103
100,0,blank,0,960.1826,87.70152,33084,33256,172
100,0,blank,0,988.51,152.42564,33256,33431,175
100,0,blank,0,999.9616,153.05904,33431,33608,177
100,0,blank,0,987.4974,143.82608,33608,33786,178
100,0,blank,0,978.1986,125.56456,33786,33966,180
100,0,blank,0,985.1706,126.76376,33966,34142,176
100,0,blank,0,988.4962,137.5463,34142,34319,177
100,0,blank,0,992.6154,138.17932,34319,34500,181
100,0,blank,0,984.6728,145.83864,34500,34681,181
100,0,blank,0,986.668,135.59656,34681,34859,178
100,0,blank,0,982.78625,137.072675,34859,35005,146
101,0,blank,0,223.57212,475.37618,36671,36840,169
101,23,i,138,183.82324,499.89444,36840,37009,169
101,75,iitkgp,417,276.67566,491.09068,37009,37183,174
101,0,blank,0,285.66562,483.89388,37183,37351,168
101,76,text1:%s\n\n,421,211.22578,520.62988,37351,37521,170
101,76,text1:%s\n\n,421,195.99696,528.11802,37521,37689,168
101,26,index,156,207.1608,554.5179,37689,37722,33
101,0,blank,0,104.8403,668.4694,37756,37790,34
101,75,text1,412,119.9245333,496.51565,37823,38019,196
101,0,blank,0,107.5305,475.5855,38019,38186,167
101,76,text1:%s\n\n,421,128.506825,520.315275,38186,38359,173
101,76,text1:%s\n\n,421,159.9975,515.7051,38359,38476,117
101,76,text1:%s\n\n,421,174.3782,518.8197,38476,38673,197
101,76,text1:%s\n\n,421,185.5446667,517.6648,38673,38777,104
101,77,"replaceString(text1,\kgp\""",428,172.9792,553.9774,38946,39113,167
101,80,"replaceString(text1,\iit\""",449,174.2806,611.4728,39113,39146,33
101,0,blank,0,-323,-105,39179,39371,192
101,0,blank,0,-323,-105,39371,39551,180
101,0,blank,0,-323,-105,39551,39742,191
101,0,blank,0,-323,-105,39742,39927,185
101,0,blank,0,-323,-105,39927,40109,182
101,0,blank,0,-323,-105,40109,40236,127
101,0,blank,0,-323,-105,40236,40378,142
101,0,blank,0,-323,-105,40378,40482,104
101,0,blank,0,-323,-105,40482,40670,188
101,0,blank,0,-323,-105,40670,40842,172
101,0,blank,0,-323,-105,40842,40954,112
101,0,blank,0,-323,-105,40954,41152,198
101,0,blank,0,-323,-105,41152,41343,191
101,0,blank,0,-323,-105,41343,41532,189
101,0,blank,0,-323,-105,41532,41680,148
101,0,blank,0,-323,-105,41680,41860,180
101,0,blank,0,-323,-105,41860,42103,243
101,0,blank,0,-323,-105,42103,42352,249
101,0,blank,0,-323,-105,42352,42606,254
101,0,blank,0,-323,-105,42606,42774,168
101,0,blank,0,-323,-105,42774,42877,103
101,0,blank,0,-323,-105,42877,43012,135
101,0,blank,0,-323,-105,43012,43189,177
101,0,blank,0,-323,-105,43189,43369,180
101,0,blank,0,-323,-105,43369,43487,118
101,0,blank,0,-323,-105,43487,43728,241
101,0,blank,0,-323,-105,43728,43753,25
101,0,blank,0,-323,-105,43753,44141,388
101,0,blank,0,-323,-105,44141,44234,93
101,0,blank,0,-323,-105,44234,44377,143
101,0,blank,0,-323,-105,44377,44585,208
101,0,blank,0,-323,-105,44585,44798,213
101,0,blank,0,-323,-105,44798,45036,238
101,76,printf,419,95.181,512.59755,45060,45245,185
101,75,50,414,163.2223,506.7461333,45245,45401,156
101,0,blank,0,-323,-105,45448,45520,72
101,0,blank,0,153.21865,462.3923,45685,45795,110
101,75,text1,412,136.8707,490.3919333,45898,46051,153
101,76,text1:%s\n\n,421,138.5426,528.74542,46051,46234,183
101,76,text1:%s\n\n,421,146.394425,530.2128,46234,46404,170
101,77,"replaceString(text1,\kgp\""",428,150.17928,533.86232,46404,46568,164
101,76,printf,419,95.174775,528.17,46568,46741,173
101,76,printf,419,51.6966,522.70785,46741,46940,199
101,0,blank,0,32.6077,546.6027,46940,46973,33
101,26,for,151,43.19803333,555.09895,47068,47263,195
101,0,blank,0,94.94285,532.2239833,47263,47462,199
101,77,printf,426,102.84575,545.257,47462,47530,68
101,77,"replaceString(text1,\kgp\""",428,124.60835,542.1149167,47723,47922,199
101,77,(,427,118.26718,536.7735,47922,48090,168
101,76,text1:%s\n\n,421,139.18192,528.99028,48090,48256,166
101,77,"replaceString(text1,\kgp\""",428,157.87124,536.17866,48256,48428,172
101,77,"replaceString(text1,\kgp\""",428,153.7519167,534.7918667,48428,48627,199
101,77,"replaceString(text1,\kgp\""",428,199.9899,535.45996,48627,48798,171
101,77,"replaceString(text1,\kgp\""",428,233.3957167,537.2887333,48798,48997,199
101,0,blank,0,105.0002,531.21412,49031,49198,167
101,77,"replaceString(text1,\kgp\""",428,143.16346,535.61906,49198,49364,166
101,0,blank,0,167.3926,532.12955,49364,49563,199
101,76,text1:%s\n\n,421,151.95934,528.09382,49563,49730,167
101,77,"replaceString(text1,\kgp\""",428,144.32696,533.36832,49730,49901,171
101,76,text1:%s\n\n,421,127.6387,529.58035,49901,50100,199
101,76,printf,419,63.31688,531.93828,50100,50269,169
101,0,blank,0,29.4789,529.427075,50269,50399,130
101,75,=,416,200.18015,506.7081833,50432,50628,196
101,75,text1,412,96.39538333,502.7087667,50628,50826,198
101,0,blank,0,84.4228,506.7947167,50826,51023,197
101,75,text1,412,94.95512,508.01362,51023,51188,165
101,76,text1:%s\n\n,421,128.5221,524.14205,51188,51385,197
101,76,text1:%s\n\n,421,162.8404833,520.10205,51385,51582,197
101,76,text1:%s\n\n,421,241.3275,513.5193,51582,51752,170
101,24,0,147,241.7255,510.6244,51752,51947,195
101,24,==,146,233.4044,510.0951667,51947,52045,98
101,76,printf,419,47.75196667,527.9916167,52078,52274,196
101,76,printf,419,68.82756667,520.7588333,52274,52470,196
101,76,text1:%s\n\n,421,175.19105,516.7652333,52470,52668,198
101,76,text1:%s\n\n,421,177.3949167,522.97755,52668,52866,198
101,76,text1:%s\n\n,421,161.3153,514.5716,52866,53063,197
101,76,text1:%s\n\n,421,155.18278,522.20988,53063,53227,164
101,76,text1:%s\n\n,421,153.27468,515.50232,53227,53398,171
101,76,text1:%s\n\n,421,147.54185,519.071275,53398,53570,172
101,77,"replaceString(text1,\kgp\""",428,148.4339667,550.8753167,53570,53765,195
101,76,text1:%s\n\n,421,150.197125,521.8925,53765,53926,161
101,0,blank,0,110.10168,520.49914,53926,54095,169
101,0,blank,0,108.5316,515.3391,54095,54160,65
101,0,blank,0,-323,-105,54225,54422,197
101,0,blank,0,-323,-105,54422,54614,192
101,0,blank,0,-323,-105,54614,54783,169
101,0,blank,0,-323,-105,54783,54964,181
101,0,blank,0,-323,-105,54964,55156,192
101,0,blank,0,-323,-105,55156,55281,125
101,0,blank,0,-323,-105,55281,55452,171
101,0,blank,0,-323,-105,55452,55620,168
101,0,blank,0,-323,-105,55620,55819,199
101,0,blank,0,-323,-105,55819,56013,194
101,0,blank,0,-323,-105,56013,56195,182
101,0,blank,0,-323,-105,56195,56378,183
101,0,blank,0,-323,-105,56378,56572,194
101,0,blank,0,-323,-105,56572,56706,134
101,0,blank,0,-323,-105,56706,56850,144
101,0,blank,0,-323,-105,56850,56990,140
101,0,blank,0,-323,-105,56990,57107,117
101,0,blank,0,-323,-105,57107,57238,131
101,0,blank,0,-323,-105,57238,57424,186
101,0,blank,0,-323,-105,57424,57538,114
101,0,blank,0,204.3196667,470.2976667,57570,57737,167
101,0,blank,0,228.2694,463.6835,57737,57786,49
101,0,blank,0,127.15855,472.71275,57838,58029,191
101,0,blank,0,156.94875,446.040375,58029,58226,197
101,75,iitkgp,417,228.5699,502.630925,58226,58425,199
101,77,"replaceString(text1,\kgp\""",428,259.1409,535.0812,58425,58527,102
101,0,blank,0,-323,-105,58611,58799,188
101,0,blank,0,-323,-105,58799,58974,175
101,0,blank,0,-323,-105,58974,59159,185
101,0,blank,0,-323,-105,59159,59349,190
101,0,blank,0,-323,-105,59349,59507,158
101,0,blank,0,-323,-105,59507,59677,170
101,0,blank,0,-323,-105,59677,59865,188
101,0,blank,0,-323,-105,59865,60045,180
101,0,blank,0,-323,-105,60045,60218,173
101,0,blank,0,-323,-105,60218,60312,94
101,0,blank,0,-323,-105,60312,60508,196
101,0,blank,0,-323,-105,60508,60643,135
101,0,blank,0,-323,-105,60643,60778,135
101,0,blank,0,-323,-105,60778,60946,168
101,0,blank,0,-323,-105,60946,61126,180
101,0,blank,0,-323,-105,61126,61287,161
101,0,blank,0,-323,-105,61287,61470,183
101,0,blank,0,-323,-105,61470,61642,172
101,0,blank,0,-323,-105,61642,61705,63
101,0,blank,0,-323,-105,61705,61908,203
101,0,blank,0,-323,-105,61908,62109,201
101,0,blank,0,-323,-105,62109,62284,175
101,0,blank,0,-323,-105,62284,62458,174
101,0,blank,0,-323,-105,62458,62657,199
101,0,blank,0,-323,-105,62657,62847,190
101,0,blank,0,-323,-105,62847,63027,180
101,0,blank,0,-323,-105,63027,63210,183
101,0,blank,0,-323,-105,63210,63369,159
101,0,blank,0,-323,-105,63369,63495,126
101,0,blank,0,-323,-105,63495,63585,90
101,0,blank,0,-323,-105,63585,63777,192
101,0,blank,0,-323,-105,63777,63976,199
101,0,blank,0,-323,-105,63976,64162,186
101,0,blank,0,-323,-105,64162,64358,196
101,0,blank,0,-323,-105,64358,64532,174
101,0,blank,0,-323,-105,64532,64729,197
101,0,blank,0,-323,-105,64729,64900,171
101,0,blank,0,-323,-105,64900,65066,166
101,0,blank,0,-323,-105,65066,65120,54
101,79,text1,444,307.1902333,580.5181333,65626,65809,183
101,78,kharagpur,437,288.9680667,563.2834833,65809,65996,187
102,78,kharagpur,437,284.4445,566.3548,66057,66089,32
102,78,text1,433,138.35308,565.04932,66120,66304,184
102,78,text1,433,135.2348667,563.8677667,66304,66399,95
102,78,kharagpur,437,332.9152667,558.3604,66431,66619,188
102,78,kharagpur,437,336.4200833,562.4525667,66619,66808,189
102,78,;,439,377.7011667,558.03665,66808,66998,190
102,77,"replaceString(text1,\kgp\""",428,393.4852,547.5557833,66998,67190,192
102,77,"replaceString(text1,\kgp\""",428,354.1526167,551.3124167,67190,67382,192
102,78,kharagpur,437,352.74285,555.7677833,67382,67574,192
102,77,"replaceString(text1,\kgp\""",428,385.6668833,544.8427167,67574,67764,190
102,77,"replaceString(text1,\kgp\""",428,406.24975,547.52505,67764,67957,193
102,27,if,163,420.2467667,563.6066333,67957,68150,193
102,77,"replaceString(text1,\kgp\""",428,508.5277833,537.7966167,68150,68342,192
102,77,"replaceString(text1,\kgp\""",428,487.2941167,545.4394667,68342,68537,195
102,77,"replaceString(text1,\kgp\""",428,456.8335,545.4974167,68537,68733,196
102,77,"replaceString(text1,\kgp\""",428,420.30025,552.9795667,68733,68925,192
102,77,"replaceString(text1,\kgp\""",428,387.8665,544.6617,68925,69118,193
102,27,if,163,405.74895,555.1075167,69118,69312,194
102,77,"replaceString(text1,\kgp\""",428,412.35385,553.61025,69312,69504,192
102,77,"replaceString(text1,\kgp\""",428,256.42935,539.4491,69536,69728,192
102,77,"replaceString(text1,\kgp\""",428,221.7227833,537.4441,69728,69925,197
102,76,text1:%s\n\n,421,196.2902833,528.4729,69925,70116,191
102,76,text1:%s\n\n,421,218.0154167,531.2286667,70116,70309,193
102,76,text1:%s\n\n,421,213.7838,529.7158,70309,70341,32
102,77,"replaceString(text1,\kgp\""",428,373.6538833,547.3140167,70373,70565,192
102,78,;,439,381.3459167,555.3250667,70565,70757,192
102,78,kharagpur,437,342.5695833,559.14555,70757,70947,190
102,0,blank,0,385.156175,554.1405,70947,71074,127
102,78,kgp,435,216.2205167,562.5979667,71106,71296,190
102,26,for,151,243.02625,561.7225167,71296,71487,191
102,77,"replaceString(text1,\kgp\""",428,262.6299333,547.4677667,71487,71588,101
102,77,"replaceString(text1,\kgp\""",428,473.6747333,552.63775,71620,71814,194
102,77,"replaceString(text1,\kgp\""",428,362.9474,545.35785,71814,72006,192
102,78,;,439,374.37976,556.06976,72006,72165,159
102,27,if,163,450.62382,583.58704,72165,72347,182
102,77,"replaceString(text1,\kgp\""",428,498.9357167,547.8908667,72347,72544,197
102,77,"replaceString(text1,\kgp\""",428,530.55045,541.4129667,72544,72742,198
102,77,"replaceString(text1,\kgp\""",428,495.1693833,541.7102333,72742,72940,198
102,77,"replaceString(text1,\kgp\""",428,454.0026667,543.6446167,72940,73135,195
102,77,"replaceString(text1,\kgp\""",428,444.9220167,548.2567667,73135,73328,193
102,77,"replaceString(text1,\kgp\""",428,414.65235,544.8788667,73328,73524,196
102,77,"replaceString(text1,\kgp\""",428,376.8266333,546.4053333,73524,73620,96
102,77,"replaceString(text1,\kgp\""",428,503.40018,549.09536,73745,73915,170
102,77,"replaceString(text1,\kgp\""",428,521.14195,541.3967667,73915,74112,197
102,77,"replaceString(text1,\kgp\""",428,545.6277667,541.42615,74112,74311,199
102,77,"replaceString(text1,\kgp\""",428,567.4117,544.1073167,74311,74507,196
102,77,"replaceString(text1,\kgp\""",428,584.8479167,548.79675,74507,74700,193
102,77,"replaceString(text1,\kgp\""",428,573.6830167,550.7465,74700,74894,194
102,77,"replaceString(text1,\kgp\""",428,572.7077667,544.7384833,74894,75087,193
102,27,if,163,578.8132833,557.1082667,75087,75278,191
102,27,if,163,593.83396,555.86278,75278,75439,161
102,78,kharagpur,437,297.72638,572.86886,75470,75632,162
102,78,kharagpur,437,273.2001,568.55258,75632,75802,170
102,78,kgp,435,231.25112,560.94738,75802,75970,168
102,78,kgp,435,206.1199167,566.6374167,75970,76163,193
102,0,blank,0,202.1472,576.689,76163,76195,32
102,77,"replaceString(text1,\kgp\""",428,566.3966833,539.7973167,76261,76458,197
102,77,"replaceString(text1,\kgp\""",428,582.8476667,547.2855833,76458,76652,194
102,77,"replaceString(text1,\kgp\""",428,583.2671167,549.5883333,76652,76848,196
102,77,"replaceString(text1,\kgp\""",428,570.9476,546.3248667,76848,77043,195
102,77,"replaceString(text1,\kgp\""",428,572.2471833,542.7334667,77043,77240,197
102,77,"replaceString(text1,\kgp\""",428,588.1518333,538.5424333,77240,77437,197
102,78,kgp,435,211.4876667,575.0605333,77469,77664,195
102,27,text,165,123.9374667,579.5497,77664,77863,199
102,78,text1,433,117.4157333,567.2192333,77863,78062,199
102,79,text1:%s\n\n,442,132.04062,582.04344,78062,78230,168
102,79,text1:%s\n\n,442,171.7088833,586.5837167,78230,78424,194
102,79,text1:%s\n\n,442,180.8276833,584.8459833,78424,78620,196
102,79,text1:%s\n\n,442,180.67445,590.9611333,78620,78817,197
102,79,text1:%s\n\n,442,135.68965,588.7862833,78817,79010,193
102,79,text1:%s\n\n,442,142.05892,595.75744,79010,79168,158
102,79,text1:%s\n\n,442,146.0394,597.07985,79168,79277,109
102,79,text1:%s\n\n,442,146.4489,591.0737,79277,79387,110
102,81,text1,454,88.90985,622.5213,79387,79585,198
102,80,(,448,122.9599667,612.2347333,79585,79780,195
102,80,"replaceString(text1,\iit\""",449,150.5359167,599.0391833,79780,79972,192
102,81,iit,456,171.4339333,633.4357667,79972,80168,196
102,80,"replaceString(text1,\iit\""",449,180.73825,609.5149667,80200,80389,189
102,79,text1:%s\n\n,442,209.3243167,592.8068667,80389,80582,193
102,79,text1:%s\n\n,442,219.7530667,583.8678167,80582,80774,192
102,79,text1:%s\n\n,442,209.38765,588.1301,80774,80966,192
102,79,text1:%s\n\n,442,254.71805,582.4189,80966,81157,191
102,79,comma,443,275.6469,595.77642,81157,81345,188
102,79,text1,444,323.12622,586.61792,81345,81514,169
102,78,kharagpur,437,260.6677333,575.6763667,81514,81704,190
102,79,text1:%s\n\n,442,251.4354167,584.9813,81704,81896,192
102,79,text1:%s\n\n,442,251.70228,589.53736,81896,82067,171
102,79,text1:%s\n\n,442,205.1262,583.7842167,82067,82266,199
102,79,text1:%s\n\n,442,172.93165,589.3755667,82266,82461,195
102,80,"replaceString(text1,\iit\""",449,124.8217167,607.5594667,82461,82659,198
102,79,text1:%s\n\n,442,165.7728667,588.79105,82659,82853,194
102,78,text1,433,134.1039,563.4118667,82853,83048,195
102,77,"replaceString(text1,\kgp\""",428,198.2397333,553.9478333,83048,83242,194
102,78,kgp,435,203.4728,558.4356,83242,83275,33
102,62,>=,362,165.9748,215.6042,83307,83502,195
102,61,=,351,143.9236,190.0318167,83502,83699,197
102,0,blank,0,135.53775,200.0639667,83699,83898,199
102,62,index,361,135.3439,207.3519333,83898,83997,99
102,77,"replaceString(text1,\kgp\""",428,127.2791333,537.8048333,84030,84225,195
102,78,text1,433,129.13955,564.7909667,84225,84414,189
102,78,kgp,435,207.4322167,556.3139833,84414,84611,197
102,77,"replaceString(text1,\kgp\""",428,139.71154,553.94416,84611,84782,171
102,78,kgp,435,206.7612,557.74406,84782,84955,173
102,78,kgp,435,221.0172667,561.7608,84955,85061,106
102,0,blank,0,-322.6554,-104.6124,85242,85410,168
102,79,text1:%s\n\n,442,207.08128,581.33838,85468,85635,167
102,26,for,151,251.03038,561.28226,85635,85808,173
102,78,kharagpur,437,272.28448,557.26582,85808,85977,169
102,78,kharagpur,437,274.6784833,563.8162167,85977,86175,198
102,77,"replaceString(text1,\kgp\""",428,329.8608833,549.0982333,86175,86371,196
102,77,"replaceString(text1,\kgp\""",428,326.6532667,550.88,86371,86570,199
102,77,"replaceString(text1,\kgp\""",428,385.4321667,543.8566167,86570,86769,199
102,77,"replaceString(text1,\kgp\""",428,398.2186833,545.0016167,86769,86967,198
102,77,"replaceString(text1,\kgp\""",428,394.5529,543.8891,86967,87001,34
102,76,text1:%s\n\n,421,255.07225,531.2705,87067,87210,143
102,0,blank,0,472.8272,504.348,87243,87276,33
102,0,blank,0,973.0046667,538.1192667,87345,87544,199
102,0,blank,0,972.4518,511.95318,87544,87711,167
102,0,blank,0,980.1756,507.61676,87711,87879,168
102,0,blank,0,982.5502,509.86436,87879,88047,168
102,0,blank,0,980.861,504.71126,88047,88215,168
102,0,blank,0,992.2893333,513.01065,88215,88414,199
102,77,"replaceString(text1,\kgp\""",428,334.06588,549.67192,88482,88650,168
102,77,"replaceString(text1,\kgp\""",428,272.1887333,548.8989333,88650,88750,100
102,77,"replaceString(text1,\kgp\""",428,601.23864,536.09252,88784,88955,171
102,77,"replaceString(text1,\kgp\""",428,456.8990667,552.0941667,88955,89153,198
102,26,),162,379.5607,554.29945,89153,89349,196
102,78,kharagpur,437,354.3779333,556.3119167,89349,89546,197
102,27,if,163,418.451875,562.029375,89546,89681,135
102,0,blank,0,1016.334333,520.1376333,89748,89944,196
102,0,blank,0,999.714,523.5499667,89944,90041,97
102,61,f,352,170.8483833,199.0477,90136,90330,194
102,0,blank,0,153.0201,175.8914,90330,90394,64
102,26,index,156,152.7993833,554.0908833,90459,90652,193
102,77,"replaceString(text1,\kgp\""",428,208.7370167,544.5204,90652,90848,196
102,78,kgp,435,223.9794,561.4353,90848,91008,160
102,0,blank,0,198.9998,158.5749167,91040,91237,197
102,8,=,59,105.3662833,171.89535,91237,91433,196
102,61,index,350,114.4281,181.80605,91433,91498,65
103,5,comma,38,101.84682,103.4859,94867,95036,169
103,6,0,52,143.38035,116.48895,95036,95105,69
103,0,blank,0,317.9553,100.08704,95140,95311,171
103,0,blank,0,652.9278667,116.1292333,95345,95451,106
103,0,blank,0,260.6896,109.49614,95484,95657,173
103,0,blank,0,317.392075,318.465475,95692,95830,138
103,0,blank,0,188.11524,464.14608,95864,96035,171
103,20,rm_length,121,385.692425,425.039325,96071,96213,142
103,0,blank,0,383.0905,209.65314,96246,96416,170
103,0,blank,0,311.6554,213.49662,96416,96589,173
103,0,blank,0,231.4232,224.8625,96589,96621,32
103,0,blank,0,374.76554,451.91426,96655,96824,169
103,0,blank,0,361.1033,455.164,96824,96857,33
103,73,void,408,110.15614,455.64548,96889,97059,170
103,73,void,408,110.40035,446.9945,97059,97127,68
104,0,blank,0,131.7511,436.83804,99057,99225,168
104,0,blank,0,193.374675,171.189225,99293,99431,138
104,56,index,316,145.81405,89.4689,99465,99624,159
104,0,blank,0,146.8307,106.9369,99624,99752,128
104,0,blank,0,175.5226,570.71225,99872,100066,194
104,0,blank,0,175.23322,555.16718,100066,100239,173
104,77,"replaceString(text1,\kgp\""",428,199.02438,546.44008,100239,100415,176
104,77,"replaceString(text1,\kgp\""",428,230.72386,550.6208,100415,100587,172
104,79,text1:%s\n\n,442,265.7559,580.7508,100686,100718,32
104,78,kharagpur,437,302.7555167,563.874,100785,100984,199
104,78,kharagpur,437,297.1532,557.93275,100984,101180,196
104,78,kgp,435,233.34732,569.40164,101180,101349,169
104,78,kgp,435,224.88338,568.68542,101349,101518,169
104,80,"replaceString(text1,\iit\""",449,206.76594,601.68252,101518,101687,169
104,78,kgp,435,191.76692,567.80648,101687,101855,168
104,77,"replaceString(text1,\kgp\""",428,187.49414,546.14418,101855,102022,167
104,78,text1,433,166.85838,556.09034,102022,102195,173
104,78,text1,433,138.07394,558.92558,102195,102365,170
104,78,text1,433,159.73058,560.1217,102365,102530,165
104,0,blank,0,188.9376667,576.153,102530,102633,103
104,0,blank,0,-323,-105,102667,102776,109
104,82,text1:%s\n,463,188.5678,656.2117,102803,102828,25
104,79,text1:%s\n\n,442,247.41975,581.1065333,102892,103083,191
104,78,kgp,435,239.4257667,557.8464833,103083,103281,198
104,78,kharagpur,437,320.3280333,556.0846833,103281,103479,198
104,78,kharagpur,437,332.2635167,556.5443333,103479,103673,194
104,78,kharagpur,437,334.4092833,558.5101667,103673,103865,192
104,78,kharagpur,437,339.1514,564.3971,103865,103897,32
104,77,"replaceString(text1,\kgp\""",428,225.50035,536.27575,103929,104122,193
104,77,"replaceString(text1,\kgp\""",428,204.4788333,536.0093333,104122,104315,193
104,76,text1:%s\n\n,421,260.2828833,513.7290333,104315,104510,195
104,75,iitkgp,417,238.68044,500.10588,104510,104685,175
104,76,text1:%s\n\n,421,180.6798667,512.8756833,104685,104879,194
104,0,blank,0,195.4399833,510.55205,104879,105077,198
104,77,"replaceString(text1,\kgp\""",428,211.1691833,534.41165,105077,105273,196
104,76,text1:%s\n\n,421,248.45984,524.55838,105273,105444,171
104,77,"replaceString(text1,\kgp\""",428,310.76952,539.73496,105444,105612,168
104,77,"replaceString(text1,\kgp\""",428,379.3534167,552.41435,105612,105811,199
104,77,"replaceString(text1,\kgp\""",428,360.3708167,553.0446167,105811,106008,197
104,78,kharagpur,437,341.647675,562.91955,106008,106140,132
104,78,kharagpur,437,362.22205,570.5203667,106235,106432,197
104,78,kharagpur,437,351.22474,560.01448,106432,106599,167
104,77,"replaceString(text1,\kgp\""",428,390.24912,548.65842,106599,106765,166
104,77,"replaceString(text1,\kgp\""",428,389.8375833,553.4540167,106765,106964,199
104,77,"replaceString(text1,\kgp\""",428,433.02358,551.2456,106964,107131,167
104,77,"replaceString(text1,\kgp\""",428,446.7564167,542.0880667,107131,107327,196
104,77,"replaceString(text1,\kgp\""",428,398.3142167,552.17385,107327,107521,194
104,77,"replaceString(text1,\kgp\""",428,385.5174,552.8523333,107521,107717,196
104,78,kharagpur,437,293.23932,557.15022,107717,107884,167
104,77,"replaceString(text1,\kgp\""",428,220.6518333,548.3018333,107884,108082,198
104,77,"replaceString(text1,\kgp\""",428,221.0997333,552.1954167,108082,108279,197
104,78,comma,436,255.13664,555.99202,108279,108448,169
104,77,"replaceString(text1,\kgp\""",428,330.31136,547.95394,108448,108616,168
104,77,"replaceString(text1,\kgp\""",428,363.59344,549.1607,108616,108784,168
104,77,"replaceString(text1,\kgp\""",428,410.6042,543.24908,108784,108951,167
104,0,blank,0,473.95805,556.6281,108951,109150,199
104,0,blank,0,-323,-105,109251,109438,187
104,0,blank,0,-323,-105,109438,109624,186
104,0,blank,0,-323,-105,109624,109788,164
104,0,blank,0,-323,-105,109788,109913,125
104,77,"replaceString(text1,\kgp\""",428,416.4496167,546.69685,109950,110132,182
104,77,"replaceString(text1,\kgp\""",428,390.1087167,543.3905,110132,110331,199
104,77,"replaceString(text1,\kgp\""",428,387.8537,543.4925,110331,110501,170
104,0,blank,0,390.89505,554.1959167,110501,110695,194
104,77,"replaceString(text1,\kgp\""",428,407.1158167,542.6918833,110695,110891,196
104,75,iitkgp,417,299.92514,507.6186,110891,111053,162
104,75,iitkgp,417,277.974125,507.41995,111053,111230,177
104,75,iitkgp,417,303.3658333,507.99355,111230,111429,199
104,77,"replaceString(text1,\kgp\""",428,439.72108,534.99458,111429,111597,168
104,77,"replaceString(text1,\kgp\""",428,491.9913167,548.0266333,111597,111795,198
104,77,"replaceString(text1,\kgp\""",428,471.0054333,536.79805,111795,111994,199
104,77,"replaceString(text1,\kgp\""",428,532.00816,546.19298,111994,112161,167
104,0,blank,0,530.4947333,531.7435833,112161,112358,197
104,77,"replaceString(text1,\kgp\""",428,495.9150833,536.557,112358,112553,195
104,77,"replaceString(text1,\kgp\""",428,483.7292,541.7305,112553,112749,196
104,0,blank,0,549.37408,531.08132,112749,112913,164
104,77,"replaceString(text1,\kgp\""",428,462.00995,539.65165,112946,113143,197
104,77,"replaceString(text1,\kgp\""",428,464.5628833,547.9258667,113143,113338,195
104,78,kharagpur,437,316.3551667,556.9787667,113371,113564,193
104,78,kharagpur,437,260.2171,567.60775,113564,113629,65
104,0,blank,0,249.7388,559.8215,113694,113725,31
104,78,kharagpur,437,262.3501833,564.057,113790,113985,195
104,78,kharagpur,437,262.819,573.7473667,113985,114083,98
104,0,blank,0,535.1052833,531.3423667,114115,114313,198
104,77,"replaceString(text1,\kgp\""",428,529.4903667,536.6368,114313,114411,98
104,0,blank,0,-323,-105,114512,114668,156
104,0,blank,0,-323,-105,114668,114861,193
104,0,blank,0,-323,-105,114861,115046,185
104,0,blank,0,-323,-105,115046,115245,199
104,0,blank,0,-323,-105,115245,115371,126
104,0,blank,0,-323,-105,115371,115561,190
104,0,blank,0,-323,-105,115561,115673,112
104,0,blank,0,-323,-105,115673,115862,189
104,0,blank,0,-323,-105,115862,116061,199
104,0,blank,0,-323,-105,116061,116302,241
104,0,blank,0,-323,-105,116302,116560,258
104,0,blank,0,-323,-105,116560,116708,148
104,0,blank,0,-323,-105,116708,116842,134
104,0,blank,0,-323,-105,116842,117024,182
104,77,"replaceString(text1,\kgp\""",428,386.7297167,548.75695,117102,117288,186
104,77,"replaceString(text1,\kgp\""",428,339.6582,549.0652167,117288,117480,192
104,77,"replaceString(text1,\kgp\""",428,286.1944667,553.6385,117480,117673,193
104,77,"replaceString(text1,\kgp\""",428,244.8735833,552.37055,117673,117871,198
104,77,"replaceString(text1,\kgp\""",428,226.8214,538.02055,117871,118067,196
104,76,text1:%s\n\n,421,222.6586,526.4489833,118067,118262,195
104,0,blank,0,291.5637333,517.3791333,118262,118456,194
104,76,text1:%s\n\n,421,201.3884333,511.8791,118456,118649,193
104,76,text1:%s\n\n,421,210.3040667,522.8516,118649,118847,198
104,77,"replaceString(text1,\kgp\""",428,267.33346,536.72052,118847,119016,169
104,0,blank,0,274.7061667,532.2513667,119016,119117,101
104,77,"replaceString(text1,\kgp\""",428,570.3238167,543.9423,119188,119386,198
104,77,"replaceString(text1,\kgp\""",428,593.84654,547.33802,119386,119553,167
104,0,blank,0,602.1936,528.0797,119553,119586,33
104,79,text1:%s\n\n,442,260.3358667,578.0277833,119619,119815,196
104,79,text1:%s\n\n,442,208.75815,577.102225,119815,119948,133
104,78,text1,433,165.87505,569.01165,119948,120135,187
104,78,text1,433,143.6833,574.2332,120135,120329,194
104,78,text1,433,131.9441167,575.3545,120329,120528,199
104,79,text1:%s\n\n,442,172.7489167,578.3426833,120528,120724,196
104,0,blank,0,188.9809,623.3035667,120865,121050,185
104,79,text1:%s\n\n,442,164.3999667,578.55865,121050,121248,198
104,77,"replaceString(text1,\kgp\""",428,135.16355,553.1357,121248,121312,64
104,77,"replaceString(text1,\kgp\""",428,375.1137167,537.5190333,121375,121569,194
104,77,"replaceString(text1,\kgp\""",428,394.0622,540.0729,121569,121632,63
104,76,text1:%s\n\n,421,235.6846,513.8133333,121664,121858,194
104,76,text1:%s\n\n,421,233.7436167,513.6326667,121858,122052,194
104,76,text1:%s\n\n,421,186.3378667,519.8823667,122052,122243,191
104,79,text1:%s\n\n,442,176.48535,588.6328167,122243,122437,194
104,79,text1:%s\n\n,442,188.1465167,588.9644333,122437,122634,197
104,79,text1:%s\n\n,442,247.251175,581.098825,122634,122764,130
104,79,text1:%s\n\n,442,250.6070167,595.0612333,122882,123070,188
104,79,text1:%s\n\n,442,133.3178,584.04555,123070,123262,192
104,78,text1,433,170.0813,575.1044667,123262,123456,194
104,78,kgp,435,225.3211667,569.9897833,123456,123648,192
104,79,text1:%s\n\n,442,240.0810333,579.6790167,123648,123844,196
104,79,text1:%s\n\n,442,264.0286,585.85502,123844,124012,168
104,78,kharagpur,437,298.1011167,568.5040833,124012,124206,194
104,78,comma,436,254.2972167,572.0111333,124206,124399,193
104,78,kharagpur,437,266.4928,572.82075,124399,124594,195
104,0,blank,0,287.72306,585.61374,124594,124757,163
104,78,kharagpur,437,281.147,568.6386,124757,124795,38
104,79,text1:%s\n\n,442,173.73105,586.7883,124827,125024,197
104,78,text1,433,117.39336,557.36178,125024,125190,166
104,0,blank,0,125.9000667,180.4540167,125223,125422,199
104,61,text,354,189.88195,186.4561667,125422,125619,197
104,61,text,354,208.5984833,183.2121833,125619,125816,197
104,61,text,354,202.39445,185.0916333,125816,126013,197
104,0,blank,0,242.7058333,186.6163333,126013,126209,196
104,61,s1,356,257.6937,187.6297833,126209,126405,196
104,0,blank,0,326.84975,180.5663667,126405,126602,197
104,0,blank,0,318.5899,181.44142,126602,126768,166
104,61,s1,356,251.5969333,192.4411667,126768,126965,197
104,0,blank,0,223.5319,170.7402,126965,126998,33
104,78,text1,433,168.3463,565.71514,127031,127198,167
104,79,text1:%s\n\n,442,182.23438,590.9182,127198,127369,171
104,79,text1:%s\n\n,442,191.05866,583.25272,127369,127542,173
104,79,text1:%s\n\n,442,194.95744,586.36646,127542,127715,173
104,80,"replaceString(text1,\iit\""",449,182.69288,617.07402,127715,127888,173
104,80,"replaceString(text1,\iit\""",449,151.44914,615.16018,127888,128061,173
104,80,"replaceString(text1,\iit\""",449,188.19475,606.6832667,128061,128260,199
104,80,"replaceString(text1,\iit\""",449,202.4369,615.00772,128260,128430,170
104,81,iit,456,217.31334,626.06708,128430,128604,174
104,82,text1:%s\n,463,207.5956,649.15154,128604,128779,175
104,0,blank,0,259.4032,627.81794,128779,128949,170
104,81,comma,457,264.583,629.6378,128949,128983,34
104,59,text,332,189.60682,137.28548,129050,129217,167
104,56,index,316,150.00462,90.28942,129217,129386,169
104,0,blank,0,194.98196,111.30816,129386,129555,169
104,0,blank,0,209.7041,112.36646,129555,129721,166
104,0,blank,0,177.29272,149.22256,129721,129891,170
104,0,blank,0,177.70358,166.36394,129891,130060,169
104,0,blank,0,182.51085,169.125775,130060,130194,134
104,0,blank,0,187.99192,486.00912,130262,130433,171
104,77,"replaceString(text1,\kgp\""",428,209.8411,552.39398,130433,130617,184
104,78,kgp,435,213.8747,563.0042,130617,130659,42
104,77,"replaceString(text1,\kgp\""",428,295.42066,543.21576,130760,130928,168
104,77,"replaceString(text1,\kgp\""",428,262.5131,543.10646,130928,131098,170
104,0,blank,0,240.06266,532.2329,131098,131275,177
104,77,"replaceString(text1,\kgp\""",428,213.3204,539.62386,131275,131444,169
104,77,"replaceString(text1,\kgp\""",428,210.15948,544.58786,131444,131613,169
104,78,kgp,435,207.19072,555.00948,131613,131782,169
104,80,"replaceString(text1,\iit\""",449,194.42702,613.45352,131782,131953,171
104,79,text1:%s\n\n,442,200.79286,591.58082,131953,132123,170
104,79,text1:%s\n\n,442,200.31954,577.48936,132123,132290,167
104,78,kgp,435,221.3135,570.31455,132290,132457,167
104,79,text1:%s\n\n,442,202.06324,577.33578,132457,132635,178
104,79,text1:%s\n\n,442,186.1903,580.97215,132635,132770,135
104,79,text1:%s\n\n,442,217.470875,589.655625,132907,133039,132
104,0,blank,0,174.4549667,184.2011833,133073,133271,198
104,61,=,351,143.6692833,183.6122167,133271,133466,195
104,0,blank,0,128.93496,175.81752,133466,133629,163
104,79,text1:%s\n\n,442,224.59462,592.0834,133695,133863,168
104,78,kgp,435,235.13976,570.94496,133863,134024,161
104,80,"replaceString(text1,\iit\""",449,189.6695333,615.38485,134214,134399,185
104,80,"replaceString(text1,\iit\""",449,201.49775,604.7220167,134399,134596,197
104,79,text1:%s\n\n,442,240.3447333,588.9307667,134596,134790,194
104,79,text1:%s\n\n,442,240.8706,591.9320167,134790,134982,192
104,79,text1,444,295.7851167,587.1978167,134982,135176,194
104,80,"replaceString(text1,\iit\""",449,231.6257167,613.5259,135176,135371,195
104,80,"replaceString(text1,\iit\""",449,210.4291833,608.5246,135371,135564,193
104,81,iit,456,205.70826,622.34186,135564,135732,168
104,82,text1:%s\n,463,201.5328833,654.8259,135732,135928,196
104,82,text1:%s\n,463,200.6359167,645.7870333,135928,136124,196
104,82,text1:%s\n,463,217.8153167,651.24605,136124,136320,196
104,82,text1,465,273.0394,646.733,136320,136517,197
104,78,kgp,435,228.33688,562.57764,136517,136684,167
104,78,kgp,435,230.96208,559.74672,136684,136854,170
104,78,kgp,435,217.5375,563.4553,136854,137021,167
104,78,kgp,435,189.94682,571.01052,137021,137190,169
104,80,"replaceString(text1,\iit\""",449,168.79472,599.16222,137190,137358,168
104,80,"replaceString(text1,\iit\""",449,137.45914,605.35652,137358,137525,167
104,80,"replaceString(text1,\iit\""",449,128.85165,604.0822167,137525,137723,198
104,79,text1:%s\n\n,442,165.3039333,579.3294,137723,137920,197
104,78,kgp,435,226.97535,570.5060833,137920,138115,195
104,0,blank,0,224.0925,576.3718,138115,138149,34
104,0,blank,0,160.6966833,195.4105667,138216,138415,199
104,0,blank,0,109.64115,178.4538167,138415,138613,198
104,61,f,352,166.6730333,190.3211667,138613,138809,196
104,61,text,354,220.60755,184.66535,138809,139004,195
104,0,blank,0,245.728,177.34675,139004,139200,196
104,0,blank,0,308.12505,177.6957833,139200,139397,197
104,0,blank,0,344.59174,170.7109,139397,139560,163
104,77,"replaceString(text1,\kgp\""",428,247.93266,540.71996,139625,139795,170
104,0,blank,0,244.641075,571.2055,139795,139978,183
104,0,blank,0,241.9890167,576.7803,139978,140176,198
104,0,blank,0,389.5103667,185.2993,140243,140361,118
104,0,blank,0,345.8721,184.6151,140361,140466,105
104,0,blank,0,355.3784,182.9911,140466,140565,99
104,0,blank,0,376.1635667,175.8812667,140565,140763,198
104,0,blank,0,389.7175667,181.6015333,140763,140861,98
104,80,"replaceString(text1,\iit\""",449,269.0794,615.54378,140893,141064,171
104,79,text1:%s\n\n,442,272.93602,584.65944,141064,141230,166
104,0,blank,0,315.0052833,598.8121167,141230,141428,198
104,78,kharagpur,437,332.8278667,571.9549667,141428,141527,99
104,0,blank,0,456.5306667,186.5107,141593,141792,199
104,0,blank,0,510.7847333,163.264,141792,141991,199
104,0,blank,0,541.56242,165.34902,141991,142158,167
104,0,blank,0,552.6989,165.6106,142158,142193,35
104,59,[,345,408.23214,153.04824,142226,142395,169
104,0,blank,0,351.46582,164.15168,142395,142565,170
104,0,blank,0,362.51918,163.02702,142565,142732,167
104,0,blank,0,403.6527333,164.9575667,142732,142833,101
104,0,blank,0,284.43458,585.73802,142900,143071,171
104,79,text1:%s\n\n,442,272.1965333,593.2932333,143071,143266,195
104,79,text1:%s\n\n,442,197.4438833,578.50535,143266,143464,198
104,78,kgp,435,211.2932,567.6418,143464,143498,34
104,0,blank,0,234.24825,198.7603333,143531,143729,198
104,61,(,353,178.1680833,195.3751167,143729,143926,197
104,61,text,354,196.0336,193.80885,143926,144121,195
104,0,blank,0,148.2427333,225.8117,144121,144318,197
104,0,blank,0,140.5371833,225.2467,144318,144515,197
104,62,index,361,117.8720667,208.0156167,144515,144713,198
104,62,index,361,102.3736167,223.8805833,144713,144911,198
104,0,blank,0,98.821,225.1582,144911,144944,33
104,0,blank,0,202.6842333,215.8869833,144977,145172,195
104,0,blank,0,226.7902,210.3927,145172,145369,197
104,0,blank,0,234.7579,207.7720167,145369,145563,194
104,0,blank,0,188.2916667,92.95976667,145563,145758,195
104,56,index,316,183.8275,89.7642,145758,145857,99
104,0,blank,0,252.2073,234.26605,145890,146088,198
104,0,blank,0,262.3056,239.99215,146088,146154,66
104,0,blank,0,252.0388,354.8522,146187,146220,33
104,0,blank,0,247.1263,222.6379833,146251,146448,197
104,0,blank,0,236.3454667,213.328,146448,146644,196
104,0,blank,0,218.0125333,204.7396833,146644,146839,195
104,0,blank,0,198.9947833,212.9709167,146839,147032,193
104,0,blank,0,198.4461667,221.2569333,147032,147129,97
104,81,comma,457,195.3552667,624.9104333,147193,147392,199
104,80,"replaceString(text1,\iit\""",449,143.4906,611.6487167,147392,147590,198
104,81,text1,454,136.09932,639.8679,147590,147757,167
104,82,text1:%s\n,463,138.9046,656.293225,147757,147889,132
104,64,rm_length,367,195.26135,263.4245167,147956,148152,196
104,0,blank,0,188.2599833,228.40745,148152,148350,198
104,67,++,382,218.4636667,321.48365,148350,148546,196
104,0,blank,0,209.23455,347.7328833,148546,148744,198
104,69,comma,390,180.1702667,368.18385,148744,148941,197
104,0,blank,0,171.1627167,387.7544833,148941,149138,197
104,70,s2,398,198.5566833,399.1359167,149138,149334,196
104,0,blank,0,174.6349167,412.7112333,149334,149531,197
104,0,blank,0,132.6314667,408.2904333,149531,149630,99
104,0,blank,0,174.8825,217.58205,149662,149861,199
104,0,blank,0,134.9193667,232.8786833,149861,150058,197
104,62,>=,362,166.4051333,220.7039167,150148,150343,195
104,0,blank,0,171.8686833,225.2606667,150343,150537,194
104,62,0,363,186.85045,214.3288167,150537,150733,196
104,61,comma,355,225.2235,197.7670833,150733,150931,198
104,0,blank,0,291.3513,177.81475,150931,151126,195
104,0,blank,0,301.1405,176.3804667,151126,151323,197
104,0,blank,0,230.46345,171.2184,151323,151388,65
104,81,text1,454,175.74566,621.17342,151454,151622,168
104,79,text1:%s\n\n,442,204.44604,589.01206,151622,151790,168
104,80,"replaceString(text1,\iit\""",449,202.65958,601.95062,151790,151958,168
104,80,"replaceString(text1,\iit\""",449,131.6282,605.9892667,151958,152157,199
104,80,printf,447,100.8273333,611.4955667,152157,152351,194
104,79,(,441,121.3231667,591.1516667,152351,152546,195
104,79,text1:%s\n\n,442,150.9499833,592.1027167,152546,152742,196
104,78,text1,433,163.13366,572.11322,152742,152911,169
104,78,comma,436,186.49628,567.57552,152911,153081,170
104,77,(,427,121.89864,547.05134,153081,153248,167
104,77,"replaceString(text1,\kgp\""",428,135.18325,541.67345,153248,153380,132
104,77,"replaceString(text1,\kgp\""",428,370.8584,536.13908,153413,153583,170
104,77,"replaceString(text1,\kgp\""",428,480.26456,543.76924,153583,153750,167
104,77,"replaceString(text1,\kgp\""",428,501.0442,548.6567,153750,153816,66
104,78,text1,433,171.97296,558.45948,153849,154016,167
104,0,blank,0,174.82815,554.6204,154016,154083,67
104,77,"replaceString(text1,\kgp\""",428,406.7316333,545.9403167,154117,154315,198
104,0,blank,0,502.9542,554.41005,154315,154512,197
104,77,"replaceString(text1,\kgp\""",428,553.32805,536.0817833,154512,154710,198
104,0,blank,0,567.09215,525.3154167,154710,154908,198
104,77,"replaceString(text1,\kgp\""",428,572.53465,536.0824,154908,154974,66
104,0,blank,0,-323,-105,155039,155234,195
104,0,blank,0,-323,-105,155234,155373,139
104,0,blank,0,-323,-105,155373,155560,187
104,0,blank,0,-323,-105,155560,155738,178
104,0,blank,0,-323,-105,155738,155916,178
104,0,blank,0,-323,-105,155916,156088,172
104,0,blank,0,-323,-105,156088,156248,160
104,0,blank,0,-323,-105,156248,156357,109
104,0,blank,0,-323,-105,156357,156476,119
104,0,blank,0,-323,-105,156476,156656,180
104,0,blank,0,-323,-105,156656,156839,183
104,0,blank,0,116.4706833,664.9626167,156911,157108,197
104,83,0,469,117.0684,669.48115,157108,157304,196
104,81,(,453,115.1570833,625.5546,157304,157502,198
104,79,(,441,117.29478,597.1366,157502,157670,168
104,81,text1,454,137.8653,631.72675,157670,157737,67
104,0,blank,0,-323,-105,157871,158036,165
104,0,blank,0,-323,-105,158036,158209,173
104,0,blank,0,-323,-105,158209,158403,194
104,0,blank,0,-323,-105,158403,158599,196
104,0,blank,0,-323,-105,158599,158774,175
104,0,blank,0,-323,-105,158774,158915,141
104,0,blank,0,-323,-105,158915,159111,196
104,0,blank,0,-323,-105,159111,159283,172
104,0,blank,0,-323,-105,159283,159473,190
104,0,blank,0,-323,-105,159473,159655,182
104,0,blank,0,-323,-105,159655,159780,125
104,0,blank,0,-323,-105,159780,159939,159
104,0,blank,0,-323,-105,159939,160049,110
104,0,blank,0,-323,-105,160049,160146,97
104,0,blank,0,-323,-105,160146,160339,193
104,0,blank,0,-323,-105,160339,160397,58
104,0,blank,0,-323,-105,160397,160603,206
104,0,blank,0,-323,-105,160603,160788,185
104,0,blank,0,-323,-105,160788,160971,183
104,0,blank,0,16.6289,555.53915,161006,161174,168
104,77,"replaceString(text1,\kgp\""",428,139.1119,552.9665,161174,161341,167
104,0,blank,0,177.7934833,555.11915,161341,161535,194
104,77,"replaceString(text1,\kgp\""",428,232.8707833,553.8836,161535,161730,195
104,78,kharagpur,437,259.5494167,556.761,161730,161924,194
104,77,"replaceString(text1,\kgp\""",428,275.67578,552.01876,161924,162087,163
104,77,"replaceString(text1,\kgp\""",428,456.6724167,553.8544333,162119,162317,198
104,75,],415,203.4261333,509.2797667,162383,162483,100
104,0,blank,0,-323,-105,162581,162757,176
104,0,blank,0,-323,-105,162757,162923,166
104,0,blank,0,-323,-105,162923,163109,186
104,0,blank,0,-323,-105,163109,163281,172
104,0,blank,0,-323,-105,163281,163460,179
104,0,blank,0,-323,-105,163460,163652,192
104,0,blank,0,-323,-105,163652,163758,106
104,0,blank,0,-323,-105,163758,164013,255
104,0,blank,0,-323,-105,164013,164201,188
104,0,blank,0,-323,-105,164201,164380,179
104,0,blank,0,-323,-105,164380,164576,196
104,0,blank,0,-323,-105,164576,164758,182
104,0,blank,0,-323,-105,164758,164934,176
104,0,blank,0,-323,-105,164934,165079,145
104,0,blank,0,-323,-105,165079,165216,137
104,0,blank,0,-323,-105,165216,165556,340
104,0,blank,0,-323,-105,165556,165762,206
104,0,blank,0,-323,-105,165762,165935,173
104,0,blank,0,-323,-105,165935,166116,181
104,0,blank,0,-323,-105,166116,166316,200
104,0,blank,0,-323,-105,166316,166480,164
104,0,blank,0,-323,-105,166480,166658,178
104,0,blank,0,-323,-105,166658,166855,197
104,0,blank,0,-323,-105,166855,167048,193
104,0,blank,0,-323,-105,167048,167227,179
104,0,blank,0,-323,-105,167227,167420,193
104,0,blank,0,-323,-105,167420,167603,183
104,0,blank,0,-323,-105,167603,167781,178
104,0,blank,0,-323,-105,167781,167890,109
104,0,blank,0,40.2457,541.49805,168147,168240,93
104,0,blank,0,68.79495,532.8427,168289,168386,97
104,75,text1,412,114.1541667,501.0672667,168435,168587,152
104,78,text1,433,124.7986,563.2141,168587,168640,53
104,70,iS,394,101.028,389.1508,168690,168740,50
104,79,text1:%s\n\n,442,178.05345,579.405,168786,168886,100
104,80,printf,447,51.1777,601.1699,168952,169146,194
104,78,remove,431,70.1725,575.3472833,169146,169342,196
104,76,printf,419,75.98756667,531.9573833,169342,169540,198
104,77,printf,426,81.989575,537.4424,169540,169674,134
104,78,remove,431,88.38266,556.54876,169707,169876,169
104,62,index,361,114.30934,207.65572,169908,170075,167
104,0,blank,0,173.34705,175.7452667,170075,170274,199
104,0,blank,0,174.4393,159.8895667,170274,170373,99
104,79,text1:%s\n\n,442,184.79678,581.82506,170439,170606,167
104,78,text1,433,117.6577667,564.8467167,170606,170804,198
104,76,text1:%s\n\n,421,150.4681167,517.6625,170804,171003,199
104,75,text1,412,109.79664,496.79692,171003,171171,168
104,75,text1,412,97.01374,502.785,171171,171339,168
104,75,text1,412,117.82504,500.00358,171339,171510,171
104,75,50,414,169.68298,503.21614,171510,171680,170
104,0,blank,0,166.80008,554.02442,171680,171851,171
104,79,text1:%s\n\n,442,161.8227,577.3463333,171851,172049,198
104,79,text1:%s\n\n,442,135.3872833,579.3966167,172049,172246,197
104,79,text1:%s\n\n,442,141.34026,590.85994,172246,172432,186
104,78,remove,431,78.80506667,566.66515,172432,172630,198
104,80,printf,447,73.6656,605.4408167,172630,172827,197
104,79,printf,440,85.51488,578.00474,172894,173063,169
104,79,printf,440,81.6015,580.436,173095,173129,34
104,76,text1:%s\n\n,421,192.43614,519.5788,173163,173332,169
104,76,text1:%s\n\n,421,213.56954,530.74666,173332,173507,175
104,77,"replaceString(text1,\kgp\""",428,263.62536,552.73258,173507,173673,166
104,78,kharagpur,437,265.463125,556.111125,173673,173806,133
104,0,blank,0,37.75176,549.62796,173839,174007,168
104,77,printf,426,63.22004,545.32604,174007,174174,167
104,77,printf,426,95.2463,539.8364333,174174,174275,101
104,78,text1,433,148.7181,574.7647,174392,174420,28
104,77,"replaceString(text1,\kgp\""",428,156.85876,534.4252,174453,174621,168
104,78,kgp,435,205.03816,555.42354,174621,174794,173
104,78,kgp,435,217.802,558.21828,174794,174963,169
104,78,kgp,435,229.18354,556.24176,174963,175133,170
104,76,text1:%s\n\n,421,236.23265,522.19115,175133,175201,68
104,78,kgp,435,233.8592833,562.3845,175351,175542,191
104,75,],415,195.08738,495.46656,175542,175710,168
104,75,50,414,166.5527333,507.8078667,175710,175812,102
104,76,printf,419,56.31254,520.18222,175846,176015,169
104,76,printf,419,56.39353333,520.7973667,176015,176115,100
104,78,kharagpur,437,287.92046,567.21514,176180,176351,171
104,77,"replaceString(text1,\kgp\""",428,300.32485,553.2034833,176351,176548,197
104,77,"replaceString(text1,\kgp\""",428,318.290575,544.09835,176548,176682,134
104,0,blank,0,190.45335,497.8642167,176714,176913,199
104,75,],415,196.69866,506.79236,176913,177083,170
104,0,blank,0,386.1576,560.3965,177116,177464,348
104,78,),438,381.4535667,564.29025,177464,177651,187
104,76,text1:%s\n\n,421,239.18102,524.63394,177685,177852,167
104,75,50,414,172.1714,505.5174,177852,178047,195
104,75,[,413,157.6898,501.659125,178047,178181,134
104,0,blank,0,-323,-105,178279,178471,192
104,0,blank,0,-323,-105,178471,178633,162
104,0,blank,0,-323,-105,178633,178785,152
104,0,blank,0,-323,-105,178785,178955,170
104,0,blank,0,-323,-105,178955,179135,180
104,0,blank,0,-323,-105,179135,179300,165
104,0,blank,0,-323,-105,179300,179422,122
104,0,blank,0,-323,-105,179422,179554,132
104,0,blank,0,-323,-105,179554,179753,199
104,0,blank,0,-323,-105,179753,179846,93
104,76,text1:%s\n\n,421,198.6928333,513.3822,179864,180059,195
104,75,iitkgp,417,262.57115,506.4066833,180059,180258,199
104,0,blank,0,262.8844,510.08,180258,180357,99
104,0,blank,0,489.1924333,560.4888833,180422,180618,196
104,77,"replaceString(text1,\kgp\""",428,486.6000333,544.0666333,180618,180814,196
104,77,"replaceString(text1,\kgp\""",428,489.0919167,547.6769833,180814,181012,198
104,77,"replaceString(text1,\kgp\""",428,490.89402,546.71142,181012,181178,166
104,77,"replaceString(text1,\kgp\""",428,493.1314667,544.6349,181178,181320,142
104,0,blank,0,512.7361,589.4014,181320,181446,126
104,0,blank,0,500.2045,557.61775,181635,181833,198
104,0,blank,0,498.60885,554.7488667,181833,182030,197
104,77,"replaceString(text1,\kgp\""",428,499.41242,547.80134,182030,182202,172
104,77,"replaceString(text1,\kgp\""",428,494.66452,548.11338,182202,182369,167
104,0,blank,0,492.91978,554.83128,182369,182535,166
104,0,blank,0,493.3510667,555.9060833,182535,182734,199
104,77,"replaceString(text1,\kgp\""",428,509.664,544.9967833,182734,182931,197
104,0,blank,0,522.8225833,532.4875667,182931,183129,198
104,77,"replaceString(text1,\kgp\""",428,520.0914333,536.99275,183129,183327,198
104,0,blank,0,541.23434,525.76528,183327,183494,167
104,0,blank,0,542.47326,522.80626,183494,183662,168
104,0,blank,0,564.7279,512.96896,183662,183834,172
104,0,blank,0,564.40888,518.27114,183834,184007,173
104,0,blank,0,579.06646,519.92746,184007,184180,173
104,0,blank,0,583.449,521.2257,184180,184353,173
104,0,blank,0,566.5617,521.18932,184353,184528,175
104,0,blank,0,248.38056,560.56742,184597,184766,169
104,77,"replaceString(text1,\kgp\""",428,193.37192,548.03722,184766,184936,170
104,78,kgp,435,194.9673667,559.0681667,184936,185041,105
104,77,"replaceString(text1,\kgp\""",428,583.23018,533.14476,185073,185240,167
104,77,"replaceString(text1,\kgp\""",428,559.1434333,537.71645,185240,185439,199
104,78,comma,436,188.8715667,574.30145,185472,185665,193
104,77,"replaceString(text1,\kgp\""",428,528.0121833,540.8081833,185697,185891,194
104,77,"replaceString(text1,\kgp\""",428,549.7775,538.1973,185891,186082,191
104,77,"replaceString(text1,\kgp\""",428,207.3406167,550.2389667,186146,186338,192
104,78,text1,433,157.2046333,560.4442667,186338,186529,191
104,78,text1,433,159.3311,558.4515667,186529,186721,192
104,77,"replaceString(text1,\kgp\""",428,484.98185,551.5368167,186786,186980,194
104,77,"replaceString(text1,\kgp\""",428,565.5071,535.6793667,186980,187171,191
104,77,"replaceString(text1,\kgp\""",428,577.5245167,549.0064667,187171,187362,191
104,0,blank,0,583.2965833,554.96715,187362,187556,194
104,77,"replaceString(text1,\kgp\""",428,547.335575,540.067725,187556,187683,127
104,0,blank,0,180.0541667,570.32505,187715,187908,193
104,78,comma,436,187.038,571.481,187908,187940,32
104,77,"replaceString(text1,\kgp\""",428,552.1022,542.6387,188004,188167,163
104,77,"replaceString(text1,\kgp\""",428,324.4919333,548.5076833,188198,188389,191
104,78,kgp,435,195.1259,561.5361167,188422,188613,191
104,77,"replaceString(text1,\kgp\""",428,196.5047,552.8528,188613,188645,32
104,77,"replaceString(text1,\kgp\""",428,568.0012333,545.2553667,188709,188905,196
104,77,"replaceString(text1,\kgp\""",428,569.9862167,546.7440667,188905,189094,189
104,77,"replaceString(text1,\kgp\""",428,579.0282667,547.2802667,189094,189284,190
104,78,kharagpur,437,299.2712167,556.56775,189316,189506,190
104,78,kharagpur,437,325.7903667,560.7356,189506,189695,189
104,78,kgp,435,202.6134333,557.33345,189726,189916,190
104,78,kgp,435,222.7212333,558.0290167,189916,190105,189
104,78,kgp,435,222.8423833,569.1728,190105,190296,191
104,79,text1:%s\n\n,442,202.7401167,585.8917333,190296,190486,190
104,79,text1:%s\n\n,442,263.17485,582.39425,190486,190675,189
104,79,text1,444,298.09835,581.2628,190675,190739,64
104,0,blank,0,-323,-105,190835,191025,190
104,0,blank,0,-323,-105,191025,191178,153
104,0,blank,0,-323,-105,191178,191376,198
104,0,blank,0,-323,-105,191376,191438,62
104,78,(,432,112.13445,575.7245667,191469,191644,175
104,78,(,432,110.4784333,570.59,191644,191831,187
104,77,"replaceString(text1,\kgp\""",428,129.89205,553.6429,191831,192022,191
104,78,(,432,112.6438833,561.7654333,192022,192214,192
104,78,remove,431,58.77813333,565.89355,192214,192406,192
104,78,text1,433,150.01205,555.76605,192547,192722,175
104,77,"replaceString(text1,\kgp\""",428,155.5348333,545.28435,192722,192915,193
104,77,"replaceString(text1,\kgp\""",428,156.8551333,553.2438833,192915,193109,194
104,79,text1:%s\n\n,442,125.7813167,592.5170333,193109,193304,195
104,79,text1:%s\n\n,442,132.58245,589.0491333,193304,193497,193
104,78,remove,431,97.7777,575.3309167,193497,193689,192
104,78,remove,431,94.90488333,568.8778833,193689,193882,193
104,78,text1,433,133.9872167,567.2586167,193882,194075,193
104,78,text1,433,128.24985,561.9961167,194075,194269,194
104,78,remove,431,64.35386667,559.1897167,194269,194464,195
104,0,blank,0,36.1872,562.8388167,194464,194658,194
104,78,comma,436,185.5732833,564.8735333,194692,194886,194
104,0,blank,0,188.6366,494.8622,194886,194919,33
104,0,blank,0,257.4844667,178.3271833,194951,195146,195
104,0,blank,0,182.5334667,172.1958,195146,195340,194
104,0,blank,0,167.06704,172.71232,195340,195501,161
104,0,blank,0,232.98026,162.33412,195501,195685,184
104,0,blank,0,275.8029833,167.7593167,195685,195879,194
104,59,const,342,290.5417,151.7942,195879,195912,33
104,62,index,361,98.35695,208.8958833,195944,196137,193
104,0,blank,0,83.50381667,210.9805167,196137,196331,194
104,62,if,359,57.00266667,207.99895,196331,196526,195
104,62,if,359,57.22883333,214.3550333,196526,196720,194
104,62,index,361,102.68315,204.73,196720,196914,194
104,62,index,361,122.1823333,209.9769333,196914,197106,192
104,0,blank,0,148.8191833,215.1388333,197106,197302,196
104,62,>=,362,159.05355,209.8764333,197302,197498,196
104,61,(,353,180.5338833,198.1759333,197498,197696,198
104,62,index,361,142.72655,207.6820667,197696,197893,197
104,62,(,360,76.39593333,206.8619833,197893,198091,198
104,62,if,359,53.84176667,204.8483333,198091,198289,198
104,61,int,349,65.60223333,201.5144167,198289,198488,199
104,62,index,361,98.98596667,210.5735,198488,198686,198
104,62,index,361,130.4268333,209.2887,198686,198883,197
104,62,index,361,141.68335,211.73565,198883,199082,199
104,62,index,361,134.83705,207.1464833,199082,199278,196
104,61,index,350,124.1306333,197.68605,199278,199474,196
104,0,blank,0,157.9012833,199.9330333,199474,199671,197
104,61,f,352,171.1924833,201.25975,199671,199868,197
104,0,blank,0,187.6815167,202.6005167,199868,200065,197
104,0,blank,0,154.1868333,164.07375,200065,200261,196
104,0,blank,0,150.4395,169.2603,200261,200293,32
104,0,blank,0,305.2598,158.52725,200358,200544,186
104,59,const,342,306.7293,157.14595,200544,200609,65
104,62,0,363,183.3411167,208.0684333,200642,200839,197
104,62,0,363,185.12525,207.88315,200839,200905,66
104,80,"replaceString(text1,\iit\""",449,152.95765,604.7126833,200971,201170,199
104,78,text1,433,162.5139167,562.2291333,201170,201366,196
104,78,text1,433,151.25875,569.0923,201366,201562,196
104,78,text1,433,121.6227,561.6796667,201562,201703,141
104,0,blank,0,-321.9211,664.3279,201957,202021,64
104,0,blank,0,296.65348,409.24856,202103,202273,170
104,0,blank,0,427.2448,698.0478,202306,202406,100
104,0,blank,0,893.6866667,412.6219667,202474,202577,103
104,0,blank,0,861.7435,269.69105,202612,202680,68
104,0,blank,0,900.4434,432.02372,202715,202888,173
104,0,blank,0,896.6912,426.08138,202888,203061,173
104,0,blank,0,951.1104,461.46546,203061,203232,171
104,0,blank,0,974.1318,480.192,203232,203400,168
104,0,blank,0,965.3046,475.96748,203400,203571,171
104,0,blank,0,971.5418,496.1125,203571,203743,172
104,0,blank,0,970.7916,504.66098,203743,203922,179
104,0,blank,0,972.187,498.5689667,203922,204029,107
104,62,),364,210.63536,221.81506,204101,204274,173
104,0,blank,0,146.91388,205.27418,204274,204452,178
104,62,index,361,143.98842,217.54742,204452,204629,177
104,0,blank,0,123.41428,169.30678,204629,204797,168
104,56,text,314,114.71698,79.177,204797,204965,168
104,56,text,314,122.0129,75.9665,204965,205033,68
105,0,blank,0,70.5903,85.18574,207781,207954,173
105,0,blank,0,74.85138,96.35446,207954,208125,171
105,0,blank,0,232.04608,92.38054,208159,208327,168
105,0,blank,0,179.63306,93.58094,208327,208497,170
105,0,blank,0,124.8607,76.16808,208497,208672,175
105,0,blank,0,217.21468,94.35906,208672,208845,173
105,0,blank,0,227.56408,79.31856,208845,209016,171
105,0,blank,0,220.8756667,90.38216667,209016,209119,103
105,0,blank,0,366.593925,44.434325,209153,209287,134
105,0,blank,0,964.232,29.06442,209392,209562,170
105,0,blank,0,952.7145,27.3644,209562,209698,136
105,0,blank,0,959.574,12.7836,209698,209764,66
105,0,blank,0,258.50754,89.64886,209822,209992,170
105,0,blank,0,230.18724,93.82022,209992,210165,173
105,0,blank,0,172.4144,71.56314,210165,210336,171
105,0,blank,0,160.47204,85.7958,210336,210517,181
105,0,blank,0,198.120725,94.4323,210517,210652,135
105,3,char,30,335.52842,60.9224,210684,210852,168
105,0,blank,0,306.79882,64.98416,210852,211019,167
105,3,const,29,299.3606833,66.91206667,211019,211218,199
105,0,blank,0,305.92354,68.28096,211218,211384,166
105,3,pattern,31,363.9096833,61.85556667,211384,211583,199
105,3,pattern,31,384.26036,62.75474,211583,211748,165
105,6,text,46,182.6610167,126.20865,211781,211979,198
105,0,blank,0,137.2669833,135.09245,211979,212175,196
105,0,blank,0,139.1734167,132.2004,212175,212374,199
105,6,!=,43,122.1925333,130.7510333,212374,212570,196
105,0,blank,0,112.8013667,136.8322,212570,212769,199
105,0,blank,0,123.028,139.16106,212769,212935,166
105,0,blank,0,152.56478,140.94056,212935,213102,167
105,0,blank,0,151.33412,145.5992,213102,213269,167
105,0,blank,0,144.47254,134.63502,213269,213435,166
105,0,blank,0,156.8837,147.14035,213435,213633,198
105,0,blank,0,170.14318,138.7492,213633,213801,168
105,0,blank,0,125.72675,144.3687,213801,213998,197
105,0,blank,0,116.7675,154.40645,213998,214197,199
105,0,blank,0,168.589,149.18226,214197,214365,168
105,0,blank,0,190.5148667,143.15535,214365,214564,199
105,6,text,46,199.2057,131.86792,214564,214734,170
105,6,[,47,220.51594,124.4547,214734,214905,171
105,6,i,55,233.9216,124.76842,214905,215074,169
105,0,blank,0,235.81982,111.54098,215074,215241,167
105,0,blank,0,200.28332,89.27206,215241,215409,168
105,0,blank,0,206.28755,96.15133333,215409,215608,199
105,6,[,47,222.6029833,127.9958,215608,215805,197
105,0,blank,0,278.11804,136.6946,215805,215972,167
105,6,0,52,291.7427,133.3054,215972,216170,198
105,0,blank,0,261.94782,127.31572,216170,216338,168
105,0,blank,0,260.09418,136.91438,216338,216506,168
105,0,blank,0,251.6247,130.0889,216506,216539,33
105,0,blank,0,302.3146167,145.95435,216573,216770,197
105,0,blank,0,299.7095167,137.51725,216770,216965,195
105,0,blank,0,302.2308167,144.5357,216965,217162,197
105,0,blank,0,303.0549167,151.3203833,217162,217356,194
105,0,blank,0,294.9923667,141.8794833,217356,217550,194
105,6,0,52,295.08875,131.1417167,217550,217742,192
105,0,blank,0,275.9330667,126.581,217742,217934,192
105,0,blank,0,271.0265833,134.63215,217934,218128,194
105,0,blank,0,244.4315,136.83935,218128,218324,196
105,0,blank,0,240.82025,139.0516333,218324,218520,196
105,6,0,52,303.0109667,127.05365,218520,218712,192
105,0,blank,0,262.7457,133.5114167,218712,218907,195
105,0,blank,0,198.53245,144.5485167,218907,219100,193
105,0,blank,0,162.2806333,150.85775,219100,219292,192
105,0,blank,0,135.447,144.15725,219292,219484,192
105,0,blank,0,211.9106833,103.7776833,219484,219676,192
105,0,blank,0,226.6068833,94.89505,219676,219869,193
105,0,blank,0,229.99605,102.8637167,219869,220065,196
105,6,],49,240.19345,123.7432,220065,220259,194
105,0,blank,0,274.91265,128.9677333,220259,220454,195
105,6,0,52,313.3103833,122.42575,220454,220653,199
105,6,++,54,345.2307167,133.0619167,220653,220848,195
105,6,++,54,346.1451333,128.92235,220848,221043,195
105,0,blank,0,364.3472833,136.6258,221043,221239,196
105,0,blank,0,338.0096,170.8415,221239,221272,33
105,0,blank,0,223.35725,215.0212833,221305,221502,197
105,0,blank,0,253.13208,202.08758,221502,221663,161
105,9,(,63,152.8006833,190.5974,221696,221888,192
105,9,while,62,132.463675,198.460225,221888,222033,145
105,9,while,62,129.3757,190.7484,222033,222214,181
105,0,blank,0,273.9602,92.71434,222328,222527,199
105,0,blank,0,215.8404333,97.49011667,222527,222720,193
105,0,blank,0,150.06435,149.9845,222720,222910,190
105,0,blank,0,158.6681167,155.1714833,222910,223102,192
105,9,pattern,73,189.61945,193.2445833,223102,223295,193
105,0,blank,0,216.4814333,216.2697,223295,223489,194
105,0,blank,0,191.9001667,207.0507333,223489,223682,193
105,0,blank,0,175.4228167,220.5877333,223682,223876,194
105,0,blank,0,196.0175167,210.0266167,223876,224071,195
105,0,blank,0,191.4924167,202.3560667,224071,224266,195
105,0,blank,0,137.2270667,206.0302,224266,224459,193
105,0,blank,0,240.2095167,208.0410833,224459,224651,192
105,0,blank,0,259.9658,203.5658333,224651,224847,196
105,0,blank,0,265.7772167,207.0072,224847,225040,193
105,0,blank,0,311.98685,201.92235,225040,225235,195
105,9,0,71,308.2468167,194.62735,225235,225424,189
105,9,0,71,306.12905,194.6679833,225424,225615,191
105,0,blank,0,336.48895,201.8483833,225615,225809,194
105,0,blank,0,337.5558667,216.65535,225809,226002,193
105,0,blank,0,298.14,205.8474333,226002,226196,194
105,0,blank,0,359.6861667,203.3179833,226196,226390,194
105,0,blank,0,381.46155,211.8023833,226390,226585,195
105,9,&&,72,364.8740167,196.6804167,226585,226776,191
105,0,blank,0,416.6094,203.80395,226776,226973,197
105,0,blank,0,455.46665,204.8081167,226973,227168,195
105,0,blank,0,506.7019667,202.2843,227168,227360,192
105,0,blank,0,534.8062167,200.0143833,227360,227548,188
105,0,blank,0,550.1212833,204.4340833,227548,227735,187
105,0,blank,0,513.91695,207.1594,227735,227927,192
105,9,[,79,569.861,197.00455,227927,228116,189
105,0,blank,0,584.9033,198.6127,228116,228147,31
105,9,j,82,468.53545,194.8667667,228178,228370,192
105,0,blank,0,423.1973,200.1824,228370,228562,192
105,0,blank,0,327.9400833,207.0973,228562,228752,190
105,0,blank,0,275.811175,194.2024,228752,228881,129
105,0,blank,0,476.321,209.3443833,228914,229108,194
105,0,blank,0,524.3273833,224.067,229108,229300,192
105,0,blank,0,520.85135,206.5195833,229300,229489,189
105,0,blank,0,550.2435167,208.3779333,229489,229675,186
105,0,blank,0,449.4915,214.803,229675,229707,32
105,0,blank,0,197.2650167,237.9668,229738,229929,191
105,0,blank,0,182.4192667,247.0047167,229929,230116,187
105,13,pattern,92,190.2863,285.1259667,230116,230306,190
105,0,blank,0,204.93655,294.7521667,230306,230495,189
105,0,blank,0,231.6105,300.6688333,230495,230690,195
105,0,blank,0,214.5024333,264.5743333,230690,230884,194
105,0,blank,0,195.5393167,200.9039667,230884,231072,188
105,0,blank,0,259.0034833,202.8964833,231072,231264,192
105,0,blank,0,280.25275,206.9309667,231264,231458,194
105,0,blank,0,277.9122833,210.02275,231458,231650,192
105,0,blank,0,279.4915,221.2854,231650,231683,33
105,0,blank,0,220.0207,151.5713833,231715,231906,191
105,0,blank,0,158.5796833,154.6869,231906,232095,189
105,0,blank,0,172.75505,168.8087,232095,232285,190
105,0,blank,0,204.6971167,145.4133,232285,232476,191
105,6,i,55,224.2070667,133.7803667,232476,232668,192
105,0,blank,0,302.9239833,135.4049,232668,232858,190
105,6,0,52,298.52465,131.86285,232858,232923,65
105,0,blank,0,168.3299833,95.65728333,232955,233146,191
105,0,blank,0,208.2642833,108.28955,233146,233337,191
105,0,blank,0,319.0477833,140.5114667,233369,233566,197
105,0,blank,0,291.3345333,137.7302,233566,233763,197
105,0,blank,0,286.0297167,142.20205,233763,233959,196
105,6,0,52,311.5403,132.28122,233959,234127,168
105,0,blank,0,354.2876833,136.4239833,234127,234325,198
105,6,++,54,361.56582,133.62254,234325,234487,162
105,0,blank,0,157.37025,179.0983333,234519,234710,191
105,0,blank,0,136.9400333,179.6344167,234710,234902,192
105,0,blank,0,147.7158,162.5303,234902,235094,192
105,0,blank,0,170.7254,148.4057667,235094,235286,192
105,0,blank,0,214.5058167,146.5905667,235286,235477,191
105,0,blank,0,191.0756,155.0215333,235477,235669,192
105,9,pattern,73,168.5928,180.5893667,235669,235765,96
105,0,blank,0,347.8670833,144.1910833,235797,235994,197
105,0,blank,0,347.9116,151.6471,235994,236026,32
105,0,blank,0,163.9010333,137.781,236060,236155,95
105,0,blank,0,169.6323667,147.2082,236220,236413,193
105,0,blank,0,207.1618833,151.5777,236413,236606,193
105,0,blank,0,220.5312333,147.3503833,236606,236799,193
105,6,i,55,233.8388833,130.2367333,236799,236993,194
105,6,text,46,194.5847167,114.59755,236993,237187,194
105,6,text,46,204.8660833,119.0124167,237187,237380,193
105,0,blank,0,232.01486,102.5374,237380,237543,163
105,0,blank,0,363.38615,86.236,237576,237774,198
105,0,blank,0,361.22514,72.51064,237774,237942,168
105,0,blank,0,333.24844,77.17904,237942,238113,171
105,0,blank,0,297.499,84.02436,238113,238281,168
105,0,blank,0,308.1958667,91.23976667,238281,238381,100
105,0,blank,0,938.9173333,129.8110667,238450,238553,103
105,0,blank,0,929.7166667,154.7287333,238586,238687,101
105,0,blank,0,348.7513333,227.7097,238756,238858,102
105,0,blank,0,218.88134,455.0014,238895,239063,168
105,0,blank,0,188.09436,452.72562,239063,239230,167
105,0,blank,0,164.0349,461.92065,239230,239374,144
105,0,blank,0,929.4254,120.3129,239511,239682,171
105,0,blank,0,968.087,150.06252,239682,239855,173
105,0,blank,0,975.0828,151.02656,239855,240024,169
105,0,blank,0,983.0334,150.22372,240024,240199,175
105,0,blank,0,983.6526,140.39516,240199,240373,174
105,0,blank,0,982.3558,137.78328,240373,240547,174
105,0,blank,0,982.7472,120.2307,240547,240721,174
105,0,blank,0,992.494,177.8881333,240721,240824,103
105,0,blank,0,991.115,154.0879,240892,240928,36
105,0,blank,0,986.305,127.2346,241036,241072,36
105,0,blank,0,976.2056667,39.9741,241106,241215,109
105,0,blank,0,980.28,132.1542,241251,241286,35
105,0,blank,0,978.118,-2.8067,241322,241356,34
105,0,blank,0,989.978,140.4763,241391,241574,183
105,0,blank,0,983.9305,139.462,241574,241643,69
106,0,blank,0,359.215,498.8048,243114,243149,35
106,0,blank,0,231.74806,510.15448,243190,243365,175
106,78,kharagpur,437,304.26792,556.62544,243365,243543,178
106,78,comma,436,241.67572,574.035,243543,243714,171
106,79,text1:%s\n\n,442,176.0221,578.29164,243714,243884,170
106,78,text1,433,129.7145,572.32612,243884,244055,171
106,0,blank,0,112.03198,580.2969,244055,244225,170
106,79,(,441,118.74428,577.57644,244225,244400,175
106,80,"replaceString(text1,\iit\""",449,150.20656,602.49504,244400,244569,169
106,79,text1:%s\n\n,442,126.4067667,581.741,244569,244768,199
106,0,blank,0,113.60524,597.4989,244768,244937,169
106,79,text1:%s\n\n,442,153.15844,587.19548,244937,245106,169
106,0,blank,0,181.7636167,567.3470333,245106,245305,199
106,79,text1:%s\n\n,442,205.1998167,578.45845,245305,245502,197
106,79,text1:%s\n\n,442,159.76942,583.44286,245502,245669,167
106,79,text1:%s\n\n,442,173.04456,586.16908,245669,245836,167
106,79,text1:%s\n\n,442,193.179225,589.49925,245836,245969,133
106,0,blank,0,157.72606,291.10612,246002,246170,168
106,64,rm_length,367,152.1062,261.34906,246170,246341,171
106,0,blank,0,135.22566,237.92866,246341,246512,171
106,0,blank,0,189.79402,227.521,246512,246683,171
106,0,blank,0,198.5849,224.21242,246683,246849,166
106,0,blank,0,207.99002,235.16778,246849,247017,168
106,0,blank,0,213.1266333,235.4658333,247017,247119,102
106,0,blank,0,-323,-105,247220,247416,196
106,0,blank,0,-323,-105,247416,247603,187
106,0,blank,0,-323,-105,247603,247732,129
106,0,blank,0,209.4759667,169.2934333,247796,247995,199
106,0,blank,0,135.8113667,167.5595,247995,248190,195
106,0,blank,0,132.45048,177.0988,248190,248353,163
106,0,blank,0,-323,-105,248454,248625,171
106,0,blank,0,-323,-105,248625,248817,192
106,0,blank,0,-323,-105,248817,248987,170
106,0,blank,0,-323,-105,248987,249149,162
106,0,blank,0,-323,-105,249149,249250,101
106,0,blank,0,-323,-105,249250,249541,291
106,0,blank,0,-323,-105,249541,249728,187
106,0,blank,0,-323,-105,249728,249878,150
106,59,char,343,138.39905,153.7181,249901,249959,58
106,0,blank,0,58.21486667,163.0934,250028,250227,199
106,59,remove,329,55.20005,150.5027,250227,250295,68
106,0,blank,0,174.82464,147.06262,250328,250499,171
106,0,blank,0,176.66384,147.02616,250499,250673,174
106,79,text1:%s\n\n,442,152.33356,587.92502,250743,250917,174
106,78,text1,433,140.38742,556.3862,250917,251087,170
106,78,text1,433,120.70674,565.6352,251087,251258,171
106,78,(,432,106.58202,570.02106,251258,251428,170
106,0,blank,0,105.80858,579.6972,251428,251599,171
106,79,printf,440,96.25602,597.0292,251599,251770,171
106,78,remove,431,76.80872,569.37392,251770,251936,166
106,0,blank,0,113.55004,531.62862,251936,252104,168
106,76,text1:%s\n\n,421,170.56394,518.2542,252104,252273,169
106,76,text1:%s\n\n,421,193.9942,523.93544,252273,252443,170
106,0,blank,0,-323,-105,252547,252741,194
106,0,blank,0,-323,-105,252741,252916,175
106,0,blank,0,-323,-105,252916,253094,178
106,0,blank,0,-323,-105,253094,253269,175
106,0,blank,0,-323,-105,253269,253414,145
106,0,blank,0,-323,-105,253414,253541,127
106,0,blank,0,-323,-105,253541,253719,178
106,0,blank,0,-323,-105,253719,253902,183
106,0,blank,0,-323,-105,253902,254083,181
106,0,blank,0,-323,-105,254083,254279,196
106,0,blank,0,-323,-105,254279,254455,176
106,0,blank,0,-323,-105,254455,254640,185
106,0,blank,0,-323,-105,254640,254836,196
106,0,blank,0,-323,-105,254836,255017,181
106,0,blank,0,-323,-105,255017,255207,190
106,0,blank,0,-323,-105,255207,255391,184
106,0,blank,0,-323,-105,255391,255587,196
106,0,blank,0,-323,-105,255587,255784,197
106,0,blank,0,-323,-105,255784,255983,199
106,0,blank,0,-323,-105,255983,256162,179
106,0,blank,0,-323,-105,256162,256325,163
106,0,blank,0,-323,-105,256325,256481,156
106,0,blank,0,-323,-105,256481,256670,189
106,0,blank,0,-323,-105,256670,256862,192
106,0,blank,0,-323,-105,256862,257004,142
106,0,blank,0,-323,-105,257004,257202,198
106,0,blank,0,-323,-105,257202,257262,60
106,75,iitkgp,417,220.20465,506.8304,257295,257384,89
106,0,blank,0,-323,-105,257482,257657,175
106,0,blank,0,-323,-105,257657,257834,177
106,0,blank,0,-323,-105,257834,258020,186
106,0,blank,0,-323,-105,258020,258143,123
106,0,blank,0,-323,-105,258143,258278,135
106,0,blank,0,-323,-105,258278,258422,144
106,0,blank,0,-323,-105,258422,258635,213
106,0,blank,0,-323,-105,258635,258807,172
106,0,blank,0,-323,-105,258807,258935,128
106,0,blank,0,-323,-105,258935,259083,148
106,0,blank,0,-323,-105,259083,259230,147
106,0,blank,0,-323,-105,259230,259414,184
106,0,blank,0,-323,-105,259414,259528,114
106,77,"replaceString(text1,\kgp\""",428,169.71485,549.2444,259546,259706,160
106,78,kgp,435,197.8311,559.4256667,259706,259860,154
106,78,kgp,435,194.4022,562.52075,259860,259954,94
106,0,blank,0,-323,-105,260104,260288,184
106,0,blank,0,-323,-105,260288,260465,177
106,0,blank,0,-323,-105,260465,260660,195
106,0,blank,0,-323,-105,260660,260761,101
106,0,blank,0,-323,-105,260761,260873,112
106,0,blank,0,-323,-105,260873,260993,120
106,0,blank,0,-323,-105,260993,261149,156
106,0,blank,0,-323,-105,261149,261407,258
106,0,blank,0,-323,-105,261407,261687,280
106,78,text1,433,136.0855333,573.981,261723,261884,161
106,77,"replaceString(text1,\kgp\""",428,185.7953,552.572,261884,261979,95
106,78,remove,431,96.86876667,570.3714333,261979,262175,196
106,78,remove,431,100.0845,572.6738833,262175,262373,198
106,78,text1,433,137.25514,575.69684,262373,262538,165
106,0,blank,0,-323,-105,262604,262799,195
106,0,blank,0,-323,-105,262799,262871,72
106,0,blank,0,-323,-105,262871,263171,300
106,0,blank,0,-323,-105,263171,263364,193
106,0,blank,0,-323,-105,263364,263526,162
106,0,blank,0,-323,-105,263526,263882,356
106,0,blank,0,-323,-105,263882,264246,364
106,0,blank,0,-323,-105,264246,264352,106
106,79,text1:%s\n\n,442,162.7933,580.2053,264386,264416,30
106,0,blank,0,-197.8783333,459.445,264624,264772,148
106,0,blank,0,-183.13135,-60.314175,264866,265057,191
106,0,blank,0,-257.277075,-56.054,265107,265299,192
106,0,blank,0,-211.6105,1.1925,265299,265343,44
106,78,comma,436,238.8875,573.37645,265395,265491,96
106,0,blank,0,-85.26355,739.55945,265572,265771,199
106,0,blank,0,-68.8212,767.3819,265771,265805,34
106,79,text1:%s\n\n,442,204.7088,590.20956,265836,265998,162
106,78,kharagpur,437,299.1101333,560.23995,266031,266229,198
106,78,kharagpur,437,298.4461667,567.8443333,266229,266330,101
106,80,"replaceString(text1,\iit\""",449,295.89545,604.8009,266479,266669,190
106,78,kharagpur,437,303.9712667,570.0338,266669,266863,194
106,79,text1,444,302.14562,581.2959,266863,267032,169
106,79,text1:%s\n\n,442,264.7799667,592.3813667,267032,267229,197
106,78,kharagpur,437,308.0666667,567.3835833,267229,267426,197
106,78,kharagpur,437,311.9017667,574.81705,267426,267623,197
106,0,blank,0,-323,-105,267745,267919,174
106,0,blank,0,-323,-105,267919,268098,179
106,0,blank,0,-323,-105,268098,268276,178
106,0,blank,0,-323,-105,268276,268428,152
106,0,blank,0,-323,-105,268428,268592,164
106,0,blank,0,-323,-105,268592,268734,142
106,0,blank,0,-323,-105,268734,268866,132
106,0,blank,0,-323,-105,268866,268962,96
106,0,blank,0,-323,-105,268962,269123,161
106,0,blank,0,-323,-105,269123,269312,189
106,0,blank,0,-323,-105,269312,269478,166
106,0,blank,0,-323,-105,269478,269671,193
106,0,blank,0,-323,-105,269671,269860,189
106,0,blank,0,-323,-105,269860,269945,85
106,0,blank,0,-323,-105,269945,270095,150
106,0,blank,0,-323,-105,270095,270246,151
106,0,blank,0,-323,-105,270246,270340,94
106,79,text1:%s\n\n,442,208.1780167,579.2218,270373,270558,185
106,79,text1:%s\n\n,442,215.641675,585.16195,270558,270683,125
106,62,>=,362,166.7887333,215.0662667,270746,270937,191
106,0,blank,0,152.6887,242.2082667,270937,271126,189
106,64,rm_length,367,147.7193,253.09235,271126,271190,64
106,61,comma,355,225.24885,198.8495,271222,271413,191
106,0,blank,0,201.41085,202.8436667,271413,271605,192
106,0,blank,0,299.6493,165.8819,271605,271797,192
106,0,blank,0,283.3882,178.1338,271797,271862,65
106,62,>=,362,161.2483333,216.0119,271894,272087,193
106,80,"replaceString(text1,\iit\""",449,191.53655,605.47215,272121,272314,193
106,79,text1:%s\n\n,442,149.8343667,588.7728167,272314,272508,194
106,78,text1,433,155.73244,573.90652,272508,272669,161
106,0,blank,0,-323,-105,272766,272948,182
106,0,blank,0,-323,-105,272948,273128,180
106,0,blank,0,-323,-105,273128,273319,191
106,0,blank,0,-323,-105,273319,273496,177
106,0,blank,0,-323,-105,273496,273677,181
106,0,blank,0,-323,-105,273677,273858,181
106,0,blank,0,-323,-105,273858,274044,186
106,0,blank,0,-323,-105,274044,274218,174
106,0,blank,0,-323,-105,274218,274390,172
106,0,blank,0,-323,-105,274390,274564,174
106,0,blank,0,-323,-105,274564,274704,140
106,0,blank,0,-323,-105,274704,274886,182
106,0,blank,0,-323,-105,274886,274951,65
106,0,blank,0,-323,-105,274951,275210,259
106,0,blank,0,-323,-105,275210,275465,255
106,0,blank,0,-323,-105,275465,275720,255
106,0,blank,0,-323,-105,275720,275796,76
106,0,blank,0,215.0378,237.9406,275830,275903,73
106,0,blank,0,-323,-105,275971,276002,31
106,0,blank,0,-323,-105,276053,276078,25
106,0,blank,0,209.527,238.2108,276109,276134,25
106,0,blank,0,251.1380667,228.4522167,276192,276378,186
106,0,blank,0,255.0529,235.7791,276378,276411,33
106,0,blank,0,611.5403,241.84675,276446,276512,66
106,0,blank,0,255.111075,409.243375,276579,276715,136
106,79,text1:%s\n\n,442,256.50552,587.77644,276749,276912,163
106,0,blank,0,875.2942,319.5984,276978,277145,167
106,0,blank,0,867.791,326.7256,277145,277246,101
106,0,blank,0,963.6802,461.01512,277279,277448,169
106,0,blank,0,962.8744,444.45384,277448,277618,170
106,0,blank,0,955.4756,448.8337,277618,277792,174
106,0,blank,0,961.9004,454.4695,277792,277965,173
106,0,blank,0,973.7156,498.0933,277965,278141,176
106,0,blank,0,979.585,543.729,278141,278315,174
106,0,blank,0,994.854,559.85792,278315,278488,173
106,0,blank,0,978.556,554.45872,278488,278662,174
106,0,blank,0,947.998,542.1758,278662,278699,37
106,0,blank,0,161.44056,245.5819,278767,278943,176
106,0,blank,0,128.67246,231.71568,278943,279110,167
106,0,blank,0,120.54406,237.45906,279110,279278,168
106,0,blank,0,87.99186,220.20616,279278,279442,164
106,0,blank,0,219.7699,212.3173167,279475,279671,196
106,0,blank,0,218.15524,218.7707,279671,279833,162
107,45,while,252,73.50082,348.96024,459301,459470,169
107,23,for,127,97.1867,352.83424,459470,459651,181
107,23,for,127,104.22446,357.8198,459651,459818,167
107,22,;,126,98.90275,361.43375,459818,459885,67
107,47,text_len,263,163.66618,394.1714,459917,460084,167
107,0,blank,0,163.63542,368.8159,460084,460251,167
107,45,text,254,160.48504,353.19044,460251,460418,167
107,45,text_len,256,230.4751833,349.865,460418,460617,199
107,45,!=,258,280.86842,347.95256,460617,460795,178
107,45,text_len,256,234.76816,342.50328,460795,460963,168
107,20,int,120,230.0479667,332.9687667,460963,461062,99
107,0,blank,0,298.55512,353.6957,461186,461352,166
107,0,blank,0,297.95024,349.26738,461352,461520,168
107,0,blank,0,394.92468,345.97396,461520,461688,168
107,0,blank,0,387.6549167,347.7131833,461688,461884,196
107,0,blank,0,352.22986,355.31012,461884,462053,169
107,45,),260,359.3754,342.3193,462053,462085,32
107,24,==,146,211.13355,396.4157333,462118,462313,195
107,23,;,136,156.60425,388.9011667,462313,462507,194
107,69,text,387,145.7119,365.2091333,462507,462703,196
107,23,for,127,118.95485,355.4526333,462703,462899,196
107,25,return,149,126.0616667,438.7984667,462931,463125,194
107,24,(,141,117.0251667,409.0513,463125,463322,197
107,69,comma,390,156.0857667,363.2927,463322,463520,198
107,0,blank,0,165.4786333,362.8353833,463520,463716,196
107,23,0,131,147.52735,386.7339,463716,463912,196
107,47,text_len,263,167.8293667,401.0147333,463912,464104,192
107,24,==,146,218.0326167,404.7968333,464104,464297,193
107,24,],145,197.6167333,407.7597667,464297,464491,194
107,24,[,143,182.85795,405.67115,464491,464685,194
107,23,index,135,231.8815167,393.8121,464685,464878,193
107,23,index,135,255.3605333,399.44095,464878,465072,194
107,0,blank,0,243.96695,364.0270333,465072,465266,194
107,45,text_len,256,216.4064667,347.0074667,465266,465460,194
107,45,text_len,256,204.2003333,345.25375,465460,465656,196
107,24,==,146,206.2349167,393.0354333,465656,465850,194
107,69,rm_length,391,264.1731667,358.3573667,465850,466045,195
107,0,blank,0,297.0760333,352.0843667,466045,466241,196
107,23,++,137,294.7714667,397.4679,466241,466436,195
107,25,return,149,322.0623333,414.87755,466436,466629,193
107,24,if,140,325.913,407.38745,466629,466695,66
107,0,blank,0,208.8225,416.7853,466752,466869,117
107,24,],145,198.12715,414.814,466869,467068,199
107,24,i,144,192.24144,414.38864,467068,467244,176
107,24,==,146,224.8270333,422.1799,467244,467436,192
107,24,0,147,272.61865,420.95595,467436,467628,192
107,26,for,151,236.2878833,426.58915,467628,467820,192
107,25,;,150,187.8700333,435.7044,467820,468012,192
107,26,for,151,186.5217833,444.2913,468012,468205,193
107,27,text,165,165.1739833,474.6290167,468205,468396,191
107,50,text_len,273,208.3600667,467.4783333,468396,468586,190
107,26,+,157,231.8602333,465.6528833,468586,468779,193
107,26,rm_length,158,259.9701,464.3966833,468779,468976,197
107,26,for,151,292.9431667,426.6889,468976,469169,193
107,69,),392,338.8908667,372.7182833,469169,469364,195
107,0,blank,0,388.7231667,355.3561833,469364,469556,192
107,0,blank,0,367.62485,343.9146333,469556,469750,194
107,26,for,151,278.5078333,436.8731167,469750,469942,192
107,27,0,170,251.4401833,468.8010667,469942,470137,195
107,50,text_len,273,215.63025,464.52595,470137,470330,193
107,26,index,156,197.1500667,454.7892167,470330,470522,192
107,26,index,156,179.2347,446.4584167,470522,470714,192
107,24,==,146,213.9704,418.62055,470714,470906,192
107,24,==,146,223.903,415.9871833,470906,471098,192
107,26,for,151,260.1590167,423.78425,471098,471290,192
107,27,0,170,269.1791,469.4937667,471290,471485,195
107,26,rm_length,158,317.19736,447.04686,471485,471656,171
107,0,blank,0,383.9970167,337.6545,471656,471848,192
107,20,rm_length,121,376.76515,332.55625,471848,471913,65
107,30,return,180,339.8814333,478.9703167,471945,472140,195
107,30,return,180,341.5062,476.2539167,472140,472334,194
107,52,i,294,241.7047333,485.1062167,472334,472529,195
107,75,=,416,201.48402,490.26564,472529,472697,168
107,52,text,292,207.6196167,492.7981,472697,472896,199
107,75,=,416,196.2466,493.22185,472896,473091,195
107,29,index,175,206.8665,525.2134,473091,473124,33
107,75,iitkgp,417,223.9592,504.2683667,473249,473444,195
107,27,0,170,260.7252333,486.3800667,473444,473640,196
107,75,iitkgp,417,230.7288833,492.739,473640,473838,198
107,75,iitkgp,417,224.1069167,497.5577833,473838,474037,199
107,27,0,170,271.53965,487.32845,474037,474234,197
107,27,0,170,269.4648167,481.06945,474234,474426,192
107,27,0,170,268.5742333,473.2208667,474426,474621,195
107,24,0,147,269.3530667,410.5074333,474621,474815,194
107,24,==,146,231.8301167,410.4272333,474815,475010,195
107,24,==,146,224.9742333,406.8871,475010,475203,193
107,26,for,151,200.3878667,429.6449667,475203,475396,193
107,26,for,151,273.9298667,424.8041,475396,475591,195
107,26,rm_length,158,256.4646333,452.5646833,475591,475787,196
107,52,i,294,240.8895,485.3525833,475787,475982,195
107,75,iitkgp,417,242.5118,508.1129,475982,476015,33
107,29,index,175,219.1385667,532.1994167,476112,476303,191
107,75,iitkgp,417,266.7640833,504.2531833,476303,476500,197
107,75,iitkgp,417,273.05125,500.8828667,476500,476694,194
107,52,-,295,256.4018833,510.5984,476694,476887,193
107,77,"replaceString(text1,\kgp\""",428,204.6722,541.02202,476887,477056,169
107,77,"replaceString(text1,\kgp\""",428,194.9741,538.3961333,477056,477250,194
107,29,index,175,204.66265,532.8313,477250,477446,196
107,29,index,175,216.36355,515.6371833,477446,477644,198
107,29,index,175,219.17485,524.5465167,477644,477843,199
107,77,"replaceString(text1,\kgp\""",428,217.80858,539.39768,477843,478010,167
107,79,text1:%s\n\n,442,241.85986,582.18988,478010,478173,163
107,29,0,178,273.03972,531.27376,478239,478411,172
107,29,0,178,283.3696,514.83335,478411,478609,198
107,29,0,178,276.35744,525.25634,478609,478777,168
107,77,"replaceString(text1,\kgp\""",428,262.7038667,534.5112,478777,478976,199
107,29,0,178,270.49295,528.2770333,478976,479175,199
107,29,0,178,284.3812667,528.0950667,479175,479370,195
107,29,0,178,293.2652667,532.4270833,479370,479563,193
107,77,"replaceString(text1,\kgp\""",428,300.2785,536.35224,479563,479739,176
107,77,"replaceString(text1,\kgp\""",428,267.68016,537.13028,479739,479899,160
107,77,"replaceString(text1,\kgp\""",428,229.4764,548.8299,479899,480076,177
107,77,"replaceString(text1,\kgp\""",428,209.63788,544.06272,480076,480245,169
107,77,"replaceString(text1,\kgp\""",428,203.00025,549.7443667,480245,480438,193
107,77,"replaceString(text1,\kgp\""",428,193.31925,550.7059167,480438,480635,197
107,77,"replaceString(text1,\kgp\""",428,226.98554,547.2187,480635,480803,168
107,29,0,178,278.92606,516.80338,480803,480973,170
107,29,0,178,292.1340333,519.2628167,480973,481170,197
107,29,0,178,291.84964,519.57554,481170,481340,170
107,29,0,178,298.40122,522.03472,481340,481515,175
107,76,text1:%s\n\n,421,263.6922167,520.4304833,481515,481712,197
107,54,ins_len,308,238.2700167,532.08145,481712,481910,198
107,52,text,292,211.89758,510.05928,481910,482079,169
107,52,text,292,204.12305,501.283175,482079,482253,174
107,75,iitkgp,417,222.44324,490.75614,482253,482425,172
107,76,text1:%s\n\n,421,214.44156,511.85908,482425,482594,169
107,29,0,178,280.83255,527.16635,482594,482791,197
107,29,0,178,299.7769333,526.8742,482791,482989,198
107,77,"replaceString(text1,\kgp\""",428,228.85316,542.72488,482989,483155,166
107,78,kgp,435,209.496175,559.01975,483155,483322,167
107,30,;,181,191.33798,550.3112,483322,483494,172
107,54,i,311,177.38724,555.9195,483494,483660,166
107,32,do,183,111.4865,579.8907833,483660,483857,197
107,52,[,293,126.02015,510.4754333,483857,484052,195
107,76,text1:%s\n\n,421,196.845475,512.38825,484052,484185,133
107,78,kgp,435,202.91718,564.37362,484328,484510,182
107,75,iitkgp,417,225.36176,505.27328,484510,484679,169
107,75,iitkgp,417,256.92154,495.37232,484679,484848,169
107,52,text,292,184.1538167,491.8232,484848,485040,192
107,75,=,416,202.7104667,497.1967167,485040,485232,192
107,75,iitkgp,417,266.9852333,498.3461833,485232,485427,195
107,75,iitkgp,417,259.004,508.8900667,485427,485618,191
107,77,"replaceString(text1,\kgp\""",428,198.6877167,547.3466,485618,485812,194
107,29,index,175,204.3078167,526.1617167,485812,486009,197
107,52,text,292,213.9281833,500.6830333,486009,486206,197
107,52,text,292,213.6769,507.3174833,486206,486402,196
107,76,text1:%s\n\n,421,212.2062,511.8435667,486402,486599,197
107,75,iitkgp,417,232.94045,495.5632833,486599,486796,197
107,52,i,294,238.5428167,484.0713333,486796,486994,198
107,27,==,169,222.46865,487.19675,486994,487155,161
107,27,0,170,271.5161,470.2526,487155,487276,121
107,26,rm_length,158,268.2214,446.556,487276,487399,123
107,27,0,170,258.463925,483.663725,487399,487583,184
107,75,iitkgp,417,235.5021833,507.5582833,487583,487780,197
107,75,iitkgp,417,235.2729333,495.2491,487780,487976,196
107,29,index,175,214.6842333,519.0550333,487976,488173,197
107,77,"replaceString(text1,\kgp\""",428,202.63594,541.72538,488173,488343,170
107,77,"replaceString(text1,\kgp\""",428,193.4452167,550.2078,488343,488539,196
107,77,"replaceString(text1,\kgp\""",428,199.8338333,540.88405,488539,488735,196
107,77,"replaceString(text1,\kgp\""",428,217.6806333,533.58435,488735,488929,194
107,77,"replaceString(text1,\kgp\""",428,219.7819667,544.8957833,488929,489123,194
107,77,"replaceString(text1,\kgp\""",428,242.0615833,538.7274667,489123,489322,199
107,76,text1,423,301.64685,516.7030667,489322,489517,195
107,77,"replaceString(text1,\kgp\""",428,239.1095,537.7603667,489517,489708,191
107,77,"replaceString(text1,\kgp\""",428,199.8057333,542.4063,489708,489905,197
107,35,text,200,176.3182167,560.805,489905,490103,198
107,80,(,448,121.21955,608.077,490103,490299,196
107,81,text1,454,124.9265167,625.0623333,490299,490497,198
107,35,text,200,146.2884833,644.2790833,490497,490689,192
107,34,rm_length,189,216.0488333,638.2415333,490689,490886,197
107,35,i,202,196.9873167,652.8877833,490886,491085,199
107,35,text,200,170.9765833,642.4493667,491085,491281,196
107,82,text1:%s\n,463,182.1084167,643.5702667,491281,491478,197
107,34,rm_length,189,214.6419667,636.0293,491478,491671,193
107,80,"replaceString(text1,\iit\""",449,229.69325,619.5549333,491671,491863,192
107,75,=,416,200.74712,502.74168,491863,492032,169
107,27,==,169,206.0415833,478.8178833,492032,492225,193
107,26,for,151,215.2183333,450.97335,492225,492417,192
107,26,for,151,234.3309167,418.83905,492417,492609,192
107,24,0,147,253.55875,401.72195,492609,492672,63
107,82,text1:%s\n,463,239.1277,648.3939,492704,492948,244
107,0,blank,0,-323,-105,493025,493051,26
107,59,char,343,353.4420833,645.34465,493358,493553,195
107,34,text,192,348.4089833,630.2994,493553,493751,198
107,34,text,192,348.5381,634.7069333,493751,493948,197
107,81,IIT,458,281.3268833,632.7307167,493948,494145,197
107,34,rm_length,189,264.398975,623.7716,494145,494277,132
107,59,text,332,216.749,665.7667,494277,494470,193
107,59,text,332,193.0867167,664.1158833,494470,494663,193
107,35,text,200,159.224125,656.34005,494663,494792,129
107,34,text,192,336.511,630.02425,494825,495020,195
107,34,text,192,342.0755667,631.16755,495020,495218,198
107,35,;,208,338.7006,647.0919,495218,495251,33
107,37,const,218,199.7511667,679.13865,495284,495479,195
107,37,text,214,135.4022167,679.3314167,495479,495672,193
107,59,text,332,201.3288667,665.2820667,495672,495792,120
107,0,blank,0,215.2292,675.7012,495792,495905,113
107,35,0,206,302.4617,645.337,495905,496570,665
107,35,0,206,294.6889167,651.4492167,496570,496757,187
107,59,const,342,291.6664,668.3972,496757,497228,471
107,35,0,206,281.1441833,661.5836667,497228,497408,180
107,35,0,206,287.6625833,656.6171,497408,497601,193
107,59,const,342,312.61415,666.8977,497601,497667,66
107,75,50,414,156.9274167,503.0239,497700,497893,193
107,73,void,408,132.1432667,445.5633,497893,498084,191
107,0,blank,0,153.46765,423.9735333,498084,498276,192
107,24,text,142,172.7433,418.2323333,498276,498468,192
107,23,0,131,153.9518,400.00165,498468,498659,191
107,45,text_len,256,234.0163333,361.9296667,498659,498851,192
107,69,rm_length,391,250.2648667,361.8221833,498851,499042,191
107,45,!=,258,290.3618667,350.5043667,499042,499233,191
107,0,blank,0,295.4761,343.7194,499233,499265,32
107,0,blank,0,402.1978167,347.27135,499297,499492,195
107,0,blank,0,408.2982,356.08136,499492,499656,164
107,69,rm_length,391,267.6462833,360.0774333,499689,499883,194
107,69,rm_length,391,262.93945,366.4663,499883,500012,129
107,0,blank,0,-189.4303,458.10235,500076,500270,194
107,0,blank,0,-177.246375,473.986875,500270,500399,129
107,45,text_len,256,179.8233667,349.7251667,500431,500623,192
107,45,text_len,256,201.2555833,351.3718,500623,500814,191
107,45,text_len,256,219.14195,339.9984,500814,500878,64
107,0,blank,0,959.7456667,-73.88625,500973,501172,199
107,0,blank,0,967.04,-95.9802,501172,501205,33
107,0,blank,0,965.975,700.6407,501269,501366,97
107,0,blank,0,966.584,-103.9686667,501399,501498,99
107,0,blank,0,1002.133,772.63276,501531,501698,167
107,0,blank,0,984.166,780.84405,501698,501765,67
107,0,blank,0,-323,-105,501866,502030,164
107,0,blank,0,-323,-105,502030,502195,165
107,0,blank,0,-323,-105,502195,502366,171
107,0,blank,0,-323,-105,502366,502550,184
107,0,blank,0,-323,-105,502550,502739,189
107,0,blank,0,-323,-105,502739,502907,168
107,0,blank,0,-323,-105,502907,503030,123
107,0,blank,0,-323,-105,503030,503262,232
107,0,blank,0,-323,-105,503262,503530,268
107,0,blank,0,-323,-105,503530,503806,276
107,44,int,247,68.9888,336.7705,503840,503872,32
107,45,while,252,47.88205,343.6129167,503945,504138,193
107,45,while,252,47.97718,349.44382,504138,504305,167
107,45,while,252,45.54956,349.93424,504305,504473,168
107,68,},384,84.23224,355.3544,504540,504707,167
107,45,while,252,82.92074,350.49508,504707,504876,169
107,22,i,125,84.27513333,362.1384333,504876,504981,105
107,20,],115,185.69106,329.3629,505016,505191,175
107,45,[,255,172.28638,343.15252,505191,505362,171
107,44,text_len,248,120.81502,339.43448,505362,505532,170
107,45,while,252,79.36906,339.22192,505532,505702,170
107,20,int,120,223.0014,333.97412,505737,505906,169
107,45,text_len,256,220.6424,338.5316,505906,506074,168
107,45,text_len,256,223.6076,341.26925,506074,506142,68
107,44,text_len,248,156.83232,337.68588,506209,506376,167
107,45,text_len,256,187.4202,336.59958,506376,506543,167
107,45,text_len,256,227.4476,340.2521667,506543,506742,199
107,20,comma,119,307.1574667,330.5552667,506742,506941,199
107,45,0,259,312.6822333,330.4075167,506941,507140,199
107,45,!=,258,293.0374,335.3793,507140,507239,99
107,75,text1,412,127.14084,498.87178,507272,507436,164
107,23,i,138,108.17825,388.64065,507470,507659,189
107,69,text,387,139.36585,377.7278,507659,507853,194
107,45,text_len,256,173.25736,347.40668,507853,508022,169
107,45,(,253,112.3865333,343.55335,508022,508220,198
107,68,},384,89.49226667,337.06305,508220,508418,198
107,22,int,124,72.3669,360.2442,508418,508452,34
107,0,blank,0,-323,-105,508586,508783,197
107,0,blank,0,-323,-105,508783,508981,198
107,0,blank,0,-323,-105,508981,509159,178
107,0,blank,0,-323,-105,509159,509329,170
107,0,blank,0,-323,-105,509329,509512,183
107,0,blank,0,-323,-105,509512,509672,160
107,0,blank,0,-323,-105,509672,509761,89
107,0,blank,0,-323,-105,509761,509892,131
107,0,blank,0,-323,-105,509892,510062,170
107,0,blank,0,-323,-105,510062,510250,188
107,0,blank,0,-323,-105,510250,510422,172
107,45,text_len,256,232.8239,349.7376,510456,510487,31
107,69,rm_length,391,287.6385,359.207,510556,510734,178
107,69,rm_length,391,283.795725,358.122975,510734,510863,129
107,45,0,259,314.92,355.6531,510863,511105,242
107,20,index,118,288.49215,332.446275,511105,511226,121
107,0,blank,0,-323,-105,511324,511517,193
107,0,blank,0,-323,-105,511517,511699,182
107,0,blank,0,-323,-105,511699,511888,189
107,0,blank,0,-323,-105,511888,512071,183
107,0,blank,0,-323,-105,512071,512199,128
107,0,blank,0,-323,-105,512199,512393,194
107,0,blank,0,-323,-105,512393,512568,175
107,0,blank,0,-323,-105,512568,512708,140
107,0,blank,0,-323,-105,512708,512811,103
107,69,rm_length,391,301.4065333,358.3160167,512844,513035,191
107,69,;,393,345.9924667,357.7113667,513035,513227,192
107,0,blank,0,373.882,349.02905,513227,513419,192
107,69,;,393,351.2617,363.04626,513419,513582,163
107,0,blank,0,-323,-105,513646,513839,193
107,0,blank,0,-323,-105,513839,514016,177
107,0,blank,0,-323,-105,514016,514198,182
107,0,blank,0,-323,-105,514198,514397,199
107,0,blank,0,-323,-105,514397,514558,161
107,0,blank,0,-323,-105,514558,514742,184
107,0,blank,0,-323,-105,514742,514917,175
107,0,blank,0,-323,-105,514917,515047,130
107,26,for,151,225.2596333,435.1666833,515081,515273,192
107,27,0,170,224.60745,467.08945,515273,515467,194
107,27,0,170,252.3507667,469.903,515467,515661,194
107,27,],168,201.5701,473.2913167,515661,515857,196
107,25,;,150,186.5607167,438.76505,515857,516051,194
107,25,;,150,188.8827167,436.7667,516051,516244,193
107,26,for,151,217.0082833,435.97295,516244,516439,195
107,26,for,151,261.4366333,441.75,516439,516637,198
107,26,for,151,266.4003,431.3976333,516637,516833,196
107,26,for,151,237.4065,429.2198167,516833,517029,196
107,25,return,149,177.9212,429.9994667,517029,517224,195
107,25,return,149,136.6120833,442.5980667,517224,517417,193
107,24,==,146,218.6549667,421.06255,517417,517612,195
107,24,[,143,177.1055333,415.6910833,517612,517808,196
107,0,blank,0,158.36338,423.70112,517808,517976,168
107,26,index,156,167.1637,447.1735,517976,518148,172
107,26,for,151,195.3537,437.6530667,518148,518345,197
107,25,return,149,176.5073667,436.38985,518345,518543,198
107,0,blank,0,131.46708,419.80194,518543,518710,167
107,24,text,142,151.0737167,417.9879,518710,518909,199
107,26,index,156,164.5207,458.5981,518909,518976,67
107,0,blank,0,-323,-105,519042,519240,198
107,0,blank,0,-323,-105,519240,519417,177
107,0,blank,0,-323,-105,519417,519600,183
107,0,blank,0,-323,-105,519600,519799,199
107,0,blank,0,-323,-105,519799,520073,274
107,0,blank,0,-323,-105,520073,520246,173
107,0,blank,0,-323,-105,520246,520373,127
107,0,blank,0,-323,-105,520373,520549,176
107,0,blank,0,-323,-105,520549,520737,188
107,0,blank,0,-323,-105,520737,520927,190
107,0,blank,0,-323,-105,520927,521013,86
107,0,blank,0,-323,-105,521013,521146,133
107,0,blank,0,-323,-105,521146,521337,191
107,0,blank,0,-323,-105,521337,521526,189
107,0,blank,0,-323,-105,521526,521669,143
107,0,blank,0,-323,-105,521669,521836,167
107,0,blank,0,-323,-105,521836,521982,146
107,0,blank,0,-323,-105,521982,522147,165
107,0,blank,0,-323,-105,522147,522296,149
107,0,blank,0,-323,-105,522296,522452,156
107,0,blank,0,-323,-105,522452,522600,148
107,0,blank,0,-323,-105,522600,522799,199
107,0,blank,0,-323,-105,522799,522996,197
107,0,blank,0,-323,-105,522996,523183,187
107,0,blank,0,-323,-105,523183,523335,152
107,0,blank,0,-323,-105,523335,523515,180
107,0,blank,0,-323,-105,523515,523689,174
107,0,blank,0,-323,-105,523689,523882,193
107,0,blank,0,-323,-105,523882,524066,184
107,0,blank,0,-323,-105,524066,524250,184
107,0,blank,0,-323,-105,524250,524416,166
107,0,blank,0,-323,-105,524416,524580,164
107,0,blank,0,-323,-105,524580,524767,187
107,0,blank,0,-323,-105,524767,524965,198
107,0,blank,0,-323,-105,524965,525136,171
107,0,blank,0,-323,-105,525136,525325,189
107,0,blank,0,-323,-105,525325,525478,153
107,0,blank,0,-323,-105,525478,525649,171
107,0,blank,0,-323,-105,525649,525825,176
107,0,blank,0,-323,-105,525825,526016,191
107,0,blank,0,-323,-105,526016,526212,196
107,0,blank,0,-323,-105,526212,526390,178
107,0,blank,0,-323,-105,526390,526573,183
107,0,blank,0,-323,-105,526573,526748,175
107,0,blank,0,-323,-105,526748,526908,160
107,0,blank,0,-323,-105,526908,527066,158
107,0,blank,0,-323,-105,527066,527192,126
107,0,blank,0,-323,-105,527192,527274,82
107,0,blank,0,-323,-105,527274,527394,120
107,0,blank,0,-323,-105,527394,527522,128
107,0,blank,0,-323,-105,527522,527709,187
107,0,blank,0,-323,-105,527709,527862,153
107,0,blank,0,-323,-105,527862,528096,234
107,0,blank,0,-323,-105,528096,528315,219
107,0,blank,0,-323,-105,528315,528574,259
107,0,blank,0,-323,-105,528574,528740,166
107,0,blank,0,-323,-105,528740,528932,192
107,0,blank,0,-323,-105,528932,529131,199
107,0,blank,0,-323,-105,529131,529315,184
107,0,blank,0,-323,-105,529315,529513,198
107,0,blank,0,-323,-105,529513,529662,149
107,0,blank,0,-323,-105,529662,529861,199
107,0,blank,0,-323,-105,529861,530031,170
107,0,blank,0,-323,-105,530031,530157,126
107,0,blank,0,-323,-105,530157,530289,132
107,0,blank,0,-323,-105,530289,530474,185
107,0,blank,0,-323,-105,530474,530658,184
107,0,blank,0,-323,-105,530658,530822,164
107,0,blank,0,-323,-105,530822,530991,169
107,0,blank,0,-323,-105,530991,531170,179
107,0,blank,0,-323,-105,531170,531347,177
107,0,blank,0,-323,-105,531347,531512,165
107,0,blank,0,-323,-105,531512,531700,188
107,0,blank,0,-323,-105,531700,531883,183
107,0,blank,0,-323,-105,531883,532080,197
107,0,blank,0,-323,-105,532080,532193,113
107,0,blank,0,-323,-105,532193,532331,138
107,0,blank,0,-323,-105,532331,532478,147
107,0,blank,0,-323,-105,532478,532663,185
107,0,blank,0,337.8675,-103.9489,532696,532726,30
107,0,blank,0,166.3107,-103.92295,532786,532884,98
107,0,blank,0,168.26738,-103.92272,532978,533170,192
107,0,blank,0,135.2593,-103.9096,533170,533205,35
107,0,blank,0,86.2027,-103.8844,533205,533392,187
107,0,blank,0,68.8828,-103.909575,533392,533583,191
107,0,blank,0,80.81663333,-103.8927667,533583,533781,198
107,0,blank,0,-323,-105,533846,534034,188
107,0,blank,0,-323,-105,534034,534223,189
107,0,blank,0,-323,-105,534223,534269,46
107,0,blank,0,589.0766333,-103.8564,534306,534417,111
107,0,blank,0,-323,-105,534452,534651,199
107,0,blank,0,-323,-105,534651,534842,191
107,0,blank,0,-323,-105,534842,535041,199
107,0,blank,0,-323,-105,535041,535189,148
107,0,blank,0,491.9697,679.1379,535310,535363,53
107,75,50,414,157.00315,492.44315,535657,535754,97
107,0,blank,0,89.257075,-103.879575,535944,536135,191
107,0,blank,0,172.3605,-103.88714,536135,536326,191
107,0,blank,0,170.8877,-103.88492,536326,536497,171
107,24,0,147,238.37968,412.50406,536567,536735,168
107,26,for,151,209.3977833,441.86515,536735,536932,197
107,27,i,167,184.47532,473.654,536932,537101,169
107,26,index,156,207.2939667,456.1878667,537101,537298,197
107,26,index,156,203.4426,459.48515,537298,537494,196
107,75,iitkgp,417,245.20166,503.31626,537494,537666,172
107,75,iitkgp,417,248.2951,505.4749,537666,537697,31
107,73,void,408,122.25366,454.49646,537899,538092,193
107,0,blank,0,119.8517833,438.29125,538092,538289,197
107,24,text,142,161.39625,419.28515,538289,538487,198
107,24,[,143,178.6896167,419.3558833,538487,538683,196
107,24,text,142,143.8752833,414.5835,538683,538877,194
107,24,if,140,103.3139833,411.1954833,538877,539072,195
107,49,int,266,55.45923333,418.6034167,539072,539265,193
107,0,blank,0,-323,-105,539298,539355,57
107,35,(,199,128.1382,644.3229,539381,539407,26
107,24,(,141,118.7680167,421.9339,539458,539635,177
107,24,text,142,162.0450333,422.7626167,539635,539828,193
107,24,[,143,176.6916667,419.7016833,539828,540020,192
107,24,text,142,148.20255,416.6812667,540020,540213,193
107,24,text,142,147.00765,415.3794,540213,540277,64
107,0,blank,0,-323,-105,540373,540547,174
107,0,blank,0,-323,-105,540547,540723,176
107,0,blank,0,-323,-105,540723,540865,142
107,0,blank,0,-323,-105,540865,541060,195
107,0,blank,0,-323,-105,541060,541207,147
107,0,blank,0,-323,-105,541207,541331,124
107,0,blank,0,-323,-105,541331,541522,191
107,0,blank,0,-323,-105,541522,541712,190
107,0,blank,0,-323,-105,541712,541899,187
107,0,blank,0,-323,-105,541899,542080,181
107,0,blank,0,-323,-105,542080,542259,179
107,0,blank,0,-323,-105,542259,542409,150
107,0,blank,0,-323,-105,542409,542518,109
107,0,blank,0,-323,-105,542518,542632,114
107,0,blank,0,-323,-105,542632,542797,165
107,0,blank,0,-323,-105,542797,543054,257
107,0,blank,0,-323,-105,543054,543309,255
107,0,blank,0,-323,-105,543309,543564,255
107,0,blank,0,-323,-105,543564,543638,74
107,0,blank,0,-5.97085,452.46285,543674,543767,93
107,50,text_len,273,162.87824,453.10476,543813,543989,176
107,27,text,165,159.5637,475.3514,543989,544025,36
107,26,for,151,209.2731,437.5193,544025,544228,203
107,26,i,161,133.879675,463.814875,544228,544394,166
107,26,index,156,167.76475,459.407975,544394,544563,169
107,27,text,165,169.4324,476.0684833,544563,544757,194
107,26,rm_length,158,283.3324333,460.7302833,544757,544950,193
107,26,rm_length,158,271.2108,457.1854,544950,544988,38
107,50,ins_len,279,386.2296833,464.9915667,545020,545212,192
107,27,==,169,229.908,487.84712,545244,545417,173
107,52,text,292,206.3456833,491.8342667,545417,545607,190
107,27,==,169,228.00945,488.0978833,545607,545800,193
107,27,0,170,279.0797167,487.3196167,545800,545998,198
107,27,0,170,250.08815,488.8606833,545998,546190,192
107,29,index,175,191.2357667,517.3377167,546190,546386,196
107,29,index,175,206.1136833,530.0246,546386,546581,195
107,29,index,175,192.57475,527.3919333,546581,546775,194
107,26,for,151,205.4814,440.1446667,546775,546974,199
107,27,],168,199.24306,470.1102,546974,547143,169
107,27,],168,201.7711333,482.5570333,547143,547336,193
107,75,50,414,156.50565,494.58495,547336,547534,198
107,26,index,156,186.6485333,451.9787167,547534,547732,198
107,26,for,151,205.82415,442.3602,547732,547927,195
107,26,for,151,198.4936167,437.8077333,547927,548121,194
107,26,for,151,191.607975,444.73995,548121,548269,148
107,27,==,169,212.2998,478.1547,548269,548445,176
107,27,==,169,208.3792,477.4629,548445,548630,185
107,26,for,151,215.9597833,433.1879333,548630,548824,194
107,24,0,147,256.1287167,422.2695667,548824,549017,193
107,26,for,151,282.4017,417.4920667,549017,549208,191
107,25,return,149,303.5925833,408.6853833,549208,549400,192
107,24,0,147,251.7761333,411.834,549400,549592,192
107,24,==,146,229.72575,411.4290167,549592,549783,191
107,24,0,147,238.7702667,407.0715,549783,549974,191
107,26,for,151,283.8694333,432.6138667,549974,550166,192
107,50,ins_len,279,260.3243,467.6557333,550166,550356,190
107,50,+,274,242.71865,464.1021333,550356,550548,192
107,37,const,218,202.54115,692.8156,550580,550692,112
107,27,[,166,182.59175,487.2524,550721,550912,191
107,27,text,165,171.3416167,480.2683167,550912,551105,193
107,27,text,165,165.0726,474.2472,551105,551137,32
107,24,0,147,263.8535833,417.9264333,551169,551360,191
107,0,blank,0,212.65175,416.1260667,551360,551551,191
107,24,0,147,251.8877,415.42,551551,551742,191
107,26,rm_length,158,284.5059833,449.7298,551742,551934,192
107,26,rm_length,158,275.2315167,447.4312167,551934,552125,191
107,26,for,151,272.2751833,431.9463333,552125,552314,189
107,26,for,151,291.8803333,427.02965,552314,552505,191
107,26,for,151,237.0856,444.4167833,552505,552696,191
107,26,for,151,219.3046167,437.1914167,552696,552888,192
107,26,for,151,213.3507,441.38515,552888,553080,192
107,26,for,151,212.1208333,432.9521833,553080,553272,192
107,26,for,151,262.8272667,429.62795,553272,553464,192
107,25,return,149,177.2045,440.44825,553464,553659,195
107,50,text_len,273,154.35485,453.4428167,553659,553854,195
107,26,for,151,215.4586667,444.7013667,553854,554048,194
107,26,for,151,217.9185833,439.01,554048,554241,193
107,26,for,151,267.36375,445.349925,554241,554369,128
107,79,text1:%s\n\n,442,178.8702833,588.4114667,554401,554594,193
107,27,==,169,231.5047,482.2780667,554594,554788,194
107,26,rm_length,158,266.2706833,446.68405,554788,554984,196
107,26,rm_length,158,260.3017333,452.2873333,554984,555082,98
107,79,text1:%s\n\n,442,178.7179333,594.0122833,555115,555312,197
107,52,text,292,189.435275,502.8543,555345,555475,130
107,34,rm_length,189,179.6112667,639.0470333,555507,555701,194
107,81,text1,454,146.2645833,633.4888,555701,555895,194
107,34,i,194,137.1979333,631.7142,555895,556091,196
107,80,printf,447,99.23938333,609.5038667,556091,556288,197
107,80,printf,447,92.533425,611.134025,556288,556419,131
107,49,;,268,96.05365,444.2343667,556451,556648,197
107,29,text,173,110.4946,483.62428,556648,556815,167
107,27,i,167,186.0239833,473.7709667,556815,557010,195
107,27,i,167,188.6633,470.0159,557010,557204,194
107,26,index,156,199.74165,447.8081333,557204,557396,192
107,26,for,151,197.08095,440.6770167,557396,557589,193
107,26,for,151,195.3077667,443.96355,557589,557781,192
107,26,index,156,202.9622833,460.54285,557781,557971,190
107,26,for,151,198.3828167,428.64755,557971,558163,192
107,26,for,151,204.6621833,434.7341,558163,558355,192
107,26,for,151,231.1987667,430.2070167,558355,558546,191
107,26,for,151,241.3049167,417.7945167,558546,558737,191
107,26,for,151,212.7591833,418.2412333,558737,558927,190
107,27,text,165,284.2972,416.4501,558927,559117,190
107,26,for,151,228.8376167,435.7202167,559117,559307,190
107,26,for,151,206.86585,440.6881,559307,559499,192
107,26,for,151,223.2692667,438.7648333,559499,559689,190
107,26,for,151,230.7592167,440.3843,559689,559881,192
107,26,for,151,273.2988167,434.5782667,559881,560073,192
107,25,;,150,182.15155,425.3822333,560073,560265,192
107,24,[,143,181.94705,417.497,560265,560457,192
107,23,index,135,237.6782,395.9343667,560457,560650,193
107,24,0,147,249.5262667,407.89685,560650,560843,193
107,26,for,151,195.328,426.7153167,560843,561038,195
107,24,i,144,189.3260333,414.4619833,561038,561230,192
107,26,for,151,199.0640333,435.8927833,561230,561422,192
107,26,index,156,189.2679333,446.5100333,561422,561615,193
107,25,return,149,150.5916667,426.9655667,561615,561810,195
107,26,<,155,146.5967167,447.32465,561810,562007,197
107,26,<,155,145.1496167,452.9168,562007,562203,196
107,0,blank,0,169.79935,423.5169667,562203,562396,193
107,24,text,142,166.2357667,421.5036667,562396,562591,195
107,24,text,142,168.2938,422.1239833,562591,562785,194
107,26,for,151,190.5409833,423.3602167,562785,562976,191
107,24,==,146,226.9823,420.4528167,562976,563166,190
107,24,i,144,190.7210833,416.9803833,563166,563358,192
107,24,i,144,184.7074333,421.7270333,563358,563550,192
107,24,==,146,216.9170667,416.56305,563550,563742,192
107,24,==,146,213.6052167,419.443,563742,563934,192
107,24,text,142,147.7072,412.4924833,563934,564127,193
107,24,0,147,261.9485667,412.4364,564127,564319,192
107,24,0,147,258.86185,412.9688333,564319,564511,192
107,24,0,147,260.3240667,413.2181167,564511,564702,191
107,26,index,156,210.04035,455.4172667,564702,564893,191
107,26,index,156,212.3138667,453.99275,564893,565085,192
107,24,0,147,274.8992333,420.5957167,565085,565277,192
107,26,for,151,269.3297333,434.5045,565277,565471,194
107,26,for,151,225.9784,431.2677333,565471,565665,194
107,26,for,151,226.0585667,425.7663667,565665,565857,192
107,26,for,151,240.24115,417.1910833,565857,566050,193
107,24,0,147,277.4524667,420.1494667,566050,566244,194
107,25,return,149,302.61958,420.0981,566244,566406,162
107,77,"replaceString(text1,\kgp\""",428,215.69525,542.8171833,566439,566634,195
107,77,"replaceString(text1,\kgp\""",428,217.2281,544.71215,566634,566698,64
107,34,-,188,160.5350667,637.01605,566731,566923,192
107,81,text1,454,152.7296,637.0717333,566923,567116,193
107,34,rm_length,189,180.6312833,632.9826333,567116,567311,195
107,78,kgp,435,209.9570833,574.53725,567311,567508,197
107,29,index,175,194.6893,529.02558,567508,567671,163
107,79,text1:%s\n\n,442,177.54624,590.2217,567671,567840,169
107,35,text,200,165.3665,653.8169167,567840,568037,197
107,34,rm_length,189,217.6053667,636.32,568037,568234,197
107,34,rm_length,189,262.01915,629.0124,568234,568432,198
107,34,text,192,320.9742,627.83732,568432,568605,173
107,59,char,343,356.5874,664.1332,568605,568719,114
107,0,blank,0,-323,-105,568831,568955,124
107,0,blank,0,-323,-105,568955,569144,189
107,0,blank,0,-323,-105,569144,569315,171
107,0,blank,0,-323,-105,569315,569498,183
107,0,blank,0,-323,-105,569498,569672,174
107,0,blank,0,-323,-105,569672,569801,129
107,0,blank,0,-323,-105,569801,569899,98
107,0,blank,0,-323,-105,569899,570070,171
107,0,blank,0,-323,-105,570070,570192,122
107,0,blank,0,-323,-105,570192,570367,175
107,0,blank,0,-323,-105,570367,570548,181
107,0,blank,0,-323,-105,570548,570689,141
107,0,blank,0,-323,-105,570689,570876,187
107,0,blank,0,-323,-105,570876,571057,181
107,0,blank,0,-323,-105,571057,571233,176
107,0,blank,0,-323,-105,571233,571428,195
107,0,blank,0,-323,-105,571428,571612,184
107,0,blank,0,-323,-105,571612,571808,196
107,0,blank,0,-323,-105,571808,572007,199
107,0,blank,0,-323,-105,572007,572164,157
107,0,blank,0,-323,-105,572164,572356,192
107,0,blank,0,-323,-105,572356,572536,180
107,0,blank,0,-323,-105,572536,572712,176
107,0,blank,0,-323,-105,572712,572890,178
107,0,blank,0,-323,-105,572890,573014,124
107,0,blank,0,-323,-105,573014,573200,186
107,0,blank,0,-323,-105,573200,573396,196
107,0,blank,0,-323,-105,573396,573592,196
107,0,blank,0,-323,-105,573592,573781,189
107,0,blank,0,-323,-105,573781,573914,133
107,0,blank,0,-323,-105,573914,573982,68
107,0,blank,0,954.55,275.2615,574383,574477,94
107,0,blank,0,985.099,248.1568,574544,574579,35
107,0,blank,0,968.484,69.4434,574682,574718,36
107,0,blank,0,976.873,234.339,574825,574858,33
107,0,blank,0,981.3226,228.63616,574894,575072,178
107,37,],222,175.42214,697.941,575253,575441,188
107,0,blank,0,194.2409,710.12106,575441,575610,169
107,0,blank,0,982.8776667,243.3434333,575678,575787,109
107,0,blank,0,994.13825,271.63625,575856,576025,169
107,0,blank,0,982.6655,264.65465,576025,576092,67
107,37,const,218,226.44364,699.40882,576162,576330,168
107,35,(,199,131.4218,654.27382,576330,576502,172
107,79,text1:%s\n\n,442,126.626,595.3924,576502,576670,168
107,75,[,413,146.45812,500.23548,576670,576839,169
107,26,index,156,164.0519,451.804975,576839,576974,135
108,20,char,112,112.21915,307.7866333,582060,582257,197
108,22,int,124,40.13638333,327.8852167,582257,582453,196
108,22,int,124,29.7829,330.86978,582453,582625,172
108,0,blank,0,157.58352,301.3993,582625,582801,176
108,67,rm_length,381,185.28438,325.40024,582801,582969,168
108,67,++,382,231.52315,322.46325,582969,583168,199
108,20,index,118,278.7937,325.24726,583168,583335,167
108,20,int,120,319.68362,316.05146,583335,583507,172
108,20,comma,119,295.9337,317.90708,583507,583680,173
108,67,rm_length,381,210.5862,317.97014,583680,583846,166
108,0,blank,0,194.3886,304.4568,583846,583881,35
108,69,index,389,202.95808,369.47542,583976,584142,166
108,69,index,389,191.07526,369.51602,584142,584310,168
108,47,text_len,263,165.3084333,399.6494,584310,584508,198
108,70,index,400,227.1551833,391.3568167,584508,584705,197
108,70,index,400,220.8148833,398.7082667,584705,584903,198
108,24,==,146,208.7870667,407.6632,584903,585100,197
108,24,0,147,251.0084833,409.8816333,585100,585296,196
108,24,0,147,261.55045,410.0198,585296,585362,66
108,80,"replaceString(text1,\iit\""",449,210.6192833,608.4483667,585395,585593,198
108,79,text1:%s\n\n,442,201.7675167,595.2299167,585593,585790,197
108,80,"replaceString(text1,\iit\""",449,187.19628,600.81616,585790,585958,168
108,80,"replaceString(text1,\iit\""",449,209.1187333,611.02195,585958,586156,198
108,80,"replaceString(text1,\iit\""",449,226.62586,600.97546,586156,586322,166
108,80,"replaceString(text1,\iit\""",449,146.7599333,599.4145167,586322,586520,198
108,79,(,441,119.51476,592.55628,586520,586683,163
108,0,blank,0,-323,-105,586749,586830,81
108,81,comma,457,177.04805,623.2507833,586941,587123,182
108,80,"replaceString(text1,\iit\""",449,197.85366,608.08026,587123,587291,168
108,80,"replaceString(text1,\iit\""",449,204.73394,611.15086,587291,587458,167
108,80,"replaceString(text1,\iit\""",449,199.59644,603.65224,587458,587628,170
108,79,text1,444,296.80252,594.36172,587628,587794,166
108,80,"replaceString(text1,\iit\""",449,313.77144,601.08378,587794,587962,168
108,79,text1,444,332.5984,589.513525,587962,588096,134
108,34,rm_length,189,185.6686333,624.97345,588129,588325,196
108,80,"replaceString(text1,\iit\""",449,243.43544,613.60906,588325,588493,168
108,79,text1,444,306.45326,585.29172,588493,588662,169
108,79,text1,444,335.095,591.52135,588662,588795,133
108,80,"replaceString(text1,\iit\""",449,211.16834,602.37198,588829,588996,167
108,80,"replaceString(text1,\iit\""",449,216.91095,610.90665,588996,589100,104
108,81,iit,456,208.6782,626.4774,589100,589218,118
108,34,],195,262.074,632.1111,589218,589413,195
108,80,"replaceString(text1,\iit\""",449,311.01416,612.58804,589413,589601,188
108,80,"replaceString(text1,\iit\""",449,365.96632,609.03888,589601,589768,167
108,80,"replaceString(text1,\iit\""",449,433.9560333,611.5476167,589768,589964,196
108,80,"replaceString(text1,\iit\""",449,420.0872667,607.4995833,589964,590160,196
108,80,"replaceString(text1,\iit\""",449,400.9650167,614.5578,590160,590353,193
108,80,"replaceString(text1,\iit\""",449,427.0123667,605.71425,590353,590547,194
108,80,"replaceString(text1,\iit\""",449,465.9215,607.2464833,590547,590741,194
108,80,"replaceString(text1,\iit\""",449,467.7639167,610.4832,590741,590936,195
108,80,"replaceString(text1,\iit\""",449,467.8524833,605.9403833,590936,591131,195
108,80,"replaceString(text1,\iit\""",449,399.1638667,609.1980167,591131,591327,196
108,81,IIT,458,270.90885,627.9989167,591359,591555,196
108,81,IIT,458,274.8639833,624.2942667,591555,591750,195
108,81,iit,456,220.4467833,622.1818167,591750,591949,199
108,79,text1:%s\n\n,442,211.849,596.6352333,591949,592148,199
108,78,kgp,435,218.3693,566.22478,592148,592312,164
108,77,"replaceString(text1,\kgp\""",428,371.4915667,550.6731667,592345,592538,193
108,77,"replaceString(text1,\kgp\""",428,450.1763167,550.8572333,592538,592735,197
108,0,blank,0,454.4872,568.50072,592735,592901,166
108,24,if,140,395.0909167,399.0703667,592934,593127,193
108,52,ins_len,296,312.37336,488.73036,593127,593293,166
108,50,ins_len,279,322.95442,454.5368,593293,593461,168
108,25,return,149,411.7689,429.393775,593461,593593,132
109,40,ins_len,237,172.3206,251.7055,643796,643828,32
109,64,rm_length,367,163.7335,253.085,643828,644097,269
109,19,},108,141.0301833,274.1864833,644097,644283,186
109,42,ins_len,244,173.71856,286.19286,644283,644448,165
109,42,ins_len,244,148.2319,282.2158167,644541,644734,193
109,42,ins_len,244,113.4366,277.47902,644734,644902,168
109,42,ins_len,244,169.3310333,273.66805,644902,645097,195
109,20,char,112,209.93885,269.75305,645097,645290,193
109,20,char,112,287.3216333,283.6576667,645290,645482,192
109,20,char,112,296.66485,277.2995167,645482,645673,191
109,20,char,112,230.1614,273.51225,645673,645864,191
109,44,text_len,248,157.65275,329.2079667,645864,646056,192
109,44,=,249,176.19785,332.39225,646056,646248,192
109,45,[,255,165.1664,337.5802333,646248,646441,193
109,45,text_len,256,175.7929833,352.65475,646441,646631,190
109,45,text_len,256,195.83525,357.7892,646631,646695,64
109,24,i,144,182.66595,409.5943667,646787,646973,186
109,23,;,136,153.4828667,374.95005,646973,647164,191
109,24,text,142,161.0526833,406.1922,647164,647356,192
109,47,text_len,263,190.4312,386.0728,647356,647550,194
109,23,index,135,207.3352,384.9024667,647550,647742,192
109,24,==,146,210.8312833,398.6399,647742,647933,191
109,34,text,192,188.0341667,480.4564333,647933,648125,192
109,27,],168,187.9729,476.13845,648125,648317,192
109,27,[,166,172.6306833,476.9377333,648317,648508,191
109,52,text,292,209.10495,484.1798167,648508,648698,190
109,0,blank,0,241.8369667,481.5026167,648698,648892,194
109,34,i,194,233.1166167,485.2768,648892,649089,197
109,52,text,292,222.3015,500.40045,649089,649281,192
109,52,text,292,213.94446,492.22828,649281,649431,150
109,27,[,166,169.8044333,477.5004667,649494,649684,190
109,52,=,291,168.68265,487.3046167,649684,649873,189
109,34,text,192,175.1209167,484.4473,649873,650063,190
109,52,text,292,214.56705,487.56525,650063,650221,158
109,0,blank,0,204.7924,481.69265,650221,650417,196
109,27,0,170,255.7479667,477.2459333,650417,650605,188
109,27,),171,278.3754833,473.1078667,650605,650802,197
109,50,ins_len,279,309.5114333,469.4673,650802,650998,196
109,52,ins_len,296,310.3258167,487.35045,650998,651195,197
109,50,ins_len,279,445.5365333,466.54745,651227,651423,196
109,27,if,163,445.8378833,479.0523667,651423,651621,198
109,27,if,163,435.2366167,474.4991167,651621,651818,197
109,0,blank,0,430.70945,489.0433,651818,651889,71
109,35,text,200,204.4826,540.50902,651958,652139,181
109,54,<,307,194.2276167,527.96465,652139,652334,195
109,54,<,307,202.3150333,525.1886,652334,652530,196
109,34,[,193,229.5244833,524.9661167,652530,652727,197
109,29,0,178,266.30266,516.35568,652727,652902,175
109,52,ins_len,296,285.7450333,506.8311333,652902,653100,198
109,29,0,178,263.36275,505.9632833,653100,653299,199
109,52,-,295,260.4277,515.52166,653299,653465,166
109,54,;,309,286.479525,549.13455,653560,653689,129
109,29,index,175,176.6919667,521.8033833,653757,653951,194
109,30,;,181,176.83486,533.45466,653951,654115,164
109,35,text,200,193.864925,560.33415,654115,654289,174
109,56,index,316,183.38685,590.1935333,654289,654485,196
109,79,text1:%s\n\n,442,206.5966667,596.9641667,654485,654683,198
109,56,],324,230.1756,598.7900333,654683,654880,197
109,56,i,323,310.47132,593.57278,654880,655051,171
109,56,],324,316.76908,592.63978,655051,655218,167
109,0,blank,0,205.48615,480.1463,655218,655414,196
109,26,for,151,189.9405667,448.5758333,655414,655511,97
109,45,text,254,152.7243833,348.5771667,655548,655740,192
109,20,text,113,159.6850667,312.8060833,655740,655933,193
109,20,text,113,161.8564833,314.9494,655933,656126,193
109,44,text_len,248,163.1951,327.0931667,656126,656319,193
109,26,;,159,162.5175667,417.71465,656319,656508,189
109,23,index,135,213.41295,385.3629,656508,656696,188
109,23,index,135,227.4000667,374.4730333,656696,656886,190
109,23,index,135,233.9996833,378.43955,656886,657077,191
109,69,index,389,220.8549333,370.77705,657077,657269,192
109,24,==,146,203.4357167,393.7163333,657269,657459,190
109,45,text_len,256,244.1586167,356.14205,657459,657648,189
109,20,char,112,233.4466167,257.7999,657648,657840,192
109,64,rm_length,367,198.47715,265.2699833,657840,658030,190
109,40,ins_len,237,236.6313833,248.1914167,658030,658220,190
109,0,blank,0,306.6388333,204.95095,658220,658411,191
109,20,char,112,336.1066833,206.5484,658411,658602,191
109,0,blank,0,371.67085,208.4253667,658602,658794,192
109,0,blank,0,427.5966667,193.4304667,658794,658987,193
109,0,blank,0,439.4258,202.3861,658987,659019,32
109,15,i,101,181.9870167,201.2394667,659084,659276,192
109,13,j,94,211.5602667,155.7715667,659276,659469,193
109,59,comma,341,244.1063667,145.7794667,659469,659668,199
109,0,blank,0,232.6900667,124.87205,659668,659865,197
109,35,i,202,198.0054667,125.44825,659865,660059,194
109,35,text,200,163.46235,125.8799,660059,660126,67
109,0,blank,0,342.733,122.7686,660159,660355,196
109,0,blank,0,975.6174,387.24508,660421,660589,168
109,0,blank,0,959.5906667,376.0328667,660589,660787,198
109,0,blank,0,986.5378333,377.0491167,660787,660984,197
109,0,blank,0,957.9102,369.2837,660984,661148,164
109,15,return,100,130.092,182.3882,661214,661412,198
109,15,return,100,147.0486667,205.8977333,661412,661608,196
109,15,return,100,169.92965,190.2925167,661608,661801,193
109,13,j,94,206.1295333,153.8866167,661801,661997,196
109,37,comma,223,201.0877,185.21495,661997,662192,195
109,39,=,230,163.0761,225.57122,662192,662359,167
109,39,=,230,167.1229,220.7033,662359,662555,196
109,39,0,231,189.251225,214.99865,662555,662686,131
109,0,blank,0,317.0944667,195.05345,662719,662915,196
109,20,char,112,274.3490667,230.8905667,662915,663110,195
109,65,rm_length,375,200.7458333,288.0010333,663110,663207,97
109,34,text,192,210.23212,531.87648,663240,663412,172
109,52,text,292,210.74356,482.62196,663412,663590,178
109,27,==,169,207.5562,475.9315,663590,663624,34
109,37,const,218,239.33302,691.91936,663690,663858,168
109,0,blank,0,178.6374,671.2332667,663858,664057,199
109,56,index,316,154.2993167,601.8330833,664057,664255,198
109,29,[,174,162.0981667,522.5603833,664255,664451,196
109,29,[,174,156.4850667,518.4551667,664451,664645,194
109,52,text,292,211.4770667,513.1694167,664645,664844,199
109,54,ins_len,308,245.634375,525.18565,664844,664978,134
109,54,ins_len,308,265.30355,543.064875,665043,665213,170
109,54,ins_len,308,248.87894,534.96396,665213,665385,172
109,34,rm_length,189,265.53908,524.97198,665385,665556,171
109,29,;,179,297.9509833,520.93685,665556,665755,199
109,30,return,180,310.2054833,517.2245167,665755,665952,197
109,75,iitkgp,417,245.99035,498.37665,665952,666148,196
109,26,for,151,186.3362333,440.26585,666148,666343,195
109,47,text_len,263,156.1866167,386.2939,666343,666533,190
109,23,i,138,159.35475,379.67375,666533,666724,191
109,45,[,255,169.4407167,330.6524,666724,666912,188
109,65,[,374,188.096,272.9979833,666912,667104,192
109,42,ins_len,244,169.0282333,266.2062833,667104,667296,192
109,42,ins_len,244,156.9067,270.0516333,667296,667487,191
109,64,rm_length,367,133.6718167,256.0692667,667487,667679,192
109,20,text,113,147.8665333,316.2104667,667679,667872,193
109,20,text,113,156.5098667,315.4802,667872,668068,196
109,20,text,113,153.1815167,317.173,668068,668262,194
109,20,char,112,204.1667667,254.01005,668262,668457,195
109,40,ins_len,237,222.23865,247.1592833,668457,668655,198
109,20,char,112,255.5058167,255.1813333,668655,668853,198
109,20,char,112,204.3885667,254.3533333,668853,669049,196
109,44,=,249,182.9695833,326.0642167,669049,669246,197
109,45,[,255,171.8612167,357.97175,669246,669444,198
109,45,text,254,139.0394,352.4652167,669444,669641,197
109,69,text,387,139.4269,364.9668,669641,669834,193
109,45,text,254,139.67476,360.03916,669834,670001,167
109,45,text_len,256,180.9121,342.61246,670001,670170,169
109,45,text_len,256,214.8229167,351.24355,670170,670367,197
109,44,text_len,248,152.96792,338.10194,670367,670532,165
109,45,text_len,256,178.29725,342.8,670532,670705,173
109,69,text,387,149.831,364.0501,670705,670798,93
109,45,text,254,144.8743667,352.1698333,670798,670984,186
109,69,index,389,183.2081667,369.1823,670984,671179,195
109,45,text_len,256,189.0398,341.9012333,671179,671375,196
109,45,text_len,256,187.7305,360.12285,671375,671572,197
109,42,ins_len,244,167.2243,294.41295,671572,671769,197
109,42,ins_len,244,162.80295,279.3421833,671769,671967,198
109,44,text_len,248,151.3594,335.6855167,671967,672164,197
109,23,i,138,154.5969333,372.5385167,672164,672354,190
109,47,text_len,263,189.63295,388.5676667,672354,672543,189
109,23,index,135,226.24715,383.4344167,672543,672734,191
109,23,index,135,238.63695,381.9249333,672734,672925,191
109,0,blank,0,272.8400333,352.6654,672925,673115,190
109,69,rm_length,391,271.2476667,365.40785,673115,673303,188
109,20,int,120,317.1343833,322.97475,673303,673495,192
109,0,blank,0,329.7554,297.1402,673495,673685,190
109,0,blank,0,334.592525,292.2394,673685,673810,125
109,23,),139,311.9365167,391.9815833,673842,674036,194
109,26,rm_length,158,317.4171,390.8313,674036,674068,32
109,26,for,151,188.1308667,418.5020167,674101,674289,188
109,26,;,159,164.6893833,416.02385,674289,674477,188
109,27,==,169,168.2334167,433.8805667,674477,674664,187
109,26,index,156,177.2429667,444.0223833,674664,674850,186
109,52,text,292,187.0105833,486.7408167,674850,675039,189
109,26,for,151,199.8693167,433.2814833,675039,675225,186
109,50,text_len,273,208.5470167,458.4377167,675225,675418,193
109,34,rm_length,189,263.8196,483.0327,675418,675608,190
109,50,ins_len,279,311.2130333,468.0529833,675608,675804,196
109,52,ins_len,296,301.60235,484.2575167,675804,675999,195
109,34,-,188,248.0491833,481.7013167,675999,676192,193
109,52,i,294,236.80155,482.1609333,676192,676384,192
109,52,i,294,237.0757167,485.9569833,676384,676576,192
109,30,return,180,337.34275,469.7353833,676607,676797,190
109,30,return,180,339.3684,470.7657667,676797,676989,192
109,50,ins_len,279,389.9955167,469.43245,676989,677180,191
109,50,ins_len,279,434.6287333,465.4482167,677180,677378,198
109,50,ins_len,279,435.2329833,460.4149167,677378,677575,197
109,50,ins_len,279,410.47144,460.24908,677575,677742,167
109,50,index,281,494.2843333,466.9222833,677742,677938,196
109,27,if,163,516.5621,477.7271,677938,678004,66
109,29,],176,215.5773833,519.1692,678071,678265,194
109,29,index,175,196.3260167,516.59835,678265,678459,194
109,35,text,200,190.5961,559.25125,678459,678654,195
109,56,index,316,182.4869167,594.6221333,678654,678847,193
109,79,text1:%s\n\n,442,191.6580667,593.5916,678847,678944,97
109,23,;,136,147.8240833,375.73275,678975,679167,192
109,45,text,254,142.4266833,361.9848833,679167,679357,190
109,20,text,113,142.2271,313.0254,679357,679420,63
109,0,blank,0,947.9453333,361.092,679515,679711,196
109,0,blank,0,976.152,374.45755,679711,679908,197
109,0,blank,0,989.014,365.6705833,679908,680106,198
109,0,blank,0,993.9464,381.69706,680106,680277,171
109,0,blank,0,997.3844,379.65012,680277,680448,171
109,0,blank,0,986.08975,374.89115,680448,680586,138
109,37,text,214,402.5972,627.4747,680690,680725,35
109,0,blank,0,1062.7314,413.41134,680830,681002,172
109,0,blank,0,993.417,371.58564,681002,681178,176
109,0,blank,0,992.839,301.8081,681178,681213,35
109,61,comma,355,226.32732,197.5545,681283,681452,169
109,13,j,94,206.34424,156.312,681452,681619,167
109,13,pattern,92,191.7818667,152.2725667,681619,681815,196
109,13,pattern,92,169.2575,159.9913,681815,682010,195
109,59,char,343,166.9362,148.1266,682010,682044,34
109,35,),207,327.5829167,135.9351,682075,682270,195
109,0,blank,0,312.26084,124.01866,682270,682436,166
109,35,++,203,207.2708,134.1683,682436,682602,166
109,59,text,332,223.5492833,144.3098333,682602,682797,195
109,35,;,208,336.4483333,129.3566,682797,682993,196
109,13,),98,307.237,156.5343,682993,683026,33
109,45,text_len,256,191.7610667,350.6278,683059,683254,195
109,0,blank,0,234.9067667,196.6602333,683286,683483,197
109,39,=,230,163.5368,216.0639833,683483,683678,195
109,39,ins_len,229,116.1273333,210.1839833,683678,683871,193
109,15,return,100,102.4032667,196.3859833,683871,684061,190
109,13,pattern,92,125.8692333,157.074,684061,684255,194
109,59,text,332,187.8793,143.9334,684255,684449,194
109,59,text,332,218.177775,145.489125,684449,684579,130
109,0,blank,0,936.3612,256.50434,684676,684845,169
109,0,blank,0,932.6503333,232.2297667,684845,684949,104
109,11,++,86,94.911425,88.026975,685081,685266,185
109,9,while,62,83.054475,85.20215,685266,685454,188
109,35,while,198,66.4699,133.4866,685500,685549,49
109,40,while,233,64.284675,233.353175,685596,685784,188
109,18,return,105,92.522825,271.1832,685784,685962,178
109,18,-1,106,107.12474,272.91884,685962,686131,169
109,9,pattern,73,172.8282333,92.7958,686164,686360,196
109,34,[,193,127.1132167,110.8265667,686360,686554,194
109,35,(,199,127.12235,132.9619,686554,686619,65
110,29,0,178,292.1015,519.0732167,689250,689448,198
110,52,text,292,215.61795,498.8084167,689448,689645,197
110,52,text,292,205.7229,502.33715,689645,689774,129
110,27,==,169,218.853625,467.725475,689774,689951,177
110,26,for,151,235.26655,456.5399833,689951,690142,191
110,26,for,151,279.2557333,448.87,690142,690338,196
110,34,text,192,174.6878833,471.2959167,690338,690531,193
110,27,text,165,125.28566,478.48,690531,690687,156
110,75,50,414,162.8654667,495.2618333,690829,690956,127
110,27,),171,277.8345,476.8379,691030,691132,102
110,26,for,151,292.65815,456.4764,691132,691318,186
110,30,return,180,339.6256167,467.1810833,691318,691517,199
110,34,rm_length,189,270.04965,492.6969333,691517,691711,194
110,29,],176,214.1593333,510.30525,691711,691900,189
110,29,index,175,200.39255,514.1897833,691900,692092,192
110,35,text,200,198.8783167,554.2634833,692092,692285,193
110,35,text,200,196.4358333,547.1595667,692285,692480,195
110,31,},182,186.5859167,529.8874167,692480,692673,193
110,75,],415,181.4225333,491.4015,692673,692863,190
110,75,],415,179.6558667,492.0769,692863,692960,97
110,35,text,200,197.36085,548.8533,693123,693303,180
110,52,=,291,173.19255,489.0958,693303,693368,65
110,45,text,254,144.0396167,354.4886333,693401,693589,188
110,23,for,127,111.5377833,356.8154833,693589,693778,189
110,23,for,127,115.9409,357.6095,693778,693809,31
110,78,text1,433,151.7758,565.5718,693840,693968,128
110,0,blank,0,96.37853333,347.4488,694000,694189,189
110,69,index,389,177.2054,368.0211667,694189,694375,186
110,69,index,389,203.5299,361.5291,694375,694438,63
110,56,[,322,129.2048167,581.77165,694501,694693,192
110,35,text,200,177.7069833,562.0499,694693,694885,192
110,80,"replaceString(text1,\iit\""",449,155.4642167,606.9042667,694885,695079,194
110,35,text,200,133.2641667,650.6242333,695079,695270,191
110,35,text,200,127.2040667,653.1692167,695270,695462,192
110,35,i,202,188.10565,650.73525,695462,695653,191
110,35,[,201,176.8793333,638.13935,695653,695845,192
110,35,text,200,151.83805,635.66975,695845,696036,191
110,35,0,206,271.7787333,646.6722167,696036,696229,193
110,37,int,224,286.367,660.947,696229,696260,31
110,78,text1,433,155.9998667,558.6111833,696292,696485,193
110,78,text1,433,163.1945,555.767325,696485,696615,130
110,78,text1,433,124.1186,575.1900333,696839,697016,177
110,35,text,200,129.61934,646.7373,697016,697201,185
110,35,text,200,167.1285667,643.7409833,697201,697391,190
110,34,rm_length,189,210.3708333,626.1730333,697391,697586,195
110,37,ins,220,224.9628333,659.7979833,697586,697783,197
110,35,],204,218.46825,651.1123167,697783,697979,196
110,35,++,203,203.2074667,641.04465,697979,698175,196
110,34,rm_length,189,192.4793,629.8626,698175,698342,167
110,34,text,192,314.3558667,618.0319,698374,698570,196
110,34,[,193,335.5345167,628.1241167,698570,698762,192
110,34,[,193,340.66395,627.0624,698762,698960,198
110,34,text,192,329.9331,631.2685167,698960,699156,196
110,35,!=,205,242.2219833,637.1396667,699156,699348,192
110,35,++,203,201.1712667,639.0831833,699348,699542,194
110,35,i,202,191.7553333,644.2555,699542,699737,195
110,34,rm_length,189,216.69625,631.8911667,699737,699935,198
110,34,],195,260.6964833,622.0654167,699935,700129,194
110,34,=,191,268.6642,631.9395,700129,700163,34
110,0,blank,0,266.6716,-103.8541,700194,700257,63
110,35,;,208,328.89288,641.13466,700285,700447,162
110,35,++,203,199.1945,647.3576,700481,700679,198
110,35,i,202,189.0680667,654.9269167,700679,700876,197
110,35,++,203,212.5726833,655.3538167,700876,701073,197
110,35,!=,205,238.5708833,652.1464667,701073,701268,195
110,35,!=,205,243.1273833,654.5275833,701268,701464,196
110,37,ins,220,211.7933333,656.5968833,701464,701659,195
110,37,ins,220,207.99715,659.923,701659,701855,196
110,37,ins,220,227.5829667,656.7150333,701855,701952,97
110,0,blank,0,904.4341667,279.27965,702016,702213,197
110,0,blank,0,956.721,252.39234,702213,702382,169
110,0,blank,0,933.016,292.5627,702382,702415,33
110,0,blank,0,979.668,186.2695,702449,702617,168
110,0,blank,0,968.7226667,190.2353,702617,702815,198
110,0,blank,0,990.5966667,191.0177667,702815,702916,101
110,56,text,314,122.33036,598.12484,702982,703150,168
110,34,text,192,86.57948333,608.6935167,703150,703347,197
110,34,text,192,53.60116667,613.1789833,703347,703546,199
110,0,blank,0,18.68996667,610.5089167,703546,703739,193
110,69,rm_length,391,314.0212,370.0087333,703805,704002,197
110,45,0,259,340.6297667,352.2306667,704002,704100,98
110,69,rm_length,391,316.7556,358.1343,704100,704421,321
110,45,0,259,310.82075,356.663,704421,704541,120
110,29,=,177,231.9285167,519.0243167,704573,704761,188
110,29,],176,224.412,509.1101333,704761,704951,190
110,29,index,175,203.6789,520.6026667,704951,705142,191
110,27,[,166,169.3096167,467.3386167,705142,705330,188
110,26,for,151,189.7213167,449.2155333,705330,705519,189
110,26,for,151,186.1934667,443.7332167,705519,705710,191
110,27,i,167,144.56155,428.1085833,705710,705899,189
110,25,return,149,137.0631167,422.7492,705899,706087,188
110,27,[,166,136.11085,434.9077,706087,706276,189
110,0,blank,0,116.0897,428.7866,706276,706465,189
110,0,blank,0,115.4565833,415.1243833,706465,706655,190
110,24,text,142,126.27615,401.7525667,706655,706844,189
110,24,text,142,150.5792,393.5101,706844,706907,63
110,0,blank,0,954.29,156.2396667,706970,707167,197
110,0,blank,0,985.7526667,194.9248667,707167,707364,197
110,0,blank,0,977.5276667,191.81,707364,707561,197
110,0,blank,0,971.1368,176.10662,707561,707729,168
110,0,blank,0,962.382,160.1617,707729,707763,34
110,35,i,202,192.0057,642.81908,707831,707999,168
110,34,i,194,128.9796167,617.6537167,707999,708197,198
110,56,text,314,114.01865,593.3786833,708197,708396,199
110,56,[,322,126.6672333,589.7636167,708396,708593,197
110,78,text1,433,145.15026,567.9811,708593,708758,165
110,35,text,200,184.39848,547.00652,708758,708928,170
110,29,index,175,177.85594,514.97704,708928,709094,166
110,75,50,414,161.0025,498.67294,709094,709263,169
110,56,index,316,159.9489333,581.372,709296,709397,101
111,0,blank,0,983.0446,333.34054,711903,712073,170
111,0,blank,0,982.1192,389.60764,712073,712243,170
111,0,blank,0,982.5282,386.33296,712243,712414,171
111,20,char,112,208.9990667,257.68415,712483,712681,198
111,65,[,374,185.26455,272.9710167,712681,712876,195
111,20,char,112,216.9549167,269.7234667,712876,713072,196
111,20,char,112,229.7524333,262.8145333,713072,713269,197
111,20,char,112,261.2149167,268.0646333,713269,713464,195
111,20,char,112,301.1216833,269.4341167,713464,713658,194
111,20,char,112,296.5753,273.5024,713658,713690,32
111,45,text_len,256,174.9671333,343.50815,713724,713917,193
111,45,text,254,161.5461667,332.3798,713917,714012,95
111,20,char,112,234.2955167,211.0506167,714044,714236,192
111,15,return,100,141.2046667,195.24185,714236,714427,191
111,39,ins_len,229,112.2462167,199.0425667,714427,714620,193
111,61,index,350,101.75715,192.75445,714620,714683,63
111,45,text_len,256,193.6079167,352.6394167,714715,714909,194
111,45,[,255,172.68485,351.3332667,714909,715100,191
111,69,comma,390,156.9730667,359.0033,715100,715293,193
111,45,text,254,155.2135667,354.83065,715293,715484,191
111,45,text_len,256,214.0321,356.6885,715484,715676,192
111,50,text_len,273,197.7251667,443.2785833,715676,715866,190
111,50,text_len,273,203.1290167,468.6180667,715866,716055,189
111,27,==,169,210.1951,473.6497,716055,716086,31
111,29,0,178,319.2052,464.8299167,716118,716313,195
111,50,ins_len,279,301.7318,457.7515,716313,716346,33
111,0,blank,0,955.3886,414.6881,716411,716577,166
111,0,blank,0,983.0944,389.38024,716577,716743,166
111,0,blank,0,-321.6806,262.0025,716777,716810,33
111,0,blank,0,-321.9167,607.4247,716913,717034,121
111,80,"replaceString(text1,\iit\""",449,291.1973667,607.6648667,717220,717317,97
111,37,text,214,162.6898167,679.47205,717349,717545,196
111,80,"replaceString(text1,\iit\""",449,141.7160167,604.54145,717545,717738,193
111,77,"replaceString(text1,\kgp\""",428,138.2306,535.2063167,717738,717933,195
111,77,"replaceString(text1,\kgp\""",428,149.5994,549.9645833,717933,718129,196
111,75,50,414,154.8973333,490.9820833,718129,718324,195
111,27,0,170,209.0339833,432.7000333,718324,718518,194
111,50,text_len,273,180.4638167,456.0052667,718518,718713,195
111,29,text,173,160.93315,458.1290333,718713,718908,195
111,27,i,167,149.3689667,430.952,718908,719007,99
112,0,blank,0,386.82335,198.7771,720686,720753,67
112,0,blank,0,515.7221333,181.7137,720784,720977,193
112,0,blank,0,546.2386333,189.9683,720977,721072,95
112,29,index,175,229.2310167,450.7839667,721137,721330,193
112,27,0,170,259.7477,410.9764333,721330,721519,189
112,0,blank,0,242.6021167,405.0312667,721519,721709,190
112,27,i,167,185.6421667,402.8429333,721709,721899,190
112,27,i,167,187.8415,411.44665,721899,722089,190
112,27,text,165,151.9823833,407.16765,722089,722281,192
112,27,text,165,151.82865,401.1739333,722281,722466,185
112,70,text,396,147.5530333,398.9652833,722466,722652,186
112,70,text,396,134.4574,391.35575,722652,722715,63
112,70,index,400,235.6183667,396.7865333,722745,722933,188
112,69,index,389,211.4921833,361.5247833,722933,723123,190
112,67,rm_length,381,213.9463333,321.1692667,723123,723311,188
112,24,==,146,213.0793833,337.6425333,723311,723499,188
112,70,s2,398,195.8998667,383.3849833,723499,723687,188
112,27,i,167,188.3799333,408.4754,723687,723876,189
112,70,index,400,253.2714167,389.3327667,723876,724064,188
112,69,index,389,205.8533167,360.8491167,724064,724253,189
112,0,blank,0,213.2865667,354.8473167,724253,724442,189
112,24,0,147,255.8559333,334.1671167,724442,724632,190
112,23,++,137,303.9101333,316.6278333,724632,724823,191
112,0,blank,0,276.8567833,291.1984667,724823,725018,195
112,0,blank,0,213.8457833,301.0232667,725018,725210,192
112,0,blank,0,153.0732833,294.7339167,725210,725402,192
112,0,blank,0,136.5223667,299.1117333,725402,725596,194
112,0,blank,0,9.85405,308.4286333,725628,725824,196
112,0,blank,0,32.74484,320.07444,725824,725991,167
112,23,<,134,196.0165167,311.33725,725991,726183,192
112,67,rm_length,381,194.6430667,316.6037667,726183,726374,191
112,67,rm_length,381,202.9502333,318.0229833,726374,726563,189
112,23,index,135,258.6241,310.2125167,726563,726755,192
112,0,blank,0,319.0024,297.3600833,726755,726947,192
112,0,blank,0,346.36855,295.850925,726947,727074,127
112,0,blank,0,166.7334167,312.34755,727106,727297,191
112,67,rm_length,381,201.0012833,314.9901167,727297,727486,189
112,67,++,382,230.7008333,323.5782,727486,727677,191
112,24,0,147,253.2646333,326.0165667,727677,727869,192
112,23,index,135,248.7441333,323.0027,727869,728061,192
112,0,blank,0,203.6728833,336.2432833,728061,728252,191
112,69,index,389,184.0551,359.5584,728252,728441,189
112,23,index,135,238.4808333,305.1018333,728441,728630,189
112,23,++,137,302.8507167,305.77835,728630,728824,194
112,0,blank,0,343.56624,296.19954,728824,728985,161
112,0,blank,0,163.53185,305.4848167,729017,729209,192
112,0,blank,0,166.2370333,303.3991333,729209,729400,191
112,0,blank,0,244.4099333,300.6897,729400,729589,189
112,23,;,136,268.9124667,317.6742667,729589,729781,192
112,23,index,135,259.8998167,317.8608333,729781,729975,194
112,23,index,135,224.5944167,308.7059167,729975,730164,189
112,67,++,382,226.92055,316.1797,730164,730291,127
112,0,blank,0,360.38905,305.3238,730323,730514,191
112,0,blank,0,323.34935,303.381375,730514,730642,128
112,67,++,382,216.6652333,320.1472167,730673,730863,190
112,67,++,382,216.8694,319.3862333,730863,731053,190
112,67,++,382,214.3127667,318.1407667,731053,731243,190
112,67,rm_length,381,211.3287167,331.9328333,731243,731433,190
112,26,index,156,211.8199667,389.7268333,731433,731621,188
112,23,index,135,257.7628,314.6759667,731621,731734,113
112,0,blank,0,268.5193,302.5873,731734,731823,89
112,30,;,181,185.9478,475.8606,731928,732094,166
112,0,blank,0,195.8865,478.1744,732094,732130,36
112,67,++,382,233.2215833,321.08325,732160,732350,190
112,65,rm_length,375,207.7290333,285.8163333,732350,732540,190
112,0,blank,0,219.2492,293.6693167,732540,732729,189
112,0,blank,0,144.1727,299.3387833,732729,732919,190
112,70,s2,398,198.2420333,383.3497167,732919,733111,192
112,0,blank,0,225.3718667,356.0385667,733111,733302,191
112,67,++,382,222.9838833,326.8656667,733302,733494,192
112,67,rm_length,381,133.50965,333.54965,733494,733682,188
112,0,blank,0,41.15481667,323.1764,733682,733876,194
112,0,blank,0,31.226175,328.81715,733876,734007,131
112,67,rm_length,381,203.28862,321.40402,734040,734200,160
112,0,blank,0,180.3528833,484.4425167,734232,734424,192
112,75,50,414,175.9415833,509.6764333,734424,734620,196
112,78,kharagpur,437,299.0492,570.65494,734620,734788,168
112,78,kharagpur,437,307.5662667,574.3271,734788,734890,102
112,0,blank,0,-323,-105,734956,735113,157
112,0,blank,0,-323,-105,735113,735290,177
112,0,blank,0,-323,-105,735290,735477,187
112,0,blank,0,-323,-105,735477,735655,178
112,0,blank,0,-323,-105,735655,735790,135
112,0,blank,0,-323,-105,735790,735929,139
112,0,blank,0,-323,-105,735929,736108,179
112,0,blank,0,-323,-105,736108,736282,174
112,0,blank,0,-323,-105,736282,736426,144
112,26,for,151,72.08242,378.18254,736466,736645,179
112,0,blank,0,41.35251667,375.5122,736645,736835,190
112,0,blank,0,61.46328333,326.04905,736835,737025,190
112,0,blank,0,103.3376333,304.1314333,737025,737216,191
112,0,blank,0,124.9154,296.6961,737216,737248,32
112,0,blank,0,-56.63865,305.4088333,737280,737471,191
112,0,blank,0,-45.8417,300.4712,737471,737567,96
112,65,while,371,100.2445167,287.5065833,737599,737792,193
112,0,blank,0,130.41535,292.7445167,737792,737985,193
112,0,blank,0,127.5852,295.1899,737985,738050,65
112,0,blank,0,-148.8483333,406.9205833,738083,738278,195
112,0,blank,0,-192.2919333,451.0628,738278,738474,196
112,78,text1,433,143.8464,556.5968667,738506,738704,198
112,82,printf,461,85.57645,652.0822833,738704,738901,197
112,82,text1:%s\n,463,142.8715833,653.0248667,738901,739096,195
112,39,ins_len,229,152.4935,673.9685,739096,739193,97
112,83,return,468,83.70886667,676.1720333,739257,739451,194
112,0,blank,0,78.85691667,664.0886833,739451,739645,194
112,39,ins_len,229,150.4342833,667.5933667,739645,739841,196
112,39,=,230,163.7665,665.93785,739841,740036,195
112,0,blank,0,216.7947333,669.5901333,740036,740232,196
112,0,blank,0,215.784,673.8156,740232,740263,31
112,69,rS,385,93.88043333,366.9588667,740296,740491,195
112,0,blank,0,118.0049,317.6595667,740491,740687,196
112,0,blank,0,173.70015,300.1516,740687,740880,193
112,65,rm_length,375,250.0211667,284.5580333,740880,741075,195
112,65,rm_length,375,242.9563167,284.6335167,741075,741268,193
112,65,rm_length,375,235.2490333,281.2996167,741268,741462,194
112,65,rm_length,375,237.7533333,289.1909667,741462,741558,96
112,80,printf,447,73.49175,602.4723167,741623,741821,198
112,78,remove,431,82.2331,562.909,741821,741854,33
112,69,text,387,128.5165833,375.3364833,741886,742079,193
112,69,text,387,131.913425,373.55555,742079,742210,131
112,23,index,135,231.2021333,304.8095,742243,742438,195
112,67,++,382,230.751,315.8695,742438,742470,32
112,0,blank,0,125.93455,348.6702,742503,742698,195
112,22,i,125,89.97198333,290.1945333,742698,742892,194
112,0,blank,0,119.7659833,312.5579833,742892,743087,195
112,0,blank,0,113.8219833,341.4363333,743087,743282,195
112,0,blank,0,104.9614833,353.0587667,743282,743478,196
112,69,rS,385,102.5183833,362.6381833,743478,743673,195
112,24,text,142,168.2753833,340.5893667,743673,743867,194
112,24,0,147,271.817725,331.293475,743867,743998,131
112,0,blank,0,427.51346,191.8883,744031,744194,163
112,0,blank,0,-323,-105,744260,744404,144
112,0,blank,0,-323,-105,744404,744592,188
112,0,blank,0,-323,-105,744592,744762,170
112,0,blank,0,-323,-105,744762,744924,162
112,80,"replaceString(text1,\iit\""",449,251.1849167,600.8754833,744958,745143,185
112,80,"replaceString(text1,\iit\""",449,247.45465,618.4648167,745143,745336,193
112,82,text1:%s\n,463,224.61405,651.7936,745336,745528,192
112,40,ins_len,237,199.0834333,681.1592667,745528,745724,196
112,0,blank,0,224.90365,664.4361333,745724,745921,197
112,82,text1,465,301.17674,651.63818,745921,746089,168
112,82,text1,465,304.0841333,654.6629667,746089,746192,103
112,0,blank,0,574.26616,669.80902,746228,746398,170
112,0,blank,0,576.19185,681.7562,746398,746470,72
112,0,blank,0,704.778,778.9963,746579,746614,35
112,0,blank,0,417.60858,755.72566,746751,746923,172
112,81,iit,456,225.43622,634.11884,746958,747134,176
112,81,iit,456,215.55876,627.59902,747134,747309,175
112,81,iit,456,235.40902,639.02002,747309,747488,179
112,80,"replaceString(text1,\iit\""",449,255.6524,610.1301667,747488,747590,102
112,79,text1:%s\n\n,442,269.9304,578.2656,747727,747758,31
112,0,blank,0,210.80832,117.85202,747825,747998,173
112,0,blank,0,180.07312,105.42404,747998,748169,171
112,13,pattern,92,172.84585,98.31295,748169,748239,70
112,13,0,97,280.9793,100.4615333,748273,748379,106
112,0,blank,0,998.504,540.62108,748483,748660,177
112,0,blank,0,963.1856,512.60722,748660,748836,176
112,0,blank,0,958.649,520.88086,748836,749010,174
112,0,blank,0,969.039,524.59976,749010,749184,174
112,0,blank,0,972.8444,541.70026,749184,749363,179
112,0,blank,0,983.5975,546.3344,749363,749503,140
112,0,blank,0,226.23208,168.46308,749574,749748,174
112,59,text,332,194.0485,145.9089,749748,749922,174
112,0,blank,0,171.37486,122.27568,749922,750088,166
112,15,return,100,165.22876,133.33884,750088,750259,171
112,0,blank,0,244.56052,54.33232,750259,750428,169
112,0,blank,0,228.15746,54.48794,750428,750595,167
112,0,blank,0,161.27506,68.77748,750595,750765,170
112,0,blank,0,166.38734,123.52688,750765,750936,171
112,0,blank,0,187.65452,161.4995,750936,751104,168
112,0,blank,0,214.03222,171.16094,751104,751274,170
112,20,index,118,281.12692,248.0083,751274,751444,170
112,20,int,120,233.3602,245.37946,751444,751614,170
112,20,comma,119,194.2420667,242.72005,751614,751813,199
112,61,=,351,145.06484,185.77016,751813,751980,167
112,62,index,361,141.1135,214.640175,751980,752152,172
113,34,rm_length,189,182.00575,559.3381,756805,756999,194
113,75,50,414,162.4365833,508.8453667,756999,757198,199
113,76,text1:%s\n\n,421,187.4940667,514.20025,757198,757397,199
113,34,rm_length,189,175.9286333,558.4637167,757397,757590,193
113,34,-,188,155.43965,559.36335,757590,757782,192
113,0,blank,0,114.1637833,541.0912833,757782,757980,198
113,77,printf,426,103.3761833,535.1068333,757980,758177,197
113,35,text,200,153.0937667,577.9847,758177,758373,196
113,35,text,200,182.4968667,578.7499333,758373,758566,193
113,0,blank,0,242.3498667,568.5212,758566,758762,196
113,79,text1:%s\n\n,442,266.7049833,594.9009333,758762,758953,191
113,35,0,206,286.4715833,567.6715,758953,759145,192
113,78,kharagpur,437,357.5494333,566.0258,759145,759241,96
113,0,blank,0,235.5604333,467.4084667,759273,759467,194
113,29,index,175,225.80644,454.77754,759467,759636,169
113,0,blank,0,197.2879167,413.2425833,759636,759833,197
113,29,index,175,207.7022833,436.6757667,759833,760029,196
113,0,blank,0,227.62115,464.0301667,760029,760222,193
113,0,blank,0,232.7438,468.2933167,760222,760417,195
113,0,blank,0,192.4129167,490.4431667,760417,760611,194
113,27,i,167,192.1348,405.33435,760611,760804,193
113,0,blank,0,196.53555,429.9927667,760804,761001,197
113,0,blank,0,206.78898,462.38092,761001,761164,163
113,0,blank,0,223.31386,465.68794,761230,761405,175
113,0,blank,0,228.03765,459.7186333,761405,761603,198
113,29,0,178,277.14355,451.8748333,761603,761799,196
113,0,blank,0,260.5144333,459.6318833,761799,761998,199
113,29,index,175,198.2822167,451.9204833,761998,762191,193
113,0,blank,0,208.2723,459.7786667,762191,762386,195
113,29,index,175,221.1291167,446.0329167,762386,762580,194
113,0,blank,0,202.1689,417.8720833,762580,762776,196
113,27,0,170,252.5361167,411.1345833,762776,762971,195
113,0,blank,0,237.4309167,419.3085167,762971,763168,197
113,27,],168,197.4352833,411.4908667,763168,763362,194
113,26,index,156,203.4261333,389.2168333,763362,763558,196
113,26,index,156,213.12765,374.7490833,763558,763748,190
113,69,rm_length,391,265.9573667,364.1788333,763748,763943,195
113,26,rm_length,158,287.099,376.28995,763943,764138,195
113,0,blank,0,241.2202667,422.5993833,764138,764333,195
113,26,index,156,196.29435,380.7749667,764333,764525,192
113,0,blank,0,160.6506667,378.7950667,764525,764716,191
113,26,index,156,184.75175,372.6802667,764716,764908,192
113,26,index,156,191.7057,376.4268667,764908,765101,193
113,69,rm_length,391,259.46615,361.21625,765101,765293,192
113,0,blank,0,216.7112167,353.7250333,765293,765485,192
113,24,0,147,257.7489667,338.7892,765485,765676,191
113,67,;,383,240.46025,327.18705,765676,765870,194
113,24,==,146,218.63405,333.52825,765870,766061,191
113,67,rm_length,381,208.2352,331.57495,766061,766253,192
113,0,blank,0,222.6736833,351.6229667,766253,766444,191
113,0,blank,0,262.0963833,349.5282,766444,766640,196
113,69,rm_length,391,275.24665,363.1695333,766640,766835,195
113,23,++,137,292.5896833,306.1257833,766835,767025,190
113,24,0,147,275.5437833,327.5989833,767025,767216,191
113,0,blank,0,289.1237667,298.2426,767216,767407,191
113,0,blank,0,293.11765,394.6329333,767407,767602,195
113,0,blank,0,292.8376,399.5234667,767602,767799,197
113,27,0,170,247.9734,391.2253167,767799,767997,198
113,27,0,170,248.4943833,393.71395,767997,768193,196
113,0,blank,0,281.9168667,401.2742667,768193,768388,195
113,29,0,178,305.0631,441.8738,768421,768615,194
113,0,blank,0,292.3656,400.94405,768615,768812,197
113,70,index,400,234.3608,395.1579333,768812,769006,194
113,0,blank,0,209.3588333,392.1261833,769006,769203,197
113,26,index,156,196.1733,389.32785,769203,769395,192
113,24,),148,294.1471833,338.8951333,769395,769587,192
113,0,blank,0,274.10565,346.6829667,769587,769779,192
113,0,blank,0,245.42105,344.5365167,769779,769970,191
113,0,blank,0,234.6740833,338.5008,769970,770161,191
113,24,==,146,218.5947,345.8037667,770161,770353,192
113,0,blank,0,209.8181833,356.3359833,770353,770545,192
113,0,blank,0,210.1228333,349.7561667,770545,770737,192
113,0,blank,0,218.4343,351.60495,770737,770930,193
113,0,blank,0,277.5985667,356.5223,771019,771210,191
113,0,blank,0,274.3185833,346.6782,771210,771402,192
113,0,blank,0,238.2568,346.2681667,771402,771594,192
113,23,index,135,254.4205,320.3250667,771594,771787,193
113,0,blank,0,290.0301333,301.5620833,771787,771979,192
113,0,blank,0,304.7781167,296.6170333,771979,772171,192
113,0,blank,0,289.05365,327.8541833,772171,772363,192
113,24,0,147,253.965275,342.540675,772363,772527,164
113,27,0,170,246.5537,402.5257,772527,772640,113
113,0,blank,0,251.3815,414.7794,772640,772759,119
113,27,0,170,269.5124,395.059025,772759,772944,185
113,26,rm_length,158,292.8570167,372.3718167,772944,773142,198
113,0,blank,0,364.7715833,299.8023833,773142,773336,194
113,0,blank,0,364.1684667,307.4789,773336,773434,98
113,27,==,169,229.3669,399.45295,773466,773658,192
113,0,blank,0,223.6044167,433.74685,773658,773853,195
113,76,text1:%s\n\n,421,204.8093,530.53146,773853,774019,166
113,34,rm_length,189,191.910625,558.57935,774019,774194,175
113,34,-,188,162.63312,560.15992,774194,774363,169
113,34,rm_length,189,210.43804,551.15572,774363,774531,168
113,0,blank,0,212.456025,598.802625,774531,774710,179
113,35,],204,226.5582333,569.3728167,774710,774909,199
113,78,kharagpur,437,268.7122,567.5121167,774909,775105,196
113,77,"replaceString(text1,\kgp\""",428,332.288,542.1964667,775105,775207,102
113,35,text,200,178.80112,568.38616,775240,775409,169
113,0,blank,0,-321.62968,397.81976,775544,775714,170
113,0,blank,0,-321.7224333,395.3542333,775782,775888,106
113,35,0,206,276.0362333,576.2598333,776011,776106,95
113,79,text1:%s\n\n,442,162.58038,595.07416,776139,776308,169
113,35,[,201,185.18152,572.81884,776308,776476,168
113,35,[,201,190.43382,567.92152,776476,776656,180
113,77,"replaceString(text1,\kgp\""",428,229.5131,539.64055,776656,776822,166
113,77,"replaceString(text1,\kgp\""",428,211.70274,536.9125,776822,776996,174
113,34,rm_length,189,206.6918,558.1859167,776996,777195,199
113,34,rm_length,189,208.65468,562.35392,777195,777361,166
113,0,blank,0,175.27414,566.48992,777361,777528,167
113,35,text,200,152.81268,573.42978,777528,777695,167
113,35,i,202,202.71228,575.85908,777695,777864,169
113,0,blank,0,205.6353167,466.0394,777864,778063,199
113,29,index,175,211.84445,447.8329,778063,778195,132
113,0,blank,0,212.56442,482.16442,778262,778435,173
113,75,=,416,199.60954,509.66548,778435,778608,173
113,0,blank,0,210.6796833,400.4766167,778608,778803,195
113,27,0,170,261.0088833,403.8335167,778803,779000,197
113,0,blank,0,281.7073,403.71682,779000,779168,168
113,27,0,170,262.34712,404.52326,779168,779335,167
113,29,index,175,203.93024,438.49598,779335,779503,168
113,0,blank,0,236.96842,456.41998,779503,779671,168
113,0,blank,0,232.31778,445.65408,779671,779837,166
113,29,index,175,194.6882,438.3441,779837,780005,168
113,0,blank,0,197.72118,413.87028,780005,780170,165
113,0,blank,0,247.84166,413.18738,780170,780337,167
113,27,0,170,261.2872167,410.9741667,780337,780535,198
113,0,blank,0,232.3391667,412.79075,780535,780732,197
113,0,blank,0,219.1808167,425.8999833,780732,780930,198
113,0,blank,0,248.34655,467.9504833,780930,781126,196
113,0,blank,0,223.94475,463.1551167,781126,781320,194
113,0,blank,0,208.05002,467.4431,781320,781490,170
113,0,blank,0,198.7226167,480.9842,781490,781686,196
113,0,blank,0,200.16065,477.03055,781686,781883,197
113,0,blank,0,192.4190167,501.08555,781883,782079,196
113,35,text,200,179.1666833,577.7852667,782079,782276,197
113,35,text,200,173.0571667,576.52385,782276,782473,197
113,34,rm_length,189,249.4161,561.1055833,782473,782672,199
113,34,text,192,328.44796,554.26558,782672,782840,168
113,34,text,192,320.6131,563.5037,782840,782909,69
113,80,"replaceString(text1,\iit\""",449,230.73965,602.1638333,782941,783137,196
113,79,text1:%s\n\n,442,207.4097167,594.1890167,783137,783336,199
113,35,i,202,194.4071,582.71248,783336,783506,170
113,35,text,200,183.42126,577.67494,783506,783673,167
113,34,text,192,330.78224,548.28626,783705,783874,169
113,34,text,192,329.32732,557.19044,783874,784039,165
113,78,kharagpur,437,343.945,571.5097,784039,784074,35
113,35,],204,225.4259667,568.2932333,784106,784304,198
113,35,],204,230.79848,581.8119,784304,784472,168
113,79,text1:%s\n\n,442,245.72872,593.49222,784472,784639,167
113,79,text1:%s\n\n,442,242.9329,593.12085,784639,784708,69
113,79,text1:%s\n\n,442,151.29566,591.62738,784740,784907,167
113,79,text1:%s\n\n,442,144.78114,591.65478,784907,785074,167
113,79,text1:%s\n\n,442,141.77985,590.96225,785074,785273,199
113,79,text1:%s\n\n,442,134.0858,583.95548,785273,785440,167
113,35,text,200,158.03184,572.7668,785440,785618,178
113,34,rm_length,189,237.10332,564.37282,785618,785787,169
113,34,rm_length,189,175.31514,564.4742,785787,785962,175
113,0,blank,0,105.6673167,543.2510667,785962,786161,199
113,0,blank,0,111.6816,545.4618333,786161,786358,197
113,78,text1,433,135.52716,566.23074,786358,786527,169
113,35,text,200,180.5118,569.72432,786527,786697,170
113,35,++,203,214.11968,573.26142,786697,786877,180
113,0,blank,0,242.03122,570.34422,786877,787044,167
113,0,blank,0,972.4728,237.5761,787116,787287,171
113,0,blank,0,978.1352,215.98162,787287,787461,174
113,0,blank,0,997.6546,227.9904,787461,787631,170
113,0,blank,0,975.682,218.6143333,787631,787734,103
113,0,blank,0,415.46276,40.80864,787804,787971,167
113,0,blank,0,406.2262,33.3511,787971,788006,35
113,0,blank,0,264.9335333,48.97198333,788040,788239,199
113,13,pattern,92,196.2718,95.44444,788239,788408,169
113,0,blank,0,205.89578,117.21746,788408,788576,168
113,0,blank,0,988.9708,186.11722,788644,788820,176
113,0,blank,0,982.83025,201.16955,788820,788987,167
113,0,blank,0,965.414,205.9642,788987,789024,37
113,0,blank,0,80.135225,364.621975,789094,789230,136
113,82,printf,461,64.63283333,643.8298167,789298,789497,199
113,0,blank,0,35.70793333,652.9639833,789497,789693,196
113,0,blank,0,30.77146667,588.0964667,789693,789892,199
113,0,blank,0,30.6862,557.3321,789892,789925,33
113,77,"replaceString(text1,\kgp\""",428,185.83012,533.88274,789958,790133,175
113,29,index,175,196.33558,444.8781,790133,790304,171
113,0,blank,0,206.5328,391.7603,790304,790338,34
113,81,iit,456,207.08254,631.84524,790373,790543,170
113,35,++,203,207.34486,577.74254,790543,790721,178
113,75,iitkgp,417,249.6347,501.28172,790721,790894,173
113,23,index,135,248.74752,304.33112,790929,791106,177
114,0,blank,0,-322.466,-104.2534667,792609,792799,190
114,0,blank,0,-322.6323667,-104.4914667,792799,792975,176
114,0,blank,0,-323,-105,792975,793104,129
114,0,blank,0,-322.6359667,-104.4692333,793104,793290,186
114,0,blank,0,-322.57178,-104.37472,793290,793474,184
114,0,blank,0,-321.9464,-103.4451,793474,793511,37
114,80,"replaceString(text1,\iit\""",449,295.48486,600.44724,793632,793808,176
114,0,blank,0,185.14966,475.90958,793878,794056,178
114,0,blank,0,143.01084,483.6353,794056,794229,173
114,0,blank,0,148.00572,478.99728,794229,794416,187
114,0,blank,0,150.76426,486.55332,794416,794602,186
114,75,[,413,150.914725,492.655375,794602,794748,146
114,0,blank,0,647.42358,-103.97638,794826,795004,178
114,0,blank,0,645.4768,-103.87576,795004,795188,184
114,0,blank,0,650.914975,-103.87355,795188,795372,184
114,0,blank,0,639.62155,-103.8713,795372,795481,109
114,0,blank,0,150.931,-103.8397667,795553,795739,186
114,0,blank,0,-322.44415,-104.21215,795964,796153,189
114,0,blank,0,-322.4621,-104.245575,796153,796319,166
114,0,blank,0,-323,-105,796319,796493,174
114,0,blank,0,-323,-105,796493,796631,138
114,0,blank,0,-323,-105,796631,796798,167
114,0,blank,0,-323,-105,796798,796982,184
114,0,blank,0,-323,-105,796982,797138,156
114,0,blank,0,-323,-105,797138,797292,154
114,0,blank,0,-323,-105,797292,797455,163
114,0,blank,0,-323,-105,797455,797635,180
114,0,blank,0,-323,-105,797635,797816,181
114,0,blank,0,-323,-105,797816,797998,182
114,0,blank,0,-323,-105,797998,798035,37
