Frameno_fix,lineno_fix,Tokenname_fix,tokens_id,gaze_X_fix,gaze_Y_fix,timestamp_fix_start,timestamp_fix_end,time_duration
100,0,blank,0,64.84646,-81.5946,3886,4060,174
100,0,blank,0,84.94314,-9.21766,4060,4236,176
100,1,for,5,136.83502,6.31498,4236,4411,175
100,1,shell,6,207.11602,19.998,4411,4584,173
100,0,blank,0,245.4481,-3.84805,4584,4657,73
100,0,blank,0,203.157933333333,-10.7999666666667,4724,4898,174
100,3,int,23,174.2998,65.5551,4898,4964,66
100,0,blank,0,100.65805,-14.76045,4996,5171,175
100,0,blank,0,109.3921,-22.3431,5171,5346,175
100,0,blank,0,195.87526,-21.02532,5346,5518,172
100,0,blank,0,189.06025,-19.35025,5518,5686,168
100,0,blank,0,194.4158,-22.611,5686,5779,93
100,0,blank,0,191.7439,-14.0427,5779,5968,189
100,0,blank,0,-323,-105,6046,6181,135
100,0,blank,0,177.93116,-33.90296,6224,6397,173
100,0,blank,0,180.3484,-29.3511,6397,6436,39
100,0,blank,0,87.04392,-5.97272,6474,6673,199
100,2,stdio,11,137.8275,29.4066,6673,6710,37
100,0,blank,0,-323,-105,6749,6938,189
100,0,blank,0,-323,-105,6938,7116,178
100,0,blank,0,-323,-105,7116,7302,186
100,0,blank,0,-323,-105,7302,7483,181
100,0,blank,0,-323,-105,7483,7659,176
100,0,blank,0,-323,-105,7659,7836,177
100,0,blank,0,-323,-105,7836,8013,177
100,0,blank,0,-323,-105,8013,8268,255
100,0,blank,0,-323,-105,8268,8442,174
100,0,blank,0,-323,-105,8442,8626,184
100,0,blank,0,-323,-105,8626,8805,179
100,0,blank,0,-323,-105,8805,8979,174
100,0,blank,0,-323,-105,8979,9155,176
100,0,blank,0,-323,-105,9155,9337,182
100,0,blank,0,-323,-105,9337,9520,183
100,0,blank,0,-323,-105,9520,9702,182
100,0,blank,0,-323,-105,9702,9880,178
100,0,blank,0,-323,-105,9880,10059,179
100,0,blank,0,-323,-105,10059,10235,176
100,0,blank,0,-323,-105,10235,10417,182
100,0,blank,0,-323,-105,10417,10573,156
100,0,blank,0,-323,-105,10573,10761,188
100,0,blank,0,-323,-105,10761,10912,151
100,0,blank,0,-323,-105,10912,11051,139
100,0,blank,0,-323,-105,11051,11231,180
100,0,blank,0,-323,-105,11231,11428,197
100,0,blank,0,-323,-105,11428,11614,186
100,0,blank,0,-323,-105,11614,11756,142
100,0,blank,0,-323,-105,11756,11946,190
100,0,blank,0,-323,-105,11946,12141,195
100,0,blank,0,-323,-105,12141,12240,99
100,27,0,173,142.8022,579.2618,12346,12398,52
100,0,blank,0,-323,-105,13080,13129,49
100,0,blank,0,-323,-105,13129,13840,711
100,0,blank,0,-323,-105,13840,14011,171
100,0,blank,0,-323,-105,14011,14202,191
100,0,blank,0,-323,-105,14202,14380,178
100,0,blank,0,-323,-105,14380,14445,65
100,0,blank,0,1018.361,235.67268,14626,14819,193
100,0,blank,0,1027.74725,229.340275,14819,14996,177
100,0,blank,0,1032.674,222.17045,14996,15177,181
100,0,blank,0,1033.05433333333,218.8289,15177,15311,134
100,0,blank,0,245.0862,502.639,15521,15604,83
101,0,blank,0,263.628233333333,462.7398,15773,15894,121
101,36,data,227,165.41908,546.4978,15932,16128,196
101,0,blank,0,242.7377,620.1436,16128,16169,41
101,0,blank,0,-323,-105,16666,16838,172
101,0,blank,0,-323,-105,16838,17017,179
101,0,blank,0,-323,-105,17017,17190,173
101,0,blank,0,-323,-105,17190,17372,182
101,0,blank,0,-323,-105,17372,17562,190
101,0,blank,0,-323,-105,17562,17742,180
101,0,blank,0,-323,-105,17742,17927,185
101,0,blank,0,-323,-105,17927,18110,183
101,0,blank,0,-323,-105,18110,18291,181
101,0,blank,0,-323,-105,18291,18469,178
101,0,blank,0,-323,-105,18469,18645,176
101,0,blank,0,-323,-105,18645,18793,148
101,0,blank,0,-323,-105,18793,18908,115
101,0,blank,0,-323,-105,18908,19012,104
101,0,blank,0,-323,-105,19012,19177,165
101,0,blank,0,-323,-105,19177,19376,199
101,0,blank,0,-323,-105,19376,19559,183
101,0,blank,0,-323,-105,19559,19735,176
101,0,blank,0,-323,-105,19735,19911,176
101,0,blank,0,-323,-105,19911,20089,178
101,0,blank,0,-323,-105,20089,20268,179
101,0,blank,0,-323,-105,20268,20447,179
101,0,blank,0,-323,-105,20447,20592,145
101,0,blank,0,-323,-105,20592,20700,108
101,0,blank,0,-323,-105,20700,20820,120
101,0,blank,0,-323,-105,20820,21068,248
101,0,blank,0,-323,-105,21068,21245,177
101,0,blank,0,-323,-105,21245,21419,174
101,0,blank,0,-323,-105,21419,21495,76
101,0,blank,0,-323,-105,21495,21700,205
101,0,blank,0,-323,-105,21700,21905,205
101,0,blank,0,-323,-105,21905,22084,179
101,0,blank,0,-323,-105,22084,22277,193
101,0,blank,0,-323,-105,22277,22453,176
101,0,blank,0,-323,-105,22453,22630,177
101,0,blank,0,-323,-105,22630,22806,176
101,0,blank,0,-323,-105,22806,22988,182
101,0,blank,0,-323,-105,22988,23168,180
101,0,blank,0,-323,-105,23168,23347,179
101,0,blank,0,-323,-105,23347,23528,181
101,0,blank,0,-323,-105,23528,23710,182
101,0,blank,0,-323,-105,23710,23871,161
101,0,blank,0,-323,-105,23871,24047,176
101,0,blank,0,-323,-105,24047,24219,172
101,0,blank,0,-323,-105,24219,24393,174
101,0,blank,0,-323,-105,24393,24574,181
101,0,blank,0,-323,-105,24574,24749,175
101,0,blank,0,-323,-105,24749,24908,159
101,0,blank,0,-323,-105,24908,25073,165
101,0,blank,0,-323,-105,25073,25272,199
101,0,blank,0,-323,-105,25272,25449,177
101,0,blank,0,-323,-105,25449,25632,183
101,0,blank,0,-323,-105,25632,25812,180
101,0,blank,0,-323,-105,25812,25988,176
101,0,blank,0,-323,-105,25988,26156,168
101,0,blank,0,-323,-105,26156,26264,108
101,0,blank,0,-323,-105,26264,26446,182
101,0,blank,0,-323,-105,26446,26635,189
101,0,blank,0,193.321066666667,373.665033333333,27340,27462,122
101,0,blank,0,256.6953,362.4356,27495,27681,186
101,0,blank,0,218.7732,374.02082,27681,27872,191
101,29,comma,186,190.04522,380.67534,27872,28062,190
101,0,blank,0,258.98018,374.4131,28062,28253,191
101,29,data,188,244.28108,386.06276,28253,28443,190
101,0,blank,0,148.68412,448.79574,28443,28629,186
101,0,blank,0,107.74126,466.5174,28629,28813,184
101,0,blank,0,162.8241,454.90152,28813,28997,184
101,0,blank,0,-323,-105,29035,29184,149
101,0,blank,0,167.3675,372.67324,29323,29500,177
101,0,blank,0,137.6942,417.5199,29500,29695,195
101,31,0,199,126.79446,426.39102,29695,29886,191
101,0,blank,0,150.06104,431.18118,29886,30067,181
101,0,blank,0,149.984466666667,426.1634,30067,30177,110
101,29,"%d",185,175.68564,399.3071,30580,30756,176
101,0,blank,0,178.0693,377.8519,30756,30939,183
101,0,blank,0,188.90494,402.76126,30939,31116,177
101,0,blank,0,186.54538,400.75222,31116,31288,172
101,0,blank,0,160.12454,417.29924,31288,31461,173
101,29,"%d",185,171.39425,398.896025,31461,31605,144
101,0,blank,0,-323,-105,31673,31789,116
101,0,blank,0,18.0443,593.8506,32136,32200,64
101,39,(,247,107.158,610.7099,32265,32298,33
101,35,),223,246.001133333333,529.7716,32501,32666,165
101,36,shellsort,225,117.73624,547.7641,32702,32877,175
101,36,shellsort,225,121.05714,535.76602,32877,33058,181
101,35,),223,249.86278,521.63302,33095,33274,179
101,35,"--------\n",222,210.30374,518.99616,33274,33453,179
101,37,0,236,124.2882,557.24342,33453,33636,183
101,36,data,227,164.5021,546.386,33636,33820,184
101,36,n,229,203.36626,544.45604,33820,34002,182
101,37,n,240,198.35164,556.29032,34002,34186,184
101,0,blank,0,151.09972,564.80234,34186,34371,185
101,0,blank,0,149.1916,555.31214,34371,34554,183
101,36,data,227,158.913,553.2817,34554,34740,186
101,36,n,229,205.40642,543.76558,34740,34927,187
101,37,i,242,161.78354,570.7927,34927,35112,185
101,37,n,240,193.06122,557.60038,35112,35300,188
101,0,blank,0,1034.467,383.64615,35460,35643,183
101,0,blank,0,1005.852,397.38516,35643,35826,183
101,0,blank,0,1009.922,388.98002,35826,36016,190
101,0,blank,0,909.009,379.7357,36016,36055,39
101,35,"--------\n",222,223.011475,517.1593,36170,36329,159
101,0,blank,0,148.2819,556.7771,36329,36493,164
101,37,;,241,207.7658,567.423725,36493,36677,184
101,0,blank,0,219.88856,563.00274,36677,36866,189
101,0,blank,0,221.66345,559.85295,36866,36940,74
102,0,blank,0,194.84106,77.167,37610,37801,191
102,0,blank,0,152.5703,24.94944,37801,37989,188
102,0,blank,0,-323,-105,38537,38714,177
102,0,blank,0,-323,-105,38714,38911,197
102,0,blank,0,-323,-105,38911,39102,191
102,0,blank,0,-323,-105,39102,39279,177
102,0,blank,0,-323,-105,39279,39455,176
102,0,blank,0,-323,-105,39455,39630,175
102,0,blank,0,-323,-105,39630,39815,185
102,0,blank,0,-323,-105,39815,39993,178
102,0,blank,0,-323,-105,39993,40173,180
102,0,blank,0,-323,-105,40173,40353,180
102,0,blank,0,-323,-105,40353,40532,179
102,0,blank,0,-323,-105,40532,40714,182
102,0,blank,0,-323,-105,40714,40901,187
102,0,blank,0,-323,-105,40901,41079,178
102,0,blank,0,-323,-105,41079,41258,179
102,0,blank,0,-323,-105,41258,41434,176
102,0,blank,0,-323,-105,41434,41611,177
102,0,blank,0,-323,-105,41611,41774,163
102,0,blank,0,-323,-105,41774,41966,192
102,0,blank,0,-323,-105,41966,42163,197
102,0,blank,0,-323,-105,42163,42339,176
102,0,blank,0,-323,-105,42339,42518,179
102,0,blank,0,-323,-105,42518,42698,180
102,0,blank,0,-323,-105,42698,42885,187
102,0,blank,0,-323,-105,42885,43067,182
102,0,blank,0,-323,-105,43067,43244,177
102,0,blank,0,-323,-105,43244,43421,177
102,0,blank,0,-323,-105,43421,43600,179
102,0,blank,0,-323,-105,43600,43776,176
102,0,blank,0,-323,-105,43776,43958,182
102,0,blank,0,-323,-105,43958,44138,180
102,0,blank,0,-323,-105,44138,44317,179
102,0,blank,0,-323,-105,44317,44512,195
102,0,blank,0,-323,-105,44512,44645,133
102,0,blank,0,-323,-105,44645,44753,108
102,0,blank,0,-323,-105,44753,44884,131
102,0,blank,0,-323,-105,44884,45080,196
102,0,blank,0,-323,-105,45080,45276,196
102,0,blank,0,-323,-105,45276,45471,195
102,0,blank,0,-323,-105,45471,45661,190
102,0,blank,0,-323,-105,45661,45841,180
102,0,blank,0,-323,-105,45841,46017,176
102,0,blank,0,-323,-105,46017,46196,179
102,0,blank,0,-323,-105,46196,46372,176
102,0,blank,0,-323,-105,46372,46536,164
102,0,blank,0,-323,-105,46536,46586,50
102,0,blank,0,-323,-105,46586,46792,206
102,0,blank,0,-323,-105,46792,46975,183
102,0,blank,0,-323,-105,46975,47157,182
102,0,blank,0,-323,-105,47157,47313,156
102,0,blank,0,-323,-105,47313,47498,185
102,0,blank,0,-323,-105,47498,47677,179
102,0,blank,0,-323,-105,47677,47861,184
102,0,blank,0,-323,-105,47861,48028,167
102,0,blank,0,-323,-105,48028,48207,179
102,0,blank,0,-323,-105,48207,48386,179
102,0,blank,0,-323,-105,48386,48565,179
102,0,blank,0,-323,-105,48565,48745,180
102,0,blank,0,-323,-105,48745,48927,182
102,0,blank,0,-323,-105,48927,49108,181
102,0,blank,0,-323,-105,49108,49293,185
102,0,blank,0,-323,-105,49293,49469,176
102,0,blank,0,-323,-105,49469,49646,177
102,0,blank,0,-323,-105,49646,49825,179
102,0,blank,0,-323,-105,49825,50003,178
102,0,blank,0,-323,-105,50003,50182,179
102,0,blank,0,-323,-105,50182,50367,185
102,0,blank,0,-323,-105,50367,50548,181
102,0,blank,0,-323,-105,50548,50730,182
102,0,blank,0,-323,-105,50730,50908,178
102,0,blank,0,-323,-105,50908,51083,175
102,0,blank,0,-323,-105,51083,51257,174
102,0,blank,0,-323,-105,51257,51441,184
102,0,blank,0,-323,-105,51441,51620,179
102,0,blank,0,-323,-105,51620,51799,179
102,0,blank,0,-323,-105,51799,51977,178
102,0,blank,0,-323,-105,51977,52158,181
102,0,blank,0,-323,-105,52158,52340,182
102,0,blank,0,-323,-105,52340,52527,187
102,0,blank,0,-323,-105,52527,52705,178
102,0,blank,0,-323,-105,52705,52882,177
102,0,blank,0,-323,-105,52882,53060,178
102,0,blank,0,-323,-105,53060,53239,179
102,0,blank,0,-323,-105,53239,53417,178
102,0,blank,0,-323,-105,53417,53602,185
102,0,blank,0,-323,-105,53602,53782,180
102,0,blank,0,-323,-105,53782,53963,181
102,0,blank,0,-323,-105,53963,54145,182
102,0,blank,0,-323,-105,54145,54325,180
102,0,blank,0,-323,-105,54325,54500,175
102,0,blank,0,-323,-105,54500,54677,177
102,0,blank,0,-323,-105,54677,54848,171
102,0,blank,0,-323,-105,54848,55020,172
102,0,blank,0,-323,-105,55020,55206,186
102,0,blank,0,-323,-105,55206,55393,187
102,0,blank,0,-323,-105,55393,55584,191
102,0,blank,0,-323,-105,55584,55765,181
102,0,blank,0,-323,-105,55765,55936,171
102,0,blank,0,-323,-105,55936,56126,190
102,0,blank,0,-323,-105,56126,56320,194
102,0,blank,0,-323,-105,56320,56507,187
102,0,blank,0,-323,-105,56507,56672,165
102,0,blank,0,-323,-105,56672,56851,179
102,0,blank,0,-323,-105,56851,57044,193
102,0,blank,0,-323,-105,57044,57235,191
102,0,blank,0,-323,-105,57235,57426,191
102,0,blank,0,-323,-105,57426,57620,194
102,0,blank,0,-323,-105,57620,57797,177
102,0,blank,0,-323,-105,57797,57972,175
102,0,blank,0,-323,-105,57972,58165,193
102,0,blank,0,-323,-105,58165,58362,197
102,0,blank,0,-323,-105,58362,58561,199
102,0,blank,0,-323,-105,58561,58738,177
102,0,blank,0,-323,-105,58738,58927,189
102,0,blank,0,-323,-105,58927,59092,165
102,0,blank,0,-323,-105,59092,59288,196
102,0,blank,0,-323,-105,59288,59476,188
102,0,blank,0,-323,-105,59476,59653,177
102,0,blank,0,-323,-105,59653,59852,199
102,0,blank,0,-323,-105,59852,60049,197
102,0,blank,0,-323,-105,60049,60216,167
102,0,blank,0,-323,-105,60216,60382,166
102,0,blank,0,-323,-105,60382,60556,174
102,0,blank,0,-323,-105,60556,60736,180
102,0,blank,0,-323,-105,60736,60930,194
102,0,blank,0,-323,-105,60930,61119,189
102,0,blank,0,-323,-105,61119,61316,197
102,0,blank,0,-323,-105,61316,61503,187
102,0,blank,0,-323,-105,61503,61690,187
102,0,blank,0,-323,-105,61690,61873,183
102,0,blank,0,-323,-105,61873,62055,182
102,0,blank,0,-323,-105,62055,62229,174
102,0,blank,0,-323,-105,62229,62420,191
102,0,blank,0,-323,-105,62420,62610,190
102,0,blank,0,-323,-105,62610,62778,168
102,0,blank,0,-323,-105,62778,62977,199
102,0,blank,0,-323,-105,62977,63169,192
102,0,blank,0,-323,-105,63169,63353,184
102,0,blank,0,-323,-105,63353,63542,189
102,0,blank,0,-323,-105,63542,63732,190
102,0,blank,0,-323,-105,63732,63919,187
102,0,blank,0,-323,-105,63919,64097,178
102,0,blank,0,-323,-105,64097,64295,198
102,0,blank,0,-323,-105,64295,64473,178
102,0,blank,0,-323,-105,64473,64671,198
102,0,blank,0,-323,-105,64671,64851,180
102,0,blank,0,-323,-105,64851,65028,177
102,0,blank,0,-323,-105,65028,65211,183
102,0,blank,0,-323,-105,65211,65391,180
102,0,blank,0,-323,-105,65391,65566,175
102,0,blank,0,-323,-105,65566,65750,184
102,0,blank,0,-323,-105,65750,65940,190
102,0,blank,0,-323,-105,65940,66114,174
102,0,blank,0,89.31738,-103.93316,66181,66375,194
102,0,blank,0,94.93316,-103.94882,66375,66546,171
102,0,blank,0,85.42562,-103.93816,66546,66714,168
102,0,blank,0,-323,-105,67114,67285,171
102,0,blank,0,-323,-105,67285,67328,43
102,0,blank,0,97.6501,-103.9425,67516,67547,31
102,0,blank,0,-323,-105,67673,67870,197
102,0,blank,0,-323,-105,67870,68066,196
102,0,blank,0,-323,-105,68066,68253,187
102,0,blank,0,-323,-105,68253,68393,140
102,0,blank,0,96.8850666666667,-103.9481,68417,68607,190
102,0,blank,0,-323,-105,68816,68991,175
102,0,blank,0,-323,-105,68991,69175,184
102,0,blank,0,-323,-105,69175,69357,182
102,0,blank,0,-323,-105,69357,69545,188
102,0,blank,0,-323,-105,69545,69722,177
102,0,blank,0,-323,-105,69722,69914,192
102,0,blank,0,-323,-105,69914,70089,175
102,0,blank,0,-323,-105,70089,70279,190
102,0,blank,0,-323,-105,70279,70459,180
102,0,blank,0,-323,-105,70459,70641,182
102,0,blank,0,-323,-105,70641,70824,183
102,0,blank,0,-323,-105,70824,71014,190
102,0,blank,0,-323,-105,71014,71199,185
102,0,blank,0,-323,-105,71199,71370,171
102,0,blank,0,-323,-105,71370,71548,178
102,0,blank,0,-323,-105,71548,71728,180
102,0,blank,0,-323,-105,71728,71909,181
102,0,blank,0,-323,-105,71909,72090,181
102,0,blank,0,-323,-105,72090,72267,177
102,0,blank,0,-323,-105,72267,72443,176
102,0,blank,0,-323,-105,72443,72622,179
102,0,blank,0,-323,-105,72622,72799,177
102,0,blank,0,-323,-105,72799,72982,183
102,0,blank,0,-323,-105,72982,73160,178
102,0,blank,0,-323,-105,73160,73339,179
102,0,blank,0,-323,-105,73339,73522,183
102,0,blank,0,-323,-105,73522,73699,177
102,0,blank,0,-323,-105,73699,73857,158
102,0,blank,0,-323,-105,73857,74026,169
102,0,blank,0,-323,-105,74026,74185,159
102,0,blank,0,-323,-105,74185,74380,195
102,0,blank,0,-323,-105,74380,74556,176
102,0,blank,0,-323,-105,74556,74732,176
102,0,blank,0,-323,-105,74732,74908,176
102,0,blank,0,-323,-105,74908,75085,177
102,0,blank,0,-323,-105,75085,75262,177
102,0,blank,0,-323,-105,75262,75448,186
102,0,blank,0,-323,-105,75448,75627,179
102,0,blank,0,-323,-105,75627,75824,197
102,0,blank,0,-323,-105,75824,76004,180
102,0,blank,0,-323,-105,76004,76183,179
102,0,blank,0,-323,-105,76183,76358,175
102,0,blank,0,-323,-105,76358,76539,181
102,0,blank,0,-323,-105,76539,76717,178
102,0,blank,0,-323,-105,76717,76896,179
102,0,blank,0,-323,-105,76896,77075,179
102,0,blank,0,-323,-105,77075,77253,178
102,0,blank,0,-323,-105,77253,77433,180
102,0,blank,0,-323,-105,77433,77600,167
102,0,blank,0,-323,-105,77600,77794,194
102,0,blank,0,-323,-105,77794,77988,194
102,0,blank,0,-323,-105,77988,78168,180
102,0,blank,0,-323,-105,78168,78333,165
102,0,blank,0,-323,-105,78333,78514,181
102,0,blank,0,-323,-105,78514,78691,177
102,0,blank,0,-323,-105,78691,78867,176
102,0,blank,0,-323,-105,78867,79044,177
102,0,blank,0,-323,-105,79044,79218,174
102,0,blank,0,-323,-105,79218,79367,149
102,0,blank,0,-323,-105,79367,79539,172
102,0,blank,0,-323,-105,79539,79709,170
102,0,blank,0,-323,-105,79709,79887,178
102,0,blank,0,-323,-105,79887,80083,196
102,0,blank,0,-323,-105,80083,80266,183
102,0,blank,0,-323,-105,80266,80464,198
102,0,blank,0,-323,-105,80464,80631,167
102,0,blank,0,-323,-105,80631,80815,184
102,0,blank,0,-323,-105,80815,81003,188
102,0,blank,0,-323,-105,81003,81176,173
102,0,blank,0,-323,-105,81176,81368,192
102,0,blank,0,-323,-105,81368,81548,180
102,0,blank,0,-323,-105,81548,81739,191
102,0,blank,0,-323,-105,81739,81927,188
102,0,blank,0,-323,-105,81927,82109,182
102,0,blank,0,-323,-105,82109,82287,178
102,0,blank,0,-323,-105,82287,82476,189
102,0,blank,0,-323,-105,82476,82664,188
102,0,blank,0,-323,-105,82664,82852,188
102,0,blank,0,-323,-105,82852,83034,182
102,0,blank,0,-323,-105,83034,83221,187
102,0,blank,0,-323,-105,83221,83409,188
102,0,blank,0,-323,-105,83409,83581,172
102,0,blank,0,-323,-105,83581,83772,191
102,0,blank,0,-323,-105,83772,83954,182
102,0,blank,0,-323,-105,83954,84140,186
102,0,blank,0,-323,-105,84140,84335,195
102,0,blank,0,-323,-105,84335,84531,196
102,0,blank,0,-323,-105,84531,84709,178
102,0,blank,0,-323,-105,84709,84897,188
102,0,blank,0,-323,-105,84897,85056,159
102,0,blank,0,-323,-105,85056,85241,185
102,0,blank,0,-323,-105,85241,85407,166
102,0,blank,0,-323,-105,85407,85596,189
102,0,blank,0,-323,-105,85596,85691,95
102,0,blank,0,-323,-105,85691,85882,191
102,0,blank,0,-323,-105,85882,86057,175
102,0,blank,0,-323,-105,86057,86246,189
102,0,blank,0,-323,-105,86246,86422,176
102,0,blank,0,-323,-105,86422,86584,162
102,0,blank,0,-323,-105,86584,86780,196
102,0,blank,0,-323,-105,86780,86967,187
102,0,blank,0,-323,-105,86967,87123,156
102,0,blank,0,-323,-105,87123,87222,99
102,0,blank,0,-323,-105,87222,87396,174
102,0,blank,0,-323,-105,87396,87584,188
102,0,blank,0,-323,-105,87584,87770,186
102,0,blank,0,-323,-105,87770,87945,175
102,0,blank,0,-323,-105,87945,88121,176
102,0,blank,0,-323,-105,88121,88297,176
102,0,blank,0,-323,-105,88297,88473,176
102,0,blank,0,-323,-105,88473,88651,178
102,0,blank,0,-323,-105,88651,88834,183
102,0,blank,0,-323,-105,88834,89029,195
102,0,blank,0,-323,-105,89029,89209,180
102,0,blank,0,-323,-105,89209,89391,182
102,0,blank,0,-323,-105,89391,89579,188
102,0,blank,0,-323,-105,89579,89765,186
102,0,blank,0,-323,-105,89765,89959,194
102,0,blank,0,-323,-105,89959,90130,171
102,0,blank,0,-323,-105,90130,90313,183
102,0,blank,0,-323,-105,90313,90493,180
102,0,blank,0,-323,-105,90493,90678,185
102,0,blank,0,-323,-105,90678,90861,183
102,0,blank,0,-323,-105,90861,91014,153
102,0,blank,0,-323,-105,91014,91194,180
102,0,blank,0,-323,-105,91194,91320,126
102,0,blank,0,140.8763,186.114,91611,91648,37
102,0,blank,0,-323,-105,91886,92000,114
102,0,blank,0,-323,-105,92354,92552,198
102,0,blank,0,-323,-105,92552,92738,186
102,0,blank,0,-323,-105,92738,92812,74
102,0,blank,0,-323,-105,92880,93069,189
102,0,blank,0,-323,-105,93069,93268,199
102,0,blank,0,-323,-105,93268,93438,170
102,0,blank,0,-323,-105,93438,93620,182
102,0,blank,0,-323,-105,93620,93799,179
102,0,blank,0,-323,-105,93799,93986,187
102,0,blank,0,-323,-105,93986,94161,175
102,0,blank,0,-323,-105,94161,94347,186
102,0,blank,0,-323,-105,94347,94425,78
102,0,blank,0,77.7602,-103.9612,94474,94505,31
102,29,comma,186,184.9949,626.2216,94534,94564,30
102,0,blank,0,-323,-105,94694,94755,61
102,11,gap,100,262.24586,228.5104,95094,95278,184
102,11,gap,100,259.55785,230.125325,95278,95426,148
102,0,blank,0,287.1282,260.6642,95426,95534,108
102,0,blank,0,253.6077,247.8779,95534,95788,254
102,15,=,128,260.8098,327.9859,95824,95873,49
102,0,blank,0,-323,-105,95960,96100,140
102,0,blank,0,305.172066666667,241.800166666667,96256,96439,183
102,0,blank,0,327.25695,255.19755,96439,96589,150
102,0,blank,0,371.4552,314.9452,96644,96701,57
102,0,blank,0,645.360375,-103.931325,97016,97196,180
102,0,blank,0,655.5318,-103.906066666667,97196,97282,86
102,0,blank,0,219.8267,678.488,97380,97467,87
102,0,blank,0,-323,-105,97607,97780,173
102,0,blank,0,-323,-105,97780,97898,118
102,0,blank,0,462.863433333333,272.479033333333,98075,98249,174
102,11,v,91,437.006766666667,242.852833333333,98528,98692,164
102,0,blank,0,422.56542,230.17948,98692,98876,184
102,11,[,92,396.506166666667,235.9035,99449,99609,160
102,0,blank,0,409.475,251.1405,99609,99667,58
102,0,blank,0,-323,-105,99946,100126,180
102,0,blank,0,-323,-105,100126,100294,168
102,0,blank,0,-323,-105,100294,100480,186
102,0,blank,0,-323,-105,100480,100640,160
102,0,blank,0,636.4726,-103.99,100924,101004,80
102,0,blank,0,-323,-105,101047,101154,107
102,0,blank,0,637.494,728.0256,101234,101264,30
102,0,blank,0,648.523233333333,-103.963166666667,101302,101404,102
102,11,for,74,151.6813,232.526166666667,102020,102187,167
102,11,=,77,187.709633333333,225.6991,102187,102355,168
102,0,blank,0,203.3274,236.716333333333,102355,102516,161
102,0,blank,0,214.8044,243.33415,102516,102684,168
102,0,blank,0,174.93465,233.5774,102684,102870,186
102,11,-,79,225.85215,225.9469,102870,103042,172
102,0,blank,0,235.8464,220.7486,103042,103226,184
102,0,blank,0,233.50258,223.61832,103226,103412,186
102,0,blank,0,213.28972,222.19072,103412,103598,186
102,0,blank,0,211.75394,222.75958,103598,103787,189
102,11,i,78,208.80634,225.4876,103787,103973,186
102,11,gap,100,268.66324,227.22888,103973,104160,187
102,0,blank,0,242.92244,226.63498,104160,104343,183
102,0,blank,0,219.763825,224.48365,104343,104493,150
102,0,blank,0,-323,-105,104531,104722,191
102,0,blank,0,-323,-105,104722,104757,35
102,11,gap,100,245.03406,228.1986,104901,105077,176
102,0,blank,0,198.03394,238.0978,105077,105264,187
102,0,blank,0,438.19204,255.6173,105413,105587,174
102,0,blank,0,412.7381,258.952366666667,105587,105729,142
102,0,blank,0,414.96355,277.96245,105729,105924,195
102,0,blank,0,-323,-105,105956,106120,164
102,0,blank,0,-323,-105,106120,106203,83
102,0,blank,0,-323,-105,107896,108083,187
102,0,blank,0,-323,-105,108083,108281,198
102,0,blank,0,-323,-105,108281,108466,185
102,0,blank,0,-323,-105,108466,108653,187
102,0,blank,0,-323,-105,108653,108834,181
102,0,blank,0,-323,-105,108834,109019,185
102,0,blank,0,-323,-105,109019,109197,178
102,0,blank,0,-323,-105,109197,109376,179
102,0,blank,0,-323,-105,109376,109545,169
102,0,blank,0,-323,-105,109545,109717,172
102,0,blank,0,-323,-105,109717,109908,191
102,0,blank,0,-323,-105,109908,110107,199
102,0,blank,0,-323,-105,110107,110276,169
102,0,blank,0,-323,-105,110276,110461,185
102,0,blank,0,-323,-105,110461,110644,183
102,0,blank,0,-323,-105,110644,110836,192
102,0,blank,0,-323,-105,110836,111005,169
102,0,blank,0,-323,-105,111005,111198,193
102,0,blank,0,-323,-105,111198,111393,195
102,0,blank,0,-323,-105,111393,111588,195
102,0,blank,0,-323,-105,111588,111778,190
102,0,blank,0,-323,-105,111778,111950,172
102,0,blank,0,-323,-105,111950,112131,181
102,0,blank,0,-323,-105,112131,112327,196
102,0,blank,0,-323,-105,112327,112513,186
102,0,blank,0,-323,-105,112513,112692,179
102,0,blank,0,-323,-105,112692,112867,175
102,0,blank,0,-323,-105,112867,113045,178
102,0,blank,0,-323,-105,113045,113238,193
102,0,blank,0,-323,-105,113238,113412,174
102,0,blank,0,-323,-105,113412,113584,172
102,0,blank,0,-323,-105,113584,113749,165
102,0,blank,0,-323,-105,113749,113923,174
102,0,blank,0,-323,-105,113923,114110,187
102,0,blank,0,-323,-105,114110,114305,195
102,0,blank,0,-323,-105,114305,114482,177
102,0,blank,0,-323,-105,114482,114677,195
102,0,blank,0,-323,-105,114677,114846,169
102,0,blank,0,-323,-105,114846,115093,247
102,0,blank,0,-323,-105,115093,115220,127
102,0,blank,0,-323,-105,115220,115371,151
102,0,blank,0,-323,-105,115371,115567,196
102,0,blank,0,-323,-105,115567,115638,71
102,0,blank,0,-323,-105,115638,115882,244
102,0,blank,0,-323,-105,115882,115920,38
102,0,blank,0,-323,-105,115920,116113,193
102,0,blank,0,-323,-105,116113,116300,187
102,0,blank,0,-323,-105,116300,116499,199
102,0,blank,0,-323,-105,116499,116695,196
102,0,blank,0,-323,-105,116695,116892,197
102,0,blank,0,-323,-105,116892,117051,159
102,0,blank,0,-323,-105,117051,117221,170
102,0,blank,0,-323,-105,117221,117410,189
102,0,blank,0,-323,-105,117410,117586,176
102,0,blank,0,-323,-105,117586,117763,177
102,0,blank,0,-323,-105,117763,117959,196
102,0,blank,0,-323,-105,117959,118126,167
102,0,blank,0,-323,-105,118126,118220,94
102,0,blank,0,-323,-105,118220,118348,128
102,0,blank,0,-323,-105,118348,118559,211
102,0,blank,0,-323,-105,118559,118717,158
102,0,blank,0,-323,-105,118717,119004,287
102,0,blank,0,-323,-105,119004,119181,177
102,0,blank,0,-323,-105,119181,119328,147
102,0,blank,0,-323,-105,119328,119447,119
102,0,blank,0,-323,-105,119447,119698,251
102,0,blank,0,-323,-105,119698,119920,222
102,0,blank,0,-323,-105,119920,120022,102
102,0,blank,0,-323,-105,120134,120326,192
102,0,blank,0,-323,-105,120326,120519,193
102,0,blank,0,-323,-105,120519,120695,176
102,0,blank,0,-323,-105,120695,120870,175
102,0,blank,0,-323,-105,120870,121038,168
102,0,blank,0,-323,-105,121038,121209,171
102,0,blank,0,-323,-105,121209,121362,153
102,0,blank,0,-323,-105,121362,121532,170
102,0,blank,0,-323,-105,121532,121730,198
102,0,blank,0,-323,-105,121730,121912,182
102,0,blank,0,-323,-105,121912,122087,175
102,0,blank,0,-323,-105,122087,122275,188
102,0,blank,0,-323,-105,122275,122466,191
102,0,blank,0,-323,-105,122466,122643,177
102,0,blank,0,135.431,733.221833333333,122674,122786,112
102,31,i,205,162.68155,665.16575,122860,122971,111
102,0,blank,0,-323,-105,123044,123218,174
102,0,blank,0,-323,-105,123218,123318,100
102,0,blank,0,131.65685,742.52275,123355,123552,197
102,0,blank,0,-323,-105,123696,123791,95
102,0,blank,0,-323,-105,123791,123903,112
102,0,blank,0,-323,-105,123903,124000,97
102,0,blank,0,-323,-105,124000,124171,171
102,0,blank,0,-323,-105,124171,124360,189
102,0,blank,0,-323,-105,124360,124546,186
102,0,blank,0,-323,-105,124546,124717,171
102,0,blank,0,-323,-105,124717,124810,93
102,0,blank,0,102.9049,-103.9366,124931,125005,74
102,0,blank,0,-323,-105,125125,125300,175
102,0,blank,0,-323,-105,125300,125490,190
102,0,blank,0,-323,-105,125490,125687,197
102,0,blank,0,-323,-105,125687,125859,172
102,0,blank,0,-323,-105,125859,126034,175
102,0,blank,0,-323,-105,126034,126216,182
102,0,blank,0,-323,-105,126216,126382,166
102,0,blank,0,-323,-105,126382,126573,191
102,0,blank,0,-323,-105,126573,126767,194
102,0,blank,0,-323,-105,126767,126942,175
102,0,blank,0,-323,-105,126942,127121,179
102,0,blank,0,-323,-105,127121,127296,175
102,0,blank,0,-323,-105,127296,127464,168
102,0,blank,0,-323,-105,127464,127655,191
102,0,blank,0,-323,-105,127655,127839,184
102,0,blank,0,-323,-105,127839,128007,168
102,0,blank,0,-323,-105,128007,128192,185
102,0,blank,0,-323,-105,128192,128345,153
102,0,blank,0,-323,-105,128345,128399,54
102,0,blank,0,-323,-105,128399,128617,218
102,0,blank,0,-323,-105,128617,128789,172
102,0,blank,0,-323,-105,128789,128982,193
102,0,blank,0,-323,-105,128982,129147,165
102,0,blank,0,-323,-105,129147,129343,196
102,0,blank,0,-323,-105,129343,129524,181
102,0,blank,0,-323,-105,129524,129721,197
102,0,blank,0,-323,-105,129721,129892,171
102,0,blank,0,-323,-105,129892,130033,141
102,0,blank,0,-323,-105,130033,130178,145
102,0,blank,0,-323,-105,130178,130321,143
102,0,blank,0,-323,-105,130321,130499,178
102,0,blank,0,-323,-105,130499,130692,193
102,0,blank,0,-323,-105,130692,130888,196
102,0,blank,0,-323,-105,130888,131062,174
102,0,blank,0,-323,-105,131062,131244,182
102,0,blank,0,-323,-105,131244,131431,187
102,0,blank,0,-323,-105,131431,131589,158
102,0,blank,0,-323,-105,131589,131788,199
102,0,blank,0,-323,-105,131788,131945,157
102,0,blank,0,-323,-105,131945,132122,177
102,0,blank,0,-323,-105,132122,132249,127
102,0,blank,0,-323,-105,132249,132416,167
102,0,blank,0,-323,-105,132416,132590,174
102,0,blank,0,-323,-105,132590,132783,193
102,0,blank,0,-323,-105,132783,132931,148
102,0,blank,0,-323,-105,132931,133125,194
102,0,blank,0,-323,-105,133125,133256,131
102,0,blank,0,-323,-105,133256,133408,152
102,0,blank,0,-323,-105,133408,133560,152
102,0,blank,0,-323,-105,133560,133691,131
102,0,blank,0,-323,-105,133691,133868,177
102,0,blank,0,-323,-105,133868,134016,148
102,0,blank,0,-323,-105,134016,134169,153
102,0,blank,0,-323,-105,134169,134338,169
102,0,blank,0,-323,-105,134338,134515,177
102,0,blank,0,-323,-105,134515,134694,179
102,0,blank,0,-323,-105,134694,134873,179
102,0,blank,0,-323,-105,134873,135050,177
102,0,blank,0,-323,-105,135050,135229,179
102,0,blank,0,-323,-105,135229,135303,74
102,0,blank,0,-323,-105,135303,135477,174
102,0,blank,0,-323,-105,135477,135657,180
102,0,blank,0,-323,-105,135657,135845,188
102,0,blank,0,-323,-105,135845,136026,181
102,0,blank,0,-323,-105,136026,136215,189
102,0,blank,0,-323,-105,136215,136401,186
102,0,blank,0,-323,-105,136401,136598,197
102,0,blank,0,-323,-105,136598,136777,179
102,0,blank,0,-323,-105,136777,136957,180
102,0,blank,0,-323,-105,136957,137143,186
102,0,blank,0,-323,-105,137143,137300,157
102,0,blank,0,-323,-105,137300,137482,182
102,0,blank,0,-323,-105,137482,137657,175
102,0,blank,0,-323,-105,137657,137831,174
102,0,blank,0,-323,-105,137831,138006,175
102,0,blank,0,-323,-105,138006,138186,180
102,0,blank,0,-323,-105,138186,138367,181
102,0,blank,0,-323,-105,138367,138545,178
102,0,blank,0,-323,-105,138545,138722,177
102,0,blank,0,-323,-105,138722,138901,179
102,0,blank,0,-323,-105,138901,139100,199
102,0,blank,0,-323,-105,139100,139271,171
102,0,blank,0,-323,-105,139271,139454,183
102,0,blank,0,-323,-105,139454,139623,169
102,0,blank,0,-323,-105,139623,139782,159
102,0,blank,0,-323,-105,139782,139954,172
102,0,blank,0,-323,-105,139954,140089,135
102,0,blank,0,-323,-105,140089,140282,193
102,0,blank,0,-323,-105,140282,140457,175
102,0,blank,0,-323,-105,140457,140637,180
102,0,blank,0,-323,-105,140637,140819,182
102,0,blank,0,-323,-105,140819,140998,179
102,0,blank,0,-323,-105,140998,141177,179
102,0,blank,0,-323,-105,141177,141359,182
102,0,blank,0,-323,-105,141359,141537,178
102,0,blank,0,-323,-105,141537,141714,177
102,0,blank,0,-323,-105,141714,141893,179
102,0,blank,0,-323,-105,141893,142072,179
102,0,blank,0,-323,-105,142072,142252,180
102,0,blank,0,-323,-105,142252,142451,199
102,0,blank,0,-323,-105,142451,142644,193
102,0,blank,0,-323,-105,142644,142811,167
102,0,blank,0,-323,-105,142811,142979,168
102,0,blank,0,-323,-105,142979,143149,170
102,0,blank,0,-323,-105,143149,143322,173
102,0,blank,0,-323,-105,143322,143507,185
102,0,blank,0,-323,-105,143507,143675,168
102,0,blank,0,-323,-105,143675,143860,185
102,0,blank,0,-323,-105,143860,144011,151
102,0,blank,0,-323,-105,144011,144182,171
102,0,blank,0,-323,-105,144182,144316,134
102,0,blank,0,-323,-105,144316,144498,182
102,0,blank,0,-323,-105,144498,144679,181
102,0,blank,0,-323,-105,144679,144855,176
102,0,blank,0,-323,-105,144855,145033,178
102,0,blank,0,-323,-105,145033,145212,179
102,0,blank,0,-323,-105,145212,145409,197
102,0,blank,0,-323,-105,145409,145554,145
102,0,blank,0,-323,-105,145554,145750,196
102,0,blank,0,-323,-105,145750,145921,171
102,0,blank,0,-323,-105,145921,146105,184
102,0,blank,0,-323,-105,146105,146268,163
102,0,blank,0,-323,-105,146268,146455,187
102,0,blank,0,-323,-105,146455,146631,176
102,0,blank,0,-323,-105,146631,146805,174
102,0,blank,0,-323,-105,146805,146985,180
102,0,blank,0,-323,-105,146985,147163,178
102,0,blank,0,-323,-105,147163,147322,159
102,0,blank,0,-323,-105,147322,147521,199
102,0,blank,0,-323,-105,147521,147688,167
102,0,blank,0,-323,-105,147688,147887,199
102,0,blank,0,-323,-105,147887,148065,178
102,0,blank,0,-323,-105,148065,148204,139
102,0,blank,0,-323,-105,148204,148363,159
102,0,blank,0,-323,-105,148363,148556,193
102,0,blank,0,-323,-105,148556,148733,177
102,0,blank,0,-323,-105,148733,148820,87
102,0,blank,0,-323,-105,148820,148997,177
102,0,blank,0,-323,-105,148997,149052,55
102,0,blank,0,96.54265,-103.9309,149154,149286,132
102,0,blank,0,663.32665,-103.9282,149315,149484,169
102,0,blank,0,668.0589,-103.9277,149484,149560,76
102,0,blank,0,-323,-105,149652,149845,193
102,0,blank,0,-323,-105,149845,150026,181
102,0,blank,0,-323,-105,150026,150217,191
102,0,blank,0,-323,-105,150217,150409,192
102,0,blank,0,-323,-105,150409,150579,170
102,0,blank,0,-323,-105,150579,150657,78
102,0,blank,0,90.4049,-103.9354,150737,150803,66
102,0,blank,0,95.1274,-103.929733333333,151200,151379,179
102,0,blank,0,108.231466666667,-103.956333333333,151379,151536,157
102,0,blank,0,95.2632,-103.92545,151629,151690,61
102,0,blank,0,679.547,-103.9179,151851,151914,63
102,0,blank,0,665.9087,-103.9422,151914,152109,195
102,0,blank,0,-323,-105,152146,152298,152
102,0,blank,0,-323,-105,152298,152477,179
102,0,blank,0,-323,-105,152477,152643,166
102,0,blank,0,-323,-105,152643,152822,179
102,0,blank,0,-323,-105,152822,153001,179
102,0,blank,0,-323,-105,153001,153179,178
102,0,blank,0,-323,-105,153179,153364,185
102,0,blank,0,-323,-105,153364,153454,90
102,0,blank,0,669.6639,-103.9067,153572,153721,149
102,0,blank,0,666.53775,-103.9071,154093,154277,184
102,0,blank,0,673.2631,-103.91,154277,154309,32
102,0,blank,0,-323,-105,154490,154675,185
102,0,blank,0,-323,-105,154892,155049,157
102,0,blank,0,-323,-105,155049,155237,188
102,0,blank,0,-323,-105,155237,155400,163
102,0,blank,0,-323,-105,155400,155586,186
102,0,blank,0,-323,-105,155586,155761,175
102,0,blank,0,-323,-105,155761,155937,176
102,0,blank,0,-323,-105,155937,156132,195
102,0,blank,0,-323,-105,156132,156325,193
102,0,blank,0,-323,-105,156325,156497,172
102,0,blank,0,-323,-105,156497,156676,179
102,0,blank,0,-323,-105,156676,156849,173
102,0,blank,0,-323,-105,156849,157023,174
102,0,blank,0,-323,-105,157023,157197,174
102,0,blank,0,-323,-105,157197,157378,181
102,0,blank,0,-323,-105,157378,157555,177
102,0,blank,0,-323,-105,157555,157733,178
102,0,blank,0,-323,-105,157733,157911,178
102,0,blank,0,-323,-105,157911,158090,179
102,0,blank,0,-323,-105,158090,158128,38
102,11,j,98,165.45485,230.57965,158161,158268,107
102,0,blank,0,-323,-105,158629,158823,194
102,0,blank,0,-323,-105,158823,158951,128
102,0,blank,0,91.2090333333333,-103.900233333333,158989,159176,187
102,0,blank,0,91.4311,-103.9141,159176,159252,76
102,0,blank,0,-323,-105,159426,159624,198
102,0,blank,0,-323,-105,159624,159789,165
102,0,blank,0,-323,-105,159789,159968,179
102,0,blank,0,-323,-105,159968,160137,169
102,0,blank,0,-323,-105,160137,160319,182
102,0,blank,0,-323,-105,160319,160510,191
102,0,blank,0,-323,-105,160510,160669,159
102,0,blank,0,-323,-105,160669,160896,227
102,0,blank,0,-323,-105,160896,161094,198
102,0,blank,0,-323,-105,161094,161265,171
102,0,blank,0,-323,-105,161265,161435,170
102,0,blank,0,-323,-105,161435,161614,179
102,0,blank,0,-323,-105,161614,161809,195
102,0,blank,0,-323,-105,161809,161974,165
102,0,blank,0,-323,-105,161974,162127,153
102,0,blank,0,-323,-105,162127,162290,163
102,0,blank,0,-323,-105,162948,163130,182
102,0,blank,0,-323,-105,163130,163326,196
102,0,blank,0,-323,-105,163326,163468,142
102,0,blank,0,-323,-105,163468,163575,107
102,0,blank,0,-323,-105,163575,163753,178
102,0,blank,0,-323,-105,163753,163921,168
102,0,blank,0,-323,-105,163921,164093,172
102,0,blank,0,-323,-105,164093,164614,521
102,0,blank,0,-323,-105,164614,164713,99
102,0,blank,0,603.41095,-103.9619,164898,164996,98
102,0,blank,0,-323,-105,165094,165239,145
102,0,blank,0,-323,-105,165239,165417,178
102,0,blank,0,-323,-105,165417,165824,407
102,0,blank,0,-323,-105,165824,166016,192
102,0,blank,0,-323,-105,166016,166041,25
102,0,blank,0,-323,-105,166041,167242,1201
102,0,blank,0,-323,-105,167242,167406,164
102,0,blank,0,-323,-105,167406,167446,40
102,0,blank,0,-323,-105,167446,168002,556
102,0,blank,0,-323,-105,168002,168196,194
102,0,blank,0,-323,-105,168196,168377,181
102,0,blank,0,-323,-105,168377,168571,194
102,0,blank,0,-323,-105,168571,168720,149
102,0,blank,0,-323,-105,168720,168902,182
102,0,blank,0,-323,-105,168902,169081,179
102,0,blank,0,-323,-105,169081,169224,143
102,0,blank,0,-323,-105,169224,169388,164
102,0,blank,0,-323,-105,169388,169576,188
102,0,blank,0,-323,-105,169576,169775,199
102,0,blank,0,-323,-105,169775,169960,185
102,0,blank,0,-323,-105,169960,170151,191
102,0,blank,0,-323,-105,170151,170325,174
102,0,blank,0,-323,-105,170325,170500,175
102,0,blank,0,-323,-105,170500,170673,173
102,0,blank,0,-323,-105,170673,170832,159
102,0,blank,0,-323,-105,170832,171012,180
102,0,blank,0,-323,-105,171012,171192,180
102,0,blank,0,-323,-105,171192,171305,113
102,0,blank,0,-323,-105,171305,171493,188
102,0,blank,0,-323,-105,171493,171658,165
102,0,blank,0,-323,-105,171658,171837,179
102,0,blank,0,-323,-105,171837,171978,141
102,0,blank,0,-323,-105,171978,172166,188
102,0,blank,0,-323,-105,172166,172355,189
102,0,blank,0,-323,-105,172355,172550,195
102,0,blank,0,-323,-105,172550,172720,170
102,0,blank,0,-323,-105,172720,172838,118
102,0,blank,0,-323,-105,172838,173010,172
102,0,blank,0,-323,-105,173010,173193,183
102,0,blank,0,-323,-105,173193,173381,188
102,0,blank,0,-323,-105,173381,173567,186
102,0,blank,0,-323,-105,173567,173757,190
102,0,blank,0,-323,-105,173757,173920,163
102,0,blank,0,-323,-105,173920,174077,157
102,0,blank,0,-323,-105,174077,174272,195
102,0,blank,0,-323,-105,174272,174316,44
102,0,blank,0,91.7915,-103.9287,174443,174487,44
102,0,blank,0,132.0117,693.4083,174569,174630,61
102,0,blank,0,765.433,783.1995,174902,174954,52
102,0,blank,0,1039.291,-103.9657,175222,175291,69
102,0,blank,0,-323,-105,175418,175529,111
102,0,blank,0,-323,-105,175529,175676,147
102,0,blank,0,-323,-105,175676,175820,144
102,0,blank,0,-321.8436,-103.9711,175820,176164,344
102,0,blank,0,-323,-105,176164,176355,191
102,0,blank,0,-323,-105,176355,176541,186
102,0,blank,0,-323,-105,176541,176708,167
102,0,blank,0,-323,-105,176708,176865,157
102,0,blank,0,-323,-105,176865,177041,176
102,0,blank,0,-323,-105,177041,177224,183
102,0,blank,0,-323,-105,177224,177402,178
102,0,blank,0,-323,-105,177402,177584,182
102,0,blank,0,-323,-105,177584,177769,185
102,0,blank,0,-323,-105,177769,177958,189
102,0,blank,0,-323,-105,177958,178100,142
102,0,blank,0,-323,-105,178100,178163,63
102,0,blank,0,-323,-105,178163,179592,1429
102,0,blank,0,-323,-105,179592,179790,198
102,0,blank,0,-323,-105,179790,179985,195
102,0,blank,0,-323,-105,179985,180162,177
102,0,blank,0,-323,-105,180162,180341,179
102,0,blank,0,-323,-105,180341,180539,198
102,0,blank,0,-323,-105,180539,180714,175
102,0,blank,0,-323,-105,180714,180898,184
102,0,blank,0,-323,-105,180898,181073,175
102,0,blank,0,-323,-105,181073,181213,140
102,0,blank,0,-323,-105,181213,181359,146
102,0,blank,0,-323,-105,181359,181496,137
102,0,blank,0,-323,-105,181496,181592,96
102,0,blank,0,-323,-105,181592,181780,188
102,0,blank,0,-323,-105,181780,181961,181
102,0,blank,0,-323,-105,181961,182143,182
102,0,blank,0,-323,-105,182143,182322,179
102,0,blank,0,-323,-105,182322,182463,141
102,0,blank,0,-323,-105,182463,182606,143
102,0,blank,0,-323,-105,182606,182781,175
102,0,blank,0,-323,-105,182781,182978,197
102,0,blank,0,-323,-105,182978,183153,175
102,0,blank,0,-323,-105,183153,183351,198
102,0,blank,0,-323,-105,183351,183532,181
102,0,blank,0,-323,-105,183532,183717,185
102,0,blank,0,-323,-105,183717,183904,187
102,0,blank,0,-323,-105,183904,184096,192
102,0,blank,0,-323,-105,184096,184287,191
102,0,blank,0,-323,-105,184287,184479,192
102,0,blank,0,-323,-105,184479,184649,170
102,0,blank,0,-323,-105,184649,184842,193
102,0,blank,0,-323,-105,184842,185037,195
102,0,blank,0,-323,-105,185037,185201,164
102,0,blank,0,-323,-105,185201,185392,191
102,0,blank,0,-323,-105,185392,185576,184
102,0,blank,0,-323,-105,185576,185768,192
102,0,blank,0,-323,-105,185768,185949,181
102,0,blank,0,-323,-105,185949,186130,181
102,0,blank,0,-323,-105,186130,186307,177
102,0,blank,0,-323,-105,186307,186488,181
102,0,blank,0,-323,-105,186488,186675,187
102,0,blank,0,-323,-105,186675,186850,175
102,0,blank,0,-323,-105,186850,187040,190
102,0,blank,0,-323,-105,187040,187235,195
102,0,blank,0,-323,-105,187235,187398,163
102,0,blank,0,-323,-105,187398,187536,138
102,0,blank,0,-323,-105,187536,187723,187
102,0,blank,0,-323,-105,187723,187903,180
102,0,blank,0,-323,-105,187903,188083,180
102,0,blank,0,-323,-105,188083,188262,179
102,0,blank,0,-323,-105,188262,188443,181
102,0,blank,0,-323,-105,188443,188624,181
102,0,blank,0,-323,-105,188624,188804,180
102,0,blank,0,-323,-105,188804,188985,181
102,0,blank,0,-323,-105,188985,189163,178
102,0,blank,0,-323,-105,189163,189340,177
102,0,blank,0,-323,-105,189340,189533,193
102,0,blank,0,-323,-105,189533,189747,214
102,0,blank,0,-323,-105,189747,189924,177
102,0,blank,0,-323,-105,189924,190101,177
102,0,blank,0,-323,-105,190101,190279,178
102,0,blank,0,-323,-105,190279,190459,180
102,0,blank,0,-323,-105,190459,190652,193
102,0,blank,0,-323,-105,190652,190833,181
102,0,blank,0,-323,-105,190833,191022,189
102,0,blank,0,-323,-105,191022,191195,173
102,0,blank,0,-323,-105,191195,191390,195
102,0,blank,0,-323,-105,191390,191582,192
102,0,blank,0,-323,-105,191582,191777,195
102,0,blank,0,-323,-105,191777,191958,181
102,0,blank,0,-323,-105,191958,192138,180
102,0,blank,0,-323,-105,192138,192320,182
102,0,blank,0,-323,-105,192320,192430,110
102,0,blank,0,-323,-105,192430,192522,92
102,0,blank,0,-323,-105,192522,192663,141
102,0,blank,0,-323,-105,192663,192811,148
102,0,blank,0,-323,-105,192811,193048,237
102,0,blank,0,-323,-105,193048,193228,180
102,0,blank,0,-323,-105,193228,193349,121
102,0,blank,0,-323,-105,193349,193540,191
102,0,blank,0,-323,-105,193540,193727,187
102,0,blank,0,-323,-105,193727,193896,169
102,0,blank,0,-323,-105,193896,194085,189
102,0,blank,0,-323,-105,194085,194280,195
102,0,blank,0,-323,-105,194280,194459,179
102,0,blank,0,-323,-105,194459,194623,164
102,0,blank,0,-323,-105,194623,194773,150
102,0,blank,0,-323,-105,194773,194937,164
102,0,blank,0,-323,-105,194937,195103,166
102,0,blank,0,-323,-105,195103,195171,68
102,0,blank,0,-323,-105,195171,195363,192
102,0,blank,0,-323,-105,195363,195459,96
102,0,blank,0,-323,-105,195459,195626,167
102,0,blank,0,-323,-105,195626,195837,211
102,0,blank,0,-323,-105,195837,196017,180
102,0,blank,0,-323,-105,196017,196194,177
102,0,blank,0,-323,-105,196194,196318,124
102,0,blank,0,-323,-105,196318,196514,196
102,0,blank,0,-323,-105,196514,196689,175
102,0,blank,0,-323,-105,196689,196863,174
102,0,blank,0,-323,-105,196863,197050,187
102,0,blank,0,-323,-105,197050,197230,180
102,0,blank,0,-323,-105,197230,197410,180
102,0,blank,0,-323,-105,197410,197591,181
102,0,blank,0,-323,-105,197591,197776,185
102,0,blank,0,-323,-105,197776,197942,166
102,0,blank,0,-323,-105,197942,198123,181
102,0,blank,0,-323,-105,198123,198269,146
102,0,blank,0,-323,-105,198269,198345,76
102,0,blank,0,-323,-105,198345,198495,150
102,0,blank,0,-323,-105,198495,198597,102
102,0,blank,0,-323,-105,198597,198793,196
102,0,blank,0,-323,-105,198793,198982,189
102,0,blank,0,-323,-105,198982,199082,100
102,0,blank,0,-323,-105,199082,199302,220
102,0,blank,0,-323,-105,199302,199521,219
102,0,blank,0,-323,-105,199521,199692,171
102,0,blank,0,-323,-105,199692,199880,188
102,0,blank,0,-323,-105,199880,200057,177
102,0,blank,0,-323,-105,200057,200234,177
102,0,blank,0,-323,-105,200234,200413,179
102,0,blank,0,-323,-105,200413,200593,180
102,0,blank,0,-323,-105,200593,200772,179
102,0,blank,0,-323,-105,200772,200959,187
102,0,blank,0,-323,-105,200959,201140,181
102,0,blank,0,-323,-105,201140,201317,177
102,0,blank,0,-323,-105,201317,201486,169
102,0,blank,0,-323,-105,201486,201680,194
102,0,blank,0,-323,-105,201680,201845,165
102,0,blank,0,-323,-105,201845,202067,222
102,0,blank,0,-323,-105,202067,202248,181
102,0,blank,0,-323,-105,202248,202426,178
102,0,blank,0,-323,-105,202426,202602,176
102,0,blank,0,-323,-105,202602,202779,177
102,0,blank,0,-323,-105,202779,202957,178
102,0,blank,0,-323,-105,202957,203143,186
102,0,blank,0,-323,-105,203143,203325,182
102,0,blank,0,-323,-105,203325,203506,181
102,0,blank,0,-323,-105,203506,203684,178
102,0,blank,0,-323,-105,203684,203746,62
102,0,blank,0,-323,-105,203746,203908,162
102,0,blank,0,-323,-105,203908,204072,164
102,0,blank,0,-323,-105,204072,204253,181
102,0,blank,0,-323,-105,204253,204451,198
102,0,blank,0,-323,-105,204451,204628,177
102,0,blank,0,-323,-105,204628,204809,181
102,0,blank,0,-323,-105,204809,204990,181
102,0,blank,0,-323,-105,204990,205174,184
102,0,blank,0,-323,-105,205174,205350,176
102,0,blank,0,-323,-105,205350,205529,179
102,0,blank,0,-323,-105,205529,205708,179
102,0,blank,0,-323,-105,205708,205889,181
102,0,blank,0,-323,-105,205889,206071,182
102,0,blank,0,-323,-105,206071,206257,186
102,0,blank,0,-323,-105,206257,206433,176
102,0,blank,0,-323,-105,206433,206610,177
102,0,blank,0,-323,-105,206610,206787,177
102,0,blank,0,-323,-105,206787,206964,177
102,0,blank,0,-323,-105,206964,207142,178
102,0,blank,0,-323,-105,207142,207326,184
102,0,blank,0,-323,-105,207326,207505,179
102,0,blank,0,-323,-105,207505,207686,181
102,0,blank,0,-323,-105,207686,207868,182
102,0,blank,0,-323,-105,207868,208048,180
102,0,blank,0,-323,-105,208048,208223,175
102,0,blank,0,-323,-105,208223,208404,181
102,0,blank,0,-323,-105,208404,208582,178
102,0,blank,0,-323,-105,208582,208758,176
102,0,blank,0,-323,-105,208758,208935,177
102,0,blank,0,-323,-105,208935,209114,179
102,0,blank,0,-323,-105,209114,209294,180
102,0,blank,0,-323,-105,209294,209467,173
102,0,blank,0,-323,-105,209467,209632,165
102,0,blank,0,-323,-105,209632,209798,166
102,0,blank,0,-323,-105,209798,209864,66
102,0,blank,0,-323,-105,209864,210102,238
102,0,blank,0,-323,-105,210102,210301,199
102,0,blank,0,-323,-105,210301,210488,187
102,0,blank,0,-323,-105,210488,210664,176
102,0,blank,0,-323,-105,210664,210841,177
102,0,blank,0,-323,-105,210841,210902,61
102,0,blank,0,-323,-105,210902,211061,159
102,0,blank,0,-323,-105,211061,211249,188
102,0,blank,0,-323,-105,211249,211444,195
102,0,blank,0,-323,-105,211444,211621,177
102,0,blank,0,-323,-105,211621,211798,177
102,0,blank,0,-323,-105,211798,211976,178
102,0,blank,0,-323,-105,211976,212155,179
102,0,blank,0,-323,-105,212155,212335,180
102,0,blank,0,-323,-105,212335,212522,187
102,0,blank,0,-323,-105,212522,212703,181
102,0,blank,0,-323,-105,212703,212883,180
102,0,blank,0,-323,-105,212883,213058,175
102,0,blank,0,-323,-105,213058,213234,176
102,0,blank,0,-323,-105,213234,213411,177
102,0,blank,0,-323,-105,213411,213593,182
102,0,blank,0,-323,-105,213593,213767,174
102,0,blank,0,-323,-105,213767,213922,155
102,0,blank,0,-323,-105,213922,214108,186
102,0,blank,0,-323,-105,214108,214273,165
102,0,blank,0,-323,-105,214273,214437,164
102,0,blank,0,-323,-105,214437,214619,182
102,0,blank,0,-323,-105,214619,214805,186
102,0,blank,0,-323,-105,214805,214988,183
102,0,blank,0,-323,-105,214988,215166,178
102,0,blank,0,-323,-105,215166,215343,177
102,0,blank,0,-323,-105,215343,215519,176
102,0,blank,0,-323,-105,215519,215696,177
102,0,blank,0,-323,-105,215696,215862,166
102,0,blank,0,-323,-105,215862,215963,101
102,0,blank,0,-323,-105,215963,216068,105
102,0,blank,0,-323,-105,216068,216218,150
102,0,blank,0,-323,-105,216218,216338,120
102,0,blank,0,-323,-105,216338,216521,183
102,0,blank,0,-323,-105,216521,216705,184
102,0,blank,0,-323,-105,216705,216878,173
102,0,blank,0,-323,-105,216878,216909,31
102,0,blank,0,-323,-105,216909,217129,220
102,0,blank,0,-323,-105,217129,217346,217
102,0,blank,0,-323,-105,217346,217564,218
102,0,blank,0,-323,-105,217564,217924,360
102,0,blank,0,-323,-105,217924,218094,170
102,0,blank,0,-323,-105,218094,218208,114
102,0,blank,0,-323,-105,218208,218502,294
102,0,blank,0,-323,-105,218502,218611,109
102,0,blank,0,-323,-105,218611,218807,196
102,0,blank,0,-323,-105,218807,218976,169
102,0,blank,0,-323,-105,218976,219151,175
102,0,blank,0,-323,-105,219151,219301,150
102,0,blank,0,-323,-105,219301,219450,149
102,0,blank,0,-323,-105,219450,219633,183
102,0,blank,0,-323,-105,219633,219808,175
102,0,blank,0,-323,-105,219808,219979,171
102,0,blank,0,-323,-105,219979,220162,183
102,0,blank,0,-323,-105,220162,220338,176
102,0,blank,0,-323,-105,220338,220518,180
102,0,blank,0,-323,-105,220518,220679,161
102,0,blank,0,-323,-105,220679,220860,181
102,0,blank,0,-323,-105,220860,221036,176
102,0,blank,0,-323,-105,221036,221212,176
102,0,blank,0,-323,-105,221212,221391,179
102,0,blank,0,-323,-105,221391,221568,177
102,0,blank,0,-323,-105,221568,221745,177
102,0,blank,0,-323,-105,221745,221931,186
102,0,blank,0,-323,-105,221931,222110,179
102,0,blank,0,-323,-105,222110,222288,178
102,0,blank,0,-323,-105,222288,222480,192
102,0,blank,0,-323,-105,222480,222679,199
102,0,blank,0,-323,-105,222679,222866,187
102,0,blank,0,-323,-105,222866,223040,174
102,0,blank,0,-323,-105,223040,223180,140
102,0,blank,0,-323,-105,223180,223378,198
102,0,blank,0,-323,-105,223378,223528,150
102,0,blank,0,-323,-105,223528,223715,187
102,0,blank,0,-323,-105,223715,223875,160
102,0,blank,0,-323,-105,223875,224005,130
102,0,blank,0,-323,-105,224005,224160,155
102,0,blank,0,-323,-105,224160,224344,184
102,0,blank,0,-323,-105,224344,224520,176
102,0,blank,0,-323,-105,224520,224697,177
102,0,blank,0,-323,-105,224697,224847,150
102,0,blank,0,-323,-105,224847,225008,161
102,0,blank,0,-323,-105,225008,225207,199
102,0,blank,0,-323,-105,225207,225383,176
102,0,blank,0,-323,-105,225383,225565,182
102,0,blank,0,-323,-105,225565,225743,178
102,0,blank,0,-323,-105,225743,225922,179
102,0,blank,0,-323,-105,225922,225985,63
102,0,blank,0,-323,-105,225985,226360,375
102,0,blank,0,-323,-105,226360,226734,374
102,0,blank,0,-323,-105,226734,226863,129
102,0,blank,0,-323,-105,226863,227097,234
102,0,blank,0,-323,-105,227097,227365,268
102,0,blank,0,-323,-105,227365,227563,198
102,0,blank,0,-323,-105,227563,227739,176
102,0,blank,0,-323,-105,227739,227770,31
102,0,blank,0,-323,-105,227770,228034,264
102,0,blank,0,-323,-105,228034,228297,263
102,0,blank,0,-323,-105,228297,228486,189
102,0,blank,0,-323,-105,228486,228670,184
102,0,blank,0,-323,-105,228670,228868,198
102,0,blank,0,-323,-105,228868,229014,146
102,0,blank,0,-323,-105,229014,229157,143
102,0,blank,0,-323,-105,229157,229291,134
102,0,blank,0,-323,-105,229291,229488,197
102,0,blank,0,-323,-105,229488,229617,129
102,0,blank,0,-323,-105,229617,229810,193
102,0,blank,0,-323,-105,229810,229989,179
102,0,blank,0,-323,-105,229989,230187,198
102,0,blank,0,-323,-105,230187,230335,148
102,0,blank,0,-323,-105,230335,230462,127
102,0,blank,0,-323,-105,230462,230681,219
102,0,blank,0,-323,-105,230681,230846,165
102,0,blank,0,-323,-105,230846,231024,178
102,0,blank,0,-323,-105,231024,231152,128
102,0,blank,0,-323,-105,231152,231320,168
102,0,blank,0,-323,-105,231320,231505,185
102,0,blank,0,-323,-105,231505,231689,184
102,0,blank,0,-323,-105,231689,231886,197
102,0,blank,0,-323,-105,231886,232080,194
102,0,blank,0,-323,-105,232080,232263,183
102,0,blank,0,-323,-105,232263,232460,197
102,0,blank,0,-323,-105,232460,232653,193
102,0,blank,0,-323,-105,232653,232832,179
102,0,blank,0,-323,-105,232832,233026,194
102,0,blank,0,-323,-105,233026,233224,198
102,0,blank,0,-323,-105,233224,233382,158
102,0,blank,0,-323,-105,233382,233556,174
102,0,blank,0,-323,-105,233556,233744,188
102,0,blank,0,-323,-105,233744,233927,183
102,0,blank,0,-323,-105,233927,234104,177
102,0,blank,0,-323,-105,234104,234303,199
102,0,blank,0,-323,-105,234303,234441,138
102,0,blank,0,-323,-105,234441,234623,182
102,0,blank,0,-323,-105,234623,234800,177
102,0,blank,0,-323,-105,234800,234969,169
102,0,blank,0,-323,-105,234969,235102,133
102,0,blank,0,-323,-105,235102,235294,192
102,0,blank,0,-323,-105,235294,235454,160
102,0,blank,0,-323,-105,235454,235631,177
102,0,blank,0,-323,-105,235631,235756,125
102,0,blank,0,-323,-105,235756,235886,130
102,0,blank,0,-323,-105,235886,236034,148
102,0,blank,0,-323,-105,236034,236219,185
102,0,blank,0,-323,-105,236219,236400,181
102,0,blank,0,-323,-105,236400,236581,181
102,0,blank,0,-323,-105,236581,236758,177
102,0,blank,0,-323,-105,236758,236827,69
102,0,blank,0,-323,-105,236827,237037,210
102,0,blank,0,-323,-105,237037,237251,214
102,0,blank,0,-323,-105,237251,237443,192
102,0,blank,0,-323,-105,237443,237618,175
102,0,blank,0,-323,-105,237618,237794,176
102,0,blank,0,-323,-105,237794,237971,177
102,0,blank,0,-323,-105,237971,238153,182
102,0,blank,0,-323,-105,238153,238332,179
102,0,blank,0,-323,-105,238332,238527,195
102,0,blank,0,-323,-105,238527,238644,117
102,0,blank,0,-323,-105,238644,238749,105
102,0,blank,0,-323,-105,238749,238853,104
102,0,blank,0,-323,-105,238853,239015,162
102,0,blank,0,-323,-105,239015,239198,183
102,0,blank,0,-323,-105,239198,239380,182
102,0,blank,0,-323,-105,239380,239579,199
102,0,blank,0,-323,-105,239579,239765,186
102,0,blank,0,-323,-105,239765,239938,173
102,0,blank,0,-323,-105,239938,240106,168
102,0,blank,0,-323,-105,240106,240285,179
102,0,blank,0,-323,-105,240285,240462,177
102,0,blank,0,-323,-105,240462,240639,177
102,0,blank,0,-323,-105,240639,240815,176
102,0,blank,0,-323,-105,240815,240993,178
102,0,blank,0,-323,-105,240993,241163,170
102,0,blank,0,-323,-105,241163,241249,86
102,0,blank,0,-323,-105,241249,241429,180
102,0,blank,0,-323,-105,241429,241624,195
102,0,blank,0,-323,-105,241624,241804,180
102,0,blank,0,-323,-105,241804,241975,171
102,0,blank,0,-323,-105,241975,242170,195
102,0,blank,0,-323,-105,242170,242316,146
102,0,blank,0,-323,-105,242316,242498,182
102,0,blank,0,-323,-105,242498,242660,162
102,0,blank,0,-323,-105,242660,242828,168
102,0,blank,0,-323,-105,242828,243010,182
102,0,blank,0,-323,-105,243010,243173,163
102,0,blank,0,-323,-105,243173,243328,155
102,0,blank,0,-323,-105,243328,243525,197
102,0,blank,0,-323,-105,243525,243704,179
102,0,blank,0,-323,-105,243704,243893,189
102,0,blank,0,-323,-105,243893,244069,176
102,0,blank,0,-323,-105,244069,244244,175
102,0,blank,0,-323,-105,244244,244420,176
102,0,blank,0,-323,-105,244420,244604,184
102,0,blank,0,-323,-105,244604,244780,176
102,0,blank,0,-323,-105,244780,244959,179
102,0,blank,0,-323,-105,244959,245138,179
102,0,blank,0,-323,-105,245138,245318,180
102,0,blank,0,-323,-105,245318,245499,181
102,0,blank,0,-323,-105,245499,245686,187
102,0,blank,0,-323,-105,245686,245860,174
102,0,blank,0,-323,-105,245860,246035,175
102,0,blank,0,-323,-105,246035,246211,176
102,0,blank,0,-323,-105,246211,246410,199
102,0,blank,0,-323,-105,246410,246600,190
102,0,blank,0,-323,-105,246600,246761,161
102,0,blank,0,-323,-105,246761,246932,171
102,0,blank,0,-323,-105,246932,247109,177
102,0,blank,0,-323,-105,247109,247286,177
102,0,blank,0,-323,-105,247286,247468,182
102,0,blank,0,-323,-105,247468,247648,180
102,0,blank,0,-323,-105,247648,247829,181
102,0,blank,0,-323,-105,247829,248014,185
102,0,blank,0,-323,-105,248014,248196,182
102,0,blank,0,-323,-105,248196,248377,181
102,0,blank,0,-323,-105,248377,248553,176
102,0,blank,0,-323,-105,248553,248727,174
102,0,blank,0,-323,-105,248727,248903,176
102,0,blank,0,-323,-105,248903,249089,186
102,0,blank,0,-323,-105,249089,249250,161
102,0,blank,0,-323,-105,249250,249426,176
102,0,blank,0,-323,-105,249426,249594,168
102,0,blank,0,-323,-105,249594,249746,152
102,0,blank,0,-323,-105,249746,249940,194
102,0,blank,0,-323,-105,249940,250131,191
102,0,blank,0,-323,-105,250131,250240,109
102,0,blank,0,-323,-105,250240,250421,181
102,0,blank,0,-323,-105,250421,250594,173
102,0,blank,0,-323,-105,250594,250776,182
102,0,blank,0,-323,-105,250776,250924,148
102,0,blank,0,-323,-105,250924,251099,175
102,0,blank,0,-323,-105,251099,251288,189
102,0,blank,0,-323,-105,251288,251467,179
102,0,blank,0,-323,-105,251467,251648,181
102,0,blank,0,-323,-105,251648,251836,188
102,0,blank,0,-323,-105,251836,251995,159
102,0,blank,0,-323,-105,251995,252182,187
102,0,blank,0,-323,-105,252182,252365,183
102,0,blank,0,-323,-105,252365,252542,177
102,0,blank,0,-323,-105,252542,252721,179
102,0,blank,0,-323,-105,252721,252915,194
102,0,blank,0,-323,-105,252915,253100,185
102,0,blank,0,-323,-105,253100,253290,190
102,0,blank,0,-323,-105,253290,253489,199
102,0,blank,0,-323,-105,253489,253653,164
102,0,blank,0,-323,-105,253653,253812,159
102,0,blank,0,-323,-105,253812,254004,192
102,0,blank,0,-323,-105,254004,254202,198
102,0,blank,0,-323,-105,254202,254374,172
102,0,blank,0,-323,-105,254374,254541,167
102,0,blank,0,-323,-105,254541,254700,159
102,0,blank,0,-323,-105,254700,254864,164
102,0,blank,0,-323,-105,254864,255063,199
102,0,blank,0,-323,-105,255063,255238,175
102,0,blank,0,-323,-105,255238,255427,189
102,0,blank,0,-323,-105,255427,255556,129
102,0,blank,0,-323,-105,255556,255737,181
102,0,blank,0,-323,-105,255737,255921,184
102,0,blank,0,-323,-105,255921,256119,198
102,0,blank,0,-323,-105,256119,256304,185
102,0,blank,0,-323,-105,256304,256481,177
102,0,blank,0,-323,-105,256481,256511,30
102,0,blank,0,-323,-105,256511,256684,173
102,0,blank,0,-323,-105,256684,256859,175
102,0,blank,0,-323,-105,256859,256967,108
102,0,blank,0,-323,-105,256967,257134,167
102,0,blank,0,-323,-105,257134,257278,144
102,0,blank,0,-323,-105,257278,257385,107
102,0,blank,0,-323,-105,257385,257492,107
102,0,blank,0,-323,-105,257492,257685,193
102,0,blank,0,-323,-105,257685,257880,195
102,0,blank,0,-323,-105,257880,258050,170
102,0,blank,0,-323,-105,258050,258231,181
102,0,blank,0,-323,-105,258231,258398,167
102,0,blank,0,-323,-105,258398,258556,158
102,0,blank,0,-323,-105,258556,258747,191
102,0,blank,0,-323,-105,258747,258921,174
102,0,blank,0,-323,-105,258921,259116,195
102,0,blank,0,-323,-105,259116,259282,166
102,0,blank,0,-323,-105,259282,259455,173
102,0,blank,0,-323,-105,259455,259630,175
102,0,blank,0,-323,-105,259630,259805,175
102,0,blank,0,-323,-105,259805,259920,115
102,0,blank,0,-323,-105,259920,260092,172
102,0,blank,0,-323,-105,260092,260123,31
102,0,blank,0,-323,-105,260123,260548,425
102,0,blank,0,-323,-105,260548,260970,422
102,0,blank,0,-323,-105,260970,261112,142
102,0,blank,0,-323,-105,261112,261284,172
103,0,blank,0,-323,-105,261542,261713,171
103,0,blank,0,-323,-105,261713,261887,174
103,0,blank,0,-323,-105,261887,261934,47
103,0,blank,0,262.024633333333,543.270266666667,262536,262638,102
103,0,blank,0,209.50834,293.56334,262673,262846,173
103,0,blank,0,213.8917,299.8153,262846,262881,35
103,0,blank,0,356.93984,334.04198,262916,263081,165
103,29,data,188,243.90235,390.2948,263115,263314,199
104,29,),192,285.3563,389.9914,263380,263511,131
104,0,blank,0,1002.3714,326.95276,263578,263751,173
104,0,blank,0,1005.9708,317.20582,263751,263921,170
104,0,blank,0,1007.198,292.5827,263921,264087,166
104,0,blank,0,1015.357,284.6428,264087,264155,68
105,0,blank,0,1019.5004,296.09442,264256,264423,167
105,0,blank,0,1022.8412,302.96646,264423,264594,171
105,0,blank,0,1022.8434,299.76122,264594,264768,174
105,0,blank,0,1016.2774,209.2172,264768,264940,172
106,0,blank,0,307.27844,348.0586,265602,265775,173
106,14,gap,119,299.35056,309.20584,265775,265948,173
106,0,blank,0,990.12,128.5111,266048,266229,181
106,0,blank,0,268.713575,249.715525,266365,266539,174
106,14,gap,119,294.75095,297.949225,266539,266715,176
106,14,gap,119,297.20695,300.19765,266715,266805,90
106,0,blank,0,994.83075,117.64815,266897,267089,192
106,0,blank,0,995.509,99.2236,267089,267122,33
106,0,blank,0,365.64566,282.3678,267188,267356,168
106,0,blank,0,362.3119,268.7376,267356,267426,70
107,0,blank,0,302.3653,100.2175,267906,268103,197
107,0,blank,0,302.990133333333,94.0836,268103,268199,96
107,0,blank,0,253.966183333333,476.292416666667,268265,268462,197
107,0,blank,0,296.71028,483.60534,268462,268630,168
107,0,blank,0,257.5785,636.880033333333,268664,268856,192
107,0,blank,0,269.249816666667,630.7754,268856,269051,195
107,0,blank,0,291.7031,601.85065,269051,269117,66
107,0,blank,0,345.789483333333,454.449733333333,269149,269337,188
107,0,blank,0,303.24675,469.781633333333,269337,269528,191
107,0,blank,0,228.894816666667,492.081516666667,269528,269722,194
107,35,"--------\n",222,230.239183333333,524.94,269722,269916,194
107,0,blank,0,252.04975,591.38615,269916,270108,192
107,0,blank,0,282.471633333333,605.328633333333,270108,270306,198
107,0,blank,0,269.540766666667,583.016266666667,270306,270497,191
107,37,i,242,230.025483333333,572.39355,270497,270688,191
107,39,data,250,201.287083333333,601.805966666667,270688,270883,195
107,0,blank,0,205.455866666667,587.676,270883,271080,197
107,37,),244,259.390166666667,558.027166666667,271080,271200,120
107,37,i,242,232.98055,565.8065,271200,271389,189
107,0,blank,0,221.16505,569.4848,271389,271563,174
107,0,blank,0,243.32638,586.89554,271563,271751,188
107,37,++,243,249.773366666667,566.313766666667,271751,271943,192
107,37,i,242,227.760125,563.8253,271943,272083,140
107,0,blank,0,674.13945,667.491366666667,272116,272315,199
107,0,blank,0,759.9656,724.63194,272315,272479,164
107,37,),244,258.108466666667,557.662116666667,272545,272741,196
107,0,blank,0,262.0871,555.88746,272741,272916,175
107,0,blank,0,265.86234,558.47272,272916,273090,174
107,37,++,243,238.5703,568.60622,273090,273268,178
107,0,blank,0,265.68144,594.09966,273268,273435,167
107,0,blank,0,289.92238,608.81442,273435,273601,166
107,0,blank,0,-323,-105,273705,273903,198
107,0,blank,0,-323,-105,273903,274041,138
107,0,blank,0,-323,-105,274041,274234,193
107,0,blank,0,-323,-105,274234,274278,44
107,0,blank,0,167.7202,558.00114,274304,274473,169
107,0,blank,0,188.50532,607.08664,274473,274647,174
107,0,blank,0,187.8811,600.78476,274647,274818,171
107,37,;,241,205.0822,566.911,274818,274988,170
107,37,n,240,202.75425,573.4618,274988,275184,196
107,37,n,240,198.288916666667,573.8084,275184,275380,196
107,0,blank,0,219.75765,591.894333333333,275380,275578,198
107,0,blank,0,276.8776,595.638066666667,275578,275774,196
107,0,blank,0,243.463333333333,577.5552,275774,275970,196
107,39,data,250,211.085016666667,601.750616666667,275970,276168,198
107,0,blank,0,192.7465,580.061016666667,276168,276363,195
107,37,n,240,194.754666666667,563.666133333333,276363,276556,193
107,37,n,240,198.044166666667,573.582416666667,276556,276752,196
107,39,data,250,227.453483333333,604.58215,276752,276945,193
107,39,data,250,204.981975,601.461,276945,277072,127
107,0,blank,0,404.506766666667,627.963466666667,277137,277232,95
107,0,blank,0,242.9572,580.838833333333,277298,277488,190
107,35,),223,251.82615,521.249,277488,277681,193
107,35,;,224,260.57815,530.080733333333,277681,277875,194
107,37,++,243,245.952,560.0168,277875,277907,32
107,39,data,250,218.830483333333,605.687616666667,278125,278314,189
107,39,data,250,210.205033333333,611.019566666667,278314,278505,191
107,0,blank,0,202.285,598.0683,278505,278536,31
107,39,data,250,194.6931,617.9084,278808,278917,109
107,0,blank,0,-323,-105,278959,279157,198
107,0,blank,0,-323,-105,279157,279334,177
107,0,blank,0,-323,-105,279334,279394,60
107,0,blank,0,-323,-105,279394,279570,176
107,0,blank,0,129.0586,579.6274,279719,279896,177
107,0,blank,0,118.749375,557.349425,279896,280079,183
107,0,blank,0,171.38995,566.1294,280079,280251,172
107,0,blank,0,245.37502,543.19582,280251,280420,169
107,0,blank,0,247.450266666667,553.97,280420,280515,95
107,0,blank,0,-323,-105,280775,280972,197
107,0,blank,0,-323,-105,280972,281041,69
107,0,blank,0,280.511016666667,200.9286,281075,281254,179
107,0,blank,0,283.7894,203.5288,281254,281287,33
107,0,blank,0,283.54652,46.2157,281320,281486,166
107,0,blank,0,226.357525,47.135975,281486,281661,175
107,0,blank,0,227.2761,65.6645,281661,281711,50
107,0,blank,0,-323,-105,281761,281895,134
107,0,blank,0,-323,-105,281895,282080,185
107,0,blank,0,-323,-105,282080,282237,157
107,0,blank,0,-323,-105,282237,282356,119
107,0,blank,0,-323,-105,282356,282439,83
107,0,blank,0,708.93125,759.399875,282651,282830,179
107,0,blank,0,690.269,767.3501,282830,282878,48
