Frameno_fix,lineno_fix,Tokenname_fix,tokens_id,gaze_X_fix,gaze_Y_fix,timestamp_fix_start,timestamp_fix_end,time_duration
100,0,blank,0,348.197375,25.80525,2623,2755,132
100,2,stdio,16,106.569116666667,39.4419666666667,2787,2986,199
100,0,blank,0,110.08398,43.53248,2986,3152,166
100,1,using,9,381.175025,18.457075,3219,3390,171
100,0,blank,0,410.6004,12.558875,3390,3573,183
100,1,recursion,10,436.822625,14.2445,3573,3753,180
100,1,code,5,153.5794,24.09914,3785,3954,169
100,2,stdio,16,112.8267,32.1214333333333,3954,4127,173
100,0,blank,0,89.2221333333333,44.1876333333333,4127,4252,125
100,4,UNASSIGNED,26,103.060383333333,76.4325333333334,4318,4517,199
100,0,blank,0,409.9633,20.9636,4550,4714,164
100,0,blank,0,438.6609,30.96298,4781,4944,163
100,0,blank,0,90.41808,45.96704,5009,5176,167
100,3,N,22,88.8430666666666,54.63705,5176,5373,197
100,3,define,21,69.11375,54.129025,5373,5562,189
100,0,blank,0,49.31984,47.2893,5562,5751,189
100,3,define,21,30.0428333333333,59.1337166666667,5751,5941,190
100,0,blank,0,31.3816,65.2884,5941,6106,165
100,3,define,21,29.49882,57.31434,6106,6298,192
100,3,N,22,93.1446166666667,54.67485,6298,6496,198
100,0,blank,0,78.6183,74.17362,6496,6664,168
100,5,is_exist_row,29,53.6646,93.6433,6664,6698,34
100,0,blank,0,-15.3559666666667,638.520233333333,6765,6891,126
100,0,blank,0,995.6194,225.72012,6989,7181,192
100,0,blank,0,962.225,212.122,7181,7212,31
100,0,blank,0,110.034433333333,132.0137,7278,7474,196
100,0,blank,0,106.628783333333,120.2086,7474,7670,196
100,0,blank,0,114.61395,89.4677833333333,7670,7869,199
100,5,is_exist_row,29,62.48082,98.31284,7869,8037,168
100,5,is_exist_row,29,50.07808,107.7388,8037,8205,168
100,0,blank,0,109.19842,120.38568,8205,8372,167
100,0,blank,0,117.08558,124.74986,8372,8540,168
100,5,is_exist_row,29,145.58908,97.93798,8540,8709,169
100,0,blank,0,144.9091,62.9257,8709,8877,168
100,4,UNASSIGNED,26,133.28854,74.5167,8877,9046,169
100,5,is_exist_row,29,118.32012,93.93216,9046,9213,167
100,5,is_exist_row,29,134.96192,98.41204,9213,9380,167
100,5,is_exist_row,29,117.46498,92.2331,9380,9548,168
100,0,blank,0,78.1197333333333,88.5772666666667,9548,9745,197
100,0,blank,0,80.0992,90.6620166666667,9745,9941,196
100,0,blank,0,120.96822,86.80786,9941,10108,167
100,5,is_exist_row,29,123.70166,91.41942,10108,10277,169
100,5,is_exist_row,29,123.855166666667,105.45215,10277,10476,199
100,5,is_exist_row,29,119.276716666667,105.76195,10476,10674,198
100,0,blank,0,114.134983333333,90.0420333333333,10674,10872,198
100,4,UNASSIGNED,26,105.85315,81.70425,10872,11071,199
100,4,UNASSIGNED,26,101.4396,76.07312,11071,11239,168
100,4,UNASSIGNED,26,145.64458,80.3619,11239,11408,169
100,0,blank,0,137.19008,88.67638,11408,11586,178
100,0,blank,0,108.51446,89.41776,11586,11758,172
100,4,UNASSIGNED,26,107.46956,75.25144,11758,11928,170
100,0,blank,0,102.55784,68.85672,11928,12124,196
100,4,UNASSIGNED,26,111.00132,79.208,12124,12295,171
100,4,UNASSIGNED,26,130.72836,77.91874,12295,12473,178
100,5,is_exist_row,29,155.01106,97.05654,12473,12643,170
100,5,int,43,193.86294,108.99626,12643,12829,186
100,5,int,43,191.00206,101.49128,12829,13014,185
100,5,int,43,192.66808,105.85304,13014,13188,174
100,0,blank,0,105.0737,120.3993,13188,13368,180
100,0,blank,0,82.11018,136.05226,13368,13541,173
100,5,is_exist_row,29,145.950575,104.084075,13541,13706,165
100,0,blank,0,553.7617,-3.9096,13826,13941,115
100,0,blank,0,548.5672,34.4258,13941,14036,95
100,5,is_exist_row,29,156.93246,96.76688,14107,14277,170
100,5,is_exist_row,29,143.48116,105.04738,14277,14445,168
100,0,blank,0,120.24888,120.90356,14445,14613,168
100,5,is_exist_row,29,137.751116666667,106.266133333333,14613,14811,198
100,5,is_exist_row,29,136.32612,108.44638,14811,14979,168
100,5,is_exist_row,29,141.04526,104.7202,14979,15146,167
100,0,blank,0,143.15496,117.70714,15146,15315,169
100,5,is_exist_row,29,90.45245,96.8232166666667,15315,15513,198
100,0,blank,0,88.0241666666667,89.2923333333333,15513,15712,199
100,5,is_exist_row,29,89.49132,95.80378,15712,15881,169
100,5,is_exist_row,29,88.21782,93.94568,15881,16049,168
100,5,is_exist_row,29,115.5167,108.06348,16049,16219,170
100,5,is_exist_row,29,97.95638,96.34248,16219,16387,168
100,5,is_exist_row,29,126.93442,104.06454,16387,16553,166
100,5,is_exist_row,29,132.7398,107.25498,16553,16723,170
100,5,is_exist_row,29,161.069016666667,107.22745,16723,16922,199
100,0,blank,0,171.88628,112.73224,16922,17089,167
100,0,blank,0,168.664116666667,120.022783333333,17089,17287,198
100,0,blank,0,125.678816666667,131.638033333333,17287,17482,195
100,0,blank,0,124.181366666667,135.82125,17482,17676,194
100,0,blank,0,113.0817,132.444533333333,17676,17869,193
100,7,col,48,94.17815,136.723083333333,17869,18062,193
100,0,blank,0,76.8842666666667,130.685816666667,18062,18252,190
100,0,blank,0,141.6755,144.152533333333,18252,18444,192
100,0,blank,0,170.3188,148.261333333333,18444,18633,189
100,0,blank,0,202.16835,133.851983333333,18633,18824,191
100,0,blank,0,253.906066666667,130.413733333333,18824,19015,191
100,0,blank,0,276.854366666667,123.276816666667,19015,19205,190
100,0,blank,0,275.265616666667,113.16875,19205,19396,191
100,8,;,59,254.507466666667,158.872783333333,19396,19586,190
100,0,blank,0,248.727566666667,143.189316666667,19586,19776,190
100,0,blank,0,239.6325,160.87392,19776,19933,157
100,7,col,48,100.91476,139.18524,19964,20127,163
100,0,blank,0,119.899533333333,416.138433333333,20159,20349,190
100,0,blank,0,122.048925,383.899725,20349,20478,129
100,0,blank,0,103.759266666667,615.502066666667,20509,20699,190
100,29,is_exist_box,145,159.02145,620.959266666667,20699,20886,187
100,29,is_exist_box,145,134.0922,621.8055,20886,20916,30
100,0,blank,0,181.6391,271.410983333333,20948,21137,189
100,10,row,68,196.015066666667,207.5544,21137,21330,193
100,0,blank,0,206.720775,154.6488,21330,21459,129
100,0,blank,0,-105.936433333333,434.688166666667,21492,21688,196
100,0,blank,0,-103.716925,453.638525,21688,21815,127
100,0,blank,0,213.417166666667,146.4062,21847,22039,192
100,0,blank,0,177.961016666667,127.603466666667,22039,22231,192
100,0,blank,0,160.678766666667,125.652166666667,22231,22423,192
100,0,blank,0,490.853216666667,31.8881333333333,22487,22681,194
100,0,blank,0,496.721566666667,52.0199333333333,22681,22876,195
100,0,blank,0,586.8536,21.0832833333333,22876,23066,190
100,0,blank,0,977.557166666667,70.42555,23098,23292,194
100,0,blank,0,993.938,114.8363,23292,23421,129
100,0,blank,0,307.5506,116.750133333333,23486,23680,194
100,0,blank,0,241.049416666667,137.330633333333,23680,23873,193
100,0,blank,0,184.152933333333,145.9077,23873,24064,191
100,0,blank,0,178.053083333333,140.68525,24064,24258,194
100,0,blank,0,149.482333333333,129.746866666667,24258,24453,195
100,0,blank,0,152.714283333333,142.427983333333,24453,24647,194
100,0,blank,0,147.56,126.770033333333,24647,24837,190
100,0,blank,0,411.84,117.764266666667,24869,25064,195
100,0,blank,0,403.830433333333,122.561516666667,25064,25259,195
100,0,blank,0,163.4554,125.623183333333,25290,25484,194
100,0,blank,0,166.4361,142.6233,25484,25680,196
100,8,col,60,119.382,173.674983333333,25680,25873,193
100,8,0,54,158.6501,166.311083333333,25873,26063,190
100,0,blank,0,208.4121,144.170166666667,26063,26258,195
100,0,blank,0,271.435533333333,131.626916666667,26258,26451,193
100,0,blank,0,303.966033333333,126.426283333333,26451,26646,195
100,0,blank,0,331.966883333333,135.129566666667,26646,26840,194
100,0,blank,0,304.223616666667,136.64085,26840,27033,193
100,0,blank,0,232.55605,135.53295,27033,27225,192
100,0,blank,0,143.59855,145.6152,27225,27417,192
100,0,blank,0,183.3549,151.184566666667,27417,27612,195
100,0,blank,0,245.302933333333,146.820783333333,27612,27807,195
100,0,blank,0,287.8913,139.192066666667,27807,28000,193
100,0,blank,0,280.1923,136.386233333333,28000,28194,194
100,0,blank,0,247.36485,127.2108,28194,28388,194
100,0,blank,0,388.6256,126.3902,28419,28613,194
100,0,blank,0,360.932483333333,118.508916666667,28613,28803,190
100,0,blank,0,307.766866666667,123.8514,28803,28995,192
100,0,blank,0,309.453716666667,117.936616666667,28995,29188,193
100,0,blank,0,339.5434,119.5757,29188,29380,192
100,0,blank,0,378.281033333333,122.627633333333,29380,29569,189
100,0,blank,0,385.591116666667,120.605066666667,29569,29760,191
100,0,blank,0,378.3182,127.001,29760,29952,192
100,0,blank,0,386.147716666667,121.338183333333,29952,30142,190
100,0,blank,0,415.355683333333,108.281283333333,30142,30334,192
100,0,blank,0,477.771125,115.246825,30334,30464,130
100,0,blank,0,166.942166666667,193.395266666667,30525,30716,191
100,8,=,53,138.375433333333,177.632683333333,30716,30905,189
100,0,blank,0,139.048216666667,179.227783333333,30905,31097,192
100,0,blank,0,162.6555,196.089316666667,31097,31285,188
100,0,blank,0,172.667733333333,196.8479,31285,31476,191
100,0,blank,0,171.506816666667,155.89925,31476,31662,186
100,0,blank,0,151.443666666667,151.2638,31662,31851,189
100,0,blank,0,156.086516666667,384.47965,31884,32074,190
100,0,blank,0,147.62488,412.42802,32074,32234,160
100,0,blank,0,163.27,618.48,32266,32458,192
100,0,blank,0,202.07698,640.87382,32458,32618,160
100,0,blank,0,941.953166666667,191.653033333333,32714,32908,194
100,0,blank,0,943.618,231.0439,32908,32939,31
100,0,blank,0,589.41296,141.48348,33005,33166,161
100,0,blank,0,-332.34605,-104.274066666667,33263,33458,195
100,0,blank,0,650.742233333333,140.8015,33583,33682,99
100,0,blank,0,501.356516666667,57.6979833333333,33797,33983,186
100,0,blank,0,511.9816,43.1211,33983,34069,86
100,0,blank,0,553.03872,45.07512,34372,34569,197
100,0,blank,0,545.935983333333,53.5182166666667,34569,34766,197
100,0,blank,0,549.042,75.1823,34766,34936,170
100,0,blank,0,502.548983333333,33.47725,34936,35133,197
100,0,blank,0,492.174583333333,33.7394166666667,35133,35331,198
100,0,blank,0,493.068033333333,31.3148,35331,35431,100
100,0,blank,0,965.4912,27.70546,35498,35693,195
100,0,blank,0,969.381,30.6476,35693,35861,168
100,0,blank,0,973.0235,37.244625,35861,36041,180
100,0,blank,0,1014.696,85.3658,36075,36109,34
100,0,blank,0,1024.35475,94.2027,36177,36317,140
100,0,blank,0,-331.9435,219.3705,36427,36452,25
100,0,blank,0,1014.391,138.8127,36484,36517,33
100,0,blank,0,-331.8013,247.4314,36552,36587,35
100,0,blank,0,1034.85233333333,114.8876,36626,36731,105
100,0,blank,0,1073.81133333333,140.763633333333,36919,37027,108
100,0,blank,0,1018.996,104.284,37063,37098,35
100,0,blank,0,-331.7047,364.1573,37271,37306,35
100,0,blank,0,1022.12,96.8092,37341,37378,37
100,0,blank,0,1020.51666666667,69.7758666666667,37630,37736,106
100,0,blank,0,-331.811925,171.35015,37771,37917,146
100,0,blank,0,-331.9316,135.0115,38127,38164,37
100,0,blank,0,1031.537,73.1609,38203,38239,36
100,0,blank,0,-331.9635,172.4598,38274,38309,35
100,0,blank,0,1027.288,77.1477,38346,38380,34
100,0,blank,0,1097.005,107.4863,38762,38796,34
100,0,blank,0,1012.3885,95.72515,38867,39040,173
100,0,blank,0,1034.4184,98.7014,39040,39215,175
100,0,blank,0,1104.054,124.3192,39215,39251,36
100,0,blank,0,1016.20433333333,269.0849,39293,39401,108
100,29,startRow,157,395.7142,636.8327,39505,39611,106
100,0,blank,0,186.8575,662.822033333333,39679,39874,195
100,0,blank,0,161.9989,653.89074,39874,40041,167
100,0,blank,0,142.172866666667,657.8824,40041,40140,99
101,0,blank,0,990.6034,576.367,43688,43859,171
101,0,blank,0,1006.848,605.2869,43859,43928,69
101,101,0,626,228.54022,132.01728,43998,44169,171
101,0,blank,0,256.9048,137.3874,44169,44204,35
101,0,blank,0,1006.1902,563.68974,44284,44453,169
101,0,blank,0,1009.5374,631.5577,44453,44623,170
101,0,blank,0,1012.555,634.38482,44623,44794,171
101,0,blank,0,1006.3996,611.55918,44794,44967,173
101,0,blank,0,1005.0124,588.44842,44967,45140,173
101,101,0,626,264.08805,135.53075,45210,45347,137
101,0,blank,0,95.04654,113.41972,45381,45552,171
101,0,blank,0,93.57666,124.49002,45552,45720,168
101,0,blank,0,96.5848333333333,128.454216666667,45818,46015,197
101,0,blank,0,82.51688,104.46576,46015,46182,167
101,0,blank,0,59.8527,105.00774,46182,46351,169
101,0,blank,0,79.5089833333333,135.200166666667,46488,46687,199
101,0,blank,0,90.6124166666667,114.31345,46687,46885,198
101,0,blank,0,74.1495,98.96728,46885,47052,167
101,0,blank,0,77.2613333333333,110.11775,47052,47251,199
101,0,blank,0,71.5815166666666,106.62075,47251,47450,199
101,0,blank,0,97.82065,107.63485,47450,47647,197
101,0,blank,0,92.65946,106.31828,47647,47812,165
101,0,blank,0,75.83234,99.66398,47812,47981,169
101,99,int,559,69.8211166666667,85.2257666666667,47981,48180,199
101,99,int,559,52.2988833333333,86.1074333333333,48180,48379,199
101,0,blank,0,78.65762,80.89812,48379,48546,167
101,99,grid,560,93.93178,88.33392,48546,48712,166
101,0,blank,0,132.2323,124.643133333333,48712,48911,199
101,0,blank,0,130.69192,126.10894,48911,49079,168
101,0,blank,0,96.0097,111.813683333333,49079,49276,197
101,0,blank,0,95.9587166666667,112.503183333333,49276,49475,199
101,0,blank,0,106.9844,124.451366666667,49475,49672,197
101,0,blank,0,150.658916666667,134.809283333333,49672,49870,198
101,0,blank,0,155.780533333333,139.257233333333,49870,50067,197
101,0,blank,0,152.891,135.025466666667,50067,50264,197
101,0,blank,0,158.28355,118.208916666667,50264,50461,197
101,0,blank,0,166.6693,110.737283333333,50461,50658,197
101,0,blank,0,162.738633333333,107.167716666667,50658,50856,198
101,100,0,606,233.686766666667,100.213366666667,50856,51053,197
101,100,comma,608,279.330033333333,112.046016666667,51053,51250,197
101,100,comma,608,276.534633333333,104.064,51250,51446,196
101,100,comma,608,309.32655,98.4528,51446,51610,164
101,99,comma,588,338.54424,90.09632,51610,51789,179
101,0,blank,0,302.0771,114.063966666667,51789,51985,196
101,100,6,594,265.420733333333,103.369333333333,51985,52183,198
101,100,comma,608,278.52505,97.5888333333333,52183,52378,195
101,101,0,626,272.362483333333,121.24435,52378,52574,196
101,101,0,626,272.480425,127.9564,52574,52705,131
101,0,blank,0,145.440816666667,120.23765,52738,52937,199
101,0,blank,0,129.018266666667,118.184383333333,52937,53134,197
101,0,blank,0,153.21135,122.909416666667,53134,53331,197
101,0,blank,0,173.5116,123.267716666667,53331,53527,196
101,101,0,626,228.4929,133.217716666667,53527,53723,196
101,0,blank,0,283.873516666667,136.332566666667,53723,53917,194
101,0,blank,0,284.447733333333,141.441366666667,53917,54114,197
101,102,7,636,296.304766666667,153.5906,54114,54311,197
101,101,comma,628,325.12485,119.745675,54311,54463,152
101,101,1,620,338.9204,130.2299,54463,54551,88
101,108,=,738,193.2083,289.199,54642,54823,181
101,107,;,734,171.49216,266.86274,54823,55010,187
101,0,blank,0,308.037566666667,136.387466666667,55047,55245,198
101,101,0,626,272.21355,134.148883333333,55245,55439,194
101,101,comma,628,304.604916666667,134.046533333333,55439,55634,195
101,101,1,620,339.181916666667,123.406266666667,55634,55828,194
101,101,comma,628,331.594916666667,124.27895,55828,56025,197
101,101,comma,628,347.283133333333,118.11095,56025,56218,193
101,101,0,626,386.479733333333,118.519983333333,56218,56411,193
101,101,0,626,387.394516666667,116.205833333333,56411,56604,193
101,101,comma,628,394.79455,123.748516666667,56604,56796,192
101,100,0,606,391.4999,110.4498,56796,56892,96
101,102,comma,648,261.416383333333,141.919533333333,56925,57116,191
101,101,comma,628,274.819616666667,130.767733333333,57116,57310,194
101,101,0,626,294.332183333333,122.595516666667,57310,57505,195
101,0,blank,0,288.14495,117.851833333333,57505,57702,197
101,0,blank,0,290.726416666667,109.5502,57702,57897,195
101,0,blank,0,289.188966666667,120.29735,57897,58094,197
101,0,blank,0,289.2751,103.721733333333,58094,58289,195
101,0,blank,0,276.092033333333,136.7146,58289,58485,196
101,102,3,634,269.56665,143.906233333333,58485,58679,194
101,102,comma,648,256.93005,145.0744,58679,58874,195
101,103,9,650,229.8093,162.8462,58874,58972,98
101,0,blank,0,175.221633333333,295.1922,59004,59201,197
101,0,blank,0,145.39058,298.81488,59201,59371,170
101,0,blank,0,152.48078,293.05432,59371,59543,172
101,0,blank,0,161.1779,324.0407,59543,59577,34
101,0,blank,0,219.898166666667,334.0293,59610,59805,195
101,110,=,752,224.47505,332.166666666667,59805,59996,191
101,0,blank,0,271.87025,311.823425,59996,60158,162
101,0,blank,0,173.06618,308.52794,60158,60356,198
101,0,blank,0,170.161016666667,308.106933333333,60356,60547,191
101,0,blank,0,174.977316666667,320.355583333333,60547,60738,191
101,110,for,749,149.530333333333,315.163683333333,60738,60932,194
101,0,blank,0,136.840316666667,306.644283333333,60932,61123,191
101,0,blank,0,185.945116666667,293.682883333333,61123,61316,193
101,0,blank,0,161.968833333333,295.524666666667,61316,61507,191
101,0,blank,0,155.9899,301.8234,61507,61698,191
101,110,for,749,146.02208,313.10358,61698,61859,161
101,0,blank,0,177.00384,139.48058,61890,62051,161
101,0,blank,0,153.316133333333,298.397133333333,62083,62274,191
101,0,blank,0,154.5032,307.431166666667,62274,62467,193
101,0,blank,0,171.522233333333,304.042383333333,62467,62660,193
101,110,col,759,204.54565,313.425466666667,62660,62851,191
101,110,col,759,206.520083333333,320.946383333333,62851,63042,191
101,110,=,752,233.3177,318.108983333333,63042,63234,192
101,110,col,759,282.930483333333,324.072533333333,63234,63425,191
101,0,blank,0,281.567016666667,306.684733333333,63425,63617,192
101,0,blank,0,280.3876,301.428133333333,63617,63809,192
101,0,blank,0,311.720666666667,305.8443,63809,64000,191
101,0,blank,0,301.61885,302.124666666667,64000,64193,193
101,0,blank,0,285.2248,305.1839,64193,64383,190
101,0,blank,0,289.286816666667,301.52835,64383,64573,190
101,0,blank,0,308.0699,304.01005,64573,64764,191
101,0,blank,0,307.791733333333,301.395166666667,64764,64961,197
101,0,blank,0,336.496066666667,306.60545,64961,65153,192
101,110,col,759,364.964316666667,314.929283333333,65153,65342,189
101,110,col,759,369.63485,314.266333333333,65342,65529,187
101,0,blank,0,359.57975,310.188233333333,65529,65718,189
101,110,col,759,273.53362,331.05572,65718,65909,191
101,0,blank,0,265.070325,352.1395,65909,66101,192
101,0,blank,0,250.70925,336.693833333333,66101,66281,180
101,0,blank,0,232.024066666667,334.702616666667,66281,66469,188
101,110,;,758,261.23888,325.10758,66469,66651,182
101,0,blank,0,253.6865,354.290866666667,66651,66841,190
101,0,blank,0,250.5204,346.153466666667,66841,67030,189
101,0,blank,0,295.721333333333,353.295083333333,67030,67220,190
101,0,blank,0,322.63116,343.79286,67220,67412,192
101,110,;,758,348.436816666667,333.16635,67412,67594,182
101,0,blank,0,349.4305,335.60436,67594,67776,182
101,0,blank,0,400.351566666667,346.30895,67776,67960,184
101,0,blank,0,364.866916666667,338.674216666667,67960,68149,189
101,0,blank,0,343.723566666667,336.35585,68149,68339,190
101,0,blank,0,297.003333333333,312.608516666667,68339,68528,189
101,0,blank,0,305.598616666667,322.638916666667,68528,68719,191
101,110,;,758,345.180016666667,333.42335,68719,68911,192
101,110,col,759,374.393716666667,332.1097,68911,69102,191
101,0,blank,0,408.8175,342.433266666667,69102,69291,189
101,0,blank,0,385.183133333333,344.189166666667,69291,69388,97
101,0,blank,0,252.604966666667,401.416666666667,69419,69608,189
101,112,"%2d",765,239.0438,365.899516666667,69608,69799,191
101,0,blank,0,221.83535,341.246733333333,69799,69988,189
101,110,col,759,207.14145,320.931383333333,69988,70177,189
101,110,col,759,199.7408,319.9208,70177,70366,189
101,110,for,749,146.4898,313.715033333333,70366,70556,190
101,0,blank,0,155.80246,319.53338,70556,70714,158
101,0,blank,0,-333,-105,70776,70856,80
101,116,printf,783,54.7069,464.8494,70881,70906,25
101,105,comma,708,275.171,219.7946,71013,71038,25
101,0,blank,0,164.229125,337.621725,71196,71368,172
101,110,col,759,183.849425,325.574875,71368,71540,172
101,0,blank,0,186.15985,355.18525,71540,71629,89
101,0,blank,0,263.728,337.161425,71671,71846,175
101,0,blank,0,260.132666666667,350.528416666667,71846,72044,198
101,0,blank,0,289.4719,356.776483333333,72044,72233,189
101,112,"%2d",765,265.873466666667,359.011183333333,72233,72419,186
101,112,"%2d",765,234.515033333333,361.374183333333,72419,72606,187
101,112,printf,763,174.380716666667,374.595266666667,72606,72790,184
101,0,blank,0,159.96125,357.1571,72790,72971,181
101,0,blank,0,266.527333333333,349.810566666667,72971,73155,184
101,112,"%2d",765,256.71255,362.1976,73155,73217,62
101,0,blank,0,291.59415,250.859433333333,73249,73431,182
101,0,blank,0,298.186633333333,258.252783333333,73431,73616,185
101,0,blank,0,210.62365,145.01535,73616,73802,186
101,0,blank,0,193.9927,115.429883333333,73802,73987,185
101,0,blank,0,179.7475,115.6674,73987,74017,30
101,0,blank,0,82.1452333333333,96.2089833333333,74048,74234,186
101,0,blank,0,159.937,97.4180833333333,74234,74420,186
101,0,blank,0,205.7802,105.273266666667,74420,74608,188
101,0,blank,0,210.697683333333,106.9251,74608,74796,188
101,0,blank,0,204.8766,104.73145,74796,74958,162
101,0,blank,0,203.5245,99.5557,74958,75050,92
101,99,=,567,196.4052,86.2476333333333,75050,75244,194
101,0,blank,0,210.486566666667,95.7602,75244,75436,192
101,102,0,646,245.587416666667,146.153383333333,75436,75629,193
101,104,0,686,253.125716666667,183.958533333333,75629,75821,192
101,104,0,686,252.663033333333,198.826583333333,75821,76013,192
101,0,blank,0,284.16298,241.4298,76013,76175,162
101,114,(,778,151.28784,410.86974,76209,76381,172
101,0,blank,0,120.873333333333,340.1977,76381,76575,194
101,0,blank,0,100.9326,295.20155,76575,76767,192
101,108,for,735,103.24194,286.4566,76767,76937,170
101,108,for,735,106.849783333333,285.0959,76937,77131,194
101,0,blank,0,-333,-105,77229,77420,191
101,0,blank,0,-333,-105,77420,77592,172
101,0,blank,0,-333,-105,77592,77775,183
101,0,blank,0,-333,-105,77775,77958,183
101,0,blank,0,-333,-105,77958,78152,194
101,0,blank,0,-333,-105,78152,78254,102
101,0,blank,0,-333,-105,78254,78451,197
101,0,blank,0,-333,-105,78451,78635,184
101,0,blank,0,-333,-105,78635,78826,191
101,0,blank,0,-333,-105,78826,78917,91
101,0,blank,0,-333,-105,78917,79046,129
101,0,blank,0,-333,-105,79046,79159,113
101,0,blank,0,-333,-105,79159,79356,197
101,0,blank,0,-333,-105,79356,79508,152
101,0,blank,0,-333,-105,79508,79697,189
101,0,blank,0,-333,-105,79697,79876,179
101,0,blank,0,-333,-105,79876,80072,196
101,0,blank,0,-333,-105,80072,80226,154
101,0,blank,0,-333,-105,80226,80374,148
101,0,blank,0,-333,-105,80374,80540,166
101,0,blank,0,145.4721,499.0662,80574,80648,74
101,117,grid,792,168.4304,468.1182,80688,80726,38
101,110,col,759,201.10505,321.538716666667,80767,80954,187
101,110,col,759,199.1211,324.7069,80954,81190,236
101,0,blank,0,221.02045,388.630866666667,81190,81384,194
101,0,blank,0,225.3985,379.639966666667,81384,81580,196
101,0,blank,0,197.385116666667,400.490766666667,81580,81776,196
101,0,blank,0,179.842066666667,440.7874,81776,81972,196
101,112,grid,767,329.433783333333,374.547383333333,82005,82202,197
101,0,blank,0,299.989216666667,382.152816666667,82202,82400,198
101,0,blank,0,279.38018,388.10954,82400,82566,166
101,0,blank,0,370.213,384.33556,82566,82733,167
101,0,blank,0,372.7426,393.4894,82733,82766,33
101,0,blank,0,348.796016666667,390.564633333333,82913,83108,195
101,112,[,771,348.289333333333,368.092033333333,83108,83304,196
101,112,[,771,350.3558,374.502316666667,83304,83502,198
101,112,row,769,376.806816666667,370.7141,83502,83698,196
101,112,[,771,402.767183333333,376.450166666667,83698,83894,196
101,112,"%2d",765,245.85545,360.886133333333,83927,84123,196
101,112,"%2d",765,276.581316666667,365.768166666667,84123,84318,195
101,112,comma,766,286.412366666667,374.241566666667,84318,84514,196
101,112,"%2d",765,270.626133333333,370.18255,84514,84709,195
101,112,"%2d",765,247.05356,367.83314,84709,84873,164
101,0,blank,0,238.23414,345.70804,84873,85055,182
101,0,blank,0,256.187583333333,341.439733333333,85055,85249,194
101,0,blank,0,184.823583333333,300.560916666667,85249,85443,194
101,0,blank,0,197.87255,301.599633333333,85443,85636,193
101,0,blank,0,207.575966666667,308.292133333333,85636,85829,193
101,0,blank,0,222.09076,340.27184,85829,86013,184
101,0,blank,0,219.853583333333,330.267716666667,86013,86204,191
101,0,blank,0,214.80065,308.897433333333,86204,86397,193
101,0,blank,0,246.8622,297.144016666667,86397,86589,192
101,0,blank,0,291.949766666667,306.2228,86589,86780,191
101,0,blank,0,317.09735,306.94355,86780,86969,189
101,0,blank,0,293.11035,308.68155,86969,87158,189
101,0,blank,0,276.834666666667,310.40605,87158,87348,190
101,110,col,759,287.802616666667,313.2648,87348,87537,189
101,0,blank,0,337.415233333333,310.87735,87537,87730,193
101,0,blank,0,353.19045,300.964633333333,87730,87921,191
101,0,blank,0,365.502566666667,307.635266666667,87921,88111,190
101,0,blank,0,320.361166666667,300.7824,88111,88303,192
101,0,blank,0,285.592783333333,295.732633333333,88303,88493,190
101,0,blank,0,254.188033333333,346.352983333333,88493,88684,191
101,0,blank,0,239.22225,346.80555,88684,88875,191
101,0,blank,0,259.164683333333,336.843166666667,88875,89068,193
101,0,blank,0,311.877466666667,346.160033333333,89068,89261,193
101,0,blank,0,297.084633333333,347.54415,89261,89453,192
101,0,blank,0,276.768633333333,347.681383333333,89453,89644,191
101,0,blank,0,290.653233333333,344.015683333333,89644,89835,191
101,110,<,756,315.635416666667,333.362566666667,89835,90029,194
101,0,blank,0,312.228333333333,335.149466666667,90029,90224,195
101,0,blank,0,309.95225,335.833933333333,90224,90416,192
101,110,<,756,315.04605,331.956933333333,90416,90610,194
101,110,;,758,345.527983333333,317.838,90610,90806,196
101,110,N,757,343.2935,329.355166666667,90806,91005,199
101,0,blank,0,310.715016666667,339.01565,91005,91200,195
101,0,blank,0,269.420716666667,337.382366666667,91200,91394,194
101,0,blank,0,248.697733333333,336.796066666667,91394,91589,195
101,110,;,758,257.196533333333,332.28185,91589,91783,194
101,110,N,757,343.138883333333,332.19685,91783,91974,191
101,0,blank,0,351.039333333333,335.596166666667,91974,92168,194
101,0,blank,0,315.022133333333,312.164916666667,92168,92360,192
101,0,blank,0,301.66045,308.075283333333,92360,92553,193
101,105,comma,708,349.33775,215.4509,92553,92746,193
101,105,comma,708,345.670033333333,221.439283333333,92746,92939,193
101,0,blank,0,369.5529,312.50375,92939,93129,190
101,0,blank,0,407.0502,334.6821,93129,93161,32
101,0,blank,0,225.3548,301.520283333333,93192,93384,192
101,108,row,745,169.032283333333,288.327366666667,93384,93575,191
101,0,blank,0,290.633583333333,149.646316666667,93606,93798,192
101,0,blank,0,185.6911,133.637983333333,93798,93989,191
101,0,blank,0,171.1428,124.355816666667,93989,94180,191
101,0,blank,0,152.886516666667,126.79185,94180,94371,191
101,0,blank,0,132.815083333333,113.06615,94371,94560,189
101,99,grid,560,98.4122,76.99865,94560,94753,193
101,0,blank,0,178.28365,104.231183333333,94753,94945,192
101,101,comma,628,255.8649,118.447933333333,94945,95137,192
101,0,blank,0,283.424566666667,130.116233333333,95137,95269,132
101,101,comma,628,277.9692,116.2063,95269,95386,117
101,0,blank,0,174.036225,140.852125,95504,95679,175
101,0,blank,0,155.758583333333,117.0069,95679,95869,190
101,0,blank,0,147.272183333333,125.881233333333,95869,96060,191
101,0,blank,0,102.494733333333,114.946316666667,96060,96250,190
101,0,blank,0,127.772066666667,125.899916666667,96250,96442,192
101,0,blank,0,153.7078,133.8968,96442,96633,191
101,0,blank,0,173.153166666667,139.4455,96633,96824,191
101,0,blank,0,159.953433333333,136.790166666667,96824,97015,191
101,0,blank,0,120.205716666667,130.40255,97015,97208,193
101,0,blank,0,94.9493,101.591283333333,97208,97399,191
101,0,blank,0,81.2268833333333,107.532333333333,97399,97591,192
101,0,blank,0,74.7674666666667,106.3199,97591,97785,194
101,0,blank,0,122.237016666667,130.55495,97785,97978,193
101,0,blank,0,116.981033333333,133.336833333333,97978,98170,192
101,101,{,609,214.59995,122.77195,98170,98363,193
101,0,blank,0,291.0619,130.630966666667,98363,98558,195
101,0,blank,0,306.333333333333,181.278833333333,98558,98751,193
101,0,blank,0,333.982883333333,250.46685,98751,98943,192
101,0,blank,0,330.48665,262.018483333333,98943,99136,193
101,0,blank,0,369.894966666667,254.63885,99136,99326,190
101,0,blank,0,371.492783333333,224.782166666667,99326,99516,190
101,105,0,706,371.43466,221.03988,99516,99676,160
101,102,3,634,266.295066666667,142.927616666667,99708,99898,190
101,101,0,626,266.5121,123.9049,99898,99931,33
101,0,blank,0,412.993966666667,137.888383333333,99962,100153,191
101,105,comma,708,428.77285,221.931916666667,100153,100344,191
101,0,blank,0,441.419666666667,247.1593,100344,100541,197
101,0,blank,0,440.2108,253.9139,100541,100735,194
101,106,},728,428.765066666667,243.163716666667,100735,100928,193
101,0,blank,0,424.6028,257.6977,100928,100960,32
101,102,0,646,249.9621,146.71025,100992,101183,191
101,101,0,626,232.237433333333,119.94285,101183,101375,192
101,101,comma,628,234.398966666667,134.630416666667,101375,101565,190
101,101,comma,628,235.2838,132.1687,101565,101597,32
101,0,blank,0,433.619933333333,266.19565,101661,101852,191
101,0,blank,0,415.023416666667,258.963983333333,101852,102049,197
101,0,blank,0,412.412466666667,252.691783333333,102049,102245,196
101,0,blank,0,407.771683333333,246.394,102245,102436,191
101,106,comma,725,396.140733333333,243.028033333333,102436,102628,192
101,106,comma,725,377.379916666667,244.3807,102628,102822,194
101,0,blank,0,327.977166666667,255.997133333333,102822,103014,192
101,0,blank,0,330.1243,255.78246,103014,103174,160
101,0,blank,0,186.581766666667,200.541966666667,103206,103304,98
101,0,blank,0,74.2757833333333,139.585783333333,103336,103530,194
101,0,blank,0,13.7971,132.885866666667,103530,103721,191
101,0,blank,0,67.6967166666667,127.037683333333,103721,103913,192
101,0,blank,0,120.466016666667,122.911516666667,103913,104107,194
101,0,blank,0,133.914266666667,118.4919,104107,104202,95
101,0,blank,0,170.735683333333,306.355216666667,104234,104428,194
101,0,blank,0,142.316083333333,302.836833333333,104428,104619,191
101,0,blank,0,158.462683333333,309.343566666667,104619,104812,193
101,0,blank,0,209.4018,337.103583333333,104812,105003,191
101,112,"%2d",765,256.99685,359.539033333333,105003,105196,193
101,110,;,758,258.86825,321.257866666667,105196,105388,192
101,0,blank,0,294.067566666667,306.039866666667,105388,105577,189
101,0,blank,0,322.6009,298.915666666667,105577,105769,192
101,0,blank,0,365.3363,300.218733333333,105769,105961,192
101,0,blank,0,364.667416666667,301.625233333333,105961,106151,190
101,0,blank,0,318.66035,312.124266666667,106151,106343,192
101,0,blank,0,305.2328,325.5104,106343,106535,192
101,0,blank,0,273.392116666667,343.951116666667,106535,106725,190
101,0,blank,0,249.5232,341.381366666667,106725,106918,193
101,0,blank,0,289.8868,334.5195,106918,107110,192
101,110,N,757,339.76305,333.17085,107110,107303,193
101,110,N,757,336.932766666667,324.801733333333,107303,107495,192
101,112,"%2d",765,265.50375,373.046866666667,107495,107686,191
101,112,"%2d",765,244.888,373.304183333333,107686,107878,192
101,112,"%2d",765,250.748383333333,371.565283333333,107878,108070,192
101,112,"%2d",765,245.755316666667,374.432783333333,108070,108260,190
101,0,blank,0,288.776466666667,389.288933333333,108260,108451,191
101,0,blank,0,285.255483333333,396.505083333333,108451,108640,189
101,0,blank,0,300.310133333333,382.271466666667,108640,108830,190
101,0,blank,0,288.893866666667,382.103333333333,108830,109019,189
101,0,blank,0,296.602833333333,394.146466666667,109019,109210,191
101,0,blank,0,296.217583333333,389.586583333333,109210,109399,189
101,0,blank,0,355.6791,381.0805,109399,109591,192
101,112,row,769,381.286233333333,369.77025,109591,109783,192
101,0,blank,0,398.170633333333,385.86085,109783,109977,194
101,0,blank,0,378.8786,390.4841,109977,110074,97
101,112,"%2d",765,245.770633333333,360.932866666667,110108,110299,191
101,0,blank,0,223.857516666667,353.332133333333,110299,110491,192
101,0,blank,0,164.495566666667,314.34135,110491,110680,189
101,0,blank,0,146.809783333333,311.069516666667,110680,110870,190
101,0,blank,0,163.995383333333,390.183516666667,110870,111062,192
101,0,blank,0,179.680283333333,336.677866666667,111062,111253,191
101,110,col,759,213.11245,316.417983333333,111253,111441,188
101,0,blank,0,210.970166666667,378.541083333333,111441,111633,192
101,0,blank,0,165.53,433.80185,111633,111824,191
101,116,"--------------\n",785,156.319,457.190533333333,111824,112010,186
101,117,(,791,135.8362,469.937366666667,112010,112199,189
101,117,solve,790,133.2963,467.17815,112199,112263,64
101,0,blank,0,248.599683333333,468.976,112295,112492,197
101,116,"--------------\n",785,278.3288,458.3654,112492,112523,31
101,0,blank,0,171.436383333333,502.173,112556,112747,191
101,0,blank,0,143.895233333333,490.686283333333,112747,112939,192
101,0,blank,0,161.867816666667,491.203866666667,112939,113133,194
101,0,blank,0,187.706933333333,490.249483333333,113133,113332,199
101,119,print_grid,796,141.298566666667,523.0557,113332,113529,197
101,119,print_grid,796,130.17932,524.2339,113529,113696,167
101,0,blank,0,156.56438,537.86732,113696,113868,172
101,119,print_grid,796,152.2918,524.9586,113868,114039,171
101,0,blank,0,147.286083333333,539.106316666667,114039,114236,197
101,0,blank,0,154.21756,559.5755,114236,114403,167
101,119,print_grid,796,154.129916666667,518.537516666667,114403,114601,198
101,119,print_grid,796,161.26992,514.80608,114601,114793,192
101,119,print_grid,796,138.97616,531.68484,114793,114985,192
101,0,blank,0,141.122625,546.9631,114985,115121,136
101,0,blank,0,896.9326,584.62524,115188,115356,168
101,0,blank,0,892.6498,598.26078,115356,115527,171
101,0,blank,0,933.8485,603.76425,115527,115616,89
101,0,blank,0,982.153,593.2535,115616,115727,111
101,0,blank,0,969.736,591.5057,115727,115855,128
101,0,blank,0,987.553333333333,607.528766666667,115855,116022,167
101,0,blank,0,985.2912,609.77244,116022,116198,176
101,0,blank,0,986.747,622.17252,116198,116372,174
101,0,blank,0,971.618,625.2275,116372,116408,36
101,0,blank,0,138.273,583.2222,116477,116606,129
101,0,blank,0,130.464775,536.011,116606,116771,165
101,0,blank,0,125.3754,561.94632,116771,116945,174
101,0,blank,0,186.90078,560.16514,116945,117119,174
101,119,print_grid,796,143.85174,512.87294,117119,117299,180
101,0,blank,0,181.84035,554.18295,117299,117497,198
101,0,blank,0,101.0694,-103.9271,117532,117566,34
101,0,blank,0,190.02412,627.03242,117595,117762,167
101,0,blank,0,168.075575,664.283225,117762,117955,193
101,0,blank,0,204.411833333333,539.891583333333,117980,118179,199
101,119,print_grid,796,151.66296,512.59568,118179,118345,166
101,0,blank,0,176.11724,506.0779,118345,118512,167
101,0,blank,0,145.638666666667,496.557333333333,118512,118677,165
101,0,blank,0,134.24884,497.73914,118677,118855,178
101,0,blank,0,181.24225,491.360033333333,118855,119049,194
101,123,(,805,147.624566666667,599.064083333333,119049,119244,195
101,123,printf,804,124.1509,609.4351,119244,119276,32
101,116,"--------------\n",785,142.68405,445.7228,119310,119507,197
101,117,(,791,136.080883333333,468.49385,119507,119703,196
101,0,blank,0,120.503033333333,309.959483333333,119736,119931,195
101,0,blank,0,137.4598,369.0953,119931,119963,32
101,0,blank,0,155.107033333333,628.891983333333,119995,120191,196
101,0,blank,0,133.6385,592.529683333333,120191,120388,197
101,0,blank,0,169.4533,534.471483333333,120388,120585,197
101,0,blank,0,198.583033333333,505.941366666667,120585,120683,98
101,123,"nosolution",806,176.275716666667,601.385716666667,120715,120913,198
101,0,blank,0,174.94565,588.3713,120913,120979,66
101,0,blank,0,970.4805,588.288533333333,121045,121242,197
101,0,blank,0,1041.538,589.3352,121242,121274,32
101,123,"nosolution",806,229.674416666667,618.674233333333,121339,121535,196
101,0,blank,0,149.79985,652.01605,121535,121729,194
101,117,grid,792,153.4559,473.2853,121761,121957,196
101,117,grid,792,143.375833333333,480.956133333333,121957,122152,195
101,116,"--------------\n",785,114.68765,455.0248,122152,122219,67
101,0,blank,0,93.7768333333333,93.2205166666667,122252,122447,195
101,0,blank,0,97.540475,121.9352,122447,122576,129
102,67,find_unassigned,405,157.67768,259.71948,125505,125673,168
102,0,blank,0,921.009,353.98776,125746,125915,169
102,0,blank,0,960.6458,367.169,125915,126081,166
102,0,blank,0,1045.7965,411.79685,126081,126148,67
102,0,blank,0,964.179,386.4953,126181,126247,66
102,66,=,397,220.7836,300.0725,126315,126488,173
102,67,find_unassigned,405,131.17544,247.39206,126488,126654,166
102,67,find_unassigned,405,94.81792,249.11684,126654,126828,174
102,67,find_unassigned,405,76.76284,256.98118,126828,127000,172
102,109,{,748,74.8125666666667,292.560516666667,127037,127234,197
102,67,find_unassigned,405,64.59675,253.6209,127234,127299,65
102,0,blank,0,-146.25314,470.85396,127333,127502,169
102,0,blank,0,-166.52985,503.378433333333,127502,127699,197
102,0,blank,0,-157.2049,513.7324,127699,127765,66
102,50,find_unassigned,295,138.945416666667,229.29685,127835,128031,196
102,67,find_unassigned,405,109.49625,251.935316666667,128031,128226,195
102,50,find_unassigned,295,104.223683333333,243.939566666667,128226,128422,196
102,50,find_unassigned,295,158.247583333333,235.0294,128422,128618,196
102,67,find_unassigned,405,166.07428,261.17114,128618,128805,187
102,71,for,421,166.957166666667,280.009683333333,128960,129151,191
102,0,blank,0,122.435266666667,296.3498,129151,129347,196
102,73,is_safe_num,437,124.940016666667,307.173216666667,129347,129542,195
102,0,blank,0,141.3194,300.025816666667,129542,129736,194
102,73,is_safe_num,437,152.147833333333,311.1625,129736,129929,193
102,0,blank,0,116.801333333333,295.5007,129929,130121,192
102,69,return,417,91.7000166666667,278.7844,130121,130310,189
102,69,return,417,114.8235,282.362466666667,130310,130502,192
102,66,0,398,144.166325,295.0461,130502,130630,128
102,0,blank,0,-333,-105,130663,130696,33
102,85,(,489,172.7434,590.1779,130746,130771,25
102,71,(,422,203.0892,271.132,130896,131082,186
102,52,*,328,203.4108,288.749833333333,131082,131275,193
102,52,row,329,223.9284,292.841616666667,131275,131471,196
102,71,num,431,268.49205,272.8077,131471,131663,192
102,71,num,431,274.523583333333,281.371283333333,131663,131854,191
102,66,0,398,235.2384,292.749016666667,131854,132043,189
102,34,col,195,241.471416666667,290.369166666667,132043,132232,189
102,0,blank,0,229.0703,293.512883333333,132232,132422,190
102,73,is_safe_num,437,212.190183333333,311.333066666667,132422,132611,189
102,0,blank,0,207.854333333333,296.3699,132611,132802,191
102,71,1,425,247.8111,272.340433333333,132802,132993,191
102,71,num,431,274.306933333333,273.380016666667,132993,133183,190
102,52,N,325,271.137733333333,287.3328,133183,133373,190
102,71,num,431,273.59504,278.2704,133373,133556,183
102,67,find_unassigned,405,210.0961,304.587,133556,133649,93
102,66,comma,399,156.8717,298.0975,133649,133864,215
102,67,find_unassigned,405,132.623966666667,305.785633333333,133864,134040,176
102,73,is_safe_num,437,144.414416666667,307.857383333333,134040,134231,191
102,0,blank,0,141.771125,296.61365,134231,134410,179
102,34,=,188,188.015283333333,286.727916666667,134410,134600,190
102,0,blank,0,231.119383333333,293.091183333333,134600,134791,191
102,73,is_safe_num,437,190.177416666667,309.613683333333,134791,134982,191
102,54,col,348,167.513266666667,317.311833333333,134982,135173,191
102,73,is_safe_num,437,150.155466666667,306.971666666667,135173,135365,192
102,73,is_safe_num,437,161.723116666667,307.00075,135365,135557,192
102,54,col,348,157.617166666667,324.357716666667,135557,135747,190
102,54,col,348,164.64075,316.423716666667,135747,135937,190
102,73,is_safe_num,437,216.35655,315.58235,135937,136063,126
102,73,is_safe_num,437,224.7742,319.9018,136063,136169,106
102,0,blank,0,216.55125,301.74165,136169,136348,179
102,73,is_safe_num,437,216.922933333333,311.188766666667,136348,136540,192
102,73,(,438,237.30782,308.37532,136540,136721,181
102,73,grid,439,259.673033333333,314.801133333333,136721,136910,189
102,54,col,348,262.7595,324.011433333333,136910,137054,144
102,67,find_unassigned,405,177.1769,305.8113,137054,137232,178
102,73,is_safe_num,437,181.030933333333,313.854416666667,137232,137423,191
102,66,col,396,203.007883333333,300.863166666667,137423,137611,188
102,71,for,421,167.431383333333,285.189283333333,137611,137801,190
102,71,for,421,171.350633333333,285.909366666667,137801,137893,92
102,66,num,400,259.859066666667,298.5911,137925,138112,187
102,73,is_safe_num,437,191.710233333333,311.429566666667,138112,138283,171
102,71,num,431,204.73834,263.0441,138283,138479,196
102,67,find_unassigned,405,185.689366666667,249.434466666667,138479,138667,188
102,67,find_unassigned,405,145.08465,246.171833333333,138667,138856,189
102,50,find_unassigned,295,120.2032,236.565683333333,138856,139048,192
102,50,(,296,202.306666666667,240.367733333333,139048,139239,191
102,50,(,296,197.51295,243.711166666667,139239,139430,191
102,50,int,310,220.2692,241.628033333333,139430,139618,188
102,71,for,421,190.806533333333,269.281516666667,139618,139808,190
102,69,;,419,152.419566666667,285.876983333333,139808,140000,192
102,54,col,348,144.883916666667,317.4942,140000,140189,189
102,67,find_unassigned,405,206.0591,304.3853,140189,140505,316
102,0,blank,0,230.202316666667,298.942766666667,140505,140677,172
102,52,N,325,267.231533333333,292.2654,140677,140865,188
102,73,is_safe_num,437,194.335583333333,309.42845,140865,141052,187
102,54,col,348,173.367833333333,323.509766666667,141052,141240,188
102,54,col,348,160.360416666667,333.7239,141240,141430,190
102,54,col,348,151.738683333333,333.882666666667,141430,141616,186
102,73,is_safe_num,437,199.8514,315.7232,141616,141795,179
102,73,is_safe_num,437,222.314916666667,315.03945,141795,141980,185
102,73,is_safe_num,437,232.53126,321.2725,141980,142166,186
102,73,is_safe_num,437,196.820616666667,325.740633333333,142166,142346,180
102,54,col,348,167.125966666667,323.7886,142346,142534,188
102,54,*,347,140.252783333333,318.797766666667,142534,142722,188
102,54,(,346,131.955366666667,320.633433333333,142722,142910,188
102,73,is_safe_num,437,174.751966666667,314.872966666667,142910,143099,189
102,54,0,339,207.815716666667,316.532316666667,143099,143286,187
102,73,grid,439,246.885066666667,314.528966666667,143286,143411,125
102,54,col,348,269.95098,318.79598,143411,143606,195
102,54,col,348,247.74778,316.76598,143606,143787,181
102,73,is_safe_num,437,225.15305,315.5436,143787,143961,174
102,73,is_safe_num,437,225.602266666667,318.397883333333,143961,144145,184
102,73,is_safe_num,437,215.3383,315.301366666667,144145,144238,93
102,73,is_safe_num,437,190.1935,312.1533,144238,144426,188
102,73,row,441,305.33935,315.33395,144426,144599,173
102,110,col,759,300.466366666667,314.040116666667,144599,144795,196
102,73,grid,439,279.473366666667,318.17695,144795,144988,193
102,87,;,504,165.637433333333,625.5795,145019,145210,191
102,52,row,329,133.02846,672.22178,145210,145390,180
102,69,return,417,138.3722,664.30265,145390,145453,63
102,73,(,438,240.25716,308.44092,145485,145643,158
102,67,find_unassigned,405,229.26676,305.62922,145643,145827,184
102,73,grid,439,278.18866,317.9748,145827,146007,180
102,73,comma,444,290.386783333333,308.384933333333,146007,146193,186
102,0,blank,0,303.630266666667,311.48845,146193,146382,189
102,54,;,345,220.444566666667,327.62875,146382,146571,189
102,73,is_safe_num,437,223.2274,326.623833333333,146571,146761,190
102,0,blank,0,303.632616666667,307.5435,146761,146949,188
102,73,row,441,332.753483333333,312.962733333333,146949,147139,190
102,67,row,410,350.28925,310.526675,147139,147299,160
102,54,col,348,362.94496,322.68358,147299,147469,170
102,54,++,350,413.875616666667,322.488283333333,147469,147658,189
102,54,),351,415.5749,318.4986,147658,147720,62
102,0,blank,0,185.886533333333,348.185216666667,147751,147940,189
102,73,comma,444,172.93085,373.551183333333,147940,148125,185
102,73,row,441,174.105183333333,358.520066666667,148125,148313,188
102,73,row,441,179.18955,362.029483333333,148313,148502,189
102,71,;,430,180.736633333333,396.198483333333,148502,148690,188
102,0,blank,0,154.764066666667,381.493483333333,148690,148878,188
102,78,;,469,211.23962,444.97168,148878,149058,180
102,58,return,368,214.2034,420.15486,149058,149232,174
102,78,return,467,223.217166666667,429.84325,149232,149417,185
102,76,solve,461,191.5353,385.1443,149417,149601,184
102,54,col,348,165.337416666667,331.591216666667,149601,149787,186
102,73,is_safe_num,437,176.633383333333,322.087516666667,149787,149974,187
102,54,col,348,245.9736,320.2456,149974,150098,124
102,0,blank,0,954.3395,379.098716666667,150191,150380,189
102,0,blank,0,972.314833333333,376.529533333333,150380,150571,191
102,0,blank,0,981.7405,388.274433333333,150571,150759,188
102,0,blank,0,978.379166666667,394.13165,150759,150948,189
102,0,blank,0,969.365,374.95515,150948,151076,128
102,64,int,381,266.63025,95.3075833333333,151140,151333,193
102,0,blank,0,964.251666666667,333.459433333333,151398,151592,194
102,0,blank,0,963.646666666667,373.43645,151592,151785,193
102,0,blank,0,1018.36,385.2599,151785,151817,32
102,52,row,329,204.382716666667,290.502416666667,151882,152075,193
102,54,;,345,219.65686,330.03814,152075,152236,161
102,0,blank,0,991.944,397.644575,152302,152490,188
102,0,blank,0,1013.2712,413.27602,152490,152640,150
102,0,blank,0,968.061,381.67866,152640,152823,183
102,0,blank,0,1004.9705,347.685983333333,152823,153015,192
102,0,blank,0,981.219166666667,355.115966666667,153015,153213,198
102,0,blank,0,115.9861,299.36115,153303,153370,67
103,0,blank,0,161.710466666667,307.630066666667,155107,155294,187
103,0,blank,0,156.508666666667,311.591266666667,155294,155466,172
103,0,blank,0,105.223366666667,267.230716666667,155466,155660,194
103,52,row,329,110.4746,288.045875,155660,155824,164
103,52,=,319,152.97164,279.08488,155824,155999,175
103,0,blank,0,157.019866666667,275.387233333333,155999,156194,195
103,52,=,319,146.660466666667,288.896466666667,156194,156293,99
103,0,blank,0,111.0856,505.21555,156325,156508,183
103,0,blank,0,135.6357,562.4846,156508,156606,98
103,0,blank,0,138.9581,297.2631,156709,156776,67
103,0,blank,0,168.7046,296.8365,156776,157061,285
103,0,blank,0,156.0695,273.8475,157061,157086,25
103,52,;,326,281.23015,272.548816666667,157110,157306,196
103,52,row,329,110.555816666667,276.731733333333,157339,157532,193
103,0,blank,0,148.88175,182.77455,157532,157655,123
103,0,blank,0,111.692,172.7913,157655,157835,180
103,0,blank,0,113.312383333333,175.247583333333,157835,158013,178
103,0,blank,0,185.77425,289.71605,158013,158209,196
103,0,blank,0,203.71315,298.02215,158209,158403,194
103,0,blank,0,287.39785,254.7708,158434,158627,193
103,0,blank,0,287.31575,258.084983333333,158627,158821,194
103,0,blank,0,281.1464,270.8551,158821,159014,193
103,0,blank,0,282.014266666667,269.029166666667,159014,159111,97
103,0,blank,0,420.707666666667,261.95785,159143,159337,194
103,0,blank,0,398.009466666667,273.326666666667,159337,159528,191
103,0,blank,0,496.20884,273.92926,159528,159707,179
103,50,int,310,467.2206,244.0245,159707,159902,195
103,0,blank,0,463.534416666667,249.870283333333,159902,160092,190
103,0,blank,0,439.171383333333,250.167983333333,160092,160280,188
103,0,blank,0,429.2614,257.763266666667,160280,160468,188
103,0,blank,0,457.027,254.051816666667,160468,160657,189
103,0,blank,0,487.0593,251.608216666667,160657,160845,188
103,0,blank,0,383.242033333333,271.026733333333,160845,161035,190
103,52,;,326,278.75036,289.3242,161035,161219,184
103,0,blank,0,210.39738,302.31782,161219,161406,187
103,0,blank,0,169.40006,310.89996,161406,161577,171
103,0,blank,0,167.081566666667,312.6082,161577,161767,190
103,0,blank,0,186.470033333333,314.782,161767,161955,188
103,0,blank,0,175.55845,306.500833333333,161955,162143,188
103,54,*,347,140.704083333333,319.53485,162143,162332,189
103,0,blank,0,162.02245,304.6485,162332,162397,65
103,0,blank,0,440.435066666667,267.99045,162427,162617,190
103,0,blank,0,388.915433333333,266.8977,162617,162806,189
103,0,blank,0,387.5846,275.2195,162806,162997,191
103,54,col,348,144.753716666667,333.28675,163060,163249,189
103,54,*,347,142.342566666667,320.9282,163249,163439,190
103,54,col,348,168.533566666667,325.83735,163439,163627,188
103,0,blank,0,180.84195,324.4596,163627,163820,193
103,0,blank,0,181.8305,319.62735,163820,164012,192
103,54,0,339,207.427566666667,318.257516666667,164012,164203,191
103,0,blank,0,236.5507,306.819133333333,164203,164394,191
103,0,blank,0,251.456833333333,307.42895,164394,164586,192
103,0,blank,0,254.518466666667,301.086283333333,164586,164782,196
103,52,N,325,263.531333333333,288.3068,164782,164880,98
103,0,blank,0,267.73185,305.404475,164880,165077,197
103,0,blank,0,247.678375,307.359425,165077,165206,129
103,0,blank,0,244.782375,311.161,165206,165382,176
103,0,blank,0,328.1147,309.49916,165382,165563,181
103,54,;,345,316.7252,324.914816666667,165563,165755,192
103,0,blank,0,291.116825,311.4429,165755,165953,198
103,0,blank,0,292.4669,307.2622,165953,166146,193
103,54,*,347,353.782533333333,321.235383333333,166146,166328,182
103,54,col,348,367.037066666667,327.87165,166328,166517,189
103,0,blank,0,359.7314,315.84414,166517,166697,180
103,54,col,348,376.901316666667,322.688633333333,166697,166886,189
103,0,blank,0,347.197466666667,307.421183333333,166886,167079,193
103,0,blank,0,336.557966666667,309.5383,167079,167274,195
103,0,blank,0,229.033466666667,309.6256,167274,167466,192
103,54,=,338,188.525366666667,334.8851,167466,167656,190
103,0,blank,0,173.888283333333,359.0969,167656,167847,191
103,0,blank,0,217.976716666667,358.14825,167847,168039,192
103,0,blank,0,232.8256,355.9431,168039,168230,191
103,0,blank,0,280.45236,355.7294,168230,168387,157
103,0,blank,0,300.26806,346.41614,168387,168568,181
103,0,blank,0,291.895975,347.53785,168568,168748,180
103,56,row,358,246.24405,377.820666666667,168748,168930,182
103,0,blank,0,227.75335,385.866466666667,168930,169118,188
103,58,;,370,245.036783333333,411.9491,169118,169308,190
103,0,blank,0,245.949466666667,400.207216666667,169308,169495,187
103,56,row,358,230.7169,375.9395,169495,169529,34
103,0,blank,0,354.515983333333,394.39195,169560,169752,192
103,0,blank,0,333.4377,400.99626,169752,169941,189
103,0,blank,0,243.689633333333,401.193533333333,169941,170123,182
103,0,blank,0,257.347133333333,408.861833333333,170123,170312,189
103,0,blank,0,276.767433333333,391.682083333333,170312,170500,188
103,0,blank,0,293.182066666667,383.994116666667,170500,170690,190
103,0,blank,0,251.07286,433.70278,170690,170872,182
103,0,blank,0,230.714233333333,430.610333333333,170872,171063,191
103,0,blank,0,230.31102,401.38444,171063,171246,183
103,58,1,369,234.447116666667,410.23965,171246,171434,188
103,54,col,348,380.239716666667,326.3633,171467,171655,188
103,0,blank,0,390.079,265.36865,171655,171716,61
103,0,blank,0,181.429366666667,269.007983333333,171748,171936,188
103,52,=,319,149.23585,285.730283333333,171936,172125,189
103,52,=,319,147.99475,284.999275,172125,172251,126
103,0,blank,0,157.42165,629.1089,172283,172475,192
103,0,blank,0,195.770383333333,637.931983333333,172475,172663,188
103,0,blank,0,197.544466666667,634.209133333333,172663,172851,188
103,0,blank,0,183.11148,624.04466,172851,173031,180
103,0,blank,0,163.809566666667,633.24595,173031,173219,188
103,0,blank,0,168.9941,626.81158,173219,173377,158
103,67,&,412,372.01952,607.27356,173746,173926,180
103,0,blank,0,371.06305,605.07815,173926,174007,81
103,0,blank,0,174.350866666667,682.696083333333,174039,174229,190
103,0,blank,0,164.538116666667,678.529816666667,174229,174420,191
103,67,find_unassigned,405,173.45456,616.23496,174420,174599,179
103,67,find_unassigned,405,143.12585,606.650283333333,174599,174788,189
103,66,row,392,110.2084,587.72586,174788,174971,183
103,66,row,392,110.964225,581.4989,174971,175096,125
103,0,blank,0,153.54855,692.13695,175127,175317,190
103,0,blank,0,171.37402,640.44564,175317,175473,156
103,0,blank,0,181.906433333333,271.068016666667,175743,175917,174
103,0,blank,0,173.952366666667,262.9435,175917,176013,96
103,0,blank,0,184.02508,429.50194,176045,176205,160
103,0,blank,0,145.07868,200.02956,176268,176416,148
103,46,is_exist_row,250,137.934225,160.945325,176416,176566,150
103,0,blank,0,950.561,287.5941,176818,176908,90
103,0,blank,0,998.3925,362.7978,176908,177092,184
103,0,blank,0,948.6888,310.90336,177092,177265,173
103,0,blank,0,956.4966,311.55804,177265,177453,188
103,0,blank,0,985.806,318.861916666667,177453,177645,192
103,0,blank,0,970.287,320.88795,177645,177710,65
103,0,blank,0,299.5702,454.84225,177858,177914,56
103,69,1,418,161.959116666667,663.782583333333,177980,178179,199
103,0,blank,0,214.2014,701.592516666667,178179,178374,195
103,0,blank,0,241.5506,703.377716666667,178374,178571,197
103,0,blank,0,272.06946,708.38138,178571,178736,165
103,0,blank,0,968.896333333333,365.201133333333,178868,178964,96
103,0,blank,0,242.798,303.895366666667,179094,179288,194
103,0,blank,0,170.81292,227.89784,179288,179451,163
103,47,&&,258,134.87186,167.30704,179451,179635,184
103,0,blank,0,117.278283333333,167.9156,179635,179830,195
103,0,blank,0,113.362316666667,170.756116666667,179830,180022,192
103,0,blank,0,192.32558,183.63116,180022,180182,160
103,48,is_exist_box,270,203.61748,198.26802,180182,180367,185
103,46,is_exist_row,250,244.747133333333,158.980116666667,180367,180560,193
103,46,grid,252,254.72804,150.14052,180560,180744,184
103,47,is_exist_col,260,243.4649,163.881183333333,180744,180938,194
103,48,is_exist_box,270,187.214283333333,191.921516666667,180938,181131,193
103,48,is_exist_box,270,167.265383333333,193.485883333333,181131,181328,197
103,48,is_exist_box,270,195.3849,202.830366666667,181328,181524,196
103,48,is_exist_box,270,219.4167,189.498433333333,181524,181621,97
103,0,blank,0,168.578416666667,206.770333333333,181775,181968,193
103,46,is_exist_row,250,169.687783333333,156.674,181968,182163,195
103,48,is_exist_box,270,174.436816666667,191.421233333333,182163,182356,193
103,48,&&,268,136.8645,201.84115,182356,182535,179
103,48,&&,268,135.87225,186.79295,182535,182599,64
103,47,is_exist_col,260,270.35615,175.7754,182630,182824,194
103,47,is_exist_col,260,273.08695,178.752333333333,182824,183020,196
103,48,grid,272,333.39765,193.6013,183020,183212,192
103,48,grid,272,322.8048,197.093233333333,183212,183407,195
103,48,is_exist_box,270,235.598733333333,193.649583333333,183407,183598,191
103,48,is_exist_box,270,221.501216666667,195.680533333333,183598,183792,194
103,48,is_exist_box,270,220.653066666667,199.996333333333,183792,183986,194
103,48,(,284,285.26146,193.10162,183986,184176,190
103,0,blank,0,270.67925,207.231183333333,184176,184373,197
103,0,blank,0,288.7777,214.015266666667,184373,184567,194
103,0,blank,0,353.8274,227.20328,184567,184730,163
103,0,blank,0,964.130166666667,325.254066666667,184795,184992,197
103,0,blank,0,987.970666666667,340.066533333333,184992,185089,97
103,0,blank,0,971.339833333333,332.058983333333,185123,185318,195
103,0,blank,0,977.512166666667,329.3128,185318,185513,195
103,0,blank,0,970.584166666667,326.536283333333,185513,185710,197
103,0,blank,0,958.199333333333,327.483466666667,185710,185807,97
103,66,=,397,124.75324,597.93948,185873,186041,168
103,0,blank,0,120.9983,562.3696,186041,186081,40
104,0,blank,0,113.953266666667,248.016583333333,187550,187745,195
104,71,num,431,126.7669,262.1889,187745,187812,67
104,0,blank,0,958.2052,436.74792,187878,188047,169
104,0,blank,0,973.2065,438.419966666667,188047,188246,199
104,75,row,451,198.271783333333,366.314216666667,188378,188575,197
104,0,blank,0,132.79365,333.2851,188575,188773,198
104,73,(,438,119.224316666667,309.232316666667,188773,188972,199
104,73,(,438,121.9147,323.66195,188972,189168,196
104,0,blank,0,131.318925,347.16815,189168,189298,130
104,0,blank,0,195.2076,557.1661,189330,189362,32
104,71,num,431,119.166833333333,268.646966666667,189393,189584,191
104,0,blank,0,156.643566666667,305.2328,189584,189777,193
104,73,is_safe_num,437,178.448,307.878033333333,189777,189922,145
104,73,(,438,240.1572,311.98014,189922,190100,178
104,73,grid,439,248.0886,320.72155,190100,190166,66
104,0,blank,0,186.4217,256.99455,190280,190463,183
104,0,blank,0,173.71892,242.48604,190463,190649,186
104,0,blank,0,173.282966666667,219.518716666667,190649,190840,191
104,0,blank,0,219.9072,231.374333333333,190840,190937,97
104,0,blank,0,226.6816,421.7952,190970,191001,31
104,0,blank,0,173.2845,333.2713,191001,191421,420
104,73,is_safe_num,437,178.046166666667,323.942616666667,191421,191601,180
104,73,grid,439,253.93525,318.889,191601,191792,191
104,73,grid,439,249.6423,319.97555,191792,191855,63
104,0,blank,0,284.701133333333,373.819733333333,191855,192041,186
104,73,grid,439,248.461766666667,319.16795,192041,192223,182
104,73,row,441,310.893816666667,309.441633333333,192223,192410,187
104,0,blank,0,332.422066666667,299.704933333333,192410,192503,93
104,75,col,454,234.598366666667,365.6693,192536,192724,188
104,0,blank,0,206.162133333333,350.248433333333,192724,192910,186
104,75,row,451,204.524866666667,351.111033333333,192910,193004,94
104,0,blank,0,-333,-105,193067,193171,104
104,76,grid,463,242.37195,372.984883333333,193323,193493,170
104,0,blank,0,235.242814285714,371.557514285714,193656,193855,199
104,76,grid,463,226.354216666667,373.654966666667,193855,194040,185
104,75,[,453,216.4132,367.324816666667,194040,194225,185
104,76,grid,463,250.7782,379.352883333333,194225,194414,189
104,75,],455,261.4426,367.91745,194414,194603,189
104,0,blank,0,285.205583333333,351.112033333333,194603,194792,189
104,0,blank,0,280.416616666667,341.8256,194792,194984,192
104,0,blank,0,211.277866666667,339.259083333333,194984,195174,190
104,0,blank,0,206.609233333333,340.11855,195174,195364,190
104,0,blank,0,210.41825,341.713633333333,195364,195553,189
104,75,col,454,233.6566,357.891883333333,195553,195745,192
104,75,col,454,248.707283333333,352.029483333333,195745,195936,191
104,0,blank,0,304.410383333333,345.500033333333,195936,196125,189
104,0,blank,0,299.468766666667,335.770833333333,196125,196313,188
104,0,blank,0,334.7021,338.2806,196313,196503,190
104,0,blank,0,345.43764,341.76014,196503,196662,159
104,0,blank,0,399.626725,335.35095,196662,196832,170
104,0,blank,0,408.03905,329.739825,196832,197004,172
104,0,blank,0,385.254,361.31375,197004,197149,145
104,75,;,458,331.0894,353.0461,197149,197324,175
104,75,row,451,190.9775,370.45604,197439,197636,197
104,76,solve,461,189.23215,374.613983333333,197636,197824,188
104,76,solve,461,205.873033333333,377.545816666667,197824,198014,190
104,76,solve,461,206.35288,378.83786,198014,198171,157
104,76,grid,463,239.83864,375.97718,198171,198352,181
104,76,grid,463,236.54964,387.29076,198352,198533,181
104,76,grid,463,250.37172,382.80238,198533,198713,180
104,76,grid,463,237.5339,387.73808,198713,198893,180
104,75,[,453,215.678366666667,367.4335,198893,199084,191
104,0,blank,0,211.210966666667,348.04075,199084,199274,190
104,0,blank,0,188.94265,343.803016666667,199274,199467,193
104,0,blank,0,183.948516666667,333.56385,199467,199655,188
104,0,blank,0,221.66565,350.218733333333,199655,199846,191
104,75,col,454,233.727466666667,353.345383333333,199846,200035,189
104,75,col,454,252.9688,366.352566666667,200035,200219,184
104,75,col,454,236.837816666667,359.659216666667,200219,200407,188
104,75,col,454,226.96534,356.43576,200407,200589,182
104,75,],455,257.461533333333,357.814033333333,200589,200775,186
104,0,blank,0,303.40822,346.67302,200775,200931,156
104,73,row,441,329.6304,314.8203,200931,201299,368
104,0,blank,0,303.4804,313.7835,201299,201325,26
104,0,blank,0,188.846566666667,301.724433333333,201347,201538,191
104,73,is_safe_num,437,210.71055,306.03655,201538,201724,186
104,0,blank,0,237.24405,297.609516666667,201724,201913,189
104,0,blank,0,253.91625,303.75325,201913,202098,185
104,73,grid,439,266.0999,311.771966666667,202098,202284,186
104,0,blank,0,269.36285,301.76775,202284,202470,186
104,0,blank,0,270.15045,295.173233333333,202470,202658,188
104,73,row,441,312.75835,308.7429,202658,202843,185
104,73,row,441,314.93545,309.910883333333,202843,203030,187
104,73,grid,439,272.52275,307.266566666667,203030,203216,186
104,78,return,467,222.76642,419.85942,203247,203428,181
104,76,solve,461,212.149816666667,384.750616666667,203428,203614,186
104,76,solve,461,198.005016666667,383.5857,203614,203799,185
104,0,blank,0,204.402333333333,394.521983333333,203799,203985,186
104,76,grid,463,231.843483333333,375.8329,203985,204170,185
104,76,grid,463,226.23536,372.84248,204170,204357,187
104,76,),465,271.02485,385.136583333333,204357,204536,179
104,0,blank,0,291.8101,397.3802,204536,204721,185
104,76,),465,266.327683333333,375.60065,204721,204906,185
104,76,grid,463,251.603333333333,392.106133333333,204906,205091,185
104,0,blank,0,268.60905,400.100483333333,205091,205277,186
104,0,blank,0,236.909966666667,399.79365,205277,205464,187
104,0,blank,0,223.264366666667,400.401416666667,205464,205654,190
104,76,(,462,220.645383333333,391.636883333333,205654,205845,191
104,76,grid,463,255.1963,379.713116666667,205845,206034,189
104,0,blank,0,303.022116666667,398.364466666667,206034,206222,188
104,76,),465,276.43535,391.874516666667,206222,206410,188
104,76,grid,463,237.7467,389.4507,206410,206597,187
104,76,(,462,221.2382,389.1304,206597,206627,30
104,0,blank,0,272.0269,387.9502,206627,206969,342
104,0,blank,0,298.715766666667,377.5883,206969,207122,153
104,0,blank,0,335.91345,383.5461,207122,207303,181
104,0,blank,0,331.20475,393.02475,207303,207478,175
104,76,grid,463,250.548016666667,386.012966666667,207478,207676,198
104,76,solve,461,213.130783333333,381.170733333333,207676,207866,190
104,0,blank,0,214.614083333333,388.160766666667,207866,208058,192
104,75,[,453,217.800133333333,353.98045,208058,208249,191
104,75,=,456,273.642933333333,359.4473,208249,208440,191
104,0,blank,0,322.9818,350.5292,208440,208628,188
104,0,blank,0,372.94648,345.77046,208628,208807,179
104,0,blank,0,342.1446,336.0817,208807,208994,187
104,0,blank,0,278.297833333333,344.047066666667,208994,209172,178
104,0,blank,0,249.9059,344.1695,209172,209363,191
104,0,blank,0,294.839833333333,349.408283333333,209363,209553,190
104,0,blank,0,347.9038,349.356616666667,209553,209741,188
104,0,blank,0,360.25825,339.86125,209741,209930,189
104,75,=,456,282.457233333333,364.322566666667,209930,210118,188
104,75,col,454,249.897966666667,367.040283333333,210118,210311,193
104,75,col,454,236.477716666667,367.509866666667,210311,210500,189
104,73,is_safe_num,437,231.654666666667,319.459133333333,210500,210689,189
104,0,blank,0,258.242383333333,303.906816666667,210689,210877,188
104,0,blank,0,239.338783333333,327.441733333333,210877,211064,187
104,0,blank,0,241.604983333333,331.1119,211064,211253,189
104,0,blank,0,299.74912,341.3768,211253,211409,156
104,75,;,458,327.71176,355.61664,211409,211587,178
104,76,),465,269.852825,388.670375,211587,211733,146
104,76,),465,265.78038,384.68832,211733,211911,178
104,0,blank,0,294.120216666667,379.053966666667,211911,212102,191
104,0,blank,0,278.519166666667,341.9403,212102,212290,188
104,73,grid,439,261.110266666667,311.605383333333,212290,212482,192
104,73,grid,439,278.977616666667,314.812566666667,212482,212668,186
104,73,is_safe_num,437,203.531033333333,321.730133333333,212668,212854,186
104,73,is_safe_num,437,164.400525,316.2979,212854,213024,170
104,73,is_safe_num,437,223.075566666667,322.712066666667,213024,213213,189
104,73,grid,439,272.9681,313.357983333333,213213,213402,189
104,0,blank,0,267.45154,398.08608,213402,213590,188
104,76,grid,463,259.363333333333,390.817816666667,213590,213771,181
104,76,grid,463,261.0496,388.626333333333,213771,213959,188
104,0,blank,0,328.765183333333,392.309966666667,213959,214149,190
104,0,blank,0,224.81625,404.67005,214149,214341,192
104,0,blank,0,212.140216666667,407.90685,214341,214530,189
104,0,blank,0,199.3739,406.5314,214530,214562,32
104,0,blank,0,324.665133333333,385.7046,214594,214788,194
104,0,blank,0,280.17518,409.088,214788,214946,158
104,0,blank,0,247.29782,413.07678,214946,215126,180
104,0,blank,0,228.985666666667,416.310666666667,215126,215313,187
104,0,blank,0,216.014716666667,408.86235,215313,215506,193
104,0,blank,0,194.209633333333,408.758266666667,215506,215700,194
104,0,blank,0,184.21825,406.1991,215700,215864,164
104,0,blank,0,252.6396,407.3014,215864,216040,176
104,0,blank,0,262.416266666667,412.892683333333,216040,216231,191
104,0,blank,0,237.060133333333,407.557483333333,216231,216420,189
104,0,blank,0,240.760333333333,448.69365,216420,216609,189
104,0,blank,0,242.2308,436.89855,216609,216798,189
104,78,;,469,249.726083333333,431.015683333333,216798,216990,192
104,78,;,469,248.690933333333,433.710516666667,216990,217181,191
104,0,blank,0,254.905516666667,450.76675,217181,217370,189
104,0,blank,0,197.48416,506.33976,217370,217554,184
104,80,row,473,197.5536,465.5289,217554,217670,116
104,0,blank,0,240.3652,487.9029,217670,217867,197
104,80,UNASSIGNED,479,345.958933333333,471.67685,217867,218054,187
104,0,blank,0,290.56135,486.29855,218054,218238,184
104,80,],477,259.508883333333,478.1958,218238,218426,188
104,80,[,475,222.049983333333,462.41725,218426,218619,193
104,76,),465,277.56645,389.123833333333,218619,218808,189
104,0,blank,0,299.178966666667,393.228433333333,218808,219000,192
104,0,blank,0,290.9577,399.377383333333,219000,219189,189
104,0,blank,0,224.7968,459.899633333333,219189,219378,189
104,80,[,475,219.5924,479.553133333333,219378,219566,188
104,0,blank,0,242.4421,489.876866666667,219566,219758,192
104,0,blank,0,237.3576,401.079716666667,219758,219949,191
104,76,grid,463,251.593116666667,389.305216666667,219949,220143,194
104,0,blank,0,290.591975,403.517975,220143,220317,174
104,0,blank,0,316.568816666667,434.9218,220317,220507,190
104,80,UNASSIGNED,479,328.9276,470.81332,220507,220697,190
104,0,blank,0,369.436933333333,493.82955,220697,220876,179
104,0,blank,0,337.5427,483.343933333333,220876,221065,189
104,80,UNASSIGNED,479,323.746533333333,479.679683333333,221065,221254,189
104,0,blank,0,164.703883333333,499.24525,221287,221478,191
104,0,blank,0,186.28452,402.05844,221478,221659,181
104,0,blank,0,183.8958,409.001733333333,221659,221752,93
104,78,return,467,209.783483333333,430.146383333333,221866,222046,180
104,78,return,467,202.6036,425.0846,222046,222237,191
104,78,return,467,206.53365,432.68755,222237,222298,61
104,0,blank,0,192.795533333333,455.017983333333,222518,222696,178
104,0,blank,0,206.34225,453.637366666667,222696,222886,190
104,0,blank,0,201.31105,436.302733333333,222886,223074,188
104,0,blank,0,189.350783333333,405.7349,223074,223264,190
104,76,),465,277.482316666667,383.365016666667,223264,223457,193
104,76,grid,463,263.9408,384.032683333333,223457,223650,193
104,0,blank,0,296.2778,384.321316666667,223650,223843,193
104,0,blank,0,332.420433333333,406.000833333333,223843,223938,95
104,78,1,468,238.488266666667,418.59665,223969,224161,192
104,0,blank,0,310.2199,489.237683333333,224161,224355,194
104,80,UNASSIGNED,479,359.725916666667,475.96095,224355,224548,193
104,80,UNASSIGNED,479,336.250616666667,477.732483333333,224548,224742,194
104,0,blank,0,290.9745,432.2148,224742,224776,34
104,0,blank,0,292.814716666667,234.429683333333,224809,225000,191
104,0,blank,0,267.678833333333,238.295033333333,225000,225153,153
104,0,blank,0,212.90648,236.89892,225153,225325,172
104,71,num,431,202.7988,277.5637,225325,225390,65
104,0,blank,0,272.239616666667,459.978666666667,225420,225611,191
104,0,blank,0,181.96732,244.69146,225643,225801,158
104,0,blank,0,214.16355,480.088083333333,225833,226025,192
104,0,blank,0,196.1136,534.4186,226025,226058,33
104,0,blank,0,200.6,529.953616666667,226222,226404,182
104,0,blank,0,181.2493,514.3645,226404,226469,65
104,76,solve,461,182.1661,376.46,226532,226713,181
104,0,blank,0,212.701,394.413983333333,226713,226902,189
104,0,blank,0,117.460916666667,560.999466666667,226933,227122,189
104,0,blank,0,117.8687,461.13565,227122,227312,190
104,0,blank,0,120.186016666667,391.76335,227312,227503,191
104,75,grid,449,148.8063,362.494533333333,227503,227692,189
104,0,blank,0,199.460233333333,344.284033333333,227692,227881,189
104,0,blank,0,228.2364,348.885066666667,227881,228072,191
104,0,blank,0,236.352416666667,342.974083333333,228072,228262,190
104,0,blank,0,246.90015,347.37555,228262,228324,62
104,0,blank,0,322.4254,491.3801,228356,228388,32
104,75,num,457,313.760366666667,365.92165,228420,228607,187
104,0,blank,0,372.826183333333,341.975966666667,228607,228799,192
104,76,(,462,222.027583333333,391.024866666667,228830,229027,197
104,0,blank,0,296.219933333333,391.635933333333,229027,229221,194
104,0,blank,0,284.00595,381.886266666667,229221,229416,195
104,76,solve,461,205.771333333333,380.758916666667,229416,229610,194
104,76,grid,463,226.066683333333,373.98095,229610,229801,191
104,75,],455,259.353016666667,359.581133333333,229801,229993,192
104,0,blank,0,296.506666666667,344.4138,229993,230184,191
104,0,blank,0,238.947416666667,347.213566666667,230184,230376,192
104,75,col,454,234.509066666667,358.8112,230376,230470,94
104,76,grid,463,251.990016666667,384.58445,230535,230714,179
104,75,col,454,252.528,361.0299,230714,230902,188
104,75,row,451,188.288983333333,354.255366666667,230902,231095,193
104,0,blank,0,154.195966666667,349.790166666667,231095,231287,192
104,0,blank,0,213.819333333333,357.890066666667,231287,231478,191
104,0,blank,0,235.0427,413.47314,231478,231665,187
104,0,blank,0,213.207416666667,491.518433333333,231665,231857,192
104,0,blank,0,183.35475,494.967183333333,231857,232052,195
104,80,grid,471,161.944366666667,475.45845,232052,232240,188
104,0,blank,0,200.256483333333,441.590466666667,232240,232430,190
104,76,solve,461,209.247,382.366183333333,232430,232620,190
104,76,grid,463,236.448716666667,383.454316666667,232620,232811,191
104,0,blank,0,259.289375,371.90865,232811,232935,124
104,0,blank,0,258.016683333333,490.702533333333,232967,233159,192
104,80,UNASSIGNED,479,309.05715,480.984,233159,233352,193
104,0,blank,0,323.3102,460.9502,233352,233386,34
104,80,row,473,176.867233333333,471.4468,233417,233610,193
104,0,blank,0,182.640766666667,416.945466666667,233610,233803,193
104,76,solve,461,184.714466666667,383.1194,233803,233897,94
104,0,blank,0,312.95882,392.27954,233930,234089,159
104,78,1,468,238.44962,423.04646,234089,234275,186
104,0,blank,0,229.92315,451.3254,234275,234338,63
104,0,blank,0,211.702,413.197966666667,234428,234615,187
104,0,blank,0,205.442583333333,406.300483333333,234615,234806,191
104,0,blank,0,223.618983333333,446.3018,234806,234999,193
104,0,blank,0,223.796333333333,447.443383333333,234999,235194,195
104,80,col,476,239.408233333333,465.293966666667,235194,235390,196
104,0,blank,0,267.455,487.9834,235390,235454,64
104,78,return,467,207.014966666667,424.884666666667,235486,235679,193
104,78,return,467,208.20345,428.060033333333,235679,235872,193
104,76,grid,463,235.36485,384.677916666667,235872,236065,193
104,0,blank,0,239.157766666667,396.24945,236065,236255,190
104,0,blank,0,243.83204,407.35962,236255,236415,160
104,0,blank,0,147.466816666667,302.9584,236447,236639,192
104,69,return,417,138.53135,228.899866666667,236639,236830,191
104,0,blank,0,148.641316666667,207.3834,236830,237021,191
104,0,blank,0,153.975966666667,239.914933333333,237021,237212,191
104,0,blank,0,132.62595,210.8193,237212,237402,190
104,0,blank,0,118.732633333333,159.001666666667,237402,237593,191
104,66,col,396,183.94984,166.93466,237593,237778,185
104,66,col,396,181.551875,164.74335,237778,237929,151
104,66,col,396,183.7759,155.09745,237929,238111,182
104,67,find_unassigned,405,216.845,179.1005,238111,238277,166
104,0,blank,0,254.156933333333,395.32145,238313,238505,192
104,0,blank,0,229.706183333333,397.54115,238505,238696,191
104,0,blank,0,203.640575,403.508575,238696,238822,126
104,0,blank,0,166.8751,534.78185,238853,239048,195
104,0,blank,0,930.5985,428.589433333333,239114,239307,193
104,0,blank,0,971.6855,406.512416666667,239307,239498,191
104,0,blank,0,985.9905,416.745266666667,239498,239691,193
104,0,blank,0,969.527,405.114033333333,239691,239884,193
104,0,blank,0,983.054,404.589233333333,239884,240080,196
104,0,blank,0,989.159,403.70508,240080,240241,161
104,75,],455,206.16068,356.3788,240340,240507,167
104,75,],455,208.0585,357.2947,240507,240542,35
104,73,col,443,363.7544,320.943075,240576,240707,131
104,0,blank,0,301.058566666667,331.723933333333,240707,240872,165
104,0,blank,0,268.5487,343.7988,240872,240972,100
104,0,blank,0,960.408,384.6203,241036,241133,97
104,0,blank,0,950.055333333333,396.758,241165,241357,192
104,0,blank,0,956.4365,404.992833333333,241357,241549,192
104,0,blank,0,945.3115,384.634925,241549,241678,129
104,0,blank,0,133.84458,149.89048,241743,241909,166
105,0,blank,0,119.17152,525.535,246115,246299,184
105,0,blank,0,104.56945,523.7767,246299,246367,68
105,0,blank,0,147.59088,146.39598,246433,246601,168
105,0,blank,0,117.50006,185.6764,246601,246790,189
105,0,blank,0,127.472733333333,189.98575,246790,246988,198
105,0,blank,0,125.71256,185.39226,246988,247155,167
105,0,blank,0,190.82652,197.9704,247155,247325,170
105,0,blank,0,236.13712,210.68048,247325,247497,172
105,0,blank,0,245.2969,205.11614,247497,247681,184
105,0,blank,0,239.5383,195.25066,247681,247856,175
105,31,col,169,134.41878,211.11884,247856,248034,178
105,31,col,169,123.4851,211.68446,248034,248211,177
105,0,blank,0,83.89014,203.03884,248211,248378,167
105,0,blank,0,79.2493333333333,203.55745,248378,248575,197
105,31,row,167,85.1466666666667,206.661633333333,248575,248675,100
105,0,blank,0,212.566416666667,206.78565,248708,248904,196
105,0,blank,0,209.52172,200.91674,248904,249072,168
105,0,blank,0,204.22922,196.36656,249072,249242,170
105,0,blank,0,240.73546,199.72522,249242,249408,166
105,0,blank,0,244.19824,184.13448,249408,249579,171
105,0,blank,0,321.3703,187.0441,249579,249778,199
105,0,blank,0,320.601866666667,192.97535,249778,249976,198
105,0,blank,0,271.729066666667,193.76985,249976,250172,196
105,29,startRow,157,388.292966666667,180.09465,250205,250402,197
105,0,blank,0,409.49038,191.02426,250402,250591,189
105,0,blank,0,478.518083333333,196.734883333333,250591,250789,198
105,0,blank,0,514.3185,184.00745,250789,250855,66
105,31,col,169,139.20165,206.523475,250921,251102,181
105,0,blank,0,122.499266666667,203.63705,251102,251296,194
105,0,blank,0,127.691516666667,226.047933333333,251296,251491,195
105,0,blank,0,150.80084,269.01052,251491,251687,196
105,0,blank,0,136.1875,261.6865,251687,251777,90
105,0,blank,0,329.9425,186.69512,251809,251972,163
105,0,blank,0,427.033316666667,205.224533333333,252005,252201,196
105,29,startCol,160,522.346933333333,172.778116666667,252201,252398,197
105,0,blank,0,179.4737,253.07584,252616,252784,168
105,0,blank,0,145.471966666667,252.966416666667,252784,252980,196
105,0,blank,0,161.5306,266.20735,252980,253173,193
105,0,blank,0,176.430083333333,261.566616666667,253173,253368,195
105,34,0,189,206.438816666667,273.489766666667,253368,253561,193
105,0,blank,0,232.41474,268.05156,253561,253724,163
105,36,[,207,212.3859,320.79006,253724,253909,185
105,0,blank,0,209.688,359.904766666667,253909,254100,191
105,0,blank,0,305.51026,338.4657,254100,254286,186
105,0,blank,0,264.22795,343.843633333333,254286,254479,193
105,0,blank,0,247.428933333333,338.4704,254479,254671,192
105,0,blank,0,249.04145,343.8683,254671,254734,63
105,36,col,208,391.9651,329.117,254766,254959,193
105,0,blank,0,404.83435,331.7461,254959,255023,64
105,0,blank,0,305.55418,339.23802,255055,255236,181
105,0,blank,0,306.274,352.20155,255236,255387,151
105,36,startRow,205,322.709366666667,335.946783333333,255450,255623,173
105,36,startRow,205,294.146283333333,333.218866666667,255623,255812,189
105,0,blank,0,275.06236,353.33606,255812,255970,158
105,0,blank,0,417.183366666667,349.307233333333,256003,256193,190
105,0,blank,0,436.061016666667,345.7435,256193,256384,191
105,36,startCol,210,497.693475,332.6083,256384,256543,159
105,0,blank,0,546.6985,342.8217,256543,256621,78
105,36,==,212,536.901466666667,325.860233333333,256621,256799,178
105,0,blank,0,553.86145,340.451825,256799,256922,123
105,0,blank,0,287.800375,373.690075,256985,257112,127
105,0,blank,0,253.53785,369.604775,257112,257283,171
105,38,1,217,239.760633333333,368.322483333333,257283,257469,186
105,38,1,217,236.882533333333,376.450883333333,257469,257657,188
105,0,blank,0,220.513066666667,352.261633333333,257657,257750,93
105,0,blank,0,518.338033333333,310.962933333333,257781,257972,191
105,0,blank,0,522.244675,332.44145,257972,258098,126
105,0,blank,0,956.845,222.747325,258162,258312,150
105,0,blank,0,963.512,248.0637,258312,258413,101
105,0,blank,0,1019.838,238.3358,258413,258629,216
105,0,blank,0,981.9655,227.2447,258629,258747,118
105,0,blank,0,1015.4265,224.658825,258747,258920,173
105,0,blank,0,1032.2226,232.92402,258920,259106,186
105,0,blank,0,1010.03983333333,208.40165,259106,259303,197
105,0,blank,0,988.49075,174.534475,259303,259436,133
105,0,blank,0,985.307,28.3488,259470,259504,34
105,0,blank,0,1085.924,188.6432,259644,259677,33
105,0,blank,0,922.017,143.0576,259711,259745,34
105,0,blank,0,192.733,96.00706,259811,259980,169
105,0,blank,0,164.23664,48.70836,259980,260149,169
105,0,blank,0,157.3042,74.13475,260576,260703,127
106,7,;,49,117.08815,153.565116666667,261975,262165,190
106,0,blank,0,134.964466666667,149.63875,262165,262364,199
106,0,blank,0,152.68184,155.27034,262364,262557,193
106,8,=,53,139.79984,158.6945,262557,262724,167
106,4,UNASSIGNED,26,117.226,84.41955,262724,262923,199
106,4,UNASSIGNED,26,136.51184,83.50078,262923,263091,168
106,0,blank,0,128.6045,114.6751,263091,263258,167
106,8,col,60,106.5858,164.48478,263258,263425,167
106,8,col,60,100.9937,166.9433,263425,263557,132
106,0,blank,0,142.77092,148.44556,263557,263750,193
106,0,blank,0,150.5039,147.5508,263750,263849,99
106,0,blank,0,264.213583333333,127.5089,263915,264106,191
106,0,blank,0,261.2066,139.671833333333,264106,264206,100
106,0,blank,0,382.664316666667,114.5663,264238,264436,198
106,0,blank,0,393.055,112.8927,264436,264468,32
106,0,blank,0,160.27726,396.91256,264534,264703,169
106,0,blank,0,144.8911,377.08634,264703,264896,193
106,0,blank,0,145.1325,389.5504,264896,264960,64
106,0,blank,0,154.34685,155.925333333333,264993,265188,195
106,0,blank,0,260.224583333333,143.421466666667,265188,265382,194
106,0,blank,0,275.48245,144.528816666667,265382,265576,194
106,0,blank,0,369.588816666667,126.077216666667,265609,265805,196
106,0,blank,0,133.402133333333,185.5015,265837,266031,194
106,0,blank,0,159.956983333333,186.296183333333,266031,266227,196
106,10,row,68,180.8984,219.358633333333,266227,266423,196
106,10,==,73,276.3988,219.8951,266423,266619,196
106,0,blank,0,313.899266666667,229.007866666667,266619,266813,194
106,10,==,73,275.419766666667,221.112766666667,266813,267010,197
106,10,[,70,222.331633333333,215.386816666667,267010,267204,194
106,0,blank,0,172.347983333333,224.9122,267204,267400,196
106,0,blank,0,149.808283333333,225.4492,267400,267596,196
106,0,blank,0,207.410433333333,238.138783333333,267596,267792,196
106,0,blank,0,186.324716666667,264.94525,267792,267987,195
106,0,blank,0,191.4351,270.5911,267987,268052,65
106,0,blank,0,1021.355,134.6594,268182,268281,99
106,0,blank,0,928.554,93.2768,268306,268338,32
106,0,blank,0,1007.83466666667,130.7048,268429,268625,196
106,0,blank,0,1055.266,139.7686,268625,268658,33
106,0,blank,0,1018.508,97.9816,268725,268874,149
106,0,blank,0,981.58675,97.099325,268874,269047,173
106,0,blank,0,996.7538,90.5897,269047,269219,172
106,0,blank,0,318.08775,136.177325,269320,269506,186
106,0,blank,0,365.6843,143.1058,269506,269572,66
106,0,blank,0,974.738,44.6709,269636,269661,25
106,0,blank,0,972.436,33.0615333333333,269728,269830,102
106,0,blank,0,1086.2875,127.95345,269899,270069,170
106,0,blank,0,993.85775,64.3985,270135,270296,161
106,0,blank,0,980.57,71.437,270296,270356,60
106,0,blank,0,912.529,171.161125,270381,270522,141
106,0,blank,0,978.9615,158.18295,270522,270708,186
106,0,blank,0,987.715,146.45315,270708,270775,67
106,0,blank,0,988.67375,162.323475,270878,271005,127
106,0,blank,0,951.625,171.1363,271079,271114,35
106,0,blank,0,971.995,175.3107,271147,271182,35
106,0,blank,0,985.8795,177.70845,271250,271320,70
107,119,print_grid,796,111.1426,522.5508,274579,274618,39
107,105,0,706,251.75184,213.9496,274652,274835,183
107,105,0,706,243.53105,206.3437,274835,274904,69
107,99,grid,560,121.27558,85.82426,274940,275111,171
107,0,blank,0,141.2212,124.9327,275111,275147,36
107,0,blank,0,179.93595,294.687716666667,275247,275444,197
107,0,blank,0,142.92192,359.59472,275444,275612,168
107,0,blank,0,176.01174,423.88202,275612,275779,167
107,116,"--------------\n",785,135.8147,449.45176,275779,275948,169
107,116,"--------------\n",785,119.144733333333,463.516533333333,275948,276048,100
107,112,[,771,345.27938,366.3102,276081,276251,170
107,112,grid,767,337.9975,366.134666666667,276251,276351,100
107,0,blank,0,232.211333333333,421.252083333333,276383,276578,195
107,112,(,764,231.401,371.847033333333,276578,276677,99
107,0,blank,0,175.1874,322.5336,276677,276896,219
107,110,0,753,246.2416,313.779833333333,276896,277080,184
107,0,blank,0,266.5498,337.50475,277080,277276,196
107,112,"%2d",765,246.670733333333,362.8986,277276,277474,198
107,0,blank,0,304.4715,381.781733333333,277474,277670,196
107,112,grid,767,329.91,373.76665,277670,277737,67
107,114,"\n",779,186.140316666667,410.571683333333,277769,277966,197
107,0,blank,0,151.45765,432.893533333333,277966,278161,195
107,0,blank,0,147.20188,489.16566,278161,278325,164
107,0,blank,0,116.56318,495.52712,278325,278497,172
107,117,solve,790,103.714333333333,473.667133333333,278497,278630,133
107,116,printf,783,89.2805,465.1685,278630,278725,95
107,117,solve,790,119.4391,467.834,278725,278949,224
107,116,"--------------\n",785,151.44135,463.0446,278949,279060,111
107,0,blank,0,157.062233333333,537.0808,279158,279356,198
107,0,blank,0,132.36328,539.28508,279356,279522,166
107,0,blank,0,132.24406,545.38332,279522,279692,170
107,0,blank,0,177.86412,540.42054,279692,279864,172
107,0,blank,0,219.2324,535.37104,279864,280031,167
107,0,blank,0,211.84115,535.90005,280031,280097,66
107,123,printf,804,143.710116666667,613.684366666667,280130,280329,199
107,0,blank,0,156.9307,632.229433333333,280329,280427,98
107,0,blank,0,158.25606,494.15542,280460,280627,167
107,0,blank,0,158.1967,491.3741,280627,280693,66
107,106,0,726,314.9664,232.43884,280759,280950,191
107,106,comma,725,311.65574,226.23238,280950,281118,168
107,0,blank,0,347.09885,249.532,281118,281183,65
107,0,blank,0,544.226366666667,342.089066666667,281217,281316,99
107,0,blank,0,190.68836,440.43668,281385,281551,166
107,117,grid,792,144.41812,480.42466,281551,281719,168
107,0,blank,0,156.07305,495.800875,281719,281852,133
107,119,print_grid,796,137.228866666667,528.04965,282002,282198,196
107,119,print_grid,796,88.52188,519.3858,282198,282366,168
107,0,blank,0,120.79138,502.92692,282366,282534,168
107,0,blank,0,150.56518,546.96866,282534,282723,189
107,0,blank,0,147.896466666667,576.6088,282723,282922,199
107,0,blank,0,176.20942,594.62612,282922,283093,171
107,0,blank,0,191.83054,546.30532,283093,283292,199
107,0,blank,0,214.468466666667,548.691433333333,283292,283484,192
107,0,blank,0,189.1205,644.6506,283484,283728,244
107,123,(,805,146.779933333333,616.72065,283728,283916,188
107,0,blank,0,242.4858,622.7084,283982,284107,125
107,0,blank,0,974.507166666667,643.694066666667,284174,284373,199
107,0,blank,0,981.131166666667,587.133833333333,284373,284571,198
107,0,blank,0,993.604333333333,582.476616666667,284571,284769,198
107,0,blank,0,982.92175,582.025675,284769,284950,181
107,0,blank,0,1003.8178,579.31716,284950,285119,169
107,0,blank,0,974.163666666667,597.172166666667,285119,285220,101
107,0,blank,0,124.941416666667,664.048216666667,285425,285624,199
107,0,blank,0,154.27286,644.2769,285624,285796,172
107,0,blank,0,163.1326,633.39316,285796,285992,196
107,0,blank,0,154.6419,652.98866,285992,286162,170
107,0,blank,0,139.6591,633.72976,286162,286328,166
107,0,blank,0,175.4251,623.994483333333,286328,286527,199
107,0,blank,0,218.10062,628.88626,286527,286694,167
107,0,blank,0,184.83206,637.01624,286694,286863,169
107,0,blank,0,143.922466666667,629.442883333333,286863,287061,198
107,0,blank,0,175.17322,630.28398,287061,287231,170
107,0,blank,0,202.09918,591.69312,287231,287400,169
107,0,blank,0,180.99395,544.5394,287400,287531,131
107,0,blank,0,223.3055,538.5612,287531,287628,97
107,0,blank,0,143.772533333333,533.6806,287628,287809,181
107,0,blank,0,143.6754,547.986566666667,287809,287907,98
107,0,blank,0,94.65,124.4717,287971,288167,196
107,99,int,559,65.0575666666667,79.5234666666667,288167,288362,195
107,0,blank,0,72.92945,121.47095,288362,288427,65
108,0,blank,0,164.1343,580.919,289778,289810,32
108,0,blank,0,209.5165,614.082,289810,290030,220
108,0,blank,0,204.938966666667,626.910516666667,290030,290219,189
108,80,],477,206.1783,600.001533333333,290219,290378,159
108,0,blank,0,222.920725,535.780825,290378,290549,171
108,0,blank,0,258.57574,544.92806,290549,290721,172
108,80,],477,259.314933333333,605.229483333333,290721,290920,199
108,0,blank,0,229.468083333333,617.801466666667,290920,291119,199
108,0,blank,0,165.011,577.5276,291119,291286,167
108,0,blank,0,181.9706,658.0209,291286,291319,33
108,0,blank,0,203.25264,526.39436,291443,291597,154
108,76,grid,463,253.7251,511.46695,291597,291783,186
108,0,blank,0,243.44868,523.69444,291783,291952,169
108,0,blank,0,212.24476,526.1339,291952,292125,173
108,75,],455,210.635233333333,499.714433333333,292125,292321,196
108,76,grid,463,246.84526,504.16686,292321,292506,185
108,0,blank,0,304.99865,514.87425,292506,292572,66
108,0,blank,0,212.1544,531.222283333333,292710,292901,191
108,76,solve,461,196.5553,512.9548,292901,292932,31
108,0,blank,0,305.177416666667,502.278283333333,293023,293206,183
108,75,num,457,305.3345,488.55565,293206,293335,129
108,75,num,457,315.9883,496.19305,293335,293510,175
108,75,num,457,305.91318,488.3137,293510,293697,187
108,0,blank,0,291.170216666667,568.180633333333,293697,293888,191
108,80,UNASSIGNED,479,305.587683333333,593.668083333333,293888,294082,194
108,80,col,476,236.482933333333,604.145083333333,294082,294280,198
108,0,blank,0,301.082825,500.94965,294280,294414,134
108,0,blank,0,305.7239,511.9756,294414,294528,114
108,0,blank,0,226.366516666667,529.247916666667,294553,294750,197
108,76,solve,461,204.8696,506.2169,294750,294868,118
108,0,blank,0,255.791025,617.63165,294925,295121,196
108,80,UNASSIGNED,479,316.05366,590.94014,295121,295284,163
108,80,],477,206.810233333333,606.055366666667,295317,295440,123
108,0,blank,0,113.80625,651.61275,295440,295633,193
108,83,;,485,130.936983333333,661.862116666667,295633,295822,189
108,0,blank,0,137.8497,697.33915,295822,295889,67
108,0,blank,0,143.2629,525.0055,295920,296137,217
108,0,blank,0,114.5811,470.5449,296137,296320,183
108,0,blank,0,110.7626,434.1103,296320,296447,127
108,0,blank,0,232.837733333333,428.68115,296478,296670,192
108,0,blank,0,187.0666,412.544816666667,296670,296860,190
108,0,blank,0,161.1375,430.255833333333,296860,297049,189
108,0,blank,0,116.0331,495.23445,297049,297238,189
108,0,blank,0,143.678966666667,528.717133333333,297238,297428,190
108,0,blank,0,122.52255,595.360016666667,297428,297622,194
108,0,blank,0,112.067983333333,477.715983333333,297622,297814,192
108,0,blank,0,151.600666666667,461.640816666667,297814,298008,194
108,73,is_safe_num,437,193.91908,436.0756,298008,298168,160
108,0,blank,0,91.87165,646.2573,298200,298396,196
108,0,blank,0,113.546233333333,678.453266666667,298396,298495,99
108,66,row,392,107.506425,299.646525,298563,298748,185
108,66,row,392,102.826475,287.1593,298748,298893,145
108,0,blank,0,895.323,260.1537,298989,299023,34
108,0,blank,0,907.564,343.2769,299073,299271,198
108,0,blank,0,969.941,380.5964,299271,299379,108
108,0,blank,0,987.9425,390.935475,299379,299564,185
108,0,blank,0,968.433,369.64974,299564,299751,187
108,0,blank,0,1030.36125,365.197075,299751,299883,132
108,0,blank,0,1011.69533333333,370.7209,299916,300016,100
108,0,blank,0,171.075033333333,688.686133333333,300082,300274,192
108,0,blank,0,127.45094,676.51718,300274,300441,167
108,0,blank,0,131.3026,706.3103,300441,300510,69
108,80,],477,258.76542,594.5674,300543,300710,167
108,80,],477,259.3287,595.3383,300710,300743,33
108,0,blank,0,975.993833333333,379.681133333333,300878,301072,194
108,0,blank,0,1044.562,404.825466666667,301072,301170,98
108,0,blank,0,1001.349,399.79425,301203,301269,66
108,0,blank,0,210.24028,543.46258,301334,301502,168
108,0,blank,0,-158.08288,714.29012,301534,301702,168
108,0,blank,0,-158.301583333333,727.16435,301702,301893,191
108,80,col,476,232.1466,600.52772,301957,302119,162
108,0,blank,0,-332.6573,-104.498666666667,302429,302574,145
108,0,blank,0,240.7208,715.1093,302658,302689,31
108,0,blank,0,254.736,545.044016666667,302720,302915,195
108,0,blank,0,246.073916666667,612.852916666667,302915,303114,199
108,0,blank,0,224.64824,616.40532,303114,303280,166
108,80,],477,206.3539,605.4362,303280,303348,68
108,75,col,454,224.5769,482.5309,303373,303567,194
108,75,col,454,227.4592,483.3176,303567,303598,31
108,0,blank,0,225.25315,552.42105,303632,303828,196
108,76,grid,463,233.162283333333,505.571983333333,303828,304025,197
108,0,blank,0,221.200333333333,500.092666666667,304025,304127,102
108,0,blank,0,310.585983333333,475.55555,304193,304386,193
108,0,blank,0,316.103083333333,585.132316666667,304418,304616,198
108,0,blank,0,351.275233333333,577.524566666667,304616,304814,198
108,0,blank,0,348.6763,580.36375,304814,304945,131
108,71,N,429,271.924383333333,398.287366666667,304978,305176,198
108,0,blank,0,-333,-105,305276,305459,183
108,0,blank,0,-333,-105,305459,305656,197
108,0,blank,0,-333,-105,305656,305759,103
108,0,blank,0,433.4622,578.51142,305785,305974,189
108,0,blank,0,441.0624,564.5735,305974,306002,28
108,0,blank,0,-332.4864,-104.2459,306254,306452,198
108,0,blank,0,-332.58062,-104.39854,306452,306640,188
108,0,blank,0,-332.251083333333,-104.022233333333,306640,306836,196
108,0,blank,0,-332.55342,-104.38664,306836,307024,188
108,0,blank,0,-332.644066666667,-104.479533333333,307024,307138,114
108,0,blank,0,306.62056,673.73926,307237,307433,196
108,0,blank,0,296.41532,666.89758,307433,307607,174
108,80,=,478,278.87962,605.8973,307607,307778,171
108,0,blank,0,270.78154,560.30446,307778,307947,169
108,0,blank,0,266.13054,564.54034,307947,308115,168
108,0,blank,0,274.47436,555.1898,308115,308296,181
108,0,blank,0,-332.4731,-104.1951,308365,308532,167
108,0,blank,0,-332.36656,-104.04982,308532,308691,159
108,0,blank,0,-332.467625,-104.187375,308691,308866,175
108,0,blank,0,-332.653966666667,-104.4772,308866,308992,126
108,0,blank,0,448.517366666667,-103.886666666667,309031,309130,99
108,80,UNASSIGNED,479,345.417966666667,600.726433333333,309204,309401,197
108,0,blank,0,272.5651,477.306,309436,309472,36
