Frameno_fix,lineno_fix,Tokenname_fix,tokens_id,gaze_X_fix,gaze_Y_fix,timestamp_fix_start,timestamp_fix_end,time_duration
100,0,blank,0,106.0024,-46.87915,3582,3760,178
100,0,blank,0,98.7577333333333,-51.0821666666667,3760,3935,175
100,0,blank,0,107.51315,-33.38335,3935,4054,119
100,0,blank,0,145.930283333333,84.2042,4113,4287,174
100,0,blank,0,145.50035,84.55045,4287,4346,59
100,0,blank,0,415.952716666667,-27.1085333333333,4374,4552,178
100,0,blank,0,407.867633333333,-14.90315,4552,4731,179
100,0,blank,0,468.063466666667,-7.60745,4731,4907,176
100,0,blank,0,468.625366666667,-4.2438,4907,5083,176
100,0,blank,0,478.1652,-14.3256,5083,5171,88
100,2,stdio,18,142.0451,37.3532,5230,5408,178
100,0,blank,0,92.3358,46.5108833333333,5408,5586,178
100,0,blank,0,89.788275,36.6257,5586,5705,119
100,0,blank,0,424.3307,512.89505,5867,5941,74
100,0,blank,0,445.7421,480.0766,5941,6083,142
100,0,blank,0,464.66565,479.8538,6142,6314,172
100,23,"\nTheelementfoundat%dlocation",147,447.4526,504.7544,6314,6344,30
100,0,blank,0,457.45185,473.17905,6402,6457,55
100,0,blank,0,504.8572,720.0218,6591,6616,25
100,23,"\nTheelementfoundat%dlocation",147,465.60275,499.78705,6640,6690,50
100,3,.,26,170.295633333333,58.8430333333333,6840,7028,188
100,3,.,26,167.79625,61.0005,7028,7210,182
100,0,blank,0,106.835633333333,82.98335,7210,7390,180
100,4,main,30,79.85225,89.97735,7390,7568,178
100,0,blank,0,111.0989,94.2814,7568,7744,176
100,0,blank,0,108.0623,95.1510833333333,7744,7920,176
100,6,comma,38,124.050016666667,128.357066666667,7920,8098,178
100,0,blank,0,137.320333333333,124.1643,8098,8274,176
100,0,blank,0,157.86175,135.335,8274,8452,178
100,6,index,37,181.095916666667,124.629916666667,8452,8628,176
100,6,comma,38,201.491233333333,127.854566666667,8628,8810,182
100,6,index,37,193.736116666667,124.644083333333,8810,8991,181
100,6,;,40,249.371233333333,131.0496,8991,9173,182
100,0,blank,0,188.09415,149.831783333333,9173,9360,187
100,8,=,49,145.48215,174.143,9360,9546,186
100,0,blank,0,136.11468,163.41848,9546,9699,153
100,0,blank,0,-323,-105,9760,9842,82
100,0,blank,0,206.4189,158.0441,9872,9922,50
100,0,blank,0,176.333366666667,139.123766666667,10001,10200,199
100,8,count,48,93.9479,166.3388,10200,10380,180
100,0,blank,0,106.614366666667,98.9306166666667,10380,10561,181
100,0,blank,0,126.999,108.528833333333,10561,10737,176
100,6,index,37,175.641333333333,128.9292,10737,10914,177
100,6,comma,38,201.2666,130.04745,10914,11089,175
100,6,;,40,246.117516666667,129.229516666667,11089,11270,181
100,0,blank,0,255.680625,118.60415,11270,11390,120
100,6,comma,38,130.08825,130.597033333333,11420,11599,179
100,7,[,43,128.386316666667,140.682066666667,11599,11778,179
100,7,list,42,99.3227666666667,143.5242,11778,11961,183
100,7,[,43,127.99875,152.075633333333,11961,12145,184
100,8,=,49,143.937933333333,159.458066666667,12145,12235,90
100,0,blank,0,-323,-105,12265,12370,105
100,0,blank,0,468.657642857143,531.914657142857,12485,12683,198
100,0,blank,0,470.044583333333,516.558683333333,12683,12858,175
100,0,blank,0,493.32904,569.4453,12858,13005,147
100,23,"\nTheelementfoundat%dlocation",147,449.4838,499.8922,13140,13164,24
100,0,blank,0,494.791,596.561,13218,13244,26
100,0,blank,0,458.198833333333,575.5763,13313,13493,180
100,0,blank,0,454.041,561.76505,13493,13671,178
100,0,blank,0,467.11765,525.0895,13671,13846,175
100,0,blank,0,424.71728,530.50558,13934,14075,141
100,0,blank,0,100.959866666667,108.3107,14400,14588,188
100,0,blank,0,133.894316666667,128.253033333333,14588,14772,184
100,7,],45,160.026683333333,147.80405,14772,14952,180
100,8,=,49,145.650266666667,162.049583333333,14952,15133,181
100,0,blank,0,137.888233333333,158.718016666667,15133,15316,183
100,0,blank,0,145.296433333333,184.693433333333,15316,15405,89
100,0,blank,0,-323,-105,15435,15541,106
100,8,count,48,114.5594,176.2075,15568,15607,39
100,8,count,48,118.425133333333,163.161816666667,15697,15868,171
100,8,=,49,152.035183333333,175.35305,15868,16047,179
100,0,blank,0,142.557816666667,162.59335,16047,16226,179
100,8,;,51,175.444483333333,167.874733333333,16226,16404,178
100,8,0,50,172.88395,162.261325,16404,16523,119
100,0,blank,0,-323,-105,16552,16708,156
100,0,blank,0,173.1667,148.1849,16759,16822,63
100,8,0,50,164.168816666667,161.569016666667,16889,17060,171
100,0,blank,0,159.51815,156.558816666667,17060,17239,179
100,7,],45,160.1106,153.657666666667,17239,17417,178
100,7,;,46,170.308283333333,153.8996,17417,17594,177
100,0,blank,0,139.447016666667,116.668033333333,17594,17771,177
100,7,20,44,145.90332,139.53536,17771,17939,168
100,0,blank,0,136.10685,167.66205,17939,18109,170
100,8,=,49,152.90675,175.5661,18109,18282,173
100,0,blank,0,148.1079,178.8868,18282,18407,125
100,0,blank,0,-323,-105,18437,18568,131
100,8,0,50,163.5718,168.0655,18596,18640,44
100,0,blank,0,168.553233333333,178.92915,18707,18878,171
100,8,0,50,166.464383333333,175.47355,18878,19056,178
100,8,;,51,177.636933333333,174.403933333333,19056,19232,176
100,0,blank,0,193.85488,174.52598,19232,19381,149
100,0,blank,0,-323,-105,19410,19598,188
100,8,0,50,167.222283333333,172.692933333333,19627,19802,175
100,0,blank,0,166.19985,177.2633,19802,19982,180
100,0,blank,0,156.888133333333,160.62055,19982,20161,179
100,7,20,44,141.9516,145.905933333333,20161,20339,178
100,7,20,44,137.37145,152.9197,20339,20517,178
100,8,=,49,151.997966666667,160.598816666667,20517,20693,176
100,0,blank,0,151.277366666667,177.831533333333,20693,20872,179
100,0,blank,0,165.242216666667,178.134383333333,20872,21053,181
100,8,=,49,151.836766666667,171.107633333333,21053,21236,183
100,0,blank,0,167.06935,181.02515,21236,21418,182
100,0,blank,0,195.25725,178.788616666667,21418,21597,179
100,8,0,50,167.861966666667,162.409583333333,21597,21776,179
100,7,20,44,148.74765,153.471783333333,21776,21955,179
100,0,blank,0,149.838866666667,185.773333333333,21955,22132,177
100,11,"%d",62,121.85475,224.796883333333,22132,22309,177
100,10,"Enterthesizeofthelist:",57,120.217733333333,218.607166666667,22309,22486,177
100,10,"Enterthesizeofthelist:",57,117.211166666667,210.86875,22486,22667,181
100,7,20,44,142.1403,154.543816666667,22667,22843,176
100,0,blank,0,135.495716666667,165.692716666667,22843,23022,179
100,0,blank,0,122.15715,255.884133333333,23022,23201,179
100,0,blank,0,121.6144,244.943033333333,23201,23378,177
100,11,size,65,178.429616666667,223.6685,23378,23558,180
100,0,blank,0,236.29555,226.055383333333,23558,23734,176
100,10,"Enterthesizeofthelist:",57,293.422516666667,219.71265,23734,23912,178
100,10,"Enterthesizeofthelist:",57,342.5524,219.68145,23912,24091,179
100,10,"Enterthesizeofthelist:",57,363.6597,217.629583333333,24091,24269,178
100,10,"Enterthesizeofthelist:",57,371.292733333333,202.530683333333,24269,24447,178
100,0,blank,0,381.01965,196.15195,24447,24506,59
100,0,blank,0,172.9466,157.796083333333,24535,24712,177
100,8,=,49,153.896466666667,161.793683333333,24712,24887,175
100,0,blank,0,141.09425,159.31335,24887,25063,176
100,0,blank,0,159.297166666667,157.050016666667,25063,25239,176
100,7,;,46,170.258666666667,146.845583333333,25239,25415,176
100,8,0,50,165.155,165.79892,25415,25563,148
100,10,"Enterthesizeofthelist:",57,361.651566666667,214.439816666667,25592,25769,177
100,10,"Enterthesizeofthelist:",57,283.399433333333,213.26755,25769,25947,178
100,11,size,65,175.18435,242.981866666667,25947,26124,177
100,11,"%d",62,133.610433333333,243.397833333333,26124,26300,176
100,12,=,69,109.320466666667,253.3369,26300,26474,174
100,11,comma,63,150.312583333333,239.598716666667,26474,26650,176
100,0,blank,0,209.905916666667,252.96225,26650,26827,177
100,0,blank,0,202.911566666667,245.648066666667,26827,27003,176
100,0,blank,0,120.727966666667,253.984733333333,27003,27179,176
100,11,"%d",62,109.7574,236.47675,27179,27356,177
100,0,blank,0,104.84505,244.524716666667,27356,27531,175
100,0,blank,0,100.031466666667,252.857833333333,27531,27707,176
100,11,&,64,172.138666666667,228.359233333333,27707,27885,178
100,0,blank,0,238.766633333333,230.64635,27885,28062,177
100,0,blank,0,262.404016666667,237.839133333333,28062,28238,176
100,0,blank,0,221.720066666667,257.2935,28238,28415,177
100,0,blank,0,213.308716666667,258.020033333333,28415,28592,177
100,10,"Enterthesizeofthelist:",57,182.896466666667,210.703133333333,28592,28766,174
100,8,=,49,150.4138,164.0403,28766,28941,175
100,7,20,44,143.800383333333,155.84355,28941,29114,173
100,0,blank,0,149.8106,185.16025,29114,29288,174
100,0,blank,0,137.66385,179.3748,29288,29464,176
100,7,[,43,130.6245,144.280516666667,29464,29639,175
100,0,blank,0,177.757983333333,138.410383333333,29639,29815,176
100,0,blank,0,213.087933333333,192.426516666667,29815,29990,175
100,13,"Printingthelist:\n",74,245.448,276.141216666667,29990,30166,176
100,0,blank,0,222.211666666667,253.34885,30166,30344,178
100,0,blank,0,223.256083333333,255.303866666667,30344,30522,178
100,0,blank,0,254.2518,232.38165,30522,30701,179
100,0,blank,0,286.934116666667,242.22375,30701,30877,176
100,0,blank,0,326.64435,233.558433333333,30877,31055,178
100,0,blank,0,346.323,225.1293,31055,31085,30
100,0,blank,0,-323,-105,31145,31249,104
100,0,blank,0,577.633966666667,547.428666666667,31330,31416,86
100,0,blank,0,236.03466,250.65654,31450,31620,170
100,0,blank,0,198.32615,263.305483333333,31620,31806,186
100,13,"Printingthelist:\n",74,136.329166666667,276.20985,31806,31989,183
100,13,"Printingthelist:\n",74,118.29005,268.29325,31989,32170,181
100,13,"Printingthelist:\n",74,115.622383333333,271.4283,32170,32350,180
100,13,"Printingthelist:\n",74,117.961016666667,268.766333333333,32350,32529,179
100,12,;,71,169.789366666667,254.896033333333,32529,32709,180
100,12,;,71,171.394366666667,255.13775,32709,32888,179
100,13,"Printingthelist:\n",74,158.41915,268.65805,32888,33069,181
100,12,size,70,161.061066666667,257.728183333333,33069,33249,180
100,13,"Printingthelist:\n",74,172.447816666667,267.998683333333,33249,33431,182
100,0,blank,0,201.940033333333,259.43295,33431,33612,181
100,11,size,65,202.52355,234.41775,33612,33673,61
100,13,"Printingthelist:\n",74,117.0433,282.878733333333,33703,33885,182
100,13,"Printingthelist:\n",74,119.005733333333,272.468833333333,33885,34070,185
100,14,=,80,118.301916666667,290.482383333333,34070,34250,180
100,12,size,70,127.86205,246.179933333333,34250,34433,183
100,0,blank,0,159.5477,168.628383333333,34433,34614,181
100,6,index,37,172.967983333333,130.007916666667,34614,34796,182
100,6,index,37,193.778925,126.1689,34796,34916,120
100,13,"Printingthelist:\n",74,159.641966666667,267.83765,34946,35127,181
100,12,size,70,155.248733333333,258.059633333333,35127,35312,185
100,12,;,71,170.6682,249.4422,35312,35343,31
100,0,blank,0,-323,-105,35403,35505,102
100,11,size,65,179.5455,225.6142,35547,35602,55
100,0,blank,0,190.14005,256.8922,35670,35843,173
100,0,blank,0,182.531066666667,250.5239,35843,36024,181
100,11,),66,215.500333333333,235.38135,36024,36204,180
100,11,),66,218.0696,227.1135,36204,36324,120
100,0,blank,0,195.5633,247.184233333333,36383,36566,183
100,14,size,85,237.1525,301.3648,36566,36596,30
100,0,blank,0,519.2656,-103.588,36656,36684,28
100,0,blank,0,-323,-105,36714,36879,165
100,0,blank,0,-323,-105,36879,37043,164
100,0,blank,0,-323,-105,37043,37205,162
100,0,blank,0,-323,-105,37205,37382,177
100,0,blank,0,-323,-105,37382,37570,188
100,0,blank,0,-323,-105,37570,37749,179
100,0,blank,0,-323,-105,37749,37920,171
100,0,blank,0,-323,-105,37920,38085,165
100,0,blank,0,-323,-105,38085,38276,191
100,0,blank,0,-323,-105,38276,38379,103
100,0,blank,0,-323,-105,38379,38513,134
100,0,blank,0,-323,-105,38513,38709,196
100,0,blank,0,-323,-105,38709,38834,125
100,0,blank,0,-323,-105,38834,39032,198
100,0,blank,0,-323,-105,39032,39251,219
100,0,blank,0,-323,-105,39251,39433,182
100,0,blank,0,-323,-105,39433,39563,130
100,0,blank,0,-323,-105,39563,39771,208
100,0,blank,0,-323,-105,39771,39841,70
100,0,blank,0,-323,-105,39841,40096,255
100,0,blank,0,-323,-105,40096,40299,203
100,0,blank,0,-323,-105,40299,40484,185
100,0,blank,0,-323,-105,40484,40848,364
100,0,blank,0,-323,-105,40848,41082,234
100,0,blank,0,-323,-105,41082,41264,182
100,0,blank,0,-323,-105,41264,41376,112
100,0,blank,0,-323,-105,41376,41499,123
100,0,blank,0,-323,-105,41499,41618,119
100,0,blank,0,-323,-105,41618,41755,137
100,0,blank,0,-323,-105,41755,41862,107
100,0,blank,0,-323,-105,41862,42059,197
100,0,blank,0,-323,-105,42059,42215,156
100,0,blank,0,-323,-105,42215,42355,140
100,0,blank,0,-323,-105,42355,42493,138
100,0,blank,0,-323,-105,42493,42884,391
100,0,blank,0,-323,-105,42884,43130,246
100,0,blank,0,-323,-105,43130,43313,183
100,0,blank,0,-323,-105,43313,43508,195
100,0,blank,0,-323,-105,43508,43706,198
100,0,blank,0,-323,-105,43706,43822,116
100,0,blank,0,-323,-105,43822,43961,139
100,0,blank,0,-323,-105,43961,44070,109
100,0,blank,0,-323,-105,44070,44190,120
100,0,blank,0,-323,-105,44190,44378,188
100,0,blank,0,-323,-105,44378,44564,186
100,0,blank,0,-323,-105,44564,44741,177
100,0,blank,0,-323,-105,44741,44934,193
100,0,blank,0,-323,-105,44934,45034,100
100,0,blank,0,-323,-105,45034,45283,249
100,0,blank,0,-323,-105,45283,45338,55
100,0,blank,0,-323,-105,45338,45588,250
100,0,blank,0,-323,-105,45588,45893,305
100,0,blank,0,-323,-105,45893,45956,63
100,0,blank,0,-323,-105,45956,46189,233
100,0,blank,0,-323,-105,46189,46413,224
100,0,blank,0,-323,-105,46413,46574,161
100,0,blank,0,-323,-105,46574,46714,140
100,0,blank,0,-323,-105,46714,46865,151
100,0,blank,0,-323,-105,46865,47056,191
100,0,blank,0,-323,-105,47113,47299,186
100,0,blank,0,-323,-105,47299,47484,185
100,0,blank,0,-323,-105,47484,47680,196
100,0,blank,0,-323,-105,47680,47842,162
100,0,blank,0,518.9298,552.718175,47981,48095,114
100,0,blank,0,543.35205,534.657366666667,48123,48294,171
100,0,blank,0,531.941557142857,533.825014285714,48381,48579,198
100,0,blank,0,498.35746,585.61558,48579,48757,178
100,0,blank,0,456.01554,585.83092,48757,48904,147
100,0,blank,0,450.016566666667,606.28005,48904,49099,195
100,0,blank,0,468.876885714286,595.591742857143,49099,49297,198
100,0,blank,0,467.0518,577.60515,49297,49354,57
100,0,blank,0,514.375933333333,530.500066666667,49410,49600,190
100,0,blank,0,500.25792,533.67408,49629,49824,195
100,0,blank,0,-323,-105,49850,50042,192
100,0,blank,0,-323,-105,50042,50233,191
100,12,size,70,127.215,262.7055,50264,50294,30
100,0,blank,0,235.20595,249.5163,50414,50586,172
100,0,blank,0,270.72794,257.9465,50586,50785,199
100,0,blank,0,152.236133333333,295.819466666667,50828,50946,118
100,12,=,69,108.2965,261.927475,51025,51144,119
100,12,size,70,161.077266666667,262.757316666667,51204,51386,182
100,0,blank,0,133.795283333333,310.288966666667,51386,51568,182
100,11,scanf,60,73.9657,242.998125,51568,51685,117
100,0,blank,0,29.3654666666667,303.039466666667,51714,51893,179
100,0,blank,0,27.6686166666667,299.032783333333,51893,52071,178
100,0,blank,0,9.38686666666667,299.139666666667,52071,52250,179
100,0,blank,0,27.1436333333333,319.480783333333,52250,52426,176
100,0,blank,0,148.993733333333,329.85755,52426,52603,177
100,0,blank,0,172.019816666667,324.05915,52603,52779,176
100,0,blank,0,174.731466666667,296.271716666667,52779,52954,175
100,13,"Printingthelist:\n",74,207.870283333333,273.3712,52954,53130,176
100,0,blank,0,186.37855,316.53995,53130,53189,59
100,0,blank,0,72.4106666666667,316.57005,53218,53394,176
100,0,blank,0,101.4406,255.019,53394,53424,30
100,0,blank,0,119.411116666667,321.994983333333,53453,53629,176
100,0,blank,0,101.86,323.05975,53629,53687,58
100,0,blank,0,-323,-105,53716,53821,105
100,0,blank,0,350.552533333333,222.457566666667,53909,53999,90
100,11,size,65,187.671083333333,226.62315,54028,54200,172
100,11,"%d",62,135.4164,226.8516,54200,54374,174
100,13,"Printingthelist:\n",74,157.53335,278.818933333333,54374,54573,199
100,13,"Printingthelist:\n",74,166.63214,278.64694,54573,54723,150
100,0,blank,0,208.002283333333,311.228683333333,54783,54961,178
100,14,;,86,248.978866666667,294.17365,54961,55136,175
100,13,"Printingthelist:\n",74,256.87276,283.12544,55136,55314,178
100,0,blank,0,260.64135,200.91185,55314,55377,63
100,0,blank,0,180.27092,222.16798,55407,55558,151
100,12,size,70,158.67865,254.2942,55587,55770,183
100,0,blank,0,194.157166666667,246.538916666667,55770,55949,179
100,13,"Printingthelist:\n",74,145.81185,270.7581,55949,56128,179
100,0,blank,0,196.642883333333,263.16765,56128,56309,181
100,10,"Enterthesizeofthelist:",57,192.3135,209.84405,56309,56367,58
100,0,blank,0,207.750383333333,248.557083333333,56397,56573,176
100,0,blank,0,188.102783333333,315.225333333333,56573,56751,178
100,0,blank,0,200.7154,192.0458,56751,56872,121
100,0,blank,0,-323,-105,56966,57128,162
100,0,blank,0,-323,-105,57128,57305,177
100,0,blank,0,-323,-105,57305,57463,158
100,0,blank,0,-323,-105,57463,57633,170
100,0,blank,0,-323,-105,57633,57816,183
100,0,blank,0,-323,-105,57816,58006,190
100,0,blank,0,-323,-105,58006,58187,181
100,0,blank,0,-323,-105,58187,58309,122
100,0,blank,0,253.02735,315.83165,58381,58449,68
100,0,blank,0,224.772,345.57035,58540,58707,167
100,0,blank,0,248.66,331.0643,58707,58808,101
100,17,[,107,278.5237,370.4949,58808,58949,141
100,16,size,100,285.01495,343.04985,58949,59130,181
100,16,size,100,274.674875,353.126925,59130,59306,176
100,16,%,99,259.3444,340.9227,59306,59470,164
100,16,list,91,116.95924,344.23166,59470,59664,194
100,0,blank,0,72.04884,362.82494,59664,59810,146
100,0,blank,0,-323,-105,59839,60020,181
100,0,blank,0,-323,-105,60020,60219,199
100,0,blank,0,-323,-105,60219,60386,167
100,0,blank,0,-323,-105,60386,60684,298
100,0,blank,0,-323,-105,60684,60715,31
100,0,blank,0,-323,-105,60715,61018,303
100,0,blank,0,-323,-105,61018,61183,165
100,0,blank,0,-323,-105,61183,61403,220
100,29,int,176,64.0728,629.0691,61533,61575,42
100,0,blank,0,140.1946,324.8561,61669,61694,25
100,19,"\nEnterthekeytosearch:",115,127.6563,402.6598,61694,61992,298
100,16,list,91,112.6195,335.4631,61992,62154,162
100,0,blank,0,122.9212,385.92595,62154,62273,119
100,0,blank,0,-323,-105,62316,62509,193
100,0,blank,0,-323,-105,62509,62689,180
100,0,blank,0,-323,-105,62689,62876,187
100,0,blank,0,-323,-105,62876,63000,124
100,0,blank,0,-323,-105,63000,63250,250
100,0,blank,0,-323,-105,63250,63585,335
100,0,blank,0,-323,-105,63585,64226,641
100,0,blank,0,-323,-105,64226,64388,162
100,0,blank,0,-323,-105,64388,64434,46
100,0,blank,0,-323,-105,64434,64643,209
100,0,blank,0,-323,-105,64643,64857,214
100,0,blank,0,-323,-105,64857,65494,637
100,0,blank,0,-323,-105,65494,65955,461
100,0,blank,0,-323,-105,65955,66096,141
100,0,blank,0,243.8857,244.1521,66134,66177,43
100,0,blank,0,-323,-105,66325,66362,37
100,17,"%d\t",104,174.825716666667,360.4239,66515,66713,198
100,17,"%d\t",104,200.608166666667,361.056783333333,66713,66888,175
100,0,blank,0,66.12725,375.056,66917,67094,177
100,17,printf,102,101.7819,365.4187,67094,67271,177
100,16,[,92,130.552383333333,336.07415,67271,67449,178
100,0,blank,0,148.485866666667,331.7474,67449,67625,176
100,0,blank,0,153.016866666667,338.324933333333,67625,67803,178
100,17,"%d\t",104,189.689566666667,361.541733333333,67803,67980,177
100,16,=,95,167.850116666667,338.967483333333,67980,68158,178
100,17,"%d\t",104,192.6856,360.218233333333,68158,68336,178
100,17,"%d\t",104,193.786366666667,369.524933333333,68336,68517,181
100,0,blank,0,202.3923,380.9551,68517,68546,29
100,12,index,68,94.9721833333333,255.463266666667,68577,68754,177
100,14,=,80,115.641566666667,299.311483333333,68754,68933,179
100,0,blank,0,181.52805,354.249783333333,68933,69113,180
100,0,blank,0,199.70455,384.9155,69113,69290,177
100,16,rand,96,186.733333333333,350.362233333333,69290,69467,177
100,20,key,123,199.3955,424.69865,69467,69526,59
100,0,blank,0,-323,-105,69676,69822,146
100,0,blank,0,-323,-105,69822,69946,124
100,0,blank,0,-323,-105,69946,70052,106
100,0,blank,0,-323,-105,70052,70176,124
100,0,blank,0,-323,-105,70176,70284,108
100,0,blank,0,-323,-105,70284,70377,93
100,0,blank,0,-323,-105,70377,70902,525
100,0,blank,0,-323,-105,70902,70964,62
100,0,blank,0,-323,-105,70964,71296,332
100,0,blank,0,-323,-105,71296,71486,190
100,0,blank,0,-323,-105,71486,71630,144
100,0,blank,0,-323,-105,71630,71973,343
100,0,blank,0,-323,-105,71973,72193,220
100,0,blank,0,-323,-105,72193,72378,185
100,0,blank,0,-323,-105,72378,72543,165
100,0,blank,0,-323,-105,72543,72685,142
100,0,blank,0,-323,-105,72685,72851,166
100,0,blank,0,-323,-105,72851,73045,194
100,0,blank,0,-323,-105,73045,73242,197
100,0,blank,0,-323,-105,73242,73368,126
100,0,blank,0,-323,-105,73368,73491,123
100,0,blank,0,-323,-105,73491,73811,320
100,0,blank,0,-323,-105,73811,73987,176
100,0,blank,0,-323,-105,73987,74176,189
100,0,blank,0,-323,-105,74176,74282,106
100,0,blank,0,-323,-105,74282,74534,252
100,13,"Printingthelist:\n",74,231.466225,281.7936,74601,74730,129
100,14,;,86,247.60925,296.172566666667,74763,74939,176
100,13,"Printingthelist:\n",74,243.40065,268.34565,74939,74998,59
100,0,blank,0,316.08602,325.14514,75027,75175,148
100,0,blank,0,315.72295,310.49175,75233,75411,178
100,0,blank,0,347.890533333333,334.476983333333,75411,75592,181
100,0,blank,0,331.07065,347.624833333333,75592,75763,171
100,0,blank,0,334.76105,311.5499,75792,75850,58
100,0,blank,0,188.438633333333,314.396133333333,75881,76055,174
100,0,blank,0,187.668333333333,329.318433333333,76055,76228,173
100,14,size,85,208.654866666667,294.116583333333,76228,76411,183
100,14,size,85,210.264966666667,305.013,76411,76500,89
100,13,"Printingthelist:\n",74,215.727633333333,277.661266666667,76560,76740,180
100,0,blank,0,213.002266666667,261.8124,76740,76916,176
100,12,;,71,171.8978,260.5015,76916,76945,29
100,10,"Enterthesizeofthelist:",57,179.664975,213.716575,76975,77098,123
100,0,blank,0,182.3113,258.2691,77128,77157,29
100,0,blank,0,-323,-105,77187,77292,105
100,0,blank,0,167.1097,188.5731,77318,77344,26
100,10,"Enterthesizeofthelist:",57,167.901642857143,206.156757142857,77397,77593,196
100,10,"Enterthesizeofthelist:",57,215.604733333333,216.775616666667,77593,77772,179
100,0,blank,0,291.449316666667,259.928916666667,77772,77949,177
100,13,),75,338.335216666667,274.858216666667,77949,78127,178
100,0,blank,0,-323,-105,78156,78312,156
100,0,blank,0,183.3517,262.69875,78441,78613,172
100,11,size,65,191.6523,236.4645,78613,78671,58
100,0,blank,0,177.998483333333,298.845983333333,78700,78876,176
100,13,"Printingthelist:\n",74,187.713616666667,280.9209,78876,79053,177
100,10,"Enterthesizeofthelist:",57,214.63655,209.9762,79053,79152,99
100,10,"Enterthesizeofthelist:",57,215.1689,216.7813,79152,79262,110
100,11,size,65,203.976275,243.117625,79366,79561,195
100,0,blank,0,204.309716666667,323.4957,79592,79771,179
100,0,blank,0,201.584033333333,247.779733333333,79771,79861,90
100,11,size,65,203.066033333333,241.707433333333,79892,79982,90
100,0,blank,0,177.110816666667,314.332,80012,80196,184
100,13,"Printingthelist:\n",74,171.534516666667,279.16255,80196,80377,181
100,0,blank,0,188.369,324.5398,80377,80407,30
100,0,blank,0,197.004316666667,250.616433333333,80437,80621,184
100,13,"Printingthelist:\n",74,243.3327,286.65985,80621,80683,62
100,13,"Printingthelist:\n",74,242.282166666667,282.293366666667,80714,80895,181
100,13,"Printingthelist:\n",74,179.399,287.7261,80895,80931,36
100,0,blank,0,199.53115,297.61015,80960,81083,123
100,0,blank,0,-323,-105,81113,81243,130
100,10,"Enterthesizeofthelist:",57,173.4427,218.9944,81296,81360,64
100,13,"Printingthelist:\n",74,170.809466666667,269.475233333333,81424,81606,182
100,14,<,84,184.256216666667,293.521866666667,81606,81783,177
100,0,blank,0,196.638433333333,254.742683333333,81872,82049,177
100,13,"Printingthelist:\n",74,181.21895,270.92115,82049,82108,59
100,0,blank,0,197.4539,167.6919,82137,82197,60
100,0,blank,0,184.9334,222.718383333333,82228,82410,182
100,10,"Enterthesizeofthelist:",57,184.788066666667,212.462133333333,82410,82501,91
100,0,blank,0,-323,-105,82530,82662,132
100,0,blank,0,187.040257142857,260.3037,82797,82992,195
100,12,;,71,169.976342857143,257.007071428571,82992,83191,199
100,0,blank,0,180.753175,251.287175,83191,83306,115
100,13,"Printingthelist:\n",74,174.613983333333,274.201183333333,83369,83547,178
100,0,blank,0,175.099233333333,303.021633333333,83547,83728,181
100,13,"Printingthelist:\n",74,172.448583333333,273.541733333333,83728,83901,173
100,13,"Printingthelist:\n",74,144.8469,269.504683333333,83930,84108,178
100,0,blank,0,154.825833333333,185.17635,84108,84291,183
100,0,blank,0,154.627566666667,180.1959,84291,84468,177
100,8,0,50,165.45778,169.89036,84468,84614,146
100,0,blank,0,164.901216666667,109.167566666667,84644,84821,177
100,7,],45,156.728933333333,153.215666666667,84821,85003,182
100,0,blank,0,164.479616666667,157.532616666667,85003,85182,179
100,8,=,49,145.573833333333,169.04525,85182,85365,183
100,8,count,48,131.876475,159.11635,85365,85485,120
100,0,blank,0,131.623,185.472066666667,85514,85603,89
100,0,blank,0,141.765833333333,107.155216666667,85632,85809,177
100,0,blank,0,145.688333333333,110.072683333333,85809,85986,177
100,7,20,44,148.9527,153.4639,85986,86016,30
100,0,blank,0,159.664766666667,97.4898666666667,86074,86252,178
100,0,blank,0,204.462,94.6197,86252,86431,179
100,0,blank,0,190.660383333333,80.2508833333333,86431,86608,177
100,0,blank,0,177.1032,110.59705,86608,86667,59
100,0,blank,0,209.325866666667,177.287183333333,86697,86880,183
100,0,blank,0,283.97365,179.72875,86880,87055,175
100,0,blank,0,355.440166666667,161.829316666667,87055,87231,176
100,0,blank,0,378.9653,154.67685,87231,87350,119
100,13,"Printingthelist:\n",74,197.8243,283.0134,87380,87559,179
100,0,blank,0,-323,-105,87589,87745,156
100,0,blank,0,197.030516666667,324.802733333333,87990,88162,172
100,0,blank,0,201.3949,297.2079,88162,88220,58
100,0,blank,0,181.515,88.5408,88248,88278,30
100,0,blank,0,-323,-105,88310,88443,133
100,0,blank,0,204.7908,199.890933333333,88589,88684,95
100,0,blank,0,220.39344,310.5116,88745,88898,153
100,0,blank,0,276.6278,231.0065,88928,88957,29
100,10,"Enterthesizeofthelist:",57,270.76548,211.19678,88988,89137,149
100,0,blank,0,298.0614,263.62446,89137,89315,178
100,0,blank,0,299.75675,314.501,89315,89404,89
100,0,blank,0,306.294166666667,289.664566666667,89432,89524,92
100,0,blank,0,275.27548,245.39866,89553,89701,148
100,0,blank,0,-323,-105,89730,89861,131
100,0,blank,0,-323,-105,89861,89930,69
100,13,"Printingthelist:\n",74,312.79645,268.1364,90102,90277,175
100,10,"Enterthesizeofthelist:",57,330.49632,211.25796,90277,90461,184
100,0,blank,0,247.92925,265.110383333333,90489,90667,178
100,13,"Printingthelist:\n",74,205.649483333333,282.62205,90667,90846,179
100,0,blank,0,170.8343,316.6064,90846,90875,29
100,12,;,71,164.56925,263.3425,90905,90963,58
100,0,blank,0,-323,-105,90992,91173,181
100,0,blank,0,-323,-105,91173,91293,120
100,0,blank,0,248.5984,252.03886,91324,91472,148
100,13,"Printingthelist:\n",74,299.560816666667,271.1914,91503,91683,180
100,0,blank,0,297.096683333333,322.488733333333,91683,91863,180
100,0,blank,0,307.496725,324.161575,91863,91982,119
100,0,blank,0,-323,-105,92102,92273,171
100,13,;,76,346.62095,268.374366666667,92458,92632,174
100,0,blank,0,371.008,261.7279,92632,92661,29
100,0,blank,0,-323,-105,92814,92976,162
100,0,blank,0,-323,-105,92976,93071,95
100,0,blank,0,-323,-105,93071,93310,239
100,0,blank,0,-323,-105,93310,93643,333
100,0,blank,0,-323,-105,93643,93915,272
100,0,blank,0,-323,-105,93915,94069,154
100,0,blank,0,-323,-105,94069,94245,176
100,0,blank,0,-323,-105,94245,94387,142
100,0,blank,0,-323,-105,94387,94516,129
100,0,blank,0,-323,-105,94516,94683,167
100,0,blank,0,-323,-105,94683,94879,196
100,0,blank,0,-323,-105,94879,94910,31
100,0,blank,0,-323,-105,94910,95329,419
100,0,blank,0,-323,-105,95329,95483,154
100,0,blank,0,170.91135,387.066325,95953,96115,162
100,0,blank,0,-323,-105,96196,96385,189
100,0,blank,0,-323,-105,96385,96564,179
100,0,blank,0,-323,-105,96564,96754,190
100,0,blank,0,-323,-105,96754,96829,75
100,0,blank,0,143.3032,422.07805,96868,97060,192
100,19,"\nEnterthekeytosearch:",115,140.5861,411.162028571429,97060,97257,197
100,19,"\nEnterthekeytosearch:",115,129.250266666667,400.62135,97286,97462,176
100,20,scanf,118,62.6532,426.78325,97462,97635,173
100,20,scanf,118,68.324175,428.526475,97635,97750,115
100,16,rand,96,199.84845,350.9408,97779,97837,58
100,0,blank,0,203.1226,393.120316666667,97866,98040,174
100,19,"\nEnterthekeytosearch:",115,214.147983333333,408.835866666667,98040,98216,176
100,0,blank,0,247.74962,433.0304,98216,98361,145
100,0,blank,0,-323,-105,98391,98548,157
100,0,blank,0,221.947342857143,398.749628571429,98673,98867,194
100,0,blank,0,213.151733333333,377.868233333333,98867,98955,88
100,19,printf,113,68.6709666666667,417.094,98985,99073,88
100,19,printf,113,92.3255833333333,419.324016666667,99102,99278,176
100,19,"\nEnterthekeytosearch:",115,152.449233333333,413.374833333333,99278,99456,178
100,19,"\nEnterthekeytosearch:",115,126.379,412.8121,99456,99617,161
100,17,(,103,150.7639,360.0189,99617,99744,127
100,0,blank,0,-323,-105,99843,99995,152
100,0,blank,0,-323,-105,99995,100177,182
100,0,blank,0,-323,-105,100177,100293,116
100,0,blank,0,-323,-105,100293,100423,130
100,0,blank,0,-323,-105,100423,100619,196
100,0,blank,0,-323,-105,100619,100733,114
100,0,blank,0,-323,-105,100733,100910,177
100,0,blank,0,-323,-105,100910,101030,120
100,0,blank,0,-323,-105,101030,101254,224
100,0,blank,0,-323,-105,101254,101578,324
100,0,blank,0,-323,-105,101578,101735,157
100,0,blank,0,-323,-105,101735,101922,187
100,0,blank,0,-323,-105,101922,102076,154
100,0,blank,0,-323,-105,102076,102236,160
100,0,blank,0,-323,-105,102236,102396,160
100,0,blank,0,-323,-105,102396,102589,193
100,0,blank,0,-323,-105,102589,102701,112
100,0,blank,0,-323,-105,102831,102886,55
100,23,"\nTheelementfoundat%dlocation",147,141.0129,488.4109,103164,103264,100
100,0,blank,0,-323,-105,103382,103510,128
100,0,blank,0,-323,-105,103510,103670,160
100,0,blank,0,-323,-105,103670,103713,43
100,0,blank,0,-323,-105,103713,103916,203
100,0,blank,0,-323,-105,103916,103990,74
100,0,blank,0,-323,-105,103990,104141,151
100,0,blank,0,-323,-105,104141,104190,49
100,0,blank,0,-323,-105,104190,104378,188
100,0,blank,0,-323,-105,104378,104499,121
100,0,blank,0,-323,-105,104499,104737,238
100,0,blank,0,-323,-105,104737,104932,195
100,0,blank,0,-323,-105,104932,105164,232
100,0,blank,0,-323,-105,105164,105237,73
100,0,blank,0,-323,-105,105237,105697,460
100,0,blank,0,-323,-105,105697,106115,418
100,0,blank,0,-323,-105,106115,106276,161
100,0,blank,0,-323,-105,106276,106418,142
100,0,blank,0,-323,-105,106418,106739,321
100,0,blank,0,-323,-105,106739,107087,348
100,19,"\nEnterthekeytosearch:",115,239.3432,407.3848,107112,107137,25
100,19,printf,113,80.967725,418.90305,107798,107993,195
100,20,scanf,118,91.593,432.9936,107993,108036,43
100,0,blank,0,-323,-105,108110,108161,51
100,0,blank,0,395.671,704.430616666667,108316,108493,177
100,0,blank,0,402.3766,713.74064,108493,108640,147
100,0,blank,0,436.28158,684.50878,108640,108837,197
100,0,blank,0,471.50722,681.0652,108837,108979,142
100,0,blank,0,473.6886,697.9778,108979,109095,116
100,0,blank,0,523.5016,680.55885,109123,109181,58
100,0,blank,0,402.068866666667,685.713566666667,109209,109296,87
100,0,blank,0,431.3058,-103.9221,109413,109442,29
100,0,blank,0,439.815928571429,693.591514285714,109473,109671,198
100,0,blank,0,509.773071428571,684.202485714286,109671,109869,198
100,0,blank,0,557.75305,708.05685,109869,109985,116
100,0,blank,0,532.56385,682.475675,110013,110128,115
100,0,blank,0,477.220871428571,690.474785714286,110183,110374,191
100,0,blank,0,438.911433333333,701.90485,110374,110547,173
100,0,blank,0,455.717828571429,707.975428571429,110547,110745,198
100,0,blank,0,449.4674,711.6311,110745,110802,57
100,0,blank,0,449.863242857143,547.490385714286,110831,111029,198
100,0,blank,0,454.4408,513.892171428571,111029,111224,195
100,0,blank,0,446.402914285714,537.335985714286,111224,111418,194
100,0,blank,0,473.365314285714,536.0858,111418,111617,199
100,0,blank,0,459.695533333333,534.306633333333,111617,111700,83
100,0,blank,0,500.3708,544.087642857143,111754,111950,196
100,0,blank,0,467.946285714286,673.599514285714,111950,112146,196
100,0,blank,0,455.487685714286,674.334642857143,112146,112344,198
100,0,blank,0,412.540333333333,704.213883333333,112344,112518,174
100,0,blank,0,401.1759,708.946085714286,112518,112713,195
100,0,blank,0,643.4576,-103.8671,112850,112875,25
100,0,blank,0,388.042385714286,698.836914285714,112900,113084,184
100,0,blank,0,421.53,704.66465,113084,113143,59
100,0,blank,0,450.101128571429,719.637328571429,113170,113367,197
100,0,blank,0,484.5509,725.504071428571,113367,113564,197
100,0,blank,0,467.321,721.68485,113564,113621,57
100,0,blank,0,632.5211,-103.8588,113802,113828,26
100,0,blank,0,460.966866666667,675.005933333333,113852,113929,77
100,0,blank,0,429.635928571429,700.321414285714,113955,114153,198
100,0,blank,0,408.878957142857,721.092014285714,114153,114349,196
100,0,blank,0,421.2144,723.9691,114349,114377,28
100,0,blank,0,-323,-105,114407,114434,27
100,0,blank,0,395.5522,689.5795,114459,114484,25
100,0,blank,0,418.7808,693.0049,114536,114643,107
100,0,blank,0,401.10035,706.365,114750,114808,58
100,0,blank,0,431.863583333333,677.344816666667,114863,115058,195
100,0,blank,0,413.9298,690.08036,115058,115196,138
100,0,blank,0,400.888666666667,708.3882,115258,115338,80
100,0,blank,0,413.12045,683.3821,115369,115484,115
100,0,blank,0,424.3867,636.7767,115565,115595,30
100,0,blank,0,423.087433333333,692.025483333333,115651,115846,195
100,0,blank,0,418.08735,697.9464,115846,115904,58
100,0,blank,0,408.975025,725.504925,116012,116148,136
100,0,blank,0,438.2968,758.6141,116177,116205,28
100,0,blank,0,602.0091,-103.828,116362,116387,25
100,0,blank,0,-323,-105,116462,116639,177
100,0,blank,0,-323,-105,116639,116816,177
100,0,blank,0,-323,-105,116816,116975,159
100,0,blank,0,-323,-105,116975,117509,534
100,0,blank,0,-323,-105,117509,117665,156
100,0,blank,0,-323,-105,117665,117808,143
100,0,blank,0,-323,-105,117808,117979,171
100,0,blank,0,-323,-105,117979,118174,195
100,0,blank,0,-323,-105,118174,118355,181
100,0,blank,0,-323,-105,118355,118532,177
100,0,blank,0,-323,-105,118532,118696,164
100,0,blank,0,-323,-105,118696,118879,183
100,0,blank,0,-323,-105,118879,119017,138
100,0,blank,0,-323,-105,119017,119118,101
100,0,blank,0,-323,-105,119118,119218,100
100,0,blank,0,-323,-105,119218,119736,518
100,0,blank,0,-323,-105,119736,120277,541
100,0,blank,0,-323,-105,120277,120377,100
100,0,blank,0,-323,-105,120377,120478,101
100,0,blank,0,-323,-105,120478,120577,99
100,0,blank,0,-323,-105,120577,120704,127
100,0,blank,0,-323,-105,120704,120780,76
100,0,blank,0,-323,-105,120780,120916,136
100,0,blank,0,-323,-105,120916,121007,91
100,0,blank,0,-323,-105,121007,121124,117
100,0,blank,0,-323,-105,121124,121287,163
100,0,blank,0,-323,-105,121287,121325,38
100,0,blank,0,239.4965,468.58958,121359,121551,192
100,25,"\nTheelementisnotfound",157,215.1925,541.3306,121551,121593,42
100,0,blank,0,257.393825,466.216575,121749,121908,159
100,23,"\nTheelementfoundat%dlocation",147,254.2822,491.5645,121908,121987,79
100,21,index,132,255.145583333333,460.004383333333,122065,122246,181
100,23,"\nTheelementfoundat%dlocation",147,252.194266666667,491.556883333333,122246,122418,172
100,23,"\nTheelementfoundat%dlocation",147,229.866583333333,501.107733333333,122418,122591,173
100,0,blank,0,227.8876,485.4934,122591,122649,58
100,0,blank,0,93.73465,521.163583333333,122678,122851,173
100,24,else,154,63.9897666666667,511.560216666667,122851,123025,174
100,0,blank,0,31.02235,512.454566666667,123025,123201,176
100,0,blank,0,15.1236666666667,517.202266666667,123201,123289,88
100,0,blank,0,-323,-105,123318,123509,191
100,0,blank,0,-323,-105,123509,123559,50
100,25,printf,155,49.904325,543.7536,123685,123793,108
100,22,-1,143,162.377116666667,471.881583333333,123822,123996,174
100,0,blank,0,212.025542857143,465.518471428571,123996,124195,199
100,23,"\nTheelementfoundat%dlocation",147,213.145016666667,504.747966666667,124195,124372,177
100,23,"\nTheelementfoundat%dlocation",147,219.1005,492.9736,124372,124430,58
100,0,blank,0,-323,-105,124489,124590,101
100,0,blank,0,219.167257142857,510.445014285714,124700,124897,197
100,25,"\nTheelementisnotfound",157,211.0577,551.1292,124897,124926,29
100,24,else,154,45.0285833333333,515.961466666667,124955,125128,173
100,23,printf,145,56.1400166666667,497.430666666667,125128,125302,174
100,22,if,139,46.93785,467.6757,125302,125360,58
100,0,blank,0,225.82814,442.95342,125389,125535,146
100,0,blank,0,217.640333333333,467.039266666667,125561,125737,176
100,23,"\nTheelementfoundat%dlocation",147,218.315416666667,488.40745,125737,125911,174
100,23,"\nTheelementfoundat%dlocation",147,204.9132,497.1359,125911,126090,179
100,0,blank,0,222.468216666667,473.995666666667,126090,126265,175
100,0,blank,0,216.883983333333,471.288266666667,126265,126446,181
100,0,blank,0,212.44895,481.90255,126446,126628,182
100,23,"\nTheelementfoundat%dlocation",147,262.642766666667,487.6256,126628,126808,180
100,23,"\nTheelementfoundat%dlocation",147,272.795316666667,497.0999,126808,126992,184
100,0,blank,0,-323,-105,127021,127180,159
100,0,blank,0,-323,-105,127180,127221,41
100,23,"\nTheelementfoundat%dlocation",147,301.9881,502.56666,127420,127592,172
100,23,"\nTheelementfoundat%dlocation",147,299.91985,496.6685,127592,127652,60
100,21,comma,135,236.3602,450.9319,127680,127711,31
100,23,"\nTheelementfoundat%dlocation",147,281.2594,492.10265,127745,127806,61
100,23,"\nTheelementfoundat%dlocation",147,154.86398,502.44562,127835,127984,149
100,0,blank,0,160.3834,430.5989,128075,128107,32
100,0,blank,0,225.988625,518.8245,128136,128255,119
100,0,blank,0,290.811233333333,472.666116666667,128285,128463,178
100,0,blank,0,324.08865,512.390275,128463,128582,119
100,0,blank,0,332.1426,510.8245,128640,128670,30
100,0,blank,0,-323,-105,128730,128916,186
100,21,1,134,336.1207,444.1729,128962,129059,97
100,0,blank,0,265.847083333333,472.76655,129123,129302,179
100,23,"\nTheelementfoundat%dlocation",147,235.306266666667,494.52285,129302,129479,177
100,22,-1,143,163.52156,484.15018,129509,129658,149
100,21,search,128,150.3905,446.47945,129688,129747,59
100,0,blank,0,12.14735,526.17015,129778,129837,59
100,0,blank,0,26.3451333333333,522.7005,129867,129957,90
100,0,blank,0,24.7579333333333,526.815983333333,129987,130166,179
100,23,printf,145,96.4769,488.4578,130196,130226,30
100,25,printf,155,48.7039666666667,547.1016,130257,130443,186
100,0,blank,0,10.8477,548.220916666667,130443,130622,179
100,0,blank,0,11.9286333333333,506.765133333333,130622,130800,178
100,0,blank,0,16.442,523.954416666667,130800,130977,177
100,0,blank,0,13.2789,546.506683333333,130977,131154,177
100,0,blank,0,12.9683666666667,543.164,131154,131332,178
100,0,blank,0,8.94896666666667,526.47765,131332,131514,182
100,0,blank,0,14.3639166666667,508.710516666667,131514,131698,184
100,0,blank,0,21.6345,515.120566666667,131698,131877,179
100,0,blank,0,15.6444,565.0219,131877,131907,30
100,0,blank,0,9.9506,687.495966666667,131937,132117,180
100,0,blank,0,3.94731666666668,682.709866666667,132117,132300,183
100,0,blank,0,5.2402,667.9043,132300,132483,183
100,0,blank,0,49.0210666666667,646.480733333333,132483,132664,181
100,0,blank,0,41.22805,659.217,132664,132845,181
100,0,blank,0,61.7142,617.3468,132845,132874,29
100,0,blank,0,956.612833333333,362.1783,132964,133150,186
100,0,blank,0,991.094,356.741266666667,133150,133329,179
100,0,blank,0,990.994,342.360316666667,133329,133506,177
100,0,blank,0,994.904333333333,337.397466666667,133506,133594,88
100,0,blank,0,78.6725,687.582533333333,133715,133805,90
100,25,printf,155,66.4493,538.257,133835,133865,30
100,0,blank,0,45.66764,641.73468,133895,134046,151
100,18,},112,47.8437333333333,385.466133333333,134080,134261,181
100,0,blank,0,41.4979833333333,478.519916666667,134261,134442,181
100,0,blank,0,28.95155,452.550183333333,134442,134620,178
100,0,blank,0,40.9971166666667,367.39915,134620,134798,178
100,0,blank,0,16.4896,305.426433333333,134798,134979,181
100,0,blank,0,13.7299833333333,285.646833333333,134979,135156,177
100,0,blank,0,22.83215,255.707716666667,135156,135334,178
100,0,blank,0,26.2357666666667,298.31195,135334,135512,178
100,0,blank,0,21.9467166666667,290.1111,135512,135689,177
100,0,blank,0,22.5828666666667,268.706766666667,135689,135866,177
100,0,blank,0,31.1284,327.488,135866,135894,28
100,27,int,172,11.8833166666667,585.49025,135924,136102,178
100,0,blank,0,11.9403166666667,597.708666666667,136102,136278,176
100,0,blank,0,17.3254666666667,617.960166666667,136278,136453,175
100,27,int,172,18.4373,580.980816666667,136453,136630,177
100,0,blank,0,20.8262666666667,554.3505,136630,136804,174
100,0,blank,0,22.3921333333333,539.297633333333,136804,136982,178
100,0,blank,0,28.1375666666667,525.0979,136982,137159,177
100,0,blank,0,27.481,531.098616666667,137159,137334,175
100,0,blank,0,31.3242666666667,548.27945,137334,137512,178
100,0,blank,0,41.1896,551.306575,137512,137631,119
100,0,blank,0,34.7463666666667,458.04695,137660,137838,178
100,0,blank,0,20.78535,483.524516666667,137838,138017,179
100,0,blank,0,26.1298333333333,464.069583333333,138017,138194,177
100,0,blank,0,43.3990333333333,398.399516666667,138194,138374,180
100,0,blank,0,12.9657,316.974883333333,138374,138553,179
100,0,blank,0,1.94425,242.698116666667,138553,138732,179
100,0,blank,0,3.9457,234.924083333333,138732,138910,178
100,0,blank,0,2.61419999999999,250.52195,138910,139088,178
100,0,blank,0,8.91303333333334,261.7253,139088,139265,177
100,0,blank,0,7.44673333333333,181.754,139265,139442,177
100,0,blank,0,16.7623166666667,107.521083333333,139442,139621,179
100,0,blank,0,3.08539999999999,-0.480000000000004,139621,139651,30
100,0,blank,0,-8.40361666666666,76.4305666666667,139711,139892,181
100,8,int,47,43.7265166666667,163.796033333333,139892,140073,181
100,0,blank,0,29.27344,168.10858,140073,140260,187
100,0,blank,0,-8.83839999999998,237.1898,140260,140374,114
100,0,blank,0,11.3696,246.82845,140374,140562,188
100,0,blank,0,10.136,254.482483333333,140562,140749,187
100,0,blank,0,16.1333666666667,272.098316666667,140749,140930,181
100,0,blank,0,27.1432,289.831333333333,140930,141113,183
100,0,blank,0,40.97105,308.0936,141113,141296,183
100,14,for,77,58.2134166666667,302.3952,141296,141480,184
100,0,blank,0,79.6189,312.217766666667,141480,141662,182
100,0,blank,0,69.79185,378.863183333333,141662,141845,183
100,19,printf,113,57.3881833333333,401.299033333333,141845,142034,189
100,0,blank,0,34.06265,428.719783333333,142034,142218,184
100,0,blank,0,29.7133,491.868533333333,142218,142399,181
100,0,blank,0,3.37918333333333,496.91735,142399,142581,182
100,0,blank,0,10.4459166666667,533.738433333333,142581,142762,181
100,0,blank,0,17.5392,550.93025,142762,142945,183
100,0,blank,0,13.5741,553.399033333333,142945,143124,179
100,27,int,172,5.82225,578.9506,143124,143301,177
100,28,{,175,4.28323333333334,616.868966666667,143301,143479,178
100,0,blank,0,13.4379,636.632,143479,143658,179
100,0,blank,0,3.87391666666667,652.983916666667,143658,143837,179
100,0,blank,0,68.0424666666667,664.244516666667,143837,144015,178
100,31,array,181,94.3341833333333,664.13635,144015,144194,179
100,0,blank,0,130.0924,648.27905,144194,144375,181
100,0,blank,0,198.670816666667,660.538666666667,144375,144556,181
100,0,blank,0,240.7961,652.266466666667,144556,144737,181
100,0,blank,0,276.960883333333,655.69865,144737,144915,178
100,0,blank,0,302.62074,651.86008,144915,145061,146
100,0,blank,0,-323,-105,145090,145241,151
100,0,blank,0,-4.9847857142857,679.847742857143,145380,145578,198
100,0,blank,0,17.0883666666667,670.112333333333,145578,145667,89
100,0,blank,0,17.0431666666667,444.694283333333,145696,145876,180
100,0,blank,0,18.6482833333333,466.690083333333,145876,146057,181
100,0,blank,0,29.4617333333333,518.604,146057,146235,178
100,0,blank,0,28.7800666666667,517.592,146235,146416,181
100,0,blank,0,24.4662166666667,496.71815,146416,146596,180
100,0,blank,0,29.8146833333333,547.004466666667,146596,146777,181
100,0,blank,0,29.3870166666667,557.528283333333,146777,146958,181
100,0,blank,0,31.9174833333333,541.466483333333,146958,147141,183
100,24,else,154,49.145,515.596283333333,147141,147323,182
100,23,printf,145,74.5086166666667,492.89865,147323,147506,183
100,23,printf,145,98.1845,502.2019,147506,147688,182
100,23,"\nTheelementfoundat%dlocation",147,121.325383333333,500.734916666667,147688,147869,181
100,0,blank,0,150.3561,512.77705,147869,148053,184
100,23,"\nTheelementfoundat%dlocation",147,186.6747,490.4384,148053,148080,27
100,17,"%d\t",104,161.8862,371.9628,148172,148204,32
100,27,search,162,83.867175,595.77625,148298,148423,125
100,0,blank,0,1035.11783333333,401.313033333333,148518,148704,186
100,0,blank,0,1012.9995,388.598233333333,148704,148885,181
100,0,blank,0,999.4385,419.29855,148885,149064,179
100,0,blank,0,992.665333333333,403.234283333333,149064,149244,180
100,0,blank,0,1013.18816666667,367.15515,149244,149425,181
100,0,blank,0,999.529333333333,406.701466666667,149425,149606,181
100,0,blank,0,993.52525,406.94015,149606,149726,120
100,31,array,181,97.666,666.4199,149817,149847,30
100,29,int,176,55.1219666666667,631.8758,149877,149968,91
101,0,blank,0,1016.161,741.9214,151313,151490,177
101,0,blank,0,999.909,733.552,151490,151521,31
101,0,blank,0,992.674,529.623866666667,151550,151729,179
101,0,blank,0,106.80285,373.11295,151819,152000,181
101,0,blank,0,9.55709999999999,401.2984,152061,152091,30
101,0,blank,0,31.8512666666667,379.001,152153,152245,92
101,25,printf,155,64.1425,298.77325,152276,152460,184
101,27,int,172,27.3084333333333,339.292366666667,152460,152649,189
101,0,blank,0,-1.91840000000002,297.5484,152649,152681,32
101,0,blank,0,-323,-105,152742,152850,108
101,0,blank,0,100.9178,379.543,152924,153012,88
101,27,search,162,88.3185142857143,346.750885714286,153081,153278,197
101,29,location,177,141.8079,394.755466666667,153278,153461,183
101,0,blank,0,197.343616666667,383.730716666667,153461,153643,182
101,27,],167,217.4178,335.25135,153643,153829,186
101,0,blank,0,249.958183333333,368.699216666667,153829,154009,180
101,0,blank,0,238.4428,383.110383333333,154009,154190,181
101,0,blank,0,243.68055,379.151766666667,154190,154366,176
101,0,blank,0,245.540466666667,372.7111,154366,154546,180
101,0,blank,0,318.899,370.01525,154546,154725,179
101,0,blank,0,321.5161,380.8493,154725,154785,60
101,21,list,130,197.3626,208.625033333333,154815,154997,182
101,19,"\nEnterthekeytosearch:",115,181.924666666667,167.706633333333,154997,155088,91
101,13,"Printingthelist:\n",74,250.0749,44.6976666666667,155118,155212,94
101,0,blank,0,188.68295,156.870916666667,155347,155536,189
101,21,search,128,182.652933333333,205.333666666667,155536,155628,92
101,20,key,123,182.609675,193.554,155658,155779,121
101,0,blank,0,273.222933333333,272.949533333333,155809,155900,91
101,27,comma,171,324.601333333333,340.911783333333,155930,156111,181
101,25,"\nTheelementisnotfound",157,215.104,295.114466666667,156141,156332,191
101,0,blank,0,203.1848,382.0232,156332,156363,31
101,27,int,172,245.36335,338.796,156393,156458,65
101,0,blank,0,272.007925,270.1475,156489,156613,124
101,0,blank,0,-323,-105,156644,156801,157
101,0,blank,0,30.7781,411.553183333333,157045,157228,183
101,0,blank,0,16.5658,390.69475,157228,157346,118
101,0,blank,0,37.7442,460.070966666667,157375,157463,88
101,25,printf,155,84.07145,303.19495,157492,157614,122
101,0,blank,0,114.1668,271.87035,157644,157705,61
101,27,int,172,124.941783333333,352.418566666667,157736,157920,184
101,0,blank,0,69.26535,431.957733333333,157920,158103,183
101,0,blank,0,75.7549166666667,466.971166666667,158103,158279,176
101,0,blank,0,59.91105,464.5749,158279,158338,59
101,0,blank,0,269.1125,288.833366666667,158396,158571,175
101,23,"\nTheelementfoundat%dlocation",147,326.578616666667,267.31385,158571,158749,178
101,0,blank,0,155.160733333333,379.7327,158749,158930,181
101,0,blank,0,8.91461666666667,458.260366666667,158989,159165,176
101,0,blank,0,20.7192333333333,505.123283333333,159165,159341,176
101,0,blank,0,-3.36200000000002,467.3932,159341,159371,30
101,0,blank,0,8.68258333333334,508.18375,159401,159582,181
101,35,else,193,46.3000333333333,513.611583333333,159582,159761,179
101,0,blank,0,42.0129666666667,461.397616666667,159761,159937,176
101,35,else,193,83.13135,517.33965,159937,159996,59
101,33,return,189,90.2523,470.95915,160026,160202,176
101,0,blank,0,91.9131,464.727466666667,160202,160377,175
101,0,blank,0,56.5927,412.9467,160377,160406,29
101,0,blank,0,89.2716,511.8439,160435,160465,30
101,0,blank,0,-323,-105,160494,160624,130
101,0,blank,0,-323,-105,160624,160821,197
101,0,blank,0,172.84658,327.39246,160900,161077,177
101,0,blank,0,178.9126,328.574516666667,161077,161251,174
101,0,blank,0,202.6797,230.8189,161251,161280,29
101,0,blank,0,207.3278,413.4662,161310,161339,29
101,0,blank,0,195.4433,280.531,161369,161402,33
101,27,array,165,197.0401,342.97655,161431,161547,116
101,0,blank,0,81.6480333333333,452.210283333333,161576,161752,176
101,33,return,189,104.6496,479.9664,161781,161957,176
101,0,blank,0,113.821866666667,464.924133333333,161957,162133,176
101,33,return,189,112.226116666667,473.591616666667,162133,162309,176
101,33,return,189,113.194,479.023483333333,162309,162489,180
101,0,blank,0,161.864916666667,453.480766666667,162489,162667,178
101,33,size,190,178.818783333333,478.086266666667,162667,162843,176
101,33,size,190,161.29655,480.41425,162843,162902,59
101,33,return,189,115.5839,476.352633333333,162961,163138,177
101,31,(,180,81.67405,427.1546,163138,163198,60
101,0,blank,0,-323,-105,163228,163335,107
101,0,blank,0,-323,-105,163335,163489,154
101,0,blank,0,111.8844,491.60245,163689,163869,180
101,33,return,189,114.641766666667,480.241583333333,163869,164048,179
101,0,blank,0,127.139733333333,497.131933333333,164048,164231,183
101,0,blank,0,76.3084166666667,496.96105,164231,164410,179
101,0,blank,0,59.8231833333333,497.625983333333,164410,164589,179
101,0,blank,0,108.635783333333,464.926483333333,164620,164802,182
101,33,return,189,133.929783333333,478.827333333333,164802,164982,180
101,0,blank,0,119.638666666667,496.96125,164982,165163,181
101,33,return,189,124.4841,476.470766666667,165163,165343,180
101,0,blank,0,127.8978,506.4539,165343,165373,30
101,0,blank,0,204.206225,470.7375,165433,165555,122
101,0,blank,0,-323,-105,165586,165768,182
101,0,blank,0,-323,-105,165768,165828,60
101,0,blank,0,129.936533333333,548.750333333333,166033,166220,187
101,0,blank,0,88.0225666666667,446.718283333333,166251,166432,181
101,33,return,189,120.217566666667,482.4549,166432,166618,186
101,35,if,194,108.888383333333,519.994866666667,166618,166803,185
101,0,blank,0,57.4593666666667,481.9454,166803,166981,178
101,0,blank,0,72.8831666666667,490.275733333333,166981,167161,180
101,34,},192,47.01795,496.22165,167161,167220,59
101,0,blank,0,-323,-105,167250,167419,169
101,0,blank,0,110.4774,498.210783333333,167528,167719,191
101,0,blank,0,110.0817,463.59015,167780,167967,187
101,0,blank,0,112.241883333333,488.543233333333,167967,168143,176
101,33,return,189,118.881333333333,483.4156,168143,168321,178
101,0,blank,0,109.756916666667,468.514833333333,168321,168498,177
101,0,blank,0,112.79722,494.04138,168498,168646,148
101,0,blank,0,-323,-105,168676,168871,195
101,0,blank,0,114.8779,502.3786,169002,169027,25
101,0,blank,0,116.614133333333,508.8764,169084,169261,177
101,0,blank,0,117.155866666667,519.406133333333,169261,169441,180
101,0,blank,0,112.045516666667,537.836433333333,169469,169648,179
101,35,else,193,65.2409666666667,513.888416666667,169648,169827,179
101,0,blank,0,47.7960666666667,532.307083333333,169827,170008,181
101,38,},204,45.6268666666667,588.642283333333,170008,170185,177
101,39,else,205,63.37195,605.8627,170185,170367,182
101,37,return,201,94.3799333333333,568.491266666667,170367,170548,181
101,0,blank,0,128.4462,600.108583333333,170548,170727,179
101,0,blank,0,136.0119,610.584166666667,170727,170903,176
101,0,blank,0,138.326225,596.28855,170903,171022,119
101,35,size,196,144.11405,528.53805,171052,171111,59
101,0,blank,0,-323,-105,171141,171329,188
101,0,blank,0,97.57895,600.372866666667,171503,171673,170
101,0,blank,0,96.62732,591.95424,171673,171820,147
101,0,blank,0,-323,-105,171880,172048,168
101,0,blank,0,-323,-105,172182,172220,38
101,33,return,189,109.96055,486.674916666667,172246,172418,172
101,0,blank,0,91.6854166666667,592.475933333333,172418,172593,175
101,0,blank,0,87.3842666666667,588.721366666667,172593,172770,177
101,0,blank,0,101.333516666667,600.005,172770,172946,176
101,0,blank,0,38.3729666666667,583.127166666667,172946,173123,177
101,0,blank,0,39.99495,606.224383333333,173123,173299,176
101,0,blank,0,41.3864666666667,610.54325,173299,173475,176
101,0,blank,0,58.4568,625.0252,173475,173594,119
101,0,blank,0,69.15026,581.68148,173623,173771,148
101,0,blank,0,71.1602333333333,567.205966666667,173801,173889,88
101,0,blank,0,-323,-105,173918,174098,180
101,39,else,205,54.5806,601.593183333333,174147,174332,185
101,0,blank,0,31.1151833333333,602.4936,174332,174510,178
101,0,blank,0,28.7139666666667,598.3065,174510,174687,177
101,0,blank,0,38.5698833333333,599.149983333333,174687,174862,175
101,0,blank,0,69.6089666666667,587.808266666667,174862,175040,178
101,0,blank,0,107.5305,621.6135,175040,175069,29
101,0,blank,0,122.85225,596.738733333333,175129,175303,174
101,0,blank,0,162.8365,626.0809,175303,175391,88
101,0,blank,0,-323,-105,175449,175626,177
101,0,blank,0,-323,-105,175626,175704,78
101,0,blank,0,147.320228571429,600.3779,175733,175929,196
101,0,blank,0,150.836683333333,553.323183333333,175929,176105,176
101,0,blank,0,175.324166666667,608.971166666667,176134,176309,175
101,0,blank,0,116.166766666667,609.656833333333,176309,176485,176
101,0,blank,0,126.702666666667,600.01085,176485,176661,176
101,0,blank,0,86.82,622.7733,176661,176839,178
101,41,return,207,90.0081666666667,655.017183333333,176839,177015,176
101,0,blank,0,74.2980333333333,652.0214,177015,177194,179
101,0,blank,0,96.28115,633.44285,177194,177376,182
101,0,blank,0,101.792183333333,637.4563,177376,177559,183
101,0,blank,0,81.0868333333333,628.757033333333,177559,177737,178
101,0,blank,0,62.7356833333333,627.437816666667,177737,177920,183
101,0,blank,0,24.2711333333333,675.520083333333,177920,178102,182
101,0,blank,0,-2.08957500000001,679.043,178102,178223,121
101,0,blank,0,59.8991166666667,746.172866666667,178253,178431,178
101,0,blank,0,100.642416666667,753.611166666667,178431,178613,182
101,0,blank,0,141.7539,730.050325,178613,178734,121
101,0,blank,0,26.9556,720.812283333333,178766,178946,180
101,0,blank,0,16.8854333333333,714.836233333333,178946,179036,90
101,0,blank,0,46.6504333333333,568.346916666667,179065,179245,180
101,0,blank,0,84.7130333333333,505.9074,179245,179423,178
101,0,blank,0,91.8068333333333,451.481883333333,179423,179604,181
101,31,array,181,122.99935,438.22175,179604,179720,116
101,0,blank,0,153.00875,767.7904,179779,179838,59
101,0,blank,0,162.8558,708.54945,179897,180073,176
101,0,blank,0,217.01535,741.166783333333,180073,180248,175
101,0,blank,0,251.029966666667,726.49355,180248,180427,179
101,0,blank,0,163.635616666667,495.6706,180487,180669,182
101,0,blank,0,178.32,517.054,180669,180698,29
101,0,blank,0,52.3689,467.9741,180728,180906,178
101,0,blank,0,38.5942666666667,453.136066666667,180906,181059,153
101,0,blank,0,37.9095,427.4875,181059,181154,95
101,31,if,179,63.241,423.2891,181154,181261,107
101,0,blank,0,112.5628,371.048466666667,181318,181515,197
101,0,blank,0,40.4543,446.61865,181515,181636,121
101,0,blank,0,-323,-105,181696,181836,140
101,0,blank,0,68.0664,489.205766666667,181972,182051,79
101,0,blank,0,58.960875,495.33255,182080,182199,119
101,0,blank,0,120.105066666667,753.703733333333,182228,182403,175
101,0,blank,0,122.613266666667,735.289183333333,182403,182579,176
101,0,blank,0,137.7936,735.206883333333,182579,182755,176
101,0,blank,0,232.88065,726.960533333333,182755,182932,177
101,0,blank,0,215.701,732.8011,182932,182961,29
101,0,blank,0,219.780016666667,750.217616666667,183021,183199,178
101,0,blank,0,153.3208,738.256316666667,183199,183377,178
101,0,blank,0,171.70245,755.987816666667,183377,183555,178
101,0,blank,0,221.308666666667,743.120466666667,183555,183731,176
101,0,blank,0,157.9673,725.8399,183731,183849,118
101,0,blank,0,175.01862,741.79874,183879,184052,173
101,0,blank,0,167.4325,736.169033333333,184052,184230,178
101,0,blank,0,195.930066666667,735.817733333333,184230,184413,183
101,0,blank,0,308.950833333333,714.908466666667,184413,184591,178
101,0,blank,0,410.4152,713.709433333333,184591,184768,177
101,0,blank,0,452.63236,725.51092,184768,184914,146
101,0,blank,0,481.75605,725.198,184973,185031,58
101,0,blank,0,261.131933333333,753.220766666667,185090,185265,175
101,0,blank,0,155.84815,737.314583333333,185323,185499,176
101,0,blank,0,56.7515833333333,743.990566666667,185529,185704,175
101,0,blank,0,45.1763,732.9709,185704,185734,30
101,0,blank,0,135.299816666667,739.852516666667,185792,185968,176
101,0,blank,0,133.1162,723.85555,185968,186027,59
101,0,blank,0,176.275383333333,756.364866666667,186086,186263,177
101,0,blank,0,214.4449,750.5853,186263,186292,29
101,0,blank,0,-323,-105,186351,186508,157
101,0,blank,0,234.468,727.9557,186653,186673,20
101,25,"\nTheelementisnotfound",157,116.24632,303.58106,186749,186895,146
101,21,index,132,68.4503333333333,211.093066666667,186924,187100,176
101,22,index,141,89.23715,236.60865,187100,187159,59
101,0,blank,0,282.627683333333,747.505783333333,187217,187393,176
101,0,blank,0,330.34882,778.39218,187393,187541,148
101,0,blank,0,365.01555,741.055833333333,187600,187778,178
101,0,blank,0,399.766283333333,735.978783333333,187836,188015,179
101,0,blank,0,398.692233333333,727.8345,188015,188192,177
101,0,blank,0,359.7105,742.092133333333,188192,188371,179
101,0,blank,0,298.952766666667,710.964766666667,188431,188521,90
101,0,blank,0,195.320833333333,397.85915,188550,188731,181
101,19,"\nEnterthekeytosearch:",115,190.622966666667,166.759033333333,188762,188852,90
101,19,"\nEnterthekeytosearch:",115,177.5255,162.5665,188912,189004,92
101,14,size,85,210.704966666667,55.6586666666667,189034,189215,181
101,16,rand,96,214.321,102.57384,189215,189364,149
101,0,blank,0,418.975966666667,752.8252,189424,189604,180
101,0,blank,0,400.55065,717.779575,189604,189723,119
101,33,return,189,109.11956,485.22304,189840,189988,148
101,31,array,181,116.35505,436.69415,190018,190196,178
101,0,blank,0,172.274,391.289916666667,190196,190374,178
101,0,blank,0,224.276683333333,369.22615,190374,190552,178
101,0,blank,0,248.39818,364.28524,190552,190699,147
101,0,blank,0,437.83915,722.375483333333,190729,190908,179
101,0,blank,0,445.878133333333,735.317683333333,190908,191087,179
101,0,blank,0,456.613583333333,731.127383333333,191087,191263,176
101,0,blank,0,475.863233333333,722.650983333333,191263,191440,177
101,0,blank,0,482.401933333333,723.658966666667,191440,191618,178
101,0,blank,0,484.110983333333,721.5861,191618,191795,177
101,0,blank,0,485.37195,738.3842,191795,191972,177
101,0,blank,0,485.068475,721.715775,191972,192089,117
101,0,blank,0,-323,-105,192148,192305,157
101,0,blank,0,473.83084,722.84644,192481,192620,139
101,0,blank,0,298.194166666667,728.663783333333,192650,192826,176
101,0,blank,0,323.3138,765.7828,192826,192855,29
101,0,blank,0,207.728416666667,553.935733333333,192914,193090,176
101,0,blank,0,82.8590333333333,640.873666666667,193119,193296,177
101,0,blank,0,79.1527166666666,652.070266666667,193296,193470,174
101,0,blank,0,84.9746666666667,714.552083333333,193470,193646,176
101,0,blank,0,165.49005,723.0626,193646,193705,59
101,0,blank,0,195.7473,785.7205,193764,193793,29
101,0,blank,0,105.046525,737.72705,193823,193941,118
101,0,blank,0,143.73035,753.15045,193999,194180,181
101,0,blank,0,146.0431,726.324716666667,194180,194358,178
101,0,blank,0,187.196516666667,747.596633333333,194358,194535,177
101,0,blank,0,227.445866666667,746.584333333333,194535,194714,179
101,0,blank,0,224.9364,741.148525,194714,194832,118
101,0,blank,0,-323,-105,194891,195057,166
101,0,blank,0,163.9615,707.088057142857,195203,195402,199
101,0,blank,0,147.359466666667,735.398616666667,195432,195608,176
101,0,blank,0,144.538,760.393183333333,195608,195782,174
101,0,blank,0,128.34725,755.6665,195782,195841,59
101,25,"\nTheelementisnotfound",157,172.392466666667,311.134216666667,195899,196075,176
101,21,search,128,128.327783333333,223.76325,196075,196251,176
101,0,blank,0,122.714316666667,144.47345,196251,196428,177
101,19,(,114,107.260816666667,177.5001,196428,196603,175
101,21,index,132,59.1384166666667,207.902316666667,196603,196780,177
101,24,else,154,60.6997333333333,270.782183333333,196780,196958,178
101,23,printf,145,48.9209333333333,257.097,196958,197137,179
101,0,blank,0,28.2682666666667,233.99295,197137,197322,185
101,24,else,154,52.9999333333333,284.5257,197322,197499,177
101,23,printf,145,79.129925,252.745975,197499,197618,119
101,0,blank,0,260.85905,714.483566666667,197736,197913,177
101,0,blank,0,287.995366666667,745.424333333333,197913,198090,177
101,0,blank,0,213.560366666667,735.001883333333,198090,198266,176
101,0,blank,0,205.86,746.403833333333,198266,198355,89
101,0,blank,0,-323,-105,198384,198539,155
101,0,blank,0,-323,-105,198539,198661,122
101,0,blank,0,164.762414285714,741.576871428572,198846,199042,196
101,0,blank,0,235.1518,729.009133333333,199042,199217,175
101,0,blank,0,226.764533333333,729.381516666667,199217,199390,173
101,41,location,209,202.008266666667,659.068033333333,199390,199478,88
101,0,blank,0,227.48645,718.53665,199506,199679,173
101,0,blank,0,258.657416666667,722.345283333333,199679,199853,174
101,0,blank,0,259.10925,719.613116666667,199853,200024,171
101,0,blank,0,251.27274,742.49634,200024,200168,144
101,0,blank,0,163.35965,747.916833333333,200225,200398,173
101,0,blank,0,66.6489833333333,732.416133333333,200398,200572,174
101,0,blank,0,67.228,737.17195,200572,200688,116
101,0,blank,0,248.939716666667,731.763916666667,200717,200893,176
101,0,blank,0,258.224733333333,728.990733333333,200893,201065,172
101,0,blank,0,269.799583333333,727.479583333333,201065,201240,175
101,0,blank,0,278.808375,729.296525,201240,201380,140
101,0,blank,0,82.5266,647.3803,201452,201540,88
101,39,else,205,50.5522,614.808,201540,201712,172
101,0,blank,0,74.62404,686.20078,201712,201884,172
101,0,blank,0,90.82055,763.1746,201884,201942,58
101,0,blank,0,79.0341,-103.9898,201971,202000,29
101,0,blank,0,99.9838833333333,689.508783333333,202029,202205,176
101,0,blank,0,75.8010333333333,635.735883333333,202205,202382,177
101,0,blank,0,72.0481333333333,631.779383333333,202382,202558,176
101,0,blank,0,127.998866666667,749.4572,202558,202646,88
101,0,blank,0,124.819966666667,737.469783333333,202675,202851,176
101,0,blank,0,130.197633333333,729.152916666667,202851,203025,174
101,0,blank,0,163.8555,749.2331,203025,203053,28
101,0,blank,0,169.248866666667,767.429783333333,203141,203317,176
101,0,blank,0,218.66355,718.574133333333,203317,203492,175
101,0,blank,0,248.332266666667,736.70525,203492,203666,174
101,0,blank,0,266.134966666667,744.89545,203666,203841,175
101,0,blank,0,260.36286,736.86948,203841,203987,146
101,0,blank,0,264.137483333333,734.7904,204047,204220,173
101,0,blank,0,298.034733333333,714.9232,204220,204398,178
101,0,blank,0,342.7792,752.24906,204398,204543,145
101,0,blank,0,289.40395,747.4636,204603,204779,176
101,0,blank,0,-323,-105,204809,204991,182
101,0,blank,0,-323,-105,204991,205183,192
101,0,blank,0,-323,-105,205183,205266,83
101,0,blank,0,379.160166666667,690.513366666667,205337,205520,183
101,0,blank,0,373.730016666667,685.057716666667,205520,205694,174
101,0,blank,0,398.596375,697.24795,205694,205835,141
101,0,blank,0,371.19285,701.95255,205835,206025,190
101,0,blank,0,521.22345,695.908733333333,206025,206196,171
101,0,blank,0,518.788683333333,686.980683333333,206224,206399,175
101,0,blank,0,511.225,653.8326,206399,206428,29
101,0,blank,0,518.633616666667,668.992366666667,206486,206662,176
101,0,blank,0,603.165766666667,644.05585,206720,206897,177
101,0,blank,0,623.621483333333,667.519416666667,206897,207073,176
101,0,blank,0,618.558133333333,683.150916666667,207073,207249,176
101,0,blank,0,444.16434,693.08098,207279,207428,149
101,0,blank,0,446.0821,701.419033333333,207457,207634,177
101,0,blank,0,439.60255,692.2858,207634,207811,177
101,0,blank,0,436.5526,684.494866666667,207811,207900,89
101,0,blank,0,495.625716666667,711.2853,207930,208108,178
101,0,blank,0,531.8875,626.08555,208108,208167,59
101,0,blank,0,-323,-105,208226,208383,157
101,0,blank,0,-323,-105,208383,208433,50
101,0,blank,0,384.890583333333,672.342216666667,208630,208806,176
101,0,blank,0,347.49416,690.7693,208806,208954,148
101,41,size,215,423.180266666667,659.4999,209013,209190,177
101,41,size,215,440.4382,645.45465,209190,209248,58
101,0,blank,0,441.9514,691.57955,209277,209335,58
101,0,blank,0,480.2014,577.5703,209365,209394,29
101,0,blank,0,414.3299,689.3628,209424,209482,58
101,0,blank,0,453.298,712.6788,209541,209570,29
101,41,key,219,521.0988,655.36055,209629,209688,59
101,0,blank,0,537.7095,670.62585,209747,209808,61
101,0,blank,0,532.0629,685.15825,209835,209893,58
101,41,key,219,537.231,657.3906,209953,209982,29
101,0,blank,0,538.9006,668.175366666667,210041,210130,89
101,0,blank,0,518.56145,690.615966666667,210160,210336,176
101,0,blank,0,510.92265,694.435716666667,210336,210513,177
101,41,),221,546.981866666667,661.733116666667,210513,210689,176
101,0,blank,0,537.712025,680.8985,210689,210806,117
101,0,blank,0,-323,-105,210836,211017,181
101,0,blank,0,-323,-105,211017,211142,125
101,0,blank,0,-323,-105,211142,211324,182
101,0,blank,0,446.460866666667,727.60585,211367,211557,190
101,0,blank,0,434.765483333333,738.736666666667,211557,211730,173
101,0,blank,0,423.98735,665.7452,211730,211788,58
101,0,blank,0,460.761125,717.6824,211817,211934,117
101,41,size,215,445.22075,645.85235,211992,212050,58
101,0,blank,0,477.5691,703.0561,212079,212138,59
101,0,blank,0,479.43895,735.554566666667,212196,212370,174
101,0,blank,0,503.2119,742.70628,212370,212515,145
101,0,blank,0,487.632966666667,715.915916666667,212574,212746,172
101,0,blank,0,491.6371,731.881783333333,212746,212921,175
101,0,blank,0,488.6661,717.302,212921,212978,57
101,0,blank,0,438.9398,621.821,213007,213036,29
101,0,blank,0,399.0198,715.418433333333,213124,213301,177
101,0,blank,0,402.482466666667,722.39275,213301,213476,175
101,0,blank,0,401.375275,743.10195,213476,213595,119
101,0,blank,0,388.689825,738.693925,213653,213770,117
101,0,blank,0,370.62415,679.768,213888,213946,58
101,0,blank,0,415.766366666667,737.90215,213975,214150,175
101,0,blank,0,417.64085,731.666983333333,214150,214325,175
101,0,blank,0,416.903,710.48035,214325,214500,175
101,0,blank,0,416.660833333333,706.2069,214500,214676,176
101,0,blank,0,406.6864,633.41675,214676,214735,59
101,0,blank,0,416.41265,720.95495,214765,214943,178
101,0,blank,0,417.3264,722.0598,214943,214972,29
101,0,blank,0,-323,-105,215002,215180,178
101,0,blank,0,-323,-105,215180,215232,52
101,0,blank,0,378.16375,715.854216666667,215445,215642,197
101,0,blank,0,383.69715,711.438333333333,215642,215817,175
101,0,blank,0,372.64394,699.33458,215817,215992,175
101,0,blank,0,410.3444,755.0609,215992,216021,29
101,0,blank,0,422.280775,684.236075,216080,216198,118
101,0,blank,0,421.32105,675.498825,216228,216345,117
101,0,blank,0,422.28255,707.23365,216375,216434,59
101,0,blank,0,-323,-105,216463,216623,160
101,0,blank,0,-323,-105,216623,216674,51
101,0,blank,0,432.8591,757.015314285714,216916,217111,195
101,0,blank,0,412.935483333333,729.797466666667,217111,217289,178
101,0,blank,0,366.47236,688.29918,217289,217435,146
101,0,blank,0,398.813825,708.45455,217523,217640,117
101,41,array,213,385.3705,653.405,217670,217758,88
101,0,blank,0,-323,-105,217787,217971,184
101,0,blank,0,-323,-105,217971,218052,81
101,0,blank,0,-323,-105,218052,218232,180
101,0,blank,0,-323,-105,218232,218325,93
101,41,key,219,531.3752,662.73048,218387,218581,194
101,0,blank,0,525.3151,604.2079,218581,218668,87
101,0,blank,0,510.243233333333,702.7072,218698,218786,88
101,0,blank,0,520.4214,634.0054,218815,218845,30
101,0,blank,0,399.5514,555.5886,218904,218933,29
101,41,array,213,381.311316666667,659.764833333333,218963,219140,177
101,0,blank,0,445.091283333333,598.745833333333,219140,219314,174
101,0,blank,0,468.99256,627.32986,219314,219487,173
101,41,key,219,522.110833333333,648.440716666667,219487,219663,176
101,0,blank,0,514.334,608.14215,219663,219722,59
101,0,blank,0,309.1821,429.5551,219811,219928,117
101,0,blank,0,292.971275,277.9556,219987,220109,122
101,21,1,134,336.345816666667,217.165583333333,220138,220323,185
101,23,"\nTheelementfoundat%dlocation",147,310.0394,249.4927,220323,220353,30
101,0,blank,0,354.4077,199.7393,220523,220554,31
101,0,blank,0,370.339575,198.624825,220584,220704,120
101,23,"\nTheelementfoundat%dlocation",147,331.714,260.9317,220794,220827,33
101,0,blank,0,351.42716,276.9282,220855,221027,172
101,0,blank,0,325.2723,288.3641,221027,221085,58
101,0,blank,0,346.291,141.7062,221111,221139,28
101,0,blank,0,358.03008,244.3454,221168,221311,143
101,0,blank,0,-323,-105,221368,221561,193
101,0,blank,0,-323,-105,221561,221610,49
101,0,blank,0,379.1,313.55015,221693,221765,72
101,0,blank,0,335.5418,270.0334,221765,221934,169
101,0,blank,0,361.4633,245.74335,221934,222110,176
101,23,"\nTheelementfoundat%dlocation",147,321.203166666667,248.214233333333,222110,222200,90
101,0,blank,0,344.7333,286.8528,222229,222287,58
101,17,i,108,284.7705,135.0835,222314,222343,29
101,0,blank,0,355.6536,269.22755,222374,222433,59
101,21,list,130,207.90335,206.689016666667,222546,222730,184
101,21,list,130,196.4945,210.53362,222760,222907,147
101,0,blank,0,359.89315,215.6715,222967,223025,58
101,0,blank,0,392.6404,276.2527,223086,223116,30
101,0,blank,0,-323,-105,223174,223333,159
101,0,blank,0,361.80362,282.72604,223486,223662,176
101,0,blank,0,350.4177,133.1003,223662,223691,29
101,0,blank,0,388.9094,312.9306,223724,223753,29
101,0,blank,0,256.8267,194.163933333333,223928,224021,93
101,21,index,132,284.7348,203.8466,224051,224080,29
101,0,blank,0,265.1965,233.9724,224109,224138,29
101,0,blank,0,246.7385,370.929766666667,224167,224255,88
101,0,blank,0,230.848833333333,279.013933333333,224281,224371,90
101,0,blank,0,227.39324,358.48872,224400,224551,151
101,27,int,172,246.0416,351.3098,224610,224639,29
101,0,blank,0,242.209933333333,373.198516666667,224698,224878,180
101,0,blank,0,309.509375,364.014625,224878,224996,118
101,0,blank,0,-323,-105,225115,225293,178
101,0,blank,0,193.0391,454.2976,225567,225608,41
101,0,blank,0,191.071075,446.54305,225672,225788,116
101,0,blank,0,224.713583333333,436.86225,225846,226026,180
101,0,blank,0,240.4805,457.379525,226026,226203,177
101,0,blank,0,214.458,494.0487,226203,226233,30
101,0,blank,0,226.1855,553.42,226296,226325,29
101,0,blank,0,228.29854,484.04794,226358,226533,175
101,0,blank,0,198.84935,434.189525,226533,226650,117
101,0,blank,0,208.655,531.0154,226679,226740,61
101,0,blank,0,234.446833333333,345.284566666667,226770,226866,96
101,0,blank,0,225.275366666667,477.639833333333,226896,226984,88
101,0,blank,0,-323,-105,227014,227212,198
101,0,blank,0,-323,-105,227212,227329,117
101,0,blank,0,-323,-105,227329,227424,95
101,0,blank,0,246.449383333333,517.376566666667,227460,227635,175
101,0,blank,0,266.16865,464.951,227635,227698,63
101,0,blank,0,248.64202,563.22978,227727,227874,147
101,0,blank,0,243.02438,549.22212,227904,228058,154
101,25,"\nTheelementisnotfound",157,252.9058,292.2468,228088,228117,29
101,0,blank,0,242.6229,529.5854,228268,228297,29
101,0,blank,0,236.68985,417.37475,228326,228384,58
101,0,blank,0,260.839633333333,479.683633333333,228414,228502,88
101,0,blank,0,245.8825,489.370883333333,228565,228745,180
101,0,blank,0,253.6223,550.4217,228745,228775,30
101,0,blank,0,224.201833333333,391.0095,228804,228895,91
101,0,blank,0,252.4152,521.6659,228925,228956,31
101,0,blank,0,-323,-105,228986,229144,158
101,0,blank,0,290.4525,428.7086,229223,229313,90
101,0,blank,0,268.78605,395.127216666667,229431,229610,179
101,0,blank,0,263.5025,410.3963,229610,229641,31
101,41,size,215,425.8406,651.3264,229733,229763,30
101,0,blank,0,455.5305,550.9208,229825,229855,30
101,0,blank,0,508.6291,576.7409,229917,229952,35
101,0,blank,0,544.114083333333,682.15015,230018,230202,184
101,0,blank,0,517.6432,593.96675,230291,230350,59
101,41,),221,551.65076,647.78854,230442,230591,149
101,0,blank,0,521.9921,478.1297,230621,230650,29
101,0,blank,0,546.1299,536.8477,230680,230709,29
101,0,blank,0,-323,-105,230769,230909,140
101,0,blank,0,-323,-105,230909,230980,71
101,0,blank,0,-323,-105,230980,231326,346
101,0,blank,0,-323,-105,231326,231543,217
101,0,blank,0,-323,-105,231543,231713,170
101,0,blank,0,532.44645,666.974133333333,232219,232397,178
101,0,blank,0,567.3938,629.21665,232397,232456,59
101,0,blank,0,-323,-105,232546,232708,162
101,0,blank,0,-323,-105,232708,232863,155
101,0,blank,0,-323,-105,232863,233038,175
101,0,blank,0,436.56165,753.24155,233069,233195,126
101,0,blank,0,231.7261,441.757525,233253,233370,117
101,0,blank,0,196.9852,444.6998,233400,233433,33
101,0,blank,0,395.002416666667,692.848616666667,233493,233670,177
101,0,blank,0,412.23435,722.8979,233670,233845,175
101,0,blank,0,437.135983333333,743.25595,233845,234019,174
101,0,blank,0,446.519,710.9545,234019,234049,30
101,0,blank,0,435.938933333333,721.976783333333,234108,234287,179
101,0,blank,0,431.057833333333,719.522783333333,234287,234464,177
101,0,blank,0,424.203816666667,733.192116666667,234464,234639,175
101,0,blank,0,425.926416666667,719.8458,234639,234818,179
101,0,blank,0,413.62235,750.6519,234818,234878,60
101,0,blank,0,431.153533333333,731.6391,234938,235117,179
101,0,blank,0,407.4707,700.7827,235117,235176,59
101,0,blank,0,206.0626,406.431,235206,235236,30
101,0,blank,0,167.661033333333,407.316383333333,235265,235441,176
101,33,return,189,142.20855,481.65145,235441,235616,175
101,33,return,189,136.88546,476.14006,235616,235793,177
101,33,return,189,129.077325,483.59125,235793,235910,117
101,0,blank,0,108.1793,409.9197,235969,235998,29
101,0,blank,0,131.2198,448.99425,236028,236204,176
101,29,location,177,122.7397,392.8218,236204,236234,30
101,0,blank,0,139.203616666667,587.4088,236263,236440,177
101,0,blank,0,113.533916666667,581.857183333333,236440,236619,179
101,0,blank,0,127.806816666667,605.425033333333,236619,236794,175
101,37,return,201,131.350083333333,568.872966666667,236794,236969,175
101,0,blank,0,121.535275,580.809525,236969,237087,118
101,0,blank,0,54.5682833333333,599.716,237116,237298,182
101,0,blank,0,60.1021333333333,598.56595,237298,237472,174
101,0,blank,0,88.3701666666667,582.809716666667,237472,237646,174
101,37,return,201,116.5132,568.347366666667,237646,237821,175
101,0,blank,0,147.928166666667,610.2341,237821,237998,177
101,0,blank,0,108.070933333333,636.492233333333,237998,238176,178
101,41,return,207,108.4328,655.652833333333,238205,238294,89
101,0,blank,0,99.6073833333333,624.44055,238323,238499,176
101,0,blank,0,106.405766666667,547.432266666667,238499,238590,91
101,0,blank,0,-323,-105,238620,238802,182
101,0,blank,0,-323,-105,238802,238886,84
101,38,},204,49.1784,592.0273,238942,238978,36
101,0,blank,0,75.1572,624.4442,239037,239068,31
101,0,blank,0,-2.08798333333332,686.100116666667,239127,239307,180
101,0,blank,0,40.4304833333333,713.155883333333,239307,239480,173
101,0,blank,0,78.7104,729.31675,239480,239654,174
101,0,blank,0,143.974125,719.9132,239654,239773,119
101,0,blank,0,164.428416666667,737.185166666667,239831,240008,177
101,0,blank,0,160.449716666667,739.148366666667,240008,240184,176
101,0,blank,0,171.096833333333,748.542166666667,240184,240273,89
101,0,blank,0,941.784833333333,498.192516666667,240364,240544,180
101,0,blank,0,917.170666666667,506.258433333333,240544,240635,91
101,0,blank,0,241.124,694.143083333333,240695,240874,179
101,0,blank,0,272.051033333333,700.501216666667,240874,241054,180
101,0,blank,0,432.9238,749.12165,241054,241116,62
101,0,blank,0,413.0378,737.148033333333,241145,241324,179
101,0,blank,0,393.6352,709.991733333333,241324,241414,90
101,23,"\nTheelementfoundat%dlocation",147,219.07206,258.4052,241472,241615,143
101,0,blank,0,985.151166666667,461.1294,241706,241887,181
101,0,blank,0,989.809166666667,458.800983333333,241887,242064,177
101,0,blank,0,986.239333333333,486.429766666667,242064,242191,127
101,0,blank,0,963.037,500.0831,242191,242297,106
101,0,blank,0,997.986,455.28505,242297,242491,194
101,0,blank,0,998.746166666667,458.41555,242491,242682,191
101,0,blank,0,991.2635,455.6725,242682,242861,179
101,0,blank,0,987.096833333333,441.803883333333,242861,243039,178
101,0,blank,0,1000.7798,452.10154,243039,243188,149
102,0,blank,0,1005.68483333333,40.80935,243642,243824,182
102,0,blank,0,1021.654,37.309,243824,243885,61
102,0,blank,0,1002.0175,282.000933333333,243915,244098,183
102,0,blank,0,1017.958,254.479366666667,244098,244282,184
102,0,blank,0,1012.304,273.7369,244282,244325,43
102,0,blank,0,-323,-105,244408,244607,199
102,0,blank,0,-323,-105,244607,244784,177
102,0,blank,0,-323,-105,244784,244957,173
102,0,blank,0,-323,-105,244957,245140,183
102,0,blank,0,-323,-105,245140,245260,120
102,0,blank,0,-323,-105,245260,245368,108
102,0,blank,0,-323,-105,245368,245501,133
102,0,blank,0,-323,-105,245501,245639,138
102,0,blank,0,-323,-105,245639,245880,241
102,0,blank,0,-323,-105,245880,246050,170
102,0,blank,0,-323,-105,246050,246307,257
102,0,blank,0,-323,-105,246307,246562,255
102,0,blank,0,-323,-105,246562,246711,149
102,0,blank,0,-323,-105,246711,246910,199
102,0,blank,0,-323,-105,246910,247111,201
102,0,blank,0,-323,-105,247111,247327,216
102,0,blank,0,-323,-105,247327,247742,415
102,0,blank,0,-323,-105,247742,247805,63
102,0,blank,0,-323,-105,247805,248275,470
102,0,blank,0,-323,-105,248275,248550,275
102,0,blank,0,-323,-105,248550,249147,597
102,22,index,141,96.4016833333333,475.604016666667,249253,249427,174
102,22,index,141,94.8909333333334,478.081916666667,249427,249598,171
102,22,index,141,79.3374,484.020133333333,249598,249772,174
102,23,printf,145,78.3927333333333,492.1404,249772,249945,173
102,0,blank,0,62.6425,508.159,249945,249974,29
102,0,blank,0,102.64056,457.84612,250004,250147,143
102,0,blank,0,-323,-105,250176,250331,155
102,0,blank,0,119.2177,446.3327,250357,250392,35
102,22,index,141,100.032933333333,476.66405,250477,250659,182
102,23,printf,145,68.03245,504.85555,250659,250834,175
102,23,printf,145,97.6332666666667,505.73025,250834,251007,173
102,23,"\nTheelementfoundat%dlocation",147,153.749385714286,493.755242857143,251007,251206,199
102,23,"\nTheelementfoundat%dlocation",147,200.726766666667,499.5152,251206,251377,171
102,23,"\nTheelementfoundat%dlocation",147,257.316966666667,496.90945,251377,251548,171
102,23,"\nTheelementfoundat%dlocation",147,292.6894,493.468466666667,251548,251720,172
102,0,blank,0,293.655828571429,508.576857142857,251720,251918,198
102,23,"\nTheelementfoundat%dlocation",147,342.215183333333,497.214466666667,251918,252090,172
102,0,blank,0,384.932166666667,515.070583333333,252090,252262,172
102,0,blank,0,433.605671428571,515.932514285714,252262,252461,199
102,0,blank,0,454.23655,523.71635,252461,252634,173
102,23,"\nTheelementfoundat%dlocation",147,461.4055,507.093266666667,252634,252805,171
102,0,blank,0,468.249883333333,508.615616666667,252805,252979,174
102,23,comma,148,480.2566,507.309728571429,252979,253177,198
102,0,blank,0,435.24338,514.32346,253177,253319,142
102,22,!=,142,134.69865,484.531233333333,253348,253520,172
102,22,index,141,122.303,471.925466666667,253520,253693,173
102,22,index,141,112.62355,473.070566666667,253693,253866,173
102,22,index,141,107.664366666667,482.818816666667,253866,254038,172
102,0,blank,0,-323,-105,254066,254245,179
102,0,blank,0,116.5887,449.7881,254271,254296,25
102,22,index,141,83.7094666666667,472.73415,254347,254504,157
102,22,index,141,77.1005285714286,479.087857142857,254533,254732,199
102,23,"\nTheelementfoundat%dlocation",147,156.194142857143,491.079085714286,254732,254930,198
102,23,"\nTheelementfoundat%dlocation",147,235.180566666667,499.73915,254930,255102,172
102,23,"\nTheelementfoundat%dlocation",147,247.963466666667,493.3594,255102,255273,171
102,23,"\nTheelementfoundat%dlocation",147,231.55735,499.885725,255273,255389,116
102,0,blank,0,433.702828571429,521.813485714286,255418,255617,199
102,23,"\nTheelementfoundat%dlocation",147,466.349328571429,499.836742857143,255617,255816,199
102,0,blank,0,468.758333333333,515.584183333333,255816,255990,174
102,23,index,149,484.534033333333,505.269333333333,255990,256163,173
102,0,blank,0,451.410933333333,518.812233333333,256163,256337,174
102,0,blank,0,442.364733333333,509.4696,256337,256510,173
102,23,"\nTheelementfoundat%dlocation",147,449.73385,501.92,256510,256567,57
102,23,"\nTheelementfoundat%dlocation",147,144.28315,503.274816666667,256595,256768,173
102,23,"\nTheelementfoundat%dlocation",147,150.3582,488.62685,256768,256883,115
102,23,printf,145,65.53775,506.82215,256912,257084,172
102,24,else,154,44.11385,516.9247,257084,257257,173
102,0,blank,0,33.38935,532.523316666667,257257,257430,173
102,25,printf,155,45.9077166666667,540.807633333333,257430,257602,172
102,25,printf,155,59.8781333333333,535.359216666667,257602,257774,172
102,0,blank,0,93.5353166666667,557.041316666667,257774,257947,173
102,25,"\nTheelementisnotfound",157,148.800233333333,540.0935,257947,258120,173
102,25,"\nTheelementisnotfound",157,187.79335,541.491133333333,258120,258294,174
102,25,"\nTheelementisnotfound",157,238.871933333333,544.418966666667,258294,258468,174
102,0,blank,0,261.1236,574.832883333333,258468,258640,172
102,0,blank,0,261.553885714286,566.0319,258640,258839,199
102,25,"\nTheelementisnotfound",157,294.974066666667,548.124883333333,258839,259012,173
102,0,blank,0,306.36565,566.311533333333,259012,259186,174
102,0,blank,0,323.3673,570.5228,259186,259245,59
102,0,blank,0,66.8866333333333,555.583433333333,259302,259477,175
102,0,blank,0,90.8752333333333,523.289866666667,259477,259564,87
102,27,int,172,12.3394,589.064733333333,259593,259768,175
102,0,blank,0,0.287316666666669,584.036216666667,259768,259942,174
102,0,blank,0,0.755433333333334,578.320683333333,259942,260117,175
102,0,blank,0,-11.9195666666667,575.084483333333,260117,260292,175
102,0,blank,0,-0.335683333333331,591.414333333333,260292,260465,173
102,0,blank,0,3.94575,572.196,260465,260523,58
102,14,0,81,136.935866666667,299.894516666667,260552,260728,176
102,13,"Printingthelist:\n",74,160.4254,269.588525,260728,260845,117
102,0,blank,0,328.50685,50.2766333333333,260875,261049,174
102,0,blank,0,371.13102,25.69282,261049,261195,146
102,0,blank,0,535.8243,-103.5753,261947,262017,70
102,29,;,178,171.54785,632.4572,262516,262689,173
102,0,blank,0,149.958,591.27715,263037,263229,192
102,0,blank,0,146.3283,530.938633333333,263229,263337,108
